text,top_class,hate_speech,offensive_language,neither
"@zachb1986 do you mean the Vox Machina campaign? If so, yes",neither,0.034629392859089544,0.44303361018897125,0.5223369969519391
@zachb1986 yes and in podcast as well,neither,0.036449730580534946,0.32416450684576953,0.6393857625736955
Sweet!,neither,0.03945320844208391,0.33037608806864915,0.630170703489267
Just go to the CR section of the Geek & Sundry website,neither,0.040069134754804066,0.3238071275288516,0.6361237377163443
It's all on the YouTube channel,neither,0.03617925583911263,0.39088234832067686,0.5729383958402106
yeeeeee,neither,0.03945320844208391,0.33037608806864915,0.630170703489267
HERE WE GO,neither,0.13156755280784707,0.2765461283225309,0.5918863188696221
oh man,neither,0.0497452509521963,0.354443561064239,0.5958111879835646
Hi Erika and Taliesin!,neither,0.038358606956405694,0.2721397086643902,0.6895016843792041
OMG LOOK AT THOSE ARM WARMERS,neither,0.06401799660824112,0.28577625195929285,0.6502057514324661
XD,neither,0.03945320844208391,0.33037608806864915,0.630170703489267
EEEEEEEEEEEEEEEEEEEEEEEEEEEEEEEEEEEEEEEEEEEEEEEEE,neither,0.03945320844208391,0.33037608806864915,0.630170703489267
oh my god,neither,0.030266422441093326,0.38268872444249025,0.5870448531164164
so what's going on here?,neither,0.10670389527558655,0.3763790186885465,0.5169170860358671
LOL,neither,0.020706217963973744,0.4882283491876925,0.4910654328483337
:D,neither,0.03945320844208391,0.33037608806864915,0.630170703489267
O.o,neither,0.03945320844208391,0.33037608806864915,0.630170703489267
boom boom!,neither,0.03945320844208391,0.33037608806864915,0.630170703489267
gonna be a good show tonight!,neither,0.05061750741113807,0.27849816555567797,0.670884327033184
THEY LOOK SO GOOD,neither,0.041023769292472666,0.394453479873441,0.5645227508340864
ahahahahahaa,neither,0.03945320844208391,0.33037608806864915,0.630170703489267
oh wow just saw erika's picture goddamn,neither,0.03971720044022691,0.30813925265005904,0.652143546909714
Oh Tal baby,neither,0.04441784655339249,0.2829787298978117,0.6726034235487958
LIVE.. refresh if you don't see it,neither,0.03667369022677754,0.4179379435758865,0.5453883661973361
y'all adorable dorks,neither,0.04106880903013808,0.3955918468521524,0.5633393441177096
Hey Erika and Taliesin!,neither,0.03823530628758278,0.2638960051144801,0.6978686885979372
PogChamp PogChamp PogChamp PogChamp PogChamp,neither,0.03945320844208391,0.33037608806864915,0.630170703489267
lol,neither,0.020706217963973744,0.4882283491876925,0.4910654328483337
Erika is pure evil,neither,0.048017589532995335,0.32743040468662954,0.6245520057803752
"those arm warmers, sweetie",neither,0.06118611810803902,0.2682764736703092,0.6705374082216518
His gloves tho,neither,0.061217818086979715,0.34195092412367606,0.5968312577893441
oh hi,neither,0.04645180976672622,0.26453612080258093,0.689012069430693
you're all too cute,neither,0.11304597431224386,0.4234133591422025,0.46354066654555354
Don't forget to visit Star Trek Online and support Shield of Tomorrow! www.StarTrekOnline.com/ShieldofTomorrow,neither,0.05687602105656693,0.30425729811326435,0.6388666808301687
geez...,neither,0.03945320844208391,0.33037608806864915,0.630170703489267
love it already,neither,0.0321305707971796,0.37605505309152937,0.5918143761112911
"@zachb1986 all episodes are uploaded the monday after they air, but they're unlisted for a few weeks, so check the G&S website to make sure you've caught em all",neither,0.04482695297573997,0.41143275680050023,0.5437402902237597
<3 <3 <3,neither,0.03945320844208391,0.33037608806864915,0.630170703489267
I miss Talisin's undercut,neither,0.02789410451089843,0.33435179396025927,0.6377541015288424
gandsSubHype gandsSubHype gandsSubHype gandsSubHype gandsSubHype,neither,0.03945320844208391,0.33037608806864915,0.630170703489267
I love Erika's Dress OMG!,neither,0.036206306219024105,0.3455464264819386,0.6182472672990372
THis is great,neither,0.049196619522103385,0.2924512674041193,0.6583521130737773
a murder,neither,0.03945320844208391,0.33037608806864915,0.630170703489267
ThE GLOVES,neither,0.038372653207642965,0.3105039192898759,0.6511234275024811
hey yall,neither,0.0373829100190767,0.36551445535541816,0.5971026346255053
ennui of goth LOL,neither,0.03090522014057263,0.39299821386397743,0.57609656599545
jcvimHi erika jcvimHi Taliesin,neither,0.03945320844208391,0.33037608806864915,0.630170703489267
erika is too giggly :D,neither,0.058317221280576384,0.3328108094483379,0.6088719692710858
They look amazing!,neither,0.04166069753739847,0.3296168313430279,0.6287224711195736
a murder of goths,neither,0.03945320844208391,0.33037608806864915,0.630170703489267
Give me my 1999 back!,neither,0.024106030274089998,0.44157366349773847,0.5343203062281717
you both look great,neither,0.05878985342161717,0.34659482088145976,0.594615325696923
does anyone wish talisen could voice a character in guilty gear or blaz blue,neither,0.0314706710348652,0.4034090585866084,0.5651202703785263
That excuses the lateness.,neither,0.03396608207515028,0.36069264384371974,0.6053412740811299
A gloom of goths,neither,0.03945320844208391,0.33037608806864915,0.630170703489267
Graveyard of goths I like,neither,0.051787155167232146,0.3480797758563176,0.6001330689764502
A dark alleyway of goths?,neither,0.03945320844208391,0.33037608806864915,0.630170703489267
Good Goth!,neither,0.03869882722860525,0.3306355543605695,0.6306656184108252
I like a murder of Goth's,neither,0.04977424647947408,0.3454107218838434,0.6048150316366826
I can agree with graveyard,neither,0.030233773763036497,0.358713105888168,0.6110531203487954
A greyscale of Goths.,neither,0.03945320844208391,0.33037608806864915,0.630170703489267
a carnivale of goths,neither,0.03945320844208391,0.33037608806864915,0.630170703489267
Plague of Goths!,neither,0.03945320844208391,0.33037608806864915,0.630170703489267
My density,offensive_language,0.011017215557639733,0.6062201221254095,0.3827626623169507
its a gaggle of goths according to Voltaire,neither,0.03936927578278737,0.3290673742596182,0.6315633499575944
broke character after 1 line,neither,0.03945320844208391,0.33037608806864915,0.630170703489267
Well Erika looks great,neither,0.03734034147849931,0.30211489146563464,0.660544767055866
I used to have those same arm things,neither,0.06720250195800972,0.2825506576004326,0.6502468404415578
Oh my goth!,neither,0.032134616296259855,0.3706234320719409,0.5972419516317994
A gasp of goths?,neither,0.03945320844208391,0.33037608806864915,0.630170703489267
Erika is the bubbliest goth ever.,neither,0.047249901525953195,0.31037852257221665,0.64237157590183
PowerUpL DarkMode PowerUpR,neither,0.03945320844208391,0.33037608806864915,0.630170703489267
a serious of goths,neither,0.03945320844208391,0.33037608806864915,0.630170703489267
"I'm a little surprised they didn't go for ""Gother Your Party""",neither,0.0414277018600036,0.341308596060632,0.6172637020793644
A Misery of Goths,neither,0.03945320844208391,0.33037608806864915,0.630170703489267
Erika looks amazing,neither,0.03945320844208391,0.33037608806864915,0.630170703489267
Erica can pull off pretty much anything with penache.,neither,0.029443480035166492,0.35447998648764895,0.6160765334771846
I love how he's trying to be serious and it's not WORKING,neither,0.0439048652802187,0.3118176995025693,0.6442774352172119
A cavalcade of goths,neither,0.03945320844208391,0.33037608806864915,0.630170703489267
50 shades of goth,neither,0.03945320844208391,0.33037608806864915,0.630170703489267
A darkness of goths?,neither,0.03945320844208391,0.33037608806864915,0.630170703489267
monkaS,neither,0.03945320844208391,0.33037608806864915,0.630170703489267
Hi Taliesin and Erika!,neither,0.038358606956405694,0.2721397086643902,0.6895016843792041
Darkness! No parents!,neither,0.03864593439362236,0.34407763548842424,0.6172764301179534
"Oh my, Erica, I was NOT expecting your... ensemble? @GeekandSundry Wow you look amazing!",neither,0.06469793264553271,0.3840482620795004,0.5512538052749668
this is the best *petpetpet*,neither,0.049798453115104904,0.2950016094660156,0.6551999374188794
defs like the Ennui of Goths,neither,0.0662766162273128,0.3252121438370651,0.6085112399356222
a Crusade of Goths?,neither,0.03945320844208391,0.33037608806864915,0.630170703489267
We have a subscriber-only Discord server! Join here: https://discord.gg/geekandsundry (you'll need to sub and link it to your Twitch) and be a part of the fun!...Warning: It can take up to an hour for the server to update and give you access to the channels,neither,0.08464076273808444,0.286394834032893,0.6289644032290227
its Tailspin Jefe,neither,0.03309144916294284,0.33256418880705063,0.6343443620300065
... I love Tal's plaid pajama pants,neither,0.037671802266362325,0.33858304309685944,0.6237451546367782
woohooo pit crew!,neither,0.03945320844208391,0.33037608806864915,0.630170703489267
A melodrama of goths,neither,0.03945320844208391,0.33037608806864915,0.630170703489267
it's adorkable,neither,0.034373745257138544,0.33212314837979673,0.6335031063630647
we love you crew,neither,0.05497836250805046,0.4075449975002425,0.5374766399917071
I'm stil going for a gloom of goths,neither,0.02848669020653625,0.3298963030824076,0.6416170067110563
gandsPitCrew gandsLessthanthree gandsLessthanthree gandsLessthanthree gandsPitCrew,neither,0.03945320844208391,0.33037608806864915,0.630170703489267
all the crewluv!,offensive_language,0.041785587507551285,0.49387059749283524,0.46434381499961347
gandsLessthanthree gandsPitCrew gandsLessthanthree gandsPitCrew gandsLessthanthree gandsPitCrew gandsLessthanthree gandsPitCrew,neither,0.03945320844208391,0.33037608806864915,0.630170703489267
Crusade of Goth's sounds good,neither,0.038852859137973435,0.33058257572371175,0.6305645651383147
Crew gandsLessthanthree,neither,0.03945320844208391,0.33037608806864915,0.630170703489267
love you crew,neither,0.05719190876411342,0.4129730045235995,0.5298350867122871
yay crew! the underappreciated heroes <3,neither,0.03876693142989856,0.31789468856816827,0.6433383800019333
<3,neither,0.03945320844208391,0.33037608806864915,0.630170703489267
yay crew,neither,0.03945320844208391,0.33037608806864915,0.630170703489267
gandsLessthanthree @GeekandSundry crew!,neither,0.03945320844208391,0.33037608806864915,0.630170703489267
A beleaguering of goths,neither,0.03945320844208391,0.33037608806864915,0.630170703489267
Wee Wee?,neither,0.03945320844208391,0.33037608806864915,0.630170703489267
Gather Your Party's crew must be the most tolerant of crews. XD <3,neither,0.05690576036320941,0.3085318158381772,0.6345624237986134
oooh musical guest,neither,0.03945320844208391,0.33037608806864915,0.630170703489267
"love the different sides of goth style they're showing off, Erika's ready for a fancy vampire party while Taliesin looks like he's headed to a Misfits concert",neither,0.050649691565391855,0.310221887518623,0.6391284209159851
"love to the crew, as always <3",neither,0.03824292909024151,0.4065026648469761,0.5552544060627823
anyway whos pumped for the new season of gyp?,neither,0.037511226034921186,0.2514563047545418,0.711032469210537
A group of Goth people are Goffs,neither,0.10073568647942174,0.2841145961424941,0.6151497173780841
I like the murder of Goths,neither,0.05249142203301645,0.3280834185642709,0.6194251594027127
"""cuz I work here"" xD",neither,0.10819899614135063,0.27918479650335626,0.6126162073552931
Oui Oui?,neither,0.03945320844208391,0.33037608806864915,0.630170703489267
Did Taliesin have that goatee yesterday 0.o,neither,0.03460303561155866,0.386918887865359,0.5784780765230823
LOL great idea Taliesin,neither,0.029362470986835573,0.3597654989132963,0.610872030099868
ME,neither,0.018491955366437673,0.460246435692358,0.5212616089412043
All the love! <3 gandsLessthanthree gandsPitCrew <3 gandsLessthanthree gandsPitCrew <3 gandsLessthanthree,neither,0.035205703551871886,0.46329366837393937,0.5015006280741887
I love the crew pit laughing it's the best bonus content <3,neither,0.035704370783276686,0.31621138363453993,0.6480842455821834
"Yes, he did",neither,0.04681204407368458,0.3278450470510999,0.6253429088752156
I think I hear Amy laughing,neither,0.03989662247458561,0.32285019471868465,0.6372531828067297
https://clips.twitch.tv/BlindingStylishPeppermintNotLikeThis,neither,0.03945320844208391,0.33037608806864915,0.630170703489267
"Help G&S make great content! $4.99/month gets you emotes, Minecraft server access, Sub Only Q&As, VODs, and more! Every sub keeps the channel alive! twitch.tv/geekandsundry/subscribe",neither,0.043092924924402844,0.32365565443818894,0.6332514206374082
damn that look is CurseLit,offensive_language,0.05693413331315159,0.8931788037171665,0.049887062969681886
It's a brilliant plan if you can do it Tal,neither,0.03481470226461127,0.39474774174398614,0.5704375559914026
i hear Amy laughs,neither,0.03945320844208391,0.33037608806864915,0.630170703489267
hair reset <3 <3 <3,neither,0.03945320844208391,0.33037608806864915,0.630170703489267
Insulated sound stage,neither,0.03945320844208391,0.33037608806864915,0.630170703489267
@cinphoria gloom of goths is pree good,neither,0.054478428765664326,0.3252082258088388,0.6203133454254968
A melodrama of goths,neither,0.03945320844208391,0.33037608806864915,0.630170703489267
fierce neckwear 10/10,neither,0.03945320844208391,0.33037608806864915,0.630170703489267
Goth parties are best parties,neither,0.053193387678637905,0.2988683208825196,0.6479382914388425
one critrole pls,neither,0.03839572899344235,0.3691966384532959,0.5924076325532618
a group of goths is called a happiness of goths,neither,0.046070954733330755,0.32809994165834583,0.6258291036083234
A Gloom of Goths.,neither,0.03945320844208391,0.33037608806864915,0.630170703489267
I want those armwarmers,neither,0.09100416319786876,0.20434961570775584,0.7046462210943755
R Kelly as musical guest? wee wee,neither,0.03843128730183292,0.34772075682036174,0.6138479558778055
My friends call it a Coven of Goths,neither,0.025134408924926948,0.4351605436703608,0.5397050474047123
he's goth goth,neither,0.04291622689844449,0.32918499722270883,0.6278987758788467
A Gloom of Goths.,neither,0.03945320844208391,0.33037608806864915,0.630170703489267
a depression of goths?,neither,0.03945320844208391,0.33037608806864915,0.630170703489267
#sadgoth,neither,0.03945320844208391,0.33037608806864915,0.630170703489267
Wouldn't it be a Clove of Goths?,neither,0.03810732871583775,0.3364363423879458,0.6254563288962164
"Awwww Tal! Us too, sweetheart",neither,0.06410049695272224,0.3289616809174954,0.6069378221297823
noooo sad goth :(,neither,0.03945320844208391,0.33037608806864915,0.630170703489267
A bewitching of goths,neither,0.03945320844208391,0.33037608806864915,0.630170703489267
don't be sad goth! be... happy? goth?,neither,0.039964464177636695,0.3346572777762629,0.6253782580461004
:(,neither,0.03945320844208391,0.33037608806864915,0.630170703489267
we're all sad goth :(,neither,0.05826165793943985,0.3708275379627015,0.5709108040978585
Don't be a sad goth. Be a happy goth.,neither,0.039964464177636695,0.3346572777762629,0.6253782580461004
BibleThump BibleThump BibleThump BibleThump,neither,0.03945320844208391,0.33037608806864915,0.630170703489267
BEAUTIFUL PEOPLE!,neither,0.08857433595562854,0.324072225816828,0.5873534382275434
@GeekandSundry Volume needs about a x2,neither,0.0382482044095662,0.35082815131040196,0.6109236442800318
:(,neither,0.03945320844208391,0.33037608806864915,0.630170703489267
Bucket o' goths,neither,0.03945320844208391,0.33037608806864915,0.630170703489267
don't be sad goth.. be happy goth!,neither,0.039964464177636695,0.3346572777762629,0.6253782580461004
Oh my gosh,neither,0.03236932916326653,0.3691666553057533,0.59846401553098
he went Emo Goth O.O,neither,0.043809485897103345,0.3288777644921405,0.6273127496107562
we're crying too,neither,0.061142307902311024,0.3046866714536331,0.634171020644056
Just listen to the Cure or the Smiths and it will all be grey,neither,0.04001223977030612,0.3229398064191042,0.6370479538105897
I miss his undercut,neither,0.0664370065208693,0.33841116681122074,0.5951518266679099
ahaw,neither,0.03945320844208391,0.33037608806864915,0.630170703489267
"I just got a Taliesin Haircut, and he did the Buzzcut",neither,0.03727880864704944,0.337404889033821,0.6253163023191296
But you'll lead us into the WhiteWolf soon. It'll be ok.,neither,0.07220787725333161,0.35288299705314546,0.574909125693523
"shit, maybe i can goth it out. Not sure if i still have eyeliner...",offensive_language,0.028366348144895193,0.9596680610329185,0.011965590822186317
I'm so glad you noticed the goth looks!,neither,0.05058906022276543,0.386448413859334,0.5629625259179007
"Oh damn, now I'm super tempted to do that even though my style is NOWHERE near gothy",offensive_language,0.04464925173478601,0.6218584970185234,0.33349225124669063
"been crying all day, glad to know i'm not the only one",neither,0.043412043504200463,0.38791975685077573,0.5686681996450238
I said Gloom of Goths first xD,neither,0.02964612792740727,0.33374919276723247,0.6366046793053602
Bucket o' Goths,neither,0.03945320844208391,0.33037608806864915,0.630170703489267
a babbling brooke of goths,neither,0.03945320844208391,0.33037608806864915,0.630170703489267
Cat goth your tongue!,neither,0.06610673598029443,0.32297963022604087,0.6109136337936648
"""Good God"" we didn't go with ""Good Goth""? :P",neither,0.023218143916076593,0.3908408164896538,0.5859410395942697
"YESSS, YOU GUYS ARE BEST ERIKA",neither,0.08614596337207685,0.32022636623611167,0.5936276703918113
The monsters ep was awesome,neither,0.03854825673706811,0.3176030788503228,0.6438486644126092
Loved the selfie part during the tour Erika!,neither,0.038307187867541004,0.3092577791717145,0.6524350329607446
Gother Your Party,neither,0.10275670842610932,0.31260696923108405,0.5846363223428066
"Don't be ashamed of your 2nd generation GI Joe hair, Taliesen.",neither,0.056989142530255735,0.32794381799072025,0.6150670394790239
killing the goth aesthetic erika!,neither,0.03877075550748831,0.31796548943535363,0.643263755057158
erika made me want to buy the murlock kigurumi,neither,0.03722219039905245,0.34707827398563645,0.6156995356153111
Angry Pete,neither,0.03945320844208391,0.33037608806864915,0.630170703489267
a murder of goths,neither,0.03945320844208391,0.33037608806864915,0.630170703489267
^^^^^ @Cadmandu2000 yeees,neither,0.03945320844208391,0.33037608806864915,0.630170703489267
that video was so great,neither,0.03860433279783934,0.29486246406581285,0.666533203136348
it's delightful,neither,0.034373745257138544,0.33212314837979673,0.6335031063630647
Angry Pete!,neither,0.03945320844208391,0.33037608806864915,0.630170703489267
hrpgSub hrpgHyperHype,neither,0.03945320844208391,0.33037608806864915,0.630170703489267
Where is the makeup and nail polish Taliesin??,neither,0.045224609000425575,0.2682836697398636,0.6864917212597107
loved the Blizzard tour video. I will now always think of Liam as the voice of Angry Pete,neither,0.040275999955465866,0.2973825123299422,0.662341487714592
Where is Taliesin's shirt from?,neither,0.05333994021544865,0.2689895128552646,0.6776705469292866
"On the other hand, if there's not enough goths, it's an absinthe of goths.",neither,0.022976898642289176,0.33699167484795195,0.6400314265097589
that cracked me up lol I loved it..MAYOR of BLIZZXD,neither,0.025875167409981213,0.4517181970661603,0.5224066355238586
Darin makes everything better,neither,0.03943658716811282,0.3302369036603304,0.6303265091715567
Darin is always the MVP,neither,0.04509932903582523,0.3677420107962354,0.5871586601679394
Mayor of Blizzard!,neither,0.03945320844208391,0.33037608806864915,0.630170703489267
Tal was too busy making up everyone else.,neither,0.03407459842327582,0.426012695789606,0.5399127057871183
Funny enough I just saw taliesen in mr mom this morning,neither,0.04097817079701304,0.26023417682936506,0.6987876523736218
PogChamp PogChamp PogChamp PogChamp,neither,0.03945320844208391,0.33037608806864915,0.630170703489267
er Mayor of Blizzard rather...,neither,0.03945320844208391,0.33037608806864915,0.630170703489267
I'm totally making Darin a sash.,neither,0.04008995756947123,0.31956879359408474,0.640341248836444
Saga Harder,neither,0.03945320844208391,0.33037608806864915,0.630170703489267
SUNDRY HARDER XD,neither,0.03945320844208391,0.33037608806864915,0.630170703489267
"Seriously need to finish watching the first batch, I so behind on shit.",offensive_language,0.047145970683156534,0.9199547459138424,0.03289928340300107
Return of the Saga of Sundry,neither,0.03873034704895448,0.317216545700302,0.6440531072507435
electric boogalloo what what?,neither,0.050846888254859904,0.32246656033963095,0.6266865514055092
war for the planet of teh sagas of sundry,neither,0.03360751846183329,0.2916780165848339,0.6747144649533329
Saga comma the,neither,0.03843498882663835,0.31168514531390124,0.6498798658594604
Army of Sundry,neither,0.03945320844208391,0.33037608806864915,0.630170703489267
I think Sagas of Sundry is gonna make me cave and try Alpha,neither,0.03842245394104318,0.3525148361622154,0.6090627098967415
2 saga 2 sundry,neither,0.03945320844208391,0.33037608806864915,0.630170703489267
I'm so psyched for more Sagas!,neither,0.03234347747083817,0.3345472956777917,0.6331092268513702
The sundry-ering,neither,0.03613032604487659,0.2619290779399786,0.7019405960151449
The Sundry Strikes Back,neither,0.03849692182997261,0.3128537652300601,0.6486493129399673
Return of the sundry,neither,0.038353223192269734,0.3101346756120217,0.6515121011957086
2 Saga 2 Sundry,neither,0.03945320844208391,0.33037608806864915,0.630170703489267
The Two Sundries,neither,0.038956643952765345,0.28063665691285206,0.6804066991343827
Sundry Harder oh my god,neither,0.032605428477887194,0.3677139310123078,0.599680640509805
does anyone wanna chat with me on discord app,neither,0.019264528442531938,0.47253069789316987,0.5082047736642982
Shadow of Sundry sounds awesome,neither,0.03945320844208391,0.33037608806864915,0.630170703489267
The sundry strikes back!,neither,0.03849692182997261,0.3128537652300601,0.6486493129399673
Night of the living Sundry,neither,0.030044557554208394,0.311309690796354,0.6586457516494376
A Sundry of Goths,neither,0.03945320844208391,0.33037608806864915,0.630170703489267
Can I get a yee yee for the electric boogalooing,neither,0.035534414986273834,0.3075093322927274,0.6569562527209988
Sagas and Sundry: The Revenge,neither,0.03764472877099723,0.26343645255127246,0.6989188186777303
shadows of sundry was a hit,neither,0.039333946415831975,0.3324002759032308,0.6282657776809373
What happened to his beautiful mohawk?,neither,0.072643014553655,0.3244843484308944,0.6028726370154507
The Last Sundry,neither,0.03783635148722589,0.30010467044151773,0.6620589780712564
Sundry Hard with a vengence,offensive_language,0.01818352175877937,0.6285493409345556,0.35326713730666504
Rogue Sundry: A Saga Story,neither,0.03945320844208391,0.33037608806864915,0.630170703489267
Attack of the Sundry,neither,0.03829174582904754,0.308962977713378,0.6527452764575745
A SUNDRY OF GOTHS,neither,0.03945320844208391,0.33037608806864915,0.630170703489267
"i find the name ""sagas of sundry"" a bit odd for a show on alpha",neither,0.04419327982889559,0.2086041950330698,0.7472025251380346
Into the Mouth of Sundry,neither,0.0383346446220192,0.30978113446825073,0.6518842209097301
Shadows Over Sundry,neither,0.036112134425266444,0.3324170436434458,0.6314708219312877
Sagas of Sundry 2: the search for more money,neither,0.0347558164246909,0.28005599385811675,0.6851881897171922
Son of Sundry,neither,0.03945320844208391,0.33037608806864915,0.630170703489267
sundry stikes back?,neither,0.03945320844208391,0.33037608806864915,0.630170703489267
mines n crafts: the eternal peak,neither,0.038659900373150986,0.3159065475583009,0.6454335520685481
Sundry 2: Go Saga Yourself.,neither,0.040569450686786954,0.33424921341224934,0.6251813359009637
Sundry: Revenge of the Geeks.,neither,0.03834343279738344,0.3099484277490263,0.6517081394535903
Goth Marisha,neither,0.03945320844208391,0.33037608806864915,0.630170703489267
@snakesnakewhale high five,neither,0.035430809497031104,0.4256094199322522,0.5389597705707165
The Sundry Awakens,neither,0.03613032604487659,0.2619290779399786,0.7019405960151449
"@ShinyKiiwii hair reset, I think",neither,0.04027452263660153,0.3164362427284412,0.6432892346349572
Funny enough I just saw taliesen in mr mom this morning,neither,0.04097817079701304,0.26023417682936506,0.6987876523736218
Love these two!! <3,neither,0.05093126511299742,0.4635138917771203,0.48555484310988223
The Sundry Strikes Back,neither,0.03849692182997261,0.3128537652300601,0.6486493129399673
Sundry: the Requiem,neither,0.03613032604487659,0.2619290779399786,0.7019405960151449
Goth Marisha!,neither,0.03945320844208391,0.33037608806864915,0.630170703489267
Goth Marisha is crazy i didn't even recognize her,offensive_language,0.02236676625545561,0.56564821611048,0.4119850176340644
Sundry: A Saga Origin Story...?,neither,0.03945320844208391,0.33037608806864915,0.630170703489267
"Darin DePaul, Amy Dallens smile and Marisol's laugh always makes the day better!",neither,0.03755984569858989,0.3196739969423375,0.6427661573590727
@ladymiir Reset on hair.,neither,0.03468722680285214,0.3536973081368153,0.6116154650603325
I feel like A Murder of Goths is more befitting,neither,0.06350957538269031,0.3325454991070898,0.6039449255102198
Un-wheel-dy,neither,0.03945320844208391,0.33037608806864915,0.630170703489267
Sagas 2: Sundry Strikes Back,neither,0.03945320844208391,0.33037608806864915,0.630170703489267
Saga Trek: The Wrath of Sundry,neither,0.03884405634429724,0.31931961350434085,0.6418363301513619
a cauldron of goths?,neither,0.03945320844208391,0.33037608806864915,0.630170703489267
lol hydraulics on the wheels of a segway :D,neither,0.028270696826309803,0.38328367671458907,0.588445626459101
LUL LUL LUL,neither,0.03945320844208391,0.33037608806864915,0.630170703489267
Erika looks exotic as heck... she pulls it off well.,neither,0.038106566221457715,0.4017457369206575,0.5601476968578847
A Moping of Goths.,neither,0.03945320844208391,0.33037608806864915,0.630170703489267
The Once and Future Sundry,neither,0.03780200455026533,0.2705488716699528,0.6916491237797818
The Return of the Sundry.,neither,0.037581863691038844,0.2949932434643458,0.6674248928446155
spikes on the wheels,neither,0.03514712514610112,0.32717575289182566,0.6376771219620732
"Same, Marisha was nearly unrecognizable",neither,0.04005902922773537,0.3384694505436801,0.6214715202285844
I need to find those gloves only in purple and black to match my new leggings lol,neither,0.06413102620326676,0.23266690530133505,0.7032020684953982
Oscar is the most Goth,neither,0.045493476853420735,0.31445133116788465,0.6400551919786946
Chariot Segway... nice,neither,0.03945320844208391,0.33037608806864915,0.630170703489267
lol,neither,0.020706217963973744,0.4882283491876925,0.4910654328483337
no this excellent Taliesin,neither,0.03843339779189899,0.3476849362960002,0.6138816659121008
Ghost horse? ghost horse? no one can beat ghost horse.,neither,0.03899078991428816,0.3437702897026815,0.6172389203830304
back to the sagas and sundry,neither,0.049828284856507074,0.23525179445973532,0.7149199206837575
Bucket O' Goths,neither,0.03945320844208391,0.33037608806864915,0.630170703489267
I approve of the Oscar in his can segway.,neither,0.05982774856138306,0.31466359379115133,0.6255086576474657
I love being goth.,neither,0.03174425401222661,0.373084876799041,0.5951708691887324
great SoT episode :D,neither,0.037315186336621224,0.3017634124565394,0.6609214012068394
I did not recognize Marisha at first (or second) glance.,neither,0.03259455442946317,0.3545160301869736,0.6128894153835631
"Hells bell, buckets of goth",neither,0.03945320844208391,0.33037608806864915,0.630170703489267
Abby <3,neither,0.03945320844208391,0.33037608806864915,0.630170703489267
^,neither,0.03945320844208391,0.33037608806864915,0.630170703489267
Glaring of Goths,neither,0.03945320844208391,0.33037608806864915,0.630170703489267
Murder of Goths?,neither,0.03945320844208391,0.33037608806864915,0.630170703489267
an unkindness of goth (it's the name for a group of ravens) ......ooohhhhhh mmmyyy gggawwwddd :( :( :( #tovax,neither,0.034529832537333126,0.2989764418319366,0.6664937256307303
Sundry 2: Attack of the Saga,neither,0.038656475494247916,0.3158427171586451,0.645500807347107
i missed a lot of it,neither,0.03788322524529434,0.3309160772825505,0.6312006974721551
she's right,offensive_language,0.04045188913417575,0.5378756576165503,0.4216724532492739
a packed week,neither,0.03945320844208391,0.33037608806864915,0.630170703489267
A Flock Of Seagoths,neither,0.03945320844208391,0.33037608806864915,0.630170703489267
Hearing Abby sing is always fabulous!,neither,0.043396558845770795,0.364494213916743,0.5921092272374863
"I did watch all of it, Taliesin.",neither,0.047006402385797764,0.419070369700419,0.5339232279137833
In brief: multitasking.,neither,0.03945320844208391,0.33037608806864915,0.630170703489267
"Ha, I knew it.",neither,0.03780587807184322,0.33094268052230164,0.6312514414058552
I watched SoT and CR what do I win,neither,0.044221021130797726,0.2959763282335291,0.6598026506356732
400 hours a month?,neither,0.03945320844208391,0.33037608806864915,0.630170703489267
when do you guys sleep haha,offensive_language,0.039869509207876595,0.48984032527765237,0.470290165514471
I was able to watch it all because I am a mouse potato.,neither,0.04769703205567945,0.37390688932301924,0.5783960786213014
An overdressing of goths,neither,0.04012387268099137,0.31899316564019997,0.6408829616788086
"my life is school, gaming, and GnS",neither,0.03207054308380147,0.4134824428102835,0.554447014105915
its a juggling act to try and get most of it,neither,0.036484032715765544,0.32485878261138906,0.6386571846728454
I figured Tal had a hand in Marisha's costume,neither,0.03945320844208391,0.33037608806864915,0.630170703489267
I love that Taliesin just takes all his friends goth-shopping xD,neither,0.04774439832137021,0.4306067618501904,0.5216488398284393
Erika is a red robe now?,neither,0.04691411945425637,0.3264591925951096,0.6266266879506341
Awesome! Cant wait for pics,neither,0.03442236825164522,0.30524260710350737,0.6603350246448475
@hockey4life74 the joy of 2 great RPG campaigns!,neither,0.03682528095232339,0.290094500125225,0.6730802189224516
sounds awesome,neither,0.03945320844208391,0.33037608806864915,0.630170703489267
And you promised us a Goth Laura...,neither,0.09244149827563879,0.3225031683731613,0.5850553333511999
A Foreshadowing of Goths.,neither,0.03945320844208391,0.33037608806864915,0.630170703489267
Intermittent sleep is the secret,neither,0.04746838206183386,0.309886884258744,0.6426447336794222
Are you guys ready for the GOTH JAMS?!?!,neither,0.06327552997689048,0.29407781251703113,0.6426466575060783
@chaoticloony i missed abby singing? now i'm sad :D,neither,0.03945320844208391,0.33037608806864915,0.630170703489267
Can Tal take me goth shopping?,neither,0.034591390537312444,0.35393900165568964,0.611469607806998
As a frustrated goth myself this show is everything <3,neither,0.05431330804252067,0.3011519252984205,0.6445347666590588
I want a goth makeover from Taliesin omg,neither,0.04067105555113535,0.3097060443003599,0.6496229001485048
eyeliner game TRAINING,neither,0.03867949360507644,0.2820762955185725,0.6792442108763511
I have poked my eye more than once with eyeliner due to shaky hands....,neither,0.034206003567739236,0.4012866393809975,0.5645073570512633
Is Erika an Auror?,neither,0.05977772234536597,0.3123134646249201,0.6279088130297139
i want to try a goth makeover,neither,0.04655089379622376,0.3224249435708955,0.6310241626328806
Does Talesin have Parkisons? I hope not :(,neither,0.05339128728715985,0.37541273952604387,0.5711959731867963
hey @JCMiller999,neither,0.03945320844208391,0.33037608806864915,0.630170703489267
yesss,neither,0.03945320844208391,0.33037608806864915,0.630170703489267
"@GeekandSundry I'm at max volume, but I can barely hear",neither,0.037001899072720994,0.34911388857457576,0.6138842123527033
lol,neither,0.020706217963973744,0.4882283491876925,0.4910654328483337
GUYliner :),neither,0.03945320844208391,0.33037608806864915,0.630170703489267
oh,neither,0.051363287716059566,0.22255663153133606,0.7260800807526044
"I watched most of it, and plan to catch the stuff I missed on the VODs over the weekend. Does that count?",neither,0.029155768133288462,0.3794130586489051,0.5914311732178066
my god,neither,0.02182153289546196,0.47835500997776687,0.4998234571267711
I would love a makeover from Taliesin.,neither,0.035863873626061395,0.3155744799618996,0.648561646412039
#GOTHJAMS,neither,0.03945320844208391,0.33037608806864915,0.630170703489267
We are still getting through it Taliesin.,neither,0.056588244602084864,0.37261792008662453,0.5707938353112907
I can't wait for this. holy crap,neither,0.034568371896547295,0.30278337430191116,0.6626482538015415
IM EXCITED,neither,0.03831323557177047,0.373607799890799,0.5880789645374305
I want Taliesin Jaffe to give me a goth makeover,neither,0.03828223851110073,0.3609136169165176,0.6008041445723817
i quite toned down my goth during colllege but i still paint my nails to feel normal when i get too far from feeling OK,neither,0.02717033512685084,0.42917140208105103,0.5436582627920981
misty Kreygasm,neither,0.03945320844208391,0.33037608806864915,0.630170703489267
Oh hai Misti,neither,0.051363287716059566,0.22255663153133606,0.7260800807526044
lol that's a lot of black,neither,0.04656145796962941,0.4277754679377534,0.5256630740926171
@hockey4life74 50% of a @geekandsundry subscription valid till October 18th,neither,0.03945320844208391,0.33037608806864915,0.630170703489267
she does amazing work,offensive_language,0.02705109795562046,0.5282087770575439,0.44474012498683574
Talisien goes full Jack Sparrow with the eyeliner?,neither,0.04304401880798688,0.3442916827343274,0.6126642984576858
"shaking hand and eyeliner sounds like an ER visit, heh",neither,0.0449832308715517,0.3123791742354214,0.642637594893027
OMG Love your tat art!!,neither,0.06055071504148958,0.3345036484783784,0.6049456364801321
I need to rerelease my inner goth.,neither,0.03444366549998953,0.3968057501764212,0.5687505843235892
hi @JCMiller999 :),neither,0.03945320844208391,0.33037608806864915,0.630170703489267
@Parintachin I seem to remember hearing it was a benign tremor or something,neither,0.043328397376236776,0.32931915174026244,0.6273524508835009
Saga 2: Revenge of the Sundry,neither,0.03867332708158329,0.3161566558222506,0.6451700170961662
goth travis needs to happen,neither,0.04421392522205846,0.32756914368277423,0.6282169310951673
Like the makeover episode of Clone High,neither,0.04536844140107155,0.41502026395706043,0.5396112946418681
hrpgSub hrpgHyperHype,neither,0.03945320844208391,0.33037608806864915,0.630170703489267
hi @Impossiblegirl11 :),neither,0.03945320844208391,0.33037608806864915,0.630170703489267
TAL make sure Laura gets her goth makeover!!! We want to see that!,offensive_language,0.03213938997691526,0.5493074335454446,0.4185531764776401
misti was on maze arcana some weeks ago,neither,0.029142503810290397,0.359447194806753,0.6114103013829566
she's so cool!,offensive_language,0.0418791997993925,0.5377950907246102,0.4203257094759972
I hope she does a siouxsie look,neither,0.060714138071911075,0.4531133228250291,0.48617253910305985
"Thanks, Ladymiir!",neither,0.035884468650613,0.3004919205142699,0.6636236108351171
i guess he was lord briarwood,neither,0.044507647967869345,0.3364249968443886,0.6190673551877421
I'm so excite to meet your goth friends!!,neither,0.06727324573603743,0.3529916659253357,0.579735088338627
jcvimHi @jcmiller999,neither,0.03945320844208391,0.33037608806864915,0.630170703489267
i never was goth. but i do wear black or dark colors often as possible,neither,0.044651882931545664,0.36693914525297283,0.5884089718154816
I can't wait to see the goths of LA,neither,0.04541117785564835,0.30646812509094284,0.6481206970534088
#HotGothAction,neither,0.03945320844208391,0.33037608806864915,0.630170703489267
#HOTGOTHACTION.,neither,0.03945320844208391,0.33037608806864915,0.630170703489267
Goth Orgy!,neither,0.03945320844208391,0.33037608806864915,0.630170703489267
yeah... but eyelner pencils are NOT benign lol,neither,0.03076904648033406,0.4444046365583141,0.524826316961352
im so excited!!!!,neither,0.03835248773688177,0.42672104618676693,0.5349264660763514
so much hot goth on twitter so much hot goth on here,neither,0.04842585175509088,0.41913568969795334,0.5324384585469557
I dont think I can handle any more hot goths lol,neither,0.03523136759582892,0.355444111128121,0.6093245212760501
I'm jealous.,neither,0.03945320844208391,0.33037608806864915,0.630170703489267
Turn the camera!,neither,0.03844270143367092,0.3118309421137783,0.6497263564525508
lol,neither,0.020706217963973744,0.4882283491876925,0.4910654328483337
old schhol,neither,0.03945320844208391,0.33037608806864915,0.630170703489267
Erika... the Perky Goth,neither,0.038351000110748164,0.310092396174505,0.6515566037147468
We have Goth to see them!,neither,0.060101957802230925,0.32941538400342846,0.6104826581943407
Hawt,neither,0.03945320844208391,0.33037608806864915,0.630170703489267
teases,neither,0.03945320844208391,0.33037608806864915,0.630170703489267
"As a recent recepient of a break up, SHOW ME ALL THE YUMMY GOTH PEOPLE",neither,0.05727741234165785,0.389544324566456,0.5531782630918861
Re hrpgSub hrpgHyperHype,neither,0.10802165902134243,0.2484119200751343,0.6435664209035233
How late am I,neither,0.039219368528491595,0.33045651633780365,0.6303241151337047
I still like Taliesin's Discordant Metal Bard for Satine's Maze Arcana Stream,neither,0.041514591482153314,0.3289344366008491,0.6295509719169975
the crow?,neither,0.042723478195837244,0.020707069949543626,0.9365694518546192
this makes me so happy,neither,0.03102784443789153,0.4285866593829103,0.5403854961791982
Wednesday Addams,neither,0.03945320844208391,0.33037608806864915,0.630170703489267
90s teen goth code,neither,0.03945320844208391,0.33037608806864915,0.630170703489267
All goths are perky!,neither,0.14160470558168745,0.38971582532526855,0.46867946909304403
\m/,neither,0.03945320844208391,0.33037608806864915,0.630170703489267
Indeed. Camarilla old school,neither,0.03945320844208391,0.33037608806864915,0.630170703489267
HECUBUS!,neither,0.03945320844208391,0.33037608806864915,0.630170703489267
That choker is the bomb diggity,neither,0.043532375797258424,0.3596294963506537,0.5968381278520879
wooo JCM!,neither,0.03945320844208391,0.33037608806864915,0.630170703489267
OBFUSCATE,neither,0.03945320844208391,0.33037608806864915,0.630170703489267
JCM HYPE!!!!!!!,neither,0.03945320844208391,0.33037608806864915,0.630170703489267
Teen Goth sounds like the next CW or MTV show,neither,0.05305077004516505,0.2944014253309187,0.6525478046239163
jcm =D,neither,0.03945320844208391,0.33037608806864915,0.630170703489267
"PowerUpL DarkMode PowerUpR First Rule of Gather your Goth, we do not talk about Gather your Goth",neither,0.04745908374987887,0.3421962676589317,0.6103446485911895
Jason Charles Miller!!,neither,0.03945320844208391,0.33037608806864915,0.630170703489267
"I noticed that about 75% of my wardrobe is black. Completely unintentional, but I'm going with it.",neither,0.03352186665674035,0.4425847348049159,0.5238933985383437
Kids in the Hall was great,neither,0.03710447035008023,0.2979288048784907,0.6649667247714292
