text,top_class,hate_speech,offensive_language,neither
^,neither,0.03945320844208391,0.33037608806864915,0.630170703489267
It is Live,neither,0.05968954295342926,0.3234158846808855,0.6168945723656852
The preroll is up,neither,0.04923303386644168,0.39856850739706007,0.5521984587364982
yeah temporal flux or dimensional fluff or something pulling at her,offensive_language,0.024028512169238774,0.5394731231476596,0.43649836468310155
"The channel has gone live. If you cannot see the folks in the studio , please refresh.",neither,0.03723955741942503,0.3496909644204777,0.6130694781600973
"REPEAT The channel has gone live. If you cannot see the folks in the studio , please refresh.",neither,0.0373634929483334,0.34859131571055346,0.6140451913411132
"Bidet all, hyped for this talks machina!",neither,0.035166284410694755,0.36131717987317147,0.6035165357161338
"Help G&S make great content! $4.99/month gets you emotes, Minecraft server access, Sub Only Q&As, VODs, and more! Every sub keeps the channel alive! twitch.tv/geekandsundry/subscribe",neither,0.043092924924402844,0.32365565443818894,0.6332514206374082
*Seees the clipboard and sobs*,neither,0.03782142679274265,0.2713966061481562,0.6907819670591012
@oFuzzywuzzy Oh man. That's awesome.,neither,0.0408667388618237,0.39090559324855667,0.5682276678896195
"Bidet from Ottawa, Canada",neither,0.04071751644889743,0.3089174816120565,0.6503650019390461
@Dragonchrome Not knocking them I love what they do just as much. I can have more than one favourite person,neither,0.041835629484699745,0.3819078118106629,0.5762565587046374
Who thinks they need an 8th player? I personally think Ashly from the one-shots would be great.,neither,0.03568590725877984,0.3859790730295996,0.5783350197116206
no,neither,0.036918905254960256,0.37338982715841207,0.5896912675866277
^ A fellow Ottawa person,neither,0.03945320844208391,0.33037608806864915,0.630170703489267
8 is too many,neither,0.05196416436535974,0.3323726988549166,0.6156631367797236
"""When God closes one door, He opens a window""....Favorite saying from my upbringing",neither,0.027186755439748893,0.40987094792125645,0.5629422966389948
Hi oFussyWuzzy :),neither,0.03945320844208391,0.33037608806864915,0.630170703489267
"Oh and just for feels factor, Look up Ravens and behaveior, Lot of Vax like qualities",neither,0.04001279405780347,0.29130666651901593,0.6686805394231805
I've always wondered how things would've turned out if Orian didn't have to leave. Tiberius was such a fun personality.,neither,0.013392412828483375,0.3796900847918017,0.6069175023797149
"Yeah, i think 8 is to many",neither,0.03430988480078011,0.4382358069055758,0.527454308293644
"this is different, PANIC",neither,0.04732095076708851,0.3291695044580798,0.6235095447748317
<3,neither,0.03945320844208391,0.33037608806864915,0.630170703489267
Matt's head would explode,neither,0.037669326635099136,0.34820645515147497,0.6141242182134259
"Howdy, Bidet!",neither,0.03945320844208391,0.33037608806864915,0.630170703489267
Zepwolfx They did 8 players... before Orion left.,neither,0.03612061411255977,0.38693891121881424,0.576940474668626
<3,neither,0.03945320844208391,0.33037608806864915,0.630170703489267
It depends...8 is just fine if the group is works well together like VM does,neither,0.030053498231410493,0.439084190929069,0.5308623108395204
I dunno how he does it,neither,0.026288242654514866,0.48275896893234405,0.4909527884131411
"preview camera is up, REFRESH if you do not see it",neither,0.03773327508148696,0.4316439700618522,0.5306227548566609
Bidet!,neither,0.03945320844208391,0.33037608806864915,0.630170703489267
Bidet Bidet,neither,0.03945320844208391,0.33037608806864915,0.630170703489267
I know.,neither,0.03945320844208391,0.33037608806864915,0.630170703489267
An 8th player? Brian W Foster for the 8th.,neither,0.033630350133077046,0.35331341861201143,0.6130562312549114
"Honestly, I like the group as-is.",neither,0.055587174631995286,0.3578230198016797,0.5865898055663251
Bidet folks,neither,0.03945320844208391,0.33037608806864915,0.630170703489267
gandsSubHype gandsSubHype,neither,0.03945320844208391,0.33037608806864915,0.630170703489267
So uh,neither,0.0394086540807396,0.39729109553195247,0.5633002503873079
good evening y'all!,neither,0.0407757687943942,0.4132731801052576,0.545951051100348
bidet!,neither,0.03945320844208391,0.33037608806864915,0.630170703489267
Bidet from Philly!,neither,0.040769555981420263,0.3080342349327864,0.6511962090857933
Hopefully Sam is on time tonight :),neither,0.0401910644378927,0.3361284161088958,0.6236805194532116
"bidet from pensacola, FL!",neither,0.04066490145509902,0.30981049537100724,0.6495246031738937
bidet,neither,0.03945320844208391,0.33037608806864915,0.630170703489267
Bidet and Beep Beep to you all!,offensive_language,0.1226744757972699,0.5061280125572227,0.37119751164550746
Bidet,neither,0.03945320844208391,0.33037608806864915,0.630170703489267
"Im not used to chat being so slow, its like I can actually read what people are saying :D",neither,0.07148244443071615,0.36973332974398326,0.5587842258253005
"Tbh, Matt's a beast. Being able to handle 7-8 players and prevent the campaign from being one big murder hobo, as well as still giving the players enough time to develop themselves and their individual stories.",neither,0.032742915004234145,0.36261863726847676,0.6046384477272889
Bidet from Florida!,neither,0.0408948396164547,0.30590784468201904,0.6531973157015263
"I apparently am no longer subbed to the channel all emotes are locked, I hit resub and now the button says ""Not Yet"" but I am still not subbed...",neither,0.04628063102404979,0.3272698601468035,0.6264495088291467
Bidet from Texas,neither,0.040937266849991,0.30518774380265185,0.6538749893473571
Bidet from Philly Suburb!,neither,0.040769555981420263,0.3080342349327864,0.6511962090857933
I woundnt mind if mary joinec tho,neither,0.021084778698594868,0.3900156007174163,0.5888996205839887
@Gnatnab PogChamp,neither,0.03945320844208391,0.33037608806864915,0.630170703489267
id love to see an evil campaign.. kinda like tyranny. that would b fun,neither,0.044558329218488665,0.36028498673390574,0.5951566840476056
"Bidet From Canberra, Australia!",neither,0.04062582848913359,0.31047366557575606,0.6489005059351104
bidet from just outsida philly ohbothEr,neither,0.03546985854637538,0.3340164333438784,0.6305137081097463
GivePLZ InuyoFace TakeNRG,neither,0.03945320844208391,0.33037608806864915,0.630170703489267
@oFuzzywuzzy it shows that you're subbed to me,neither,0.06262693792060366,0.4065054526852567,0.5308676093941396
I wish the text scrolled a this speed all night,neither,0.03015854706203803,0.43976388546235357,0.5300775674756083
@akspalding Omg I have the biggest crush on Mary.,neither,0.03635736984832948,0.3348573970813769,0.6287852330702937
"It's in 25, right?",neither,0.03672169806163833,0.3526435448573566,0.610634757081005
it starts in an hour right?,neither,0.03768753034686597,0.34220849528115804,0.620103974371976
Id like to see Friedle more regularly myself,neither,0.05534524643547853,0.3314155936018446,0.6132391599626769
I'm just looking forward to everyone playing different personalities,neither,0.0365259244720939,0.40679969998330096,0.5566743755446051
"Bidet from Newark, New Jersey!",neither,0.04458029923653559,0.209841401288464,0.7455782994750004
im conflicted on the idea of evil campaign,neither,0.035992013408624124,0.3527371427822443,0.6112708438091317
"Matt is a savant I think, takes a special kind of talent\ability",neither,0.06129358507048467,0.3139983269957812,0.6247080879337342
"I'd say keep the formula as it has been, norm crew w/ guests sprinkled here and there",neither,0.061379115201141976,0.2706770363231671,0.6679438484756908
Bidet from NJ,neither,0.04069404815304118,0.30931579984010865,0.6499901520068502
gandsMatt gandsCrit gandsSCANLAN,neither,0.03945320844208391,0.33037608806864915,0.630170703489267
@t3asn0b that's what discord is for,neither,0.045373348468885986,0.3416718871555253,0.6129547643755886
in 25 minutes,neither,0.03945320844208391,0.33037608806864915,0.630170703489267
Yeah it says it's not yet time to resub but I can't use any emotes,neither,0.012857306461388801,0.47468987183412403,0.5124528217044871
@purplebreeze80 experience man,neither,0.03964116332260495,0.4121245675736152,0.5482342691037799
@greenishptero me too. I love Will Friedle,neither,0.028070355727173486,0.37466726892768093,0.5972623753451457
Greetings and Salutations From the UK,neither,0.03883052284840478,0.24930660204459335,0.7118628751070019
!clock,neither,0.03945320844208391,0.33037608806864915,0.630170703489267
It is currently 6:35 PM at the Geek & Sundry studio in California.,neither,0.052375096518378066,0.32951951266350976,0.6181053908181122
@Dasbif please can we make #M&MSaturday a thing on r/criticalrole? turn the whole thing into M&Mthemed. for their wedding.,neither,0.03422863944237244,0.311245253518926,0.6545261070387015
All locked :(,neither,0.04214144081676242,0.43599686988539943,0.521861689297838
Bidet from NYC!,neither,0.04081748366884477,0.3072207769958956,0.6519617393352596
in theory but not in practice i think ultimately for me,neither,0.0294263161186012,0.33861943466268135,0.6319542492187173
Bidet from Orange Beach Alabama,neither,0.04029737662872249,0.316048350837982,0.6436542725332955
@oFuzzywuzzy bit happens on Twitch occasionally hit all,neither,0.05209164028979833,0.37842264597880265,0.569485713731399
hold on is this the DK underwater theme?,neither,0.04294967800762869,0.3269242684639239,0.6301260535284474
Talks Machina is on every Tuesday 7pm - 8pm Pacific http://www.wheniscriticalrole.com/talksmachina,neither,0.04000392966313582,0.27734818689170626,0.6826478834451579
I will just be happy with 1/2 of my wish list for role changes,neither,0.02298240278157817,0.38362894752650867,0.5933886496919132
Good evening.,neither,0.03869882722860525,0.3306355543605695,0.6306656184108252
Bidet,neither,0.03945320844208391,0.33037608806864915,0.630170703489267
uhhhhh @jimmy_eat_meatloaf that will be difficult to get up and running on such short notice...,neither,0.03798984923670218,0.3569009498796662,0.6051092008836316
Can we say Bidet not thats its over?,neither,0.030306648121720493,0.3366654153366231,0.6330279365416563
"Bidet and Beep Beep from Nashville, TN",neither,0.039618715792848265,0.27971990106412287,0.6806613831430289
Thoae sic dance moves,neither,0.03945320844208391,0.33037608806864915,0.630170703489267
wonder how long before we get new intro after the new characters are introduced,neither,0.05208481871516314,0.24963756426687495,0.6982776170179619
bidet from burbank,neither,0.04228451509352876,0.2823214250720796,0.6753940598343917
We should all bombard TM with questions asking for new character details,neither,0.03822618583566175,0.3401531939358426,0.6216206202284958
I just want epilogues for some of our beloved NPCs....,neither,0.02231067587762091,0.33097147922842723,0.646717844893952
"@oFuzzywuzzy it takes a hot minute or so to process , give it 5 mins and you should be good",neither,0.05852047675206893,0.3812269254656119,0.5602525977823192
Beep Beep,neither,0.03945320844208391,0.33037608806864915,0.630170703489267
@Leather69 what kind of changes for roles are you wanting?,neither,0.06766963803648428,0.30293069644494985,0.6293996655185659
"@BladedBuzzer I had an interesting idea for a campaign - Have the players unknowingly play an evil and a good campaign, separate characters, then have them clash",neither,0.04072643229342677,0.29977476027830435,0.6594988074282688
the crew is working really hard I see,offensive_language,0.03671510099992491,0.49660270016168345,0.4666821988383917
The world lives on so I think Bidet is acceptable,neither,0.042845439904555076,0.3530016369508923,0.6041529231445525
who are these strange folks in BWFs house?!?,neither,0.07244851743833562,0.4107420193828209,0.5168094631788436
@postdataest Seems to work under all. Going to reload regardless hate seeing a subscribe button saying that I am not supporting you guys <3,neither,0.11650530987901518,0.3871484823383311,0.49634620778265365
#M&MSaturday,neither,0.03945320844208391,0.33037608806864915,0.630170703489267
"@Leather69 since the new campaign is still in exandria, id say so",neither,0.046908385001599974,0.2929054048222357,0.6601862101761643
@Dasbif aww... how about jsut the up and down arrows?,neither,0.03525295077985853,0.3447062019537605,0.6200408472663811
What I want is Grogs Beep Beep or Bidet to be a slang greeting all over exandria,neither,0.05824425458603735,0.3830629554676269,0.5586927899463359
@KitMarcus I agree!!! :),neither,0.03945320844208391,0.33037608806864915,0.630170703489267
"A lot of tears, I mean rain and people cutting onions, tonight!",neither,0.05230050959911792,0.2948537345367131,0.652845755864169
Does anyone else think travis will go monk next run or is that just me,neither,0.02819614610068718,0.4482015495840659,0.523602304315247
#M&MSaturday - Tweet you eating M&M's!,neither,0.0647173005277487,0.3994233478311253,0.535859351641126
Been hearing Wildmount as a setting for the new campaign,neither,0.03578059597753211,0.26839121418071604,0.6958281898417519
"THAT might be possible, let me look into it",neither,0.0216660637563754,0.4192951442607919,0.5590387919828327
a reveal,neither,0.03945320844208391,0.33037608806864915,0.630170703489267
gandsSCANLAN gandsSCANLAN gandsSCANLAN,neither,0.03945320844208391,0.33037608806864915,0.630170703489267
lol,neither,0.020706217963973744,0.4882283491876925,0.4910654328483337
"@Dragonchrome Travis smart (or crafty) Marisha tank, Liam Arcane caster, Sam rogue",neither,0.03945320844208391,0.33037608806864915,0.630170703489267
Even the crew needs a break once in a while...,neither,0.03813553645102805,0.32989352626104773,0.6319709372879242
that's not brians house.. he told us from the beginning he lives under a bridge :P,neither,0.06291792670559725,0.33106479124230237,0.6060172820521004
I want to know how Gilmore is doing!!!,neither,0.05913250546050061,0.3173405565783603,0.623526937961139
I know it would be spoilers for them to say what they're gonna play but does anyone here in chat have any speculations on said new characters? :3,neither,0.06662838507812809,0.3374075106953263,0.5959641042265454
LuL,neither,0.03945320844208391,0.33037608806864915,0.630170703489267
evil campaign would be great especially with travis and talesin,neither,0.03130846644256953,0.3130232286579716,0.6556683048994588
who is on tonight,neither,0.04263739210545923,0.3923205286799001,0.5650420792146407
thank you thank you @Dasbif,neither,0.07325166854587051,0.43632638485078484,0.49042194660334476
LAAAAWL,neither,0.03945320844208391,0.33037608806864915,0.630170703489267
!wtfisthis,neither,0.03945320844208391,0.33037608806864915,0.630170703489267
"This is Talks Machina! Brian Wayne Foster is joined by various Critical Role cast members to discuss the previous week's episode of Critical Role! Joining him tonight will be Taliesin Jaffe, Liam O'Brien, Sam Riegel, and Matthew Mercer.",neither,0.04502791992437537,0.31318806302293145,0.6417840170526932
I think I’m going to miss Grog most. Travis played him so well,neither,0.038015910427472446,0.3714702605062309,0.5905138290662966
I want a full Paladin in the next campaign,neither,0.055420103265164694,0.31797127753275717,0.6266086192020781
I thought &'s didn't work in hashtags?,neither,0.02976437114713977,0.28310096741321167,0.6871346614396486
!whodat,neither,0.03945320844208391,0.33037608806864915,0.630170703489267
"Taliesin Jaffe ( twitter.com/executivegoth ) , Liam O'Brien ( twitter.com/VoiceOfOBrien ) , Sam Riegel ( twitter.com/samriegel ), Matt Mercer ( twitter.com/matthewmercer ) and host Brian Wayne Foster ( twitter.com/BrianWFoster )",neither,0.03847548256959176,0.44770856157352146,0.5138159558568867
Pally is so strong in 5e,neither,0.0506050213874128,0.3862311090336478,0.5631638695789394
@Leather69 Travis as a wise Monk,neither,0.037709751537706324,0.35996710179588093,0.6023231466664127
I bet Travis goes Blood Hunter,neither,0.03945320844208391,0.33037608806864915,0.630170703489267
"We still get Travis, and He is amzaing",neither,0.049608646956598265,0.31443090824936637,0.6359604447940354
Any wishlist for character per players?,neither,0.034954815684049616,0.3078983886710762,0.6571467956448742
evil oneshot id be downfor but campaign is not what i personally would want,neither,0.04471898333886232,0.33182429430143806,0.6234567223596996
I wish Grog had more interactions. Travis always has the best replies,neither,0.038709917582761724,0.3383177484724334,0.6229723339448049
I can see Liam being a cleric.,neither,0.035170460223122764,0.352052543163135,0.6127769966137423
"Yeah, but want him out of tank role",neither,0.023444453005122223,0.4278665147921655,0.5486890322027124
I bet Kiki will make an appearance as npc,neither,0.039214943021054195,0.3344200740867217,0.6263649828922241
"@oFuzzywuzzy we can see the sub badge,",neither,0.0388140278338667,0.31532233016044625,0.645863642005687
@guyute77 So like bringing over his Blood Hunter from the oneshots over? o.0,neither,0.05811182059671984,0.35067023910339423,0.591217940299886
weren't they supposed to,neither,0.04622420320067495,0.32642076769320527,0.6273550291061197
"Not gonna lie - Paladin's are pretty, uh, OP in 5e vanilla.",neither,0.05293398775498977,0.33469319494402155,0.6123728173009888
All clerics and Bards.,neither,0.04146947419607382,0.4041736992784376,0.5543568265254885
Yeah the reload helped thanks :),neither,0.02295506536099691,0.4014203665907676,0.5756245680482355
Travis lycanthrope ranger,neither,0.03945320844208391,0.33037608806864915,0.630170703489267
i lost my sub badge guys :( was at 10 months too,neither,0.03177409913985294,0.4015675829066696,0.5666583179534775
Sam goes barbarian,neither,0.03945320844208391,0.33037608806864915,0.630170703489267
Yeah could see liam as a cleric,neither,0.025080189945360796,0.44392924362595604,0.530990566428683
@GreenishPtero I don't doubt it considering she's going to live for over 1000 years.,neither,0.03891871914309787,0.3718565065330227,0.5892247743238794
@Leather69 monks are not tanky. i nearly died 3 times in 12 sessions on my monk.,neither,0.042174367677608134,0.3666883924168454,0.5911372399055465
"Talison has a new one allready, I am sure its not a book based class LOL",neither,0.029096771882708802,0.4139540309416774,0.5569491971756139
"I don't care what Travis plays, as long as he's able to directly use the tactical mind he obviously has.",neither,0.030453135714061358,0.3855661809407206,0.583980683345218
I'll miss scanlan!!~~~~,neither,0.029977587385800863,0.33363518866021774,0.6363872239539815
"I bet travis doesn't ""Laser mic ftw""",neither,0.03945320844208391,0.33037608806864915,0.630170703489267
Bidet from Virginia everyone! How we doinnn?,neither,0.034721898071897433,0.4106787727868377,0.554599329141265
I don't know about OP @MKrawchuk but it is definitely a powerhouse in melee as long as they've got spell slots,neither,0.02563194128583523,0.3901103193654259,0.5842577393487389
It'll be weird not having the siblings for suure,neither,0.03386533162342472,0.3072898988216194,0.6588447695549559
"just brought it up with the team @jimmy_eat_meatloaf , not sure which of the people competent at such things are available at the moment. but we can certainly try!",neither,0.04339600651469651,0.41457363996011926,0.5420303535251844
@ZweihanderKnight pretty sure the bloodhunter class is part of the book so maybe,neither,0.039216772402169114,0.4213838410164189,0.5393993865814118
gandsSCANLAN gandsSCANLAN gandsSCANLAN,neither,0.03945320844208391,0.33037608806864915,0.630170703489267
TwitchCon 2017 Year in Review panel October 22nd 6pm https://www.twitchcon.com/schedule/twitch-yearly/,neither,0.03945320844208391,0.33037608806864915,0.630170703489267
Bidet from Oregon,neither,0.04071751644889743,0.3089174816120565,0.6503650019390461
How much longer!!??,neither,0.034992843024945944,0.3319102122683466,0.6330969447067075
Bidet from Portland or,neither,0.040570124267008914,0.3114191116016469,0.6480107641313441
@leather69 honestly the only thing monks got going is Unarmored Defense,neither,0.04246751397685674,0.3711276341599853,0.5864048518631579
i douvt kiki will be seen till at a minimum of lvl5 you dont go dwaling with lvl 20 rulers at level 1,neither,0.04128299852495244,0.38791440584706366,0.570802595627984
Hope someone is going to play Blood hunter at least.,neither,0.07497616542056329,0.28201960535613924,0.6430042292232975
is it 2018 yet? :(,neither,0.050052695646254655,0.32673043837326265,0.6232168659804829
Am I the only one who wishes to see Sam play a barbarian so he can be Sam Ragel?,neither,0.04488739076115405,0.38634490030272856,0.5687677089361174
Clip of Twitch Yearly announcement https://clips.twitch.tv/CautiousProductiveNewtKlappa,neither,0.03945320844208391,0.33037608806864915,0.630170703489267
"@Dasbif awesome, all I ask is a try.",neither,0.049515410036319825,0.397515175730381,0.5529694142332992
Bidet from Australia :),neither,0.04062582848913359,0.31047366557575606,0.6489005059351104
"i am waiting for travis to play something squishy, then imediately forget that he cant take 500 bludgeoning damage and be fine.",neither,0.039811131009401056,0.3170408856305114,0.6431479833600876
http://www.wheniscriticalrole.com/talksmachina <<< countdown clock for Talks Machina. @grantthescott,neither,0.033643197606536286,0.24063349297457426,0.7257233094188895
!clock,neither,0.03945320844208391,0.33037608806864915,0.630170703489267
It is currently 6:39 PM at the Geek & Sundry studio in California.,neither,0.051991185132496114,0.32955794337183575,0.6184508714956681
@grantthescott 20 minutes,neither,0.03945320844208391,0.33037608806864915,0.630170703489267
Bidet from Las Vegas,neither,0.040400041164603724,0.3143058657309893,0.6452940931044071
bidet from wisconsin yall! :),neither,0.039037643197845265,0.3374293148022438,0.623533041999911
20 minutes,neither,0.03945320844208391,0.33037608806864915,0.630170703489267
i want Laura to play a dummy next time and travis be the smart one...,neither,0.04104661482814143,0.3317641882524412,0.6271891969194173
Bard Mariaha would be funny,neither,0.03773457213778254,0.352527790230326,0.6097376376318915
bidet from ca,neither,0.04084513770590474,0.30675141581570226,0.6524034464783931
"@Solangel777 LOL, but still want him to shift mind set, not up front",neither,0.03346723101083442,0.4123177109876987,0.5542150580014668
i just wanna know everyones next classes lol,neither,0.028859329736601,0.40671813592875594,0.564422534334643
"I'd like to see an Evil party, with a plot of the PC's taking over the world.",neither,0.03909562728846085,0.33703262194267886,0.6238717507688604
bidet from the uk,neither,0.039613273355342184,0.2892653269430044,0.6711213997016535
BIDET AND BEEP BEEP from KC,neither,0.039665017157423446,0.26811748049299106,0.6922175023495856
"Bidet from Fargo, all!",neither,0.042694513426253154,0.3885514576687511,0.5687540289049957
Bidet from England,neither,0.04071751644889743,0.3089174816120565,0.6503650019390461
The farewell art this week has been amazing,neither,0.03885112880255563,0.319769404878662,0.6413794663187823
bidet everyone,offensive_language,0.02988896790634741,0.4927062106388782,0.4774048214547744
Bidet from Cali,neither,0.04079557052152802,0.30759270029461827,0.6516117291838538
I highly doubt we'll get an evil campaign,neither,0.03922336293532092,0.3342771661673903,0.626499470897289
Bidet from Australia,neither,0.04062582848913359,0.31047366557575606,0.6489005059351104
@draxifiel thanks,neither,0.035884468650613,0.3004919205142699,0.6636236108351171
"I keep bringing this up whenever I can, but thanks to the needle arrows and the chain of returning, Taryon and Tiberius were in the final fight, in spirit",neither,0.037443413011252355,0.2871889734156598,0.6753676135730879
Bidet from Austin,neither,0.04086843745212,0.30635595831493706,0.6527756042329429
Bidet from Victoria BC Canada,neither,0.04030504097628521,0.31591826685748914,0.6437766921662256
Bidet from PA,neither,0.04069404815304118,0.30931579984010865,0.6499901520068502
@Dasbif did you puke after eating all that mayo? you monster! :-),neither,0.05931492978543331,0.46819714704752546,0.47248792316704125
Bidet from Finland,neither,0.04228451509352876,0.2823214250720796,0.6753940598343917
What time does it start? In 21 mins or what?,neither,0.03418413097960412,0.42537809707501456,0.5404377719453813
Bidet from California,neither,0.06971251856910227,0.2972619859879888,0.633025495442909
@bigspoon223 A man can hope,neither,0.10736316349575262,0.23967258283903814,0.6529642536652093
Bidet from Brisbane Australia,neither,0.04062582848913359,0.31047366557575606,0.6489005059351104
@koolkye1199 love it,neither,0.030831260484157012,0.3601344986151421,0.609034240900701
Bidet from orlando Florida!,neither,0.040412632663812495,0.31409215512822203,0.6454952122079655
Anyone know if they’re going to have a new intro for the new campaign?,neither,0.039118734921911445,0.24110626592336865,0.7197749991547199
Bidet from Michigan,neither,0.040769555981420263,0.3080342349327864,0.6511962090857933
Evil campaigns are fun but they're very one-sided for the audience.,neither,0.05675065124340164,0.2852416907396538,0.6580076580169445
Bidet from Texas,neither,0.040937266849991,0.30518774380265185,0.6538749893473571
!critrole,neither,0.03945320844208391,0.33037608806864915,0.630170703489267
"Critical Role will continue airing on Thursdays at the regular time. There will be one-shots and other fun things until the end of the year, and then in January a new campaign will begin, set 20 years after the story of Vox Machina. Don't worry, Critters, the show isn't going anywhere. ❤",neither,0.04175799107095323,0.248390363655863,0.7098516452731838
@koolkye1199 <3,neither,0.03945320844208391,0.33037608806864915,0.630170703489267
"@crunchyferrett dream big my friend, dream big",neither,0.018142901278325074,0.4484694640899867,0.5333876346316883
Bidet Bidet,neither,0.03945320844208391,0.33037608806864915,0.630170703489267
~20 minutes,neither,0.03945320844208391,0.33037608806864915,0.630170703489267
@jpcguy89 Most likely.,neither,0.03945320844208391,0.33037608806864915,0.630170703489267
"It would hve made a nice fill in, or a qu8ck season of call of cthulhu",neither,0.038391765138676974,0.32520503416373725,0.6364032006975858
@jpcguy89 Most likely they will,neither,0.0409129543945509,0.305600389621923,0.6534866559835262
what another englishman i thought i was the only one,neither,0.10306776731106755,0.1805755646258483,0.7163566680630841
http://www.wheniscriticalrole.com/talksmachina <<< countdown clock for Talks Machina. @johnnymac17,neither,0.033643197606536286,0.24063349297457426,0.7257233094188895
could chat really handle the players trying to kill their favourite npc to take over the world,neither,0.16929079014621937,0.24484684657042818,0.5858623632833523
liam!,neither,0.03945320844208391,0.33037608806864915,0.630170703489267
Liam!,neither,0.03945320844208391,0.33037608806864915,0.630170703489267
Hi Liam!,neither,0.03945320844208391,0.33037608806864915,0.630170703489267
Hi Liam nice ring,neither,0.03945320844208391,0.33037608806864915,0.630170703489267
Liam <3,neither,0.03945320844208391,0.33037608806864915,0.630170703489267
spooky hand,neither,0.03945320844208391,0.33037608806864915,0.630170703489267
Liam :),neither,0.03945320844208391,0.33037608806864915,0.630170703489267
Anyone going to PAX Unplugged next month?,neither,0.0432627506822231,0.3636050816840502,0.5931321676337267
Ha ha,neither,0.03945320844208391,0.33037608806864915,0.630170703489267
*starts crying at the ring*,neither,0.038012504537497424,0.3367377061355532,0.6252497893269493
I wondered why they stopped doing the donation+inspiration dice.,neither,0.03219094663086119,0.32975944092641557,0.6380496124427233
<3,neither,0.03945320844208391,0.33037608806864915,0.630170703489267
He's wearing the ring Laura gave him!!!!,neither,0.04315970774710772,0.31694264605746697,0.6398976461954252
lol,neither,0.020706217963973744,0.4882283491876925,0.4910654328483337
LUL,neither,0.03945320844208391,0.33037608806864915,0.630170703489267
LOL,neither,0.020706217963973744,0.4882283491876925,0.4910654328483337
DRAGON!!!,neither,0.03945320844208391,0.33037608806864915,0.630170703489267
It's Thordak!,neither,0.034373745257138544,0.33212314837979673,0.6335031063630647
Caw Caw!!!,neither,0.03945320844208391,0.33037608806864915,0.630170703489267
AHH THORDAC oh just hands,neither,0.039764577238278725,0.3038979684634072,0.6563374542983141
lol,neither,0.020706217963973744,0.4882283491876925,0.4910654328483337
@x0kublakhan0x no we Brits get everywhere,neither,0.038199442146334237,0.35165577417681465,0.6101447836768511
i figure if its the same world 20 yrs later it will be tiamat.. wonder if theyll have joe come be one of the big bads,neither,0.018226845917084726,0.41109322038222873,0.5706799337006865
WutFace,neither,0.03945320844208391,0.33037608806864915,0.630170703489267
Bones of Thordak!,neither,0.03945320844208391,0.33037608806864915,0.630170703489267
Who is looking forward to the ART book?,neither,0.05023645055881069,0.35782287407388563,0.5919406753673038
ITS A SPOOKI DRAGON,neither,0.032215963642229374,0.33286530842354006,0.6349187279342305
He always wears that ring.,neither,0.0389358543961031,0.4128070660244391,0.5482570795794577
Kitty,neither,0.03945320844208391,0.33037608806864915,0.630170703489267
The raven!,neither,0.038372653207642965,0.3105039192898759,0.6511234275024811
#ShadowPuppetTime,neither,0.03945320844208391,0.33037608806864915,0.630170703489267
RAWRRR! the dragon's back!,neither,0.03839568264222749,0.3109409110780509,0.6506634062797216
That's not how you do shadow puppets...,neither,0.04812621917756128,0.4017217514268017,0.5501520293956369
So the campaign ended but we still don't know where Larkin is.,neither,0.04241496773743994,0.3447432775323668,0.6128417547301932
Raven !!,neither,0.03945320844208391,0.33037608806864915,0.630170703489267
That was Simon trying to communicate with us,neither,0.06847068563476445,0.40470072646084587,0.5268285879043897
@t3asn0b Omg that artbook dude.,neither,0.034628659285881755,0.3830684666055864,0.5823028741085318
"For the record, Critters, y'all are dicks. That was SO PAINFUL what you made me do :D :(",neither,0.05702830478097504,0.4167785405275723,0.5261931546914526
"@MKrawchuk with 30k viewers, it would get out of hand quick",neither,0.029132429866803266,0.3650418561330908,0.6058257140001059
Its not a shadow puppet if we dont see the shadow,neither,0.02722059723494492,0.3532068437464257,0.6195725590186294
<3,neither,0.03945320844208391,0.33037608806864915,0.630170703489267
Bidet from oz. don't let my boss know I'm watching from my desk,neither,0.021432622962826654,0.4251285344469067,0.5534388425902665
Larkin will return in the neck chapter,neither,0.03990334103144927,0.29248344629978856,0.6676132126687623
"What, eating your hat? :D",neither,0.0855428494238479,0.31467044280176876,0.5997867077743834
its a british invasion,neither,0.034258133042682624,0.3321629127218158,0.6335789542355015
SO CONFLICTED.. This or MegaBots at 10???????,neither,0.03832195826953192,0.41647420134768204,0.5452038403827861
Dasbif I voted for hat-shaped candies!,neither,0.03461984199206162,0.3062273168383501,0.6591528411695884
"Join Liam, Matt, Taliesin & Marisha at the #PAX Unplugged #CriticalRole panel! Sat 18th November 2017, 4pm - 5:30pm | Main Theatre ,Philadelphia PA, PAX Unplugged http://unplugged.paxsite.com/schedule/panel/critical-role-talks-machina",neither,0.03789202221825641,0.29838935471859596,0.6637186230631478
"Was listening to The Sunken Tomb on the podcast today and wow that ep just really shaped the rest of the campaign, didn't it?",neither,0.02885250860088226,0.3291220723631345,0.6420254190359832
I am LITERALLY still occasionally recoiling or grimacing after that experience.,neither,0.03623002190032558,0.36757729412263984,0.5961926839770347
the neck chapter,neither,0.0381125936874792,0.3055175538888585,0.6563698524236623
@Leather69 Yea they probably weren't planning on being such a huge hit.,neither,0.034402279784398235,0.3655713881592084,0.6000263320563933
"you did good, you did good, gandsGrogSigil @Dasbif",neither,0.06923060842052685,0.41536580464870787,0.5154035869307654
#AreYouLocal???,neither,0.03945320844208391,0.33037608806864915,0.630170703489267
did they mention when they will have the big sit down with everyone for all the big juicy secrets?,neither,0.01642332889653246,0.45458799684626083,0.5289886742572067
inb4 Liam's character in the next campaign is named Larkin,neither,0.042922748674193704,0.3268113838645122,0.6302658674612942
what did you do @dasbif,neither,0.08380996394521646,0.39455261170724104,0.5216374243475425
One of them playing Larkin would be grand,neither,0.05074217471208386,0.3496895612035675,0.5995682640843487
How are you guys doing,neither,0.10593794146360917,0.3282700363684122,0.5657920221679786
donkykong underwater theme,neither,0.03945320844208391,0.33037608806864915,0.630170703489267
