text,top_class,hate_speech,offensive_language,neither
Game the Game has begun REFEsH if you do not see Becca,neither,0.033245411057461226,0.3232481662117397,0.6435064227307992
Hi Cheater!,neither,0.03945320844208391,0.33037608806864915,0.630170703489267
!beccawins,neither,0.03945320844208391,0.33037608806864915,0.630170703489267
"No she doesn't Kappa ...Uh, yes she does. Becca totally did not make me say this...",offensive_language,0.028608986014032577,0.5111599622232911,0.4602310517626763
"Yes she does. Becca always wins. You're hearing it from me, a totally impartial robut.",offensive_language,0.042142389953379995,0.5021798930357648,0.4556777170108552
jcvimHi becca,neither,0.03945320844208391,0.33037608806864915,0.630170703489267
muahaha!!,neither,0.03945320844208391,0.33037608806864915,0.630170703489267
Has Becca finally managed to capture Ivan and put him in the dungeon this week?,neither,0.042859061882788985,0.2893178266001437,0.6678231115170674
https://www.humblebundle.com/books/win-at-work-books,neither,0.0390491757657355,0.3427011476063143,0.6182496766279502
"Not that one, this one: https://www.humblebundle.com/books/pathfinder-worldscape-ultimate-book-bundle",neither,0.036081461101086676,0.38438112579236206,0.5795374131065514
We'll find out...,neither,0.03876698427261517,0.23878539127769483,0.72244762444969
gandsHecThor,neither,0.03945320844208391,0.33037608806864915,0.630170703489267
@Danoba whom are todays guest(s)?,neither,0.057469735246362175,0.2973842956591613,0.6451459690944766
ramaWow ramaWee beccaOshibaby beccaOshibaby,neither,0.03945320844208391,0.33037608806864915,0.630170703489267
NM,neither,0.03945320844208391,0.33037608806864915,0.630170703489267
Sorry still was on Vanas feed. refreshed,neither,0.035722870845123635,0.3604189898429614,0.603858139311915
@Leigh574 Working on that right now.,neither,0.03151942655670988,0.40935873524303656,0.5591218382002535
gotcha ;),neither,0.03945320844208391,0.33037608806864915,0.630170703489267
bent or twisted? so a Joan of Arc Lovecraftian game?,neither,0.038972973905369454,0.33062480813868134,0.6304022179559493
Vamperella? Haven't thought about her in 20+ years.,neither,0.03320811231172293,0.44727268646610274,0.5195192012221742
!schedule,neither,0.03945320844208391,0.33037608806864915,0.630170703489267
go becca go read that teliprompter,neither,0.03779859837954482,0.3818210537555549,0.5803803478649002
Should say Becca and her sacrificial targets!,offensive_language,0.03997071798832449,0.5367406012073747,0.4232886808043008
yeeeeehaw,neither,0.03945320844208391,0.33037608806864915,0.630170703489267
Re hrpgSub hrpgHyperHype,neither,0.10802165902134243,0.2484119200751343,0.6435664209035233
gandsJesstatorship gandsJesstatorship gandsJesstatorship,neither,0.03945320844208391,0.33037608806864915,0.630170703489267
Hi @Kdotz02,neither,0.03945320844208391,0.33037608806864915,0.630170703489267
Hey Chat yeah i am on time!,neither,0.02370567522204174,0.44460172588223007,0.5316925988957282
so Trinket is playing the game?,neither,0.047212391913469084,0.3094651961418067,0.6433224119447242
Hi @Holrend,neither,0.03945320844208391,0.33037608806864915,0.630170703489267
Becca is horsing around again!,neither,0.048100531429708174,0.368328464785996,0.5835710037842958
crack and pot? why ever leave that area?,neither,0.028999455046507534,0.3414928986535117,0.6295076462999808
4Head,neither,0.03945320844208391,0.33037608806864915,0.630170703489267
hrpgSub hrpgHyperHype,neither,0.03945320844208391,0.33037608806864915,0.630170703489267
today puns are horse teamed?,neither,0.05865905255061969,0.2753495366247028,0.6659914108246775
i dont understand,neither,0.03945320844208391,0.33037608806864915,0.630170703489267
cowboy gandsTrinket is best,neither,0.04729978200566552,0.319394409418878,0.6333058085754564
I enjoy that lasso much,neither,0.030606031096919718,0.3823019383861737,0.5870920305169065
nice,neither,0.03945320844208391,0.33037608806864915,0.630170703489267
take that camera operator beccaWIN,neither,0.03497624697041623,0.3791995289236978,0.585824224105886
feel free to spur them on,neither,0.06293251543251593,0.33138928801359757,0.6056781965538863
who are todays guests?,neither,0.07115999592693055,0.35035865398858845,0.578481350084481
"@holrend, manely yes",neither,0.03945320844208391,0.33037608806864915,0.630170703489267
Don't forget to visit Star Trek Online and support Shield of Tomorrow! www.StarTrekOnline.com/ShieldofTomorrow,neither,0.05687602105656693,0.30425729811326435,0.6388666808301687
who is this?,neither,0.05821697703665943,0.4560551609872064,0.48572786197613427
nice to know what it's all a boot,neither,0.051453714369304876,0.38739122616388855,0.5611550594668065
becca?,neither,0.03945320844208391,0.33037608806864915,0.630170703489267
New phone,neither,0.044685348505708364,0.1969335005713876,0.7583811509229041
@Holrend Let's 'rein' that idea in for a minute.,neither,0.020237512402641968,0.36711913378788014,0.6126433538094779
!whodat,neither,0.03945320844208391,0.33037608806864915,0.630170703489267
Becca Scott ( twitter.com/thebeccascott ).,neither,0.038777737464868046,0.44421439180286654,0.5170078707322655
"board games lol...the same type that like vinyl...""pls accept me i like vinyl and board games too""",neither,0.03884746666901664,0.3719201828778473,0.5892323504531362
yes this is becca beccaRoss beccaWIN beccaBeanCanEatingHand gandsBeccasaurus beccaRIP,neither,0.05308062298782461,0.32813447474430346,0.618784902267872
We have a subscriber-only Discord server! Join here: https://discord.gg/geekandsundry (you'll need to sub and link it to your Twitch) and be a part of the fun!...Warning: It can take up to an hour for the server to update and give you access to the channels,neither,0.08464076273808444,0.286394834032893,0.6289644032290227
is this the pregame info before they start?,neither,0.041527314242577745,0.3631163182324073,0.595356367525015
!becca,neither,0.03945320844208391,0.33037608806864915,0.630170703489267
"#ImpressedWithBecca Becca, ""The Boss"", Lady of the Fancy Pants, is half lion half dragon half assassin. She likes kittens and games where you kill stuff. After an unfortunate incident involving half-eaten donuts, the Disciples of Ushnux declared her to be the Absolute Worst. twitter.com/thebeccascott & twitch.tv/thebeccascott Check out her Web Series ""Gregg and Becca"" - http://bit.ly/1U7RlsA",neither,0.07696031799442647,0.39887947921807887,0.5241602027874945
this stream hurts me,neither,0.03290038038068042,0.3666093668382763,0.6004902527810434
My right ear is enjoying listening to this...,neither,0.039721981216038774,0.40103124660024353,0.5592467721837177
Re hrpgSub hrpgHyperHype,neither,0.10802165902134243,0.2484119200751343,0.6435664209035233
doody,neither,0.03945320844208391,0.33037608806864915,0.630170703489267
"yes, the pregame intro, it is",neither,0.043594174353613804,0.3165186297199529,0.6398871959264332
i coulden't... *couldn't*,neither,0.03945320844208391,0.33037608806864915,0.630170703489267
@Archangel3003 mine is fine,neither,0.049529233630643855,0.3269104809640973,0.6235602854052589
yeah this is pre game info. its also up on youtube if you want to watch it again later,neither,0.02935686352879046,0.4552883407397439,0.5153547957314656
"Help G&S make great content! $4.99/month gets you emotes, Minecraft server access, Sub Only Q&As, VODs, and more! Every sub keeps the channel alive! twitch.tv/geekandsundry/subscribe",neither,0.043092924924402844,0.32365565443818894,0.6332514206374082
wat\,neither,0.03945320844208391,0.33037608806864915,0.630170703489267
make sure the train won't gun it,neither,0.033300882347646214,0.42245712720456374,0.5442419904477901
@jenniferconnelly So get off...?,neither,0.038485097579833184,0.4226327688587277,0.5388821335614391
this girl makes me erect,neither,0.02427426594465168,0.4510481491776631,0.5246775848776852
@CazzySlasherTV The music and background sound seem ok but her voice seems mostly coming from my right headphone ear and sounds distance in left,neither,0.02899108516303683,0.4122740471050674,0.5587348677318957
i think im falling in lovw,neither,0.039103200170808525,0.355675809446008,0.6052209903831834
!respect,neither,0.03945320844208391,0.33037608806864915,0.630170703489267
"If you would like to share opinions on our hosts, guests or fellow viewers, please do so in a respectful manner. Don't make them feel uncomfortable.",neither,0.04843323757214918,0.39559142321184637,0.5559753392160044
"Shhh Chip, don't engage it, it might go away on its own.",neither,0.04710551542504359,0.32393820558225017,0.6289562789927062
@chiplickin how many funko pop figures do you own?,neither,0.08012312793364704,0.33718181682127746,0.5826950552450755
@Zymonic for reals,neither,0.03261539664810859,0.2962509210740107,0.6711336822778808
@Archangel3003 i think youre right. if you pop off the right ear it sounds perf tho,neither,0.03751464210225257,0.37912094412142505,0.5833644137763223
@jenniferconnelly None...? That was a jump,neither,0.03531744248779282,0.37617508972514585,0.5885074677870614
!wtfisthis,neither,0.03945320844208391,0.33037608806864915,0.630170703489267
You are watching #GameTheGame with Becca Scott and guests! Today's game is...'Train Heist'! More info here: boardgamegeek.com/boardgame/146880/train-heist,neither,0.08090705649832941,0.2712938601256241,0.6477990833760464
not really,neither,0.03696392572324643,0.3398373614668126,0.6231987128099411
i wish she was my girlfriend im falling in love,offensive_language,0.027207260791937984,0.5322351912741394,0.4405575479339225
@Kygo_chainze A description of how to play the game they are playing today!,neither,0.06017213955037799,0.24547969506905473,0.6943481653805673
shes so beautiful and her voice is perfect,offensive_language,0.03688606433098107,0.48932331764066533,0.4737906180283536
so many rules...,neither,0.03940990042488986,0.3797278512807944,0.5808622482943158
@Zymonic stop the harrasment,neither,0.03724122132507768,0.4516098060875859,0.5111489725873365
@jenniferconnelly alrighty then,neither,0.03945320844208391,0.33037608806864915,0.630170703489267
Complicated game but looks fun,neither,0.035306850862795565,0.2962515337653743,0.6684416153718302
!respect,neither,0.03945320844208391,0.33037608806864915,0.630170703489267
gandsGandsModAlert gandsGandsModAlert,neither,0.03945320844208391,0.33037608806864915,0.630170703489267
@Zymonic She's married,neither,0.041650717353065955,0.45758124188645033,0.5007680407604838
the sheriff is corrupt?,neither,0.04554427641560259,0.3143304190503487,0.6401253045340487
People with friends ;),neither,0.05903596466319396,0.3800829643501812,0.5608810709866249
@jenniferconnelly shes harassing me with her beautiful demeanor i just want to smell her i love her,offensive_language,0.020065253565187964,0.7000821654943838,0.2798525809404283
A lot of people,neither,0.08883479806831474,0.3240230410615843,0.5871421608701008
cmonBruh,neither,0.03945320844208391,0.33037608806864915,0.630170703489267
I don't know why I try to pay attention to the intros. I always forget them,neither,0.04692890439972456,0.3566492250892881,0.5964218705109874
@SquiizTV people who wear vests and own vinyl,neither,0.09518608340202984,0.33318528944556514,0.571628627152405
@JeffM0307 :(,neither,0.03945320844208391,0.33037608806864915,0.630170703489267
Is there a class I can take at college to learn how to play this game,neither,0.053240061834962174,0.28430226438038797,0.6624576737846498
the sheriff IS corrupt,neither,0.04554427641560259,0.3143304190503487,0.6401253045340487
is that trinket in the background?,neither,0.04302825611364453,0.3564786368482369,0.6004931070381185
@hardatk Yes!,neither,0.03945320844208391,0.33037608806864915,0.630170703489267
Mods are slow in this chat ain't they. Zymonic would have been timed out by now is other channels I've been in.,neither,0.026073829009818347,0.4331326754495534,0.5407934955406282
lol cowboy trinket,neither,0.030519324274572414,0.39614728109255143,0.5733333946328761
Crazy Becca aka Becca :P,neither,0.02726182429848659,0.45387100240337275,0.5188671732981406
married? well time to leave the stream then,neither,0.04271660273276153,0.32982573849200336,0.6274576587752352
Crazy Becca AKA just Becca,neither,0.024345837723490495,0.46449814708326403,0.5111560151932455
@Merlin017 yes. it was harrasment,neither,0.037150595117776214,0.33421200138256196,0.6286374034996619
That's Sheriff Trinket to y'all,neither,0.0441367379729353,0.45043069904179833,0.5054325629852664
"@jeffm0307, feliciaYEAH",neither,0.03945320844208391,0.33037608806864915,0.630170703489267
@archangel3003 they seem afk,neither,0.03945320844208391,0.33037608806864915,0.630170703489267
@archangel3003 They seem to have a bit to deal with today. Are we on front page?,neither,0.05043030508819092,0.3226878074310049,0.6268818874808041
"crit role one shot, trinket goes on a train heist",neither,0.036704334275257246,0.36418121986869106,0.5991144458560517
"Just remember that although many of the hosts of the channel are attractive, there's much more to them than that. For example, Becca is also incredibly evil.",neither,0.050801964798290446,0.3068730903519036,0.6423249448498061
I thought the sheriff was just trying to stop the robbers.,neither,0.04175700358493998,0.2989698100004402,0.6592731864146197
that was funny,neither,0.032337947299594404,0.41853837290889345,0.5491236797915122
