text,top_class,hate_speech,offensive_language,neither
Live,neither,0.04891340716200846,0.3271222919257548,0.6239643009122369
hiya,neither,0.03945320844208391,0.33037608806864915,0.630170703489267
World of Darkness : Vampire The Masquerade https://www.worldofdarkness.com/,neither,0.03891380740847319,0.3206029941075269,0.640483198484
eeeeeeeh,neither,0.03945320844208391,0.33037608806864915,0.630170703489267
if there isn't a Tzimisce I'm going to be disappointed.,neither,0.028580137451547267,0.3613240088880629,0.6100958536603899
we're live,neither,0.07702019449600846,0.29035571652515796,0.6326240889788335
WOOO BEST FAN ART TIME,neither,0.037647099173458515,0.3410153817198638,0.6213375191066778
ITS LIVE,neither,0.03646146549147045,0.3314050856575407,0.6321334488509888
Believe the wedding is Saturday.,neither,0.04577123020524002,0.31379256021721,0.64043620957755
wooooooo,neither,0.03945320844208391,0.33037608806864915,0.630170703489267
WOOOOOOOOT,neither,0.03945320844208391,0.33037608806864915,0.630170703489267
woot!!!!,neither,0.03945320844208391,0.33037608806864915,0.630170703489267
IT BEGINS,neither,0.037828236809968684,0.3309349903269868,0.6312367728630445
🔥🔥,neither,0.03945320844208391,0.33037608806864915,0.630170703489267
nice,neither,0.03945320844208391,0.33037608806864915,0.630170703489267
hype,neither,0.03945320844208391,0.33037608806864915,0.630170703489267
WOOOOOOOOOOOOOOOO,neither,0.03945320844208391,0.33037608806864915,0.630170703489267
ravnos 4eva,neither,0.03945320844208391,0.33037608806864915,0.630170703489267
I would love to see them play an Exalted one shot,neither,0.05333826778593804,0.3480403798460289,0.598621352368033
yaaaaaaas,neither,0.03945320844208391,0.33037608806864915,0.630170703489267
got here at the right time,neither,0.08601261992555169,0.38322682161192473,0.5307605584625235
"Help G&S make great content! $4.99/month gets you emotes, Minecraft server access, Sub Only Q&As, VODs, and more! Every sub keeps the channel alive! twitch.tv/geekandsundry/subscribe",neither,0.043092924924402844,0.32365565443818894,0.6332514206374082
ayy,neither,0.03945320844208391,0.33037608806864915,0.630170703489267
"Live, refresh if you need to",neither,0.04332022735325295,0.4157303187331194,0.5409494539136276
yay!,neither,0.03945320844208391,0.33037608806864915,0.630170703489267
Art!,neither,0.03945320844208391,0.33037608806864915,0.630170703489267
"All Tremere, all day for me!",offensive_language,0.028141092721131362,0.48969761859116856,0.4821612886877001
so excited for this!! first live stream!,neither,0.03261736166646612,0.3410024104587159,0.6263802278748181
WOO,neither,0.03945320844208391,0.33037608806864915,0.630170703489267
art is up,neither,0.045991427074099804,0.39187272382964855,0.5621358490962516
"Oh Crap, here come the tears",neither,0.07885072242962628,0.2703482343417705,0.6508010432286031
Bidet!,neither,0.03945320844208391,0.33037608806864915,0.630170703489267
@spookalot I think people underestimate Sam's range.,neither,0.06678016637761826,0.3199532493557474,0.6132665842666343
I BELIEVE!,neither,0.03945320844208391,0.33037608806864915,0.630170703489267
"Hoping Sam plays Malkavian, Travis: Gangrel, Laura: Brujah, Liam: Cappodocian?, Marisha: Toreador",neither,0.03945320844208391,0.33037608806864915,0.630170703489267
@uchihareizo One of my favorite characters between the two games was playing a member of the Carthians who was a Ventrue Clan Supremacist bloodline (Deucalion) and was so proper and knew decorum that all of the Invictus loved her.,neither,0.030109839450966198,0.4682393035416769,0.5016508570073568
HERE COME THE FEELS AGAIN,neither,0.07814028120026971,0.3331168021110434,0.5887429166886868
"The channel has gone live, if you cannot see fan art please refresh.",neither,0.03806528570573744,0.3693331668636201,0.5926015474306424
IT'S THURSDAY!,neither,0.03752336384949593,0.3310398501182267,0.6314367860322773
woooooooo!,neither,0.03945320844208391,0.33037608806864915,0.630170703489267
oooooh.... it's almost time....,neither,0.036088931351621376,0.35708609377273953,0.606824974875639
@Varien103 They talked about it in Talks Machina,neither,0.03675789714172526,0.355330682797516,0.6079114200607587
Bidet,neither,0.03945320844208391,0.33037608806864915,0.630170703489267
It begins!,neither,0.037828236809968684,0.3309349903269868,0.6312367728630445
Beep beep from Portland Oregon.,neither,0.040371808140217125,0.31478505383715205,0.6448431380226308
talesin one shot time,neither,0.03694637906731997,0.3936380903858857,0.5694155305467942
what they doing tonight?,neither,0.04265323671138697,0.30089766456085515,0.6564490987277579
TTATT,neither,0.03945320844208391,0.33037608806864915,0.630170703489267
BIDET!,neither,0.03945320844208391,0.33037608806864915,0.630170703489267
woot,neither,0.03945320844208391,0.33037608806864915,0.630170703489267
"Repeat The channel has gone live, if you cannot see fan art please refresh.",neither,0.038150731619647,0.36679518278224515,0.5950540855981077
Woooooo,neither,0.03945320844208391,0.33037608806864915,0.630170703489267
"Art is brutal this week, just be ready]",neither,0.041780542517722646,0.34706787193890065,0.6111515855433766
bidet from Montana,neither,0.04078317879478948,0.307803020237201,0.6514138009680096
raven BibleThump,neither,0.03945320844208391,0.33037608806864915,0.630170703489267
All I want is for Laura to be a Ventrue,neither,0.05540343360818869,0.36813956287948274,0.5764570035123284
I'm so excited! It's my first steam! :DD,neither,0.025233265529295737,0.4368477760031049,0.5379189584675994
my emotions,neither,0.02572345269125892,0.4404145862843712,0.5338619610243699
Bidet From Texas bawkCozy,neither,0.040937266849991,0.30518774380265185,0.6538749893473571
Bidet for Norway,neither,0.023896577328981292,0.2538532852897668,0.7222501373812519
Oh no more tears,neither,0.045928296014603534,0.2842840398460728,0.6697876641393237
Uber Spoilers for anyone not caught up in the campaign here.,neither,0.05665704793978317,0.3122823733269812,0.6310605787332356
live @ 4:20 global time,neither,0.042311622988582646,0.3457582448977745,0.6119301321136429
*all the tears*,neither,0.040338631215344804,0.3977110566434791,0.5619503121411762
Here's my players guess for tonight : DM -> Taliesin Jaffe; Liam O'Brien (confirmed); Satine Phoenix; Wayne Foster; Sam Riegel or Darin De Paul; Mary Elizabeth McGlynn ; and last but not least Ashly Burch,neither,0.0415063734778381,0.3227421380324105,0.6357514884897514
Ever and Always,neither,0.035827612434773864,0.3508119440167601,0.6133604435484662
a one shot vampire the masquerade,neither,0.03780217047725839,0.3443494040840574,0.6178484254386843
I can't even wait!,neither,0.038562884082862736,0.34548721600605453,0.6159498999110826
BIDET: WA State. =),neither,0.07533289535148288,0.22265910210986126,0.7020080025386558
"@McLurkey ahh ty ty, i'm 1 episode of talks ood =P",neither,0.03945320844208391,0.33037608806864915,0.630170703489267
SO MANY FEELS! My Heart! :(,neither,0.029090272930900333,0.4526902447909847,0.5182194822781149
Beep Beep and Bidet TwitchUnity,neither,0.03763944115734239,0.1918412352459551,0.7705193235967025
"Bidet from Plano, TX!!",neither,0.040473471510038425,0.31305956113103167,0.64646696735893
Ah... one last run of art... next week we will see so so many vampires.,neither,0.0392332807153983,0.39036299214409603,0.5704037271405056
@storywriter131 That would be good too! :),neither,0.03345976906329727,0.38554550775338614,0.5809947231833166
gandsSubHype gandsSubHype gandsSubHype gandsSubHype gandsSubHype gandsSubHype,neither,0.03945320844208391,0.33037608806864915,0.630170703489267
!critmusic,neither,0.03945320844208391,0.33037608806864915,0.630170703489267
The Critical Role theme song is written by Jason Charles Miller (bit.ly/CRsong ). The fan art music is Twin Elms from the Pillars of Eternity Soundtrack (youtu.be/WYMLvmilS24 ),neither,0.04451672980050135,0.3243004653192533,0.6311828048802453
I hope seeing a VtM one-shot with this group gets some new blood interested in WoD games.,neither,0.045366431484160634,0.26455742363800666,0.6900761448778328
Biet fro TRinidad,neither,0.03945320844208391,0.33037608806864915,0.630170703489267
this is gonna be fun,neither,0.04854706322153977,0.3905454256615637,0.5609075111168966
It's Thursday and I have to work tomorrow,neither,0.042741530687279754,0.30049477780097816,0.6567636915117421
Bidet from Boston critters!,neither,0.040769555981420263,0.3080342349327864,0.6511962090857933
"Bidet, SW FL!",neither,0.03945320844208391,0.33037608806864915,0.630170703489267
Bidet from Indiana btw,neither,0.0404978553206453,0.3126457042283583,0.6468564404509964
nice,neither,0.03945320844208391,0.33037608806864915,0.630170703489267
wow the fanart hurts more this week,neither,0.04017569982058034,0.30959920687736026,0.6502250933020595
!critrole,neither,0.03945320844208391,0.33037608806864915,0.630170703489267
"Critical Role will continue airing on Thursdays at the regular time. There will be one-shots and other fun things until the end of the year, and then in January a new campaign will begin, set 20 years after the story of Vox Machina. Don't worry, Critters, the show isn't going anywhere. ❤",neither,0.04175799107095323,0.248390363655863,0.7098516452731838
"Crap, don't cry, don't dry, beep, beep, and bidet.",neither,0.038817343862119144,0.2988589442834064,0.6623237118544744
^^/,neither,0.03945320844208391,0.33037608806864915,0.630170703489267
I literally just finished watching the last episode!,neither,0.035591433537002164,0.3337152210092247,0.630693345453773
bidet UK,neither,0.03945320844208391,0.33037608806864915,0.630170703489267
refresh,neither,0.03945320844208391,0.33037608806864915,0.630170703489267
awesome line-up tonight,neither,0.03436002418209643,0.35456374243412203,0.6110762333837816
gandsLessthanthree,neither,0.03945320844208391,0.33037608806864915,0.630170703489267
gandsLessthanthree gandsLessthanthree gandsLessthanthree gandsLessthanthree,neither,0.03945320844208391,0.33037608806864915,0.630170703489267
Bidet from Michigan,neither,0.040769555981420263,0.3080342349327864,0.6511962090857933
Lot of teary moments in the last few weeks,neither,0.03881677069776171,0.3188162130004182,0.6423670163018201
Omaiowah,neither,0.03945320844208391,0.33037608806864915,0.630170703489267
Bidet from Vancouver yo,neither,0.042113791733042076,0.43633982111240754,0.5215463871545503
"@AxisOfAnarchy well, then i can totally understand, glad you liked the game :)",neither,0.048612815356831415,0.31465325068415906,0.6367339339590096
All the Loveto Nightbot...you o a grea Job! XD,offensive_language,0.0717718468803774,0.5125871242937513,0.41564102882587123
yay its friday {In Australia },neither,0.034918318856048194,0.3319358445473812,0.6331458365965706
gandsSubHype gandsSubHype gandsSubHype gandsGandsVaxSigil gandsGandsVaxSigil,neither,0.03945320844208391,0.33037608806864915,0.630170703489267
Who's on?,offensive_language,0.034765026517517554,0.5108731450415548,0.45436182844092765
"@kainescienceman It's not that I underestimate his abilities, I think it'd lift the ""darkness"" a bit.",neither,0.04843944366718235,0.34609682242324546,0.6054637339095722
Bidet From California,neither,0.06971251856910227,0.2972619859879888,0.633025495442909
"Bidet from Singapore, everybody",neither,0.041148875469874564,0.30159619326873693,0.6572549312613886
Bidet from NZ,neither,0.04228451509352876,0.2823214250720796,0.6753940598343917
the feels...,neither,0.03820203110584179,0.30724353300194457,0.6545544358922136
TTATT,neither,0.03945320844208391,0.33037608806864915,0.630170703489267
beep beep .... baaa dummm ba dummm,neither,0.03945320844208391,0.33037608806864915,0.630170703489267
it's happening!,neither,0.037828236809968684,0.3309349903269868,0.6312367728630445
@kulgy need a hug?,neither,0.03923113654052774,0.32851648655578886,0.6322523769036834
time for some more emotional pain from the fanart gallery!,neither,0.03120467069797466,0.3050391077197433,0.663756221582282
"Serrenrae damn it, try not to cry BibleThump",offensive_language,0.04921764201262973,0.7999530283644386,0.15082932962293175
Too many feels!!!,neither,0.0391673827891597,0.33522729534428564,0.6256053218665547
bidet!,neither,0.03945320844208391,0.33037608806864915,0.630170703489267
I already miss Vox Machina...,neither,0.029499595107549542,0.3576117827012822,0.6128886221911682
"@louislelion If that's true, Mary McGlynn has experience playing vampires, so that'll be fun.",neither,0.026511178847129425,0.42665993569121763,0.5468288854616529
Come on new year for new story.,neither,0.03656517446421867,0.20692216212201037,0.756512663413771
Bidet!,neither,0.03945320844208391,0.33037608806864915,0.630170703489267
"Taliesin, who as a Malkavian , will play all the characters",neither,0.04008959477117955,0.44274432515493767,0.5171660800738828
"Gonna have to close chat, I'm not caught up quite yet and I don't want another ""Han dies"" moment in my life.",neither,0.04870122028816852,0.3897567630364686,0.5615420166753629
bidet from NYC!,neither,0.04081748366884477,0.3072207769958956,0.6519617393352596
bidet from ID,neither,0.04097845174991622,0.304488728566897,0.6545328196831867
i hope this isnt as all over the place as liams,neither,0.061504140792620975,0.2965298591703431,0.6419660000370359
bidet from baton rouge,neither,0.040334677536117594,0.315415257091876,0.6442500653720065
get back in there tear,neither,0.038886013648366406,0.2966644434076311,0.6644495429440025
ayyyy boiz,neither,0.03945320844208391,0.33037608806864915,0.630170703489267
almost midnight here we go,neither,0.08344050803373494,0.3014083220565032,0.6151511699097618
Who's playing tonight?,neither,0.036496311390906866,0.3740958008429161,0.589407887766177
bidet from WA,neither,0.04071751644889743,0.3089174816120565,0.6503650019390461
oh cmon art. we all just got done crying!,neither,0.03941539813054605,0.40088081019355215,0.5597037916759018
@mrlurky Maybe a little lol,neither,0.029562710093690322,0.40765170399619877,0.5627855859101109
"Art is brutal this week, Lots of Onions",neither,0.04415406347052329,0.3296877221083214,0.6261582144211553
"BibleThump I'm gonna miss VM, also Bidet to all the Critters",neither,0.03813433221137553,0.43382950457495123,0.5280361632136731
So excited,neither,0.03940839469474773,0.3948270312238364,0.565764574081416
A very spooky bidet to you all!,neither,0.06781741620310593,0.45145127842170296,0.4807313053751911
I still haven;t acceptied it's over,neither,0.03364934191016769,0.3499854480189094,0.6163652100709228
Talisen better use the Crow Soundtrack for background music,neither,0.02029309033052407,0.1551941700773916,0.8245127395920844
bidet all,offensive_language,0.046917543854519406,0.6277741405869331,0.3253083155585475
"bidet from CT, USA",neither,0.04037932620557306,0.31465745264747463,0.6449632211469523
And immediately hit with sad percy missing his family. Geez louise man.,neither,0.04410479288412029,0.36195520471657655,0.5939400023993031
Bidet from PA,neither,0.04069404815304118,0.30931579984010865,0.6499901520068502
bless and damn the artists for their beautiful spectacular ability to hurt me deeply,offensive_language,0.03701075125891793,0.5303906301362717,0.43259861860481036
Beep beep from Sydneyy,neither,0.04228451509352876,0.2823214250720796,0.6753940598343917
Fanart spoilers! ::weeeps because not caught up to the end of the campaign::,neither,0.03981096608618104,0.3438505892458908,0.6163384446679282
beep beep from Finland,neither,0.04228451509352876,0.2823214250720796,0.6753940598343917
"@uchihareizo Yeah my experience is more with LARP and I got burned a lot by people making the game entirely PvP and if you weren't on their side, you got staked.",offensive_language,0.033185757307893346,0.4909407932808509,0.47587344941125564
another bidet from baton rouge,neither,0.07722562493174379,0.2595609178819292,0.6632134571863271
bidet,neither,0.03945320844208391,0.33037608806864915,0.630170703489267
Bidet from Edmonton *wave*,neither,0.04081748366884477,0.3072207769958956,0.6519617393352596
hmmmm anyone else got a hankering for a nice tall glass of nice... warm O Negative?,neither,0.035908095343135486,0.33658803153910116,0.6275038731177635
holy crap I am excited vampire the masquerade is the best,neither,0.04260547188007997,0.30488035452600126,0.6525141735939187
@McLurkey maybe a little lol,neither,0.029562710093690322,0.40765170399619877,0.5627855859101109
@TheOnyxPath Let's hope so then !,neither,0.055423540474654004,0.2811502567668631,0.6634262027584829
bidet 3am,neither,0.03945320844208391,0.33037608806864915,0.630170703489267
though grog did have a slim chance of drawing the fates card and possibly rescue Vax,neither,0.03835391589130776,0.3065455063133308,0.6551005777953615
sniff sniff gandsDrink gandsDrink gandsDrink,neither,0.03945320844208391,0.33037608806864915,0.630170703489267
I just finished watching the last few episodes in the past few days. I can't take the feels,neither,0.03633689937647859,0.3159240348322815,0.6477390657912399
I hope this is just super dark,neither,0.07847076814185618,0.2424993104626748,0.6790299213954691
huzah,neither,0.03945320844208391,0.33037608806864915,0.630170703489267
"Is everyone gonna be here, because then I won’t have to cry, also what the fuck is BIDET",offensive_language,0.22663335319904698,0.7514602554815992,0.021906391319353794
oh sweet,neither,0.046654552924585355,0.26273073470421887,0.6906147123711958
bidet from Huntsville TX,neither,0.04081748366884477,0.3072207769958956,0.6519617393352596
Bidet from Pennsylvania,neither,0.04069404815304118,0.30931579984010865,0.6499901520068502
"Bidet from Sydney, hope we see a malkavian tonight!",neither,0.06544132915788894,0.21298907569396433,0.7215695951481468
theres mine lol,neither,0.03157931284118824,0.38757046274245094,0.5808502244163609
the fantastic artwork getting the critical hits in the feels,neither,0.03555385214753342,0.3445353902020993,0.6199107576503673
@dreadyeti where in CT? me too!,neither,0.033994162415049,0.3414574141837575,0.6245484234011935
bidet,neither,0.03945320844208391,0.33037608806864915,0.630170703489267
too bad he drew void lol,neither,0.03348240575755326,0.38511414455039394,0.5814034496920528
when is the new campaign?,neither,0.039218817770993196,0.26878006410648475,0.6920011181225221
Bidet also from PA!,neither,0.04050016173213581,0.31260655840611007,0.6468932798617543
@Lucifer753 some Type O Negative???,neither,0.031003580621344663,0.3452066027453311,0.6237898166333243
Bidet critters,neither,0.03945320844208391,0.33037608806864915,0.630170703489267
@Rosenrot234 seriously!!!! I've cried enough!!!,neither,0.02089393926224037,0.31385716119374873,0.6652488995440108
what if Liam and Laura end up playing as Share and Kashaw' s twins?,neither,0.028450830788013342,0.3607569928906756,0.610792176321311
@AlyMccART well done!,neither,0.03835210096346887,0.34906475564227485,0.6125831433942563
"Bidet from Ottawa, Ontario, Canada!",neither,0.040354386843928725,0.3150807387011266,0.6445648744549448
Bidet o/,neither,0.03945320844208391,0.33037608806864915,0.630170703489267
this!! fanart!! hurts!! so!! much!!,neither,0.035147733577304725,0.38281213280170356,0.5820401336209917
this art man..... stripOhno stripThump,neither,0.039500617366438805,0.40740052845094665,0.5530988541826145
bidet from kansas city!,neither,0.04050054910234117,0.3125999837227694,0.6468994671748894
@AlyMccART Looks amazing,neither,0.03945320844208391,0.33037608806864915,0.630170703489267
That ending made me cry so hard I subbed,offensive_language,0.027595710032902745,0.5418363160516444,0.43056797391545293
New campain after new year,neither,0.04549843183129966,0.17388387673162564,0.7806176914370747
bidet from Halifax,neither,0.04228451509352876,0.2823214250720796,0.6753940598343917
"Bidet from the watermelon capital of Texas, Critters!!!!",neither,0.03954759513296356,0.30504244495931904,0.6554099599077173
bidet from CA,neither,0.04084513770590474,0.30675141581570226,0.6524034464783931
UNCLE GROG!,neither,0.3078799783341611,0.10855700816098336,0.5835630135048555
Bidet from Utah,neither,0.04066490145509902,0.30981049537100724,0.6495246031738937
I hope Taliesin just makes them do super dark and terrible things lol,neither,0.06147926574546176,0.2735336811734033,0.6649870530811349
T____________T,neither,0.03945320844208391,0.33037608806864915,0.630170703489267
awwwwww the uncle grog art,neither,0.12034808442712457,0.21022842188521942,0.669423493687656
"@andraxes_lives NZ is a beautiful country, I was lucky enough to get to live there last year!",neither,0.06151808389018706,0.30164152873361283,0.6368403873762001
We're glad everyone's so excited about VTM!,neither,0.04590816756514237,0.4443923875534364,0.5096994448814213
I'm really hoping we get the Pandemonium Run as a one-shot,neither,0.03631931591615115,0.3731664272767541,0.5905142568070947
No. Matt said even the card wouldn't have been enough. It's almost impossible to break a deal with a god after it's already happened.,neither,0.03415270496441092,0.3639143259941375,0.6019329690414514
"Bidet from Springfield, MA",neither,0.03429339356177075,0.41795161263134534,0.5477549938068839
and so it begins,neither,0.03702075117330028,0.3334064572415291,0.6295727915851705
are they still playing dnd tonight or is it another rpg?,neither,0.10284276949818379,0.24043870874954673,0.6567185217522695
Bidet,neither,0.03945320844208391,0.33037608806864915,0.630170703489267
Hi,neither,0.03945320844208391,0.33037608806864915,0.630170703489267
Vax :(,neither,0.03945320844208391,0.33037608806864915,0.630170703489267
"man there is just a, wowie there's a whole lotta sad. But then Uncle Grog reading stories makes it all better",neither,0.07945461063393167,0.2984765282971908,0.6220688610688776
damn that Zahra art,offensive_language,0.04117290494714604,0.7494248603977015,0.20940223465515234
I'm so excited about the idea of VtM! Good luck Talesin!,neither,0.03701917995132259,0.37146812190620726,0.5915126981424702
can't look at fan art... must not cry.,neither,0.04008415001396036,0.33616986793563564,0.623745982050404
beep beep bidet from Washington State,neither,0.07569869260918143,0.20816383471815325,0.7161374726726654
@cuzcats @Krylo2000 thank you!,neither,0.07325166854587051,0.43632638485078484,0.49042194660334476
Tonight Taliesin is running a micro-campaign out of Vampire the Masquerade.,neither,0.039192786671723046,0.313864244833959,0.6469429684943179
Bidet from california,neither,0.06971251856910227,0.2972619859879888,0.633025495442909
Vampire :The Masquerade wiki http://whitewolf.wikia.com/wiki/Vampire:_The_Masquerade,neither,0.037608170573514454,0.2762829011663598,0.6861089282601258
Bidet from Twitchcon!,neither,0.04228451509352876,0.2823214250720796,0.6753940598343917
Is it going to be a new campaign right away or is there going to be an epilogue?,neither,0.058648979914121706,0.2775723221359763,0.6637786979499021
@triplehelix616 Vampire: The Masquerade,neither,0.038372653207642965,0.3105039192898759,0.6511234275024811
"I'm really digging the ""Keyleth"" with raven"" stuff. A very compelling visual.",neither,0.03156756368537682,0.3440887517857833,0.6243436845288399
it hasnt started yet right?,neither,0.03692895642757616,0.35092085553648533,0.6121501880359385
Bidet fron Saint John,neither,0.03945320844208391,0.33037608806864915,0.630170703489267
"CRITTERS! Who is your favorite person, and why is it me? gandsLessthanthree",neither,0.056911801432110075,0.38247597366953706,0.5606122248983529
BIDET FROM ARIZONA,neither,0.04078317879478948,0.307803020237201,0.6514138009680096
"Oh, love uncle Grog",neither,0.200715659519874,0.13456434356001068,0.6647199969201153
"Bidet from the Underdark, VA",neither,0.0395975487247086,0.2929303761973238,0.6674720750779677
bidet from melbournw!,neither,0.04228451509352876,0.2823214250720796,0.6753940598343917
"Haha, Jocks Machina are cool!",neither,0.06655138334298003,0.3624828894097799,0.5709657272472399
bidet from the land of the crimson tsunami,neither,0.03887751670284585,0.29056886409951904,0.6705536191976352
All your art is spectacular and beautiful beyond these simple words,neither,0.07659471565874956,0.38861789775675876,0.5347873865844917
Be pleased,neither,0.04002562477733436,0.33516942876397554,0.6248049464586901
is it new campaign today?,neither,0.04821724623494163,0.22188609223062206,0.7298966615344363
Tonight's game is Vampire :The Masquerade,neither,0.043377104696496124,0.2638968083654929,0.692726086938011
Tailsen said Vampire stuff in his tweet,neither,0.059815365201861655,0.33210544757753685,0.6080791872206016
It is really cook to see the viewer count rise like that.,neither,0.05365493606586368,0.3534868903035934,0.5928581736305428
Bidet from Saskatoon!!,neither,0.04228451509352876,0.2823214250720796,0.6753940598343917
*cool,neither,0.03945320844208391,0.33037608806864915,0.630170703489267
am i last,neither,0.03915362635418411,0.33047912808619506,0.630367245559621
minis!,neither,0.03945320844208391,0.33037608806864915,0.630170703489267
"@ccp_manifest Hey, good to see you here!",neither,0.15429185301496115,0.3206712736068858,0.5250368733781531
"well yes but not break it, maybe shift it a year or two would still have been better",neither,0.03476842437560437,0.34560756425309214,0.6196240113713035
Love the violin one!,neither,0.031847419986012905,0.3785676711147011,0.5895849088992859
dat matt!,neither,0.03945320844208391,0.33037608806864915,0.630170703489267
!critrole,neither,0.03945320844208391,0.33037608806864915,0.630170703489267
"Critical Role will continue airing on Thursdays at the regular time. There will be one-shots and other fun things until the end of the year, and then in January a new campaign will begin, set 20 years after the story of Vox Machina. Don't worry, Critters, the show isn't going anywhere. ❤",neither,0.04175799107095323,0.248390363655863,0.7098516452731838
gandsSubHype gandsSubHype gandsSubHype gandsSubHype gandsSubHype gandsSubHype,neither,0.03945320844208391,0.33037608806864915,0.630170703489267
Bidet from Maryland!,neither,0.04066490145509902,0.30981049537100724,0.6495246031738937
"bidet Peoria, AZ",neither,0.03945320844208391,0.33037608806864915,0.630170703489267
New campaign starts in 2018,neither,0.04279045823760008,0.24739475177912748,0.7098147899832724
love all this fanart,offensive_language,0.03726708967488057,0.5006199993974062,0.4621129109277133
wonder what shennanigans were getting into tonight,neither,0.03853233458366619,0.349694553601189,0.6117731118151448
"one person I need in every one shot Ashley B, please?",neither,0.03823034607269623,0.36996890369887603,0.5918007502284278
Tonight Taliesin is running a micro-campaign out of Vampire the Masquerade.,neither,0.039192786671723046,0.313864244833959,0.6469429684943179
"Bidet from Arkansas. Using the mobile app today, works a lot better than I thought.",neither,0.03833592534956104,0.2908541045962402,0.6708099700541987
Bidet from Utah where I support uncle grog,neither,0.1791180728651534,0.17832363839498583,0.6425582887398609
the last artwork of critrole :3,neither,0.03799912959041977,0.30330985881124356,0.6586910115983367
wintercritter -> Only those that we deem worthy shall possess the power of the Hyperlink [warning],neither,0.048140585852785724,0.2990817588418225,0.6527776553053918
@Dasbif dasbif bc tacos,neither,0.03945320844208391,0.33037608806864915,0.630170703489267
hey @TheOnyxPath <3 love from the remaining White Wolfer at CCP,hate_speech,0.4510160789736164,0.44045091193926816,0.10853300908711534
@oliviermulligan Did he talk about The Fates? That's the only card who's power rivals a god,neither,0.0266844733186224,0.39704138433360864,0.5762741423477691
!critrole,neither,0.03945320844208391,0.33037608806864915,0.630170703489267
"Bidet from Aachen, Germany",neither,0.04069404815304118,0.30931579984010865,0.6499901520068502
Bidet from Michigan,neither,0.040769555981420263,0.3080342349327864,0.6511962090857933
"@Slikone12 Nope, a One Shot",neither,0.03851880667067525,0.36469255813361084,0.596788635195714
!uptime,neither,0.03945320844208391,0.33037608806864915,0.630170703489267
Bidet from NYC,neither,0.04081748366884477,0.3072207769958956,0.6519617393352596
frist live steam,neither,0.04418411957771545,0.32874891079032487,0.6270669696319597
We made a deity in our Pathfinder based on a pic of Matt with a chain of NPC faces,neither,0.030328949242939916,0.3906738505433689,0.5789972002136912
New campaign doesnt start till after the new year,neither,0.043091936337182266,0.21424086164284836,0.7426672020199694
Is everyone ready to drink blood tonight?,neither,0.0436018950225676,0.38486809587387105,0.5715300091035614
bidet from Arkansas,neither,0.04066490145509902,0.30981049537100724,0.6495246031738937
Curse you Mangojello!,neither,0.06420890616913892,0.39815463276326174,0.5376364610675992
oh shit is taliesin the dm tonight??,offensive_language,0.05937428718850686,0.9369791423614593,0.0036465704500337555
"Bidet from Saskatoon, Saskatchewan :D",neither,0.04228451509352876,0.2823214250720796,0.6753940598343917
Bidet from Finland !,neither,0.04228451509352876,0.2823214250720796,0.6753940598343917
i think grog is cool,neither,0.05264511533100299,0.31344427623739934,0.6339106084315976
PogChamp @cuzcats,neither,0.03945320844208391,0.33037608806864915,0.630170703489267
❤,neither,0.03945320844208391,0.33037608806864915,0.630170703489267
How's everyone doing tonight?,neither,0.03139714883186287,0.4081955110547722,0.5604073401133648
any art tonight?,neither,0.03682064336393862,0.3083313270353222,0.6548480296007392
Taliesin is DM'ing a one shot Vampire the masquerage! :),neither,0.04370498996172622,0.3387475788405368,0.6175474311977369
Bidet from Toronto,neither,0.04066490145509902,0.30981049537100724,0.6495246031738937
Bidet from Saskatoon Saskatchewan.,neither,0.04228451509352876,0.2823214250720796,0.6753940598343917
"after all gods are immortal, a year or two wouldnt kill them",hate_speech,0.4008010327771351,0.20542826380874407,0.39377070341412085
bidet frim socal,neither,0.03945320844208391,0.33037608806864915,0.630170703489267
Bidet from England~ <3,neither,0.04071751644889743,0.3089174816120565,0.6503650019390461
Cute Grog!,neither,0.04322311181158326,0.266390989224455,0.6903858989639619
good day,neither,0.039184892391848775,0.3050917618113163,0.6557233457968349
All hail our vampire overlords.,neither,0.04060642849677465,0.37772210133982,0.5816714701634054
"@The_Fezgig ok, cool",neither,0.03938398024040809,0.33155107132229716,0.6290649484372947
masquerade*,neither,0.03945320844208391,0.33037608806864915,0.630170703489267
omg uncle grog,neither,0.20553137795245696,0.16070692444753235,0.6337616976000108
UNCLE GROG!,neither,0.3078799783341611,0.10855700816098336,0.5835630135048555
bob are you here? I know you are here you big beautiful kid,neither,0.22243843784412826,0.328831856175501,0.4487297059803708
Bidet from Adelaide Australia... Im not ready for this... but im so ready for this,neither,0.030784554161287912,0.3531741579463645,0.6160412878923476
good evening critters! What are we drinking as we were into a World of Darkness?,neither,0.05442930765516007,0.31330992881577624,0.6322607635290637
awwhh baby scanlan pike <3,neither,0.03945320844208391,0.33037608806864915,0.630170703489267
i just realised how small a gnome baby would be in Grog's gigantic hands,neither,0.03660735735433393,0.342001629943478,0.621391012702188
why is everyone talking about the butt cleaner and then saying their location,neither,0.0297594439660297,0.4004160019031026,0.5698245541308677
UNCLE GROG IS THE BEST!,neither,0.219424000094148,0.14340953066416504,0.637166469241687
Bidet from Oregon.....,neither,0.04071751644889743,0.3089174816120565,0.6503650019390461
@Niantsirhc will we all Wang Ching tonight???,neither,0.0392451178864036,0.34810531292258495,0.6126495691910113
@ccp_manifest Sixth anniversary today. Seems appropriate.,neither,0.03854358936952729,0.3165509738909875,0.6449054367394851
:o Taliesin DMing? So exciting!!!,neither,0.03941495364315145,0.3677215662450138,0.5928634801118348
"don from saskatoon, VtM for life. Brujah!!",neither,0.02924737348937385,0.34712614011674403,0.6236264863938821
Bidet from Brisbane Australia,neither,0.04062582848913359,0.31047366557575606,0.6489005059351104
"@The_Fezgig oh yeah, the title... lol",neither,0.02211369125052038,0.42316104073223637,0.5547252680172432
Good Evening everyone... YAYYYYY its Thursday gandsNatTwenty gandsSubHype,neither,0.03151041875841763,0.3993157752598022,0.56917380598178
Bidet from Regina. Saskatchewan!,neither,0.04062582848913359,0.31047366557575606,0.6489005059351104
TTATT,neither,0.03945320844208391,0.33037608806864915,0.630170703489267
Bidet from Michigan!,neither,0.040769555981420263,0.3080342349327864,0.6511962090857933
!uptime,neither,0.03945320844208391,0.33037608806864915,0.630170703489267
@TheDiMono so sad and so excited for the next chapter,neither,0.03286210291146604,0.33971005432677115,0.6274278427617629
"I forgot they were gonna run VtM tonight. Funny, as I am gonna be starting a VtM game next week",neither,0.035214243094078994,0.36607345777637174,0.5987122991295494
bidet from Norcal,neither,0.04228451509352876,0.2823214250720796,0.6753940598343917
bidet from hell,offensive_language,0.04282387748247523,0.8742163882703163,0.08295973424720841
Bidet from Minneapolis!,neither,0.04228451509352876,0.2823214250720796,0.6753940598343917
bidet from nowhere,neither,0.04078317879478948,0.307803020237201,0.6514138009680096
we never found out will harkin went,neither,0.03307299182270338,0.36362556801162343,0.6033014401656733
Bidet from Brazil,neither,0.04079557052152802,0.30759270029461827,0.6516117291838538
9 misn folks,neither,0.03945320844208391,0.33037608806864915,0.630170703489267
Bidet from Maryland!,neither,0.04066490145509902,0.30981049537100724,0.6495246031738937
Hey critters!! :D super excited for Talks game tonight :D,neither,0.033693251256042306,0.27236226358855753,0.6939444851554003
BIDET from Vancouver!,neither,0.04228451509352876,0.2823214250720796,0.6753940598343917
!clock,neither,0.03945320844208391,0.33037608806864915,0.630170703489267
It is currently 6:51 PM at the Geek & Sundry studio in California.,neither,0.0534460154289174,0.3294088346371876,0.617145149933895
Bidet,neither,0.03945320844208391,0.33037608806864915,0.630170703489267
"bidet from Moray, Scotland",neither,0.04062582848913359,0.31047366557575606,0.6489005059351104
"BIdet from Hobart, Tasmania, Australia. Bottom of the world.",neither,0.03955277537121272,0.3037505820322172,0.6566966425965701
I haven't heard back from Talks or G&S about prints of my Vecna one... i know a lot of people wanted prints of it... :c,neither,0.04290268403162892,0.38104381135996435,0.5760535046084068
"Lol, the hand cone. XD",neither,0.03147113196915326,0.3657337590202572,0.6027951090105896
bidet,neither,0.03945320844208391,0.33037608806864915,0.630170703489267
bidet from michigan.,neither,0.040769555981420263,0.3080342349327864,0.6511962090857933
Critters spanning the globe!!!,neither,0.03839939302560993,0.311011251109799,0.6505893558645911
Witchy Vex!,neither,0.03945320844208391,0.33037608806864915,0.630170703489267
Bidet from Dallas!,neither,0.04081748366884477,0.3072207769958956,0.6519617393352596
Bidet from Chicago!,neither,0.04078317879478948,0.307803020237201,0.6514138009680096
Bidet from Utah,neither,0.04066490145509902,0.30981049537100724,0.6495246031738937
Bidet from Montreal,neither,0.04062582848913359,0.31047366557575606,0.6489005059351104
bitdet from dc!,neither,0.0408364874901429,0.30689823255244486,0.6522652799574122
gandsNatTwenty gandsNatTwenty gandsNatTwenty gandsNatTwenty gandsSubHype gandsSubHype gandsSubHype gandsSubHype gandsSubHype gandsSubHype gandsSubHype,neither,0.03945320844208391,0.33037608806864915,0.630170703489267
"Bidet from Manchester,NH",neither,0.04035096305996787,0.3151388492503063,0.6445101876897258
Bidet from Montreal!,neither,0.04062582848913359,0.31047366557575606,0.6489005059351104
"I think Taliesin, Satine, and Darin are half-vampire already, so this will be easy for them",neither,0.060876948170289456,0.27255570924284533,0.6665673425868652
bidet from mesa az,neither,0.04078317879478948,0.307803020237201,0.6514138009680096
So a few days ago I actually learned what a bidet actually is,neither,0.047783440827548956,0.3529578602308892,0.5992586989415617
defniitely don't want to sell any without getting their OK,neither,0.041200629478106106,0.3767534163561622,0.5820459541657317
Bidet all!,offensive_language,0.046917543854519406,0.6277741405869331,0.3253083155585475
mfptBless,neither,0.03945320844208391,0.33037608806864915,0.630170703489267
MFW critical role season 1 b done and im just like whutdoIdowithmyselfnow >_>,neither,0.04119429624209365,0.35225004599445625,0.60655565776345
So is it true that folks from Onyx Path are going to be in the chat room?,neither,0.0589618636048513,0.3472216718770177,0.5938164645181311
"Bidet from Kansas City, Kansas!",neither,0.040095117957638336,0.319481208339349,0.6404236737030127
Southern Utah,neither,0.03945320844208391,0.33037608806864915,0.630170703489267
YUSSSS POPPIN HOMIES,neither,0.03945320844208391,0.33037608806864915,0.630170703489267
Bidet from NJ.,neither,0.04069404815304118,0.30931579984010865,0.6499901520068502
"Bidet and Beep Beep from Rockford, IL",neither,0.039665017157423446,0.26811748049299106,0.6922175023495856
@Slikone :P,neither,0.03945320844208391,0.33037608806864915,0.630170703489267
Bidet from San Diego. Looking forward to Talesin running Vampire. XD,neither,0.044044634087270836,0.31743257760501997,0.6385227883077093
yay,neither,0.03945320844208391,0.33037608806864915,0.630170703489267
bidet from Utah!,neither,0.04066490145509902,0.30981049537100724,0.6495246031738937
Bidet from NJ,neither,0.04069404815304118,0.30931579984010865,0.6499901520068502
bidet from Texas?,neither,0.040937266849991,0.30518774380265185,0.6538749893473571
Bidet from Mira Mesa,neither,0.04228451509352876,0.2823214250720796,0.6753940598343917
First live critical role very exciting,neither,0.037470274021656765,0.3310581101444866,0.6314716158338565
bidet from brisbane australia!,neither,0.04062582848913359,0.31047366557575606,0.6489005059351104
Bidet everyone!,offensive_language,0.02988896790634741,0.4927062106388782,0.4774048214547744
This song makes me sad now :(,neither,0.032289060767451847,0.3746928364141484,0.5930181028183997
Bidet from Minas Ithil,neither,0.04228451509352876,0.2823214250720796,0.6753940598343917
gandsGnSMinesCrafts gandsNatTwenty,neither,0.03945320844208391,0.33037608806864915,0.630170703489267
@kokiteno Psst,neither,0.03945320844208391,0.33037608806864915,0.630170703489267
"Bidet from Edmonton, AB",neither,0.04071751644889743,0.3089174816120565,0.6503650019390461
bidet from SC!,neither,0.040737273169946825,0.30858215849491494,0.6506805683351382
Bidet from Winnipeg!,neither,0.04228451509352876,0.2823214250720796,0.6753940598343917
"Bidet from East Bumble-Fuck, PA",offensive_language,0.1497886086757997,0.8357462350525957,0.014465156271604654
Bidet all~ I'm so excited for this!!,neither,0.03383666872433216,0.4237798396233838,0.5423834916522839
"I, for one, welcome are new overload Talisin. May Nuffle have mercy on us all",neither,0.08283249796808435,0.2771231902225417,0.6400443118093739
Bidet fro Tennessee,neither,0.03945320844208391,0.33037608806864915,0.630170703489267
beep beep,neither,0.03945320844208391,0.33037608806864915,0.630170703489267
bidet from san diego!,neither,0.040446282760733435,0.31352102516371877,0.6460326920755478
"Bidet from Manchester,UK",neither,0.04040057148408362,0.31429686482539193,0.6453025636905245
