text,top_class,hate_speech,offensive_language,neither
http://www.wheniscriticalrole.com/,neither,0.0364481805509037,0.2303424311669227,0.7332093882821735
"In the lord I mean, I've been role playing for years",neither,0.021482345037597807,0.2956518458042449,0.6828658091581573
Ohhgg,neither,0.03945320844208391,0.33037608806864915,0.630170703489267
We have a subscriber-only Discord server! Join here: https://discord.gg/geekandsundry (you'll need to sub and link it to your Twitch) and be a part of the fun!...Warning: It can take up to an hour for the server to update and give you access to the channels,neither,0.08464076273808444,0.286394834032893,0.6289644032290227
!critrole,neither,0.03945320844208391,0.33037608806864915,0.630170703489267
"Critical Role will continue airing on Thursdays at the regular time. There will be one-shots and other fun things until the end of the year, and then in January a new campaign will begin, set 20 years after the story of Vox Machina. Don't worry, Critters, the show isn't going anywhere. ❤",neither,0.04175799107095323,0.248390363655863,0.7098516452731838
man liam is in everything this week I love it,neither,0.04187717716689647,0.3857402982300571,0.5723825246030464
i know LilyRose28 i know. and YES. I will have fun. *insert evil laughter*,neither,0.039462404307524165,0.299064938567522,0.661472657124954
!thursday,neither,0.03945320844208391,0.33037608806864915,0.630170703489267
"THURSDAY (All Times Pacific) - LOREMASTERS: 4-5:30pm, Ryan Green and a guest go deeper into a fandom than you may have ever thought possible! | MOTHERSHIP: 5:30-6:30pm, This variety show unites the personalities, topics, and interests of both Nerdist and Geek & Sundry | CRITICAL ROLE: 7pm-12am Pacific | Voice Actors play Dungeons and Dragons 5e!",neither,0.04765500963294138,0.260966978800082,0.6913780115669766
is matt playing a character instead of dming this time??,neither,0.043495765726678105,0.3415442661112987,0.6149599681620231
"Oooh, animated intro, never seen that",neither,0.0346279102418998,0.3813638257787697,0.5840082639793305
hi peps,neither,0.03945320844208391,0.33037608806864915,0.630170703489267
"@BKeaneyboy Yup, They're doing a oneshot it's gonna be awesome",neither,0.05120597726410551,0.3482485965485036,0.6005454261873909
"Thanks @TheFootKnight and @Deadly_incantations . So, even as a subscriber, do I have to wait until they release last thursdays episode on youtube?",neither,0.038622598487261045,0.35550763399152474,0.6058697675212142
"Shhh, it's starting!",neither,0.03813282146202229,0.3308302296982329,0.6310369488397448
matt is taking a nap instead,neither,0.04570253682173818,0.3282266574721678,0.626070805706094
ryan :D,neither,0.03945320844208391,0.33037608806864915,0.630170703489267
!clock,neither,0.03945320844208391,0.33037608806864915,0.630170703489267
Oh man,neither,0.0497452509521963,0.354443561064239,0.5958111879835646
It is currently 4:01 PM at the Geek & Sundry studio in California.,neither,0.05188962470415607,0.32956799778566287,0.618542377510181
That was great,neither,0.031738606339660885,0.35644657876003094,0.6118148149003082
@ChrisTheRedBeard I am pretty sure Matt is a biiiiiiit preoccupied with the wedding,neither,0.03287719567715407,0.4212792904856389,0.5458435138372071
bidet,neither,0.03945320844208391,0.33037608806864915,0.630170703489267
@valigar26 You can go to the Videos section of Twitch right now and watch Episode 115.,neither,0.0551669478382713,0.3272719957723985,0.6175610563893301
heya :3,neither,0.03945320844208391,0.33037608806864915,0.630170703489267
"oh, it's Ryan. I forgot who the host was for this.",neither,0.03710100170589471,0.3083844586687535,0.6545145396253517
"Help G&S make great content! $4.99/month gets you emotes, Minecraft server access, Sub Only Q&As, VODs, and more! Every sub keeps the channel alive! twitch.tv/geekandsundry/subscribe",neither,0.043092924924402844,0.32365565443818894,0.6332514206374082
hrpgHeyo Ryan hrpgHeyo Liam,neither,0.03945320844208391,0.33037608806864915,0.630170703489267
We are clearly Not Prepared!,neither,0.06009133891545166,0.29709649361315,0.6428121674713985
So this isn't critical role?,neither,0.03933527634936921,0.3686634915570326,0.5920012320935982
!critvod,neither,0.03945320844208391,0.33037608806864915,0.630170703489267
Past episodes of Critical Role are at geekandsundry.com/shows/critical-role/ and new episodes go up the Monday after they air.,neither,0.046629022184673,0.29317218330779443,0.6601987945075326
"@valigar26 you can watch now, go to videos the video should be ep 115, it may be a ways down as it's from last week",neither,0.06460926601160226,0.3129301850527912,0.6224605489356065
Hi All Star Ryan! Hi Liam,neither,0.040412337597674104,0.3700826250448399,0.589505037357486
!critrole,neither,0.03945320844208391,0.33037608806864915,0.630170703489267
"Critical Role will continue airing on Thursdays at the regular time. There will be one-shots and other fun things until the end of the year, and then in January a new campaign will begin, set 20 years after the story of Vox Machina. Don't worry, Critters, the show isn't going anywhere. ❤",neither,0.04175799107095323,0.248390363655863,0.7098516452731838
@conradioactive 7PM PDT,neither,0.03945320844208391,0.33037608806864915,0.630170703489267
@TheFootKnight Thanks fam,neither,0.03690119950011289,0.30900589374840076,0.6540929067514863
@valigar26 Anytime.,neither,0.03945320844208391,0.33037608806864915,0.630170703489267
Ryan Green twitter.com/HydroSnail Liam O’Brien twitter.com/VoiceOfOBrien,neither,0.03934936254566441,0.42487882361398993,0.5357718138403458
o.o,neither,0.03945320844208391,0.33037608806864915,0.630170703489267
lol,neither,0.020706217963973744,0.4882283491876925,0.4910654328483337
XD,neither,0.03945320844208391,0.33037608806864915,0.630170703489267
!thursday,neither,0.03945320844208391,0.33037608806864915,0.630170703489267
"THURSDAY (All Times Pacific) - LOREMASTERS: 4-5:30pm, Ryan Green and a guest go deeper into a fandom than you may have ever thought possible! | MOTHERSHIP: 5:30-6:30pm, This variety show unites the personalities, topics, and interests of both Nerdist and Geek & Sundry | CRITICAL ROLE: 7pm-12am Pacific | Voice Actors play Dungeons and Dragons 5e!",neither,0.04765500963294138,0.260966978800082,0.6913780115669766
lol,neither,0.020706217963973744,0.4882283491876925,0.4910654328483337
Oh! I'm on the wrong coast.,neither,0.04057387289470637,0.28035347019225254,0.6790726569130411
!clock,neither,0.03945320844208391,0.33037608806864915,0.630170703489267
It is currently 4:02 PM at the Geek & Sundry studio in California.,neither,0.051991185132496114,0.32955794337183575,0.6184508714956681
hot,neither,0.03945320844208391,0.33037608806864915,0.630170703489267
Male hooker #3,neither,0.03945320844208391,0.33037608806864915,0.630170703489267
a mooker :D,neither,0.03945320844208391,0.33037608806864915,0.630170703489267
#What'sMyName???What'sMyName???,neither,0.057770773616808734,0.3180719994247239,0.6241572269584672
Mail D:,neither,0.03945320844208391,0.33037608806864915,0.630170703489267
"hey, didn't I just watch Liam on another show earlier? hehe",neither,0.059324932209783736,0.29030801091847014,0.6503670568717461
@Nightbot only for subscribers. i tried to watch like 114 last night and i forgot my subscription went off. wouldnt let me watch the vod.,neither,0.028266189667859893,0.36461204270016,0.60712176763198
LIAM,neither,0.03945320844208391,0.33037608806864915,0.630170703489267
maiL,neither,0.03945320844208391,0.33037608806864915,0.630170703489267
Mail Hooker,neither,0.03945320844208391,0.33037608806864915,0.630170703489267
Hello Ryan! Welcome Male Hooker! Love your work!!,neither,0.054395689789133145,0.3336746457250284,0.6119296644858383
Hey look,neither,0.04227238302175129,0.32940644465575253,0.6283211723224961
hi everyone :),neither,0.032490659208996964,0.4485487193596734,0.5189606214313296
Mail Neirb'O,neither,0.03945320844208391,0.33037608806864915,0.630170703489267
"an illidan book, behind the voice of illidan",neither,0.0389557200671423,0.3119734345202962,0.6490708454125615
liam is the shit,offensive_language,0.05450612198983199,0.9441139617000348,0.0013799163101331868
"And oddly enough, O'Brien is Hooker spelled completely incorrectly.",neither,0.04362650352522683,0.30504521541021967,0.6513282810645534
Elam?,neither,0.03945320844208391,0.33037608806864915,0.630170703489267
those damn bullies.,offensive_language,0.09183621228658378,0.8659246737056349,0.04223911400778134
Nairb´O Mail,neither,0.03945320844208391,0.33037608806864915,0.630170703489267
Why is this set so cool omg,neither,0.03517940855828732,0.3833487244021724,0.5814718670395402
gandsGandsVaxSigil gandsGandsVaxSigil gandsGandsVaxSigil gandsGandsVaxSigil gandsGandsVaxSigil gandsGandsVaxSigil gandsGandsVaxSigil,neither,0.03945320844208391,0.33037608806864915,0.630170703489267
@cinphoria We spared no expense.,neither,0.03744436065968914,0.3644714776108325,0.5980841617294784
This host seems..... sketchy,neither,0.03936276492611439,0.33191115057341963,0.6287260845004661
the dice show,neither,0.05577849797156665,0.22891504761167722,0.7153064544167561
what's going on at 7 today?,neither,0.03775617510613564,0.373447983266044,0.5887958416278204
Lol... the Illidan book is just over his shoulder.,neither,0.04947497675886058,0.37593800247123305,0.5745870207699064
is it going to be a re-run?,neither,0.07975083612294726,0.3237214348744099,0.596527729002643
the dice show LUL,neither,0.0510560814785189,0.2548601785850876,0.6940837399363934
jcvimHi ryan jcvimHi liam,neither,0.03945320844208391,0.33037608806864915,0.630170703489267
@starpilotsix OMFG You're absolutely right! I don't know what to do with this information now BibleThump,neither,0.06154356959725805,0.36956931222126416,0.5688871181814777
illidan book behind liam :D,neither,0.03945320844208391,0.33037608806864915,0.630170703489267
"Neirb, not Nairn D´oh!",neither,0.046346427493792836,0.25014072102007817,0.7035128514861291
Liam is doing rough without that CR scripting team eh? XD,neither,0.0415136822946272,0.3517469291764832,0.6067393885288895
critical role?,neither,0.03945320844208391,0.33037608806864915,0.630170703489267
"I give up, stupid typos",neither,0.12156517934732794,0.2640231407847789,0.6144116798678931
@talahar Almost like that was planned..,neither,0.045096594974147745,0.38565138400343735,0.569252021022415
it's ok @Ossborn,neither,0.036964990910480354,0.33268475953818333,0.6303502495513362
is critical role scripted?,neither,0.045509753671532094,0.3282929644377112,0.6261972818907567
Liam O'Brien: Origins,neither,0.03945320844208391,0.33037608806864915,0.630170703489267
simon on his shirt :D,neither,0.0716922222677147,0.35045887880235194,0.5778488989299333
Cuz it doesn't seem like it lol,neither,0.038315896335166265,0.39515015089580613,0.5665339527690275
lol,neither,0.020706217963973744,0.4882283491876925,0.4910654328483337
@Zackfan12 running joke,neither,0.03945320844208391,0.33037608806864915,0.630170703489267
@Zackfan12 running gag,neither,0.03945320844208391,0.33037608806864915,0.630170703489267
Matt Coville-iki?,neither,0.03945320844208391,0.33037608806864915,0.630170703489267
hehe yeah @Danoba,neither,0.023507678412445245,0.4412251867422846,0.5352671348452701
is it me or does the sound keep going really soft?,neither,0.027337998277420495,0.4486139884539735,0.524048013268606
No CR is not scripted.,neither,0.04395317143680273,0.3431670718747722,0.612879756688425
Can he sing???,neither,0.04679742621853368,0.32216472294510806,0.6310378508363582
4 hours of 7+ players scripted every week? no way,neither,0.03897714371689893,0.3401045502329561,0.6209183060501449
illidan <3,neither,0.03945320844208391,0.33037608806864915,0.630170703489267
awwwww how cute,neither,0.04134998376636563,0.2981828606264529,0.6604671556071815
it's as scripted as this show,neither,0.04621514235434148,0.3262442111625943,0.6275406464830642
"CR is totally scripted, also CR is in 5 minutes!",neither,0.047036800138674756,0.327767743134025,0.6251954567273003
@f1nal_sw0rd They are THAT good. :D,neither,0.07387054503302432,0.3232257430455451,0.6029037119214306
".... not, both are running gags",neither,0.05883422007025068,0.29695064929412224,0.6442151306356271
where did all these plants come from did Poison Ivy take over gns,neither,0.044229262513802034,0.3968158375259118,0.5589548999602862
yeah and have nothing else ever to do but memorize lines =p,neither,0.029371692260386023,0.40679855713245844,0.5638297506071555
what's cr Kappa,neither,0.04403296391669516,0.3270756047459003,0.6288914313374047
.......penny loafers,neither,0.03945320844208391,0.33037608806864915,0.630170703489267
"@lorenleah What specifically, did you mean b/w Ryan and Liam?",neither,0.053089670688835425,0.32779850186124987,0.6191118274499147
oh my god,neither,0.030266422441093326,0.38268872444249025,0.5870448531164164
BOLO TIE?!,neither,0.03945320844208391,0.33037608806864915,0.630170703489267
The CR writers are my favorite,neither,0.04547266203677263,0.34786634150900064,0.6066609964542268
CR=Critical Role,neither,0.03945320844208391,0.33037608806864915,0.630170703489267
Pics or it didn't happen.,neither,0.025561794416608344,0.37069376445819174,0.6037444411252
so i know im not alone here but i would sell my soul to be able to do a campaign with mercer and the gang,neither,0.0476812285920786,0.3831176693041505,0.5692011021037708
where's crit role?,neither,0.041739342232068884,0.29157443131884564,0.6666862264490854
oh my god,neither,0.030266422441093326,0.38268872444249025,0.5870448531164164
@tomservo544 You mean Brian W. Foster?,neither,0.05343347952151198,0.37012001647315557,0.5764465040053325
someone fan art vax dressed like that,neither,0.04428494485654748,0.3755803946906907,0.5801346604527617
"@danoba both of them, it keeps going normal to nearly inaudible to normal. i guess it could be me but I've never had this happen before",neither,0.02963249758779622,0.3914908106824341,0.5788766917297699
5 minutes? nice,neither,0.03945320844208391,0.33037608806864915,0.630170703489267
@bigspoon223 LUL,neither,0.03945320844208391,0.33037608806864915,0.630170703489267
CR is over.. they cleared the game.. Kappa,neither,0.041643646417144374,0.28925525384202766,0.6691010997408279
"billykidd007 , same time as always..",neither,0.034867936916699635,0.4609714509967894,0.504160612086511
"crit role is right here, but 3 hours later",neither,0.07759827425756861,0.32016056350524785,0.6022411622371835
"@BillyKidd007 not on for another 2 hrs 53 mins, Taliesin is running a Vampire:The Masquerade one shot",neither,0.058052949747766626,0.2937690790821204,0.6481779711701129
"Liam, Tell us how you REALLY feel about the authenticity of California? :D",neither,0.08851431800406821,0.3501434255368583,0.5613422564590734
G'evening,neither,0.03945320844208391,0.33037608806864915,0.630170703489267
"@thespydaman If that happens consider this an advance ""thank you"" from me.",neither,0.04033175559744919,0.43006472462045703,0.5296035197820937
"@lorenleah It seemed okay to me, have you tried refreshing to see if that fixes it?",neither,0.03374313887853801,0.45209663168096875,0.5141602294404932
3hrs,neither,0.03945320844208391,0.33037608806864915,0.630170703489267
well whatever is being done for now I guess,neither,0.035729635725530326,0.34045999168975166,0.6238103725847179
!critrole,neither,0.03945320844208391,0.33037608806864915,0.630170703489267
"Critical Role will continue airing on Thursdays at the regular time. There will be one-shots and other fun things until the end of the year, and then in January a new campaign will begin, set 20 years after the story of Vox Machina. Don't worry, Critters, the show isn't going anywhere. ❤",neither,0.04175799107095323,0.248390363655863,0.7098516452731838
Ok someone find a younger Liam than this http://www.crystalacids.com/database/images/liam_christopher_obrien_small.jpg,neither,0.03925857964258607,0.23356162612565054,0.7271797942317635
They beat D&D. Next campaign is a speed run,neither,0.04461233024122781,0.3374921068999402,0.617895562858832
but when is it specifically for me in my time zone,neither,0.020068846518214133,0.43917714652891354,0.5407540069528723
They're moving onto DLC .. LUL,neither,0.05023560081286796,0.3126993173686231,0.637065081818509
Next campaign starts with a character funnel,neither,0.03193070986716783,0.36218892452241547,0.6058803656104168
The Tale of Vox Machina is over but the show Critical Role is still going. They're running one shots until the new campaign starts next year.,neither,0.05601601124185589,0.27046054486229104,0.673523443895853
do the math kid,neither,0.03958944903924205,0.32018531035179976,0.6402252406089581
gandsSCANLAN gandsGandsPoo,neither,0.03945320844208391,0.33037608806864915,0.630170703489267
that dreamy voice :P,neither,0.03580220716441919,0.37004576701353736,0.5941520258220434
"red leather yellow leather, irish wristwatch...",neither,0.01876712574371889,0.09347097385811386,0.8877619003981673
grogagram ;),neither,0.03945320844208391,0.33037608806864915,0.630170703489267
wheniscriticalrole.com,neither,0.03945320844208391,0.33037608806864915,0.630170703489267
"dude, do your own math 3hrs",neither,0.09119219220600913,0.31401952792100246,0.5947882798729883
i no good with numbers,neither,0.02676086472481382,0.38589344650324486,0.5873456887719413
Is it wrong to be hopelessly in love with Liam O'Brien,neither,0.038022905774581346,0.3630691089585556,0.5989079852668631
@Chovexani haha nice,neither,0.03394289335757385,0.42390051582920835,0.5421565908132179
@BillyKidd007 I don't know where are you???,neither,0.1333153869725641,0.2778558104637677,0.5888288025636681
Hey! I've done monologues by Mamot!,neither,0.01792250277776675,0.36515144866071164,0.6169260485615217
XD @thespydaman it's the youngest I can find!!,neither,0.041813734561095224,0.1716275819148939,0.7865586835240108
@ABandofPancakes No. Absolutely not.,neither,0.03683229650091441,0.3539068125732177,0.609260890925868
im in the state of confusion,neither,0.07918055730942142,0.22553772258924598,0.6952817201013326
"@ABandofPancakes If it's wrong, I don't ever want to be right",neither,0.026867993582869183,0.3941650806899944,0.5789669257271364
did they say one shot? I thought it was short campaigns (4-5 sessions),neither,0.04002801951118747,0.2873468620862222,0.6726251184025903
@daimon5hade It's one shots,neither,0.03662738348321433,0.3710283595981268,0.5923442569186588
Taliesin Jaffe is Dming,neither,0.04912624121044723,0.3270490885368631,0.6238246702526896
it did say one shots,neither,0.037190237009432046,0.36275621707231376,0.6000535459182541
!critrole,neither,0.03945320844208391,0.33037608806864915,0.630170703489267
"Critical Role will continue airing on Thursdays at the regular time. There will be one-shots and other fun things until the end of the year, and then in January a new campaign will begin, set 20 years after the story of Vox Machina. Don't worry, Critters, the show isn't going anywhere. ❤",neither,0.04175799107095323,0.248390363655863,0.7098516452731838
a vampire one right?,neither,0.03755831214245258,0.38257888791478134,0.579862799942766
That's tonight's yes,neither,0.03181884816022412,0.3546040567041013,0.6135770951356746
yes,neither,0.03945320844208391,0.33037608806864915,0.630170703489267
oooo 20 years later,neither,0.03945320844208391,0.33037608806864915,0.630170703489267
"yes, Vampire :The Masquerade",neither,0.0385278020256203,0.31343464641696595,0.6480375515574137
coool,neither,0.03945320844208391,0.33037608806864915,0.630170703489267
in 3 hrs?,neither,0.03945320844208391,0.33037608806864915,0.630170703489267
YAS critical role is coming back,neither,0.04497609212608472,0.3284765151145623,0.6265473927593531
@GeekandSundry do you guys have a younger pic than this one of Liam? http://www.crystalacids.com/database/images/liam_christopher_obrien_small.jpg I want tiny bb Liam pic,neither,0.04027586270171612,0.35922233914467805,0.6005017981536057
@AxisOfAnarchy Amen,neither,0.03945320844208391,0.33037608806864915,0.630170703489267
!thursday,neither,0.03945320844208391,0.33037608806864915,0.630170703489267
"THURSDAY (All Times Pacific) - LOREMASTERS: 4-5:30pm, Ryan Green and a guest go deeper into a fandom than you may have ever thought possible! | MOTHERSHIP: 5:30-6:30pm, This variety show unites the personalities, topics, and interests of both Nerdist and Geek & Sundry | CRITICAL ROLE: 7pm-12am Pacific | Voice Actors play Dungeons and Dragons 5e!",neither,0.04765500963294138,0.260966978800082,0.6913780115669766
@daimon5hade I was a bit confused too guess we'll see tonight,neither,0.036883183856373306,0.324372545176681,0.6387442709669456
!clock,neither,0.03945320844208391,0.33037608806864915,0.630170703489267
It is currently 4:10 PM at the Geek & Sundry studio in California.,neither,0.05278050124288341,0.3294782107705942,0.6177412879865223
"@BillyKidd007 You can't possibly expect them to know ahead of time the locations of 39,000 fans and figure out all the time schedules thereof?",neither,0.05062496149499269,0.3593247044906983,0.590050334014309
Is Matt going to play a character in this one?,neither,0.048678278541023974,0.3696004171720806,0.5817213042868955
"@danoba tried it just now, still doing it. so weird. this is on Chromecast and a tablet so audio drivers on my end unlikely to be the issue i feel like, this is the setup i use to watch CR every week. ah well...",neither,0.03135289578092112,0.41633199745940036,0.5523151067596785
"vtm, appropriate",neither,0.03945320844208391,0.33037608806864915,0.630170703489267
http://www.wheniscriticalrole.com/,neither,0.0364481805509037,0.2303424311669227,0.7332093882821735
Talesin mentioned the possibility of a second episode. So we'll see how tonight plays out,neither,0.03517843601171023,0.34181003349036954,0.6230115304979202
is Liam a Slytherin,neither,0.04912624121044723,0.3270490885368631,0.6238246702526896
@daimon5hade Matt's getting married,neither,0.03568027373166108,0.39441263667948423,0.5699070895888547
BibleThump,neither,0.03945320844208391,0.33037608806864915,0.630170703489267
Liam as Frisbee in Redline was amazing,neither,0.03797435615533133,0.35547607087176086,0.6065495729729079
extremely good content,neither,0.03889405746916267,0.3305684057284415,0.6305375368023958
@Zismarith I've been watching since the stream started with the charity. just goofing,neither,0.018933971139065246,0.3374179500881617,0.643648078772773
n,neither,0.03945320844208391,0.33037608806864915,0.630170703489267
I'm gonna hearing that tech sound for days now,neither,0.03233687429594725,0.36780454625274445,0.5998585794513083
always skeevy-eye news interviews where everything has to keep going to the next conversation,neither,0.05006647049580404,0.34564991922520727,0.6042836102789887
Double Windsor? geez,neither,0.03945320844208391,0.33037608806864915,0.630170703489267
Tch,neither,0.03945320844208391,0.33037608806864915,0.630170703489267
the voice of Illidan PogChamp,neither,0.03816175565424621,0.3064677921520804,0.6553704521936734
Liam was in Redline? o.O *Researchmode activated*,neither,0.03932308402678661,0.332584638993907,0.6280922769793064
"@BillyKidd007 Sorry, can't read ""goof"" by chat log.",neither,0.040560083749068686,0.3610788003063026,0.5983611159446287
hes awesome,neither,0.03945320844208391,0.33037608806864915,0.630170703489267
FMA,neither,0.03945320844208391,0.33037608806864915,0.630170703489267
@cabezadecervez Yeah you are. :),offensive_language,0.07591233707553098,0.5228705004155496,0.40121716250891926
@lorenleah The audio sounds steady to me so it's tough to say.,neither,0.04100180310438889,0.3667388102814072,0.5922593866142039
awww he played juliet 😂😍😍,neither,0.04471264142989552,0.32856712788967213,0.6267202306804324
Dubbed anime LuL,neither,0.03945320844208391,0.33037608806864915,0.630170703489267
Hiiiiiiii,neither,0.03945320844208391,0.33037608806864915,0.630170703489267
TheIlluminati TheIlluminati TheIlluminati TheIlluminati TheIlluminati TheIlluminati TheIlluminati TheIlluminati,neither,0.03945320844208391,0.33037608806864915,0.630170703489267
whats liams last name?,neither,0.03945320844208391,0.33037608806864915,0.630170703489267
"QUESTION: Now I've asked taliesin about Voice acting for ""anime with romantic roles"" any interesting stories Liam?",neither,0.023450966449559834,0.33581013722582953,0.6407388963246106
Aw yeah. Those name drops.,neither,0.04062607002839792,0.3654227136046903,0.5939512163669117
@austingateman O'Brien,neither,0.03945320844208391,0.33037608806864915,0.630170703489267
o'brien,neither,0.03945320844208391,0.33037608806864915,0.630170703489267
hey all!,neither,0.04285346742239823,0.46255625023407465,0.49459028234352725
thx!,neither,0.03945320844208391,0.33037608806864915,0.630170703489267
Ryan Green twitter.com/HydroSnail Liam O’Brien twitter.com/VoiceOfOBrien,neither,0.03934936254566441,0.42487882361398993,0.5357718138403458
hey @danmanmtn :D,neither,0.03945320844208391,0.33037608806864915,0.630170703489267
"he plays ladies well, liked his Chained Oblivion Cleric",neither,0.06528361803984457,0.3307961966363187,0.6039201853238368
Hi @WOMStv,neither,0.03945320844208391,0.33037608806864915,0.630170703489267
just watched that today @vassagovine,neither,0.029623539107314144,0.373067450282919,0.5973090106097667
Eheheheh @Danoba https://assets.rpgsite.net/images/images/000/022/380/original/OBrienPotter1.jpg,neither,0.03945320844208391,0.33037608806864915,0.630170703489267
thuluJACK DanManMtn,neither,0.03945320844208391,0.33037608806864915,0.630170703489267
heya @dragonchrome :D,neither,0.03945320844208391,0.33037608806864915,0.630170703489267
Audio sounds fine for me too,neither,0.029736543556445037,0.3398544335258154,0.6304090229177396
o/,neither,0.03945320844208391,0.33037608806864915,0.630170703489267
only animes I've seen are Akira and Ninja Scroll,neither,0.03370480630623768,0.26053598550707197,0.7057592081866904
"super fun tempest, Sam did great",neither,0.0381512591741466,0.3132186112946646,0.6486301295311888
this is so fascinating,neither,0.057692595345134906,0.4206183136808414,0.5216890909740237
Is this between two ferns.,neither,0.050146246671782926,0.31635108320011684,0.6335026701281002
"@vassagovine First high school play I had to play Flute in Midsummer's. Fun playing a crossdresser for my first ""serious"" role",neither,0.02731525374036789,0.3908295131694307,0.5818552330902014
#GreeneryforGreen,neither,0.03945320844208391,0.33037608806864915,0.630170703489267
this is a 2h show right?,neither,0.07680512497994227,0.24889476279426315,0.6743001122257946
@thespydaman I agree. I'm actually riveted.,neither,0.03945320844208391,0.33037608806864915,0.630170703489267
@danoba thanks for looking into it for me! for the heck of it i tried a different set of TV speakers and it's still ongoing,neither,0.027223114666691767,0.292731005917582,0.6800458794157263
