text,top_class,hate_speech,offensive_language,neither
"Since we can't see you, is Sam gonna keep count on how many times she breaks a pencil?",neither,0.050763229683784425,0.43034790694704256,0.5188888633691732
@WormholeXtreme9 it should be ready tomorrow :P,neither,0.052000441638259204,0.376550134277662,0.5714494240840788
"They are not normally this late, but they are missing 2 cast and 1 other is having a really difficult time getting there.",neither,0.06019393683246482,0.30005094048522934,0.6397551226823057
now an entire tv show based on the mirror universe. that'd be interesting,neither,0.04315272041477719,0.30956423827799545,0.6472830413072274
"@DeLevely If you're in chat, does this mean #SamFacts?",offensive_language,0.033687534772754095,0.501214673661441,0.465097791565805
Good evening commander,neither,0.0389014587093972,0.3305658601025365,0.6305326811880663
I am just giggling imagining Mirror Commander Rue now,neither,0.03632667976779056,0.34439581950647724,0.6192775007257322
@DANfan69 *they,neither,0.03945320844208391,0.33037608806864915,0.630170703489267
ERIC !,neither,0.03945320844208391,0.33037608806864915,0.630170703489267
i hope everyone is oi,neither,0.07605331187527804,0.31842528489364197,0.60552140323108
Hazar!,neither,0.03945320844208391,0.33037608806864915,0.630170703489267
I might track them!,neither,0.055632728234516156,0.3214408811131336,0.6229263906523502
HI BUDDY.,neither,0.03945320844208391,0.33037608806864915,0.630170703489267
Eric!,neither,0.03945320844208391,0.33037608806864915,0.630170703489267
Sure just as I ask you start :D,offensive_language,0.04125703552641991,0.5469736660764187,0.4117692983971614
ok,neither,0.03935517884257045,0.3320399062092607,0.6286049149481688
hey Eric,neither,0.03945320844208391,0.33037608806864915,0.630170703489267
yay,neither,0.03945320844208391,0.33037608806864915,0.630170703489267
oooh Admiral Eric is in full uniform tonight!,neither,0.05577991479468501,0.30954552624828274,0.6346745589570323
pips!!,neither,0.03945320844208391,0.33037608806864915,0.630170703489267
Yay!,neither,0.03945320844208391,0.33037608806864915,0.630170703489267
Eric finally not dressing casual :O,neither,0.03855114544749631,0.333751196046831,0.6276976585056727
and so we BEGIN!!!,neither,0.038264650178320425,0.3358503225971395,0.6258850272245401
Oh fun @Science112095,neither,0.047026988140353894,0.25943012238290764,0.6935428894767385
whooooo!,neither,0.03945320844208391,0.33037608806864915,0.630170703489267
"eric, fix your pips",neither,0.07006663663604086,0.32187279412336567,0.6080605692405936
Eric look so cute!,neither,0.04322745689066474,0.3433607534496524,0.6134117896596828
and of course my internet is buffering,neither,0.034162298077494005,0.3698553571867814,0.5959823447357245
nooooo :(,neither,0.03945320844208391,0.33037608806864915,0.630170703489267
mirror rue is just sam with satine's paper evil goatee,neither,0.033406978805118476,0.3691583925630167,0.5974346286318648
RED ALERT,neither,0.039267074001715356,0.3288174222289854,0.6319155037692993
FULL UNIFORM?!,neither,0.06307452209851515,0.3222516351326322,0.6146738427688526
:/,neither,0.03945320844208391,0.33037608806864915,0.630170703489267
Greetings Eric.,neither,0.03945320844208391,0.33037608806864915,0.630170703489267
Awww - sad Eric is sad,neither,0.044570852091978815,0.3286158957448172,0.6268132521632039
#stress,neither,0.03945320844208391,0.33037608806864915,0.630170703489267
lol Eric,neither,0.03027887083479381,0.3981251484381287,0.5715959807270774
but Gina was just heeeeere :( *hugs*,neither,0.03119389709086663,0.3664771876698269,0.6023289152393064
<3 I love you so much Eric and crew!,neither,0.044931671740135064,0.38254708839116086,0.5725212398687042
Tht's ...OK,neither,0.039392098210879245,0.331413288177187,0.6291946136119337
But Sam is with us in spirit and in chat.,neither,0.05605990060383348,0.3290999548582205,0.6148401445379459
That is the plan!,neither,0.043276080952277314,0.3580425575723696,0.5986813614753531
"@OMGsteveFTW I was noticing this too, I was like ""whaaaat?! The Piiips!",neither,0.04683274346707128,0.33731306779374515,0.6158541887391836
breathe Eric,neither,0.03945320844208391,0.33037608806864915,0.630170703489267
Hey does anyone know the fleet name on XBOX 1 of Star trek online?,neither,0.029852496196024054,0.40123336726284814,0.5689141365411278
without Sam... Eric is in chaos :D,neither,0.04506246965912309,0.32844680592005654,0.6264907244208204
we miss Sam already,neither,0.032059598144072284,0.3521054095774278,0.6158349922784999
No Sam and Gina??? panicBasket panicBasket panicBasket,neither,0.03751437182123125,0.2979933503224704,0.6644922778562984
mirror Rue probably is an admiral,neither,0.046700699746474,0.34203114786576194,0.6112681523877641
HI SAM XD,neither,0.03945320844208391,0.33037608806864915,0.630170703489267
Sam is indeed.,neither,0.04754366957731329,0.3275934074912737,0.6248629229314131
Hi @DeLevely,neither,0.03945320844208391,0.33037608806864915,0.630170703489267
He(eric) is so cute -,neither,0.056277481183599896,0.3385110219895534,0.6052114968268467
been watching the orville & realized how much cpt Mercer reminds me of Martinez,neither,0.03287373932869585,0.3462164159392728,0.6209098447320314
hi sam!,neither,0.03945320844208391,0.33037608806864915,0.630170703489267
KonCha,neither,0.03945320844208391,0.33037608806864915,0.630170703489267
I. Have. No. Idea. What. You're. Talking. About.,neither,0.08041779736816751,0.3854606777975397,0.5341215248342928
Xaaaaaandeer!,neither,0.03945320844208391,0.33037608806864915,0.630170703489267
we miss you already @DeLevely,neither,0.04721451131155639,0.419704005001821,0.5330814836866226
Hi Sam!,neither,0.03945320844208391,0.33037608806864915,0.630170703489267
Awww Bonnie,neither,0.03945320844208391,0.33037608806864915,0.630170703489267
hi @DeLevely :D,neither,0.03945320844208391,0.33037608806864915,0.630170703489267
Hai Sam,neither,0.03945320844208391,0.33037608806864915,0.630170703489267
lol,neither,0.020706217963973744,0.4882283491876925,0.4910654328483337
She does,offensive_language,0.022172821384674968,0.6190617875057389,0.3587653911095861
confirmed sam is here ;),neither,0.09453036102831755,0.2919996984521872,0.6134699405194952
lol,neither,0.020706217963973744,0.4882283491876925,0.4910654328483337
xander :D,neither,0.03945320844208391,0.33037608806864915,0.630170703489267
Bonnie made it in time! Did you get any sleep? Sorry that Greyhound left you stranded :(,neither,0.05303222442798928,0.42325617943520205,0.5237115961368086
"Sam is awesome, we love Sam!",neither,0.042400944001652535,0.33872069261013754,0.6188783633882099
@DeLevely lol,neither,0.020706217963973744,0.4882283491876925,0.4910654328483337
"oh, hey @rickbudd !",neither,0.04724942694866229,0.25746865428102644,0.6952819187703113
Who will be excited?,neither,0.042681042881604486,0.3842939978920251,0.5730249592263704
I miss youuuuuu,neither,0.032672026204819536,0.33270844759524165,0.6346195261999388
XANDER! :o,neither,0.03945320844208391,0.33037608806864915,0.630170703489267
Sam confirmed,neither,0.03945320844208391,0.33037608806864915,0.630170703489267
He going to mention Nash at all,neither,0.051639233404824306,0.44730418585495035,0.5010565807402253
"awww, honorary #snap!",neither,0.03945320844208391,0.33037608806864915,0.630170703489267
Sam is one of us now!,neither,0.09195579342503801,0.3477419677381088,0.5603022388368533
"Yup, Sam is here!",neither,0.09845148505527017,0.2897543093453069,0.6117942055994229
he's...he's in my spot,neither,0.03733386815928523,0.4104081055569433,0.5522580262837715
I take it that this is going to be a fun episode with all the rushing of cast,neither,0.03677418305877051,0.42686609354176086,0.5363597233994687
wait...are Medical and Science colors different?,neither,0.054965063773280545,0.274138793698268,0.6708961425284515
I have such complicated feelings,neither,0.039103096648299716,0.3363183989281381,0.6245785044235622
Speak of the devil,neither,0.038530079785687184,0.3134774462994114,0.6479924739149016
amy ~,neither,0.03945320844208391,0.33037608806864915,0.630170703489267
sam always is one of us!,neither,0.0867558377048575,0.3977563605893207,0.5154878017058219
Library Bards win for dedication,neither,0.034690612860285394,0.30658029672606724,0.6587290904136474
"Their combadges are crooked too, hahaha",neither,0.061804977975422844,0.2939823799471606,0.6442126420774165
@rickbudd Hi Rick! :),neither,0.03945320844208391,0.33037608806864915,0.630170703489267
"He truly is in your spot, messes with my head a bit.",neither,0.048042310384159785,0.42648142198230704,0.5254762676335332
2paladine Command too!,neither,0.038798963802794226,0.34148032703984427,0.6197207091573615
"y'all, pencils ain't free",offensive_language,0.021946862596792543,0.5972328103135816,0.380820327089626
"i want to keep xander, he is adorable",neither,0.06291139140445949,0.31701508390545496,0.6200735246900855
Sam is kickass and awesome! <3,neither,0.046871264420252544,0.28820158396892404,0.6649271516108234
@DeLevely vieHug vieHeart,neither,0.03945320844208391,0.33037608806864915,0.630170703489267
quick move Zander before Sam breaks a pencil!,neither,0.03700177876102597,0.37198324747786077,0.5910149737611132
He's helping fill in the queer space in space? @DeLevely,offensive_language,0.2428887739674164,0.4771363496374137,0.27997487639517
"The Sally Ride's new CO, Commander Xander.",neither,0.04179490865091106,0.23703296618579905,0.72117212516329
"After following on Twitter, I am surprised both Library Bards made it.",neither,0.03632361672357668,0.4092128431939052,0.5544635400825181
just like sheldon that's your spot @DeLevely,neither,0.08213251141694886,0.4103858837765511,0.5074816048065001
@Chovexani I like that interpretation,offensive_language,0.059860103124402354,0.4872665818744376,0.45287331500116007
"@Paladin356 not really, Xander's uniform isn't from the same source I believe so it's not quite the same tone",neither,0.03795188439409922,0.33906100276840506,0.6229871128374957
sto with sot! sweet! :),neither,0.0244660675456741,0.38550903660396674,0.5900248958503592
"Sam, are you excited?",neither,0.09501841072608774,0.32681636587072926,0.578165223403183
Bonnie will never be on a Greyhound bus ever again. :P,neither,0.03477589075028095,0.3756977923713057,0.5895263168784134
Can't wait for the playalong!,neither,0.031256499629895955,0.26798410310533294,0.700759397264771
what is the fleet name on XBOX 1 i want to join,neither,0.05344107961807512,0.3166441382822961,0.6299147820996288
Aww can't clip now?,neither,0.039690986962497815,0.3263403660247362,0.633968647012766
Wedding!,neither,0.03945320844208391,0.33037608806864915,0.630170703489267
*smiles @DeLevely *,neither,0.03945320844208391,0.33037608806864915,0.630170703489267
I don't blame bonnie at ALL,neither,0.04068021378245086,0.4517705406804239,0.5075492455371252
@allenshock1 I AM excited!,neither,0.039204770565592725,0.330461537246643,0.6303336921877644
congrats M&M! <3,neither,0.03945320844208391,0.33037608806864915,0.630170703489267
highvoltage988 gotcha,neither,0.03945320844208391,0.33037608806864915,0.630170703489267
All the congrats!,neither,0.0403575179619381,0.399029559468772,0.56061292256929
@Trekkie313 Refresh and it should work.,neither,0.04816126907628601,0.3223640256200481,0.6294747053036658
THEY ROLLED INITIATIVE XD,neither,0.03945320844208391,0.33037608806864915,0.630170703489267
lol,neither,0.020706217963973744,0.4882283491876925,0.4910654328483337
haha that's adorable,neither,0.0312549455559443,0.4464547245549201,0.5222903298891356
That's freaking epic XD roll init for vows omg,neither,0.03269923256276619,0.33803578915684956,0.6292649782803843
"If GMs love you, they roll low",neither,0.0312740968235327,0.4458418755700667,0.5228840276064005
Yes! Congrats M&M!,neither,0.03945320844208391,0.33037608806864915,0.630170703489267
Congrats Matt and Marish!,neither,0.03869542259126091,0.29220946874792875,0.6690951086608105
@delevely did you bring enough pencils for tonight?,neither,0.04297068301880054,0.3192336834766208,0.6377956335045786
@Paladin356 Medical since DS9 has been a dark teal while Science has been a brighter Teal blue,neither,0.03953609697564828,0.32896925333222704,0.6314946496921248
They rolled initative. <3 <3 <3,neither,0.03945320844208391,0.33037608806864915,0.630170703489267
@rickbudd [By the way...great job on 'Tempting Fate' last night :) ],neither,0.030208267552129103,0.34171240603535047,0.6280793264125205
!highfive @DeLevely,neither,0.03945320844208391,0.33037608806864915,0.630170703489267
PipersTwin reaches up and delivers @DeLevely a crisp high five,neither,0.03487086915675038,0.3916874527896188,0.5734416780536309
Roll for vows!,neither,0.031260903452697913,0.28954079456828563,0.6791983019790164
I'm not even sure I want to see pictures of Matt and Marisha's wedding... I will turn into a complete emotional wreck.,neither,0.03890810476569726,0.3707096815158262,0.5903822137184765
The pictures are great.,neither,0.06586554722911163,0.23810754659093725,0.6960269061799511
Never enough pencils!,neither,0.03578265032079828,0.36770130835727294,0.5965160413219287
of course marisha,neither,0.03945320844208391,0.33037608806864915,0.630170703489267
ROLL FOR VOWS,neither,0.031260903452697913,0.28954079456828563,0.6791983019790164
Holy shit Tal literally did DM a wedding,offensive_language,0.05070868274330697,0.9202286965062176,0.02906262075047549
@DeLevely :P,neither,0.03945320844208391,0.33037608806864915,0.630170703489267
Eric's pips not in proper postition,neither,0.03827973890731619,0.33477838125378223,0.6269418798389016
1st season TNG uniforms must have been the most confomrtable,neither,0.03904458474644724,0.3155495044932203,0.6454059107603325
Who got the WDYWTDT?,offensive_language,0.036474200823386385,0.5050394422454186,0.4584863569311948
"Okay, I'm not one to understand, but rolling initiative on vows? That's pretty great. XD",neither,0.03499798105623177,0.3700975423720351,0.5949044765717331
I friggin love the uniforms.,neither,0.03629239917084756,0.3277210041698286,0.6359865966593238
I adore the uniforms tho,neither,0.034374300979258005,0.3222434812694884,0.6433822177512537
someone let Eric know his pips have nearly jumped ship...,neither,0.0412317189570606,0.35662095895439466,0.6021473220885448
Don't forget to visit Star Trek Online and support Shield of Tomorrow! www.StarTrekOnline.com/ShieldofTomorrow,neither,0.05687602105656693,0.30425729811326435,0.6388666808301687
They don';t make sense in the timeline :(,neither,0.03866767972844561,0.3160514837921509,0.6452808364794035
"I want to buy one of the uniforms, but it's 500 dollars",neither,0.03942709618518919,0.34141936251053595,0.619153541304275
TIMELINE,neither,0.03945320844208391,0.33037608806864915,0.630170703489267
I dig Discovery... doing well as far as I can tell,neither,0.03697427317808691,0.37245008900418797,0.5905756378177252
Tilly rocks,neither,0.03945320844208391,0.33037608806864915,0.630170703489267
"I was pleased to see Wilson Cruz as the doctor, I loved My So-Called Life when I was younger.",neither,0.02979758354569263,0.4414282720656083,0.5287741443886991
Xander!!!,neither,0.03945320844208391,0.33037608806864915,0.630170703489267
"Hey Eric: Did the one presiding over the wedding ask ""How Do You Wanna Do This?""",neither,0.04609779515088711,0.35488991767736117,0.5990122871717517
@WormholeXtreme9 actually one of the reasons they changed it for Season 3 is it was giving the cast back problems,neither,0.037532053655133506,0.31391898958859465,0.6485489567562718
wohoo!,neither,0.03945320844208391,0.33037608806864915,0.630170703489267
vieHype Captain Martinez vieHype,neither,0.03945320844208391,0.33037608806864915,0.630170703489267
"okay, pencils out, I am READY for the show!",neither,0.04064443986809684,0.2575381015932826,0.7018174585386204
Captain Martinez is my 3rd Favorite Star Trek Captain I think,neither,0.03745086440580321,0.36504159876883585,0.5975075368253611
giveaways are nice of ya'll,offensive_language,0.0448940137078904,0.5638764683441644,0.3912295179479452
"my uniform of choice is still what eric is wearing, but engineering for me.",neither,0.034162232475555804,0.38548379792875076,0.5803539695956933
"oooh, console codes!",neither,0.03945320844208391,0.33037608806864915,0.630170703489267
Finally some console love,neither,0.030353140372829733,0.35386327595471045,0.6157835836724598
@salbastro it was talesin,neither,0.03593062006447523,0.3363165027571517,0.627752877178373
dun duuu daaahhh! giveaway insanity later,neither,0.03945320844208391,0.33037608806864915,0.630170703489267
We have a subscriber-only Discord server! Join here: https://discord.gg/geekandsundry (you'll need to sub and link it to your Twitch) and be a part of the fun!...Warning: It can take up to an hour for the server to update and give you access to the channels,neither,0.08464076273808444,0.286394834032893,0.6289644032290227
"O,o",neither,0.03945320844208391,0.33037608806864915,0.630170703489267
:o,neither,0.03945320844208391,0.33037608806864915,0.630170703489267
very nice,neither,0.03945320844208391,0.33037608806864915,0.630170703489267
@highvoltage988 I forgot my sarcasm \s :<,neither,0.02406074411737,0.45615965923161345,0.5197795966510165
"I'm upset I can't see Discovery .. I don't have -anymore- entertainment money after Netflix, Twitch, Alpha and Hulu",neither,0.03891787207726526,0.3125253537921927,0.6485567741305419
"@DeLevely sadly I'm not a fan of Discovery, it's just not what I want out of Star Trek. But that makes me even more thankful for your show. It is exactly what I want and makes me not nearly as disappointed in the other. So thank you for that. <3",neither,0.043249919336554456,0.3704625601602314,0.5862875205032142
Console? Like Xbox? :D PlayStation? :D,neither,0.04720231417032696,0.3418850778531904,0.6109126079764826
@eric ok sam has ther epencils we can start properly now,neither,0.039745154365806536,0.3254210038249294,0.634833841809264
(Taliesin was officiating btw),neither,0.03929150888002135,0.33312055163908016,0.6275879394808986
@DeLevely Have you seen the Uniforms on ANOVOS? They look *sweet*,neither,0.04932869540127619,0.3683558048880989,0.5823154997106248
@WormholeXtreme9 ah okay makes sense now :D,neither,0.039441246942697405,0.3302759240127765,0.6302828290445263
Many pencils were harmed in the making of this show,neither,0.05038960647908751,0.24031790603108788,0.7092924874898245
@RJLadyA That doesnt answer the important question there :P,neither,0.03618734860568591,0.31866235029907325,0.6451503010952407
DANG,neither,0.03945320844208391,0.33037608806864915,0.630170703489267
madness,neither,0.03945320844208391,0.33037608806864915,0.630170703489267
@Chovexani just use a vpn to get past the Netflix block,neither,0.017838040135945643,0.40731660693041505,0.5748453529336393
I need to get my Alpha sub going and binge Dread to get ready for Madness,neither,0.034787839761238296,0.35497761759064483,0.6102345426481169
@HalfDonut waaaaaaaant! but they don't make uniforms smol enough for me :D,neither,0.02744824876454144,0.344402383435211,0.6281493678002475
being disturbed is a good sign,neither,0.04103022701229002,0.35086404032030954,0.6081057326674003
So Metal \m/,neither,0.039408474152951734,0.3873253993356212,0.5732661265114269
"Dude, who is excited for Madness?",neither,0.040710474732556845,0.3512336448606696,0.6080558804067735
The war is only this season,neither,0.04660808616420476,0.3098725845815799,0.6435193292542154
"Help G&S make great content! $4.99/month gets you emotes, Minecraft server access, Sub Only Q&As, VODs, and more! Every sub keeps the channel alive! twitch.tv/geekandsundry/subscribe",neither,0.043092924924402844,0.32365565443818894,0.6332514206374082
@Vance1982 what's vpn?,neither,0.057770773616808734,0.3180719994247239,0.6241572269584672
HEY DOES ANYONE KNOW THE FLEET NAME ON CONSOLE!!!,neither,0.027509872048750546,0.41970601460989565,0.5527841133413538
@salbastro lol true but it was their day so i dont want to know.,neither,0.034881799625756514,0.4004702654491838,0.5646479349250597
"@DeLevely Same, but I need a larger size, and the price is kinda out of my range :( Which is a shame, because I totally want one.",neither,0.03649657968342013,0.3655422277165663,0.5979611926000136
I use Hotspot Shield VPN,neither,0.004683663156386073,0.4896546958069714,0.5056616410366426
best Halloween indeed,neither,0.03860968388766041,0.32331252204994676,0.6380777940623928
"I feel Bonnie and Xander's pain. Myself and one of my partners took a bus to and from Iowa to Seattle. 36 hours there, 42 back. It suuuuucked. Especially when you have agoraphobia. XD",neither,0.03914989102014945,0.33897577345739865,0.621874335522452
I wanna know! I want them to share all their wedding photos! (if they want to),neither,0.04341225502083802,0.38815706313503257,0.5684306818441294
That looks like Jenga :P,neither,0.049926933219909125,0.42204251322737196,0.5280305535527189
we are missing some people...,neither,0.09512436652363457,0.2952505665433237,0.6096250669330417
So pumped for Stranger Things Season 2 on Friday,neither,0.03393428157855933,0.3436993092010638,0.622366409220377
Aliza is too amazing. It's a problem,neither,0.04569979863441331,0.332417857708952,0.6218823436566348
I don't think there is a Fleet on PS4,neither,0.044572755469813,0.292578813857579,0.6628484306726079
Comic Con? She means next year right,neither,0.03909867146570964,0.42285786690084226,0.5380434616334481
"So during break, I'm going to jump onto pS4 STO and try to get the fleet jump started",neither,0.043693495809709534,0.33710676442805,0.6191997397622404
Dr Crusher isn't there? :(,neither,0.03937741262162237,0.28650013599444907,0.6741224513839287
"thats rough, everything good always overlaps at Comic Cons",neither,0.03732169192608822,0.38358453702659057,0.5790937710473213
I believed a well-timed transporter malfunction can help you with this problem.,neither,0.04097609576113292,0.38276241579802134,0.5762614884408459
stormthrooper im trying to get it jump started,neither,0.042590082613531914,0.3631345649110152,0.5942753524754529
gandsHR gandsHR gandsHR gandsHR gandsHR gandsHR,neither,0.03945320844208391,0.33037608806864915,0.630170703489267
XD my virgin ears!!,neither,0.028783608218144636,0.41294770283421023,0.5582686889476451
@Doctarie Same here I've been trying to find out as well.,neither,0.046672723077324285,0.26832123999999624,0.6850060369226796
@delevely does this mean your oxcrew tonight?,neither,0.045852199086532236,0.42930306404176877,0.524844736871699
"Captain America says ""Language""",neither,0.1795904742475602,0.23918521348861727,0.5812243122638224
@Trekkie313 LA ComicCon,neither,0.03945320844208391,0.33037608806864915,0.630170703489267
"Haha, that was beautiful",neither,0.031035502364857706,0.44990332806018496,0.5190611695749573
@DeLevely She is amazing! Her hair's kind of fab to.,offensive_language,0.04349240096021312,0.5426484133135883,0.4138591857261987
"@DeLevely Since I am not on twitter I must say here that , unless you disagree, I am still going to try and convince people that Regular originated Chlorophyllic organism (RoCo) is a better name than #plantface. :-)",neither,0.07864785565495047,0.4099649229684925,0.5113872213765571
pottymouths up in here,neither,0.13690988268457438,0.34420860321594143,0.518881514099484
Wow watch your fucking mouths,offensive_language,0.17522681884266456,0.820134372117598,0.004638809039737538
Nice... I'll keep an eye out for it,neither,0.03631553320905766,0.3132573260528907,0.6504271407380516
yeah i want to join it on xbox,neither,0.027611274276799415,0.4239984071121467,0.5483903186110538
@Chovexani I'd hate to meet someone without virgin ears :P,neither,0.16637206404242694,0.25186023543220704,0.5817677005253661
"Wolfenstein 2 on Tuesday, Mario Odyssey on Thursday, Stranger Things Season 2 on Friday... busy week.",neither,0.035359497942562615,0.34882312122084297,0.6158173808365945
Cap voice: Language,neither,0.03945320844208391,0.33037608806864915,0.630170703489267
@rijaxbloodmore I don't know if I'm crew? I'm gonna be yelling at NPC Rue :P,neither,0.025177553084995332,0.4305233640869134,0.5442990828280911
"@DANfan69 Oh, LA has one too? Wut",neither,0.043051730422049926,0.31389146319896893,0.6430568063789811
everytime someone says that i wonder if theyve read spohies choice. cringe,neither,0.027230974045303443,0.385475775209416,0.5872932507452806
@Somnium_Umbra Agreed!,neither,0.03945320844208391,0.33037608806864915,0.630170703489267
"Yes, you can curse -- just try not to rant like a sailor for lengthy monologs & skip the hate speech/jokes and you & the channel should be good",neither,0.13385501397871002,0.308766208917888,0.557378777103402
"nerdfest , yet another thing to add to the bucket list.",neither,0.0833408085609749,0.2649461342727049,0.6517130571663201
XD @WormholeXtreme9 I actually loled,neither,0.03945320844208391,0.33037608806864915,0.630170703489267
Nice,neither,0.03945320844208391,0.33037608806864915,0.630170703489267
stormthrooper check out your whispers,neither,0.062635612723688,0.33831178570215803,0.599052601574154
GG Hector,neither,0.03945320844208391,0.33037608806864915,0.630170703489267
"SoT has the best hair cast of anything ever, always on point all around",neither,0.036742911326668036,0.3928906277046567,0.5703664609686752
I'm trying to save up for an Intrepid class ship,neither,0.03767443048127081,0.33695811055692365,0.6253674589618057
that reminds me of that family guy episode with Meg and the ear sex,offensive_language,0.02167475951070388,0.5086634730378096,0.4696617674514865
Our captain best captain,neither,0.03885118911131356,0.3253348557000933,0.6358139551885931
I AM EXCITED,neither,0.039204770565592725,0.330461537246643,0.6303336921877644
I wish I lived a life that allowed even a tenth of the gaming and conventioning..,neither,0.03365904156837518,0.36722776101471916,0.5991131974169057
@DeLevely Eric better roll good for NPC Rue tonight,neither,0.03274194796467621,0.29327594740519286,0.6739821046301309
I THINK WE ARE ALL EXCITED!,neither,0.0730157476629157,0.3497220065242776,0.5772622458128067
How did he know I would all-caps?,neither,0.04485409572284009,0.3820700341884561,0.5730758700887038
YAY \o/,neither,0.03945320844208391,0.33037608806864915,0.630170703489267
And there we go :P,neither,0.03984297700827188,0.2309520308096225,0.7292049921821057
^^ and we have confirmation :D,neither,0.03800238588583252,0.301572921640124,0.6604246924740435
We have confirmation of excitement!,neither,0.03890290662352238,0.33971614610294176,0.6213809472735359
Yay <3,neither,0.03945320844208391,0.33037608806864915,0.630170703489267
Our brave Captain. Eater of floor chocolate.,neither,0.03945320844208391,0.33037608806864915,0.630170703489267
yeah,offensive_language,0.013968601452186464,0.5182923869769311,0.4677390115708824
LA comiccon is way too close to twitch con :P. So tired haha,neither,0.04511853491621173,0.3949103742693049,0.5599710908144834
@Doctarie same here. I'm getting the feeling we have to create our own. :/,neither,0.09438922188918326,0.3401921532046684,0.5654186249061484
Common it's you,neither,0.0612638811123502,0.3992600102013004,0.5394761086863494
all caps confirmed! lol,neither,0.03430553755569906,0.4389235275350379,0.526770934909263
lol,neither,0.020706217963973744,0.4882283491876925,0.4910654328483337
Yay! They are excited! XD,neither,0.06430473821818837,0.2869488416843269,0.6487464200974847
ALL EXCITED!,neither,0.04221072801794541,0.43858228519632514,0.5192069867857294
Good job Hector,neither,0.03847136223752934,0.3307137900015447,0.6308148477609259
Roleplay can officially start,neither,0.039761756506767575,0.32513922216468544,0.6350990213285471
YAY! SAM'S STILL HERE TO BE EXCITED!,neither,0.080300451949517,0.3120395071921332,0.6076600408583497
And so it begins....,neither,0.03702075117330028,0.3334064572415291,0.6295727915851705
We need a gif of Sam being excited to share in chat when she's not able to be on camera,neither,0.03671052259873238,0.4115627428146968,0.5517267345865707
@DeLevely I expect nothing less from you!,neither,0.053251917887418,0.40019109404822095,0.546556988064361
huzzah,neither,0.03945320844208391,0.33037608806864915,0.630170703489267
She is!,offensive_language,0.06838151157248105,0.5467478077670651,0.384870680660454
I JUST DISCOVERED I'M EXCITED,neither,0.03508760549257672,0.3509448699399154,0.6139675245675078
"Yes, he better, @DeLevely",neither,0.04691546837855997,0.32780947469006944,0.6252750569313705
Eric is psycho!,neither,0.047204031933976674,0.3277102244511059,0.6250857436149174
"Excitement, it is us!",neither,0.09478451851193541,0.3177356897943447,0.5874797916937199
@DeLevely you live in all caps,neither,0.0657062627490308,0.45834196463648474,0.47595177261448435
",,,,,",neither,0.03945320844208391,0.33037608806864915,0.630170703489267
I get to watch the intro!,neither,0.05063894438148017,0.3174948745191745,0.6318661810993453
EXCITED!,neither,0.03945320844208391,0.33037608806864915,0.630170703489267
I'd eat chocolate off the floor,neither,0.03864072750878707,0.3155490445715959,0.645810227919617
Ohai @DeLevely !,neither,0.03945320844208391,0.33037608806864915,0.630170703489267
,neither,0.03945320844208391,0.33037608806864915,0.630170703489267
"THey. It's they. Goddman it, half.",neither,0.036604711966543496,0.33135581662610963,0.6320394714073468
@FlavahText I have a friend with two kids who somehow attends many conventions and cosplays all the time,neither,0.03155653837536594,0.4145782770075383,0.5538651846170957
This intro is LIT AF just saying :O :D,neither,0.03526250713508856,0.34727009479039395,0.6174673980745176
intro is super good,neither,0.0462281454907492,0.3280458765487927,0.625725977960458
There is no Aki in chat tonight either! At least not yet. :(,neither,0.04083477953568776,0.3144586137633732,0.6447066067009392
how did he know? how could he not know?,neither,0.046260151600360094,0.33115606624920313,0.6225837821504367
vieHype vieHype vieHype vieHype vieHype vieHype vieHype vieHype vieHype vieHype vieHype vieHype vieHype vieHype vieHype,neither,0.03945320844208391,0.33037608806864915,0.630170703489267
"also.. man our captain is hella dignified, chocolate off the floor XD",neither,0.04006741035572949,0.41224799854618527,0.5476845910980852
@DeLevely the intro is DOPE,neither,0.04631653699722767,0.31251557315803014,0.6411678898447423
@DeLevely The intro is amazing,neither,0.04612009951846733,0.31297311711495013,0.6409067833665825
Lark/Bonnie has such a great smile,neither,0.038212067825946494,0.29612123996100587,0.6656666922130476
@DeLevely This intro is amazing,neither,0.046854476549242144,0.32924829992061105,0.6238972235301469
"@delevely, How else are you supposed to express that excitement THE RIGHT WAY?! :D",neither,0.06848546573010844,0.352866817809449,0.5786477164604426
"Yeah, I'm a pretty all-caps kind of person",neither,0.02831390808779126,0.4599642429039829,0.5117218490082259
it be a good intro,neither,0.03779199989768682,0.3350935062170036,0.6271144938853095
Excitement factor 10!,neither,0.03945320844208391,0.33037608806864915,0.630170703489267
@delevely hes so right about the caps. were EXCItED too,neither,0.03719236781157492,0.36647314152114446,0.5963344906672806
Sam is trying to meta game! :P,neither,0.05489627743826814,0.28258961717270326,0.6625141053890287
"@DeLevely ah yeah you miss it every week, shame since it's so amazing! I love the work you all put into it!",offensive_language,0.03731697132555192,0.4967430471620237,0.46593998151242433
lol floor chocolate,neither,0.03155713549803263,0.38774757306742835,0.5806952914345391
I LOVE the intro!,neither,0.0354413717117043,0.3270902284448931,0.6374683998434026
What a snazzy intro!,neither,0.045915666119560924,0.3257693565681219,0.6283149773123172
@Trekkie313 my dream life... my gaming group is lucky to get together four times a year...,neither,0.03236143289091611,0.44392531485925374,0.5237132522498301
he's a changling obviously,neither,0.046611222423217774,0.32791411882549326,0.625474658751289
"..Welp, just started and I",neither,0.03443705631307766,0.3119124300243914,0.653650513662531
"Those aren't Starfleet issues pants, Captain DansGame",neither,0.0574811455787672,0.2773847065779229,0.6651341478433098
I figured you had a monitor on set you could watch it from,neither,0.06949829252249651,0.40033998981724056,0.530161717660263
finally...got my spectrum back online...oh no I've got buffering on what should be 5g. As I mimic Captain Kirk shouting Kahn...but using the name Spectrum!,neither,0.02500356041798392,0.4496577411504531,0.525338698431563
Greetings all,offensive_language,0.046917543854519406,0.6277741405869331,0.3253083155585475
Get em with those crutches @DeLevely,neither,0.04717868455402741,0.30836402373047656,0.644457291715496
"uh oh, floor chocolate confirmed",neither,0.04317368778552972,0.2945487089287867,0.6622776032856835
vieHype vieHype vieHype vieHype vieHype vieHype vieHype vieHype vieHype vieHype vieHype vieHype vieHype vieHype vieHype,neither,0.03945320844208391,0.33037608806864915,0.630170703489267
'm already through all my popcorn. Oh well/,neither,0.034511734330869626,0.43200284387227184,0.5334854217968584
"i have to assume if you're not typing in all caps, sam, it's a changeling",neither,0.048805447245071354,0.42650515039842724,0.5246894023565013
production values you guys!,neither,0.057577112501814486,0.3837917554535821,0.5586311320446035
Hi,neither,0.03945320844208391,0.33037608806864915,0.630170703489267
lol,neither,0.020706217963973744,0.4882283491876925,0.4910654328483337
Bonnie <3 LUL,neither,0.03945320844208391,0.33037608806864915,0.630170703489267
@commandercephalo Greetings!,neither,0.03945320844208391,0.33037608806864915,0.630170703489267
LOL Bonnie,neither,0.020706217963973744,0.4882283491876925,0.4910654328483337
Pencils in the future seem so strong...,neither,0.03873628299819288,0.3498087409727251,0.6114549760290819
"@FlavahText Aww sorry man, my local secene is pretty active even though our town isn't big",neither,0.028668586622884955,0.44078198970019783,0.5305494236769173
Hi @imperialgold4545,neither,0.03945320844208391,0.33037608806864915,0.630170703489267
How does he know?,neither,0.028003034538305716,0.4772594262584592,0.49473753920323515
That is everything,neither,0.04563450973979642,0.38895705615684845,0.5654084341033551
and I just got a rolling blackout,neither,0.034242994027772054,0.3503415092075924,0.6154154967646356
Don't forget the hugs.,neither,0.03856176130599797,0.31407209676618425,0.6473661419278178
That is an incredible workout regiment.,neither,0.04310065463958882,0.3595745367854349,0.5973248085749763
Admiral knows all,neither,0.042521487728440235,0.45016995121620296,0.5073085610553569
Oh hai Xander,neither,0.051363287716059566,0.22255663153133606,0.7260800807526044
"@DeLevely I shouldn't be encouraging this, but just in case any pencils get snapped by you tonight, you should post Twittter pics of them. Everyone needs to know the price of what happens when they upset you when you're not there ;)",offensive_language,0.08227581727359934,0.46458152368093736,0.4531426590454633
Good GMs know all,neither,0.04163301866826236,0.46052085700644513,0.49784612432529246
Puppy cuddles <3,neither,0.03945320844208391,0.33037608806864915,0.630170703489267
"@DeLevely the GM is all-knowing, of course!",neither,0.04663037995748939,0.3697176998489801,0.5836519201935305
@DeLevely Eric is just that damn good of a GM ;),offensive_language,0.04310131301377735,0.7249924105328863,0.23190627645333636
I just have to be willing to widen the invite list...,neither,0.044804069539822224,0.3370106513115094,0.6181852791486684
That's why I don't know nothing!,neither,0.021629169936015605,0.4429184765390686,0.5354523535249158
@ricky_galletti yes!,neither,0.03945320844208391,0.33037608806864915,0.630170703489267
Sam also has the support of her fans... that is like spinach!,neither,0.05998630274507026,0.4687250015658439,0.47128869568908593
gosh darn scifi zombies.,neither,0.03945320844208391,0.33037608806864915,0.630170703489267
"@Ricky_Galletti They are on standby, and I will do that for the sake of SoT stats",neither,0.045369408614067526,0.27491619220385016,0.6797143991820822
wtf is this,offensive_language,0.05875134067276458,0.7027317341486384,0.23851692517859707
@DeLevely Tristian's took your spot next to your Captain. How does Rue feel about people in their seat?,neither,0.08732232388318649,0.40803034354087664,0.504647332575937
"@cybearredpanda *they, thank you! :)",neither,0.06789027328805812,0.42135585585636726,0.5107538708555747
!commands,neither,0.03945320844208391,0.33037608806864915,0.630170703489267
Eric is the Admiral.,neither,0.04871647664033276,0.3071381934257603,0.6441453299339067
Que carajo es esto?,neither,0.03945320844208391,0.33037608806864915,0.630170703489267
"my wife was talking about Rue, asked me if she was a Tribble. ..she meant Trill",offensive_language,0.021730025956353344,0.5383019699356137,0.43996800410803294
@cybearredpanda their* fans,neither,0.03945320844208391,0.33037608806864915,0.630170703489267
I've always said Eric is Q. How else would you explain his omniscience?,neither,0.047363975685744075,0.37669596994552884,0.575940054368727
GM's are supposed to be all knowing @DeLevely,neither,0.07072261011255954,0.34902795442274576,0.5802494354646948
The Trekking Dead happened,neither,0.03844436426767421,0.3118623657802181,0.6496932699521076
thanks sam,neither,0.037019535301769484,0.3099968225162642,0.6529836421819665
oops sorry.,neither,0.03945320844208391,0.33037608806864915,0.630170703489267
"@HalfDonut They don't sit when they're on the bridge, they stand, so I don't think they feel partial",neither,0.04019904477286827,0.35492228915481444,0.6048786660723172
Eric is John?,neither,0.047769508321080845,0.3275157311913204,0.6247147604875989
*They,neither,0.03945320844208391,0.33037608806864915,0.630170703489267
