text,top_class,hate_speech,offensive_language,neither
Don't forget to visit Star Trek Online and support Shield of Tomorrow! www.StarTrekOnline.com/ShieldofTomorrow,neither,0.05687602105656693,0.30425729811326435,0.6388666808301687
jcvimHi jcvimHi jcvimHi jcvimHi jcvimHi,neither,0.03945320844208391,0.33037608806864915,0.630170703489267
YAY! Hi Becca!,neither,0.03945320844208391,0.33037608806864915,0.630170703489267
hi everyone,neither,0.032490659208996964,0.4485487193596734,0.5189606214313296
"well hello, non-malicious becca",neither,0.03945320844208391,0.33037608806864915,0.630170703489267
Hi Cheater!,neither,0.03945320844208391,0.33037608806864915,0.630170703489267
Its a beccaRoss,neither,0.02700859978372578,0.3346563596412867,0.6383350405749875
Whatever happened to Ivan?,neither,0.047185005987465944,0.3258788034873848,0.6269361905251492
Hi @SSJ4GogetaDBGT,neither,0.03945320844208391,0.33037608806864915,0.630170703489267
Hi @CaptainTalon447,neither,0.03945320844208391,0.33037608806864915,0.630170703489267
Ghosts of Dathomir: https://tinyurl.com/y9x9krlp,neither,0.03945320844208391,0.33037608806864915,0.630170703489267
Becca gandsLessthanthree,neither,0.03945320844208391,0.33037608806864915,0.630170703489267
@CaptainTalon447 he won too many times in a row.,neither,0.04340563127033977,0.33228136267455977,0.6243130060551005
I was just getting ready to buy the ST card game!,neither,0.036850196265006865,0.351650385176122,0.6114994185588711
@CaptainTalon447 He is now a producer,neither,0.06846023403826564,0.32039924183148605,0.6111405241302484
I'm more of a Sizzlork follower,neither,0.041501912017974235,0.3197082291474897,0.6387898588345362
lyltBLACKOUT lyltSlap,neither,0.03945320844208391,0.33037608806864915,0.630170703489267
"@CaptainTalon447 Behind the scenes, he's a producer now",neither,0.04331998276930693,0.3148276827627851,0.6418523344679079
Stranger Things Eggo Waffle Card Game by Hasbro: https://io9.gizmodo.com/stranger-things-is-getting-a-waffle-based-card-game-an-1819364079,neither,0.0404885237427036,0.3366468546374016,0.6228646216198948
"@captaintalon447, he was winning too much this year. he had to go to the dungeon to think about what he had done",neither,0.059351316284779486,0.33235570318898977,0.6082929805262308
We have a subscriber-only Discord server! Join here: https://discord.gg/geekandsundry (you'll need to sub and link it to your Twitch) and be a part of the fun!...Warning: It can take up to an hour for the server to update and give you access to the channels,neither,0.08464076273808444,0.286394834032893,0.6289644032290227
oh new Force and destiny book,neither,0.044905192216445,0.2045448451620496,0.7505499626215054
"Ivan's fine, Becca's just storing him in her dungeon for later.",offensive_language,0.023700079262259064,0.50131498645014,0.47498493428760075
Hello alls,neither,0.03945320844208391,0.33037608806864915,0.630170703489267
Symbaroum: Monster Codex. https://tinyurl.com/ycw7azbl,neither,0.03945320844208391,0.33037608806864915,0.630170703489267
beccaWIN beccaOshibaby beccaWIN beccaOshibaby,neither,0.03945320844208391,0.33037608806864915,0.630170703489267
Hi @mmatton,neither,0.03945320844208391,0.33037608806864915,0.630170703489267
"Help G&S make great content! $4.99/month gets you emotes, Minecraft server access, Sub Only Q&As, VODs, and more! Every sub keeps the channel alive! twitch.tv/geekandsundry/subscribe",neither,0.043092924924402844,0.32365565443818894,0.6332514206374082
always feed your predators beccaOshibaby,neither,0.07734356477967777,0.3865055830657614,0.5361508521545609
How's it going chaoticloony?,neither,0.034827248517943006,0.3742167478469281,0.5909560036351289
I love the Star Wars FFG system,neither,0.03650959035994586,0.32788829036546824,0.6356021192745859
Symbaroum is pretty awesome.,neither,0.04913403466927847,0.3270464080089973,0.6238195573217242
@Danoba is there a link for ivans thingy?,neither,0.0406375168378675,0.2738117703293271,0.6855507128328054
"@mmatton ok, and yourself?",neither,0.03845405930435375,0.28266133942546956,0.6788846012701767
"sweet, Warhammer?",neither,0.03945320844208391,0.33037608806864915,0.630170703489267
BLOOD FOR THE BLOOD GOD!,neither,0.03464268762604706,0.2985286324046424,0.6668286799693106
lol,neither,0.020706217963973744,0.4882283491876925,0.4910654328483337
chaoticloony pretty well now,neither,0.03945320844208391,0.33037608806864915,0.630170703489267
Trinket looking fierce,neither,0.03945320844208391,0.33037608806864915,0.630170703489267
I'm so psyched! This is the first time I get to see GTG live!,neither,0.04718944497039882,0.37559261053153603,0.5772179444980652
Standard Becca :D,neither,0.03945320844208391,0.33037608806864915,0.630170703489267
"@Quaraxkad1 One sec, getting one.",neither,0.03459317639437752,0.4399188268687487,0.5254879967368739
Becca >nurgle,neither,0.03945320844208391,0.33037608806864915,0.630170703489267
"https://www.kickstarter.com/projects/huntersbooks/outbreak-undead-2e-the-survival-horror-simulation , not sure about the live thing",neither,0.036809121279365656,0.3866645288975239,0.5765263498231106
has oshi won the game yet?,neither,0.038398548137642784,0.26778962625645497,0.6938118256059024
Oshi always wins,neither,0.037256476510660705,0.39880478819203463,0.5639387352973048
RE hrpgSub hrpgHyperHype,neither,0.10802165902134243,0.2484119200751343,0.6435664209035233
@Davecom3 Oshi won as soon as he entered the building.,neither,0.03965720813072611,0.3664897327836256,0.5938530590856482
"So, Becca just walloped a model that if bought individually would cost $40",neither,0.025161311811129024,0.41732505989438634,0.5575136282944846
"that's not how you shuffle, becca!",neither,0.04939942927787618,0.42542935411826077,0.525171216603863
I see Becca as more of a Tzeentch,neither,0.03918142509655432,0.36308169723049294,0.5977368776729528
Hello Everyone <3,neither,0.03269494828970791,0.4450814005079928,0.5222236512022994
first time here. this girl is awesome SeemsGood,neither,0.06814337468110565,0.3681016836830642,0.5637549416358303
Outbreak: Undead 2E: https://www.kickstarter.com/projects/huntersbooks/outbreak-undead-2e-the-survival-horror-simulation,neither,0.0390806297428692,0.32365306791287607,0.6372663023442547
Link for the live thingie - https://live.kickstarter.com/hunters-books/live/learn-to-play-ou2e-with-this-starter-kit-campaign,neither,0.03948049948957251,0.32439058242597746,0.6361289180844502
Hi @Leigh574,neither,0.03945320844208391,0.33037608806864915,0.630170703489267
Oshi won because he got Becca for a mom :D,neither,0.037048287403847045,0.3420599515120258,0.6208917610841271
you can even submit questions for it,neither,0.04558457825678186,0.3527520950664498,0.6016633266767684
I was just watching this on YouTube :P,neither,0.03238937215468298,0.36752515435016664,0.6000854734951504
"at that link... ""Ivan Van Normal will be joined by his friends Trisha Hershberger, Sax Carr, and Jason Charles Miller as they teach YOU how to play OU2E""",neither,0.06240160336074837,0.33385075646484036,0.6037476401744113
does becca have stuff on her face? it looks like there is paint and stuff on it,neither,0.0307005959120452,0.47632869125162525,0.4929707128363295
Hey @chaoticloony :),neither,0.03945320844208391,0.33037608806864915,0.630170703489267
anyone else have issues on twitch with their chat lagging? (not video but just the chat),neither,0.03149765827787872,0.3242247905293566,0.6442775511927646
thats probably just some blood spatter @FuffyButt,neither,0.02762617617461228,0.38100914796532853,0.5913646758600591
!respect @hyrulepaladin,neither,0.03945320844208391,0.33037608806864915,0.630170703489267
"If you would like to share opinions on our hosts, guests or fellow viewers, please do so in a respectful manner. Don't make them feel uncomfortable.",neither,0.04843323757214918,0.39559142321184637,0.5559753392160044
@Leigh574 disable twitch beta,neither,0.03945320844208391,0.33037608806864915,0.630170703489267
if you are on it,neither,0.06090425624143863,0.45958025167345523,0.47951549208510613
Hey @Leigh574,neither,0.03945320844208391,0.33037608806864915,0.630170703489267
How do that?,neither,0.03519490147724009,0.40026952725731474,0.5645355712654453
hi,neither,0.03945320844208391,0.33037608806864915,0.630170703489267
Re hrpgSub hrpgHyperHype,neither,0.10802165902134243,0.2484119200751343,0.6435664209035233
Hey @Danoba :),neither,0.03945320844208391,0.33037608806864915,0.630170703489267
Hi @Suave214,neither,0.03945320844208391,0.33037608806864915,0.630170703489267
top left on your account thingie :),neither,0.06560655032011732,0.33525223382676334,0.5991412158531193
@Leigh574 the dropdown menu should have the option to disable,neither,0.05242874144315587,0.33300340210478346,0.6145678564520606
right sorry,neither,0.038019572460864674,0.3583241976047169,0.6036562299344185
got my L and R confused :P,neither,0.024281311857074144,0.436398664673236,0.5393200234696899
hey wait a minute... isn't sax supposed to be getting a tattoo of... was it erika's hype emote that won the poll?,neither,0.03760458373826078,0.3778268183387704,0.5845685979229687
Re hrpgSub hrpgHyperHype,neither,0.10802165902134243,0.2484119200751343,0.6435664209035233
gandsSubHype gandsSubHype gandsSubHype,neither,0.03945320844208391,0.33037608806864915,0.630170703489267
(can anyone tell what that ring on her right hand is?),offensive_language,0.0361760312389991,0.5203823391975487,0.4434416295634521
Got it.. Thanks Woms :),neither,0.03275419548383467,0.36784371976938096,0.5994020847467842
o nvm just looks like a jewel,neither,0.045099784954768504,0.3693992024042944,0.585501012640937
I need that shield.,neither,0.03154643332894807,0.41106134161677493,0.557392225054277
"@quaraxkad1, he's probably going to get it at the hamster wedding",neither,0.043055632255616844,0.36892625607287266,0.5880181116715104
I can haz?,neither,0.04033449801857472,0.31541830397308185,0.6442471980083434
I really just watch G&S for the props,neither,0.03422319296916701,0.3088658804334246,0.6569109265974084
Is that Trinket holding a sword and sheild?,neither,0.04214477976900092,0.32924260991450294,0.6286126103164961
But I can haz?,neither,0.03286720926937489,0.34191679698258176,0.6252159937480433
"Trinket is just protecting himself against Becca, reasonable strategy on his part.",neither,0.05350374612013925,0.33581476027907864,0.6106814936007822
i wonder if geek and sundre had to get skulls or are they from becca's collection,neither,0.04319256735066856,0.30672107570901125,0.6500863569403202
"RIP that stage, welcome the new one when it is done! :)",neither,0.03485413163184641,0.34785236540205405,0.6172935029660995
Thats where I'm checking you out right now,neither,0.04963218634211203,0.37357695151929526,0.5767908621385927
Becca's how to plays alwas crack me up,neither,0.03575845861650703,0.40963781384492154,0.5546037275385713
The stage is going away?! BibleThump,neither,0.046452980096579895,0.31564202958055665,0.6379049903228634
those videos explaining the game are so long.,neither,0.0775692218374446,0.23687801571049638,0.685552762452059
oh look i am just joining,neither,0.04119002445942896,0.3042840941956224,0.6545258813449486
Oh no :( layers that block video are the wrost,neither,0.06261329182674691,0.22256702156589278,0.7148196866073603
Woot! Traycee King in the house!,neither,0.03871119570703553,0.31686096377131195,0.6444278405216526
sweet found it live again,neither,0.04042655655643548,0.35730209741064106,0.6022713460329235
worst*,neither,0.04135288542987053,0.29813361182403664,0.6605135027460929
Hay Traycee,neither,0.03945320844208391,0.33037608806864915,0.630170703489267
i want to have good level of english too :(,neither,0.043814418847151294,0.33494757311434936,0.6212380080384995
ey! Lamar!,neither,0.03945320844208391,0.33037608806864915,0.630170703489267
YAY PHIL!!!!!!,neither,0.03945320844208391,0.33037608806864915,0.630170703489267
"Hi Tracy, Cheater, Avril, and Phil!",neither,0.03890884812765396,0.30369036960860707,0.6574007822637391
jcvimHi Traycee jcvimHi Avril jcvimHi Man who needs no introduction,offensive_language,0.039507155771827195,0.5107506193746775,0.44974222485349524
PHIL,neither,0.03945320844208391,0.33037608806864915,0.630170703489267
Hey Chat!,neither,0.03945320844208391,0.33037608806864915,0.630170703489267
"is it just me, or does anybody else think ""Tay Zonday all grown up"" whenever seeing LaMarr?",offensive_language,0.025744426452368373,0.5367118805031242,0.4375436930445074
@TeamPhil!,neither,0.03945320844208391,0.33037608806864915,0.630170703489267
Phil Lamarr aka the voice of your childhood,neither,0.05951762728397444,0.31275486287991616,0.6277275098361094
"Haha, don't you just love that one, Phil?",offensive_language,0.03738148195641877,0.5127806634714426,0.44983785457213854
jcvimHi becca jcvimHi traycee jcvimHi Phil jcvimHi avril,neither,0.03945320844208391,0.33037608806864915,0.630170703489267
Hi @Holrend,neither,0.03945320844208391,0.33037608806864915,0.630170703489267
OMG Hi Traycee! <3,neither,0.03945320844208391,0.33037608806864915,0.630170703489267
#TeamPhil,neither,0.03945320844208391,0.33037608806864915,0.630170703489267
