text,top_class,hate_speech,offensive_language,neither
better prepped than last week and less nervous,neither,0.038546224348633404,0.30666151821058,0.6547922574407866
I've been to lima,neither,0.022692409526193995,0.3146772750694679,0.662630315404338
Preroll,neither,0.03945320844208391,0.33037608806864915,0.630170703489267
"Question, do you think they'll wait till Christmas to do the battle royal so Ashley could be there?? or when ever blindspot wraps for the holidays?",neither,0.04141827478513824,0.33621897026504177,0.62236275494982
We have a subscriber-only Discord server! Join here: https://discord.gg/geekandsundry (you'll need to sub and link it to your Twitch) and be a part of the fun!...Warning: It can take up to an hour for the server to update and give you access to the channels,neither,0.08464076273808444,0.286394834032893,0.6289644032290227
@balthazar2234 its a saying from the show.,neither,0.03745990263000202,0.21859805332232016,0.7439420440476778
@GaamacTV boa ^^,neither,0.03945320844208391,0.33037608806864915,0.630170703489267
Bidet from Minnesota,neither,0.04071751644889743,0.3089174816120565,0.6503650019390461
Yay! Fan Art!!!!,neither,0.03945320844208391,0.33037608806864915,0.630170703489267
BIdet,neither,0.03945320844208391,0.33037608806864915,0.630170703489267
Beep beep from miserable britain,neither,0.04038150078596344,0.3146205443430473,0.6449979548709892
Bidet from Cincinnati,neither,0.04228451509352876,0.2823214250720796,0.6753940598343917
Bidet All :),offensive_language,0.046917543854519406,0.6277741405869331,0.3253083155585475
@balthazar2234 You need to watch Episode 60 for the in-joke.,neither,0.054432412599606086,0.31916993775732355,0.6263976496430704
"Bidet from Trier, Germany",neither,0.04069404815304118,0.30931579984010865,0.6499901520068502
Bidet from Whitestone Kappa /,neither,0.04062582848913359,0.31047366557575606,0.6489005059351104
"Some mispronounce Bidet as ""G'day""",neither,0.02655153321785326,0.3789981174786767,0.5944503493034702
#stanima,neither,0.03945320844208391,0.33037608806864915,0.630170703489267
Refresh for art,neither,0.03423199466188209,0.30429362477271343,0.6614743805654044
ohhi,neither,0.03945320844208391,0.33037608806864915,0.630170703489267
Bidet from Texas....so ready for my double shot of Taliesin!,neither,0.028068435873216557,0.38644953347788275,0.5854820306489006
hope your #stanima is up...it's Art time!,neither,0.12963291879356845,0.2709051980746041,0.5994618831318275
Bidet and BeepBeep from G-ville,neither,0.03993872663407561,0.2110020514151397,0.7490592219507847
yessah good ta meet ya,offensive_language,0.026062020945588373,0.5605155371724849,0.41342244188192667
CAn't wait for tonight's Vampire game to start,neither,0.03790810600687465,0.2640476440731187,0.6980442499200067
Bidet from OK,neither,0.04104157946423444,0.3034172865047108,0.6555411340310547
I'm drawing Vampire Talisen right meow,neither,0.038772232517368915,0.34366980019235677,0.6175579672902745
bidet from Houston TX,neither,0.040501953574932,0.3125761461575217,0.6469219002675464
soaL soaL soaL soaL soaL,neither,0.03945320844208391,0.33037608806864915,0.630170703489267
REFRESH!,neither,0.03945320844208391,0.33037608806864915,0.630170703489267
Bidet from MO,neither,0.040912083971464244,0.30561516297332675,0.653472753055209
Bidet from Utah,neither,0.04066490145509902,0.30981049537100724,0.6495246031738937
"Bidet from nowhere, ND",neither,0.04054347259332062,0.31187146005946326,0.6475850673472162
Bidet from Philly!,neither,0.040769555981420263,0.3080342349327864,0.6511962090857933
beep beep from philly,neither,0.040769555981420263,0.3080342349327864,0.6511962090857933
Beep Beep from Illinois,neither,0.04069404815304118,0.30931579984010865,0.6499901520068502
Bidet from MO,neither,0.040912083971464244,0.30561516297332675,0.653472753055209
Oh then bidet from sc,neither,0.04570740842081578,0.26347708830209615,0.6908155032770882
bidet from Michigan,neither,0.040769555981420263,0.3080342349327864,0.6511962090857933
there is no sound right:,neither,0.04637139007394361,0.31656504873221203,0.6370635611938443
Bidet from Pensacola!,neither,0.04228451509352876,0.2823214250720796,0.6753940598343917
?,neither,0.03945320844208391,0.33037608806864915,0.630170703489267
Bidet from KCMO,neither,0.04228451509352876,0.2823214250720796,0.6753940598343917
bidet from rural Australia,neither,0.04031924518627951,0.315677184343852,0.6440035704698686
#STANIMA,neither,0.03945320844208391,0.33037608806864915,0.630170703489267
Bidet from California,neither,0.06971251856910227,0.2972619859879888,0.633025495442909
Bidet from Chattanooga TN,neither,0.040769555981420263,0.3080342349327864,0.6511962090857933
Bidet from Iowa,neither,0.04069404815304118,0.30931579984010865,0.6499901520068502
bidet from australia,neither,0.04062582848913359,0.31047366557575606,0.6489005059351104
#STANIMA xD,neither,0.03945320844208391,0.33037608806864915,0.630170703489267
Bidet from Boise,neither,0.04228451509352876,0.2823214250720796,0.6753940598343917
"Help G&S make great content! $4.99/month gets you emotes, Minecraft server access, Sub Only Q&As, VODs, and more! Every sub keeps the channel alive! twitch.tv/geekandsundry/subscribe",neither,0.043092924924402844,0.32365565443818894,0.6332514206374082
"Man, all you artist people are frickin talented. The Crit Role art I see if crazy good",offensive_language,0.05677145861849888,0.4852761005469431,0.45795244083455794
lol stanima,neither,0.020706217963973744,0.4882283491876925,0.4910654328483337
#STANIMA,neither,0.03945320844208391,0.33037608806864915,0.630170703489267
bidet from Western NSW,neither,0.04066490145509902,0.30981049537100724,0.6495246031738937
Bidet from MN.,neither,0.040737273169946825,0.30858215849491494,0.6506805683351382
Bidet from Florida!,neither,0.0408948396164547,0.30590784468201904,0.6531973157015263
"so many bidets, so many clean bums",neither,0.039408268582463796,0.39129753092267944,0.5692942004948569
"Bidet from Plano, TX!!",neither,0.040473471510038425,0.31305956113103167,0.64646696735893
"Bidet from Burnaby, BC!",neither,0.041095261662497835,0.30250615950080734,0.6563985788366947
Stanima,neither,0.03945320844208391,0.33037608806864915,0.630170703489267
"wow, this is the first time I'm able to watch live, and Ita after the main campaign lmao",neither,0.04563969778647463,0.31039655448764486,0.6439637477258805
lol @ #Stanima,neither,0.020706217963973744,0.4882283491876925,0.4910654328483337
@Grey_Cloud i have sound refresh maybe?,neither,0.039004086219732816,0.3379988642975462,0.6229970494827209
<3 Love all the fanart!!,neither,0.035205703551871886,0.46329366837393937,0.5015006280741887
Bidet from Australia,neither,0.04062582848913359,0.31047366557575606,0.6489005059351104
Bidet from Buffalo,neither,0.04069404815304118,0.30931579984010865,0.6499901520068502
Bidet from Missouri,neither,0.04071751644889743,0.3089174816120565,0.6503650019390461
Bidet from Orlando,neither,0.04062582848913359,0.31047366557575606,0.6489005059351104
@IronKong1 what time is it over there?,neither,0.04837537864838941,0.2998320059884813,0.6517926153631292
I want to be a cast on this!!!!!,neither,0.043478663047478106,0.3409313478228591,0.6155899891296629
stanima,neither,0.03945320844208391,0.33037608806864915,0.630170703489267
#STANIMA,neither,0.03945320844208391,0.33037608806864915,0.630170703489267
Bidet from TX,neither,0.04081748366884477,0.3072207769958956,0.6519617393352596
Bidet from Eau Claire WI,neither,0.040737273169946825,0.30858215849491494,0.6506805683351382
"the CritArt lead in is up, pause/play or REFRESH is you do not see it",neither,0.05575414425115488,0.37532123449242816,0.568924621256417
hi,neither,0.03945320844208391,0.33037608806864915,0.630170703489267
did all of Vox Machina get to level 20?,neither,0.04693662762872293,0.4005763822236176,0.5524869901476596
bidet from Arkansas,neither,0.04066490145509902,0.30981049537100724,0.6495246031738937
waiting for those vampire fanarts,neither,0.05418002617386978,0.24206110306386336,0.7037588707622668
Bidet from canada,neither,0.04071751644889743,0.3089174816120565,0.6503650019390461
hey,neither,0.03945320844208391,0.33037608806864915,0.630170703489267
Bidet from Hawaii,neither,0.04062582848913359,0.31047366557575606,0.6489005059351104
wonder how many times they can get him to say it that way again tonight,neither,0.0371270981352612,0.362119931669445,0.6007529701952938
bidet from orlando,neither,0.04062582848913359,0.31047366557575606,0.6489005059351104
Bidet from OK!,neither,0.04104157946423444,0.3034172865047108,0.6555411340310547
bidet everyone. I wish you all much stanima,offensive_language,0.04599373502852475,0.5767385864756897,0.3772676784957857
bidet from argentina!,neither,0.04062582848913359,0.31047366557575606,0.6489005059351104
bidet from wisconsin!! :D,neither,0.04071751644889743,0.3089174816120565,0.6503650019390461
bidet,neither,0.03945320844208391,0.33037608806864915,0.630170703489267
bidet from california,neither,0.06971251856910227,0.2972619859879888,0.633025495442909
#obsfucate like laura says,neither,0.060321035620336215,0.3586105639695219,0.5810684004101418
OK,neither,0.03935517884257045,0.3320399062092607,0.6286049149481688
bidet from New Hampshire :D,neither,0.04402155579737495,0.2236345274837781,0.7323439167188469
Bidet all!! From sydney aus,neither,0.042694513426253154,0.3885514576687511,0.5687540289049957
my first live show yes! ive finally court up,neither,0.03662921522726507,0.372125783407279,0.591245001365456
hope I have the stanima to make it through the show. long day,neither,0.08759817242704283,0.16401086411272284,0.7483909634602345
bidet from the Netherlands,neither,0.0395975487247086,0.2929303761973238,0.6674720750779677
bidet from australia!,neither,0.04062582848913359,0.31047366557575606,0.6489005059351104
only ZKeyleth hit 20,neither,0.03945320844208391,0.33037608806864915,0.630170703489267
Bidet from Madison Wisconsin,neither,0.040394171658393964,0.31440548656955947,0.6452003417720467
bidet from Las Vegas #VegasStrong,neither,0.040400041164603724,0.3143058657309893,0.6452940931044071
"Beep Beep and Bidet from Dixon, MO!!!",neither,0.039710681526375816,0.2573753227072934,0.7029139957663308
bidet from the EU,neither,0.039779025773403386,0.2539611253407979,0.7062598488857987
stanima 😂😂😂😂😂,neither,0.03945320844208391,0.33037608806864915,0.630170703489267
bidet from Wales!,neither,0.04228451509352876,0.2823214250720796,0.6753940598343917
#stanimafordays,neither,0.03945320844208391,0.33037608806864915,0.630170703489267
@Vatatheo same its really funny that i kept activley trying to watch live for the actual campaign then it ends and bam i watch the oneshots live XD,neither,0.04154609876483201,0.3141205149217848,0.6443333863133832
it starts....,neither,0.037495658270904016,0.33104937933716044,0.6314549623919354
has anyone started a #stanima?,neither,0.03989596164076064,0.32286141079333325,0.6372426275659061
Ok I'll bite....Bidet from Wales! :D,neither,0.040428232415586324,0.31382738662851223,0.6457443809559015
@gardonkulous Okie critter pride FTW!,neither,0.03945320844208391,0.33037608806864915,0.630170703489267
bidet from Texas,neither,0.040937266849991,0.30518774380265185,0.6538749893473571
"http://www.wheniscriticalrole.com/ <<< CR countdown clock. Part 2 of Taliesin's ""Thursday by Night"" Adventure.",neither,0.03443652855500981,0.2930544116817131,0.6725090597632772
"bee-day from sl,ut",neither,0.040769732961543605,0.3026445398088077,0.6565857272296488
Bidet from Canada!,neither,0.04071751644889743,0.3089174816120565,0.6503650019390461
Australia,neither,0.03945320844208391,0.33037608806864915,0.630170703489267
is this bidet thing for every stream? I've never seen this before,neither,0.021887717263773022,0.36581910335551887,0.6122931793807082
Chibi Vox Machina,neither,0.03945320844208391,0.33037608806864915,0.630170703489267
Please give us Vampire Colville back!,neither,0.07243817556694401,0.32436044353504584,0.6032013808980102
good evening,neither,0.03869882722860525,0.3306355543605695,0.6306656184108252
Bidet from the US!,neither,0.11790013681330186,0.2627055607244951,0.6193943024622031
Bidet from NYC,neither,0.04081748366884477,0.3072207769958956,0.6519617393352596
#Offyouskate,neither,0.03945320844208391,0.33037608806864915,0.630170703489267
Bidet from MA,neither,0.031816597323666866,0.4599893087150652,0.5081940939612679
bidet from ohio,neither,0.040754399270683486,0.3082914838698526,0.650954116859464
@sethlod bidet fom portugal,neither,0.03945320844208391,0.33037608806864915,0.630170703489267
I watch this because I have nothing else in my Lyfe,neither,0.03249910395396421,0.42642700903559305,0.5410738870104428
Bidet from Australia!,neither,0.04062582848913359,0.31047366557575606,0.6489005059351104
I think almost everyone hit twenty? vax did that's for certain.,neither,0.030481590321689556,0.3947899483114705,0.57472846136684
Bidet from Ohio,neither,0.040754399270683486,0.3082914838698526,0.650954116859464
bidet from Texas!,neither,0.040937266849991,0.30518774380265185,0.6538749893473571
"Bidet from Roswell, NM! :)",neither,0.04228451509352876,0.2823214250720796,0.6753940598343917
bidet~ from Philly,neither,0.040769555981420263,0.3080342349327864,0.6511962090857933
Vampire Colville must return,neither,0.04024958643486194,0.3168594751502627,0.6428909384148753
Bidet from Texas!!,neither,0.040937266849991,0.30518774380265185,0.6538749893473571
"@Cyb3r_Skylz It's an in-joke from Episode 60 of this particular show.... A ""mis-hearing"" by a character of ""g'day"".",neither,0.04697142882218767,0.2987602241143036,0.6542683470635087
love the art as always!,neither,0.03254274598274411,0.41032564638084257,0.5571316076364132
"Just bought some wireless headphones, now I don't have to miss anything when I run to the bathroom!",neither,0.029587350846888908,0.3689310805199162,0.6014815686331948
Bidet from Alabama,neither,0.04078317879478948,0.307803020237201,0.6514138009680096
Bidet from California,neither,0.06971251856910227,0.2972619859879888,0.633025495442909
bidet from Idaho,neither,0.04066490145509902,0.30981049537100724,0.6495246031738937
#stanima4days,neither,0.03945320844208391,0.33037608806864915,0.630170703489267
Bidet from Brisbane Australia,neither,0.04062582848913359,0.31047366557575606,0.6489005059351104
pop goes the mike,neither,0.03989530724509305,0.2922032690107897,0.6679014237441172
"Bidet from Katy, Texas!",neither,0.04048565456685946,0.312852782861534,0.6466615625716066
"Bidet from Waco, Texas!",neither,0.04042489113558478,0.3138840968701843,0.6456910119942308
Bidet from Nor Call,neither,0.04064916376607118,0.31007760502590526,0.6492732312080236
Bidet from South Texas,neither,0.04055978256544535,0.3115946372668712,0.6478455801676836
"Bidet from Newcastle, UK boix",neither,0.04079557052152802,0.30759270029461827,0.6516117291838538
#stanima,neither,0.03945320844208391,0.33037608806864915,0.630170703489267
Hello There,neither,0.03937036753510788,0.27621722592919734,0.6844124065356949
Bidet from South Australia :),neither,0.04041079298828133,0.31412337922315653,0.6454658277885622
Beep beep from Oklahoma!,neither,0.04066490145509902,0.30981049537100724,0.6495246031738937
BIDET TO YOU ALL,offensive_language,0.1465191337486792,0.6650830858525114,0.18839778039880933
hey chat,neither,0.03945320844208391,0.33037608806864915,0.630170703489267
"Bidet from Phoenix, AZ",neither,0.04039617012658628,0.31437156734874944,0.6452322625246643
Bidet from swansboro NC,neither,0.04066490145509902,0.30981049537100724,0.6495246031738937
@ShandraVdeG I get the reference. I've just never seen everybody bidet from where they are so much before!,neither,0.027594143666827102,0.35942921863632665,0.6129766376968463
Bidet from Detroit,neither,0.04080695066346891,0.3073995495860776,0.6517934997504536
"Bidet from west Texas, formally SoCal :)",neither,0.04015075659184514,0.318536875511595,0.6413123678965598
bidet from USC!,neither,0.04069404815304118,0.30931579984010865,0.6499901520068502
"@xfinder123 my work schedule changed, so now I can finally watch live. I'm looking forward to the authentic experience, even the 20 minute intermission",neither,0.0398618172029998,0.3722361560754234,0.5879020267215769
"bidet from rural victoria, australia!",neither,0.04019074245894417,0.3178582109921271,0.6419510465489289
bidet form nj,neither,0.03945320844208391,0.33037608806864915,0.630170703489267
bidet from finland,neither,0.04228451509352876,0.2823214250720796,0.6753940598343917
"Bidet from Modesto, CA",neither,0.04084513770590474,0.30675141581570226,0.6524034464783931
Bidet from Texas,neither,0.040937266849991,0.30518774380265185,0.6538749893473571
Bidet from Indiana,neither,0.0408364874901429,0.30689823255244486,0.6522652799574122
Bidet from San Francisco.,neither,0.040391840503121675,0.31444505235836057,0.6451631071385178
Arkon's betrayal was epic,neither,0.039302548371521195,0.3329331826575506,0.6277642689709281
Bidet from Central California,neither,0.059313736825642206,0.30730786531678694,0.6333783978575708
"Bidet from Houston, Texas",neither,0.040553695508357114,0.31169795051161153,0.6477483539800314
Bidet from Amarillo,neither,0.04228451509352876,0.2823214250720796,0.6753940598343917
@Cyb3r_Skylz Happens every week. :),neither,0.0647818046598157,0.32166442237133047,0.6135537729688538
Bidet from Argentina,neither,0.04062582848913359,0.31047366557575606,0.6489005059351104
@SubitusNex Bidet!! :),neither,0.03945320844208391,0.33037608806864915,0.630170703489267
I can't wait to meet these guys(the few of them) that are coming to Philly next month,neither,0.07586849639406544,0.348819117459746,0.5753123861461884
that would be hilarious if I win the give away xD,neither,0.024321826285889997,0.3708660675566382,0.6048121061574718
Bidet you beautiful critters.,neither,0.07222382427478481,0.4176090599885655,0.5101671157366497
Critical Role is what hour ?,neither,0.0507045040521768,0.3248988890872301,0.6243966068605931
Bidet from Milwaukee!,neither,0.04066490145509902,0.30981049537100724,0.6495246031738937
"bidet from sydney, australia",neither,0.04031924518627951,0.315677184343852,0.6440035704698686
"bidet from The Netherlands, just woke up for this whoooooooooooh",neither,0.02979430456664797,0.33604602898202424,0.6341596664513278
@ShandraVdeG Cool,neither,0.03945320844208391,0.33037608806864915,0.630170703489267
bidet from NC,neither,0.04066490145509902,0.30981049537100724,0.6495246031738937
Guess when the new campaign starts their will be an entire civilization that will use bidet as a common greeting : D,neither,0.020210005343144165,0.3658998355791394,0.6138901590777164
Bidet from Raleigh NC,neither,0.04066490145509902,0.30981049537100724,0.6495246031738937
Did I make it in time?,neither,0.036365169448178566,0.35484425643750694,0.6087905741143144
@Realli66 In about 10 minutes,neither,0.03774345237612814,0.3593951106156831,0.6028614370081888
Bidet from Southern California,neither,0.05973421983411923,0.3068804373496683,0.6333853428162125
Bidet from Jacksonville FL!,neither,0.04066490145509902,0.30981049537100724,0.6495246031738937
@JaceAoT haha i stead up for it XD,neither,0.02313104838604028,0.44240616515197406,0.5344627864619855
"Bidet from Ypsilanti, MI y'all",neither,0.04324940744025782,0.3982080527344978,0.5585425398252444
Greetings and Saultations from Kent in England,neither,0.03966494390212976,0.26813523690895824,0.6921998191889122
bidet,neither,0.03945320844208391,0.33037608806864915,0.630170703489267
Bidet m8s from Aus,neither,0.04228451509352876,0.2823214250720796,0.6753940598343917
Bidet from hollywood,neither,0.04082729608690459,0.3070542346530501,0.6521184692600454
Bidet from Massachusetts,neither,0.04069404815304118,0.30931579984010865,0.6499901520068502
I'm ready for some crit role,neither,0.026885114259682086,0.3145346427221086,0.6585802430182093
just starting or just finishing?,neither,0.032410645703457426,0.3644491332363147,0.6031402210602278
I just found out that Talisen was Christopher Flyod in 2010: The year we make contact,neither,0.03202100918052994,0.3677734044567906,0.6002055863626795
Time for some Stanima,neither,0.020008321805332765,0.3371985270723849,0.6427931511222823
"@Cyb3r_Skylz We've been doing it for months, either the episode after Grog said it, or maybe 2. Since then. So it's been awhile",neither,0.024736374027340694,0.3267836739030962,0.6484799520695631
this'll be good,neither,0.03904195527654572,0.33866836285144847,0.6222896818720057
Everyone ready for the gothness of tonight?,neither,0.02750959462646452,0.370921050550014,0.6015693548235215
gandsRaid,neither,0.03945320844208391,0.33037608806864915,0.630170703489267
Bidet from Maine!,neither,0.04069404815304118,0.30931579984010865,0.6499901520068502
@kezz1122 that would be awesome,neither,0.03490430551499995,0.375691734795222,0.5894039596897781
"Bidet from St Louis, MO",neither,0.040325751892290734,0.3155667485616919,0.6441074995460174
starting @Hadie00,neither,0.03945320844208391,0.33037608806864915,0.630170703489267
Howdy,neither,0.03945320844208391,0.33037608806864915,0.630170703489267
bidet from Toronto!,neither,0.04066490145509902,0.30981049537100724,0.6495246031738937
What STATE it pass ? Is it Seatle ?,neither,0.08837636740329032,0.2266535023315215,0.684970130265188
Bidet from Tempe Arizona,neither,0.04078317879478948,0.307803020237201,0.6514138009680096
@yuk0_chu Yep... starting art crawl. Plenty of time.,neither,0.038752578961492805,0.3422675988515188,0.6189798221869884
Bidet from Orange Australia,neither,0.04039749100449293,0.314349148603457,0.6452533603920501
Bidet from NYC,neither,0.04081748366884477,0.3072207769958956,0.6519617393352596
I hope everyone has the STANIMA for tonight's double tap,neither,0.04997785762243855,0.27933829134131044,0.670683851036251
"All hail the grand poo bah de-doink, of all of this and that! May his reign be eternal",neither,0.05089334957765264,0.38253917863735987,0.5665674717849876
forsenS,neither,0.03945320844208391,0.33037608806864915,0.630170703489267
bidet from Kentucky!,neither,0.04071751644889743,0.3089174816120565,0.6503650019390461
"Bidet from Orlando, Fl.",neither,0.040334677536117594,0.315415257091876,0.6442500653720065
Bidet from Utah,neither,0.04066490145509902,0.30981049537100724,0.6495246031738937
Bidet,neither,0.03945320844208391,0.33037608806864915,0.630170703489267
Bidet!,neither,0.03945320844208391,0.33037608806864915,0.630170703489267
can someone captain this Bidet thing for me? Im rather new here so please :),neither,0.05623771147302905,0.30160990959193623,0.6421523789350347
bidet from San Antonio,neither,0.040446282760733435,0.31352102516371877,0.6460326920755478
shots anyone else had no skid?,neither,0.03886455372301694,0.34036709491761324,0.6207683513593698
all you emo goths get ready to geek out on your past....,neither,0.07354137361801551,0.42891203092480795,0.49754659545717655
bidet to my fellow Aussie Critters whos excited for Brisbane Supanova,neither,0.03083734852575505,0.3669205386231123,0.6022421128511326
two shot,neither,0.040291500851474,0.3161480781124454,0.6435604210360806
@hadie00 starting,neither,0.03945320844208391,0.33037608806864915,0.630170703489267
Bidet from Sacramento,neither,0.04062582848913359,0.31047366557575606,0.6489005059351104
bidet from alpha centauri. It's hot out here,neither,0.07263829212702623,0.2971554798648638,0.6302062280081099
"@LucasBlackstone That's awesome. This is my first time catching the stream, so this is new to me.",neither,0.03462044831681988,0.39691766470379375,0.5684618869793864
Bidet from Alabama!!!!,neither,0.04078317879478948,0.307803020237201,0.6514138009680096
bidet fellow Mainac.,neither,0.03945320844208391,0.33037608806864915,0.630170703489267
"@DSBH14 Yeah I used to do that back when the show first started, but not anymore",neither,0.025777503620549785,0.4074501817057986,0.5667723146736516
double tap,neither,0.03945320844208391,0.33037608806864915,0.630170703489267
"bidet from Fort Worth, TX!",neither,0.040538671561945475,0.31195294609159274,0.6475083823464618
"Beep-Beep, KYritters!",neither,0.03945320844208391,0.33037608806864915,0.630170703489267
"""I ate a maaaan""",neither,0.03945320844208391,0.33037608806864915,0.630170703489267
Bidet!,neither,0.03945320844208391,0.33037608806864915,0.630170703489267
i ran out of stanima unfortunately,neither,0.035439158509953494,0.3457376986319882,0.6188231428580582
bidet probly comes up every stream i like it its a nice way to say hello and reference one of Grogs funniest moments,neither,0.041177927379305895,0.3550479557998741,0.6037741168208199
have any of you ever played Vampire the Masquerade: Bloodlines??,neither,0.05065603794330903,0.35881799026375033,0.5905259717929405
bidet from South Carolina!,neither,0.04043176250036363,0.31376747187705417,0.6458007656225822
Bidet from Washington state,neither,0.07569869260918143,0.20816383471815325,0.7161374726726654
Stanima stanima stanimahttps://i.imgur.com/gI95OFy.gif,neither,0.03945320844208391,0.33037608806864915,0.630170703489267
does anyone else have no sound*,neither,0.027024808138638844,0.4537773487784179,0.5191978430829431
Bidet from Oregon,neither,0.04071751644889743,0.3089174816120565,0.6503650019390461
that's a twinky percy,neither,0.035126807190173845,0.3775266654705279,0.5873465273392982
shotgun episode,neither,0.03945320844208391,0.33037608806864915,0.630170703489267
Man i just want see Travis char punch Liam char hahahahaha,neither,0.03764753096281217,0.36350914863727085,0.598843320399917
bidet from Hong Kong,neither,0.040334677536117594,0.315415257091876,0.6442500653720065
"Bidet, lovelies!!",neither,0.03945320844208391,0.33037608806864915,0.630170703489267
"Bidet from Brisbane, Australia",neither,0.04062582848913359,0.31047366557575606,0.6489005059351104
Bidet from West Virginia!,neither,0.040483118966379954,0.3128958186190612,0.646621062414559
"one shot, two shot, red shot, blue shot",neither,0.03929202050944356,0.33824366002700257,0.6224643194635539
"@Cyb3r_Skylz Oh, yeah it was funny that it caught on like it did.",neither,0.02951794478079498,0.43204804604272357,0.5384340091764815
"Bidet from Newcastle, Australia",neither,0.04062582848913359,0.31047366557575606,0.6489005059351104
Bite me,neither,0.030325445488163925,0.3807245649292646,0.5889499895825716
I love VTM,neither,0.03217296676969875,0.3657703709031763,0.602056662327125
wonder if travis will eat a person tonight.,neither,0.026496672410160713,0.33496559994511943,0.6385377276447198
ringtone13,neither,0.03945320844208391,0.33037608806864915,0.630170703489267
So... will they be wearing their Halloween costumes this week?,neither,0.0406907847437327,0.34844902752959406,0.6108601877266733
"Bidet, from Missouri",neither,0.04071751644889743,0.3089174816120565,0.6503650019390461
buffering,neither,0.03945320844208391,0.33037608806864915,0.630170703489267
@xpandacoon ye I played it,neither,0.03804165295897665,0.3308615867270169,0.6310967603140064
sure,offensive_language,0.030544123004943555,0.5442266193377375,0.42522925765731895
"Also, bidet from CT",neither,0.04048244718769107,0.3129072204566142,0.6466103323556948
I've got sound,neither,0.014587236055881117,0.3585977272131742,0.6268150367309449
bidet from new york,neither,0.044690599332616286,0.20708884905532376,0.7482205516120599
"bidet from joliet, IL",neither,0.04066490145509902,0.30981049537100724,0.6495246031738937
bidet from mississippi,neither,0.040754399270683486,0.3082914838698526,0.650954116859464
one of us one of us,neither,0.11121653609102863,0.3609560450326342,0.5278274188763372
CRITICAL ROLE happens in what STATE in USA ?,neither,0.08212269721796643,0.2593017030702645,0.6585755997117692
howdy mates,neither,0.03945320844208391,0.33037608806864915,0.630170703489267
Love those hats!,neither,0.06333379884639928,0.2666894528389012,0.6699767483146993
Bidet from Canada!,neither,0.04071751644889743,0.3089174816120565,0.6503650019390461
Hello my friends,neither,0.027092414902365258,0.4278931443005694,0.5450144407970652
AHHHHHH,neither,0.03945320844208391,0.33037608806864915,0.630170703489267
Man those hats thiugh,neither,0.06893539029936027,0.318323079777556,0.6127415299230837
not my frist time but first time i can watch all of it,neither,0.025860455450451906,0.4846038622892836,0.48953568226026456
@LucasBlackstone It's just a healthy fandom doing fandom things,neither,0.034328520799221884,0.349467006896096,0.6162044723046821
HELLO FROM NORTH CAROLINA!!,neither,0.04027322511375812,0.31645826507735875,0.6432685098088832
They would make great Christmas Tree ornaments,neither,0.03748032026217979,0.30639771771452684,0.6561219620232934
"@dragonivon that would be amazing, I hope so",neither,0.07085704153203584,0.2978358678424065,0.6313070906255577
I am hoping for the return of Jayne,neither,0.03391677001028518,0.29470427349197387,0.671378956497741
what have i missed so far?,neither,0.04414199480122052,0.3786086076610928,0.5772493975376867
Bidet from New Westminster BC,neither,0.04515703081451045,0.19532669693793347,0.7595162722475561
@Realli66 California,neither,0.07294795735683937,0.31885570799497176,0.6081963346481889
Hell from TN,offensive_language,0.04251724794074514,0.7432841246075035,0.21419862745175128
"Bidet from League City, Tx",neither,0.04035706513713967,0.31503528107554835,0.6446076537873119
that CGI one was creepy,neither,0.034191518004117835,0.41266086877230557,0.5531476132235765
Bidet Critters!!,neither,0.03945320844208391,0.33037608806864915,0.630170703489267
@Realli66 California.,neither,0.07294795735683937,0.31885570799497176,0.6081963346481889
they are from california,neither,0.11104537331913626,0.246885561330834,0.6420690653500297
Bidet from Illinois!,neither,0.04069404815304118,0.30931579984010865,0.6499901520068502
that 3d model,neither,0.035772267449892245,0.37037654968531925,0.5938511828647884
@Realli66 they're is Los Angeles I believe,neither,0.06821084953499305,0.29912576230129473,0.6326633881637123
@,neither,0.03945320844208391,0.33037608806864915,0.630170703489267
lets go!,neither,0.039984317429425154,0.35542799280679366,0.6045876897637812
"ok, perfect",neither,0.03938776749187174,0.33148679178102025,0.629125440727108
"Bidet from Adelaide, Australia!",neither,0.04062582848913359,0.31047366557575606,0.6489005059351104
"@realli66 California, the left side.",neither,0.05118026793165351,0.34442361523063547,0.604396116837711
Bidet vampires,neither,0.03945320844208391,0.33037608806864915,0.630170703489267
nice,neither,0.03945320844208391,0.33037608806864915,0.630170703489267
bidet from canada,neither,0.04071751644889743,0.3089174816120565,0.6503650019390461
Bidet from Sydney!,neither,0.04062582848913359,0.31047366557575606,0.6489005059351104
Nothing. It hasn't started yet! @Kittenev,neither,0.03618717713984018,0.3670220950381422,0.5967907278220177
I just starred relistening to the series. And its so amazing to see how far these loveable dorks have come.,neither,0.042074697465325286,0.3812586407559748,0.5766666617786999
"I am from São Paulo, BRAZIL",neither,0.040399994600410785,0.31066124945884677,0.6489387559407426
Bidet @Sanchosays !,neither,0.03945320844208391,0.33037608806864915,0.630170703489267
Bidet,neither,0.03945320844208391,0.33037608806864915,0.630170703489267
bidet from innesota,neither,0.04228451509352876,0.2823214250720796,0.6753940598343917
yeah they are inla,neither,0.042393936229353016,0.4307567054778192,0.5268493582928278
bidet,neither,0.03945320844208391,0.33037608806864915,0.630170703489267
Bidet from Atlanta,neither,0.04078317879478948,0.307803020237201,0.6514138009680096
bidet from North Dakota seagSMUSH seagWOW seagHYPE,neither,0.04038150078596344,0.3146205443430473,0.6449979548709892
Bidet fellow Kindred,neither,0.03945320844208391,0.33037608806864915,0.630170703489267
Bidet,neither,0.03945320844208391,0.33037608806864915,0.630170703489267
bidet from brooklyn,neither,0.04079557052152802,0.30759270029461827,0.6516117291838538
bidet,neither,0.03945320844208391,0.33037608806864915,0.630170703489267
Bidet friends! <3,neither,0.03945320844208391,0.33037608806864915,0.630170703489267
"Bidet from Illinois, let's see what nightmares taliesin gives me tonight",neither,0.026292066419580443,0.3480826084787963,0.6256253251016233
Bidet from good ol' Arkansas,neither,0.03981641373972261,0.31452760878235575,0.6456559774779216
Bidet from Wyoming!,neither,0.04069404815304118,0.30931579984010865,0.6499901520068502
just asking in order to see my hour here,neither,0.05991258096088435,0.37888520784850216,0.5612022111906135
Bidet from the gallows (big exam tomorrow morning),neither,0.029835407533658577,0.2212614841485702,0.7489031083177712
bidet from UNC,neither,0.04062582848913359,0.31047366557575606,0.6489005059351104
Beep Beep,neither,0.03945320844208391,0.33037608806864915,0.630170703489267
bidet from toronto,neither,0.04066490145509902,0.30981049537100724,0.6495246031738937
bidet from vienna,neither,0.04062582848913359,0.31047366557575606,0.6489005059351104
kiki and vax,neither,0.03763944115734239,0.1918412352459551,0.7705193235967025
bidet from Ontario,neither,0.04062582848913359,0.31047366557575606,0.6489005059351104
Bidet from Newzealand,neither,0.04228451509352876,0.2823214250720796,0.6753940598343917
hmmm,neither,0.03945320844208391,0.33037608806864915,0.630170703489267
are they continuing from last week today?,neither,0.06420911874629626,0.24904019376589523,0.6867506874878085
bees kness everyone,neither,0.03288106777882687,0.4419224670444835,0.5251964651766896
This art is making me emotional at work,neither,0.03918192806028408,0.36707036483279987,0.5937477071069162
"beep beep from El Paso, TX",neither,0.040473471510038425,0.31305956113103167,0.64646696735893
who says taliesin will killeveryone??,neither,0.04254533760962875,0.38787075000836435,0.569583912382007
"Bidet from Victoria, Australia",neither,0.040354386843928725,0.3150807387011266,0.6445648744549448
wee wee,neither,0.03945320844208391,0.33037608806864915,0.630170703489267
beep beep,neither,0.03945320844208391,0.33037608806864915,0.630170703489267
@MojoShoujo good luck on your exam!,neither,0.07210023883024085,0.33629597332627015,0.5916037878434891
Bidet From Liverpool,neither,0.04228451509352876,0.2823214250720796,0.6753940598343917
Bidet from Oregon,neither,0.04071751644889743,0.3089174816120565,0.6503650019390461
im just so ready to see what each person plays in the next campaign,neither,0.041997287939376474,0.38012918485776465,0.5778735272028588
bidet from PA,neither,0.04069404815304118,0.30931579984010865,0.6499901520068502
so what do you think this week is gunna be like my fellow critters???,neither,0.0627443426015875,0.46631228486417076,0.4709433725342416
@gsgdgsgsgs yes,neither,0.03945320844208391,0.33037608806864915,0.630170703489267
@PimpMyGaming Bidet neighbour o/ Also from Toronto,neither,0.04025628735914443,0.31674574297717006,0.6429979696636856
me too,neither,0.025456656249999262,0.41690574403459846,0.5576375997154023
did last weeks game actually get continued into a two part?,neither,0.03903778242922697,0.3007483714223506,0.6602138461484225
@gsgdgsgsgs yeah,offensive_language,0.013968601452186464,0.5182923869769311,0.4677390115708824
"When this episode is over tonight, Stranger Things Season 2 will bw available on Netflix!!!",neither,0.034292364481032005,0.33632417138328924,0.6293834641356787
I <3 Tess Fowler's art!,neither,0.03945320844208391,0.33037608806864915,0.630170703489267
This is the first time I'm going to be watching critical role live in months!! Feels good man.,neither,0.04309391069907925,0.37766124311822996,0.5792448461826908
"so, why are we all greeting each other with an anus washing device?",neither,0.03841140824469371,0.40923639208746715,0.5523521996678391
to how are the fan artists so quick?,neither,0.06579155373739543,0.3120017252941738,0.6222067209684307
"@RedMoose16 Technically, they're already dead...",neither,0.05401642910231306,0.3210356303242382,0.6249479405734487
aigjt thx guys,neither,0.039327835343262854,0.33250399675335723,0.6281681679033798
@lord_landry similar to last week,neither,0.04577345282145548,0.3266765276770663,0.6275500195014782
Bidet from Attleboro Massachusetts,neither,0.04069404815304118,0.30931579984010865,0.6499901520068502
jmhrabbit yes,neither,0.03945320844208391,0.33037608806864915,0.630170703489267
I wonder if they're gonna allow Xanathar subclasses?,neither,0.03466922518295358,0.39238763617903494,0.5729431386380115
so what are they doing tonight,neither,0.07166805543578193,0.29801114011434104,0.6303208044498769
i cant wait to see what everyone plays next either,neither,0.04265601724443062,0.4038717513336035,0.5534722314219659
kumquat,neither,0.03945320844208391,0.33037608806864915,0.630170703489267
Bidet from Texas!!,neither,0.040937266849991,0.30518774380265185,0.6538749893473571
apparently this is a thing now,neither,0.04813545518634002,0.329029992243327,0.622834552570333
wonder how Liam is doing after that prologue of madness earlier,neither,0.0416358665104747,0.35295926721090426,0.605404866278621
Bidet!,neither,0.03945320844208391,0.33037608806864915,0.630170703489267
@jmhrabbit it was always intended to be a 2-shot,neither,0.042345193342459536,0.3774434996737456,0.5802113069837949
bidet @sethlod,neither,0.03945320844208391,0.33037608806864915,0.630170703489267
Bidet from Arkansas,neither,0.04066490145509902,0.30981049537100724,0.6495246031738937
I'm a little out of the loop. What/Who is playing tonight if not not CR?,neither,0.03006802483242847,0.38487247791596657,0.5850594972516049
Hello everyone,neither,0.03269494828970791,0.4450814005079928,0.5222236512022994
hi,neither,0.03945320844208391,0.33037608806864915,0.630170703489267
!wtfisthis,neither,0.03945320844208391,0.33037608806864915,0.630170703489267
"This is Critical Role, where a bunch of nerdy ass voice actors play DnD. Special today - Taliesin is running a Vampire game.",offensive_language,0.12490136928634302,0.6835509370547568,0.19154769365890026
@wreckager yes they are,neither,0.0836987721082917,0.2613720273982844,0.6549292004934238
bidet~,neither,0.03945320844208391,0.33037608806864915,0.630170703489267
Bidet from Norway,neither,0.04228451509352876,0.2823214250720796,0.6753940598343917
Spoilers Seth,neither,0.03945320844208391,0.33037608806864915,0.630170703489267
Bidet from PA,neither,0.04069404815304118,0.30931579984010865,0.6499901520068502
Bidet all from NZ!,neither,0.046953908045590145,0.46253302838538923,0.4905130635690207
Bidet from South Carolina,neither,0.04043176250036363,0.31376747187705417,0.6458007656225822
Bidet from Rhode Island....No it's not in NY,neither,0.03772029733213259,0.33148655203288346,0.630793150634984
"Bidet from the watermelon capital of Texas, Critters",neither,0.03954759513296356,0.30504244495931904,0.6554099599077173
Bidet from.....well Bidet!,neither,0.04124456427590394,0.2999721045025345,0.6587833312215617
bidet from ohio. anyone see Madness? is it worth getting alpha?,neither,0.04118711393165309,0.3593537504310033,0.5994591356373435
Bidet from Norway,neither,0.04228451509352876,0.2823214250720796,0.6753940598343917
"grog misinterpreted ""good day"" for ""bidet"" in a past episode",neither,0.034136250944032054,0.29224826129620723,0.6736154877597608
Bidet from the Netherlands.,neither,0.0395975487247086,0.2929303761973238,0.6674720750779677
"Bidet, all.",offensive_language,0.046917543854519406,0.6277741405869331,0.3253083155585475
"i hope so... last week was dark, yet also exciting all at the same time",neither,0.05866877059893688,0.3503395808163216,0.5909916485847415
jeez 3 weeks later and that still breaks my heart,neither,0.02807980195143199,0.39976408240263067,0.5721561156459373
