text,top_class,hate_speech,offensive_language,neither
"Bidet, and happy Thursday, all!",neither,0.04019550191008921,0.35875057150886325,0.6010539265810476
Ahhh No Canadians in Ottawa?!!,neither,0.03847555333108297,0.3469694467788577,0.6145549998900594
Hello all,neither,0.04217753453783664,0.43734383323855475,0.5204786322236087
Bidet from NC,neither,0.04066490145509902,0.30981049537100724,0.6495246031738937
Bidet from Madison,neither,0.04071751644889743,0.3089174816120565,0.6503650019390461
Bidet from Seattle! It's my first time managing to tune into a live show.,neither,0.041303969962826814,0.3361977347941082,0.622498295243065
Bidet from mid Michigan,neither,0.04043750414436148,0.31367002119391385,0.6458924746617246
Bidet!!!,neither,0.03945320844208391,0.33037608806864915,0.630170703489267
bidet from australia,neither,0.04062582848913359,0.31047366557575606,0.6489005059351104
Bidet Ya'll,offensive_language,0.020730940077770262,0.6929551195008575,0.2863139404213722
Bidet from PA,neither,0.04069404815304118,0.30931579984010865,0.6499901520068502
"Bidet from Rochester, NY",neither,0.04084513770590474,0.30675141581570226,0.6524034464783931
Beep Beep and Bidet from Northern California,neither,0.05668060496062114,0.27534695494653233,0.6679724400928466
Bidet from Azusa CA,neither,0.04084513770590474,0.30675141581570226,0.6524034464783931
bidet from mo.,neither,0.040912083971464244,0.30561516297332675,0.653472753055209
hey everybody!,neither,0.03945320844208391,0.33037608806864915,0.630170703489267
bidet from BostoN!,neither,0.040769555981420263,0.3080342349327864,0.6511962090857933
"Bidet from Orlando, Florida",neither,0.040412632663812495,0.31409215512822203,0.6454952122079655
hi all,neither,0.0423466876598404,0.4436528871510691,0.5140004251890904
bidet!!,neither,0.03945320844208391,0.33037608806864915,0.630170703489267
Bidet from portland,neither,0.04066490145509902,0.30981049537100724,0.6495246031738937
Bidet from Kansas,neither,0.04071751644889743,0.3089174816120565,0.6503650019390461
"broke, ttyl",neither,0.03945320844208391,0.33037608806864915,0.630170703489267
Bidet from St. Louis,neither,0.040470992782370326,0.313101631608523,0.6464273756091067
vampire luara is serana :P,neither,0.04981691255257763,0.32681153499115395,0.6233715524562684
Bidet,neither,0.03945320844208391,0.33037608806864915,0.630170703489267
Guys .... Atlanta United lost :(,neither,0.03936405689335637,0.33188922251755737,0.6287467205890863
Hello,neither,0.03945320844208391,0.33037608806864915,0.630170703489267
@undeadcandle hi I live in Gatineau,neither,0.04501577152151541,0.328462867550951,0.6265213609275334
I wonder if they can still get lobsters for a dollar there,neither,0.022264193741424243,0.3317211171448082,0.6460146891137677
Bidet from outer space,neither,0.040754399270683486,0.3082914838698526,0.650954116859464
ooo show time,neither,0.05416976608337301,0.2719202149641867,0.6739100189524404
"@Vatatheo anyone can win, you just need to follow the instructions; chat gets turned on for non-subs",neither,0.042141746307230186,0.338478756498163,0.6193794971946068
Beep beep,neither,0.03945320844208391,0.33037608806864915,0.630170703489267
Yay Taliesin!,neither,0.03945320844208391,0.33037608806864915,0.630170703489267
There are a lot of Kiwis in here!,neither,0.1513797173665488,0.1938061285943355,0.6548141540391157
Bidet from nyc and Memphis!,neither,0.0396237872902542,0.27840972400643194,0.6819664887033138
,neither,0.03945320844208391,0.33037608806864915,0.630170703489267
whoop,neither,0.03945320844208391,0.33037608806864915,0.630170703489267
bidet from San Diego,neither,0.040446282760733435,0.31352102516371877,0.6460326920755478
bidet from los angeles,neither,0.04078317879478948,0.307803020237201,0.6514138009680096
omg tal,neither,0.03945320844208391,0.33037608806864915,0.630170703489267
EEYYYYYYYY,neither,0.03945320844208391,0.33037608806864915,0.630170703489267
YAY,neither,0.03945320844208391,0.33037608806864915,0.630170703489267
omg,neither,0.03945320844208391,0.33037608806864915,0.630170703489267
bidet from Michigan!,neither,0.040769555981420263,0.3080342349327864,0.6511962090857933
Bidet from Chicago!!!,neither,0.04078317879478948,0.307803020237201,0.6514138009680096
Bidet from Michigan!,neither,0.040769555981420263,0.3080342349327864,0.6511962090857933
hype,neither,0.03945320844208391,0.33037608806864915,0.630170703489267
LMAO,neither,0.03705015143476208,0.3711622369619404,0.5917876116032975
Bidet Everyone!,offensive_language,0.02988896790634741,0.4927062106388782,0.4774048214547744
"Oh Lord, what is he wearing?",neither,0.06584131046138103,0.2765630959903426,0.6575955935482765
yooooo,neither,0.03945320844208391,0.33037608806864915,0.630170703489267
Red wings are losing rn,neither,0.059030122343557194,0.29359554336874577,0.6473743342876971
Bidet from the uK!,neither,0.039613273355342184,0.2892653269430044,0.6711213997016535
"oh man, that is RAD Tal!",neither,0.046444384024954294,0.3683149494399354,0.5852406665351102
Ezio???,neither,0.03945320844208391,0.33037608806864915,0.630170703489267
YAYAYAY,neither,0.03945320844208391,0.33037608806864915,0.630170703489267
Bidet from Northwest Florida~,neither,0.0408948396164547,0.30590784468201904,0.6531973157015263
"Toronto critters, Lemme drive 4 hours to T.O",neither,0.03876339218358795,0.4132192663524835,0.5480173414639284
PogChamp PogChamp PogChamp PogChamp PogChamp PogChamp PogChamp PogChamp PogChamp PogChamp PogChamp PogChamp,neither,0.03945320844208391,0.33037608806864915,0.630170703489267
Cake!,neither,0.03945320844208391,0.33037608806864915,0.630170703489267
ASSASSIN TALIESIN,neither,0.03945320844208391,0.33037608806864915,0.630170703489267
I cannot see the chat. :-(,neither,0.03862082535182917,0.3151774942413621,0.6462016804068087
Ayyyyyyyyyeeeee,neither,0.03945320844208391,0.33037608806864915,0.630170703489267
gandsAJinSpace gandsAJinSpace gandsAJinSpace,neither,0.03945320844208391,0.33037608806864915,0.630170703489267
I put on my robe and wizard hat,neither,0.029541224588863428,0.3690416903753929,0.6014170850357436
yay,neither,0.03945320844208391,0.33037608806864915,0.630170703489267
wow that outfit,neither,0.03535057215876229,0.3750438818959019,0.5896055459453358
oh my,neither,0.02748693229954249,0.40236076101129065,0.5701523066891669
Bidet from rochester ny,neither,0.04084513770590474,0.30675141581570226,0.6524034464783931
bidet lovelies,neither,0.03945320844208391,0.33037608806864915,0.630170703489267
Cake!,neither,0.03945320844208391,0.33037608806864915,0.630170703489267
yaaaaaay,neither,0.03945320844208391,0.33037608806864915,0.630170703489267
ahahaha,neither,0.03945320844208391,0.33037608806864915,0.630170703489267
cake???,neither,0.03945320844208391,0.33037608806864915,0.630170703489267
Howdy,neither,0.03945320844208391,0.33037608806864915,0.630170703489267
good evening all,neither,0.0407757687943942,0.4132731801052576,0.545951051100348
Here we go!,neither,0.13156755280784707,0.2765461283225309,0.5918863188696221
WTF TAILSPIN,offensive_language,0.04410695246022759,0.7898861884776351,0.16600685906213722
is that a cake?,neither,0.044786346997057115,0.38192875795875914,0.5732848950441838
HERE WE GO,neither,0.13156755280784707,0.2765461283225309,0.5918863188696221
ON TIME :O,neither,0.03183588227459649,0.3959563629735933,0.5722077547518102
woah on time,neither,0.03522605368191925,0.3659960952068293,0.5987778511112515
WTF,offensive_language,0.04410695246022759,0.7898861884776351,0.16600685906213722
time for the double tap,neither,0.032804103393748105,0.30890153220868194,0.65829436439757
,neither,0.03945320844208391,0.33037608806864915,0.630170703489267
lol,neither,0.020706217963973744,0.4882283491876925,0.4910654328483337
is that an Assassin's cowl?,neither,0.04765578694846393,0.3903762306606941,0.561967982390842
hahahaha,neither,0.03945320844208391,0.33037608806864915,0.630170703489267
The cake is a lie!!!,neither,0.0475212067055959,0.3097684938774693,0.6427102994169349
Cake!!!,neither,0.03945320844208391,0.33037608806864915,0.630170703489267
omg they’re on time,neither,0.05501163163663717,0.335201999975338,0.6097863683880248
GOOD EVENING,neither,0.03869882722860525,0.3306355543605695,0.6306656184108252
We have a subscriber-only Discord server! Join here: https://discord.gg/geekandsundry (you'll need to sub and link it to your Twitch) and be a part of the fun!...Warning: It can take up to an hour for the server to update and give you access to the channels,neither,0.08464076273808444,0.286394834032893,0.6289644032290227
LuL,neither,0.03945320844208391,0.33037608806864915,0.630170703489267
OH GOSH,neither,0.04522550427656808,0.27558419280407476,0.6791903029193572
Michigan Critters are strong tonight :),neither,0.059264310453689725,0.27050782057785605,0.6702278689684542
the cake is real,neither,0.03850990646613427,0.44642371826482513,0.5150663752690406
...Was that Portal cake?,neither,0.03440825656564235,0.38645323867027614,0.5791385047640815
rofl,neither,0.03945320844208391,0.33037608806864915,0.630170703489267
loool,neither,0.03945320844208391,0.33037608806864915,0.630170703489267
oh my god,neither,0.030266422441093326,0.38268872444249025,0.5870448531164164
wat,neither,0.03945320844208391,0.33037608806864915,0.630170703489267
hahaha wow,neither,0.03945320844208391,0.33037608806864915,0.630170703489267
LUL WHAT,neither,0.04568673754512718,0.3259267583143808,0.628386504140492
BIDET AND JUST IN TIME FROM SOUTH CAROLINA!,neither,0.03525255753354864,0.31643237001287033,0.648315072453581
omg!!!,neither,0.03945320844208391,0.33037608806864915,0.630170703489267
at 7:00 for the first time ever,neither,0.027487876435566754,0.33040692687922774,0.6421051966852056
LOL sam,neither,0.029540262777559372,0.4042772064154116,0.5661825308070291
WTF,offensive_language,0.04410695246022759,0.7898861884776351,0.16600685906213722
ZombieKappa ZombieKappa ZombieKappa ZombieKappa ZombieKappa,neither,0.03945320844208391,0.33037608806864915,0.630170703489267
OH DEAR,neither,0.0461327075271576,0.2673899063118408,0.6864773861610016
lol,neither,0.020706217963973744,0.4882283491876925,0.4910654328483337
oh my god,neither,0.030266422441093326,0.38268872444249025,0.5870448531164164
LUL,neither,0.03945320844208391,0.33037608806864915,0.630170703489267
First time watching live in a long while. Missed y’all.,neither,0.03736192928217541,0.3938499902267043,0.5687880804911203
?What the heck Sam?,neither,0.043551778704476636,0.31229584922273185,0.6441523720727915
"Oh, it's a halloween episode",neither,0.04299670839808598,0.2825126495835792,0.6744906420183349
Looooove it 😂,neither,0.034373745257138544,0.33212314837979673,0.6335031063630647
LuL,neither,0.03945320844208391,0.33037608806864915,0.630170703489267
Oh.... My god.,neither,0.030266422441093326,0.38268872444249025,0.5870448531164164
SAM RIEGEL,neither,0.03945320844208391,0.33037608806864915,0.630170703489267
Oh my gawd XD,neither,0.03223854755348843,0.3699768092684252,0.5977846431780863
we started on time! :D,neither,0.03466907687436862,0.37237991799857006,0.5929510051270612
holy fuck,offensive_language,0.19397613669184155,0.8059762285570093,4.7634751149108454e-05
This is beautiful. I love it,neither,0.04337924898289349,0.3455496730244034,0.6110710779927032
wtheck lol,neither,0.020706217963973744,0.4882283491876925,0.4910654328483337
On time!!!,neither,0.03183588227459649,0.3959563629735933,0.5722077547518102
HOLY SHIT,offensive_language,0.04257650662097627,0.9573463282193174,7.716515970639687e-05
yes,neither,0.03945320844208391,0.33037608806864915,0.630170703489267
im diggin the cowl,neither,0.03756217193799988,0.3475266696194658,0.6149111584425344
yo what the fuck,offensive_language,0.21070441972393594,0.7892869404205284,8.639855535656413e-06
hooray!,neither,0.03945320844208391,0.33037608806864915,0.630170703489267
um,neither,0.03945320844208391,0.33037608806864915,0.630170703489267
LMAO,neither,0.03705015143476208,0.3711622369619404,0.5917876116032975
WTF Sam?! LOL hahahaha,offensive_language,0.03461853471151468,0.5972978123136418,0.3680836529748436
oh my,neither,0.02748693229954249,0.40236076101129065,0.5701523066891669
yesssss,neither,0.03945320844208391,0.33037608806864915,0.630170703489267
AMAZING AHAHAH,neither,0.03945320844208391,0.33037608806864915,0.630170703489267
"its a pseudo Goth, crossed with --0 eeehGADs man!",neither,0.02678207534970064,0.4123854971811579,0.5608324274691414
"@warhousebard I mean not only did its chest cavity fit a dwarven city, put it fit another city on top of it",neither,0.04938578503131117,0.3091647693578559,0.6414494456108328
oh,neither,0.051363287716059566,0.22255663153133606,0.7260800807526044
Cake!,neither,0.03945320844208391,0.33037608806864915,0.630170703489267
oh my GOD,neither,0.030266422441093326,0.38268872444249025,0.5870448531164164
Jeebus,neither,0.03945320844208391,0.33037608806864915,0.630170703489267
Joel!,neither,0.03945320844208391,0.33037608806864915,0.630170703489267
Bidet from Dallas!,neither,0.04081748366884477,0.3072207769958956,0.6519617393352596
lol wow,neither,0.028246994003964847,0.4153360334236352,0.5564169725723999
It's Showtime!,neither,0.037828236809968684,0.3309349903269868,0.6312367728630445
HOLY SHIT THEY STARTED ON TIME,offensive_language,0.04268848457886814,0.9544475205960752,0.002863994825056691
WTF!,offensive_language,0.04410695246022759,0.7898861884776351,0.16600685906213722
good evening ladies and gents,neither,0.03806270319104281,0.2942562543522767,0.6676810424566806
Oh my god this is my favorite thing,neither,0.030029088535802596,0.4334884007673727,0.5364825106968246
OH MY GODDDDD,neither,0.02748693229954249,0.40236076101129065,0.5701523066891669
OH MY GOD THEY ARE ALL AMAZING!,neither,0.056536769471236516,0.39190638881147,0.5515568417172936
OMG! fantastic!,neither,0.03945320844208391,0.33037608806864915,0.630170703489267
I FORGOT THIS WAS THE HALLOWEEN EPISODE!,neither,0.03852796852012673,0.3197385572290198,0.6417334742508536
Hell yeah Liam!,offensive_language,0.027460705639740488,0.7470388352609562,0.22550045909930336
these costumes LuL,neither,0.04752618635106391,0.39475306244134956,0.5577207512075865
hahaha this is awesome!!!!!,neither,0.048069240510991,0.32904142387026597,0.622889335618743
the cake is not a lie,neither,0.04541557610679617,0.3160317880930145,0.6385526358001893
the costumes!!!,neither,0.038351000110748164,0.310092396174505,0.6515566037147468
YAS,neither,0.03945320844208391,0.33037608806864915,0.630170703489267
oh it's halloween. the cake was confusing.,neither,0.04135881213635742,0.2824876896097467,0.6761534982538959
wtf is sam,offensive_language,0.053162868606471826,0.6039550283994316,0.3428821029940966
"Amazing, Sam, amazing",neither,0.03945320844208391,0.33037608806864915,0.630170703489267
LOOOOOOOL. CAAAAAKE,neither,0.03945320844208391,0.33037608806864915,0.630170703489267
dam liam is on point,neither,0.043421464514744865,0.33911293890103184,0.6174655965842234
what the fuck Sam :D,offensive_language,0.205651399750964,0.7939901971395178,0.000358403109518141
Omg,neither,0.03945320844208391,0.33037608806864915,0.630170703489267
"7pm rolls around, the viewer count skyrockets. #CritRollRules",neither,0.038805458947798625,0.31860729082864586,0.6425872502235556
I bought DARK chocolate for this episode :),neither,0.034900704318451825,0.30910445840658146,0.6559948372749667
"o gods, lol",neither,0.020706217963973744,0.4882283491876925,0.4910654328483337
"The cake is real""",neither,0.03850990646613427,0.44642371826482513,0.5150663752690406
The cake is a lie!!!!,neither,0.0475212067055959,0.3097684938774693,0.6427102994169349
wow liam,neither,0.03945320844208391,0.33037608806864915,0.630170703489267
Damn Liam you looking good,offensive_language,0.058568715421188015,0.7994572691919929,0.1419740153868191
vampire chell,neither,0.03945320844208391,0.33037608806864915,0.630170703489267
THE CAKE IS A LIE :D,neither,0.0475212067055959,0.3097684938774693,0.6427102994169349
omg chell,neither,0.03945320844208391,0.33037608806864915,0.630170703489267
OMG Laura's Chell Cosplay!!!,neither,0.03945320844208391,0.33037608806864915,0.630170703489267
VaultBoy VaultBoy VaultBoy VaultBoy,neither,0.03945320844208391,0.33037608806864915,0.630170703489267
I got very confused momentarily,neither,0.03804651081403642,0.380990155853118,0.5809633333328456
wow it starts on time when matt isnt here :thinking:,neither,0.051263195058066466,0.35852476218155255,0.5902120427603811
Assassin's Tal,neither,0.03945320844208391,0.33037608806864915,0.630170703489267
SAM,neither,0.03945320844208391,0.33037608806864915,0.630170703489267
that fallout costume is OP!,neither,0.042225091032798076,0.3587149277587637,0.5990599812084382
i am in love with laura,neither,0.022478715494230427,0.39923383232874404,0.5782874521770257
HALP I'M NOT GETTING VIDEO,neither,0.039388743266169056,0.3154160104582936,0.6451952462755374
Wooo,neither,0.03945320844208391,0.33037608806864915,0.630170703489267
Laura as Vampire Chell is Kreygasm,neither,0.04604128093720716,0.36445882628203774,0.5894998927807551
lol,neither,0.020706217963973744,0.4882283491876925,0.4910654328483337
YES COSTUMES,neither,0.03945320844208391,0.33037608806864915,0.630170703489267
they are vampires in costumes,neither,0.06120399541606803,0.2915719561366186,0.6472240484473133
southern vax,neither,0.03945320844208391,0.33037608806864915,0.630170703489267
Oh Laura.,neither,0.051363287716059566,0.22255663153133606,0.7260800807526044
floating cakes????!!!,neither,0.03945320844208391,0.33037608806864915,0.630170703489267
bidet from Long Beach,neither,0.04032471946181158,0.3093277696644485,0.6503475108737399
It’s LARKIN,neither,0.034373745257138544,0.33212314837979673,0.6335031063630647
Hi everyone :),neither,0.032490659208996964,0.4485487193596734,0.5189606214313296
"Bidet from Louisville,KY!!",neither,0.04034574383703774,0.31522743308451706,0.6444268230784452
Taliesin was Larkin the whole time!,neither,0.03679664402366831,0.33726633814099816,0.6259370178353336
I love these people,offensive_language,0.12329452913873395,0.48204004570101067,0.3946654251602553
oh my god that lone survivor costume is fucking amazing,offensive_language,0.08960278320070472,0.9034533805984024,0.006943836200892948
Liam... isn't that Borderlands callback?,neither,0.03575093841462254,0.3706122475494481,0.5936368140359294
Halloween!!!,neither,0.03945320844208391,0.33037608806864915,0.630170703489267
That Fallout costume is AMAZING!,neither,0.04231458705410384,0.35957584946118504,0.5981095634847112
Loolol,neither,0.03945320844208391,0.33037608806864915,0.630170703489267
yesssssss fangs!!!,neither,0.03945320844208391,0.33037608806864915,0.630170703489267
Caaaaarrrrlll,neither,0.03945320844208391,0.33037608806864915,0.630170703489267
this is miraculous,neither,0.06444388513749441,0.32581973129223984,0.6097363835702658
Laura as Chell is my everything,neither,0.03123521463914761,0.4735953710825531,0.49516941427829936
SAM,neither,0.03945320844208391,0.33037608806864915,0.630170703489267
Beep Beep!!! gandsSubHype gandsSubHype gandsSubHype,neither,0.03945320844208391,0.33037608806864915,0.630170703489267
LOL ICE,neither,0.02874437451494519,0.41103878459217474,0.56021684089288
!who,offensive_language,0.04159901189299763,0.525362713080101,0.4330382750269014
"Help G&S make great content! $4.99/month gets you emotes, Minecraft server access, Sub Only Q&As, VODs, and more! Every sub keeps the channel alive! twitch.tv/geekandsundry/subscribe",neither,0.043092924924402844,0.32365565443818894,0.6332514206374082
Noice Liam,neither,0.03945320844208391,0.33037608806864915,0.630170703489267
this is an episode of True blood,neither,0.04628816319779319,0.32499867287514217,0.6287131639270646
!whodat,neither,0.03945320844208391,0.33037608806864915,0.630170703489267
"Liam ( twitter.com/VoiceOfOBrien ), Laura ( twitter.com/LauraBaileyVO ), Travis ( twitter.com/WillingBlam ), Taliesin ( twitter.com/executivegoth ), and Sam ( twitter.com/samriegel )",neither,0.03841631241051809,0.4562306625116172,0.5053530250778646
CAKE,neither,0.03945320844208391,0.33037608806864915,0.630170703489267
bidet from the bay,neither,0.03960389069642851,0.29144428978213127,0.6689518195214403
Now the setting of true blood makes so much sense,neither,0.036318019432743834,0.3486170512495041,0.615064929317752
AHHHHHHHHHHHHHHHHHHHHHHHHHHHHHHHHHHHHH,neither,0.03945320844208391,0.33037608806864915,0.630170703489267
Deal with Pac-Man with a straight face Talisan,neither,0.0250636142569275,0.4269674046721439,0.5479689810709285
Bidet,neither,0.03945320844208391,0.33037608806864915,0.630170703489267
,neither,0.03945320844208391,0.33037608806864915,0.630170703489267
Aw.. wonder who they sourced the fangs from. Vampfangs don't give a lisp.,neither,0.03985417266449651,0.34702026870039443,0.613125558635109
Laura AAAAAAAH,neither,0.03945320844208391,0.33037608806864915,0.630170703489267
liam gandsLessthanthree,neither,0.03945320844208391,0.33037608806864915,0.630170703489267
so awesome!!!,neither,0.03940831064796619,0.39344133035444445,0.5671503589975895
They all Look awesome!,neither,0.04374632084553496,0.4138761986712602,0.5423774804832049
wooot made it in time,neither,0.035968849476774326,0.35806329296300604,0.6059678575602198
I made it... Bidet,neither,0.03684238675525566,0.33127406936755094,0.6318835438771935
Chell!,neither,0.03945320844208391,0.33037608806864915,0.630170703489267
So that Cake is a lie,neither,0.04326073676659128,0.41485697791640913,0.5418822853169997
LOL TRAVIS,neither,0.031120645729857982,0.3912535864736078,0.5776257677965343
gandsLessthanthree gandsLessthanthree gandsLessthanthree,neither,0.03945320844208391,0.33037608806864915,0.630170703489267
The customers are great!,neither,0.062252421208212005,0.24749146153224086,0.690256117259547
"Laura is Chell, Is Liam the Lone Wanderer or the Sole Survivor?",neither,0.05640930093917096,0.02745547229435366,0.9161352267664753
these costumes,neither,0.05206627965619074,0.43093815278865416,0.516995567555155
these costumes are lit af,neither,0.07239345339803353,0.34889951618069853,0.578707030421268
damn.. had to refresh.. what is Laura dressed as?,offensive_language,0.060294772188927453,0.6865991788590892,0.25310604895198335
omg sam,neither,0.03945320844208391,0.33037608806864915,0.630170703489267
bidet from dfw,neither,0.04228451509352876,0.2823214250720796,0.6753940598343917
"Yeah, that's the cartoon packman",neither,0.02060307047067393,0.4579314037614144,0.5214655257679116
#sponsored?,neither,0.03945320844208391,0.33037608806864915,0.630170703489267
Pacmire!,neither,0.03945320844208391,0.33037608806864915,0.630170703489267
omg he has the real pip boy.,neither,0.03674377872432774,0.42155034515175616,0.5417058761239162
Liam's Vault Dweller is insane! :D,neither,0.04668319012505554,0.3278893658327089,0.6254274440422356
Oh my god this is great,neither,0.03745639317043265,0.3382484965072035,0.6242951103223638
Costumes!!!,neither,0.03945320844208391,0.33037608806864915,0.630170703489267
gandsTrinket gandsTrinket gandsTrinket gandsTrinket,neither,0.03945320844208391,0.33037608806864915,0.630170703489267
@Thundron2 Chelle from portal,neither,0.04228451509352876,0.2823214250720796,0.6753940598343917
sam looks worried,neither,0.03945320844208391,0.33037608806864915,0.630170703489267
sam's sponge bob,neither,0.03945320844208391,0.33037608806864915,0.630170703489267
I cant take sam seriously,neither,0.03945320844208391,0.33037608806864915,0.630170703489267
Isn't that the terrible Pac Man show Pacman?,neither,0.04661070828145103,0.33737623314436177,0.6160130585741872
Sam looks terrifying,neither,0.03945320844208391,0.33037608806864915,0.630170703489267
Laura wins best costume!,neither,0.038622763442921586,0.3234220485617692,0.6379551879953093
Travis's costume is OIN POINT,neither,0.046014975380625524,0.3281191955247081,0.6258658290946665
damn it didn't start properly for me :(,offensive_language,0.02274636419328928,0.7181872651257157,0.2590663706809949
M&M Sam.,neither,0.03945320844208391,0.33037608806864915,0.630170703489267
Aw Sam,neither,0.03945320844208391,0.33037608806864915,0.630170703489267
"I come into Sam dressed as PacMan, this how I know it's gonna be good",neither,0.03532684110430779,0.4055625891661261,0.5591105697295662
I got it at WACA WACA WACA,neither,0.03333978149785758,0.45932571730745547,0.5073345011946869
its pac man from the pac man Adventure games,neither,0.03655571721704759,0.37531827721402006,0.5881260055689322
The first time in forever I've been late to the steam and they aren't for once late to start. The bastards.,neither,0.027775534691025217,0.2916156499961559,0.6806088153128188
like the vault suit!,neither,0.05204246746502646,0.32817031223951143,0.6197872202954622
What are Laura and Taliesin?,neither,0.12048729335018481,0.17259833513179004,0.706914371518025
First time I get to watch live while subbed!,neither,0.04455103007038533,0.3470770369678534,0.6083719329617614
who is travis?,neither,0.049131565424771526,0.39689703281573707,0.5539714017594913
if someone peed in the Kool-Aid Man...,neither,0.027501808510014332,0.3936176014749065,0.5788805900150792
Who is Travis?,neither,0.049131565424771526,0.39689703281573707,0.5539714017594913
I love the cake,neither,0.03476326179677087,0.32661755296214734,0.6386191852410817
thought it looked alittle like sponge bob,neither,0.04862381572564206,0.26861922086489287,0.682756963409465
Me and Liam's Halloween costume are exactly the same!!! I'm so happy!!!,neither,0.04749833022857918,0.3230538929909038,0.629447776780517
"ooh, i love tor books!",neither,0.036751996010717554,0.3429306304226856,0.6203173735665967
"Out of curiosity, are MAtt and Marisha in chat?",neither,0.05187114807786682,0.2825835393171332,0.6655453126049999
TOR represent!,neither,0.03945320844208391,0.33037608806864915,0.630170703489267
"Ooh, I love Tor books",neither,0.036751996010717554,0.3429306304226856,0.6203173735665967
Yay! I love Tor!,neither,0.03596661143848979,0.34670415582058367,0.6173292327409265
Travis is my pick for Joel in the Last of Us movie now,neither,0.05595216419416461,0.2812966351786453,0.6627512006271901
Yeahhhhh so pumped for Oathbringer,neither,0.033016371044748694,0.3427965595783048,0.6241870693769466
OATHBRINGER,neither,0.03945320844208391,0.33037608806864915,0.630170703489267
YEAH TOR BOOKS!!!!,neither,0.021899461234502943,0.45388446779592323,0.5242160709695738
awesome,neither,0.03945320844208391,0.33037608806864915,0.630170703489267
gandsSCANLAN gandsSCANLAN gandsDrink gandsDrink gandsDrink gandsDrink,neither,0.03945320844208391,0.33037608806864915,0.630170703489267
Travis is Joel from the last of us :),neither,0.07424107597132633,0.29947165892867317,0.6262872651000003
Sam&m,neither,0.03945320844208391,0.33037608806864915,0.630170703489267
gandsSubHype gandsSubHype,neither,0.03945320844208391,0.33037608806864915,0.630170703489267
TOR books: <3 <3,neither,0.03945320844208391,0.33037608806864915,0.630170703489267
so excited for that,neither,0.02842175941491023,0.39189860957327577,0.579679631011814
TTours,neither,0.03945320844208391,0.33037608806864915,0.630170703489267
Tor has the best books,neither,0.03810813841649294,0.3001879638933786,0.6617038976901284
SO HYPE FOR OATHBRINGER,neither,0.03200865690576475,0.3450117981085284,0.6229795449857068
PogChamp,neither,0.03945320844208391,0.33037608806864915,0.630170703489267
"Laura = Chell, Travis = Ellie",neither,0.03945320844208391,0.33037608806864915,0.630170703489267
Looking forward to it!,neither,0.04505748290179047,0.32668397205134037,0.6282585450468692
Travis looks amazing.,neither,0.03945320844208391,0.33037608806864915,0.630170703489267
Can't wait for that book,neither,0.03053876922006506,0.337287721305797,0.632173509474138
Dear God sams costume,neither,0.03945320844208391,0.33037608806864915,0.630170703489267
LIFE BEFORE DEATH,neither,0.03222908193637859,0.45353079226257964,0.5142401258010417
yes!,neither,0.03945320844208391,0.33037608806864915,0.630170703489267
Oathbringer!,neither,0.03945320844208391,0.33037608806864915,0.630170703489267
@Afinati Ellie and the main dude from Last of Us,neither,0.06543448047021283,0.2747197031655201,0.6598458163642671
"Yeah, I love TOR",offensive_language,0.015342987087959696,0.5027982836208003,0.48185872929124
PogChamp,neither,0.03945320844208391,0.33037608806864915,0.630170703489267
It's the best fantasy series out right now,neither,0.0333495175437982,0.3392183868826333,0.6274320955735685
Omg I love their costumes,neither,0.036826087492099036,0.342577582571074,0.620596329936827
"Oh fucking SHIT, I forgot about Oathbringer!",offensive_language,0.07803584191951853,0.9219637079929255,4.500875559548118e-07
YES YES YES YES,neither,0.03945320844208391,0.33037608806864915,0.630170703489267
I LOVE TOR BOOKS!,neither,0.03587115980076533,0.3471666862074725,0.6169621539917622
Yeah!!!!,offensive_language,0.013968601452186464,0.5182923869769311,0.4677390115708824
TTours,neither,0.03945320844208391,0.33037608806864915,0.630170703489267
vampire joel,neither,0.03945320844208391,0.33037608806864915,0.630170703489267
omg they have the book,neither,0.03805767630147667,0.323165860342926,0.6387764633555973
"OMG guys, those costumes,lol.",neither,0.051234642851879265,0.3175615406843217,0.631203816463799
gandsSCANLAN gandsDrink,neither,0.03945320844208391,0.33037608806864915,0.630170703489267
WUSS POPPIN B,neither,0.03945320844208391,0.33037608806864915,0.630170703489267
oh shit thats cool,offensive_language,0.04815499715960742,0.9509563008019081,0.000888702038484545
OOoooo,neither,0.03945320844208391,0.33037608806864915,0.630170703489267
ooooooooo,neither,0.03945320844208391,0.33037608806864915,0.630170703489267
WHAT IS GOING ON,neither,0.053652426185914176,0.3789212265798947,0.5674263472341913
"I like Sanderson's lectures on fantasy writing better than his actual books, heh",neither,0.05747882854767481,0.3519257541985834,0.5905954172537419
oh Shiite,neither,0.051363287716059566,0.22255663153133606,0.7260800807526044
BOOK 3! FINALLY!,neither,0.03945320844208391,0.33037608806864915,0.630170703489267
oh damn,offensive_language,0.05096471030591599,0.9063512536062347,0.04268403608784929
TOR BOOKS!! Yay,neither,0.03945320844208391,0.33037608806864915,0.630170703489267
auuuuuuuggggghhhh that BAG,neither,0.03783050317590877,0.318321528934756,0.6438479678893352
oh wow that's neat,neither,0.04046114483295863,0.32334208501099504,0.6361967701560465
:O,neither,0.03945320844208391,0.33037608806864915,0.630170703489267
OH SHIT,offensive_language,0.04652059265363964,0.9534729203614298,6.486984930600159e-06
sweet!,neither,0.03945320844208391,0.33037608806864915,0.630170703489267
wow,neither,0.03945320844208391,0.33037608806864915,0.630170703489267
"It is amazing, I got an ARC of it",neither,0.04233489248879976,0.3592435708553967,0.5984215366558036
OOOOH,neither,0.03945320844208391,0.33037608806864915,0.630170703489267
That's cool,neither,0.0331105145141573,0.4000689531361105,0.5668205323497322
Well Sam didn't even dress up. how disappointing... Kappa,neither,0.027976042197326398,0.40250001115500506,0.5695239466476686
oooo,neither,0.03945320844208391,0.33037608806864915,0.630170703489267
oooooo i want!!!!,neither,0.03971009941506125,0.3260159778252082,0.6342739227597305
wooooooooo thats awesome!!,neither,0.03945320844208391,0.33037608806864915,0.630170703489267
gandsSCANLAN gandsDrink,neither,0.03945320844208391,0.33037608806864915,0.630170703489267
i like tor,neither,0.10032665912632961,0.39589500941497124,0.5037783314586992
That oathbringer BoH is awesome,neither,0.044625028035607146,0.38055477549368516,0.5748201964707076
I love this series!!,neither,0.03589790407596508,0.34844535674848576,0.6156567391755492
first time ever since i got to watch these guys live,neither,0.05125472728981006,0.4338939858829337,0.5148512868272563
WOW!,neither,0.03945320844208391,0.33037608806864915,0.630170703489267
those books have been on my to-read for FOREVER,neither,0.04278724624920574,0.33482062788918787,0.6223921258616064
i want that,neither,0.032007867239017905,0.4096419018032045,0.5583502309577777
who is Tal?,neither,0.049131565424771526,0.39689703281573707,0.5539714017594913
nice,neither,0.03945320844208391,0.33037608806864915,0.630170703489267
cool. sounds like i may have a next series,neither,0.047564200201306986,0.34025653418671753,0.6121792656119754
"""I love hot topic and I buy all of my clothes from there""",neither,0.029715368011217737,0.2853052637388107,0.6849793682499714
I LOVE SANDERSON,neither,0.03217296676969875,0.3657703709031763,0.602056662327125
WANT,neither,0.04006735011429477,0.3199525011091858,0.6399801487765195
everyone looks fabulous (also that pipboy is cool af),neither,0.03769897405694611,0.42361880070971397,0.53868222523334
Oh snap,neither,0.04610041286253887,0.2676795543969371,0.6862200327405242
sweet bag,neither,0.0430538864852604,0.26926318465506277,0.6876829288596767
THATS COOL,neither,0.03945320844208391,0.33037608806864915,0.630170703489267
AAAAAAAAYYYYYYYYYYYY BIDET FROM ALABAMA,neither,0.04078317879478948,0.307803020237201,0.6514138009680096
Hello awesome people <3,neither,0.07010438046718061,0.3272491778984682,0.6026464416343512
gandsTrinketArmor,neither,0.03945320844208391,0.33037608806864915,0.630170703489267
"Legit though, Brandon Sanderson is amazing and all yall should read his stuff",neither,0.06856844464307299,0.380226181836869,0.551205373520058
Wannnnnnt,neither,0.03945320844208391,0.33037608806864915,0.630170703489267
What is Sam? Lol,neither,0.045114543364409024,0.3863230427024266,0.5685624139331642
WAIT IS TRAVIS JOEL?,neither,0.04576804688504424,0.3282041255573934,0.6260278275575623
Is that Travis as Joel from Last of us?,neither,0.0669066702033399,0.36120405991558,0.5718892698810802
What happened to TOR's Rocket Podcast???,neither,0.05152565686232237,0.3228239276423941,0.6256504154952834
\#OATHBRINGER HELL YEEEEAAH,offensive_language,0.04200371988054301,0.9217873149033805,0.03620896521607647
"Cool, read Steven Brust everyone!",neither,0.03454734056693907,0.41364146920476735,0.5518111902282935
,neither,0.03945320844208391,0.33037608806864915,0.630170703489267
I love that Travis smelled the book!,neither,0.03433406121631035,0.3568488343769019,0.6088171044067877
i'm sad how few people are watching right now,neither,0.09012037403680687,0.3042098383585338,0.6056697876046593
Is oathbringer a normal book or an adventure book for D&D?,neither,0.04028725893635963,0.3094961458609121,0.6502165952027282
Sam the writer,neither,0.03863194399095214,0.31538512305616156,0.6459829329528863
oh no,neither,0.04751210705993949,0.26629718932274826,0.6861907036173122
"Just got here, have I missed anything or are we just at announcements?",neither,0.08244420651388235,0.35669875641800786,0.5608570370681099
I'LL PRE ORDER IT NOW SAM,neither,0.038362198485217255,0.3307513364217345,0.6308864650930482
gandsOwl Vampire Pac-Man for the win,neither,0.034257451786513876,0.3390887449275663,0.6266538032859199
"Travis=last of US, Liam= Fallout, Sam= PacMan, Laura= Portal",neither,0.06027846521836314,0.32689984849285375,0.6128216862887832
i know thats supposed to be watermelon but it looks like a fanged maw,neither,0.04902335198232316,0.34974380165561225,0.6012328463620646
travis lol,neither,0.031120645729857982,0.3912535864736078,0.5776257677965343
LUL,neither,0.03945320844208391,0.33037608806864915,0.630170703489267
Oh boy,neither,0.04768565599480007,0.25364348607606696,0.698670857929133
nice,neither,0.03945320844208391,0.33037608806864915,0.630170703489267
oh great,neither,0.04375750098225069,0.22798114920649112,0.7282613498112582
Travis' costume makes me wish Ash-o-lee was there,neither,0.035241040224616424,0.32924968613972233,0.6355092736356613
,neither,0.03945320844208391,0.33037608806864915,0.630170703489267
haha icarus dunk,neither,0.03511023228173254,0.40408772777440777,0.5608020399438597
Icarus Dunk,neither,0.03945320844208391,0.33037608806864915,0.630170703489267
bidet from Dallas,neither,0.04081748366884477,0.3072207769958956,0.6519617393352596
pls stop sam XDD,neither,0.03940147055871955,0.4020335451870987,0.5585649842541818
Travis giggles spotted!,neither,0.03945320844208391,0.33037608806864915,0.630170703489267
Dunk! Love it already.,neither,0.03455269790845291,0.3603070303015048,0.6051402717900423
are we just starting?,neither,0.06306124489890064,0.30456792243827563,0.6323708326628237
Travis is a weird Negan variant...he's carrying Lucille,neither,0.05025317823276196,0.32666148321851296,0.6230853385487252
9999....,neither,0.03945320844208391,0.33037608806864915,0.630170703489267
damn I came in late ;-;,offensive_language,0.04488103316284227,0.8127559345080754,0.1423630323290824
someone clip this,neither,0.039352056379024926,0.3320929025646088,0.6285550410563664
HSWP LUL,neither,0.03945320844208391,0.33037608806864915,0.630170703489267
OMG Sam...... Are you adoptable?,neither,0.10083855706309972,0.3263443099468203,0.5728171329900801
Liam with a southern accent is awesome,neither,0.03659122596287148,0.3529338795347239,0.6104748945024047
"He has vampire teeth so I don't think so y'all, but I guess he could be vampire Joel to fit the theme tonight",neither,0.044108156714429414,0.372096575648808,0.5837952676367626
dipthong?,neither,0.03945320844208391,0.33037608806864915,0.630170703489267
can i get fan art of this book,neither,0.03918543329348305,0.3349209311778561,0.625893635528661
OMFG SAM,neither,0.03945320844208391,0.33037608806864915,0.630170703489267
i want it,neither,0.03693847881756577,0.3228418168721069,0.6402197043103274
wrath mcquaid,neither,0.03945320844208391,0.33037608806864915,0.630170703489267
FUCKING SAM,offensive_language,0.11269809548389152,0.8872030346636783,9.886985243015906e-05
Kyptodipthong?,neither,0.03945320844208391,0.33037608806864915,0.630170703489267
,neither,0.03945320844208391,0.33037608806864915,0.630170703489267
gandsSCANLAN gandsSCANLAN,neither,0.03945320844208391,0.33037608806864915,0.630170703489267
:),neither,0.03945320844208391,0.33037608806864915,0.630170703489267
I want to watch this lol,neither,0.04415778061927025,0.3887187788872233,0.5671234404935065
gandsSCANLAN,neither,0.03945320844208391,0.33037608806864915,0.630170703489267
LOL NICE! vieHype,neither,0.02800779621733344,0.4174226989041296,0.554569504878537
Anyone else having audio issues?,neither,0.03945320844208391,0.33037608806864915,0.630170703489267
oh Sam,neither,0.0461327075271576,0.2673899063118408,0.6864773861610016
lmao that name,neither,0.03280935079962582,0.41172531667218626,0.555465332528188
This would've been an awesome episode for Ashley to have been here. :(,neither,0.04133913066798902,0.2922843089113846,0.6663765604206263
Sam is so freakin' hilarious!,neither,0.04567289397052517,0.3629000998345206,0.5914270061949543
gandsSCANLAN gandsSCANLAN gandsSCANLAN gandsSCANLAN gandsSCANLAN gandsSCANLAN gandsSCANLAN gandsSCANLAN gandsSCANLAN gandsSCANLAN,neither,0.03945320844208391,0.33037608806864915,0.630170703489267
I think I read this book in the 80s,neither,0.03909659500886833,0.3127619053308812,0.6481414996602505
gandsLessthanthree gandsLessthanthree gandsLessthanthree gandsLessthanthree gandsLessthanthree gandsLessthanthree gandsLessthanthree gandsLessthanthree gandsLessthanthree gandsLessthanthree gandsLessthanthree gandsLessthanthree,neither,0.03945320844208391,0.33037608806864915,0.630170703489267
lol,neither,0.020706217963973744,0.4882283491876925,0.4910654328483337
crypto dipthong! amazing,neither,0.03945320844208391,0.33037608806864915,0.630170703489267
hahahaha,neither,0.03945320844208391,0.33037608806864915,0.630170703489267
