text,top_class,hate_speech,offensive_language,neither
@Drgnfly476: I thought we had that nailed down last week,neither,0.038932071502031526,0.2900784958341542,0.6709894326638143
Blizzard36 sweet,neither,0.03945320844208391,0.33037608806864915,0.630170703489267
Lol,neither,0.020706217963973744,0.4882283491876925,0.4910654328483337
"Qap'la (""Success!"") is the customary ""goodbye.""",neither,0.04508039464960174,0.3154417249879287,0.6394778803624694
"@rickbudd No worries! As long as everything's alright with everyone, take all the time you need. And Hi! :)",neither,0.034090814064653384,0.47017080732012567,0.4957383786152208
cheer250 Due to timezone-wimeyness I can cheer the show before heading to bed this week. Have fun everyone!,neither,0.04772937758851717,0.3681420107852084,0.5841286116262745
I will hang out on ESD for a bit =),neither,0.02950794587869671,0.30839366428930587,0.6620983898319974
Huuzah ! ! !,neither,0.03945320844208391,0.33037608806864915,0.630170703489267
live!,neither,0.04891340716200846,0.3271222919257548,0.6239643009122369
yay!!!,neither,0.03945320844208391,0.33037608806864915,0.630170703489267
Evening @rickbudd You did a great job solo GMing last night. Hope Nick is feeling better,neither,0.06658980305951978,0.27342983853124925,0.6599803584092311
"I wish I could remember the Klingonese for the klingon proverb ""The throats of a thousand men, can be cut by a running man with a knife"" :D",neither,0.03116788560402649,0.3570776903176613,0.6117544240783122
\o/,neither,0.03945320844208391,0.33037608806864915,0.630170703489267
HI,neither,0.03945320844208391,0.33037608806864915,0.630170703489267
Did we???,neither,0.03918699010528788,0.334894508018573,0.6259185018761392
I just binge watched this entire show so I could catch up in time for this episode.,neither,0.03849487507616288,0.34787537746796826,0.6136297474558688
SoT HYPE!!!!!,neither,0.03945320844208391,0.33037608806864915,0.630170703489267
Hailing frequencies open,neither,0.03945320844208391,0.33037608806864915,0.630170703489267
HALLO VIRTUAL SAM,neither,0.03945320844208391,0.33037608806864915,0.630170703489267
Viewscreen Sam!,neither,0.03945320844208391,0.33037608806864915,0.630170703489267
Later @Compel_Bast,neither,0.03945320844208391,0.33037608806864915,0.630170703489267
Cyber Sam,neither,0.03945320844208391,0.33037608806864915,0.630170703489267
hi sam!,neither,0.03945320844208391,0.33037608806864915,0.630170703489267
Hi Sam!,neither,0.03945320844208391,0.33037608806864915,0.630170703489267
I choose to blame the Borg.,neither,0.04541168545993759,0.3100693246157566,0.6445189899243058
Sam has gone Virtual,neither,0.03979305862988555,0.32460794344334165,0.6355989979267728
"Hey, Skype Sam",neither,0.03945320844208391,0.33037608806864915,0.630170703489267
we cant hear her :(,offensive_language,0.029722486611073254,0.5729553781514563,0.3973221352374706
Sam is Piking it,neither,0.04843784431915408,0.3272858597946331,0.6242762958862128
holo-Sam! <3,neither,0.03945320844208391,0.33037608806864915,0.630170703489267
hi sam I'm excited :D,neither,0.03945320844208391,0.33037608806864915,0.630170703489267
Sam's like a super hyper little self-illuminated Smurf -- I LOVE it !!!!,neither,0.043083818046332455,0.35420394334690297,0.6027122386067647
I paused the last episode of Stranger Things for this!,neither,0.03510138754480788,0.3028984248405436,0.6620001876146486
Hi Sam! Welcome from the other side of the galaxy!,neither,0.03581671402451136,0.3223524058567733,0.6418308801187153
"Good, she's prepared. :D",neither,0.04033273653020542,0.4254648925342913,0.5342023709355032
Woooo codes <3,neither,0.03945320844208391,0.33037608806864915,0.630170703489267
I can see their excite right throw the weird video washout I'm seeing!,neither,0.04181943241515855,0.2706422765258686,0.6875382910589728
borg sam!!,neither,0.03945320844208391,0.33037608806864915,0.630170703489267
(\(^v^)/),neither,0.03945320844208391,0.33037608806864915,0.630170703489267
lol,neither,0.020706217963973744,0.4882283491876925,0.4910654328483337
They :),neither,0.03945320844208391,0.33037608806864915,0.630170703489267
Reminder that Sam uses they/them pronouns,neither,0.045149116633801854,0.35148016133257237,0.6033707220336256
sweet,neither,0.03945320844208391,0.33037608806864915,0.630170703489267
Sam is recovering from having top surgery so let's all wish them well!,neither,0.04277427643823559,0.4071484099335358,0.5500773136282285
oooohhh!,neither,0.03945320844208391,0.33037608806864915,0.630170703489267
vieHype,neither,0.03945320844208391,0.33037608806864915,0.630170703489267
Sam echos!,neither,0.03945320844208391,0.33037608806864915,0.630170703489267
Hi Cyber Sam,neither,0.03945320844208391,0.33037608806864915,0.630170703489267
"viewscreen sam is freaking out, lol!",neither,0.03507895032251469,0.38999017329070645,0.5749308763867789
"Okay, now we can hear them",neither,0.053341821498926634,0.3207563150495814,0.6259018634514919
AHHHHHHHHHHHHH!,neither,0.03945320844208391,0.33037608806864915,0.630170703489267
"ouch, tech crew has their work cut out for them tonight with viewscreen Sam",neither,0.03336493508502755,0.3237394713523327,0.6428955935626398
mirror Rue frightens me to the core,neither,0.03745363431737428,0.3470877214325939,0.6154586442500317
YES!!,neither,0.03945320844208391,0.33037608806864915,0.630170703489267
Top surgery?,neither,0.03945320844208391,0.33037608806864915,0.630170703489267
"Reverse Rue, how scary!",neither,0.03945320844208391,0.33037608806864915,0.630170703489267
echo ehco,neither,0.03945320844208391,0.33037608806864915,0.630170703489267
MirrorUniverse Rue: I'M NOT SO EXCITED,neither,0.037727662732509715,0.39497727987429176,0.5672950573931984
"Thanks for the hard work, tech crew!",neither,0.027831611863287854,0.44551393797318867,0.5266544501635235
Mirror Universe!!,neither,0.03945320844208391,0.33037608806864915,0.630170703489267
<3,neither,0.03945320844208391,0.33037608806864915,0.630170703489267
Don't forget to visit Star Trek Online and support Shield of Tomorrow! www.StarTrekOnline.com/ShieldofTomorrow,neither,0.05687602105656693,0.30425729811326435,0.6388666808301687
Sounds like Sam is communicating from a submarine at the bottom of the Atlantic lol,neither,0.043377319180741065,0.35011096724402035,0.6065117135752387
^,neither,0.03945320844208391,0.33037608806864915,0.630170703489267
Thanks @jzalias !,neither,0.035884468650613,0.3004919205142699,0.6636236108351171
Mirror Universe Rue has a goatee.. on their head,neither,0.036418042382671906,0.3564062433202554,0.6071757142970726
Mirror Rue -- Queen of the BORG and leading their new fleet of conquest :P,neither,0.04064657901827192,0.23672153165629586,0.7226318893254322
one ping only,neither,0.038581010719630354,0.36241579229613874,0.5990031969842309
oh wow,neither,0.04699983224225219,0.25967008852857676,0.6933300792291711
"@CelestialChickin yes, Sam got breast removal and is very excited to show everybody their hugging pecs soon",neither,0.05328109877061404,0.29275049711621054,0.6539684041131754
Wow.,neither,0.03945320844208391,0.33037608806864915,0.630170703489267
Eric you've got a week to pop out a goatee :),neither,0.03035899938654043,0.37449645764746153,0.5951445429659982
Hi @rickbudd,neither,0.03945320844208391,0.33037608806864915,0.630170703489267
Oh wow... that is nuts,neither,0.048932234229081675,0.3197997797195033,0.631267986051415
@mrpingn From the Delta Quadrant?,neither,0.039592831552487315,0.29404284713077855,0.6663643213167342
@dungeonmagus And he just wanted to see Montana,neither,0.045216772687900746,0.30874978354455246,0.6460334437675467
Hey @jeffm0307 !,neither,0.03945320844208391,0.33037608806864915,0.630170703489267
How much of the announcements did i miss?,neither,0.028562189233864884,0.3171881137089619,0.6542496970571732
Hi @rickbudd,neither,0.03945320844208391,0.33037608806864915,0.630170703489267
hecks yeah,offensive_language,0.013968601452186464,0.5182923869769311,0.4677390115708824
Holy crap,neither,0.03945320844208391,0.33037608806864915,0.630170703489267
whoa!!,neither,0.03945320844208391,0.33037608806864915,0.630170703489267
woq,neither,0.03945320844208391,0.33037608806864915,0.630170703489267
:-o,neither,0.03945320844208391,0.33037608806864915,0.630170703489267
wow,neither,0.03945320844208391,0.33037608806864915,0.630170703489267
Hey @djpheonyx ! :),neither,0.03945320844208391,0.33037608806864915,0.630170703489267
oh snap,neither,0.04610041286253887,0.2676795543969371,0.6862200327405242
PogChamp EVERY SHIP,neither,0.03945320844208391,0.33037608806864915,0.630170703489267
Whoa!,neither,0.03945320844208391,0.33037608806864915,0.630170703489267
wait what!?!?!?!?!?!?!?1,neither,0.04877470361900789,0.3238348708445956,0.6273904255363965
Whoa!,neither,0.03945320844208391,0.33037608806864915,0.630170703489267
Whoa.,neither,0.03945320844208391,0.33037608806864915,0.630170703489267
Every ship?? :O,neither,0.03945320844208391,0.33037608806864915,0.630170703489267
WHAT THE F,neither,0.052193750385548,0.28272826532966666,0.6650779842847853
Sweet merciful crap!,neither,0.03945320844208391,0.33037608806864915,0.630170703489267
@rickbudd VoHiYo hope you're doing well!,neither,0.16951238765086113,0.20845459174432973,0.6220330206048091
Whoa O.o,neither,0.03945320844208391,0.33037608806864915,0.630170703489267
every ship??,neither,0.03945320844208391,0.33037608806864915,0.630170703489267
HOLY Cow ~! !!,neither,0.03945320844208391,0.33037608806864915,0.630170703489267
.....wow,neither,0.03945320844208391,0.33037608806864915,0.630170703489267
i'm pretty sure he means star trek online.,neither,0.03885459884554256,0.4146817512501258,0.5464636499043317
holy cow,neither,0.03945320844208391,0.33037608806864915,0.630170703489267
crazy IVAN,offensive_language,0.022064721455469255,0.506901653328703,0.47103362521582787
that is a heck of a code,neither,0.0427520304796179,0.3637328078958095,0.5935151616245726
I have a lifetime and even then I don't have ALL the SHIPS,neither,0.03792795932769223,0.357886304065621,0.6041857366066867
Suddenly I wish I could play STO,neither,0.03945320844208391,0.33037608806864915,0.630170703489267
isn't playing the game kind of unnecessary at that point,neither,0.035579349648930905,0.33495823537667274,0.6294624149743964
LOGIN ERIC.,neither,0.03945320844208391,0.33037608806864915,0.630170703489267
holy crap that is a prize,neither,0.04247344933787499,0.36109532997547905,0.596431220686646
the lifetime is way too much imo,neither,0.04133220529915459,0.3211065173443622,0.6375612773564832
We have a subscriber-only Discord server! Join here: https://discord.gg/geekandsundry (you'll need to sub and link it to your Twitch) and be a part of the fun!...Warning: It can take up to an hour for the server to update and give you access to the channels,neither,0.08464076273808444,0.286394834032893,0.6289644032290227
2 bars of gpl,neither,0.03945320844208391,0.33037608806864915,0.630170703489267
Gina has a shirt now...,neither,0.03994090747737882,0.32209856264663617,0.637960529875985
Thanks @tomservo544 ! Hope you’re good tonight as well :),neither,0.10567835596728899,0.23460787343270498,0.6597137706000059
!glittereric,neither,0.03945320844208391,0.33037608806864915,0.630170703489267
We have 4 months 26 days 20 hours 42 minutes 39 seconds left until we glitter Eric! Chat never forgets! https://clips.twitch.tv/EasyUglyPlumFailFish,neither,0.037861862035174464,0.34825787896871313,0.6138802589961124
Re Sub HYPE!!!,neither,0.05796738926929811,0.3016950255183242,0.6403375852123776
"@cinphoria same here, I have a ton of ships, but no where near all",neither,0.06524033324538074,0.3564818370314167,0.5782778297232026
JEEZ I want all the ships...,neither,0.04043935521765797,0.3816695334551812,0.5778911113271608
Can you imagine playing as a Q?,neither,0.05369676053568348,0.40730564055520957,0.538997598909107
did gina finally get a shirt?,neither,0.03893808239249241,0.3391191215020787,0.621942796105429
How much of the announcements did i miss?,neither,0.028562189233864884,0.3171881137089619,0.6542496970571732
I'm not entering though cuz I don't play enough anymore to really take advantage of that,neither,0.04011545370645886,0.35606830105075266,0.6038162452427885
All The Ships,neither,0.04024638144553675,0.3912242415853916,0.5685293769690717
"Good evening, all! I need to go to bed soon, but I wanted to say hello.",neither,0.050715785529672264,0.3703139956144292,0.5789702188558986
better give it to someone who'll be SUPER EXCITED,neither,0.04408772416777447,0.3786080906530157,0.5773041851792099
thats the Code of Acquisition!,neither,0.038496980880613325,0.3128548771498852,0.6486481419695014
thats a hell of a thing,offensive_language,0.041678192904752547,0.7734435507033356,0.18487825639191188
"So for the Shield of Tomorrow ""mirror episode"" I assume everyone (and yes, I mean EVERYONE) is going to grow a goatee right? (can you confirm @rickbudd ?)",neither,0.04251961518353616,0.4231439438650459,0.534336440951418
a breakaholic xD,neither,0.03945320844208391,0.33037608806864915,0.630170703489267
Hi @Liselle129,neither,0.03945320844208391,0.33037608806864915,0.630170703489267
I'm Excited!,neither,0.03945320844208391,0.33037608806864915,0.630170703489267
"having a lifetime sub in STO is also really rad. I bought the lifetime sub back in beta, and ever since I get a handful of c-points/zen every month",neither,0.04123884039736491,0.31386759645349344,0.6448935631491417
@ShandraVdeG Mirror Universe oneshot incoming in a future week,neither,0.03945320844208391,0.33037608806864915,0.630170703489267
So why is Sam absent>,neither,0.03546078795004824,0.3793237785470022,0.5852154335029496
@chiplickin I bet whoever it is will do more than forgetting where they put a star system,neither,0.04669066981541616,0.29670150233903725,0.6566078278455465
"Gina certainly seems to :D And for the record, I do love's me folks in uniform!",neither,0.033896419560519024,0.31088435865526926,0.6552192217842117
Sam has NO idea what we're talking about. *snap*,neither,0.05379794786737384,0.3330166747009075,0.6131853774317187
@Trekkie313 Surgery.,neither,0.03945320844208391,0.33037608806864915,0.630170703489267
broadcasting live from the bottom of the ocean,neither,0.04247296204756803,0.2901763520549526,0.6673506858974793
@Trekkie313 They're still recovering.,neither,0.07042677210881004,0.30714564512624026,0.6224275827649498
@Trekkie313 They had chest reconstruction surgery!!!,neither,0.03945320844208391,0.33037608806864915,0.630170703489267
yay gifts!,neither,0.03945320844208391,0.33037608806864915,0.630170703489267
Explodey dice xD \o/,neither,0.03945320844208391,0.33037608806864915,0.630170703489267
"Help G&S make great content! $4.99/month gets you emotes, Minecraft server access, Sub Only Q&As, VODs, and more! Every sub keeps the channel alive! twitch.tv/geekandsundry/subscribe",neither,0.043092924924402844,0.32365565443818894,0.6332514206374082
One of Us! One of Us!,neither,0.11121653609102863,0.3609560450326342,0.5278274188763372
Lookit! Ops dice!,neither,0.03945320844208391,0.33037608806864915,0.630170703489267
@Zismarith Ok,neither,0.03935517884257045,0.3320399062092607,0.6286049149481688
@gogt200 It was top surgery.,neither,0.03792458937322506,0.3329033856244899,0.629172025002285
"Yeah, I love my STO lifetime sub. They effectively pay ME when I log in now.",neither,0.017329833405504452,0.4870330375556624,0.4956371290388332
@ricky_galletti Can neither confirm nor deny.,neither,0.03963834419976622,0.3272338510949543,0.6331278047052795
@CiaraTheBraid Yup! Exactly what I said. :3,neither,0.044573760281882154,0.3266976019677006,0.6287286377504172
Well done. *claps*,neither,0.03875198863020552,0.3422776183141059,0.6189703930556886
I should have gotten lifetime. It would have saved me money...,neither,0.03952072165831862,0.3840888825435556,0.5763903957981257
WOW!,neither,0.03945320844208391,0.33037608806864915,0.630170703489267
@gogt200 The phrasing is important.,neither,0.049552741451631646,0.3053511504591108,0.6450961080892574
Whoa! That is AWESOME!!!,neither,0.043135891344852656,0.36731008313476765,0.5895540255203797
That is AMAZING,neither,0.04468338400483953,0.38105317870292815,0.5742634372922323
PogChamp,neither,0.03945320844208391,0.33037608806864915,0.630170703489267
That's so freaking COOL!!!,neither,0.03557908310775915,0.41549907947071923,0.5489218374215215
Amy! LUL,neither,0.03945320844208391,0.33037608806864915,0.630170703489267
!ears,neither,0.03945320844208391,0.33037608806864915,0.630170703489267
lol,neither,0.020706217963973744,0.4882283491876925,0.4910654328483337
ears...,neither,0.03945320844208391,0.33037608806864915,0.630170703489267
LUL,neither,0.03945320844208391,0.33037608806864915,0.630170703489267
RIP speakers,neither,0.03945320844208391,0.33037608806864915,0.630170703489267
Sam is so excited!,neither,0.04767280297594691,0.37260636027073,0.579720836753323
holy...,neither,0.03945320844208391,0.33037608806864915,0.630170703489267
I'm sad that it's so hard to see on screen. D:,offensive_language,0.03162775743846925,0.5602449605337941,0.40812728202773657
Awesome1,neither,0.03945320844208391,0.33037608806864915,0.630170703489267
lol,neither,0.020706217963973744,0.4882283491876925,0.4910654328483337
RIP headphone users like Me,neither,0.04124490617184771,0.3796996252901585,0.5790554685379938
That is AWESOME!,neither,0.044625028035607146,0.38055477549368516,0.5748201964707076
Its all blue,neither,0.03394071388797333,0.4299517854579098,0.5361075006541169
*speakers explode*,neither,0.03945320844208391,0.33037608806864915,0.630170703489267
gandsGandsEars,neither,0.03945320844208391,0.33037608806864915,0.630170703489267
Haha hector!,neither,0.03186685585600258,0.45913629025701075,0.5089968538869867
thats amazing!,neither,0.03945320844208391,0.33037608806864915,0.630170703489267
Dude!,neither,0.03945320844208391,0.33037608806864915,0.630170703489267
"I require a twitter photo, crew. :p",neither,0.03876746063323661,0.4464189871151526,0.5148135522516107
Mind blown! Ears blown too! lol,neither,0.03516878136777701,0.36149203498314286,0.6033391836490802
I can't see it though LUL,neither,0.038431586718981864,0.32666155567353766,0.6349068576074804
sam is losing it! lol,neither,0.03743872762350927,0.38073601670023416,0.5818252556762565
who can really remember all of their friends,neither,0.04217732195041304,0.4580989973861674,0.49972368066341954
Coolest. Character. Sheet. EVER!!!,neither,0.03945320844208391,0.33037608806864915,0.630170703489267
Critical What? :D LOL,neither,0.03607902574080143,0.38848172440691403,0.5754392498522845
burda ne oluyır amk,neither,0.03945320844208391,0.33037608806864915,0.630170703489267
Re Sub HYPE!!!,neither,0.05796738926929811,0.3016950255183242,0.6403375852123776
awwww Eric,neither,0.03945320844208391,0.33037608806864915,0.630170703489267
gandsGandsEars,neither,0.03945320844208391,0.33037608806864915,0.630170703489267
awwwwww Gina,neither,0.03945320844208391,0.33037608806864915,0.630170703489267
"@CiaraTheBraid A lot of people have no idea what ""top surgery"" refers to. It differs a lot from person to person. My top surgery for instance would be different from Sam's top surgery.",neither,0.045655300127037904,0.33727293985879986,0.6170717600141622
that's Character Sheets: The Next Generation,neither,0.03553449748322289,0.35784306209484207,0.6066224404219351
vieHype vieHype vieHype,neither,0.03945320844208391,0.33037608806864915,0.630170703489267
CHRIS!!!,neither,0.03945320844208391,0.33037608806864915,0.630170703489267
this is an episode of Sam Loses Their Sh*t featuring Everyone Else Too,neither,0.04003067447167131,0.3822425637125489,0.5777267618157798
Crew Loses Their Shit?,offensive_language,0.04654976422235291,0.9486922450621761,0.00475799071547111
Sambient noise,neither,0.03945320844208391,0.33037608806864915,0.630170703489267
Umm that's rather cool,neither,0.0359533880349856,0.36837669958821473,0.5956699123767997
i want those sheets!,neither,0.06773257483978205,0.25000087623299533,0.6822665489272226
lol,neither,0.020706217963973744,0.4882283491876925,0.4910654328483337
"we're Aux Crew, Eric",neither,0.05275974779156126,0.31073873861844215,0.6365015135899965
duh,neither,0.03945320844208391,0.33037608806864915,0.630170703489267
"@gogt200 They don't really need to know the details, and saying ""top surgery"" avoids potentially dysphoria-inducing words. So... the phrasing is important.",neither,0.04058771981460502,0.3138839024019065,0.6455283777834884
Riders?,neither,0.03945320844208391,0.33037608806864915,0.630170703489267
Shieldbearers,neither,0.03945320844208391,0.33037608806864915,0.630170703489267
riders!,neither,0.03945320844208391,0.33037608806864915,0.630170703489267
I'm losing my own sh*t!,neither,0.04807395881666297,0.3975626361461831,0.554363405037154
Pretty sure we're Aux Crew. :p,neither,0.047084370563073824,0.4127433409691816,0.5401722884677446
"Glad to do it, you guys!",neither,0.06856403697794,0.379503292966964,0.551932670055096
We're also Aux Crew,neither,0.05387250053980195,0.3092676008533503,0.6368598986068479
Sally riders!,neither,0.03945320844208391,0.33037608806864915,0.630170703489267
the pencil Snaps,neither,0.03833268284400528,0.3097437752947421,0.6519235418612527
lololol @Drgnfly476,neither,0.03945320844208391,0.33037608806864915,0.630170703489267
I was LITERALLY about to suggest that @DJPheonyx,neither,0.04009093030398207,0.3883588979026471,0.5715501717933709
I'm dating an ftm guy so I know what top surgery is,neither,0.04915500321726718,0.3581964933608903,0.5926485034218425
#TeamCreamSoda,neither,0.03945320844208391,0.33037608806864915,0.630170703489267
i still haven't had cream soda,neither,0.038758353968058205,0.3421695819185377,0.619072064113404
Is the character sheet glowing or is Eric's GMing so great that he reflects brilliant light from himself that shines on everything? (answer: it's both! ;) ],neither,0.04179421136449666,0.3562845487562722,0.6019212398792312
I think Sally Riders is the onboard band?,neither,0.046333658014083144,0.3058343717016446,0.6478319702842724
RIDERS,neither,0.03945320844208391,0.33037608806864915,0.630170703489267
Aux Crew is pretty good,neither,0.04561609652304778,0.3282563882546594,0.6261275152222928
vieHype vieHype vieHype,neither,0.03945320844208391,0.33037608806864915,0.630170703489267
I've got my own orange cream soda at the ready,neither,0.02708928987178703,0.3959206248716167,0.5769900852565962
Cream Soda Secret Santa D:,neither,0.03945320844208391,0.33037608806864915,0.630170703489267
I thought Aux Crew was just the Discord? I'm down for Shieldbearers!!!!,neither,0.03350266105038217,0.24368504053780202,0.7228122984118157
@cinphoria It ius,neither,0.034373745257138544,0.33212314837979673,0.6335031063630647
*is,neither,0.081172750358939,0.3160268245287109,0.60280042511235
Yep! Sally Riders is the Aux Crew in-character band,neither,0.043428507249911416,0.31953551977849043,0.6370359729715982
Shield bearers!,neither,0.03945320844208391,0.33037608806864915,0.630170703489267
I blame Bonnie for making me buy Cream Soda now,neither,0.0312136465756787,0.32740465089189663,0.6413817025324247
