text,top_class,hate_speech,offensive_language,neither
YAAAAAA THE MOST ADORABLE BADASS CTHULHU GAME \o/,neither,0.038426676324255976,0.2914799193270218,0.6700934043487223
Yay Eric!,neither,0.03945320844208391,0.33037608806864915,0.630170703489267
Bidet! love me some Cthulhu,neither,0.023946575721904208,0.3935288601391069,0.5825245641389889
yay,neither,0.03945320844208391,0.33037608806864915,0.630170703489267
Yay!!!,neither,0.03945320844208391,0.33037608806864915,0.630170703489267
"Help G&S make great content! $4.99/month gets you emotes, Minecraft server access, Sub Only Q&As, VODs, and more! Every sub keeps the channel alive! twitch.tv/geekandsundry/subscribe",neither,0.043092924924402844,0.32365565443818894,0.6332514206374082
So they extended axyb over the talks spot? just tuning in,neither,0.03369302878280939,0.36521316972683204,0.6010938014903586
Woot Eric!,neither,0.03945320844208391,0.33037608806864915,0.630170703489267
Huzzah ! Hey Eric!,neither,0.03945320844208391,0.33037608806864915,0.630170703489267
Yay!,neither,0.03945320844208391,0.33037608806864915,0.630170703489267
Woo!,neither,0.03945320844208391,0.33037608806864915,0.630170703489267
Happy Halloween!,neither,0.03945320844208391,0.33037608806864915,0.630170703489267
Eric <3,neither,0.03945320844208391,0.33037608806864915,0.630170703489267
New set!!,neither,0.04427046440042074,0.2083113095955835,0.7474182260039958
,neither,0.03945320844208391,0.33037608806864915,0.630170703489267
Woooo!,neither,0.03945320844208391,0.33037608806864915,0.630170703489267
@ciarathebraid 68 F? I don't think it's been that warm all month where I live...,neither,0.04154470467122698,0.38672014227716495,0.571735153051608
Bidet from Oklahoma!,neither,0.04066490145509902,0.30981049537100724,0.6495246031738937
yay!,neither,0.03945320844208391,0.33037608806864915,0.630170703489267
Eric!!!!!!!!,neither,0.03945320844208391,0.33037608806864915,0.630170703489267
Adorable glasses Eric!,neither,0.03945320844208391,0.33037608806864915,0.630170703489267
HYPE~,neither,0.03945320844208391,0.33037608806864915,0.630170703489267
yay :),neither,0.03945320844208391,0.33037608806864915,0.630170703489267
i brought cookies,neither,0.03945320844208391,0.33037608806864915,0.630170703489267
"No Talks Machina tonight, instead Eric is running a Trail of Cthulhu RPG one shot at 7pm.",neither,0.040476244223843244,0.34921594278568896,0.6103078129904679
"This weekend, and the weekend previous.",neither,0.03811618063037579,0.287585098697214,0.6742987206724103
!whodat,neither,0.03945320844208391,0.33037608806864915,0.630170703489267
"DM: ""The Keeper"" Eric Campbell ( twitter.com/16BitEric ). Players: ""Roland"" Xander Jeanneret ( twitter.com/Xanderrific ), ""Striper"" Becca Scott ( twitter.com/thebeccascott ), ""Elaine"" Whitney Moore ( twitter.com/TweetneyMoore ), ""Genevieve"" Blythe Wiedemann ( twitter.com/BlytheKala93 ), ""Bess"" Erika Ishii ( twitter.com/erikaishii ), ""Eleanor"" Rachel Seeley ( twitter.com/sunnyseeley ).",neither,0.03850730489805215,0.46178620007791804,0.49970649502402975
awww,neither,0.03945320844208391,0.33037608806864915,0.630170703489267
humble brag,neither,0.03945320844208391,0.33037608806864915,0.630170703489267
,neither,0.03945320844208391,0.33037608806864915,0.630170703489267
Oh! That undercut!!!,neither,0.041653734667610604,0.31516558131817907,0.6431806840142105
humblebrag,neither,0.03945320844208391,0.33037608806864915,0.630170703489267
humble brag,neither,0.03945320844208391,0.33037608806864915,0.630170703489267
"He's okay. I mean, I guess, as DMs go.",neither,0.04253016751517133,0.36312895082398383,0.5943408816608446
,neither,0.03945320844208391,0.33037608806864915,0.630170703489267
That Eric humble brag.,neither,0.03642192060138758,0.36321726571023655,0.6003608136883759
Oh my...got to brag about the GF,neither,0.03560026589029163,0.4008409906539543,0.563558743455754
them humblebrags though,neither,0.06461260906608053,0.31690453946402525,0.6184828514698942
Hmmm... Rachel dating the DM. He's gonna go easy on her.,neither,0.0346787034828645,0.4795240048862043,0.4857972916309311
Erika noise is Best Noise.,neither,0.043963970169525406,0.3237676086813737,0.6322684211491009
I love Eric as a DM,neither,0.035122300688529784,0.3731347454172729,0.5917429538941974
everyone looks so cool,neither,0.03333437455449891,0.47426228632529677,0.49240333912020423
I'm going to go ahead and guess they're British then,neither,0.05594664141971239,0.30547193003237466,0.638581428547913
whitney gonna be so hot in that coat,neither,0.03622697163524075,0.4294966133157366,0.5342764150490227
"@super390 she does make good noises, sometimes louder then our mics can handle",neither,0.03070875107251081,0.4608593655878053,0.5084318833396838
I could see Whitney flying a bomber though .. and being hella bad assed,neither,0.032469468103090336,0.37172212915760106,0.5958084027393086
Love their characters,neither,0.03648822770786287,0.3441915848135058,0.6193201874786312
Everyone is so adorable just as I expected,neither,0.035595423211434454,0.4691413409183994,0.49526323587016624
"@manicgypsy if anything, he'll be tougher on her. XD",offensive_language,0.022134558855500877,0.5508612455160261,0.4270041956284731
Yay! Xander!,neither,0.03945320844208391,0.33037608806864915,0.630170703489267
@ManicGypsy no neccisarily,neither,0.036918905254960256,0.37338982715841207,0.5896912675866277
Is this a British game?,neither,0.047589217940156484,0.284479582699036,0.6679311993608076
Lakewood is such a cutie,neither,0.0483499939647173,0.32313780051438873,0.6285122055208939
@Jak_D_Neisguy LOL. That will be interesting to watch.,neither,0.04068129775330044,0.3948744979295536,0.564444204317146
refresh if your screen is still schedule,neither,0.04757264259952107,0.3722920638811461,0.5801352935193328
(like mine just was),neither,0.0464261479088959,0.3819082315466612,0.5716656205444428
woohoo,neither,0.03945320844208391,0.33037608806864915,0.630170703489267
cocaine is a powerful drug,neither,0.04580530507567437,0.328191310757139,0.6260033841671867
GS#TRAIL2017,neither,0.03945320844208391,0.33037608806864915,0.630170703489267
yes,neither,0.03945320844208391,0.33037608806864915,0.630170703489267
Trail of Cthulhu RPG game link https://www.pelgranepress.com/shop/Default.asp,neither,0.039108716591282504,0.31035763799834865,0.6505336454103688
@rambina57 they're playing British pilots in ww1,neither,0.0532957726811795,0.30820394475712404,0.6385002825616966
Nice bandname!,neither,0.03945320844208391,0.33037608806864915,0.630170703489267
Nice thnx Trail of Cthulhu makers,neither,0.03945320844208391,0.33037608806864915,0.630170703489267
Metal name,neither,0.03945320844208391,0.33037608806864915,0.630170703489267
music <3,neither,0.03945320844208391,0.33037608806864915,0.630170703489267
',neither,0.03945320844208391,0.33037608806864915,0.630170703489267
trick or treat,neither,0.03945320844208391,0.33037608806864915,0.630170703489267
oh wow,neither,0.04699983224225219,0.25967008852857676,0.6933300792291711
Cthulu's unbeatable horror bargains.,neither,0.03945320844208391,0.33037608806864915,0.630170703489267
"three of the Tales from the Loop people! Man, I hope that becomes a regular show",neither,0.08495053627048496,0.25385914813248706,0.661190315597028
"haha, that is a pretty metal name",neither,0.03897424783006652,0.41755145963801377,0.5434742925319198
"erika's nightmare, too many choices for horror",neither,0.03460407034049574,0.3103370718258842,0.6550588578336201
"""How do you make money at ten cents per track, Cthulu?"" ""VOLUME VOLUME VOLUME!""",neither,0.044685610535923556,0.35312409490115354,0.602190294562923
yay thrashtopia !!,neither,0.03945320844208391,0.33037608806864915,0.630170703489267
"Becca brought me here, and I think I'll stay for the rare panel of lady-power.",neither,0.050702767838146465,0.28433138703117067,0.6649658451306828
we all want more tales from the loop,neither,0.04217027171509505,0.34625669808303666,0.6115730302018683
More humblebrags! XD,neither,0.044084690295906365,0.306805713525994,0.6491095961780997
OMG Becca looks amazing!,neither,0.03945320844208391,0.33037608806864915,0.630170703489267
"I've been watching Rachel play Neverwinter. It's comical. So I am mainly here to watch her, but all these people look cool. :)",offensive_language,0.059563573845657844,0.5026151806899619,0.43782124546438034
That show does look pretty fun and like I'm not even into metal,neither,0.04064309424635608,0.3921428319560718,0.567214073797572
will there be a rebroadcast of this game?,neither,0.04042381719128468,0.2190844424185433,0.740491740390172
!whodat,neither,0.03945320844208391,0.33037608806864915,0.630170703489267
"DM: ""The Keeper"" Eric Campbell ( twitter.com/16BitEric ). Players: ""Roland"" Xander Jeanneret ( twitter.com/Xanderrific ), ""Striper"" Becca Scott ( twitter.com/thebeccascott ), ""Ruby"" Whitney Moore ( twitter.com/TweetneyMoore ), ""Genevieve"" Blythe Wiedemann ( twitter.com/BlytheKala93 ), ""Bess"" Erika Ishii ( twitter.com/erikaishii ), ""Eleanor"" Rachel Seeley ( twitter.com/sunnyseeley ).",neither,0.03851429709542733,0.4605607397318481,0.5009249631727245
Just realized there are only two guys on this panel. XD,neither,0.04948053463275702,0.2910092314320429,0.6595102339352001
@SaitamXVII i mean isnt there always a vod?,neither,0.037733658395513965,0.3414388845305287,0.6208274570739574
You all look amazing!!!,offensive_language,0.06904993197585031,0.49811228668402124,0.43283778134012846
Eric's story background for this one shot https://twitter.com/16BitEric/status/925527518978875392,neither,0.03508758948261471,0.3910362228477811,0.5738761876696044
Becca looks so freaking elegant I can't,neither,0.039635186063898944,0.36137800134715825,0.5989868125889428
@saitamxvii most likely over the weekend not sure when though,neither,0.02654054491315051,0.44486941515892253,0.528590039927927
@andrewiswetard typically not of talks,neither,0.038295735633683554,0.3347176866454908,0.6269865777208257
this is ww1 or 2?,neither,0.05616046804382501,0.3275391488621751,0.6163003830939999
2,neither,0.03945320844208391,0.33037608806864915,0.630170703489267
@cinphoria I was about to remark on her striking appearance tonight as well :),offensive_language,0.03045255834293965,0.5053232303304521,0.4642242113266082
1,neither,0.03945320844208391,0.33037608806864915,0.630170703489267
@cabinetcrunch ww1,neither,0.03945320844208391,0.33037608806864915,0.630170703489267
WWI,neither,0.03945320844208391,0.33037608806864915,0.630170703489267
WW1,neither,0.03945320844208391,0.33037608806864915,0.630170703489267
1,neither,0.03945320844208391,0.33037608806864915,0.630170703489267
Probably 1,neither,0.037248874780404465,0.3677893831597844,0.5949617420598112
3,neither,0.03945320844208391,0.33037608806864915,0.630170703489267
"""some kind of new aircraft."" definitely demons",neither,0.03565442705143663,0.271182984363965,0.6931625885845983
3,neither,0.03945320844208391,0.33037608806864915,0.630170703489267
ww10,neither,0.03945320844208391,0.33037608806864915,0.630170703489267
11,neither,0.03945320844208391,0.33037608806864915,0.630170703489267
Lol thanks everyone not trying to troll,neither,0.03131215997717231,0.4309330383900506,0.5377548016327771
haHAA,neither,0.03945320844208391,0.33037608806864915,0.630170703489267
Cheery...,neither,0.03945320844208391,0.33037608806864915,0.630170703489267
world war I is far more interesting anyways,neither,0.04643667413059226,0.32172529718314946,0.6318380286862584
German dragonriders?,neither,0.03945320844208391,0.33037608806864915,0.630170703489267
guys i am excite,neither,0.03916271074347131,0.3322729482014263,0.6285643410551025
Devil Cats!,neither,0.042827204145516606,0.17280045313886291,0.7843723427156204
Hello everyone!,neither,0.03269494828970791,0.4450814005079928,0.5222236512022994
Interesting beginning,neither,0.03945320844208391,0.33037608806864915,0.630170703489267
which of our heroes will turn out to be wonder woman?,neither,0.040407421446175845,0.3486248109850804,0.6109677675687437
WW z,neither,0.03945320844208391,0.33037608806864915,0.630170703489267
cmon twitch stop giving me network errors,neither,0.03460311684390774,0.4037985665404381,0.5615983166156542
I'm so hyped,neither,0.039408962504520015,0.38382265604540616,0.5767683814500738
Bidet everyone.,offensive_language,0.02988896790634741,0.4927062106388782,0.4774048214547744
I would love to see a permanent Cthuhu RPG on this channel!,neither,0.039301144659895204,0.3444188632790693,0.6162799920610356
so Trail of Cthulu = Call of Cthulu?,neither,0.039413268812486336,0.37092180503476435,0.5896649261527493
"oh well, hope this get restreamed or something, I need to sleep",neither,0.0815451959874607,0.207052980825954,0.7114018231865853
i hate when elder things eat my biplanes,neither,0.12774408172816523,0.3842902617966898,0.487965656475145
@ronin903468 It's a different system than Call of Cthulhu,neither,0.03811899086749769,0.33623584829315384,0.6256451608393485
dang! nice. like those Russian flying ladies in ww2.,neither,0.06283133869441138,0.2951845821608614,0.6419840791447272
yes @ronin903468 but delivered with teh GunShoe system behind it :),neither,0.028738083100140994,0.36440242107335163,0.6068594958265074
er Gumshoe,neither,0.03945320844208391,0.33037608806864915,0.630170703489267
just got here !whodat,neither,0.1135193759205095,0.3689008550952111,0.5175797689842795
what is gum/n shoe,neither,0.0529056886074677,0.32386931736543656,0.6232249940270959
history forgets people all the time,neither,0.062452189901446,0.3855026311909962,0.5520451789075579
The Red Baron was an old one.,neither,0.03768828874979028,0.34086558168775055,0.6214461295624593
@CiaraTheBraid @Gryphon_oFH interesting. Thanks,neither,0.03709393233454146,0.3106198136904092,0.6522862539750495
Is there any more to this intro?,neither,0.05484342851432586,0.28196518897791356,0.6631913825077607
!whodat,neither,0.03945320844208391,0.33037608806864915,0.630170703489267
"DM: ""The Keeper"" Eric Campbell ( twitter.com/16BitEric ). Players: ""Roland"" Xander Jeanneret ( twitter.com/Xanderrific ), ""Striper"" Becca Scott ( twitter.com/thebeccascott ), ""Ruby"" Whitney Moore ( twitter.com/TweetneyMoore ), ""Genevieve"" Blythe Wiedemann ( twitter.com/BlytheKala93 ), ""Bess"" Erika Ishii ( twitter.com/erikaishii ), ""Eleanor"" Rachel Seeley ( twitter.com/sunnyseeley ).",neither,0.03851429709542733,0.4605607397318481,0.5009249631727245
gumshoe + Cthulhu =... Gumthulu?,neither,0.03945320844208391,0.33037608806864915,0.630170703489267
@danoba is there still axyb tonight?,neither,0.0454869579154315,0.27411053951063796,0.6804025025739305
@Critternation3000 No this is replacing it as well.,neither,0.042243169001272535,0.3702138058487673,0.5875430251499602
A gumshoe is an old time private detective.,neither,0.04481347014705727,0.33885376196912964,0.6163327678838131
How long has this been going?,neither,0.03763623928229741,0.35574447103645634,0.6066192896812462
!howfar,neither,0.03945320844208391,0.33037608806864915,0.630170703489267
Cthulhushoe @DEATHlikescats,neither,0.03945320844208391,0.33037608806864915,0.630170703489267
how long has this been up for,neither,0.031101916935894966,0.34664500303548273,0.6222530800286225
just starting,neither,0.03326925679857758,0.3600393730657621,0.6066913701356603
11 mins in,neither,0.03945320844208391,0.33037608806864915,0.630170703489267
10mins and counting,neither,0.038760077687972384,0.2957680686295638,0.6654718536824639
@kontrro just started,neither,0.032803472495977,0.36242220823605287,0.6047743192679701
What was Eric usually host?,neither,0.0434889806709369,0.3289374218650708,0.6275735974639923
ohoh Ch-shoe-lu :D,neither,0.03945320844208391,0.33037608806864915,0.630170703489267
lol @chovexani thats better! :),neither,0.02957243500193449,0.40400679858988087,0.5664207664081847
You just missed the title scrawl,neither,0.04855317318264776,0.3781063762654945,0.5733404505518578
ok cool ty,neither,0.03940499450841791,0.3311944043513013,0.6294006011402808
an becca's working for Cthulhu,neither,0.034471804328176876,0.2996274628653819,0.6659007328064411
eheheh,neither,0.03945320844208391,0.33037608806864915,0.630170703489267
They just got done setting the scene,neither,0.03386264388171429,0.37788343794270723,0.5882539181755784
Eric is the GM for Shield of Tomorrow on Mondays - star trek RPG,neither,0.038157542125315726,0.31168625429122904,0.6501562035834553
Maybe Cthulshoe?,neither,0.03945320844208391,0.33037608806864915,0.630170703489267
Cthulhu is such a cool setting. I would love to see the Crit Role cast play this.,neither,0.04463483101648965,0.32157417600237065,0.6337909929811397
@SpookyKabookie Becca IS Cthulhu,neither,0.04912624121044723,0.3270490885368631,0.6238246702526896
glad i caught this in time. its an interesting setting,neither,0.03494685221327416,0.34189426525856037,0.6231588825281654
Xander looks so adorables,neither,0.03941129686156515,0.4077156294277842,0.5528730737106505
@Rambina57 Shield of Tomorrow on MOnday NIghts 7pm - 10.30pm,neither,0.03780578274787245,0.3382004373312773,0.6239937799208501
!beccawins,neither,0.03945320844208391,0.33037608806864915,0.630170703489267
"No she doesn't Kappa ...Uh, yes she does. Becca totally did not make me say this...",offensive_language,0.028608986014032577,0.5111599622232911,0.4602310517626763
"Yes she does. Becca always wins. You're hearing it from me, a totally impartial robut.",offensive_language,0.042142389953379995,0.5021798930357648,0.4556777170108552
pacific,neither,0.03945320844208391,0.33037608806864915,0.630170703489267
"Becca may be working for Cthulhu, but Whitney is a Cthulhu, lol.",neither,0.035540894040783935,0.33431932048889684,0.6301397854703192
I'm going to go all in on Ch-shoe-lu :3,neither,0.04245221816514718,0.40172634588949996,0.5558214359453528
lol,neither,0.020706217963973744,0.4882283491876925,0.4910654328483337
Aaaaaaaaand Cthulhu​ takes control of everyone,neither,0.03557827787617424,0.39614377253506705,0.5682779495887585
@Escaho They played a game of Mansions of Madness not too long ago. I'm sure it's on the website...,neither,0.03268880725172925,0.38254957699304165,0.5847616157552292
Someone rank is visiting?,neither,0.04622039394759943,0.3280485426599336,0.625731063392467
I think Oshi might actually be Cthulhu,neither,0.040274211588205946,0.32607342377888293,0.6336523646329112
someone dank?,neither,0.03945320844208391,0.33037608806864915,0.630170703489267
the mansions of madness game always cheers me up,neither,0.03047318664419057,0.3891572693112969,0.5803695440445125
loving the costumes,neither,0.038606742485781616,0.31491430452176505,0.6464789529924533
