text,top_class,hate_speech,offensive_language,neither
"@ImFailTastic Nope, interning on a container ship. Traded 2 consecutive watch shifts to be able to stay in and watch.",neither,0.050130087110760196,0.31338988339430124,0.6364800294949385
Biget from Alaska,neither,0.04066490145509902,0.30981049537100724,0.6495246031738937
i think grog (travis) is gonna do a great job as DM,neither,0.042465249141084745,0.35717685899850193,0.6003578918604133
Reload,neither,0.03945320844208391,0.33037608806864915,0.630170703489267
bidet from Philly!! super hype for Travis to dm >:D bring on the mayhem,neither,0.037967717487673656,0.30001513935493485,0.6620171431573915
"I would like to RA-, oh, that's a natural one.",neither,0.05298413807105809,0.3526034578164912,0.5944124041124508
"""I'm on a boat!""",neither,0.03582950867507171,0.34791347289591373,0.6162570184290146
anyone else have a black show screen,neither,0.07240280582938381,0.260334548444519,0.6672626457260973
Grog the DM. This will go badly. Or amazingly. Or both.,neither,0.04050203215957498,0.3066612165799538,0.6528367512604711
GROG HYPE GROG HYPE,neither,0.03945320844208391,0.33037608806864915,0.630170703489267
"Bidet from Richmond, Virginia",neither,0.04079557052152802,0.30759270029461827,0.6516117291838538
Bidet from MO,neither,0.040912083971464244,0.30561516297332675,0.653472753055209
Bidet from Illinois!,neither,0.04069404815304118,0.30931579984010865,0.6499901520068502
good day @Dragonchrome :),neither,0.039184892391848775,0.3050917618113163,0.6557233457968349
refresh we live,neither,0.04371130919046865,0.33137254875552546,0.6249161420540058
We have a subscriber-only Discord server! Join here: https://discord.gg/geekandsundry (you'll need to sub and link it to your Twitch) and be a part of the fun!...Warning: It can take up to an hour for the server to update and give you access to the channels,neither,0.08464076273808444,0.286394834032893,0.6289644032290227
not suppsed to start for 15 mins,neither,0.038379023668186865,0.3054271903154964,0.6561937860163168
PogChamp,neither,0.03945320844208391,0.33037608806864915,0.630170703489267
Has it started or is my feed not working?,neither,0.034212034149853916,0.39234305142214193,0.5734449144280042
Bidet from Pensacola FL,neither,0.04066490145509902,0.30981049537100724,0.6495246031738937
Biget from utah,neither,0.04066490145509902,0.30981049537100724,0.6495246031738937
gonna be a late night,neither,0.03102447180608317,0.38622816620182787,0.582747361992089
It's on guys.,neither,0.032881249182141775,0.35563027606007924,0.611488474757779
bidet!,neither,0.03945320844208391,0.33037608806864915,0.630170703489267
Bidet from Ohio!,neither,0.040754399270683486,0.3082914838698526,0.650954116859464
Travis is NOT DMing this game. Grog is!,neither,0.04962332441197124,0.30170282958519484,0.6486738460028338
I can not wait.. this is going to be epic !,neither,0.05014687651647023,0.3520092789224519,0.597843844561078
or atleast 110 like the western provinces,neither,0.04779710695094373,0.3289668682192895,0.6232360248297667
Beep beep for a Grog game! I am extremely excited.,neither,0.034192460735471754,0.2758496096243327,0.6899579296401956
Bidet from Sydney,neither,0.04062582848913359,0.31047366557575606,0.6489005059351104
Fan Art is up!,neither,0.044655013674224156,0.3798475357813299,0.575497450544446
Bidet from WI!,neither,0.040737273169946825,0.30858215849491494,0.6506805683351382
i hope he is treating the official Whitestone tour guide hat,neither,0.07006986713956254,0.2504294037603371,0.6795007291001003
Bunions & Flagons? heh.,neither,0.03945320844208391,0.33037608806864915,0.630170703489267
Refresh!,neither,0.03945320844208391,0.33037608806864915,0.630170703489267
started,neither,0.03945320844208391,0.33037608806864915,0.630170703489267
i am here for it,neither,0.09134779744453303,0.24562671043928766,0.6630254921161792
Was that a picture of a Were-Colville?,neither,0.03549670926100895,0.3547853015967741,0.609717989142217
Online guys Refresh for ART!!! BIDET!!,neither,0.03511658407325932,0.31042118339089453,0.6544622325358462
bidet fellow critters,neither,0.03945320844208391,0.33037608806864915,0.630170703489267
BEEP BEEP,neither,0.03945320844208391,0.33037608806864915,0.630170703489267
Bidet from Melbourne :D,neither,0.04228451509352876,0.2823214250720796,0.6753940598343917
"bidet from Ypsilanti, MI y'all",neither,0.04324940744025782,0.3982080527344978,0.5585425398252444
Brotherly Love?,neither,0.03217296676969875,0.3657703709031763,0.602056662327125
Bidet from Winnipeg! (Shout out to those at Comic Con last weekend!),neither,0.05856207054630253,0.29288265033056365,0.6485552791231337
LOL,neither,0.020706217963973744,0.4882283491876925,0.4910654328483337
!clock,neither,0.03945320844208391,0.33037608806864915,0.630170703489267
It is currently 6:46 PM at the Geek & Sundry studio in California.,neither,0.05188962470415607,0.32956799778566287,0.618542377510181
So hyped for this,neither,0.0330149118127936,0.3442431967660369,0.6227418914211694
I am actually so excited for this,neither,0.0335956294547312,0.34255686213130565,0.6238475084139632
Time to cry at the fanart and its beauty,neither,0.03657337432862377,0.3189151346785969,0.6445114909927793
refresh,neither,0.03945320844208391,0.33037608806864915,0.630170703489267
Bidet,neither,0.03945320844208391,0.33037608806864915,0.630170703489267
"The channel has gone live, if you cannot see fan art please refresh.",neither,0.03806528570573744,0.3693331668636201,0.5926015474306424
bunions and fagons,neither,0.03763944115734239,0.1918412352459551,0.7705193235967025
Vamp Colville actually,neither,0.03945320844208391,0.33037608806864915,0.630170703489267
Awesome art!,neither,0.03945320844208391,0.33037608806864915,0.630170703489267
"Beep Beep!(almost misspelled beep, how hitting for the Grog game XD)",neither,0.03341130114736157,0.259768391391131,0.7068203074615075
"@lottie2321 Ah, I got ya. Keep your feet dry, from a retired Marine",offensive_language,0.0447333429630453,0.5135334322876661,0.4417332247492885
woo art,neither,0.03945320844208391,0.33037608806864915,0.630170703489267
what's the bidet joke?,neither,0.04589997813033341,0.30327587121396715,0.6508241506556995
Bidet from Queensland Australia,neither,0.04062582848913359,0.31047366557575606,0.6489005059351104
classic,neither,0.03945320844208391,0.33037608806864915,0.630170703489267
"repeat The channel has gone live, if you cannot see fan art please refresh.",neither,0.038150731619647,0.36679518278224515,0.5950540855981077
Paw Paw Hates people who dare drive 65,neither,0.053177710249280044,0.4547074177952726,0.49211487195544734
BEEP BEEP for the UK,neither,0.031725928918489694,0.2792447212930436,0.6890293497884667
Bidet,neither,0.03945320844208391,0.33037608806864915,0.630170703489267
Bidet from Oregon,neither,0.04071751644889743,0.3089174816120565,0.6503650019390461
REFREAH,neither,0.03945320844208391,0.33037608806864915,0.630170703489267
beep beep from new york city,neither,0.04391445534569226,0.2262519204405613,0.7298336242137464
Beep Beep Critters!!,neither,0.03945320844208391,0.33037608806864915,0.630170703489267
Bidet from CA,neither,0.04084513770590474,0.30675141581570226,0.6524034464783931
"Help G&S make great content! $4.99/month gets you emotes, Minecraft server access, Sub Only Q&As, VODs, and more! Every sub keeps the channel alive! twitch.tv/geekandsundry/subscribe",neither,0.043092924924402844,0.32365565443818894,0.6332514206374082
loool,neither,0.03945320844208391,0.33037608806864915,0.630170703489267
What would a grogshot actually consist of? Would it be straight up rock worm juices or something awful like that?,neither,0.042334702224462055,0.3757256326451489,0.581939665130389
I'm actually pretty psyched for this,neither,0.03261447167212283,0.2985206118955483,0.6688649164323289
"My heroes feast has arrived, just in time for GrogShot",neither,0.02535427621632945,0.38817388138890635,0.5864718423947641
bidet from ca!,neither,0.04084513770590474,0.30675141581570226,0.6524034464783931
"Bidet from the your very nice northern neighbor, Canada.",neither,0.05727614596938483,0.30430100934696924,0.638422844683646
First time I caught the live stream :),neither,0.035540835503521814,0.33361864919738143,0.6308405152990968
OMG Beep Beep from UTAH,neither,0.04048801335702459,0.31281274803647996,0.6466992386064954
Bidet from San Diego,neither,0.040446282760733435,0.31352102516371877,0.6460326920755478
@girlybits faux pas from Grog - misspoke Good Day,neither,0.04030620602049971,0.29927573212138164,0.6604180618581187
"np fan art, just terry crews art",neither,0.03682953171733965,0.3425307237233885,0.620639744559272
oh boy oh boy,neither,0.04768565599480007,0.25364348607606696,0.698670857929133
are we just going live now?,neither,0.0640253510728942,0.33409111115476375,0.6018835377723422
Bidet from TX,neither,0.04081748366884477,0.3072207769958956,0.6519617393352596
I'm so excited for this.,neither,0.03212783406476069,0.34639812932111586,0.6214740366141234
did I mention that you were missed during the CR rebroadcasts last weekend :) @Dragonchrome,neither,0.04535207620253226,0.3572137054116113,0.5974342183858564
Is it Grog DMing this week?,neither,0.04534615022280673,0.32977103266443136,0.624882817112762
First live streem WOOT!!!!,neither,0.03656227017772394,0.3313704143034785,0.6320673155187976
bidet from ohio,neither,0.040754399270683486,0.3082914838698526,0.650954116859464
TableHere TableHere TableHere TableHere TableHere TableHere TableHere TableHere TableHere,neither,0.03945320844208391,0.33037608806864915,0.630170703489267
thanks @foolbunny,neither,0.035884468650613,0.3004919205142699,0.6636236108351171
bidet from california!,neither,0.06971251856910227,0.2972619859879888,0.633025495442909
How do you like your coffee? I like my coffee crisp.,neither,0.10697510776845454,0.21868248206432,0.6743424101672255
Bidet from Indiana!,neither,0.0408364874901429,0.30689823255244486,0.6522652799574122
Beep beep ya'll,offensive_language,0.020730940077770262,0.6929551195008575,0.2863139404213722
so does it start in 15 minutes???,neither,0.027206675680327228,0.46827432200419367,0.504519002315479
Bidet from Texas,neither,0.040937266849991,0.30518774380265185,0.6538749893473571
about 13 minutes,neither,0.037819638433433854,0.3581020343934394,0.6040783271731268
G'evening,neither,0.03945320844208391,0.33037608806864915,0.630170703489267
Bidet,neither,0.03945320844208391,0.33037608806864915,0.630170703489267
heyyaa,neither,0.03945320844208391,0.33037608806864915,0.630170703489267
bidet from Podunk Michigan,neither,0.040769555981420263,0.3080342349327864,0.6511962090857933
bidet from LA,neither,0.04094187055022747,0.3051096069949388,0.6539485224548338
,neither,0.03945320844208391,0.33037608806864915,0.630170703489267
Bidet from Oklahoma,neither,0.04066490145509902,0.30981049537100724,0.6495246031738937
Bidet~,neither,0.03945320844208391,0.33037608806864915,0.630170703489267
Bidet from Indiana!,neither,0.0408364874901429,0.30689823255244486,0.6522652799574122
Bidet from the UK~,neither,0.039613273355342184,0.2892653269430044,0.6711213997016535
Bidet and Beep Beep from,neither,0.03993872663407561,0.2110020514151397,0.7490592219507847
when does it start?,offensive_language,0.016657143906209267,0.5095962980709364,0.4737465580228543
Bidet you beautiful bunions,neither,0.07222382427478481,0.4176090599885655,0.5101671157366497
@postdataest glad to be back,neither,0.04902092112876381,0.33003931780793827,0.6209397610632978
"haha, it rhymed",neither,0.030518950552885126,0.44729794535930056,0.5221831040878143
Bidet from Chicago,neither,0.04078317879478948,0.307803020237201,0.6514138009680096
13 minutes until showtime,neither,0.03945320844208391,0.33037608806864915,0.630170703489267
Rockford,neither,0.03945320844208391,0.33037608806864915,0.630170703489267
Bidet From Brisbane,neither,0.04228451509352876,0.2823214250720796,0.6753940598343917
Grog is GMing yes.,neither,0.0550883361153749,0.32499845070360434,0.6199132131810209
so happy to check out Grog's game.,neither,0.040460173098525565,0.34323963796621654,0.6163001889352578
!clock,neither,0.03945320844208391,0.33037608806864915,0.630170703489267
It is currently 6:48 PM at the Geek & Sundry studio in California.,neither,0.05222923246758284,0.32953419271766676,0.6182365748147505
<.<,neither,0.03945320844208391,0.33037608806864915,0.630170703489267
Yaya art!,neither,0.03945320844208391,0.33037608806864915,0.630170703489267
Fan art is up. Refresh,neither,0.043398382114514605,0.3682776819688411,0.5883239359166443
Bidet,neither,0.03945320844208391,0.33037608806864915,0.630170703489267
"bidet from Indianapolis, IN",neither,0.040583134317417224,0.3111982970926921,0.6482185685898907
Let's do this!!!!!!!!!,neither,0.0195438059392097,0.382678239993645,0.5977779540671454
BEEP BEEP,neither,0.03945320844208391,0.33037608806864915,0.630170703489267
"This is a rebroadcast, there's a TPK in the first 3 minutes of the episode",neither,0.03812758972237877,0.2771743232728281,0.6846980870047932
hey am i the only one that star trek link doesnt work for?,neither,0.03321988541890835,0.3443595206018886,0.6224205939792031
Hey @GilRamirez1,neither,0.03945320844208391,0.33037608806864915,0.630170703489267
Yeah just in time,offensive_language,0.016712211936290695,0.5001082919974413,0.4831794960662679
bidet from WA,neither,0.04071751644889743,0.3089174816120565,0.6503650019390461
someone needs to give grog a case of Alexander Keiths,neither,0.04433603777490795,0.3274988065743613,0.6281651556507307
@skelasoldier hey another hoosier!!,neither,0.08716067002610728,0.25994187132504415,0.6528974586488485
overused greeting from ohio,neither,0.040398836182680774,0.31432631741897393,0.6452748463983453
This is going to be soo fun to watch!!,neither,0.06368920790146378,0.34492749374903625,0.5913832983494999
Bidet from Philadelphia,neither,0.04066490145509902,0.30981049537100724,0.6495246031738937
"A contest to see who can chug the most mayonnaise, perhaps?",neither,0.0458311021924128,0.22874571148517767,0.7254231863224097
Bidet Grand Poobah,neither,0.03945320844208391,0.33037608806864915,0.630170703489267
oh man that mushroom marisha is creepy,neither,0.04706280697090573,0.3714851826291572,0.5814520103999371
SO EXCITED,neither,0.03940839469474773,0.3948270312238364,0.565764574081416
Hey Gil! @GilRamirez1,neither,0.03945320844208391,0.33037608806864915,0.630170703489267
TimersCritical Role is LIVE every Thursday 7pm - 10pm ish Pacific http://www.wheniscriticalrole.com/,neither,0.043875139409896416,0.2703740323446945,0.6857508282454092
Oh Hai!,neither,0.051363287716059566,0.22255663153133606,0.7260800807526044
The shrooms!,neither,0.03613032604487659,0.2619290779399786,0.7019405960151449
Bidet from Orange Australia,neither,0.04039749100449293,0.314349148603457,0.6452533603920501
Grogshot consists of 1 big swig from every alcoholic beverage you have at hand,neither,0.03619188730264043,0.4237835513429712,0.5400245613543885
I almost missed this,neither,0.039348473136224846,0.33215371954644457,0.6284978073173306
i should 100% be working on an essay instead of tuning in. guess i'm attempting both,neither,0.04450493676559303,0.3602089740668203,0.5952860891675866
Greetings and Salutations from Nevada!,neither,0.039665017157423446,0.26811748049299106,0.6922175023495856
i would just like to point out... this is not travis... this is GROG running a game within a game... LOL,neither,0.044856154104981366,0.3372128467400329,0.6179309991549858
Bidet from Wyoming!,neither,0.04069404815304118,0.30931579984010865,0.6499901520068502
"dangit, still having issues with internet. Refreshing!",neither,0.029602902870862795,0.3744462483153321,0.5959508488138052
This could be fun!,neither,0.03990121478857329,0.3371104671429554,0.6229883180684713
"I get home and what do i do to prepare for CR tonight, Watch other Geek and Sundry stuff LARP's is a fun series",neither,0.04755422825163183,0.27582744772117884,0.6766183240271894
Bidet from KC,neither,0.04066490145509902,0.30981049537100724,0.6495246031738937
Bidet,neither,0.03945320844208391,0.33037608806864915,0.630170703489267
And there's a Gil in teh chat!,neither,0.03867899182280746,0.24235989988281165,0.718961108294381
http://www.wheniscriticalrole.com/ <<< CR countdown clock @xPureRated,neither,0.03714147319257503,0.25600458076601645,0.7068539460414085
"bBdet from Newfoundland, Canada!",neither,0.04071751644889743,0.3089174816120565,0.6503650019390461
"oh hey, the art's started",neither,0.04307333171825541,0.27336374624524856,0.683562922036496
bidet from the culinary institute of america!,neither,0.32553192736177533,0.1455704465941669,0.5288976260440577
Bidet from Denver,neither,0.04069404815304118,0.30931579984010865,0.6499901520068502
also hey Ll from the Cr Discord!,neither,0.039555887509454185,0.30297867869750994,0.6574654337930359
Have they already did the big talks machina Q&A or are we still waiting for that?,neither,0.03296280283267929,0.3662472210817729,0.6007899760855477
Bidet from Oregon!,neither,0.04071751644889743,0.3089174816120565,0.6503650019390461
next game is at the beginning of the year,neither,0.0426066276928194,0.3017305520261207,0.6556628202810599
bidet from scotland xxxBEAT,neither,0.04062582848913359,0.31047366557575606,0.6489005059351104
Bidet from utah,neither,0.04066490145509902,0.30981049537100724,0.6495246031738937
Bidet from san Diego,neither,0.040446282760733435,0.31352102516371877,0.6460326920755478
@sweithesweibutt hello fellow hoosier. Indianapolis is sorta where i live too haha,neither,0.04441764720595954,0.3510461321585533,0.6045362206354873
"is it a coincidence to night is a full moon and we get a grog lead story, werewolf as main villain, is my call",neither,0.04975643270188838,0.3617971211554057,0.5884464461427059
does this mean he will be on signal boost soon,neither,0.032551481450310074,0.4086850768826831,0.5587634416670069
"this is the first time i've live-streamed CR, sorry in advance for the dumb question... what is bidet?",neither,0.03032028187512962,0.30049501783952964,0.6691847002853407
GROG! GROG! GROG!!,neither,0.03945320844208391,0.33037608806864915,0.630170703489267
Bidet from cincy,neither,0.04062582848913359,0.31047366557575606,0.6489005059351104
Bidet from Virginia,neither,0.04079557052152802,0.30759270029461827,0.6516117291838538
bidet from ontario!,neither,0.04062582848913359,0.31047366557575606,0.6489005059351104
thats handy @postdataest ty,neither,0.03945320844208391,0.33037608806864915,0.630170703489267
ooh hey is ashley here tonight?,neither,0.07804763560792799,0.28455156070205884,0.6374008036900132
Bidet from Illinois.,neither,0.04069404815304118,0.30931579984010865,0.6499901520068502
Ahhh there it goes. Stupid solar flare. Knocked out most of texas,neither,0.07496063989931731,0.24982617709997954,0.6752131830007031
bidet from Utah,neither,0.04066490145509902,0.30981049537100724,0.6495246031738937
Grogception,neither,0.03945320844208391,0.33037608806864915,0.630170703489267
Whaaa,neither,0.03945320844208391,0.33037608806864915,0.630170703489267
"Beep beep, bidet from San Diego!",neither,0.040446282760733435,0.31352102516371877,0.6460326920755478
@Osiris_slim sounds about right,neither,0.03637722011448991,0.38541838037572435,0.5782043995097856
please please please be wearing the tour guide hat,neither,0.03921720084797942,0.3240536089646645,0.6367291901873561
Grog!!!,neither,0.03945320844208391,0.33037608806864915,0.630170703489267
"01:49 am in ireland, so worth staying up !!",neither,0.03788334938944956,0.3843870543351249,0.5777295962754255
Travis as DM PogChamp,neither,0.03763333200681524,0.36126414067418566,0.601102527318999
a bidet is a butt sprayer in fancy toilets,neither,0.05394266794160762,0.370025151300617,0.5760321807577754
bidet is a joke from one of the episodes,neither,0.04566745896223956,0.32551695328770275,0.6288155877500576
"Bidet and beep, beep from Loveland, CO>",neither,0.03986777198530743,0.22438161279493837,0.7357506152197543
:),neither,0.03945320844208391,0.33037608806864915,0.630170703489267
GROG GROG GROG,neither,0.03945320844208391,0.33037608806864915,0.630170703489267
bidet from wisconsin!! :DDD so excited for tonight!!!,neither,0.033524801373592386,0.30946583596385285,0.6570093626625547
you're welcome @xPureRated,neither,0.10626763448287628,0.35096606821718634,0.5427662972999374
"And my Vox Machina dice arrived today, too. XD",neither,0.029353593735141632,0.3496864163203843,0.6209599899444741
bidet is a greeting that was misheard from Good day or something like that i was told,neither,0.04752152014555787,0.3792970340934856,0.5731814457609566
bidet from Blackpool England,neither,0.04071751644889743,0.3089174816120565,0.6503650019390461
grog!!!,neither,0.03945320844208391,0.33037608806864915,0.630170703489267
EPISODE 60 joke,neither,0.03945320844208391,0.33037608806864915,0.630170703489267
Esteavo is on point,neither,0.04718593889313707,0.3464799606308563,0.6063341004760067
Bidet from Texas!!,neither,0.040937266849991,0.30518774380265185,0.6538749893473571
Bidet from Missouri!,neither,0.04071751644889743,0.3089174816120565,0.6503650019390461
we are grogians!,neither,0.10919184720806327,0.2383917025513002,0.6524164502406365
Bidet from Tennessee!!,neither,0.04071751644889743,0.3089174816120565,0.6503650019390461
Bidet from Virginia,neither,0.04079557052152802,0.30759270029461827,0.6516117291838538
bideeeeeeeet,neither,0.03945320844208391,0.33037608806864915,0.630170703489267
Bidet all,offensive_language,0.046917543854519406,0.6277741405869331,0.3253083155585475
Bidet from Mo,neither,0.040912083971464244,0.30561516297332675,0.653472753055209
Blarg!,neither,0.03945320844208391,0.33037608806864915,0.630170703489267
who needs sleep. I'm ready to see Grog run this bitch!,offensive_language,0.013093971697514053,0.9867204964745153,0.00018553182797069565
GROG GROG GROG,neither,0.03945320844208391,0.33037608806864915,0.630170703489267
"""bidet"" is a Grog-ism from episode 60.",neither,0.04840615737552562,0.3107003089971036,0.6408935336273708
"Hi Chat, we have 10 mins before Critical Role Grog StrongJaw’s - One Shot episode starts. Please take the opportunity to visit the restroom, grab some drinks and snacks. Pull up a comfy chair, and get ready to watch tonight’s episode. It’s going to be an interesting night. Grog Strongjaw is DM’ing, this is going to be interesting.",neither,0.04215596394769426,0.3488540227876161,0.6089900132646897
@devincold its a misprodunciation of Good Day,neither,0.031677231917314426,0.3139695824296135,0.6543531856530722
bidet from utah!,neither,0.04066490145509902,0.30981049537100724,0.6495246031738937
lmao i wish i nknew where my grog shirt was!!!,neither,0.029770817545080763,0.39825134339089435,0.5719778390640249
@devincold faux pas from Grog - misspoke Good Day,neither,0.04030620602049971,0.29927573212138164,0.6604180618581187
beep beep,neither,0.03945320844208391,0.33037608806864915,0.630170703489267
"Bidet from Baltimore, Critters! I am so excited for Grogs Game Night. this is the onscreen transformation I've been waiting for, lol. watch, Travis is gonna kill it.",neither,0.09057335905792457,0.2735143904309099,0.6359122505111655
Bidet from Michigan USA,neither,0.04042374769943318,0.3139035039658076,0.6456727483347593
Bidet and Beep Beep from Arkansas,neither,0.039665017157423446,0.26811748049299106,0.6922175023495856
bidet from RI,neither,0.04069404815304118,0.30931579984010865,0.6499901520068502
Bidet from Texas,neither,0.040937266849991,0.30518774380265185,0.6538749893473571
the one time i could have used it!!!,neither,0.03489546527349943,0.37227160540533744,0.5928329293211632
"fantastic! i knew a bidet was a toilet, i just wasn't sure why everyone was saying it!!",neither,0.022498983194217323,0.47222993799915725,0.5052710788066254
actually now that I think about it I watched that episode and forgot ;P,neither,0.03278526614931319,0.3687875229147231,0.5984272109359636
Bidet from knoxville tennessee,neither,0.040354386843928725,0.3150807387011266,0.6445648744549448
nightbot needs a bidet link,neither,0.03945320844208391,0.33037608806864915,0.630170703489267
Bidget!!,neither,0.03945320844208391,0.33037608806864915,0.630170703489267
!wheniscr,neither,0.03945320844208391,0.33037608806864915,0.630170703489267
"Critical Role is on at 7 PM PDT on Thursdays, it is currently 6:50 PM PDT on Thursday. There is 9 Minutes, 56 Seconds until the next episode of Critical Role. This command has been run 574 times but has probably been asked about way more.",neither,0.04098570161838698,0.34449716635027955,0.6145171320313334
"Beep Beep and Bidet from Dixon, MO!!!",neither,0.039710681526375816,0.2573753227072934,0.7029139957663308
Grog as DM 🤔 will the highest die used be a d3? Cause thats about as high as he can count? 🤔,neither,0.08411124798835488,0.3265120266853435,0.5893767253263016
Bidet to all my Colorado Critters. DCC panel submissions just opened up. Let's try and get a CR panel next year!,neither,0.0286718789901349,0.4198421076702295,0.5514860133396355
omg that craven edge art,neither,0.036326259858697606,0.3642690145868527,0.5994047255544498
bidet from PA,neither,0.04069404815304118,0.30931579984010865,0.6499901520068502
,neither,0.03945320844208391,0.33037608806864915,0.630170703489267
the artwork is on point from taliesin's one shot,neither,0.04343912764238151,0.3377698475253532,0.6187910248322653
I have 10 mins left in class,neither,0.03900904044267036,0.3379147782048047,0.6230761813525251
Is there somewhere I can download ALL the art?,neither,0.04593324324144323,0.32928749283288694,0.6247792639256697
All the awesome art makes me sad I can only draw stick figures.,neither,0.03587168464286634,0.3762347866426719,0.5878935287144617
Good evening/morning everyone,neither,0.04040283089292079,0.30446464031722054,0.6551325287898586
bidet!,neither,0.03945320844208391,0.33037608806864915,0.630170703489267
i've never been more excited for a 1shot,neither,0.01662001775898925,0.3230100266042202,0.6603699556367906
gandsSubHype gandsSubHype gandsSubHype gandsSubHype gandsSubHype gandsSubHype,neither,0.03945320844208391,0.33037608806864915,0.630170703489267
bidet bidet,neither,0.03945320844208391,0.33037608806864915,0.630170703489267
bidet from Chicago!,neither,0.04078317879478948,0.307803020237201,0.6514138009680096
hoi!,neither,0.03945320844208391,0.33037608806864915,0.630170703489267
bidet from MO,neither,0.040912083971464244,0.30561516297332675,0.653472753055209
Yay grog,neither,0.03945320844208391,0.33037608806864915,0.630170703489267
this artwork is so good,neither,0.051827488893361286,0.4014756209426981,0.5466968901639406
32 mth resub woot woot !!! <3 <3 <3,neither,0.03945320844208391,0.33037608806864915,0.630170703489267
mfw the entire one shot is just a series of doors for the party to get through,neither,0.039469384626478775,0.32675541452101536,0.6337752008525057
bidet from California :),neither,0.06971251856910227,0.2972619859879888,0.633025495442909
Dang!,neither,0.03945320844208391,0.33037608806864915,0.630170703489267
Bidet gandsDrink,neither,0.03945320844208391,0.33037608806864915,0.630170703489267
Bidet from Michigan,neither,0.040769555981420263,0.3080342349327864,0.6511962090857933
beep beep!!!,neither,0.03945320844208391,0.33037608806864915,0.630170703489267
No Matt Mercer or Marisha Ray tonight since they would still be flying back.,neither,0.036785921997967166,0.33258831049096943,0.6306257675110635
can't wait to see Grog as DM :D,neither,0.04407899678625107,0.35473223728377673,0.6011887659299723
who's reeady for some bunions and flagons,neither,0.020955009501327785,0.3358071056779205,0.6432378848207517
i have a feeling grog is going to open up with some big monster that the group wont be able to handle and he wont know why their having trouble,neither,0.027434961305167475,0.40108234609328924,0.5714826926015433
Bidet from Florida!,neither,0.0408948396164547,0.30590784468201904,0.6531973157015263
Hey everyone.,neither,0.031959242684595296,0.4575682446653829,0.5104725126500218
"@Liolie, how do we get a panel? Need more info",neither,0.041172982322462574,0.3301825175841168,0.6286445000934204
Bidet and Beep Beep from G-ville FL,neither,0.039665017157423446,0.26811748049299106,0.6922175023495856
#Strangerthings2 #justiceforYertle oh and Bidet from Sydney,neither,0.0443788504941964,0.22953536601338692,0.7260857834924167
Bidet from LA,neither,0.04094187055022747,0.3051096069949388,0.6539485224548338
So exit,neither,0.03940840016725221,0.3881618993133147,0.5724297005194332
is critical role not having an episode tonight?,neither,0.04200704936336385,0.31334635480013673,0.6446465958364994
I'm loving all the vampire one shot artwork,neither,0.03927764254634467,0.396003049329217,0.5647193081244383
Sooo ready for GROGSHOT!!!,neither,0.03307082159617457,0.2985134617279536,0.6684157166758719
!wheniscr,neither,0.03945320844208391,0.33037608806864915,0.630170703489267
bidet from PA,neither,0.04069404815304118,0.30931579984010865,0.6499901520068502
"All Hail the Grand poo bah di-doink, of all of this and that!",neither,0.03786794316135529,0.39967601905268846,0.5624560377859563
"Critical Role is on at 7 PM PDT on Thursdays, it is currently 6:50 PM PDT on Thursday. There is 9 Minutes, 2 Seconds until the next episode of Critical Role. This command has been run 575 times but has probably been asked about way more.",neither,0.04101930099013843,0.34478853945704235,0.6141921595528191
Bidet from OK,neither,0.04104157946423444,0.3034172865047108,0.6555411340310547
I do not doubt that this will be an entertain couple of hours,neither,0.03834104844266921,0.3444983139809123,0.6171606375764185
Bidet from chicago!,neither,0.04078317879478948,0.307803020237201,0.6514138009680096
i'm looking forward to tonight's show. finally can catch crit role live. took too long playing catch up.,neither,0.04880334513087554,0.3037463092043795,0.6474503456647449
This should be interesting..,neither,0.055126491778532835,0.38185653967529054,0.5630169685461767
is art showing yet?,neither,0.04670026713412202,0.3278834922662144,0.6254162405996636
bidet,neither,0.03945320844208391,0.33037608806864915,0.630170703489267
Why is critical role only on when I need to write an essay,neither,0.03292453365099654,0.36805445769266554,0.5990210086563379
So ready,neither,0.03940999150142386,0.4037259204934871,0.556864088005089
Bidet and Beep Beep from Northern California,neither,0.05668060496062114,0.27534695494653233,0.6679724400928466
"This is the first time i get to watch an episode live, I'm so exited!",neither,0.05036379084459354,0.36135267414720984,0.5882835350081965
bidet! from Northern Virginia,neither,0.04038150078596344,0.3146205443430473,0.6449979548709892
Bidet from Oklahoma! :D,neither,0.04066490145509902,0.30981049537100724,0.6495246031738937
bidet,neither,0.03945320844208391,0.33037608806864915,0.630170703489267
Start already Q.Q,neither,0.037957462553005236,0.3557627993920235,0.6062797380549714
Bidet from Virginia!,neither,0.04079557052152802,0.30759270029461827,0.6516117291838538
yep @RippyTates,neither,0.03945320844208391,0.33037608806864915,0.630170703489267
art is showing refresh!,neither,0.045705278274103055,0.3282257145609886,0.6260690071649084
"Bidet from outside a Starbucks in Plano, TX!",neither,0.04021520642899648,0.31744299357446504,0.6423417999965385
Bidet from Maine where I am SUPER excited to have electricity for the first time since Sunday!!!,neither,0.03586730167303461,0.29635845275232625,0.6677742455746393
Bidet from Wisconsin,neither,0.04071751644889743,0.3089174816120565,0.6503650019390461
Bidet,neither,0.03945320844208391,0.33037608806864915,0.630170703489267
my body is ready for this 1 shotr,neither,0.02906645271055613,0.3822679163612986,0.5886656309281452
what if he does like a split personality,neither,0.02831286393493407,0.47429032322261677,0.4973968128424491
hi I'm from sacramento,neither,0.04042618578566652,0.3138621232795296,0.6457116909348039
bidet from Wisconsin,neither,0.04071751644889743,0.3089174816120565,0.6503650019390461
Bidet from the UK!,neither,0.039613273355342184,0.2892653269430044,0.6711213997016535
@LavenderTownsGhost same!!!,neither,0.04148851938089603,0.3488915597363099,0.609619920882794
"Bidet, and 'ello, an' welcome to crit-a-ton roll, where a bunch of, like, us, totally badass assholes sit around and roll tiny rocks. I'm Grog... Grog Stongjaw",neither,0.06269498860398295,0.3316266426449926,0.6056783687510245
If you have a black screen refresh,neither,0.04948799438378246,0.4123409980290661,0.5381710075871514
Bidet form Maryland!,neither,0.03945320844208391,0.33037608806864915,0.630170703489267
Bidet from Georgia!,neither,0.04066490145509902,0.30981049537100724,0.6495246031738937
OKIE CRITTER PRIDE! @Thanrand,neither,0.03945320844208391,0.33037608806864915,0.630170703489267
DAWW,neither,0.03945320844208391,0.33037608806864915,0.630170703489267
"Beep beep from Houston, go 'Stros!",neither,0.042214457767623635,0.3135403544537509,0.6442451877786255
"@RippyTates yes, refresh the page if it isn't showing",neither,0.026789348847850794,0.3550399820163252,0.6181706691358241
Bidet from NoVA,neither,0.04228451509352876,0.2823214250720796,0.6753940598343917
Bidet! Finally watching live! yaaay,neither,0.044276099228360045,0.32871727477068585,0.627006626000954
bidet everyone,offensive_language,0.02988896790634741,0.4927062106388782,0.4774048214547744
Bidet from Dallas,neither,0.04081748366884477,0.3072207769958956,0.6519617393352596
Bidet from Charlotte nc,neither,0.040371808140217125,0.31478505383715205,0.6448431380226308
I feel critical roll is much better on TV then laptop or other small device,neither,0.03975267246973179,0.33643172821974365,0.6238155993105245
Bidet from Olympia WA,neither,0.04071751644889743,0.3089174816120565,0.6503650019390461
Bidet from Kentucky,neither,0.04071751644889743,0.3089174816120565,0.6503650019390461
My first live show caught just happened to be the Thordak fight.,neither,0.03889276523896888,0.34073840304169406,0.620368831719337
still only on episode 55 so have never watched it live to avoid spoilers. happy to finally get to see it live.,neither,0.04680412851855308,0.37971666298267776,0.5734792084987692
ramaHype ramaHype ramaHype ramaHype,neither,0.03945320844208391,0.33037608806864915,0.630170703489267
Bidet from central Maine,neither,0.04038434874462851,0.31457220705192124,0.6450434442034502
bidet from Minnesota!,neither,0.04071751644889743,0.3089174816120565,0.6503650019390461
"so how does this work, if i pause it can i fast foward or what?",neither,0.022735291012311608,0.46763717648733655,0.5096275325003519
TehePelo love me some Grog,neither,0.016255761490065863,0.435723721833779,0.5480205166761551
"Florida, Gulf Side. :-)",neither,0.03498247202519485,0.3622983405817464,0.6027191873930587
"I refreshed, still black screen",neither,0.06335165178128113,0.32745299588078264,0.6091953523379362
bidet from tx,neither,0.04081748366884477,0.3072207769958956,0.6519617393352596
Bidet from Georgia,neither,0.04066490145509902,0.30981049537100724,0.6495246031738937
Grog ftw,neither,0.03945320844208391,0.33037608806864915,0.630170703489267
"i cant wait for this episode, its gonna be so good",neither,0.03008948266310088,0.3779022547151919,0.5920082626217072
beep beep bidet from Oklahoma,neither,0.04066490145509902,0.30981049537100724,0.6495246031738937
"as much as I loved Tal's oneshot, I did miss Vox Machina a lot",neither,0.031013103833922712,0.37365067335508795,0.5953362228109893
Bidet all,offensive_language,0.046917543854519406,0.6277741405869331,0.3253083155585475
@shadowwolf_793 http://www.wheniscriticalrole.com/ <<< CR countdown clock,neither,0.03714147319257503,0.25600458076601645,0.7068539460414085
"Bidet from Rochester, NY!!",neither,0.04084513770590474,0.30675141581570226,0.6524034464783931
Grog: *Slams down Tarrasque mini*,neither,0.03945320844208391,0.33037608806864915,0.630170703489267
Did meg shoot JK?,neither,0.055041824725617056,0.27882582012730245,0.6661323551470805
driving bidet,neither,0.03945320844208391,0.33037608806864915,0.630170703489267
Bidet critters!,neither,0.03945320844208391,0.33037608806864915,0.630170703489267
@heartsinink dude same Georgia ftw,neither,0.0401123888076656,0.3363864264054628,0.6235011847868717
Bidet from Argentina!,neither,0.04062582848913359,0.31047366557575606,0.6489005059351104
When do we start?,neither,0.028870973078473434,0.3940398044534531,0.5770892224680736
Bidet all!,offensive_language,0.046917543854519406,0.6277741405869331,0.3253083155585475
:D,neither,0.03945320844208391,0.33037608806864915,0.630170703489267
"Meep, Meep.",neither,0.03945320844208391,0.33037608806864915,0.630170703489267
"I have total faith in Travis as a GM, He's probably the most consistent of the whole group as far as knowing ules and keeping up with whats going on in the game",neither,0.0315995547982845,0.3712159434601191,0.5971845017415964
bidet from ft myers florida,neither,0.0404490119039584,0.3134747044806948,0.6460762836153469
hi everyone!,neither,0.032490659208996964,0.4485487193596734,0.5189606214313296
dude... that titan was a good drawing,neither,0.035188978335663215,0.3715361913905199,0.5932748302738169
Bidet from PA,neither,0.04069404815304118,0.30931579984010865,0.6499901520068502
Bidet from Everywhere and Everywhen. But also Metro-Detroit Michigan,neither,0.037540362213439676,0.3006988914462085,0.6617607463403519
Color Check!!!!!,neither,0.04105555554774503,0.3298249674224203,0.6291194770298346
So excited for tonight,neither,0.030933360112281538,0.3223542421246248,0.6467123977630935
Bidet from Dallas!,neither,0.04081748366884477,0.3072207769958956,0.6519617393352596
Bidet from thereabouts Cincinnati,neither,0.04228451509352876,0.2823214250720796,0.6753940598343917
this is gonna be a fun one,neither,0.04658033894131792,0.4197728295283909,0.5336468315302912
so cool graphic,neither,0.03941042542650441,0.37796869700963004,0.5826208775638655
@Impossiblegirl11 YEAH BUDDY!,neither,0.02145469153981289,0.4574245217793169,0.5211207866808701
oz pic looked aweso.e,neither,0.03635339134153008,0.38298807414302966,0.5806585345154401
bitterEnd,neither,0.03945320844208391,0.33037608806864915,0.630170703489267
OSsloth,neither,0.03945320844208391,0.33037608806864915,0.630170703489267
Bidet from CT,neither,0.04066490145509902,0.30981049537100724,0.6495246031738937
we are grogians!,neither,0.10919184720806327,0.2383917025513002,0.6524164502406365
Bidet all,offensive_language,0.046917543854519406,0.6277741405869331,0.3253083155585475
yeeeeeaaaahh,neither,0.03945320844208391,0.33037608806864915,0.630170703489267
bloop,neither,0.03945320844208391,0.33037608806864915,0.630170703489267
bidet,neither,0.03945320844208391,0.33037608806864915,0.630170703489267
Bidet all,offensive_language,0.046917543854519406,0.6277741405869331,0.3253083155585475
bidet from Dallas TX,neither,0.040477971317663786,0.312983187652067,0.6465388410302692
Hello everyone!,neither,0.03269494828970791,0.4450814005079928,0.5222236512022994
i liked the fan art of the color test pattern the best lol,neither,0.03422032335165936,0.3292038975884877,0.6365757790598529
bidet from kansas city kansas :D,neither,0.040095117957638336,0.319481208339349,0.6404236737030127
"Bidet from OH... so, is that the secret word for the evening?",neither,0.04057636533843004,0.29894984799121954,0.6604737866703504
beep beep critters,neither,0.03945320844208391,0.33037608806864915,0.630170703489267
"bidet, planet under the moon",neither,0.0386637075430272,0.31597748709929446,0.6453588053576784
8 minutes,neither,0.03945320844208391,0.33037608806864915,0.630170703489267
