text,top_class,hate_speech,offensive_language,neither
"All the systems are good, some things need PC (mod players), some games are better on console (Multiplayer)",neither,0.05185412487834493,0.3307857771766405,0.6173600979450147
i love this intro!,neither,0.03628345066429029,0.34642748610713625,0.6172890632285736
We have a subscriber-only Discord server! Join here: https://discord.gg/geekandsundry (you'll need to sub and link it to your Twitch) and be a part of the fun!...Warning: It can take up to an hour for the server to update and give you access to the channels,neither,0.08464076273808444,0.286394834032893,0.6289644032290227
"Ok all systems except for the long defunct virtual Boy, and CDi",neither,0.03404391173190277,0.31124288011432183,0.6547132081537754
Great Intro!!!1,neither,0.037507137138927386,0.30443356479121075,0.658059298069862
"Hi Ryan, Teach me Sempai!",neither,0.03859952094235754,0.2624953227198946,0.6989051563377479
how long until critical role?,neither,0.03927810744174978,0.3289098148353273,0.6318120777229229
"Help G&S make great content! $4.99/month gets you emotes, Minecraft server access, Sub Only Q&As, VODs, and more! Every sub keeps the channel alive! twitch.tv/geekandsundry/subscribe",neither,0.043092924924402844,0.32365565443818894,0.6332514206374082
3 hours,neither,0.03945320844208391,0.33037608806864915,0.630170703489267
@shotsymmetry 3 hours,neither,0.03945320844208391,0.33037608806864915,0.630170703489267
HOLY SHIT WHAT A SET!!!,offensive_language,0.05108095570949501,0.9474800310719055,0.0014390132185995526
oh wow i'm really off schedule :P thanks peeps :D,neither,0.04131785041648888,0.28461170253373935,0.6740704470497718
Yeah the new set is gorgeous. They do good work,neither,0.03413273238909777,0.33577606590815157,0.6300912017027507
Didn't Wil Wheaton give a behind the scenes look at the creation of one of the G & S sets awhile back?,neither,0.03143947462208435,0.3526827152101237,0.6158778101677921
aryn,neither,0.03945320844208391,0.33037608806864915,0.630170703489267
!clock,neither,0.03945320844208391,0.33037608806864915,0.630170703489267
It is currently 4:04 PM at the Geek & Sundry studio in California.,neither,0.0534460154289174,0.3294088346371876,0.617145149933895
His tie knots are always amazing.,neither,0.09179250162170652,0.33728668928126193,0.5709208090970316
Also most comic book stores are locally owned and you're supporting the person behind the counter,neither,0.06639900002483047,0.28215819799223424,0.6514428019829354
dat couch tho,neither,0.03525426000220603,0.33980763753237436,0.6249381024654197
👌 matching shirt? dope,neither,0.03945320844208391,0.33037608806864915,0.630170703489267
Sooo are we naming that dope goth couch?,neither,0.05106742519140109,0.32979303882878225,0.6191395359798166
Seetin Von Couch?,neither,0.03945320844208391,0.33037608806864915,0.630170703489267
"instead of forcing diversity into comics, I think Marvel could get a resurgence, if they reboot their universe and have the characters, die, and pass on the mantle to next generation",neither,0.06118397829740638,0.2536162254172726,0.685199796285321
Brian Wayne Futon,neither,0.03945320844208391,0.33037608806864915,0.630170703489267
this new set is a perfect intermediary for this and AYBGF,neither,0.042986547441142095,0.2068104312571149,0.7502030213017431
"*age, die and pass on",neither,0.1679047301610946,0.12978418757550894,0.7023110822633964
Is G & S revamping all their sets?,neither,0.04745603142590484,0.3843293707290611,0.568214597845034
Meltdown comics is a great space.,neither,0.04419154718791145,0.3080311736393381,0.6477772791727505
is Travis DMing tonight?,neither,0.04332250402845235,0.31113184907891167,0.645545646892636
#alphamoney,neither,0.03945320844208391,0.33037608806864915,0.630170703489267
@Chovexani Executivecouch?,neither,0.03945320844208391,0.33037608806864915,0.630170703489267
"@The_Lich_DM No, Grog is",neither,0.0593320852302512,0.35597755390269653,0.5846903608670523
yes Lich,neither,0.03945320844208391,0.33037608806864915,0.630170703489267
@The_Lich_DM yes,neither,0.03945320844208391,0.33037608806864915,0.630170703489267
yup,neither,0.03945320844208391,0.33037608806864915,0.630170703489267
nice thanks,neither,0.03675346094209043,0.30776875008420385,0.6554777889737058
"BillyKidd007: instead of forcing diversity into comics, I think Marvel could get a resurgence, if they reboot their universe and have the characters, die, and pass on the mantle to next generation [ That feels like if you're into rebooting so long as the majority of the characters stay white men ? ]",neither,0.15494638206894065,0.36825429702042334,0.47679932091063604
@WormholeXtreme9 This new set is the last of the sets as far as I know.,neither,0.042897447405577056,0.29879958726873657,0.6583029653256863
lol alphamoney,neither,0.020706217963973744,0.4882283491876925,0.4910654328483337
Style so strong,neither,0.039410375063350114,0.37812733844382407,0.5824622864928257
@Zismarith I'm kinda into it but Executivecouch sounds like.. a place where 'casting' is done,neither,0.053493834785632764,0.29428664858629705,0.6522195166280702
Grog is dming tonight? Oh God this is gonna be good,neither,0.05179026435470486,0.31173433203409534,0.6364754036111997
hey guys,neither,0.03929207127355727,0.33311100635304525,0.6275969223733975
Hello,neither,0.03945320844208391,0.33037608806864915,0.630170703489267
"@WormholeXtreme9 lol I just watched ep ""200"" tonight",neither,0.029622170507127548,0.36478689155074934,0.605590937942123
@Chovexani not at all. there are plenty of pocs and ladies in the marvel universe,neither,0.051937424719117525,0.3002303255712052,0.6478322497096773
@quizzical_haddock a grat classic if I do say so myself,neither,0.025127228944233918,0.4184118947377103,0.5564608763180557
"I hope AYBGF comes back pretty similarly. Great chemistry, just keep adding",neither,0.054571102301363514,0.25860599619104624,0.6868229015075904
"@Chovexani Hmm. I guess you would have to know the moniker ""executivegoth"" to get it. Otherwise it might get wasted.",neither,0.051936532653830796,0.3548608071613969,0.5932026601847724
plenty? the only hispanic one I could find just a couple of years ago was Wind Dancer @BillyKidd007,neither,0.03825233917407838,0.3011177532759486,0.660629907549973
@WormholeXtreme9 apparently it performed well on dvd,neither,0.03653200909976664,0.34011601260228447,0.6233519782979489
im depressed and I feel so alone and lost in life,neither,0.03551880088840346,0.3657856954217234,0.5986955036898732
couple years ago? America Chavez? One of the most OP characters in Marvel.,neither,0.10252839709982751,0.28731643729745887,0.6101551656027135
There is a lot more diversity with the comic book writers and artists today. It's just a matter of time before it becomes diverse organically,neither,0.032253626088013264,0.33577373687995243,0.6319726370320344
That's so cool.,neither,0.03370500952970764,0.45829613352409315,0.5079988569461991
"crusadernero, hang in there, reach out for help if you need to",neither,0.03200808367283733,0.3525725176767006,0.6154193986504621
That shop owner is a legend.,neither,0.042394371294529574,0.36034036422151106,0.5972652644839594
>.> Where is B.Dave I need someone who knows more comic stuff ... also America Chavez is one of the 'forced diversity' characters to a whole big boatload of people,neither,0.11100745509948003,0.3197399939216274,0.5692525509788927
