text,top_class,hate_speech,offensive_language,neither
"Hello. Does anybody know when ""Tales from the Loop"" is/was?",neither,0.02965426710085605,0.41395032179295704,0.556395411106187
it is at 9 pm,neither,0.04607502070396648,0.3553160836420269,0.5986088956540068
!clock,neither,0.03945320844208391,0.33037608806864915,0.630170703489267
It is currently 7:01 PM at the Geek & Sundry studio in California.,neither,0.05188962470415607,0.32956799778566287,0.618542377510181
"9pm-?am(GYP is replaced tonight by Tales from the Loop, which will likely last later than 11pm Pacific)",neither,0.042110561058203225,0.31688856217494177,0.641000876766855
9:30 according to a Twitter post?,neither,0.044403635425887336,0.4233339705328027,0.53226239404131
Tales from the Loooop. Let's get Stranger Things... in like 2 hours. :P,neither,0.0343717694126209,0.34453729534722577,0.6210909352401534
schedule?,neither,0.03945320844208391,0.33037608806864915,0.630170703489267
"Awwww, puppy",neither,0.03945320844208391,0.33037608806864915,0.630170703489267
jcvimHi jcvimHi katers,neither,0.03945320844208391,0.33037608806864915,0.630170703489267
Hey @GeekandSundry Kate! Give DingDing a little scratch from me! :P,neither,0.034786500116526585,0.3488395999170672,0.6163738999664062
gandsSubHype gandsSubHype,neither,0.03945320844208391,0.33037608806864915,0.630170703489267
Hi Kate!,neither,0.03945320844208391,0.33037608806864915,0.630170703489267
@starpilotsix you trust the alpha twitter? :P,offensive_language,0.05386827641720827,0.47932623774830796,0.4668054858344838
DarkJebaited katers,neither,0.03945320844208391,0.33037608806864915,0.630170703489267
I am back!,neither,0.039129815705946876,0.3304873176599754,0.6303828666340776
Re Sub HYPE!!!,neither,0.05796738926929811,0.3016950255183242,0.6403375852123776
We have a subscriber-only Discord server! Join here: https://discord.gg/geekandsundry (you'll need to sub and link it to your Twitch) and be a part of the fun!...Warning: It can take up to an hour for the server to update and give you access to the channels,neither,0.08464076273808444,0.286394834032893,0.6289644032290227
WB @Bookgal12,neither,0.03945320844208391,0.33037608806864915,0.630170703489267
Thanks,neither,0.035884468650613,0.3004919205142699,0.6636236108351171
"So... it's ""any reddit thread: the show""?",neither,0.05560723014081008,0.2697395820531419,0.674653187806048
"@WOMStv I don't follow the Alpha Twitter, but this was G&S twitter reblogging one of the cast so I thought maybe it might be accurate.",neither,0.03696924728875726,0.4184799625978392,0.5445507901134037
"Help G&S make great content! $4.99/month gets you emotes, Minecraft server access, Sub Only Q&As, VODs, and more! Every sub keeps the channel alive! twitch.tv/geekandsundry/subscribe",neither,0.043092924924402844,0.32365565443818894,0.6332514206374082
"@starpilotsix I didn't see that, they even have it pinned with 9 pm",neither,0.01859636397234242,0.4401486129917657,0.5412550230358917
"So basically Gervais, Pilkington?",neither,0.039408718557778354,0.39775456546535,0.5628367159768717
Weird thoughts are the best thoughts!,neither,0.05288184078329024,0.2887280246411025,0.6583901345756074
strong opener,neither,0.03945320844208391,0.33037608806864915,0.630170703489267
I encourage CHAOS!!!!!,neither,0.03945320844208391,0.33037608806864915,0.630170703489267
haahahah thats is going be great,neither,0.044581677711380746,0.33309565823610515,0.622322664052514
When is the Tales of the Loop game?,neither,0.035917432813757665,0.3124880891016816,0.6515944780845608
Hello Jay and Daryl,neither,0.03881409159276884,0.2986848551005375,0.6625010533066936
"9:30 pm-? am(GYP is replaced tonight by Tales from the Loop, which will likely last later than 11pm Pacific)",neither,0.042078953269794855,0.31704063294573925,0.6408804137844658
@shmapple98 9pm,neither,0.03945320844208391,0.33037608806864915,0.630170703489267
Ok thanks,neither,0.036679458346100965,0.30877397624175834,0.6545465654121406
"Okay, I was skeptical of the premise, but they're starting to win me over.",neither,0.044688970070520036,0.3336152905009315,0.6216957394285484
"Come for 9, be prepared for maybe 9:30. ;)",neither,0.03064966742154033,0.3109705180099946,0.6583798145684652
It is Jake and Daryl!,neither,0.044209813832803604,0.2950606922495144,0.6607294939176821
"Hehhehe, I am already loving this!",neither,0.03812224637349259,0.3498178805459867,0.6120598730805207
poor Ryan,neither,0.03945320844208391,0.33037608806864915,0.630170703489267
They r funny,neither,0.037732735207927456,0.35957700892962885,0.6026902558624437
Donkeyeight Knowledge ?,neither,0.03945320844208391,0.33037608806864915,0.630170703489267
jcvimHype jcvimHype jcvimHype,neither,0.03945320844208391,0.33037608806864915,0.630170703489267
"Honestly, was hoping the Banner had a picture of Mark Ruffalo on it. XD",neither,0.03648313388195641,0.33010712224994276,0.633409743868101
Wow,neither,0.03945320844208391,0.33037608806864915,0.630170703489267
He only said he bought the watch. Not that he was going to wear it. :P,neither,0.051233359267862245,0.357449106908376,0.5913175338237617
I mean I hope every banner has Mark Ruffalo on it,neither,0.05935713433157917,0.2567723165930974,0.6838705490753234
Heh.,neither,0.03945320844208391,0.33037608806864915,0.630170703489267
True,neither,0.03945320844208391,0.33037608806864915,0.630170703489267
Is that 9 est?,neither,0.05154613418987003,0.42924314326430335,0.5192107225458266
"Could be worse. The confetti could've been the ""script""",neither,0.026944291923465116,0.22086094692179536,0.7521947611547394
!glitter banner,neither,0.03945320844208391,0.33037608806864915,0.630170703489267
,neither,0.03945320844208391,0.33037608806864915,0.630170703489267
channel runs on pacific times :),neither,0.03710614154756397,0.3415974219581352,0.6212964364943008
to be fair thats the best banner Ive ever seen on Highly Questionable,neither,0.04063375337092929,0.32455900690176004,0.6348072397273107
EST time,neither,0.036668274527354654,0.377643684699956,0.5856880407726893
!clock,neither,0.03945320844208391,0.33037608806864915,0.630170703489267
It is currently 7:09 PM at the Geek & Sundry studio in California.,neither,0.051991185132496114,0.32955794337183575,0.6184508714956681
Is there a difference!,neither,0.049873841045215125,0.27540068111066274,0.6747254778441222
Serial killers,neither,0.03945320844208391,0.33037608806864915,0.630170703489267
gandsSubHype gandsSubHype gandsSubHype gandsSubHype gandsSubHype,neither,0.03945320844208391,0.33037608806864915,0.630170703489267
Murder Mysteries,neither,0.03945320844208391,0.33037608806864915,0.630170703489267
Jeff Lewis! <3,neither,0.03945320844208391,0.33037608806864915,0.630170703489267
Jeff HYPE!!!!!!!,neither,0.03945320844208391,0.33037608806864915,0.630170703489267
"No, PDT time @baristadice",neither,0.03576322000552947,0.39300482193941266,0.571231958055058
Woo Jeff,neither,0.03945320844208391,0.33037608806864915,0.630170703489267
Vork!,neither,0.03945320844208391,0.33037608806864915,0.630170703489267
OMG IT'S VORK,neither,0.037108910668695844,0.3311823995721042,0.6317086897591999
Sub HYPE!!!,neither,0.03945320844208391,0.33037608806864915,0.630170703489267
Serial killers are great! Until you invite one into your home...,neither,0.086210947399444,0.3235681349494186,0.5902209176511375
"@harberst Not Count Chocula, Frankenberry or Boo Berry!",neither,0.038167792907501046,0.3352036615993815,0.6266285454931175
Re Sub HYPE!!!,neither,0.05796738926929811,0.3016950255183242,0.6403375852123776
*for,neither,0.023896577328981292,0.2538532852897668,0.7222501373812519
Sub HYPE!!!,neither,0.03945320844208391,0.33037608806864915,0.630170703489267
Sub HYPE!!!!,neither,0.03945320844208391,0.33037608806864915,0.630170703489267
pretty sweet graphics,neither,0.03945320844208391,0.33037608806864915,0.630170703489267
Mind = Blown,neither,0.03945320844208391,0.33037608806864915,0.630170703489267
Stargate,neither,0.03945320844208391,0.33037608806864915,0.630170703489267
I love this High Brow comedy show!,neither,0.04631766140915306,0.35132921874154593,0.602353119849301
Star wars,neither,0.03945320844208391,0.33037608806864915,0.630170703489267
SeemsGood good lightening,neither,0.037820165765928906,0.33093776632913474,0.6312420679049364
That takes me back to the 90's,neither,0.03417149868725919,0.38308056145942926,0.5827479398533115
tch,neither,0.03945320844208391,0.33037608806864915,0.630170703489267
The beefhammer is here,neither,0.20448392803428503,0.21312392423911247,0.5823921477266024
We do not speak of the christmas special. There was no christmas special.,neither,0.07161659962764592,0.2945711708957373,0.6338122294766166
I refuse to see that,neither,0.04230599710025107,0.37243396245319044,0.5852600404465584
I blocked the Star Wars Christmas show from my memory!,neither,0.040282791270981236,0.31505336689163005,0.6446638418373888
@harberst it's canon KappaClaus,neither,0.034373745257138544,0.33212314837979673,0.6335031063630647
It's a stupid canon and I've chosen to ignore it.,neither,0.06275623090708851,0.21472521059785138,0.7225185584950602
Mustard is chemical warfare.,neither,0.04534399166082122,0.3283499775943115,0.6263060307448672
Brown mustard...,neither,0.03945320844208391,0.33037608806864915,0.630170703489267
Don't forget to visit Star Trek Online and support Shield of Tomorrow! www.StarTrekOnline.com/ShieldofTomorrow,neither,0.05687602105656693,0.30425729811326435,0.6388666808301687
Dijon is good with sweet potato fries,neither,0.03545498265129788,0.3584419385044368,0.6061030788442653
"I've sneezed five times in a row and it was not equal to half an orgasm, just saying.",neither,0.02382688893608367,0.3120610547032938,0.6641120563606225
Hehhehehhehe,neither,0.03945320844208391,0.33037608806864915,0.630170703489267
I sneeze multiple times consecutively every time.... it is sooooo not any percent of orgasm.,neither,0.041294265905502864,0.3413555579911484,0.6173501761033487
Sneezing does not equal orgasm in my experience,neither,0.023400168844448004,0.47038804267239115,0.506211788483161
If you sneeze with your eyes open you get snot in your eye,neither,0.09308504412340855,0.432873999753063,0.4740409561235285
We have a subscriber-only Discord server! Join here: https://discord.gg/geekandsundry (you'll need to sub and link it to your Twitch) and be a part of the fun!...Warning: It can take up to an hour for the server to update and give you access to the channels,neither,0.08464076273808444,0.286394834032893,0.6289644032290227
Over!!,neither,0.03258650799384449,0.33466307905687503,0.6327504129492805
!uptime,neither,0.03945320844208391,0.33037608806864915,0.630170703489267
It must be over!!!!!!,neither,0.035549986644736055,0.3175968434149916,0.6468531699402724
Under damnit!,neither,0.03945320844208391,0.33037608806864915,0.630170703489267
mouse trap!,neither,0.03945320844208391,0.33037608806864915,0.630170703489267
Monopoly is the worst,neither,0.047554001187655626,0.2944885059296731,0.6579574928826714
Monopoly is a bit divisive.,neither,0.04743218751269062,0.32763175128537464,0.6249360612019347
VORK u broke my heart jcvimCry,neither,0.026139393624798717,0.4365688828063401,0.5372917235688612
The only reason people hate monopoly is because they play it wrong. That's also the only reason monopoly lasts so wrong. Play by the rules and it's a short game.,neither,0.08453137802620915,0.2948892459021004,0.6205793760716906
"Help G&S make great content! $4.99/month gets you emotes, Minecraft server access, Sub Only Q&As, VODs, and more! Every sub keeps the channel alive! twitch.tv/geekandsundry/subscribe",neither,0.043092924924402844,0.32365565443818894,0.6332514206374082
"Over. Imagine a cockroach or spider is on the toilet paper, between the wall and the toiletpaper. If it's hanging over, when you pull it out, you see the bug. if it's hanging under, when you pull it you you don't see the bug.",neither,0.037084814283168635,0.41978368614054573,0.5431314995762856
*long,neither,0.03900630098516467,0.32663374256175765,0.6343599564530776
"""Daryl's hair is stupid."" -Asinine Wisdom's #1 Fan",neither,0.10454357712069019,0.24634783380801437,0.6491085890712953
"I'd rather say your pet is ugly. It's less often true, but you can pass it off as a joke more easily.",neither,0.12413559309964657,0.2628511352514623,0.6130132716488911
Babies are tiny old people,neither,0.09821670538315982,0.2856569949930303,0.6161262996238098
I'd rather just keep my mouth shurt,neither,0.02504415659188718,0.43522313819093006,0.5397327052171829
*shut,neither,0.07747625889253168,0.2821582031046023,0.6403655380028661
@GeekandSundry does not condone the telling of people that their baby is ugly.,neither,0.1134959955982473,0.31021469168886423,0.5762893127128884
Lol,neither,0.020706217963973744,0.4882283491876925,0.4910654328483337
"If you don't like the word ""rubber"" how do you fill about ""robber""?",neither,0.05051149659057336,0.43757657523751525,0.5119119281719113
