text,top_class,hate_speech,offensive_language,neither
hello!!!,neither,0.03945320844208391,0.33037608806864915,0.630170703489267
yea ive been waiting for this for a while and I only how this is not the last tales from the loop from geekandsundry,neither,0.03656113744363213,0.2676945332440843,0.6957443293122836
*air horns*,neither,0.03945320844208391,0.33037608806864915,0.630170703489267
So what is the plan for critical role now? Are they just going to continue with one shots or is there a new campaign that is going to happen? (Just finished the last episode),neither,0.0505433138005469,0.3271907964320832,0.62226588976737
jcvimHi kelly,neither,0.03945320844208391,0.33037608806864915,0.630170703489267
Hi Kelly and players!,neither,0.03876790646815517,0.2961938809151666,0.6650382126166783
!critrole,neither,0.03945320844208391,0.33037608806864915,0.630170703489267
"Critical Role will continue airing on Thursdays at the regular time. There will be one-shots and other fun things until the end of the year, and then in January a new campaign will begin, set 20 years after the story of Vox Machina. Don't worry, Critters, the show isn't going anywhere. ❤",neither,0.04175799107095323,0.248390363655863,0.7098516452731838
@WOMStv <3 ty,neither,0.03945320844208391,0.33037608806864915,0.630170703489267
It's the Legion of Substitute Heroes!,neither,0.037914604134572635,0.3198030707198973,0.6422823251455301
yay!,neither,0.03945320844208391,0.33037608806864915,0.630170703489267
Heya Kelly ! ! ! ! So great to see ya :D erpLove erpLove erpLove erpLove erpLove erpLove dndGrnFlame01 dndGrnFlame02 dndGrnFlame03,offensive_language,0.02995960943784993,0.5471048133920612,0.4229355771700889
what happened to gather you party?,neither,0.06587457397655523,0.3599110490290863,0.5742143769943584
I was a teen in the 80's and so enjoyed it!,neither,0.03714675601857162,0.3226241268408457,0.6402291171405827
"@Apodyopsis_ this week was Grog's one shot, next week Marisha GMs a Honey Heist game :)",neither,0.03795737371980227,0.33319949532804766,0.6288431309521502
@SirRed012 Most are at BlizzCon,neither,0.08267663831272107,0.295618890749687,0.621704470937592
"@SirRed012 no hosts, producers, anything abondoned project",neither,0.03856495556814858,0.34545205749460794,0.6159829869372435
"@SirRed012 just kidding, mostly, they are at blizzcon ;)",neither,0.055129432252084824,0.33012442880062687,0.6147461389472884
"ah gotcha, thanks",neither,0.037550278119444634,0.31444119454069536,0.64800852733986
anyone else thinks she could be sax's sister? they look kinda alike....,neither,0.041658885412651274,0.38271385732511526,0.5756272572622335
Good eveining. Does anybody in here know if the members of Critical Role who are attending PAX Unplugged have made public that they will set aside time before or after the panel for signings?,neither,0.040000931978289564,0.40911969828740624,0.5508793697343042
my su,offensive_language,0.011017215557639733,0.6062201221254095,0.3827626623169507
she a freaky nerd,neither,0.040746554539744295,0.4081732501998709,0.5510801952603849
my sister huh?,neither,0.02738673085125777,0.4252513668393613,0.5473619023093809
future girl shirt yay,neither,0.03426034029054234,0.38121195827880355,0.5845277014306541
jk,neither,0.03945320844208391,0.33037608806864915,0.630170703489267
Pride? You can set a group of lions on your enemies?,neither,0.06683668541265418,0.35794018675872763,0.5752231278286183
hi sax :-),neither,0.03945320844208391,0.33037608806864915,0.630170703489267
@geekandsundry if sax is rp who's in chat NotLikeThis,neither,0.027671225319795878,0.456883960598621,0.5154448140815832
lions are always a good strategy,neither,0.0559467682893282,0.3379166255524275,0.6061366061582443
@critternation3000 Felicia,neither,0.03945320844208391,0.33037608806864915,0.630170703489267
@fu4ow feliciaCreep,neither,0.03945320844208391,0.33037608806864915,0.630170703489267
greetings,neither,0.03945320844208391,0.33037608806864915,0.630170703489267
elee,neither,0.03945320844208391,0.33037608806864915,0.630170703489267
this sounds like my life.....,offensive_language,0.03295989903609028,0.5033938095059782,0.46364629145793157
extremely stoked for another TFTL!,neither,0.06925237005303335,0.2494284772272527,0.681319152719714
when's the last time felicia streamed?,neither,0.025270959030493156,0.3967491478649573,0.5779798931045496
feliciaCreep,neither,0.03945320844208391,0.33037608806864915,0.630170703489267
MrDestructoid MrDestructoid,neither,0.03945320844208391,0.33037608806864915,0.630170703489267
they sound hot,neither,0.03945320844208391,0.33037608806864915,0.630170703489267
never trust the future robot overlords,neither,0.036230457450857234,0.34648258157565576,0.6172869609734871
is this a show or roleplaying,neither,0.08051503829251154,0.22148743392094605,0.6979975277865424
No gather your party tonight?,neither,0.06077028588672072,0.3149128043929406,0.6243169097203387
"""The only thing we have to fear is fear itself."" :P",neither,0.0472249224149148,0.32369559799068653,0.6290794795943988
@101deadpool1017 nope rpg night,neither,0.030307673648728786,0.3299881394076675,0.6397041869436036
I was right,neither,0.03746023435591603,0.368631170880943,0.593908594763141
gather your party is at Blizzcon,neither,0.07848748254328841,0.3401237812094046,0.5813887362473068
woot,neither,0.03945320844208391,0.33037608806864915,0.630170703489267
"I thought so, I was wondering if they were going to do something or not",neither,0.03191056671481215,0.3351544633129012,0.6329349699722866
a worm hole ?,neither,0.03945320844208391,0.33037608806864915,0.630170703489267
LOL,neither,0.020706217963973744,0.4882283491876925,0.4910654328483337
Sub HYPE!!!,neither,0.03945320844208391,0.33037608806864915,0.630170703489267
@jimmy_eat_meatloaf check her twitch stream but as she is bringing up her daughter she might be busy...,offensive_language,0.03259863555427258,0.6608568435552287,0.3065445208904989
that door is still reeling,neither,0.04310474856737813,0.3948203358325493,0.5620749156000726
amy is so perfect for this game,neither,0.03986613770637908,0.30659611576774826,0.6535377465258728
she's very into it too,neither,0.039156135490587635,0.42956747910600024,0.5312763854034122
gotta go,neither,0.03841408909500514,0.3882686281076786,0.5733172827973164
!amy,neither,0.03945320844208391,0.33037608806864915,0.630170703489267
"Internet Sensation Amy Dallen is a comic enthusiast, a Geek & Sundry host, and a wonderfully thoughtful and charming fan-centric person! She plays 'Curie' in the Future Girl webseries! Find her at twitter.com/enthusiamy and check out Future Girl here, http://bit.ly/1U6LQdy",neither,0.04242970691477908,0.3812436685823175,0.5763266245029034
AMY,neither,0.03945320844208391,0.33037608806864915,0.630170703489267
shes coming...into her own!,offensive_language,0.05045254570455325,0.5085631407846385,0.44098431351080825
https://clips.twitch.tv/PoliteIncredulousCheesecakeMcaT,neither,0.03945320844208391,0.33037608806864915,0.630170703489267
https://clips.twitch.tv/HorribleProtectiveBatDendiFace,neither,0.03945320844208391,0.33037608806864915,0.630170703489267
bottom middle is hot,neither,0.04722485703262072,0.3277030617447348,0.6250720812226445
Amy as erika is amazing,neither,0.044725553520276295,0.3582557763448618,0.5970186701348619
"erika cannot be here since I am convinced that if she and AmiD touched, the universe would just wink out",neither,0.03872510924977916,0.38625111059532563,0.5750237801548952
and she's only half-kidding!,neither,0.039763455103563626,0.368365314666094,0.5918712302303423
marissa's my favorite after episode 1,neither,0.028788041885618773,0.4129092577707424,0.5583027003436388
I don't think I could pick a favorite,neither,0.044367487333030795,0.24696795004336822,0.7086645626236011
Amy Dallen is playing 12 year old Amy Dallen?,neither,0.043671119042940444,0.32892535519818256,0.627403525758877
Re Sub HYPE!!!,neither,0.05796738926929811,0.3016950255183242,0.6403375852123776
Don't forget to visit Star Trek Online and support Shield of Tomorrow! www.StarTrekOnline.com/ShieldofTomorrow,neither,0.05687602105656693,0.30425729811326435,0.6388666808301687
I love it 1st edition silmarillion,neither,0.03570735733517519,0.34263500953860454,0.6216576331262201
awwww,neither,0.03945320844208391,0.33037608806864915,0.630170703489267
feliciaToronto feliciaToronto feliciaToronto,neither,0.03945320844208391,0.33037608806864915,0.630170703489267
she'll lose it to the black hole that is the 90s,neither,0.06019757413581889,0.37298369475745013,0.566818731106731
Meg XD,neither,0.03945320844208391,0.33037608806864915,0.630170703489267
Hi everyone! I’m so excited!,neither,0.0339286686249206,0.4599533737421205,0.506117957632959
Hi @RonTheRBDM,neither,0.03945320844208391,0.33037608806864915,0.630170703489267
We have a subscriber-only Discord server! Join here: https://discord.gg/geekandsundry (you'll need to sub and link it to your Twitch) and be a part of the fun!...Warning: It can take up to an hour for the server to update and give you access to the channels,neither,0.08464076273808444,0.286394834032893,0.6289644032290227
I love the hover tractor!,neither,0.03649677525011313,0.3278783512237008,0.6356248735261861
Hehhehe,neither,0.03945320844208391,0.33037608806864915,0.630170703489267
how many wheels does the tractor have],neither,0.028788821651140765,0.41651657127975644,0.5546946070691029
so excited to see the next gen embracing tolkien,neither,0.04320293709749771,0.35849831102811053,0.5982987518743917
EXPLAIN THE TRACTOR feliciaRage,neither,0.038645964332754634,0.31564673388339864,0.6457073017838468
Hi CL! Clutch is the best doggo,neither,0.045139368025917136,0.30734739749403633,0.6475132344800465
D:,neither,0.03945320844208391,0.33037608806864915,0.630170703489267
is the robot leg made from tractor parts,neither,0.044278884770341684,0.3084725271829244,0.6472485880467338
I ... I've been so busy.. I'm sorry Sax!!!,neither,0.019743390475507456,0.35449543919454335,0.6257611703299492
We already played New vegas is what happened,neither,0.051772090730661316,0.2758693349655142,0.6723585743038244
for real artist wtf,offensive_language,0.02972097855537121,0.6212769556221444,0.3490020658224843
"Help G&S make great content! $4.99/month gets you emotes, Minecraft server access, Sub Only Q&As, VODs, and more! Every sub keeps the channel alive! twitch.tv/geekandsundry/subscribe",neither,0.043092924924402844,0.32365565443818894,0.6332514206374082
GET THIS MAN SOME FAN ART!!!!!!,neither,0.031947527391930644,0.40707680119846545,0.5609756714096039
new Vegas is still the best fallout game,neither,0.045435293280313885,0.2355382617966127,0.7190264449230735
I had a project! I'll do it now,neither,0.03941601588384118,0.330388880294916,0.6301951038212428
@Science112095 correct,neither,0.03945320844208391,0.33037608806864915,0.630170703489267
*cries*,neither,0.03945320844208391,0.33037608806864915,0.630170703489267
"Hehehhe, i love these people!",offensive_language,0.12329452913873395,0.48204004570101067,0.3946654251602553
"interesting back story, would not have gotten that from looking at axle's character art",neither,0.03623170266533385,0.3604606741067335,0.6033076232279326
@chovexani tinytatoHugs,neither,0.03945320844208391,0.33037608806864915,0.630170703489267
,neither,0.03945320844208391,0.33037608806864915,0.630170703489267
I love this,neither,0.033354624610487035,0.36213039408674813,0.6045149813027648
"popping in late, what have I missed so far?",neither,0.04286413837277813,0.36585451930418644,0.5912813423230355
@jamm_jars intros,neither,0.03945320844208391,0.33037608806864915,0.630170703489267
XD so cute,neither,0.04296880691731001,0.35555683390548976,0.6014743591772002
lots of tolkien refs,neither,0.03945320844208391,0.33037608806864915,0.630170703489267
just intros,neither,0.02667013123193722,0.39600456006212814,0.5773253087059346
They are in the middle of character intros,neither,0.06189660875417556,0.27469852928631544,0.663404861959509
ready for more doors,neither,0.03533834919154175,0.2928435804585349,0.6718180703499234
ah cool. anything super cool about Meg since we didn't see hers last time?,neither,0.03122582431485958,0.3731311906526772,0.5956429850324633
pretty funny intro about how she had perf attendance until she went missing,neither,0.03943888202202917,0.43449030451770476,0.5260708134602661
Oh Amy,neither,0.04535734983354261,0.27438591475104485,0.6802567354154126
"well Meg, _IS_ being played by AmyD",neither,0.03647237633875453,0.38855815755377915,0.5749694661074664
thanks everybody. Also hope you all are having a great evening/whatever time it is for you,neither,0.10562336719366341,0.2830680680886273,0.6113085647177094
hello all,neither,0.04217753453783664,0.43734383323855475,0.5204786322236087
never tell them the truth. convenient lies get you much further,neither,0.05099688470132562,0.37297736428932177,0.5760257510093525
AND Scales heard Hendrix at Woodstock! #neverforget,neither,0.038258336944094334,0.31771204921589036,0.6440296138400154
gandsSubHype gandsSubHype gandsSubHype gandsSubHype gandsSubHype gandsSubHype,neither,0.03945320844208391,0.33037608806864915,0.630170703489267
