text,top_class,hate_speech,offensive_language,neither
is this the episode where all is revealed?,neither,0.06001243457137611,0.34443083370176036,0.5955567317268634
hmmm i wonder if i should get turnt,neither,0.0325153270614771,0.4085748936314429,0.55890977930708
Dec 14th @Crossed_fox,neither,0.03945320844208391,0.33037608806864915,0.630170703489267
Hello friends!,neither,0.03945320844208391,0.33037608806864915,0.630170703489267
It was so difficult to watch that at work...,neither,0.04373376232018533,0.41171422981193717,0.5445520078678776
no... im eagerly awaiting it... on dec 14th,neither,0.03567663696971771,0.36967587458893947,0.5946474884413427
@Crossed_fox No thats in dec,neither,0.0386608611214778,0.34382428996106196,0.6175148489174602
oh hai errbody,neither,0.04522550427656808,0.27558419280407476,0.6791903029193572
FYI the Critical Role end of campaign Q and A will be on Thursday Dec 14 at normal CR time 7pm pacific http://www.wheniscriticalrole.com/,neither,0.03662470686282926,0.2828389396696851,0.6805363534674856
oh hai @seventhluck,neither,0.051363287716059566,0.22255663153133606,0.7260800807526044
no behind the screen viee yet?,neither,0.037919603770626566,0.328396425970743,0.6336839702586305
*view,neither,0.03945320844208391,0.33037608806864915,0.630170703489267
@N00dlen00b1337 getting Turnt is a life choice,neither,0.03946887859841464,0.4277672579159575,0.5327638634856279
it's up for me,neither,0.01703920780050096,0.42079101762171706,0.562169774577782
thats the night before 3 finals.... shoot,neither,0.04270180563841064,0.31908619370342944,0.6382120006581599
talks in 15 mins?,neither,0.03945320844208391,0.33037608806864915,0.630170703489267
apparently there is gonna be a dick and johnson cross over with shield of tomorrow... would be fun if it happened with crit role too lol,offensive_language,0.02790387731826422,0.6244896663503444,0.34760645633139137
or did i miss it,neither,0.030217422054014176,0.3335526985200559,0.6362298794259299
Stayin' Turnt is the trick,neither,0.04489778429268395,0.3158836753645709,0.6392185403427452
yes you are on the internet,neither,0.08912760756289229,0.32148949189386317,0.5893829005432445
approx. 15 misn to Talks Machina time,neither,0.04496454722785813,0.34576633312547606,0.6092691196466659
"Mat will never tell ALL the secrets.. since he is gonna run the next campaign in the same world, if on a different continent... but many, perhaps",neither,0.03216321061349949,0.4013153845774996,0.5665214048090009
Who is a that schmuck DansGame,offensive_language,0.04890640013261156,0.5245279313106093,0.4265656685567792
Talks Machina is on every Tuesday 7pm - 8pm Pacific http://www.wheniscriticalrole.com/talksmachina,neither,0.04000392966313582,0.27734818689170626,0.6826478834451579
Daylight Savings just ended and clocks went back 1 hr,neither,0.036656199459587535,0.3200642437926889,0.6432795567477235
Bidet Boys & Gals,neither,0.03945320844208391,0.33037608806864915,0.630170703489267
yay reload people its up,neither,0.05705791609117403,0.3853103011126063,0.5576317827962196
bidet!,neither,0.03945320844208391,0.33037608806864915,0.630170703489267
Bidet Hobo!,neither,0.03945320844208391,0.33037608806864915,0.630170703489267
@TurretBoss1 you hurt his feelings Kappa,neither,0.08098376023105541,0.3705664315182625,0.548449808250682
Bidet all,offensive_language,0.046917543854519406,0.6277741405869331,0.3253083155585475
Whoo!,neither,0.03945320844208391,0.33037608806864915,0.630170703489267
morning,neither,0.05283876784042269,0.1031882115525248,0.8439730206070525
bidet from Blackpool England,neither,0.04071751644889743,0.3089174816120565,0.6503650019390461
Bidet from Toronto,neither,0.04066490145509902,0.30981049537100724,0.6495246031738937
bidet,neither,0.03945320844208391,0.33037608806864915,0.630170703489267
beep beep,neither,0.03945320844208391,0.33037608806864915,0.630170703489267
Bidet from Wisconsin,neither,0.04071751644889743,0.3089174816120565,0.6503650019390461
Bidet from Houston,neither,0.040875471929787875,0.3062365648703896,0.6528879631998226
Don't forget to visit Star Trek Online and support Shield of Tomorrow! www.StarTrekOnline.com/ShieldofTomorrow,neither,0.05687602105656693,0.30425729811326435,0.6388666808301687
Bidet from Vancouver!,neither,0.04228451509352876,0.2823214250720796,0.6753940598343917
Bidet from Kentucky,neither,0.04071751644889743,0.3089174816120565,0.6503650019390461
"The channel has gone live. If you cannot see the folks in the studio , please refresh.",neither,0.03723955741942503,0.3496909644204777,0.6130694781600973
"Bidet from Huntsville, AL!",neither,0.04724196013466046,0.19818064482348735,0.7545773950418522
bidet from montreal quebec canada,neither,0.040354386843928725,0.3150807387011266,0.6445648744549448
bidet from ca,neither,0.04084513770590474,0.30675141581570226,0.6524034464783931
"have to admit, loved Grog's drawings :)",neither,0.04558271428939828,0.33530650163224524,0.6191107840783564
We need more “Grog Draws” of the rest of cast and friends.,neither,0.03936906127448312,0.2921273785959809,0.6685035601295359
"I don't see anyone in the studio, just a bunch of cameras... the people all walked out of frame >.>",neither,0.04836907665701668,0.43055452901569324,0.5210763943272901
"repeat The channel has gone live. If you cannot see the folks in the studio , please refresh.",neither,0.0373634929483334,0.34859131571055346,0.6140451913411132
Bidet from Dayton OH!,neither,0.0457407696024908,0.2631350616736989,0.6911241687238103
Bidet from Seattle!,neither,0.040754399270683486,0.3082914838698526,0.650954116859464
We have a subscriber-only Discord server! Join here: https://discord.gg/geekandsundry (you'll need to sub and link it to your Twitch) and be a part of the fun!...Warning: It can take up to an hour for the server to update and give you access to the channels,neither,0.08464076273808444,0.286394834032893,0.6289644032290227
bidet from South Australia! finished my 3 hour year 12 history exam an hour ago and ready to relax :D,neither,0.03720732764684795,0.3372178065289408,0.6255748658242113
bidet from wisconsin!! :DD,neither,0.04071751644889743,0.3089174816120565,0.6503650019390461
Bidet from New York (not the city),neither,0.0414387950079558,0.22454478511913217,0.7340164198729119
"Bidet from Yorkshire, England",neither,0.04071751644889743,0.3089174816120565,0.6503650019390461
its just camera's BibleThump,neither,0.02825044898400122,0.3570100700760589,0.6147394809399398
Bidet from the Void,neither,0.039779025773403386,0.2539611253407979,0.7062598488857987
bidet from Cambridge Ontario,neither,0.04031924518627951,0.315677184343852,0.6440035704698686
Bidet from Hong Kong,neither,0.040334677536117594,0.315415257091876,0.6442500653720065
bidet from New York City,neither,0.04391445534569226,0.2262519204405613,0.7298336242137464
new and old yorks almost in stereo... noice,neither,0.04156380212954212,0.22794694832211226,0.7304892495483456
Bidet from the Netherlands,neither,0.0395975487247086,0.2929303761973238,0.6674720750779677
refreshed but just music and empty set,neither,0.03261779004578904,0.32232151376033996,0.645060696193871
"Bibet from Cranston, RI and beep beep everyone!",neither,0.03416603904772179,0.37510338428909296,0.5907305766631852
"Help G&S make great content! $4.99/month gets you emotes, Minecraft server access, Sub Only Q&As, VODs, and more! Every sub keeps the channel alive! twitch.tv/geekandsundry/subscribe",neither,0.043092924924402844,0.32365565443818894,0.6332514206374082
Bidet from Texas,neither,0.040937266849991,0.30518774380265185,0.6538749893473571
Bidet from the quad cities,neither,0.039557575977768565,0.30256119263049763,0.6578812313917339
Bidet from Toronto,neither,0.04066490145509902,0.30981049537100724,0.6495246031738937
bidet from St Louis!,neither,0.040470992782370326,0.313101631608523,0.6464273756091067
Bidet from Norway,neither,0.04228451509352876,0.2823214250720796,0.6753940598343917
did i miss it?,neither,0.02930674603096735,0.33386592176397956,0.6368273322050533
some decent atmospheric music at least,neither,0.03189452502532441,0.36320213170200627,0.6049033432726693
Bidet from Oklahoma,neither,0.04066490145509902,0.30981049537100724,0.6495246031738937
"This week Marisha will be DM'ing a game of Honey Heist , a game by Grant Howitt https://imgur.com/rAZXBWb",neither,0.04006438310654861,0.3007669248767063,0.659168692016745
starts in approx 13 min,neither,0.03945320844208391,0.33037608806864915,0.630170703489267
starting in 13 mins,neither,0.03945320844208391,0.33037608806864915,0.630170703489267
Bidet from Dallas!,neither,0.04081748366884477,0.3072207769958956,0.6519617393352596
Is anyone else excited because it almost be THURSDAY?,neither,0.04414925604019104,0.3314265377228938,0.6244242062369152
Bidet from Boston!,neither,0.040769555981420263,0.3080342349327864,0.6511962090857933
"bidet from Kingsville,Ont",neither,0.040737273169946825,0.30858215849491494,0.6506805683351382
grab a seat,neither,0.03945320844208391,0.33037608806864915,0.630170703489267
"Grog must have a nose bleed from writing ""internete"".",neither,0.04045883863612998,0.31330791919001577,0.6462332421738544
Bidet from Canada!!,neither,0.04071751644889743,0.3089174816120565,0.6503650019390461
Would everyone in Oklahoma who is not yet in the Okie Critters Discord pls whisper me.,neither,0.034719649222069215,0.4292040351337048,0.536076315644226
"Bidet from San Antonio, Texas!",neither,0.04031505647017286,0.3157482777878597,0.6439366657419674
gonna be a herd of Trinkets... what a hoot,neither,0.044231713689730154,0.37704670325765466,0.5787215830526151
Im assuming Daylight Standard Time has changed? <-- oblivious Arizonan,neither,0.03846790826113619,0.35805107089678334,0.6034810208420804
Bidet from Utah,neither,0.04066490145509902,0.30981049537100724,0.6495246031738937
yup,neither,0.03945320844208391,0.33037608806864915,0.630170703489267
@dragonchrome thanks,neither,0.035884468650613,0.3004919205142699,0.6636236108351171
hey guys just a reminder that we will be going for lordaeron soon,neither,0.03073549039576168,0.35752076560987994,0.6117437439943584
bidet from AZ,neither,0.04078317879478948,0.307803020237201,0.6514138009680096
Bidet from New Mexico!,neither,0.04441189881032757,0.21402420332822164,0.7415638978614508
yeah they put it away for the winter,neither,0.0224053059200944,0.36726871669680156,0.610325977383104
bidet from Wyoming!,neither,0.04069404815304118,0.30931579984010865,0.6499901520068502
hi speeddemon!!,neither,0.03945320844208391,0.33037608806864915,0.630170703489267
"On tonight’s show are Taliesin , Sam , Liam and Host Brian, discussing Travis’s / Grog’s One Shot",neither,0.05381118620449463,0.26716568835190013,0.6790231254436051
bidet from old mexico,neither,0.040596084290261965,0.3109785022567808,0.6484254134529572
crap if ima step out for a smoke it better be now... brb,neither,0.022694315404265163,0.3879690353579827,0.5893366492377522
HSWP LUL,neither,0.03945320844208391,0.33037608806864915,0.630170703489267
bidet from Florida,neither,0.0408948396164547,0.30590784468201904,0.6531973157015263
Bidet from Io-way,neither,0.04063624178208405,0.31295862974420746,0.6464051284737083
bidet from baton rouge,neither,0.040334677536117594,0.315415257091876,0.6442500653720065
"Daylight Savings just ended Sunday, so please adjust your watching times, or bookmark the handy countdown timer , clocks have moved back 1 hourhttp://www.wheniscriticalrole.com/talksmachina",neither,0.04712416101897053,0.34976645385254906,0.6031093851284804
Guys is the mega campaign recap next tuesday?,neither,0.04308688296371155,0.3277452168412258,0.6291679001950627
Bidet from Abbotsford,neither,0.04228451509352876,0.2823214250720796,0.6753940598343917
bidet from pa,neither,0.04069404815304118,0.30931579984010865,0.6499901520068502
cohhM,neither,0.03945320844208391,0.33037608806864915,0.630170703489267
no,neither,0.036918905254960256,0.37338982715841207,0.5896912675866277
Bidet from Uruguay!!,neither,0.04228451509352876,0.2823214250720796,0.6753940598343917
Bidet from Cincinnati,neither,0.04228451509352876,0.2823214250720796,0.6753940598343917
@dodgysmalls Dec 14 I believe,neither,0.03945320844208391,0.33037608806864915,0.630170703489267
FYI the Critical Role end of campaign Q and A will be on Thursday Dec 14 at normal CR time 7pm pacific http://www.wheniscriticalrole.com/,neither,0.03662470686282926,0.2828389396696851,0.6805363534674856
wimzy4 what are you saying no to?,neither,0.11904396669812563,0.3358315650981166,0.5451244682037578
"Bidet from Ottawa, Ontario, Canada!",neither,0.040354386843928725,0.3150807387011266,0.6445648744549448
"@DodgySmalls , i think it's Dec 14",neither,0.038674242370070375,0.32307430599622394,0.6382514516337056
@DodgySmalls i think they said it was going to be on 12/14 during the regular time,neither,0.03895185313287677,0.35261635264826746,0.6084317942188557
abbymarie91 ty BloodTrail,neither,0.03945320844208391,0.33037608806864915,0.630170703489267
"Bidet from Albuquerque, New Mexico!",neither,0.04441189881032757,0.21402420332822164,0.7415638978614508
"bidet from Ypsi, MI y'all",neither,0.04324940744025782,0.3982080527344978,0.5585425398252444
bidet from RGV Texas!,neither,0.040937266849991,0.30518774380265185,0.6538749893473571
Bidet from NJ,neither,0.04069404815304118,0.30931579984010865,0.6499901520068502
"wow, a lot of places are on the internet",neither,0.05459834134843746,0.29414605632346574,0.6512556023280969
@dodgysmalls welcome,neither,0.03945320844208391,0.33037608806864915,0.630170703489267
bidet and beep-beep from Boston!,neither,0.03968440849664494,0.2634782097525502,0.696837381750805
are they going to do a critmas as well?,neither,0.07438732515341444,0.3401999540253062,0.5854127208212794
I never laughed so hard from Travis' one shot... It was refreshing,offensive_language,0.030825234080839488,0.5270072344932796,0.44216753142588106
Grog grog grog grog grog grog gog.,neither,0.03945320844208391,0.33037608806864915,0.630170703489267
@kaiajynx me too,neither,0.025456656249999262,0.41690574403459846,0.5576375997154023
bidet from Ireland,neither,0.04066490145509902,0.30981049537100724,0.6495246031738937
is there a date announced for the battle royale?,neither,0.04005906856903874,0.2677281027245501,0.6922128287064112
super excited for marisha's one shot on thursday! :DDD,neither,0.0326702561256823,0.33998260982023726,0.6273471340540805
last year there was a critmas,neither,0.03924403186078287,0.2840337339567797,0.6767222341824374
@dwester2 the end recap q and a question. its not next tuesday. its dec 14,neither,0.032048082592441775,0.3135056063863311,0.6544463110212272
bidBIDET MFs,neither,0.03945320844208391,0.33037608806864915,0.630170703489267
KaiaJynx it was hilarious,neither,0.037536258141241514,0.33355744020713834,0.6289063016516201
Art Books are this week right?,neither,0.05830454339939751,0.31016922917383605,0.6315262274267663
I am NOT going to watch Marisha's one-shot..,neither,0.04675182218593762,0.38092302103808023,0.5723251567759822
"Not because it's marisha, but because I'm SO tired of honey heist.",neither,0.0352083243675151,0.3734086639092649,0.5913830117232199
any one else just cry from laughter last week,neither,0.03664589942647839,0.3529020767250881,0.6104520238484334
"awe, why not?",neither,0.026383352229926008,0.3530296288043134,0.6205870189657606
i need to get me some mead for the Honey Heist,neither,0.028142296889225194,0.3383645853371755,0.6334931177735994
this is the first time I've been able to catch talks machina live!,neither,0.02831396535353188,0.32262595567196156,0.6490600789745066
Bidet from Fraser Valley BC!,neither,0.04050867516021403,0.31246206331334586,0.6470292615264402
She's like the fourth G&S person to do honey heist.,neither,0.055361667347343706,0.38920651814009405,0.5554318145125623
Ireland? cool...,neither,0.03945320844208391,0.33037608806864915,0.630170703489267
@icariusfallen Honey heist?,neither,0.03945320844208391,0.33037608806864915,0.630170703489267
yes,neither,0.03945320844208391,0.33037608806864915,0.630170703489267
wait did i come just in time,neither,0.032569130600156856,0.3958479255648655,0.5715829438349777
Bunions and Flagons was everything I ever hoped for from a Grog-run game.,neither,0.035248538797775286,0.24921641304621708,0.7155350481560077
@Krylo2000 they roleplay as bears that steal honey with a really lame system,neither,0.052171318775025136,0.2944145878588175,0.6534140933661573
@valeriangamer I agree,neither,0.03945320844208391,0.33037608806864915,0.630170703489267
did Talks already air or am I in time?,neither,0.03771493386238075,0.3575907783670086,0.6046942877706107
It's a bear stealth robbery roleplay,neither,0.03814310207115524,0.3308266937253285,0.6310302042035162
@teskci in time,neither,0.03708007231807233,0.37065440148488243,0.5922655261970453
@valeriangamer the best so far,neither,0.03722861754680053,0.35326517064693164,0.6095062118062679
I'm just sad that Travis isn't here tonight,neither,0.05877983072354523,0.3324746166197434,0.6087455526567114
in time,neither,0.03708007231807233,0.37065440148488243,0.5922655261970453
alinaebalo101 -> Only those that we deem worthy shall possess the power of the Hyperlink [warning],neither,0.048140585852785724,0.2990817588418225,0.6527776553053918
Critical Role Art Book link http://geekandsundry.com/announcing-the-first-critical-role-art-book/,neither,0.035715379018771504,0.2889311963509155,0.675353424630313
yeah it's almost 3am & im up for work at 7 but its worth it,neither,0.0201979902679209,0.4418249807791988,0.5379770289528804
"They have to avoid guards, steal honey, and escape with honey.",neither,0.036274663998381404,0.33112969565515243,0.6325956403464662
"@icariusfallen Oh yeah I forgot she said she was doing that, sounds kinda meh",offensive_language,0.03139113035511264,0.4860309033493891,0.4825779662954983
Talks in 8 minutes... ish..,neither,0.03945320844208391,0.33037608806864915,0.630170703489267
@abbymarie91 oh good,neither,0.04716213370137962,0.24743001978374096,0.7054078465148794
Talks is starting in 8 mins,neither,0.04644457035481672,0.3279714381137473,0.6255839915314358
i'm\ bulimic i can read minds,neither,0.03972998210448713,0.3256785166959666,0.6345915011995463
where is this music from?,neither,0.053110998678488924,0.2712083199145282,0.6756806814069827
Beep beep blindfoxe ! Also from Fraser Valley *high five*,neither,0.037584122272674526,0.3801461723598312,0.5822697053674942
I think we can all agree... The Magical Unicorn was the MVP of the Bungeons and Flagons game :D,neither,0.038314975611637,0.2911984529859925,0.6704865714023704
@Krylo2000 It's been done a LOT on G&S,neither,0.0338969137886872,0.3651821868755954,0.6009208993357175
plus the acronym... what game master doesn't feel like a BM now and then?,neither,0.04678290937656524,0.28404902746017224,0.6691680631632625
I didn't like it when Ivan did it.. and ivan's a pretty cool dude.,neither,0.02602358057894522,0.37991616424089725,0.5940602551801575
"Greetings and salutations from Gardena, CA",neither,0.03969836669407151,0.2602108136104941,0.7000908196954344
R We On Da Internets?,neither,0.06702065938493965,0.46043631809832336,0.47254302251673697
