text,top_class,hate_speech,offensive_language,neither
"Critical Role is on at 7 PM PDT on Thursdays, it is currently 4:01 PM PDT on Thursday. There is 2 Hours, 58 Minutes, 58 Seconds until the next episode of Critical Role. This command has been run 579 times but has probably been asked about way more.",neither,0.040858333373291596,0.3433856773826455,0.6157559892440628
always at work on weds.,neither,0.03293306261991226,0.4450234533135309,0.5220434840665569
@uberbaldy He does.,offensive_language,0.02570365254277602,0.5058221806089295,0.4684741668482945
Excellent,neither,0.03945320844208391,0.33037608806864915,0.630170703489267
"@Osiris_slim I did, but i watch Vanquished instead",neither,0.04155238820670872,0.33884770162275824,0.619599910170533
Thanks! My time is a little screwed up haha,neither,0.029223556176330094,0.4719923033634417,0.49878414046022823
sorry I'm slow at typing I'm on my xbone,neither,0.029626864217624553,0.41330324671321517,0.5570698890691604
"cool cool. I am very curious to see how well Marisha DM's, in her 100% own way or if will see evidence of Matt's influence in her performance",offensive_language,0.035493099141016504,0.4903055291009005,0.4742013717580831
gandsRage gandsRage gandsRage gandsRage,neither,0.03945320844208391,0.33037608806864915,0.630170703489267
Starting off the stream all salty. O.o,neither,0.039950836577974075,0.3698109862056871,0.5902381772163389
Well that's a way to start.,neither,0.04242047591084036,0.3734331813293753,0.5841463427597843
what's vanquished?,neither,0.057770773616808734,0.3180719994247239,0.6241572269584672
@ironferrits Time changes will do that,neither,0.03730139323302198,0.3655247162028057,0.5971738905641724
my first post on here and I get yelled at by the chat keeper hehehe - bad bad bad,neither,0.03851939585718176,0.3701780309904044,0.5913025731524139
"@Shippygem While I want to be excited, the fact that they announced it with almost nothing to show for it, makes me think they just did it because they knew Battle for Azeroth was going to be underwhelmingly received.",neither,0.03416892891707434,0.34522596654382953,0.6206051045390961
Hey Ryan. XD,neither,0.03945320844208391,0.33037608806864915,0.630170703489267
Volume is very low.,neither,0.046324579083150734,0.32801270861434534,0.6256627123025039
shots fired already,neither,0.03849395968746282,0.3466570428743293,0.6148489974382078
hi ryan and off-screen ian!,neither,0.03888077347142982,0.3022213024613295,0.6588979240672408
Yay wow lore,neither,0.03945320844208391,0.33037608806864915,0.630170703489267
ya loremasters,offensive_language,0.017331157930923866,0.7872544665869478,0.19541437548212848
@GeekandSundry Might need a volume boost.,neither,0.03931880187917519,0.32925058481509956,0.6314306133057251
Hey Ryan! loving the show and super excited for the WoW lore!,neither,0.04245817228268046,0.23266272908091176,0.7248790986364078
PowerUpL PogChamp PowerUpR World of Lorecraft yass!!!!,neither,0.03945320844208391,0.33037608806864915,0.630170703489267
raise the mic closer to your mouth,neither,0.06711439185765844,0.30878212545794875,0.6241034826843929
WoW was too expensive and looked too boring compared to Anarchy Online,neither,0.04195149549766107,0.3136481406951946,0.6444003638071443
We have a subscriber-only Discord server! Join here: https://discord.gg/geekandsundry (you'll need to sub and link it to your Twitch) and be a part of the fun!...Warning: It can take up to an hour for the server to update and give you access to the channels,neither,0.08464076273808444,0.286394834032893,0.6289644032290227
Volume?,neither,0.03945320844208391,0.33037608806864915,0.630170703489267
anyone else getting fuzzy audio?,neither,0.04040148709085889,0.14734629537661817,0.812252217532523
WoW vanilla/Classic coming back,neither,0.03945320844208391,0.33037608806864915,0.630170703489267
gah! the sound is crazy,neither,0.03539865686853591,0.4052227809445229,0.5593785621869413
"WoW wasn't my first MMORPG, Star Wars Galaxies was. But it was foundational and kept me into the genre.",neither,0.025192918705286862,0.370390663411869,0.6044164178828441
Volume was just adjusted.,neither,0.03464736875235539,0.35466836750733133,0.6106842637403133
Can barely hear ; o;,neither,0.039753550213499765,0.32527850437815886,0.6349679454083413
i'm home sick so i can actually watch this live for once! <3,neither,0.041879649307505845,0.3340907136345076,0.6240296370579865
"It takes time, there is a delay.",neither,0.04522364000223582,0.3035331670940721,0.6512431929036921
"Volume getting better, thanks.",neither,0.03446545088934425,0.3726546133454581,0.5928799357651977
@stargazer1977 Same here.,neither,0.14187967449237004,0.2733123625359359,0.584807962971694
Danoba Thank you !! <3,neither,0.07325166854587051,0.43632638485078484,0.49042194660334476
@danaclay Hope you get better soon,neither,0.11676581679893565,0.2557655299140376,0.6274686532870266
and I was just tweeting at Ryan for this ep :),neither,0.03156161166224165,0.3163785860637478,0.6520598022740106
thanks @chaoticloony :),neither,0.035884468650613,0.3004919205142699,0.6636236108351171
"Help G&S make great content! $4.99/month gets you emotes, Minecraft server access, Sub Only Q&As, VODs, and more! Every sub keeps the channel alive! twitch.tv/geekandsundry/subscribe",neither,0.043092924924402844,0.32365565443818894,0.6332514206374082
thanks @Danoba,neither,0.035884468650613,0.3004919205142699,0.6636236108351171
Np.,neither,0.03945320844208391,0.33037608806864915,0.630170703489267
night elf ? NIGHT ELF? FUCK ALLIANCE,offensive_language,0.10176107602670387,0.8192020297400049,0.0790368942332913
Question: Was it a Night Elf mohawk?,neither,0.03342779193749291,0.3319279571059296,0.6346442509565775
"twist tonight, one of the bears is a park ranger in disguise",neither,0.0411499768634332,0.32461821220379805,0.6342318109327688
"Night Elf, eh #ForTheHorde",neither,0.03310107774336622,0.33019170846822926,0.6367072137884046
What server was he on?,neither,0.0525303315781082,0.3448529238781944,0.6026167445436973
everyone always goes elf,neither,0.03334676421924295,0.4523098079468186,0.5143434278339386
"@Zismarith Haha, ah that brings back memories.",neither,0.03389132819440911,0.4089706176191593,0.5571380541864316
I played Night Elf !,neither,0.032888223888363266,0.33017914451369695,0.6369326315979399
so warcraft lore?,offensive_language,0.039501631330860744,0.48329170807269783,0.4772066605964413
BlessRNG I know that feel,neither,0.0336130395667201,0.39442454218910783,0.5719624182441722
:D,neither,0.03945320844208391,0.33037608806864915,0.630170703489267
I hate being social on wow haha I solo a hunter,neither,0.11558790057483385,0.3481693764989271,0.536242722926239
"Elf had the best starting area, and those epic dances. :)",neither,0.05035785581192483,0.25932225989603735,0.6903198842920377
@danoba could we get a straw poll for horde or alliance,neither,0.03368214216011743,0.31408133448965353,0.652236523350229
vanilla gnomelock ftw,neither,0.03945320844208391,0.33037608806864915,0.630170703489267
"@tibey1123 not everyone, I went Troll Hunter",neither,0.03401023215488687,0.4110250996206226,0.5549646682244905
yay vanilla WoW servers can't wait,neither,0.03963079268124221,0.32736202007219967,0.6330071872465581
@tempest_darkness As in what side do you play?,neither,0.05562516391016919,0.4473723470626245,0.49700248902720623
Undead best starting zone,neither,0.03858381648172477,0.3230959117229553,0.6383202717953199
SMOrc Horde!,neither,0.03945320844208391,0.33037608806864915,0.630170703489267
@danoba yes sir,neither,0.03945320844208391,0.33037608806864915,0.630170703489267
"I haven't played WoW in sooo long, it's changed so much since before Cataclysm days",neither,0.03444098628864116,0.38931568446070053,0.5762433292506584
Re Sub HYPE!!!,neither,0.05796738926929811,0.3016950255183242,0.6403375852123776
World Of Warcraft - Mr. T -Night Elf Mohawk: https://www.youtube.com/watch?v=D1vF3-BsoxE,neither,0.038131151563824406,0.32947277398235625,0.6323960744538194
"i think the alliance vs horde thing is really stupid, i have chars on both sides.... but then i also don't get the exlusive love for sports teams, so..... yeah. silly.",neither,0.05130155661799697,0.3406115324327882,0.608086910949215
Sub HYPE!!!,neither,0.03945320844208391,0.33037608806864915,0.630170703489267
@Dum8kid it entrance did have its ups and downs tho... some ppl were dying to get in,neither,0.032180918535522816,0.3189924580826511,0.6488266233818261
WoW was my crack during high school. I finally lost interest after Frozen Throne,neither,0.03179357340768427,0.41741669600790987,0.550789730584406
and btw wow is so good right now,neither,0.043877863127624976,0.3454974799686963,0.6106246569036788
Alliance main but Horde characters too,neither,0.036154685852227246,0.34353929098398794,0.6203060231637849
Horde would be better if it was only Orcs,neither,0.021219512995166147,0.38729945573483426,0.5914810312699995
!poll new What side do you play in WoW? | Alliance | Horde | I don't play WoW,neither,0.051146919072672735,0.32197967670686334,0.626873404220464
"Danoba started a new poll: ""What side do you play in WoW?"" - Head to https://www.strawpoll.me/14365991 to vote!",neither,0.05245445469816443,0.35308980674018453,0.594455738561651
Agreed @talahar .,neither,0.03945320844208391,0.33037608806864915,0.630170703489267
Is the subscriber-only Minecraft server still running?,neither,0.04672979687351482,0.3257847843150472,0.6274854188114379
@Graywolves My Taurens would have a beef with that comment,neither,0.020329460679360284,0.4608635250954638,0.5188070142251759
best mmo i played was matrix Still have lifetime subscription for lotro that i haven't touched in years,neither,0.03277978830348594,0.3469847536340881,0.620235458062426
thanks @danoba you are the bestest,neither,0.11903160575199437,0.26354171454019165,0.6174266797078138
bidet,neither,0.03945320844208391,0.33037608806864915,0.630170703489267
"@tempest_darkness Haha, np.",neither,0.03502600906149232,0.4055172156269736,0.559456775311534
"I started WoW because of Hearthstone. I didn't get much past the like tutorial. I'm wanting to get back into it, though.",neither,0.03531264394843666,0.3619715249069046,0.6027158311446588
"All the ""cool kids"" are the horde players, but I don't care. I prefer Alliance.",neither,0.05254725212962239,0.32868856345904596,0.6187641844113316
"@Danoba I play both, poll is broken :p",neither,0.04593107209598904,0.32814805371173017,0.6259208741922807
"Never really gotten too far into playing WoW, think I never leveled before 40 or so.",neither,0.03362169687772473,0.42342786722030235,0.5429504359019729
Re Sub HYPE!!!,neither,0.05796738926929811,0.3016950255183242,0.6403375852123776
"Tauren, Orcs, and Trolls can be in my Horde",neither,0.02833274412995253,0.37278083925828354,0.598886416611764
"@talahar Damn, that's a good point because I do the same.",offensive_language,0.04183607865768737,0.7641723914420874,0.19399152990022533
ahh the days were there was lvl 40 mounts and then lvl 60 epic mounts that were hard as shit to attain,offensive_language,0.04731923446549804,0.7952483294402596,0.15743243609424235
YAAAAS RP,neither,0.03945320844208391,0.33037608806864915,0.630170703489267
I haven't played an actual video game in a hot while,neither,0.042522068584083896,0.2402361657224372,0.717241765693479
"@Danoba Unfair poll, I play both equally.",neither,0.03945320844208391,0.33037608806864915,0.630170703489267
I'm making a new one!,neither,0.04417540811419921,0.23562521064591804,0.7201993812398827
i can not wait for vanilla!,neither,0.03316819095897784,0.3033970604507062,0.663434748590316
I'm more into tabletop games nowdays,neither,0.041726685258550916,0.31856152237734336,0.6397117923641056
"@Lefty79 me too, high five",neither,0.029119536505552795,0.4513787052483396,0.5195017582461074
RP just like it was on text on MU*s,neither,0.03389978718585499,0.4446911631298386,0.5214090496843062
@lefty79 just your main,neither,0.0793155381760843,0.34781130822529516,0.5728731535986206
did they switch the time slot for critical role today??,neither,0.03437851346842409,0.304611574522116,0.6610099120094599
!poll new What side do you play in WoW? | Alliance | Horde | Both | I don't play WoW,neither,0.0506612460961064,0.3222799412684847,0.627058812635409
"Danoba started a new poll: ""What side do you play in WoW?"" - Head to https://www.strawpoll.me/14366014 to vote!",neither,0.05245445469816443,0.35308980674018453,0.594455738561651
RP is soOOO much fun,neither,0.043058209911162035,0.32913616275391866,0.6278056273349192
@Danoba good :D,neither,0.037820165765928906,0.33093776632913474,0.6312420679049364
"There, go vote!",neither,0.040709711235551914,0.28457580648001873,0.6747144822844293
I have two DH and Holy Priests that I play equally.,neither,0.03661693168514602,0.3300262303122905,0.6333568380025635
when did the skyrim remaster come out?,neither,0.026718374692496803,0.39210914308081246,0.5811724822266908
http://www.wheniscriticalrole.com/ <<< CR countdown clock. Critical Role >> Honey Heist>>> https://imgur.com/rAZXBWb with DM Marisha! @Shot_Of_Happiness,neither,0.033384628994538236,0.29725405076357475,0.669361320241887
!wheniscr,neither,0.03945320844208391,0.33037608806864915,0.630170703489267
"Critical Role is on at 7 PM PDT on Thursdays, it is currently 4:09 PM PDT on Thursday. There is 2 Hours, 50 Minutes, 41 Seconds until the next episode of Critical Role. This command has been run 580 times but has probably been asked about way more.",neither,0.040965864640436576,0.34432478155128393,0.6147093538082795
I am playing Pokemon Insurgence while watching this,neither,0.03922839079601515,0.3316699789911921,0.6291016302127926
LOK'TAR Brothers!,neither,0.03945320844208391,0.33037608806864915,0.630170703489267
"I used to RP many years ago, tried it last year or so and couldn't get back in to it unfortunately ;_;",neither,0.04392191923683807,0.3325934568799511,0.6234846238832108
"I found the nicest and worst people are in the Horde, Alliance more Neutral",neither,0.07660861507101119,0.24223687861222448,0.6811545063167643
SMOrc LOK'TAR,neither,0.03945320844208391,0.33037608806864915,0.630170703489267
yaaas,neither,0.03945320844208391,0.33037608806864915,0.630170703489267
Thanks @Nightbot :),neither,0.035884468650613,0.3004919205142699,0.6636236108351171
How long till critical roll starts I’ve never been able to watch them live,neither,0.03696529486017522,0.33578662948420823,0.6272480756556166
"@cowskii It is! I don't remember the command for the server links, but it does exist. They promote it a lot on Mondays with Mines N Crafts.",neither,0.0251374485441096,0.38751913952794986,0.5873434119279406
SMOrc,neither,0.03945320844208391,0.33037608806864915,0.630170703489267
http://www.wheniscriticalrole.com/ <<< CR countdown clock. Critical Role >> Honey Heist>>> https://imgur.com/rAZXBWb with DM Marisha! @Woodie_Macnutt,neither,0.033384628994538236,0.29725405076357475,0.669361320241887
@Woodie_Macnutt 2hrs 50min,neither,0.03945320844208391,0.33037608806864915,0.630170703489267
PogChamp John Wick Warcraft RP,neither,0.03945320844208391,0.33037608806864915,0.630170703489267
"i was always a PvE WoW player, Stranglethorne was my nemesis because players were dicks back in 2004",neither,0.030106014897439744,0.44015239909441295,0.5297415860081472
Ty,neither,0.03945320844208391,0.33037608806864915,0.630170703489267
"The Ozzy commercial as a Lock was good, Chuck Norris was better.",neither,0.03733259793763794,0.3428970125374811,0.619770389524881
Sorry I'm late. What have I missed so far?,neither,0.04314910329082342,0.36872545605471135,0.5881254406544651
words,neither,0.03945320844208391,0.33037608806864915,0.630170703489267
I’ve watched all the vids on YouTube and finally caught up,neither,0.02293047809196031,0.3596248143573488,0.6174447075506909
@GInquisitor Ryan's early WoW history.,neither,0.040665546431506154,0.3097995484381238,0.6495349051303699
@GInquisitor Ryann going over his first WoW experiences,neither,0.04913607973109691,0.3654895995338334,0.5853743207350697
"wow this is such a different experience to my WoW experince, it's pretty cool",neither,0.0395349895059597,0.3742380916178869,0.5862269188761535
"My apologies: I am an Azeroth neophyte, because I play Hearthstone, but not World of Warcraft.",neither,0.028819575922199362,0.39720662588112254,0.5739737981966782
Re Sub HYPE!!!,neither,0.05796738926929811,0.3016950255183242,0.6403375852123776
Get Nobble87 if you ever do again a WoW episode as he is the most well known WoW lore guy,neither,0.040314668708564316,0.4086236237963194,0.5510617074951162
Marisha is DMing a bear getting honey game tonight,neither,0.039727344247568665,0.3334545635664757,0.6268180921859557
was this a blizzard thing or something extra on top of the game?,neither,0.036223805036927424,0.30120516097814454,0.6625710339849281
Re Sub HYPE!!!,neither,0.05796738926929811,0.3016950255183242,0.6403375852123776
@BillyKidd007 Bear Criminals :),neither,0.03945320844208391,0.33037608806864915,0.630170703489267
"they aren't criminials, just misunderstood",neither,0.033447936452996735,0.3591311458079567,0.6074209177390466
"well, i can't afford WoW right now, but i sitll have great fun with the free edition right now. trying chars from 1 to 20 that i probably wouldn't play any further (and some that i would) but i really looking forward to get back into it",neither,0.03031742049563729,0.3655599806364205,0.6041225988679422
"ok shit, honey heist looks really good",offensive_language,0.04636819161331784,0.9475041832309146,0.006127625155767676
the story you're talking about with your group; was that a story that you made or was it a blizzard sanction event sort of thing?,neither,0.0639458207520206,0.41414606375143187,0.5219081154965475
"Panaria, yea I stopped before Pandas",neither,0.03554042211723249,0.3967862835599668,0.5676732943228007
I feel like I'm biased in the Horde vs. Alliance debate. I play Jaina in Hearthstone. :),neither,0.045651630545675975,0.3293506552219763,0.6249977142323476
My hunter got her wolf by getting the the boat to menethil harbour running through the the wet lands at lvl 11,offensive_language,0.030165215274820297,0.48885220401492213,0.48098258071025757
I mean that cinematic was damn cool,offensive_language,0.04098887772643698,0.8341919083621431,0.12481921391142
@simbini2011 he is taking about rp servers where you live in the game as you toon not just play as them,neither,0.07364671456315561,0.3842870905878465,0.5420661948489979
"Lets be honest. Before the end of Battle for Azeroth, both sides will end up fighting some third enemy again.",neither,0.030859235469726628,0.37184311281399196,0.5972976517162815
YAAAS THE TRAILER,neither,0.22784858129796914,0.33823479093709374,0.43391662776493695
the way he's sitting has me constantly thinking he has a quest but he doesn't right?,neither,0.04107591399207841,0.34567916923703,0.6132449167708915
Sylvanas... The Banshee Queen. So cool.,neither,0.03834459692945992,0.3603698599760979,0.6012855430944423
The Cinematic was better than the announcement trailer.,neither,0.22411098604084023,0.32853167097546737,0.44735734298369245
@tempest_darkness ah kk cheers,neither,0.03945320844208391,0.33037608806864915,0.630170703489267
I may have watched this a bunch of times already.,neither,0.04090113671818789,0.4285471820958798,0.5305516811859323
"I'm not a huge fan of the premise for this expansion tbh, but I loved the cinematic and I felt such Alliance pride",neither,0.03304936218912335,0.2858389057375884,0.6811117320732882
SURE i'll watch this again,neither,0.03720074789698859,0.47934572753616983,0.4834535245668416
With reactions.,neither,0.027686866552126148,0.3719273338417147,0.6003857996061591
FOR THE HORDE! But I also like my Alliance Druid ;),neither,0.025760236430617443,0.40058708500886175,0.5736526785605208
@ginquisitor we would hold it against you as long as its not quest,neither,0.04016699657854327,0.38510428324505086,0.5747287201764059
"@PaleGreenRider Yes, so much so.",neither,0.035229190778431056,0.433675865241976,0.5310949439795929
Blizzard has basically nailed every cinematic they've ever made,neither,0.023672511637352567,0.31204545207302953,0.664282036289618
"3rd war, ryan",neither,0.03945320844208391,0.33037608806864915,0.630170703489267
I felt let down when my shaman didn't sprinkle dust into the wind like in the intro vid,neither,0.02069478058692449,0.42087839011608374,0.5584268292969917
"@RuzgofDI The battle for Azeroth would be against the old gods towards the end, I guaranteeit",neither,0.03513140519435767,0.270367355273812,0.6945012395318303
"I didn't get a chance to go to BlizzCon this year, so this is my first time seeing it!",neither,0.02941962917113281,0.4504949635957326,0.5200854072331346
@ginquisitor won't,neither,0.03945320844208391,0.33037608806864915,0.630170703489267
@PupGames Exactly.,neither,0.03945320844208391,0.33037608806864915,0.630170703489267
Don't forget to visit Star Trek Online and support Shield of Tomorrow! www.StarTrekOnline.com/ShieldofTomorrow,neither,0.05687602105656693,0.30425729811326435,0.6388666808301687
Sylvanas is even hotter now. Lets go,neither,0.04588893511431558,0.3561255855161973,0.5979854793694872
"3rd Game, when Arthas killed his father.",neither,0.04768904405278378,0.3368738086981459,0.6154371472490702
"once upon a time, i wanted to work at blizz soley because their cinematics are so great",neither,0.05713345839447249,0.33660746339086545,0.6062590782146621
"To be honest we don't know much about Battle for Azeroth as we just found out Sylvanas has something to do with burning one of the Night Elf world trees before the attack on Lorderon.... And No it was in warcraft 3 as Arthas took it over for the scurge not the forsaken, the forsaken did not exist yet !!!!!!!!!",neither,0.025356399925859995,0.3656884570092873,0.6089551430648527
blizz cinematics and music are really good,neither,0.06817551522717091,0.23543700329523962,0.6963874814775896
