text,top_class,hate_speech,offensive_language,neither
I’m glad Matt gets to play.,neither,0.04515411189053867,0.327029558662353,0.6278163294471083
Bidet from Ohio,neither,0.040754399270683486,0.3082914838698526,0.650954116859464
Bidet from Maine,neither,0.04069404815304118,0.30931579984010865,0.6499901520068502
spice?,neither,0.03945320844208391,0.33037608806864915,0.630170703489267
Bidet from Greer,neither,0.04228451509352876,0.2823214250720796,0.6753940598343917
1 year this last October,neither,0.03936223087613456,0.3319202147953368,0.6287175543285287
,neither,0.03945320844208391,0.33037608806864915,0.630170703489267
First time watching the show live ....IM FURKING PUMPED!,neither,0.04501077147473415,0.30267785881786496,0.6523113697074009
Hype!,neither,0.03945320844208391,0.33037608806864915,0.630170703489267
Yay Marisha!,neither,0.03945320844208391,0.33037608806864915,0.630170703489267
bidet,neither,0.03945320844208391,0.33037608806864915,0.630170703489267
LETS GOOOOO!!!!!,neither,0.03864835078748214,0.3440366229783383,0.6173150262341796
The art just never ceases to amaze me,neither,0.029447491358752742,0.4078331859495249,0.5627193226917223
"i havnt watched since... episode 110 or so of the campaign, i have no idea whats about to happen",neither,0.04060746838071864,0.3655817845900709,0.5938107470292104
Bidet from NC,neither,0.04066490145509902,0.30981049537100724,0.6495246031738937
,neither,0.03945320844208391,0.33037608806864915,0.630170703489267
yay,neither,0.03945320844208391,0.33037608806864915,0.630170703489267
Doesn't matter whos in the chair they never start at 10. Good luck tonight marisha,neither,0.03492465571360961,0.3432100838281211,0.6218652604582692
gandsSubHype gandsSubHype gandsSubHype gandsSubHype,neither,0.03945320844208391,0.33037608806864915,0.630170703489267
HOWDY,neither,0.03945320844208391,0.33037608806864915,0.630170703489267
ayy!!!,neither,0.03945320844208391,0.33037608806864915,0.630170703489267
inb4 matt dies in the first 10 minutes,neither,0.03459366435306277,0.32191133072038175,0.6434950049265555
MARISHA,neither,0.03945320844208391,0.33037608806864915,0.630170703489267
HERE WE GO,neither,0.13156755280784707,0.2765461283225309,0.5918863188696221
IT BEGINS!,neither,0.037828236809968684,0.3309349903269868,0.6312367728630445
"OF ALL THE EPISODES TO MISS LAURA MISSES ""Trinket's Honey Heist""??!!!!!!!!! WAAAAAAAT?????",neither,0.03924341525696615,0.36460143404098366,0.5961551507020503
Bidet from Peoria IL,neither,0.04066490145509902,0.30981049537100724,0.6495246031738937
And here. We. GO.,neither,0.11988274842159176,0.23034065187642816,0.6497765997019802
Spice!?,neither,0.03945320844208391,0.33037608806864915,0.630170703489267
Bidet! Bidet everyone!,offensive_language,0.02988896790634741,0.4927062106388782,0.4774048214547744
Bidet From NJ,neither,0.04069404815304118,0.30931579984010865,0.6499901520068502
gandsSubHype gandsSubHype gandsSubHype gandsSubHype gandsSubHype gandsSubHype gandsSubHype gandsSubHype gandsSubHype gandsSubHype gandsSubHype gandsSubHype gandsSubHype gandsSubHype gandsSubHype,neither,0.03945320844208391,0.33037608806864915,0.630170703489267
"Bidet from Prestonsburg, KY!🐧",neither,0.04062582848913359,0.31047366557575606,0.6489005059351104
yay!!!!!!!,neither,0.03945320844208391,0.33037608806864915,0.630170703489267
L E T S G O,neither,0.03945320844208391,0.33037608806864915,0.630170703489267
yeeeeeeeeeeeeeees,neither,0.03945320844208391,0.33037608806864915,0.630170703489267
GL all,offensive_language,0.046917543854519406,0.6277741405869331,0.3253083155585475
YOOOO,neither,0.03945320844208391,0.33037608806864915,0.630170703489267
ResidentSleeper,neither,0.03945320844208391,0.33037608806864915,0.630170703489267
yay,neither,0.03945320844208391,0.33037608806864915,0.630170703489267
beep beep Canadiam critters,neither,0.03945320844208391,0.33037608806864915,0.630170703489267
MARISHA HYPE!!!!,neither,0.03945320844208391,0.33037608806864915,0.630170703489267
Yay,neither,0.03945320844208391,0.33037608806864915,0.630170703489267
Marisha!,neither,0.03945320844208391,0.33037608806864915,0.630170703489267
Hiiiii,neither,0.03945320844208391,0.33037608806864915,0.630170703489267
WOOOOOOOT!,neither,0.03945320844208391,0.33037608806864915,0.630170703489267
WOOOOO!!!!!!,neither,0.03945320844208391,0.33037608806864915,0.630170703489267
WUT,neither,0.03945320844208391,0.33037608806864915,0.630170703489267
Awwdorkable marisha,neither,0.03945320844208391,0.33037608806864915,0.630170703489267
gandsGandSKiki gandsGandSKiki gandsGandSKiki,neither,0.03945320844208391,0.33037608806864915,0.630170703489267
gandsGandSKiki gandsGandSKiki gandsGandSKiki,neither,0.03945320844208391,0.33037608806864915,0.630170703489267
WOOT!!!,neither,0.03945320844208391,0.33037608806864915,0.630170703489267
HI MARISHA :D,neither,0.03945320844208391,0.33037608806864915,0.630170703489267
HEIST!!!!,neither,0.03945320844208391,0.33037608806864915,0.630170703489267
IT BEGINS!,neither,0.037828236809968684,0.3309349903269868,0.6312367728630445
you're gonna be awesome marisha! <3,neither,0.0865998822868441,0.41051756991657434,0.5028825477965816
Ahhhhhhh,neither,0.03945320844208391,0.33037608806864915,0.630170703489267
scary,neither,0.03945320844208391,0.33037608806864915,0.630170703489267
YAYYYYYYYYYYY,neither,0.03945320844208391,0.33037608806864915,0.630170703489267
Yah,neither,0.03945320844208391,0.33037608806864915,0.630170703489267
Yay Marisha!!!,neither,0.03945320844208391,0.33037608806864915,0.630170703489267
ah-HA !! Its a Marisha ! ! !,neither,0.03297469704441482,0.33260434521435117,0.6344209577412341
Wooo,neither,0.03945320844208391,0.33037608806864915,0.630170703489267
YES!!!!!,neither,0.03945320844208391,0.33037608806864915,0.630170703489267
yay trinket!,neither,0.03945320844208391,0.33037608806864915,0.630170703489267
Yaaaaaaaaaaaaaaaaaaaaaaaaaaas!,neither,0.03945320844208391,0.33037608806864915,0.630170703489267
and let the trolls commence,neither,0.026209487890377175,0.3110835720456201,0.6627069400640027
MARISHA,neither,0.03945320844208391,0.33037608806864915,0.630170703489267
Bidet from Montréal,neither,0.04228451509352876,0.2823214250720796,0.6753940598343917
Heyooooooo,neither,0.03945320844208391,0.33037608806864915,0.630170703489267
gandsTrinket gandsTrinket gandsTrinket gandsTrinket,neither,0.03945320844208391,0.33037608806864915,0.630170703489267
woohoo!,neither,0.03945320844208391,0.33037608806864915,0.630170703489267
well that was an intro,neither,0.03613700956117854,0.3652544081259543,0.5986085823128672
gandsTrinket gandsTrinket gandsTrinket,neither,0.03945320844208391,0.33037608806864915,0.630170703489267
YES HONEY HEIST,neither,0.03945320844208391,0.33037608806864915,0.630170703489267
gandsGandSKiki gandsGandSKiki gandsGandSKiki gandsGandSKiki gandsGandSKiki gandsGandSKiki gandsGandSKiki gandsGandSKiki gandsGandSKiki gandsGandSKiki,neither,0.03945320844208391,0.33037608806864915,0.630170703489267
Marisha!,neither,0.03945320844208391,0.33037608806864915,0.630170703489267
woo,neither,0.03945320844208391,0.33037608806864915,0.630170703489267
yay!,neither,0.03945320844208391,0.33037608806864915,0.630170703489267
MARISHA <3,neither,0.03945320844208391,0.33037608806864915,0.630170703489267
MARISHA,neither,0.03945320844208391,0.33037608806864915,0.630170703489267
"""Oh, hellooooo!""",neither,0.051363287716059566,0.22255663153133606,0.7260800807526044
Yay,neither,0.03945320844208391,0.33037608806864915,0.630170703489267
you gonna do good,offensive_language,0.06543165311954784,0.47887283482638643,0.4556955120540658
She sounds so nervous.... this is gonna be gooooooooood~,offensive_language,0.04685659341438437,0.48302672127904794,0.47011668530656764
YAY MARISHA!!!,neither,0.03945320844208391,0.33037608806864915,0.630170703489267
Yay,neither,0.03945320844208391,0.33037608806864915,0.630170703489267
gandsTrinketArmor gandsTrinketArmor gandsTrinketArmor gandsTrinketArmor gandsTrinketArmor gandsTrinketArmor gandsTrinketArmor gandsTrinketArmor,neither,0.03945320844208391,0.33037608806864915,0.630170703489267
gandsGandSKiki gandsGandSKiki gandsGandSKiki gandsGandSKiki gandsGandSKiki,neither,0.03945320844208391,0.33037608806864915,0.630170703489267
Is Matt playing?,neither,0.04836219900097032,0.3273118776883181,0.6243259233107116
no pressure!,neither,0.03841525844964217,0.3479928082740095,0.6135919332763483
Matt immediately gets killed off LUL,neither,0.03945320844208391,0.33037608806864915,0.630170703489267
Yay!,neither,0.03945320844208391,0.33037608806864915,0.630170703489267
YAY,neither,0.03945320844208391,0.33037608806864915,0.630170703489267
OMG THIS IS GOING TO BE EPIC GET KRUNK,neither,0.05107547872575815,0.3596000787977939,0.589324442476448
I CAN HEAR MERCER I THINK!,neither,0.0405320865191022,0.3120647114542355,0.6474032020266622
hope Matt dosnt die right off the bat again,neither,0.17310359585724658,0.14338305943809482,0.6835133447046585
Woooo!,neither,0.03945320844208391,0.33037608806864915,0.630170703489267
WOOOO,neither,0.03945320844208391,0.33037608806864915,0.630170703489267
WOOOOO,neither,0.03945320844208391,0.33037608806864915,0.630170703489267
bidet!,neither,0.03945320844208391,0.33037608806864915,0.630170703489267
WOOOO,neither,0.03945320844208391,0.33037608806864915,0.630170703489267
Yay,neither,0.03945320844208391,0.33037608806864915,0.630170703489267
GO MARISH,neither,0.04276165647058889,0.34190019769565555,0.6153381458337556
Bidet from Metro Detroit!,neither,0.04038525337528278,0.3145568531088204,0.6450578935158968
She is great,neither,0.050546347051621636,0.4034451842650554,0.5460084686833231
NOOOOOOOOOOOOOOOO,neither,0.03945320844208391,0.33037608806864915,0.630170703489267
Bidet from Cincinnati Ohio,neither,0.040754399270683486,0.3082914838698526,0.650954116859464
Go Marisa!,neither,0.04276165647058889,0.34190019769565555,0.6153381458337556
Yay Marisha!!!,neither,0.03945320844208391,0.33037608806864915,0.630170703489267
YAY!!,neither,0.03945320844208391,0.33037608806864915,0.630170703489267
Yay Marisha!!!,neither,0.03945320844208391,0.33037608806864915,0.630170703489267
YEEEEAAHHHH MARISHAAAA,neither,0.03945320844208391,0.33037608806864915,0.630170703489267
"Woot! Yay, Marisha!!!",neither,0.03945320844208391,0.33037608806864915,0.630170703489267
yayyyyy,neither,0.03945320844208391,0.33037608806864915,0.630170703489267
MATT,neither,0.03945320844208391,0.33037608806864915,0.630170703489267
aww she's scared :),neither,0.040916583687859776,0.4176095040778413,0.5414739122342987
WOOOO,neither,0.03945320844208391,0.33037608806864915,0.630170703489267
gandsLessthanthree gandsLessthanthree gandsLessthanthree gandsLessthanthree gandsLessthanthree,neither,0.03945320844208391,0.33037608806864915,0.630170703489267
BRIAN!!!!!!,neither,0.03945320844208391,0.33037608806864915,0.630170703489267
gandsTrinket gandsTrinket gandsTrinket,neither,0.03945320844208391,0.33037608806864915,0.630170703489267
Matt is playing.,neither,0.04836219900097032,0.3273118776883181,0.6243259233107116
"Bidet from Mexico, this week! On vacation! Watching from the warm Mexican evening!",neither,0.04031392338908457,0.3106981632015171,0.6489879134093984
i am so excited!!!!!,neither,0.03917801114949071,0.3845679826575241,0.5762540061929852
Bidet everyone!,offensive_language,0.02988896790634741,0.4927062106388782,0.4774048214547744
"You got this, Marisha!",offensive_language,0.07992678652273469,0.5679123887647478,0.35216082471251753
good luck!,neither,0.038607236521895655,0.330667056604554,0.6307257068735503
Go Marisha!!!,neither,0.04276165647058889,0.34190019769565555,0.6153381458337556
gandsTrinket gandsTrinket gandsTrinket gandsTrinket,neither,0.03945320844208391,0.33037608806864915,0.630170703489267
so much beauty,neither,0.03508184982703806,0.3832678380074042,0.5816503121655577
BRIAN,neither,0.03945320844208391,0.33037608806864915,0.630170703489267
Woo! Go Marisha!!,neither,0.040810256146617326,0.3350871100120312,0.6241026338413515
is it just starting??,neither,0.041307575112954964,0.35397024194877996,0.604722182938265
BRIANNN,neither,0.03945320844208391,0.33037608806864915,0.630170703489267
Weee,neither,0.03945320844208391,0.33037608806864915,0.630170703489267
"You're gonna love it, Marisha!",neither,0.08852817365408137,0.4441607348234872,0.4673110915224314
BRIAN,neither,0.03945320844208391,0.33037608806864915,0.630170703489267
FeelsAmazingMan,neither,0.03945320844208391,0.33037608806864915,0.630170703489267
Woooooooooooooooooooooooooooo,neither,0.03945320844208391,0.33037608806864915,0.630170703489267
I'm liking those ringsss!,neither,0.07252581909118051,0.2431847156402397,0.6842894652685798
<3 <3 <3 <3 <3 <3,neither,0.03945320844208391,0.33037608806864915,0.630170703489267
GO MARISHAAAA dragon48Hype dragon48Hype dragon48Hype,neither,0.04276165647058889,0.34190019769565555,0.6153381458337556
wooooooooooooooo,neither,0.03945320844208391,0.33037608806864915,0.630170703489267
This is going to be so cute,neither,0.05902554361952099,0.3752330704889772,0.5657413858915018
Druids are terrifying,neither,0.07187469396139935,0.27634098980219296,0.6517843162364078
Lets do thiiiiiiis!!!!!!,neither,0.040020895959681155,0.34226381385056753,0.6177152901897515
MARISHAAA,neither,0.03945320844208391,0.33037608806864915,0.630170703489267
Brian is playing? PogChamp,neither,0.048597027877077294,0.32723110926960536,0.6241718628533174
woo hoo,neither,0.03945320844208391,0.33037608806864915,0.630170703489267
Foster!!,neither,0.03945320844208391,0.33037608806864915,0.630170703489267
Sam kill Trinket in this one too LUL,neither,0.2723010764682266,0.25274269850407327,0.47495622502770013
no ad DansGame,neither,0.03838080009002885,0.3485776565658,0.6130415433441712
gettttt it MARISHA !!!!,neither,0.034373745257138544,0.33212314837979673,0.6335031063630647
Good luck Marisha! You're gonna do amazing!,neither,0.07248705136839888,0.3853227689076767,0.5421901797239245
oh no,neither,0.04751210705993949,0.26629718932274826,0.6861907036173122
MATT BEAR!!!!!!!!!!!!! gandsGandsPoo gandsGandsPoo gandsGandsPoo gandsGandsPoo gandsGandsPoo gandsGandsPoo gandsGandsPoo gandsGandsPoo gandsTrinketArmor gandsTrinketArmor,neither,0.03945320844208391,0.33037608806864915,0.630170703489267
"Bidet from Melbourne, Straya!",neither,0.04228451509352876,0.2823214250720796,0.6753940598343917
Raise your hand if you're addicted to Marvel Puzzle Quest now *raises hand*,neither,0.06501359240587054,0.3605492398018051,0.5744371677923245
Hmmmmm... oh bother.,neither,0.04382026157954763,0.2885091463417333,0.6676705920787189
Yay Marisha!!,neither,0.03945320844208391,0.33037608806864915,0.630170703489267
"You can do it, Marisha! If the internet bitches, slap 'em!!",offensive_language,0.007640677204645127,0.9922806759770486,7.864681830611732e-05
o shit here we go,offensive_language,0.12131544830431397,0.8785734954354142,0.00011105626027179239
Omg Brian W Foster!!!,neither,0.03945320844208391,0.33037608806864915,0.630170703489267
wooot go Marisha!,neither,0.04276165647058889,0.34190019769565555,0.6153381458337556
Marvel Puzzle Quest: http://bit.ly/MarvelCrit,neither,0.037194343189414024,0.25787287847979506,0.7049327783307909
"This is going to be, THE BEST!",neither,0.05446887393790893,0.33301564038403764,0.6125154856780536
Matt and Brienne!!!!,neither,0.03848376057163518,0.2799481601138674,0.6815680793144975
gandsGandSKiki gandsGandSKiki gandsGandSKiki gandsGandSKiki gandsGandSKiki gandsGandSKiki gandsGandSKiki gandsGandSKiki,neither,0.03945320844208391,0.33037608806864915,0.630170703489267
Look at that married gal!!<3,neither,0.03694213367254683,0.3856270402692919,0.5774308260581613
I'll be playing Marvel Puzzle Quest during the show!,neither,0.0487694996319222,0.27255462682146325,0.6786758735466146
I kinda miss lootcrate,neither,0.03118919452054551,0.33321846140760386,0.6355923440718506
YAY MATT'S PLAYING,neither,0.03945320844208391,0.33037608806864915,0.630170703489267
gandsTrinketArmor gandsTrinketArmor gandsTrinketArmor gandsTrinketArmor gandsTrinketArmor,neither,0.03945320844208391,0.33037608806864915,0.630170703489267
this gonna be good,neither,0.037615721056835645,0.4073661010914406,0.5550181778517238
I like that they are learning what it's like behind the Matt-Screen.,neither,0.07099610605520458,0.3327917598215638,0.5962121341232317
BRIAN!!!,neither,0.03945320844208391,0.33037608806864915,0.630170703489267
YAYYYY,neither,0.03945320844208391,0.33037608806864915,0.630170703489267
BRI,neither,0.03945320844208391,0.33037608806864915,0.630170703489267
Bdub Foster,neither,0.03945320844208391,0.33037608806864915,0.630170703489267
oh nooo,neither,0.0456283565223502,0.2719307315164877,0.6824409119611621
Yay Marisha! And yay Brian!!!! gandsGrogSigil gandsGrogSigil gandsGrogSigil,neither,0.03894275124771503,0.3054496257872476,0.6556076229650374
BRIAN,neither,0.03945320844208391,0.33037608806864915,0.630170703489267
oh god,neither,0.047523175703714664,0.25506489023357065,0.6974119340627147
LUL,neither,0.03945320844208391,0.33037608806864915,0.630170703489267
GO Marisha!!!!,neither,0.04276165647058889,0.34190019769565555,0.6153381458337556
hey marish! You're gonna do great!,neither,0.07771757305290514,0.36163994102465064,0.5606424859224441
Matt isa PLAYER yaaaaaas,neither,0.034997740813987696,0.4059970015613743,0.5590052576246379
hahahaha,neither,0.03945320844208391,0.33037608806864915,0.630170703489267
"Rush 2112... nice shirt, Sam.",neither,0.03945320844208391,0.33037608806864915,0.630170703489267
it's strange to see Marisha with black hair in Madness,neither,0.04736083717130956,0.34260046357898877,0.6100386992497016
LUL,neither,0.03945320844208391,0.33037608806864915,0.630170703489267
oh gods...,neither,0.051363287716059566,0.22255663153133606,0.7260800807526044
gandsLessthanthree gandsLessthanthree gandsLessthanthree gandsLessthanthree,neither,0.03945320844208391,0.33037608806864915,0.630170703489267
gandsSCANLAN gandsSCANLAN gandsSCANLAN gandsSCANLAN gandsSCANLAN gandsSCANLAN,neither,0.03945320844208391,0.33037608806864915,0.630170703489267
HOW,neither,0.03945320844208391,0.33037608806864915,0.630170703489267
bidet from okc!,neither,0.04069404815304118,0.30931579984010865,0.6499901520068502
LUL,neither,0.03945320844208391,0.33037608806864915,0.630170703489267
what am i hearing,neither,0.04554793992653354,0.3259343081251704,0.6285177519482961
Brains mug is pretty great,neither,0.04380011679654323,0.3096242673384498,0.6465756158650071
all the boys in the house!!!!!,neither,0.03906329447355004,0.3668411425807843,0.5940955629456657
bidet my dears,offensive_language,0.011017215557639733,0.6062201221254095,0.3827626623169507
WHOHOO Matt's playing,neither,0.03945320844208391,0.33037608806864915,0.630170703489267
Oh my god,neither,0.030266422441093326,0.38268872444249025,0.5870448531164164
gandsTrinket gandsTrinket gandsTrinket gandsTrinket gandsTrinket,neither,0.03945320844208391,0.33037608806864915,0.630170703489267
marvel puzzle quest,neither,0.03945320844208391,0.33037608806864915,0.630170703489267
Marvel : Puzzel Quest bit.ly/MarvelCrit,neither,0.03945320844208391,0.33037608806864915,0.630170703489267
gandsSCANLAN,neither,0.03945320844208391,0.33037608806864915,0.630170703489267
lol,neither,0.020706217963973744,0.4882283491876925,0.4910654328483337
hahaha nope bye,neither,0.03945320844208391,0.33037608806864915,0.630170703489267
hahaha,neither,0.03945320844208391,0.33037608806864915,0.630170703489267
bidet from awe*stun tejas,neither,0.040754399270683486,0.3082914838698526,0.650954116859464
I love this!!! <3,neither,0.033354624610487035,0.36213039408674813,0.6045149813027648
Its so strange seeing Matt in the player spot,neither,0.03200135083351913,0.40610337819210307,0.5618952709743777
LOOL,neither,0.03945320844208391,0.33037608806864915,0.630170703489267
LMAO,neither,0.03705015143476208,0.3711622369619404,0.5917876116032975
SAM!!!,neither,0.03945320844208391,0.33037608806864915,0.630170703489267
lmao,neither,0.03705015143476208,0.3711622369619404,0.5917876116032975
Lol,neither,0.020706217963973744,0.4882283491876925,0.4910654328483337
TTours,neither,0.03945320844208391,0.33037608806864915,0.630170703489267
lmao,neither,0.03705015143476208,0.3711622369619404,0.5917876116032975
OMG. Brian is playing. Alright!,neither,0.04605984338764055,0.3281037633596461,0.6258363932527132
Bidet all!,offensive_language,0.046917543854519406,0.6277741405869331,0.3253083155585475
Did he record this generic thing in the 80's?,neither,0.04228535975388203,0.31951377602515985,0.6382008642209581
Like Mad Libs LOL,neither,0.04107048550309981,0.40365779088168796,0.5552717236152123
#GiveMeABearRoll,neither,0.03945320844208391,0.33037608806864915,0.630170703489267
TUBULAR,neither,0.03945320844208391,0.33037608806864915,0.630170703489267
ahahhaha,neither,0.03945320844208391,0.33037608806864915,0.630170703489267
Im so hype for this,neither,0.03211151086156665,0.3774192336622175,0.590469255476216
LOL,neither,0.020706217963973744,0.4882283491876925,0.4910654328483337
I love you Sam! That is fantastic,neither,0.05476517568602118,0.4175918829835285,0.5276429413304502
"yeah, this is bananas awesome",neither,0.03056103738871053,0.4220922085168844,0.547346754094405
Liam killed it in The Frozen Wilds,neither,0.03796099538046605,0.3201227810981711,0.6419162235213629
omg sam ty,neither,0.03945320844208391,0.33037608806864915,0.630170703489267
oh my god,neither,0.030266422441093326,0.38268872444249025,0.5870448531164164
LMAO,neither,0.03705015143476208,0.3711622369619404,0.5917876116032975
Was this recorded in the late 80s?,neither,0.03866127175069998,0.3212830712227358,0.6400556570265642
this is totally rad,neither,0.04658761153602399,0.329293008412886,0.6241193800510899
Teenage Mutant Ninja Pitchmen,neither,0.03945320844208391,0.33037608806864915,0.630170703489267
oh my god SAM,neither,0.03246323788688348,0.36858732269662386,0.5989494394164926
LOVE THAT REX RAPTOR VOICE,neither,0.034670799486452755,0.3701677269633534,0.5951614735501937
This is great,neither,0.049196619522103385,0.2924512674041193,0.6583521130737773
Love this,neither,0.033354624610487035,0.36213039408674813,0.6045149813027648
Sam is so good at adds.,neither,0.04463623786161732,0.38406774961016077,0.5712960125282219
Sam. Killing it,neither,0.037968409301258575,0.3308867785795382,0.6311448121192033
gandsGandsPoo gandsGandsPoo gandsGandsPoo,neither,0.03945320844208391,0.33037608806864915,0.630170703489267
lol,neither,0.020706217963973744,0.4882283491876925,0.4910654328483337
anyone else buy the art book? ❤,neither,0.038792731106279274,0.318372052558785,0.6428352163349357
this is so amazing,neither,0.04963625946356049,0.3843966634830374,0.5659670770534022
this is amazing,neither,0.050638740814203484,0.3285866302672563,0.6207746289185402
Its Free,neither,0.03083215642292957,0.3333412631815711,0.6358265803954994
IM DYING,neither,0.038299600927222684,0.3741237093903723,0.587576689682405
@inalai yup,neither,0.03945320844208391,0.33037608806864915,0.630170703489267
lol,neither,0.020706217963973744,0.4882283491876925,0.4910654328483337
LUL,neither,0.03945320844208391,0.33037608806864915,0.630170703489267
hahaha,neither,0.03945320844208391,0.33037608806864915,0.630170703489267
wow sam <3,neither,0.03945320844208391,0.33037608806864915,0.630170703489267
HHahahhahhahaha,neither,0.03945320844208391,0.33037608806864915,0.630170703489267
#It'sFree,neither,0.034373745257138544,0.33212314837979673,0.6335031063630647
god sam is amazing,neither,0.04712931689968888,0.32773592237750043,0.6251347607228107
lol,neither,0.020706217963973744,0.4882283491876925,0.4910654328483337
This is whole other level promo suff,neither,0.04573776321078536,0.32943355284573983,0.6248286839434749
gandsSCANLAN gandsSCANLAN gandsSCANLAN gandsSCANLAN gandsSCANLAN,neither,0.03945320844208391,0.33037608806864915,0.630170703489267
First time live Sam! God I love it,neither,0.032887910252245044,0.35798476300025717,0.6091273267474978
lol this is awesome,neither,0.03849886627100912,0.3944410221335899,0.5670601115954009
its free,neither,0.03083215642292957,0.3333412631815711,0.6358265803954994
oh my face this is great,neither,0.03744826798139616,0.33828331015481783,0.624268421863786
im dead,neither,0.038161488408724464,0.37935129248927674,0.582487219101999
This is the best. Ever.,neither,0.04770391783539831,0.3006671627159139,0.6516289194486877
He's so funny!,neither,0.04580138277281199,0.4184605256418774,0.5357380915853106
bidet!,neither,0.03945320844208391,0.33037608806864915,0.630170703489267
gandsGnSBigsby gandsGnSBigsby gandsGnSBigsby,neither,0.03945320844208391,0.33037608806864915,0.630170703489267
this is amazing,neither,0.050638740814203484,0.3285866302672563,0.6207746289185402
wow awesome SAM RIEGEL,neither,0.03945320844208391,0.33037608806864915,0.630170703489267
gandsSCANLAN,neither,0.03945320844208391,0.33037608806864915,0.630170703489267
That was amazing,neither,0.03448697269778191,0.38556091698872963,0.5799521103134886
Heeeeeeelp omg this is too much,neither,0.043159150074516234,0.3356126046249489,0.6212282453005349
"Honestly, half of why I watch this show is for Sam's ads",neither,0.044369317863914445,0.27247349697404843,0.683157185162037
It's free. XD,neither,0.03700936989225091,0.3312166362096259,0.6317739938981233
This may be the best one yet,neither,0.038624563197924504,0.31959922330235957,0.6417762134997159
bless you Sam riegel,neither,0.057682730334000544,0.381439444009055,0.5608778256569444
Gold as per usual,neither,0.03794635112404956,0.35595138933992004,0.6061022595360304
LOL,neither,0.020706217963973744,0.4882283491876925,0.4910654328483337
gandsCrit gandsCrit gandsCrit gandsCrit gandsCrit,neither,0.03945320844208391,0.33037608806864915,0.630170703489267
LUL,neither,0.03945320844208391,0.33037608806864915,0.630170703489267
THIS IS AMAZING,neither,0.050638740814203484,0.3285866302672563,0.6207746289185402
LOL,neither,0.020706217963973744,0.4882283491876925,0.4910654328483337
gandsSCANLAN gandsSCANLAN gandsSCANLAN gandsSCANLAN gandsSCANLAN,neither,0.03945320844208391,0.33037608806864915,0.630170703489267
OMFG I'M DYING,neither,0.03945320844208391,0.33037608806864915,0.630170703489267
lolololol,neither,0.03945320844208391,0.33037608806864915,0.630170703489267
This is the worst thing i love it so much,neither,0.03869663852874138,0.35041955071966274,0.6108838107515958
is that Mikey from Ninja Turtles?,neither,0.04289019203108757,0.3451264072962011,0.6119834006727114
gandsSCANLAN gandsSCANLAN gandsSCANLAN,neither,0.03945320844208391,0.33037608806864915,0.630170703489267
God bless Sam Riegel,neither,0.03945320844208391,0.33037608806864915,0.630170703489267
lmao gandsGandsPoo gandsGandsPoo gandsGandsPoo gandsGandsPoo,neither,0.03705015143476208,0.3711622369619404,0.5917876116032975
way to go Sam,neither,0.04874789034382444,0.3313628856622024,0.6198892239939732
gandsCrit gandsCrit gandsCrit gandsCrit gandsCrit gandsCrit gandsCrit gandsCrit gandsCrit gandsCrit,neither,0.03945320844208391,0.33037608806864915,0.630170703489267
gandsApplaud,neither,0.03945320844208391,0.33037608806864915,0.630170703489267
That was INCREDIBLE,neither,0.034820129407937585,0.38178929000573214,0.5833905805863304
gandsLessthanthree Sam!,neither,0.03945320844208391,0.33037608806864915,0.630170703489267
LOL,neither,0.020706217963973744,0.4882283491876925,0.4910654328483337
lolol,neither,0.03945320844208391,0.33037608806864915,0.630170703489267
omg,neither,0.03945320844208391,0.33037608806864915,0.630170703489267
lol this is amazing,neither,0.03849074276804197,0.39497857361969674,0.5665306836122614
i'm dyyyying,neither,0.03945320844208391,0.33037608806864915,0.630170703489267
"love the ad Sam, but RUSH SUCKS",neither,0.03484966536033163,0.33469359336689,0.6304567412727783
hilarious!,neither,0.03945320844208391,0.33037608806864915,0.630170703489267
Schwing,neither,0.03945320844208391,0.33037608806864915,0.630170703489267
I just died,neither,0.03306118758548665,0.36110106674638104,0.6058377456681324
One of his best.,neither,0.07392381283093889,0.36224429324320057,0.5638318939258607
It's Donatello and Raphael from that old cartoon,neither,0.0349002927355085,0.31544007201448504,0.6496596352500065
!whodat,neither,0.03945320844208391,0.33037608806864915,0.630170703489267
"Liam ( twitter.com/VoiceOfOBrien ), Marisha ( twitter.com/Marisha_Ray ), Taliesin ( twitter.com/executivegoth ), Sam ( twitter.com/samriegel ), Matt ( twitter.com/matthewmercer ) and guest Brian W. Foster ( twitter.com/BrianWFoster )",neither,0.038471597958887736,0.45611428884339694,0.5054141131977153
What is Sam Riegel?,neither,0.05928628658412229,0.3209446783502599,0.6197690350656179
HAHA HAHA,neither,0.03186685585600258,0.45913629025701075,0.5089968538869867
"omg, my face hurts",neither,0.028876965505452837,0.41213898472511606,0.5589840497694312
gandsSCANLAN gandsSCANLAN gandsSCANLAN gandsSCANLAN gandsSCANLAN,neither,0.03945320844208391,0.33037608806864915,0.630170703489267
this is the single greatest thing in existence,neither,0.044537461393409056,0.3177327194541637,0.6377298191524273
Generic enthusiasm!!,neither,0.03945320844208391,0.33037608806864915,0.630170703489267
Oh my god this is unBEARable,neither,0.03958185577838559,0.3750993766953397,0.5853187675262745
LUL SCHHYEAA,neither,0.03945320844208391,0.33037608806864915,0.630170703489267
MY LIFEEEE xD,offensive_language,0.011017215557639733,0.6062201221254095,0.3827626623169507
sam is a priceless entity,neither,0.047620647259380415,0.32756693133655285,0.6248124214040668
where's splinter,neither,0.04379278224195774,0.2567221952996476,0.6994850224583946
OMGGGGGGGG <3 <3,neither,0.03945320844208391,0.33037608806864915,0.630170703489267
Lmao,neither,0.03705015143476208,0.3711622369619404,0.5917876116032975
gandsSCANLAN gandsSCANLAN gandsSCANLAN gandsSCANLAN gandsSCANLAN gandsSCANLAN gandsSCANLAN,neither,0.03945320844208391,0.33037608806864915,0.630170703489267
gandsCrit,neither,0.03945320844208391,0.33037608806864915,0.630170703489267
God I love Sam,neither,0.03628761500046148,0.3451549208082231,0.6185574641913154
Matt's gone.,neither,0.03934831108971192,0.33215646989867653,0.6284952190116115
"Oh, my.",neither,0.02748693229954249,0.40236076101129065,0.5701523066891669
"Sam, we love you!!",neither,0.055221731097879534,0.4086839860342666,0.5360942828678539
Great,neither,0.03629809395026052,0.28705760395740076,0.6766443020923386
He's gonna break Matt!!,neither,0.043491996029171656,0.3729970661457502,0.5835109378250782
i hear a lawsuit,neither,0.03945320844208391,0.33037608806864915,0.630170703489267
gandsSCANLAN gandsSCANLAN gandsSCANLAN gandsSCANLAN gandsSCANLAN gandsSCANLAN gandsSCANLAN,neither,0.03945320844208391,0.33037608806864915,0.630170703489267
hahaha,neither,0.03945320844208391,0.33037608806864915,0.630170703489267
LMAO,neither,0.03705015143476208,0.3711622369619404,0.5917876116032975
what have we done to deserve sam riegel,neither,0.057758773301127865,0.34043621402432483,0.6018050126745473
amazing,neither,0.03945320844208391,0.33037608806864915,0.630170703489267
Sam is a real life wizard,neither,0.03679076217996296,0.46917749969757777,0.4940317381224593
gandsSCANLAN gandsSCANLAN gandsSCANLAN,neither,0.03945320844208391,0.33037608806864915,0.630170703489267
Best ad ever. xD,neither,0.038519333392128305,0.3225559386325859,0.6389247279752859
gandsSCANLAN gandsSCANLAN gandsSCANLAN gandsSCANLAN gandsSCANLAN gandsSCANLAN gandsSCANLAN gandsSCANLAN gandsSCANLAN gandsSCANLAN gandsSCANLAN gandsSCANLAN gandsSCANLAN gandsSCANLAN,neither,0.03945320844208391,0.33037608806864915,0.630170703489267
we dont deserve sam,neither,0.04792941225872189,0.32986448919148503,0.622206098549793
dear lord,neither,0.03945320844208391,0.33037608806864915,0.630170703489267
"""Didn't write anything"" MY ASS! 😂",offensive_language,0.05042168026696707,0.9461382865658474,0.00344003316718561
BEST,neither,0.03765011267139979,0.31527719622551265,0.6470726911030876
Best one yet,neither,0.03727792803773547,0.3596097454146631,0.6031123265476015
epic,neither,0.03945320844208391,0.33037608806864915,0.630170703489267
gandsSCANLAN gandsSCANLAN gandsSCANLAN,neither,0.03945320844208391,0.33037608806864915,0.630170703489267
Lmfao,neither,0.05470637918084239,0.32512982320825545,0.6201637976109021
hahahahahhahahahaha,neither,0.03945320844208391,0.33037608806864915,0.630170703489267
lmao,neither,0.03705015143476208,0.3711622369619404,0.5917876116032975
AMAZBALLS!,neither,0.03945320844208391,0.33037608806864915,0.630170703489267
That was amazing,neither,0.03448697269778191,0.38556091698872963,0.5799521103134886
liams outfit,neither,0.03945320844208391,0.33037608806864915,0.630170703489267
"Sam, that ad is pure klatt, but I love it.",neither,0.036459552152667274,0.37613030613277926,0.5874101417145535
sam riegel WHAT ARE YOU???,neither,0.12822542788727959,0.3168704402396945,0.5549041318730259
10 out of 10,neither,0.03558643564585268,0.34515177792706453,0.6192617864270828
amazing!,neither,0.03945320844208391,0.33037608806864915,0.630170703489267
hahaha wow most excellent,neither,0.03945320844208391,0.33037608806864915,0.630170703489267
gandsLessthanthree,neither,0.03945320844208391,0.33037608806864915,0.630170703489267
I like Sam's taste in shirts! Long live RUSH!,neither,0.049176188744333466,0.3378508674344355,0.612972943821231
old man liam,neither,0.03957906085947985,0.39206917756718324,0.568351761573337
I'm dying,neither,0.03945320844208391,0.33037608806864915,0.630170703489267
yessssss,neither,0.03945320844208391,0.33037608806864915,0.630170703489267
CAN'T. BREATHE.,neither,0.039800766989588746,0.3244771124619628,0.6357221205484485
that was awesome,neither,0.03453191945982305,0.38505160316851694,0.5804164773716599
oh my fuking god,neither,0.033072339562371454,0.3648776779213397,0.6020499825162888
gandsSCANLAN gandsSCANLAN gandsSCANLAN gandsSCANLAN gandsSCANLAN gandsSCANLAN gandsSCANLAN gandsSCANLAN gandsSCANLAN gandsSCANLAN gandsSCANLAN gandsSCANLAN,neither,0.03945320844208391,0.33037608806864915,0.630170703489267
holy shit,offensive_language,0.04257650662097627,0.9573463282193174,7.716515970639687e-05
gandsSCANLAN gandsLessthanthree gandsApplaud gandsApplaud gandsApplaud,neither,0.03945320844208391,0.33037608806864915,0.630170703489267
Brian. fuck,offensive_language,0.18383060211118632,0.8160286736227373,0.0001407242660763577
Sam is freaking amazing!!!!,neither,0.04613492742225525,0.3280779385171184,0.6257871340606262
"Sam is perfect,",neither,0.048635137126009545,0.327218001751375,0.6241468611226155
oh my Sam,neither,0.03149502200396202,0.374658330937599,0.5938466470584389
hurray im here and they're back from honeymoon!,neither,0.0978860869048899,0.2568312928418029,0.6452826202533072
,neither,0.03945320844208391,0.33037608806864915,0.630170703489267
"We're not worthy, we're not worthy, we're not worthy",neither,0.05608948256455542,0.3091306960446686,0.634779821390776
gandsSCANLAN gandsSCANLAN gandsSCANLAN gandsSCANLAN gandsSCANLAN gandsSCANLAN,neither,0.03945320844208391,0.33037608806864915,0.630170703489267
Wowza Liam is going uber hipster,neither,0.04389665930722674,0.34809014137177186,0.6080131993210013
Legend...just pure legend hahahahaha,neither,0.03684837409616512,0.342441248061759,0.6207103778420758
i just got my ab workout in for the day,neither,0.02398687206466726,0.3932220594571673,0.5827910684781655
gandsNatTwenty gandsCrit gandsCrit gandsNatTwenty,neither,0.03945320844208391,0.33037608806864915,0.630170703489267
gandsSCANLAN gandsSCANLAN gandsSCANLAN gandsSCANLAN gandsSCANLAN gandsSCANLAN,neither,0.03945320844208391,0.33037608806864915,0.630170703489267
Dear fuck that was amazing,offensive_language,0.13655037920215327,0.8612366098227774,0.002213010975069354
Sam is a god in mortal form,neither,0.04511685583847317,0.328428100019067,0.6264550441424599
gandsSCANLAN gandsSCANLAN gandsSCANLAN gandsSCANLAN gandsSCANLAN gandsSCANLAN,neither,0.03945320844208391,0.33037608806864915,0.630170703489267
I love him so much,neither,0.03127668791485196,0.40862550312592794,0.5600978089592201
these ads keep getting better,neither,0.042873072969078,0.46193366853419743,0.4951932584967245
Next time Brian... next time.,neither,0.036861114021231246,0.37437069521789496,0.5887681907608738
I can only hope to one day be as Sam as Sam is.,neither,0.06691407172950783,0.30812837823778355,0.6249575500327087
Marisha looks so cool behind the DM screen. :D,neither,0.038703429356671384,0.3506958328366285,0.6106007378067001
FIRST TIME WATCHING LIVE. LETS GO!,neither,0.036198662367897594,0.36217536272275463,0.6016259749093478
"lol, damn sam",offensive_language,0.03533825538628316,0.8751723131967207,0.08948943141699621
YASSS already bought my book,neither,0.030052332748929524,0.4094364670536047,0.5605112001974659
"Nah, we totally heard that. It was BEAUTIFUL",neither,0.035344523603063394,0.36562227793943075,0.5990331984575059
I need that generic announcement for random stuff,neither,0.0323921452640672,0.3374230996027942,0.6301847551331387
"ooo, Liam looking dapper",neither,0.03945320844208391,0.33037608806864915,0.630170703489267
i didn't realize Sam was a ninja turtle.,neither,0.028748226676563314,0.37734382248262677,0.5939079508408099
why is Liam dressed like he's about to go play chess in the park?,neither,0.05000290136310072,0.35335378285268576,0.5966433157842136
Bless you Sam and the CHAOS you create!,neither,0.060884342654471346,0.34918066343834153,0.5899349939071871
Sam found out there was a studio at GnS,neither,0.03552068590016796,0.3298442933038548,0.6346350207959773
gandsSCANLAN,neither,0.03945320844208391,0.33037608806864915,0.630170703489267
bidet from NJ!,neither,0.04069404815304118,0.30931579984010865,0.6499901520068502
I️ Love Sam,neither,0.035714521531851555,0.34792756620297893,0.6163579122651696
it's so magical,neither,0.03776551217594867,0.3841761527365577,0.5780583350874936
artbook Hype PogChamp,neither,0.03945320844208391,0.33037608806864915,0.630170703489267
Matt Merch-er,neither,0.03945320844208391,0.33037608806864915,0.630170703489267
wow. sam.....,neither,0.03945320844208391,0.33037608806864915,0.630170703489267
i got my copy!,neither,0.025635775159826697,0.4833054074466712,0.4910588173935021
@VengerTL Lucky to have you! Welcome!,neither,0.0666894945448678,0.3853873424791098,0.5479231629760225
w00t!! ordered Both of em!!!!,neither,0.03945320844208391,0.33037608806864915,0.630170703489267
I'm too poor for the art book,neither,0.03406962051183091,0.2991848736356989,0.6667455058524702
I AM SO EXCITED FOR THIS QQ,neither,0.032781406948824074,0.3444414310243963,0.6227771620267796
DA ARTBOOK DWAAA,offensive_language,0.15114814935983525,0.6045263659867909,0.24432548465337384
good god that red and gold,neither,0.03470917400925584,0.3307270542524912,0.634563771738253
PogChamp PogChamp PogChamp PogChamp PogChamp PogChamp PogChamp PogChamp PogChamp,neither,0.03945320844208391,0.33037608806864915,0.630170703489267
PogChamp,neither,0.03945320844208391,0.33037608806864915,0.630170703489267
german bear,neither,0.03945320844208391,0.33037608806864915,0.630170703489267
its so preeety,neither,0.02895476627369506,0.42136081294295646,0.5496844207833484
Bought mine the second I could,neither,0.03868333003743557,0.31634285463434214,0.6449738153282223
I ordered mine!!! :D,neither,0.03945320844208391,0.33037608806864915,0.630170703489267
BIDET FROM TEXAS,neither,0.040937266849991,0.30518774380265185,0.6538749893473571
Owe! My wallet hurts!!!,neither,0.03054042026511858,0.39800538037446764,0.5714541993604138
BRIAN!!!!!,neither,0.03945320844208391,0.33037608806864915,0.630170703489267
WEDDING RINGS!!!!,neither,0.03945320844208391,0.33037608806864915,0.630170703489267
