text,top_class,hate_speech,offensive_language,neither
"Highly experimental, i experiment as well, FOR SCIENCE",neither,0.033194121148299,0.33353470232540317,0.6332711765262978
GYP has been amazing since the Goth takeover.\,neither,0.03897549449047062,0.32012966381945374,0.6408948416900757
Hi Kate!,neither,0.03945320844208391,0.33037608806864915,0.630170703489267
hi kate,neither,0.03945320844208391,0.33037608806864915,0.630170703489267
GYP is still my favorite show on this channel!,neither,0.042970713382496105,0.3557851260823546,0.6012441605351492
she's british \o/,neither,0.04145306548744262,0.4468989504275838,0.5116479840849736
wooooo kate,neither,0.03945320844208391,0.33037608806864915,0.630170703489267
Sub HYPE!!!,neither,0.03945320844208391,0.33037608806864915,0.630170703489267
Re Sub HYPE!!!,neither,0.05796738926929811,0.3016950255183242,0.6403375852123776
resub gandsSubHype,neither,0.03945320844208391,0.33037608806864915,0.630170703489267
"i got distracted by the cat, what are they talking about",neither,0.059802429378119706,0.36616941324741226,0.574028157374468
you're pudding :P,neither,0.09174489584030217,0.3479624012168243,0.5602927029428735
where did the cat go?,neither,0.04166328590235651,0.2836655368181854,0.6746711772794581
@fuffybutt was it ever really there jcvimGasp,neither,0.03756833348230987,0.28355035468353296,0.6788813118341572
"If this week is as good as last week, i will want them to have a regular show!",neither,0.04865629890214198,0.3389098216036341,0.6124338794942239
Re Sub HYPE!!!,neither,0.05796738926929811,0.3016950255183242,0.6403375852123776
is he sitting on the loo?,neither,0.051668765439604476,0.32160575577349604,0.6267254787868994
LOL,neither,0.020706217963973744,0.4882283491876925,0.4910654328483337
"we have a mystery,",neither,0.038072651762316514,0.3538077378901299,0.6081196103475536
lol that guy is hilarious :D,neither,0.034532748272651924,0.4292612819688706,0.5362059697584775
the one with the glasses,neither,0.02619424961074711,0.3676529794087275,0.6061527709805253
"@Critternation3000 form a search party, we need to find that cat",neither,0.043926084337147966,0.29483009385415143,0.6612438218087007
What kinda co-host? stefFremen,neither,0.04475293440033816,0.3265728680797335,0.6286741975199284
I hope the crew is playing 'how silly can we make the disclaimers',neither,0.07003886513733099,0.22759888879750367,0.7023622460651654
gandsMasterStef gandsMasterStef gandsMasterStef stefFremen stefFremen stefFremen stefHeart stefHeart stefHeart,neither,0.03945320844208391,0.33037608806864915,0.630170703489267
"Help G&S make great content! $4.99/month gets you emotes, Minecraft server access, Sub Only Q&As, VODs, and more! Every sub keeps the channel alive! twitch.tv/geekandsundry/subscribe",neither,0.043092924924402844,0.32365565443818894,0.6332514206374082
Disclaimer: The people responsible for making the disclaimers have been sacked.,neither,0.05380020309160419,0.28492509094730584,0.6612747059610901
jcvimHi guys jcvimHi stef,neither,0.03922184957078739,0.3343028519130907,0.6264752985161218
That is not a suit!!!!!!!,neither,0.0421894613737015,0.37901407538982157,0.578796463236477
Don't make Beefachu clean up your mess this week!,neither,0.06134380285298784,0.36837959305702794,0.570276604089984
(I mean we put them in a sack),neither,0.05213099791410616,0.32554847545171595,0.6223205266341779
@starpilotsix Are the disclaimers now being made by seven dancing llamas?,neither,0.05282358130309914,0.3374821729253826,0.6096942457715182
lol @starpilotsix :D,neither,0.020706217963973744,0.4882283491876925,0.4910654328483337
WHERE'S THE BANNER jcvimGrr jcvimGrr,neither,0.04040704954800579,0.2804404425152979,0.6791525079366962
gooder news :D,neither,0.03945320844208391,0.33037608806864915,0.630170703489267
stefRage stefLanguage stefLanguage,neither,0.03945320844208391,0.33037608806864915,0.630170703489267
I'm scared,neither,0.03945320844208391,0.33037608806864915,0.630170703489267
is it Bruce Banner,neither,0.04474656839224227,0.3285554588515798,0.6266979727561779
Does the new banner turn into the Hulk when angry?,neither,0.02707266959326152,0.3689770041329439,0.6039503262737946
Today IS Friday right,neither,0.04570021921940017,0.32323747038431067,0.6310623103962892
"FluffyButt, great minds.... great minds....",neither,0.0374462170737894,0.30358903599427284,0.6589647469319377
Daryl's shoes are hurting my eyes!,neither,0.047359754778032274,0.3383585550250784,0.6142816901968892
"""his name is not random"" i thought he said a first :P",neither,0.06752010812829116,0.2568607434999357,0.6756191483717732
LOL,neither,0.020706217963973744,0.4882283491876925,0.4910654328483337
There are! Four! Sides!,neither,0.06212679978554116,0.2536131584361599,0.6842600417782989
Is,neither,0.081172750358939,0.3160268245287109,0.60280042511235
... On a box. . . .,neither,0.03537191857261588,0.3502151766922366,0.6144129047351475
??????????,neither,0.03945320844208391,0.33037608806864915,0.630170703489267
"and he misspelled ""asinine""",neither,0.044452236633966156,0.28633379655304325,0.6692139668129906
There no party beig gathered,neither,0.03835470305720871,0.2934557703611589,0.6681895265816323
I agree drawing is hard,offensive_language,0.03740323492311599,0.5200968923015691,0.4424998727753149
What happened to Asi one - eight?,neither,0.05413099178340142,0.3577038008783587,0.5881652073382398
these guys are hilarious :D badGood,neither,0.08610957820880674,0.35868564340255676,0.5552047783886366
the giggling in the background is seriously ruining the immersion Kappa,neither,0.042320885803091644,0.30317421663679583,0.6545048975601125
@laraleecupcake at 9pm,neither,0.038568654689471384,0.35728445358008215,0.6041468917304463
!clock,neither,0.03945320844208391,0.33037608806864915,0.630170703489267
It is currently 7:09 PM at the Geek & Sundry studio in California.,neither,0.051991185132496114,0.32955794337183575,0.6184508714956681
Choose tonight's BIG Question! - www.strawpoll.me/14374041,neither,0.023387357831101244,0.3817224964601739,0.5948901457087249
"""No Banner! Only Hulk!""",neither,0.03878571033933583,0.34170527290351654,0.6195090167571475
"there are 7 sides to a box, you need to count the inside",neither,0.070966837096698,0.1589245203042851,0.7701086425990168
better GUEST,neither,0.03945320844208391,0.33037608806864915,0.630170703489267
No suit though,neither,0.03857806230678777,0.3452296019340389,0.6161923357591734
"!clock HIGHLY EXPERIMENTAL: 7-8:30pm, Five creative minds made their pilot shows for GnS's twitch. They got a budget and a pair of episodes. Kate Elliot hosts the show with a behind the scenes look. | GATHER YOUR PARTY: 9pm-?, Tonight Gather Your Pub",neither,0.05089520893843228,0.2953572682430415,0.6537475228185262
It is currently 7:10 PM at the Geek & Sundry studio in California.,neither,0.05278050124288341,0.3294782107705942,0.6177412879865223
Any relation to Spencer Crittenden?,neither,0.05351827532983312,0.3224049080625812,0.6240768166075855
Hello all! What have I missed?,neither,0.045896546557342995,0.40267951871773006,0.5514239347249269
You also have to count the top and bottom. Which since you're also counting the inside means there's 11 sides to a box.,neither,0.058996405169949535,0.21202986030583598,0.7289737345242144
Something Asinine,neither,0.03945320844208391,0.33037608806864915,0.630170703489267
errr 9 I counted twice,neither,0.03945320844208391,0.33037608806864915,0.630170703489267
instagram.com/asininewisdom/,neither,0.03774057231459172,0.3594439927763176,0.6028154349090906
Hehehehehhe,neither,0.03945320844208391,0.33037608806864915,0.630170703489267
Hey Chat!,neither,0.03945320844208391,0.33037608806864915,0.630170703489267
Ooooooohhhh!!,neither,0.03945320844208391,0.33037608806864915,0.630170703489267
aaaaah ha ha ha :D,neither,0.03945320844208391,0.33037608806864915,0.630170703489267
Well done,neither,0.03835210096346887,0.34906475564227485,0.6125831433942563
NotLikeThis NotLikeThis NotLikeThis NotLikeThis NotLikeThis NotLikeThis NotLikeThis NotLikeThis,neither,0.03945320844208391,0.33037608806864915,0.630170703489267
Hehehhe,neither,0.03945320844208391,0.33037608806864915,0.630170703489267
Hahaha!,neither,0.03945320844208391,0.33037608806864915,0.630170703489267
The box is an illusion. There is no box.,neither,0.0495782362567227,0.2945663649254939,0.6558553988177834
lmao :D,neither,0.03705015143476208,0.3711622369619404,0.5917876116032975
"I like him, he's like me",neither,0.06626225444293965,0.42042267043357806,0.5133150751234824
erika,neither,0.03945320844208391,0.33037608806864915,0.630170703489267
stefRage stefHeart stefFremen stefRage stefHeart stefFremen,neither,0.03945320844208391,0.33037608806864915,0.630170703489267
stefFremen stefMacaron stefHighFive stefRepresent,neither,0.03945320844208391,0.33037608806864915,0.630170703489267
Long Live Stefatron!!!!!!!!!,neither,0.04562300510104399,0.32551386500966817,0.6288631298892878
stefFremen stefFremen stefFremen stefFremen stefFremen stefFremen,neither,0.03945320844208391,0.33037608806864915,0.630170703489267
Stef,neither,0.03945320844208391,0.33037608806864915,0.630170703489267
can you even be odd? :P,neither,0.05685908156675958,0.39714750472163723,0.5459934137116033
"if he can't read, why is he in charge of the banner",neither,0.03053736106211249,0.3572463226353661,0.6122163163025215
Stef!!!! gandsLessthanthree gandsMasterStef,neither,0.03945320844208391,0.33037608806864915,0.630170703489267
stefFremen stefFremen stefFremen stefFremen stefFremen stefFremen,neither,0.03945320844208391,0.33037608806864915,0.630170703489267
so what is this one?,neither,0.059957924877528275,0.4311714402194253,0.5088706349030464
"Speaking of Pole footage, Stef Woodburn!",neither,0.03945320844208391,0.33037608806864915,0.630170703489267
"Poor Stef, everyone's been getting her name wrong lately.",offensive_language,0.02780764955214858,0.5631524550231692,0.4090398954246821
hahahaha,neither,0.03945320844208391,0.33037608806864915,0.630170703489267
lol,neither,0.020706217963973744,0.4882283491876925,0.4910654328483337
gandsLessthanthree gandsMasterStef,neither,0.03945320844208391,0.33037608806864915,0.630170703489267
LOL,neither,0.020706217963973744,0.4882283491876925,0.4910654328483337
stefFremen stefRepresentHeirloom,neither,0.03945320844208391,0.33037608806864915,0.630170703489267
I expect Stef will start beating these two up within the first 5 minutes,neither,0.03898954624511178,0.3738155276635961,0.5871949260912922
gandsApplaud gandsApplaud gandsApplaud gandsApplaud gandsApplaud gandsApplaud gandsApplaud gandsApplaud gandsApplaud gandsApplaud,neither,0.03945320844208391,0.33037608806864915,0.630170703489267
it's pronounced cray-ons.,neither,0.03844947192920723,0.33072131908237,0.6308292089884228
Carayons is for going carazy with caolors.,neither,0.0247019568899117,0.37623102015154736,0.5990670229585409
"Cod, I love these guys!",neither,0.045252430571011006,0.42293356848853736,0.5318140009404517
Hi Stef!,neither,0.03945320844208391,0.33037608806864915,0.630170703489267
stefHeart stefHeart stefHeart stefHeart stefHeart,neither,0.03945320844208391,0.33037608806864915,0.630170703489267
gandsSubHype,neither,0.03945320844208391,0.33037608806864915,0.630170703489267
stefBelle stefHeart stefMacaron stefOatmeal stefFremen stefLanguage stefSuccess stefHighFive stefGoldSWSword stefRepresent stefRage,neither,0.03945320844208391,0.33037608806864915,0.630170703489267
is that cake in that bag or is it a lie,neither,0.04649788918916519,0.35189896852633024,0.6016031422845046
stefFremen stefFremen stefHighFive stefMacaron,neither,0.03945320844208391,0.33037608806864915,0.630170703489267
Stef <3,neither,0.03945320844208391,0.33037608806864915,0.630170703489267
:D,neither,0.03945320844208391,0.33037608806864915,0.630170703489267
@fuffybutt it's two tickets to Seattle,neither,0.04450640473955293,0.31823807100774065,0.6372555242527063
Stef has anger issues. stefRage stefRage stefRage ifdeezMad ifdeezMad ifdeezMad,neither,0.039818160445719314,0.32418190011812364,0.635999939436157
"Heloo, Ms Woodburn",neither,0.03945320844208391,0.33037608806864915,0.630170703489267
gandsHR gandsHR gandsHR gandsHR gandsHR,neither,0.03945320844208391,0.33037608806864915,0.630170703489267
Is Daryl having a seizure tonight?,neither,0.04404484550948908,0.30831514526476517,0.6476400092257458
"Stef is here, I am worried that those two will end up in Seattle",neither,0.09504692075817252,0.2925327876536737,0.6124202915881539
