text,top_class,hate_speech,offensive_language,neither
TWO Johnsons?!? Whaaaa,neither,0.0407660999210139,0.30809289329748146,0.6511410067815048
man I never get to watch this live anymore. huzzah,neither,0.05021278944681258,0.41734035448770035,0.5324468560654871
D&J HYPE!!!!!!!!!!!!,neither,0.03945320844208391,0.33037608806864915,0.630170703489267
@KnucklesRE This opening shows you everything you need to know about this program.,neither,0.06610871961801805,0.40750620330153886,0.526385077080443
this is my second favorite thing this channel has ever produced,neither,0.0367616267093953,0.37705104452620924,0.5861873287643955
lol,neither,0.020706217963973744,0.4882283491876925,0.4910654328483337
possibly tied for first,neither,0.029369913576168267,0.30754591527017106,0.6630841711536607
!bubblegum,neither,0.03945320844208391,0.33037608806864915,0.630170703489267
KnucklesRE You'll get acquainted soon :P,neither,0.06127395602455923,0.4051545192978293,0.5335715246776115
"You came here to chew Bubblegum and watch an RPG. Check out the rules for Dick & Johnson's RPG system here, https://gist.github.com/anonymous/2e00cd265c8628d4fb13",offensive_language,0.10878855305517567,0.46746033330792874,0.42375111363689555
hell yeah,offensive_language,0.024014075456083226,0.8806496383571902,0.0953362861867266
Oh my dear god what is that intro!!,neither,0.04051860447679049,0.3829645436817428,0.5765168518414667
"Glorious, that's what.",neither,0.04275675352240927,0.41454745267075815,0.5426957938068324
jcvimHi Dave's vback,neither,0.03945320844208391,0.33037608806864915,0.630170703489267
"Hi Sax, Dave and Keller!",neither,0.03882546425470081,0.299292879107338,0.6618816566379612
#davetherevolution,neither,0.03945320844208391,0.33037608806864915,0.630170703489267
Daaaaaave!,neither,0.03945320844208391,0.33037608806864915,0.630170703489267
'[;pp[[]]]]]],neither,0.03945320844208391,0.33037608806864915,0.630170703489267
"Dave is pure ""human""!",neither,0.1782552066469571,0.18864978682390043,0.6330950065291424
#PutItInTheWiki,neither,0.03945320844208391,0.33037608806864915,0.630170703489267
"ok yea, i remember keller from Foreververse",neither,0.04008832646439119,0.319596477704138,0.6403151958314708
we should get some wiki-only adventures,neither,0.04110964276370703,0.3854992549167323,0.5733911023195607
or side-quests at least,neither,0.03296244589752161,0.39737361526962417,0.5696639388328544
"i dont, but that because i have an android and they make sense",neither,0.03375101870490892,0.34074963928279023,0.6254993420123007
"Help G&S make great content! $4.99/month gets you emotes, Minecraft server access, Sub Only Q&As, VODs, and more! Every sub keeps the channel alive! twitch.tv/geekandsundry/subscribe",neither,0.043092924924402844,0.32365565443818894,0.6332514206374082
Is it December 15th yet?,neither,0.04608238247924005,0.3280960111325014,0.6258216063882586
is this live?,neither,0.06264826366348325,0.3248039992423424,0.6125477370941744
LUL keller,neither,0.03945320844208391,0.33037608806864915,0.630170703489267
yerp,neither,0.03945320844208391,0.33037608806864915,0.630170703489267
Dec 15 will be PURE TOTAL CHAOS? I'm IN!,neither,0.040571905547056274,0.31827884650543825,0.6411492479475055
"Yes, this is live.",neither,0.05676722329408506,0.3263149120615113,0.6169178646444036
@SkimpySatchels Yep,neither,0.03945320844208391,0.33037608806864915,0.630170703489267
koo,neither,0.03945320844208391,0.33037608806864915,0.630170703489267
@danoba are the bit adjusted?,neither,0.07785130657434575,0.2455313276242762,0.6766173658013781
"@Critternation3000 They are, you may need to refresh if it still shows 10K.",neither,0.053215671823340215,0.3549823054844007,0.591802022692259
"I just got here, what's happening on the 15th?",neither,0.07325516523913775,0.34792694775252053,0.5788178870083417
Dec. that is,neither,0.0436934699612105,0.3723876712986079,0.5839188587401816
@tomservo544 Special D&J episode.,neither,0.07984703317034372,0.3072744301135475,0.6128785367161087
We ave no details other than that.,neither,0.03577251267988439,0.3764896852887449,0.5877378020313707
@tomservo544 Season Finale,neither,0.03970109683685264,0.3261687750722654,0.6341301280908821
Awesome. Is that the crossover episode or just its own special awesomeness?,neither,0.07007088404864086,0.33930202761365685,0.5906270883377024
well they said last ep of the year,neither,0.03876714501198645,0.3178986433481242,0.6433342116398894
@tomservo544 A Return of Dick&Johnson the Christmas Special: Electric Boogallo,offensive_language,0.0841625341631176,0.6431539392604281,0.2726835265764543
but that late in december that only really means theyd miss a week or two,neither,0.030129984711583083,0.3790010185322919,0.590868996756125
as long as we're not butt chugging,neither,0.052339034210602084,0.39857601290697187,0.5490849528824261
Nice,neither,0.03945320844208391,0.33037608806864915,0.630170703489267
Hehhehehhehe,neither,0.03945320844208391,0.33037608806864915,0.630170703489267
Sub HYPE!!!,neither,0.03945320844208391,0.33037608806864915,0.630170703489267
https://clips.twitch.tv/FitColorfulPistachioSuperVinlin,neither,0.03945320844208391,0.33037608806864915,0.630170703489267
ASStral form,neither,0.03945320844208391,0.33037608806864915,0.630170703489267
"this isn't the Dick and Johnson with Star Trek, right?",offensive_language,0.044771833308149815,0.6755128265179003,0.2797153401739498
"yeah, it isn't",neither,0.019657558047081948,0.46417057936436734,0.5161718625885507
@Davecom3 Not yet.,neither,0.03736749249345169,0.3382716119106542,0.624360895595894
skybye92 -> Only those that we deem worthy shall possess the power of the Hyperlink [warning],neither,0.048140585852785724,0.2990817588418225,0.6527776553053918
they can't cover Star Trek if Hector ain't here,neither,0.031105783002878213,0.4808031336378999,0.4880910833592219
oh,neither,0.051363287716059566,0.22255663153133606,0.7260800807526044
or he might kill them,hate_speech,0.5248346595161496,0.1437239426503719,0.33144139783347865
No Dick for Keller?,offensive_language,0.05257299908518658,0.82841295407547,0.1190140468393434
the adventures of & Johnson,neither,0.038334444829309734,0.3097773299513497,0.6518882252193405
I can believe in Dickless Johnson!,neither,0.03973895474700835,0.32552622753565047,0.6347348177173412
C Hunter,neither,0.03945320844208391,0.33037608806864915,0.630170703489267
The human players are no longer allowed to bite off the quarterback's head.,neither,0.12825910631559606,0.22306193214661335,0.6486789615377906
How late am I,neither,0.039219368528491595,0.33045651633780365,0.6303241151337047
Not very,neither,0.03750100959288003,0.337756373983196,0.624742616423924
Johnson drank a whole pool of beer,neither,0.03945320844208391,0.33037608806864915,0.630170703489267
@chovexani just started,neither,0.032803472495977,0.36242220823605287,0.6047743192679701
"3 months, scan says it's a boy cho!",neither,0.038293843571823256,0.33077484681090646,0.6309313096172704
A nude Submersible?,neither,0.03945320844208391,0.33037608806864915,0.630170703489267
a sensory deprivation tank of beer,neither,0.03945320844208391,0.33037608806864915,0.630170703489267
Single-use travel pods were good enough for John Glenn and they're good enough for me!,neither,0.023182581318776842,0.32723222557650494,0.6495851931047183
Sub HYPE!!!,neither,0.03945320844208391,0.33037608806864915,0.630170703489267
This episode will be so Jawesome!,neither,0.04151572178142926,0.36025163171248065,0.5982326465060901
And a whole expendable crew.,neither,0.03879210940771755,0.29750367843812775,0.6637042121541546
XD,neither,0.03945320844208391,0.33037608806864915,0.630170703489267
yeah why do you think James Cameron went to the bottom of the Trench?,neither,0.03368915988428654,0.39832778013043,0.5679830599852835
secret meeting with Atlantians,neither,0.029354590660909896,0.36533063310788005,0.6053147762312101
XD Opposite water,neither,0.03945320844208391,0.33037608806864915,0.630170703489267
"Why can’t I watch Honey Heist, I am subscribed!",neither,0.033397611509799946,0.33889120100365266,0.6277111874865473
"Air today, wet tomorrow!",neither,0.038169062840000705,0.31070184574047943,0.6511290914195199
Re Sub HYPE!!!,neither,0.05796738926929811,0.3016950255183242,0.6403375852123776
you're not an alcoholic until you bleed,neither,0.08335747124929069,0.3769544702938669,0.5396880584568424
https://clips.twitch.tv/AbstruseResilientLeopardSwiftRage,neither,0.03945320844208391,0.33037608806864915,0.630170703489267
RIP Higgins IRL,neither,0.03945320844208391,0.33037608806864915,0.630170703489267
@Danoba Fabulous title!,neither,0.03945320844208391,0.33037608806864915,0.630170703489267
... really where dick woulda come in handy? gandsHR,offensive_language,0.06016756433421098,0.7498948208549113,0.18993761481087768
@chaoticloony Inspired by you.,neither,0.06063621326281972,0.4434885287270414,0.4958752580101389
XD,neither,0.03945320844208391,0.33037608806864915,0.630170703489267
Hello,neither,0.03945320844208391,0.33037608806864915,0.630170703489267
Jeezus,neither,0.03945320844208391,0.33037608806864915,0.630170703489267
I so love this show. Pure CHAOS!!!!!,neither,0.048647504073997004,0.3169052456163381,0.634447250309665
Hi @TerrorWolfStudios,neither,0.03945320844208391,0.33037608806864915,0.630170703489267
I love that show too,neither,0.04901579503656271,0.30800297633143936,0.642981228631998
despite the lack of representation of minorities,neither,0.03884485329440581,0.31933430502522486,0.6418208416803692
https://clips.twitch.tv/SuspiciousNaiveKimchiAMPEnergy,neither,0.03945320844208391,0.33037608806864915,0.630170703489267
XD,neither,0.03945320844208391,0.33037608806864915,0.630170703489267
Underhands?,neither,0.03945320844208391,0.33037608806864915,0.630170703489267
Cod Damnit XD now will he remember to use it later,neither,0.024727175041613203,0.37394644792278386,0.6013263770356029
"100 points to Dave for the ""Cod Dammit"" idea!",neither,0.03900980897476238,0.30223875041877635,0.6587514406064613
It's the Upside Drown!,neither,0.03743569339829585,0.31649924894536047,0.6460650576563438
XD there ya go,offensive_language,0.022671765969955418,0.6078090500817657,0.3695191839482789
@super390 Points.,neither,0.03945320844208391,0.33037608806864915,0.630170703489267
hayoooo,neither,0.03945320844208391,0.33037608806864915,0.630170703489267
perfect,neither,0.03945320844208391,0.33037608806864915,0.630170703489267
This is so cod damn funny...,offensive_language,0.05166759110013367,0.7903266169405829,0.15800579195928321
XD,neither,0.03945320844208391,0.33037608806864915,0.630170703489267
Sub HYPE!!!,neither,0.03945320844208391,0.33037608806864915,0.630170703489267
this should turn into Stranger Fins with the Upside Drown,neither,0.03830512207656698,0.36201790710726145,0.5996769708161717
https://clips.twitch.tv/ZealousAmazonianEggDoubleRainbow,neither,0.03945320844208391,0.33037608806864915,0.630170703489267
Where is Lantis?,neither,0.06245822111259904,0.2612427577458543,0.6762990211415466
Somewhat better than our ally Saudi Arabia.,neither,0.039193635557655995,0.33478171734863743,0.6260246470937066
if one is At it and the other is Under it,neither,0.03114911117416801,0.3678687401470257,0.6009821486788063
So much Dave HYPE!!!!!!,neither,0.03596739104704546,0.37174616226702123,0.5922864466859333
!whodat,neither,0.03945320844208391,0.33037608806864915,0.630170703489267
"GM Sax Carr ( twitter.com/SaxCarr ) Keller Knoblock ( twitter.com/KellerKnoblock ), with guests Darrel Glen Haynes ( twitter.com/DarrelHaynes ) and David C. Reynolds ( twitter.com/DaveyReyRey ).",neither,0.035124689566872556,0.45948786262230795,0.5053874478108196
Hi Darrel,neither,0.03945320844208391,0.33037608806864915,0.630170703489267
https://clips.twitch.tv/BusyBoredJayOMGScoots,neither,0.03945320844208391,0.33037608806864915,0.630170703489267
Fin always breathes while drinking.,neither,0.038236928530261886,0.3683398441077753,0.593423227361963
Only one universe fluoridates its tap water.,neither,0.03447718638539409,0.35488007031029084,0.610642743304315
