text,top_class,hate_speech,offensive_language,neither
"Alas, I'm old.",neither,0.03945320844208391,0.33037608806864915,0.630170703489267
of Matt and Tal and others,neither,0.038412553377580476,0.275565947095792,0.6860214995266275
"@LeSemblantok, hopefully it's just the music and not the actual audio",neither,0.033631221036765135,0.30270300781441584,0.6636657711488191
drinking and karaokeing,neither,0.03838199783767558,0.27363736312101417,0.6879806390413102
i'm alive for a GYP? Holy Moley doogHype,neither,0.034646278659280154,0.3063591688064385,0.6589945525342813
Hi Erika and Taliesin!,neither,0.038358606956405694,0.2721397086643902,0.6895016843792041
"SmaldragonL - The logistical nightmare of camera, sound and lighting equipment following them around as they wander from one pub to another, would simply be a nightmare.",neither,0.06519571756568096,0.29129504178986027,0.6435092406444587
YES!!,neither,0.03945320844208391,0.33037608806864915,0.630170703489267
GYP gandsSubHype gandsSubHype gandsSubHype,neither,0.03945320844208391,0.33037608806864915,0.630170703489267
Erika is too adorable.,neither,0.04923330960601263,0.33208076851401774,0.6186859218799696
OI!,neither,0.03945320844208391,0.33037608806864915,0.630170703489267
"Gather Your Party has begun, pause / play or Refresh if you do not see it.",neither,0.049725572956096496,0.3807708535927574,0.569503573451146
Did I tune in right as things were starting? Excellent timing if so :D,neither,0.02878951503211762,0.39711552316594967,0.5740949618019328
oh my golly,neither,0.03236932916326653,0.3691666553057533,0.59846401553098
Woooo!!!!!,neither,0.03945320844208391,0.33037608806864915,0.630170703489267
Hi EKBot and Taliesin!,neither,0.038358606956405694,0.2721397086643902,0.6895016843792041
gandsSubHype gandsSubHype gandsGandsEars gandsGandsEars gandsClassic gandsClassic,neither,0.03945320844208391,0.33037608806864915,0.630170703489267
They look amazing oh my god,neither,0.03459902380568818,0.3636792003978399,0.6017217757964718
gandsSubHype gandsSubHype gandsSubHype gandsSubHype,neither,0.03945320844208391,0.33037608806864915,0.630170703489267
I wonder if that's the trenchcoat he was talking about on wednesday @Luna_Safire :D,neither,0.024257701058487756,0.4151705020427152,0.5605717968987969
Erika is the most adorkable. <3 <3 <3,neither,0.05281435751052531,0.2987631173013035,0.6484225251881711
Amazing hats,neither,0.03945320844208391,0.33037608806864915,0.630170703489267
"Taliesin's GYP is like Eastg Asian variety shows - there's a theme, lots of guests, they talk and there's alittle variety. :)",neither,0.04177354126918197,0.2128297071975455,0.7453967515332726
We're going to go where everyone knows our name?,neither,0.05329251723060697,0.3837709241738686,0.5629365585955245
will they be playing pubg? Kappa,neither,0.04113919030513465,0.31223022113027543,0.64663058856459
break out the Guiness,neither,0.032178801157995825,0.33095657380906435,0.6368646250329398
"Morning (or whatever fits best to your timezone), all",neither,0.08390541898650945,0.2580636231882669,0.6580309578252237
black and tans,neither,0.08653639224666841,0.21629480407359353,0.697168803679738
So excite!,neither,0.03940934168832202,0.38195233036853654,0.5786383279431415
Hey Erika and Tallesin and all o/,neither,0.03911086494919922,0.30830130157726876,0.652587833473532
"This is pretty much a contemporary British pub, no?",neither,0.04137752475614079,0.34090659395234013,0.6177158812915192
mmm Guinness,neither,0.03945320844208391,0.33037608806864915,0.630170703489267
solving the worlds problems,neither,0.038755950638599115,0.3176912970179336,0.6435527523434673
Taliesin with the bowler. Gaddam! never seen anyone look that good in a bowler besides Oxhorn.,neither,0.026865605400290125,0.40288063007357366,0.5702537645261363
getting a real speak easy vibe going on right now,neither,0.029401428397590933,0.4847171451957636,0.48588142640664556
Hi @Ossborn,neither,0.03945320844208391,0.33037608806864915,0.630170703489267
Sazerac please!!!,neither,0.03945320844208391,0.33037608806864915,0.630170703489267
I'm so ready for this,neither,0.03150411019602629,0.3479540858914938,0.6205418039124799
Erika wearing a trilby Kappa,neither,0.03945320844208391,0.33037608806864915,0.630170703489267
Who is keeping bar?,neither,0.04793814069093999,0.38916774274211346,0.5628941165669467
bring on the old timey filter,neither,0.036171667008000875,0.32784792375372074,0.6359804092382785
Don't call them black and tan,neither,0.07630207000593002,0.2670579442119555,0.6566399857821146
@Luna_Safire i've seen worse also saw a 9 years younger matt mercer there,neither,0.02840991855830731,0.21796463967658616,0.7536254417651065
good morning everyone,neither,0.040724576765085965,0.29551443435292063,0.6637609888819933
it'll be just like karaoke night at pretty much any bar,neither,0.03425331587407251,0.3728066213579224,0.592940062768005
I have a cd of Sci-Fi drinking songs.,neither,0.03913867938006599,0.33571446710653435,0.6251468535133996
"If i know the song, i will sing along!",neither,0.025905715047997633,0.3470474107567561,0.6270468741952462
Keepo I'm always here,neither,0.13237710452062917,0.34723421841827745,0.5203886770610934
"Hey all , this looks cool .",neither,0.04122036240188432,0.40720646956892537,0.5515731680291903
Ye Ol GnS,neither,0.03945320844208391,0.33037608806864915,0.630170703489267
NotJez - A trilby is a short rimmed fedora. That's a snap cap.,neither,0.0420166557104268,0.3566961944846208,0.6012871498049523
just saying the balron which talsin is not part of the british isle its irish,neither,0.031756705931659954,0.32809919579741137,0.6401440982709288
That drum tho,neither,0.031614585761286354,0.3833458823206547,0.585039531918059
@shidohari it's wild tho,neither,0.03310864242231219,0.341745098080423,0.6251462594972648
They're all going to be in the key or drunk,neither,0.06004272517693812,0.369545226203095,0.570412048619967
@notjez I bet someone corrects you even with the Kappa,neither,0.03953985594420523,0.39673918588627816,0.5637209581695167
Hi @archie_opteryx,neither,0.03945320844208391,0.33037608806864915,0.630170703489267
all of them off a million different keys,neither,0.05215545834667429,0.3801344348611899,0.5677101067921357
@Luna_Safire true enough,neither,0.03945320844208391,0.33037608806864915,0.630170703489267
"Top o' the evening to ye, and the rest o' the day for meself, all! :-)",neither,0.03869478833080899,0.2881596115109318,0.6731456001582593
of course :p,neither,0.03945320844208391,0.33037608806864915,0.630170703489267
Heya @chaoticloony !,neither,0.03945320844208391,0.33037608806864915,0.630170703489267
tomservo544 - guilty. -.-,neither,0.03945320844208391,0.33037608806864915,0.630170703489267
Hi @JaySear76,neither,0.03945320844208391,0.33037608806864915,0.630170703489267
Hi @Little_Tito,neither,0.03945320844208391,0.33037608806864915,0.630170703489267
Hey people. It's 6am here in Sweden. I just got home from a party. How are y'all lovely people doing?,neither,0.12603416958329122,0.3374735853732325,0.5364922450434761
@LeSemblant Thank you for the hat explanation it's been bugging me since it was said during the Honey Heist,neither,0.03673088873755932,0.3448598482953474,0.6184092629670933
hej hej,neither,0.03945320844208391,0.33037608806864915,0.630170703489267
high fice @PawnTheAmazing,neither,0.033145104355715105,0.48079866637856256,0.4860562292657223
Yay!,neither,0.03945320844208391,0.33037608806864915,0.630170703489267
"@Dafoxsaysmoo do not promote your own channel in here, especially when we are live",neither,0.13833130767504898,0.2933463693615827,0.5683223229633684
hahah yes Pawn!,neither,0.03945320844208391,0.33037608806864915,0.630170703489267
brobeHey,neither,0.03945320844208391,0.33037608806864915,0.630170703489267
five*,neither,0.03945320844208391,0.33037608806864915,0.630170703489267
I feel like this is going to take my back to my cousin's wedding and the Gaelic Storm concert from a few years ago...,neither,0.04066785715843955,0.38821508165532503,0.5711170611862354
"i may sing, i may be by myself and i may have a shit ton of beer in my fridge. i am totally ready for this doogMagical doogDrink doogFoxy doogDrink doogMagical",offensive_language,0.04645147667115529,0.7854974691476464,0.1680510541811984
jcvimHi jcvimHi jcvimHi jcvimHi,neither,0.03945320844208391,0.33037608806864915,0.630170703489267
"Kate Elliot, our British contingent.",neither,0.03945320844208391,0.33037608806864915,0.630170703489267
DEADSHOTKATE!,neither,0.03945320844208391,0.33037608806864915,0.630170703489267
@PawnTheAmazing Quite Good,neither,0.03866858186574998,0.3306459571277748,0.6306854610064753
katie hype,neither,0.03945320844208391,0.33037608806864915,0.630170703489267
!whodat,neither,0.03945320844208391,0.33037608806864915,0.630170703489267
"Danwill McCann ( twitter.com/Bardic_DW ), Katie Kathleen, Kevin Skipjack, Chris Bevans ( twitter.com/VoiceofBevins ), Lauran Stewart ( twitter.com/merchantgreen )Kate Elliot ( twitter.com/katerstweets ), Amy Dallen ( twitter.com/enthusiamy ).",neither,0.03870599121872185,0.4602156277568187,0.5010783810244593
@dafoxsaysmoo no thanks,neither,0.035164368710469435,0.32577916295050513,0.6390564683390255
STOP CALLING IRISH THINGS BRITISH daum,neither,0.03940188312106981,0.388384174534504,0.5722139423444262
"undercovergoth - I just got tired of looking for fedoras, and finding a trilby. So disappointing. :P",neither,0.030048468445731905,0.359048773175708,0.6109027583785601
In Kate we trust!,neither,0.03930514334966063,0.33288913910617124,0.6278057175441681
I'm not home alone or else I'd totally sing along!,neither,0.03861033198013317,0.3335279206090476,0.6278617474108191
Yay Amy!!!,neither,0.03945320844208391,0.33037608806864915,0.630170703489267
Gather Your Peaky Blinders,neither,0.06524029444393677,0.3232213912842776,0.6115383142717856
Amy!,neither,0.03945320844208391,0.33037608806864915,0.630170703489267
Amy!!!,neither,0.03945320844208391,0.33037608806864915,0.630170703489267
amyyyyyyyyyyy,neither,0.03945320844208391,0.33037608806864915,0.630170703489267
Kravmagoober -> Where's a hammer when you need one? [stop spamming emotes] [warning],neither,0.0429201387806212,0.4597807389118652,0.4972991223075136
yaaaaay Amy! so many people :D,neither,0.06897408522211286,0.3711966267179851,0.5598292880599022
"Yay, Amy makes everything better. <3",neither,0.039442783618943114,0.3302887919418178,0.6302684244392391
I might be slightly very drunk. But doesn't that just make it better?,neither,0.03191552571087556,0.37831977143017476,0.5897647028589498
LOL!,neither,0.020706217963973744,0.4882283491876925,0.4910654328483337
Amy!,neither,0.03945320844208391,0.33037608806864915,0.630170703489267
Amy!,neither,0.03945320844208391,0.33037608806864915,0.630170703489267
Chris!,neither,0.03945320844208391,0.33037608806864915,0.630170703489267
I'm pretty sure that's the Doctor just visiting the early 20th century.,neither,0.03222337947442892,0.402715075749252,0.565061544776319
yay amy,neither,0.03945320844208391,0.33037608806864915,0.630170703489267
That is the same Chris Bevens,neither,0.04383438789031884,0.36415158673407727,0.5920140253756039
A singing Amy is so fabulous!,neither,0.04557272459815726,0.36240477910850505,0.5920224962933376
Internet Sensation Amy Dallen!,neither,0.03945320844208391,0.33037608806864915,0.630170703489267
ahem I think you mean Internet Sensation Amy Dallen Kappa,neither,0.05121952320240421,0.35631461861722075,0.5924658581803749
Chris!,neither,0.03945320844208391,0.33037608806864915,0.630170703489267
I thought they didn't drink on this channel :D,neither,0.028425324812672546,0.29727716446460134,0.674297510722726
G'morning,neither,0.05283876784042269,0.1031882115525248,0.8439730206070525
Bevins!!!,neither,0.03945320844208391,0.33037608806864915,0.630170703489267
Chris!!!,neither,0.03945320844208391,0.33037608806864915,0.630170703489267
Hello.,neither,0.03945320844208391,0.33037608806864915,0.630170703489267
!whodat,neither,0.03945320844208391,0.33037608806864915,0.630170703489267
"Erika Ishii ( twitter.com/erikaishii ), Taliesin Jaffe ( twitter.com/executivegoth ), Danwill McCann ( twitter.com/Bardic_DW ), Katie Kathleen, Kevin Skipjack, Chris Bevans ( twitter.com/VoiceofBevins ), Lauran Stewart ( twitter.com/merchantgreen ), Kate Elliot ( twitter.com/katerstweets ), Amy Dallen ( twitter.com/enthusiamy ).",neither,0.038677193821399974,0.4671016587370396,0.49422114744156037
"well then, if we're pub singing, i best get a drink",neither,0.0355041274889903,0.3497167065541545,0.6147791659568553
Hoping for Barretts Privateers :),neither,0.032394040647179684,0.29515229457236625,0.6724536647804541
rexzilHYPE,neither,0.03945320844208391,0.33037608806864915,0.630170703489267
FormIsContent - Since when?,neither,0.02508475095669717,0.4070749862201132,0.5678402628231896
@PawnTheAmazing you're just joining in the fun,neither,0.06739647453911535,0.3467856546000642,0.5858178708608205
omg geocities shoutout,neither,0.03945320844208391,0.33037608806864915,0.630170703489267
I've just never seen it @LeSemblant,neither,0.012562694209289803,0.37335120215324225,0.614086103637468
@BlairBeveridge yesss Barretts!,neither,0.03945320844208391,0.33037608806864915,0.630170703489267
Cornish,neither,0.03945320844208391,0.33037608806864915,0.630170703489267
FormIsContent - The only one NOT drinking alcohol during Critical Role is Matt Mercer. :P,neither,0.04197401740751942,0.3396555405788986,0.618370442013582
@LeSemblant @FormIsContent There was a specific incident. Not on this show though.,neither,0.045813822442154706,0.26652277840073085,0.6876633991571145
But who cares... Pass the ALE!,neither,0.03569261155768681,0.3874861334034159,0.5768212550388971
That site saved my bacon when I forgot to memorize closing canon songs when I did Ren fest...,neither,0.028067635214074387,0.41934052498226987,0.5525918398036557
!whodat,neither,0.03945320844208391,0.33037608806864915,0.630170703489267
"Erika Ishii ( twitter.com/erikaishii ), Taliesin Jaffe ( twitter.com/executivegoth ), Danwill McCann ( twitter.com/Bardic_DW ), Katie Kathleen, Kevin Skipjack, Chris Bevans ( twitter.com/VoiceofBevins ), Lauren Stewart ( twitter.com/merchantgreen ), Kate Elliot ( twitter.com/katerstweets ), Amy Dallen ( twitter.com/enthusiamy ).",neither,0.038682171164165995,0.4658892688454835,0.49542855999035057
"With Kate around, it truly is a party!",neither,0.03522593213341747,0.3564207615271632,0.6083533063394193
oh they can see chat!,neither,0.04495795131785971,0.2760019157908036,0.6790401328913366
Yay for real instruments :),neither,0.026290185753639464,0.4218046744768699,0.5519051397694905
THE ROCKY ROAD TO DUBLIN!!!!,neither,0.04370347124746554,0.31543906772839664,0.6408574610241378
"We're Americans, we're a mix mash of all them former UK places.",neither,0.06734782309482872,0.3332620837823513,0.59939009312282
i will need to apologize to my roommates in the morning sbzyOmg,neither,0.046981776952056326,0.24527587839824347,0.7077423446497003
"Let's leave the Isles' politics aside and just have a sing song, mates! :-)",neither,0.026287312303781032,0.3382125026622995,0.6355001850339194
@stardustinoureyes which site?,neither,0.03945320844208391,0.33037608806864915,0.630170703489267
dark and stormies for all,neither,0.03264703546876175,0.3216488333118889,0.6457041312193493
Sea Shanties are the best,neither,0.0646974871544729,0.26036148466756637,0.6749410281779608
101deadpool1017 - and more!,neither,0.04179084612257124,0.2343044033039325,0.7239047505734963
tal your holding a bodhran which is an irish drumming instument not welsh at all wtf :/,offensive_language,0.06625021050522319,0.5278618193982039,0.405887970096573
sbzyBaeloy,neither,0.03945320844208391,0.33037608806864915,0.630170703489267
Glad to hear y'all are doing good. Happy that I managed to make it for the fun stuff. :D @Luna_Safire,neither,0.054800778386216775,0.33381714323976813,0.611382078374015
Everyone looks awesome tonight! Looking so cute Erika!,neither,0.03429355269896768,0.39674691400203776,0.5689595332989946
"well that does make sense @LeSemblant it was CR when Sam referred to ""that bottle of definitely-not-alcohol"" that threw me off",neither,0.024991363949910594,0.4616210044589203,0.5133876315911691
Whiskey was great in Dollhouse,neither,0.037583415680227716,0.30877196491159825,0.6536446194081741
"I got my drink ready to go. Hard Cider, my drink of choice",offensive_language,0.02718162191172752,0.5435462553653138,0.4292721227229588
Great outfits,neither,0.03747316059443195,0.3039628757256895,0.6585639636798787
I am so happy that Amy appears to be better!,neither,0.041221723003811314,0.388654549863512,0.5701237271326767
a few mics are off,neither,0.07740094270000998,0.2691266420953421,0.6534724152046479
"!whodat fixed, hopefully.",neither,0.03945320844208391,0.33037608806864915,0.630170703489267
Bring out the drinks!,neither,0.03412418133919926,0.33061176685890314,0.6352640518018975
"Erika Ishii ( twitter.com/erikaishii ), Taliesin Jaffe ( twitter.com/executivegoth ), Danwill McCann ( twitter.com/Bardic_DW ), Katie Kathleen, Kevin Skipjack, Chris Bevans ( twitter.com/VoiceofBevins ), Lauren Stewart ( twitter.com/merchantgreen ), Kate Elliot ( twitter.com/katerstweets ), Amy Dallen ( twitter.com/enthusiamy ).",neither,0.038682171164165995,0.4658892688454835,0.49542855999035057
To be fair when does Erika not look good,neither,0.02543488692512158,0.4742644760815908,0.5003006369932876
yessss,neither,0.03945320844208391,0.33037608806864915,0.630170703489267
I have so many Dropstick Murphy songs on my playlists,neither,0.028073394195868632,0.45368567686349887,0.5182409289406325
"What is happening, I don't care everyone looks good",neither,0.043824593779247766,0.39940993975707145,0.5567654664636807
ready to hear people sing \0/,neither,0.07613358759129882,0.32297205306822824,0.600894359340473
What are we drinking...,neither,0.0820907746221424,0.27412984682096503,0.6437793785568926
GUYS>>>>>> THE ROCKY ROAD TO DUBLIN!!!,neither,0.0433387427193216,0.31770227036717885,0.6389589869134996
It's Amy O'Dallen of the Dublin Dallens. :P,neither,0.03756571548775754,0.31739682752903764,0.6450374569832047
"@alannamalfoy The one Tal said, madcat, right? I don't remember exactly, it was a few years ago.",neither,0.037069527514794226,0.3506207292935683,0.6123097431916376
Time for a Ceilidh!,neither,0.027501440403312122,0.315918077696926,0.6565804818997619
its a little bit quiet its really hard to hear them,neither,0.036442127703913196,0.47528152153088643,0.4882763507652003
VexedAndPerplexed - That would be.. Never. She's always awesome. :D,offensive_language,0.0322808389231377,0.5162671156111388,0.45145204546572343
There is a definite lack of music stands! Should I buy some for the studio for future Gather Your Pubs?,neither,0.05051388035307916,0.2887601415942712,0.6607259780526497
"Agreed, some mics are kaput!",neither,0.056204366762704225,0.2940877175685069,0.6497079156687888
Hard Cider @mycynical30s,offensive_language,0.03079849091724124,0.5446142915081663,0.4245872175745924
i think only 2 mics are on. everyone else's is off,neither,0.06077102813402795,0.3829576464743797,0.5562713253915924
"If you ever do one of these again, guys, I wrote my own jig, and I'll send you the music and lyrics sometime! It's called ""Beneath the Weeping Willow"".",neither,0.04951221443505649,0.3000560727177788,0.6504317128471647
yeah had to turn up volume still can't hear,neither,0.029497427111452867,0.444631828314625,0.525870744573922
@LeSemblant Agreed!,neither,0.03945320844208391,0.33037608806864915,0.630170703489267
Audio is being worked on constantly.,neither,0.03919023642330215,0.3580277997815969,0.602781963795101
PepePls,neither,0.03945320844208391,0.33037608806864915,0.630170703489267
"okay, I'll have to go back, Twitch didn't refresh for me until just now",neither,0.026283763842953386,0.37339310186931607,0.6003231342877305
Getting my fiddle out so I can joijn along,offensive_language,0.02338043905837613,0.5162153895580929,0.460404171383531
So at the moment just 1 brit in the group?,neither,0.03344554015813891,0.37746774228816876,0.5890867175536922
join*,neither,0.03945320844208391,0.33037608806864915,0.630170703489267
:D,neither,0.03945320844208391,0.33037608806864915,0.630170703489267
Don't forget to visit Star Trek Online and support Shield of Tomorrow! www.StarTrekOnline.com/ShieldofTomorrow,neither,0.05687602105656693,0.30425729811326435,0.6388666808301687
"all i've got is a pale ale, but i'll drink it proud LMAO",neither,0.02480007900328629,0.40469662939609063,0.5705032916006231
Can't believe that it's almost 2018 and this is what Twitch has become. It's a fascinating journey. :),neither,0.043197952813663225,0.3216147433378902,0.6351873038484466
"And we are using room mics, it will not sound the same as lavs.",neither,0.04938379378813066,0.32477326678773016,0.6258429394241392
what did he just say wtf,offensive_language,0.04890128933143924,0.5860519169729862,0.3650467936955746
i'm already in live with this,neither,0.030269961022509114,0.3924649589540505,0.5772650800234403
"Being from the Canadian Maritimes, yeah these pub songs are familiar",neither,0.042098721418867904,0.4070048790104361,0.5508963995706961
Drinking songs are always interesting to me!,neither,0.05555595540886794,0.3646057233413738,0.5798383212497582
@Themonkeyprincess Hi!,neither,0.03945320844208391,0.33037608806864915,0.630170703489267
*love,neither,0.03217296676969875,0.3657703709031763,0.602056662327125
"Yeah, I definitely know a different version of this song, lol.",neither,0.023937301305070297,0.445393000101111,0.5306696985938186
I just wish it was a bit louder,neither,0.03476968135752346,0.34900765337371437,0.6162226652687622
I don't drink; but I'm enjoying a fine cigar. Hope that counts. :P,neither,0.05668229839619519,0.28580174026212835,0.6575159613416766
I live for stuff like this! <3,neither,0.04835493191056398,0.31302595208053097,0.638619116008905
<3,neither,0.03945320844208391,0.33037608806864915,0.630170703489267
"Hi, @dclasair !",neither,0.03945320844208391,0.33037608806864915,0.630170703489267
@NotJez ever bar in Halifax :),neither,0.03945320844208391,0.33037608806864915,0.630170703489267
Man this song takes me back to three Saturday's ago...,neither,0.03816417434834044,0.4004102123215842,0.5614256133300753
ha! this has got to be a request from Taliesin,neither,0.045390274451001,0.34872360941653097,0.6058861161324681
This is what pub songs should sound like anyway!,neither,0.06921310268805153,0.36188149192783853,0.5689054053841099
"Wow, Tal.",neither,0.03945320844208391,0.33037608806864915,0.630170703489267
"@Danoba eh its tavern music, audio is never supposed to be good after a few rounds",neither,0.041140852670594086,0.3517646647340064,0.6070944825953994
awww yisss Taliesin singing,neither,0.03945320844208391,0.33037608806864915,0.630170703489267
pretty much,neither,0.03384839909176227,0.33230383901613453,0.6338477618921031
We have a subscriber-only Discord server! Join here: https://discord.gg/geekandsundry (you'll need to sub and link it to your Twitch) and be a part of the fun!...Warning: It can take up to an hour for the server to update and give you access to the channels,neither,0.08464076273808444,0.286394834032893,0.6289644032290227
@lesemblant whatcha smoking?,neither,0.03945320844208391,0.33037608806864915,0.630170703489267
HSCheers PowerUpL LUL,neither,0.03945320844208391,0.33037608806864915,0.630170703489267
are they taking requests?,neither,0.06344152340220494,0.28821838800118277,0.6483400885966123
this is also irish ><,neither,0.047939446296697635,0.3290637863297851,0.6229967673735172
lionSing lionSing Time to get out the bottle rye.,neither,0.03875592335240208,0.35583777590369015,0.6054063007439077
"whelp gonna get some whiskey for this, right after this song",neither,0.028664618868778968,0.37386157951035565,0.5974738016208654
Erika's voice is so low. :),neither,0.04873391316273054,0.3776181943638942,0.5736478924733753
I think they might be too sober for this,neither,0.03486235670175317,0.30536983674207485,0.659767806556172
Please somebody have clipped Tal singing.,neither,0.03905089027166816,0.33720447738736153,0.6237446323409703
you can do it Erika,neither,0.0756730639028903,0.41489501303487014,0.5094319230622396
I want to hear Seven Drunken Nights :),neither,0.044189167073039375,0.3249749536578752,0.6308358792690855
From nova scotia so I know the scene,neither,0.03951379396331114,0.3404992219956844,0.6199869840410045
gold star for trying Erika,neither,0.03389052224299288,0.30259229870425264,0.6635171790527545
wth is this,neither,0.04959008194734716,0.32877495885699387,0.621634959195659
"Aww, I miss my rennies. :(",neither,0.02291263426181187,0.4214586712089096,0.5556286945292785
"I hear this and keep thinking of Thin Lizzy/Metallica's ""Whiskey in the Jar""",neither,0.03845095120250752,0.2991170943443846,0.662431954453108
Good job everyone!,neither,0.032061153522602207,0.44524559331732166,0.5226932531600761
"mycynical30s - Partagas, Series D - No. 4",neither,0.038346372756906874,0.34916197825705986,0.6124916489860334
Yay!,neither,0.03945320844208391,0.33037608806864915,0.630170703489267
@j0j0dancer no requests the songs have to be public domain and they need the sheet music,neither,0.0411113267741065,0.30281017758630596,0.6560784956395876
Nice job guys!,neither,0.03932393571439602,0.3325701836324478,0.6281058806531562
Great job everyone,neither,0.03171351732506642,0.4094396525964863,0.5588468300784474
This is delightful,neither,0.06444388513749441,0.32581973129223984,0.6097363835702658
did we travel back in time to 1876?,neither,0.04392441385238542,0.3456092269579343,0.6104663591896802
*applause*,neither,0.03945320844208391,0.33037608806864915,0.630170703489267
wooooooo,neither,0.03945320844208391,0.33037608806864915,0.630170703489267
nailed it,neither,0.03772653554390317,0.33096997005595963,0.6313034944001372
@jonfingas this,neither,0.03911427663316333,0.3361286454075671,0.6247570779592696
gandsApplaud gandsApplaud gandsApplaud gandsApplaud gandsApplaud gandsApplaud gandsApplaud,neither,0.03945320844208391,0.33037608806864915,0.630170703489267
jonfingas same here,neither,0.14187967449237004,0.2733123625359359,0.584807962971694
gandsApplaud gandsApplaud gandsApplaud gandsApplaud gandsApplaud,neither,0.03945320844208391,0.33037608806864915,0.630170703489267
Bravo! Bravo!!,neither,0.03945320844208391,0.33037608806864915,0.630170703489267
"Help G&S make great content! $4.99/month gets you emotes, Minecraft server access, Sub Only Q&As, VODs, and more! Every sub keeps the channel alive! twitch.tv/geekandsundry/subscribe",neither,0.043092924924402844,0.32365565443818894,0.6332514206374082
gandsApplaud gandsApplaud gandsApplaud gandsApplaud gandsApplaud gandsApplaud gandsApplaud,neither,0.03945320844208391,0.33037608806864915,0.630170703489267
"me, I was thinking of the Irish Rovers version of it @jonfingas",neither,0.03352505501104978,0.3458428318966797,0.6206321130922705
YAAA,neither,0.03945320844208391,0.33037608806864915,0.630170703489267
Encore! Encore!,neither,0.03945320844208391,0.33037608806864915,0.630170703489267
Sláinte!,neither,0.03945320844208391,0.33037608806864915,0.630170703489267
gandsApplaud gandsApplaud gandsApplaud gandsApplaud,neither,0.03945320844208391,0.33037608806864915,0.630170703489267
Is there a reason for this btw? Other than it just being lovely?,neither,0.0333611838631049,0.320515743113732,0.6461230730231632
gandsApplaud gandsApplaud gandsApplaud gandsApplaud gandsApplaud gandsApplaud,neither,0.03945320844208391,0.33037608806864915,0.630170703489267
Whiskey in the Jar is also a pub song,neither,0.04343108119357632,0.3233526164508712,0.6332163023555526
"I love this and all, but I think everyone needs a bit more.... spirit. >;D",neither,0.033301975412013615,0.4195920319183051,0.5471059926696813
I hear its a long way to Tipperary....,neither,0.03922122351653524,0.32768880485677115,0.6330899716266936
the original song was done by the dubliners then done by lochlainn,neither,0.03840095145691345,0.383473930961781,0.5781251175813056
gandsApplaud gandsApplaud gandsApplaud gandsApplaud gandsApplaud gandsApplaud gandsApplaud,neither,0.03945320844208391,0.33037608806864915,0.630170703489267
huzzah!,neither,0.03945320844208391,0.33037608806864915,0.630170703489267
"or Colm Wilkinson's version of ""Whisky in the Jar"".",neither,0.038696382056591705,0.31658564031463415,0.6447179776287743
@pawntheamazing it's Friday,neither,0.03730267510763682,0.3311157550963673,0.6315815697959959
PawnTheAmazing - Because they can.,neither,0.0399021194662923,0.3227568964234168,0.6373409841102908
"@PawnTheAmazing Nope, that's about the size of it.",neither,0.032888672402780005,0.3765747688588932,0.5905365587383269
"also a mettalica song, @CarolineTheGeek",neither,0.038865228161314117,0.3403556479395667,0.6207791238991193
Porters...yes :),neither,0.03945320844208391,0.33037608806864915,0.630170703489267
we got drinks we do need toasts,neither,0.03912345764539243,0.37156919703204644,0.5893073453225611
"black butte porter, great beer",neither,0.060024868057520414,0.28168309539932906,0.6582920365431506
@PawnTheAmazing G&S always ends the week of streaming with a themed party,neither,0.030730592812685736,0.3789340280275077,0.5903353791598066
Yay toasts!,neither,0.03945320844208391,0.33037608806864915,0.630170703489267
I'm sure Wild Rover will be on the playlist somewhere,neither,0.03480761197673128,0.39933122225016127,0.5658611657731076
This makes me so happy gandsApplaud gandsApplaud gandsApplaud,neither,0.03102784443789153,0.4285866593829103,0.5403854961791982
TOAST!,neither,0.03945320844208391,0.33037608806864915,0.630170703489267
Erika looks like she would be running around a city selling newspapers and singing about workers' rights,neither,0.043968287051036156,0.371985942470748,0.5840457704782159
@HydroSnail_RyanGreen spirits seem to be on the menu,neither,0.0422865650092469,0.3274850819712723,0.6302283530194808
hazzah!,neither,0.03945320844208391,0.33037608806864915,0.630170703489267
*Drinks to that one*,neither,0.041297711360937,0.40872081741491617,0.5499814712241468
Huzzah!,neither,0.03945320844208391,0.33037608806864915,0.630170703489267
"@HydroSnail_RyanGreen Yes, they are definitely lacking spirits at the moment",neither,0.05514102489374443,0.3039973060324379,0.6408616690738178
Cheers!,neither,0.03945320844208391,0.33037608806864915,0.630170703489267
I want to hear Tal belt,neither,0.04485308305898353,0.3242492039375481,0.6308977130034683
Watching Tal play that drum throws me back to watching Celtic Thunder,neither,0.037054500941751015,0.36520656781307637,0.5977389312451726
gandsDrink,neither,0.03945320844208391,0.33037608806864915,0.630170703489267
"Ha, yeah, Erika looks like something from Newsies",neither,0.03247015667948232,0.42925784752981205,0.5382719957907057
The guy with the guitar actually sounds like he's from the maritimes,neither,0.03996144915214015,0.32492611744085553,0.6351124334070044
SUB HYPE! cheer1 cheer1 cheer1,neither,0.03945320844208391,0.33037608806864915,0.630170703489267
"May the best day of your past, be the worst day of your future :)",neither,0.0781097178691305,0.25932873055779915,0.6625615515730703
Huzzah!,neither,0.03945320844208391,0.33037608806864915,0.630170703489267
Cheers!,neither,0.03945320844208391,0.33037608806864915,0.630170703489267
OUCH,neither,0.03945320844208391,0.33037608806864915,0.630170703489267
LUL Taliesin,neither,0.03945320844208391,0.33037608806864915,0.630170703489267
Sub HYPE!!!,neither,0.03945320844208391,0.33037608806864915,0.630170703489267
@VexedAndPerplexed CELTIC THUNDER omg that brings me back,neither,0.03247590713411943,0.3815474273271214,0.5859766655387593
this is making me cry...tears of joy,neither,0.03978018347161645,0.348971458302167,0.6112483582262164
I'm so happy I just got home for this :D,neither,0.028221794547090572,0.4075396547230759,0.5642385507298335
Got any Stan Rogers ???,neither,0.03815625248504775,0.37700430743616037,0.5848394400787919
"I see, thanks @MrNY2CALI I might get lucky and hear it any way, it's an old old song",neither,0.036212360667038215,0.30677354177796645,0.6570140975549953
"Do you need an excuse to dress up according to a theme? No, of course not :)",neither,0.05480652630745,0.387541064571443,0.557652409121107
I can drink along soon! ...in 7 months...,neither,0.03966760374658369,0.32673724022412953,0.6335951560292868
"@Salbastro On the menu sure, but not on their lips and warming their hearts.",neither,0.030337812010393424,0.3961691783140211,0.5734930096755855
What other reason do you need? :D,neither,0.06758857970232834,0.3725944630243816,0.5598169572732902
yet,neither,0.03945320844208391,0.33037608806864915,0.630170703489267
Great Big Sea is the image I get for the bodhran,neither,0.027329978761416775,0.32348889920074586,0.6491811220378374
