text,top_class,hate_speech,offensive_language,neither
Hey HalfDonut,neither,0.03945320844208391,0.33037608806864915,0.630170703489267
"Hi Amy, Stef, and Gina!",neither,0.03868284165753408,0.29150793163893735,0.6698092267035286
Time zones always get me as I don't change,neither,0.030594744852546537,0.44001470952972993,0.5293905456177235
gandsSubHype gandsSubHype gandsSubHype gandsSubHype gandsSubHype,neither,0.03945320844208391,0.33037608806864915,0.630170703489267
Hey Mines n Crafters!,neither,0.03945320844208391,0.33037608806864915,0.630170703489267
"Hello, everybody!",neither,0.03945320844208391,0.33037608806864915,0.630170703489267
Yay live,neither,0.04470618016026851,0.3285693502165823,0.6267244696231492
Hello Ladies,neither,0.03938237264802851,0.3315783563604605,0.629039270991511
Hiiii!,neither,0.03945320844208391,0.33037608806864915,0.630170703489267
Hi,neither,0.03945320844208391,0.33037608806864915,0.630170703489267
@f_day_fan Doing well. How are you?,neither,0.10865318922070563,0.32566250425120086,0.5656843065280935
HeyGuys,neither,0.03945320844208391,0.33037608806864915,0.630170703489267
gandsGnSMinesCrafts gandsGnSMinesCrafts gandsGnSMinesCrafts gandsGnSMinesCrafts,neither,0.03945320844208391,0.33037608806864915,0.630170703489267
"hey Amy, Stef and Gina!",neither,0.0386454694290788,0.2894054604775738,0.6719490700933474
\o/,neither,0.03945320844208391,0.33037608806864915,0.630170703489267
Hope your weekend was well ladies,neither,0.11675314257861098,0.2208715780763505,0.6623752793450385
Yeah,offensive_language,0.013968601452186464,0.5182923869769311,0.4677390115708824
"Hey Amy, hey Stef, hey Gina",neither,0.03945320844208391,0.33037608806864915,0.630170703489267
Good just been waiting all day for this,neither,0.030991852178006114,0.3730453400364555,0.5959628077855383
@yapyap92 Hey!,neither,0.03945320844208391,0.33037608806864915,0.630170703489267
Hooray! First live ep in a month! Missed this show so much,neither,0.04359790685807836,0.31274123266301695,0.6436608604789047
Haven't caught up on Stranger Things 1 or 2 yet,neither,0.03575733482702392,0.3753808047634991,0.5888618604094769
hello :),neither,0.03945320844208391,0.33037608806864915,0.630170703489267
We have a subscriber-only Discord server! Join here: https://discord.gg/geekandsundry (you'll need to sub and link it to your Twitch) and be a part of the fun!...Warning: It can take up to an hour for the server to update and give you access to the channels,neither,0.08464076273808444,0.286394834032893,0.6289644032290227
"Hi Amy, Stef and Gina! So happy that i didn't have to see EVIL Amy last week on SoT!",neither,0.03178661897236136,0.3776236759313381,0.5905897050963006
@f_day_fan Hello!,neither,0.03945320844208391,0.33037608806864915,0.630170703489267
The Nether,neither,0.03613032604487659,0.2619290779399786,0.7019405960151449
Hi,neither,0.03945320844208391,0.33037608806864915,0.630170703489267
"Hi, AMY, STEF and GINA!",neither,0.03868284165753408,0.29150793163893735,0.6698092267035286
"Stef, how is the bridge going?",neither,0.0448334444682276,0.33883906253928414,0.6163274929924883
AMY: Are you feeling better? I heard last week you weren't feeling well,neither,0.07332570197104088,0.353569745105422,0.5731045529235371
gandsSubHype gandsLessthanthree @Compel_Bast,neither,0.03945320844208391,0.33037608806864915,0.630170703489267
"@GeekandSundry Compel_Bast: 2 and a half years subscribed. And BTW, did you hear Stef really likes cats?",neither,0.05367540584628631,0.22930359770908315,0.7170209964446306
GLITTER,neither,0.03945320844208391,0.33037608806864915,0.630170703489267
Let's gooooooooooo,neither,0.01259774405356427,0.402817721707079,0.5845845342393566
!glittereric,neither,0.03945320844208391,0.33037608806864915,0.630170703489267
We have 4 months 13 days 22 hours 54 minutes 11 seconds left until we glitter Eric! Chat never forgets! https://clips.twitch.tv/EasyUglyPlumFailFish,neither,0.037783342117392586,0.3491471166094348,0.6130695412731727
!glitter Ryan.,neither,0.03945320844208391,0.33037608806864915,0.630170703489267
,neither,0.03945320844208391,0.33037608806864915,0.630170703489267
#glitterlord,neither,0.03945320844208391,0.33037608806864915,0.630170703489267
"Good thinking, Ryan!",neither,0.03879997323090118,0.3306007656122691,0.6305992611568297
"Sureeeeeee, he's not feeling well. :P",neither,0.043938810168395376,0.3337843482999531,0.6222768415316515
"And Amy, if Gina is the wizard of crafts. You are the wizard of Rhymes",neither,0.049844663434625645,0.3177920734000538,0.6323632631653207
"Help G&S make great content! $4.99/month gets you emotes, Minecraft server access, Sub Only Q&As, VODs, and more! Every sub keeps the channel alive! twitch.tv/geekandsundry/subscribe",neither,0.043092924924402844,0.32365565443818894,0.6332514206374082
wtf is this,offensive_language,0.05875134067276458,0.7027317341486384,0.23851692517859707
Re Sub HYPE!!!,neither,0.05796738926929811,0.3016950255183242,0.6403375852123776
!wtfisthis,neither,0.03945320844208391,0.33037608806864915,0.630170703489267
"This is Mines 'n' Crafts where Amy, Stef, and Gina do crafts and play Minecraft on the Sundrycraft server.",neither,0.04344193081527374,0.25596338457389234,0.7005946846108341
Re Sub HYPE!!!!,neither,0.05796738926929811,0.3016950255183242,0.6403375852123776
The Steflings said it so it must be true,neither,0.03727844830426589,0.3452545630277834,0.6174669886679506
G'evening,neither,0.03945320844208391,0.33037608806864915,0.630170703489267
"Stef's line there confused Gina, and me, and most of us I think.",neither,0.05811789288297207,0.26359991473774447,0.6782821923792834
resub HYPE train! choo choo,neither,0.03945320844208391,0.33037608806864915,0.630170703489267
Future girl news?,neither,0.03311977531753654,0.39273388136675647,0.574146343315707
Happy 33 months @Danoba,neither,0.03945320844208391,0.33037608806864915,0.630170703489267
Re Sub HYPE!!! x2,neither,0.053450503907771334,0.30798176473285954,0.6385677313593691
It is just my second time here,neither,0.06634382276035097,0.41185606853274215,0.5218001087069069
jcvimHi everyone!,offensive_language,0.02988896790634741,0.4927062106388782,0.4774048214547744
@shidareAKI Thanks!,neither,0.035884468650613,0.3004919205142699,0.6636236108351171
Everyone likes to resub during your show,neither,0.09744906726995355,0.3832449918989087,0.5193059408311378
"Amy, you were awesome on ""Gather Your Pub"" Friday. <3",neither,0.06547940062303222,0.3463031500703329,0.588217449306635
CONFIRMED: Stef does not not like cats.,neither,0.035561990636994646,0.338088767864711,0.6263492414982943
That shows how FABULOUS you ladies are!,neither,0.07194869072873356,0.3628772196878496,0.5651740895834167
Re Sub HYPE!!!,neither,0.05796738926929811,0.3016950255183242,0.6403375852123776
Don't forget! Stef Woodburn takes over Critical Role this Thursday in a Sam Reigel one shot adventure.,neither,0.0375025098167675,0.3475520984185297,0.6149453917647029
ðŸ‘,neither,0.03945320844208391,0.33037608806864915,0.630170703489267
Hello hello! What are we doing today?,neither,0.058047346914192305,0.28666331776550336,0.6552893353203043
"It's 5 pm here, and the sun just set",neither,0.06365685296550726,0.2792150593853714,0.6571280876491213
Re Sub HYPE!!!!,neither,0.05796738926929811,0.3016950255183242,0.6403375852123776
ðŸ‘ðŸ‘,neither,0.03945320844208391,0.33037608806864915,0.630170703489267
hi @Splattercatt,neither,0.03945320844208391,0.33037608806864915,0.630170703489267
"play ""with""",neither,0.0224239371025857,0.39477495987263056,0.5828011030247837
"I was moving during my 14 month resub, or I'd have posted it now",neither,0.03260071317111499,0.365913270730115,0.6014860160987701
thats amazing >w<,neither,0.03945320844208391,0.33037608806864915,0.630170703489267
@davidflegel what?!?,neither,0.057770773616808734,0.3180719994247239,0.6241572269584672
"I'm excited for Stef to be on Critical Role, should be fascinating.",neither,0.0459535906314094,0.3421808336565855,0.6118655757120051
gandsSubHype gandsSubHype,neither,0.03945320844208391,0.33037608806864915,0.630170703489267
Galaxy shoess!!!!,neither,0.03945320844208391,0.33037608806864915,0.630170703489267
All it took was a resub train to derail the show,neither,0.05562208424321536,0.31007508157404085,0.6343028341827438
@PipersTwin Heya :),neither,0.03945320844208391,0.33037608806864915,0.630170703489267
"Come play with me! Wait.. that sounded.. I meant in Minecraft, play with me in Minecraft.",neither,0.020687261125342603,0.4414156162144713,0.5378971226601861
Im excited hey guys!,neither,0.03851396659067473,0.36365709119364803,0.5978289422156772
now its about to reach Honey heist sillyness :D,neither,0.03808281598672008,0.3509737797936189,0.6109434042196612
Hey AMY! It's good to see you again! I'm glad you're better!,neither,0.08406310653067559,0.392477856711702,0.5234590367576225
I think the glue must be extra strong today ;),neither,0.03909784518493775,0.29020654200696505,0.6706956128080972
@1icequeen Stef is actually going to be on Critical Role. Seriously,neither,0.046712262564615775,0.35626535435916584,0.5970223830762184
That's a great cast that Sam has put together.,neither,0.033771361586453254,0.36183326214930295,0.6043953762642439
Re Sub HYPE!!!,neither,0.05796738926929811,0.3016950255183242,0.6403375852123776
I like Amy's Wonder Woman shirt,neither,0.04587971533818655,0.37187613015843574,0.5822441545033776
and I originally subbed during mines and crafts so I could watch Amy's comic VODs,neither,0.041367173737182614,0.3097742558118936,0.6488585704509238
hi @73jt hi @runningfool11,neither,0.03945320844208391,0.33037608806864915,0.630170703489267
Hi @PipersTwin !,neither,0.03945320844208391,0.33037608806864915,0.630170703489267
@davidflegel tessHUG so amazing!,neither,0.03940834892280069,0.3941640773857597,0.5664275736914396
Galaxy Shoes: For When You Want To Be Ready To Kick Asteroids,neither,0.046861861069525494,0.36414148623580206,0.5889966526946725
@1icequeen It is going to be very cool,neither,0.051883700523310095,0.3543496505435177,0.5937666489331721
@starpilotsix OMG yes,neither,0.03945320844208391,0.33037608806864915,0.630170703489267
nice @starpilotsix,neither,0.03945320844208391,0.33037608806864915,0.630170703489267
@starpilotsix 30 points for that,neither,0.03018608464907237,0.3420144446875457,0.6277994706633819
this sounds dangerous,neither,0.0393591044230793,0.3319732788630767,0.628667616713844
You are always a great start to a week. Makes the day better,neither,0.07682993281345098,0.31947064332173286,0.603699423864816
and fun :D,neither,0.03826993117811871,0.2662756059532986,0.6954544628685826
*Someone* is going to be on CR,neither,0.048933585176623946,0.3631840990360942,0.5878823157872819
https://clips.twitch.tv/BrightAdventurousAuberginePanicBasket,neither,0.03945320844208391,0.33037608806864915,0.630170703489267
"Galaxy Shoes: Roll for Shoes, Galaxy Quest edition.",neither,0.03682220946366125,0.3172259004182615,0.6459518901180773
oh yeah! Stef's playing in her bff Sam's one shot!,offensive_language,0.02615285241178733,0.520939579153155,0.4529075684350577
"But Stef, does he know your name yet?",neither,0.049506504870955134,0.4472942183067165,0.5031992768223283
is Sam really going to be on time thought,neither,0.050709359917767954,0.2954617242632523,0.6538289158189798
I am so excited! Stef,neither,0.03917801114949071,0.3845679826575241,0.5762540061929852
Yeah Stef is going to be on Critical Role,neither,0.03293331139232463,0.4385022648121351,0.5285644237955403
Sam won't arrive until 6:55,neither,0.03945320844208391,0.33037608806864915,0.630170703489267
yesss i'm so excited for it!,neither,0.03280822728450734,0.34125330796691833,0.6259384647485744
I thought Sofia was on Critical Role,neither,0.03961430044579347,0.2726148183189379,0.6877708812352686
There will be a Critical Role watch party on the Minecraft server when Stef is on!,neither,0.03786349007564824,0.32557856715953454,0.6365579427648171
yes that sofia girl is going to me on critical role,neither,0.03446281078717992,0.4297169040400255,0.5358202851727946
I have a pair of white canvas shoes that I'm wearing during the musical I'm in this week. I think I'm going to buy them afterwards so that I can do this to them.,offensive_language,0.2266533248206135,0.47219962474464794,0.3011470504347386
I watched Honey Heist 4 times over the week.,neither,0.03650625272061012,0.31942280681538443,0.6440709404640055
I love that show,neither,0.05125119478091307,0.2975720019998922,0.6511768032191947
"This is ""other Sam"" right, the one from CR?",neither,0.04389004785679667,0.3406332790822732,0.6154766730609301
congrats Stef stefHeart stefHeart,neither,0.03945320844208391,0.33037608806864915,0.630170703489267
Sophia Woodborne new star of Critical Role,neither,0.042295454497130076,0.260064509988452,0.697640035514418
The first time CR isn't being played by the regular cast of CR and we're really excited.,neither,0.039495916856642055,0.3278964732560141,0.6326076098873438
"Yes, Sam Riegel",neither,0.03945320844208391,0.33037608806864915,0.630170703489267
Correct JJ_Dane,neither,0.03945320844208391,0.33037608806864915,0.630170703489267
I love the that SHOW,neither,0.04901148739356518,0.2768576538119464,0.6741308587944884
"Honey heist is a fabulous system, and i loved when i ran it!",neither,0.03632821022678556,0.33411596929850745,0.6295558204747069
Ooops they broke Amy,neither,0.03945320844208391,0.33037608806864915,0.630170703489267
"vohiyo100 To another Monday with Amy, Gina and Sophia (jk: Stef)",neither,0.0660083828864228,0.27239277593898764,0.6615988411745896
I need Gina and Amy to join a one-shot. I love you all!,neither,0.05365499490325849,0.4122705264828039,0.5340744786139376
it's about time GINA,neither,0.032978957118482734,0.4052844322024842,0.5617366106790331
So excited for Sophia to be on critical role,neither,0.03752152828773234,0.34852389974374,0.6139545719685278
Sofia the first?,neither,0.031568289453109064,0.3161965611762394,0.6522351493706515
"STEF: So this this mean, if Sam goes ""... Sofie, you roll a perception check"" your response wont be "".... *murder face*""",neither,0.0501509540356013,0.4090312706745781,0.5408177752898206
#sofiaoncriticalrole!,neither,0.03945320844208391,0.33037608806864915,0.630170703489267
Watch a long on the G&S discord server Sundria channel!!!,neither,0.04071538585634273,0.3245803812314129,0.6347042329122443
@PFWScott Sophia the only!,neither,0.03763906924656138,0.29615375859771453,0.6662071721557242
,neither,0.03945320844208391,0.33037608806864915,0.630170703489267
Solid cast list,neither,0.03945320844208391,0.33037608806864915,0.630170703489267
Hype for Sam on Plunders & Blunders,neither,0.03138840085754483,0.31465742326138657,0.6539541758810686
put my name on shores,neither,0.023316857555699518,0.4546879972242588,0.5219951452200419
Stef Woodburn from guest appearance in a one shot to a regular cast member in 2018? Let's hope.,neither,0.04890926262342918,0.29380922045840124,0.6572815169181696
!ears maybe,neither,0.03945320844208391,0.33037608806864915,0.630170703489267
ð–ð€ð‘ððˆðð†! Incoming LOUD NOISES. Adjust your volume and protect your ears!,neither,0.08369346292336456,0.2909372434945657,0.6253692935820697
halloooooo,neither,0.03945320844208391,0.33037608806864915,0.630170703489267
I will see you this thursday,neither,0.0604256022656973,0.35733741013481757,0.5822369875994852
HI SOPHIA,neither,0.03945320844208391,0.33037608806864915,0.630170703489267
shoes,neither,0.03945320844208391,0.33037608806864915,0.630170703489267
Hi @cinphoria,neither,0.03945320844208391,0.33037608806864915,0.630170703489267
OOOOH YES,neither,0.03945320844208391,0.33037608806864915,0.630170703489267
YAY gift!,neither,0.03945320844208391,0.33037608806864915,0.630170703489267
Chad the Duck Bardbarian! :D,neither,0.038572354281625074,0.3142706521918832,0.6471569935264918
You so look like a Sophia,offensive_language,0.11581252797722798,0.5455735592854686,0.33861391273730346
That is a note not meant for human ears.,neither,0.12029480901613565,0.2291474268756627,0.6505577641082017
"Happy, Happy, Joy, Joy!!",neither,0.03945320844208391,0.33037608806864915,0.630170703489267
and Amy is broken lol,neither,0.03814697329162066,0.3393232417910593,0.6225297849173201
"about time some of the rest of the cast gets on critical role!! I love the critical role people, but I always wish they would mingle more with the rest of g&s",neither,0.03540541874752439,0.36375992904481536,0.6008346522076602
BOOK WORM,neither,0.03945320844208391,0.33037608806864915,0.630170703489267
that was the CUTEST little squee,neither,0.03456675475693078,0.3617830796196895,0.6036501656233798
Ears warning,neither,0.03945320844208391,0.33037608806864915,0.630170703489267
yes Sophia means wisdom. that works for Stef,neither,0.03108017373218629,0.34051291863767646,0.6284069076301373
lol yas!,neither,0.030519324274572414,0.39614728109255143,0.5733333946328761
Amy used Screech!,neither,0.03945320844208391,0.33037608806864915,0.630170703489267
Heee.,neither,0.03945320844208391,0.33037608806864915,0.630170703489267
That was the *best* squeal,neither,0.03431347056873293,0.3493663064131761,0.616320223018091
Amy.exe has crashed,neither,0.039734148592989516,0.32560780051241256,0.6346580508945979
,neither,0.03945320844208391,0.33037608806864915,0.630170703489267
about time!,neither,0.03462186190864965,0.41237664755073467,0.5530014905406158
"""winter""",neither,0.03945320844208391,0.33037608806864915,0.630170703489267
Book Worm!,neither,0.03945320844208391,0.33037608806864915,0.630170703489267
it was super effective,neither,0.0380363346027347,0.3327160992431549,0.6292475661541105
Now you just need to make 'Book Woke' ones too.,neither,0.05215743178250064,0.3780389276475989,0.5698036405699005
well Sophia does mean wisdom so you do have that going for ya,offensive_language,0.023895716018841554,0.6372696771406611,0.3388346068404973
Protect against those chilly 66F LA winters!,neither,0.05823771516200796,0.26149949683672963,0.6802627880012624
is winter a thing in Cali?,neither,0.046749659715926706,0.3278665038924051,0.6253838363916682
Amy totally looks like a superhero now,neither,0.046807317012160184,0.34133159179767797,0.611861091190162
Amy is familiar with Banshee's sonic scream.,neither,0.03659538962469669,0.3529003802839279,0.6105042300913756
only dogs heard that,neither,0.03554816794718771,0.37285497152855474,0.5915968605242574
And all the neighborhood dogs just woke up thanks to the patented Dallen Hypersonics :-),neither,0.03644293540380001,0.3572088515123988,0.6063482130838013
The cutest squee ever,neither,0.0384970264388107,0.3128557350048803,0.648647238556309
so cute,neither,0.04296880691731001,0.35555683390548976,0.6014743591772002
book wook!,neither,0.03945320844208391,0.33037608806864915,0.630170703489267
In hindsight i should have clipped that,neither,0.05133851742925363,0.4735317393845922,0.4751297431861542
@HalfDonut You still can.,neither,0.07531493482134083,0.4504253756004651,0.47425968957819403
Lore power!,neither,0.03945320844208391,0.33037608806864915,0.630170703489267
#BookWoke,neither,0.03945320844208391,0.33037608806864915,0.630170703489267
"Amy ""Hypersonic"" Dallen",neither,0.03945320844208391,0.33037608806864915,0.630170703489267
"I still think ""Book Wyrm"" would have been even more awesome",neither,0.03880095082560983,0.34510024271614065,0.6160988064582495
"If the book doesn't convince you, here comes the worm!",neither,0.0585967497664071,0.3480332773592395,0.5933699728743533
Amy is going to start enlightening the crap out of people,neither,0.06696486714183149,0.34183702863870324,0.5911981042194653
lol Stef,neither,0.020706217963973744,0.4882283491876925,0.4910654328483337
!wtfisthis,neither,0.03945320844208391,0.33037608806864915,0.630170703489267
"This is Mines 'n' Crafts where Amy, Stef, and Gina do crafts and play Minecraft on the Sundrycraft server.",neither,0.04344193081527374,0.25596338457389234,0.7005946846108341
!respect,neither,0.03945320844208391,0.33037608806864915,0.630170703489267
"If you would like to share opinions on our hosts, guests or fellow viewers, please do so in a respectful manner. Don't make them feel uncomfortable.",neither,0.04843323757214918,0.39559142321184637,0.5559753392160044
NOW they broke Amy,neither,0.03945320844208391,0.33037608806864915,0.630170703489267
"Hi Amy, Stef, Gina Chat! gandsHooman",neither,0.03945320844208391,0.33037608806864915,0.630170703489267
HugOnStream,neither,0.03945320844208391,0.33037608806864915,0.630170703489267
Amy apologises to the table. All is well in the world.,neither,0.0503299129825899,0.34894218037049207,0.6007279066469181
Re Sub HYPE!!!,neither,0.05796738926929811,0.3016950255183242,0.6403375852123776
"Amy, why are you a rhyming wizard?",neither,0.05852064644577471,0.3413484631101706,0.6001308904440547
A bi galaxy is my go to,neither,0.04167200101444081,0.3993641981140012,0.5589638008715581
https://clips.twitch.tv/VictoriousRichDiscBleedPurple,neither,0.03945320844208391,0.33037608806864915,0.630170703489267
!respect,neither,0.03945320844208391,0.33037608806864915,0.630170703489267
"If you would like to share opinions on our hosts, guests or fellow viewers, please do so in a respectful manner. Don't make them feel uncomfortable.",neither,0.04843323757214918,0.39559142321184637,0.5559753392160044
These ladies are always so entertainingly fabulous!,neither,0.07118031395784737,0.45180879277037594,0.47701089327177676
this craft will go Jack Kirby style psychodelic! :D,neither,0.041742598254215564,0.31371728187648634,0.6445401198692982
"If it was me, I would really nerd out and pull up some NASA Hubble telescope images from somewhere like the Orion Nebula or the Horsehead Nebula and put that on my shoes.",neither,0.01938337579316008,0.4131974154270619,0.567419208779778
@fijikey lots of people,neither,0.07759966666604286,0.3260401745929558,0.5963601587410013
cheer201 Have to take off guys! Have a terrific stream! Love seeing you all and miss you guys! #LessThanThree :D,neither,0.05495459427766941,0.4189164317786062,0.5261289739437244
thanks mods,neither,0.035884468650613,0.3004919205142699,0.6636236108351171
@Shadowstorm_0 ive made great bi galaxy watercolors before,neither,0.03587185747605632,0.35467490060196155,0.6094532419219822
@fijikey Many great people,neither,0.07519552629610587,0.29530013278693834,0.6295043409169557
Cya @Splattercatt !,neither,0.03945320844208391,0.33037608806864915,0.630170703489267
"every time Gina goes ""This is the first time..."" I smh because I know she knows it will turn out great",neither,0.0412483515454639,0.3646940550354913,0.594057593419045
"Is there glitter? Does this mean Ryan isn't present? Or he's being held back, or his eyes averted from all the GLITER around?!",neither,0.04681586905463669,0.38479374557172813,0.5683903853736351
Don't forget to visit Star Trek Online and support Shield of Tomorrow! www.StarTrekOnline.com/ShieldofTomorrow,neither,0.05687602105656693,0.30425729811326435,0.6388666808301687
is it just me or is chat lagging?,neither,0.0403841081421943,0.37088709812147347,0.5887287937363321
English in chat please @misterfinch228,neither,0.03945320844208391,0.33037608806864915,0.630170703489267
Riker manuever from Stef?,neither,0.04228451509352876,0.2823214250720796,0.6753940598343917
Hi!,neither,0.03945320844208391,0.33037608806864915,0.630170703489267
@meaningofnightt Yeah me too! It always looks great,neither,0.019003595005219996,0.46829552766094096,0.5127008773338391
byeee @Splattercatt,neither,0.03945320844208391,0.33037608806864915,0.630170703489267
Hi @bloody_albatross,neither,0.03945320844208391,0.33037608806864915,0.630170703489267
those are the most adorkable knuckle tattoos I've ever seen :3,neither,0.047639370210984654,0.23676668058479572,0.7155939492042195
hi @chaoticloony,neither,0.03945320844208391,0.33037608806864915,0.630170703489267
Laterz chat! :D,neither,0.03945320844208391,0.33037608806864915,0.630170703489267
"Entering the Octagon, Amy ""The Bookworm"" Dallen! :P",neither,0.03760741905385331,0.2955125482250572,0.6668800327210896
"@HalfDonut He's off today, he sensed the glitter and god ill",neither,0.04488259908278639,0.2784659876996541,0.6766514132175595
@starpilotsix that makes sense,neither,0.034971060831370915,0.3789492395430761,0.586079699625553
We have a subscriber-only Discord server! Join here: https://discord.gg/geekandsundry (you'll need to sub and link it to your Twitch) and be a part of the fun!...Warning: It can take up to an hour for the server to update and give you access to the channels,neither,0.08464076273808444,0.286394834032893,0.6289644032290227
"@HalfDonut Ryan isn't there, his ""glitter sense"" told him to stay home!",neither,0.05790573143650276,0.30610859308158034,0.635985675481917
It is only my second time here,neither,0.07283340928102647,0.3904905327880028,0.5366760579309708
@shidareAKI That one really didn't need to be in English if google translate is to be believed,neither,0.029081598397506885,0.4212873610762303,0.5496310405262628
everyone?,offensive_language,0.02988896790634741,0.4927062106388782,0.4774048214547744
Later @Splattercatt,neither,0.03945320844208391,0.33037608806864915,0.630170703489267
We support Stef in her non-supportive shoes!,neither,0.05081979033930595,0.47208795866529146,0.47709225099540253
Kick off your Sunday shoes...,neither,0.06608537252826115,0.322985592986488,0.6109290344852509
