text,top_class,hate_speech,offensive_language,neither
@kittylowe What do you think it is?,neither,0.09686892766798451,0.36958437079414336,0.5335467015378721
"I'd love it if they opened with a ""Previously on Shield of Tomorrow"" with clips of the last episode or something.",neither,0.018957825347253,0.3999514418318144,0.5810907328209326
"@Glimji Reality is the interaction of a soul with another force, living or non-living, so that at least one of the entities experience a change. And yes, I did just make that up.",neither,0.04366874992113327,0.38335234196623935,0.5729789081126274
@,neither,0.03945320844208391,0.33037608806864915,0.630170703489267
Hey everyone!,neither,0.031959242684595296,0.4575682446653829,0.5104725126500218
Heyas,neither,0.03945320844208391,0.33037608806864915,0.630170703489267
yay,neither,0.03945320844208391,0.33037608806864915,0.630170703489267
vieHype vieHype vieHype vieD20 vieD20 vieD20,neither,0.03945320844208391,0.33037608806864915,0.630170703489267
If you don't mind my asking?,offensive_language,0.02392439655187947,0.5249705102276648,0.4511050932204557
Wooo!,neither,0.03945320844208391,0.33037608806864915,0.630170703489267
"Hey, Sally Ride Crew",neither,0.03945320844208391,0.33037608806864915,0.630170703489267
HUZZAH! Evening Eric!,neither,0.03945320844208391,0.33037608806864915,0.630170703489267
Heyyyyy!,neither,0.03945320844208391,0.33037608806864915,0.630170703489267
"HI ERIC! ...Game on, everyone! :)",neither,0.03219761236338039,0.39038673117076483,0.5774156564658549
hello there </obiwan>,neither,0.03937036753510788,0.27621722592919734,0.6844124065356949
YAY!,neither,0.03945320844208391,0.33037608806864915,0.630170703489267
@Dathim Well played. *claps*,neither,0.03945320844208391,0.33037608806864915,0.630170703489267
,neither,0.03945320844208391,0.33037608806864915,0.630170703489267
woooooooooow,neither,0.03945320844208391,0.33037608806864915,0.630170703489267
ok I'm waiting for the players' cam,neither,0.03438912419766498,0.29769949605093876,0.6679113797513963
@kittylowe i send you the good vibes I've beenwhere you are with the pain,neither,0.04317718240972708,0.34625969411402313,0.61056312347625
because um,neither,0.03945320844208391,0.33037608806864915,0.630170703489267
Wow!,neither,0.03945320844208391,0.33037608806864915,0.630170703489267
something like a pinched nerve,neither,0.052933190130332715,0.3495657963244281,0.5975010135452392
This is the best community,neither,0.04603572319206868,0.30562212177737186,0.6483421550305595
anticipation,neither,0.03945320844208391,0.33037608806864915,0.630170703489267
@dathim I like it,neither,0.06953449037813421,0.37815048807863416,0.5523150215432316
what is his rank? he has nothing on his collar,neither,0.08980593406044513,0.3541117573234409,0.556082308616114
wow PogChamp,neither,0.03945320844208391,0.33037608806864915,0.630170703489267
Please tell me we hit the 10k song,neither,0.03308522218130158,0.35429634659156867,0.6126184312271299
Aux Crew KILLED it <3,neither,0.038240509415877054,0.3307931908728062,0.6309662997113167
puertoricansinaction.com <<< site for donations,neither,0.034955260310149984,0.30790060731954105,0.6571441323703089
@kittylowe I'm sorry. :/ Hope you feel better soon,neither,0.1002450494634218,0.26016199426288855,0.6395929562736897
Well done everyone! Glad everyone killed it for a good cause!,neither,0.02788480770795463,0.4461068377966298,0.5260083544954156
Eric Campbell is a heat gnome.,neither,0.04582275904147052,0.32818530753793956,0.62599193342059
@fuffybutt Eric doesn’t usually wear rank I don’t think,neither,0.03979876372739024,0.3245111130495692,0.6356901232230406
lol,neither,0.020706217963973744,0.4882283491876925,0.4910654328483337
"Amy is here, Ms. Positive",neither,0.08201596217113145,0.29945061683558977,0.6185334209932788
i hope my package got there,neither,0.054832357126703764,0.30444727389872694,0.6407203689745693
vieHype vieHype vieHype vieD20 vieD20 vieD20,neither,0.03945320844208391,0.33037608806864915,0.630170703489267
yay!,neither,0.03945320844208391,0.33037608806864915,0.630170703489267
Language Bonnie,neither,0.03945320844208391,0.33037608806864915,0.630170703489267
,neither,0.03945320844208391,0.33037608806864915,0.630170703489267
so december?,neither,0.03940857945358607,0.38636408546123996,0.5742273350851739
Aux Crew kicks ass,offensive_language,0.10798820658047045,0.8739678896998848,0.018043903719644826
"I just got back from the dentist and this show is gonna save my life right now, lol",neither,0.033087428199781554,0.42894574574260624,0.5379668260576123
the dentist is the worst,neither,0.04608536950460429,0.2840212634033631,0.6698933670920326
did they say what the donations were up to?,neither,0.046321504472028104,0.33376208892761117,0.6199164066003607
@kittylowe I spent years trying to convince pediatricians that my fibromyalgia pain was real so I know how frustrating that is :/ hope you get some relief soon,neither,0.04982478967716558,0.4670839661902682,0.4830912441325662
who plays MMOs in the morning? :D,neither,0.0481940671258958,0.23182593990571204,0.7199799929683921
noo I am working,neither,0.039270384839057586,0.33043896948921636,0.630290645671726
So that's this week?,neither,0.03413075246693862,0.44768724571975843,0.5181820018133029
"They did, roughly $7500",neither,0.03945320844208391,0.33037608806864915,0.630170703489267
"aww this weekend I gotta miss it, my sister is coming to town, shame :|",neither,0.034570080119560205,0.3930893148971522,0.5723406049832875
I can add an event thing to the Fleet announcements,neither,0.04446787888745271,0.3067175732513523,0.648814547861195
"11am there in Cali? or 11am in the really real world ... :P i.e., anywhere else?",neither,0.035907853496669015,0.35593529369932403,0.6081568528040069
@crthemighty I do :P lul,neither,0.04103583477544425,0.3298317503003224,0.6291324149242333
ok... I'm here... everyone can relax...,neither,0.07056177039461993,0.38373634877497836,0.5457018808304017
@crthemighty I do.,neither,0.04358573029058539,0.32895472430567013,0.6274595454037444
@crthemighty actors I suppose,neither,0.03945320844208391,0.33037608806864915,0.630170703489267
that is pretty great,neither,0.041921651539974146,0.3461834782786622,0.6118948701813637
discover barf,neither,0.03945320844208391,0.33037608806864915,0.630170703489267
"I joke, I joke heheh",neither,0.03945320844208391,0.33037608806864915,0.630170703489267
i personally hate mmos,neither,0.31324054414219743,0.1982376743046157,0.4885217815531869
there's a star wars uniform?,neither,0.03938878341157073,0.29684010593785515,0.663771110650574
!sotwiki,neither,0.03945320844208391,0.33037608806864915,0.630170703489267
"Go on an adventure, and explore the Shield of Tomorrow Wiki! - http://shield-of-tomorrow.wikia.com/wiki/Shield_of_Tomorrow_Wiki",neither,0.03697831220660964,0.2705621833882883,0.692459504405102
vieHeart vieHeart vieHeart vieHype vieHype vieHype vieD20 vieD20 vieD20 vieHug vieHug vieHug,neither,0.03945320844208391,0.33037608806864915,0.630170703489267
@omgsteveftw Empire,neither,0.03945320844208391,0.33037608806864915,0.630170703489267
"I think it is Pacific time, since they have to open the G&S building in Burbank",neither,0.04777610817763708,0.3281473324610666,0.6240765593612962
You’re all amazing,offensive_language,0.10447750840175032,0.4572361114725003,0.43828638012574933
!sotauxdiscord,neither,0.03945320844208391,0.33037608806864915,0.630170703489267
USS Sally Ride Aux Crew Discord: https://discord.gg/DtMm5FQ,neither,0.03945320844208391,0.33037608806864915,0.630170703489267
@GeekandSundry Is that the 19th of this month?,neither,0.04290523858079494,0.35822010830321355,0.5988746531159914
@Zelda_mario_fan You're awesome too friend.,neither,0.08100444518200371,0.3498958584366559,0.5690996963813404
Whaaaa StarWars vieRiot vieRiot vieRiot vieRiot vieRiot vieRiot :P,neither,0.03945320844208391,0.33037608806864915,0.630170703489267
i checked out anovos and my wallet fainted,neither,0.026714752802853507,0.3795072576976227,0.5937779894995237
ya new computer will play STO first,neither,0.02611575522317312,0.46011808629972456,0.5137661584771022
Anovos is putting a sweet prop replica of Discovery 's phaser.,neither,0.04832100736023937,0.327326045382433,0.6243529472573276
"chronic pain doctor battle royale is the worst, I'm so sorry you've got to deal with that, @kittylowe @cinphoria",neither,0.031031495748782743,0.4041252999829895,0.5648432042682278
That was me!,neither,0.021339471713967523,0.47493518215828323,0.5037253461277492
@glimji gandsLessthanthree,neither,0.03945320844208391,0.33037608806864915,0.630170703489267
thickCLAP i remember that @vanderpike,neither,0.03310307937653492,0.4001525795019931,0.5667443411214719
"@omgsteveftw, yeah the price is pretty shocking, but for both the license and show/film accuracy it makes sense",neither,0.0347805656679498,0.3084704001193873,0.6567490342126628
Sam cut their hair :O,neither,0.03945320844208391,0.33037608806864915,0.630170703489267
Re Sub HYPE!!!,neither,0.05796738926929811,0.3016950255183242,0.6403375852123776
!whodat,neither,0.03945320844208391,0.33037608806864915,0.630170703489267
"GM Eric Campbell ( twitter.com/16BitEric ), with Amy Dallen ( twitter.com/enthusiamy ), Hector Navarro ( twitter.com/Hectorisfunny ), Sam de Leve ( twitter.com/ChaiKovsky ), Bonnie Gordon ( twitter.com/BonnieBellG ), Aliza Pearl ( twitter.com/AlizaPearl ) and Gina DeVivo ( twitter.com/PocketGina ).",neither,0.03656628259155547,0.46359893935151064,0.49983477805693394
"@vanderpike You are obligated to attend now, you know.",neither,0.14418821883737523,0.3686729527637572,0.48713882839886763
"Okay, there can't only be two hundred of us right now....",neither,0.06503919651572189,0.30158410223710524,0.6333767012471727
Glam TG,neither,0.03945320844208391,0.33037608806864915,0.630170703489267
@vanderpike congrats again on that win!,neither,0.03210703168913185,0.406730727413399,0.5611622408974692
-working on Sam's Tribble dice bag while watching this!-,neither,0.039385327323102216,0.3075860053734981,0.6530286673033997
also the earbuds i ordered from anovos still haven't shipped and have been delayed,neither,0.037826472843370935,0.2983730887594831,0.663800438397146
Did Sam get excited today for their segment? I missed it,neither,0.03403524735176039,0.30551667895632917,0.6604480736919104
*drum roll*,neither,0.03945320844208391,0.33037608806864915,0.630170703489267
Thanks everyone!,neither,0.030216122769311023,0.43073272795177925,0.5390511492789097
"Also big shoutout to the Mods in here. Week in, week out y'all kill it! <3",neither,0.21711419096148507,0.3042696491308963,0.47861615990761863
"Don't feed the tribble, Sam!",neither,0.03855990882916182,0.31403735995302673,0.6474027312178114
@chiplickin there are 1500 of us,neither,0.17530883409728165,0.19921740696911594,0.6254737589336024
@Danoba sorry to keep asking ths but did you guys get a package for Sam?,neither,0.045785579736404874,0.3459625587377644,0.6082518615258308
I haven't played STO in some time.,neither,0.030866942183268468,0.3622634679225787,0.6068695898941528
Whaaaa StarWars vieRiot vieRiot vieRiot vieRiot vieRiot vieRiot :P,neither,0.03945320844208391,0.33037608806864915,0.630170703489267
cool!,neither,0.03945320844208391,0.33037608806864915,0.630170703489267
YOU'RE SCI BI XD,neither,0.0739802488812756,0.3433138250552499,0.5827059260634745
"@Zelda_mario_fan Sam's segment hasn't happened yet, no worries",neither,0.038970391765975484,0.33857074711332535,0.6224588611206993
Star Wars has better toys sadly,neither,0.03974992215260389,0.32534008204004655,0.6349099958073496
HeeHeee,neither,0.03945320844208391,0.33037608806864915,0.630170703489267
"you haven't missed Sam getting excited yet, @Zelda_mario_fan it's okay",neither,0.045135143092464476,0.40478093755373207,0.5500839193538034
Have to get my new acct linked with my old one/,neither,0.02461378943945374,0.4304383023642298,0.5449479081963163
i wish there was an announcement for more tales from the loop,neither,0.036936903063463235,0.25779023328064005,0.7052728636558967
#space!,neither,0.03945320844208391,0.33037608806864915,0.630170703489267
:o,neither,0.03945320844208391,0.33037608806864915,0.630170703489267
@highvoltage988 great!,neither,0.03629809395026052,0.28705760395740076,0.6766443020923386
Star Wars and Star Trek are both fabulous!,neither,0.051130025559541714,0.28637412268505064,0.6624958517554077
"Love the Orion antennae, got to get a pair for my daughter",neither,0.026868663158092214,0.40646701033531024,0.5666643265065975
@cljedi What did you send? Whisper if you would prefer.,neither,0.04920284245067711,0.4317650697272334,0.5190320878220895
vieHeart vieHeart vieHeart vieHype vieHype vieHype vieD20 vieD20 vieD20 vieHug vieHug vieHug,neither,0.03945320844208391,0.33037608806864915,0.630170703489267
,neither,0.03945320844208391,0.33037608806864915,0.630170703489267
There is no versus - we live in a wonderful world where we can have all the Stars,neither,0.047573966426891386,0.3265159904605394,0.6259100431125691
What's in the box? :O,neither,0.04540404102601365,0.30511031956239276,0.6494856394115935
Xander works as N,neither,0.0368752383457743,0.37413096856884953,0.5889937930853761
@cinphoria That's amazing,neither,0.03413659802039229,0.3885612680816893,0.5773021338979183
"shuttles look more like milk cartons, tbh",neither,0.053633205579459754,0.3350643425910416,0.6113024518294986
its an alien face hugger...,neither,0.03408667733277084,0.3272247727702325,0.6386885498969967
what's in the box?,neither,0.04540404102601365,0.30511031956239276,0.6494856394115935
Xander works at NASA?,neither,0.0383888343634178,0.36272705777905956,0.5988841078575227
"star wars, star trek, battlestar galactica, stargate. all good in their own ways",neither,0.05229755842533915,0.3609764612231643,0.5867259803514967
No,neither,0.036918905254960256,0.37338982715841207,0.5896912675866277
"such a box, a wonderful box",neither,0.03961419620240194,0.32764370563147743,0.6327420981661207
The fan who sent the box,neither,0.03832652514033799,0.3538844320560436,0.6077890428036185
"sweet it looks like it's been in a battle or within firing range of a launch, dang?",neither,0.04341443197581562,0.34324044338554976,0.6133451246386346
vieHeart vieHeart vieHeart vieHype vieHype vieHype vieD20 vieD20 vieD20 vieHug vieHug vieHug,neither,0.03945320844208391,0.33037608806864915,0.630170703489267
adorable boooox,neither,0.03945320844208391,0.33037608806864915,0.630170703489267
What's up peoples?,neither,0.042388622508802556,0.3843684890817202,0.5732428884094772
PogChamp,neither,0.03945320844208391,0.33037608806864915,0.630170703489267
,neither,0.03945320844208391,0.33037608806864915,0.630170703489267
omg I am so jelly right now,neither,0.03847355492914683,0.3816782586078691,0.5798481864629841
LOL,neither,0.020706217963973744,0.4882283491876925,0.4910654328483337
vieHeart vieHeart vieHeart vieHype vieHype vieHype vieD20 vieD20 vieD20 vieHug vieHug vieHug,neither,0.03945320844208391,0.33037608806864915,0.630170703489267
Sam makes me excited,neither,0.0328068704685116,0.36600192491894007,0.6011912046125484
WOW! PogChamp PogChamp PogChamp PogChamp,neither,0.03945320844208391,0.33037608806864915,0.630170703489267
incoming loud noises from Sam :D,neither,0.040546503104318656,0.311820024378823,0.6476334725168584
Shuttle badges,neither,0.03945320844208391,0.33037608806864915,0.630170703489267
Can't argue with that stuff. Lol,neither,0.021984761140019123,0.44366343279257614,0.5343518060674048
and sam is totally Fanning right now,neither,0.044875702272009224,0.309413230207856,0.6457110675201347
unscheduled episode of Sam Loses Their Sh*t it would seem,neither,0.03823814362207418,0.3274926182748773,0.6342692381030485
hahaha,neither,0.03945320844208391,0.33037608806864915,0.630170703489267
Stuff!!,neither,0.03945320844208391,0.33037608806864915,0.630170703489267
!whodat,neither,0.03945320844208391,0.33037608806864915,0.630170703489267
"GM Eric Campbell ( twitter.com/16BitEric ), with Amy Dallen ( twitter.com/enthusiamy ), Hector Navarro ( twitter.com/Hectorisfunny ), Sam de Leve ( twitter.com/ChaiKovsky ), Bonnie Gordon ( twitter.com/BonnieBellG ), Aliza Pearl ( twitter.com/AlizaPearl ) and Gina DeVivo ( twitter.com/PocketGina ).",neither,0.03656628259155547,0.46359893935151064,0.49983477805693394
They're excitement is infectious,neither,0.07198726110504268,0.2957165743928595,0.6322961645020979
Wow!,neither,0.03945320844208391,0.33037608806864915,0.630170703489267
Sam is about to achieve lift off,neither,0.048615528026626366,0.3437895969877054,0.6075948749856682
Sam's excited,neither,0.03945320844208391,0.33037608806864915,0.630170703489267
Sam is excited! The episode can now launch,neither,0.0452297541630496,0.3120439809193463,0.6427262649176041
Sam has lost their S###,neither,0.039839952703311844,0.3238120286335181,0.63634801866317
i''d buy a SoT lootcrate,neither,0.03945320844208391,0.33037608806864915,0.630170703489267
dammit *their.,neither,0.03945320844208391,0.33037608806864915,0.630170703489267
careful now - those are some quality pencils. Those ain't breakin' pencils,neither,0.0536479916679554,0.34525998446158007,0.6010920238704646
Atlantis! Atlantis!,neither,0.03945320844208391,0.33037608806864915,0.630170703489267
"I'm excite deficient, Sam is my prescription, they're half the reason I watch this show",neither,0.058371483535965586,0.30842826805469176,0.6332002484093426
And Sam's excited. The show can start now,neither,0.04973529310534397,0.22738716211890933,0.7228775447757466
ice cream of any sort is a win,neither,0.04528794987499177,0.32836925293428815,0.6263427971907201
Look at hector lol,neither,0.029114879276481376,0.45361294954628917,0.5172721711772293
the best of fans :D,neither,0.03742292320571882,0.30280828790586856,0.6597687888884126
we knoe what they doing on break,neither,0.04172290818610684,0.3428236600057414,0.6154534318081518
The one time I get their pronoun right I go with the wrong their/ they're/ there,neither,0.039161383843209975,0.34076485204410356,0.6200737641126864
"Aww, did I miss Sam excitement?",neither,0.03464732998328108,0.33202905004708383,0.633323619969635
lol shirts meh pencil meh..food aww yea,neither,0.035752351153039895,0.35681484385448986,0.6074328049924702
Oh I made it JUST in time!,neither,0.03704195244572738,0.320948649041693,0.6420093985125795
...and we begin,neither,0.0384052246429667,0.28792765754222,0.6736671178148133
:D,neither,0.03945320844208391,0.33037608806864915,0.630170703489267
Looks like Hector still might be Borgified,neither,0.05122834359117795,0.36974693114162493,0.5790247252671971
Thanks for the amazing gifts!,neither,0.033027526975910396,0.28557125679113715,0.6814012162329525
At least I made it for the intro!,neither,0.03249451247272118,0.31353124780635605,0.653974239720923
God I love hats #IWANTIT,neither,0.036444140846916745,0.3444029691442081,0.6191528900088752
One day sam will flap hard enough to fly.,offensive_language,0.03719046496896361,0.4939648417093283,0.4688446933217082
"man, Sam should really emote more, I couldn't tell they were excited",neither,0.04965524990634296,0.3770142275503183,0.5733305225433386
Apparently my gift to Amy didnt make it :(,neither,0.034585234642024565,0.3859502181500237,0.5794645472079517
I expect to see that cap on Keller for the crossover next month.,neither,0.034758264206534495,0.3409434650846186,0.624298270708847
gods I Love this show,neither,0.05833385288354363,0.23792695023094135,0.703739196885515
vieHeart vieHeart vieHeart vieHype vieHype vieHype vieD20 vieD20 vieD20 vieHug vieHug vieHug vieDonut vieDonut vieDonut gandsSubHype gandsSubHype gandsSubHype gandsNatTwenty gandsNatTwenty gandsNatTwenty,neither,0.03945320844208391,0.33037608806864915,0.630170703489267
"I used to live a mile from Ames, and I had no idea they had a gift shop.",neither,0.0451325780869906,0.3041541246647983,0.6507132972482111
Looking forward to this episode,neither,0.0452374567678119,0.3283125112289314,0.6264500320032568
,neither,0.03945320844208391,0.33037608806864915,0.630170703489267
"@thelegendthokk Whisper me the details of that, tracking down some of them now.",neither,0.03451001586244687,0.3711555294133938,0.5943344547241594
NASA is a great organization.,neither,0.04580973340156466,0.301834258300583,0.6523560082978523
gandsSubHype gandsSubHype gandsSubHype gandsSubHype gandsSubHype gandsSubHype,neither,0.03945320844208391,0.33037608806864915,0.630170703489267
More hats on geekandsundry homepage. :D,neither,0.03825356706862137,0.33473396936491884,0.6270124635664598
@vankeet Cod i love this show Too!,neither,0.050278740863288804,0.2763889715647478,0.6733322875719634
I wonder if we'll get boarding parties,neither,0.02432919019172437,0.38679304419830307,0.5888777656099726
I'll have to go back and watch the opening at break.,neither,0.047357272687124814,0.3118269151632854,0.6408158121495897
Eric's smile = best smile.,neither,0.038856266141131884,0.3253773700941469,0.6357663637647212
I still say the warp core is actually powered by Sam's excitement,neither,0.04346996571767029,0.35258635263191623,0.6039436816504136
Oh it's not Mirrorverse?,neither,0.04309742892704191,0.2584069220595313,0.6984956490134268
I heard a zipper,neither,0.03945320844208391,0.33037608806864915,0.630170703489267
that zipper though,neither,0.033031844838705395,0.4009539480088138,0.5660142071524806
Amy Smile is the best smile!,neither,0.043312028908512504,0.3139523164839746,0.642735654607513
"@MrPingn nah, that would cause an instant overload LUL",neither,0.03549283835146678,0.3715579873351306,0.5929491743134027
@MrPingn definitely the reserve power if nothing else,neither,0.02561666907060798,0.38501622543275665,0.5893671054966353
Eric does has an awesome smile,neither,0.029663838132604127,0.4171330491283545,0.5532031127390413
I dunno Ali I’d argue Sam has the best smile,neither,0.038553564689160116,0.3105618380152224,0.6508845972956175
time to kill some klingons,hate_speech,0.5670075512747985,0.15322127181946385,0.27977117690573766
"@Milkyjuice no, not tonight. The Mirrorverse will continue at another time.",neither,0.06813548356909231,0.2755391248325806,0.6563253915983271
there was it again,neither,0.035312755699221876,0.3195571912937404,0.6451300530070376
Mirrorverse was last wekj,neither,0.039242736260478014,0.3339483502791247,0.6268089134603975
@xo_girlwonder hellooooo,neither,0.03945320844208391,0.33037608806864915,0.630170703489267
*AKI not Ali autocorrect,neither,0.03827623514671288,0.3347916777386303,0.6269320871146569
shield of tomorrow has story consultants?! hot damn!,offensive_language,0.04500237895026121,0.7403356197294473,0.21466200132029137
@chaoticloony Agreed <3 :D,neither,0.03945320844208391,0.33037608806864915,0.630170703489267
@talahar yup they’re awesome,neither,0.05674689595406462,0.3033571950627298,0.6398959089832056
I liked that super sketchy Doctor.,neither,0.0361960745698025,0.36570172328201755,0.5981022021481801
I wish there was a live tracker,neither,0.04302063581365077,0.296028833816106,0.6609505303702432
He was fantastic.,neither,0.04548385562542203,0.3305358445768646,0.6239802997977134
vieHeart vieHeart vieHeart vieHype vieHype vieHype vieD20 vieD20 vieD20 vieHug vieHug vieHug 🖖 🖖 🖖,neither,0.03945320844208391,0.33037608806864915,0.630170703489267
@xo_girlwonder Eric's smile in the intro just gives me the warm fuzzies. That's the smile of a dude's whose wildest dreams came true. It's hard not to find it completely endearing.,neither,0.03225818029478338,0.4015101432427406,0.566231676462476
anyone here watch Star Trek 2.0 on G4 back in the day?,neither,0.06983391035590526,0.2935872511921867,0.6365788384519081
I miss Xander,neither,0.02789410451089843,0.33435179396025927,0.6377541015288424
!wtfisthis,neither,0.03945320844208391,0.33037608806864915,0.630170703489267
"This is Shield of Tomorrow, join our crew aboard the USS Sally Ride for adventures and exploration in space! Playing the STAR TREK Adventures RPG by Modiphius",neither,0.03932222945167215,0.30238585689052805,0.6582919136577997
So they should be at Yellow Alert shouldn't they?,neither,0.01792830477892327,0.08244890038420731,0.8996227948368695
@xo_girlwonder yeah no doubt :D,neither,0.02186693301278063,0.4618910432433292,0.5162420237438903
what would yakkity sax in a minor key sound like,neither,0.051712410609469295,0.3346068762677503,0.6136807131227804
@floppereverday English only please.,neither,0.03945320844208391,0.33037608806864915,0.630170703489267
the big question is.. should I make popcorn for this show?,neither,0.04398300992948621,0.3086178536308416,0.6473991364396722
@Danoba whisper sent,neither,0.03945320844208391,0.33037608806864915,0.630170703489267
yes,neither,0.03945320844208391,0.33037608806864915,0.630170703489267
@Redeyedevil66 Make it so.,neither,0.036954900997372996,0.4128228953284452,0.5502222036741818
@shidareaki that’s true,neither,0.033388572507466706,0.39694385908644536,0.569667568406088
@Redeyedevil66 Yes,neither,0.03945320844208391,0.33037608806864915,0.630170703489267
popcorn is good,neither,0.04835224399905098,0.3273153016699708,0.6243324543309783
popcorn is always a good choice,neither,0.044002390961280766,0.3744829131436174,0.5815146958951017
Always look on the bright side of death apparently,neither,0.03340631618921743,0.390423042093692,0.5761706417170908
Hope your body parts scatter across the galaxy. :P,neither,0.09185352528873572,0.23373850998015291,0.6744079647311114
as long as it's not kettlecorn,neither,0.03304293206746163,0.39819012505712476,0.5687669428754136
