text,top_class,hate_speech,offensive_language,neither
gandsSubHype gandsSubHype gandsSubHype gandsSubHype gandsSubHype,neither,0.03945320844208391,0.33037608806864915,0.630170703489267
Hi Trisha and Erika!,neither,0.038358606956405694,0.2721397086643902,0.6895016843792041
doogHi !,neither,0.03945320844208391,0.33037608806864915,0.630170703489267
yoooo,neither,0.03945320844208391,0.33037608806864915,0.630170703489267
Cool outfit Trish.,neither,0.03945320844208391,0.33037608806864915,0.630170703489267
oh hallo there,neither,0.04731718652628423,0.1888125876055899,0.7638702258681258
Yay! awesome show,neither,0.05389817258298746,0.25936079274191914,0.6867410346750934
Hello Game Engine folks!,neither,0.038919445512845104,0.29848092724766034,0.6625996272394945
"Hiya @Chix_with_Joystix, always great to see you in chat. :)",neither,0.0571567648285358,0.3901291174947655,0.5527141176766985
Hello Aki.,neither,0.03945320844208391,0.33037608806864915,0.630170703489267
@Chix_with_Joystix hello awesome person.,neither,0.03945320844208391,0.33037608806864915,0.630170703489267
Hey @stargazer1977,neither,0.03945320844208391,0.33037608806864915,0.630170703489267
AHHHHH it's AKI,neither,0.037828236809968684,0.3309349903269868,0.6312367728630445
Hey Trisha and Erika,neither,0.03823530628758278,0.2638960051144801,0.6978686885979372
@Chix_with_Joystix it's me! Hiii <3,neither,0.020928709296978248,0.4277646322666584,0.5513066584363633
!girl,neither,0.026393579814477187,0.462096800417535,0.5115096197679879
"There are no grills in the studio. There are girls, although they usually prefer to be called skull crushing immortals. If you are seeing grills where none exist, you should see a doctor. However, Ryan did put a grill in the back of the studio for when he wants to cook vegetable fajitas so that one is okay.",neither,0.058418296754243516,0.3524333344081721,0.5891483688375844
maow,neither,0.03945320844208391,0.33037608806864915,0.630170703489267
no agreed with me Miss pac man,neither,0.02289386926376424,0.44190411061648754,0.5352020201197482
Trisha look amazing in that outfit,neither,0.0375085455719301,0.3674908010139455,0.5950006534141244
I missed this show but def fem!Shep. fem!Shep IS Shep,neither,0.05800095807368237,0.27037625366028006,0.6716227882660375
Yuna <3 FFX <3,neither,0.03945320844208391,0.33037608806864915,0.630170703489267
*this poll,neither,0.03933638109031124,0.33235895312332353,0.6283046657863652
"Hello, folks",neither,0.03945320844208391,0.33037608806864915,0.630170703489267
"I like the Yuna in X-2 more than X, but she's still a good choice.",neither,0.04518589192071204,0.4172515026199852,0.5375626054593027
OMG Erika 3 games for you to finish in 2 week winter break!!,neither,0.049683193794787035,0.3336952435777468,0.6166215626274663
"FemShep is definitely Shep, I agree.",neither,0.04834866643431775,0.3273165321585339,0.6243348014071483
Sylvana Songweaver???,neither,0.03945320844208391,0.33037608806864915,0.630170703489267
!grill,neither,0.03945320844208391,0.33037608806864915,0.630170703489267
yes but have you played ffx 2 lol,neither,0.04179151035894766,0.46034127298159555,0.49786721665945677
!girl,neither,0.026393579814477187,0.462096800417535,0.5115096197679879
"There are no grills in the studio. There are girls, although they usually prefer to be called skull crushing immortals. If you are seeing grills where none exist, you should see a doctor. However, Ryan did put a grill in the back of the studio for when he wants to cook vegetable fajitas so that one is okay.",neither,0.058418296754243516,0.3524333344081721,0.5891483688375844
Hitman hype!,neither,0.03945320844208391,0.33037608806864915,0.630170703489267
"@xBullish The hosts don't like it, the crew doesn't like it, and the moderators don't like it. Not gonna win that fight.",neither,0.04804451690553127,0.3553196626234794,0.5966358204709893
When is talks on?,neither,0.03272243807026405,0.40057629906553904,0.5667012628641971
!whenistm,neither,0.03945320844208391,0.33037608806864915,0.630170703489267
"Talks Machina is on at 7 PM PST, it is currently 4:05 PM PST. There is 2 Hours, 54 Minutes, 14 Seconds until the next episode of Talks Machina. This has command has been run 93 times but has probably been asked about way more.",neither,0.042868759665722914,0.3364771895198027,0.6206540508144743
"I have beaten FFX-2 4 times, yes.",neither,0.03900040597455921,0.3380613276628168,0.622938266362624
Y'all I just sent a pup tent to G&S for puppies to be in. If you don't use it Sam and I'll be very disappointed,neither,0.023640812733196962,0.42024115339591345,0.5561180338708895
hi people,neither,0.08609671943452742,0.32453468451780987,0.5893685960476628
"episodic worked for the game, it can work for tv.",neither,0.030300246420038715,0.25393469900689375,0.7157650545730676
Hey Compel,neither,0.03945320844208391,0.33037608806864915,0.630170703489267
allo,neither,0.03945320844208391,0.33037608806864915,0.630170703489267
Battlefield 2 had an... interesting weekend.,neither,0.03975221619626856,0.3253011461320801,0.6349466376716514
what if somepne produces a choose your own adventure tv series based on a game...,neither,0.05702633925818114,0.33308433186425174,0.6098893288775671
i kind of like the hood,neither,0.13921677645466948,0.32954758827819813,0.5312356352671322
I heard something like EA have lost like 5% of their stock price in the last day or so,neither,0.05001694362754276,0.35781398085685884,0.5921690755155985
You need to grind for about 40 hours each for Vader and Luke. That's an issue.,neither,0.04015099966283881,0.3283542275029411,0.63149477283422
you now have to call a representative if you want a battlefront 2 refund lol,neither,0.04371976822871776,0.4766422027566878,0.47963802901459457
By average.,neither,0.041121190543967,0.3927907918878584,0.5660880175681745
People need to vote with their wallets. EA continues to be successful despite all of the negative backlash,neither,0.05227452120787638,0.3668590251435538,0.5808664536485699
By a factor of like 12x.,neither,0.052331121608710555,0.39695884464001535,0.5507100337512741
gandsSubHype gandsSubHype,neither,0.03945320844208391,0.33037608806864915,0.630170703489267
"Oh, we're talking about EA. D:",neither,0.058045217648771456,0.2900542825447319,0.6519004998064966
"It's not like Vader and Luke are added characters, they are in the promotional materials and trailers.",neither,0.07246715425313262,0.2421153360393668,0.6854175097075006
Oh hey @dayntee,neither,0.04724942694866229,0.25746865428102644,0.6952819187703113
"Oh hey, @Danoba",neither,0.04724942694866229,0.25746865428102644,0.6952819187703113
"yeah, I figured this would be a topic today :P",neither,0.02663188656135606,0.3942464786487959,0.579121634789848
Ohai @Danoba !,neither,0.03945320844208391,0.33037608806864915,0.630170703489267
Oh hey @Lefty79,neither,0.04724942694866229,0.25746865428102644,0.6952819187703113
Hi Shish and Erica! shishWW tinytatoHugs gandsSubHype,neither,0.03868284165753408,0.29150793163893735,0.6698092267035286
EA loves their microtransactions,neither,0.03945320844208391,0.33037608806864915,0.630170703489267
"Yeah, they do . . .",neither,0.019975956283523447,0.4776095057906264,0.5024145379258502
"Yes... but they DROPPED the amount of rewards, too!",neither,0.03608100913368229,0.3285975058058754,0.6353214850604424
"They have dropped the credits required, but I've also understood they dropped the rate of acquisition as well.",neither,0.025931175226988276,0.3312706923849222,0.6427981323880896
another main negative point is they removed the ability to refund your preorder,neither,0.11005302517450959,0.26301979198876585,0.6269271828367246
"That was announced yesterday, but the game officially came out today, so it probably just happened.",neither,0.02916177874626971,0.36736113444806423,0.603477086805666
Mircotransactions trigger me,neither,0.030520268528858967,0.37955764608814885,0.5899220853829922
they have also removed the refund button from their website though...,neither,0.039219970915088595,0.3153676584677003,0.645412370617211
thats rude,neither,0.03945320844208391,0.33037608806864915,0.630170703489267
they dropped the amount you earn each match also so effectivly they did nothing,neither,0.04538535759040604,0.3923736496795412,0.5622409927300528
They Dropped the Credits it costs but they Also dropped the Reward payout,neither,0.036419220593877547,0.31985443498979793,0.6437263444163244
hi,neither,0.03945320844208391,0.33037608806864915,0.630170703489267
"Well, come on, Leia got shot in Star Wars and in Return of the Jedi. 4Head",neither,0.03565075193701649,0.34514519889935386,0.6192040491636296
"@Chix_with_Joystix microtransactions overall don't trigger me, although I find them slightly predatory, but microtransactions in a full priced game REALLY trigger me.",neither,0.045810048159222565,0.3046957361478208,0.6494942156929565
they stopped the ability to refund your preorder because of mass-refunds,neither,0.059299433779407905,0.3142935117234297,0.6264070544971624
all hero's should be the same price.,neither,0.05243634231196468,0.42292856979018406,0.5246350878978513
THEY DIDNT RESPOND ! they lowered REWARDS !!!!,neither,0.03945320844208391,0.33037608806864915,0.630170703489267
"Yes, if your Reddit post is 10x more unpopular than the next most downvoted post and your stock goes down, they'll respond very quickly :)",neither,0.05570798125479684,0.3260839750378432,0.6182080437073598
hi,neither,0.03945320844208391,0.33037608806864915,0.630170703489267
at least it doesnt look like trash like....Marvel vs Capcom Infinite,neither,0.053771484860290424,0.24272953854954746,0.7034989765901621
that is why i avoid multiplayer games,neither,0.03183605150303925,0.38099255549924965,0.5871713929977112
ramaLurk ramaHype,neither,0.03945320844208391,0.33037608806864915,0.630170703489267
@chix_with_joystix did you see how they are able to refund battlefront 2 lol,neither,0.07101265532735973,0.3671427793360997,0.5618445653365405
changed*,neither,0.03945320844208391,0.33037608806864915,0.630170703489267
especially since the next most downvoted comment was defending hitler,neither,0.03840432882696227,0.3294008746301644,0.6321947965428735
hey guys,neither,0.03929207127355727,0.33311100635304525,0.6275969223733975
Hey @chuckytheclown11,neither,0.03945320844208391,0.33037608806864915,0.630170703489267
Who's in Hufflepuff with me?!,offensive_language,0.017043640870084222,0.5450652065819594,0.43789115254795624
I'll still buy the game...I love Star Wars and battlefront too much,neither,0.03336486316547245,0.29144111958659863,0.6751940172479289
me! i'm a hufflepuff,neither,0.018491955366437673,0.460246435692358,0.5212616089412043
yup,neither,0.03945320844208391,0.33037608806864915,0.630170703489267
love you 'Puffs. You're the softest. gotta go be back soon,neither,0.07969937023823498,0.4021860207476085,0.5181146090141565
Hufflepufff... FailFish ... Kappa,neither,0.03945320844208391,0.33037608806864915,0.630170703489267
Harimon Go?!?,neither,0.04276165647058889,0.34190019769565555,0.6153381458337556
"And it's Niantic, so they probably know as much about what they're doing as we do.",neither,0.04516557951667313,0.3823393133289405,0.5724951071543862
ssssssss,neither,0.03945320844208391,0.33037608806864915,0.630170703489267
"I want this to be great, but I'm so skeptical after pokemon go",neither,0.04138534043213156,0.35130607657163754,0.6073085829962309
Ingress and PokemonGo are basically the same thing. >>,neither,0.06447204686912955,0.23940092168535834,0.6961270314455121
not me Im a muggle,neither,0.02540591039959313,0.45266244474174233,0.5219316448586644
Guys at work were obsessed with Ingress,neither,0.030019892324675043,0.36469444381827926,0.6052856638570456
"NO! Not ""good on them""... thats not a win, thats a nothing! EA wont change, and will just keep doing this, as long as people keep buying into this method. You have to protest with your wallet, and just NOT buy their, and all other ""Games as a Service"" games! Period!",neither,0.05200393357521181,0.3864908366863161,0.5615052297384721
Niantic so it will be released only half finished and mostly unplayable?,neither,0.03909997882259712,0.3188318941962669,0.642068126981136
battlefront 2 is still a great game no one is force u too buy any of the micotrans action stuff in the game,neither,0.04372598365282326,0.2940382556993644,0.6622357606478123
@sdelcastillo1 more or less,neither,0.041772809549872794,0.31832678468154235,0.6399004057685848
"@Zismarith I'm not sure if it is going to hurt them in the grand scheme of things though. These type of responses towards EAs decisions with their games has been going on for awhile, they continue to be successful.",neither,0.034840534331400344,0.42730307348363655,0.5378563921849631
hopefully they transfer the servers,neither,0.038810533340760456,0.3187010289082209,0.6424884377510186
lol,neither,0.020706217963973744,0.4882283491876925,0.4910654328483337
I spent so much money that was wasted on crashed games with items used,neither,0.02891381767693473,0.40175625242335217,0.569329929899713
There was a time (the first week),neither,0.03083311779296907,0.29757849180260454,0.6715883904044265
Pokemon Go actually did help me go out and breathe fresh air. That's insane.,neither,0.03278423254907912,0.36110721427364373,0.6061085531772771
I also hope they don't just reuse the same landmarks that they used for pokemon :/,neither,0.04910756360078811,0.27217501667792565,0.6787174197212862
For one month and one month only. lol,neither,0.029871511376899394,0.3572785494076598,0.6128499392154408
If you live in a City maybe,neither,0.037622915135270815,0.430947079480611,0.5314300053841181
A lot of the Pokemon Go gym and pokestop locations were based on the data gathered in Ingress I think,neither,0.037780903850268596,0.2886700549498249,0.6735490411999064
"@dayntee Same, went on longer walks and such too because of it.",neither,0.03657885438423661,0.3172343697638009,0.6461867758519626
"If I can go wander around my neighborhood wearing a ""Pokemon Trainer"" tee and get a high five and not a giant wedgie, it's a win.",neither,0.02568961185159451,0.39154998792141615,0.5827604002269894
We are all taking about in past tense for a reason though,neither,0.04960553096962859,0.3420728092609564,0.608321659769415
