text,top_class,hate_speech,offensive_language,neither
thx,neither,0.03945320844208391,0.33037608806864915,0.630170703489267
and we have a show,neither,0.05875071127548546,0.19452556064413207,0.7467237280803826
cheer100 Is the ball rolling yet?,neither,0.04581711642906167,0.3136842745640077,0.6404986090069307
Turn up!,neither,0.035153875188099634,0.4211432925429651,0.5437028322689351
!whodat,neither,0.03945320844208391,0.33037608806864915,0.630170703489267
"Becca Scott ( twitter.com/thebeccascott ), Stef Woodburn ( twitter.com/StefWoodburn ), Whitney Moore ( twitter.com/TweetneyMoore ) and Blythe Kala ( twitter.com/BlytheKala93 ).",neither,0.03834917529502545,0.45391048010277946,0.5077403446021951
and no sound :P,neither,0.03732545915770753,0.2946103521908776,0.6680641886514149
"Hi Becca, Whitney, Blythe, and Stef!",neither,0.03869401354372475,0.29213104977327864,0.6691749366829968
RIP sound,neither,0.03945320844208391,0.33037608806864915,0.630170703489267
stefHeart,neither,0.03945320844208391,0.33037608806864915,0.630170703489267
ah Ive never caught the intro before,neither,0.03398928937669565,0.38693846559724393,0.5790722450260606
gandsSubHype gandsSubHype gandsSubHype gandsSubHype,neither,0.03945320844208391,0.33037608806864915,0.630170703489267
"Show. Which does not mean audio. We have show, not tell.",neither,0.04385624665490766,0.33681511261721675,0.6193286407278756
"yep, brian's chewing on cables again",neither,0.03608888164000667,0.3628960869610095,0.6010150313989838
No sound,neither,0.03817021587683215,0.3521518202447505,0.6096779638784173
RIP Sound,neither,0.03945320844208391,0.33037608806864915,0.630170703489267
No sound,neither,0.03817021587683215,0.3521518202447505,0.6096779638784173
No sound. #fail,neither,0.038582262664610914,0.3451583108997197,0.6162594264356693
RIP Sound,neither,0.03945320844208391,0.33037608806864915,0.630170703489267
lmao,neither,0.03705015143476208,0.3711622369619404,0.5917876116032975
Don't hear audio is this supposed to be like this?,neither,0.06003128634987952,0.3409179744568601,0.5990507391932605
YAY,neither,0.03945320844208391,0.33037608806864915,0.630170703489267
!oshi,neither,0.03945320844208391,0.33037608806864915,0.630170703489267
Good boy! <3,neither,0.03840003470204111,0.3307383228117663,0.6308616424861926
Lol.,neither,0.020706217963973744,0.4882283491876925,0.4910654328483337
!oshi,neither,0.03945320844208391,0.33037608806864915,0.630170703489267
start bets on how long till they notice?,neither,0.03707766895212668,0.3393985545955347,0.6235237764523386
Matt Mercer!,neither,0.03945320844208391,0.33037608806864915,0.630170703489267
Hi Matt!,neither,0.03945320844208391,0.33037608806864915,0.630170703489267
#WeKnow gandsPitCrew,neither,0.03945320844208391,0.33037608806864915,0.630170703489267
dat oshi reveal,neither,0.03945320844208391,0.33037608806864915,0.630170703489267
@crthemighty hahaha yup! he took honey badger to heart,neither,0.04827976944483892,0.32619676751368964,0.6255234630414714
RIP Sounds.,neither,0.03945320844208391,0.33037608806864915,0.630170703489267
#theyknow,neither,0.03945320844208391,0.33037608806864915,0.630170703489267
AUDIO!,neither,0.03945320844208391,0.33037608806864915,0.630170703489267
cheer100 cheer100 cheer100 cheer100,neither,0.03945320844208391,0.33037608806864915,0.630170703489267
There we go,neither,0.04083933629015207,0.27628362646603744,0.6828770372438104
heyooooo,neither,0.03945320844208391,0.33037608806864915,0.630170703489267
"So quiet this week. But there's a dog, so it's fine.",neither,0.03604781439594748,0.3693712449078561,0.5945809406961965
beccaOshibaby beccaOshibaby beccaOshibaby beccaOshibaby,neither,0.03945320844208391,0.33037608806864915,0.630170703489267
"Hello I have a hard question to ask if you don't mind answering , So say I am the Messiah, and I ask you a question, what would you change in the human mind, to make this world a better place, IE feelings , pain, joy, ectra ?????",neither,0.08405939993022299,0.39138471818806797,0.5245558818817091
Hello,neither,0.03945320844208391,0.33037608806864915,0.630170703489267
beccaOshibaby beccaOshibaby beccaOshibaby,neither,0.03945320844208391,0.33037608806864915,0.630170703489267
I hear a Mercer!,neither,0.03945320844208391,0.33037608806864915,0.630170703489267
and becca went there :D,neither,0.03860235995919324,0.2240980381951428,0.737299601845664
"""Humans take priority,"" says the murderer.",neither,0.03877523581037892,0.3180484199712936,0.6431763442183275
lol :),neither,0.020706217963973744,0.4882283491876925,0.4910654328483337
Does a light come on when you open part of him? :P,offensive_language,0.028678191431518566,0.5093009386532734,0.46202086991520813
Matt!,neither,0.03945320844208391,0.33037608806864915,0.630170703489267
It's all about Mr/ Freeze's new career as a proctologist who specializes in ice enemas,neither,0.040146364869140624,0.40017592594290685,0.5596777091879527
Oshi!,neither,0.03945320844208391,0.33037608806864915,0.630170703489267
PUPPY,neither,0.03945320844208391,0.33037608806864915,0.630170703489267
beccaOshibaby,neither,0.03945320844208391,0.33037608806864915,0.630170703489267
hi,neither,0.03945320844208391,0.33037608806864915,0.630170703489267
The Enemy With Inn: Turns out the enemy also runs a small hotel.,neither,0.031607379168684786,0.3401063964285101,0.6282862244028051
When will Talks be on?,neither,0.028371783320109024,0.3761390497397454,0.5954891669401455
@Therealwyldride I'd totes d/l that,neither,0.03486124774340957,0.38047850944979694,0.5846602428067935
Matt is so lucky to get to sit next to Oshi.,neither,0.06089912562679569,0.36436027709153024,0.574740597281674
@Therealwyldride Batman - He'll leave the light on for ya.,neither,0.026191130675023308,0.4741955907933813,0.4996132785315954
@Therealwyldride I'd play that.,neither,0.03263709851620636,0.40539982383634754,0.561963077647446
Oshi has claimed Mercer.,neither,0.0398838597670735,0.3230668111731776,0.637049329059749
"GR, damn autoplay not working",offensive_language,0.042964347363165505,0.8695150003793113,0.08752065225752322
Oshi!!,neither,0.03945320844208391,0.33037608806864915,0.630170703489267
@Therealwyldride I'd watch that :p,neither,0.04207796177428242,0.3988956302330104,0.5590264079927072
"Oshi: ""Is it Thursday yet?""",neither,0.04651135664277627,0.32794846724679255,0.6255401761104311
@GregariousTV it ended about 1 hour and 12 minutes ago,neither,0.0369693810409621,0.32173740084335856,0.6412932181156793
GeekAndSundry featuring Matt Mercer and four beautiful women,neither,0.04400181257967945,0.3430393220028273,0.6129588654174933
Yeah. I know I missed the live. What about a rebroadcast,neither,0.03028549637531817,0.42577318809554304,0.5439413155291387
"Also, Whitney has a diner in this game. Makes a killer grilled cheese sandwich.",neither,0.03922016246278178,0.30541790904759336,0.6553619284896248
Oshi loves Matt soooo much!!!,neither,0.03631348869891199,0.3314559816620666,0.6322305296390215
"I'm here to watch my favorite geek and sundry show, Does that Make sense?",neither,0.05773244346827885,0.3915524324091733,0.5507151241225479
@gregarioustv no rebroadcast. You can sub and watch the vod though,neither,0.05734059368436581,0.32147157312678504,0.6211878331888492
this puppy is stealing the show,neither,0.05987515038282779,0.25221641293792313,0.6879084366792491
@GregariousTV There are no rebroadcasts of Talks,neither,0.06691183553210128,0.2524502556838449,0.6806379087840538
@GregariousTV Talks Machina is an alpha show and while it is simulcast here on Twitch it is not rebroadcast,neither,0.08719301893516952,0.25152361104237475,0.6612833700224556
!oshi is adorable!!!!! <3,neither,0.051124007078731534,0.3263619652460026,0.6225140276752659
Good boy! <3,neither,0.03840003470204111,0.3307383228117663,0.6308616424861926
Rip. Thanks.,neither,0.03702831964595965,0.31007038148356736,0.652901298870473
No inspiration from Arnold?,neither,0.03969314036439687,0.3263038171745781,0.634003042461025
puppy,neither,0.03945320844208391,0.33037608806864915,0.630170703489267
MATT WITH ALL THE LADIES,neither,0.029632432773520585,0.4164919289427128,0.5538756382837667
BTAS was my childhood,neither,0.027270015987013185,0.4274484520732631,0.5452815319397238
!whodat,neither,0.03945320844208391,0.33037608806864915,0.630170703489267
"Becca Scott ( twitter.com/thebeccascott ), Stef Woodburn ( twitter.com/StefWoodburn ), Whitney Moore ( twitter.com/TweetneyMoore ) and Blythe Kala ( twitter.com/BlytheKala93 ), Matthew Mercer ( twitter.com/matthewmercer ) with Oshi ( instagram.com/oshipup ).",neither,0.0358311539008305,0.4525204715352784,0.5116483745638911
I’ll take Matt Mercer and any voice actor that play Mr Freeze in any Batman animated series or game over the Governator,neither,0.035935663936978765,0.30917143484656107,0.6548929012164602
"Whitiney's hat looks kinda strange to me, does that make sense?",neither,0.02806036587524145,0.45144937840463,0.5204902557201285
Don't forget to visit Star Trek Online and support Shield of Tomorrow! www.StarTrekOnline.com/ShieldofTomorrow,neither,0.05687602105656693,0.30425729811326435,0.6388666808301687
What is this lol,neither,0.047373874940387396,0.4102114008407796,0.542414724218833
!wtfisthis,neither,0.03945320844208391,0.33037608806864915,0.630170703489267
"This is AXYB, an adult women slumber party where the hosts play Telltale games, and whenever there's a choice to be made they each argue for one of the options and YOU vote on the outcome!",neither,0.04867059946971539,0.2900639695553062,0.6612654309749784
"""covered in shiny balls"" got whitneys attention",offensive_language,0.04460807223328161,0.513612992544439,0.44177893522227935
i love that Oshi's socials is in the command!,neither,0.03949847509011885,0.3854279787988277,0.5750735461110535
We have a subscriber-only Discord server! Join here: https://discord.gg/geekandsundry (you'll need to sub and link it to your Twitch) and be a part of the fun!...Warning: It can take up to an hour for the server to update and give you access to the channels,neither,0.08464076273808444,0.286394834032893,0.6289644032290227
omg guest star!!!!,neither,0.03945320844208391,0.33037608806864915,0.630170703489267
women slumber party Kappa,neither,0.045599650639203154,0.38184560370019127,0.5725547456606056
sorry ladies I think Mercer has the most luxurious locks on that couch,neither,0.03534729810682553,0.345318833342986,0.6193338685501885
does that make sense though?,neither,0.02448793505119762,0.47624310688561045,0.49926895806319205
Lay of ladies he's a married man now,neither,0.04374984835566597,0.3787965308370473,0.5774536208072867
halloo,neither,0.03945320844208391,0.33037608806864915,0.630170703489267
get a bigger couch,neither,0.038919254593961415,0.33943867837978825,0.6216420670262502
EA DansGame,neither,0.03945320844208391,0.33037608806864915,0.630170703489267
whos the girl with that hat ?,neither,0.023409225209617437,0.42777315755419454,0.548817617236188
"Help G&S make great content! $4.99/month gets you emotes, Minecraft server access, Sub Only Q&As, VODs, and more! Every sub keeps the channel alive! twitch.tv/geekandsundry/subscribe",neither,0.043092924924402844,0.32365565443818894,0.6332514206374082
@dunkaruzas Whitney Moore,neither,0.03945320844208391,0.33037608806864915,0.630170703489267
"I just left a stream where one of the people kept asking ""does that make sense""? so now it's stuck in my head.",neither,0.03223727477696766,0.47802127024063124,0.4897414549824012
!whodat,neither,0.03945320844208391,0.33037608806864915,0.630170703489267
"Becca Scott ( twitter.com/thebeccascott ), Stef Woodburn ( twitter.com/StefWoodburn ), Whitney Moore ( twitter.com/TweetneyMoore ) and Blythe Kala ( twitter.com/BlytheKala93 ), Matthew Mercer ( twitter.com/matthewmercer ) with Oshi ( instagram.com/oshipup ).",neither,0.0358311539008305,0.4525204715352784,0.5116483745638911
Wait what game was that?,neither,0.040205172892555124,0.3281060503523697,0.6316887767550751
does that make sense?,offensive_language,0.02301299420018539,0.49082834393705294,0.4861586618627615
He does a pretty darn good Luke!,neither,0.03193048939589338,0.42204571051702683,0.5460238000870797
Duuuuuude,neither,0.03945320844208391,0.33037608806864915,0.630170703489267
I played through the SP part of the game already,neither,0.03711592235442303,0.29082611841048944,0.6720579592350876
Wait did he do Luke in BF2?,neither,0.0455431745223912,0.3282814694745675,0.6261753560030413
Congrats Matt!!!,neither,0.03945320844208391,0.33037608806864915,0.630170703489267
Really good,neither,0.03831513130835594,0.3307675249821509,0.6309173437094933
"dont you have to play for like, 80 hours to unlock luke",neither,0.06055880245694852,0.3449514243567288,0.5944897731863227
seriously why are they all on the same couch. its bugging me more than it should,neither,0.04208443567596019,0.40406907749499943,0.5538464868290404
Yeah,offensive_language,0.013968601452186464,0.5182923869769311,0.4677390115708824
Mr. Frieze: Batman villain who has a very specific design esthetic. I think maybe there's columns involved. I'm not sure. Character still needs work.,neither,0.03661595752701131,0.39736018445298765,0.566023858020001
Now I want to play BF2,neither,0.04923522025918962,0.3196274689381533,0.6311373108026571
!questions,neither,0.03945320844208391,0.33037608806864915,0.630170703489267
Does that make sense?,offensive_language,0.02301299420018539,0.49082834393705294,0.4861586618627615
"To make it easier to read questions in chat, please preface your questions with the word question in all caps. For example, QUESTION: How are you today?",neither,0.06209713493468228,0.3342013724685751,0.6037014925967426
!whoswho,neither,0.03945320844208391,0.33037608806864915,0.630170703489267
!whodat,neither,0.03945320844208391,0.33037608806864915,0.630170703489267
"Becca Scott ( twitter.com/thebeccascott ), Stef Woodburn ( twitter.com/StefWoodburn ), Whitney Moore ( twitter.com/TweetneyMoore ) and Blythe Kala ( twitter.com/BlytheKala93 ), Matthew Mercer ( twitter.com/matthewmercer ) with Oshi ( instagram.com/oshipup ).",neither,0.0358311539008305,0.4525204715352784,0.5116483745638911
matt is the speical guest of axyb i see,neither,0.04526511394248302,0.3149972575175429,0.639737628539974
So they have reduced the prices for hero's in BF2 after intense fan feedback. But it's still very much P2W,neither,0.031690978166667924,0.3449542317535912,0.6233547900797408
that is so cuool,offensive_language,0.04803106324352531,0.4946591072974737,0.4573098294590011
cool,neither,0.03945320844208391,0.33037608806864915,0.630170703489267
@postdataest Thanks mate CarlSmile,neither,0.03712340383216046,0.3108666042171462,0.6520099919506933
who did the voice for vader? doenst sound like james earl jones..,neither,0.041013254985797096,0.3455247945646531,0.6134619504495498
Do you have to pay to unlock Luke like a normie or did EA just give you the character,neither,0.07054200042644172,0.38820651107315335,0.5412514885004049
"i would have rewatched return of the jedi a million times. for ""research""",neither,0.035004996123625724,0.307180515027575,0.6578144888487995
"""Time to play Freeze Tag: You're it!""",neither,0.07590254845043955,0.3545235707836033,0.5695738807659572
Is Matt in Pillars of Eternity 2?,neither,0.04927419366958796,0.32699820090171544,0.6237276054286965
@WhiteNekoKnight they also reduced credits earned so...,neither,0.03942028125455469,0.35968088955548466,0.6008988291899606
QUESTION. MAtt what kind of product do you use in your hair? Lol,neither,0.037500386569545276,0.44401147279837144,0.5184881406320833
Do you ever mix up catchphrases on set? Accidentally drop McCree lines recording for Mr. Freeze?,neither,0.04618878487783874,0.36795715983958666,0.5858540552825746
no body sounds like James Earl Jones,neither,0.0457906605004204,0.3501850326069064,0.6040243068926732
"The key to playing Luke Skywalker is the lightsaber repair. If you can get the lightsaber repair aspect down, you can nail it.",neither,0.05025218940900586,0.3782195540298584,0.5715282565611357
Mccree shirt xqcBang xqcBang xqcLove,neither,0.03945320844208391,0.33037608806864915,0.630170703489267
!wtfisthis,neither,0.03945320844208391,0.33037608806864915,0.630170703489267
"This is AXYB, an adult women slumber party where the hosts play Telltale games, and whenever there's a choice to be made they each argue for one of the options and YOU vote on the outcome!",neither,0.04867059946971539,0.2900639695553062,0.6612654309749784
what shampoo does matt use,offensive_language,0.011589009412753863,0.5040119464452717,0.48439904414197443
"Becca's more likely to make the choice that we are, TBH.",neither,0.059961553478068065,0.30848035895522974,0.6315580875667022
sadly that how the gaming market may end up been with aaa games if micotransaction go on more games @WhiteNekoKnight,neither,0.024041055921836287,0.40460390660666373,0.5713550374715
but also OMG beccaOshibaby,neither,0.03550942578397391,0.34218986789132955,0.6223007063246966
KappaHD Our choices are always good,neither,0.05924955131456443,0.3390151788690168,0.6017352698164188
Great choice,neither,0.0373468635068956,0.302205941464075,0.6604471950290294
You shampoo your hair? DansGame,neither,0.1725633650528345,0.3868029754980913,0.4406336594490741
LOL,neither,0.020706217963973744,0.4882283491876925,0.4910654328483337
"if I had my way, we'd all be dead right moew! Just kidding. ryonBye ryonBye ryonBye ryonBye ryonBye",offensive_language,0.019582308391278638,0.5109362528511165,0.4694814387576049
Matt is great,neither,0.04596894087738889,0.30125614122262134,0.6527749178999898
Thank you Matt!,neither,0.057780898325302935,0.39134854824816984,0.5508705534265272
Stay Turnt!,neither,0.03945320844208391,0.33037608806864915,0.630170703489267
thanks Matt!,neither,0.03715961981072129,0.3111698721589682,0.6516705080303106
Wait this is the game I wanted to see!,neither,0.05267026096937066,0.2746646380227472,0.6726651010078821
Weave been dying to find out more about Weave,neither,0.043151742463216826,0.29689577451619076,0.6599524830205924
beccaOshibaby beccaOshibaby beccaOshibaby beccaOshibaby,neither,0.03945320844208391,0.33037608806864915,0.630170703489267
lol cheesy,neither,0.030390423329749658,0.3972060592599654,0.5724035174102851
Pinkies up when you drink from thy cup. Common Kappa,neither,0.04068685362395124,0.4082906117302068,0.5510225346458418
"@Azazelthegoat you can unlock Luke by playing the game, but OF COURSE you can pay to unlock him faster",neither,0.05463702020625504,0.36080664123816514,0.5845563385555798
holy shit it's Whitney wtf,offensive_language,0.04291843774867803,0.9549586343176897,0.0021229279336323443
gandsSCANLAN Puns please Scanlan.,neither,0.03945320844208391,0.33037608806864915,0.630170703489267
stefHighFive whitney,neither,0.03945320844208391,0.33037608806864915,0.630170703489267
"I mean, if there isn't a set of options that unlocks a scene where Mr. Freeze breaks out into a rendition of Let It Go, they've missed a trick.",neither,0.01785092545982906,0.35049467925651523,0.6316543952836559
"@Azazelthegoat sorry i misread, never mind",neither,0.03610147294276714,0.3644027951048467,0.5994957319523863
matt key,neither,0.03945320844208391,0.33037608806864915,0.630170703489267
Poor Matt,neither,0.03945320844208391,0.33037608806864915,0.630170703489267
now I want a rpg GM'd by Dr. Strange,neither,0.040474542902201927,0.36011141200386104,0.5994140450939371
100% of my RPG experience is about being attacked by my minis.,offensive_language,0.02671764111786326,0.498912534481461,0.47436982440067577
i have to assume this is matt key's daily life,neither,0.04631322546103383,0.3705075335593776,0.5831792409795885
matt key is a natural at bad infomercial acting,neither,0.04188326302797583,0.34628784874209023,0.611828888229934
"""acting""",neither,0.03945320844208391,0.33037608806864915,0.630170703489267
lol,neither,0.020706217963973744,0.4882283491876925,0.4910654328483337
I feel like they are trying to sell me a free ipod right now NotLikeThis,neither,0.062416106847433823,0.34522749549138887,0.5923563976611773
