text,top_class,hate_speech,offensive_language,neither
"@Danoba Pretty great! A bunch of stuff I've been working on was finalized today with pretty good news, so I've had a great day. Glad to hear things have been going well for you!",neither,0.0215185972595402,0.3751842554223156,0.6032971473181442
"Yeah, I came to G&S for CR, always been a D&D nerd since the red box in the early 80's. But watched more and more shows on here, and watching it now more than ever because this has been my favorite show lineup since I started watching this channel.",neither,0.04191420054612823,0.3254505728515386,0.6326352266023332
cheer100 cheer100 downtime just gives us time to watch ads and earn bits,neither,0.06891163359446557,0.3214058637075085,0.6096825026980259
HOORAY,neither,0.03945320844208391,0.33037608806864915,0.630170703489267
there we go,neither,0.04083933629015207,0.27628362646603744,0.6828770372438104
Matt Key does seem to be a darling made of sunshine and sweetness,neither,0.034124783473189466,0.3832676949699279,0.5826075215568828
Sam does major voices in both Animes (with K he and Matt M are leads),neither,0.037886809984016515,0.3770400436813731,0.5850731463346104
"@igilboa1 Me too! But I also really like comics, so it's win-win-win, really.",neither,0.0380190605222527,0.38271790323098,0.5792630362467673
yay!,neither,0.03945320844208391,0.33037608806864915,0.630170703489267
Woooo!!!,neither,0.03945320844208391,0.33037608806864915,0.630170703489267
yay!!,neither,0.03945320844208391,0.33037608806864915,0.630170703489267
!whodat,neither,0.03945320844208391,0.33037608806864915,0.630170703489267
"Amy Dallen ( twitter.com/enthusiamy ), Taliesin Jaffe ( twitter.com/executivegoth ), and Matt Key ( twitter.com/TheMattKey ) with special guest Phil LaMarr ( twitter.com/phillamarr ). Chalk art by Ken Nguyen ( twitter.com/minhwind ).",neither,0.04184426468248147,0.4602323100659156,0.49792342525160277
Hel-lo!,neither,0.03945320844208391,0.33037608806864915,0.630170703489267
aaayyy,neither,0.03945320844208391,0.33037608806864915,0.630170703489267
HI xD,neither,0.03945320844208391,0.33037608806864915,0.630170703489267
1TWC,neither,0.03945320844208391,0.33037608806864915,0.630170703489267
yay Phil's here! <3,neither,0.08246405117284385,0.2954112619977925,0.6221246868293638
aaand HERE we GO!,neither,0.13156755280784707,0.2765461283225309,0.5918863188696221
gandsLessthanthree gandsLessthanthree gandsLessthanthree gandsLessthanthree,neither,0.03945320844208391,0.33037608806864915,0.630170703489267
I first caught TWC waiting for Shield of Tomorrow's premiere and stuck around ever since... imagine my surprise when they discussed books I worked on!,neither,0.025219698526225482,0.3617420728492911,0.6130382286244834
!twc,neither,0.03945320844208391,0.33037608806864915,0.630170703489267
It hear,neither,0.037164040325574736,0.3311634379550999,0.6316725217193253
Here are some handy The Wednesday Club resources! TWC Reddit: reddit.com/r/WednesdayClub/ | Discord: https://discord.gg/6QK9fVB | Wednesday Club Fanclub on Facebook: facebook.com/groups/1945232949091586/,neither,0.041287213005686295,0.3375124748912654,0.6212003121030484
Hey its these guys!,neither,0.04208976633489427,0.42595118481197297,0.5319590488531327
"hello tal, phil, matt, amy!",neither,0.03945320844208391,0.33037608806864915,0.630170703489267
I see a goblin guest!,neither,0.03945320844208391,0.33037608806864915,0.630170703489267
Phil! <3,neither,0.03945320844208391,0.33037608806864915,0.630170703489267
hellllllooo! <3,neither,0.03945320844208391,0.33037608806864915,0.630170703489267
hellooo!!!,neither,0.03945320844208391,0.33037608806864915,0.630170703489267
It's Phil!,neither,0.03761218770134201,0.33100929952250563,0.6313785127761523
Woo hoo!!!,neither,0.03945320844208391,0.33037608806864915,0.630170703489267
"@japenrose Nice, glad to hear that.",neither,0.041902394134938944,0.3668789035275914,0.5912187023374696
Eeeee! Tal is wearing that shirt that I own!,neither,0.057673107338492444,0.37928249665852615,0.5630443960029814
Wait. WAIT. Is or is not that Internet Sensation Amy Dallen??,neither,0.046022337292849734,0.3553246930744075,0.5986529696327427
hello,neither,0.03945320844208391,0.33037608806864915,0.630170703489267
goblin phill ?,neither,0.03945320844208391,0.33037608806864915,0.630170703489267
"@PrimroseFrost Ah yeah, I get that too. I always hated certain test formats and preferred others!",neither,0.027658374382946053,0.4196824026007029,0.5526592230163511
greetings everyone,offensive_language,0.02988896790634741,0.4927062106388782,0.4774048214547744
Phil's here!,neither,0.10279767126016831,0.28242382913494357,0.6147784996048881
"Woohoo, we have Phil LaMarr! <3",neither,0.03888409612873355,0.34003540929098774,0.6210804945802788
the road less travelled?,neither,0.03849277994213693,0.3127757628707107,0.6487314571871525
@Danoba Thanks! I'm really excited. And happy I now have time to play Overwatch again.,neither,0.039621347348515246,0.32963575010012663,0.6307429025513581
,neither,0.03945320844208391,0.33037608806864915,0.630170703489267
uM,neither,0.03945320844208391,0.33037608806864915,0.630170703489267
hahaha,neither,0.03945320844208391,0.33037608806864915,0.630170703489267
"wherever you go, there you are Matt Key :D",neither,0.10842705807645038,0.3313200253914735,0.5602529165320761
Nice overlay!!,neither,0.03945320844208391,0.33037608806864915,0.630170703489267
"@japenrose Nice, haven't had time to play that in a while.",neither,0.04045654349316683,0.37439188364312403,0.5851515728637092
Oh new graphics!,neither,0.05256999019044716,0.12965127048742042,0.8177787393221324
I GUESS,neither,0.0385523511628718,0.3412196875155456,0.6202279613215826
<3,neither,0.03945320844208391,0.33037608806864915,0.630170703489267
Episode begins in media res,neither,0.03945320844208391,0.33037608806864915,0.630170703489267
Pico and Sapulvida,neither,0.03763944115734239,0.1918412352459551,0.7705193235967025
that fucking rocks!,offensive_language,0.09644556661265832,0.9032420574439651,0.0003123759433766525
"There are 3 shows i don't watch regularly on this channel, Wednesday Club(Vanquished), Talks Machina(HyperForce) or AXYB.",neither,0.05303491801329371,0.29220581373548404,0.6547592682512223
ooo fancy,neither,0.03945320844208391,0.33037608806864915,0.630170703489267
very nice overlay,neither,0.03945320844208391,0.33037608806864915,0.630170703489267
oooh nice title cards,neither,0.03945320844208391,0.33037608806864915,0.630170703489267
"Hi Amy, Matt Taliesin Phil! :) Read your Ultimate Spider-Man! Hug your Alias/Jessica Jones comics...because the Bendis-pocalyps is upon us! Ahhh!",neither,0.08116957214998656,0.33481253574203884,0.5840178921079747
I heard hippolyta too,neither,0.03907581753632493,0.3367813966511594,0.6241427858125157
This is more like the Undernet.,neither,0.0780880402992319,0.3083230310805489,0.6135889286202192
love the graphics!,neither,0.03145119199065299,0.32476063973837394,0.643788168270973
#InternetSensationAmyDallen!,neither,0.03945320844208391,0.33037608806864915,0.630170703489267
injustice married xD,neither,0.03945320844208391,0.33037608806864915,0.630170703489267
oooh fancy overlay,neither,0.03945320844208391,0.33037608806864915,0.630170703489267
the Phil LaMarr alimony!,neither,0.03830256976187925,0.3091696505564884,0.6525277796816323
Half the bee hive...,neither,0.038731793565658944,0.31724338666808544,0.6440248197662556
Suplvita I think - it's a major rode in Van Nuys and Burbank IIRC,neither,0.03819641504701187,0.29523423923388364,0.6665693457191045
"Hi Taliesin, Phil, Matt and Amy!",neither,0.03888683887890143,0.30253965183751763,0.658573509283581
QUESTION: O: is Tal voicing anyone on Goblins?,neither,0.04337165643323209,0.3390097813476586,0.6176185622191094
Congratulations. You played yourself.,neither,0.05472228179027782,0.3735900843217206,0.5716876338880016
"You're that dirt road that usually gets you lost and deep into weirdo country, Talisin.",neither,0.06559792115487224,0.3801814790983551,0.5542205997467726
More Phil LaMarr for you all,neither,0.05347824533109809,0.4116488787730369,0.5348728758958651
Congratulations on your nuptials.,neither,0.07468706429107716,0.33589753932625077,0.5894153963826722
I saw that game :D It's on Facebook,neither,0.02018178272316675,0.38110247052529117,0.5987157467515419
"@Danoba I can't wait for the new map to come out, it looks great. But yeah, its always hard to find time to actually play it",neither,0.02684040346428173,0.4253377115999567,0.5478218849357616
lol amazing,neither,0.029494930075611017,0.4046586088410035,0.5658464610833854
"He's the Flash, bulk doesn't matter.",neither,0.0434920056460592,0.31419776573641983,0.6423102286175209
whats up i love phil lamarr,neither,0.034583529704399235,0.3901255679673011,0.5752909023282996
@Chix_with_Joystix more Phil LaMarr is always super appreciated. <3,neither,0.04528438761026035,0.36096851184385287,0.5937471005458868
@Chix_with_Joystix Thank you for giving us our LaMarr fix.,neither,0.07853059669692639,0.3362819655136386,0.585187437789435
"Okay but lets be real, his arm constantly switches sides and it drives me insane",neither,0.039416771571552475,0.3979309095578318,0.5626523188706158
9 cat Tal,neither,0.03945320844208391,0.33037608806864915,0.630170703489267
@japenrose That new map looks awesome.,neither,0.039278591729097805,0.2915165554282204,0.6692048528426818
Now Taliesin...The trident got nerfed after the last major patch! Don't be salty now ;),neither,0.03792110017282907,0.3394570930179666,0.6226218068092042
WE SAW THAT CHIEF!,neither,0.035462462224862025,0.3747393820603639,0.5897981557147741
I love Phil Lamarr,neither,0.03596661143848979,0.34670415582058367,0.6173292327409265
lol comic company crossovers break Amy's brain,neither,0.03389031676179319,0.3696396378620374,0.5964700453761693
O.O Chief is extra excited,neither,0.04654297367662842,0.32793759269903267,0.6255194336243388
"also, saw that typo, Ohil, @GeekandSundry ;)",neither,0.03484236498227623,0.38068861756771405,0.5844690174500098
"nice typo check, Chief ;)",neither,0.03945320844208391,0.33037608806864915,0.630170703489267
they're whaaat? turtles??,neither,0.05396518334512117,0.30724612763101394,0.638788689023865
Ohil is Phil's cousin. :P,neither,0.047736712191575,0.3275270112841437,0.6247362765242813
We have faith in you chief!,neither,0.05314536335707504,0.3820138184149122,0.5648408182280128
,neither,0.03945320844208391,0.33037608806864915,0.630170703489267
@animavisionary only 4.5 cats. the other 4.5 belong to Phil now,neither,0.04621247614815373,0.21164870075548492,0.7421388230963613
"I saw that Ohil, Chief.",neither,0.03532808400138777,0.3752932098755855,0.5893787061230267
Hellboy in Injustice looks dope though,neither,0.03945320844208391,0.33037608806864915,0.630170703489267
QUESTION: O: is Tal voicing anyone on Goblins?,neither,0.04337165643323209,0.3390097813476586,0.6176185622191094
nice :),neither,0.03945320844208391,0.33037608806864915,0.630170703489267
"@Danoba I'm gonna be so distracted by all the easter eggs I'll probably do terribly on it, to be honest. They put so much in it!",neither,0.03883459445581073,0.4492408495288054,0.5119245560153838
Deadpool 2 teaser talk!,neither,0.011110422634366193,0.34012447178344374,0.64876510558219
"Evening, Daisies! <3",neither,0.03945320844208391,0.33037608806864915,0.630170703489267
turtles!,neither,0.03945320844208391,0.33037608806864915,0.630170703489267
I'm glad we have a 9 cat Tal today,neither,0.03789045794248363,0.32233739519281424,0.6397721468647022
he looks so much better.,neither,0.040593056711516785,0.3787350616845932,0.5806718816038899
object guests lol,neither,0.020706217963973744,0.4882283491876925,0.4910654328483337
Phil LaMarr is always one of my favorite guests!,neither,0.033479267346648196,0.46922150360719705,0.49729922904615464
PFM?,neither,0.03945320844208391,0.33037608806864915,0.630170703489267
"They look like the Turtles from the first movies, not the remakes",neither,0.04007995400470478,0.3004798713674845,0.6594401746278107
Awww....,neither,0.03945320844208391,0.33037608806864915,0.630170703489267
@cinphoria along with his cat/bee/chicken army,neither,0.045913781096485994,0.35725529840874454,0.5968309204947695
Promotional Friends,neither,0.03945320844208391,0.33037608806864915,0.630170703489267
WHAT,neither,0.057770773616808734,0.3180719994247239,0.6241572269584672
@japenrose Easter eggs are the best part uusally.,neither,0.05558703388319167,0.2816821642907654,0.6627308018260428
A GIVEAWAY! Neat!,neither,0.03945320844208391,0.33037608806864915,0.630170703489267
Exhibit A,neither,0.03945320844208391,0.33037608806864915,0.630170703489267
usually*,neither,0.03945320844208391,0.33037608806864915,0.630170703489267
"You could also talk about how Justice League is currently 49% on Metacritic, but why beat that DC dead horse, lol.",neither,0.027529629912251528,0.4235642738148771,0.5489060962728712
@animavisionary indeed,neither,0.03945320844208391,0.33037608806864915,0.630170703489267
omg that was hilarious!,neither,0.03540240046149913,0.3752179720147344,0.5893796275237664
"all three of those, i have. yup.",neither,0.06363687401973352,0.3356793446543156,0.6006837813259509
promotional friends are the best friends,neither,0.059428233466794954,0.27227311537424126,0.6682986511589638
That looks like an interesting game,neither,0.04459078865203918,0.3375140489075757,0.6178951624403852
problems.,neither,0.03945320844208391,0.33037608806864915,0.630170703489267
Goblins Hype?,neither,0.03945320844208391,0.33037608806864915,0.630170703489267
@Danoba Oh yeah. I love the easter eggs. Plus Blizzard always goes over the top with them.,neither,0.028737466117469662,0.39733339079784397,0.5739291430846863
QUESTION: Taliesin - how many bees are in your bee army? Lauryn is making us talk about your bee army.,neither,0.08959525559162816,0.30844214096218725,0.6019626034461846
!problems,neither,0.03945320844208391,0.33037608806864915,0.630170703489267
"You've Got Problems is the newest game from the creator of Superfight, Red Flags, and Blank Marry Kill! You can check out the entire Jack Dire Studios game collection over at JackDire.com!",neither,0.09819839393788429,0.27235901933404977,0.6294425867280659
Yeeeeah,neither,0.03945320844208391,0.33037608806864915,0.630170703489267
Goblins HYPE,neither,0.03945320844208391,0.33037608806864915,0.630170703489267
oooo,neither,0.03945320844208391,0.33037608806864915,0.630170703489267
Ears is best Goblin,neither,0.047795122290342724,0.31877675295530233,0.633428124754355
Goblins!!!,neither,0.03945320844208391,0.33037608806864915,0.630170703489267
@japenrose That they do.,neither,0.03496357241612236,0.4040705880110651,0.5609658395728125
oh! Goblins!!,neither,0.051363287716059566,0.22255663153133606,0.7260800807526044
here there be Gerblins!,neither,0.13218454271731672,0.21277623613714045,0.6550392211455428
Smurfs meets GoT. Oh dear.,neither,0.042848830883438056,0.32691912436030274,0.6302320447562593
So cool,neither,0.03941094976918481,0.4067560025575799,0.5538330476732353
goblins looks cool as h*ck dude,neither,0.037794724297407885,0.35852489230251405,0.6036803834000781
Everyone talking about Hellboy in injustice 2...and all I'm waiting for is the Enchantress and the Ninja Turtles to get released with fighter pack 3! :D,neither,0.033699157121425474,0.3694111319524243,0.5968897109261503
I need to watch this,neither,0.05828032383180963,0.3216774189210742,0.620042257247116
like the one shot je,neither,0.047733045650950844,0.35901397846202626,0.5932529758870229
"QUESTION: Taliesin, can you still carry out your plans now that Phil gets half of your bee army?",neither,0.07483020051182279,0.3771667352311791,0.5480030642569981
I love iiiit,neither,0.03217296676969875,0.3657703709031763,0.602056662327125
"Phil, was this in any way inspired by that Pathfinder oneshot?",neither,0.03745695262796159,0.3933710522766282,0.5691719950954103
"Needs more Ashley Burch as Piglet, ""I want to raaaaaggggeee!!!""",neither,0.045194822797204645,0.344380969067854,0.6104242081349414
Goblins is a great comic.,neither,0.05061484561512324,0.2864395912068406,0.6629455631780362
Smurf meets GoT??? I'm in,neither,0.038376270992579835,0.3690372604373989,0.5925864685700213
I am so excited for Goblins!!!,neither,0.03258460041095374,0.34339812334522596,0.6240172762438202
playing D&D atm,neither,0.03945320844208391,0.33037608806864915,0.630170703489267
ARGH! I got no audio/video,neither,0.042765958110561234,0.298896186055999,0.6583378558334398
Don't forget to visit Star Trek Online and support Shield of Tomorrow! www.StarTrekOnline.com/ShieldofTomorrow,neither,0.05687602105656693,0.30425729811326435,0.6388666808301687
:D,neither,0.03945320844208391,0.33037608806864915,0.630170703489267
like the one shot he was in!!!!,neither,0.0559344869523755,0.3621528608709293,0.5819126521766952
QUESTION: O: is Tal voicing anyone on Goblins? Can he pls?,neither,0.04665929561239726,0.3331134810624655,0.620227223325137
lol so far!,neither,0.029613113481197734,0.4659028985612135,0.5044839879575888
Too bad about the creator tho.,neither,0.031178219753151725,0.35212770092152,0.6166940793253283
"QUESTION: Phil, is that game in any way inspired by the Pathfinder oneshot?",neither,0.04142993719766889,0.3445122022709379,0.6140578605313931
@stargazer1977 Same,neither,0.04148851938089603,0.3488915597363099,0.609619920882794
"ok, im in.",neither,0.038152451830073195,0.3781460554915937,0.583701492678333
@Cymmetri reload the page,neither,0.03820879748569189,0.3073736225777452,0.6544175799365629
Cartoons cost way more than people expect.,neither,0.05938718437799853,0.3280167860821782,0.6125960295398233
"QUESTION: Phil, what are your plans now that you get half of Taliesin's bee army?",neither,0.08892235015553199,0.34830977168293165,0.5627678781615364
QUESTION: what cartoon did you try to make Taliesin,neither,0.06417953520604858,0.35829746235830096,0.5775230024356506
We have a subscriber-only Discord server! Join here: https://discord.gg/geekandsundry (you'll need to sub and link it to your Twitch) and be a part of the fun!...Warning: It can take up to an hour for the server to update and give you access to the channels,neither,0.08464076273808444,0.286394834032893,0.6289644032290227
hey gang,neither,0.03945320844208391,0.33037608806864915,0.630170703489267
Too bad the kickstarter won't actually reach its goal.,neither,0.032366757855724425,0.32408586939421186,0.6435473727500638
I'm so stoked,neither,0.039408962504520015,0.38382265604540616,0.5767683814500738
I have actually read this webcomic,neither,0.038756981228801946,0.34219288088628047,0.6190501378849176
Ears Thaco Chief and MinMax,neither,0.03867636158593272,0.2911453847845307,0.6701782536295366
I’m excited for Goblins!,neither,0.031620652950014184,0.29131992832849596,0.6770594187214899
Niiiiiice,neither,0.03945320844208391,0.33037608806864915,0.630170703489267
,neither,0.03945320844208391,0.33037608806864915,0.630170703489267
shoot how much did i miss?,neither,0.04483829873873288,0.2735583015357681,0.6816033997254991
@GeekandSundry Is there a link to support Goblins?,neither,0.09347902292441046,0.2734331837618415,0.633087793313748
my god that cast,neither,0.026110473646162494,0.44739712538968157,0.526492400964156
Mercer!,neither,0.03945320844208391,0.33037608806864915,0.630170703489267
holy CRAP what a cast!,neither,0.04369897166134749,0.3273102164552836,0.628990811883369
Matt is playing the MOST CINNAMON ROLL of the goblins,neither,0.043551461516670796,0.3074851813256995,0.6489633571576297
Who's Matt voicing?!!!,neither,0.04026364664679974,0.4121745146664652,0.5475618386867349
Oooooooooooooooooo,neither,0.03945320844208391,0.33037608806864915,0.630170703489267
ooo wow nice,neither,0.03945320844208391,0.33037608806864915,0.630170703489267
it's the perfect casting,neither,0.036133106858806066,0.30748200257709923,0.6563848905640949
That sounds so cool!,neither,0.03509455129000309,0.42643375266623545,0.5384716960437613
Hi Phil!,neither,0.03945320844208391,0.33037608806864915,0.630170703489267
Now thats calling in some god damn favors,offensive_language,0.03750408102685043,0.6933503047206894,0.2691456142524603
@Chovexani Big Ears,neither,0.022105767499405755,0.4034077622537621,0.574486470246832
Billy West!,neither,0.03945320844208391,0.33037608806864915,0.630170703489267
LINK MEEEEEEEEE,neither,0.03945320844208391,0.33037608806864915,0.630170703489267
Woo! Strong and Mercer!,neither,0.038687240933089596,0.29175359303059367,0.6695591660363168
@cinphoria whoooo,neither,0.03945320844208391,0.33037608806864915,0.630170703489267
@ToonEzon only a few mins,neither,0.03945320844208391,0.33037608806864915,0.630170703489267
dat lineup Kreygasm,neither,0.03945320844208391,0.33037608806864915,0.630170703489267
!wtfisthis,neither,0.03945320844208391,0.33037608806864915,0.630170703489267
"Welcome to The Wednesday Club where Amy, Taliesin, and Matt talk about comics old and new.",neither,0.03356453638198711,0.24263158377310745,0.7238038798449055
Who's Matt voicing?,neither,0.04026364664679974,0.4121745146664652,0.5475618386867349
https://www.indiegogo.com/projects/goblins-animated-2nd-edition-rpg-animation#/,neither,0.03945320844208391,0.33037608806864915,0.630170703489267
im hella excite for this,neither,0.02987903485871527,0.40681644304973485,0.5633045220915498
Gotta admit I have a tiny crush on Billy West.,neither,0.03645251521226215,0.3611288081975551,0.6024186765901826
is it ears tell me it's ears,neither,0.03755013709136804,0.35384218099631676,0.6086076819123152
!twc,neither,0.03945320844208391,0.33037608806864915,0.630170703489267
Here are some handy The Wednesday Club resources! TWC Reddit: reddit.com/r/WednesdayClub/ | Discord: https://discord.gg/6QK9fVB | Wednesday Club Fanclub on Facebook: facebook.com/groups/1945232949091586/,neither,0.041287213005686295,0.3375124748912654,0.6212003121030484
Tara Strong FTW!,neither,0.03945320844208391,0.33037608806864915,0.630170703489267
this actually looks fun,neither,0.03935507682783678,0.33204163766552824,0.6286032855066349
@Danoba Thanks!,neither,0.035884468650613,0.3004919205142699,0.6636236108351171
,neither,0.03945320844208391,0.33037608806864915,0.630170703489267
"Help G&S make great content! $4.99/month gets you emotes, Minecraft server access, Sub Only Q&As, VODs, and more! Every sub keeps the channel alive! twitch.tv/geekandsundry/subscribe",neither,0.043092924924402844,0.32365565443818894,0.6332514206374082
@a_few_more_goth thanks,neither,0.035884468650613,0.3004919205142699,0.6636236108351171
@cinphoria Cinnamon roll?,neither,0.03945320844208391,0.33037608806864915,0.630170703489267
this is so excite!,neither,0.047912539812521436,0.3759441805335498,0.5761432796539289
This comic is reeeeeeaaaaal good.,neither,0.05408008597286899,0.3281895969824268,0.6177303170447042
Now if they just get Ashley Burch they've got a complete set.,neither,0.015673681224988006,0.39337124038525606,0.5909550783897559
"did that one goblin have the word ""Monster"" carved into its forehead???",neither,0.03191242675138269,0.3734272985384499,0.5946602747101674
"""I was cursed with Welsh"" - Taliesin",neither,0.02823741057119074,0.3714214207015823,0.6003411687272271
Gerblins!,neither,0.03945320844208391,0.33037608806864915,0.630170703489267
yerblands,neither,0.03945320844208391,0.33037608806864915,0.630170703489267
Here there be Gerblins,neither,0.13218454271731672,0.21277623613714045,0.6550392211455428
"Matt... Merk-er? Mer-i-cer? Nope, never heard of him :P",neither,0.03721062052755269,0.3535119852917292,0.609277394180718
phrasing,neither,0.03945320844208391,0.33037608806864915,0.630170703489267
Goblins really loves it's D&D inside jokes.,neither,0.034365250788121825,0.174353565013242,0.7912811841986361
Steve gobs,neither,0.03945320844208391,0.33037608806864915,0.630170703489267
"@NeverwinterFool a good soft cinnamon roll, too pure for this world",neither,0.035018241416774704,0.3148913917186931,0.650090366864532
I believe it's spelled Tallstone Giraffe.,neither,0.03831605511782743,0.3307672072417118,0.6309167376404609
@Fatty_Melt Yes D: it's so sad,neither,0.03776407174917598,0.38422540751359036,0.5780105207372337
"ermergerd, jerblins!",neither,0.03945320844208391,0.33037608806864915,0.630170703489267
mouth-lins,neither,0.03945320844208391,0.33037608806864915,0.630170703489267
Technically it IS a comic,neither,0.04739390539104361,0.32764491826245884,0.6249611763464976
*sniffles*,neither,0.03945320844208391,0.33037608806864915,0.630170703489267
"@cinphoria Ah, gotcha. :D",neither,0.03945320844208391,0.33037608806864915,0.630170703489267
Job Bluth,neither,0.03945320844208391,0.33037608806864915,0.630170703489267
"Matt is always too pure for this world, in life and in fantasy.",neither,0.03667539677682038,0.35681514256833075,0.606509460654849
"""It's pronounced 'joblin'."" Somewhere, Matt Mercer just shouted, ""I will f**king fight you!""",neither,0.045878588340389624,0.35751742562661776,0.5966039860329927
Is that Vision on the blackboard?,neither,0.039389544674274656,0.3590952230494874,0.6015152322762378
Goblins is a comic?,neither,0.081172750358939,0.3160268245287109,0.60280042511235
Matt is absolutely too pure,neither,0.045611375245486474,0.3315805776336892,0.6228080471208243
Phil is their Kevin bacon,neither,0.04561050349873841,0.3282583119521909,0.6261311845490707
He's a Nerd Social Nexus,neither,0.04469035186661827,0.3285747942925845,0.6267348538407972
@GInquisitor I just pictured that in my head and It Is Good,neither,0.02715139227881157,0.4281901600266995,0.544658447694489
"yesterday the indiegogo was at 8%, today it's 18% <-- so awesome!",neither,0.03602381018912165,0.3522999355320804,0.6116762542787979
I donated to Goblins Animated: I highly recommend this Indiegogo project!,neither,0.0431738480705951,0.32904757754782143,0.6277785743815835
adorbs,neither,0.03945320844208391,0.33037608806864915,0.630170703489267
Phil LaMarr is literally the center of the geek universe <3,neither,0.04300938734755171,0.3101904946836028,0.6468001179688455
6 degrees of phil lamar,neither,0.03945320844208391,0.33037608806864915,0.630170703489267
I think that is Vision.,neither,0.04427393090134294,0.3626258061855894,0.5931002629130677
it's a webcomic @ToonEzon,neither,0.034373745257138544,0.33212314837979673,0.6335031063630647
"Me too, Phil!",neither,0.031057615690974563,0.3796811695911728,0.5892612147178526
Phil LaMarr has done everything,neither,0.03913479770378499,0.33578034928339096,0.6250848530128241
ah\,neither,0.03945320844208391,0.33037608806864915,0.630170703489267
"woo, thanks, Ginquistador!",neither,0.0372760594165796,0.3121449224273436,0.6505790181560769
same,neither,0.04148851938089603,0.3488915597363099,0.609619920882794
dang me and phil got into comics/reading the same way,neither,0.033685211480935284,0.3518648498999457,0.6144499386191191
So the geeky version of 6 degrees of Kevin Bacon is 6 degrees of Phil LaMarr?,neither,0.042485157632057916,0.34132780542972957,0.6161870369382126
"oh, I misspelled you. I apologise",neither,0.06601777029155237,0.325818965255287,0.6081632644531607
Wow!,neither,0.03945320844208391,0.33037608806864915,0.630170703489267
I first heard of Phil through MadTV if y'all know what that is,neither,0.028438745437996245,0.4439046828173557,0.5276565717446481
"i'm still having trouble diving into comics, especially considering how deep the dive is",neither,0.042290414704650184,0.3283639898484996,0.6293455954468502
"Technically, my first comic was Spider-Man, but what really got me into comics was Star Wars. Thanks, Dark Horse! <3",neither,0.028459883721033183,0.4218966973079318,0.5496434189710352
mmmmmm Bacon,neither,0.03945320844208391,0.33037608806864915,0.630170703489267
we didn't have the channel at the time but I've heard of MadTV,neither,0.015465540806115724,0.3657110238506814,0.6188234353432028
i mean that's at least partly why i watch this show,neither,0.04092029424305019,0.3348822546165673,0.6241974511403826
"I first saw him in ""Pulp Fiction""... but I'm old, I saw that in theaters, lol.",neither,0.02791612566751512,0.39277689047094533,0.5793069838615396
"Phil LaMarr, a former MAD TV Alum collected MAD magazines? Mind Blown",neither,0.03945320844208391,0.33037608806864915,0.630170703489267
i saw phil on castle back in the day. and then i realized he voices All The Things,neither,0.04025051220863499,0.3245553068830008,0.6351941809083641
"Pulp Fiction, Samaraui Jack, Justice League(s), Static Shock...",neither,0.03945320844208391,0.33037608806864915,0.630170703489267
"@tortugadelmar same, I was shocked when I learned the UPS guy from MadTV was a voice in Futurama and Justice League",neither,0.03431436253954144,0.32705155364377547,0.6386340838166831
@tortugadelmar ooh ooh i do i do,neither,0.041274348323019815,0.32974971455412877,0.6289759371228515
"...Futurama, Spiderman 2...",neither,0.03945320844208391,0.33037608806864915,0.630170703489267
lol,neither,0.020706217963973744,0.4882283491876925,0.4910654328483337
@halfaringcircus No. That's Iron Man on the board I believe,neither,0.033633998556623856,0.4098633251112234,0.5565026763321527
"His role in Pulp Fiction is super iconic, lol. Marvin.",neither,0.05438816792433191,0.3645045017349101,0.5811073303407579
MATT IS BIG EARS YESSSSSS <3 <3 <3,neither,0.03214631783623586,0.37409297493943366,0.5937607072243305
Boom! Backed!,neither,0.03945320844208391,0.33037608806864915,0.630170703489267
"Technically my first comic was the Dandy, but that's not a super hero comic, that's a traditional, comic, with a collection of kids cartoons",neither,0.023026178581334197,0.4192646605094569,0.5577091609092089
Phil is also Samurai Jack and Vamp from Metal Gear 2,neither,0.04455536673291647,0.29267260313617754,0.662772030130906
he's my favorite,neither,0.030104009171975924,0.44670871406349494,0.5231872767645291
yea i used to watch madTV all the time as a kid,neither,0.046564817602035874,0.4134565249481442,0.5399786574498198
@highvoltage988 don't forget samurai jack,neither,0.03945320844208391,0.33037608806864915,0.630170703489267
@highvoltage988 Don't forget Samurai Jack!,neither,0.03945320844208391,0.33037608806864915,0.630170703489267
metaphorssss,neither,0.03945320844208391,0.33037608806864915,0.630170703489267
"thanks, @aromiaflyce !",neither,0.035884468650613,0.3004919205142699,0.6636236108351171
I'm hoping there might be some cameos from the 'To The Poop' goblins... That would be kinda hilarious!,neither,0.03588785590679467,0.30966850909252547,0.6544436350006798
"BTW, I just want to say really quickly that it was such a privilege to talk comics with Taliesin at ""This Freakin' Circus"". A lot of great conversations on everything from the Defenders to female Captain America.",neither,0.06195790470936167,0.333424630342313,0.6046174649483255
@HyperHalfling I am super excited about it and super happy to support it! <3,neither,0.05667790370598582,0.3156532686756956,0.6276688276183185
"Poor Phil, always has his head blown off by John Travolta.",neither,0.05222296191136419,0.40340559772983103,0.5443714403588049
This makes me want a Webcomic Wednesday Club,neither,0.03347735034023018,0.360855442556346,0.6056672071034238
"I'm gonna be sacreligious here, but I never watched Samurai Jack as a kid *hide*",neither,0.05666897486763359,0.3959503668933454,0.547380658239021
Yay! :D,neither,0.03945320844208391,0.33037608806864915,0.630170703489267
Megas XLR was more fun,neither,0.04177950828278414,0.3201693665615063,0.6380511251557096
OH WOW THAT WAS MATT KEY'S VOICE,neither,0.04016792500127639,0.32623734205316507,0.6335947329455583
I've refreshed a dozen times! Dangit Twitch!,neither,0.022830024929623004,0.31598142094521303,0.661188554125164
