text,top_class,hate_speech,offensive_language,neither
i'm close 1968,neither,0.03945320844208391,0.33037608806864915,0.630170703489267
!ip,neither,0.03945320844208391,0.33037608806864915,0.630170703489267
"Sub Minecraft Server IP: 162.244.167.141:42944 To be whitelisted, go to http://whitelist.twitchapps.com/geekandsundry , can take up to ten minutes. For more information: bit.ly/sundrycraft",neither,0.043886162152106035,0.281406546421295,0.674707291426599
reload,neither,0.03945320844208391,0.33037608806864915,0.630170703489267
Sam's oneshot,neither,0.03945320844208391,0.33037608806864915,0.630170703489267
"Dec 14, I think",neither,0.039920294077355215,0.3224484258417239,0.6376312800809207
Bidet from Wisconsin,neither,0.04071751644889743,0.3089174816120565,0.6503650019390461
@sesimie Born in the 80s but shaped by a lot of 70s stuff,neither,0.03769190983207802,0.3510137391621415,0.6112943510057806
bidet from calgary,neither,0.04228451509352876,0.2823214250720796,0.6753940598343917
"@Boiglio I PMd you, do you have that off? Mind pming me if so?",offensive_language,0.03712699411190596,0.6027409784625324,0.36013202742556183
Bidet from Calgary!,neither,0.04228451509352876,0.2823214250720796,0.6753940598343917
Bidet from Eastern Kentucky (we don't all love trump),neither,0.03924827343068167,0.3750015374197645,0.5857501891495537
It's art time!,neither,0.03650373622891289,0.3537229319316513,0.6097733318394358
"december 14 i think, regular crit role time",neither,0.03903412142331788,0.3374890885070727,0.6234767900696094
"a very eclectic cast tonight, i don't think i know most of them",neither,0.04708404406044962,0.3030360114575892,0.6498799444819613
We have a subscriber-only Discord server! Join here: https://discord.gg/geekandsundry (you'll need to sub and link it to your Twitch) and be a part of the fun!...Warning: It can take up to an hour for the server to update and give you access to the channels,neither,0.08464076273808444,0.286394834032893,0.6289644032290227
bidet from florida,neither,0.0408948396164547,0.30590784468201904,0.6531973157015263
there's a lot of plumbing in the chat,neither,0.03862817218462609,0.2759837040559933,0.6853881237593806
OMOAGOGHAONCVEOINAOCIEN AIOCN AEIOCNEION,neither,0.03945320844208391,0.33037608806864915,0.630170703489267
Bidet from not so sunny southern California,neither,0.05258633243861101,0.3482443176893786,0.5991693498720103
Bidet from NJ,neither,0.04069404815304118,0.30931579984010865,0.6499901520068502
bedit from h-town,neither,0.04096711208200099,0.30468119232559365,0.6543516955924055
Dec 14th @TeamGnarly,neither,0.03945320844208391,0.33037608806864915,0.630170703489267
Grog’s one shot is one of my favorite episodes ever.,neither,0.03512903407124363,0.42814919872027457,0.5367217672084817
Bidet from Austin!,neither,0.04086843745212,0.30635595831493706,0.6527756042329429
15 mins folks,neither,0.03945320844208391,0.33037608806864915,0.630170703489267
F5 time,neither,0.036668274527354654,0.377643684699956,0.5856880407726893
@EuphoriaEffect thank you for that @EuphoriaEffect :),neither,0.04423169355120941,0.41265580766663323,0.5431124987821575
back for my weekly fix. <3 you all hope lot enjoy yourself today,neither,0.05850249980866778,0.34652949265506655,0.5949680075362657
Bidet from Singapore! Looking forward to seeing how this will play out.,neither,0.04254040614504376,0.3105901524915343,0.6468694413634218
"@Wolfskin75 Huh, okay. Why? If you don't mind my asking.",neither,0.021211337541143602,0.48467298098987227,0.4941156814689841
ok so what's the show tonight anyone I just got here...,neither,0.08648354777553821,0.29249724685734263,0.6210192053671191
I know they aren't having ACTUAL CR. i meant if there is a one shot lol,neither,0.028739575715066162,0.3814475580919866,0.5898128661929473
ok then the Love boat will be known in this chat...critters are awesome!!,neither,0.052045259890527815,0.29126520425890373,0.6566895358505683
Bidet from USA,neither,0.040737273169946825,0.30858215849491494,0.6506805683351382
So excited to watch CR live. Taking work off tomorrow for my birthday so I can actually stay up late gandsNatTwenty,neither,0.03688281827508439,0.41381609786839085,0.5493010838565247
Fan art has started if you cannot see all the bears please refresh,neither,0.03686573999679609,0.4081464868762821,0.5549877731269219
i cant stop rewatching honey heist,neither,0.039403060503352245,0.40951518423752165,0.5510817552591262
@TeamGnarly if you mean the Vox Machina recap and Q&A that is Thursday December the 14th in the usual CR time slot,neither,0.03627921758713882,0.3573035582954717,0.6064172241173895
so Noelle and the voice of Sasuke is gonna be onto with sam,neither,0.03534078595478144,0.3732102967411229,0.5914489173040957
Bidet!,neither,0.03945320844208391,0.33037608806864915,0.630170703489267
what's up for tonight?,neither,0.032065224399502636,0.3255331782927811,0.6424015973077163
"repeat Fan art has started , if you cannot see it please refresh",neither,0.035738047816305685,0.3805889716632042,0.5836729805204902
Bidet from the UK ;)Who's hosting tonight?,neither,0.03775165630209136,0.33219398883259366,0.6300543548653151
@bob_says_hello no problem good sir.,neither,0.037999255479864026,0.3446256529549136,0.6173750915652223
Bidet,neither,0.03945320844208391,0.33037608806864915,0.630170703489267
Keeping Austin weird?,neither,0.03945320844208391,0.33037608806864915,0.630170703489267
"Help G&S make great content! $4.99/month gets you emotes, Minecraft server access, Sub Only Q&As, VODs, and more! Every sub keeps the channel alive! twitch.tv/geekandsundry/subscribe",neither,0.043092924924402844,0.32365565443818894,0.6332514206374082
Sam's one shot,neither,0.038540576212081325,0.36389580125146637,0.5975636225364523
Bedit from Maryland,neither,0.04066490145509902,0.30981049537100724,0.6495246031738937
What is honey heist?,neither,0.058158044238343184,0.3214559007025783,0.6203860550590786
gandsTrinket gandsTrinket gandsTrinket gandsTrinket,neither,0.03945320844208391,0.33037608806864915,0.630170703489267
Time to full screen and start on my crocheting... See you all at half time!!!,neither,0.053624953795284605,0.4717335993241721,0.47464144688054344
sam one shot. excellent.,neither,0.03875560019892368,0.35602262552892605,0.6052217742721503
thank you,neither,0.07325166854587051,0.43632638485078484,0.49042194660334476
Bidet from BC.,neither,0.041095261662497835,0.30250615950080734,0.6563985788366947
Tonight is another Sam one shot with Noelle and Yuri,neither,0.06556120298541197,0.27871276989032673,0.6557260271242613
:),neither,0.03945320844208391,0.33037608806864915,0.630170703489267
Bidet from Illinois!,neither,0.04069404815304118,0.30931579984010865,0.6499901520068502
Bidet from Texas,neither,0.040937266849991,0.30518774380265185,0.6538749893473571
bidet from Texas,neither,0.040937266849991,0.30518774380265185,0.6538749893473571
Bidet,neither,0.03945320844208391,0.33037608806864915,0.630170703489267
oh my gosh!!!!,neither,0.03236932916326653,0.3691666553057533,0.59846401553098
the voice of Sasuke,neither,0.03858659475644622,0.3145373649182423,0.6468760403253114
Bidet from NZ,neither,0.04228451509352876,0.2823214250720796,0.6753940598343917
Bidet from Louisiana!,neither,0.04062582848913359,0.31047366557575606,0.6489005059351104
Bidet from Washington,neither,0.04080695066346891,0.3073995495860776,0.6517934997504536
Bidet from San Francisco!,neither,0.040391840503121675,0.31444505235836057,0.6451631071385178
okay.,neither,0.03945320844208391,0.33037608806864915,0.630170703489267
Bidet *awkward handwave*,neither,0.03945320844208391,0.33037608806864915,0.630170703489267
Bedit from Alabama,neither,0.04078317879478948,0.307803020237201,0.6514138009680096
@Vance1982 nice :),neither,0.03945320844208391,0.33037608806864915,0.630170703489267
Today gonna be another one-shot?,neither,0.0806364754172742,0.3153664984222081,0.6039970261605176
Robot Teammate guy is at HyperRPG now? Bring him and Snuggle-Lord back plz,neither,0.04215620825397177,0.32563199977318796,0.6322117919728403
Bidet from Tx,neither,0.04081748366884477,0.3072207769958956,0.6519617393352596
Squid1 Squid2 Squid3 Squid2 Squid4,neither,0.03945320844208391,0.33037608806864915,0.630170703489267
Bidet,neither,0.03945320844208391,0.33037608806864915,0.630170703489267
Bidet from Texas o/,neither,0.040937266849991,0.30518774380265185,0.6538749893473571
where in texas you at?,neither,0.06204142684781535,0.37935027107712654,0.5586083020750582
The art book is awesome if you do not have it yet,neither,0.03828642375252921,0.3922645413667302,0.5694490348807406
"Bidet from Hobart, Australia!",neither,0.04062582848913359,0.31047366557575606,0.6489005059351104
"nubmeista, texas buddies!",neither,0.03945320844208391,0.33037608806864915,0.630170703489267
Bidet from Austin!,neither,0.04086843745212,0.30635595831493706,0.6527756042329429
The North.,neither,0.03827813141413388,0.3087027896769399,0.6530190789089262
Bidet from Colorado,neither,0.04066490145509902,0.30981049537100724,0.6495246031738937
Bidet from West Virginia!!,neither,0.040483118966379954,0.3128958186190612,0.646621062414559
Bidet from San Diego!,neither,0.040446282760733435,0.31352102516371877,0.6460326920755478
BIDET from NWTN,neither,0.04228451509352876,0.2823214250720796,0.6753940598343917
austin represent!,neither,0.03945320844208391,0.33037608806864915,0.630170703489267
Bidet From Madisonville TX,neither,0.04081748366884477,0.3072207769958956,0.6519617393352596
Can the new campaign just be a full fledged honey heist situation,neither,0.051018747447283436,0.2691568087684286,0.6798244437842879
@crunchyferrett its gonna be one shots until january,neither,0.03412382661818934,0.39227570246866916,0.5736004709131415
Bidet from germany,neither,0.04069404815304118,0.30931579984010865,0.6499901520068502
bidet! it's my first time watching live,neither,0.02496538525097673,0.42975365115029707,0.5452809635987261
The art work is amazing,neither,0.04588060805044619,0.31353469611792334,0.6405846958316304
"Bidet from Seattle, WA! Just got my art book!",neither,0.029642201645429002,0.41528517474390503,0.5550726236106659
@Gumbooots NZ is a beautiful country..I was fortunate enough to live there for a year,neither,0.05165566473171899,0.2825201380557827,0.6658241972124982
Bidet from under your bed! o/,neither,0.0767552220004196,0.30128685014118534,0.6219579278583952
"Beardet by friends. Oh wait, wrong week",neither,0.045140024647001106,0.32656121886631373,0.6282987564866851
GivePLZ,neither,0.03945320844208391,0.33037608806864915,0.630170703489267
bidet from NY!,neither,0.04084513770590474,0.30675141581570226,0.6524034464783931
a whole book of art? im not a millionaire,neither,0.03800385187730808,0.35558023342631623,0.6064159146963758
Bidet,neither,0.03945320844208391,0.33037608806864915,0.630170703489267
gandsRaid,neither,0.03945320844208391,0.33037608806864915,0.630170703489267
Bidet from WI!,neither,0.040737273169946825,0.30858215849491494,0.6506805683351382
",",neither,0.03945320844208391,0.33037608806864915,0.630170703489267
@lucidvizion played last week in the CR time slot GM'd by Marisha https://www.docdroid.net/KJzmn5k/honey-heist-by-grant-howitt.pdf,neither,0.039509030200215525,0.36789661921884215,0.5925943505809423
Bidet from australia hope everyone had a good week,neither,0.05884066519241257,0.31188755792114137,0.629271776886446
bidet from PA,neither,0.04069404815304118,0.30931579984010865,0.6499901520068502
Welcome Phillip,neither,0.03945320844208391,0.33037608806864915,0.630170703489267
YES HONEY HEIST ART,neither,0.03945320844208391,0.33037608806864915,0.630170703489267
"I just turned stream on, was has it not started yet already",neither,0.032923837795478014,0.36369677842305376,0.6033793837814683
"Oh god.. a Sam one-shot. Damnit, I didn't properly stock the alcohol stores for this!!",neither,0.03121880861024697,0.32098616738850994,0.647795024001243
gandsGandsPoo gandsGandsPoo gandsGandsPoo gandsGandsPoo gandsGandsPoo,neither,0.03945320844208391,0.33037608806864915,0.630170703489267
@WorldUncovered I agreee,neither,0.03945320844208391,0.33037608806864915,0.630170703489267
bidet from az!,neither,0.04078317879478948,0.307803020237201,0.6514138009680096
"Bidet from Mooresville, INdiana",neither,0.0408364874901429,0.30689823255244486,0.6522652799574122
Bidet and beep beep from PA! Hope everyone is doing well!,neither,0.06792732235940022,0.2798370870135458,0.652235590627054
Anyone from the yellow city?,neither,0.010600251814653204,0.025168867605499343,0.9642308805798474
gibet from portland maine,neither,0.04036266062233628,0.31494031108870923,0.6446970282889545
amarillo?,neither,0.03945320844208391,0.33037608806864915,0.630170703489267
Bidet from Oklahoma!,neither,0.04066490145509902,0.30981049537100724,0.6495246031738937
!uptime,neither,0.03945320844208391,0.33037608806864915,0.630170703489267
bidet from texas,neither,0.040937266849991,0.30518774380265185,0.6538749893473571
hiiiii chat!,neither,0.03945320844208391,0.33037608806864915,0.630170703489267
,neither,0.03945320844208391,0.33037608806864915,0.630170703489267
what'd i miss????,neither,0.036306666459524344,0.32819641805645544,0.6354969154840202
BIDET FROM NEW YORK,neither,0.044690599332616286,0.20708884905532376,0.7482205516120599
Bidet from Belfast,neither,0.04228451509352876,0.2823214250720796,0.6753940598343917
"oh if they did a CritRole / Death From Above switcharound cast, that could be fun",neither,0.03012140372032704,0.3495944655287117,0.6202841307509611
brownS am I late if so how long,neither,0.025751056204324416,0.4053483895512669,0.5689005542444087
#mindflayerlivesmatter R.I.P. Karl,neither,0.03945320844208391,0.33037608806864915,0.630170703489267
yay! I'm so excited! My first time watching live! I usually have a d&d session thursday nights,neither,0.03161167709564751,0.40851524865948935,0.5598730742448631
from what he said last week its gonna be a high seas adventure :D,neither,0.039958324594540906,0.40289357805088855,0.5571480973545706
Bidet from Oklahoma!,neither,0.04066490145509902,0.30981049537100724,0.6495246031738937
aaaaaaaaaaw yeaaaah i love the critart community! def did not disappoint on the honey heist art <3,neither,0.034782555520838275,0.32989626700534497,0.6353211774738168
what part of oklahoma?,neither,0.04453927431008344,0.32672163831740986,0.6287390873725066
Bidet from Flroida :D,neither,0.04228451509352876,0.2823214250720796,0.6753940598343917
Bidet from Michigan,neither,0.040769555981420263,0.3080342349327864,0.6511962090857933
Loving this artwork!,neither,0.039326137841564766,0.33253280778730016,0.628141054371135
Any Okies in the chat tonight?,neither,0.03685004604571084,0.30207007499623606,0.6610798789580531
bidet from Pensacola!,neither,0.04228451509352876,0.2823214250720796,0.6753940598343917
@calebrc075 I used to college at WT,neither,0.0460093704959612,0.35228784256667484,0.601702786937364
"I BELIEVE IN YOU, SAM!",neither,0.0591537838648636,0.3852773409754702,0.5555688751596662
gandsTrinket gandsTrinket gandsTrinket gandsTrinket,neither,0.03945320844208391,0.33037608806864915,0.630170703489267
Bidet from Canada!!,neither,0.04071751644889743,0.3089174816120565,0.6503650019390461
so many AZ people. good stuff,neither,0.06249634907780142,0.3652697998655897,0.572233851056609
Looking forward to seeing vampire lord Yuri play tonight XD,neither,0.041685036020655084,0.31391089081829776,0.6444040731610472
Bidet from NY,neither,0.04084513770590474,0.30675141581570226,0.6524034464783931
bidet from Scotland,neither,0.04062582848913359,0.31047366557575606,0.6489005059351104
OKIES!!!!!,neither,0.03945320844208391,0.33037608806864915,0.630170703489267
"Bidet from Oslo, Norway - working the night shift (CR starts at 4 a.m, here)",neither,0.05718484837188331,0.30265112865750626,0.6401640229706105
Goldfish Cookie!!,neither,0.03945320844208391,0.33037608806864915,0.630170703489267
"this is sam's second one shot, right?",neither,0.04419341184598029,0.36894958103325476,0.5868570071207649
Bidet from Kitchener Ontario,neither,0.04062582848913359,0.31047366557575606,0.6489005059351104
fan art!!!!!!!!!!!!!! bidet from my house,neither,0.030498953511875135,0.3898802349683836,0.5796208115197412
@willowswatcher How dare you have a game night when The Mercer is on stage!! :D,neither,0.037788162402170075,0.3673563628880924,0.5948554747097374
Hello!,neither,0.03945320844208391,0.33037608806864915,0.630170703489267
hello,neither,0.03945320844208391,0.33037608806864915,0.630170703489267
"Bidet from Kentucky, yo :)",neither,0.04086638611765877,0.3885935796969041,0.5705400341854372
bidet from hamilton on,neither,0.03565618507881084,0.3206728838469784,0.6436709310742107
Watch it be high seas and Sam throws up constantly.,neither,0.0375431834174743,0.3938634695751205,0.5685933470074052
is it start or halftime?,neither,0.04568683953517975,0.3282320564888238,0.6260811039759966
"10 mins folks, get ready to Swah those buckles",neither,0.06491725462887087,0.2786799751038539,0.6564027702672753
so bummed I'll have to miss the end of this tonight :(,neither,0.0359518981055295,0.3386860736068994,0.625362028287571
"ATM Tyler Texas, but really San An",neither,0.0375274460466122,0.3331618366012317,0.6293107173521562
bidet from iowa,neither,0.04069404815304118,0.30931579984010865,0.6499901520068502
Let's see if Sam makes a point of using every one of Liam's minis to make him happy,neither,0.023985919516142738,0.4212646086930022,0.554749471790855
@ManlyTorchic ten minutes away brownJOKES,neither,0.040793593943656545,0.3076262479795543,0.6515801580767892
Go SAM!,neither,0.04104503810563369,0.3359047500671089,0.6230502118272574
@vn_kateer yeah,offensive_language,0.013968601452186464,0.5182923869769311,0.4677390115708824
bidet from Phoenix az,neither,0.04039617012658628,0.31437156734874944,0.6452322625246643
so who is the cast tonite?,neither,0.04564160640830455,0.4027697909792392,0.5515886026124561
of course Gilmore would be the GM,neither,0.038496075129732514,0.3145719310617228,0.6469319938085447
"Bidet from CHattanooga, TN",neither,0.040769555981420263,0.3080342349327864,0.6511962090857933
Bidet critters. Let's get sexy,neither,0.02120382477149133,0.38203293184246406,0.5967632433860447
is this going to be a seven seas game,neither,0.051604538939767707,0.3158721015954474,0.632523359464785
!wheniscr,neither,0.03945320844208391,0.33037608806864915,0.630170703489267
@crunchyferrett I know :( I'm a recent addict! sorry!,neither,0.03945320844208391,0.33037608806864915,0.630170703489267
"Critical Role is on at 7 PM PDT on Thursdays, it is currently 6:50 PM PDT on Thursday. There is 9 Minutes, 37 Seconds until the next episode of Critical Role. This command has been run 589 times but has probably been asked about way more.",neither,0.04098570161838698,0.34449716635027955,0.6145171320313334
bidet from australia,neither,0.04062582848913359,0.31047366557575606,0.6489005059351104
bidet from spring tx,neither,0.04046314923430155,0.3132347570892794,0.646302093676419
Of course Gilmore would DM,neither,0.03881703177681587,0.3250488265786148,0.6361341416445694
Bidet from Norway,neither,0.04228451509352876,0.2823214250720796,0.6753940598343917
this is gonna be good,neither,0.04868796351761746,0.39808695121272,0.5532250852696626
Bidet from the watermelon capital of Texas critters,neither,0.03954759513296356,0.30504244495931904,0.6554099599077173
Bidet from NoVA,neither,0.04228451509352876,0.2823214250720796,0.6753940598343917
Cant wait for another Sam game. This is gonna be great.,neither,0.06817443897370182,0.25380444934333696,0.6780211116829613
Slowedpath... what part of KY?/,neither,0.04442380903252532,0.3268021838681865,0.6287740070992881
I can't wait for the chaos sam brings,neither,0.03506631773360474,0.29720287896781045,0.6677308032985847
Critical Role is LIVE every Thursday 7pm - 10pm ish Pacific http://www.wheniscriticalrole.com/,neither,0.04356895539477528,0.27382237913603247,0.6826086654691924
Bidet from England~,neither,0.04071751644889743,0.3089174816120565,0.6503650019390461
BIDET from Houston,neither,0.040875471929787875,0.3062365648703896,0.6528879631998226
bidet from Kansas City!!,neither,0.04050054910234117,0.3125999837227694,0.6468994671748894
!clock,neither,0.03945320844208391,0.33037608806864915,0.630170703489267
It is currently 6:50 PM at the Geek & Sundry studio in California.,neither,0.052549267492962806,0.329501858400024,0.6179488741070132
brownLUL @buckyboy2009 gandsGrogSigil cheers,neither,0.03945320844208391,0.33037608806864915,0.630170703489267
"Bidet from Boise, ID!",neither,0.04097845174991622,0.304488728566897,0.6545328196831867
Momo art! XD,neither,0.03945320844208391,0.33037608806864915,0.630170703489267
"Bidet from Burnaby, BC!",neither,0.041095261662497835,0.30250615950080734,0.6563985788366947
"@pndb2016 Bidet, friend!",neither,0.03945320844208391,0.33037608806864915,0.630170703489267
ayyy,neither,0.03945320844208391,0.33037608806864915,0.630170703489267
"Bidet from Worcester, MA",neither,0.031816597323666866,0.4599893087150652,0.5081940939612679
"bidet from Missoula, MT",neither,0.04084513770590474,0.30675141581570226,0.6524034464783931
wut wut,neither,0.03945320844208391,0.33037608806864915,0.630170703489267
Bidet!!,neither,0.03945320844208391,0.33037608806864915,0.630170703489267
Bidet from greater saint louis area!,neither,0.04025197721883635,0.316818897306768,0.6429291254743956
Bidet from ca,neither,0.04084513770590474,0.30675141581570226,0.6524034464783931
Bidet from Bethlehem PA,neither,0.04069404815304118,0.30931579984010865,0.6499901520068502
"Bidet from Fresno, CA!",neither,0.04084513770590474,0.30675141581570226,0.6524034464783931
Very excited!,neither,0.03945320844208391,0.33037608806864915,0.630170703489267
I was later like... wait... my DM decided the exact time CriticalRole was on for our weekly sessions? argh,neither,0.032827276377112864,0.37328844567473307,0.5938842779481539
Bidet from michigan!,neither,0.040769555981420263,0.3080342349327864,0.6511962090857933
"bidet from Bellingham, WA.",neither,0.04071751644889743,0.3089174816120565,0.6503650019390461
"Bidet form Salem, WI",neither,0.03945320844208391,0.33037608806864915,0.630170703489267
bidet from Indiana,neither,0.0408364874901429,0.30689823255244486,0.6522652799574122
Bidet from winnipeg,neither,0.04228451509352876,0.2823214250720796,0.6753940598343917
"If you're in Oklahoma & not in our discord yet, please whisper me!",neither,0.039496188713838136,0.4023416936352008,0.5581621176509612
bidet from south texas,neither,0.04055978256544535,0.3115946372668712,0.6478455801676836
Weird didn't think I'd see someone else from Boise.,neither,0.028936948810182564,0.3437272887292605,0.627335762460557
Bidet from California,neither,0.06971251856910227,0.2972619859879888,0.633025495442909
@ManlyTorchic gandsGrogSigil but filpped,neither,0.02962635344032169,0.3618162153579155,0.6085574312017628
bidet from ithaca!,neither,0.04228451509352876,0.2823214250720796,0.6753940598343917
bidet from Adelaide! tonight get to meet Laura n Travis!!,neither,0.04288817287949492,0.30224976228478306,0.6548620648357221
lol wut wut,neither,0.034265326070711206,0.36682494212557887,0.59890973180371
Bidet !!,neither,0.03945320844208391,0.33037608806864915,0.630170703489267
bidet from Utah!,neither,0.04066490145509902,0.30981049537100724,0.6495246031738937
"bidet from Rochester, NY",neither,0.04084513770590474,0.30675141581570226,0.6524034464783931
Bidet from Nova Scotia,neither,0.04228451509352876,0.2823214250720796,0.6753940598343917
bidet from Disney,neither,0.04069404815304118,0.30931579984010865,0.6499901520068502
,neither,0.03945320844208391,0.33037608806864915,0.630170703489267
"Bidet and Beep Beep from Rockford, IL",neither,0.039665017157423446,0.26811748049299106,0.6922175023495856
Bidet from Connecticut,neither,0.04062582848913359,0.31047366557575606,0.6489005059351104
@SuperGimpoMan friended you sir.,neither,0.055280357255034385,0.3750826935530265,0.5696369491919391
Bidet from Paducah KY,neither,0.04062582848913359,0.31047366557575606,0.6489005059351104
Bidet from New Zealand,neither,0.046710622032705686,0.1542697019613409,0.7990196760059534
Bidet from WI,neither,0.040737273169946825,0.30858215849491494,0.6506805683351382
Bidet from MI,neither,0.04081748366884477,0.3072207769958956,0.6519617393352596
"Bidet from Okotoks, Alberta",neither,0.04062582848913359,0.31047366557575606,0.6489005059351104
Bidet from UT,neither,0.04071751644889743,0.3089174816120565,0.6503650019390461
bidet critters! Any one have z clue what this one shot will be about?,neither,0.04153252675155081,0.38068403143772844,0.5777834418107207
bidet from SATX,neither,0.04228451509352876,0.2823214250720796,0.6753940598343917
We just start?,neither,0.032893814611530764,0.36467352751752813,0.6024326578709411
Bidet from sydney australia,neither,0.04031924518627951,0.315677184343852,0.6440035704698686
Bidet from London England much love critters x,neither,0.03507106647741482,0.3277090017865104,0.6372199317360746
@petloaf hope you have an excellent time,neither,0.09515411460659742,0.28304186210032845,0.621804023293074
"first stream I'm going to be watching from the beginning, super excited! :)",neither,0.03812455676003949,0.32795398192200687,0.6339214613179537
*waves*,neither,0.03945320844208391,0.33037608806864915,0.630170703489267
Bidet from New Zealand,neither,0.046710622032705686,0.1542697019613409,0.7990196760059534
@aimne_geek no way me too! STL!!,neither,0.029014445851095225,0.40648548758931474,0.56450006655959
@crunchdponyknucklesiii LUCKY,neither,0.03945320844208391,0.33037608806864915,0.630170703489267
Hello everyone!,neither,0.03269494828970791,0.4450814005079928,0.5222236512022994
"Heh heh, Vex's more terrifying enemy... The Unicorn! XD",neither,0.03987601024286778,0.31833126163548603,0.6417927281216462
bidet everyone,offensive_language,0.02988896790634741,0.4927062106388782,0.4774048214547744
"Bidet from Clearwater, Fl!",neither,0.04066490145509902,0.30981049537100724,0.6495246031738937
CRITTER NATION!!!! WOOT WOOT,neither,0.03945320844208391,0.33037608806864915,0.630170703489267
@buckyboy2009 brownLUL nice,neither,0.03945320844208391,0.33037608806864915,0.630170703489267
@bitelepath my dad's from Ithaca,neither,0.02630557781610629,0.42283709564263605,0.5508573265412577
bidet from sherman tx,neither,0.040408207780639874,0.31416725694368625,0.6454245352756738
Bidet,neither,0.03945320844208391,0.33037608806864915,0.630170703489267
@kmlv23 Woot woot!,neither,0.03945320844208391,0.33037608806864915,0.630170703489267
"Bidet from Melbourne, Aus :)",neither,0.04228451509352876,0.2823214250720796,0.6753940598343917
"Bidet from the Fraser Valley, BC!",neither,0.039578659413113004,0.2974228056946734,0.6629985348922135
Bidet from Wheaton IL,neither,0.04066490145509902,0.30981049537100724,0.6495246031738937
Bidet Everyone!,offensive_language,0.02988896790634741,0.4927062106388782,0.4774048214547744
About the game tonight https://twitter.com/GeekandSundry/status/931239825054695424,neither,0.034892597758706095,0.36687886208739673,0.5982285401538973
bidet from baton rouge,neither,0.040334677536117594,0.315415257091876,0.6442500653720065
Bidet from Miami FL fellow Critters!,neither,0.04025776330639793,0.31672069230036276,0.6430215443932392
@ca1eb339 its even more exciting live,neither,0.03849721672577161,0.3359154109406122,0.6255873723336162
BDET,neither,0.03945320844208391,0.33037608806864915,0.630170703489267
beep beep,neither,0.03945320844208391,0.33037608806864915,0.630170703489267
bidet from Colorado Springs!,neither,0.040334677536117594,0.315415257091876,0.6442500653720065
damn that art was amazing,offensive_language,0.041101122931720635,0.7696064794196378,0.18929239764864164
@willowswatcher you have to make sure your DM watches CR live!! roll for persuasion!!,neither,0.06578747974687056,0.41048642728742785,0.5237260929657016
"so today is my birthday ,as a gift to myself a day off work so i can stay up all night and watch critical role live !! woohoo!!!",neither,0.038590020845691006,0.4277096316205188,0.5337003475337901
Bidet from Wyoming,neither,0.04069404815304118,0.30931579984010865,0.6499901520068502
so who is doing the one shot tonight,neither,0.042336177389547,0.40807772556846583,0.5495860970419872
Bidet from New England,neither,0.04427516225640692,0.21740380486553929,0.7383210328780537
bidet from australia,neither,0.04062582848913359,0.31047366557575606,0.6489005059351104
Bidet from Siberia,neither,0.04228451509352876,0.2823214250720796,0.6753940598343917
Dungeons and dragons and drinking! Happy thirsty Thursday critters,neither,0.038469641224545124,0.2790909968077934,0.6824393619676615
lowkey so pumped,neither,0.03941280539197189,0.37189489360989747,0.5886923009981306
bidet from Utah,neither,0.04066490145509902,0.30981049537100724,0.6495246031738937
Bidet from Bloomington Indiana,neither,0.0404146812672737,0.31405738498105645,0.64552793375167
Bidet,neither,0.03945320844208391,0.33037608806864915,0.630170703489267
Lucien_De_Lisle hey me too sbzyManleee,neither,0.029365218740683225,0.39054649113988393,0.580088290119433
anybody know if they intend to start a new campaign?,neither,0.032076638389652266,0.2997800246932002,0.6681433369171473
Bidet from Glasgow Scotland !!,neither,0.04062582848913359,0.31047366557575606,0.6489005059351104
im always surprised to catch one of these live,offensive_language,0.053206191542026764,0.4829717455027847,0.46382206295518863
"bidet from geelong, australia!",neither,0.04062582848913359,0.31047366557575606,0.6489005059351104
Bidet from Kansas!,neither,0.04071751644889743,0.3089174816120565,0.6503650019390461
Bidet from the other LA!,neither,0.039603923064310244,0.29143673292578726,0.6689593440099025
Bidet from Utah!!!!,neither,0.04066490145509902,0.30981049537100724,0.6495246031738937
when will we get the lvl20 battle royal?,neither,0.03162851909820708,0.34602604251921293,0.6223454383825802
@Toomdag Sam,neither,0.03945320844208391,0.33037608806864915,0.630170703489267
beep beep from columbus ohio,neither,0.040417606421261354,0.3140077374838422,0.6455746560948964
@saintmichaelthepaladin Awesome!,neither,0.03945320844208391,0.33037608806864915,0.630170703489267
Bidet also from STL,neither,0.04106389839533116,0.30303847599623085,0.655897625608438
Happy Birthday,neither,0.03945320844208391,0.33037608806864915,0.630170703489267
BIdet from brooklyn!,neither,0.04079557052152802,0.30759270029461827,0.6516117291838538
I believe it's Sam running the show today,neither,0.04774273735759441,0.2430870980738247,0.7091701645685808
bidet from maine,neither,0.04069404815304118,0.30931579984010865,0.6499901520068502
@CruelMotivator for real? Whereabouts?,neither,0.01953984159233319,0.4751228341601377,0.5053373242475291
The Waffle illustration always gets me. XD,neither,0.030595891053537147,0.4004577458849813,0.5689463630614816
Bidet critters!,neither,0.03945320844208391,0.33037608806864915,0.630170703489267
Bidgit from Virginia,neither,0.04079557052152802,0.30759270029461827,0.6516117291838538
bidet from baltimore!,neither,0.04079557052152802,0.30759270029461827,0.6516117291838538
bidet from Scotland!,neither,0.04062582848913359,0.31047366557575606,0.6489005059351104
"""Fairytale romance on the high seas"" ooooooh :O",neither,0.029162561176793132,0.4478185171145714,0.5230189217086355
bidet from Florida!,neither,0.0408948396164547,0.30590784468201904,0.6531973157015263
first time watching live!!! woot woot!!!,neither,0.03722238282943675,0.3411310226639725,0.6216465945065907
"Bidet from Northern Ontario, Canada!",neither,0.04019074245894417,0.3178582109921271,0.6419510465489289
"uhh, where are my chat channels gone? usually by the name above chat I can switch to other channels",neither,0.046047635524779314,0.3410307944223842,0.6129215700528365
Bidet from New Hampshire!,neither,0.04402155579737495,0.2236345274837781,0.7323439167188469
Bidet from Portland,neither,0.04066490145509902,0.30981049537100724,0.6495246031738937
Bidet from UT!,neither,0.04071751644889743,0.3089174816120565,0.6503650019390461
Bidet from Noorwaaaay,neither,0.04228451509352876,0.2823214250720796,0.6753940598343917
Bidet from the UK,neither,0.039613273355342184,0.2892653269430044,0.6711213997016535
Bidet from New York,neither,0.044690599332616286,0.20708884905532376,0.7482205516120599
Bidet from St. Louis as well!,neither,0.03865103624815562,0.3439910437022154,0.617357920049629
I dont get the Bidet thing,neither,0.037648893811308336,0.32082258105921097,0.6415285251294807
"How awesome would it be if Matt made ""Matthew Mercer the Bard"" from Grog's one shot canon?",neither,0.028190851095801175,0.3585706901590331,0.6132384587451658
Wohooo forgot it was Thursday,neither,0.03792185873073306,0.33290796734448086,0.629170173924786
Bidet from New Westminster BC!,neither,0.04515703081451045,0.19532669693793347,0.7595162722475561
great Art,neither,0.03735921720567517,0.3023783156166529,0.6602624671776719
Bidet from California!,neither,0.06971251856910227,0.2972619859879888,0.633025495442909
Started my first ever D&D campaign a few weeks ago at age 37...all thanks to Critical Role! Love you all!!,neither,0.038510164516227074,0.4596373368533592,0.5018524986304136
@sirkai007 at the beginning of next year he new campaign starts,neither,0.04369070850606331,0.2853214721001527,0.6709878193937839
@Malicor5 St. Louis is representing tonight!!! Hell yeah!,offensive_language,0.031569658287317046,0.644009564578806,0.32442077713387696
"Bidet from PAX Unplugged!! Or...well...at a hotel near the convention center, waiting for it to start tomorrow! :)",neither,0.03834483168669485,0.3064502765729194,0.6552048917403857
bidet from the oregon coast,neither,0.03956732278204705,0.3001688139091863,0.6602638633087666
im so exited!,offensive_language,0.03778127420098585,0.4856474629291283,0.47657126286988594
@Malicor5 Woo!,neither,0.03945320844208391,0.33037608806864915,0.630170703489267
Bidet from someone about to fall asleep and miss the live show,neither,0.050466236102471515,0.24767394062564294,0.7018598232718856
Bidet from,neither,0.04228451509352876,0.2823214250720796,0.6753940598343917
Bidet from Vancouver,neither,0.04228451509352876,0.2823214250720796,0.6753940598343917
bidet from bowling green!,neither,0.04157153321422922,0.28725778581029854,0.6711706809754723
how are you all tonight?,neither,0.11369025424303794,0.38349088954562893,0.5028188562113332
@Lucien_De_Lisle NZ is a beautiful country! Lived in Gisborne for a while,neither,0.04507818579925207,0.30381864296676653,0.6511031712339814
"Bidet from Frisco, TX!!!",neither,0.04081748366884477,0.3072207769958956,0.6519617393352596
Bidet from Oklahoma,neither,0.04066490145509902,0.30981049537100724,0.6495246031738937
Bidet from Brisbane Australia,neither,0.04062582848913359,0.31047366557575606,0.6489005059351104
"Bidet from Houston, TX!",neither,0.040501953574932,0.3125761461575217,0.6469219002675464
Bidet from Québec,neither,0.04228451509352876,0.2823214250720796,0.6753940598343917
#TexasCritters Let's Go!!,neither,0.01806316484133749,0.39391011985298136,0.5880267153056813
bidet!,neither,0.03945320844208391,0.33037608806864915,0.630170703489267
Bidet from australia!,neither,0.04062582848913359,0.31047366557575606,0.6489005059351104
praying for obby the rat tonight!,neither,0.03272304233028857,0.28299278836869973,0.6842841693010117
Bidet from Ohio,neither,0.040754399270683486,0.3082914838698526,0.650954116859464
The srings,neither,0.03613032604487659,0.2619290779399786,0.7019405960151449
Bidet from Minnesota,neither,0.04071751644889743,0.3089174816120565,0.6503650019390461
Bidet from Baltimore,neither,0.04079557052152802,0.30759270029461827,0.6516117291838538
"@mccainenl for real, Krasnoyarsk, Siberia",neither,0.01953984159233319,0.4751228341601377,0.5053373242475291
Bidet from Wales,neither,0.04228451509352876,0.2823214250720796,0.6753940598343917
Sorry about that Ash,neither,0.03455710674529011,0.39255905882892417,0.5728838344257858
bidet from SD!,neither,0.04228451509352876,0.2823214250720796,0.6753940598343917
liveeeee,neither,0.03945320844208391,0.33037608806864915,0.630170703489267
@dragondude42 bowling green where,neither,0.04230745544529812,0.27480333541609464,0.6828892091386073
"I prefer TP to a bidet, but hello all the same from Knoxville.",neither,0.043357875235374974,0.3627140855615666,0.5939280392030585
Bidet from AZ,neither,0.04078317879478948,0.307803020237201,0.6514138009680096
So critical role incoming? Has mid-term next hour OTZ,neither,0.039209081075328896,0.36029681952759857,0.6004940993970727
bidet from Western Australia 🤔,neither,0.040334677536117594,0.315415257091876,0.6442500653720065
Bidet from Kansas!,neither,0.04071751644889743,0.3089174816120565,0.6503650019390461
It's chilly here in Minnesota!,neither,0.07438753162181487,0.3002187215493289,0.6253937468288564
None of the art makes sense because I haven't seen it live :p,neither,0.04069969777047055,0.31970172187616397,0.6395985803533654
Bidet from Adelaide Australia,neither,0.04062582848913359,0.31047366557575606,0.6489005059351104
"Bidet from Tacoma, WA!",neither,0.04071751644889743,0.3089174816120565,0.6503650019390461
Excited to see Sam back in the DM chair tonight!,neither,0.04123773384986608,0.30477905941363476,0.6539832067364991
Bidet from St Louis Missouri!,neither,0.040278014386681806,0.31637697861683733,0.6433450069964808
it didn't start yet right,neither,0.024138899762528292,0.3910810381363662,0.5847800621011056
A warm Bidet from Brazil to all,neither,0.049076698500776575,0.3772368080347255,0.5736864934644978
I will be Hokage some day!,neither,0.034018100898055556,0.31084077613817496,0.6551411229637696
bidet form PA,neither,0.03945320844208391,0.33037608806864915,0.630170703489267
bidet from london,neither,0.04069404815304118,0.30931579984010865,0.6499901520068502
bidet from kansas city kansas!,neither,0.040095117957638336,0.319481208339349,0.6404236737030127
are they doing the vampire rp studd tonight?,neither,0.05737443823846473,0.26180225218819514,0.68082330957334
Here!,neither,0.22097653003277068,0.2221615150675793,0.55686195489965
Bidet from California!!!!!,neither,0.06971251856910227,0.2972619859879888,0.633025495442909
Bided from melbourne australia,neither,0.04062582848913359,0.31047366557575606,0.6489005059351104
Oh Obby! Good call @estus_,neither,0.04569354068858211,0.2625710069689396,0.6917354523424784
Springs,neither,0.03945320844208391,0.33037608806864915,0.630170703489267
Crit. Crit. Critical Role,neither,0.03945320844208391,0.33037608806864915,0.630170703489267
"hello critters, first time live here from IL im only up to episode 101",neither,0.063374970338537,0.357117968374313,0.5795070612871499
Bidet from CA,neither,0.04084513770590474,0.30675141581570226,0.6524034464783931
First snowfall where I live today,neither,0.03645520915838865,0.27464632159902114,0.6888984692425902
"so opening for Sams game.... "" you are all at Trinkets wake and""....",neither,0.06799513202213907,0.3402331896305288,0.5917716783473321
"Next week will be Thanksgiving Day , so folks will be away, keep your eyes on the Geek & Sundry Twitter for updates twitter.com/GeekandSundry",neither,0.048545552252138,0.38821008859415645,0.5632443591537055
These One Shots are amazing I always find myself listening to then while at work gandsSCANLAN,neither,0.0666514049255386,0.35182602591141104,0.5815225691630503
I can't stop yawning hope I don't fall asleep in the recliner again that's rough on the back,neither,0.052035361088588354,0.33349358315420086,0.6144710557572107
Bidet from New York City,neither,0.04391445534569226,0.2262519204405613,0.7298336242137464
