text,top_class,hate_speech,offensive_language,neither
"I use my Zodar deck, before i will pull a card from the Deck of Many Things",neither,0.01968660198556885,0.41753826272472244,0.5627751352897086
I'm looking for the drunk people!,neither,0.0619358265493125,0.28120366077092407,0.6568605126797635
"Whoa, I've never seen this opening before!",neither,0.019815218913863376,0.38854847951430427,0.5916363015718324
This intro is Fire!,neither,0.047102761750626686,0.32920646187653957,0.6236907763728338
!wheniscr,neither,0.03945320844208391,0.33037608806864915,0.630170703489267
"Critical Role is on at 7 PM PDT on Thursdays, it is currently 4:01 PM PDT on Thursday. There is 2 Hours, 58 Minutes, 18 Seconds until the next episode of Critical Role. This command has been run 584 times but has probably been asked about way more.",neither,0.040929391742899224,0.34400713297441826,0.6150634752826825
"Hello, Ryan! Great intro!",neither,0.03802557890571528,0.3115233379183591,0.6504510831759257
Teach Me All Star Sempai!,neither,0.0409403406739857,0.32163764241755816,0.6374220169084562
Nice hair dude TwitchUnity,neither,0.03945320844208391,0.33037608806864915,0.630170703489267
We need to share this stream... should have 20k viewers right now :D,neither,0.04895270477018601,0.3643538668377379,0.5866934283920762
Really great intro! :),neither,0.03764169131016688,0.30628981437633945,0.6560684943134937
Hey @chaoticloony :D,neither,0.03945320844208391,0.33037608806864915,0.630170703489267
elroboSalute,neither,0.03945320844208391,0.33037608806864915,0.630170703489267
Sub HYPE!!!,neither,0.03945320844208391,0.33037608806864915,0.630170703489267
Hi @ElRoboRick,neither,0.03945320844208391,0.33037608806864915,0.630170703489267
Really glorious @MrNY2CALI,neither,0.03945320844208391,0.33037608806864915,0.630170703489267
"""Lore in Music"" is a great topic. I can't help but think of the Chant of Light in ""Dragon Age"", ""The Song of the Dragonborn"" in Skyrim, etc.",neither,0.039494661168840255,0.30333458737270147,0.6571707514584582
OMG it is @maris_lyn :D,neither,0.04998108406300114,0.3267550688805358,0.6232638470564631
"If you love stories in music, definitely listen to Prog Rock and Prog Metal. Great stories and themes.",neither,0.037036494370601136,0.32904851084445713,0.6339149947849418
!whodat,neither,0.03945320844208391,0.33037608806864915,0.630170703489267
"Ryan Green ( twitter.com/HydroSnail ), Geoff Bisente ( twitter.com/GeoffMetalNinja ), and Erika Ishii ( twitter.com/ErikaIshii ).",neither,0.0387068108272911,0.43709748609794663,0.5241957030747624
Hey @ElRoboRick,neither,0.03945320844208391,0.33037608806864915,0.630170703489267
GEOFF!!!!!,neither,0.03945320844208391,0.33037608806864915,0.630170703489267
"That's very true: the Odyssey, one of the greatest epic poems, was sung. Same with Beowulf.",neither,0.030491230234909177,0.37736321397180933,0.5921455557932814
Erika & Beefachu! :D,neither,0.03945320844208391,0.33037608806864915,0.630170703489267
Glorious hair: the show,neither,0.06007153887131979,0.20746559761710706,0.7324628635115731
I wouldn't be surprised if the myth of Gilgamesh had been sung by bards too.,neither,0.027975280565661904,0.3920917258946826,0.5799329935396554
"Hi All Star, EKbot and Beefachu!",neither,0.040168196451987714,0.35774069954193655,0.6020911040060757
@GeekandSundry ryan is the best around .. and feed erika some suger ... erika must need suger she's not hyper and excited enough,neither,0.03720807671202297,0.3148265694957161,0.6479653537922611
We have a subscriber-only Discord server! Join here: https://discord.gg/geekandsundry (you'll need to sub and link it to your Twitch) and be a part of the fun!...Warning: It can take up to an hour for the server to update and give you access to the channels,neither,0.08464076273808444,0.286394834032893,0.6289644032290227
gandsRyanHype gandsRyanHype gandsRyanHype,neither,0.03945320844208391,0.33037608806864915,0.630170703489267
so what's going down on crit role tonight?,neither,0.03759835386047504,0.37547570438593175,0.5869259417535932
http://www.wheniscriticalrole.com/ <<< Critical Role countdown clock .,neither,0.03729142067156052,0.26127524954021836,0.701433329788221
"Oh, please PLEASE talk about The Moldau. One of the best symphonic works that tells a full story without words.",neither,0.03573645183994809,0.33605838682550604,0.6282051613345458
"Gilgamesh was an oral tradition, like most epics. We know for sure that parts of it were sung in both the Sumerian version and in the Babylonian version of the same story. The cuneiform shows parts were set to music.",neither,0.03822459263630906,0.3370227224650624,0.6247526848986286
https://twitter.com/GeekandSundry/status/931239825054695424 <<< a tweet about tonight's CR,neither,0.03619392901080636,0.3984457070444943,0.5653603639446994
"Help G&S make great content! $4.99/month gets you emotes, Minecraft server access, Sub Only Q&As, VODs, and more! Every sub keeps the channel alive! twitch.tv/geekandsundry/subscribe",neither,0.043092924924402844,0.32365565443818894,0.6332514206374082
"@BillyKidd007 Sam is doing another one-shot, starring Amy Vorpahl, Stef Woodburn, Noelle Stevenson, and more!",neither,0.06818370788268835,0.2804314365799886,0.6513848555373231
ty,neither,0.03945320844208391,0.33037608806864915,0.630170703489267
"That would be interesting, a singing potato.",neither,0.036311776362047646,0.36145466457866615,0.6022335590592863
MrNY2CALI -> Only those that we deem worthy shall possess the power of the Hyperlink [warning],neither,0.048140585852785724,0.2990817588418225,0.6527776553053918
you're welcome,neither,0.10626763448287628,0.35096606821718634,0.5427662972999374
"I'm curious how many in-universe songs everyone knows? Anyone know ""The Journey Begins"" from Ace Combat? ""The Dawn Will Come"" from Dragon Age?",neither,0.03713842937559986,0.3464763540774337,0.6163852165469664
"I just tuned in and I see Erika Ishii, so it will be a great day. :)",neither,0.03483395023229676,0.30390362826813655,0.6612624214995666
"I'm sure everyone already knows ""The Rains of Castamere"" from Game of Thrones.",neither,0.03245414377955301,0.42577289939124824,0.5417729568291987
I love Geoff!,neither,0.03217296676969875,0.3657703709031763,0.602056662327125
when comes to stress and life ive been listening to linkin park and nirvana,neither,0.03776409485763415,0.3451616119302186,0.6170742932121472
Goregasm is a fabulous name,neither,0.04836978663652791,0.3273092679525143,0.6243209454109578
I... didn't expect a name like that.,neither,0.029819019707397,0.43002536543432207,0.540155614858281
DAI ftw that's a great song @GInquisitor,neither,0.03435035592938577,0.34987351527999877,0.6157761287906155
Beefachu is the one responsible for making sure Erika doesn't kill us all dead? Thanks Beefachu! gandsGandsEars gandsGandsEars,neither,0.2365110737902489,0.3240290180921719,0.43945990811757923
"I really want to hear that song, Geoff!",neither,0.04172609718161012,0.37093190650368263,0.5873419963147073
Have we had enough discussion about how great Erika's jacket is?,neither,0.04164171752678902,0.3363052669150158,0.6220530155581951
I remember that mini series,neither,0.03605378234390915,0.3672694651835392,0.5966767524725517
"When we read Beowulf in high school, after we finished the story, we got to watch it performed in song, in the original Old English.",neither,0.03643716690383558,0.3887419949997268,0.5748208380964376
The oneshot is set for 8PM right?,neither,0.039240277752637366,0.3070552168484534,0.6537045053989093
https://twitter.com/GeekandSundry/status/931239825054695424<<< a tweet about tonight's CR.,neither,0.03619392901080636,0.3984457070444943,0.5653603639446994
http://www.wheniscriticalrole.com/ <<< Critical Role countdown clock .,neither,0.03729142067156052,0.26127524954021836,0.701433329788221
Wagner inspiring many an RPG video game background music,neither,0.0426357687252633,0.23671254426798435,0.7206516870067523
!wheniscr,neither,0.03945320844208391,0.33037608806864915,0.630170703489267
"Critical Role is on at 7 PM PDT on Thursdays, it is currently 4:10 PM PDT on Thursday. There is 2 Hours, 49 Minutes, 58 Seconds until the next episode of Critical Role. This command has been run 585 times but has probably been asked about way more.",neither,0.040935333937460426,0.34405894611031046,0.6150057199522292
!wheniscr,neither,0.03945320844208391,0.33037608806864915,0.630170703489267
Hey @Danoba :),neither,0.03945320844208391,0.33037608806864915,0.630170703489267
Wagner was also one of the composers who influenced metal the most.,neither,0.03793776952018164,0.3703917711559664,0.591670459323852
Hey @maris_lyn,neither,0.03945320844208391,0.33037608806864915,0.630170703489267
"@MrNY2CALI ""Ride of the Valkyries"" is some of the most epic questing music. I love when my DM uses it for our games.",neither,0.02448523112968474,0.37544068135760905,0.6000740875127061
Surprisingly heavy metal is one of the modern music forms that is most inspired by classical composers.,neither,0.04483767428768931,0.3760682186222367,0.579094107090074
"slightly disappointed they weren't referencing ""O Brother Where Art Thou"" when they started talking about movies based on ""The Odyssey"" :P",neither,0.03375032390979504,0.3479274947241406,0.6183221813660644
@GeekandSundry for ryan .. me more of the misty mountain cold songs like that .. that are relaxing and calming help me with everything with life or gelet the song from dr. disrespect,neither,0.030632119468182097,0.3805076840996443,0.5888601964321735
"My favorite songs are probably Goblin Gold, 307 Ale, The Wreck of the Edmund Fitzgerald, and Roll on Mississippi!",neither,0.04046000676114117,0.33076066819056194,0.6287793250482968
The Flower Duet is beautiful.,neither,0.04654119476086369,0.3119956571630118,0.6414631480761245
@Danoba :D,neither,0.03945320844208391,0.33037608806864915,0.630170703489267
"@stargazer1977 Something interesting I found interesting was that quite a few metal bands take their names from Tolkien. For example, ""Gorgoroth"".",neither,0.03579806641320034,0.3280974669970371,0.6361044665897626
flower duet was a commerical standard for years,neither,0.03471220551958701,0.308656510870621,0.656631283609792
"I know the aria you're talking about, Erika. And actually, you sounded pretty good. You have a good ear for music.",neither,0.07157752206740846,0.3533838495690187,0.5750386283635729
That's an amazing aria. Really great for testing breath control.,neither,0.032924011212415435,0.31960579155650454,0.6474701972310799
"Amon Amarth is my favorite black metal band, the only band I truly love that growls vocals, and that's a Tolkien name, and they also sing several songs set in Middle Earth. @GInquisitor",neither,0.039262388427172196,0.35204367421106536,0.6086939373617625
"@stargazer1977 I should check them out, then!",neither,0.06578988163261644,0.3811392614725313,0.5530708568948522
Iced Earth is great.,neither,0.04459400693164273,0.3064329090670618,0.6489730840012955
LOL,neither,0.020706217963973744,0.4882283491876925,0.4910654328483337
LOL,neither,0.020706217963973744,0.4882283491876925,0.4910654328483337
\m/,neither,0.03945320844208391,0.33037608806864915,0.630170703489267
lol,neither,0.020706217963973744,0.4882283491876925,0.4910654328483337
:D,neither,0.03945320844208391,0.33037608806864915,0.630170703489267
Overproduced awesomeness,neither,0.03945320844208391,0.33037608806864915,0.630170703489267
This is my new favorite addition to LoreMasters! #METAAAAAL,neither,0.043992713471829,0.3218886024965469,0.6341186840316241
LUL,neither,0.03945320844208391,0.33037608806864915,0.630170703489267
r.i.p the dinosaur ... called peta for the dino,neither,0.033925817498173846,0.2866085966834697,0.6794655858183565
Beefachu is now Cousin Itt.,neither,0.050169157314304866,0.3266903818652002,0.623140460820495
Special guest cousin It!,neither,0.06513729225729574,0.314609252308281,0.6202534554344232
Chief with the WIN,neither,0.027745627311844566,0.3517362028575608,0.6205181698305945
"Iced Earth has a wonderful album that was a Prog Metal album set around the Spawn comic book series, it's an amazing album.",neither,0.03769886683319899,0.33523282392022324,0.6270683092465777
"Please, please tell me someone GIFed that!!!",neither,0.030978494939688114,0.39322618612662313,0.5757953189336887
DI-NO-SAUR!,neither,0.03842954017414374,0.34775041013688707,0.6138200496889692
"In general they are a great band overall, though.",neither,0.054047062280455895,0.28348582522855253,0.6624671124909915
METAL!,neither,0.03945320844208391,0.33037608806864915,0.630170703489267
"I think this was meant to be a ""You Bet Your Life"" reference.",neither,0.08167972656338122,0.3946736511471691,0.5236466222894498
Don't forget to visit Star Trek Online and support Shield of Tomorrow! www.StarTrekOnline.com/ShieldofTomorrow,neither,0.05687602105656693,0.30425729811326435,0.6388666808301687
Sup guys!,neither,0.039318079907253584,0.33266957196209385,0.6280123481306527
no one can destroy the metal // the metal will strike you down with a vicious blow,neither,0.039481551226014225,0.3580322459070518,0.6024862028669339
Metal and classic fantasy and Sci-fi go hand in hand. just listen to any early 70s metal band,neither,0.040375940763278835,0.3008002864471096,0.6588237727896117
I am more of song fan than a band or singer fan!,neither,0.03985615600524208,0.3333958090527758,0.6267480349419823
"my first like music that i started to like was gwar,red hot chilli peppers,greenday and linkin park (r.i.p chester)",neither,0.039789541976230865,0.3908010597360162,0.5694093982877529
good metal is one minute silence..go listen to available in all colours...,neither,0.04931721726013822,0.38903496336580556,0.5616478193740562
YESSSS!!!!!,neither,0.03945320844208391,0.33037608806864915,0.630170703489267
https://clips.twitch.tv/CuteSmoggyTurnipUncleNox,neither,0.03945320844208391,0.33037608806864915,0.630170703489267
Blue Oyster Cult,neither,0.03945320844208391,0.33037608806864915,0.630170703489267
!rbschedule,neither,0.03945320844208391,0.33037608806864915,0.630170703489267
Find the rebroadcast schedule for today here: http://bit.ly/WedRebroadcast,neither,0.05993176898675194,0.16282973960513905,0.7772384914081091
"Love you, @Danoba :D",offensive_language,0.079837142191777,0.5038574454704381,0.4163054123377849
We have a subscriber-only Discord server! Join here: https://discord.gg/geekandsundry (you'll need to sub and link it to your Twitch) and be a part of the fun!...Warning: It can take up to an hour for the server to update and give you access to the channels,neither,0.08464076273808444,0.286394834032893,0.6289644032290227
The concept of being uninterested in music at any time is so unfathomable to me. Music was such a huge part of my life from my very first memories.,neither,0.02687521309529814,0.46047177737543377,0.5126530095292681
http://www.wheniscriticalrole.com/ <<< Critical Role countdown clock .,neither,0.03729142067156052,0.26127524954021836,0.701433329788221
BC Rich makes the Warlocks.,neither,0.03851321763268626,0.31330156418706684,0.6481852181802469
In Metallurgy.,neither,0.03945320844208391,0.33037608806864915,0.630170703489267
"LoL, thanks, postdataest!",neither,0.025686929906610204,0.3825841739419974,0.5917288961513923
anthropology,neither,0.03945320844208391,0.33037608806864915,0.630170703489267
"Yeah, I love that series, ""Metal Evolution"".",neither,0.024686662404364894,0.4397037536215398,0.5356095839740954
