text,top_class,hate_speech,offensive_language,neither
"Guten Morgen, Deutschland! It's currently 4am here lol",neither,0.07426832636948821,0.3494122440628732,0.5763194295676386
The fan art music is Twin Elms from the Pillars of Eternity Soundtrack youtu.be/WYMLvmilS24 by Justin Bell,neither,0.0435165631043723,0.3272970796444994,0.6291863572511284
greetings,neither,0.03945320844208391,0.33037608806864915,0.630170703489267
keep austin weird,neither,0.03945320844208391,0.33037608806864915,0.630170703489267
Wait...Xanathar’s is out already?,neither,0.04190821296394096,0.3676495162491137,0.5904422707869454
Bidet from Southern Maine!,neither,0.040398836182680774,0.31432631741897393,0.6452748463983453
Im back!!!,neither,0.0379295078696728,0.3881427419606561,0.5739277501696712
HSWP,neither,0.03945320844208391,0.33037608806864915,0.630170703489267
Bidet from Toronto!,neither,0.04066490145509902,0.30981049537100724,0.6495246031738937
Bidet!,neither,0.03945320844208391,0.33037608806864915,0.630170703489267
,neither,0.03945320844208391,0.33037608806864915,0.630170703489267
beep beep from Atlanta!,neither,0.04078317879478948,0.307803020237201,0.6514138009680096
hello?,neither,0.03945320844208391,0.33037608806864915,0.630170703489267
Bidet,neither,0.03945320844208391,0.33037608806864915,0.630170703489267
bidet from Seattle!! ♡♡♡♡♡♡♡♡,neither,0.040754399270683486,0.3082914838698526,0.650954116859464
Bidet from Edmonton! What Up Critters!,neither,0.04619088559070727,0.38369470789079446,0.5701144065184983
!sub to chat during CR,neither,0.04424152223636372,0.3275532409882384,0.628205236775398
Help support the #GnSLive twitch channel! $4.99/month gets you exclusive sub-only benefits and helps keep the channel alive! Thanks! twitch.tv/geekandsundry/subscribe or for MOBILE https://secure.twitch.tv/products/geekandsundry/ticket/new,neither,0.047564760200365624,0.28780811278399754,0.6646271270156369
yeah I'm a subscriber again,offensive_language,0.018182502988304452,0.5019724946126628,0.47984500239903266
bunions and flagons,neither,0.03763944115734239,0.1918412352459551,0.7705193235967025
Bidet from Cincinnati OH,neither,0.050416241482135554,0.21698369937451742,0.732600059143347
Bidet from Charlotte,neither,0.04071751644889743,0.3089174816120565,0.6503650019390461
@divine_aurora what up me too,neither,0.03181478898176911,0.4638728948365262,0.5043123161817048
I thought the question sesh was tonight?,neither,0.03919102845140244,0.2322600897232312,0.7285488818253665
Don't forget to visit Star Trek Online and support Shield of Tomorrow! www.StarTrekOnline.com/ShieldofTomorrow,neither,0.05687602105656693,0.30425729811326435,0.6388666808301687
@rollforit_ I think it is,neither,0.053596860113467294,0.30947446499894027,0.6369286748875924
bidet all!,offensive_language,0.046917543854519406,0.6277741405869331,0.3253083155585475
Bidet,neither,0.03945320844208391,0.33037608806864915,0.630170703489267
Yay,neither,0.03945320844208391,0.33037608806864915,0.630170703489267
"@rollforit_ Yeah, they release books early to the game stores.",neither,0.032212564226485184,0.3478028138997323,0.6199846218737824
WOOO,neither,0.03945320844208391,0.33037608806864915,0.630170703489267
@Schokobeau greetings from chilly Schöneberg,neither,0.04066490145509902,0.30981049537100724,0.6495246031738937
"bidet from Durham, North Carolina!",neither,0.04021546413503678,0.3174386196304021,0.6423459162345612
Yup Xanathars is out!,neither,0.04339148155411838,0.34732049063501064,0.6092880278108709
Bidet from Yellowknife,neither,0.04228451509352876,0.2823214250720796,0.6753940598343917
Yay Sam!,neither,0.03945320844208391,0.33037608806864915,0.630170703489267
Are we ready???,neither,0.07908673698512764,0.27009607785299217,0.6508171851618801
Hello there,neither,0.03937036753510788,0.27621722592919734,0.6844124065356949
bidet from NJ!,neither,0.04069404815304118,0.30931579984010865,0.6499901520068502
@rollforit_ I haven't got mine yet!,neither,0.03822190159581207,0.3746238628213569,0.5871542355828311
"Who all is playing tonight with Sam? Also, who on the East coast just came from their on D&D game to watch tonight?",neither,0.03631766774507176,0.3883080264773605,0.5753743057775677
Wooo!,neither,0.03945320844208391,0.33037608806864915,0.630170703489267
Cleveland Ohio bidet,neither,0.03945320844208391,0.33037608806864915,0.630170703489267
HERE WE GO!,neither,0.13156755280784707,0.2765461283225309,0.5918863188696221
WOOO,neither,0.03945320844208391,0.33037608806864915,0.630170703489267
"@rollforit_ digitally in some formats, like D&D Beyond.",neither,0.0406919143522336,0.3666637724127366,0.5926443132350299
Yeah!,offensive_language,0.013968601452186464,0.5182923869769311,0.4677390115708824
Bidet from michigan!,neither,0.040769555981420263,0.3080342349327864,0.6511962090857933
YESSSSSS gandsSCANLAN gandsSCANLAN gandsSCANLAN gandsSCANLAN,neither,0.03945320844208391,0.33037608806864915,0.630170703489267
Yay!,neither,0.03945320844208391,0.33037608806864915,0.630170703489267
It's Showtime!,neither,0.037828236809968684,0.3309349903269868,0.6312367728630445
"holy shit, on time!!",offensive_language,0.04048067862111711,0.9590409315065751,0.0004783898723075716
omg!,neither,0.03945320844208391,0.33037608806864915,0.630170703489267
YAY SAMMM,neither,0.03945320844208391,0.33037608806864915,0.630170703489267
What?! Right on time? Is it freezing outside?,neither,0.04481987011600996,0.3657393915572641,0.589440738326726
hyppe,neither,0.03945320844208391,0.33037608806864915,0.630170703489267
"Hey Critters! never been on a cruise , this should be cool.",neither,0.04268045116673723,0.4077276341736217,0.5495919146596412
holy shit they're on time,offensive_language,0.06066645519219497,0.9378552032285831,0.0014783415792219323
gandsSCANLAN gandsSCANLAN gandsSCANLAN gandsSCANLAN gandsSCANLAN,neither,0.03945320844208391,0.33037608806864915,0.630170703489267
HERE WE GO!! WHOOP!,neither,0.09193108922757819,0.2967003663707533,0.6113685444016684
just in time. bidet from Washington!!!!!,neither,0.03479838932202516,0.35357630845266674,0.6116253022253082
OH SHIT,offensive_language,0.04652059265363964,0.9534729203614298,6.486984930600159e-06
woot,neither,0.03945320844208391,0.33037608806864915,0.630170703489267
on time :D,neither,0.03183588227459649,0.3959563629735933,0.5722077547518102
,neither,0.03945320844208391,0.33037608806864915,0.630170703489267
"wow, they're really on time",neither,0.053288986477546686,0.33482611535027385,0.6118848981721794
EVERYONE SEND GOOD VIBES TO MATT ABERNATHY WHO'S STUCK IN ATLANTA,neither,0.039287652334618714,0.4226094724264571,0.5381028752389241
dat shirt tho,neither,0.034967311136617205,0.34048306182551963,0.6245496270378632
yaaaaay,neither,0.03945320844208391,0.33037608806864915,0.630170703489267
First time getting to watch live!!! Yay!,neither,0.041895680132495616,0.39377304247961453,0.5643312773878899
BIDET,neither,0.03945320844208391,0.33037608806864915,0.630170703489267
YAY SAM!,neither,0.03945320844208391,0.33037608806864915,0.630170703489267
Hype,neither,0.03945320844208391,0.33037608806864915,0.630170703489267
@rollforit_ it's out in brick and mortar stores and in dnd beyond,neither,0.035407634264240935,0.2952214417089626,0.6693709240267963
Bidet from Australia,neither,0.04062582848913359,0.31047366557575606,0.6489005059351104
SAM! hell yeee boi,offensive_language,0.04135992396934581,0.7148193876050545,0.2438206884255996
whoop whoop,neither,0.03945320844208391,0.33037608806864915,0.630170703489267
@rollforit_ Preferred stores got it on the 10th or 11th. Along with D&D Beyond.,neither,0.031082817959137636,0.3694787485654395,0.5994384334754228
Grats Matt on the new Lingering Spirit class!,neither,0.039322274447037266,0.2696765268402387,0.6910011987127241
oh no the sponger,neither,0.04513139306086958,0.24568051248798023,0.7091880944511502
gandsSCANLAN,neither,0.03945320844208391,0.33037608806864915,0.630170703489267
started on time for onnce,neither,0.028603211485947102,0.33457884856087616,0.6368179399531767
Bidet :),neither,0.03945320844208391,0.33037608806864915,0.630170703489267
Woooooo,neither,0.03945320844208391,0.33037608806864915,0.630170703489267
YAY!!,neither,0.03945320844208391,0.33037608806864915,0.630170703489267
yippee!,neither,0.03945320844208391,0.33037608806864915,0.630170703489267
Bidet~,neither,0.03945320844208391,0.33037608806864915,0.630170703489267
bidet Sam,neither,0.03945320844208391,0.33037608806864915,0.630170703489267
stefFremen stefFremen stefFremen stefFremen stefFremen,neither,0.03945320844208391,0.33037608806864915,0.630170703489267
LUL,neither,0.03945320844208391,0.33037608806864915,0.630170703489267
!whodat,neither,0.03945320844208391,0.33037608806864915,0.630170703489267
"Sam Riegel ( twitter.com/samriegel ), Amy Vorpahl ( twitter.com/vorpahlsword ), Stef Woodburn ( twitter.com/StefWoodburn ), Yuir Lowenthal ( twitter.com/YuriLowenthal ), Noelle Stevenson ( twitter.com/Gingerhazing ), Molly Ostertag ( twitter.com/MollyOstertag ) and H Michael Croner ( twitter.com/HMichaelC )",neither,0.03847747874328754,0.46146278540297353,0.5000597358537389
SUCH punctuality.,neither,0.03996051322623136,0.32176580192168136,0.6382736848520874
wait on time da fuq,neither,0.062131062741786224,0.46031297027448986,0.47755596698372393
ew,neither,0.03945320844208391,0.33037608806864915,0.630170703489267
oh no,neither,0.04751210705993949,0.26629718932274826,0.6861907036173122
woo im in,neither,0.038521843769751526,0.36571609883144246,0.5957620573988062
weak,neither,0.03945320844208391,0.33037608806864915,0.630170703489267
BOO BATTLEFRONT 2,neither,0.03945320844208391,0.33037608806864915,0.630170703489267
San starting right on time!,neither,0.03521898827928259,0.37518150100412806,0.5895995107165894
um,neither,0.03945320844208391,0.33037608806864915,0.630170703489267
lol,neither,0.020706217963973744,0.4882283491876925,0.4910654328483337
lol,neither,0.020706217963973744,0.4882283491876925,0.4910654328483337
boooooooooo,neither,0.03945320844208391,0.33037608806864915,0.630170703489267
gandsSubHype gandsSubHype gandsSubHype gandsSubHype gandsSubHype gandsSubHype gandsSubHype gandsSubHype gandsSubHype gandsSubHype gandsSubHype,neither,0.03945320844208391,0.33037608806864915,0.630170703489267
no.....,neither,0.036918905254960256,0.37338982715841207,0.5896912675866277
ewwwww,neither,0.03945320844208391,0.33037608806864915,0.630170703489267
BIDET FROM SACRAMENTO!,neither,0.04062582848913359,0.31047366557575606,0.6489005059351104
Dont plug that dude.,neither,0.03580643951330431,0.3699990132172685,0.5941945472694272
Kek,neither,0.03945320844208391,0.33037608806864915,0.630170703489267
What they started earlier?!!!,neither,0.044873719025938744,0.32648892253042106,0.6286373584436403
Wow on time?,neither,0.03421716043179149,0.37479079811139016,0.5909920414568184
We have a subscriber-only Discord server! Join here: https://discord.gg/geekandsundry (you'll need to sub and link it to your Twitch) and be a part of the fun!...Warning: It can take up to an hour for the server to update and give you access to the channels,neither,0.08464076273808444,0.286394834032893,0.6289644032290227
uh oh,neither,0.04643193976314166,0.26471338503087416,0.6888546752059841
battlefront 2 FUCK THAT,offensive_language,0.2417134452873663,0.7582865504164849,4.296148823097518e-09
nope,neither,0.03945320844208391,0.33037608806864915,0.630170703489267
Bidet from FL,neither,0.04066490145509902,0.30981049537100724,0.6495246031738937
p2w,neither,0.03945320844208391,0.33037608806864915,0.630170703489267
FUCK EA,offensive_language,0.17116180701363412,0.8282607466978369,0.0005774462885291482
booooo,neither,0.03945320844208391,0.33037608806864915,0.630170703489267
omg why,neither,0.024146479872790307,0.3533079759204803,0.6225455442067295
star wars gamblerfront ah,neither,0.03945320844208391,0.33037608806864915,0.630170703489267
LUL,neither,0.03945320844208391,0.33037608806864915,0.630170703489267
BOOOO,neither,0.03945320844208391,0.33037608806864915,0.630170703489267
yea hif you pay,neither,0.06274275446656381,0.40011088305124554,0.5371463624821907
lol,neither,0.020706217963973744,0.4882283491876925,0.4910654328483337
BOOOOO,neither,0.03945320844208391,0.33037608806864915,0.630170703489267
booooooo,neither,0.03945320844208391,0.33037608806864915,0.630170703489267
WutFace,neither,0.03945320844208391,0.33037608806864915,0.630170703489267
....Fuck EA,offensive_language,0.17116180701363412,0.8282607466978369,0.0005774462885291482
LuL,neither,0.03945320844208391,0.33037608806864915,0.630170703489267
LUL,neither,0.03945320844208391,0.33037608806864915,0.630170703489267
NotLikeThis,neither,0.03945320844208391,0.33037608806864915,0.630170703489267
Whyyyyyyy,neither,0.03945320844208391,0.33037608806864915,0.630170703489267
Ouch. rough roll on the sponsorship save,neither,0.03686191532945121,0.32833500139820343,0.6348030832723454
"bidet!! from mel, aus",neither,0.04062582848913359,0.31047366557575606,0.6489005059351104
BATTLEFRONT 2 LUL,neither,0.03945320844208391,0.33037608806864915,0.630170703489267
FailFish,neither,0.03945320844208391,0.33037608806864915,0.630170703489267
boooooo,neither,0.03945320844208391,0.33037608806864915,0.630170703489267
BF$,neither,0.03945320844208391,0.33037608806864915,0.630170703489267
"Bidet from Prestonsburg, KY!",neither,0.04062582848913359,0.31047366557575606,0.6489005059351104
RIP EA,neither,0.03945320844208391,0.33037608806864915,0.630170703489267
NOOOOO BF2 NOOOOOOOOOOOOOOOOOOOOOOOO,neither,0.03945320844208391,0.33037608806864915,0.630170703489267
Punisher releases after this show on NETFLIX,neither,0.048380482276110366,0.2831799534532974,0.6684395642705923
,neither,0.03945320844208391,0.33037608806864915,0.630170703489267
oh come on really bf2?,neither,0.04013695297269628,0.3190228454630375,0.6408402015642661
No ty EA trash.,neither,0.041093796664652654,0.18506162022637188,0.7738445831089754
noooooooooooooo,neither,0.03945320844208391,0.33037608806864915,0.630170703489267
brownS oh man,neither,0.045767328882615366,0.3447450035370845,0.6094876675803002
Too bad BFII was a letdown.,neither,0.03387547179697827,0.3421146157293218,0.6240099124736999
awwkwaarrrrdddddddd,neither,0.03945320844208391,0.33037608806864915,0.630170703489267
Fuck EA,offensive_language,0.17116180701363412,0.8282607466978369,0.0005774462885291482
FUCK EA,offensive_language,0.17116180701363412,0.8282607466978369,0.0005774462885291482
I wonder if they get the sponsorship from a lootbox,neither,0.021445423709579546,0.3614741341424757,0.6170804421479447
lmao battlefront,neither,0.03705015143476208,0.3711622369619404,0.5917876116032975
dasbifHype gandsSubHype jcvimHype dasbifHype gandsSubHype jcvimHype,neither,0.03945320844208391,0.33037608806864915,0.630170703489267
Battlefront two...oh boy,neither,0.04685490667354826,0.255171625663975,0.6979734676624768
NOPE,neither,0.03945320844208391,0.33037608806864915,0.630170703489267
aww all by his lonesome...,offensive_language,0.07437921355688476,0.4692550929758193,0.456365693467296
What up you beautiful people x),offensive_language,0.12248883808391743,0.4413231490701263,0.4361880128459562
BOOOOOO,neither,0.03945320844208391,0.33037608806864915,0.630170703489267
No,neither,0.036918905254960256,0.37338982715841207,0.5896912675866277
Star Wars DLC 2,neither,0.03945320844208391,0.33037608806864915,0.630170703489267
That's unfortunate.,neither,0.03486124774340957,0.38047850944979694,0.5846602428067935
Ask,neither,0.03945320844208391,0.33037608806864915,0.630170703489267
biooooooooooooo,neither,0.03945320844208391,0.33037608806864915,0.630170703489267
no thank you battlefront,neither,0.06524367363104633,0.4424191222764402,0.4923372040925134
seriously guys you are sponsoring battlefront - fucking sellouts,offensive_language,0.2152778669243663,0.784272101624583,0.00045003145105074665
NOOOO,neither,0.03945320844208391,0.33037608806864915,0.630170703489267
"Wow, worst sponsor",neither,0.0404457783330051,0.31352958661872016,0.6460246350482748
Fuck EA,offensive_language,0.17116180701363412,0.8282607466978369,0.0005774462885291482
oof. bad timing on that pr,neither,0.031977312012517106,0.3745162960931771,0.5935063918943058
booooo,neither,0.03945320844208391,0.33037608806864915,0.630170703489267
gandsNopeNopeNope on battlefront 2,neither,0.02983740057173753,0.3797445071048369,0.5904180923234256
BOOOOOOOOOOOOOOO,neither,0.03945320844208391,0.33037608806864915,0.630170703489267
Fuck ea!,offensive_language,0.17116180701363412,0.8282607466978369,0.0005774462885291482
battlefront II DansGame,neither,0.03945320844208391,0.33037608806864915,0.630170703489267
booooooooooooooooooooooo,neither,0.03945320844208391,0.33037608806864915,0.630170703489267
Bidet from saskatoon,neither,0.04228451509352876,0.2823214250720796,0.6753940598343917
they need the good press,neither,0.03773102260959028,0.31262095999715345,0.6496480173932562
Boooooooooo,neither,0.03945320844208391,0.33037608806864915,0.630170703489267
gg,neither,0.03945320844208391,0.33037608806864915,0.630170703489267
NOBODY BUY THIS,offensive_language,0.03107944292593101,0.4958883738106419,0.4730321832634271
fuck that game,offensive_language,0.18994649101500677,0.8100413659326033,1.2143052389998734e-05
they got rid of all micro transactions now,neither,0.039971535258941704,0.4525340692687746,0.5074943954722838
Oh nooo,neither,0.0456283565223502,0.2719307315164877,0.6824409119611621
LUL battlefront,neither,0.03945320844208391,0.33037608806864915,0.630170703489267
why would they agree to be sponsored by this,neither,0.03576211855410325,0.3723381740290462,0.5918997074168506
-.-' FUCK EA,offensive_language,0.17116180701363412,0.8282607466978369,0.0005774462885291482
booooo,neither,0.03945320844208391,0.33037608806864915,0.630170703489267
FFFFFFFUUUUUUUCCCCCKKKKKKKK,neither,0.03945320844208391,0.33037608806864915,0.630170703489267
sorry EA still not happening,neither,0.03787508120545841,0.34472725648242486,0.6173976623121167
Noooo Not EA,neither,0.038319950518211146,0.33462584716538263,0.6270542023164062
EA... it's in the wallet.,neither,0.03754387927730488,0.31724611770820565,0.6452100030144895
F*ck EA,neither,0.03945320844208391,0.33037608806864915,0.630170703489267
rip ea,neither,0.03945320844208391,0.33037608806864915,0.630170703489267
anope.,neither,0.03945320844208391,0.33037608806864915,0.630170703489267
BATTLEFRONT 2 LUL,neither,0.03945320844208391,0.33037608806864915,0.630170703489267
oh boy...,neither,0.04768565599480007,0.25364348607606696,0.698670857929133
fuck ea,offensive_language,0.17116180701363412,0.8282607466978369,0.0005774462885291482
Booooooooooooo,neither,0.03945320844208391,0.33037608806864915,0.630170703489267
The thrill of a dwindling bank account,neither,0.03875765235117066,0.3177228255067915,0.643519522142038
gandsRage gandsRage gandsRage gandsRage,neither,0.03945320844208391,0.33037608806864915,0.630170703489267
"boo, booo battlefront",neither,0.03945320844208391,0.33037608806864915,0.630170703489267
Nope,neither,0.03945320844208391,0.33037608806864915,0.630170703489267
they also promote gambling FeelsBadMan,neither,0.03945320844208391,0.33037608806864915,0.630170703489267
Fuck EA!,offensive_language,0.17116180701363412,0.8282607466978369,0.0005774462885291482
They paid for this advertisement with your money,neither,0.045778834358751526,0.3306610031585569,0.6235601624826915
BOOOOOOOOO,neither,0.03945320844208391,0.33037608806864915,0.630170703489267
"Bidet from Orlando, FL",neither,0.040334677536117594,0.315415257091876,0.6442500653720065
GUYS! They just announced that they removed all microtransactions.,neither,0.033852677975330876,0.4412028062374646,0.5249445157872045
bidet all!,offensive_language,0.046917543854519406,0.6277741405869331,0.3253083155585475
EA sucks,neither,0.03945320844208391,0.33037608806864915,0.630170703489267
Booooooooooooooo!!,neither,0.03945320844208391,0.33037608806864915,0.630170703489267
And money,neither,0.03812333253515546,0.25577663625393826,0.7061000312109064
Doesn't Matt voice Luke?,neither,0.03945320844208391,0.33037608806864915,0.630170703489267
"I'm glad you got the money from EA for something worthwhile, but eff that nonsense, LUL",neither,0.03892427395691765,0.36665601022325695,0.5944197158198254
Eh I enjoy it lol,neither,0.030879550360468695,0.3844377413386281,0.5846827083009033
volume a little lol??,neither,0.031605635349142215,0.39021393046455605,0.5781804341863017
Boooo EA. Good job on getting their money G&S,neither,0.03399482658336805,0.3919135588966592,0.5740916145199728
Bidet everyone!,offensive_language,0.02988896790634741,0.4927062106388782,0.4774048214547744
"yeah, except... Fuck EA",offensive_language,0.09146018054355583,0.9042260822756936,0.004313737180750682
And it costs money to win!,neither,0.043272903671611185,0.2921813209866754,0.6645457753417134
"Just got my (standard edition) art book about 15 minutes ago... (sneaky, late UPS man left it on my doorstep, rang the doorbell and ran off) IT'S AMAZING!!!",neither,0.027289379488715095,0.4262858933681085,0.5464247271431764
Friendly reminder that EA just turned off all in game purchases for BF2,neither,0.032551588759686265,0.35757967306662813,0.6098687381736857
"pay to play, so fun",neither,0.046463018884675536,0.3728311114710639,0.5807058696442605
DAT MARKETING BUDGET EA,neither,0.03945320844208391,0.33037608806864915,0.630170703489267
Fuck EA,offensive_language,0.17116180701363412,0.8282607466978369,0.0005774462885291482
No way EA,neither,0.038721473012350335,0.3453192624593376,0.6159592645283121
Bidet from Kansas,neither,0.04071751644889743,0.3089174816120565,0.6503650019390461
EA must be desperate,neither,0.040602083396503445,0.32046602465488266,0.6389318919486139
LUL,neither,0.03945320844208391,0.33037608806864915,0.630170703489267
Look at the chat room full of people not up to date on the news and changes EA made,neither,0.06220995143923698,0.3321031237790112,0.6056869247817519
"Haha, so much EA love",neither,0.030735824267506828,0.4376352766026157,0.5316288991298774
EA buying G&S,neither,0.03945320844208391,0.33037608806864915,0.630170703489267
u can pay $200 for darth vader,neither,0.03557577079826022,0.30713508298841535,0.6572891462133245
"So controversial right now, haha.",neither,0.03349132893546413,0.48223849182973894,0.484270179234797
YAY made it,neither,0.03787357701237711,0.3309193957522763,0.6312070272353466
"wow, rip. BF2 is the worst",neither,0.04719903546822384,0.29590582031987167,0.6568951442119045
what gloriousness was amy wearing?!?,neither,0.04453312774261419,0.3285659669438817,0.626900905313504
Battlefront 2 gandsRage,neither,0.03945320844208391,0.33037608806864915,0.630170703489267
Games to skip this holiday,neither,0.04487844579819879,0.3284403087067802,0.626681245495021
nope nope nope,neither,0.03945320844208391,0.33037608806864915,0.630170703489267
Hahaha. Should have known. Down with EA!,neither,0.03844422136602466,0.39041412054696234,0.5711416580870129
wow they actually started on timr,neither,0.0367513036121881,0.3433375679810029,0.619911128406809
#FuckEA,neither,0.03945320844208391,0.33037608806864915,0.630170703489267
so cool they require microtransactions!,neither,0.039408734851773916,0.3978663526610493,0.5627249124871768
WOAH who do we have here?!,neither,0.08330467795739077,0.36139979322742394,0.5552955288151852
oh my give it a rest,neither,0.03107480881414211,0.3699444687189673,0.5989807224668906
"Fighting by your favourite characters, but not as your favourite characters...",neither,0.06046665668515231,0.3617592177735795,0.5777741255412682
fuck ea,offensive_language,0.17116180701363412,0.8282607466978369,0.0005774462885291482
SCREW EA!!!!!!!!!!!!,neither,0.03945320844208391,0.33037608806864915,0.630170703489267
REALLY? after all the conterversy you guys accept this one?!? Not cool Geek and Sundry,neither,0.04740012093657151,0.3910701844622173,0.5615296946012113
Bidet from Ohio!,neither,0.040754399270683486,0.3082914838698526,0.650954116859464
Love y'all but nooooooo,neither,0.035017493185339664,0.4264541533497802,0.5385283534648801
"they're on time?! wat! also, Sam no! don't rep EA!",neither,0.04609681098539356,0.3410925584175027,0.6128106305971037
YURI! <3,neither,0.03945320844208391,0.33037608806864915,0.630170703489267
who are our guests again?,neither,0.06991232105981837,0.3887371642618827,0.5413505146782991
Amy all dressed up!,neither,0.03873983579859777,0.4492568715834102,0.5120032926179919
"I mean, buy it if you want, but please don't.",neither,0.030768646147685142,0.4290030952687575,0.5402282585835574
"Professional voice actors, folks, lol.",neither,0.034111141808896774,0.3679790831574527,0.5979097750336505
"What a move EA, how dare they come into this sacred space!",neither,0.041400987604398316,0.34372321720583904,0.6148757951897628
wait they started on time? what is this?,neither,0.048155994046274006,0.35534444081223476,0.5964995651414914
screw EA but i support taking their money,neither,0.05596854015473036,0.3301905569631116,0.613840902882158
trash!,neither,0.04230374604867755,0.016764511774476527,0.9409317421768459
"""Fight side by side with your favorite charaters!"" After you spend forever unlocking them and then paying to level them up.",neither,0.06413675357514276,0.41213584211634896,0.5237274043085082
having to infect critical role,neither,0.04535341202861238,0.32691574940739077,0.6277308385639969
This PSA is better than the game.,neither,0.04446790120025508,0.2890370551127287,0.6664950436870162
where is John Heder??,neither,0.05285544704106463,0.2869498351742858,0.6601947177846496
I dont get what everyone is so mad about: what is the deal with Battlefront II?,neither,0.04196274086735003,0.43330346405169706,0.524733795080953
"Help G&S make great content! $4.99/month gets you emotes, Minecraft server access, Sub Only Q&As, VODs, and more! Every sub keeps the channel alive! twitch.tv/geekandsundry/subscribe",neither,0.043092924924402844,0.32365565443818894,0.6332514206374082
Yeah! Molly and Noelle!,neither,0.021454198127093385,0.41120802709288606,0.5673377747800206
!whodat,neither,0.03945320844208391,0.33037608806864915,0.630170703489267
"Sam Riegel ( twitter.com/samriegel ), Amy Vorpahl ( twitter.com/vorpahlsword ), Stef Woodburn ( twitter.com/StefWoodburn ), Yuir Lowenthal ( twitter.com/YuriLowenthal ), Noelle Stevenson ( twitter.com/Gingerhazing ), Molly Ostertag ( twitter.com/MollyOstertag ) and H Michael Croner ( twitter.com/HMichaelC )",neither,0.03847747874328754,0.46146278540297353,0.5000597358537389
lol,neither,0.020706217963973744,0.4882283491876925,0.4910654328483337
questionable choice of sponsors,neither,0.03945320844208391,0.33037608806864915,0.630170703489267
Fuck EA,offensive_language,0.17116180701363412,0.8282607466978369,0.0005774462885291482
!whodat,neither,0.03945320844208391,0.33037608806864915,0.630170703489267
Chat is triggered,neither,0.05123134903440858,0.3263250454252152,0.6224436055403763
They removed the Microtransaction,neither,0.037353100542138626,0.290277740538654,0.6723691589192073
Battlefront sucks dick.,offensive_language,0.05759506938961531,0.920083894440812,0.022321036169572688
EA = SHIT,offensive_language,0.04397788019770114,0.9553125845738988,0.0007095352284001839
G=S no :( why :(,neither,0.019682187635171045,0.38732624423083184,0.5929915681339971
Bidet from Atlanta!,neither,0.04078317879478948,0.307803020237201,0.6514138009680096
What’s going on?,neither,0.04055656154423346,0.38833852883122105,0.5711049096245454
John couldn't come,neither,0.03777030530590058,0.3589393463168824,0.6032903483772171
EA disabled microtransactions,neither,0.03945320844208391,0.33037608806864915,0.630170703489267
screw battleground 2 and EA.,neither,0.038755050748370795,0.2954940886494036,0.6657508606022257
"LOL, Sam was like screw EA",neither,0.04049248862585217,0.3834521121866984,0.5760553991874494
"@Vance1982 probably contract was signed quite a while ago, not much they can do about it now",neither,0.035338094185454506,0.3573017521190632,0.6073601536954824
theyve prob had the sponsor lined up for a while and couldn't cancel,neither,0.03399377467362946,0.31077547432182323,0.6552307510045473
lololol,neither,0.03945320844208391,0.33037608806864915,0.630170703489267
"They just took away microtransactions for the game altogether, for anyone who didn’t see the announcement",neither,0.022272034075769873,0.3126797031416342,0.6650482627825958
@PatrickPlayer1 John can't make it,neither,0.0380993801105202,0.32542742153896154,0.6364731983505182
"They disabled the micro transactions, it still not perfect but its a step on the right direction",neither,0.029890298129584103,0.3476954764131304,0.6224142254572853
chat pls calm down,neither,0.03945320844208391,0.33037608806864915,0.630170703489267
hey fam whassuuuuup,neither,0.03945320844208391,0.33037608806864915,0.630170703489267
omg Sams Shirt,neither,0.03945320844208391,0.33037608806864915,0.630170703489267
DansGame FUCK DansGame EA DansGame,offensive_language,0.17116180701363412,0.8282607466978369,0.0005774462885291482
Gid'y yup,neither,0.03945320844208391,0.33037608806864915,0.630170703489267
"Yeah, an endorsement from CR isn't going to trick me into buying that POS",neither,0.028927204025893927,0.420697433815901,0.5503753621582049
Glad I got the d20 when I did. XD,neither,0.0272671145713936,0.4120346357094728,0.5606982497191336
Is there video? I'm just seeing a grey screen.,neither,0.04552738398913929,0.2470859746351783,0.7073866413756825
"@PatrickPlayer1 He couldn't make it, it was announced tuesday that he would be replaced",neither,0.04122681669985029,0.3516472648713144,0.6071259184288352
What is even happening,neither,0.052777569361683235,0.33866714635611855,0.6085552842821982
Even they don't want to support EA,neither,0.07147885076226297,0.32692072840808806,0.6016004208296489
#YaoiForYuriLowenthal,neither,0.03945320844208391,0.33037608806864915,0.630170703489267
"woot! So excited! new puppy has gone out, and im all ready!",neither,0.03911740100686194,0.34405037346191836,0.6168322255312197
Who are these people.,offensive_language,0.23176374605537559,0.45402936811677264,0.3142068858278517
Chat please don't be rude chat,neither,0.039730688988065366,0.33269967443630993,0.6275696365756247
MATT VOICES LUKE SKYWALKER GUYS HOLY HELL,offensive_language,0.04053242918242064,0.5926345850375186,0.3668329857800606
!whodat,neither,0.03945320844208391,0.33037608806864915,0.630170703489267
"Sam Riegel ( twitter.com/samriegel ), Amy Vorpahl ( twitter.com/vorpahlsword ), Stef Woodburn ( twitter.com/StefWoodburn ), Yuir Lowenthal ( twitter.com/YuriLowenthal ), Noelle Stevenson ( twitter.com/Gingerhazing ), Molly Ostertag ( twitter.com/MollyOstertag ) and H Michael Croner ( twitter.com/HMichaelC )",neither,0.03847747874328754,0.46146278540297353,0.5000597358537389
lol XD,neither,0.020706217963973744,0.4882283491876925,0.4910654328483337
oh i thought other crit role members would be here too,neither,0.07628842634311621,0.21155343954657865,0.7121581341103052
"Awww, Sam is still kinda nervous haha",neither,0.04100852301394342,0.3831809706154706,0.575810506370586
!whodat,neither,0.03945320844208391,0.33037608806864915,0.630170703489267
@Maranoiah they are mostly at cons,neither,0.05965827904579817,0.31233610356723224,0.6280056173869696
The Chronicles of Exandria : The Tale of Vox Machina Vol I https://geekandsundry.com/the-chronicles-of-exandria-the-tale-of-vox-machina-available-now/,neither,0.03798752460858896,0.30308287043703597,0.6589296049543752
TOVA!!!,neither,0.03945320844208391,0.33037608806864915,0.630170703489267
this cast!! so awesome,neither,0.03932750491369567,0.37162039584807727,0.589052099238227
I think #THEY KNOW but it's a sponsorship...so who cares?,neither,0.03618330429127463,0.43879031265699386,0.5250263830517314
+,neither,0.03945320844208391,0.33037608806864915,0.630170703489267
Love the hate ea got,neither,0.20588771166355915,0.2714534917730466,0.5226587965633943
I DO REGRET IT BUT I’M POOR,neither,0.03644666024431715,0.33920206420512344,0.6243512755505594
My god I’m so happy about Sam’s one shot!!!,neither,0.029236862282838012,0.4721497477510673,0.49861338996609467
Art book did not disappoint,neither,0.038492896020854164,0.333971189615494,0.627535914363652
brownS bless Sam that is a lot of stuff,neither,0.0419679690449243,0.35622191429389544,0.6018101166611802
Hope they keep this cast now and Sam gets his own rpg show.,neither,0.12514612652653778,0.18971421809836975,0.6851396553750926
Pretty sure EA helped G&S price the art books Kappa,neither,0.03605296387664572,0.3908316953610974,0.5731153407622569
holy shit it's noelle,offensive_language,0.040843656300512836,0.9590033814083673,0.00015296229111979266
no rush...,neither,0.03848957175417732,0.3467315175537778,0.6147789106920449
its all sam now,neither,0.034675273920594975,0.41367591949318977,0.5516488065862153
"Guys, Sam doesn’t choose sponsors",neither,0.03935631549795351,0.332020614200976,0.6286230703010705
@Maranoiah most of the cast are at Pax: Unplugged this weekend,neither,0.057244489669189755,0.30203851370219337,0.6407169966286169
relax kids you dont have to buy anything,neither,0.058469823249160474,0.370512510641125,0.5710176661097145
85% of all Critical Role discussion must be in fake British accents.,neither,0.04100710500715852,0.35876878249936844,0.600224112493473
How does Noel feel to have her character survive now in cannon?,offensive_language,0.02864046705226084,0.5302934965231454,0.44106603642459374
#NOTMYCRITICALROLE,neither,0.03945320844208391,0.33037608806864915,0.630170703489267
Hello everybody!!!,neither,0.03945320844208391,0.33037608806864915,0.630170703489267
"slow mode to censor EA criticism, @GeekandSundry ?",neither,0.0437393224036455,0.327843254470918,0.6284174231254366
stef!!! finally.,neither,0.03945320844208391,0.33037608806864915,0.630170703489267
SPONSORED MY EA gandsRage gandsRage gandsRage gandsRage,neither,0.030204812584868436,0.4008153342505376,0.5689798531645939
that set off my echo dot lol!!!,neither,0.025154240776700754,0.4523460960068532,0.5224996632164461
wait whre's my HEDER?!?!,neither,0.02247872430247629,0.4717179842281923,0.5058032914693315
HeyGuys,neither,0.03945320844208391,0.33037608806864915,0.630170703489267
!whodat,neither,0.03945320844208391,0.33037608806864915,0.630170703489267
"Sam Riegel ( twitter.com/samriegel ), Amy Vorpahl ( twitter.com/vorpahlsword ), Stef Woodburn ( twitter.com/StefWoodburn ), Yuir Lowenthal ( twitter.com/YuriLowenthal ), Noelle Stevenson ( twitter.com/Gingerhazing ), Molly Ostertag ( twitter.com/MollyOstertag ) and H Michael Croner ( twitter.com/HMichaelC )",neither,0.03847747874328754,0.46146278540297353,0.5000597358537389
no idea who these people are besides tovah,neither,0.11537545292406803,0.42037726685726673,0.4642472802186653
@daniwithd no we always put slow on,neither,0.03425995302844117,0.4108303098059294,0.5549097371656295
critical bowls pls,neither,0.03945320844208391,0.33037608806864915,0.630170703489267
Molly does a fantastic webcomic!Everyone should check it out!,offensive_language,0.0293953423549423,0.5070017755531502,0.4636028820919074
heder had to bail,neither,0.04719956511318245,0.32587062394920374,0.6269298109376139
how do you show the cast on chat again?,neither,0.059738926571890436,0.3256477935213719,0.6146132799067376
BIDET!!,neither,0.03945320844208391,0.33037608806864915,0.630170703489267
!whodat,neither,0.03945320844208391,0.33037608806864915,0.630170703489267
"Sam Riegel ( twitter.com/samriegel ), Amy Vorpahl ( twitter.com/vorpahlsword ), Stef Woodburn ( twitter.com/StefWoodburn ), Yuir Lowenthal ( twitter.com/YuriLowenthal ), Noelle Stevenson ( twitter.com/Gingerhazing ), Molly Ostertag ( twitter.com/MollyOstertag ) and H Michael Croner ( twitter.com/HMichaelC )",neither,0.03847747874328754,0.46146278540297353,0.5000597358537389
stefffff crayLove,neither,0.03945320844208391,0.33037608806864915,0.630170703489267
stefRage stefRage stefRage stefRage stefRage stefRage stefRage stefRage,neither,0.03945320844208391,0.33037608806864915,0.630170703489267
"Heder had a last minute obligation, if I remember.",neither,0.024029439321703774,0.37997162942011015,0.5959989312581861
hahaha when she said alexa she activated my alexa and almost made me buy something XD,neither,0.027907165841069174,0.4627090454765246,0.5093837886824063
BIDET!,neither,0.03945320844208391,0.33037608806864915,0.630170703489267
bdet,neither,0.03945320844208391,0.33037608806864915,0.630170703489267
Is it just me or did it just freeze,neither,0.03075046363829493,0.3904853927055994,0.5787641436561057
herder had to cancel,neither,0.04758805856209947,0.3256527183456805,0.62675922309222
Heder doesn't like Sam so he bailed,neither,0.05284677542115758,0.3773801385995264,0.5697730859793161
yup,neither,0.03945320844208391,0.33037608806864915,0.630170703489267
BIDET,neither,0.03945320844208391,0.33037608806864915,0.630170703489267
bidet!,neither,0.03945320844208391,0.33037608806864915,0.630170703489267
MODS BAN ME NO BALLS YOU WONT,offensive_language,0.05156878378231312,0.5678136266927339,0.3806175895249528
"Wait, crap I got distracted. What did I miss?",neither,0.037207983748496716,0.3607473372230105,0.6020446790284928
Stoked for Yuri Lowenthal,neither,0.032764864206104964,0.296993156639892,0.670241979154003
"Gonna be passing on that whole ""consumer level opt-in surveillance device"" thanks.",neither,0.03378064422218004,0.38249016884323134,0.5837291869345886
,neither,0.03945320844208391,0.33037608806864915,0.630170703489267
Wheeeerreeeeeeeesss the Heeeedeeeerrr,neither,0.03613032604487659,0.2619290779399786,0.7019405960151449
Bidet,neither,0.03945320844208391,0.33037608806864915,0.630170703489267
"A whole ""guest"" thing now?!?",neither,0.03945320844208391,0.33037608806864915,0.630170703489267
VOR PAL!,neither,0.03945320844208391,0.33037608806864915,0.630170703489267
jesus look at yuri's suit,neither,0.04037612963838548,0.35224374984764967,0.6073801205139648
queen of hearts yall,neither,0.03816303625191266,0.35227367721696223,0.6095632865311251
hi,neither,0.03945320844208391,0.33037608806864915,0.630170703489267
@Imp_King intros,neither,0.03945320844208391,0.33037608806864915,0.630170703489267
Such a great cast tonight!,neither,0.036240897755683406,0.2913906651690908,0.672368437075226
Bidet all!,offensive_language,0.046917543854519406,0.6277741405869331,0.3253083155585475
yuri is here now I'm super excited,neither,0.0981698581581973,0.2899143114494485,0.6119158303923543
They didn't remove micro transactions though. kek,neither,0.026844578500819827,0.36903324956996514,0.604122171929215
Who?,offensive_language,0.04159901189299763,0.525362713080101,0.4330382750269014
Yuri hype!,neither,0.03945320844208391,0.33037608806864915,0.630170703489267
sponsored by EA? thought yall were better than this. wont be watching this ep. or any other sponsored by them,neither,0.04608233998645465,0.32968246396772666,0.6242351960458187
EA... Boo-urns!!!,neither,0.03945320844208391,0.33037608806864915,0.630170703489267
MOLLY AND NOELLE AND YURI ALSO HI TRAVIS,neither,0.03842032086566836,0.27605140272621476,0.6855282764081169
Prince of Persia!,neither,0.03945320844208391,0.33037608806864915,0.630170703489267
@Yodes_ it was announced that Heder had to cancelled during last week's show and many other places,neither,0.047009732883738484,0.29149811689870686,0.6614921502175547
sponsored by BF2 LUL,neither,0.04042754187556921,0.3677337178302478,0.5918387402941829
"Wait, EA is sponsoring this one? I may have to tune out. Fuck EA",offensive_language,0.1252118845030097,0.7786921975535266,0.09609591794346375
