text,top_class,hate_speech,offensive_language,neither
"I see that many people aren't trying to ""Milk"" Mark for all they can!",neither,0.05490151552336746,0.37013365027070894,0.5749648342059237
Re Sub HYPE!!!,neither,0.05796738926929811,0.3016950255183242,0.6403375852123776
,neither,0.03945320844208391,0.33037608806864915,0.630170703489267
!whodat,neither,0.03945320844208391,0.33037608806864915,0.630170703489267
"GM Sax Carr ( twitter.com/SaxCarr ), Hector Navarro ( twitter.com/Hectorisfunny ), Keller Knoblock ( twitter.com/KellerKnoblock ), with guest Mark David Christenson ( twitter.com/hobbit138 ).",neither,0.03556420391661694,0.46720444387439564,0.4972313522089874
Sub HYPE!!!,neither,0.03945320844208391,0.33037608806864915,0.630170703489267
This is PURE CHAOTIC ENTERTAINMENT!,neither,0.046649956661399816,0.329282587900028,0.6240674554385722
Spoiler Country: https://franklin.ucbtheatre.com/performance/43132,neither,0.0432962574382951,0.32905428729352487,0.6276494552681801
"it was a goldfish named oscar in the 3rd grade, but it still counts :)",neither,0.035334635204616716,0.33620563047760077,0.6284597343177825
Re Sub HYPE!!!,neither,0.05796738926929811,0.3016950255183242,0.6403375852123776
!bubblegum,neither,0.03945320844208391,0.33037608806864915,0.630170703489267
"You came here to chew Bubblegum and watch an RPG. Check out the rules for Dick & Johnson's RPG system here, https://gist.github.com/anonymous/2e00cd265c8628d4fb13",offensive_language,0.10878855305517567,0.46746033330792874,0.42375111363689555
!djwiki,neither,0.03945320844208391,0.33037608806864915,0.630170703489267
"""The Dick and Johnson wikia, the most unsatisfying misclick on the Internet."" -Sax Carr 2017 #PutItInTheWiki http://dickandjohnson.wikia.com/wiki/The_Dick_and_Johnson_Wiki",neither,0.04705533552773973,0.46992134562560794,0.48302331884665234
Havana IS a Winner!,neither,0.04662910633492473,0.32790796772817965,0.6254629259368957
Dick and Johnson and the Super Casual Set,offensive_language,0.05684622534492437,0.6141808552897389,0.3289729193653369
twitter.com/DickAndJohnson,neither,0.038643638597066765,0.475547814777205,0.4858085466257283
"If CR can have a sourcebook, there should be a D&J sourcebook!",neither,0.032167026907794924,0.3772983036711722,0.5905346694210329
There for sure is erratic fanfic,neither,0.034572191494584285,0.4028938766731369,0.5625339318322788
Weave it for G&S to share this! :),neither,0.038132633871644235,0.3015047877337066,0.6603625783946491
Sub HYPE!!!,neither,0.03945320844208391,0.33037608806864915,0.630170703489267
Re Sub HYPE!!!,neither,0.05796738926929811,0.3016950255183242,0.6403375852123776
"remember, remember the 5th of december",neither,0.03885418130004387,0.31950621505886145,0.6416396036410947
http://www.weave.game/product,neither,0.03679635652426368,0.22635195936293623,0.7368516841128001
Is it the shield of tomorrow crossover??????,neither,0.04705380068195043,0.3065181179965563,0.6464280813214932
I feel sorry for the Klingons if they have to face Dick and Johnson!,offensive_language,0.03852390653563042,0.6831326024058798,0.2783434910584898
comic saaannsss!,neither,0.03945320844208391,0.33037608806864915,0.630170703489267
!whodat,neither,0.03945320844208391,0.33037608806864915,0.630170703489267
"GM Sax Carr ( twitter.com/SaxCarr ), Hector Navarro ( twitter.com/Hectorisfunny ), Keller Knoblock ( twitter.com/KellerKnoblock ), with guest Mark David Christenson ( twitter.com/hobbit138 ) and Dot.",neither,0.03538140816942467,0.45118814180356515,0.51343045002701
"Hahaha, just imagining Dick and Johnson playing the chewing/kicking way and everyone else plays Star Trek Adventures rules, it cracks me up.",offensive_language,0.037858749907025105,0.5638994100829996,0.39824184000997537
Sub HYPE!!!,neither,0.03945320844208391,0.33037608806864915,0.630170703489267
NEW YORK CITY!,neither,0.043195569127148274,0.23689293817408466,0.7199114926987671
Get a rope!,neither,0.03881722312624513,0.3411704186678455,0.6200123582059093
omg i just noticed the puppy!!,neither,0.0351268051446978,0.33416582959995184,0.6307073652553504
this is the week of Phil and doggos,neither,0.04546123407531909,0.27943978018878135,0.6750989857358995
Telepathic Microscope was the best nerdcore band ever.,neither,0.03767162864884772,0.30984567363195753,0.6524826977191948
The puppy's name is Dot. :D,neither,0.04529869865788982,0.3149167240873539,0.6397845772547562
@Mornin_Sun Wakko and Yakko are sitting next to her.,neither,0.058694224569109596,0.4671860985781654,0.47411967685272505
LOL,neither,0.020706217963973744,0.4882283491876925,0.4910654328483337
!djwiki,neither,0.03945320844208391,0.33037608806864915,0.630170703489267
"""The Dick and Johnson wikia, the most unsatisfying misclick on the Internet."" -Sax Carr 2017 #PutItInTheWiki http://dickandjohnson.wikia.com/wiki/The_Dick_and_Johnson_Wiki",neither,0.04705533552773973,0.46992134562560794,0.48302331884665234
a train on a continuous track omg,neither,0.036904616856492496,0.3425842712838482,0.6205111118596592
Thomas the Existential Crisis Engine.,neither,0.0388092672526737,0.3186776433000405,0.6425130894472859
lol,neither,0.020706217963973744,0.4882283491876925,0.4910654328483337
Re Sub HYPE!!! Sub HYPE!!!,neither,0.04841471614444445,0.31547126993218405,0.6361140139233715
https://clips.twitch.tv/OptimisticAlluringCroissantMingLee,neither,0.03945320844208391,0.33037608806864915,0.630170703489267
This show never fails to entertain me!,neither,0.04619918512869607,0.33169516382511255,0.6221056510461915
Re Sub HYPE!!!,neither,0.05796738926929811,0.3016950255183242,0.6403375852123776
Patreon?,neither,0.03945320844208391,0.33037608806864915,0.630170703489267
Who did send him?,neither,0.03999473913655066,0.40519439938200047,0.554810861481449
The best politicians money can buy!,neither,0.03822262576983601,0.3070454164786266,0.6547319577515375
Dick-ann Johnson,offensive_language,0.060970360817361534,0.8307439478916053,0.10828569129103316
"Hehhehehheh, that seems fitting!",neither,0.03580025102860961,0.3700673765395731,0.5941323724318173
It's Matt Murdock's apartment,neither,0.038426011809567596,0.330729388093292,0.6308446000971404
What about the Standing room?,neither,0.042257980481230265,0.33694770196605595,0.6207943175527137
"LOL, i am so loving this!",neither,0.031511256584568124,0.43450322010802345,0.5339855233074084
my siiiiides,offensive_language,0.011017215557639733,0.6062201221254095,0.3827626623169507
https://clips.twitch.tv/CreativeIronicShieldUncleNox,neither,0.03945320844208391,0.33037608806864915,0.630170703489267
the dog is so calm lol,neither,0.037813319798423464,0.4058231027766845,0.5563635774248921
