text,top_class,hate_speech,offensive_language,neither
"Woah, b/w filter",neither,0.03945320844208391,0.33037608806864915,0.630170703489267
Which I know nothing about but I will watch,neither,0.03869485472750123,0.3768812638983569,0.5844238813741419
"Hi Amy, Stef, and Gina!",neither,0.03868284165753408,0.29150793163893735,0.6698092267035286
Hello Mines N Crafters!,neither,0.03945320844208391,0.33037608806864915,0.630170703489267
Whoa the colors,neither,0.03858848203544867,0.3145726940188802,0.6468388239456712
"Greetings and salutations, terrific crafting humans!",neither,0.03849532262610919,0.28064596753809684,0.680858709835794
nig ger,offensive_language,0.2260657108648416,0.7552875529600052,0.01864673617515323
Hi,neither,0.03945320844208391,0.33037608806864915,0.630170703489267
"Hi Amy, Steef and Gina",neither,0.03868284165753408,0.29150793163893735,0.6698092267035286
hello there!,neither,0.03937036753510788,0.27621722592919734,0.6844124065356949
Hi Sam,neither,0.03945320844208391,0.33037608806864915,0.630170703489267
"Yes, the good ones! Jk ;) all good ones",neither,0.03905565938641812,0.36193984488475417,0.5990044957288277
Hey all!,neither,0.04285346742239823,0.46255625023407465,0.49459028234352725
jcvimHi amy jcvimHi stef jcvimHi gina,neither,0.03945320844208391,0.33037608806864915,0.630170703489267
hi @DeLevely,neither,0.03945320844208391,0.33037608806864915,0.630170703489267
gandsGnSMinesCrafts gandsGnSMinesCrafts gandsGnSMinesCrafts gandsGnSMinesCrafts gandsGnSMinesCrafts,neither,0.03945320844208391,0.33037608806864915,0.630170703489267
Hellooo!!!,neither,0.03945320844208391,0.33037608806864915,0.630170703489267
"Hi Amy, Stef and Gina!",neither,0.03868284165753408,0.29150793163893735,0.6698092267035286
BegWan,neither,0.03945320844208391,0.33037608806864915,0.630170703489267
"Hey Amy, hey Stef, hey Gina!",neither,0.03945320844208391,0.33037608806864915,0.630170703489267
"@DeLevely Hi, Sam!",neither,0.03945320844208391,0.33037608806864915,0.630170703489267
and hey Sam,neither,0.038573557437733746,0.28527653069067943,0.6761499118715869
and Sam in digital form,neither,0.0388471849082607,0.30044848161517146,0.6607043334765679
@DeLevely Hi Sam!,neither,0.03945320844208391,0.33037608806864915,0.630170703489267
#pumpkinpiehype!,neither,0.03945320844208391,0.33037608806864915,0.630170703489267
"Dear Amy, hated Justice League, but love your shirt. <3",neither,0.05101776435157154,0.33922655918920586,0.6097556764592226
Looks appetizing,neither,0.03945320844208391,0.33037608806864915,0.630170703489267
Needs real whipped cream!,neither,0.033198671052728335,0.4397158560655111,0.5270854728817606
I'm here for half an hour and there is no better place to spend it than here with MnC!,neither,0.08989568115387472,0.2316316303533177,0.6784726884928075
I'll be right down!,neither,0.03879451022831998,0.35946405771848844,0.6017414320531915
We need a nosulus rift to smell that delight,neither,0.04128067182029205,0.3630309719750383,0.5956883562046696
the girls,neither,0.015633680845897387,0.452788069114505,0.5315782500395977
"Don't let anyone touch that, Stef might electrocute you :D",neither,0.03338018313273764,0.4374676308126486,0.5291521860546138
To create a pumpkin pie from scratch you must first invent the universe.,neither,0.04698765358950538,0.32580540193187435,0.6272069444786204
@DeLevely So very true!,neither,0.03940900888232013,0.38357010369010586,0.5770208874275741
Gather your glitter was amazinnggggggggg,neither,0.06396221852164324,0.3251824683938403,0.6108553130845163
"@DeLevely Hi there, Sam! Always wonderful to see you in chat. Hope you have a great week. :)",neither,0.08538613070955489,0.30460115067952176,0.6100127186109232
Bonnie singing was amazing <33333,neither,0.039328088577826784,0.3324996987019178,0.6281722127202554
"faces, and in one occurrence, cleavage",neither,0.03753353864936743,0.31956028709486906,0.6429061742557636
We have a subscriber-only Discord server! Join here: https://discord.gg/geekandsundry (you'll need to sub and link it to your Twitch) and be a part of the fun!...Warning: It can take up to an hour for the server to update and give you access to the channels,neither,0.08464076273808444,0.286394834032893,0.6289644032290227
Bonnie KILLED it!,neither,0.03722079181192037,0.33114391851657204,0.6316352896715075
12/10 would let Gina glitter my face,neither,0.022216827491545743,0.4076571742373451,0.5701259982711091
Hey @DeLevely Glad you could make a little bit!,neither,0.05242374568932176,0.37250705562387454,0.5750691986868036
Hey @DeLevely,neither,0.03945320844208391,0.33037608806864915,0.630170703489267
I'd let Gina glitter me,neither,0.019821625557891926,0.4006264932183158,0.5795518812237922
your face painting was amazing gina,neither,0.06434179490492328,0.3250966814739577,0.6105615236211192
Damn I still need to watch sams one shot!,offensive_language,0.055742479658190895,0.7645329979516062,0.17972452239020292
Stef was shook that whole episode,neither,0.036232194438772986,0.36590192299071106,0.597865882570516
"Lol, it was such a great episode of CR.",neither,0.03193326547778295,0.3480852108466133,0.6199815236756037
"""Glitter"", a parod of ""Fever""",neither,0.03945320844208391,0.33037608806864915,0.630170703489267
Don't blame all that on Sam :D,neither,0.034740515179425065,0.4482944380324372,0.5169650467881377
LUL PC STEF,neither,0.03945320844208391,0.33037608806864915,0.630170703489267
Hello pie,neither,0.03945320844208391,0.33037608806864915,0.630170703489267
Bonnie's singing voice is so lovely.,neither,0.046319136373977686,0.3660744288079659,0.5876064348180564
Massage Cantrip,neither,0.03945320844208391,0.33037608806864915,0.630170703489267
good early Morning from the future to all,neither,0.056280511034688965,0.21450275710491679,0.7292167318603943
Hi hi hi @Danoba and all my beloved crew! I hope you're all doing well today,neither,0.06585810272350295,0.3561472763604624,0.5779946209160347
Re Sub HYPE!!!,neither,0.05796738926929811,0.3016950255183242,0.6403375852123776
I strongly favor episodes that aren't annoyingly kid friendly. :D,neither,0.03665287863346781,0.3622848455023898,0.6010622758641424
"It's got fairy tale characters in it, so it must be kid-appropriate, right?",neither,0.04108672180821265,0.3047715082914548,0.6541417699003326
hey all!,neither,0.04285346742239823,0.46255625023407465,0.49459028234352725
"Help G&S make great content! $4.99/month gets you emotes, Minecraft server access, Sub Only Q&As, VODs, and more! Every sub keeps the channel alive! twitch.tv/geekandsundry/subscribe",neither,0.043092924924402844,0.32365565443818894,0.6332514206374082
Amy Vorphal was so amazing in Critical Role. I'll never be able to look at the Queen of Hearts the same way again.,neither,0.03972270157150318,0.37944079940627673,0.58083649902222
So was CR a repeat of the A2M gather your party?,neither,0.05689731900967248,0.34385696508531216,0.5992457159050154
Hello all,neither,0.04217753453783664,0.43734383323855475,0.5204786322236087
"@DeLevely Doing well, thanks, how are you?",neither,0.0874351911190814,0.3038238581281605,0.6087409507527582
a super normal episode nothing weird at all,neither,0.03817012955080277,0.4262263189299899,0.5356035515192072
"""Winning with math"" I had never thought of RPGs that way AND I LOVE IT",neither,0.028345809145455605,0.32697961656867663,0.6446745742858677
bonnie singing is amazing. girl has pipes!,neither,0.04045982542407517,0.3674943172913208,0.592045857284604
"You did really good on Critical Role, Stef!",neither,0.04878780763415627,0.3783053546834906,0.5729068376823532
The one shot was cool. Good casting choices all around,neither,0.038736379960713524,0.3926073293492092,0.5686562906900772
"Stef, was that your very first rpg experience, really?",neither,0.0515984403723551,0.3629777062427124,0.5854238533849325
Sam's Oneshot: https://www.twitch.tv/videos/201956728,neither,0.03945320844208391,0.33037608806864915,0.630170703489267
"@Danoba doing well, thank you! looking forward to heading down and saying hi",neither,0.04574005663282163,0.33419087543575776,0.6200690679314207
@DeLevely Yaaay!,neither,0.03945320844208391,0.33037608806864915,0.630170703489267
"@Jzalias No, just first D&D.",neither,0.023388388363168318,0.38633234519205534,0.5902792664447764
Re Sub HYPE!!!,neither,0.05796738926929811,0.3016950255183242,0.6403375852123776
@stargazer1977 she loved her tiny men,offensive_language,0.03308115959267878,0.5919136265015068,0.3750052139058145
I believe Jeff Goldblum would have given it 10 out of 10 Goldblum's for glitter fabulousness,neither,0.033024857772067255,0.3252370905204876,0.6417380517074452
"This is CR, we kill the children and the old people",neither,0.30456425278606974,0.17730787478617663,0.5181278724277536
Stef stole from the Scarecow's stomach.,neither,0.039577767179503384,0.2976375369502301,0.6627846958702666
"Gina's right, it's important to clarify these things when both D&D, or Stef is involved",neither,0.045665851140910284,0.4188137314091267,0.535520417449963
@Zismarith Thanks,neither,0.035884468650613,0.3004919205142699,0.6636236108351171
And I loved her for it.,neither,0.022493775415557044,0.4693324429739527,0.5081737816104902
Tinym'n!,neither,0.03945320844208391,0.33037608806864915,0.630170703489267
Its not a critrole episode unless a child is killed,neither,0.03930215301240147,0.33371411750645696,0.6269837294811417
Bonnie's chest.,neither,0.03945320844208391,0.33037608806864915,0.630170703489267
"""I had a large canvas"" diplomatic af",neither,0.03945320844208391,0.33037608806864915,0.630170703489267
@DeLevely lol,neither,0.020706217963973744,0.4882283491876925,0.4910654328483337
LOL,neither,0.020706217963973744,0.4882283491876925,0.4910654328483337
Someone's very giggly today XD,neither,0.03784952821164343,0.30561829639174376,0.6565321753966127
Ooooo I spy a @delevely eogCard,neither,0.03945320844208391,0.33037608806864915,0.630170703489267
For more on that: https://www.twitch.tv/videos/201956728,neither,0.033211824288613634,0.33874909299828193,0.6280390827131045
"That's because Stef's a robot, Amy. You should know that by now. :D",offensive_language,0.054156057288795516,0.4830913352301018,0.4627526074811027
LUL that stomach theft was the best part,neither,0.03601284684603077,0.34256538671864556,0.6214217664353237
It was hilarious,neither,0.037536258141241514,0.33355744020713834,0.6289063016516201
"MnC has the very best ""What I've done this week"" report EVER! <3",neither,0.025848350660271826,0.30763965142068683,0.6665119979190413
It was amazing,neither,0.0374870097033751,0.3336407468967547,0.6288722433998702
Stef did a reverse chestburster on a poor scarecrow :D,neither,0.03700510211309574,0.34209173152554295,0.6209031663613612
"Stef's brain: ""And this is when I sound like a lunatic.""",neither,0.0452882171107881,0.35051914067987777,0.604192642209334
"He did offer that she go through the other orifice, then she shocked him, so they thought. Normal DnD.",neither,0.04313234305788307,0.3981657805916659,0.558701876350451
Amy had an awesome Undertale stream yesterday!!!,neither,0.03966213378991363,0.32683007966426986,0.6335077865458164
And also Gather Your Glitter: https://www.twitch.tv/videos/202249564,neither,0.05264690810941734,0.3063809038352799,0.6409721880553028
UNDERTALLEEEEEEEE,neither,0.03945320844208391,0.33037608806864915,0.630170703489267
"Amy had some TERRIFIC Undertale streams, y'all. GO check it out on VOD",neither,0.030732569494655877,0.40946473747240425,0.55980269303294
Undertale !!!,neither,0.03945320844208391,0.33037608806864915,0.630170703489267
so they fought*,neither,0.03940883510380527,0.38456369865290185,0.5760274662432929
undertale!!!,neither,0.03945320844208391,0.33037608806864915,0.630170703489267
You should see the drawing someone made of Stef as Goldilocks.,neither,0.06197608784002008,0.4151375030363401,0.5228864091236398
I'm so loving the Undertale run!,neither,0.038386416845891023,0.35924367652619227,0.6023699066279168
WITNESS,neither,0.03945320844208391,0.33037608806864915,0.630170703489267
There was so much *cries*,neither,0.035616443890684885,0.33381757991189487,0.6305659761974203
!caster enthusiamy,neither,0.03945320844208391,0.33037608806864915,0.630170703489267
You should give enthusiamy a follow! Check them out here: twitch.tv/enthusiamy !,neither,0.11039897335229146,0.3617950278714044,0.5278059987763041
yay Amy!,neither,0.03945320844208391,0.33037608806864915,0.630170703489267
I CAN ATTEST FOR AMY! IT WAS GLORIOUS!,neither,0.0339336894098215,0.3055607410455135,0.660505569544665
"been fun, Amy!",neither,0.03914278658164447,0.3356447571768056,0.62521245624155
o/,neither,0.03945320844208391,0.33037608806864915,0.630170703489267
It's not that long a story. https://clips.twitch.tv/ColdTardyOrcaEagleEye,neither,0.035368209520630876,0.3580139480476157,0.6066178424317534
#UndyneIsMyBondmate,neither,0.03945320844208391,0.33037608806864915,0.630170703489267
"Yeah, Amy doing Papyrus and Undyne voices is the best thing in the world.",neither,0.03152744425367182,0.35130737523807454,0.6171651805082538
Undertale is the ideal Amy game,neither,0.04641141294854969,0.2710315296694957,0.6825570573819547
Woooo!! Yea!,neither,0.03908133164861177,0.3366878077749653,0.624230860576423
i follow.,neither,0.03945320844208391,0.33037608806864915,0.630170703489267
"undertale is rivetting, hot dayum. i'm just catching up on amy's undertale streaming, yowza, what a game!",neither,0.04034157810669544,0.3480356412064033,0.6116227806869013
http://www.twitch.tv/enthusiamy,neither,0.03689553818812468,0.2471617708767092,0.7159426909351662
true watching amy undertale is gandsNatTwenty,neither,0.046778795234541544,0.32785648285152674,0.6253647219139318
Procrastination ftw Amy!,neither,0.03945320844208391,0.33037608806864915,0.630170703489267
and stef with ticket to ride this week too,neither,0.03439556277343073,0.32959363471716524,0.636010802509404
Undyne and Alphys 5evr,neither,0.03763944115734239,0.1918412352459551,0.7705193235967025
"Yes, tune in tomorrow for maybe the end. :)",neither,0.03471144238133582,0.2989838127563325,0.6663047448623316
last week*,neither,0.03945320844208391,0.33037608806864915,0.630170703489267
cool role it!,neither,0.037911568735879225,0.33090632865643055,0.6311821026076903
@missris911 Oh yeah! Loads of fun lol,neither,0.02471406369962691,0.42385661064956226,0.5514293256508108
*and the crowd goes wild ahhhhhh*,neither,0.03808458093639705,0.2823518541482824,0.6795635649153206
Oh hi!,neither,0.04645180976672622,0.26453612080258093,0.689012069430693
OMG ... drum roll...,neither,0.03945320844208391,0.33037608806864915,0.630170703489267
hype intensifies,neither,0.03945320844208391,0.33037608806864915,0.630170703489267
@DeLevely Hope you are well,neither,0.2432044136871111,0.16188271922369527,0.5949128670891937
"I am, thank you @Jzalias ! You?",offensive_language,0.09594908353218203,0.4821901722470183,0.42186074422079967
wtf this witch squad do?,offensive_language,0.0428186946390827,0.5261701844843938,0.43101112087652366
Hey Albatross!,neither,0.03945320844208391,0.33037608806864915,0.630170703489267
can we picture in picture the pie with video ?,neither,0.03492119762146911,0.2830704643615599,0.6820083380169708
"Making a Macaron is not the easiest thing in the world, I know from experience. :)",neither,0.043619005646556075,0.29231494660264473,0.6640660477507991
oh yay,neither,0.045695983327835026,0.2713197213800484,0.6829842952921167
I am 1000% in love with this already,neither,0.02753104790600445,0.38828844026357434,0.5841805118304211
stefMacaron stefMacaron stefMacaron stefMacaron,neither,0.03945320844208391,0.33037608806864915,0.630170703489267
dramatic af,neither,0.03945320844208391,0.33037608806864915,0.630170703489267
are the macarons gonna get murdered,neither,0.06356913382815188,0.3231201652771785,0.6133107008946695
At least you gave it a shot @stargazer1977,neither,0.05257231991095432,0.4003886854895535,0.5470389945994922
This is so dumb and i love it,neither,0.042135418146392455,0.3480384012087379,0.6098261806448696
stefMacaron stefMacaron stefMacaron stefMacaron stefMacaron stefMacaron,neither,0.03945320844208391,0.33037608806864915,0.630170703489267
indeed,neither,0.03945320844208391,0.33037608806864915,0.630170703489267
"Nope, there are stuffed animals, make that 10000%",neither,0.05372010869393219,0.2970281566412812,0.6492517346647866
@DeLevely. Great! Glad to be in chat,neither,0.0439280443609816,0.3073428465834439,0.6487291090555746
stefMacaron stefMacaron stefMacaron stefMacaron stefMacaron stefMacaron,neither,0.03945320844208391,0.33037608806864915,0.630170703489267
They.... Have... PLUSHIES!,neither,0.038303808148149786,0.3498844107524445,0.6118117810994058
God I love Macarons....,neither,0.03488328124363198,0.3520043994316186,0.6131123193247495
I'm loving this,neither,0.039326137841564766,0.33253280778730016,0.628141054371135
"@SprinklesTheDragonCat oh, I can make great ones now, it just required a lot of practice and the ability to adjust for elevation and moisture in the air. :)",neither,0.03720479738953573,0.2451076113088057,0.7176875913016586
hello everyone <3,neither,0.03269494828970791,0.4450814005079928,0.5222236512022994
Gina is excited! <3,neither,0.051914894884597704,0.32608994266292834,0.621995162452474
Never had a Macaron,neither,0.03295150684007505,0.3973874221664789,0.5696610709934462
"Like that Netflix doc, I got it. :D",neither,0.04222072656483986,0.42028060132585965,0.5374986721093006
I like these people.,offensive_language,0.2191680067845776,0.48908541746471473,0.29174657575070767
DETERMINATION,neither,0.03945320844208391,0.33037608806864915,0.630170703489267
Amy has DETERMINATION!,neither,0.039907371817731706,0.3226677503119453,0.6374248778703231
<3 <3 <3,neither,0.03945320844208391,0.33037608806864915,0.630170703489267
so good,neither,0.03814044697628118,0.4245687317089837,0.5372908213147352
Determination?,neither,0.03945320844208391,0.33037608806864915,0.630170703489267
LUL,neither,0.03945320844208391,0.33037608806864915,0.630170703489267
Hi @Leigh574,neither,0.03945320844208391,0.33037608806864915,0.630170703489267
@stargazer1977 nice,neither,0.03945320844208391,0.33037608806864915,0.630170703489267
"""Everything here is adorable"" -Amy, the literally most adorable",neither,0.06638024721917335,0.30074216293063183,0.6328775898501947
@Jzalias They;re amazing.,neither,0.06360083639370952,0.29433857517467565,0.6420605884316148
ha ha this is great,neither,0.04385710100118649,0.3102682837812479,0.6458746152175656
@chaoticloony hey :),neither,0.03945320844208391,0.33037608806864915,0.630170703489267
censored picture?,neither,0.03945320844208391,0.33037608806864915,0.630170703489267
"Maybe slightly less determination now, all things considered...?",neither,0.04060126920617879,0.3775202377082671,0.5818784930855541
DETERMINATION!,neither,0.03945320844208391,0.33037608806864915,0.630170703489267
macarons are overrated though,neither,0.0681403436654729,0.2814608890393274,0.6503987672951997
@Shadowstorm_ Undertaile reference,neither,0.03945320844208391,0.33037608806864915,0.630170703489267
lol,neither,0.020706217963973744,0.4882283491876925,0.4910654328483337
Macarons are underrated.,neither,0.07049609250566351,0.2782067879527085,0.651297119541628
Gina has all the excitement,neither,0.04062774954433564,0.3784363974915761,0.5809358529640882
lol Gina's eyes,neither,0.030492859955887783,0.3701667750004477,0.5993403650436645
I am loving this already!,neither,0.03812224637349259,0.3498178805459867,0.6120598730805207
Are macarons sweet or savory? Or both?,neither,0.06269218585179816,0.2893312372497547,0.6479765768984472
Poor blurred-out-face guy,neither,0.034647233816797164,0.3549805477225005,0.6103722184607023
Sweet,neither,0.03945320844208391,0.33037608806864915,0.630170703489267
gandsLessthanthree,neither,0.03945320844208391,0.33037608806864915,0.630170703489267
I need like 900 hours of this,neither,0.051844687888308275,0.34855897530132873,0.599596336810363
Amy's face is always all of us always?,neither,0.07240806662168642,0.4490811460955532,0.4785107872827602
@Jzalias Lol i know the question mark was accidental haha,neither,0.029998291306108413,0.41354730081628566,0.5564544078776059
Back room? Don't you mean Macron?,neither,0.05880484194069224,0.3843706988190701,0.5568244592402376
nitro? does drinking that turn you into a bomb? is gina going to explode,neither,0.04290108447746522,0.45944936397672453,0.49764955154581025
and @stargazer1977 you're a blashphemer! :p,neither,0.16042436876699653,0.2571226953801688,0.5824529358528348
Amy is also excited! I am pleased by all the excitement,neither,0.04513263663573048,0.3861070035699643,0.5687603597943052
Terrible...ha ha,neither,0.03945320844208391,0.33037608806864915,0.630170703489267
did you see Stef's face in response to that cat plushie,neither,0.05485045104886753,0.39728517646516753,0.547864372485965
LOL,neither,0.020706217963973744,0.4882283491876925,0.4910654328483337
"They are sweet, but come in hundreds of different flavors. Some can be a bit salty, if you choose to flavor them that way. But they aren't really savory. Just not overly sweet.",neither,0.04206626789389038,0.3928073510046164,0.5651263811014933
this should be a weekly series,neither,0.05544015675774197,0.3828649065946226,0.5616949366476354
This place is so cute???!!!!,neither,0.05631517319223611,0.2826074455806839,0.66107738122708
oh my god look at those!,neither,0.05681583424334765,0.3182265869068704,0.624957578849782
"Well, however it's spelled. I don't like sweets or salty",neither,0.04472701918089365,0.34010194263227606,0.6151710381868302
@JeffM0307 the blurred out guy was probably once Stef's boyfriend. I don't feel bad for him at all,neither,0.029840725160442755,0.3876762535553647,0.5824830212841924
Stef really nailing documentary style for her debut—props!,neither,0.02926476620013376,0.4488493098928909,0.5218859239069754
we need square Minecraft Macarons!,neither,0.039074867504885036,0.33164051632171665,0.6292846161733983
This is really good,neither,0.05083466203218554,0.32874839026279884,0.6204169477050155
@davidflegel Neither do I,neither,0.041377832499145825,0.32971412160062974,0.6289080459002243
cubed macrons,neither,0.03945320844208391,0.33037608806864915,0.630170703489267
What's the craft tonight,neither,0.04314741241580364,0.2756748706881851,0.6811777168960114
@davidflegel he's probably in Seattle now tho,neither,0.03935920841108351,0.3535388199454916,0.6071019716434249
chemistry + art should be right in the G&S wheelhouse,neither,0.04776301669121419,0.36227247678662605,0.5899645065221597
I really wish I had decided to order macarons for today.,neither,0.03862067087076451,0.29182349105806843,0.6695558380711671
Imagine if this was a horror movie,neither,0.027240568201072388,0.34554863785836154,0.6272107939405662
@Critternation3000 It would be worth it,neither,0.03628876755076678,0.3295746421216999,0.6341365903275334
"@Danoba +1, ngl",neither,0.03945320844208391,0.33037608806864915,0.630170703489267
You need really fine almond flower for them.,neither,0.05524684831609325,0.3299409932553212,0.6148121584285856
Not just regular store bought.,neither,0.05535868120386034,0.3446804696907359,0.5999608491054037
Ive never actually eaten macarons,neither,0.036147039712011005,0.36393217767570873,0.5999207826122803
many people added art to STEM to make STEAM,neither,0.06989992906165907,0.3225667225813031,0.6075333483570378
I don't understand. That's not a crafting bench.,neither,0.03481451883518867,0.37293720554230886,0.5922482756225026
me neither,neither,0.029745916725130588,0.38422124305356675,0.5860328402213026
"i have cinnamon pumpkin macarons, but i'd have to walk to the kitchen to get them",neither,0.056857674527493164,0.32990987344869843,0.6132324520238085
https://www.popsugar.com/food/Macarons-vs-Macaroons-8038818,neither,0.03945320844208391,0.33037608806864915,0.630170703489267
"I think the last time I had them was with Jody at SDCC, which I guess is also macaron+nerdiness?",neither,0.042575173993559805,0.3611490834678395,0.5962757425386006
I had one really nasty experience with one and havent had any sense,neither,0.032241811231399804,0.36137489982519977,0.6063832889434004
can i lick the bowl?,neither,0.03883303479327177,0.30959897981977297,0.6515679853869552
"This is going to go all Sweeney Todd at the end, right?",neither,0.04950573019081512,0.41879678518309155,0.5316974846260932
Don't forget to visit Star Trek Online and support Shield of Tomorrow! www.StarTrekOnline.com/ShieldofTomorrow,neither,0.05687602105656693,0.30425729811326435,0.6388666808301687
"kind of reminds me of watching ""How It's Made"" but with more dramatic music",neither,0.028286940637357205,0.3729947818304163,0.5987182775322266
The music in this is hilarious.,neither,0.04664283021715742,0.31310131371678424,0.6402558560660584
"""Then we cook it in a stone furnace with a lump of coal for 3 seconds.""",neither,0.028741015958799944,0.3357698439535939,0.6354891400876062
