text,top_class,hate_speech,offensive_language,neither
"Not too much longer, it's the next super hero movie up for either of the big 2.",neither,0.0240240656492227,0.34873213306406103,0.6272438012867163
Hi Trisha and Erika!,neither,0.038358606956405694,0.2721397086643902,0.6895016843792041
jcvimHi trisha jcvimHi erika,neither,0.03945320844208391,0.33037608806864915,0.630170703489267
hi Erika hi Trisha :D,neither,0.03945320844208391,0.33037608806864915,0.630170703489267
"it's the most technologically advanced city in the MCU, so I'd hope he'd say more",neither,0.06699666684228549,0.25205931500253215,0.6809440181551825
gandsSubHype,neither,0.03945320844208391,0.33037608806864915,0.630170703489267
gandsSubHype gandsSubHype gandsSubHype gandsSubHype gandsSubHype,neither,0.03945320844208391,0.33037608806864915,0.630170703489267
tinytatoHugs tinytatoHugs tinytatoHugs,neither,0.03945320844208391,0.33037608806864915,0.630170703489267
"Can that be a GnS giveaway, a great big Erika hug",neither,0.022688725658380638,0.3953598985075507,0.5819513758340686
I do wish life was like that indeed.,neither,0.04261137352503444,0.42688146366958984,0.5305071628053756
im thankfull for trisha being back from phily,neither,0.028238819182864732,0.3431413247079613,0.6286198561091739
hiii Erika and Trish <3,neither,0.03763944115734239,0.1918412352459551,0.7705193235967025
he's Wolverine of motion capture,neither,0.04311304756352596,0.3291173015706571,0.6277696508658168
He's the best at what he does. And what he does is pretty sweeeeeeet.,neither,0.03885385775900712,0.43498547530590015,0.5261606669350928
you didn't call him your precious,neither,0.06458983642148992,0.41093509660589256,0.5244750669726175
Andy Serkis was simply amazing and I'm amazed I didn't turn into a puddle when we met him,neither,0.02791886102559431,0.35720506507555483,0.6148760738988509
@bloody_albatross except what andy does is very nice :P,neither,0.03705657184250554,0.41869707247773236,0.5442463556797621
truw,neither,0.03945320844208391,0.33037608806864915,0.630170703489267
true,neither,0.03945320844208391,0.33037608806864915,0.630170703489267
@chix_with_joystix hrpgHeyo,neither,0.03945320844208391,0.33037608806864915,0.630170703489267
I love that Trish loves Tolkien. <3,neither,0.03115979914916524,0.4009463800483838,0.567893820802451
Hey Critter,neither,0.03945320844208391,0.33037608806864915,0.630170703489267
"I wouldn't blame you if you did, Liz. @Chix_with_Joystix",offensive_language,0.04845819009968315,0.4903973080443896,0.46114450185592726
"I""m already looking into Magus",neither,0.03818717265974597,0.35186401938502604,0.6099488079552281
cmonBruh,neither,0.03945320844208391,0.33037608806864915,0.630170703489267
gandsGandsModAlert,neither,0.03945320844208391,0.33037608806864915,0.630170703489267
cmonBruh,neither,0.03945320844208391,0.33037608806864915,0.630170703489267
gandsGandsModAlert gandsGandsModAlert,neither,0.03945320844208391,0.33037608806864915,0.630170703489267
Beaned,neither,0.03945320844208391,0.33037608806864915,0.630170703489267
don't tell people Animal Crossing is out until the end of the show... now half the people are leaving to play it!,neither,0.10341863959444215,0.25108479493692526,0.6454965654686324
Where the sword. Shwing,neither,0.040434215895997855,0.2789908963312051,0.6805748877727972
"she was friends with everybody in Animal Crossing, but nobody in the dorm. :(",neither,0.02706073928797789,0.4850668215092247,0.4878724392027975
i have like a years worth of crit role to watch almost...fuuuuuuu,neither,0.057075444787801,0.3430403307650386,0.5998842244471604
@ghost_of_dividion there's always the podcast,neither,0.03566773204468557,0.3255601530333986,0.6387721149219159
"@Ghost_of_Dividion if you are watching on the youtube channel, don't forget you can watch at 1.5x speed or faster",neither,0.058271029048005164,0.39249486417570933,0.5492341067762855
VC is one of my favorite games,neither,0.0339254401939113,0.44399685267033234,0.5220777071357563
"Federation vs Imperial forces, so Star Trek meets Star Wars lol",neither,0.03596601028792321,0.37398412849090884,0.5900498612211681
"I love SRPGS! I'm just really, really awful at them.",neither,0.04274465501157891,0.3696398462659487,0.5876154987224724
what are they playing as on crit role this week?,neither,0.059140444998859364,0.32996597116493565,0.6108935838362051
what game was that? it looked like valkyria chronicles,neither,0.04908792559580978,0.34188657729890864,0.6090254971052815
Who needed sleep anyhow?,neither,0.039944055074911736,0.3824222341892595,0.5776337107358287
"I'm with Trish, I love turn based SRPGs. I'm good at them, but that's not why I love them. The Tactics Ogre and Final Fantasy Tactics series are my favorites, but Disgaea is up there as well.",neither,0.035710771376647285,0.40030901140144287,0.5639802172219098
can you date the tanks?,neither,0.054758677620872255,0.35234713095053793,0.5928941914285898
It's Valkyria Chronicles 4.,neither,0.034373745257138544,0.33212314837979673,0.6335031063630647
@BillyKidd007 they are probably playing as Thanksgiving revelers as there will be no Crit Role this week,neither,0.04975147408211542,0.3279423537710012,0.6223061721468833
Its a really hard game. I love them,offensive_language,0.03290328134298682,0.5043805480386012,0.4627161706184119
"but aren't they in hollywood, where everybody hates thanksgiving and wants it to be indigenous peoples day?",neither,0.04124118465531247,0.29048007300363354,0.6682787423410539
Oh my gawd it's Trisha Hersberger,neither,0.03127129740594211,0.3688819927066804,0.5998467098873775
cmonBruh cmonBruh,neither,0.03945320844208391,0.33037608806864915,0.630170703489267
"They are still going to spend time with their family, whether you celebrate Thanksgiving or not.",neither,0.054483173586614385,0.38343326447037235,0.5620835619430132
Think X-Com's revival has helped with this?,neither,0.031125833812155626,0.3492934892247841,0.6195806769630604
edelweiss is super hot,neither,0.04966835507929753,0.32686263071840743,0.6234690142022951
Turn based rpgs will always be the best.,neither,0.03826158370571894,0.3375986887699367,0.6241397275243443
M&B banner lord has to be good or i'm fucking ending it,offensive_language,0.10908440733961158,0.8661975399969623,0.02471805266342618
"Oh man, I loved Mount & Blade but I was so, so, so, sooooo awful at the combat",neither,0.03940216106793533,0.4127429906643302,0.5478548482677346
"X-Com is not that similar, and they are Japanese developers, I seriously doubt it moved the needle on the decision at all.",neither,0.047838742376955505,0.34279665329617853,0.6093646043268658
@Compel_Bast Always been a big fan of the series as well. Interesting to see where it goes.,neither,0.030914680747661502,0.38878864409084674,0.5802966751614917
thats bullcrap,neither,0.03945320844208391,0.33037608806864915,0.630170703489267
sometimes you just wanna play a beat em up,neither,0.04598128663413761,0.4388618502448254,0.5151568631210369
