text,top_class,hate_speech,offensive_language,neither
!whodat,neither,0.03945320844208391,0.33037608806864915,0.630170703489267
"GM Chris Lockey ( twitter.com/ChrisLockey ), with Eric Campbell ( twitter.com/16BitEric ), Blythe Kala ( twitter.com/BlytheKala93 ), Kelly Lynne ( twitter.com/kahlanrock ), Rachel Seeley ( twitter.com/sunnyseeley ), Geoff AKA Beefachu ( twitter.com/GeoffMetalNinja ).",neither,0.03644309597288412,0.4716885444509258,0.49186835957619013
"Numenera's a super-easy thing to run, as a GM. :D",neither,0.04266061540391204,0.35201055294978545,0.6053288316463025
@cinphoria BUT.... BUT... I can't hear the sign... *sniff*,neither,0.03424179522118516,0.3291556964709738,0.636602508307841
THE INTERNET HEARS YOU,neither,0.05394915716016182,0.35624462088708286,0.5898062219527553
"@BladeEdge93 @Miltonite It's a d20 based system, which only uses d20 within the game. It's roll above, where the GM sets a target number, and the player can spend points to decrease by increments of 3.",neither,0.038328141659750285,0.3211080141831406,0.6405638441571091
GMs don't roll dice!,neither,0.03945320844208391,0.33037608806864915,0.630170703489267
:D,neither,0.03945320844208391,0.33037608806864915,0.630170703489267
DM's Mic is low,neither,0.04679524191823268,0.3278508260828328,0.6253539319989346
audio,neither,0.03945320844208391,0.33037608806864915,0.630170703489267
Working on audio.,neither,0.03676907024237087,0.3432501600139137,0.6199807697437155
turn his mic on,neither,0.06276170019060436,0.3463806939544634,0.5908576058549323
we are on the internet,neither,0.06455044260466253,0.27765074222486363,0.6577988151704739
so I haven't missed it?,neither,0.03795089880776745,0.37788551403578635,0.5841635871564461
@Danoba <3,neither,0.03945320844208391,0.33037608806864915,0.630170703489267
#WeKnow.,neither,0.03945320844208391,0.33037608806864915,0.630170703489267
His mic isnt on,neither,0.05973254076645628,0.34479291953705116,0.5954745396964927
can't hear him,neither,0.039631518122310354,0.32734970744402286,0.6330187744336667
our sound guy is playing the game hehehe,neither,0.043528383628665186,0.2949610015390792,0.6615106148322556
love this system!,neither,0.03586107562181826,0.3486388744014487,0.615500049976733
this is what happens when the DM is the sound guy :D,neither,0.06220733885880145,0.33546145066870586,0.6023312104724927
*waves* Hi Chris!,neither,0.03945320844208391,0.33037608806864915,0.630170703489267
no talks today?,neither,0.036943921725598114,0.3212656396843895,0.6417904385900124
We're on it.,neither,0.060826630316669475,0.31127859060277235,0.6278947790805581
"I approve of the Mastodon shirt, though. <3",neither,0.03868248400403307,0.31632711062394053,0.6449904053720266
gandsPitCrew,neither,0.03945320844208391,0.33037608806864915,0.630170703489267
See that cypher chest and other books in the corner,neither,0.036262193056625744,0.3218083535540493,0.6419294533893248
#WeKnow,neither,0.03945320844208391,0.33037608806864915,0.630170703489267
My favorite band.,neither,0.027543273702431006,0.4238533417404923,0.5486033845570766
Hey now this isn't Talks Machina ;),neither,0.03936713716542294,0.33183694226171817,0.6287959205728589
Remember #WeKnow,neither,0.03945320844208391,0.33037608806864915,0.630170703489267
this system looks so fun!,neither,0.0393216916305698,0.3738818966334189,0.5867964117360113
gandsSubHype gandsSubHype gandsSubHype gandsSubHype gandsSubHype gandsSubHype gandsSubHype gandsSubHype gandsSubHype gandsSubHype gandsSubHype gandsSubHype gandsSubHype gandsSubHype gandsSubHype,neither,0.03945320844208391,0.33037608806864915,0.630170703489267
gandsGnSLadders gandsGnSLadders,neither,0.03945320844208391,0.33037608806864915,0.630170703489267
lol he's gonna have to do this all over again xD,offensive_language,0.03923701987355326,0.5120500306085006,0.4487129495179461
Numenera RPG Game https://www.montecookgames.com/store/product/numenera-print/,neither,0.053786437322729704,0.30108263439204896,0.6451309282852214
poor Chris,neither,0.03945320844208391,0.33037608806864915,0.630170703489267
Tonight in place of Talks Machina and AXYB a special #Numenera one-shot,neither,0.06098568361062526,0.2607320384039507,0.678282277985424
Cant hear anything,neither,0.03945320844208391,0.33037608806864915,0.630170703489267
HIS MIC IS OFF,neither,0.08399656115744504,0.3269322215195744,0.5890712173229806
Voice is a bit low,neither,0.04740683924828698,0.327640469715863,0.62495269103585
Can’t hear Chris,neither,0.0397680869318362,0.3250317783301779,0.6352001347379859
#TheyKnow,neither,0.03945320844208391,0.33037608806864915,0.630170703489267
#WeKnow,neither,0.03945320844208391,0.33037608806864915,0.630170703489267
#WeKnow,neither,0.03945320844208391,0.33037608806864915,0.630170703489267
#theyknow,neither,0.03945320844208391,0.33037608806864915,0.630170703489267
gandsPitCrew gandsPitCrew #TheyKnow,neither,0.03945320844208391,0.33037608806864915,0.630170703489267
One of my players in Numenera turned the tide of a fight with a shoulder-mounted tornado launcher. It was splendid.,neither,0.027985829365064156,0.39530072211778094,0.576713448517155
"#WeKnow, we're working on it.",neither,0.04983090518869611,0.32048426203879704,0.6296848327725069
hwhats that? ya say ya whisperwhisperwhisper?,offensive_language,0.017625340565946186,0.7537703499437017,0.22860430949035201
we're on it.,neither,0.060826630316669475,0.31127859060277235,0.6278947790805581
turn Chris on please,neither,0.03655946320800444,0.344283266322653,0.6191572704693425
"""I am a technocrat Jack who.... CoolStoryBob""",neither,0.03997076258064174,0.4063159496465172,0.5537132877728411
#EveryoneButChrisKnows,neither,0.03945320844208391,0.33037608806864915,0.630170703489267
He looks so into it already.,neither,0.04210297151728199,0.391743367595454,0.5661536608872639
omg the # spam,neither,0.03848893960259034,0.31270342025256287,0.6488076401448469
Syrinscape https://syrinscape.com/,neither,0.03945320844208391,0.33037608806864915,0.630170703489267
oooh it's starting...,neither,0.03813282146202229,0.3308302296982329,0.6310369488397448
The system is done in Mime,neither,0.04639051905175314,0.3237945512178384,0.6298149297304085
sacTA,neither,0.03945320844208391,0.33037608806864915,0.630170703489267
They said they are on it,neither,0.062356597013068754,0.29517693551848173,0.6424664674684496
just wait,neither,0.03231358217171386,0.3649524314916151,0.6027339863366711
LOL @BladeEdge93,neither,0.020706217963973744,0.4882283491876925,0.4910654328483337
"y'all need a big sign to put in front of the camera that says #WeKnow, i s2g",neither,0.03201259896906162,0.4062837786905934,0.5617036223403449
opposite of gandsGandsEars,neither,0.03945320844208391,0.33037608806864915,0.630170703489267
"Cyphers as he just mentioned are one of the simpler types of Numenera you can find, and are almost always one use.",neither,0.04669550713986666,0.36644935923336874,0.5868551336267646
@ProcyonProcyonProcyon Predator style?,neither,0.03945320844208391,0.33037608806864915,0.630170703489267
Woooo! Monte Cook Games love in the house,neither,0.036109993585052846,0.32758244606803355,0.6363075603469137
well tell him to stop talking while you are figuring shit out,offensive_language,0.08195115664616205,0.9076436905032105,0.010405152850627456
mastodon <3,neither,0.03945320844208391,0.33037608806864915,0.630170703489267
Monte Cook Games are here and we've got popcorn! <3,neither,0.05918940679528664,0.26920046741897086,0.6716101257857425
Kitty co-pilot is ready and watching besideme :D,neither,0.04474235537070185,0.29900307250254465,0.6562545721267535
please be patient folks,neither,0.03984391277921327,0.33364779588632226,0.6265082913344644
@John_Sparks_Jr Poor chris,neither,0.03945320844208391,0.33037608806864915,0.630170703489267
also what kind of hearing do you guys have? I can ear it and understand him too.,neither,0.05052805809894142,0.3355423317244357,0.6139296101766228
dm's mic is shit,offensive_language,0.05442033326329808,0.9436138085260972,0.001965858210604675
"Hey, Monte!",neither,0.03945320844208391,0.33037608806864915,0.630170703489267
Is this just replacing TM today or AXYB too?,neither,0.04021404310854305,0.33150490733198473,0.6282810495594722
Love your work!,neither,0.0862151720557387,0.3358418423559211,0.5779429855883402
YESSS sweet forehead gem <3,neither,0.03945320844208391,0.33037608806864915,0.630170703489267
it would be nice if someone told the cast though,neither,0.02628093272292339,0.35486366702424016,0.6188554002528365
More like a bazooka. It shot a beacon that summoned a tornado.,neither,0.045282109625939475,0.3729167235991142,0.5818011667749464
the 3rd eye,neither,0.04756833879359348,0.31054531821343473,0.6418863429929718
i dig this studio setup,neither,0.03938262829277379,0.33157401740195336,0.6290433543052728
"Nano = Numenera specialist, equivalent to a ""mage""",neither,0.04524033154421097,0.326980299221356,0.627779369234433
"@LordMuffincakes My hearing is mostly fine, it's my headphones that are shite ;)",neither,0.038457848186808544,0.4228005254933575,0.538741626319834
no talks?,neither,0.03831339492610202,0.3497216981110983,0.6119649069627997
I didn't hear a word Chris said. @BladeEdge93,neither,0.02735807679954527,0.367216541958844,0.6054253812416108
DM sound is low,neither,0.04744412481604601,0.32762764549935847,0.6249282296845955
dawwwww *petpet*,neither,0.03945320844208391,0.33037608806864915,0.630170703489267
(This is the Community Relations Coordinator Darcy Ross but Monte and the whole team are watching too!),neither,0.05233753727240489,0.27904156045156253,0.6686209022760327
but is the 3rd eye blind?,neither,0.049679661384321054,0.3204220811589047,0.6298982574567742
Tonight in place of Talks Machina and AXYB a special #Numenera one-shot,neither,0.06098568361062526,0.2607320384039507,0.678282277985424
It me!,neither,0.020928709296978248,0.4277646322666584,0.5513066584363633
Give us chris or give us death,neither,0.09607825566816706,0.31879822241285277,0.5851235219189801
Characters are super easy to build and can be super-varied.,neither,0.057277262491493626,0.2801217788983387,0.6626009586101675
<adjective> <noun> who <verb> is basically the character choices,neither,0.043746147633049605,0.3548866737815694,0.6013671785853809
"yes, it's you",neither,0.06865024816509797,0.42047047231813606,0.5108792795167659
A DRUNK LIBRARIAN XD,neither,0.03945320844208391,0.33037608806864915,0.630170703489267
Drunk Librarian! Delightful :D,neither,0.03945320844208391,0.33037608806864915,0.630170703489267
@MonteCookGames Cool!,neither,0.03945320844208391,0.33037608806864915,0.630170703489267
I've got two nanos that are \completely\ different from each other.,neither,0.03245575699023651,0.3265326855045143,0.6410115575052492
"Eric twitter.com/16BitEric , Blythe twitter.com/BlytheKala93 , Kelly twitter.com/kahlanrock , Rachel twitter.com/sunnyseeley , Geoff twitter.com/GeoffMetalNinja, GM Chris twitter.com/ChrisLockey",neither,0.03867259473024072,0.4682306824098659,0.4930967228598935
Roll for Dewy Decimal!,neither,0.031260903452697913,0.28954079456828563,0.6791983019790164
Jeff?,neither,0.03945320844208391,0.33037608806864915,0.630170703489267
Third eye blind...?,neither,0.04696075104812899,0.3277938999035405,0.6252453490483304
@ghosthack159 my cats are very excited running across my apartment,neither,0.03937347622586129,0.3114961068084116,0.6491304169657269
hahaha geoff!,neither,0.03945320844208391,0.33037608806864915,0.630170703489267
dawwwww bb,neither,0.03945320844208391,0.33037608806864915,0.630170703489267
Haka,neither,0.03945320844208391,0.33037608806864915,0.630170703489267
Geoff,neither,0.03945320844208391,0.33037608806864915,0.630170703489267
drunk librarians are the best librarians (speaking as a librarian),neither,0.058053712361676155,0.3001106903550573,0.6418355972832664
"The other classes are Glaive (Warrior) and Jack (Of All Trades, essentially a rogue)",neither,0.05208945294430906,0.3101785676253331,0.6377319794303579
your welcome,neither,0.09374897324423492,0.31518309416043,0.5910679325953352
Beefachu.,neither,0.03945320844208391,0.33037608806864915,0.630170703489267
so they basically called him Tiny :P,neither,0.03929726763491683,0.3695743838677051,0.591128348497378
DAWWWWWW BEEFACHU!,neither,0.03945320844208391,0.33037608806864915,0.630170703489267
so wuss poppin i just arrived wheres muh shows,neither,0.037001658169866274,0.3651805054594993,0.5978178363706345
"@John_Sparks_Jr I got that they were excited to play the game together, I think a brief explanation of the setting/game, and that they were using some extra expansion stuffs or something like that. THen I started laughing too hard to pay attention.",neither,0.03446935520633488,0.4207447186534991,0.5447859261401659
DAWWWWW RACHEL AND ERIC GET TO SIT TOGEEEETHER,neither,0.0435842266856122,0.303084295919956,0.6533314773944319
Glad to have you here @MonteCookGames -- WELCOME indeed :),neither,0.10740981002527103,0.3342281307148633,0.5583620592598657
bbchu @cinphoria heheh,neither,0.03945320844208391,0.33037608806864915,0.630170703489267
hey DM,neither,0.03945320844208391,0.33037608806864915,0.630170703489267
bbchu xD,neither,0.03945320844208391,0.33037608806864915,0.630170703489267
i'm so stoked to see eric on the other side of the table :),neither,0.03715619672917683,0.3645725171161579,0.5982712861546652
"also NO Talks Machina this week, as folks will have just returned from all the conventions this weekend and will be very tired. There will be a Numenera one shot RPG in it's place,",neither,0.03877533380359413,0.30733425486899535,0.6538904113274105
"In the extra books, there are Glints (Diplomats/bards/face characters), and Seekers (Ranger/scout types)",neither,0.0501940781557761,0.2606017957472953,0.6892041260969287
"Oh, really!?",neither,0.048280584962888,0.24847299132217243,0.7032464237149395
Monty Pythons,neither,0.03945320844208391,0.33037608806864915,0.630170703489267
Which bookse are those?,neither,0.1311745776117926,0.1841361241914301,0.6846892981967773
I️ love Eric so much...,neither,0.03284145953037864,0.391170853575479,0.5759876868941424
"@DaremoSabishii my living plush doll is laying beside me, cuddle up, staring at the laptop screen",neither,0.032081607649779326,0.4128767832061458,0.5550416091440751
books*,neither,0.03945320844208391,0.33037608806864915,0.630170703489267
LOL,neither,0.020706217963973744,0.4882283491876925,0.4910654328483337
OH geez they're a couple. Prepare for snippy mushyness,neither,0.05038018630788706,0.25659965838971155,0.6930201553024014
AAARGHHHHH,neither,0.03945320844208391,0.33037608806864915,0.630170703489267
"i picture ""trying to find numenera"" as them frantically searching for abandoned partially finished sudoku puzzles",neither,0.048884044796878794,0.2731531868635112,0.6779627683396099
Character Options 1 and 2 (New types in 2),neither,0.04138539011930935,0.2371755554365653,0.7214390544441254
Did Eric cut his hair?,neither,0.061609828633209344,0.33213913861627187,0.6062510327505188
"I don't have the book with the other classes, which one is it?",neither,0.03378724184633834,0.358184318296163,0.6080284398574985
no idea what he is saying at all.,neither,0.04850947186380178,0.42385704128438917,0.527633486851809
@animavisionary yissss,neither,0.03945320844208391,0.33037608806864915,0.630170703489267
Master no mic speaking,neither,0.038775001850273196,0.34188702390983894,0.6193379742398878
DMmic blows,neither,0.03945320844208391,0.33037608806864915,0.630170703489267
"Ah, I didn't know there was a second!",neither,0.027188305388312704,0.3323598148344779,0.6404518797772094
OMG THEY KINDA TURNED IT UP A TINY BIT,neither,0.03671146441290823,0.3664528270030325,0.5968357085840593
RIP,neither,0.03945320844208391,0.33037608806864915,0.630170703489267
Is he just really soft spoken compared to the players?,neither,0.048768410930094756,0.3278494621607392,0.623382126909166
his mic so low,neither,0.0659187719387629,0.3773323894426445,0.5567488386185926
"Thanks, Procyon!",neither,0.035884468650613,0.3004919205142699,0.6636236108351171
#WeKnow,neither,0.03945320844208391,0.33037608806864915,0.630170703489267
the mic is weak,neither,0.047000189287942064,0.3109443846761013,0.6420554260359568
Can't hear this dude.,neither,0.03966596973647099,0.32676497364016877,0.6335690566233603
I love how different the mic is between the DM and players,neither,0.040950371573556604,0.29365302908982566,0.6653965993366178
Mic is poor for the gm,neither,0.039944882863257175,0.2939684116002584,0.6660867055364845
We almost had a mic... oh? there we go,neither,0.04361656449122742,0.2714349341271471,0.6849485013816256
Getting better,neither,0.03340419742441114,0.43304359169933565,0.5335522108762533
"Hey, good work crew",neither,0.03883720091795005,0.33058796130359497,0.630574837778455
getting better,neither,0.03340419742441114,0.43304359169933565,0.5335522108762533
Escape From The Jade Colosuss module,neither,0.0395975487247086,0.2929303761973238,0.6674720750779677
PUT ALL THE MICROPHONES TO THE SAME VOLUME D:<,neither,0.0457494325930776,0.36278984487227806,0.5914607225346444
A Jade Titan,neither,0.03945320844208391,0.33037608806864915,0.630170703489267
3,neither,0.03945320844208391,0.33037608806864915,0.630170703489267
better,neither,0.03945320844208391,0.33037608806864915,0.630170703489267
@AuroraeEagle My pleasure. I love this game to death.,neither,0.03203230679289544,0.37263832597659396,0.5953293672305106
better,neither,0.03945320844208391,0.33037608806864915,0.630170703489267
yay!,neither,0.03945320844208391,0.33037608806864915,0.630170703489267
oh thank the Maker -- the GM mic is getting to the understandable! !! Huzzah !,neither,0.04722896328145432,0.3154761103186895,0.6372949263998562
#WeKnow,neither,0.03945320844208391,0.33037608806864915,0.630170703489267
Can someone tell him to lean into the mic a bit more?,neither,0.044404286282010076,0.3099841661363613,0.6456115475816285
Love you crew <3,neither,0.05719190876411342,0.4129730045235995,0.5298350867122871
I gotta say I'm so happy we get Eric RPing TWO DAYS IN A ROW?? <3,neither,0.03828192051726834,0.37714189647391294,0.5845761830088188
it'll make up for when eric sic'd a byakhee on rachel :D,neither,0.025103669434437325,0.3862964572832738,0.5885998732822889
Ha...they fixed it,neither,0.03805532649764004,0.3308568837700622,0.6310877897322977
audiooo,neither,0.03945320844208391,0.33037608806864915,0.630170703489267
That’s what they get for letting the sound guy play lol,neither,0.029716936428399038,0.3727743504446264,0.5975087131269744
ooh! I like his voice,neither,0.08366679512886344,0.3467017611331263,0.5696314437380104
get the mic right up in them moufs,neither,0.0471175726125926,0.3810668460145793,0.5718155813728281
"""Ballarat""? Is that right?",neither,0.04486771834225841,0.42669100936522475,0.5284412722925168
@cinphoria i'm with you on that one! :D,offensive_language,0.03174174613431218,0.5940985443058318,0.37415970955985606
"Alright so for Numenera, is the magic just technology?",neither,0.03640947747081102,0.3405274934994024,0.6230630290297865
Balarad,neither,0.03945320844208391,0.33037608806864915,0.630170703489267
@ThePseudodragon They better at least force him to be a meat shield and check for traps Kappa,neither,0.038833647628923794,0.3078764970310629,0.6532898553400133
Excited to see another system!,neither,0.09446348327338154,0.2598487564836222,0.6456877602429963
from the prior eight worlds..?,neither,0.03960106348276639,0.2921054363772407,0.6682935001399929
@avidwanderer_ Yes.,neither,0.03945320844208391,0.33037608806864915,0.630170703489267
Anyone else only able to hear onl 1of the people,neither,0.06715623055925396,0.31267549166311415,0.6201682777776318
"Basically yes, @avidwanderer_",neither,0.03945320844208391,0.33037608806864915,0.630170703489267
there's only ne person talking,neither,0.03938538713700062,0.2941217253038572,0.6664928875591422
The technology left over by ancient civilizations are so advanced as to seem like magic :-D,neither,0.05947568666187484,0.36925806782582593,0.5712662455122993
"@avidwanderer_ But the technology involved can do some very, very 'magical' things.",neither,0.034093349446827015,0.33136302115309174,0.6345436294000812
wouldn't know. im on my THIRD ad!,neither,0.028696917986747388,0.42808039492266814,0.5432226870905844
I like that the social media guy is so soft spoken. Like he would never use the cap lock. :D,neither,0.031130804719587166,0.43050281103199256,0.5383663842484202
"So, no TM this week?",neither,0.03856154715345687,0.3844214314197005,0.5770170214268427
Tonight in place of Talks Machina and AXYB a special #Numenera one-shot,neither,0.06098568361062526,0.2607320384039507,0.678282277985424
😳,neither,0.03945320844208391,0.33037608806864915,0.630170703489267
No TM this week.,neither,0.03859826213801962,0.3448867580806758,0.6165149797813047
It's like Clarke's Third Law of Sciene Fiction,neither,0.046131617982508685,0.3425756229913512,0.6112927590261401
Cheers,neither,0.03945320844208391,0.33037608806864915,0.630170703489267
Psh. Who is this @MonteCookGames person trying to hedge in on my explaining the game?! :P,neither,0.03793882465038257,0.3824665335337416,0.5795946418158758
Wooo! Monte Cook Games <3,neither,0.03945320844208391,0.33037608806864915,0.630170703489267
I still have a difficult time hearing GM.,neither,0.03770643319990811,0.3600234226484881,0.6022701441516037
oh hello there @MonteCookGames love the game! one of my favorite settings and systems!,neither,0.0307139589899469,0.2884732688662251,0.6808127721438281
"I want to play, but I have no one to play with :p",neither,0.03593687674828866,0.39649790639785326,0.5675652168538581
Numenera RPG Game https://www.montecookgames.com/store/product/numenera-print/,neither,0.053786437322729704,0.30108263439204896,0.6451309282852214
Woooo Shanna!,neither,0.03945320844208391,0.33037608806864915,0.630170703489267
Very cool with the approach to tech... is the tech welcome or shunned by cultures in the game?,neither,0.03925539399742163,0.32295792595417616,0.6377866800484021
@avidwanderer_ mostly welcomed,neither,0.03945320844208391,0.33037608806864915,0.630170703489267
@avidwanderer_ It's basically a part of everyday life,neither,0.035457497141321535,0.3800528151668318,0.5844896876918467
whoa monte cook's here :o,neither,0.08606234354457533,0.29300737567281093,0.6209302807826137
Ballarad I think :D,neither,0.04078787600207219,0.3077232963708793,0.6514888276270485
@avidwanderer_ Depends on who you talk to.,neither,0.03775435900541996,0.4736374292906207,0.48860821170395935
You almost can't go anywhere without finding Numanera,neither,0.053042558648571096,0.36536237714306163,0.5815950642083673
wow dif 5 right off the bat??,neither,0.038106183768242166,0.33190216344571005,0.6299916527860479
Okay... so not like Salem witch hunts @Robjamesmorgan @ShinsouBlue,neither,0.048284785096619605,0.39500209527158736,0.556713119631793
the people i know try to fudge rolls too often to trust them making DM type rolls lol,neither,0.060059278165651854,0.33466196150311317,0.6052787603312351
Yyeah so far only person ive heard was Exlock when she did her intro,offensive_language,0.029610979946092162,0.5627613853705726,0.4076276346833351
No,neither,0.036918905254960256,0.37338982715841207,0.5896912675866277
So nine worlds? The Earth is like a cat?,neither,0.052099796141368206,0.357614715007192,0.5902854888514398
It's basically everyday life,neither,0.03470733102289473,0.3895121073723326,0.5757805616047728
Youo can't slow down Indiana Jones!,neither,0.039671459496777764,0.32667179808062996,0.6336567424225922
I love hearing tabletop stat rolls when I know nothing about the setting..... it just sound like an explosion of jibberish,neither,0.03298523221056905,0.39784640558351186,0.569168362205919
"You wouldn't panic if you saw a street lamp on the road if there were street lamps everywhere, right?",neither,0.03280228231126902,0.39133043579106264,0.5758672818976682
seems so odd now-a-days seeing Kelly without her horns :),neither,0.03432718356654588,0.4734482229109832,0.4922245935224709
Don't forget to visit Star Trek Online and support Shield of Tomorrow! www.StarTrekOnline.com/ShieldofTomorrow,neither,0.05687602105656693,0.30425729811326435,0.6388666808301687
Very cool. Also love the artwork... for better or for worse often its the artwork that draws me into games,neither,0.027958860157671232,0.26919018602856604,0.7028509538137626
"...well, unless you never saw a street lamp, but that's beyond that point...",neither,0.038656797494204656,0.4290992656067071,0.5322439368990882
Persnickety perloining pilfering picks people’s pockets perrainally,neither,0.06688961141538353,0.32772790907610444,0.605382479508512
"Just because it's a planet, doesn't mean it's Earth.",neither,0.03423213323717772,0.346516472326008,0.6192513944368143
The art for the Numenera books is amazing.,neither,0.03942989381895778,0.28555494727247094,0.6750151589085713
@montecookgames hey! 👋,neither,0.03945320844208391,0.33037608806864915,0.630170703489267
AuroraeEagle -> Only those that we deem worthy shall possess the power of the Hyperlink [warning],neither,0.048140585852785724,0.2990817588418225,0.6527776553053918
the aliteration,neither,0.03613032604487659,0.2619290779399786,0.7019405960151449
"hey, these are games of imagination, drawing you in and sparking your imagination with art is totally fair game, @avidwanderer_",neither,0.07301004619428136,0.32973513090987483,0.5972548228958438
is this a d10 system?,neither,0.05044533243026078,0.32862163775472913,0.6209330298150101
"Yeah, the art is great.",neither,0.02816646158708046,0.39243887892992707,0.5793946594829925
