text,top_class,hate_speech,offensive_language,neither
Hi,neither,0.03945320844208391,0.33037608806864915,0.630170703489267
"Martinze just casually dumping his trash into space, nobody will notice...its so big Kappa",neither,0.033994567062256224,0.35675371787522986,0.609251715062514
hello SilverMistBlade,neither,0.03945320844208391,0.33037608806864915,0.630170703489267
"Yes, fat fingers and auto correct put is instead",neither,0.10369234543131205,0.230988076537138,0.66531957803155
For those who missed it I highly recommend watching the AXYB episode that Hector guest spotted on.,neither,0.04227344475483743,0.32912853029838485,0.6285980249467776
No Aliza sad but Jason is back again as Kdok which is awesome,neither,0.04400652331811616,0.38022825497488705,0.5757652217069968
jcvimHype,neither,0.03945320844208391,0.33037608806864915,0.630170703489267
thanks @Mobius___ that was totally the image I wanted haunting me right before kickoff :P,neither,0.0285060599892305,0.40862763637587374,0.5628663036348958
jcvimHype,neither,0.03945320844208391,0.33037608806864915,0.630170703489267
"here we go, SPACE COMBAT!",neither,0.09135513887315636,0.2970141989422361,0.6116306621846075
"sup Eric? wait, you cant see this. BibleThump",neither,0.051562922924023175,0.3665121546882528,0.5819249223877239
Hiya Eric!! Welcome and Huzzah!,neither,0.038662850702213945,0.2903867963859178,0.6709503529118682
helps keep the cream soda chilled,neither,0.038874090338413936,0.3198728287144481,0.6412530809471378
Yay!,neither,0.03945320844208391,0.33037608806864915,0.630170703489267
"DCTV crossover and now this, epic",neither,0.03850591975145758,0.28860239821845785,0.6728916820300845
EEEEEEE so excited!!,neither,0.03941280539197189,0.37189489360989747,0.5886923009981306
Wooo,neither,0.03945320844208391,0.33037608806864915,0.630170703489267
Wooo I'm here for the live show again!,neither,0.10573526373871671,0.21118777383523493,0.6830769624260484
New camera angels?,neither,0.04279702239241062,0.24722558923785956,0.7099773883697297
cheers!,neither,0.03945320844208391,0.33037608806864915,0.630170703489267
Yay!!!,neither,0.03945320844208391,0.33037608806864915,0.630170703489267
Quite awesome!,neither,0.03945320844208391,0.33037608806864915,0.630170703489267
Yay!!!,neither,0.03945320844208391,0.33037608806864915,0.630170703489267
"@orphy225 yeah just finished Crisis on Earth X before jumping on here, loved it",neither,0.03865415247264472,0.4249629317297791,0.5363829157975762
"@orphy225 I'm missing that right now but that's what DVR is for, can't miss my Shield of Tomorrow!",neither,0.026991377955240075,0.41454520071149836,0.5584634213332615
YES! Q&A!!,neither,0.03945320844208391,0.33037608806864915,0.630170703489267
yay,neither,0.03945320844208391,0.33037608806864915,0.630170703489267
So great to see the screen I made ^.^,neither,0.04259901747347557,0.32779855936960206,0.6296024231569223
Sweet!,neither,0.03945320844208391,0.33037608806864915,0.630170703489267
Q and A? Now IM EXCITED,neither,0.03762038015989392,0.3211931025650403,0.6411865172750658
christmas special,neither,0.08146926513538434,0.3064545529073062,0.6120761819573094
A very special Episode of SoT : Lark tries to kick her Cream Soda Addiction,neither,0.05271255601668174,0.4291175378574078,0.5181699061259106
I smell a D&J crossover,neither,0.03945320844208391,0.33037608806864915,0.630170703489267
i'm more waiting for the dick and johnson crossover,offensive_language,0.056381681049123916,0.7020025490587664,0.24161576989210967
It will be a clip show :P,neither,0.05488478848234747,0.2378432694234082,0.7072719420942443
crossover's gonna be awesome chaos,neither,0.03896533621210195,0.3744573893926802,0.5865772743952179
play along moved to next year,neither,0.04393908766709495,0.33708881355933606,0.6189720987735688
who doesn't love a good journey,neither,0.03597811498756435,0.4268798243791091,0.5371420606333266
!sotauxdiscord,neither,0.03945320844208391,0.33037608806864915,0.630170703489267
USS Sally Ride Aux Crew Discord: https://discord.gg/zxt2TeH,neither,0.03945320844208391,0.33037608806864915,0.630170703489267
ooo coffee ftw,neither,0.04713990488097036,0.1999127888215967,0.752947306297433
Don’t stop Eric,neither,0.03940553698371805,0.4161620576011166,0.5444324054151654
Excited for Q&A!,neither,0.031620652950014184,0.29131992832849596,0.6770594187214899
"What a long, strange trip it's been",neither,0.0420872431641926,0.330475875888776,0.6274368809470313
Doctor who christmas special on shield of tomorrow,neither,0.06094653449438761,0.3724857564183856,0.5665677090872268
@JeffM0307 The only new footagw will be Erice in a coma LUL,neither,0.04319560406396344,0.22340344796928555,0.7334009479667511
dec 3 2019,neither,0.03945320844208391,0.33037608806864915,0.630170703489267
lol,neither,0.020706217963973744,0.4882283491876925,0.4910654328483337
"Oh, sweet. Play along news!",neither,0.043606542972438135,0.29049909465103074,0.665894362376531
LUL Coffee Me Up Scotty,neither,0.03906310932749041,0.25756946931831753,0.7033674213541921
I make that reference ALL the time!,neither,0.035263187746209644,0.4361867999466117,0.5285500123071786
!discord,neither,0.03945320844208391,0.33037608806864915,0.630170703489267
Awwwww. I can't do that day! Setting up an Unstable draft.,neither,0.03679457166122003,0.3751137556527185,0.5880916726860616
!sotauxdiscord,neither,0.03945320844208391,0.33037608806864915,0.630170703489267
USS Sally Ride Aux Crew Discord: https://discord.gg/zxt2TeH,neither,0.03945320844208391,0.33037608806864915,0.630170703489267
I'll update the fleet message in game,neither,0.038225525086945884,0.2828617399857546,0.6789127349272994
PogChamp GINA'S UNIFORM!,neither,0.03945320844208391,0.33037608806864915,0.630170703489267
PogChamp,neither,0.03945320844208391,0.33037608806864915,0.630170703489267
YAY!,neither,0.03945320844208391,0.33037608806864915,0.630170703489267
UNIFORM!!!,neither,0.03945320844208391,0.33037608806864915,0.630170703489267
yaaay!,neither,0.03945320844208391,0.33037608806864915,0.630170703489267
YAY GINA GETS A UNIFORM!,neither,0.03945320844208391,0.33037608806864915,0.630170703489267
YAY!,neither,0.03945320844208391,0.33037608806864915,0.630170703489267
Yay Gina!,neither,0.03945320844208391,0.33037608806864915,0.630170703489267
Yay! Gina finally has a Uniform!,neither,0.039775447681903386,0.32490684719151086,0.6353177051265858
YES!!!,neither,0.03945320844208391,0.33037608806864915,0.630170703489267
promotion,neither,0.03945320844208391,0.33037608806864915,0.630170703489267
PogChamp,neither,0.03945320844208391,0.33037608806864915,0.630170703489267
UNIFORM!,neither,0.03945320844208391,0.33037608806864915,0.630170703489267
pinning ceremony!,neither,0.03945320844208391,0.33037608806864915,0.630170703489267
gandsSubHype gandsSubHype gandsSubHype,neither,0.03945320844208391,0.33037608806864915,0.630170703489267
i just clapped like a seal,neither,0.04536851611438101,0.3711722348796675,0.5834592490059515
YES! Ren gets her uniform!!!,offensive_language,0.03259462657971629,0.492166498844769,0.47523887457551484
one of us.....one of us,neither,0.11121653609102863,0.3609560450326342,0.5278274188763372
Congratz Gina!,neither,0.03945320844208391,0.33037608806864915,0.630170703489267
ONE OF US! ONE OF US!,neither,0.11121653609102863,0.3609560450326342,0.5278274188763372
One of us! one of us! one of us!,neither,0.11121653609102862,0.3609560450326342,0.5278274188763372
Yay! Congrats Gina!,neither,0.03945320844208391,0.33037608806864915,0.630170703489267
I thought sticking little fuzzy pompoms all over her sweater was her uniform.,neither,0.032630785033436964,0.3358291693189556,0.6315400456476075
Gooble gobble,neither,0.03945320844208391,0.33037608806864915,0.630170703489267
WOO HOO! GINA!!,neither,0.03945320844208391,0.33037608806864915,0.630170703489267
exposed neck Kreygasm,neither,0.03945320844208391,0.33037608806864915,0.630170703489267
aaaw hahaha good stuff,neither,0.03876582212241647,0.3306125117444966,0.6306216661330868
congrats Gina!,neither,0.03945320844208391,0.33037608806864915,0.630170703489267
Yay Chief!,neither,0.03945320844208391,0.33037608806864915,0.630170703489267
I love that this is happening on stream,neither,0.037735202619703645,0.3805641230376229,0.5817006743426735
WOOOOO,neither,0.03945320844208391,0.33037608806864915,0.630170703489267
grats!,neither,0.03945320844208391,0.33037608806864915,0.630170703489267
"i have an announcement, as part of the play along on 10th im giving away 200mil ec worth of in game prizes.",neither,0.03642901387019535,0.33097621723659665,0.632594768893208
PogChamp,neither,0.03945320844208391,0.33037608806864915,0.630170703489267
jcvimHype jcvimHype jcvimHype jcvimHype jcvimHype,neither,0.03945320844208391,0.33037608806864915,0.630170703489267
congrats,neither,0.03945320844208391,0.33037608806864915,0.630170703489267
*applause!*,neither,0.03945320844208391,0.33037608806864915,0.630170703489267
d'aww - strangely moving,neither,0.03945320844208391,0.33037608806864915,0.630170703489267
I guess she needs the turtleneck thingy,neither,0.03931859990266768,0.37929376367229595,0.5813876364250362
Congratulations!,neither,0.03945320844208391,0.33037608806864915,0.630170703489267
that was an amazing moment,neither,0.036081927333892164,0.3658434240188347,0.5980746486472732
And so it begins!!! :D,neither,0.03702075117330028,0.3334064572415291,0.6295727915851705
congrats Chif,neither,0.03945320844208391,0.33037608806864915,0.630170703489267
welcome to Starfleet Chief Ren,neither,0.04480661063653703,0.32722847152688067,0.6279649178365821
Craft Chief Gina,neither,0.03945320844208391,0.33037608806864915,0.630170703489267
Chief*,neither,0.03945320844208391,0.33037608806864915,0.630170703489267
*applause*,neither,0.03945320844208391,0.33037608806864915,0.630170703489267
Noice,neither,0.03945320844208391,0.33037608806864915,0.630170703489267
damn play along is in the morning of a work day... no bueno :(,offensive_language,0.059516207288916795,0.5904502182790394,0.35003357443204386
BlessRNG One big happy little space crew,neither,0.02681409944493949,0.4040734358548826,0.5691124647001777
YAY!!!,neither,0.03945320844208391,0.33037608806864915,0.630170703489267
"Aw, Amy. :D",neither,0.03945320844208391,0.33037608806864915,0.630170703489267
Congrats Gina!,neither,0.03945320844208391,0.33037608806864915,0.630170703489267
Yay!!!,neither,0.03945320844208391,0.33037608806864915,0.630170703489267
BibleThump,neither,0.03945320844208391,0.33037608806864915,0.630170703489267
she so happy,offensive_language,0.042013170558351944,0.5485517096878754,0.4094351197537726
<3 Amy,neither,0.03945320844208391,0.33037608806864915,0.630170703489267
<3,neither,0.03945320844208391,0.33037608806864915,0.630170703489267
So proud...,neither,0.03940891918231556,0.39901618723081084,0.5615748935868736
Amy is on verge of tears,neither,0.04373816145372632,0.33976521261940595,0.6164966259268677
It is preserved forever on the internets!,neither,0.04157457911304161,0.3261111226649868,0.6323142982219716
I sat though a Shatner panel and survived,neither,0.0389645592974097,0.30657301490491173,0.6544624257976785
https://clips.twitch.tv/DeafSpineyRamenSquadGoals,neither,0.03945320844208391,0.33037608806864915,0.630170703489267
:( post office let me down once again... damn yous!,offensive_language,0.0277987410568799,0.686790473958369,0.2854107849847511
Did you rev the engine and bounce him onto the hood TJ Hooker style?,neither,0.06961713026672665,0.32006641592585555,0.6103164538074178
"Yes, congrats Bonnie & Xander!",neither,0.03945320844208391,0.33037608806864915,0.630170703489267
Woo!,neither,0.03945320844208391,0.33037608806864915,0.630170703489267
yay!,neither,0.03945320844208391,0.33037608806864915,0.630170703489267
wow,neither,0.03945320844208391,0.33037608806864915,0.630170703489267
"they should put @Danoba in the middle where the cameras cant see, and then maybe just have a bit of elbow poppin out on each side...",neither,0.03611715198563801,0.34005640822849464,0.6238264397858674
still gifts not getting there :(,neither,0.034318682997337084,0.3700041490911963,0.5956771679114666
Bazag -> Only those that we deem worthy shall possess the power of the Hyperlink [warning],neither,0.048140585852785724,0.2990817588418225,0.6527776553053918
Congratz Library Bards!,neither,0.03945320844208391,0.33037608806864915,0.630170703489267
"PogChamp awesome! Shatner, Library Bards, TOO MUCH COOL STUFF",neither,0.036915552816081186,0.3338255487841661,0.6292588983997528
NICE one Bonnie!,neither,0.038104981566877257,0.3798387499096277,0.582056268523495
they beat weird al. that's an acomplishment,neither,0.04029178219356585,0.29326560717032885,0.6664426106361053
also,neither,0.03945320844208391,0.33037608806864915,0.630170703489267
"Amy joy, so great. :-)",neither,0.03771601373396843,0.34388785559628665,0.6183961306697449
"@VahnQuish Haha, nah.",neither,0.03382160522795492,0.4259590919256361,0.5402193028464088
Dr. Demento is a national treasure.,neither,0.04609940449919571,0.3280901564792837,0.6258104390215206
can @Danoba get all of us coffee?,neither,0.11014432989291006,0.22151261761745977,0.6683430524896301
i live,neither,0.04891340716200846,0.3271222919257548,0.6239643009122369
@super390 So very true!,neither,0.03940900888232013,0.38357010369010586,0.5770208874275741
dayum library bards!,neither,0.03945320844208391,0.33037608806864915,0.630170703489267
I didn't know Dr. Demento still existed,neither,0.027872444985084503,0.37479353566386064,0.5973340193510549
Tune in on Amy's twitch,neither,0.03745893320111578,0.3398788848584026,0.6226621819404816
"Well, I was at Amazing Hawaii and it had both Shatner and the Library Bards! It was all good!",neither,0.03681031501437885,0.3284276607082535,0.6347620242773676
"WOO NEW FUTURE GIRL! I am way super excited for that, I loved the show!",neither,0.039260559051062,0.27436863549478857,0.6863708054541494
As always Amy is all of us.,neither,0.08128538381877669,0.4528655143163363,0.4658491018648871
awww where's Eliza?,neither,0.041595994268005754,0.2940074203773722,0.6643965853546222
red head thiccc,neither,0.03694090338540735,0.36732919837077327,0.5957298982438194
the mayor of blizzard,neither,0.03847791057422723,0.31249555729077083,0.649026532135002
darin de paul? i don't know who that is.,neither,0.04318962139628438,0.4185002189561056,0.5383101596476101
@bitgod That's what they used to say about old Ben Kenobi.,neither,0.04360484638737029,0.36938066954449533,0.5870144840681344
:P,neither,0.03945320844208391,0.33037608806864915,0.630170703489267
"Talk about an ALL STAR cast, even without Ryan!",neither,0.0280126452142013,0.40194456212490476,0.5700427926608939
@VahnQuish I'll need a few minutes for that.,neither,0.03108123638967059,0.33927297571233495,0.6296457878979944
'80s style shoulder pads,neither,0.03945320844208391,0.33037608806864915,0.630170703489267
Amy has a Twitch?,neither,0.039785059546518745,0.32474370876402053,0.6354712316894608
Yo guys just check out my stream reeeeeaaaallll quick,neither,0.026328132116488816,0.4668165251802523,0.5068553427032588
so sweet <3,neither,0.03940909112290231,0.39994910071364764,0.56064180816345
jcvimHearts jcvimHearts jcvimHearts jcvimHearts jcvimHearts,neither,0.03945320844208391,0.33037608806864915,0.630170703489267
<3 Hugs for Eric,neither,0.03394393055206801,0.3028583195313206,0.6631977499166113
!amy,neither,0.03945320844208391,0.33037608806864915,0.630170703489267
"Internet Sensation Amy Dallen is a comic enthusiast, a Geek & Sundry host, and a wonderfully thoughtful and charming fan-centric person! She plays 'Curie' in the Future Girl webseries! Find her at twitter.com/enthusiamy and check out Future Girl here, http://bit.ly/1U6LQdy",neither,0.04242970691477908,0.3812436685823175,0.5763266245029034
We love you Eric!,neither,0.054016701715747274,0.4030239041055505,0.5429593941787022
<3 <3,neither,0.03945320844208391,0.33037608806864915,0.630170703489267
we love you Eric <3,neither,0.054016701715747274,0.4030239041055505,0.5429593941787022
Darin is trying to break into the voice acting and professional vest wearing industries,neither,0.04793659609574343,0.29177887498904326,0.6602845289152133
We love you Eric!,neither,0.054016701715747274,0.4030239041055505,0.5429593941787022
Eric is such a trooper,neither,0.04893747027354127,0.32268701460412863,0.62837551512233
what happened to Eric?,neither,0.051929609393100026,0.32258537187498904,0.625485018731911
what happened?,neither,0.04722295797655572,0.3248777811305592,0.6278992608928851
much hugs to Eric,neither,0.04150988868815654,0.32821526118441907,0.6302748501274245
is Sam excited?,neither,0.0481926345985822,0.32737019866177725,0.6244371667396406
Congratz Sam!,neither,0.03945320844208391,0.33037608806864915,0.630170703489267
congrat sam,neither,0.03945320844208391,0.33037608806864915,0.630170703489267
DansGame,neither,0.03945320844208391,0.33037608806864915,0.630170703489267
Sam is so adorable,neither,0.047420091300937856,0.37139882409815267,0.5811810846009094
woot,neither,0.03945320844208391,0.33037608806864915,0.630170703489267
Eric experienced a loss in the family according to Twitter,neither,0.04264618393214513,0.3918435962517987,0.5655102198160562
"neat, gratz Sam!",neither,0.03945320844208391,0.33037608806864915,0.630170703489267
Sam is excited! Hit it,neither,0.04547362953743114,0.32830538918392244,0.6262209812786464
There's the start,neither,0.03833704878052296,0.249881457589677,0.7117814936298
lol these people are so great to watch,neither,0.13141888158212003,0.4056887729655995,0.4628923454522805
Sam is excited... MOAR rulebooks to memorize! <3,neither,0.049613618564746186,0.32580889696766413,0.6245774844675896
gandsLessthanthree,neither,0.03945320844208391,0.33037608806864915,0.630170703489267
i hope my girl Ren is in the intro,neither,0.05268479398764829,0.33888638446322933,0.6084288215491224
Fly Sam! Fly off to magical realms for ADVENTURE!,neither,0.03944055672853948,0.31179754161432943,0.648761901657131
all the love to eric !,neither,0.04412537943928919,0.3977207412683107,0.5581538792924001
Don't forget to visit Star Trek Online and support Shield of Tomorrow! www.StarTrekOnline.com/ShieldofTomorrow,neither,0.05687602105656693,0.30425729811326435,0.6388666808301687
I adore Bonnie Concentration face as she works the controls,neither,0.03826937597816645,0.3945846569587941,0.5671459670630395
I love the intros,neither,0.03145119199065299,0.32476063973837394,0.643788168270973
"Oh, Eric... GivePLZ",neither,0.0456283565223502,0.2719307315164877,0.6824409119611621
mad trill,neither,0.03945320844208391,0.33037608806864915,0.630170703489267
"For best viewing experience of Shield of Tomorrow (IMO) click on the theater mode button in the bottom right of the screen, then hit F11.",neither,0.034760717380669486,0.31155356928310884,0.6536857133362217
@Kol_Drake with D&D I'm sure Sam has every edition memorized. I wouldn't be surprised if they have a tatoo of the THAC0 table Kappa,neither,0.024134295999900413,0.4306096363991017,0.5452560676009979
ELO,neither,0.03945320844208391,0.33037608806864915,0.630170703489267
Gina is official :),neither,0.050886191836019265,0.3264437608131326,0.6226700473508482
We have a subscriber-only Discord server! Join here: https://discord.gg/geekandsundry (you'll need to sub and link it to your Twitch) and be a part of the fun!...Warning: It can take up to an hour for the server to update and give you access to the channels,neither,0.08464076273808444,0.286394834032893,0.6289644032290227
Re Sub HYPE!!!,neither,0.05796738926929811,0.3016950255183242,0.6403375852123776
Metadating!,neither,0.03945320844208391,0.33037608806864915,0.630170703489267
interesting episode title,neither,0.03945320844208391,0.33037608806864915,0.630170703489267
Huh the colors seem better today,neither,0.03773200989481665,0.30161642572012637,0.660651564385057
Re Sub HYPE!!!!,neither,0.05796738926929811,0.3016950255183242,0.6403375852123776
how did I not know about F11...,neither,0.036061833054223,0.3681541623826279,0.5957840045631491
3 red shirts in that room.... this doesn't bold well,neither,0.03677140142410939,0.3576933313270462,0.6055352672488443
Sub HYPE!!!,neither,0.03945320844208391,0.33037608806864915,0.630170703489267
why a new title? isn't this still part of the last episode?,neither,0.03318302335744349,0.2833727026550892,0.6834442739874672
"I miss ""The Pull""",neither,0.030195433460725413,0.31278049998563606,0.6570240665536387
This DS9 era uni AngelThump,neither,0.03937054225995419,0.33177914892093424,0.6288503088191116
@orphy225 Theater mode + F11 = Twitch bliss.,neither,0.03945320844208391,0.33037608806864915,0.630170703489267
Or where Voyager is....,neither,0.057336994453328224,0.2744806551794744,0.6681823503671972
Unless of course Batman shows up to save them from Q?,neither,0.05167365251112103,0.34405827522023186,0.604268072268647
"Help G&S make great content! $4.99/month gets you emotes, Minecraft server access, Sub Only Q&As, VODs, and more! Every sub keeps the channel alive! twitch.tv/geekandsundry/subscribe",neither,0.043092924924402844,0.32365565443818894,0.6332514206374082
"Whata ""Q""ute visitor they had!",neither,0.03945320844208391,0.33037608806864915,0.630170703489267
entire light year worth of asteroid cmonBruh is that how you count asteroid?,neither,0.053871664857204224,0.38966537779282917,0.5564629573499665
Q... *pencil snap*,neither,0.03945320844208391,0.33037608806864915,0.630170703489267
Nothing wrong with metadating Sam! :D,neither,0.027069752625292754,0.40730218774013033,0.5656280596345769
The Title placement needs to be 5 pixels down on the overlay,neither,0.04099182080802854,0.3171071260674875,0.641901053124484
Oooh Gina got her shirt!,offensive_language,0.03063635839427016,0.5632772047227446,0.4060864368829853
"Q basically hit the ""Fast forward"" button through the commercials to get to the action.",neither,0.04457490588163746,0.3072836813472794,0.6481414127710831
star trek always interrupts dinner,neither,0.03807708225602799,0.3733047670171992,0.5886181507267728
^ episode title that is,neither,0.043099117902654104,0.3669702567714419,0.5899306253259041
And a cosmic fast ball special!,neither,0.0712447160705127,0.2750773482240179,0.6536779357054694
maybe it's like when shows have sweeps episodes with different titles,neither,0.03110827386093357,0.39814346079179636,0.5707482653472702
Q?!,neither,0.03945320844208391,0.33037608806864915,0.630170703489267
Doctor Sh'shirros can help with any 'crushing damage' Sam may encounter.,neither,0.03440050624392827,0.33467439579579233,0.6309250979602793
Break some pencils for me Sam!,neither,0.025150799567020345,0.3463975555093811,0.6284516449235985
"Nope, no pencils anymore.",neither,0.03877838141223075,0.3418296639234655,0.6193919546643037
Thanks to everyone who mentioned the F11 trick.,neither,0.03758772335961782,0.4189810549446032,0.543431221695779
pencil massacre,neither,0.03945320844208391,0.33037608806864915,0.630170703489267
100 points to Sam for that!,neither,0.036395868844060646,0.33658833565233715,0.6270157955036022
They’ve only just begun,neither,0.012358063816563118,0.33174647690139214,0.6558954592820448
Re Sub HYPE!!!,neither,0.05796738926929811,0.3016950255183242,0.6403375852123776
not 13?,neither,0.03764304793820321,0.3372097571693877,0.6251471948924091
SECTION 31!!! OhMyDog,neither,0.03945320844208391,0.33037608806864915,0.630170703489267
Does snapping multiple pencils at once mean multiple shots?,neither,0.03226339582606151,0.4031175981999448,0.5646190059739936
All the pencil snaps,neither,0.04030248856244175,0.3951790576802499,0.5645184537573085
