text,top_class,hate_speech,offensive_language,neither
"In other news, holy crap I'm hungry. Y'all behave yourselves, I need calories",neither,0.04019118268735513,0.3644166007841127,0.5953922165285321
"I've been ""giving"" my dad donations to charities.",neither,0.02004041343402586,0.376126101764937,0.603833484801037
@chaoticloony hey there!,neither,0.039367870622775906,0.26767823129172763,0.6929538980854965
Hiii!,neither,0.03945320844208391,0.33037608806864915,0.630170703489267
@chiplickin heck yes. so looking forward to that,neither,0.041180127576544,0.39040074547046155,0.5684191269529945
gandsGnSMinesCrafts gandsGnSMinesCrafts gandsGnSMinesCrafts gandsGnSMinesCrafts gandsGnSMinesCrafts,neither,0.03945320844208391,0.33037608806864915,0.630170703489267
I know there is so many unsung hereos so thank you all!,offensive_language,0.06519300077959665,0.49078951892267514,0.44401748029772825
HeyGuys,neither,0.03945320844208391,0.33037608806864915,0.630170703489267
gandsLessthanthree gandsLessthanthree gandsLessthanthree gandsLessthanthree,neither,0.03945320844208391,0.33037608806864915,0.630170703489267
Wooo!,neither,0.03945320844208391,0.33037608806864915,0.630170703489267
oh dang it's a future girl episode,neither,0.03689705803679663,0.34205164727217363,0.6210512946910298
looks like a Future Girl reunion!,neither,0.04213272134026346,0.39434425174194526,0.5635230269177913
Hi @katkafili @chiplickin,neither,0.03945320844208391,0.33037608806864915,0.630170703489267
Future Girl!,neither,0.031448122133488556,0.40980067744996185,0.5587512004165496
hey @chaoticloony,neither,0.03945320844208391,0.33037608806864915,0.630170703489267
Hii,neither,0.03945320844208391,0.33037608806864915,0.630170703489267
Hi @JJ_Dane,neither,0.03945320844208391,0.33037608806864915,0.630170703489267
"Am I the only one who thinks Gina will have extensive pop tart knowledge, I mean that in a nice way lol",neither,0.03400514681270822,0.4006127510971491,0.5653821020901426
gandsGnSMinesCrafts,neither,0.03945320844208391,0.33037608806864915,0.630170703489267
Cue The Doubleclicks! :),neither,0.03839939302560993,0.311011251109799,0.6505893558645911
Don't forget to visit Star Trek Online and support Shield of Tomorrow! www.StarTrekOnline.com/ShieldofTomorrow,neither,0.05687602105656693,0.30425729811326435,0.6388666808301687
Hi Amy and Gina! Welcome Heather!,neither,0.038889091747131455,0.3026577595241962,0.6584531487286723
"Hey Amy, hey Heather, hey Gina",neither,0.03945320844208391,0.33037608806864915,0.630170703489267
Hello! Futures and Crafts!,neither,0.03840264189818727,0.2749437060729204,0.6866536520288923
beware of llamas,neither,0.03945320844208391,0.33037608806864915,0.630170703489267
"hello amy, heather, gina!",neither,0.03945320844208391,0.33037608806864915,0.630170703489267
Looking forward to Future Girl reads!,neither,0.039278550169754095,0.37125832440222384,0.589463125428022
kaypikeHeyGuys amy kaypikeHeyGuys heather kaypikeHeyGuys gina,neither,0.03945320844208391,0.33037608806864915,0.630170703489267
So much Future Girl HYPE!!!!!,neither,0.03096848032778474,0.42261969844484987,0.5464118212273655
QUESTION: How did you all meet?,neither,0.05809120497635687,0.4537343242607248,0.48817447076291826
"Hi Amy, Gina and Heather!",neither,0.03883641976893862,0.29987666403515967,0.6612869161959017
"Hi Amy, Heather and Gina!",neither,0.03883641976893862,0.29987666403515967,0.6612869161959017
Viking gandsSubHype,neither,0.03945320844208391,0.33037608806864915,0.630170703489267
SuperSteef!,neither,0.03945320844208391,0.33037608806864915,0.630170703489267
it's a future girl reunion :D,neither,0.03269643803528966,0.3860433816176471,0.5812601803470632
But you've kept the height dynamic going which is nice,neither,0.03137415700007078,0.35593855249384204,0.6126872905060871
cheer50 watching today’s Mines N Crafts from the wood shop! Crafting a chair! Also FUTURE GIRL,neither,0.03559071684476357,0.3332597297550623,0.6311495534001742
check out Future Girl here>>> http://bit.ly/1U6LQdy,neither,0.053972591417092895,0.2852837149553779,0.6607436936275292
"I watched her playing bridge, I did not understand a thing",neither,0.032447276452707605,0.478534416030464,0.4890183075168284
Sub HYPE!!!,neither,0.03945320844208391,0.33037608806864915,0.630170703489267
SO MUCH yes.,neither,0.0343006809874984,0.3937984367995104,0.5719008822129912
We have a subscriber-only Discord server! Join here: https://discord.gg/geekandsundry (you'll need to sub and link it to your Twitch) and be a part of the fun!...Warning: It can take up to an hour for the server to update and give you access to the channels,neither,0.08464076273808444,0.286394834032893,0.6289644032290227
@meaningofnightt Oooh sounds super cool!,neither,0.03945320844208391,0.33037608806864915,0.630170703489267
Future Girl MnC special!!,neither,0.06542109587539294,0.371983661258737,0.56259524286587
Know chat goes by so fast but hope you had a wonderful Thanskgiving!,neither,0.07525314292081546,0.35186981151142666,0.5728770455677579
love the captain america t-shirt! <3,neither,0.18591966595852139,0.23139631770250513,0.5826840163389735
Hey all!,neither,0.04285346742239823,0.46255625023407465,0.49459028234352725
Now we need Phil LaMarr to join them,neither,0.05689203759276606,0.32141374611452894,0.6216942162927049
hello everyone,neither,0.03269494828970791,0.4450814005079928,0.5222236512022994
Hi @DanManMtn,neither,0.03945320844208391,0.33037608806864915,0.630170703489267
stef the best bridge player on twitch,neither,0.03274191450131527,0.3895544406637126,0.5777036448349719
My parents recently taught me bridge. They held competitions in high school.,neither,0.028068707889710734,0.44065044191167174,0.5312808501986175
Did Curie screw up the time continuum or something?,neither,0.03558053065292151,0.3749047097808263,0.5895147595662522
Amy is right,neither,0.0473354382966141,0.3473067995748325,0.6053577621285534
Hi @Chiving_On_KCCO,neither,0.03945320844208391,0.33037608806864915,0.630170703489267
That's Go!,neither,0.03359803161322591,0.42916612056657294,0.5372358478202011
cheer1000 Viking bits!,neither,0.03945320844208391,0.33037608806864915,0.630170703489267
Go is the game with black and white stones where you need to close in areas in order to score,offensive_language,0.3263247057392487,0.37689078312918406,0.2967845111315671
Re Sub HYPE!!!,neither,0.05796738926929811,0.3016950255183242,0.6403375852123776
You're thinking of Monopoly.,neither,0.07811562144004597,0.3445013425752937,0.5773830359846603
black and white stones,hate_speech,0.6476473525482218,0.3007054527847757,0.051647194667002634
Monopoly is the game you're describing.,neither,0.07607806502687564,0.29020429720914687,0.6337176377639775
"It's different from othello, but sort of similar",neither,0.036774467048456626,0.3246953333468155,0.6385301996047278
Go is a little more complex than othello,neither,0.05252818291596919,0.33510305150704434,0.6123687655769866
I will be there!,neither,0.042012433482780005,0.2328057034933364,0.7251818630238837
go is much harder than chess and only recently the first program managed to beat a go master,neither,0.040688904267528185,0.30790596785593577,0.651405127876536
"Help G&S make great content! $4.99/month gets you emotes, Minecraft server access, Sub Only Q&As, VODs, and more! Every sub keeps the channel alive! twitch.tv/geekandsundry/subscribe",neither,0.043092924924402844,0.32365565443818894,0.6332514206374082
"Go is black and white stones, you're right Amy",hate_speech,0.5490401052531171,0.34450062082736194,0.10645927391952098
twitter.com/futuregirlshow,neither,0.038643638597066765,0.475547814777205,0.4858085466257283
My understanding is it's a bit like chinese checkers mixed with chess. But I could be way off.,neither,0.03329422451673955,0.41701070529387785,0.5496950701893825
"I don't know either, so....",neither,0.03940831731683943,0.3894702618806428,0.5711214208025177
WHAT WHAT WHAT,neither,0.057770773616808734,0.3180719994247239,0.6241572269584672
too HYPE,neither,0.03912308665555186,0.33597911633530747,0.6248977970091407
Re Sub HYPE!!!!,neither,0.05796738926929811,0.3016950255183242,0.6403375852123776
@harberst Hi!,neither,0.03945320844208391,0.33037608806864915,0.630170703489267
Japanese strategy game where you make zones with black or white stones to capture your opponents stones,offensive_language,0.24570418664793442,0.407654961714543,0.34664085163752256
Hey @chiplickin,neither,0.03945320844208391,0.33037608806864915,0.630170703489267
!!!,neither,0.03945320844208391,0.33037608806864915,0.630170703489267
"The pillow, while colorful, looks like it might be bad for the digestive tract.",neither,0.037870040184695,0.30648982233129063,0.6556401374840145
mind sweep?,neither,0.03945320844208391,0.33037608806864915,0.630170703489267
Thank you for stopping by Heather.,neither,0.046085330143731736,0.3776989218274871,0.5762157480287811
Mathematicians have long been fascinated with Go.,neither,0.027738747953865855,0.3900475446433884,0.5822137074027456
"This isn't a phrase that gets used often, but ""Amy was right"", so remember this day",neither,0.035422828887149906,0.38371948025053676,0.5808576908623132
Kiseido?,neither,0.03945320844208391,0.33037608806864915,0.630170703489267
"Hey I had a dream a couple of weeks ago where I was snacking on pillows. Weird thing is, when I woke up all my marshmallows were gone.",neither,0.03207544196092633,0.43060416754935366,0.53732039048972
Nice seque,neither,0.03945320844208391,0.33037608806864915,0.630170703489267
@stargazer1977 hey there!,neither,0.039367870622775906,0.26767823129172763,0.6929538980854965
How was your ladies Thanksiving!,neither,0.0813134682196365,0.3223855172151193,0.5963010145652443
Hello.,neither,0.03945320844208391,0.33037608806864915,0.630170703489267
holy mods batman! I saw @Danoba on the stream and now he's in the chat! :o VaultBoy,neither,0.039400425802815484,0.29703754644352526,0.6635620277536592
"Don't eat the pillow, Amy!",neither,0.038705497328801,0.3167550838397839,0.6445394188314151
The original Godfather board game was like that!,neither,0.04229609447405473,0.33001840789902454,0.6276854976269207
"And Gina, why are you the best? LOL",neither,0.05556019483385458,0.331241463624828,0.6131983415413174
pizza pillow?,neither,0.03945320844208391,0.33037608806864915,0.630170703489267
"@VahnQuish Haha, yup.",neither,0.03470982509619973,0.4108836826923835,0.5544064922114168
I believe another name for Othello is Reversi in some places.,neither,0.06678498265718291,0.2603338976705592,0.6728811196722578
soft food?,neither,0.03945320844208391,0.33037608806864915,0.630170703489267
"Medically speaking, I cannot recommend the consumption of pillows created by whimsical gods.",neither,0.03956188328227718,0.348761097680721,0.6116770190370017
ah thats a pie,neither,0.03945320844208391,0.33037608806864915,0.630170703489267
"i had stones, took a while but they eventually passed",neither,0.0373789061290552,0.3364704262904421,0.6261506675805028
"heh, if only Lady Gaga had known you a few years ago Gina",neither,0.03610109968572628,0.3861607778294144,0.5777381224848592
Hi Doctor and Chief! You're all awesome! :),neither,0.06733023227907,0.3609264125734058,0.5717433551475241
"Heather, please guest on SOT?",neither,0.037248374180328274,0.34090318872212494,0.6218484370975467
"Gina and ""Butt Pies""?",neither,0.04305073098497597,0.3244782061357789,0.6324710628792451
you ever go to eat those by accident Gina?,neither,0.09765352057394014,0.34745514363676994,0.55489133578929
Go was in the cultural zeitgeist for a while about a year or two ago. Google made an AI to play it and there was a big competition or something where it went up against the best players,neither,0.03218538315715886,0.3050015857659084,0.6628130310769327
Totally works,neither,0.03945320844208391,0.33037608806864915,0.630170703489267
Soup pillows ftw,neither,0.03945320844208391,0.33037608806864915,0.630170703489267
I didn't follow it but my wife is a googler so she was following it,offensive_language,0.024394177627956617,0.5146861793879604,0.46091964298408317
who would Heather be on SOT though?,neither,0.0373418847404886,0.3949983441016017,0.5676597711579097
Pancake earmuffs,neither,0.03945320844208391,0.33037608806864915,0.630170703489267
Pancake Princess Leia!,neither,0.03945320844208391,0.33037608806864915,0.630170703489267
"The trail of thought was ""Gina was eating pop tarts while making things, she put 2 and 2 together and came up with Craft fun fun times""",neither,0.03501727155762766,0.3025701435504854,0.662412584891887
hmmm,neither,0.03945320844208391,0.33037608806864915,0.630170703489267
@zismarith lol PogChamp,neither,0.020706217963973744,0.4882283491876925,0.4910654328483337
her awesome self @VahnQuish,offensive_language,0.030039678659988966,0.5653961764083238,0.40456414493168713
"Amy, how much do you love your gloves? Glove kniuckles?",neither,0.06604059427226637,0.36359816034386544,0.5703612453838681
Re Sub HYPE!!!,neither,0.05796738926929811,0.3016950255183242,0.6403375852123776
"If she can play a Viking, she can play a Klingon.",offensive_language,0.028349325030955747,0.49700081484348424,0.47464986012556004
"@teh_spikey the Darren Aranofsky movie, ""Pi"" got me into it about 20 years ago.",neither,0.0332193766681326,0.3653848351396939,0.6013957881921735
Making a Macaron: https://www.youtube.com/watch?v=1gqHloKUGp4,neither,0.04379777763693186,0.32037789137367284,0.6358243309893954
Heather is going to become canon in Star Trek? :O O_o,neither,0.047978430067087685,0.34348210557844133,0.608539464354471
Re Sub HYPE!!!,neither,0.05796738926929811,0.3016950255183242,0.6403375852123776
kaypikeLove i watched it,neither,0.03743769619726978,0.3310693151521691,0.6314929886505611
"And Amy, so looking forward to seeing you on Sirens of Rea;lm. Everyoyone watch the glorious Amy Dallen.",neither,0.04876583004001102,0.3446040935030387,0.6066300764569502
As you should be. :D,offensive_language,0.09802370635302439,0.5578213964079404,0.34415489723903525
stefMacaron stefMacaron stefMacaron,neither,0.03945320844208391,0.33037608806864915,0.630170703489267
big ol' pop tart!!,neither,0.02769935519140424,0.36188936924654475,0.610411275562051
it there a pillow fight in the foreseeable future?,neither,0.03787226043380683,0.29144305229272177,0.6706846872734714
alinaebalo135 -> Only those that we deem worthy shall possess the power of the Hyperlink [warning],neither,0.048140585852785724,0.2990817588418225,0.6527776553053918
"Sirens, Amy, get Jodi. So many talented people",neither,0.05686233729518309,0.3633296158783883,0.5798080468264286
"I'm sorry is Amy going to be using hot glue?, wasn't there an intervention about this?",neither,0.04369052854610598,0.3685767592601494,0.5877327121937447
@stargazer1977 Oh cool. Yeah I hadn't heard about it before and probably still wouldn't have if my wife wasn't watching the streams of the AI games,neither,0.02105787971961385,0.42922768180462645,0.5497144384757595
"In the words of Mercer, ""You can try""",neither,0.05687585096237428,0.3551757651538938,0.5879483838837318
Re Sub HYPE!!!,neither,0.05796738926929811,0.3016950255183242,0.6403375852123776
i’m just imagining the characters from future girl doing arts and crafts now,neither,0.03175675230277755,0.33701494409675437,0.6312283036004681
"I watched some older TV show today: drive with nathan fillion, and lo and behold, there was an Amy Dallen in it, for about five seconds.",neither,0.0302414604370522,0.31342729681718445,0.6563312427457634
pre glue is a real issue,neither,0.03955135742805543,0.4172503528947204,0.5431982896772242
@stargazer1977 I thought it was a large version of Reversi at first and wondered why they bothered lol,neither,0.026787784581246234,0.3069357139687916,0.6662765014499622
The hot glue gun is just trying to be helpful.,neither,0.04534484494327121,0.33133804343304896,0.6233171116236799
I like how Gina doesn’t exactly say no to Amy,neither,0.052667739282289246,0.34964296164468495,0.5976892990730258
Do we have a first aid kit on standby,neither,0.03361947275489162,0.3476967626015787,0.6186837646435296
2.,neither,0.03945320844208391,0.33037608806864915,0.630170703489267
Thank you you all for sharing your genius.,neither,0.09878876121193245,0.4391399081924971,0.4620713305955704
"Hehehheheh, you ladies are so fabulous!",neither,0.08943221404082968,0.376319368441883,0.5342484175172872
viking bits cereal,neither,0.03945320844208391,0.33037608806864915,0.630170703489267
Gina hurts every time she has to deny Amy :(,neither,0.04425265540804636,0.3914242724985476,0.5643230720934062
"@teh_spikey yeah, definitely a lot more complex than that.",neither,0.024153725263018337,0.45304929309536585,0.5227969816416158
Vikings bits HSWP,neither,0.03945320844208391,0.33037608806864915,0.630170703489267
"To be fair, who wouldn't find it painful to say no to Amy?",neither,0.054105572279557396,0.3165027612986465,0.629391666421796
viking bits cereal with real marshmallow axes and severed heads,neither,0.02852805577495762,0.3992554972794932,0.5722164469455491
"Heather that was a lovely Drunken Australian, English, Irish, American, Alien accent",neither,0.03923046735383397,0.323135100497548,0.637634432148618
"@meaningofnightt After seeing Amy chase after people with an ax, i wouldn't say no to Amy either!",neither,0.04710726798549826,0.34704332700707036,0.6058494050074313
How was your holidays/,neither,0.07271552524373777,0.3231708316658156,0.6041136430904467
indeed,neither,0.03945320844208391,0.33037608806864915,0.630170703489267
@stargazer1977 Yes I quickly realised that lol,neither,0.030876367074480143,0.4037417108928778,0.5653819220326419
Some of my favorite ladies.,neither,0.02205365607061147,0.4323278092368794,0.5456185346925091
I love that this show turns adults into children!,neither,0.04434763631925882,0.31683493633494353,0.6388174273457977
@chaoticloony *nods*,neither,0.03945320844208391,0.33037608806864915,0.630170703489267
"Gina is just a good mom,keeping an eye on the kids playing with pointy things",neither,0.036592493491063825,0.35464506216741615,0.6087624443415199
It's the CIRCLE OF LIFE!!!,neither,0.033757461751763064,0.374920233469665,0.591322304778572
The Pop-tart of life,neither,0.03694998523461698,0.34720735920053536,0.6158426555648477
"Come back from an ad, get Lion King #seemslegit",neither,0.038954629509674404,0.3388382737389656,0.62220709675136
Cinnamon is the only pop tart I like.,neither,0.05466232218364951,0.30929475632468656,0.636042921491664
poptarts is not a thing here,neither,0.13325638352904307,0.27574599149561,0.5909976249753469
Brown Sugar and Strawberry. I'm OG.,neither,0.03886627843734792,0.3014583216972894,0.6596753998653627
"You're a wizard, Simba! =^.^=",neither,0.09310843986961562,0.34827293524758574,0.5586186248827987
They were definitely a rarity in my home. And we only had strawberry cause my siblings hated chocolate like losers,neither,0.03202216582567659,0.400231527546508,0.5677463066278153
smores pop tarts,neither,0.04198645609464157,0.2873802641551968,0.6706332797501617
"Gina, you could make a chocolate and peanut butter one with the paler brown as frosting",neither,0.0378786350000296,0.3786303730060358,0.5834909919939346
OMG. gandsLessthanthree,neither,0.03945320844208391,0.33037608806864915,0.630170703489267
i haven't had pop-tarts yet.,neither,0.040785539938131984,0.3077629454725856,0.6514515145892824
We're so similar,neither,0.05848409170819244,0.3493292800156941,0.5921866282761136
"If I was Amy and Gina, I would have a difficult time even concentrating on crafting while waiting to get back into Shield of Tomorrow to pick up that story arc. I would have been obsessed thinking about it all week. I'm not good at waiting on my D&D games to continue, especially after a cliff hanger.",neither,0.031127192067089,0.416159178529324,0.552713629403587
Apple Pop Tarts are the best with blueberry and chocolate coming in 2nd!,neither,0.0447250844082218,0.27198272366720827,0.6832921919245699
Wildberry!,neither,0.03945320844208391,0.33037608806864915,0.630170703489267
@NASTYSODA !respect,neither,0.03945320844208391,0.33037608806864915,0.630170703489267
