text,top_class,hate_speech,offensive_language,neither
the title card is up,neither,0.04332058052171712,0.3597367134596549,0.596942706018628
Happy bidet everyone.,neither,0.03175143156822064,0.46109534165405724,0.507153226777722
"The channel has gone live. If you cannot see the titlecard, please refresh.",neither,0.03737030499864528,0.36316604058772056,0.5994636544136341
its live!!,neither,0.03646146549147045,0.3314050856575407,0.6321334488509888
happy Bidet @Kendermassacre,neither,0.03945320844208391,0.33037608806864915,0.630170703489267
"repeat The channel has gone live. If you cannot see the titlecard, please refresh.",neither,0.03752675891112267,0.36062836519433056,0.6018448758945468
Who are the guests today?,neither,0.07682533624146742,0.2948410500398113,0.6283336137187211
"Yuri Lowenthal ( twitter.com/YuriLowenthal ) played The Hatter, Noelle Stevenson ( twitter.com/Gingerhazing ) played Peter Pan, Molly Ostertag ( twitter.com/MollyOstertag ) played Wendy Darling,",neither,0.038556878011218376,0.42324330158647794,0.5381998204023035
lol,neither,0.020706217963973744,0.4882283491876925,0.4910654328483337
"Next on Talks Machina, at 7pm Pacific, the scheduled guests are : Sam Riegel, Yuri Lowenthal, Noelle Stevenson, and MollyOstertag discussing Sam’s One Shot! (#OnceUponACruise from Thursday the 16th ).",neither,0.04531217692823884,0.30956456217747347,0.6451232608942877
he does,offensive_language,0.02570365254277602,0.5058221806089295,0.4684741668482945
That was fast and coinkedinky.,neither,0.033791427507341334,0.3352920534306525,0.6309165190620062
literally just finished watching the episode XD hilarious!,neither,0.035799808347450654,0.3335168341962579,0.6306833574562914
it's Liz and Danoba,neither,0.034118594625714725,0.23191830947581313,0.7339630958984722
all the teen girl magazines,neither,0.03292653702373517,0.45870885232690284,0.508364610649362
so dreamy,neither,0.03940934168832202,0.38195233036853654,0.5786383279431415
"Why are we live already? Sam's guesting, doesn't that mean it'll start late? :P",neither,0.04345046889829441,0.3498795615635302,0.6066699695381754
my cabbages!,offensive_language,0.011017215557639733,0.6062201221254095,0.3827626623169507
oh my god that picture sam!!,neither,0.03060849260865363,0.3975886925152944,0.571802814876052
Gonna paint some minis while watching tonight!,neither,0.030408766204354936,0.3585841708910105,0.6110070629046346
new best titlecard,neither,0.043253874507420235,0.18613875830071822,0.7706073671918614
"Also, omg Tigerbeat, is the target audience here even old enough to remember that? lol",neither,0.06295143217827931,0.3580017463353697,0.579046821486351
What does matts caption say?,neither,0.02986576409234404,0.45234907626739124,0.5177851596402646
I remember that picture of Yuri!,neither,0.0350645833504592,0.3782178061176269,0.586717610531914
Sam will look younger than his grandchildren on his death bed.,neither,0.07363740025746467,0.3299960282014711,0.5963665715410643
M ?,neither,0.03945320844208391,0.33037608806864915,0.630170703489267
Back,neither,0.03945320844208391,0.33037608806864915,0.630170703489267
Ll,neither,0.03945320844208391,0.33037608806864915,0.630170703489267
lmfaoo,neither,0.03945320844208391,0.33037608806864915,0.630170703489267
"""voice actor by day, heart-throb by night""",neither,0.036228347139196516,0.38307325083720545,0.5806984020235981
gentle touches,neither,0.03945320844208391,0.33037608806864915,0.630170703489267
Should I feel bad that I used to read Tiger Beat when I was a teen?,neither,0.03897781524156933,0.4072121238014353,0.5538100609569954
poor Brian XD his caption is hilarious,neither,0.06549485434035233,0.3292301117783426,0.605275033881305
Haha,neither,0.03186685585600258,0.45913629025701075,0.5089968538869867
"@bluemanxcat voice actor by day, heartthrob by night",neither,0.03601222985033989,0.3873442471236733,0.5766435230259869
pretty much,neither,0.03384839909176227,0.33230383901613453,0.6338477618921031
Probably yes,neither,0.037853613561707314,0.35752538779861953,0.6046209986396731
"so, ben barnes from punisher and BWF look related. Or like one is trying to look like the other",neither,0.06502261583939829,0.34152074853940423,0.5934566356211973
Brian wishes he was a heartthrob.,neither,0.04420837706371003,0.3305281701243992,0.6252634528118907
@Critternation3000 The heartthrob claimed by Marisha anyway,neither,0.03960237274972816,0.35512357876238687,0.605274048487885
hey everybody!,neither,0.03945320844208391,0.33037608806864915,0.630170703489267
We have a subscriber-only Discord server! Join here: https://discord.gg/geekandsundry (you'll need to sub and link it to your Twitch) and be a part of the fun!...Warning: It can take up to an hour for the server to update and give you access to the channels,neither,0.08464076273808444,0.286394834032893,0.6289644032290227
hi,neither,0.03945320844208391,0.33037608806864915,0.630170703489267
This Tiger Beat gives me middle school flashbacks help,neither,0.035108147560803174,0.3539129783474743,0.6109788740917225
mcdizzKitty,neither,0.03945320844208391,0.33037608806864915,0.630170703489267
Bidet from SD!,neither,0.04228451509352876,0.2823214250720796,0.6753940598343917
Hi @GeneralDisirray,neither,0.03945320844208391,0.33037608806864915,0.630170703489267
I'm glad I can finally watch this live!,neither,0.048680108772412356,0.32466967219630194,0.6266502190312856
@wayoftheclosedfist dont you mean ben barnes from Westworld Kappa,neither,0.05285206799408746,0.35158302123122315,0.5955649107746893
@dragonchrome Hello!,neither,0.03945320844208391,0.33037608806864915,0.630170703489267
bidet from ny!,neither,0.04084513770590474,0.30675141581570226,0.6524034464783931
"DMs on Tiger Beat, if someone told me that when I was a teen, I would have never believed it, god bless this future",neither,0.021448620863817894,0.4312759903647539,0.5472753887714281
Hello everybody!! gandsSubHype gandsSubHype,neither,0.03945320844208391,0.33037608806864915,0.630170703489267
cover your walls in posters now,neither,0.06622514047057397,0.3229465806765509,0.6108282788528752
christ how old is Sam in that pic,neither,0.03952478841883413,0.40135375637689313,0.5591214552042727
how old is that picture of Sam? Anyone know?,neither,0.04230686278086307,0.35950168390710435,0.5981914533120327
Must have been after my time,neither,0.027924366492476885,0.42945799328352324,0.5426176402239999
bidet from Blackpool England,neither,0.04071751644889743,0.3089174816120565,0.6503650019390461
Bidet from Brisbane Australia,neither,0.04062582848913359,0.31047366557575606,0.6489005059351104
Hiya @AbraJade,neither,0.03945320844208391,0.33037608806864915,0.630170703489267
@abrajade Hello!,neither,0.03945320844208391,0.33037608806864915,0.630170703489267
"Help G&S make great content! $4.99/month gets you emotes, Minecraft server access, Sub Only Q&As, VODs, and more! Every sub keeps the channel alive! twitch.tv/geekandsundry/subscribe",neither,0.043092924924402844,0.32365565443818894,0.6332514206374082
@TWFXTwinK its from last weekend Kappa,neither,0.035350809951900555,0.3175631460880459,0.6470860439600535
LUL,neither,0.03945320844208391,0.33037608806864915,0.630170703489267
@TWFXTwinK I have no idea,neither,0.037736922608369756,0.35950593781587864,0.6027571395757516
Bidet from Bethlehem PA,neither,0.04069404815304118,0.30931579984010865,0.6499901520068502
Bidet from Alabama!,neither,0.04078317879478948,0.307803020237201,0.6514138009680096
lol,neither,0.020706217963973744,0.4882283491876925,0.4910654328483337
Hi Brian,neither,0.03945320844208391,0.33037608806864915,0.630170703489267
Bidet from Texas,neither,0.040937266849991,0.30518774380265185,0.6538749893473571
LUL,neither,0.03945320844208391,0.33037608806864915,0.630170703489267
My teen mag was sassy. Lol,neither,0.02699727576622275,0.4285174139131572,0.5444853103206202
Bidet from Chicagoland,neither,0.04228451509352876,0.2823214250720796,0.6753940598343917
lol,neither,0.020706217963973744,0.4882283491876925,0.4910654328483337
Bidet from Canada!,neither,0.04071751644889743,0.3089174816120565,0.6503650019390461
gandsSubHype,neither,0.03945320844208391,0.33037608806864915,0.630170703489267
@gemdragyn Bidet from Youngstown Ohio,neither,0.040754399270683486,0.3082914838698526,0.650954116859464
@K0REANSPREE touche,neither,0.03945320844208391,0.33037608806864915,0.630170703489267
Bidet from Arkansas,neither,0.04066490145509902,0.30981049537100724,0.6495246031738937
"Sam's about my age, so I'll guess mid-twenties in that pic",neither,0.028728412858419875,0.46745501924712524,0.5038165678944548
"Brian is such a creep, I love him OMG",neither,0.04294125937178169,0.3365415210269509,0.6205172196012674
Bidet for Florida!,neither,0.031589041125714944,0.291163498149614,0.6772474607246711
"Brian needs a hobby, maybe something like a game. Perhaps D&D?",neither,0.04526586301843904,0.31319211002217967,0.6415420269593813
aw shoot I still havent gotten to see this oneshot yet,neither,0.05604601255758849,0.2971461144762528,0.6468078729661587
@Kendermassacre funny you should say that,offensive_language,0.07399134745348687,0.5286729605873989,0.39733569195911417
gandsSCANLAN gandsSCANLAN gandsSCANLAN,neither,0.03945320844208391,0.33037608806864915,0.630170703489267
"Nah that's a recent photo, just Photo-shoped a bit",neither,0.034562913866292795,0.3675434181387083,0.597893667994999
@kendermassacre lol,neither,0.020706217963973744,0.4882283491876925,0.4910654328483337
"Backstreet boys, 98 degrees, *NSYNC.....WHY DID I LIKE BOYBANDS WHEN I WAS YOUNGER!!!!",neither,0.031769482339494726,0.38187761607788046,0.5863529015826249
Bidet from San Diego!,neither,0.040446282760733435,0.31352102516371877,0.6460326920755478
"I hope we get a Yuri ""Ghostfist"" question tonight :D",neither,0.06956789034414633,0.21579884501693886,0.7146332646389149
What does the Mercer one say I on a phone so cannot read it,neither,0.0289441528113929,0.4633518333463417,0.5077040138422654
BWF smells like garbage? DENISE!!!,neither,0.05086724206682,0.3468695022513152,0.6022632556818647
because you were young @Sano_Kurosaki,neither,0.05545380692059654,0.4211504040182384,0.5233957890611649
bidet from wisconsin!,neither,0.04071751644889743,0.3089174816120565,0.6503650019390461
"@xxMageOfLightxx *squints* now that you mention it, it does look photoshopped!",neither,0.0346396054516045,0.47897667977624475,0.4863837147721508
@TheGoondam It's called Once Upon a Cruise gandsHR gandsHR gandsHR gandsHR,neither,0.038325513406273486,0.33076395410259973,0.6309105324911269
Bidet from Texas!,neither,0.040937266849991,0.30518774380265185,0.6538749893473571
"@fitzman9903 It says ""cabbage""",neither,0.03705275132076009,0.33120171534708004,0.6317455333321599
Happu bidet @rgumball,neither,0.03945320844208391,0.33037608806864915,0.630170703489267
"@paladinish421 : Voice actor by day, heartthrob by night",neither,0.03601222985033989,0.3873442471236733,0.5766435230259869
"@paladinish421 Voice actor by day, heartthrob by night",neither,0.03601222985033989,0.3873442471236733,0.5766435230259869
"@fitzman9903 how rude, he only smells like cabbage Kappa",neither,0.05131068752064812,0.33989673427970557,0.6087925781996464
thank you,neither,0.07325166854587051,0.43632638485078484,0.49042194660334476
np,neither,0.03945320844208391,0.33037608806864915,0.630170703489267
i want an actual bidet tp doesnt get the job done,neither,0.038287115226488304,0.32738804176191516,0.6343248430115966
@K0REANSPREE that might be but I've learned the error of my ways....D&D is my savior,neither,0.018133463419502612,0.42331606691520796,0.5585504696652894
@thegoondam it's highly recommend for LUL S,neither,0.03420491058483206,0.30906697269305805,0.65672811672211
@Dragonchrome yeah I've been waiting for it to hit youtube,neither,0.015132519416376906,0.37787055272122616,0.6069969278623969
he's got cabbage in his muff,neither,0.09884290423910334,0.3953314374915136,0.5058256582693831
what song is this?,neither,0.05996683045653229,0.33256274023851656,0.6074704293049512
Is this about sams one shot?,neither,0.04568893567688576,0.39524213148868215,0.559068932834432
the waiting song,neither,0.03787372795504387,0.3199357969748673,0.642190475070089
"Next on Talks Machina, at 7pm Pacific, the scheduled guests are : Sam Riegel, Yuri Lowenthal, Noelle Stevenson, and MollyOstertag discussing Sam’s One Shot! (#OnceUponACruise from Thursday the 16th ).",neither,0.04531217692823884,0.30956456217747347,0.6451232608942877
The intro music (before Brian's intro and before the theme song) is on Syrinscape -- Electric Hell from the Hells Rebels sound set.,neither,0.03760500092664066,0.46518992096487677,0.4972050781084827
I would buy that issue of tiger beat....,neither,0.03620481711796983,0.35683315572703445,0.6069620271549957
@TheGoondam I think the videos are uploaded to Geekandsundry before Youtube y'know? It's already on there anyway,neither,0.05069338251851273,0.3193882094444257,0.6299184080370616
oh god that picture of sam,neither,0.040431579677757255,0.3235467984346154,0.6360216218876273
