text,top_class,hate_speech,offensive_language,neither
wb to your battlestation chatboi!,neither,0.23494770375848847,0.26649785746664484,0.4985544387748667
I'm okay with @S0bchaks3curity 's plan. I dunno about @talahar 's. This is L.A. and we know neither how to kill wild animals nor take care of them.,neither,0.1672818309952008,0.2723971694846693,0.5603209995201299
@quaraxkad1 dont make me get veccna on you XD im joking,neither,0.04126736404997083,0.45055321215786087,0.5081794237921684
stefMacaron stefMacaron stefMacaron stefMacaron stefMacaron stefMacaron stefMacaron stefMacaron stefMacaron stefMacaron stefMacaron,neither,0.03945320844208391,0.33037608806864915,0.630170703489267
cool intro,neither,0.03945320844208391,0.33037608806864915,0.630170703489267
holy crap ive been gone a long while. when did they get an opneing sequence?,neither,0.033196973196952494,0.363653396348974,0.6031496304540734
jcvimHi becca jcvimHi Whitney jcvimHi Havana jcvimHi BLYTHE I gotta say short dark hair and beard not your best hairstyle Kappa,neither,0.049198495711681535,0.3205633230583912,0.6302381812299273
"Hi Becca, Whitney, and Havana! Welcome Gaurav!",neither,0.03889338548792971,0.3028826573357966,0.6582239571762736
There's the chat,neither,0.038475830946330385,0.2632267952986426,0.698297373755027
hello there AXYB! :D,neither,0.03937036753510788,0.27621722592919734,0.6844124065356949
@S0bchaks3curity We've had it for a good while.,neither,0.01564893135842142,0.2922604209996648,0.6920906476419137
can't people just be 'dumb' anymore?,neither,0.06470379655745663,0.34867785708369525,0.586618346358848
Ehhhhhhhhhhh!,neither,0.03945320844208391,0.33037608806864915,0.630170703489267
thats a really nice dress that havana's wearing.,neither,0.03679632968326761,0.35910919854765616,0.6040944717690762
@danoba oh boy I haven't been here since Thursday,neither,0.07776852385001984,0.2702938651948999,0.6519376109550802
Becca twitter.com/thebeccascott Whitney twitter.com/TweetneyMoore Havana twitter.com/HavanaRamaGaurav twitter.com/DoubleGXG,neither,0.03867758003278445,0.4670072349777802,0.49431518498943533
"I, for one, am Xenuphobic.",neither,0.029710584373893623,0.33248958123088934,0.637799834395217
gandsBeccasaurus gandsBrooklynCop double28Sup stsVana,neither,0.03945320844208391,0.33037608806864915,0.630170703489267
Darth maul? XD,neither,0.03945320844208391,0.33037608806864915,0.630170703489267
that Vana is quite the delightful lady. also kills quite a lot of people.,neither,0.055151129506703166,0.340272311649053,0.6045765588442437
Mall goth Prime,neither,0.03945320844208391,0.33037608806864915,0.630170703489267
"becca sittin' like a proper lady, as always",neither,0.04410228060424159,0.4085514888970238,0.5473462304987347
"Heh, nice.",neither,0.03945320844208391,0.33037608806864915,0.630170703489267
!beccawins,neither,0.03945320844208391,0.33037608806864915,0.630170703489267
"No she doesn't Kappa ...Uh, yes she does. Becca totally did not make me say this...",offensive_language,0.028608986014032577,0.5111599622232911,0.4602310517626763
"Yes she does. Becca always wins. You're hearing it from me, a totally impartial robut.",offensive_language,0.042142389953379995,0.5021798930357648,0.4556777170108552
Whitney where do people shop in Thrashtopia future to be goth?,neither,0.0653953374626876,0.30858064291550713,0.6260240196218052
Amagoth.,neither,0.03945320844208391,0.33037608806864915,0.630170703489267
@quaraxkad1 haha oh boy,neither,0.04033742570678215,0.3586213145156763,0.6010412597775416
cheer100 Pour one out for the mall goth,neither,0.03151767194742295,0.33126530061659026,0.6372170274359866
gandsAJinSpace ramaHype ramaHype ramaHype ramaHype ramaHype ramaHype ramaHype ramaHype ramaHype ramaHype ramaHype ramaHype ramaHoly ramaHoly ramaHoly ramaHoly ramaHoly,neither,0.03945320844208391,0.33037608806864915,0.630170703489267
"darth maul goth, that's right",neither,0.035511835060395874,0.3799669142802147,0.5845212506593895
womanspreading,neither,0.03945320844208391,0.33037608806864915,0.630170703489267
Cheers @S0bchaks3curity,neither,0.03945320844208391,0.33037608806864915,0.630170703489267
@talahar made that joke,neither,0.034807941247610504,0.3810717223804962,0.5841203363718932
I approve,neither,0.03945320844208391,0.33037608806864915,0.630170703489267
Becca is showing all the other Californians how to act around Royalty... you know who I'm chattin' bout,offensive_language,0.0567945271123236,0.496279911697978,0.4469255611896984
Gurav how were your green beans with bacon and pekins?,neither,0.050012803591366,0.2883507621667352,0.6616364342418988
"And Girls say that Guys ""Man-Spreading"" Is sexist and becoming a roblem",neither,0.031727754676638194,0.3888013351596776,0.5794709101636842
*Problem,neither,0.03945320844208391,0.33037608806864915,0.630170703489267
kek,neither,0.03945320844208391,0.33037608806864915,0.630170703489267
LIES GAURAV,neither,0.03945320844208391,0.33037608806864915,0.630170703489267
sounds like you were awesome whitney :D,neither,0.06295012486765553,0.3618276132721896,0.5752222618601549
"@Topazpilot yeah i know, i'm your hype man :P",offensive_language,0.045148678625649474,0.4888550578574781,0.4659962635168725
handegg or proper football? :D,neither,0.03945320844208391,0.33037608806864915,0.630170703489267
Since Vince I think,neither,0.03995593146171164,0.32184356642303363,0.6382005021152548
hiya!,neither,0.03945320844208391,0.33037608806864915,0.630170703489267
@talahar your like dotty,neither,0.25472747918525934,0.31614929028043554,0.4291232305343052
100% sang that.,neither,0.035560636747857394,0.37271695810104827,0.5917224051510942
Or maybe Gaurav is just an honorary lady for the next hour and a half?,neither,0.03659749242355869,0.2979467920989082,0.665455715477533
ramaSing Gaurav,neither,0.03945320844208391,0.33037608806864915,0.630170703489267
I have videos,neither,0.03878455997089674,0.34172479765815056,0.6194906423709529
"i'm not as tall, and my handwriting is worse, other than that: correct ^^",neither,0.03589382853370543,0.32654802539684746,0.6375581460694472
@RiskyPixels Share?,neither,0.03945320844208391,0.33037608806864915,0.630170703489267
Tim Allen is a convicted cocaine dealer,neither,0.04481422668931054,0.32853218806070605,0.6266535852499835
@RiskyPixels share!,neither,0.03945320844208391,0.33037608806864915,0.630170703489267
1st SCRAMBLE TONIGHT GAURAV SINGS @danoba,neither,0.03699530123290266,0.3097938895436021,0.6532108092234953
car talk,neither,0.017673719676318145,0.33786705296677605,0.6444592273569058
@talahar dotty take this down,neither,0.03931185385024542,0.3327752443982364,0.6279129017515183
Tim Allen is a former porn actor,neither,0.04125522632880054,0.37772835305303215,0.5810164206181673
Car Talk,neither,0.017673719676318145,0.33786705296677605,0.6444592273569058
NPH > NPR,neither,0.03945320844208391,0.33037608806864915,0.630170703489267
Tim Allen is a convicted tool man,neither,0.04566173366852222,0.3752303519727631,0.5791079143587147
haha I don't think any of the karaoke stuff got shared.,neither,0.03589571113027243,0.38571858874302106,0.5783857001267064
@s0bchaks3curity what the fuck,offensive_language,0.29142062242413674,0.7085786605941925,7.169816707264273e-07
cheer200 Really @Critternation3000 ?,neither,0.03945320844208391,0.33037608806864915,0.630170703489267
She's in jeans anyway!,neither,0.04092619815295815,0.4181402870389651,0.5409335148080767
!wtfisthis,neither,0.03945320844208391,0.33037608806864915,0.630170703489267
"This is AXYB, an adult slumber party where the hosts play Telltale games, and whenever there's a choice to be made they each argue for one of the options and YOU vote on the outcome!",neither,0.046062222325273995,0.27288901214896916,0.6810487655257568
He got out of jail fast by snitching on all of his friends. He is a great guy.,neither,0.058963647332927756,0.41724679290767236,0.5237895597593998
@Topazpilot truth,neither,0.03945320844208391,0.33037608806864915,0.630170703489267
Tom and Ray Magliozzi brothers,neither,0.03874693208662281,0.2950506654908713,0.6662024024225058
ZANGA!,neither,0.03945320844208391,0.33037608806864915,0.630170703489267
CHeers @Zismarith,neither,0.03945320844208391,0.33037608806864915,0.630170703489267
Booo,neither,0.03945320844208391,0.33037608806864915,0.630170703489267
@s0bchaks3curity he is not a fucking porn actor,offensive_language,0.11304476739481155,0.8839056683292889,0.003049564275899631
THAT'S SO WHITNEY,neither,0.03512971280919057,0.42563749535700546,0.539232791833804
@Topazpilot i said he is a former porn actor,neither,0.04589831124586382,0.3848299249936065,0.5692717637605297
!respect,neither,0.03945320844208391,0.33037608806864915,0.630170703489267
"If you would like to share opinions on our hosts, guests or fellow viewers, please do so in a respectful manner. Don't make them feel uncomfortable.",neither,0.04843323757214918,0.39559142321184637,0.5559753392160044
But Susan Sarandon is a Trump fan....,neither,0.04354265530203033,0.33698258280010823,0.6194747618978614
@s0bchaks3curity exactly,neither,0.03945320844208391,0.33037608806864915,0.630170703489267
"well, my stream just broke, cheerio all ^^",neither,0.027776534044817083,0.48593432303789275,0.48628914291729025
@talahar where's my hype man,neither,0.029539037969395016,0.46034342831097624,0.5101175337196289
@talahar Mine too. Reload and it should be fine,neither,0.04866800732863526,0.3303334839931644,0.6209985086782003
Susan Sarandon is anything BUT a Trump fan.,neither,0.04312261595583035,0.3363425904373383,0.6205347936068314
@Highfarm73 think she was really just anti-hillary because it was fashionable,neither,0.036460995984597455,0.39941018253957206,0.5641288214758305
mosh mosh mosh~!!,neither,0.03945320844208391,0.33037608806864915,0.630170703489267
she's so anti-trump she can't be more anti-trump,neither,0.042042180225534735,0.4257945330642244,0.5321632867102409
Git Thrashed.,neither,0.03945320844208391,0.33037608806864915,0.630170703489267
yeah looks like twich had a hickup,neither,0.02971934622926152,0.47258627121126284,0.4976943825594756
becca manspreading and gaurav ... not,neither,0.03496010983594132,0.2520552869637435,0.7129846032003152
FailFish,neither,0.03945320844208391,0.33037608806864915,0.630170703489267
"first episode was great, yoga robot was super creepy though",neither,0.03462922829338408,0.32012242006472497,0.645248351641891
"""She just delivered a message from King's Landing to Winterfell?!? That's so Raven!""",neither,0.03945024018717319,0.4375713487831221,0.5229784110297048
Twitch going pants-on-head with my quality right now. Alternating between 1080 and 160,neither,0.024937805330203892,0.41635589596458666,0.5587062987052095
I Opened the stream BECAUSE she was woman-spreading 😊😊😊👍👍👍👌👌👌,neither,0.03811697543510484,0.3963048412731795,0.5655781832917156
tethered_raven don't you know that being anti Hillary equals being pro Trump? :D,neither,0.0394701946745823,0.40501945360028546,0.5555103517251323
"stream does seem shakey today, I think they may be rolling out new tech",neither,0.03225964545993767,0.3380565168331919,0.6296838377068704
@consuela3 Gaurav is an honorary lady. Becca is . . . Becca.,neither,0.05448712588915451,0.3208280095297379,0.6246848645811077
honorable mention to YogaBot,neither,0.04958554022730463,0.32454282239833815,0.6258716373743571
WORTH IT! gandsLessthanthree,neither,0.037296453491641644,0.331117894995404,0.6315856515129544
@geekandsundry oh boy atleast its not windows 10,neither,0.037538639343844084,0.29978592490290734,0.6626754357532486
!respect,neither,0.03945320844208391,0.33037608806864915,0.630170703489267
"If you would like to share opinions on our hosts, guests or fellow viewers, please do so in a respectful manner. Don't make them feel uncomfortable.",neither,0.04843323757214918,0.39559142321184637,0.5559753392160044
@GeekandSundry Haven't noticed anything wrong or different.,neither,0.03945320844208391,0.33037608806864915,0.630170703489267
Weave game official website http://www.weave.game/,neither,0.0373254905086725,0.24048286521131906,0.7221916442800085
there we go with the weave thing @Dragonchrome :),neither,0.02987443885270377,0.31710762572606127,0.6530179354212351
is that the chick from the Super Deluxe videos?,neither,0.04149281670641307,0.3232806300172689,0.6352265532763179
@talahar yo hype man dotty,offensive_language,0.03995672263188982,0.49321674445674196,0.46682653291136816
"Wow, Blythe IS here! :P",neither,0.14326033728133267,0.26620581748341626,0.5905338452352511
@jeffm0307 yup,neither,0.03945320844208391,0.33037608806864915,0.630170703489267
lol,neither,0.020706217963973744,0.4882283491876925,0.4910654328483337
I'm already acquainted with quaint.,neither,0.021970049960209462,0.41920973365968706,0.5588202163801036
playing Telltale Games : Guardians of The Galaxy,neither,0.038668595287520785,0.3160685369315476,0.6452628677809318
hey guys,neither,0.03929207127355727,0.33311100635304525,0.6275969223733975
ramaWave ramaWave ramaHype ramaHype ramaHype ramaWave ramaWave,neither,0.03945320844208391,0.33037608806864915,0.630170703489267
#StayQuaint,neither,0.03945320844208391,0.33037608806864915,0.630170703489267
