text,top_class,hate_speech,offensive_language,neither
resub gandsSubHype,neither,0.03945320844208391,0.33037608806864915,0.630170703489267
Re hrpgSub hrpgHyperHype,neither,0.10802165902134243,0.2484119200751343,0.6435664209035233
jcvimHi holy heck thats an awesome line up of guests,neither,0.03793192859971039,0.3610501168773142,0.6010179545229755
gandsSubHype gandsLessthanthree,neither,0.03945320844208391,0.33037608806864915,0.630170703489267
Oshi’s all round beccaOshibaby beccaOshibaby beccaOshibaby beccaOshibaby,neither,0.04249633925669469,0.4492323288070733,0.508271331936232
G'evening,neither,0.03945320844208391,0.33037608806864915,0.630170703489267
"Hi Cheater, Sandeep, Milana and Colin!",neither,0.03870944257742205,0.292987672328244,0.6683028850943339
beccaWIN beccaOshibaby beccaWIN beccaOshibaby beccaWIN,neither,0.03945320844208391,0.33037608806864915,0.630170703489267
http://www.dicetowernews.com/fantasy-flight-games-announces-details-on-imperial-assault-app/47979,neither,0.036535078882091544,0.28350603332470514,0.6799588877932033
They are a Borging race!,hate_speech,0.5113214844777748,0.010753995124092454,0.47792452039813277
Hi?,neither,0.03945320844208391,0.33037608806864915,0.630170703489267
Hmm.,neither,0.03945320844208391,0.33037608806864915,0.630170703489267
https://www.flickeringmyth.com/2017/11/rambo-board-game-infiltrate-kickstarter-january/,neither,0.03910152262408273,0.30991959090222776,0.6509788864736896
find out how quickly Becca will leave you to be assimilated,neither,0.061601878109452,0.28364567137928753,0.6547524505112604
Hi @Leleisland,neither,0.03945320844208391,0.33037608806864915,0.630170703489267
beccaOshibaby beccaOshibaby beccaOshibaby beccaOshibaby beccaOshibaby,neither,0.03945320844208391,0.33037608806864915,0.630170703489267
How are you?,neither,0.19156335723385254,0.31525141242459664,0.49318523034155076
beccaOshibaby beccaOshibaby beccaOshibaby beccaOshibaby beccaOshibaby,neither,0.03945320844208391,0.33037608806864915,0.630170703489267
https://www.kickstarter.com/projects/morningplayers/kill-the-unicorns,neither,0.2353725304648107,0.2258705409847623,0.538756928550427
oshi \o/,neither,0.03945320844208391,0.33037608806864915,0.630170703489267
Oshi HYPE!!!!,neither,0.03945320844208391,0.33037608806864915,0.630170703489267
"wow, he's grown",neither,0.037555574617240635,0.44684331878460404,0.5156011065981554
"Multitasking, bravo",neither,0.03945320844208391,0.33037608806864915,0.630170703489267
Is that a service dog? Why does Becca have a service dog?,neither,0.028035855535993484,0.4290739319597193,0.5428902125042872
becca's so good at news reporting,neither,0.03773562724213134,0.4123549055807606,0.549909467177108
Oshi was so cute sleeping on the couch with Kate and Becca yesterday!,neither,0.031081436518792888,0.33489909873523116,0.6340194647459759
https://www.kickstarter.com/projects/888782331/boxthrone-the-modular-board-game-shelving-system,neither,0.0385897493964017,0.29815135812103083,0.6632588924825675
Becca we have told you to stop the unicorn sacrifices. PLease stop Becca,neither,0.054495369396578584,0.4637565966581846,0.48174803394523696
"Yup, that's what I thought. This is still the dog show. I'm out. I'll be back for The Wednesday Club.",neither,0.047044321595369296,0.24470359680821582,0.708252081596415
Oshi alert!,neither,0.03945320844208391,0.33037608806864915,0.630170703489267
For all you Star Wars Destiny Fans there will be a new set coming out early next year,neither,0.045208116070374546,0.2921905300794191,0.6626013538502064
Re hrpgSub hrpgHyperHype,neither,0.10802165902134243,0.2484119200751343,0.6435664209035233
"Help G&S make great content! $4.99/month gets you emotes, Minecraft server access, Sub Only Q&As, VODs, and more! Every sub keeps the channel alive! twitch.tv/geekandsundry/subscribe",neither,0.043092924924402844,0.32365565443818894,0.6332514206374082
OSHI,neither,0.03945320844208391,0.33037608806864915,0.630170703489267
those unicorns had it coming. bastard sparkly hornhead horses!,neither,0.05623837698455373,0.27721768605429525,0.666543936961151
"If we can't use epo in that game, its not fun",neither,0.008226230135680798,0.4387906168348641,0.5529831530294552
Killing those Horny unicorns is encouraged,neither,0.0756736242672176,0.25867096256497507,0.6656554131678073
I’m here to enjoy my night,neither,0.06491752398660418,0.3768633410360731,0.5582191349773228
^,neither,0.03945320844208391,0.33037608806864915,0.630170703489267
Let’s do it,neither,0.018317745205705904,0.38103375345781354,0.6006485013364806
!whodat,neither,0.03945320844208391,0.33037608806864915,0.630170703489267
"Becca Scott ( twitter.com/thebeccascott ), with guests Sandeep Parikh ( twitter.com/sandeepparikh ), Milana Vayntrub ( twitter.com/MintMilana ), and Colin Ferguson ( twitter.com/colinferg ).",neither,0.034977129402308474,0.46430173840009864,0.500721132197593
Squirrel Girl HYPE!!!!,neither,0.03406096094162714,0.3832180895842838,0.582720949474089
Re hrpgSub hrpgHyperHype,neither,0.10802165902134243,0.2484119200751343,0.6435664209035233
jcvimHi becca jcvimHi colin jcvimHi milana jcvimHi OMG IT'S ZABOO,neither,0.037108910668695844,0.3311823995721042,0.6317086897591999
"I wonder ""if the winner gets a Rolex"" in this game too :-D",neither,0.027273010178304805,0.33164009277997386,0.6410868970417213
ahhh Colin Ferguson!!,neither,0.03945320844208391,0.33037608806864915,0.630170703489267
*air horns*,neither,0.03945320844208391,0.33037608806864915,0.630170703489267
beccaWIN beccaOshibaby beccaWIN beccaOshibaby beccaWIN beccaOshibaby,neither,0.03945320844208391,0.33037608806864915,0.630170703489267
Huuaaaa!,neither,0.03945320844208391,0.33037608806864915,0.630170703489267
Is it just me or do they sound tinny?,neither,0.03474149089568702,0.3867906508375931,0.5784678582667199
good choice of game for the show. light on complexity and with easily conveyed information,neither,0.033952094781251135,0.24888486833398876,0.71716303688476
MintmIlana!!!!!!,neither,0.03945320844208391,0.33037608806864915,0.630170703489267
"and hello milana, sandeep, colin!",neither,0.03840264189818727,0.2749437060729204,0.6866536520288923
big hearts,neither,0.022722416642937546,0.40023740148617115,0.5770401818708913
I would die for the puppy.,neither,0.15348094378143712,0.12219667204582155,0.7243223841727413
got all the A listers today beccaWIN beccaOshibaby,neither,0.03608975721864329,0.4372506619420134,0.5266595808393434
Suddenly have envy for Oshi. :P,neither,0.03408624026083562,0.31288742377593387,0.6530263359632306
"Hi Sandeep,Haha I’m currently crafting The Guild Christmas tree decs!",neither,0.03594200470895068,0.3691240181268821,0.5949339771641673
whodat,neither,0.03945320844208391,0.33037608806864915,0.630170703489267
Zaboo! <3,neither,0.03945320844208391,0.33037608806864915,0.630170703489267
Using puppy cuddles to get mega stars to guest is a great ploy @GeekandSundry,neither,0.046983510298511194,0.34921930871975976,0.6037971809817291
It is a cool Choose Your Own Adventure type show!,neither,0.10759924638548557,0.2641362581796975,0.6282644954348169
Milana is waifu,neither,0.081172750358939,0.3160268245287109,0.60280042511235
Hey Chat!,neither,0.03945320844208391,0.33037608806864915,0.630170703489267
hrpgSub hrpgHyperHype,neither,0.03945320844208391,0.33037608806864915,0.630170703489267
Hi @Holrend,neither,0.03945320844208391,0.33037608806864915,0.630170703489267
squirrel girl \o/,neither,0.03291264244059879,0.39483770895672,0.5722496486026812
As cute as Oshi is..... Kate killed it yesterday during the 10000 chicken vs 1 Chuck Norris segment :-D,neither,0.040807874479216265,0.3385387550983751,0.6206533704224085
#TeamMilana,neither,0.03945320844208391,0.33037608806864915,0.630170703489267
Hello Sheriff Carter,neither,0.03945320844208391,0.33037608806864915,0.630170703489267
LUL,neither,0.03945320844208391,0.33037608806864915,0.630170703489267
!whodat now has Oshi.,neither,0.04015268038909536,0.3185042236515482,0.6413430959593566
"Becca Scott ( twitter.com/thebeccascott ), with guests Sandeep Parikh ( twitter.com/sandeepparikh ), Milana Vayntrub ( twitter.com/MintMilana ), and Colin Ferguson ( twitter.com/colinferg ) and Oshi ( instagram.com/oshipup ).",neither,0.035031843825715246,0.4374989799728076,0.5274691762014772
yes totally wife material,neither,0.03945320844208391,0.33037608806864915,0.630170703489267
Becca is an expert on Japanese jcvimKappa its where Oshi got his name from,neither,0.05932370388322529,0.3354292499690462,0.6052470461477284
It's a weeabo term meaning he wants you as his wife.,neither,0.07535117998029531,0.38757408109126096,0.5370747389284438
u right becca,neither,0.03719022913728602,0.3744360956046963,0.5883736752580178
im so jealous of Oshi,neither,0.0383886244717158,0.4233061361185508,0.5383052394097334
Oshi is in the whodat. And has an insta?,neither,0.04631519421652029,0.26633878397366434,0.6873460218098154
hey i recognize that lady on the right,neither,0.0329511420669659,0.3753032338861443,0.5917456240468898
!ido - let's move on.,neither,0.01904792013630686,0.3893028613904709,0.5916492184732222
"We would like to remind everyone that marriage takes communication and work, and is not just about physical appearance. In order to love someone enough to marry them, knowing them in person is important. You can definitely #LessThanThree everyone here classily though, and they will #LessThanThree you back!",neither,0.08160178472055236,0.3814592929677277,0.5369389223117199
Oshipup is best male puppy model of the year,neither,0.043652694112962534,0.31267075927272026,0.6436765466143172
"Colin, which character did you enjoy portraying more, Sheriff Carter from Eureka, or William from Haven?",neither,0.05000844834010896,0.3294317177219575,0.6205598339379337
Re hrpgSub hrpgHyperHype,neither,0.10802165902134243,0.2484119200751343,0.6435664209035233
choose your own adventure.. .,neither,0.0963584834700903,0.3124182671521062,0.5912232493778036
A choose your own adventure sitcom,neither,0.08426649065244664,0.3162857467628975,0.5994477625846559
A choose-your-own-adventure sitcom?,neither,0.08426649065244664,0.3162857467628975,0.5994477625846559
is Colin in this show as well?,neither,0.06680633702844804,0.2810878985485043,0.6521057644230476
hi,neither,0.03945320844208391,0.33037608806864915,0.630170703489267
Poooound,neither,0.03945320844208391,0.33037608806864915,0.630170703489267
Telltale meets 2 Broke Girls,neither,0.02597287776139521,0.41147041544265395,0.5625567067959507
!oshi,neither,0.03945320844208391,0.33037608806864915,0.630170703489267
Good boy! <3,neither,0.03840003470204111,0.3307383228117663,0.6308616424861926
@Critternation3000 Yep,neither,0.03945320844208391,0.33037608806864915,0.630170703489267
Hi @gm_memezxkie,neither,0.03945320844208391,0.33037608806864915,0.630170703489267
So we are going to play this show on AXYB?,neither,0.08897877045145053,0.29358873489608656,0.617432494652463
ROGUE?,neither,0.03945320844208391,0.33037608806864915,0.630170703489267
that's me!,offensive_language,0.017350294158916552,0.5073325113214118,0.47531719451967175
Hello Everyone! So good to see everyone <3 and Colin!!!!,neither,0.0347087127031069,0.4579116757616349,0.5073796115352582
Hi Leigh,neither,0.03945320844208391,0.33037608806864915,0.630170703489267
Star Wars Rouge One,neither,0.03879501652480085,0.3545784317131751,0.6066265517620242
Hi @Leigh574,neither,0.03945320844208391,0.33037608806864915,0.630170703489267
aww little Oshi playing on the floor,neither,0.03626928406741344,0.3321359354307729,0.6315947805018137
Re hrpgSub hrpgHyperHype,neither,0.10802165902134243,0.2484119200751343,0.6435664209035233
FLAME ROGUE? Can't be very stealthy if you're on fire Kappa,neither,0.043665173838207366,0.3792634217822464,0.5770714043795463
episode VI is always a good crowd pleaser,neither,0.04327896020656697,0.36784255263398064,0.5888784871594523
hi @Zismarith :) hi @chaoticloony :),neither,0.03945320844208391,0.33037608806864915,0.630170703489267
perfect sandeep,neither,0.03945320844208391,0.33037608806864915,0.630170703489267
Zoe has a dog?,neither,0.039847036057865826,0.32369180562065497,0.6364611583214793
Oshi is loving those show laces,neither,0.10680624523839426,0.18022007253938127,0.7129736822222245
Colin will always be one of the best Sheriff's of all time!,neither,0.03785694426936677,0.42239735223929614,0.539745703491337
monkaS does he ever stop chewing,offensive_language,0.030948037262332955,0.49432049153808366,0.4747314711995834
Colin who you may know from appearing on tabletop with internet sensation Amy Dallen,neither,0.04121179104605216,0.4103520538737751,0.5484361550801728
Re hrpgSub hrpgHyperHype,neither,0.10802165902134243,0.2484119200751343,0.6435664209035233
Most important part of game is !beccawins,neither,0.045738820090411234,0.2927186956581633,0.6615424842514254
Don't forget to visit Star Trek Online and support Shield of Tomorrow! www.StarTrekOnline.com/ShieldofTomorrow,neither,0.05687602105656693,0.30425729811326435,0.6388666808301687
