text,top_class,hate_speech,offensive_language,neither
YAY!,neither,0.03945320844208391,0.33037608806864915,0.630170703489267
Hel-looooooo!,neither,0.03945320844208391,0.33037608806864915,0.630170703489267
!twc,neither,0.03945320844208391,0.33037608806864915,0.630170703489267
Here are some handy The Wednesday Club resources! TWC Reddit: reddit.com/r/WednesdayClub/ | Discord: https://discord.gg/6QK9fVB | Wednesday Club Fanclub on Facebook: facebook.com/groups/1945232949091586/,neither,0.041287213005686295,0.3375124748912654,0.6212003121030484
Mercer is streaming right now!,neither,0.046361952747999126,0.34542059437477285,0.6082174528772281
Whoo!,neither,0.03945320844208391,0.33037608806864915,0.630170703489267
Yayyyy!,neither,0.03945320844208391,0.33037608806864915,0.630170703489267
doogHype doogHype doogHype,neither,0.03945320844208391,0.33037608806864915,0.630170703489267
"Help G&S make great content! $4.99/month gets you emotes, Minecraft server access, Sub Only Q&As, VODs, and more! Every sub keeps the channel alive! twitch.tv/geekandsundry/subscribe",neither,0.043092924924402844,0.32365565443818894,0.6332514206374082
@FuffyButt A vending machine for comics?,neither,0.03524108738835149,0.3093271423666483,0.6554317702450002
Anyone see the new avengers trailer,neither,0.1793593158434829,0.27183447758702134,0.5488062065694959
Talesin Lives!,neither,0.03945320844208391,0.33037608806864915,0.630170703489267
@FuffyButt how much do vending machines go for these days?,neither,0.03923638115780398,0.35753922487239015,0.6032243939698059
Yay we're on the Internet!,neither,0.0511092410003639,0.305363433461863,0.643527325537773
"This topic is the least interesting to me since I don't have kids (or grandkids, at my age). But even if I did I would let them read any comic book and just answer any questions they had about things they didn't understand. I would probably make a bad parent, lol.",neither,0.021673588751228285,0.4288294963668421,0.5494969148819298
hi y'all!,neither,0.0423466876598404,0.4436528871510691,0.5140004251890904
hello from chiswick,neither,0.040875471929787875,0.3062365648703896,0.6528879631998226
"Yay, Ashley! <3",neither,0.03945320844208391,0.33037608806864915,0.630170703489267
Scrooge McDuck!,neither,0.03945320844208391,0.33037608806864915,0.630170703489267
I love my games of confusion,neither,0.02343176736862099,0.4531022816686474,0.5234659509627315
cheer100 cheer100 cheer100,neither,0.03945320844208391,0.33037608806864915,0.630170703489267
"Hi Amy, Hi Matt, Hi Taliesin, Hi Ashley :)",neither,0.03945320844208391,0.33037608806864915,0.630170703489267
"But I still will enjoy watching any episode of TWC, just to hang out with my beloved nerds.",neither,0.025459277132703226,0.41504791026154486,0.5594928126057518
that shirt on Talesin is great,neither,0.0384106040041887,0.3580740094420619,0.6035153865537494
,neither,0.03945320844208391,0.33037608806864915,0.630170703489267
theyre always surprised. and they dont even get liam trolling during the intro,neither,0.03710712640930461,0.3411354289102665,0.6217574446804289
Sweet Karl Barks :D,neither,0.03945320844208391,0.33037608806864915,0.630170703489267
Alooooooooo!!! <3 <3 <3 wb,neither,0.03945320844208391,0.33037608806864915,0.630170703489267
I want Taliesin's shirt,neither,0.03978580824121255,0.3247310014611293,0.6354831902976583
"Hi Matt, Amy, Ashley and Taliesin!",neither,0.03889664219832892,0.3030530601963738,0.6580502976052972
yes we do,neither,0.04123256842281052,0.3333434682486652,0.6254239633285242
They'll be back.,neither,0.04010406829325918,0.33582630466707575,0.6240696270396652
Taliesin is like 9 cats today :P 9 very sassy cats.,neither,0.05424309062213793,0.15933637568352907,0.786420533694333
"Amy, did you get to meet Milena?",neither,0.06144566298883679,0.37585832010983866,0.5626960169013246
<3 #EnthusiArmy,neither,0.03945320844208391,0.33037608806864915,0.630170703489267
"duck duck, ghost on the chalk board",neither,0.037494003121847766,0.3288033365330597,0.6337026603450926
...whats going on? How can the before-show of AYBGF be on when AYBGF isnt on? :P LOL,neither,0.029361171077181548,0.4101208431509561,0.5605179857718625
Whoooo!,neither,0.03945320844208391,0.33037608806864915,0.630170703489267
hi Taliesin,neither,0.03945320844208391,0.33037608806864915,0.630170703489267
Backstreet Boys! Backstreet Boys! Backstreet Boys!,neither,0.03945320844208391,0.33037608806864915,0.630170703489267
!questions,neither,0.03945320844208391,0.33037608806864915,0.630170703489267
"To make it easier to read questions in chat, please preface your questions with the word question in all caps. For example, QUESTION: How are you today?",neither,0.06209713493468228,0.3342013724685751,0.6037014925967426
ooh a poptart pillow from mines and crafts,neither,0.03957078956384174,0.29265493817320243,0.6677742722629558
AMY- Did you meet Squirrel Girl?!,neither,0.04513065071811441,0.40722990280537735,0.5476394464765081
"Oh Amy, you don't have to explain an opening derp - we expect and love it",neither,0.05273918147457698,0.3104102159386454,0.6368506025867776
Dread cameo?,neither,0.03945320844208391,0.33037608806864915,0.630170703489267
"@Danoba Hey, happy Wednesday! Hope your week has been going great and you had a great Thanksgiving!",neither,0.08120211884325096,0.2547021552241092,0.66409572593264
i missed you guys last week.,neither,0.05479897563052224,0.37606084733385875,0.5691401770356189
This is the best show on the internet.,neither,0.05606365226168765,0.24093820329269136,0.702998144445621
jcvimHi amy jcvimHi matt jcvimHi ashley jcvimHi taliesin,neither,0.03945320844208391,0.33037608806864915,0.630170703489267
For kids!,neither,0.03036766408618884,0.28513426503670225,0.6844980708771089
Evening Wednesdaisies! I've missed you all <3,neither,0.029289810837443708,0.41463262793933653,0.5560775612232197
Runaways is so good! Long live Old Lace.,neither,0.049037758488378894,0.36049779431381007,0.5904644471978111
Tal! You look so nice!,neither,0.05701803793322524,0.4188464344864771,0.5241355275802977
"Oh man, my dad would love this episode. He always loved those Donald Duck comics growing up.",neither,0.04456697583653401,0.39664404674399206,0.5587889774194741
i still undecided on Runaways,neither,0.03222919757448689,0.3878380359520568,0.5799327664734563
@animavisionary he doesn't have to...he does it for us,neither,0.06118513864313779,0.4037399123847207,0.5350749489721416
Yeah 'The Pull' was gone before DC 'Rebirth' happened so Ashley couldn't have been on for that topic :(,neither,0.02446560608819085,0.43821521261139496,0.5373191813004142
Then they get into the Terry Moore and Joss Whedon stuff. Losers.,neither,0.03784312874675963,0.29434973170076156,0.6678071395524787
runaways.. soo good. the first episode almost mirrored the first original issue. only read the first issue of the new run,neither,0.03166077446718186,0.2771135685588794,0.6912256569739388
"Real impressed with Runaways TV show, adding depth to the Pride.",neither,0.03922612673186434,0.3639071077717579,0.5968667654963776
Re hrpgSub hrpgHyperHype,neither,0.10802165902134243,0.2484119200751343,0.6435664209035233
@tortugadelmar bless him,neither,0.039283368408962925,0.33325871667787804,0.627457914913159
my 10 year old loves runaways!,neither,0.029235021973988456,0.4090527549572829,0.5617122230687285
ahahahahaha it's true,neither,0.037160064422042796,0.331164805450642,0.6316751301273151
they need to swap,neither,0.04631131633723437,0.3247233557205419,0.6289653279422238
lol chief,neither,0.029869404313338878,0.4015213065569965,0.5686092891296647
HAHAHAH! Chief always is wins,neither,0.04405153257377731,0.36981137140933845,0.5861370960168842
"They are, oh man",neither,0.09313398865191215,0.2815118857509739,0.6253541255971139
"@japenrose Hey there, it has been good, thanks, how was yours? And it was a nice and relaxing break.",neither,0.036053231375623496,0.26629703446349057,0.6976497341608859
Ha!,neither,0.03945320844208391,0.33037608806864915,0.630170703489267
"Very true, Chief.",neither,0.03945320844208391,0.33037608806864915,0.630170703489267
haha chief!,neither,0.03468114033305647,0.4113705379841909,0.5539483216827525
I bought the Entire Runway Volumes this Weekend :P,neither,0.038838657863620694,0.3212392274339916,0.6399221147023878
haha. i didnt think of that. well done chief,neither,0.03369547102030954,0.4122006828098467,0.5541038461698439
LOL,neither,0.020706217963973744,0.4882283491876925,0.4910654328483337
Chief what did you do :P,neither,0.06759577151843772,0.37429558620696707,0.5581086422745952
QUESTION: Amy did you meet Squirrel Girl?,neither,0.04458521390844817,0.4001159892570944,0.5552987968344575
omg BONE is on the table! :D,neither,0.04286967333884009,0.325711661552786,0.6314186651083739
OMG Amy is wearing a Squirrel Girl shirt and Milana Vayntrub was on Game the Game earlier! Did Amy and Milana meet and did the universe explode with all the awesomeness?,neither,0.03406764264694256,0.308627708768786,0.6573046485842715
oh my god they ARE,neither,0.05920918211430872,0.3196634278715403,0.6211273900141511
LOL Chief,neither,0.029869404313338878,0.4015213065569965,0.5686092891296647
so does Talesin's pants,offensive_language,0.024730452579750768,0.5099378084053611,0.46533173901488817
AMY- Did you meet Squirrel Girl?!,neither,0.04513065071811441,0.40722990280537735,0.5476394464765081
"I have that copy of Bone, have to be careful with it because there are way too many pages for it's binding.",neither,0.04013748092060224,0.3233362576639354,0.6365262614154623
you guys definitely segued into that,neither,0.05156302378115124,0.4272263752202939,0.5212106009985549
HAHAHAHAHAHAA,neither,0.03945320844208391,0.33037608806864915,0.630170703489267
Hewhehhe,neither,0.03945320844208391,0.33037608806864915,0.630170703489267
"I want a wee riding bear, not a segway :P",neither,0.03858331683303034,0.3311450802459101,0.6302716029210594
Dare I say we havent had a Prisoner mention in several weeks?,neither,0.03936079102834628,0.3319446527700071,0.6286945562016466
Matt that is a lie you do not hate Chief,neither,0.2134669532817091,0.31975824362096206,0.46677480309732894
I realised recently that segue is not spelled as 'segway' . It was very awkward >.>,neither,0.03873878349870421,0.37440136593904283,0.5868598505622531
I like you chief.,neither,0.08845160203244924,0.42525790492594717,0.4862904930416035
"@Danoba Definitely interesting and lively with my cousins, but fun nonetheless. Glad you got to relax! You all work so hard!",offensive_language,0.037915902073635634,0.599454466585803,0.3626296313405614
"@chaoticloony between the two of us, we will get an answer",neither,0.06857635660442071,0.2923745954809674,0.6390490479146119
I love you chief,neither,0.05678480960395681,0.4111942171739237,0.5320209732221195
@Capefoxalix what it's not...,neither,0.04421877389002275,0.3331417518618232,0.622639474248154
I loaned out my copy of Bone to a friend and never got it back and I'm so sad... I need to rebuy it,neither,0.03202817204653047,0.40500398067134935,0.56296784728212
"Legit, Runaways brought me back to American comics after years away. The library had it over with the manga.",neither,0.03320667292182973,0.31176020441594504,0.6550331226622252
are those pillow poptarts behind amy and matt,neither,0.0755631971088083,0.22825168512892646,0.6961851177622653
"@RMutt1917 Damn right, inquiring minds want to know!",offensive_language,0.05079409543925209,0.7585722510763718,0.19063365348437608
I just wish I could have seen Matt watch the Infinity War trailer for the first time. Seeing him react to Dr Strange.,neither,0.08108097838411274,0.34071152140375693,0.5782075002121304
!twc,neither,0.03945320844208391,0.33037608806864915,0.630170703489267
Here are some handy The Wednesday Club resources! TWC Reddit: reddit.com/r/WednesdayClub/ | Discord: https://discord.gg/6QK9fVB | Wednesday Club Fanclub on Facebook: facebook.com/groups/1945232949091586/,neither,0.041287213005686295,0.3375124748912654,0.6212003121030484
"@japenrose Nice, glad you had a fun Thanksgiving. And well we do what we do because we love it.",neither,0.048391000657814015,0.33881582750707856,0.6127931718351074
poptart pillows from mines and crafts on the couch!,neither,0.03705353934903003,0.28848173505348573,0.6744647255974843
Cool!,neither,0.03945320844208391,0.33037608806864915,0.630170703489267
Someone bring up Power Pack. The original run was genuinely wonderful. And it's more relevant than almost everything else they're probably talking about.,neither,0.042884421934925136,0.3351614606318081,0.6219541174332669
YEAHHHHH!,neither,0.03945320844208391,0.33037608806864915,0.630170703489267
"@misssunflower94 yes, they made them on Mines & Crafts Monday.",neither,0.04750934825267318,0.3348435257199563,0.6176471260273705
YAY!,neither,0.03945320844208391,0.33037608806864915,0.630170703489267
juperter Et,neither,0.03945320844208391,0.33037608806864915,0.630170703489267
@Danoba And we certainly love all the content you all produce! So we're grateful for all the love you put into it.,neither,0.057255352286042456,0.4474313507955781,0.49531329691837944
"Oh, anyone know about Cucumber Quest, which is now finally in printed form?",neither,0.04517136365215199,0.31799944570062033,0.6368291906472276
"The next MnC, they should make those pillows into Nyan Cat Kappa",neither,0.06592223559519854,0.2993788265569457,0.6346989378478557
I like that they say 'all ages' and not just 'for kids',neither,0.035025045678015315,0.38587571758524297,0.5790992367367418
I can't relate to those pillows. I only eat unfrosted Poptarts.,neither,0.07202331346306845,0.25694453723286276,0.6710321493040687
Oh my gods Chief! You're right! That's way too much time Matt took to mention Doctor Strange tonight! It should've happened sooner...My heart is broken :(,neither,0.03610903943574289,0.4064012753434464,0.5574896852208107
@japenrose gandsLessthanthree,neither,0.03945320844208391,0.33037608806864915,0.630170703489267
Cucumber Quest is great!,neither,0.04416790601411646,0.30812629564636,0.6477057983395236
OMG I LOVED babysitters club!,neither,0.03945320844208391,0.33037608806864915,0.630170703489267
BABYSITTER'S CLUB,neither,0.03945320844208391,0.33037608806864915,0.630170703489267
i totally read encyclopedia brown....,neither,0.03945320844208391,0.33037608806864915,0.630170703489267
Oh and the horse club ones....,neither,0.042192681157524496,0.2446431403192141,0.7131641785232613
Babysitter's Club was my JAM!,neither,0.02824264633966612,0.41873446066066206,0.5530228929996719
"I feel a little dated Taliesin, thanks.",neither,0.03730812198228017,0.31891751492786125,0.6437743630898586
ANIMORPHS,neither,0.03945320844208391,0.33037608806864915,0.630170703489267
KAREN WAS MY SHIT,offensive_language,0.025850691902966676,0.9741477367230191,1.5713740139963754e-06
omg Young Adult for me was always like teen level books,neither,0.03427103556926811,0.4027972634947098,0.5629317009360221
"dilemma, watch wednesdy club or Matt's strem :(",neither,0.04349237559714987,0.3289868332655783,0.6275207911372718
@lixyewup Same z,neither,0.04148851938089603,0.3488915597363099,0.609619920882794
stream,neither,0.03945320844208391,0.33037608806864915,0.630170703489267
ANIMORPHS!!!,neither,0.03945320844208391,0.33037608806864915,0.630170703489267
i had some baby sitters club little sister,neither,0.03236574427894807,0.3465345018637587,0.6210997538572932
@AromiaFlyce ANIMORPHS,neither,0.03945320844208391,0.33037608806864915,0.630170703489267
Babysitters club is still SUPER popular with young teens/tweens!,neither,0.034236793470444865,0.39418889928460843,0.5715743072449466
animorphs is my JAM,neither,0.033558963455606924,0.4341278189808811,0.532313217563512
I have students that read it.,neither,0.03407132766806859,0.3789455973636182,0.5869830749683131
"Great, so how do we explain the Flying Nun to future generations?",neither,0.04206255646391008,0.32968080014162404,0.6282566433944659
Is the Millennial version of Encyclopedia Brown called Wikipedia Brown? lol,neither,0.03838515622908793,0.35357235701893386,0.6080424867519783
Animorphs was the best,neither,0.03673217020582456,0.298597772223097,0.6646700575710784
@japenrose this is true.,neither,0.052226555623309454,0.3282947143461781,0.6194787300305125
Yes Animorphs Fam!,neither,0.03945320844208391,0.33037608806864915,0.630170703489267
I know the reference!,neither,0.03844136596150726,0.3118057022417264,0.6497529317967663
"Amy, did you meet Squirrel Girl today?",neither,0.043553617273728064,0.3846908997113741,0.5717554830148979
Matt! Finish him!,neither,0.03932577572787608,0.3325389538016387,0.6281352704704852
"Hardy Boys, Nancy Drew",neither,0.03945320844208391,0.33037608806864915,0.630170703489267
Who doesn't get flying nun?,neither,0.03950437837830019,0.39343828280119036,0.5670573388205096
oh man Animorphs was awesome,neither,0.04536158999995114,0.3463915341262631,0.6082468758737858
no im old too,neither,0.03702731938254152,0.3935674779648075,0.5694052026526512
Re hrpgSub hrpgHyperHype,neither,0.10802165902134243,0.2484119200751343,0.6435664209035233
"I got you Taliesin, I know Gidget!",offensive_language,0.0753658990778774,0.5407201164499258,0.3839139844721969
EEE!! flying nun,neither,0.03945320844208391,0.33037608806864915,0.630170703489267
lol,neither,0.020706217963973744,0.4882283491876925,0.4910654328483337
I heard BabySitter's Club Little sister and Encyclopedia Brown.,neither,0.038573426257787514,0.3020758672071239,0.6593507065350885
They were both Sally Field,neither,0.03976593656574846,0.30876805598423246,0.6514660074500191
i got that reference!,neither,0.033747354476494774,0.4281540128377307,0.5380986326857746
Gidget goes to Burning Man,neither,0.046344873888229755,0.3884250579982689,0.5652300681135013
AMY- Did you meet Squirrel Girl?!,neither,0.04513065071811441,0.40722990280537735,0.5476394464765081
Animorphs?,neither,0.03945320844208391,0.33037608806864915,0.630170703489267
Tamora Pierce was my Young Adult everything,neither,0.029485279825508626,0.4264819030162819,0.5440328171582096
Got Matt's reference. We're just not laughing because it wasn't funny.,neither,0.042957485678964895,0.3680768431665193,0.5889656711545157
whatthe topic? I hate that I'm lat,neither,0.1736815868136954,0.28125403631427115,0.5450643768720335
"They're talking about Babysitter's Club graphic novels, right?",neither,0.051218830015614995,0.3436457817173983,0.6051353882669865
"I get that reference, Taliesin. Surfers and nuns.",neither,0.0341022706367654,0.34165835281111184,0.6242393765521228
I was part of the baby sitters club book club as a kid. best day of the month when my new book came in the mail,neither,0.030951396793893447,0.33644190057304435,0.6326067026330621
LoL idk what this reference is :P,neither,0.043612322917878366,0.3745562927080564,0.5818313843740652
I've seen some episodes of Gidget on like... Antenna TV,neither,0.02144902481269858,0.34595294312478053,0.6325980320625209
Didn't Sally Field play Gidget in a movie?,neither,0.028371173615634855,0.3346971837019043,0.6369316426824607
"Dem Andalite Chronicles tho, amirite?",neither,0.03582897180810751,0.33846745096235736,0.625703577229535
Tamora Pierce was my childhood,neither,0.030186472743313195,0.40186174526945734,0.5679517819872296
@ToonEzon All ages comics :),neither,0.04095869811671112,0.39137198568112824,0.5676693162021607
That's pretty cool,neither,0.034584481276193214,0.38356087870640654,0.5818546400174002
I read the legend drizzt when I was a young adult.,neither,0.029909334173879313,0.3903740881182441,0.5797165777078765
Flying Nun at Burning Man = Flying Burning Nun,neither,0.03916213705336811,0.3657383959757797,0.5950994669708523
@philbe63 yup,neither,0.03945320844208391,0.33037608806864915,0.630170703489267
@meaningofnightt Oh goodness yes.,neither,0.04457336305465406,0.2815477001886715,0.6738789367566745
I have a copy of that and Hork Ba'jir chronicles in my bookshelf,neither,0.027453416309606928,0.40115359635386916,0.5713929873365238
so how to get the youngins into the books,neither,0.043180527686217614,0.34419931841474644,0.6126201538990359
"@philbe63 Sandra Dee was Gidget in the movie, Sally Field on TV.",neither,0.03823704595352907,0.3017260083889312,0.6600369456575398
Sally Fields played Gidget and the Flying Nun,neither,0.03833817450378307,0.29216907550959714,0.6694927499866198
omg. Love Tamora Pierce,neither,0.03675422573645004,0.3429199983832867,0.6203257758802632
@ArKhanAztronn That sounds terrifying,neither,0.035767723327657014,0.3704267614204846,0.5938055152518583
"I only had limited experience with YA books. I was reading Shakespeare and Philip K Dick and such in 5th grade. So I just migrated over to the Adult library before I reached Middle School age. Also, back in the late 80's YA wasn't as big of a thing.",offensive_language,0.02630847196372627,0.646975002925532,0.3267165251107418
i loved that series. I had every one. I cried so hard reading that,offensive_language,0.030175588323473015,0.534765204838594,0.435059206837933
So TORN. 3 streams I want to watch going on at once,neither,0.04369581553537322,0.3925719597702966,0.56373222469433
"@meaningofnightt I owned every book of hers at one point, the best",neither,0.03738994017386084,0.3490976734764029,0.6135123863497363
There was also a late '80s version,neither,0.03931517456459757,0.3024165700420186,0.6582682553933837
I dunno man. I read Cujo in middle school. That make sit YA?,offensive_language,0.027091450467157073,0.5777566438175407,0.3951519057153022
"I still have my animorph books, I cant get rid of them",neither,0.03806373657241506,0.40915874596895124,0.5527775174586337
Will do!,neither,0.0450026630396543,0.28390237408752217,0.6710949628728236
I grew up on Don Delillo and Cormac McCarthy. No I didn't. That's a lie. Forgive me.,neither,0.024274211972693797,0.41066274082961235,0.565063047197694
right? Sally Fields on Fire!,neither,0.03617456181370815,0.35841386313576756,0.6054115750505243
I saw it advertised somewhere and it looked cool,neither,0.03711289461636426,0.30486363951556916,0.6580234658680666
Anxiety is upsetting my stomach and I don't care for it.,neither,0.03038926112765552,0.33936541673823595,0.6302453221341087
@Cymmetri multistream FTW ;),neither,0.03945320844208391,0.33037608806864915,0.630170703489267
QUESTION: what comic would you give to your younger self to have kickstarted you on comics?,neither,0.10096933921966823,0.3796702276918441,0.5193604330884877
@Naialana Circle of Magic were the first audio books I got into as a young kid,neither,0.03241710956472116,0.3810184086129197,0.5865644818223591
@RMutt1917 If i could,neither,0.015029066617302666,0.4210750185092781,0.5638959148734193
@stargazer1977 Of course you had authors like Diane Duane who would write for Star Trek novels and then go and write YA stuff.,neither,0.03921789792063265,0.4417859598390293,0.518996142240338
Sally Fields? the cookie lady?,neither,0.03872553975014016,0.3171273269095777,0.6441471333402822
Write it Matt,neither,0.0380388104596669,0.33086256439287404,0.6310986251474591
"Svetlana Chmakova's books ""Awkward"" and ""Brave"" were incredibly nice surprises I found in the B&N kids' section.",neither,0.038833721372291394,0.2951539759012504,0.6660123027264582
I'd read that story Matt,neither,0.03608139293255038,0.3669651129098043,0.5969534941576452
HA,neither,0.03945320844208391,0.33037608806864915,0.630170703489267
I'm 46 and still read Animorphs,neither,0.038003994373628544,0.3079216287299045,0.6540743768964671
"Please write this, please",neither,0.03937592417151588,0.33168780383606244,0.6289362719924216
@misssunflower94 Your question would make a good 5 minute topic too! :),neither,0.0585816181659192,0.3240009625056327,0.6174174193284481
"I've been so pleased by how they are making comics accessible to kids these days. all 4 of my daughter's are into comics thanks to books like lumberjanes, moon girl and devil dino, runaways and squirrel girl.",neither,0.04449725077776209,0.3946271687354025,0.5608755804868354
Found the Fountain of Youth & it makes Zombies,neither,0.038024266381670266,0.32054651807550333,0.6414292155428264
Admitedly she was more late 80s -ish,neither,0.041728791519221986,0.38516184768040923,0.5731093608003687
Make it Vasco De Gama and it'll be gold.,neither,0.036875441015236016,0.3013752224453462,0.6617493365394178
Ponce De Leon the eighth?,neither,0.038604808048476394,0.31487813433453943,0.6465170576169842
QUESTION: What was your favorite YA series?,offensive_language,0.05077616339835549,0.52161372124166,0.42761011535998444
oooh @Ricky_Galletti I might have to do that,neither,0.042440009572927095,0.37008737186255697,0.587472618564516
Excited to watch this.. nephew totally wants to read more comics and need kid friendly ones and it’s a plus with Xmas coming up,neither,0.039960308387607106,0.3280264466522625,0.6320132449601304
Sounds pretty accurate,neither,0.03945320844208391,0.33037608806864915,0.630170703489267
Love Diane Duane too. young wizards series was my life😉😊,neither,0.028039087801279585,0.44932363093780686,0.5226372812609136
@RMutt1917 I just wanted to say I have been struggling w where I know your username from for forever and I was in art history class today and I practically fell out of my chair when I realized,neither,0.035342786033740456,0.34843223431796155,0.6162249796482979
!whodat,neither,0.03945320844208391,0.33037608806864915,0.630170703489267
"Amy Dallen ( twitter.com/enthusiamy ), Taliesin Jaffe ( twitter.com/executivegoth ), and Matt Key ( twitter.com/TheMattKey ). Ashley V Robinson ( twitter.com/ashleyvrobinson ).",neither,0.038413175753835724,0.44557990990946805,0.5160069143366963
Magellan resurrects to finish...,neither,0.04573292128244931,0.3266995736616555,0.6275675050558951
The Belgariad by David Eddings,neither,0.03965526341908178,0.36312705348183455,0.5972176830990836
yeah i 2nd misssunflower's question,neither,0.024529739557855933,0.4333041123759677,0.5421661480661762
always,neither,0.03557448528484342,0.4519132619047061,0.5125122528104504
Yes,neither,0.03945320844208391,0.33037608806864915,0.630170703489267
Up there with the site that tells you how many people are in space currently.,neither,0.06791850315411631,0.366758883027867,0.5653226138180166
@philbe63 YES ALL THE YES,neither,0.04008038213042058,0.3793296870312385,0.580589930838341
@Danoba It says Yes,neither,0.03762542301123092,0.33100474729252166,0.6313698296962473
"what? Amy excited and enthused? NAH, can't be :P",neither,0.043644070572731467,0.2946914033075151,0.6616645261197536
Yes.,neither,0.03945320844208391,0.33037608806864915,0.630170703489267
The other website like it says in Kent county I think,neither,0.045575067323225915,0.3231473305433798,0.6312776021333943
Yes. It's on fire,neither,0.03471691733337137,0.3464693955705023,0.6188136870961263
@meaningofnightt *snicker* my user pic also gives it away ;),neither,0.029679880083126962,0.41233326373939005,0.557986856177483
QUESTION: Can you think of a comic you read when you may have been too young to read it and something you SHOULD have been reading instead?,neither,0.07288804412508836,0.45571629144224896,0.4713956644326626
