text,top_class,hate_speech,offensive_language,neither
!sub to chat during CR,neither,0.04424152223636372,0.3275532409882384,0.628205236775398
Help support the #GnSLive twitch channel! $4.99/month gets you exclusive sub-only benefits and helps keep the channel alive! Thanks! twitch.tv/geekandsundry/subscribe or for MOBILE https://secure.twitch.tv/products/geekandsundry/ticket/new,neither,0.047564760200365624,0.28780811278399754,0.6646271270156369
@wingedwyrm Bidet fellow Illinois resident!,neither,0.03945320844208391,0.33037608806864915,0.630170703489267
!wallet,neither,0.03945320844208391,0.33037608806864915,0.630170703489267
bidet y'all,offensive_language,0.046917543854519406,0.6277741405869331,0.3253083155585475
Bidet from Nashville,neither,0.04071751644889743,0.3089174816120565,0.6503650019390461
Beep Beep and Bidet <3,neither,0.03763944115734239,0.1918412352459551,0.7705193235967025
gandsMatt !,neither,0.03945320844208391,0.33037608806864915,0.630170703489267
Bidet from Montreal,neither,0.04062582848913359,0.31047366557575606,0.6489005059351104
bidet from Omaha,neither,0.04228451509352876,0.2823214250720796,0.6753940598343917
YESSSSSSSSSS,neither,0.03945320844208391,0.33037608806864915,0.630170703489267
HERE WE GO!!!!!!!,neither,0.13156755280784707,0.2765461283225309,0.5918863188696221
TPFufun,neither,0.03945320844208391,0.33037608806864915,0.630170703489267
IT's SHowtime!,neither,0.037828236809968684,0.3309349903269868,0.6312367728630445
yay!,neither,0.03945320844208391,0.33037608806864915,0.630170703489267
MATTTT,neither,0.03945320844208391,0.33037608806864915,0.630170703489267
woooo,neither,0.03945320844208391,0.33037608806864915,0.630170703489267
Shepard is here,neither,0.23309924666169,0.22544613742661174,0.5414546159116982
YAY,neither,0.03945320844208391,0.33037608806864915,0.630170703489267
"Bidet from Bloomington, IN.",neither,0.040617981582016544,0.31060684806832817,0.6487751703496555
ITS MATT,neither,0.03249885153445373,0.3327680103054093,0.6347331381601369
Yay I made it!,neither,0.03787357701237711,0.3309193957522763,0.6312070272353466
its mat,neither,0.03309144916294284,0.33256418880705063,0.6343443620300065
whooooooooooooooooooooo!!!!!,neither,0.03945320844208391,0.33037608806864915,0.630170703489267
HOWDY YAAAAA B,neither,0.03945320844208391,0.33037608806864915,0.630170703489267
gandsSubHype gandsSubHype gandsSubHype gandsSubHype gandsSubHype gandsSubHype gandsSubHype gandsSubHype gandsSubHype gandsSubHype gandsSubHype gandsSubHype gandsSubHype gandsSubHype gandsSubHype gandsSubHype gandsSubHype,neither,0.03945320844208391,0.33037608806864915,0.630170703489267
hyyyyyyyype,neither,0.03945320844208391,0.33037608806864915,0.630170703489267
Oh hai Matt,neither,0.0456283565223502,0.2719307315164877,0.6824409119611621
sbzyChicken sbzyManleee sbzyChicken sbzyManleee,neither,0.03945320844208391,0.33037608806864915,0.630170703489267
gandsSubHype gandsSubHype gandsSubHype gandsSubHype,neither,0.03945320844208391,0.33037608806864915,0.630170703489267
OMG,neither,0.03945320844208391,0.33037608806864915,0.630170703489267
"Ah, MATTT!",neither,0.03945320844208391,0.33037608806864915,0.630170703489267
MATT IS BACK,neither,0.04910426969663709,0.3270566455479794,0.6238390847553834
Yay!,neither,0.03945320844208391,0.33037608806864915,0.630170703489267
Its here!,neither,0.11304804868039274,0.2693716569310093,0.617580294388598
Wheeee!,neither,0.03945320844208391,0.33037608806864915,0.630170703489267
Whoooooo!,neither,0.03945320844208391,0.33037608806864915,0.630170703489267
"gandsMatt gandsMatt gandsMatt gandsMatt Can't wait to watch the VOD, hey everyone and future self! :D",neither,0.042571663362592445,0.3579239628777151,0.5995043737596925
"Die Kobold, Die! (It's German for ""The Goblin, The"").",neither,0.26890327053160207,0.06562997562840851,0.6654667538399894
Yeah!!!,offensive_language,0.013968601452186464,0.5182923869769311,0.4677390115708824
Matt's back!,neither,0.03945320844208391,0.33037608806864915,0.630170703489267
woot! just in time,neither,0.0340069929458586,0.3700606374534556,0.5959323696006857
Evening all and Welcome back,neither,0.040049102275325245,0.35331062648094175,0.606640271243733
matt!!,neither,0.03945320844208391,0.33037608806864915,0.630170703489267
WOOOOOT!!!,neither,0.03945320844208391,0.33037608806864915,0.630170703489267
yes Matt is dming,neither,0.04601213401984207,0.32812017279897376,0.6258676931811841
Bidet!!!,neither,0.03945320844208391,0.33037608806864915,0.630170703489267
stream is quiet,neither,0.047243225225592746,0.32769674408088717,0.6250600306935201
Shepherd!,neither,0.03945320844208391,0.33037608806864915,0.630170703489267
WOOOOO,neither,0.03945320844208391,0.33037608806864915,0.630170703489267
BIDET,neither,0.03945320844208391,0.33037608806864915,0.630170703489267
Sync is a bit off,neither,0.05050054945752367,0.32657640091096085,0.6229230496315156
<333333,neither,0.03945320844208391,0.33037608806864915,0.630170703489267
HI All,neither,0.0423466876598404,0.4436528871510691,0.5140004251890904
the art is so beautiful,neither,0.0464320280452368,0.3542929076832853,0.5992750642714778
woooooo!,neither,0.03945320844208391,0.33037608806864915,0.630170703489267
bidet,neither,0.03945320844208391,0.33037608806864915,0.630170703489267
#SOHARDRIGHTNOW,neither,0.03945320844208391,0.33037608806864915,0.630170703489267
aww no marisha,neither,0.03841525844964217,0.3479928082740095,0.6135919332763483
"@GaeaCa I probably say this every week, but thank you once again for all the hard work you and the other mods do. less than three",offensive_language,0.04129531858620835,0.5011177495792377,0.45758693183455396
gandsMatt gandsMatt gandsMatt,neither,0.03945320844208391,0.33037608806864915,0.630170703489267
where's marisha?,neither,0.04379278224195774,0.2567221952996476,0.6994850224583946
Woohoo! Hi first time tuning in I'm so gandsSubHype,neither,0.03300874481611953,0.3832981778823327,0.5836930773015477
gandsSubHype gandsSubHype gandsSubHype,neither,0.03945320844208391,0.33037608806864915,0.630170703489267
WHERE IS SAM?!!,neither,0.05248169861450362,0.2880304491668646,0.6594878522186318
woot woot!,neither,0.03945320844208391,0.33037608806864915,0.630170703489267
WB Matt!,neither,0.03945320844208391,0.33037608806864915,0.630170703489267
Matt is back! And on time! WOOOOO,neither,0.042316972287084094,0.32108311648417653,0.6365999112287394
Is everyone ready?,neither,0.041262036450053476,0.4450965041340042,0.5136414594159423
COMMANDER!,neither,0.03945320844208391,0.33037608806864915,0.630170703489267
no Marisha tonight?,neither,0.034371884048130595,0.31976286954468675,0.6458652464071827
daviancorbinian@gmail.com,neither,0.03945320844208391,0.33037608806864915,0.630170703489267
Holy heck,neither,0.03945320844208391,0.33037608806864915,0.630170703489267
woop woop,neither,0.03945320844208391,0.33037608806864915,0.630170703489267
FeelsGoodMan,neither,0.03945320844208391,0.33037608806864915,0.630170703489267
Perfect timing!,neither,0.03945320844208391,0.33037608806864915,0.630170703489267
Matt is back...back agian,neither,0.04685187558684185,0.32783134716722706,0.625316777245931
Jennifer hale!!!!,neither,0.03945320844208391,0.33037608806864915,0.630170703489267
anyone know the story tonight,neither,0.03636394680610936,0.2965693333873919,0.6670667198064989
YES JENNIFER HALE,neither,0.03945320844208391,0.33037608806864915,0.630170703489267
"We need an ""I'm Commander Shepherd and Critical Role is my favorite show on the internet!""",neither,0.041789414235125014,0.30788572865141123,0.6503248571134638
hurray,neither,0.03945320844208391,0.33037608806864915,0.630170703489267
Commander Shepard!!!! <3,neither,0.03945320844208391,0.33037608806864915,0.630170703489267
"man, marisha looks different",neither,0.03961603720951205,0.404370088306274,0.556013874484214
Bidet from Brooklyn,neither,0.04079557052152802,0.30759270029461827,0.6516117291838538
Wait Jen Hale?,neither,0.03945320844208391,0.33037608806864915,0.630170703489267
,neither,0.03945320844208391,0.33037608806864915,0.630170703489267
The god of DM is back,neither,0.04693896359414884,0.31108377415258626,0.6419772622532649
SHEEEEEEEEPPPAAAAAAAAAAAAAAAAARD!,neither,0.03945320844208391,0.33037608806864915,0.630170703489267
woohoo...,neither,0.03945320844208391,0.33037608806864915,0.630170703489267
AAAAAAH JENNIFER HAAAAALE :D :D :D,neither,0.03945320844208391,0.33037608806864915,0.630170703489267
COMMANDER SHEPARD~,neither,0.03945320844208391,0.33037608806864915,0.630170703489267
@Liolie thanks <3,neither,0.035884468650613,0.3004919205142699,0.6636236108351171
Woah! Jen Hale!,neither,0.03945320844208391,0.33037608806864915,0.630170703489267
SHEPARD!!,neither,0.03945320844208391,0.33037608806864915,0.630170703489267
LETS DO THIS!,neither,0.040148419443759686,0.3496283523875733,0.610223228168667
BIdet from Michigan,neither,0.040769555981420263,0.3080342349327864,0.6511962090857933
Jennifer hale!,neither,0.03945320844208391,0.33037608806864915,0.630170703489267
Good to see Matt behind the screen again! :),neither,0.04165125963869598,0.33829370176994195,0.6200550385913621
JENNIFER MOTHER FUCKING HALE,offensive_language,0.10609551920529162,0.892093530235826,0.0018109505588824626
gandsHR gandsHR,neither,0.03945320844208391,0.33037608806864915,0.630170703489267
Jennifer Hale is amazeballs,neither,0.04981691255257763,0.32681153499115395,0.6233715524562684
Jenifer Hale hype!,neither,0.03945320844208391,0.33037608806864915,0.630170703489267
<3 <3 <3 <3 <3 <3,neither,0.03945320844208391,0.33037608806864915,0.630170703489267
"I'm Commander Shepard, and this is my favorite guest on the Citadel!",neither,0.03318522691622651,0.3580656536304981,0.6087491194532755
FEM SHEP~!,neither,0.03945320844208391,0.33037608806864915,0.630170703489267
Woooo,neither,0.03945320844208391,0.33037608806864915,0.630170703489267
SHEPARD <3 <3 <3,neither,0.03945320844208391,0.33037608806864915,0.630170703489267
I just have so much love for this show.,neither,0.03466631162895163,0.313097437349423,0.6522362510216253
"Oh Commander, my Commander! /salute",neither,0.03553918551049726,0.35065143592136516,0.6138093785681376
bidet from Indiana,neither,0.0408364874901429,0.30689823255244486,0.6522652799574122
gandsTrinket gandsTrinket gandsTrinket gandsTrinket,neither,0.03945320844208391,0.33037608806864915,0.630170703489267
Hey everyone,neither,0.031959242684595296,0.4575682446653829,0.5104725126500218
so cool,neither,0.03941094976918481,0.4067560025575799,0.5538330476732353
on that world? New world? Sounds awesome!,neither,0.037386202975409843,0.30623092778894506,0.656382869235645
awww no sam or marisha?,neither,0.038716125647139346,0.3428863067316666,0.6183975676211942
💜,neither,0.03945320844208391,0.33037608806864915,0.630170703489267
Hands,neither,0.03945320844208391,0.33037608806864915,0.630170703489267
i was hoping theyd all be back together for this episode :(,neither,0.03609417999388497,0.36043243728071583,0.6034733827253992
IT HAS BEGAN BUT I NEED TO PEE,neither,0.04078967058037561,0.32894436050998377,0.6302659689096407
cortana,neither,0.03945320844208391,0.33037608806864915,0.630170703489267
I'm COMMANDER SHEPARD and this is my favorite channel on twitch!,neither,0.0342996647704362,0.3649513767047173,0.6007489585248464
"Bidet, friendos",neither,0.03945320844208391,0.33037608806864915,0.630170703489267
"Obligatory ""Favorite Stream on the Citadel""",neither,0.03586948428639168,0.32764314399516214,0.6364873717184462
Bidet from Texas,neither,0.040937266849991,0.30518774380265185,0.6538749893473571
bidet from Atlanta!,neither,0.04078317879478948,0.307803020237201,0.6514138009680096
mics seem low or is it just me?,neither,0.03386384586503224,0.38372010966811104,0.5824160444668567
gandsSubHype,neither,0.03945320844208391,0.33037608806864915,0.630170703489267
"""Blizzard"" ? Never heard of em",neither,0.0349751590706873,0.37609862848875186,0.5889262124405609
This is my favorite store on the Citadel,neither,0.0546665298903334,0.39649338454563227,0.5488400855640344
Blizzard - wow,neither,0.03945320844208391,0.33037608806864915,0.630170703489267
Shepard-Commander!!!,neither,0.03945320844208391,0.33037608806864915,0.630170703489267
oh god last time matt was behind the screen he wasn't married,neither,0.04425924272397672,0.30400403510705054,0.6517367221689728
Where’s Marisha?,neither,0.04379278224195774,0.2567221952996476,0.6994850224583946
gandsSubHype,neither,0.03945320844208391,0.33037608806864915,0.630170703489267
OMG,neither,0.03945320844208391,0.33037608806864915,0.630170703489267
I love Laura's shirt!,neither,0.03544453762260434,0.34924447469164166,0.615310987685754
Fem Shep is the one true Shep,neither,0.048109219260895376,0.34620639816861226,0.6056843825704924
I play hearthstone,neither,0.03945320844208391,0.33037608806864915,0.630170703489267
YESSSSSSSSSSSSS MATTTTTT,neither,0.03945320844208391,0.33037608806864915,0.630170703489267
https://www.youtube.com/watch?v=zdbnXv8UsVc&t=3s - Matt singing about Kobolds and Catacombs!,neither,0.04117912662877678,0.3215577420091729,0.6372631313620504
Wrex.,neither,0.03945320844208391,0.33037608806864915,0.630170703489267
I took the candle,neither,0.03857790491895132,0.3143746399822794,0.6470474550987693
We love your work Jennifer!!! :D,neither,0.06437665066941495,0.3373348024196326,0.5982885469109525
Bidet from FL,neither,0.04066490145509902,0.30981049537100724,0.6495246031738937
Is Matt going to sing the Introduction?,neither,0.050667424815082025,0.3341217510375967,0.6152108241473212
IM SO EXCITED,neither,0.03835248773688177,0.42672104618676693,0.5349264660763514
Yeahhhhhh,neither,0.03945320844208391,0.33037608806864915,0.630170703489267
I am fangirling SOOOO hard! FemShep is the ONLY shep.,offensive_language,0.03650239689017736,0.5093601233959204,0.4541374797139022
Bidet from CO,neither,0.04181741232017598,0.2902493781769742,0.6679332095028498
:D,neither,0.03945320844208391,0.33037608806864915,0.630170703489267
so excited for the new year campaign,neither,0.03656683397953116,0.25772633319945715,0.7057068328210117
What’s hearthstone hiroP,neither,0.057770773616808734,0.3180719994247239,0.6241572269584672
yay for dungeon crawl and yay for hearthstone :) should be fun,neither,0.03821702025617345,0.2949475926291548,0.6668353871146716
Link https://playhearthstone.com/en-us/expansions-adventures/kobolds-and-catacombs/,neither,0.06528423928531185,0.2973320858556355,0.6373836748590528
Wait...,neither,0.03945320844208391,0.33037608806864915,0.630170703489267
Where be the Missus Mercer?,neither,0.04184099637954491,0.2505022845037787,0.7076567191166764
Esgediiiiitt,neither,0.03945320844208391,0.33037608806864915,0.630170703489267
the dungeon run sounds fun,neither,0.03855971393306871,0.31403370510851747,0.6474065809584139
"oh, that's wicked!",neither,0.04066598905094151,0.3219263880068657,0.6374076229421928
yay,neither,0.03945320844208391,0.33037608806864915,0.630170703489267
Im late whats goin on?!?!,neither,0.03635946562026265,0.3694193077430693,0.594221226636668
holy cow where is marisha?,neither,0.04881305976229679,0.2989977342981922,0.652189205939511
Funny how rexxar is going to be trash in this expac.,neither,0.05685873214769218,0.18529889694492827,0.7578423709073796
,neither,0.03945320844208391,0.33037608806864915,0.630170703489267
yeah!!!,offensive_language,0.013968601452186464,0.5182923869769311,0.4677390115708824
Got to see Jenn at LA Comic Con last month as part of an all female voice actors panel and they did a reading of the first episode of Flash Gordon. XD She was Flash.,neither,0.03738808103084081,0.4031555326209976,0.5594563863481616
awesome!,neither,0.03945320844208391,0.33037608806864915,0.630170703489267
"Delve deep, but not too deep - for there lie Balrogs",neither,0.03271033171248192,0.29664930213708735,0.6706403661504308
gandsSubHype gandsSubHype gandsSubHype gandsSubHype gandsSubHype gandsSubHype gandsSubHype gandsSubHype gandsSubHype gandsSubHype gandsSubHype gandsSubHype gandsSubHype gandsSubHype gandsSubHype gandsSubHype gandsSubHype gandsSubHype gandsSubHype gandsSubHype gandsSubHype gandsSubHype gandsSubHype gandsSubHype,neither,0.03945320844208391,0.33037608806864915,0.630170703489267
Interesting,neither,0.03945320844208391,0.33037608806864915,0.630170703489267
"I'd love for one of 'em to play a kobold in the next campaign (a D&D kobold, rather than the mammalian Azerothian kobolds) :D",neither,0.035519123744299615,0.3303888879161573,0.6340919883395432
,neither,0.03945320844208391,0.33037608806864915,0.630170703489267
Kobolds and Catacombs link to the game https://playhearthstone.com/en-us/expansions-adventures/kobolds-and-catacombs/,neither,0.06651012821342449,0.24392501959739613,0.6895648521891794
Oh man. It might be the first HS expansion that I actually get through. Yessssss.,neither,0.03453225359932492,0.36119018150246984,0.6042775648982053
I hope they talk about Net Neutrality,neither,0.04540933056697892,0.25592726073387473,0.6986634086991463
score,neither,0.03945320844208391,0.33037608806864915,0.630170703489267
Squid4 Squid4 <3,neither,0.03945320844208391,0.33037608806864915,0.630170703489267
They got this because they know the Mayor of Blizzard.,neither,0.03771015793680436,0.3533843114061853,0.6089055306570105
Where's Marisha?,neither,0.04379278224195774,0.2567221952996476,0.6994850224583946
http://bit.ly/CRHearth,neither,0.03645206079592049,0.23049292352815115,0.7330550156759283
It begins lads!,neither,0.0382482652450718,0.3307905232874979,0.6309612114674303
http://bit.ly/CRHearth,neither,0.03645206079592049,0.23049292352815115,0.7330550156759283
!whodat,neither,0.03945320844208391,0.33037608806864915,0.630170703489267
Bidet Critters!,neither,0.03945320844208391,0.33037608806864915,0.630170703489267
"Matt ( twitter.com/matthewmercer ), Liam ( twitter.com/VoiceOfOBrien ), Laura ( twitter.com/LauraBaileyVO ), Travis ( twitter.com/WillingBlam ), Taliesin ( twitter.com/executivegoth ), with special guest Jennifer Hale ( twitter.com/jhaletweets ).",neither,0.04140961211454687,0.4680218063587588,0.49056858152669436
gandsSubHype gandsSubHype gandsSubHype,neither,0.03945320844208391,0.33037608806864915,0.630170703489267
Where's Sam?,neither,0.04187449895480946,0.2892804690029996,0.6688450320421909
,neither,0.03945320844208391,0.33037608806864915,0.630170703489267
#mercersnewalbum,neither,0.03945320844208391,0.33037608806864915,0.630170703489267
Where is Ray?,neither,0.052542178547106966,0.28785514026067244,0.6596026811922205
I try to launch each new heathstone expansion with 3k gold for new packs/arnea...i might be a tiny bit short this xpac,neither,0.03737350512394895,0.2535143657929171,0.709112129083134
"ha askmelitr, heck yeah",neither,0.025066986279354896,0.42918151895754186,0.5457514947631034
Favourite show sponsored by favoutite delevelpor company!!! FOR THE ALLIANCE!!,neither,0.04437243698878004,0.27849611189865314,0.6771314511125668
I had no idea who jennifer hale was... and then i check the imdb and she has about 900 pages of shit that I love. That's wicked.,offensive_language,0.044528342438493955,0.8852680583624637,0.07020359919904245
bring back worthy opponent!!!!!!!!!!!!!!!!!!!!!!!!,neither,0.03945320844208391,0.33037608806864915,0.630170703489267
Bidet from Austin! #TexasCritters,neither,0.04086843745212,0.30635595831493706,0.6527756042329429
My ears have missed these beautiful people's voices! gandsLessthanthree,neither,0.054219108705200955,0.4474722478003954,0.4983086434944038
So much HYPE,neither,0.034963003064470866,0.3848474616662621,0.580189535269267
is that a new screen?,neither,0.048952217960392334,0.2708942668451117,0.680153515194496
dat suramar music,neither,0.03945320844208391,0.33037608806864915,0.630170703489267
@angelcorps3 she is pretty damn cool,offensive_language,0.05491534148648821,0.8624228006408906,0.0826618578726212
"""I'm Commander Shepard and Matt is my favorite DM on the Citadel.""",neither,0.033497047984839434,0.35581648987346687,0.6106864621416936
I hope they defeat Vecna in Hearthstone,neither,0.08024577213989727,0.21098723667707445,0.7087669911830282
"yeah, where are marisha and sam? :((",neither,0.042516940038535234,0.3304343259817495,0.6270487339797154
"NICE AD-READ, MATT",neither,0.03945320844208391,0.33037608806864915,0.630170703489267
!whodat,neither,0.03945320844208391,0.33037608806864915,0.630170703489267
"Matt ( twitter.com/matthewmercer ), Liam ( twitter.com/VoiceOfOBrien ), Laura ( twitter.com/LauraBaileyVO ), Travis ( twitter.com/WillingBlam ), Taliesin ( twitter.com/executivegoth ), with special guest Jennifer Hale ( twitter.com/jhaletweets ).",neither,0.04140961211454687,0.4680218063587588,0.49056858152669436
HUZZAH PERCY!!,neither,0.03945320844208391,0.33037608806864915,0.630170703489267
https://shop.geekandsundry.com/collections/critical-role/products/critical-role-vox-machina-feywild-journal,neither,0.03945320844208391,0.33037608806864915,0.630170703489267
any word about the vox machina dice set?,neither,0.03751403343612846,0.33884302357521373,0.6236429429886577
omg,neither,0.03945320844208391,0.33037608806864915,0.630170703489267
MERCH!!!!!,neither,0.03945320844208391,0.33037608806864915,0.630170703489267
ooooo,neither,0.03945320844208391,0.33037608806864915,0.630170703489267
Woo!,neither,0.03945320844208391,0.33037608806864915,0.630170703489267
Thank you Critical Roll!!,neither,0.05430118736750416,0.3804528481598672,0.5652459644726286
oh that's so pretty,neither,0.040886504791386794,0.3789224760664998,0.5801910191421132
gandsSubHype gandsSubHype gandsSubHype gandsSubHype,neither,0.03945320844208391,0.33037608806864915,0.630170703489267
COOL!!!,neither,0.03945320844208391,0.33037608806864915,0.630170703489267
I like merch,neither,0.05243838686756891,0.3489271222005886,0.5986344909318426
Laura is the best,neither,0.05135998456280659,0.2889087219359037,0.6597312935012896
Don't know what it is but I'm buying it!!,neither,0.045783512314119916,0.3340938103637105,0.6201226773221695
Woohoo,neither,0.03945320844208391,0.33037608806864915,0.630170703489267
Percy to the rescue!,neither,0.04436904928970157,0.31330801202275443,0.6423229386875441
I missed Laura Bailey so much,neither,0.036113074035504865,0.3698919451568905,0.5939949808076047
GIMME DAT,neither,0.03945320844208391,0.33037608806864915,0.630170703489267
sketchbook?,neither,0.03945320844208391,0.33037608806864915,0.630170703489267
AH. FINALLY.,neither,0.03945320844208391,0.33037608806864915,0.630170703489267
All the cast here all appeared in WoW right?,neither,0.06843891193348285,0.3979174973811044,0.5336435906854129
I MADE IT IN TIME,neither,0.035968849476774326,0.35806329296300604,0.6059678575602198
Ooh fey wild journal,neither,0.03945320844208391,0.33037608806864915,0.630170703489267
OOOOH,neither,0.03945320844208391,0.33037608806864915,0.630170703489267
"bidet and beep beep from Rockford, IL",neither,0.039665017157423446,0.26811748049299106,0.6922175023495856
gandsSubHype gandsSubHype gandsSubHype gandsSubHype gandsSubHype gandsSubHype,neither,0.03945320844208391,0.33037608806864915,0.630170703489267
Thats pretty good!,neither,0.03865466225788066,0.330650744719213,0.6306945930229062
I SMUDGED MY GLASSES,neither,0.02530539323371475,0.4443168682536157,0.5303777385126696
Bidet from Pataskala,neither,0.04228451509352876,0.2823214250720796,0.6753940598343917
LAURA IS THE WORLDS GREATEST SALESWOMAN,neither,0.04602004765840282,0.3132072224529902,0.6407727298886069
MERCH! YES!,neither,0.03945320844208391,0.33037608806864915,0.630170703489267
Greetings everyone!,offensive_language,0.02988896790634741,0.4927062106388782,0.4774048214547744
https://shop.geekandsundry.com/collections/critical-role/products/critical-role-vox-machina-feywild-journal,neither,0.03945320844208391,0.33037608806864915,0.630170703489267
omg i couldnt love her more.,offensive_language,0.030882863449414107,0.5209272543925477,0.4481898821580382
,neither,0.03945320844208391,0.33037608806864915,0.630170703489267
I love it O.O,neither,0.030831260484157012,0.3601344986151421,0.609034240900701
So pretty!!!,neither,0.03941169583590683,0.40875358050654265,0.5518347236575505
why are they sitting all in different and weird places? gandsSCANLAN,neither,0.046248313572522196,0.32769036639601634,0.6260613200314614
bidet riends!,neither,0.03945320844208391,0.33037608806864915,0.630170703489267
Bidet gandsDrink,neither,0.03945320844208391,0.33037608806864915,0.630170703489267
Bidet from Wisconsin,neither,0.04071751644889743,0.3089174816120565,0.6503650019390461
Is Jen or Matt going to pimp Goblins Animated tonight?,neither,0.045331595318825184,0.328897864324202,0.6257705403569729
i need it!,neither,0.03621015316760346,0.3282563737061715,0.6355334731262251
"Bidet from Denmark, people :)",neither,0.11330574238574,0.28797250995269696,0.5987217476615628
and its awesome!!!,neither,0.03154728300580957,0.2853566360090146,0.6830960809851757
angelcorps3 yeah she is like a big time veteran in the voice acting circle,neither,0.02831962911715955,0.48530312494883315,0.48637724593400716
Critical Role Merch https://shop.geekandsundry.com/collections/critical-role,neither,0.03945320844208391,0.33037608806864915,0.630170703489267
Love Laura!,neither,0.03217296676969875,0.3657703709031763,0.602056662327125
bidet,neither,0.03945320844208391,0.33037608806864915,0.630170703489267
Bidet,neither,0.03945320844208391,0.33037608806864915,0.630170703489267
bidet from Pittsburgh,neither,0.04066490145509902,0.30981049537100724,0.6495246031738937
Bidet from NYC,neither,0.04081748366884477,0.3072207769958956,0.6519617393352596
Third comic is awesome....,neither,0.04772103717595174,0.32753240264080385,0.6247465601832445
bidet from Detroit,neither,0.04080695066346891,0.3073995495860776,0.6517934997504536
"bidet, I am so excited",neither,0.03917801114949071,0.3845679826575241,0.5762540061929852
COMMANDER SHEPHERD!,neither,0.03945320844208391,0.33037608806864915,0.630170703489267
why are people saying bidet,neither,0.07903418621511359,0.2948555693198609,0.6261102444650255
i just wanna seee what they are playing,neither,0.06961977199267742,0.29903213429297515,0.6313480937143475
Never notice how long these ad spots are when Sam's not around to make a sketch about it,neither,0.04769919698906084,0.39731790748538215,0.5549828955255571
Any clues when the d20's will be back in stock? (Its on my xmas list lol),neither,0.02263419762485984,0.4170554078319927,0.5603103945431475
bidet from brooklyn,neither,0.04079557052152802,0.30759270029461827,0.6516117291838538
bidet from ATL!,neither,0.04078317879478948,0.307803020237201,0.6514138009680096
already read dat! SOOOO GOOD,neither,0.03802035559759705,0.3457991518372583,0.6161804925651446
"Bidet, from California",neither,0.06971251856910227,0.2972619859879888,0.633025495442909
I love Laura's shirt! Carpe Donut!!!!,neither,0.03676830071996904,0.34285289491353466,0.6203788043664963
anyone else having the store break for them right now,neither,0.06191829723360967,0.30085507907507403,0.6372266236913162
Laura Bailey is the G&S QVC Spokesperson of the YEAR,neither,0.04390039487922678,0.30578877325182524,0.6503108318689479
Bidet everyone!,offensive_language,0.02988896790634741,0.4927062106388782,0.4774048214547744
YAY Cmd Shepard!!!!,neither,0.03945320844208391,0.33037608806864915,0.630170703489267
bidet from Columbus. Go Buckeyes,neither,0.04198605023026131,0.314895132196637,0.6431188175731016
I got here a few minutes late. Did Matt say something about the new campaign?,neither,0.06202800041614856,0.29156366660651123,0.6464083329773402
so jaina and illidan playing dnd?,neither,0.03856400166900471,0.3326539831864715,0.6287820151445238
laura is my spirit animal,neither,0.034875889139763326,0.41039121619989083,0.5547328946603459
where's Marisha and Sam?,neither,0.040581668904185415,0.24516359743552849,0.7142547336602861
!whodat,neither,0.03945320844208391,0.33037608806864915,0.630170703489267
"Matt ( twitter.com/matthewmercer ), Liam ( twitter.com/VoiceOfOBrien ), Laura ( twitter.com/LauraBaileyVO ), Travis ( twitter.com/WillingBlam ), Taliesin ( twitter.com/executivegoth ), with special guest Jennifer Hale ( twitter.com/jhaletweets ).",neither,0.04140961211454687,0.4680218063587588,0.49056858152669436
i hope theyre all kobolds,neither,0.08750301484147678,0.2758533935090972,0.6366435916494261
that illidan stormrage shirt,neither,0.03372650852319189,0.39315224868719,0.5731212427896182
@shadowcupcake78 it starts in January,neither,0.03816515642303637,0.330819108222401,0.6310157353545626
@earthclaw079 and reno jackson!,neither,0.038755050748370795,0.2954940886494036,0.6657508606022257
I NEED 1 NON SUB TO WHISPER ME REAL QUICK,neither,0.03378828532382758,0.4306987490922256,0.5355129655839468
i love Laura so much,neither,0.030017042651968424,0.4211023734671613,0.5488805838808702
lol,neither,0.020706217963973744,0.4882283491876925,0.4910654328483337
bidet from SoCal,neither,0.04062582848913359,0.31047366557575606,0.6489005059351104
omg that is jennifer hale,neither,0.0432328857010912,0.3682034858054695,0.5885636284934394
I love and missed laura,neither,0.03502704857198201,0.29716025309733707,0.6678126983306809
@shadowcupcake78 He told us all the new characters as wel,neither,0.07299745457681743,0.3197630559022486,0.607239489520934
Dagger Dagger Dagger!,neither,0.03945320844208391,0.33037608806864915,0.630170703489267
Bidet from Alabama!,neither,0.04078317879478948,0.307803020237201,0.6514138009680096
!whodat,neither,0.03945320844208391,0.33037608806864915,0.630170703489267
"Matt ( twitter.com/matthewmercer ), Liam ( twitter.com/VoiceOfOBrien ), Laura ( twitter.com/LauraBaileyVO ), Travis ( twitter.com/WillingBlam ), Taliesin ( twitter.com/executivegoth ), with special guest Jennifer Hale ( twitter.com/jhaletweets ).",neither,0.04140961211454687,0.4680218063587588,0.49056858152669436
UV spot goss,neither,0.03945320844208391,0.33037608806864915,0.630170703489267
omg excited laura is so adorable,neither,0.04649657313023997,0.3669396072687527,0.5865638196010073
got the new cr scarf very soft and warm,neither,0.03983193601630683,0.2698389348879726,0.6903291290957205
Shiny indeed XD,neither,0.03945320844208391,0.33037608806864915,0.630170703489267
"Holy nut, just got here, no Sam Riegel but we finally got JENNIFER HALE",neither,0.053277673524209035,0.3866358301187187,0.5600864963570722
Travis lmao,neither,0.038366739388735124,0.3488163033622609,0.6128169572490041
PogChamp FEYWILD!,neither,0.03945320844208391,0.33037608806864915,0.630170703489267
Does anyone have the art so i can have it as a background??,neither,0.027826313528175495,0.4540834038458912,0.5180902826259334
!whodat,neither,0.03945320844208391,0.33037608806864915,0.630170703489267
LUL Travis right now,neither,0.038724103536294796,0.34460799979061774,0.6166678966730875
Dagger. Dagger. Dagger.,neither,0.03945320844208391,0.33037608806864915,0.630170703489267
I'd love a CR DM screen,neither,0.037167616004201244,0.3409566650556764,0.6218757189401224
bidet from Orlando!,neither,0.04062582848913359,0.31047366557575606,0.6489005059351104
Where are Keyleth and Sam?,neither,0.07183741414963755,0.20293150602799603,0.7252310798223665
is their anywhere i can find all of tonights fan art,neither,0.05053569169268609,0.306802944263737,0.642661364043577
Laura seems like one of the most wonderful people ever,neither,0.06969957281252705,0.34956246038620536,0.5807379668012677
Bidet from the underground lizard people colory!,neither,0.06317344530794047,0.30078183822703575,0.6360447164650237
"matt & CR cast, who do you want to play you in the Movie based upon the comic based upon the game you played",neither,0.061728611419570895,0.34971464779765105,0.588556740782778
Jennifer Haaaaale!,neither,0.03945320844208391,0.33037608806864915,0.630170703489267
!whodat,neither,0.03945320844208391,0.33037608806864915,0.630170703489267
"Matt ( twitter.com/matthewmercer ), Liam ( twitter.com/VoiceOfOBrien ), Laura ( twitter.com/LauraBaileyVO ), Travis ( twitter.com/WillingBlam ), Taliesin ( twitter.com/executivegoth ), with special guest Jennifer Hale ( twitter.com/jhaletweets ).",neither,0.04140961211454687,0.4680218063587588,0.49056858152669436
this music brings back memories... aw goldshire... you dirty dirty place,neither,0.049798780089997045,0.32649686526423155,0.6237043546457713
This seating arrangement feels so strange. Liam and Laura not being beside each other is so different.,neither,0.03947417040077865,0.3686952005182365,0.5918306290809847
much spot gloss,neither,0.03459772328289937,0.33204611206609025,0.6333561646510104
gandsTrinketArmor gandsTrinketArmor,neither,0.03945320844208391,0.33037608806864915,0.630170703489267
My players are traversing the Feywilde right now... they don't know about the timey-whimey part of traveling back yet...!,neither,0.04198874347622794,0.36041125346954433,0.5976000030542279
The enthusiasm is so contagious. I have no need for it but I want it now,neither,0.035206078410483475,0.3433034721032178,0.6214904494862986
Bidet from SWFL!,neither,0.04228451509352876,0.2823214250720796,0.6753940598343917
We live in this day and age,neither,0.04313444320456627,0.283452322270962,0.6734132345244718
Buffering no... Internet plz hold up ;-;,neither,0.03653901576091214,0.3864728337513581,0.5769881504877299
Was laura even this excited over the dice ?,neither,0.035473613883217396,0.33423009305325146,0.6302962930635312
beep beep from SWFL,neither,0.04228451509352876,0.2823214250720796,0.6753940598343917
It makes me so happy that their pronouns were used properly. Gosh. So much appreciation for that.,neither,0.028648306028343222,0.398742384492009,0.5726093094796478
woooooooooooo,neither,0.03945320844208391,0.33037608806864915,0.630170703489267
I just made it!,neither,0.030598463871816552,0.3647224530537287,0.6046790830744548
SWFL too,neither,0.038798963802794226,0.34148032703984427,0.6197207091573615
Illian Stormrage shirt BibleThump 7,neither,0.03945320844208391,0.33037608806864915,0.630170703489267
so weird with the seating arrangements all switched about LOL,offensive_language,0.025233055243682787,0.5001893464738926,0.4745775982824246
WHAAT,neither,0.03945320844208391,0.33037608806864915,0.630170703489267
"YAAAAAAA, Calgary!",neither,0.03945320844208391,0.33037608806864915,0.630170703489267
were in florida?,neither,0.03982462751453265,0.30470852249219676,0.6554668499932705
Omg and the WoW music too...,neither,0.03781361232903733,0.2840074524634543,0.6781789352075085
wait holy shit i know nat roze,offensive_language,0.04966306832860879,0.930922775927157,0.019414155744234246
Happy Thursday everyone!,neither,0.03355760225671494,0.4304399113404305,0.5360024864028545
woo!!! birthday Crit Role!,neither,0.03945320844208391,0.33037608806864915,0.630170703489267
calgary?!?! ah shit,offensive_language,0.04232753399040085,0.9576352044280667,3.726158153254432e-05
how about a UK convention... pls,neither,0.038054032374249994,0.3541237574983495,0.6078222101274005
COME TO C2E2!!!!!!!!,neither,0.050505448832634914,0.3760181950714747,0.5734763560958903
this Music Krsy,neither,0.039296582874743954,0.33303443270656646,0.6276689844186896
"MAY 18-20! I WILL FIND YOU, YOU GOOBER!",neither,0.0830934554245169,0.28764396513954427,0.6292625794359389
Otafest! Can't wait to meet Matt there. <3,neither,0.045269246971860265,0.28789690934662904,0.6668338436815108
i missed theese guys,neither,0.03931123776765415,0.3327857009276577,0.6279030613046882
BIDET,neither,0.03945320844208391,0.33037608806864915,0.630170703489267
"First time catching this show live, love me some CritRrl. Im a little late so someone PM me to help fill me in one whats going on tonight?!",neither,0.029062944860810354,0.4139778645373561,0.5569591906018335
!wtfisthis,neither,0.03945320844208391,0.33037608806864915,0.630170703489267
This is #CriticalRole where nerdy ass voice actors play Dungeons and Dragons!,offensive_language,0.12034534407913373,0.7869830656473633,0.09267159027350294
DRAGONCON,neither,0.03945320844208391,0.33037608806864915,0.630170703489267
gandsNatTwenty gandsNatTwenty,neither,0.03945320844208391,0.33037608806864915,0.630170703489267
and bought,neither,0.038368007857292025,0.2727439123296808,0.6888880798130272
bidet from Northern Virginia,neither,0.04038150078596344,0.3146205443430473,0.6449979548709892
Midwest never gets any con love... feelsbadman.,neither,0.034656992196990685,0.3686515337669977,0.5966914740360116
wish they would come to Ohio.,neither,0.04323811828607721,0.3457129047970765,0.6110489769168463
i need cons that aren't just sdcc around me!,neither,0.028281972591676585,0.4050028703071869,0.5667151571011366
HI HERMIT I LOVE YOU,neither,0.05862953076847129,0.4192124842124312,0.5221579850190975
Bidet from Savannah GA!,neither,0.040737273169946825,0.30858215849491494,0.6506805683351382
Bidet!,neither,0.03945320844208391,0.33037608806864915,0.630170703489267
They went to GenCon,neither,0.0506551374392357,0.3239554005135974,0.6253894620471669
Wait no MAGFest? NO!!!!!!,neither,0.03746452890757038,0.3641291698093552,0.5984063012830745
I got my mom watching! Haha,offensive_language,0.024851478453138832,0.5117252641069511,0.46342325743991003
Anyone know the date of the start of the next campaign,neither,0.03740277895195412,0.3084661067283531,0.6541311143196927
Ok...And Ottawa Comic Con?,neither,0.038558673007840986,0.28827612365518757,0.6731652033369714
Supposedly Matt is going to be at Lexington Toy and Comic Con in March,neither,0.04592485217068571,0.33431425093801326,0.6197608968913011
bidet! sorry but who is the nice lady joining the usual suspects?,neither,0.04102814758902764,0.3498111227896591,0.6091607296213133
"@t_bonestk they are doing a one shot set in the Kobolds and Catacombs expansion of Hearthstone, new campaign starts in January",neither,0.05297560692830675,0.24564826633005352,0.7013761267416397
YES WE NEED YOU AT C2E2,neither,0.05903964860847841,0.4229583993274923,0.5180019520640292
Ooooooo purdy,neither,0.03945320844208391,0.33037608806864915,0.630170703489267
That’s hot,neither,0.03297206270341179,0.40162670319020816,0.5654012341063801
@book07 Jennifer Hale,neither,0.03945320844208391,0.33037608806864915,0.630170703489267
"Guys, what Liam does at the end of Madness episode 4. Holy shit",offensive_language,0.04474185158532156,0.904758815739172,0.050499332675506395
travis took my business card at sac anime!!,neither,0.032586762404151516,0.3914843403763064,0.5759288972195421
who is the very old female next to liam?,neither,0.04748789481731692,0.38940458034857706,0.5631075248341061
Hale oh my,neither,0.02748693229954249,0.40236076101129065,0.5701523066891669
Laura q,neither,0.03945320844208391,0.33037608806864915,0.630170703489267
See u there Matt,neither,0.03937612008489691,0.2850049743507814,0.6756189055643216
Jennifer Hale aka Fem Shep,neither,0.03945320844208391,0.33037608806864915,0.630170703489267
Commander Shepard,neither,0.03945320844208391,0.33037608806864915,0.630170703489267
I challenge you to a jenga off!!!,neither,0.07307375544011697,0.38294263468835466,0.5439836098715284
@book07 Femshep,neither,0.03945320844208391,0.33037608806864915,0.630170703489267
Bidet from Australia,neither,0.04062582848913359,0.31047366557575606,0.6489005059351104
"@book07 Jennifer Hale, aka Commander Shepard",neither,0.03945320844208391,0.33037608806864915,0.630170703489267
@dragonchrome what’s up baller?,neither,0.042388622508802556,0.3843684890817202,0.5732428884094772
YES COME TO C2E2,neither,0.04680113542269494,0.3625434136011066,0.5906554509761983
LUL,neither,0.03945320844208391,0.33037608806864915,0.630170703489267
