text,top_class,hate_speech,offensive_language,neither
my gf doenst' want to watch them since she can't figure the story >.>,neither,0.048344688840166614,0.4138287735789254,0.5378265375809081
sup you dudes,neither,0.058741590064124945,0.3842061061399913,0.5570523037958838
"Hey, we are in the same time zone",neither,0.0594816064069133,0.3029811965114701,0.6375371970816166
@Aureha Very cool! I went crazy when I began and just stormed through the episodes.,neither,0.025899075090657333,0.3966631207160432,0.5774378041932995
Hi @OutlawLettuce,neither,0.03945320844208391,0.33037608806864915,0.630170703489267
"I'm not your dude, bed",neither,0.07594647805305231,0.32549851149986797,0.5985550104470798
Prepare for waving!,neither,0.034330723673706695,0.30478573251735136,0.660883543808942
*bud,neither,0.03945320844208391,0.33037608806864915,0.630170703489267
He used to be a DM and he has so much respect and admiration for Matt.,neither,0.04285455682763012,0.2873215985719494,0.6698238446004204
They're being wacky inflatible arm flailing tube guys?,neither,0.04662012677745482,0.33120041926453264,0.6221794539580126
Sup,neither,0.03945320844208391,0.33037608806864915,0.630170703489267
where can i find the scedual for the critical role later today,neither,0.03739896461441917,0.2039086232948824,0.7586924120906985
hey @chaoticloony,neither,0.03945320844208391,0.33037608806864915,0.630170703489267
centra europe represent :P,neither,0.03945320844208391,0.33037608806864915,0.630170703489267
Hi @RJMagby,neither,0.03945320844208391,0.33037608806864915,0.630170703489267
gandsSubHype gandsSubHype gandsSubHype gandsSubHype gandsSubHype,neither,0.03945320844208391,0.33037608806864915,0.630170703489267
schedule is under vid,neither,0.04595929674588273,0.32813834596037345,0.6259023572937438
did someone break Ivan again,neither,0.03760068225586428,0.36181829215688366,0.6005810255872521
Hi All Star Ryan and Traitor! Teach me Sempai!,neither,0.03935126051860176,0.29511163801489015,0.6655371014665081
gandsSubHype gandsSubHype gandsSubHype gandsSubHype gandsSubHype gandsSubHype gandsSubHype,neither,0.03945320844208391,0.33037608806864915,0.630170703489267
can Ryan do a geeky cooking show too next year?,neither,0.050454558895465185,0.2857335598902088,0.663811881214326
Aww yisss,neither,0.03945320844208391,0.33037608806864915,0.630170703489267
Don't forget to visit Star Trek Online and support Shield of Tomorrow! www.StarTrekOnline.com/ShieldofTomorrow,neither,0.05687602105656693,0.30425729811326435,0.6388666808301687
@vassagovine That'd be great!,neither,0.03199896950517996,0.3591141830887137,0.6088868474061063
http://www.wheniscriticalrole.com/,neither,0.0364481805509037,0.2303424311669227,0.7332093882821735
!schedule,neither,0.03945320844208391,0.33037608806864915,0.630170703489267
Ivan didn't get to have any animated intros on his G&S shows...,neither,0.04469713410792917,0.38179440690982347,0.5735084589822473
"Ryan, Sam gives you her love, she won't make it in time because she's heading home to feed a puppy.",offensive_language,0.04350548617658716,0.555675773797392,0.4008187400260209
We have a subscriber-only Discord server! Join here: https://discord.gg/geekandsundry (you'll need to sub and link it to your Twitch) and be a part of the fun!...Warning: It can take up to an hour for the server to update and give you access to the channels,neither,0.08464076273808444,0.286394834032893,0.6289644032290227
their love*,neither,0.03452439450347457,0.3537851363186904,0.611690469177835
Re hrpgSub hrpgHyperHype,neither,0.10802165902134243,0.2484119200751343,0.6435664209035233
"Ivan so tickled, ha awesome",neither,0.03940994166413104,0.37958019784634445,0.5810098604895246
baerHUG Hello Ryan and Ivan baerHUG,neither,0.03866757115171023,0.29065224831106495,0.670680180537225
hello everyone,neither,0.03269494828970791,0.4450814005079928,0.5222236512022994
is crit role tonight,neither,0.04526023472467983,0.3039848239854247,0.6507549412898954
Hi @thelasttigger,neither,0.03945320844208391,0.33037608806864915,0.630170703489267
An Ivan & Becca Game The Game animated intro would have been glorious.,neither,0.03769573564455119,0.2771369256317931,0.6851673387236557
It's called cross-zacination.,neither,0.03788126016563279,0.330916753163556,0.6312019866708112
"Help G&S make great content! $4.99/month gets you emotes, Minecraft server access, Sub Only Q&As, VODs, and more! Every sub keeps the channel alive! twitch.tv/geekandsundry/subscribe",neither,0.043092924924402844,0.32365565443818894,0.6332514206374082
http://www.wheniscriticalrole.com/,neither,0.0364481805509037,0.2303424311669227,0.7332093882821735
hrpgSub hrpgHyperHype,neither,0.03945320844208391,0.33037608806864915,0.630170703489267
hey cloony,neither,0.03945320844208391,0.33037608806864915,0.630170703489267
lol @Zismarith don't cross the Zachs,neither,0.03012897000488909,0.3722483150326097,0.5976227149625012
Hi @Daameer,neither,0.03945320844208391,0.33037608806864915,0.630170703489267
:),neither,0.03945320844208391,0.33037608806864915,0.630170703489267
"Yay, an Amy raid. <3",neither,0.03968163651102055,0.3264990675890394,0.6338192958999402
inedible?,neither,0.03945320844208391,0.33037608806864915,0.630170703489267
Hi Amy and Raiders,neither,0.03882182104596303,0.2990983243771988,0.6620798545768382
#Enthusiarmy RAID,neither,0.03945320844208391,0.33037608806864915,0.630170703489267
oh noes raiding party,neither,0.04705320993673017,0.25919851470754834,0.6937482753557214
Oh hey Amy and Raiders!,neither,0.04262512146308942,0.26248948044141596,0.6948853980954947
"Am i the only one, who thinks that, Ryan Green looks Gentleman AS FUCK ... #NoHomo",offensive_language,0.10169411539672539,0.841126470912857,0.05717941369041748
#Enthusiarmy RAID gandsSubHype,neither,0.03945320844208391,0.33037608806864915,0.630170703489267
Also hey Ryan and Ivan & Hoomans,neither,0.03871093806020376,0.29307046230739336,0.6682185996324028
#Enthusiarmy RAID,neither,0.03945320844208391,0.33037608806864915,0.630170703489267
#Enthusiarmy,neither,0.03945320844208391,0.33037608806864915,0.630170703489267
"btw, props to sound guys, no flukes lately",neither,0.0432555105358744,0.33853458987845314,0.6182098995856726
<3<3<3,neither,0.03945320844208391,0.33037608806864915,0.630170703489267
#EnthusiARMY Raid!,neither,0.03945320844208391,0.33037608806864915,0.630170703489267
#Enthusiarmy RAID,neither,0.03945320844208391,0.33037608806864915,0.630170703489267
There was the year Ivan was a firebreather...,neither,0.03834526071964911,0.2755437377361218,0.686111001544229
congrats on producing IvN,neither,0.035719117494545226,0.3484668974771979,0.6158139850282569
jcvimHi ivan jcvimHi ryan,neither,0.03945320844208391,0.33037608806864915,0.630170703489267
lvling builds Kappa,neither,0.03945320844208391,0.33037608806864915,0.630170703489267
So which job lets you grind fire breathing anyway ?,neither,0.04829966568166324,0.3945285717486652,0.5571717625696715
Hello people!,neither,0.08342635347872217,0.3250217469284455,0.5915518995928324
why all of this for few viewers,neither,0.027105235637523636,0.3719352907147105,0.6009594736477658
its IVAN and RYAN yay,neither,0.033470385436438585,0.296787619912462,0.6697419946510994
All of what?,offensive_language,0.0558003903667972,0.4730395255232825,0.47116008410992033
Hi @ImSylien,neither,0.03945320844208391,0.33037608806864915,0.630170703489267
to get to the other side,neither,0.046946601811813066,0.35437152132833516,0.5986818768598519
Because the few viewers love it,neither,0.035282126967680114,0.32816681193679176,0.6365510610955282
This channel was really good when I started watching Critical Role here. But this channel has gotten amazing. I literally love and watch this channel more than I do any TV channel or even Netflix.,neither,0.0453696994000654,0.3322575705759195,0.622372730024015
Re hrpgSub hrpgHyperHype,neither,0.10802165902134243,0.2484119200751343,0.6435664209035233
@stargazer1977 Same here,neither,0.14187967449237004,0.2733123625359359,0.584807962971694
all ze subs,neither,0.04101545753429847,0.39354965679638404,0.5654348856693174
lies. My SPECIAL has 6 luck,neither,0.052873593582867875,0.37963619778570235,0.5674902086314297
experience is great for someone troubleshooting tech problems though,neither,0.03919896620997316,0.2948923612059405,0.6659086725840865
"Or as the saying goes ""Luck is when hard work and opportunity intersect""",neither,0.026304699063789815,0.4785540338230209,0.4951412671131893
"Well, you now have SOME hosting experience Ryan",neither,0.04292020731993465,0.37734073767163984,0.5797390550084255
Re hrpgSub hrpgHyperHype,neither,0.10802165902134243,0.2484119200751343,0.6435664209035233
Ryan is a natural 👌,neither,0.04782080111893045,0.32749808924607776,0.6246811096349919
Experience seems to out weigh education these days,neither,0.04738956381930871,0.3915833074220714,0.5610271287586198
"Well there are also negative circumstances that will reduce your opportunities, particularly for some people who are not afforded quite so many opportunities due to several social or economic circumstances. So that is still not luck, but it swings in both directions.",neither,0.06394719002552435,0.3493075179074962,0.5867452920669796
critical role tonight right,neither,0.0365342566201814,0.326643356909321,0.6368223864704977
yep,neither,0.03945320844208391,0.33037608806864915,0.630170703489267
yes @demonhoundwolf,neither,0.03945320844208391,0.33037608806864915,0.630170703489267
"3 hrs-ish, demon",neither,0.03945320844208391,0.33037608806864915,0.630170703489267
Time,neither,0.036668274527354654,0.377643684699956,0.5856880407726893
"marketing is easy, you have product, just increase market by new media ie tv sets",neither,0.05005824560551813,0.3420400954501973,0.6079016589442845
...like a production manager?,neither,0.054029609020280575,0.3509655179978939,0.5950048729818256
"2 hours and 48 minutes. I don't have the countdown open, no, lol",neither,0.03243730314355473,0.3435540578709933,0.624008638985452
"30k people cared, just get twitch on tv like netflicks",neither,0.05717171675674889,0.36400702102423027,0.5788212622190209
"Thanks for bringing up marketing, I forgot to grab a gallon of orange juice",neither,0.037071316868678594,0.32870441180738746,0.634224271323934
"A lot of people already watch Twitch on their TV, through modern consoles.",neither,0.055838400113466725,0.3454568975041737,0.5987047023823597
Diet Coke is better :D,neither,0.04692565597360812,0.32780597070897405,0.6252683733174178
"well when i turn on my tv it does not have twitch as an option, don't know what you watch",offensive_language,0.02951207976883852,0.499894540184631,0.4705933800465305
-cough product placement cough-,neither,0.03945320844208391,0.33037608806864915,0.630170703489267
<== Xbox one watcher,neither,0.03833600090750654,0.3713823327920736,0.5902816663004199
Studies show coke is preferred more by conservatives and pepsi to liberals,neither,0.05679012503822544,0.28487241315349593,0.6583374618082786
the GNS community were drawn in for a variety of reasons,neither,0.03518391468614079,0.287320268421448,0.6774958168924113
it's why every time it's near december i want to drink cola,neither,0.0339411466844906,0.3471744084597557,0.6188844448557536
My PlayStation 4 has Twitch and my TV also has Twitch as an app directly on it.,neither,0.029030873154385236,0.38951604606760426,0.5814530807780105
red & white like The original logo,hate_speech,0.48772587540983237,0.4115787722942235,0.10069535229594409
Diamonds as engagement rings is another example of good marketing,neither,0.06612280738746577,0.3081548010455062,0.6257223915670281
@rodc06 Most modern game consoles have internet connection which allows the twitch app to run on your tv. Or there's streaming boxes/smart tvs.,neither,0.05021108124447446,0.29687218796481746,0.6529167307907081
ryan looks so happy to hear this lol,neither,0.03785569893117583,0.4072043910643755,0.5549399100044489
"get away from the lefty liberal stance and fucous on bums on seats, new markets",neither,0.038299742258494474,0.2481844519389598,0.7135158058025457
"I'm watching on PC, but my PC is hooked up to a 60"" screen. :P",neither,0.03599644015822913,0.4025770697838144,0.5614264900579563
nice first step done,neither,0.03229740189613374,0.3446211122813723,0.623081485822494
@Daameer Otherwise winter would be Coke's slow season. So they doubled down on getting you to think of them when you weren't actually hot or thristy.,neither,0.05436742896836249,0.43712583180778986,0.5085067392238476
look at freakin apple,neither,0.0403106979863292,0.35070448989981834,0.6089848121138525
Lobsters used to be relegated to convict food,neither,0.05644454251117756,0.32524881469136474,0.6183066427974577
Or use a raspi and connect it to your tv,neither,0.031237362156053796,0.3671849338179799,0.6015777040259662
super390 but i don't drink it in other periods of the year... damn marketing and food/gifts and cola... every freaking year,neither,0.03850424977521912,0.4750881526780368,0.4864075975467441
yeah ryan just said it,neither,0.02097333020365716,0.44991465694606536,0.5291120128502774
Don't forget to visit Star Trek Online and support Shield of Tomorrow! www.StarTrekOnline.com/ShieldofTomorrow,neither,0.05687602105656693,0.30425729811326435,0.6388666808301687
@RyanGreen Odin with a mix of the Dutch Saint Nicolas,neither,0.03205405939079466,0.34316854796097856,0.6247773926482266
