text,top_class,hate_speech,offensive_language,neither
Woooooooo,neither,0.03945320844208391,0.33037608806864915,0.630170703489267
"wow, straight to intro",neither,0.04557488303539476,0.32678950959997727,0.627635607364628
@talahar gandsRage kay,neither,0.03945320844208391,0.33037608806864915,0.630170703489267
ok -- queue bizareness :P,neither,0.03935517884257045,0.3320399062092607,0.6286049149481688
"Dang, cold open!",neither,0.03945320844208391,0.33037608806864915,0.630170703489267
oooh Cold Open,neither,0.03945320844208391,0.33037608806864915,0.630170703489267
tallyho!,neither,0.03945320844208391,0.33037608806864915,0.630170703489267
Hailing frequencies open clzChance,neither,0.03945320844208391,0.33037608806864915,0.630170703489267
I'TS STARTUNG,neither,0.03945320844208391,0.33037608806864915,0.630170703489267
well considering the first half is Q&A not surprised,neither,0.037866717276704896,0.32220699096264827,0.6399262917606469
@darkofnate Rule 1 of Youtube: Never read the comments,neither,0.03601119082393552,0.3476263696792133,0.6163624394968512
no CR?,neither,0.03848957175417732,0.3467315175537778,0.6147789106920449
Q is in control of the broadcast sequence.,neither,0.04615376620385776,0.3128945043740255,0.6409517294221168
@darkofnate I know what you mean. :(,neither,0.07879484397956729,0.3945980888141777,0.526607067206255
"cold open, this is new",neither,0.05228923309013631,0.23725594058503346,0.7104548263248303
,neither,0.03945320844208391,0.33037608806864915,0.630170703489267
sam rocks. they are amazing,neither,0.05973065055899778,0.29383184757159997,0.6464375018694022
wrong day XD,neither,0.04021361997404426,0.3078787305495359,0.6519076494764198
@Woodsilver On a Monday?!,neither,0.035438144342491915,0.34988080364792834,0.6146810520095797
whoops,neither,0.03945320844208391,0.33037608806864915,0.630170703489267
ohhhh my god,neither,0.028548943344623136,0.4149879342867011,0.5564631223686757
however,neither,0.03945320844208391,0.33037608806864915,0.630170703489267
oh god....,neither,0.047523175703714664,0.25506489023357065,0.6974119340627147
Admiral Nash!,neither,0.03945320844208391,0.33037608806864915,0.630170703489267
LIGHT it on FIRE,neither,0.034864985239967436,0.3459419046119305,0.6191931101481021
oh snap Brian!,neither,0.04440455251582336,0.28310121695173596,0.6724942305324407
hahahahahahahaaha,neither,0.03945320844208391,0.33037608806864915,0.630170703489267
Talks Shield?,neither,0.03945320844208391,0.33037608806864915,0.630170703489267
ABORT,neither,0.03945320844208391,0.33037608806864915,0.630170703489267
this is amazing,neither,0.050638740814203484,0.3285866302672563,0.6207746289185402
Brian?!,neither,0.03945320844208391,0.33037608806864915,0.630170703489267
omg,neither,0.03945320844208391,0.33037608806864915,0.630170703489267
BRIAN!,neither,0.03945320844208391,0.33037608806864915,0.630170703489267
whaaaaat,neither,0.03945320844208391,0.33037608806864915,0.630170703489267
Nash??,neither,0.03945320844208391,0.33037608806864915,0.630170703489267
Cabbagehead Klingnon!,neither,0.03945320844208391,0.33037608806864915,0.630170703489267
wait thats not Eric! lol,neither,0.03168146528110037,0.38318773062599226,0.5851308040929074
what?,neither,0.057770773616808734,0.3180719994247239,0.6241572269584672
Woooo,neither,0.03945320844208391,0.33037608806864915,0.630170703489267
HE IS EVERY WHERE!!!!,neither,0.06387681044138885,0.2806434928109414,0.6554796967476697
we're full turnt,neither,0.08516503401284184,0.29545855197085236,0.6193764140163058
BRIAN?!?!,neither,0.03945320844208391,0.33037608806864915,0.630170703489267
Are we on the internet?,neither,0.06455044260466253,0.27765074222486363,0.6577988151704739
LOL it's Brian,neither,0.029110593796164753,0.3971403245950106,0.5737490816088245
Wtf,offensive_language,0.04410695246022759,0.7898861884776351,0.16600685906213722
BRIAN,neither,0.03945320844208391,0.33037608806864915,0.630170703489267
eric looks weird today.,neither,0.03820821153582183,0.3113184330485344,0.6504733554156438
never heard on you!,neither,0.05015199987222977,0.46849621997444874,0.4813517801533215
oh wow,neither,0.04699983224225219,0.25967008852857676,0.6933300792291711
Whaaaaa,neither,0.03945320844208391,0.33037608806864915,0.630170703489267
jcvimHi jcvimHi brian,neither,0.03945320844208391,0.33037608806864915,0.630170703489267
Brian,neither,0.03945320844208391,0.33037608806864915,0.630170703489267
what??,neither,0.057770773616808734,0.3180719994247239,0.6241572269584672
Ahhhhhhhh! gandsNopeNopeNope,neither,0.03945320844208391,0.33037608806864915,0.630170703489267
wow!,neither,0.03945320844208391,0.33037608806864915,0.630170703489267
dang he looks nice in the uniform,neither,0.043450627581921045,0.31434885010824437,0.6422005223098347
Talkin Shield,neither,0.03945320844208391,0.33037608806864915,0.630170703489267
Riker?,neither,0.03945320844208391,0.33037608806864915,0.630170703489267
Are we back in the mirror universe?,neither,0.05854262788228023,0.28342953611343014,0.6580278360042896
"Hi Brain, how's things?",neither,0.03945320844208391,0.33037608806864915,0.630170703489267
How did he get here,neither,0.11322143076273919,0.2893908563138489,0.5973877129234119
ox crew? ;),neither,0.03945320844208391,0.33037608806864915,0.630170703489267
LOL,neither,0.020706217963973744,0.4882283491876925,0.4910654328483337
Talking SHoT,neither,0.03945320844208391,0.33037608806864915,0.630170703489267
STAY TURNED,neither,0.03945320844208391,0.33037608806864915,0.630170703489267
Brian W Foster in red oh my God,neither,0.03443733985816349,0.35509629095083634,0.6104663691910003
LOL BWF AMAZING,neither,0.029494930075611017,0.4046586088410035,0.5658464610833854
Holy crap lol,neither,0.03181813303275266,0.3856694464468978,0.5825124205203497
can we hold him down and shave him..... ??.... pretty please?? :P,neither,0.03884787464351955,0.30688453654629816,0.6542675888101823
@xo_girlwonder Heya Anne,neither,0.03945320844208391,0.33037608806864915,0.630170703489267
Talks Tomorrow? Talks Shieldina?,neither,0.03945320844208391,0.33037608806864915,0.630170703489267
are we on the internet,neither,0.06455044260466253,0.27765074222486363,0.6577988151704739
"So, now we know who's playing Q in this game.",neither,0.038949953491230274,0.3913817059692562,0.5696683405395137
Brian Foster!!,neither,0.03945320844208391,0.33037608806864915,0.630170703489267
@Gryphon_oFH But the beard is so pretty...,neither,0.04267187646004715,0.36386386182956276,0.5934642617103901
Hey @ciarathebraid did you eat?,neither,0.06108585464519893,0.39025564192459544,0.5486585034302055
"Uniform looks great on you, Brian",neither,0.04717338879096106,0.35274450022359927,0.6000821109854396
Are we on the internet?,neither,0.06455044260466253,0.27765074222486363,0.6577988151704739
"!!! Brain crossover, too?",neither,0.03911449689969334,0.33612490690970304,0.6247605961906036
Aliza's back,neither,0.03945320844208391,0.33037608806864915,0.630170703489267
"""Captain's Log""",neither,0.03945320844208391,0.33037608806864915,0.630170703489267
Log review?,neither,0.03945320844208391,0.33037608806864915,0.630170703489267
"Oh no, a damn Q has invaded.",offensive_language,0.05076048441336565,0.8418053566571992,0.10743415892943509
"@xo_girlwonder I had half a Caesar Salad wrap. That counts, right? It was mostly lettuce.",neither,0.03636950075803913,0.361119556216448,0.6025109430255129
"lol, so scruffy most times heheheh @CiaraTheBraid",neither,0.03305316020852928,0.4140142767599101,0.5529325630315606
"""Interesting people and Eric""",neither,0.06536645276719628,0.2918236209602622,0.6428099262725415
Wooo,neither,0.03945320844208391,0.33037608806864915,0.630170703489267
<3,neither,0.03945320844208391,0.33037608806864915,0.630170703489267
"Ooh, Sam got a haircut <3",neither,0.03842129461136203,0.3674105664602926,0.5941681389283454
Civvies!,neither,0.03945320844208391,0.33037608806864915,0.630170703489267
Yay Alisa's back,neither,0.03945320844208391,0.33037608806864915,0.630170703489267
@ciarathebraid just saying,neither,0.021978355045127983,0.36905464402116195,0.60896700093371
Brian seriously looks like a Q in that costume,neither,0.0440338973953296,0.37335003887739165,0.5826160637272788
WOO HOO,neither,0.03945320844208391,0.33037608806864915,0.630170703489267
out of uniform! REGULATIONS DansGame,neither,0.035676445704273994,0.344794561631914,0.6195289926638119
Brian is totally Q,neither,0.047681994991203604,0.3275458310384416,0.6247721739703548
"Ooh, I like Aliza's hair",neither,0.051856172274812096,0.34816994450488403,0.599973883220304
"Man, this reminds me of when I was in Bonnie's Street Fighter Panel 2 years ago",neither,0.030442658039255468,0.41155402392671625,0.5580033180340283
1,neither,0.03945320844208391,0.33037608806864915,0.630170703489267
snort ++,neither,0.03945320844208391,0.33037608806864915,0.630170703489267
"My brain can't handle this! Eric is on the wrong side, and the crew is out of uniform!",neither,0.03354663476929753,0.36514203342278595,0.6013113318079165
it's always so weird seeing them out of their uniforms.,neither,0.0427746807580507,0.4054221034240318,0.5518032158179176
haha,neither,0.03186685585600258,0.45913629025701075,0.5089968538869867
#100SNORTS,neither,0.03945320844208391,0.33037608806864915,0.630170703489267
LOL,neither,0.020706217963973744,0.4882283491876925,0.4910654328483337
"Aww, where's our Scottish Human?",neither,0.16646703217831166,0.1675353936136674,0.6659975742080209
"@Gryphon_oFH I mean... I can't grow a beard, and I don't like touching them because they're so course and rough usually, but they are pretty...",neither,0.07376327696390012,0.2797214550774075,0.6465152679586924
The Doctor.,neither,0.03827813141413388,0.3087027896769399,0.6530190789089262
lol,neither,0.020706217963973744,0.4882283491876925,0.4910654328483337
The 7 fabulous cast of the show!,neither,0.049305603553617745,0.2492387649781281,0.7014556314682541
gandsDrAmy,neither,0.03945320844208391,0.33037608806864915,0.630170703489267
!glittereric,neither,0.03945320844208391,0.33037608806864915,0.630170703489267
We have 3 months 22 days 19 hours 49 minutes 4 seconds left until we glitter Eric! Chat never forgets! https://clips.twitch.tv/EasyUglyPlumFailFish,neither,0.0378250115919894,0.3486751324834722,0.6134998559245385
!respect,neither,0.03945320844208391,0.33037608806864915,0.630170703489267
"If you would like to share opinions on our hosts, guests or fellow viewers, please do so in a respectful manner. Don't make them feel uncomfortable.",neither,0.04843323757214918,0.39559142321184637,0.5559753392160044
!zazrit,neither,0.03945320844208391,0.33037608806864915,0.630170703489267
"So is this an episode of ""Talks Tomoricha""?",neither,0.04669848331935,0.36353751459607114,0.5897640020845789
*coarse,neither,0.03945320844208391,0.33037608806864915,0.630170703489267
vieHeart vieHype vieHug,neither,0.03945320844208391,0.33037608806864915,0.630170703489267
"i wore a beard for more than a decade, most I can tolerate these days is my salt-n-pepper goatee :P @CiaraTheBraid",neither,0.038250923065111186,0.389625169660761,0.5721239072741279
Thanks @ElfGiftSpeaks,neither,0.035884468650613,0.3004919205142699,0.6636236108351171
!glittereric,neither,0.03945320844208391,0.33037608806864915,0.630170703489267
@harberst Yes.,neither,0.03945320844208391,0.33037608806864915,0.630170703489267
who is that beautiful redhead?,neither,0.04327470827500907,0.4203784829021479,0.5363468088228429
"yes, please make that casting happen, all of it",neither,0.03627875134827801,0.4284642233318929,0.5352570253198291
omg Marisha Lwaxana would be amazing,neither,0.03924517959871533,0.32863408131707034,0.6321207390842145
"@RuzgofDI *bows* thank you, thank you",neither,0.06558982383387725,0.4147360291953048,0.519674146970818
Woo!,neither,0.03945320844208391,0.33037608806864915,0.630170703489267
Brian encouraging bad behavior in our lovely Sally Ride crew,neither,0.03721645556789352,0.33114540994973396,0.6316381344823725
Marisha Guesting! I forgot about that,neither,0.032613838241881236,0.417617414746427,0.5497687470116916
"Marisha, the Borg Queen?",neither,0.0381955476471936,0.307118819326112,0.6546856330266944
"Also, yay Danoba gets my humor ;)",neither,0.03081073743935468,0.39575707730270987,0.5734321852579355
"Who is Marisha? Apologies, im kinda still new",neither,0.048293416131701496,0.3442741315872832,0.6074324522810154
squeeeee,neither,0.03945320844208391,0.33037608806864915,0.630170703489267
oh GODS YEAH! Marisha as a recurring guest !,neither,0.027043616217661586,0.41669623380406423,0.5562601499782742
hehhehehhehe,neither,0.03945320844208391,0.33037608806864915,0.630170703489267
@harberst Haha.,neither,0.03186685585600258,0.45913629025701075,0.5089968538869867
.....ofcourse she is,neither,0.050395664645912,0.42085632182410637,0.5287480135299816
I could see her doing that,offensive_language,0.026671102003827114,0.6033058834085933,0.3700230145875797
"@Copperlord96 That is the lovely Bonnie Gordon half of Library Bards... like Library Cards but with a ""B""",neither,0.03806676982760347,0.3686789949555238,0.5932542352168728
!whodat,neither,0.03945320844208391,0.33037608806864915,0.630170703489267
"Eric Campbell ( twitter.com/16BitEric ), with Amy Dallen ( twitter.com/enthusiamy ), Hector Navarro ( twitter.com/Hectorisfunny ), Sam de Leve ( twitter.com/ChaiKovsky ), Bonnie Gordon ( twitter.com/BonnieBellG ), Aliza Pearl ( twitter.com/AlizaPearl ) and Gina DeVivo ( twitter.com/PocketGina ) with special guest Brian Wayne Foster ( twitter.com/BrianWFoster ).",neither,0.03878206180960849,0.4645776782173623,0.49664025997302924
"Marisha Hargitay, she was on Law & Order SVU #troll",neither,0.03814019562443708,0.40890368954050293,0.55295611483506
"Marisha May, she's on Critical Role, she's married to Matt Mercer",neither,0.04445409627296731,0.426808062646627,0.5287378410804056
whats going on tonight is this still cannon episode?,neither,0.039059835307269766,0.35032930213146124,0.610610862561269
@OceanicPicon815 The is a player on Critical Role,neither,0.037947228702190396,0.39912174078947965,0.5629310305083298
who wouldn't try to kiss Steve Blum? Drunk or not?,neither,0.043541057342536306,0.3759235290918485,0.5805354135656151
Blum is just playing hard to get,offensive_language,0.03972794093327963,0.557751084816379,0.40252097425034145
Who among us hasn't tried to kiss Steve Blum...,neither,0.06920119737937715,0.3630871908693302,0.5677116117512927
Ray,neither,0.03945320844208391,0.33037608806864915,0.630170703489267
What happened here?,neither,0.11634714459244172,0.2761349710873221,0.607517884320236
Steve Blum is pure awesome,neither,0.04642647321079101,0.32797766255143324,0.6255958642377758
"The goldfish on the Sally Ride is named Keyleth, Keyleth is Marisha's character from Critical Role",neither,0.04612746520007065,0.30799494431470875,0.6458775904852205
I was in a Steve Blum panel and survived,neither,0.03879579414525374,0.3034182237057933,0.6577859821489529
Why is Eric not GMing?,neither,0.03317297467713306,0.3498701524049452,0.6169568729179218
"Okay, I think the problem is my brain right now, because everything seems to have Audio/Video desynchronization and it's... strange.",neither,0.04079028310421518,0.30541019547438636,0.6537995214213984
Woooo! gandsApplaud,neither,0.03945320844208391,0.33037608806864915,0.630170703489267
It's QA,neither,0.037828236809968684,0.3309349903269868,0.6312367728630445
Q&A,neither,0.03945320844208391,0.33037608806864915,0.630170703489267
Oh so OOC,neither,0.0449281349647158,0.32536782622236227,0.629704038812922
I really wanna hug Sam. Are they fully healed and back in hugging shape yet?,neither,0.05019524291239354,0.28950119753897907,0.6603035595486275
"Hector brought us Aliza? Awesome, thanks Hector!",neither,0.07066477695186464,0.3085515167619752,0.6207837062861603
Aliza was a fabulous choice!,neither,0.03934122506978272,0.33227673814991354,0.6283820367803038
I'll say it now... Brian for Q... not just in Shield of Tomorrow but canonically in the series... come on Discovery... cast Brian!,neither,0.03101067191501909,0.3422743977485772,0.6267149303364038
Sam is hugable yes!,neither,0.04915264252642659,0.32704000791364957,0.6238073495599238
Awwww!,neither,0.03945320844208391,0.33037608806864915,0.630170703489267
lol,neither,0.020706217963973744,0.4882283491876925,0.4910654328483337
@GeekandSundry 100% Brain is perfect for Q.,neither,0.040673434759461696,0.30187413483165115,0.6574524304088872
Hector loses his shit!,offensive_language,0.07536184398622198,0.9238467310802275,0.0007914249335503281
@GeekandSundry YAY!,neither,0.03945320844208391,0.33037608806864915,0.630170703489267
It's all 'cause Aliza's awesome,neither,0.037641748670862916,0.4483738805642709,0.5139843707648664
awwww,neither,0.03945320844208391,0.33037608806864915,0.630170703489267
Awwww,neither,0.03945320844208391,0.33037608806864915,0.630170703489267
that's so sweet,neither,0.03409877011335785,0.4491826059172069,0.5167186239694354
<3,neither,0.03945320844208391,0.33037608806864915,0.630170703489267
We have a subscriber-only Discord server! Join here: https://discord.gg/geekandsundry (you'll need to sub and link it to your Twitch) and be a part of the fun!...Warning: It can take up to an hour for the server to update and give you access to the channels,neither,0.08464076273808444,0.286394834032893,0.6289644032290227
"while I want o stay and watch this, i t is time for bed here",neither,0.07890336428386935,0.2645769307853436,0.656519704930787
Thank you Hector for the gift of Aliza!,neither,0.04609965053773905,0.3295102254636936,0.6243901239985674
good night folks,neither,0.03065027300088105,0.33026464972484565,0.6390850772742732
Good job Hector,neither,0.03847136223752934,0.3307137900015447,0.6308148477609259
Sam has a reall cool shirt,neither,0.03974362290419526,0.3254469967252692,0.6348093803705356
"I was in a Gamestop today, and was a little disappointed not to hear Marisha's voice on the in store video.",neither,0.05603797353145356,0.24902200354887727,0.6949400229196692
"Good night, Copperlord96",neither,0.027408777718339543,0.3300282295872874,0.6425629926943731
"@Hyperspace_Beast when Puerto Rico got hit by that nasty hurricaine, Aliza has family in Puerto Rico so SoT raised a mad cray amount of relief money and unlocked a SoT Question and Answer panel which is right now",neither,0.03666969046140799,0.374186658147325,0.5891436513912669
"In this group, there is no weak link!",neither,0.044779469656628434,0.307966879171729,0.6472536511716427
I love everything about this q and a,neither,0.03350222349648093,0.33267801558003685,0.6338197609234822
sports their way onto a geek channel? Sam is more awesome than I previously knew!,neither,0.04409303003891827,0.32845858080833507,0.6274483891527467
meh pushups,neither,0.03945320844208391,0.33037608806864915,0.630170703489267
Sam is so badass,neither,0.047420091300937856,0.37139882409815267,0.5811810846009094
"Help G&S make great content! $4.99/month gets you emotes, Minecraft server access, Sub Only VODs, and more! Every sub keeps the channel alive! twitch.tv/geekandsundry/subscribe",neither,0.043907990691603095,0.31135964332838284,0.644732365980014
They SPORTS their way into the home of geekery - wonderful time to be alive,neither,0.04251055474032831,0.3325365675508658,0.6249528777088058
first half is Q&A second is episode right?,neither,0.04473491339233566,0.34220237731553416,0.6130627092921304
"@Deathstar_Taco oh, what is the Taco thing btw?",neither,0.054935985236660885,0.27319230614297,0.6718717086203692
must stop looking at bonnie,neither,0.039607399838709534,0.42668911055302217,0.5337034896082684
"I remembering following Sam on Twitter before they started coming on. Don't remember how that happened. Disabled Twitter, maybe? Hmm... it was a while ago now.",neither,0.033516062758535234,0.4642635282302765,0.5022204090111884
#ScienceRules,neither,0.03945320844208391,0.33037608806864915,0.630170703489267
That's it: gotta see a push off between Sam and Travis--and my money's on Sam!,neither,0.029406586672065478,0.3705947773895747,0.5999986359383598
"@Hazard_TS yes, a ""special"" episode though (spoilers on the Discord)",neither,0.06254715269549015,0.3122125944989488,0.6252402528055612
#TruthConquersAll,neither,0.03945320844208391,0.33037608806864915,0.630170703489267
That was my question!,neither,0.023313043060340218,0.4762418289204383,0.5004451280192214
Oh Sam,neither,0.0461327075271576,0.2673899063118408,0.6864773861610016
i am in so many discords,neither,0.03915461335722248,0.3901223442175123,0.5707230424252653
colorized photos are awesome,neither,0.06460416258319295,0.28651152537656227,0.6488843120402448
"@Hyperspace_Beast well since planets keep vanishing whenever the Deathstar is around, I decided to put my taco stand ON the Deathstar",neither,0.037869476483677535,0.3592424434733116,0.602888080043011
Good question @vanderpike,neither,0.038603349900201235,0.3306683933919781,0.6307282567078207
test,neither,0.03945320844208391,0.33037608806864915,0.630170703489267
a fellow military history buff like me!,neither,0.04080445710834509,0.3676825331298052,0.5915130097618497
Thank you sir.,neither,0.05897985934550316,0.39503371390534275,0.545986426749154
The host kinda looks like Lee Adama from Battlestar Galactica,neither,0.04725905177470479,0.3161110707483915,0.6366298774769038
"@Hazard_TS I mostly stopped using Discord because I added too many and overwhelmed myself, whoops.",neither,0.03702423503370099,0.34558029056540834,0.6173954744008907
Except Discovery,neither,0.03945320844208391,0.33037608806864915,0.630170703489267
that sounds like a lot of world war I on the western front,neither,0.04071472568604029,0.3637352495061461,0.5955500248078135
Trench warfare was brutal.,neither,0.03936846638458768,0.3318143819435069,0.6288171516719054
*todays host,neither,0.03945320844208391,0.33037608806864915,0.630170703489267
Discovery? Never heard of it. ;),neither,0.03290128113998575,0.3817668901235797,0.5853318287364345
:D,neither,0.03945320844208391,0.33037608806864915,0.630170703489267
Eric plays Battlefield 1 confirmed?,neither,0.03945320844208391,0.33037608806864915,0.630170703489267
Discovery is so dark,neither,0.05092130324548625,0.387659339477755,0.5614193572767587
That was a great answer!,neither,0.03348432725675739,0.3494197124792557,0.6170959602639868
Yep,neither,0.03945320844208391,0.33037608806864915,0.630170703489267
*shakes fist at CBS*,neither,0.03876821246428742,0.35123609545343015,0.6099956920822824
There',neither,0.03938975662112344,0.2339556726221167,0.7266545707567599
There's always Orville :D,neither,0.03655127566617605,0.349507897167871,0.6139408271659529
I thought Eric called it Shield of Tomorrow because he likes Paladins or something.,neither,0.04783927960603104,0.2878519060495707,0.6643088143443981
En sign sage,neither,0.03945320844208391,0.33037608806864915,0.630170703489267
en sign??,neither,0.03945320844208391,0.33037608806864915,0.630170703489267
Orville is an awsome show,neither,0.08475289328140043,0.20570163293875435,0.7095454737798451
maybe he's trolling,neither,0.0451297992129792,0.3284236481990482,0.6264465525879727
Ensign Goddess,neither,0.03945320844208391,0.33037608806864915,0.630170703489267
"She was on one, the Undercover mission",neither,0.036632553963901485,0.4203066118964839,0.5430608341396147
PSA: Brian likes to have fun with the readings. Yes - he's trolling.,neither,0.04095863752200801,0.3683123475822402,0.5907290148957518
just watched ep 11,neither,0.03577183119563541,0.3476058639791506,0.6166223048252141
she's got government computers to hack,neither,0.0454184526212605,0.4419818981897948,0.5125996491889447
Hackerman sage,neither,0.03945320844208391,0.33037608806864915,0.630170703489267
"@vanofwar Yep, I love it.",neither,0.0343420003406283,0.34734629834470404,0.6183117013146676
is this star trek dnd,neither,0.04524988766754279,0.3295129463685346,0.6252371659639226
