text,top_class,hate_speech,offensive_language,neither
bbl. Have a good one.,neither,0.03751923070745841,0.36946483386928586,0.5930159354232557
I’ll use a fork,neither,0.007664213029130776,0.46193232304038706,0.5304034639304822
"""I'm Commander shepherd and this is my favourite RPG on Geek & Sundry""",neither,0.03413443172137746,0.36610346651207426,0.5997621017665483
@allenshock1 oh you are in for a treat. it's the craziest die on geek and sundry. i love it.,neither,0.14036577118160032,0.153742668920727,0.7058915598976727
.. wtf? D,offensive_language,0.04410695246022759,0.7898861884776351,0.16600685906213722
XD,neither,0.03945320844208391,0.33037608806864915,0.630170703489267
"Tomorrow night, folks",neither,0.031921691355831824,0.330116163011369,0.6379621456327992
well I get the point .. but since they never said it.. nothing was officially...and there was absolutely nothing to give away ect... like I said in the message etc... anyhow.. I get it,neither,0.038835038589245925,0.3415770616844931,0.6195878997262608
this is kinda cringe a bit,neither,0.045924990799710894,0.3294028326413524,0.6246721765589368
*show on geek and sundry.,neither,0.04996322671784068,0.23218941121577566,0.7178473620663836
hehe,neither,0.03945320844208391,0.33037608806864915,0.630170703489267
I adore Matt Key,neither,0.03945320844208391,0.33037608806864915,0.630170703489267
I get it,neither,0.03490679507544832,0.35300313020848223,0.6120900747160695
heya Sax!,neither,0.03945320844208391,0.33037608806864915,0.630170703489267
Hailing Frequencies ARE OPEN!,neither,0.08644556988337024,0.2581296959519982,0.6554247341646315
a good .. no arms done,neither,0.037262049320927304,0.35727261547781985,0.6054653352012529
Star Trek just got Saxy!,neither,0.034427252977657745,0.3891701510492124,0.5764025959731299
IDIOTS FROM BEYOND TIME!,neither,0.0393703648839797,0.3317821594541358,0.6288474756618846
gandsSaxHype gandsSaxHype gandsSaxHype gandsSaxHype,neither,0.03945320844208391,0.33037608806864915,0.630170703489267
Re hrpgSub hrpgHyperHype ramaHype,neither,0.10802165902134243,0.2484119200751343,0.6435664209035233
he's looking rather... saxy!,neither,0.04632998574681312,0.328010849014786,0.6256591652384008
PogChamp PogChamp PogChamp PogChamp PogChamp PogChamp PogChamp PogChamp PogChamp PogChamp PogChamp PogChamp PogChamp,neither,0.03945320844208391,0.33037608806864915,0.630170703489267
!bubblegum,neither,0.03945320844208391,0.33037608806864915,0.630170703489267
"You came here to chew Bubblegum and watch an RPG. Check out the rules for Dick & Johnson's RPG system here, https://gist.github.com/anonymous/2e00cd265c8628d4fb13",offensive_language,0.10878855305517567,0.46746033330792874,0.42375111363689555
aaahhhhh yaaaaay!,neither,0.03945320844208391,0.33037608806864915,0.630170703489267
"my ears are shot i heard ""wole playing games"" Kappa :D",neither,0.045158590383553444,0.35610473032686324,0.5987366792895832
Time to kick this starships ass,offensive_language,0.12906737354318729,0.8697923122290087,0.0011403142278040008
I am so here for this,neither,0.08805822457501247,0.30038871668818223,0.6115530587368052
good one,neither,0.03669080839140341,0.39000308422052066,0.573306107388076
snort++,neither,0.03945320844208391,0.33037608806864915,0.630170703489267
!bubblegum,neither,0.03945320844208391,0.33037608806864915,0.630170703489267
"You came here to chew Bubblegum and watch an RPG. Check out the rules for Dick & Johnson's RPG system here, https://gist.github.com/anonymous/2e00cd265c8628d4fb13",offensive_language,0.10878855305517567,0.46746033330792874,0.42375111363689555
Technically? Maybe.,neither,0.03945320844208391,0.33037608806864915,0.630170703489267
bonnie snort laugh <3,neither,0.03945320844208391,0.33037608806864915,0.630170703489267
and you can't.teach.dat!,neither,0.06860822378441134,0.19404253234896768,0.7373492438666209
Hoping for a Paul Lynde as Q moment. :),neither,0.03347029210060275,0.3333030103375331,0.6332266975618641
look!! Beautiful Uniforms have returned :D,neither,0.040598728479825125,0.3380200557643761,0.6213812157557987
gandsHecBird YEAH it's something,neither,0.01882143979935885,0.4707448266113311,0.51043373358931
I always include it in lists of the GNS RPGs,neither,0.03679547907654821,0.35586812638812265,0.6073363945353292
very duke nukem,neither,0.03945320844208391,0.33037608806864915,0.630170703489267
Really Poor Grammar?,neither,0.03945320844208391,0.33037608806864915,0.630170703489267
Wooohooo thus will be fun :-) .. Bubble gum campaign :-) woohooo,neither,0.040630129189784404,0.3176553359684734,0.6417145348417422
@JeffM0307 I would so love that!,neither,0.029657042761301013,0.45835708106807443,0.5119858761706245
"Oooh, a shuttle this time",neither,0.03816989971820941,0.35215718628168685,0.6096729140001038
Rightly Proscribed Gamboling?,neither,0.03945320844208391,0.33037608806864915,0.630170703489267
This is going to be nuts.,neither,0.0554186584675611,0.3577709372229977,0.5868104043094412
I thought I had missed it or my phone froze,neither,0.03249861610376589,0.31936840102539715,0.6481329828708369
so is Hector now two characters in one body then?,neither,0.045290392365913645,0.3782994469866403,0.5764101606474461
This Might Be A Bad Idea,neither,0.036415794873859604,0.33713319373284806,0.6264510113932923
I have $13.26,neither,0.03893665576117397,0.33914333515876355,0.6219200090800624
"Settle in folks, things are about to get weird...",neither,0.06208891596262884,0.3199175357791564,0.6179935482582147
I'm just waiting for Sam to rules-lawyer what counts as kicking ass,offensive_language,0.09329708596734237,0.7941175625236507,0.112585351509007
Best Bad Idea ever,neither,0.03524629560254299,0.32387352554253274,0.6408801788549242
We have a subscriber-only Discord server! Join here: https://discord.gg/geekandsundry (you'll need to sub and link it to your Twitch) and be a part of the fun!...Warning: It can take up to an hour for the server to update and give you access to the channels,neither,0.08464076273808444,0.286394834032893,0.6289644032290227
Wait... what?,neither,0.04877470361900789,0.3238348708445956,0.6273904255363965
WHAT?!?,neither,0.057770773616808734,0.3180719994247239,0.6241572269584672
Are you kidding...?!,neither,0.1202000281096263,0.3245543791663406,0.5552455927240332
Sounds like AXYB&D&J to me.,neither,0.0524465462803677,0.399746480392114,0.5478069733275183
What? What????,neither,0.057770773616808734,0.3180719994247239,0.6241572269584672
@Gryphon_oFH he's gonna be doing the Golum style left-right-left-right,neither,0.04046550319800982,0.3702710610008957,0.5892634358010945
Wow,neither,0.03945320844208391,0.33037608806864915,0.630170703489267
what a nice guy,neither,0.04580013611537027,0.3349641698525701,0.6192356940320596
That is very generous of him.,neither,0.04250093381646019,0.36440319215130795,0.5930958740322319
whoa,neither,0.03945320844208391,0.33037608806864915,0.630170703489267
*FACEPALM*,neither,0.03945320844208391,0.33037608806864915,0.630170703489267
that's super keen!,neither,0.03379184532521521,0.39242003170086004,0.5737881229739247
Woot woot!,neither,0.03945320844208391,0.33037608806864915,0.630170703489267
WHAT!!!!!!!!!!!!!!!!!!!!!!,neither,0.057770773616808734,0.3180719994247239,0.6241572269584672
What?,neither,0.057770773616808734,0.3180719994247239,0.6241572269584672
oh wow PogChamp,neither,0.04699983224225219,0.25967008852857676,0.6933300792291711
OMG,neither,0.03945320844208391,0.33037608806864915,0.630170703489267
"oh wow, thats nice",neither,0.04468455018096063,0.2805266743654732,0.6747887754535663
lol nice!,neither,0.02800779621733344,0.4174226989041296,0.554569504878537
That's awesome,neither,0.03419525192306799,0.38790559219732307,0.5778991558796089
woot!,neither,0.03945320844208391,0.33037608806864915,0.630170703489267
"jeez, name a shuttle after that dude",neither,0.035158036170544464,0.3771799146860702,0.5876620491433854
"Yeah, I can understand that if you don't play STO.",offensive_language,0.019604891241206592,0.5383224714822727,0.4420726372765207
@vanderpike You are absolutely an amazing person. <3 gandsLessthanthree,neither,0.08229468742499149,0.32303429999408806,0.5946710125809205
"Props, @vanderpike",neither,0.03945320844208391,0.33037608806864915,0.630170703489267
Oh no. It did freeze,neither,0.04217522796400577,0.2962586492429848,0.6615661227930095
Whoa!,neither,0.03945320844208391,0.33037608806864915,0.630170703489267
WOW!!!!!!!!!!!!!!,neither,0.03945320844208391,0.33037608806864915,0.630170703489267
STO is fun....,neither,0.05416348407482082,0.3253165497299984,0.6205199661951807
nice,neither,0.03945320844208391,0.33037608806864915,0.630170703489267
Ruining Poor Galaxies?,neither,0.03945320844208391,0.33037608806864915,0.630170703489267
Oh shit,offensive_language,0.04652059265363964,0.9534729203614298,6.486984930600159e-06
:O,neither,0.03945320844208391,0.33037608806864915,0.630170703489267
woot!,neither,0.03945320844208391,0.33037608806864915,0.630170703489267
cool,neither,0.03945320844208391,0.33037608806864915,0.630170703489267
I heard will wheaton was in star trek,neither,0.040458121740891896,0.31332008677315354,0.6462217914859546
nice!,neither,0.03945320844208391,0.33037608806864915,0.630170703489267
I remember reading that book,neither,0.0359987266617234,0.3678765530436656,0.596124720294611
"Man, i've been playing all weekend. this would be sick",neither,0.023064363356180013,0.41185527712163095,0.565080359522189
"Help G&S make great content! $4.99/month gets you emotes, Minecraft server access, Sub Only VODs, and more! Every sub keeps the channel alive! twitch.tv/geekandsundry/subscribe",neither,0.043907990691603095,0.31135964332838284,0.644732365980014
I’ve missed so much.,neither,0.016088276451478745,0.3529772398341672,0.6309344837143541
congratz @vanderpike,neither,0.03945320844208391,0.33037608806864915,0.630170703489267
That's super cool,neither,0.03496516654335869,0.3793227153485214,0.5857121181081199
PogChamp PogChamp PogChamp PogChamp PogChamp PogChamp PogChamp PogChamp PogChamp PogChamp PogChamp PogChamp PogChamp,neither,0.03945320844208391,0.33037608806864915,0.630170703489267
Very awesome!,neither,0.03945320844208391,0.33037608806864915,0.630170703489267
oh my god. all rge feels from eric,neither,0.036208523994182916,0.40353251503220816,0.5602589609736088
"aww, that's such a cool gesture in return for such a cool gesture",neither,0.03563627622675667,0.331143684184046,0.6332200395891973
wow,neither,0.03945320844208391,0.33037608806864915,0.630170703489267
aww,neither,0.03945320844208391,0.33037608806864915,0.630170703489267
DNJ,neither,0.03945320844208391,0.33037608806864915,0.630170703489267
DandJ,neither,0.03945320844208391,0.33037608806864915,0.630170703489267
dandj,neither,0.03945320844208391,0.33037608806864915,0.630170703489267
Trying not to cry right now,neither,0.043651665903063526,0.3494330015505979,0.6069153325463386
DandJ,neither,0.03945320844208391,0.33037608806864915,0.630170703489267
,neither,0.03945320844208391,0.33037608806864915,0.630170703489267
DandJ,neither,0.03945320844208391,0.33037608806864915,0.630170703489267
DandJ,neither,0.03945320844208391,0.33037608806864915,0.630170703489267
dandj,neither,0.03945320844208391,0.33037608806864915,0.630170703489267
Oh wow. Thanks very much. I love you guys!!!,neither,0.04750392740089297,0.32228476003999923,0.6302113125591079
DandJ,neither,0.03945320844208391,0.33037608806864915,0.630170703489267
dandj,neither,0.03945320844208391,0.33037608806864915,0.630170703489267
DandG,neither,0.03945320844208391,0.33037608806864915,0.630170703489267
DandJ,neither,0.03945320844208391,0.33037608806864915,0.630170703489267
dandj,neither,0.03945320844208391,0.33037608806864915,0.630170703489267
dandj,neither,0.03945320844208391,0.33037608806864915,0.630170703489267
dandj,neither,0.03945320844208391,0.33037608806864915,0.630170703489267
DandJ,neither,0.03945320844208391,0.33037608806864915,0.630170703489267
D and J,neither,0.03763944115734239,0.1918412352459551,0.7705193235967025
DandJ,neither,0.03945320844208391,0.33037608806864915,0.630170703489267
dandj,neither,0.03945320844208391,0.33037608806864915,0.630170703489267
DandJ,neither,0.03945320844208391,0.33037608806864915,0.630170703489267
DandJ,neither,0.03945320844208391,0.33037608806864915,0.630170703489267
DandJ,neither,0.03945320844208391,0.33037608806864915,0.630170703489267
DandJ,neither,0.03945320844208391,0.33037608806864915,0.630170703489267
DandJ,neither,0.03945320844208391,0.33037608806864915,0.630170703489267
DandJ,neither,0.03945320844208391,0.33037608806864915,0.630170703489267
DandJ,neither,0.03945320844208391,0.33037608806864915,0.630170703489267
DandJ,neither,0.03945320844208391,0.33037608806864915,0.630170703489267
dandj,neither,0.03945320844208391,0.33037608806864915,0.630170703489267
DandJ,neither,0.03945320844208391,0.33037608806864915,0.630170703489267
DandJ,neither,0.03945320844208391,0.33037608806864915,0.630170703489267
DandJ,neither,0.03945320844208391,0.33037608806864915,0.630170703489267
DandJ,neither,0.03945320844208391,0.33037608806864915,0.630170703489267
dandj,neither,0.03945320844208391,0.33037608806864915,0.630170703489267
WoAAH!!!,neither,0.03945320844208391,0.33037608806864915,0.630170703489267
DandJ,neither,0.03945320844208391,0.33037608806864915,0.630170703489267
dandj,neither,0.03945320844208391,0.33037608806864915,0.630170703489267
dandj,neither,0.03945320844208391,0.33037608806864915,0.630170703489267
dandj,neither,0.03945320844208391,0.33037608806864915,0.630170703489267
Dandj,neither,0.03945320844208391,0.33037608806864915,0.630170703489267
DandJ,neither,0.03945320844208391,0.33037608806864915,0.630170703489267
What a unselfish person,neither,0.0447387072713813,0.32658276336134867,0.6286785293672701
dandj,neither,0.03945320844208391,0.33037608806864915,0.630170703489267
DandJ,neither,0.03945320844208391,0.33037608806864915,0.630170703489267
dandj,neither,0.03945320844208391,0.33037608806864915,0.630170703489267
DandJ,neither,0.03945320844208391,0.33037608806864915,0.630170703489267
DandJ,neither,0.03945320844208391,0.33037608806864915,0.630170703489267
dandj,neither,0.03945320844208391,0.33037608806864915,0.630170703489267
dandj,neither,0.03945320844208391,0.33037608806864915,0.630170703489267
dandj,neither,0.03945320844208391,0.33037608806864915,0.630170703489267
dandj,neither,0.03945320844208391,0.33037608806864915,0.630170703489267
D And J,neither,0.03763944115734239,0.1918412352459551,0.7705193235967025
dandj,neither,0.03945320844208391,0.33037608806864915,0.630170703489267
dandj,neither,0.03945320844208391,0.33037608806864915,0.630170703489267
DandJ,neither,0.03945320844208391,0.33037608806864915,0.630170703489267
kaypikeG kaypikeG kaypikeG kaypikeG kaypikeG kaypikeG,neither,0.03945320844208391,0.33037608806864915,0.630170703489267
dandj,neither,0.03945320844208391,0.33037608806864915,0.630170703489267
dandj,neither,0.03945320844208391,0.33037608806864915,0.630170703489267
DandJ,neither,0.03945320844208391,0.33037608806864915,0.630170703489267
dandj,neither,0.03945320844208391,0.33037608806864915,0.630170703489267
DandJ,neither,0.03945320844208391,0.33037608806864915,0.630170703489267
wow,neither,0.03945320844208391,0.33037608806864915,0.630170703489267
DandJ,neither,0.03945320844208391,0.33037608806864915,0.630170703489267
dandj,neither,0.03945320844208391,0.33037608806864915,0.630170703489267
dandj,neither,0.03945320844208391,0.33037608806864915,0.630170703489267
dandj,neither,0.03945320844208391,0.33037608806864915,0.630170703489267
dandj,neither,0.03945320844208391,0.33037608806864915,0.630170703489267
case sensitive?,neither,0.03945320844208391,0.33037608806864915,0.630170703489267
dandj,neither,0.03945320844208391,0.33037608806864915,0.630170703489267
dandj,neither,0.03945320844208391,0.33037608806864915,0.630170703489267
DNJ,neither,0.03945320844208391,0.33037608806864915,0.630170703489267
DandJ,neither,0.03945320844208391,0.33037608806864915,0.630170703489267
DandJ,neither,0.03945320844208391,0.33037608806864915,0.630170703489267
DandJ,neither,0.03945320844208391,0.33037608806864915,0.630170703489267
DandJ,neither,0.03945320844208391,0.33037608806864915,0.630170703489267
DandJ,neither,0.03945320844208391,0.33037608806864915,0.630170703489267
DanJ,neither,0.03945320844208391,0.33037608806864915,0.630170703489267
DandJ,neither,0.03945320844208391,0.33037608806864915,0.630170703489267
DandJ,neither,0.03945320844208391,0.33037608806864915,0.630170703489267
DandJ,neither,0.03945320844208391,0.33037608806864915,0.630170703489267
DandJ,neither,0.03945320844208391,0.33037608806864915,0.630170703489267
DandJ,neither,0.03945320844208391,0.33037608806864915,0.630170703489267
DandJ,neither,0.03945320844208391,0.33037608806864915,0.630170703489267
DandJ,neither,0.03945320844208391,0.33037608806864915,0.630170703489267
Dandj,neither,0.03945320844208391,0.33037608806864915,0.630170703489267
dandj,neither,0.03945320844208391,0.33037608806864915,0.630170703489267
dandj,neither,0.03945320844208391,0.33037608806864915,0.630170703489267
DandJ,neither,0.03945320844208391,0.33037608806864915,0.630170703489267
dandj,neither,0.03945320844208391,0.33037608806864915,0.630170703489267
dandj,neither,0.03945320844208391,0.33037608806864915,0.630170703489267
dandj,neither,0.03945320844208391,0.33037608806864915,0.630170703489267
DandJ,neither,0.03945320844208391,0.33037608806864915,0.630170703489267
DandJ,neither,0.03945320844208391,0.33037608806864915,0.630170703489267
DandJ,neither,0.03945320844208391,0.33037608806864915,0.630170703489267
Dandj,neither,0.03945320844208391,0.33037608806864915,0.630170703489267
danj,neither,0.03945320844208391,0.33037608806864915,0.630170703489267
DandJ,neither,0.03945320844208391,0.33037608806864915,0.630170703489267
dandj,neither,0.03945320844208391,0.33037608806864915,0.630170703489267
DandJ,neither,0.03945320844208391,0.33037608806864915,0.630170703489267
DandJ,neither,0.03945320844208391,0.33037608806864915,0.630170703489267
DandJ,neither,0.03945320844208391,0.33037608806864915,0.630170703489267
Dandj,neither,0.03945320844208391,0.33037608806864915,0.630170703489267
dandj,neither,0.03945320844208391,0.33037608806864915,0.630170703489267
DandJ,neither,0.03945320844208391,0.33037608806864915,0.630170703489267
dandj,neither,0.03945320844208391,0.33037608806864915,0.630170703489267
Dandj,neither,0.03945320844208391,0.33037608806864915,0.630170703489267
DandJ,neither,0.03945320844208391,0.33037608806864915,0.630170703489267
DandJ,neither,0.03945320844208391,0.33037608806864915,0.630170703489267
dandj,neither,0.03945320844208391,0.33037608806864915,0.630170703489267
DandJ,neither,0.03945320844208391,0.33037608806864915,0.630170703489267
DandJ,neither,0.03945320844208391,0.33037608806864915,0.630170703489267
DandJ,neither,0.03945320844208391,0.33037608806864915,0.630170703489267
DandJ,neither,0.03945320844208391,0.33037608806864915,0.630170703489267
dandj,neither,0.03945320844208391,0.33037608806864915,0.630170703489267
dandj,neither,0.03945320844208391,0.33037608806864915,0.630170703489267
DandJ,neither,0.03945320844208391,0.33037608806864915,0.630170703489267
DandJ,neither,0.03945320844208391,0.33037608806864915,0.630170703489267
DandJ,neither,0.03945320844208391,0.33037608806864915,0.630170703489267
dandj,neither,0.03945320844208391,0.33037608806864915,0.630170703489267
DandJ,neither,0.03945320844208391,0.33037608806864915,0.630170703489267
dandj,neither,0.03945320844208391,0.33037608806864915,0.630170703489267
dandj,neither,0.03945320844208391,0.33037608806864915,0.630170703489267
dandj,neither,0.03945320844208391,0.33037608806864915,0.630170703489267
DandJ,neither,0.03945320844208391,0.33037608806864915,0.630170703489267
"DandJ And vanderpike, you're awesome.",neither,0.09356621623613633,0.2911218443937002,0.6153119393701635
DandJ,neither,0.03945320844208391,0.33037608806864915,0.630170703489267
DandJ,neither,0.03945320844208391,0.33037608806864915,0.630170703489267
Dandj,neither,0.03945320844208391,0.33037608806864915,0.630170703489267
is this for PC?,neither,0.040953250796009734,0.2977192498330909,0.6613274993708993
DandJ,neither,0.03945320844208391,0.33037608806864915,0.630170703489267
D&J,neither,0.03945320844208391,0.33037608806864915,0.630170703489267
DandJ,neither,0.03945320844208391,0.33037608806864915,0.630170703489267
DandJ,neither,0.03945320844208391,0.33037608806864915,0.630170703489267
DandJ,neither,0.03945320844208391,0.33037608806864915,0.630170703489267
DandJ,neither,0.03945320844208391,0.33037608806864915,0.630170703489267
DandJ,neither,0.03945320844208391,0.33037608806864915,0.630170703489267
DandJ,neither,0.03945320844208391,0.33037608806864915,0.630170703489267
DandJ,neither,0.03945320844208391,0.33037608806864915,0.630170703489267
DandJ dandj DANDJ,neither,0.03945320844208391,0.33037608806864915,0.630170703489267
PeanutButterAndJ,neither,0.03945320844208391,0.33037608806864915,0.630170703489267
DandJ,neither,0.03945320844208391,0.33037608806864915,0.630170703489267
DandJ,neither,0.03945320844208391,0.33037608806864915,0.630170703489267
DandJ,neither,0.03945320844208391,0.33037608806864915,0.630170703489267
DANDJ,neither,0.03945320844208391,0.33037608806864915,0.630170703489267
DandJ,neither,0.03945320844208391,0.33037608806864915,0.630170703489267
Re hrpgSub hrpgHyperHype ramaHype,neither,0.10802165902134243,0.2484119200751343,0.6435664209035233
DandJ,neither,0.03945320844208391,0.33037608806864915,0.630170703489267
gandsSubHype gandsSubHype kaypikeG kaypikeG kaypikeG kaypikeG kaypikeG,neither,0.03945320844208391,0.33037608806864915,0.630170703489267
DandJ,neither,0.03945320844208391,0.33037608806864915,0.630170703489267
DandJ,neither,0.03945320844208391,0.33037608806864915,0.630170703489267
I'm here! We're good!,neither,0.16332830063837286,0.23783274667224627,0.5988389526893809
DandJ,neither,0.03945320844208391,0.33037608806864915,0.630170703489267
dandj,neither,0.03945320844208391,0.33037608806864915,0.630170703489267
BandJ,neither,0.03945320844208391,0.33037608806864915,0.630170703489267
DandJ,neither,0.03945320844208391,0.33037608806864915,0.630170703489267
DandJ,neither,0.03945320844208391,0.33037608806864915,0.630170703489267
Hey again @vanderpike,neither,0.036922408505807566,0.37333036784877716,0.5897472236454153
so excited for this crossover,neither,0.03212783406476069,0.34639812932111586,0.6214740366141234
Re hrpgSub hrpgHyperHype ramaHype !,neither,0.10802165902134243,0.2484119200751343,0.6435664209035233
DandJ,neither,0.03945320844208391,0.33037608806864915,0.630170703489267
DandJ,neither,0.03945320844208391,0.33037608806864915,0.630170703489267
well done vanderpike,neither,0.03835210096346887,0.34906475564227485,0.6125831433942563
@vanderpike you are amazing!,neither,0.12376646148578273,0.3241881060224815,0.5520454324917358
"Almost, @misroi",neither,0.03945320844208391,0.33037608806864915,0.630170703489267
@vanderpike hay! TwitchUnity,neither,0.03945320844208391,0.33037608806864915,0.630170703489267
Hey @Danoba!,neither,0.03945320844208391,0.33037608806864915,0.630170703489267
"@vanderpike Seriously, you are an awesome person!",neither,0.0837545501513802,0.32281516141021616,0.5934302884384036
@vanderpike Good to hear,neither,0.04830306996474394,0.32501750114436057,0.6266794288908956
@vanderpike you are a very amazing person,neither,0.08776797755847945,0.32736252973433216,0.5848694927071884
@vanderpike You are an awesome person,neither,0.0940772692862726,0.32126293205104783,0.5846597986626797
oh wow so cool =D,neither,0.04533657976175891,0.3250727176942529,0.6295907025439883
"@vanderpike you are awesome, my friend.",neither,0.07167301538966012,0.4284152327172597,0.49991175189308035
,neither,0.03945320844208391,0.33037608806864915,0.630170703489267
yay AXYB,neither,0.03945320844208391,0.33037608806864915,0.630170703489267
that's going on my schedule for tomorrow night,neither,0.01898522742964625,0.42700595919506984,0.554008813375284
well .. I was wrong on the give away word . LOL,neither,0.03157995856236495,0.3536472251728495,0.6147728162647855
Keller!,neither,0.03945320844208391,0.33037608806864915,0.630170703489267
DandJ,neither,0.03945320844208391,0.33037608806864915,0.630170703489267
DandJ,neither,0.03945320844208391,0.33037608806864915,0.630170703489267
DandJ,neither,0.03945320844208391,0.33037608806864915,0.630170703489267
dandj,neither,0.03945320844208391,0.33037608806864915,0.630170703489267
"Thank you guys, very much! Blizzard wasn't as bad as it looked.",neither,0.03979059894086156,0.4092783240428072,0.5509310770163313
DandJ,neither,0.03945320844208391,0.33037608806864915,0.630170703489267
danoba,neither,0.03945320844208391,0.33037608806864915,0.630170703489267
dandj,neither,0.03945320844208391,0.33037608806864915,0.630170703489267
dandj,neither,0.03945320844208391,0.33037608806864915,0.630170703489267
God I play STO so much...,neither,0.03498688078744237,0.38452945464362753,0.5804836645689302
dandj,neither,0.03945320844208391,0.33037608806864915,0.630170703489267
NEW FUNDRAISER to save @vanderpike from the blizzard! Let's do this!,neither,0.03381032608215068,0.24275177626262476,0.7234378976552247
"@vanderpike Beautiful gesture tonight, and its awesome that you're all safe and sound, and even here with us tonight!",neither,0.0785860706311573,0.3115614786149391,0.6098524507539036
"i mean Danoba, is it case sensitive?",neither,0.04523554805853975,0.32838727632188286,0.6263771756195775
do caps matter? @Danoba,neither,0.040813833427871295,0.3299081067437583,0.6292780598283704
No spaces I guess,neither,0.03736004369073244,0.3622343928372708,0.6004055634719968
is passcode case sensitive,neither,0.04782325045439623,0.3274972468072953,0.6246795027383085
An orbit has been completed.,neither,0.03974337415508415,0.3254512186468681,0.6348054071980477
kaypikeHB kaypikeHB kaypikeHB kaypikeHB kaypikeHB kaypikeHB kaypikeHB kaypikeHB kaypikeHB kaypikeHB kaypikeHB kaypikeHB kaypikeHB,neither,0.03945320844208391,0.33037608806864915,0.630170703489267
No it is not case-sensitive.,neither,0.0431361603970725,0.345240645136176,0.6116231944667515
hehehhehe,neither,0.03945320844208391,0.33037608806864915,0.630170703489267
"@PipersTwin They usually fix that, so that it's not.",neither,0.031539990443056776,0.4340238798915192,0.534436129665424
"yes, save Vanderpike from Blizzard...for Aiur",neither,0.03409073523363311,0.2798091873118589,0.686100077454508
Re hrpgSub hrpgHyperHype ramaHype,neither,0.10802165902134243,0.2484119200751343,0.6435664209035233
Sammmmm<3,neither,0.03945320844208391,0.33037608806864915,0.630170703489267
I have been wondering about the first Keller-Sam encounter.,neither,0.03279210271410662,0.34828124788611103,0.6189266493997825
Dumb,neither,0.03945320844208391,0.33037608806864915,0.630170703489267
Sam and Keller have never met? HOW is that possible?!?,neither,0.03841417105005985,0.3594000562928198,0.6021857726571204
I am also excited!,neither,0.039249098555925246,0.33044629081808086,0.6303046106259937
hrpgSub hrpgHyperHype ramaHype,neither,0.03945320844208391,0.33037608806864915,0.630170703489267
DandJ,neither,0.03945320844208391,0.33037608806864915,0.630170703489267
now is he playing both,neither,0.055455154775677924,0.3248722849456354,0.6196725602786866
@Ninjanomics101 OH hey Bert!,neither,0.04724942694866229,0.25746865428102644,0.6952819187703113
"seriously, Sam is so adorable",neither,0.04627141360290981,0.36584126600186107,0.5878873203952292
what is goin on?,neither,0.054242610585647305,0.33850660065568994,0.6072507887586629
Put it in the wiki!,neither,0.037248926138046,0.3152091502281335,0.6475419236338206
DandJ,neither,0.03945320844208391,0.33037608806864915,0.630170703489267
stupid sexy zszrit!!!!!!!,neither,0.20554688138092644,0.16084400376255492,0.6336091148565187
just got on,neither,0.025448571815576422,0.4739398238037264,0.5006116043806972
Keller needs to see Sam lose their sh*t,neither,0.04354739339507416,0.32795444214688974,0.6284981644580362
"lol, Martinez/Dick he's playing both characters!",offensive_language,0.054323314599284786,0.7526270785953475,0.1930496068053676
amy is sooooo excited,neither,0.045949609039398556,0.32814167800686894,0.6259087129537324
cant wait!,neither,0.03945320844208391,0.33037608806864915,0.630170703489267
put it in the wiki,neither,0.037248926138046,0.3152091502281335,0.6475419236338206
@Danoba Hey buddy,neither,0.03945320844208391,0.33037608806864915,0.630170703489267
EVERYTHING is canonical in D&J,neither,0.05311580159157613,0.32567689577809783,0.6212073026303261
sam is 100% adorable,neither,0.046673454442776534,0.32789271438028017,0.6254338311769433
"""To Space and Back""... Probably going to have to get that for my space-obsessed 5 year-old",neither,0.0358876317092847,0.3774831229300913,0.5866292453606241
Hmm,neither,0.03945320844208391,0.33037608806864915,0.630170703489267
!djwiki,neither,0.03945320844208391,0.33037608806864915,0.630170703489267
"""The Dick and Johnson wikia, the most unsatisfying misclick on the Internet."" -Sax Carr 2017 #PutItInTheWiki http://dickandjohnson.wikia.com/wiki/The_Dick_and_Johnson_Wiki",neither,0.04705533552773973,0.46992134562560794,0.48302331884665234
crunchcrunchcrunch,neither,0.03945320844208391,0.33037608806864915,0.630170703489267
canon is whatever you want it to be,neither,0.08588742260689854,0.3768419593953697,0.5372706179977318
omg eric is zazrit? lol,neither,0.03875564263764806,0.38222923110332874,0.5790151262590233
Q,neither,0.03945320844208391,0.33037608806864915,0.630170703489267
"Aww, Amy joy.",neither,0.03945320844208391,0.33037608806864915,0.630170703489267
"I had to run some errands, how long have we been back from break?",neither,0.0376600702843587,0.3356153507428554,0.6267245789727859
@Danoba Hows it going?,neither,0.036252743844520874,0.36045866674656285,0.6032885894089163
hey @ninjanomics101,neither,0.03945320844208391,0.33037608806864915,0.630170703489267
"How long until Keller infects Sam with ""FLIPZ!""?",neither,0.03132773784319173,0.3559189219598877,0.6127533401969206
jcvimHi jcvimHi bert,neither,0.03945320844208391,0.33037608806864915,0.630170703489267
Eric has no glitter ;-;,neither,0.03910226286286562,0.3363325504429614,0.6245651866941732
they always the answer Q,neither,0.036359764207411854,0.37494728069637584,0.5886929550962122
OMG Eric is Zazrit!!!,neither,0.048307255652590635,0.32733077522528625,0.6243619691221232
!glittereric,neither,0.03945320844208391,0.33037608806864915,0.630170703489267
We have 3 months 22 days 18 hours 9 minutes 56 seconds left until we glitter Eric! Chat never forgets! https://clips.twitch.tv/EasyUglyPlumFailFish,neither,0.037809287098932096,0.3488532209732857,0.6133374919277821
Ninjaaaaaaa,neither,0.03945320844208391,0.33037608806864915,0.630170703489267
"Stupid, sexy Eric Campbell",neither,0.10565128622602014,0.23643783404992746,0.6579108797240524
Stop eating diabeetus!,neither,0.03942986566585122,0.44703988607345124,0.5135302482606976
@theheronightwing Hey!,neither,0.03945320844208391,0.33037608806864915,0.630170703489267
what is the symbol on Johnson's name,neither,0.049424726322839944,0.32102796712535847,0.6295473065518015
"@Ninjanomics101 Good, thanks, tired, busy, you know. How are you?",neither,0.09463770227681569,0.346362017904775,0.5590002798184094
@CelestialChickin This doesn't count for glittereric purposes...,neither,0.03448467537473627,0.307171269077792,0.6583440555474717
Hector going 1/2 and 1/2 atm,neither,0.037111078886856726,0.3180727022878501,0.6448162188252932
"@Ninjanomics101 Hey, Bert",neither,0.03945320844208391,0.33037608806864915,0.630170703489267
@Paladin356 A beer can,neither,0.039861375552393795,0.3234484269754165,0.6366901974721897
oh dear,neither,0.0461327075271576,0.2673899063118408,0.6864773861610016
He's doing it! He's doing the half and half costume!,neither,0.043687576288742924,0.29782536987740793,0.6584870538338492
LUL,neither,0.03945320844208391,0.33037608806864915,0.630170703489267
!glittereric @CelestialChickin soon,neither,0.03945320844208391,0.33037608806864915,0.630170703489267
We have 3 months 22 days 18 hours 9 minutes 13 seconds left until we glitter Eric! Chat never forgets! https://clips.twitch.tv/EasyUglyPlumFailFish,neither,0.037788538510198276,0.34908824826567814,0.6131232132241237
LMAFO,neither,0.03945320844208391,0.33037608806864915,0.630170703489267
@Ninjanomics101 Hey Bert! good to see you!,neither,0.07353497757049571,0.38595403401778333,0.5405109884117211
you work to hard :D @Danoba,offensive_language,0.058581643026733424,0.6487832413507456,0.292635115622521
@Danoba Haha yeah the same.,offensive_language,0.01981996997640158,0.49698829240681625,0.4831917376167823
"@PipersTwin Yup, I do.",neither,0.04129046480249045,0.329744171357808,0.6289653638397017
LUL Hector so quick,neither,0.03941208818024012,0.37350580245600534,0.5870821093637545
@JeffM0307 Hey!,neither,0.03945320844208391,0.33037608806864915,0.630170703489267
it is a giant Budweiser can floating in space.,neither,0.04444626471302038,0.3252981721607609,0.6302555631262188
i feel like we need to establish some kind of drinking game for this event,neither,0.039388323052976786,0.30302655810380613,0.6575851188432171
lol,neither,0.020706217963973744,0.4882283491876925,0.4910654328483337
Hector is going Two Face,neither,0.04791901461238253,0.34714712061729497,0.6049338647703225
"Hehheheh, great job Hector",neither,0.03704547722858212,0.29796293611582825,0.6649915866555896
hey Ninjanomics101,neither,0.03945320844208391,0.33037608806864915,0.630170703489267
hector is really getting into this,neither,0.04353342133298004,0.407451489448144,0.5490150892188759
Hector you are great!,neither,0.1311674729155947,0.27265418496143434,0.596178342122971
This is going to be good.,neither,0.057775912178623476,0.36289904617119056,0.579325041650186
@JustinT1977 Hey! Great to be here. So excited for this.,neither,0.07405858587664971,0.29181720881053275,0.6341242053128175
@owifig the 1/2+1/2 costume is wonderful,neither,0.04622749105895059,0.3127226382250592,0.6410498707159902
It's a space truck,neither,0.03811135732387234,0.3308376121995936,0.631051030476534
Sass reactor appears to be leaking.,neither,0.04773662407063329,0.33010658445199453,0.6221567914773722
the winner is @theheronightwing!,neither,0.04857426747449921,0.3074463626051908,0.64397936992031
congrats @theheronightwing !,neither,0.03945320844208391,0.33037608806864915,0.630170703489267
Congrats @theheronightwing !,neither,0.03945320844208391,0.33037608806864915,0.630170703489267
Wait WHAT,neither,0.04877470361900789,0.3238348708445956,0.6273904255363965
@megjane42 I'm just drinking. Is that okay?,neither,0.03837983845937799,0.39088229204136815,0.5707378694992538
Congratulations @theheronightwing,neither,0.03945320844208391,0.33037608806864915,0.630170703489267
Congratz @theheronightwing,neither,0.03945320844208391,0.33037608806864915,0.630170703489267
congratz @theheronightwing,neither,0.03945320844208391,0.33037608806864915,0.630170703489267
congrats @theheronightwing,neither,0.03945320844208391,0.33037608806864915,0.630170703489267
congrats!,neither,0.03945320844208391,0.33037608806864915,0.630170703489267
@theheronightwing Congrats!,neither,0.03945320844208391,0.33037608806864915,0.630170703489267
"Are they supposed to eat that, or do they get it back when they Kick Ass?",offensive_language,0.11346383549237359,0.8271559455771907,0.059380218930435595
gratz @theheronightwing !!!,neither,0.03945320844208391,0.33037608806864915,0.630170703489267
Grats,neither,0.03945320844208391,0.33037608806864915,0.630170703489267
Congrats @theheronightwing,neither,0.03945320844208391,0.33037608806864915,0.630170703489267
Congrats!,neither,0.03945320844208391,0.33037608806864915,0.630170703489267
@obiwanpez Permanently lost gum,neither,0.03945320844208391,0.33037608806864915,0.630170703489267
@Paladin356 Hey!,neither,0.03945320844208391,0.33037608806864915,0.630170703489267
@darkofnate that does seem appropriate as well,neither,0.02588377413587673,0.47112378111452746,0.5029924447495958
Enjoy your fortune in ships,neither,0.062102868251741425,0.3240956238202066,0.6138015079280521
Dick Grayson rigged the contest,offensive_language,0.06018342787340362,0.7774010777667795,0.16241549435981698
"just tuned in, Junil Rue I love you",neither,0.04692315828239478,0.4166982653265591,0.536378576391046
Love your name @theheronightwing . Congrats.,neither,0.06837024181345006,0.33523023012243963,0.5963995280641103
wtg @theheronightwing :),neither,0.03945320844208391,0.33037608806864915,0.630170703489267
the beer can next to Johnson is the fucking best,offensive_language,0.13085832186783022,0.8542590488381848,0.014882629293985034
@obiwanpez they have a whole bowl of extras,neither,0.039049880853635616,0.3372216098457449,0.6237285093006195
"@theheronightwing Woop, Woop!",neither,0.03945320844208391,0.33037608806864915,0.630170703489267
Congrats,neither,0.03945320844208391,0.33037608806864915,0.630170703489267
@theheronightwing congrats! =D,neither,0.03945320844208391,0.33037608806864915,0.630170703489267
lol ionize interference?!?,neither,0.03067274384572663,0.3948916229673822,0.5744356331868913
"a stupid, sexy Orion ship, perhaps?",neither,0.104536535696381,0.23756398578370228,0.6578994785199167
