text,top_class,hate_speech,offensive_language,neither
Don't forget to visit Star Trek Online and support Shield of Tomorrow! www.StarTrekOnline.com/ShieldofTomorrow,neither,0.05687602105656693,0.30425729811326435,0.6388666808301687
How is everyone doing?,neither,0.04112161118637407,0.44015552196004953,0.5187228668535763
I don't know if it was the best or worst $25 i've ever spent,neither,0.01712470498644922,0.32714376045482996,0.6557315345587209
Hiiii!,neither,0.03945320844208391,0.33037608806864915,0.630170703489267
"@Intyalle Once you go Twitch, you don't go back. LOL",neither,0.05993870598705676,0.45756518227004706,0.48249611174289614
Hello Mines N Crafters!,neither,0.03945320844208391,0.33037608806864915,0.630170703489267
huzzah,neither,0.03945320844208391,0.33037608806864915,0.630170703489267
"@Intyalle thanks to Netflix, GnS and other streams I've not watched tv in quite a while",neither,0.027711566785018894,0.29414817981025704,0.6781402534047241
"Hi Amy, Stef, and Gina!",neither,0.03868284165753408,0.29150793163893735,0.6698092267035286
"Gina, the Wizard!",neither,0.038351000110748164,0.310092396174505,0.6515566037147468
TINY HATS,neither,0.03945320844208391,0.33037608806864915,0.630170703489267
well they look festive,neither,0.042117650540537156,0.3294596642513932,0.6284226852080697
Helloooooooo,neither,0.03945320844208391,0.33037608806864915,0.630170703489267
Tiny hats!!!,neither,0.03945320844208391,0.33037608806864915,0.630170703489267
Hello,neither,0.03945320844208391,0.33037608806864915,0.630170703489267
tiny hats!,neither,0.03945320844208391,0.33037608806864915,0.630170703489267
Tiny hats are best hats.,neither,0.053022774781045376,0.29921445288933646,0.6477627723296182
gandsGnSMinesCrafts gandsGnSMinesCrafts gandsGnSMinesCrafts stefMacaron stefMacaron,neither,0.03945320844208391,0.33037608806864915,0.630170703489267
Greetings!,neither,0.03945320844208391,0.33037608806864915,0.630170703489267
"Yay! Hey Gina, Stef and Amy",neither,0.03878611596513524,0.2971802490954638,0.664033634939401
"Hi Amy, Stef and Gina!",neither,0.03868284165753408,0.29150793163893735,0.6698092267035286
"Hello Curie, Em and Mean Party Guest",neither,0.03885666380578405,0.30095050285001185,0.6601928333442042
jcvimHi amy jcvimHi stef jcvimHi gina,neither,0.03945320844208391,0.33037608806864915,0.630170703489267
anyone else have sound issues?,neither,0.039020283215442646,0.3377239590095601,0.6232557577749973
Such festive outfits today! So much garland!,neither,0.03578706585892317,0.34275700839871276,0.6214559257423641
Are those head smokestacks functional?,neither,0.137622052172389,0.2056759076911844,0.6567020401364267
"Dang, christmas just exploded all over them",neither,0.04690586801270195,0.4255006844984479,0.5275934474888501
@BookishOddish What sort of issues?,neither,0.04440480544425711,0.32681545025991865,0.6287797442958243
"sorry i am late, what i miss",neither,0.03744413603836727,0.3291926436056838,0.6333632203559488
"Amy, Gina, Stef... thank you so much for the Future Girl read along. Cinnamon pop tarts are the only flavor I like",neither,0.0539050757906757,0.3473262936199493,0.5987686305893749
They seem very steampunk.,neither,0.03945320844208391,0.33037608806864915,0.630170703489267
cheer100 IT...IS...DALLENS-DAYYYY!,neither,0.059603583318096655,0.32344545014120724,0.616950966540696
We have a subscriber-only Discord server! Join here: https://discord.gg/geekandsundry (you'll need to sub and link it to your Twitch) and be a part of the fun!...Warning: It can take up to an hour for the server to update and give you access to the channels,neither,0.08464076273808444,0.286394834032893,0.6289644032290227
Re hrpgSub hrpgHyperHype,neither,0.10802165902134243,0.2484119200751343,0.6435664209035233
Re hrpgSub hrpgHyperHype !,neither,0.10802165902134243,0.2484119200751343,0.6435664209035233
never had poptarts *shrug*,neither,0.035567041614066174,0.36993753041763594,0.5944954279682978
STEF what did you think of Noelle on Talks last week??,neither,0.05561339952423361,0.36814663170756234,0.5762399687682039
:( It just got cold here and Im not prepared,neither,0.061027907037118585,0.34989143331374317,0.5890806596491382
"Gina, how many props did you make last night?",neither,0.04446966987607445,0.3654724484619375,0.5900578816619881
@Danoba really indistinct sound most of the time and spikes of loud for a word or two,neither,0.03455316576991927,0.28451290521510453,0.6809339290149762
I have some Sugar Cookie Pop Tarts next to me right now!,neither,0.032495800048787986,0.37473604388821363,0.5927681560629985
"Help G&S make great content! $4.99/month gets you emotes, Minecraft server access, Sub Only VODs, and more! Every sub keeps the channel alive! twitch.tv/geekandsundry/subscribe",neither,0.043907990691603095,0.31135964332838284,0.644732365980014
Re hrpgSub hrpgHyperHype x4,neither,0.10802165902134243,0.2484119200751343,0.6435664209035233
Great live read last night ladies.,neither,0.03526211426330732,0.3104852804231874,0.6542526053135053
"Not only did I eat Pop Tarts, but 35 years ago I ate these Kellogg's pastries that were just like them but were shaped like Danishes. I can't recall what they were called.",neither,0.052944947718415285,0.3606431488816929,0.5864119033998918
I'll swap you @Shadowstorm_0,neither,0.05877783215882515,0.38430042385256413,0.5569217439886107
@BookishOddish I'll listen more closely but try refreshing to see if that fixes it.,neither,0.02699616292571476,0.3930674409331955,0.5799363961410898
It's disgustingly hot here,neither,0.11459813444104991,0.2741140212990552,0.6112878442598948
Re hrpgSub hrpgHyperHype,neither,0.10802165902134243,0.2484119200751343,0.6435664209035233
@Intyalle Depends on how warm haha,neither,0.033800390130118804,0.3998070594411768,0.5663925504287045
They are referred to as Stove pipe hats,neither,0.058083863755678665,0.3207988523316478,0.6211172839126736
Re hrpgSub hrpgHyperHype !,neither,0.10802165902134243,0.2484119200751343,0.6435664209035233
Future Girl. Hype. Awesome show last night,neither,0.03880081587113842,0.32086072704565616,0.6403384570832055
kaypikeGIFT kaypikeGIFT kaypikeGIFT gandsSubHype gandsSubHype gandsSubHype,neither,0.03945320844208391,0.33037608806864915,0.630170703489267
"I would resub, but I'm already subbed! \o/",neither,0.03505801764983955,0.350398380706862,0.6145436016432984
I had Wild! Berries poptarts,neither,0.03945320844208391,0.33037608806864915,0.630170703489267
jcvimRaid jcvimRaid jcvimRaid,neither,0.03945320844208391,0.33037608806864915,0.630170703489267
subtrain gandsSubHype gandsSubHype gandsSubHype gandsSubHype gandsSubHype gandsSubHype,neither,0.03945320844208391,0.33037608806864915,0.630170703489267
I picked them because they had pretty colors,neither,0.04978881313875387,0.32453334908839765,0.6256778377728485
Ugly Sparkly Christmas! TO you,neither,0.3091877001435172,0.13324887068011612,0.5575634291763667
How is everyone?,neither,0.04174190257704939,0.4592949296925435,0.49896316773040705
Hey all drawing rotting roses at work,neither,0.04002593553414297,0.3920209612027294,0.5679531032631276
Re hrpgSub hrpgHyperHype so many,neither,0.06989100452832661,0.35368395288967636,0.576425042581997
it's 30 degrees here :(,neither,0.08179996666994385,0.2949506606940423,0.6232493726360138
"@Shadowstorm_0 : mid-twenties (centigrade). The kicker isthe 50+% humidity,though",neither,0.03888431273636498,0.32006091124195063,0.6410547760216845
o/ everyone,offensive_language,0.02988896790634741,0.4927062106388782,0.4774048214547744
Did you use your sweater as the collection device?,neither,0.036477351752586804,0.4268951196260926,0.5366275286213207
*listening intently* Need a Holiday Sweater! lol,neither,0.03350087563036648,0.3703814518755986,0.5961176724940349
Re hrpgSub hrpgHyperHype,neither,0.10802165902134243,0.2484119200751343,0.6435664209035233
its in the range of 26°F to 40°F here this week,neither,0.06571397351113299,0.29653977326868114,0.637746253220186
"Blue for Amy, of course!",neither,0.03456954098664516,0.3059764580607901,0.6594540009525647
#littlechristmasballs,neither,0.03945320844208391,0.33037608806864915,0.630170703489267
gandsGandsModAlert gandsGandsModAlert gandsGandsModAlert,neither,0.03945320844208391,0.33037608806864915,0.630170703489267
Re hrpgSub hrpgHyperHype !\,neither,0.10802165902134243,0.2484119200751343,0.6435664209035233
cheer100 cheer100 cheer100 Officially subbed for a YEAR!!!!,neither,0.034585501414075216,0.3060560528900937,0.659358445695831
@danoba refreshing worked!,neither,0.03945320844208391,0.33037608806864915,0.630170703489267
NO GLITTER?!,neither,0.03852177801590115,0.3461848932406789,0.6152933287434199
the hats are making me so happy right now! :D <3,neither,0.049960721863210426,0.35160283370471423,0.5984364444320752
oh yikes @intyalle It was 31 Fahrenheit herewhen I woke up and its only 35 now :(,neither,0.035514667542096444,0.30762658071319754,0.6568587517447061
I love the Aquamarine colored sweater!,neither,0.038924588798266095,0.08742661432719134,0.8736487968745427
send that sweater to me !,neither,0.03446968703359128,0.4030198221956505,0.5625104907707582
"I will not be satisfied until someone makes the gaudiest, flashiest, glitteryest sweater ever.",neither,0.03918391376439933,0.3098313531918602,0.6509847330437404
YAY glitter,neither,0.03945320844208391,0.33037608806864915,0.630170703489267
kaypikeCONG kaypikeRATS Amy n Gina on the Future Girl reading it was a great stefSuccess stefHighFive kaypikeR1 kaypikeR2,neither,0.031152642963090404,0.35396560427781054,0.614881752759099
Gina turned the bag of holding inside out,neither,0.03380955534490455,0.1614062817256267,0.8047841629294687
"75F here atm with 50% humidity. It's relativey cool right this second, though, compared to the past week",neither,0.05376517840814615,0.33134051132794473,0.6148943102639091
Don't hate me! It is 68 degrees here.,neither,0.341067174771806,0.20504337784103355,0.4538894473871604
leftover jello shots,neither,0.03945320844208391,0.33037608806864915,0.630170703489267
gandsClassic SantaHat,neither,0.03945320844208391,0.33037608806864915,0.630170703489267
thanks @Zismarith,neither,0.035884468650613,0.3004919205142699,0.6636236108351171
Re hrpgSub hrpgHyperHype,neither,0.10802165902134243,0.2484119200751343,0.6435664209035233
@meaningofnightt - you sound surpprised? :D,neither,0.07370296522009957,0.42107386838154687,0.5052231663983535
@Critternation3000 So agree,neither,0.03940832870492831,0.3938109262955869,0.5667807449994848
Looks really good on ya Stef,offensive_language,0.022712579066757096,0.5987852507649577,0.3785021701682853
Oh gods yes the Future Girl reading was amazing,neither,0.03769535114782465,0.3292489491606004,0.6330556996915748
"Reporting 71 degrees, 96% humidity here in Houston.",neither,0.08239620503681704,0.29545708980144136,0.6221467051617416
@Redswipe how'd you do that?,offensive_language,0.06483625736851066,0.48807698419475243,0.4470867584367369
"Who is Oscar, the Grouch, then?",neither,0.04557617297272042,0.3647158354713209,0.5897079915559588
Stef looks good in all of the things all of the time,neither,0.039085538588909834,0.4277192021796287,0.5331952592314615
ugly sweater party? Next time on Gather Your Party,neither,0.11630651647294935,0.24051950248552645,0.6431739810415242
Le monstre des biscuits!,neither,0.03945320844208391,0.33037608806864915,0.630170703489267
Ouch,neither,0.03945320844208391,0.33037608806864915,0.630170703489267
"Never really watch this show, but I️ was contractually obligated to stop in and say those little top hats are priceless.",neither,0.08471334102036777,0.2688539032653647,0.6464327557142676
@postdataest Nono. Always happy to. Every time. Three times a minute. And a partridge in a pear tree.,neither,0.04080817829580273,0.3452397559542939,0.6139520657499034
@Starblaiz not surprised. Just amused,neither,0.032440014974832544,0.36298012517317507,0.6045798598519924
It is 48% and partly cloudy here in the Albuquerque area!,neither,0.08453553202841999,0.25384083919814776,0.6616236287734323
"@DANfan69 I believe they'd call that ""Gather Your Sweaters""",neither,0.05668610574625123,0.3540837686246398,0.589230125629109
"Gina, how many props did you make for last night?",neither,0.039045062889180485,0.337171607724089,0.6237833293867305
OH it was so much fun,neither,0.038950213270317405,0.32950023959076513,0.6315495471389175
Unicorn Sweater is I,neither,0.04684744310462605,0.3278328717011152,0.6253196851942586
@consuela3 Put the hat emote after the emote you want to place it on,neither,0.05568598983659778,0.2996124522540655,0.6447015579093367
it was so amazing,neither,0.03757481720943044,0.38809409310343007,0.5743310896871394
it was excellent,neither,0.03775667640564746,0.33318558245552493,0.6290577411388275
The reading was awesome,neither,0.038465884963069796,0.31642042038184337,0.6451136946550868
I missed the reading. :(,neither,0.0385209606356329,0.31330605605588885,0.6481729833084783
it was lovely,neither,0.037621535711536855,0.333413380146825,0.6289650841416382
Stef - the Dom,neither,0.03839939302560993,0.311011251109799,0.6505893558645911
it was AMAZING! and darin de paul is SO magic.,neither,0.04306202741866213,0.33189935834069506,0.6250386142406428
!highfive StefWoodburn Welcome back! stefHighFive,neither,0.03945320844208391,0.33037608806864915,0.630170703489267
TheDiMono reaches up and delivers StefWoodburn a crisp high five,neither,0.03487086915675038,0.3916874527896188,0.5734416780536309
big shoutout to Gina. she knows what it’s for.,neither,0.029195731510435405,0.4142329951143203,0.5565712733752444
Future Girl hype. More Darren please...,neither,0.03629927699100515,0.36598547151610616,0.5977152514928887
kaypikeRL kaypikeRR kaypikeGJ kaypikeR1 kaypikeR2,neither,0.03945320844208391,0.33037608806864915,0.630170703489267
Someone said a Future Girl rpg? I like the idea,neither,0.04134219850073287,0.37961130144322186,0.5790465000560452
Future Girl HYPE,neither,0.03333976431628564,0.390503168550618,0.5761570671330963
cute hats!!,neither,0.04160177303159045,0.29390933967796873,0.6644888872904409
gandsLessthanthree gandsLessthanthree gandsLessthanthree gandsLessthanthree,neither,0.03945320844208391,0.33037608806864915,0.630170703489267
The Future Girl reading was interesting,neither,0.03391489369999526,0.36670093341607435,0.5993841728839304
Stef was on it for one episode! Don't forget that!!,neither,0.028277257184019255,0.37585909237788956,0.5958636504380912
More Darin for all things.,neither,0.0355753915483739,0.360961629737186,0.60346297871444
They look like Mr Hyde from league of extraordinary gentlemen,neither,0.05180457044227165,0.32771384091976785,0.6204815886379604
Darin reading stage directions. Wonderful,neither,0.03945320844208391,0.33037608806864915,0.630170703489267
"Ok yeah Stef, but what do you play in the show?",neither,0.04949564653811095,0.3928128464252347,0.5576915070366544
And Stef dominated Orion!,neither,0.03857111107789432,0.2851340175310554,0.6762948713910502
they played that episode too STEF,neither,0.035685644773539665,0.37276372409290315,0.5915506311335572
"@Jzalias What? Where? Is it on Steam? Can I get in on portable, aka my 3DS?",neither,0.03640923196911882,0.377179195657673,0.5864115723732082
feliciaHype SantaHat,neither,0.03945320844208391,0.33037608806864915,0.630170703489267
The props MADE the show last night!,neither,0.04234358546257784,0.24798232718508595,0.7096740873523363
@reverseaquamath 50 points for that,neither,0.030317266393588692,0.3417878134795464,0.6278949201268649
Darin read the stage directions for the Future Girl read along,neither,0.03257581377634409,0.33081218816318664,0.6366119980604693
need some peanuts!,neither,0.03104245213671816,0.343225240199577,0.6257323076637049
"Wait, you mean Gina likes to make things? Shocking!",neither,0.06301558765027229,0.39897962709440177,0.538004785255326
@reverseaquamath congrats on the talks mention,neither,0.036433273107299394,0.3280294260586041,0.6355373008340967
"check out Future Girl here, http://bit.ly/1U6LQdy",neither,0.053972591417092895,0.2852837149553779,0.6607436936275292
"@Jzalias Boy, that's an understatement.",neither,0.034288892778314366,0.38404155663149747,0.5816695505901882
I made a candle like they did a few weeks ago. SO easy and pretty. got 2 more to make for christmas gifts,neither,0.04390349712592049,0.337993761680824,0.6181027411932556
I need Curie's multi,neither,0.039243546749209296,0.32862040804552894,0.6321360452052617
HEROINES is really great and the interview afterwards was really cool as well!,neither,0.0408125172393302,0.30463848657526843,0.6545489961854014
gandsClassic TopHat,neither,0.03945320844208391,0.33037608806864915,0.630170703489267
Darin was magical,neither,0.039307002509722216,0.33285758430790513,0.6278354131823728
"QUESTION: Stef, how many people vanished in mid-bridge tournament?",neither,0.054157732652630554,0.3293329773371768,0.6165092900101927
i have never caught you guys live! too bad i cant stay,neither,0.04721261676341936,0.40305298077708585,0.5497344024594948
Rural Route 1,neither,0.03945320844208391,0.33037608806864915,0.630170703489267
AMY!! Make the blue a xmas TARDIS,neither,0.03878128431359338,0.31816034377510705,0.6430583719112996
#HatHype! \o/ gandsLessthanthree,neither,0.03945320844208391,0.33037608806864915,0.630170703489267
I just sat down and I thought Amy was a raptor,neither,0.03798595816537832,0.25834155760670774,0.7036724842279138
GINA i’m Callisto from twitter and i just wanted to say that I Love You,offensive_language,0.047819985189011496,0.48737882016796463,0.4648011946430239
"I was half expecting Darrin to say ""there are two things you should know. It is day, and that's it.""",neither,0.08484966107049814,0.30178263760696744,0.6133677013225344
XD,neither,0.03945320844208391,0.33037608806864915,0.630170703489267
Darin and Phil are 2 MVPs that have been around G&S!,neither,0.0520933627584497,0.30946357200480906,0.6384430652367412
@reverseaquamath I love that idea. Amy Doctor,neither,0.034471554413834246,0.3718809227536808,0.593647522832485
"as i'm watching eric's TBD RPG right now, amy in blue is perfect.",neither,0.042338230988722816,0.3604938385552798,0.5971679304559974
Re hrpgSub hrpgHyperHype,neither,0.10802165902134243,0.2484119200751343,0.6435664209035233
!glittereric,neither,0.03945320844208391,0.33037608806864915,0.630170703489267
We have 3 months 22 days 22 hours 35 minutes 38 seconds left until we glitter Eric! Chat never forgets! https://clips.twitch.tv/EasyUglyPlumFailFish,neither,0.03793324904764362,0.34744996358321245,0.6146167873691439
Amy picking a blue sweater is #onbrand,neither,0.04506112786587849,0.32844726742428204,0.6264916047098393
Stef's sweater is just so good looking!,neither,0.04148149767499657,0.3887467941493215,0.5697717081756819
Kind of a Seattle Mariners look.,neither,0.04079984024234706,0.3299129196419261,0.6292872401157269
oh thats cute :D,neither,0.048167711388617966,0.23272596448363014,0.719106324127752
im an autumn,neither,0.03891176142126283,0.35777627159153413,0.6033119669872031
Re hrpgSub hrpgHyperHype,neither,0.10802165902134243,0.2484119200751343,0.6435664209035233
!commands,neither,0.03945320844208391,0.33037608806864915,0.630170703489267
Henchman2121 -> The bot commands for this channel are available at https://beta.nightbot.tv/t/geekandsundry/commands,neither,0.04695462833040224,0.29561718809185006,0.6574281835777477
Ladies i don't mean to alarm you but everything has seemed to have grown much larger excepts your hats,neither,0.06032959040727143,0.406523061635807,0.5331473479569215
I’ll have a blue Christmas...,neither,0.038929987837759326,0.33925650722100353,0.6218135049412371
are we on front page?,neither,0.06091184326993454,0.3014578037110358,0.6376303530190297
