text,top_class,hate_speech,offensive_language,neither
yeah :/,offensive_language,0.013968601452186464,0.5182923869769311,0.4677390115708824
Hi Trisha and Erika!,neither,0.038358606956405694,0.2721397086643902,0.6895016843792041
Wait...they had to cancel Hyperforce @danaclay ?,neither,0.04598422690924236,0.32655681096560374,0.627458962125154
SHISHY and ERIKA YEY!,neither,0.03763944115734239,0.1918412352459551,0.7705193235967025
doogHi !,neither,0.03945320844208391,0.33037608806864915,0.630170703489267
gandsSubHype gandsSubHype gandsSubHype gandsSubHype Omg is that the girl from this Fire Emblem game I'm playing??,neither,0.03709473848284503,0.3502033244188939,0.612701937098261
@biohybrid yep. postponed.,neither,0.03945320844208391,0.33037608806864915,0.630170703489267
D'arvit,neither,0.03945320844208391,0.33037608806864915,0.630170703489267
Love you Trish,offensive_language,0.079837142191777,0.5038574454704381,0.4163054123377849
inb4 Konami Code,neither,0.03945320844208391,0.33037608806864915,0.630170703489267
wait...no one liked Justin Bailey?!,neither,0.038279353397735444,0.3619772493614853,0.5997433972407793
"I liked that code, @GeekandSundry Erika",neither,0.03565306022763276,0.3716943711878181,0.592652568584549
Justin Bailey ------ ------,neither,0.03945320844208391,0.33037608806864915,0.630170703489267
i liked it too...but i didn't know about the code,neither,0.024706991643199214,0.37967653993014927,0.5956164684266516
"what's with your camera? It's not 1080p. Get a damn new camera. You guys are rich enough, for god's sake!",offensive_language,0.07331894750678848,0.5178225469668908,0.4088585055263207
gandsGandsModAlert,neither,0.03945320844208391,0.33037608806864915,0.630170703489267
"I feel weird about choosing favorites, lol. @GeekandSundry",neither,0.03266977548040233,0.3903030827740922,0.5770271417455055
I like the money cheat in gta,neither,0.048266338383934224,0.32888117394227223,0.6228524876737936
↑↑↓↓←→←→BA,neither,0.03945320844208391,0.33037608806864915,0.630170703489267
The classic code's gotta win.,neither,0.037351625643187315,0.3409598472042401,0.6216885271525727
I must be a cruddy nerd. I can't exactly remember the whole code. I keep forgetting it,neither,0.0390525477053557,0.3124055841046874,0.6485418681899568
"just...dont use the Konami Code in Gradius 3, cause it'll cause your ship to explode",neither,0.029911079506410466,0.4093683771560563,0.5607205433375332
I'm getting 1080. Not that it matters. And they're as rich as the company that bought them tells them they are.,neither,0.06331723981535473,0.36426489631138353,0.5724178638732618
Megaman~~~~~,neither,0.03945320844208391,0.33037608806864915,0.630170703489267
i hope that they're going to be good ports of hte X games,neither,0.09829732036024297,0.2624824073547012,0.6392202722850558
"""pepperonipizza"" ""Woodstock"" ""Coinage"" ""quarry"" were the Age of Empires resource cheats I used to use",neither,0.02070060005778707,0.370259590638284,0.609039809303929
"The resolution is digitally enhanced, not optically, @Zismarith . :P",neither,0.04406126056533386,0.31898825571603573,0.6369504837186304
Megachild,neither,0.03945320844208391,0.33037608806864915,0.630170703489267
Such a long wait,neither,0.039469427846137314,0.3234084400058014,0.6371221321480612
"what about ""It is a good day to die"" from warcraft 2",neither,0.2323331296041281,0.13099689960470545,0.6366699707911666
"honestly, im more excited about this style than the style that they used in MM9 and 10",neither,0.036325633693177636,0.3508731266703722,0.6128012396364503
i hope Proto Man is coming back,neither,0.09921943246746151,0.264419996530081,0.6363605710024574
"I can't tell the difference, frankly 720 and 1080 look identical no matter how carefully I look. @vanwagoner",neither,0.040303790838199786,0.30179605200638354,0.6579001571554167
I had always hoped to see a mega man game with a bunch of different playable characters. Kinda like Mario 2 but even more players,neither,0.03991414953192413,0.45092754354684855,0.5091583069212274
@Zismarith There is screen tear.,neither,0.047051176693189825,0.288586489332608,0.6643623339742022
@Zismarith did you say Frankie in 720 looks identical with Frankie in 1080p?,neither,0.04055873340028198,0.37386174704707353,0.5855795195526445
I got nothing.,neither,0.03339786842581107,0.47056413708994704,0.49603799448424196
28o in the Crucible? Pfft.,neither,0.0387217962158333,0.31705783291626644,0.6442203708679004
just in time for christmas,neither,0.028134757430255324,0.34158257342997067,0.630282669139774
"aww, i can't pair this with the alexa at my job",neither,0.025497648525980438,0.40896431578445136,0.5655380356895682
and combine voice control with VR/AR and the future is now,neither,0.03535580896999902,0.2932103166729837,0.6714338743570172
using a legendary rocket launcher on goblins? pff,neither,0.03505672427219338,0.3832480775835611,0.5816951981442454
"If you're going to do a game with voice commands, then it has to be Star Trek, seeing as the ships have voice command controls on the shows, so you'd REALLY feel like a captain",neither,0.04933126266888326,0.4063011835681382,0.5443675537629786
seaman,neither,0.03945320844208391,0.33037608806864915,0.630170703489267
dreamcast?,neither,0.03945320844208391,0.33037608806864915,0.630170703489267
sea man or something,neither,0.03957838048571792,0.3918308943276125,0.5685907251866695
I remember that Saints Row IV's Xbox One port had voice commands too,neither,0.03696538556114875,0.3690935970818394,0.5939410173570119
Seaman?,neither,0.03945320844208391,0.33037608806864915,0.630170703489267
SEAMAN!,neither,0.03945320844208391,0.33037608806864915,0.630170703489267
that wsa a ps1 or ps2 game],neither,0.03313983089803013,0.33083453735349444,0.6360256317484755
"Sorry, whomever spoke to me right there with an orange name, I refreshed at that exact moment.",neither,0.03036076875459511,0.386273744745961,0.583365486499444
seaman,neither,0.03945320844208391,0.33037608806864915,0.630170703489267
"Destiny 2 free for its trial, its a good time to test it out",neither,0.02931132673313847,0.3334731109547286,0.6372155623121328
Seaman!,neither,0.03945320844208391,0.33037608806864915,0.630170703489267
Seaman,neither,0.03945320844208391,0.33037608806864915,0.630170703489267
dont forget Hey You Pikachu!,neither,0.05905092409712113,0.3850103249178894,0.5559387509849896
who calls a game seaman,neither,0.03913531618157082,0.3523696830291805,0.6084950007892488
there was Lifeline on PS2,neither,0.03656298288006892,0.3040614366081063,0.6593755805118248
Seaman on the Dreamcast,neither,0.03544871912850776,0.3273670060351998,0.6371842748362925
sea man on dreamcast with leonard nimoy as the fish?,neither,0.030491358747591405,0.39519952582896506,0.5743091154234435
Seaman on dreamcast,neither,0.03624652138519213,0.34583338835094446,0.6179200902638634
TalaTag Sega Apparently,neither,0.03945320844208391,0.33037608806864915,0.630170703489267
apparently so,neither,0.03940859138782646,0.3968017356237245,0.5637896729884492
jcvimHi erika jcvimHi trisha,neither,0.03945320844208391,0.33037608806864915,0.630170703489267
"i mean, this IS the same company who made a game where a guy keeps looking for Sailors",neither,0.040740417036367924,0.3031252209856244,0.6561343619780077
pretty sure elite 3 has voice integration too,neither,0.03518150485858648,0.42987792403578573,0.5349405711056278
and get Insteon sensors and you won't even have to use your voice,neither,0.0398584973287849,0.3946432995574053,0.5654982031138097
it all makes sense then,neither,0.039801859431531014,0.4067123284554987,0.5534858121129703
Also Odama on the Gamecube used the mic.,neither,0.035645766621802306,0.3147603116857417,0.649593921692456
I can see Erika muttering like a caveman trying to shut the light off manually. IDK why I find that funny. Sorry Erika!,neither,0.047987973016710435,0.3054419037622499,0.6465701232210397
that looks like Jennifer Lawrence,neither,0.0443329069625089,0.37600495367052605,0.579662139366965
Short sketch idea: Erika yelling at lightswitches to turn off and on like a madwoman,neither,0.04711236315740902,0.3346245105318793,0.6182631263107116
"Odama, created by the same dude as Seaman, fact-fans.",neither,0.038711876634175975,0.3806160981730869,0.5806720251927373
Y'all expecting this game to be good when it's by the same dude who made Omikron and Indigo Prophecy. Do not believe the lies.,neither,0.036558094564302604,0.39378942171566156,0.5696524837200359
"No, if this is an art form, it has to address uncomfortable subjects. If you don't like it, don't play it. But you don't get to censor.",neither,0.043301489947582275,0.4285441340279421,0.5281543760244755
....is this kind of stuff not in movies and tv too?,neither,0.04311577024588151,0.30841045178367443,0.6484737779704441
Wife Beater 2k19,neither,0.03945320844208391,0.33037608806864915,0.630170703489267
agreed @stargazer1977,neither,0.03945320844208391,0.33037608806864915,0.630170703489267
^,neither,0.03945320844208391,0.33037608806864915,0.630170703489267
"But the game brings the aspect of Domestic Violence to light. It makes it an issue like this to a forefront. If we leave it in the shadows, it never gets fixed!",neither,0.03440047325662429,0.338418459654851,0.6271810670885247
WAIT if they are going after that should we go after all the xman movies and cartoon and comics,neither,0.042307142531753196,0.372659851208296,0.5850330062599508
"We already self censor games way too much, it will never reach the peaks of literature at this rate. Books have long addressed uncomfortable subjects, and that's a large reason why it's considered peak art.",neither,0.030707409333893567,0.35432086884777775,0.6149717218183287
We have a subscriber-only Discord server! Join here: https://discord.gg/geekandsundry (you'll need to sub and link it to your Twitch) and be a part of the fun!...Warning: It can take up to an hour for the server to update and give you access to the channels,neither,0.08464076273808444,0.286394834032893,0.6289644032290227
Representatives so out of touch,neither,0.0341844067661659,0.40587843222163666,0.5599371610121975
"but... domestic abuse happens? I'd have to see the full context. if it's being made light of, not cool. if not... how does it make it trivial?",neither,0.0282557110567196,0.43186138825679055,0.5398829006864897
"Well think about games like Grand Theft Auto, you beat hookers to steal their money and you shoot cops and run over kids, it's not normalizing anything and hasn't lead to an increase in violence",neither,0.06369544517070826,0.30307267183515907,0.6332318829941327
"The same argument can be said for TYV shows and movies, but do they pull those off the air? No. They see it as a platform. Why can't ""games"" do the same.",neither,0.03806647087659079,0.29114627923277925,0.6707872498906299
sounds like old fashioned thinking,neither,0.04803732191509443,0.34304441439741384,0.6089182636874916
Its not seen in a positive light and why is that wrong but killing in games is okay?,neither,0.03293300988378303,0.3450882002738408,0.6219787898423762
"its just like comic books are only for children, same argument",neither,0.04966138014146256,0.3099521829997491,0.6403864368587884
Games have evolved. To make a complex and engaging story sometimes you have to use complex and controversial themes.,neither,0.03139159303063204,0.3671683348431225,0.6014400721262454
"Domestic violence is already in movies, I can list up many of them. They just aren't usually put out by Hollywood.",neither,0.04345846647384967,0.39288096308810067,0.5636605704380496
"don't really have much faith in David Cage to do a good job with this, but saying it should be pulled is ridiculous",neither,0.03758964486951612,0.374604347378598,0.5878060077518859
"It's not like they're making ""Domestic Abuse Simulator""",neither,0.0565239038184556,0.3174085917282669,0.6260675044532774
"We keep censoring stuff, developers creativity is going to be narrowed.",neither,0.048299011242150545,0.34770859380368413,0.6039923949541655
"Help G&S make great content! $4.99/month gets you emotes, Minecraft server access, Sub Only VODs, and more! Every sub keeps the channel alive! twitch.tv/geekandsundry/subscribe",neither,0.043907990691603095,0.31135964332838284,0.644732365980014
"Look at the history of the company, Heavy Rain is not alight game in any since, your kids possibly die in it.",neither,0.11529722953878693,0.21192780302243178,0.6727749674387812
Ye ol' Manhunt.,neither,0.03945320844208391,0.33037608806864915,0.630170703489267
Hatred?,neither,0.03945320844208391,0.33037608806864915,0.630170703489267
"If you're a parent and you buy your 12 year old a 18 rated game, then that's on you and not the game industry",neither,0.06766037783849467,0.33711378018351595,0.5952258419779893
how many disneys movies do we have to bann now,neither,0.04603764445800091,0.33650626613444007,0.617456089407559
I say if it fits with what the Director is trying to convey in the story scene then I would say its fine.,neither,0.02954047324902196,0.35199167580915025,0.6184678509418278
"itst like when Night Trap came out, people were claiming it was glorifying killing women",neither,0.04907667212378503,0.4009528545692215,0.5499704733069936
@GeekandSundry These quotes are just people who haven't come to terms with video games as a legitimate artistic medium.,neither,0.07554028906068033,0.3985449234219543,0.5259147875173653
"Right, what Erika was saying. There are a lot of traumatic movies that deal with serious issues, you ""could"" say that it ""trivializes"" them by putting them in a movie for ""entertainment"". It all depends on how it's done.",neither,0.04994397277299083,0.3852833825339175,0.5647726446930917
"I am alright with this. From both a person who suffered through child abuse and to have a means of even if fictional to interact and put a stop to it.. Or if it empowers and gives someone the idea of stepping in on when they know about it, and take actiopn it might stop a child from having to live with that.",neither,0.02501448770375888,0.4117468992305955,0.5632386130656456
"I'm rather old, over 40. However, I agree that games as story-tellers can be productive depending on the outcome intended and available.",neither,0.0341336019620859,0.34466514011369775,0.6212012579242163
gandsSubHype gandsSubHype,neither,0.03945320844208391,0.33037608806864915,0.630170703489267
It's a game geared at an older audience. This isn't Mario abusing toad to further a shallow story.,neither,0.04145527044107463,0.3163146181207669,0.6422301114381584
"isnt Liam the one that always says ""Art should make you feel uncomfrotable""??",neither,0.05134718399201562,0.4484180096201917,0.5002348063877928
"I personally love David Cage games, Heavy Rain is my favorite, but I love Beyond: Two Souls as well. I really don't care that they aren't popular or well loved, you shouldn't be making games by committee for everyone to love anyway.",neither,0.035962664731214226,0.4251650109427827,0.538872324326003
Games are the best way to bring some current events to a new audience in a different and less conflicting way whilst not glorifying the issue at hand,neither,0.04902656163643135,0.26537112019347747,0.6856023181700912
Yeah.. forgetting atrocities only makes us more likely to repeat that history.,neither,0.0475102266245727,0.39801664191616465,0.5544731314592627
Hello just curious what will be playing in talks machinas spot tonight?,neither,0.03916619776144152,0.31471719225975653,0.646116609978802
Was that Liam testing his mic?,neither,0.052972582834370355,0.3618373266826216,0.5851900904830082
"Topics like this have been brought up concerning creative works time and time again. We've been having this conversation for as long as we've had the ability to tell stories. As long as it isn't portraying violence like this in a positive light, it should stay.",neither,0.028517474887744063,0.38207007183289443,0.5894124532793614
testing testing,neither,0.03945320844208391,0.33037608806864915,0.630170703489267
hi liam,neither,0.03945320844208391,0.33037608806864915,0.630170703489267
