text,top_class,hate_speech,offensive_language,neither
They are playing Weave,neither,0.06814249553292545,0.28145787746050865,0.650399627006566
"a song that is sung this time of year could be ""Weave Maria""",neither,0.04105820951011452,0.37684120499694806,0.5821005854929373
"intro is going is you cannot see, please refrresh",neither,0.06423032951058907,0.37755686299600566,0.5582128074934051
stefMacaron stefMacaron stefMacaron,neither,0.03945320844208391,0.33037608806864915,0.630170703489267
thanks,neither,0.035884468650613,0.3004919205142699,0.6636236108351171
Wooo,neither,0.03945320844208391,0.33037608806864915,0.630170703489267
that 8bit blythe is like 5 hair styles behind LUL,neither,0.04957273150433399,0.3671058366712996,0.5833214318243664
Guest appearance by Hugo Weaving,neither,0.04027187248608067,0.36197382819298357,0.5977542993209359
i also wonder if the Heart of the Cards will play into this game...,neither,0.028049114715346296,0.3055312092220573,0.6664196760625964
"Hi Stef, Becca, Whitney, and Blythe!",neither,0.03869401354372475,0.29213104977327864,0.6691749366829968
wait so no killing the first hour with random chat? *sadface*,neither,0.02776413247427053,0.3807602747115681,0.5914755928141614
Poor stef no one can ever remember her name,offensive_language,0.031147764477887162,0.5371202128612144,0.4317320226608984
hrpgSub hrpgHyperHype gandsSubHype ramaHype,neither,0.03945320844208391,0.33037608806864915,0.630170703489267
"Multiple chairs, the chaos!!!",neither,0.03866446523013375,0.3159916032197419,0.6453439315501244
@Morn_80 I mean it could still happen.,neither,0.037249678092916905,0.34531735372413097,0.6174329681829522
I hear a Kyle!,neither,0.03945320844208391,0.33037608806864915,0.630170703489267
jcvimHi Whitney jcvimHi blythe jcvimHi stef jcvimHi becca jcvimHi kyle,neither,0.03945320844208391,0.33037608806864915,0.630170703489267
!whodat,neither,0.03945320844208391,0.33037608806864915,0.630170703489267
hrpgSub hrpgHyperHype gandsSubHype ramaHype !,neither,0.03945320844208391,0.33037608806864915,0.630170703489267
"Becca Scott ( twitter.com/thebeccascott ), Stef Woodburn ( twitter.com/StefWoodburn ), Whitney Moore ( twitter.com/TweetneyMoore ) and Blythe Kala ( twitter.com/BlytheKala93 ) with Kyle Kinkade ( twitter.com/kinkadius ).",neither,0.03571111696770346,0.46423494188860004,0.5000539411436964
HYPE HYPE HYPE,neither,0.03945320844208391,0.33037608806864915,0.630170703489267
Welcome Kyle!,neither,0.03945320844208391,0.33037608806864915,0.630170703489267
gandsApplaud gandsApplaud gandsSubHype gandsSubHype stefHighFive stefHighFive,neither,0.03945320844208391,0.33037608806864915,0.630170703489267
@GeekandSundry Hello from the Weave discord!!,neither,0.03958131389638484,0.2967853375043137,0.6636333485993016
are we live?,neither,0.09345453297057991,0.26409048349293845,0.6424549835364816
@Morn_80 that is because weave got so much to showcase,neither,0.04384805764967547,0.4438977846074738,0.5122541577428507
we are indeed live,neither,0.07231210890509578,0.285554385501652,0.6421335055932522
@crashbgaming we r,neither,0.039025862747262004,0.3376292597931679,0.6233448774595702
What a Twist!,neither,0.046763429900579426,0.32518979200864945,0.6280467780907711
This is the most festive and professional storyteller seat Kyle has ever sat in.,neither,0.043115866199761745,0.29480392188993604,0.6620802119103022
:D,neither,0.03945320844208391,0.33037608806864915,0.630170703489267
cheer200 How does one scramble in Weave?,neither,0.02568443207624393,0.47869910289791856,0.4956164650258374
this gentleman reminds me a lot of Ivan,neither,0.03383898077571105,0.3611486113483885,0.6050124078759005
i demand Kyle wear a santa hat,neither,0.03945320844208391,0.33037608806864915,0.630170703489267
Cheers @Zismarith,neither,0.03945320844208391,0.33037608806864915,0.630170703489267
Re hrpgSub hrpgHyperHype gandsSubHype ramaHype x2,neither,0.06137740758033951,0.2971829196352787,0.6414396727843817
DID HE SAY CLICK?,neither,0.04495100937948795,0.3284851422213013,0.6265638483992106
what? click!?!??!,neither,0.04653781999888937,0.32534352289967006,0.6281186571014407
"Wait, you mean we're actually going to get gameplay? Isn't that blasphemy for this show? ;)",neither,0.06761409948691681,0.3187479723827455,0.6136379281303377
Click!,neither,0.03945320844208391,0.33037608806864915,0.630170703489267
Clique!,neither,0.03945320844208391,0.33037608806864915,0.630170703489267
yes!! Click ftw!,neither,0.03945320844208391,0.33037608806864915,0.630170703489267
Clique.,neither,0.03945320844208391,0.33037608806864915,0.630170703489267
Probably Clique,neither,0.03818218435352445,0.3519486839600472,0.6098691316864284
I think he saide Clique,neither,0.04610214592126351,0.3185654208762071,0.6353324332025294
Why is Stef in danger from the wild fires in LA? (bc Stef Woodburn) #WayToRememberHerName,neither,0.0364005045368044,0.3163776290985465,0.6472218663646491
Click>Clique,neither,0.03945320844208391,0.33037608806864915,0.630170703489267
!wtfisthis,neither,0.03945320844208391,0.33037608806864915,0.630170703489267
"Tonight we have a Weave special! Weave is a 21st century storytelling platform for everyone. With just two decks of cards and a handful of dice, you and your friends can create adventures in any genre, from sci-fi to high school comedy. When combined with the free companion app, Weave provides all the power you'll need to discover new worlds, imagine amazing characters, and save your stories online in minutes. You can find more information at: https://weave.game/",neither,0.05883814570609252,0.3350027016632562,0.6061591526306512
#BlameGaurav,neither,0.03945320844208391,0.33037608806864915,0.630170703489267
lol Therealwyldride,neither,0.020706217963973744,0.4882283491876925,0.4910654328483337
#ThankGaurav,neither,0.03945320844208391,0.33037608806864915,0.630170703489267
All are welcome on the Weave discord!,neither,0.06180139204236187,0.3487388058985428,0.5894598020590953
@Therealwyldride I thought her name was Sophia!,neither,0.03233708155099336,0.47970537083814985,0.48795754761085675
@Varshol That was the other link I was looking for.,neither,0.03158608793109996,0.33085928590367036,0.6375546261652296
is there a card for eating granola out of a players chest Stef want that card LUL,neither,0.0364867048172864,0.32104732116893453,0.642465974013779
!allow Varshol,neither,0.03945320844208391,0.33037608806864915,0.630170703489267
Danoba -> Varshol has been granted permission to post a link for 60 seconds.,neither,0.03948094283137336,0.31126035666296836,0.6492587005056583
dope,neither,0.03945320844208391,0.33037608806864915,0.630170703489267
"@Critternation3000 perhaps there is a card called ""The Scarecrow""",neither,0.04529059772871035,0.2819223787087442,0.6727870235625455
https://discord.gg/u6Hx4a,neither,0.03945320844208391,0.33037608806864915,0.630170703489267
Thanks.,neither,0.035884468650613,0.3004919205142699,0.6636236108351171
there it is,neither,0.051988479486451335,0.2532541473775745,0.6947573731359742
@harberst I have no stupid puns to help you remember the Stef part of her name.,offensive_language,0.118097089178755,0.4474334974024844,0.43446941341876055
You can also access the discord within the app under the resources tab,neither,0.0460359722073658,0.3231873060403439,0.6307767217522903
@Critternation3000 ...did that come up in a game?,neither,0.03067145883572349,0.40855851891979994,0.5607700222444766
scramble to sit in the same chair,neither,0.045323274991367846,0.3190460679930188,0.6356306570156133
@tripleyew it did on sam cr oneshot,neither,0.03594735171172356,0.3421360605925667,0.6219165876957097
you could scramble different characters,neither,0.05520381115645926,0.3748783225844551,0.5699178662590856
This sounds pretty epic,neither,0.039367736678548815,0.3318267669593675,0.6288054963620837
!whodat,neither,0.03945320844208391,0.33037608806864915,0.630170703489267
"Becca Scott ( twitter.com/thebeccascott ), Stef Woodburn ( twitter.com/StefWoodburn ), Whitney Moore ( twitter.com/TweetneyMoore ) and Blythe Kala ( twitter.com/BlytheKala93 ) with Kyle Kinkade ( twitter.com/kinkadius ).",neither,0.03571111696770346,0.46423494188860004,0.5000539411436964
lol,neither,0.020706217963973744,0.4882283491876925,0.4910654328483337
Don't accept! It's a trap!,neither,0.03801731086877599,0.33086995908805816,0.6311127300431659
Bits for challenges!,neither,0.03261539664810859,0.2962509210740107,0.6711336822778808
Sold!,neither,0.03945320844208391,0.33037608806864915,0.630170703489267
that's going to be a LOT of challenges!,neither,0.04050789948109863,0.3892185111294688,0.5702735893894325
nice idea,neither,0.03945320844208391,0.33037608806864915,0.630170703489267
Been playing with this game for a few days now - love it,neither,0.02533287003892366,0.3212243444870719,0.6534427854740046
Re hrpgSub hrpgHyperHype ramaHype gandsSubHype,neither,0.10802165902134243,0.2484119200751343,0.6435664209035233
,neither,0.03945320844208391,0.33037608806864915,0.630170703489267
ramaHype gandsSubHype,neither,0.03945320844208391,0.33037608806864915,0.630170703489267
"just realized Kyle is wearing a Puscifer hoodie, well done guy",neither,0.04045439723439304,0.353238462790006,0.606307139975601
We have a subscriber-only Discord server! Join here: https://discord.gg/geekandsundry (you'll need to sub and link it to your Twitch) and be a part of the fun!...Warning: It can take up to an hour for the server to update and give you access to the channels,neither,0.08464076273808444,0.286394834032893,0.6289644032290227
is there a way to watch along on the phone?,neither,0.05398525859456133,0.28908017539545744,0.6569345660099812
Pls Becca.... Stop threatening people with your dungeon... BibleThump,neither,0.07833738540374827,0.4102599584508549,0.5114026561453969
probably his wallet,neither,0.06488174478586987,0.35208270664533975,0.5830355485687904
It's in the last place he looks,neither,0.04541576907893704,0.26270390015111406,0.6918803307699489
"@Critternation3000 wait - now that you mention it, I remember that - snacks stored in a scarecrow's chest cavity - I was writing for work and my viewing that night was spotty",neither,0.0289342505539422,0.4068516112671558,0.564214138178902
I thought stalker and creepy levels of control was the entire pot of that series?,neither,0.03833343349664523,0.27651050607231104,0.6851560604310437
Wait. There are still library cards?,neither,0.0572996265530195,0.27588098621337215,0.6668193872336083
"Becca check oshi bed, I mean no idea",neither,0.03874311940977739,0.34242815213159206,0.6188287284586306
cheer100 cheer100 cheer100 cheer100 cheer100,neither,0.03945320844208391,0.33037608806864915,0.630170703489267
"totally saw it on the kitchen counter last stream, i think amy stole it! she's a book fiend.",neither,0.03723084326633143,0.36230259718047747,0.6004665595531911
And kanopy,neither,0.03763944115734239,0.1918412352459551,0.7705193235967025
"It's in his other pants, Becca.",neither,0.06641542213937483,0.33300830741802534,0.6005762704425999
Cheers @hypatiasangst,neither,0.03945320844208391,0.33037608806864915,0.630170703489267
,neither,0.03945320844208391,0.33037608806864915,0.630170703489267
Let's see some havoc,neither,0.02066791551431903,0.37193577086476537,0.6073963136209155
Free criterion streaming,neither,0.03945320844208391,0.33037608806864915,0.630170703489267
"Help G&S make great content! $4.99/month gets you emotes, Minecraft server access, Sub Only VODs, and more! Every sub keeps the channel alive! twitch.tv/geekandsundry/subscribe",neither,0.043907990691603095,0.31135964332838284,0.644732365980014
Lynda is awesome,neither,0.051604876223397336,0.3261965722966076,0.622198551479995
My library (and me) are too poor for Lynda access :(,neither,0.03534215639134049,0.33877347644902056,0.6258843671596389
#PickACardAnyCard,neither,0.03945320844208391,0.33037608806864915,0.630170703489267
ummm.... i just got here.... what's going on?,neither,0.07102444470188392,0.38405342689959776,0.5449221283985184
!wtfisthis,neither,0.03945320844208391,0.33037608806864915,0.630170703489267
"Tonight we have a Weave special! Weave is a 21st century storytelling platform for everyone. With just two decks of cards and a handful of dice, you and your friends can create adventures in any genre, from sci-fi to high school comedy. When combined with the free companion app, Weave provides all the power you'll need to discover new worlds, imagine amazing characters, and save your stories online in minutes. You can find more information at: https://weave.game/",neither,0.05883814570609252,0.3350027016632562,0.6061591526306512
"Good evening, AXYB! Hope everyone is doing well, considering all the fires...",neither,0.06295497464329297,0.35471636032174847,0.5823286650349585
!wtfisthis,neither,0.03945320844208391,0.33037608806864915,0.630170703489267
character creation :D,neither,0.03945320844208391,0.33037608806864915,0.630170703489267
Hi everyone!,neither,0.032490659208996964,0.4485487193596734,0.5189606214313296
!whodat,neither,0.03945320844208391,0.33037608806864915,0.630170703489267
"Becca Scott ( twitter.com/thebeccascott ), Stef Woodburn ( twitter.com/StefWoodburn ), Whitney Moore ( twitter.com/TweetneyMoore ) and Blythe Kala ( twitter.com/BlytheKala93 ) with Kyle Kinkade ( twitter.com/kinkadius ).",neither,0.03571111696770346,0.46423494188860004,0.5000539411436964
"magic, it's a WITCH",neither,0.03809804308664945,0.33084219157630695,0.6310597653370437
So is there any thing you can follow along with the phone?,neither,0.04607948289597673,0.3711972506588791,0.582723266445144
Like a Stone - Audioslave,neither,0.05552919207400672,0.35284625598544267,0.5916245519405505
there is strong lipstick game this episode,neither,0.0446325524242952,0.27106600288678573,0.6843014446889191
@Critternation3000 BURN THE WITCH!!!,neither,0.04405672049047242,0.21807023840892187,0.7378730411006057
