text,top_class,hate_speech,offensive_language,neither
Hi Cheater!,neither,0.03945320844208391,0.33037608806864915,0.630170703489267
jcvimHi gandsBeccasaurus,neither,0.03945320844208391,0.33037608806864915,0.630170703489267
https://www.fantasyflightgames.com/en/news/2017/12/5/five-years-on/,neither,0.03788712291540982,0.33780841052670074,0.6243044665578895
gandsSubHype gandsSubHype gandsSubHype,neither,0.03945320844208391,0.33037608806864915,0.630170703489267
http://www.henshingame.com/,neither,0.0364481805509037,0.2303424311669227,0.7332093882821735
hrpgSub hrpgHyperHype ramaHype gandsSubHype,neither,0.03945320844208391,0.33037608806864915,0.630170703489267
https://www.kickstarter.com/projects/350683997/creature-codex-5th-edition-monsters-including-comm,neither,0.03945320844208391,0.33037608806864915,0.630170703489267
https://www.kickstarter.com/projects/473205107/potlatch-a-card-game-about-coast-salish-economics,neither,0.03818772820976438,0.3216571135374343,0.6401551582528014
gandsSubHype gandsSubHype gandsSubHype gandsSubHype gandsSubHype,neither,0.03945320844208391,0.33037608806864915,0.630170703489267
good bye sound,neither,0.038731309766578154,0.3306243821262543,0.6306443081071675
slow mo Becca,neither,0.03945320844208391,0.33037608806864915,0.630170703489267
"@Pustulant Part of the video, an assorted feature if you will.",neither,0.03958843459306521,0.297792648691739,0.6626189167151958
"This game looks super fun, even by the high standards of games we've had on GtG recently",neither,0.02427790096724047,0.36955487848690227,0.6061672205458573
Oh yeah....my neck of the woods Danoba it sounds interesting,neither,0.02434796938103491,0.4131814860350048,0.5624705445839603
gandsSubHype gandsSubHype gandsSubHype gandsSubHype gandsSubHype,neither,0.03945320844208391,0.33037608806864915,0.630170703489267
This game is crazy fun.,neither,0.03488947887273512,0.39599429042387296,0.5691162307033919
yay,neither,0.03945320844208391,0.33037608806864915,0.630170703489267
Hey Chat!,neither,0.03945320844208391,0.33037608806864915,0.630170703489267
Thats what I'm watching right now jcvimGasp,neither,0.04403807621858787,0.3451565475298851,0.6108053762515271
hrpgSub hrpgHyperHype ramaHype gandsSubHype x2,neither,0.03945320844208391,0.33037608806864915,0.630170703489267
Oh thats now aint it,neither,0.045359904672790004,0.35796152064468467,0.5966785746825253
Re hrpgSub hrpgHyperHype ramaHype gandsSubHype x2,neither,0.06137740758033951,0.2971829196352787,0.6414396727843817
gandsSubHype gandsSubHype gandsSubHype gandsSubHype,neither,0.03945320844208391,0.33037608806864915,0.630170703489267
Hi @Holrend,neither,0.03945320844208391,0.33037608806864915,0.630170703489267
whuuuut,neither,0.03945320844208391,0.33037608806864915,0.630170703489267
Its a hatphrase,neither,0.02700859978372578,0.3346563596412867,0.6383350405749875
Re hrpgSub hrpgHyperHype ramaHype gandsSubHype,neither,0.10802165902134243,0.2484119200751343,0.6435664209035233
bardWave becca bardWave keith bardWave matt bardWave Decemberist,neither,0.03945320844208391,0.33037608806864915,0.630170703489267
"if Baker is coming, can the Decemberist be far behind?",neither,0.03055303235278695,0.3561947951273394,0.6132521725198737
http://twobitcircus.com/,neither,0.03558056210193769,0.1941005909087057,0.7703188469893567
#TeamMatt,neither,0.03945320844208391,0.33037608806864915,0.630170703489267
"""I don't have a catchphrase"" is a very good catchphrase",neither,0.04744396298926141,0.3376535886536233,0.6149024483571152
I think that's already Becca's motto.,neither,0.03533864598263765,0.37822571426968277,0.5864356397476796
@danoba quick to the prop closet hats for all LUL,neither,0.03972098411188618,0.3389630990354236,0.6213159168526902
I didn't have a catchphrase before not having a catchphrase was cool,neither,0.02381663068163873,0.43105805528254004,0.5451253140358212
"@Critternation3000 That needed to happen about 10 minutes ago, haha.",neither,0.03728055559275389,0.41454694179807705,0.5481725026091692
I encourage Crazy!,neither,0.028715929867286424,0.43870760410265136,0.5325764660300621
bardDerp crazy,offensive_language,0.022064721455469255,0.506901653328703,0.47103362521582787
"The art is done by Carson Ellis, who does all of the art for the band, The Decemberists carsonellis.com",neither,0.03237546442405365,0.4273657110605529,0.5402588245153935
I hope Oshi doesn't eat these tokens,neither,0.11184776867975893,0.26715531182999813,0.6209969194902429
Re hrpgSub hrpgHyperHype ramaHype gandsSubHype,neither,0.10802165902134243,0.2484119200751343,0.6435664209035233
"@Zismarith I would've thought Becca's motto was more along the lines of ""I always win""",neither,0.026545046877266443,0.27952034674385406,0.6939346063788795
Is that an Oshi Ocus token?,neither,0.04367109550808627,0.3637767603680693,0.5925521441238444
Orcus tokens would be cooler!,neither,0.03922289055122985,0.3284474357030428,0.6323296737457273
beccaOshibaby beccaOshibaby beccaOshibaby,neither,0.03945320844208391,0.33037608806864915,0.630170703489267
wait where is oshi,neither,0.05464192457239234,0.28187333114330926,0.6634847442842984
bardWAAH beccaOshibaby a watch key,neither,0.046376399027932336,0.3279948853591001,0.6256287156129675
@Shadowner He's off to the side.,neither,0.04697189673204573,0.3492000342229888,0.6038280690449656
Will there be a roller coaster?,neither,0.042012433482780005,0.2328057034933364,0.7251818630238837
"""Becca is coming."" Motto of House Scott.",neither,0.04571732833228415,0.32822156999341745,0.6260611016742985
!who,offensive_language,0.04159901189299763,0.525362713080101,0.4330382750269014
!whodat,neither,0.03945320844208391,0.33037608806864915,0.630170703489267
"Becca Scott ( twitter.com/thebeccascott ), with guests Keith Baker ( twitter.com/HellcowKeith ), Matt Stokes ( twitter.com/Stokeslahoma ), and Chris Funk ( twitter.com/MrChrisFunk ).",neither,0.03531634623257873,0.4532827022788766,0.5114009514885446
did they ever try playing KDM?,neither,0.03945320844208391,0.33037608806864915,0.630170703489267
*u can't always do the best thing unless you're Becca beccaWIN,neither,0.0705080891024271,0.36309389774290024,0.5663980131546728
cheer500 Beccawins! #TeamOshiBecca,neither,0.03945320844208391,0.33037608806864915,0.630170703489267
what does being Winter mean? no Sowing?,neither,0.027231712113896907,0.46584477872637853,0.5069235091597245
"I really do like the design of the game, it definitely succeeds at seeming like an old-timey classic game from an alternate universe or something.",neither,0.04702288798244132,0.29251281866995843,0.6604642933476002
Correct,neither,0.03945320844208391,0.33037608806864915,0.630170703489267
