text,top_class,hate_speech,offensive_language,neither
Hello everyone :),neither,0.03269494828970791,0.4450814005079928,0.5222236512022994
cheer100 cheer100 cheer100,neither,0.03945320844208391,0.33037608806864915,0.630170703489267
@ImSylien hi!,neither,0.03945320844208391,0.33037608806864915,0.630170703489267
*had,neither,0.03945320844208391,0.33037608806864915,0.630170703489267
@Henchman2121 : Polymorph while she's flying over lava,neither,0.038085277598817774,0.40008796480664194,0.5618267575945401
"@japenrose Happy Wednesday and thanks, so far everyone is safe, thanks!",neither,0.03753979756686047,0.36788026687108116,0.5945799355620585
Kiki with Planitar power should make things interesting,neither,0.038796229899333415,0.39109983161507506,0.5701039384855916
Hi @Ricky_Galletti,neither,0.03945320844208391,0.33037608806864915,0.630170703489267
@ernesbitt lol,neither,0.020706217963973744,0.4882283491876925,0.4910654328483337
Hi all!,neither,0.0423466876598404,0.4436528871510691,0.5140004251890904
Are we all ready for MAXIMUM Fangirling Taliesin?,neither,0.055580436744780116,0.3224831868479234,0.6219363764072966
yayy!!,neither,0.03945320844208391,0.33037608806864915,0.630170703489267
Hi @feathersflight,neither,0.03945320844208391,0.33037608806864915,0.630170703489267
"@Danoba Oh good! I hope it stays that way, these fires are awful.",neither,0.10097496208374665,0.2536139820201058,0.6454110558961476
gandsLessthanthree gandsLessthanthree gandsLessthanthree gandsLessthanthree,neither,0.03945320844208391,0.33037608806864915,0.630170703489267
"@misssunflower94 Woke up early, since I needed something nice like Taliesin crawling the walls from happiness, to help me with my sadness over breaking up with my now ex datemate.",neither,0.0236844314237722,0.4745165883830881,0.5017989801931397
bardWave amy bardWave matt bardWave Taliesin,neither,0.03945320844208391,0.33037608806864915,0.630170703489267
scanman and kiki both go planetar and just make out furiously,neither,0.03107359514812777,0.29449069338618844,0.6744357114656838
Wednesday Club Assemble!!!!,neither,0.03945320844208391,0.33037608806864915,0.630170703489267
hahahaha,neither,0.03945320844208391,0.33037608806864915,0.630170703489267
hello Amy Taliesin Matt and everyone <3,neither,0.03467590270331959,0.3764486549568975,0.588875442339783
@Henchman2121 I have a feeling Perce is gonna go right for Scanlan first.,neither,0.03326907744277915,0.36851003143221067,0.5982208911250101
gandsSubHype gandsSubHype gandsSubHype gandsSubHype gandsSubHype gandsSubHype gandsSubHype gandsSubHype gandsSubHype gandsSubHype gandsSubHype gandsSubHype gandsSubHype gandsSubHype gandsSubHype gandsSubHype gandsSubHype gandsSubHype,neither,0.03945320844208391,0.33037608806864915,0.630170703489267
are we on the internet yet?,neither,0.06005411935743922,0.28551825882135823,0.6544276218212026
"Hi Taliesin, Amy and Matt!",neither,0.0388100252782571,0.29846695177565247,0.6627230229460904
Woo!!!,neither,0.03945320844208391,0.33037608806864915,0.630170703489267
Hey Wednesdaisies! Finally get to watch live thanks to a schedule change at work.,neither,0.052143558083371566,0.33131366244365373,0.6165427794729748
Re hrpgSub hrpgHyperHype ramaHype gandsSubHype,neither,0.10802165902134243,0.2484119200751343,0.6435664209035233
I am so excited for happy fanboy taliesin,neither,0.033322219438447945,0.34184624149208065,0.6248315390694714
"@japenrose Indeed, I've been watching the alerts very closely.",neither,0.023577401662588284,0.3113154644901842,0.6651071338472275
!twc,neither,0.03945320844208391,0.33037608806864915,0.630170703489267
Here are some handy The Wednesday Club resources! TWC Reddit: reddit.com/r/WednesdayClub/ | Discord: https://discord.gg/6QK9fVB | Wednesday Club Fanclub on Facebook: facebook.com/groups/1945232949091586/,neither,0.041287213005686295,0.3375124748912654,0.6212003121030484
PogChamp PogChamp PogChamp PogChamp PogChamp PogChamp PogChamp PogChamp PogChamp PogChamp PogChamp,neither,0.03945320844208391,0.33037608806864915,0.630170703489267
#AllTheReading,neither,0.03945320844208391,0.33037608806864915,0.630170703489267
hi guys! :),neither,0.03930687933907141,0.3328596748352989,0.6278334458256297
Amy's Excited,neither,0.03945320844208391,0.33037608806864915,0.630170703489267
Taliesin rant time! :D,neither,0.03810081768489424,0.3533296886767855,0.6085694936383204
@101deadpool1017 I'm home from my normal Wednesday thing because of a migraine making me SO TIRED. So I can relate and how you feel better soon!,neither,0.03719778823430179,0.4179469794417248,0.5448552323239735
"Ooh, name cards",neither,0.03945320844208391,0.33037608806864915,0.630170703489267
credit card is out and comixology is up....let me have it,neither,0.0267254840173002,0.4016569732107524,0.5716175427719475
Hi @rasnac_khan,neither,0.03945320844208391,0.33037608806864915,0.630170703489267
TEN CAT TALIESIN NIGHT,neither,0.03214674991890098,0.33013171207314507,0.637721538007954
Taliesin ranting like a crazy person excites me,neither,0.033149629633009915,0.4393144010262119,0.5275359693407783
"I already know this isn't my thing, but I'm still excited to witness the enthusiasm.",neither,0.03279831691301266,0.39129395704024805,0.5759077260467392
Oooo! I have a sloth icon now! Yay!,neither,0.03908582353978348,0.33661156865887953,0.624302607801337
Taliesin said Glasgow corret,neither,0.03945320844208391,0.33037608806864915,0.630170703489267
*correct,neither,0.03945320844208391,0.33037608806864915,0.630170703489267
what rhymes with Glasgow?,neither,0.0323953070956883,0.36729469338446485,0.6003099995198469
Re hrpgSub hrpgHyperHype ramaHype gandsSubHype,neither,0.10802165902134243,0.2484119200751343,0.6435664209035233
PogChamp PogChamp PogChamp PogChamp PogChamp PogChamp PogChamp PogChamp PogChamp PogChamp PogChamp PogChamp PogChamp PogChamp PogChamp PogChamp,neither,0.03945320844208391,0.33037608806864915,0.630170703489267
"@herladykrow maybe Scanman, but Iï¸ think Kiki and Grog are gonna get focused hard",neither,0.04328281449749101,0.4755332026259522,0.4811839828765567
"Give us some william mcgonagall, taliesin",neither,0.0786141542026556,0.34021401134312995,0.5811718344542145
Fun fact: Rime of the Ancient Mariner can be sung to the tune of the Gilligan's Island Theme song.,neither,0.041492771628359265,0.30796766698422245,0.6505395613874183
cool art,neither,0.03945320844208391,0.33037608806864915,0.630170703489267
kaypikeRAINBOW learning is fun,neither,0.04754175457789417,0.3275940661473874,0.6248641792747185
Very nice!,neither,0.03945320844208391,0.33037608806864915,0.630170703489267
@knhaw Moscow?,neither,0.03945320844208391,0.33037608806864915,0.630170703489267
"QUESTION: If you're using Morrison this year, what are you saving for a ""We're tired, here's one of us ranting for 2 hours"" topic for next December?",neither,0.100846985680677,0.32719110257512846,0.5719619117441945
"that's neat, but i still hate rime of the ancient mariner :D",neither,0.13489117535488396,0.29432248676054296,0.570786337884573
"Lol. ""which universe?""",neither,0.03196933045473557,0.3844717684928094,0.5835589010524549
Re hrpgSub hrpgHyperHype ramaHype gandsSubHype,neither,0.10802165902134243,0.2484119200751343,0.6435664209035233
Grant Morrison being Taliesin's dad is Tal's headcanon.,neither,0.04134490969654237,0.3484855627618569,0.6101695275416008
"Tradition requires you fight to the death. He's your dad, after all.",neither,0.09210430106327562,0.3881981459659536,0.5196975529707708
"Good to know that while we imagine Taliesin adopting us, Taliesin imagines being adopted by Grant Morrison",neither,0.05623220340864132,0.38594405875085935,0.5578237378404993
we're less than five minutes in and he's just the most fangirl,neither,0.04975610949908707,0.294992564049651,0.6552513264512618
"Good evening, Taliesin and Amy and Matt!",neither,0.03799934999691303,0.27711481600198923,0.6848858340010976
oh wow,neither,0.04699983224225219,0.25967008852857676,0.6933300792291711
Unpopular opinion: Grant Morrison is discount Alan Moore.,neither,0.04722903612026424,0.3277016243648596,0.6250693395148762
10 cat Tal mood I think,neither,0.039835797061427314,0.32388256072165966,0.636281642216913
That map is so useful,neither,0.04243749095542264,0.39776532557532934,0.5597971834692481
Whoaaaaa!,neither,0.03945320844208391,0.33037608806864915,0.630170703489267
:D,neither,0.03945320844208391,0.33037608806864915,0.630170703489267
Grant Morrison is Goth Dad's Dad,neither,0.04446282816088245,0.3286530501282237,0.6268841217108938
Definitely 10 cat mood,neither,0.03945320844208391,0.33037608806864915,0.630170703489267
broke the cat mood scale,neither,0.038735433213058904,0.31731091230158104,0.6439536544853601
@starpilotsix Oh my god... amazing,neither,0.03244411732730986,0.3687051171362294,0.5988507655364608
10/9 cats,neither,0.04308656125570532,0.1576349486632697,0.799278490081025
lol tired taliesin is so fun,neither,0.03866660086651863,0.435015410024225,0.5263179891092563
PogChamp So glad I could catch this episode,neither,0.03933478318666494,0.368848971722175,0.59181624509116
@phoenixgoth Easily ten cats. He's gonna go to eleven,neither,0.05240847275381397,0.2474744349927687,0.7001170922534172
Matt Key aka Darin Depaul Handler,neither,0.03945320844208391,0.33037608806864915,0.630170703489267
@rasnac_khan burn the heretic!,neither,0.04578463191776536,0.17179956814398964,0.782415799938245
He may go to 15 cat,neither,0.053623642471324534,0.30709624146856296,0.6392801160601125
This delights me,neither,0.023257773944858864,0.42852599822505677,0.5482162278300844
I think we'll see him increase in cats throughout the episode.,neither,0.04123817896683616,0.22086777181088146,0.7378940492222823
Even More Unpopular Opinion: Final Crisis is the best Event Comic of all time,neither,0.043607859492343345,0.3672183992635846,0.589173741244072
@rasnac_khan Alan Moore is my hero.,neither,0.03375199155900735,0.430626548326953,0.5356214601140397
@ImSylien So he gained an extra life?,neither,0.04139495171528723,0.42671578361170565,0.531889264673007
"my twitch is going all slow and shitty, I hate that I'm missing this",offensive_language,0.1287079917443259,0.6798819611364134,0.1914100471192607
I'm just picturing a dial that we keep turning up,neither,0.03123029658145032,0.4202907209281865,0.5484789824903632
Giggling Taliesin is best Taliesin,neither,0.04677887502453137,0.32005234707090874,0.6331687779045599
I'm 8 cats just watching his cat level rise,neither,0.05540614943930901,0.2416410846780481,0.7029527658826429
do they have a bunch of pop tart pillows?,neither,0.0431255775279181,0.4190243871155244,0.5378500353565575
"@japenrose possibly? I mean, it there's anyone who could give you an extra life, it's grant morrison",neither,0.04426556988244501,0.39533259589446434,0.5604018342230906
watching Amy watch Taliesin like #same,neither,0.05539341701175981,0.34926907456659934,0.595337508421641
"Wait, which sun can a vampire Superman get his power from?",neither,0.054165109444971965,0.32392204974763134,0.6219128408073967
PogChamp PogChamp PogChamp PogChamp PogChamp PogChamp PogChamp PogChamp,neither,0.03945320844208391,0.33037608806864915,0.630170703489267
"I was 3 cats this morning at best, but my mood is getting better with seeing giggly Tal",neither,0.03220645972218373,0.2906116348031912,0.6771819054746251
"@ImSylien Definitely true, definitely true",neither,0.03945320844208391,0.33037608806864915,0.630170703489267
Wonder if Taliesen will mention 2000AD,neither,0.024107156748112202,0.36017467044457835,0.6157181728073094
pot tart pillows were made on mines and crafts last week,neither,0.03746589644571914,0.30155913041305726,0.6609749731412236
"Taliesin, dear, Ily but we've already gotten REALLY deep",neither,0.023286328306617334,0.3361506348642836,0.6405630368290991
It's Great!,neither,0.034344459785673354,0.2916444998288179,0.6740110403855087
it's grrrrreat ;),neither,0.034373745257138544,0.33212314837979673,0.6335031063630647
Tawny The Tiger,neither,0.03833268284400528,0.3097437752947421,0.6519235418612527
Dark (side) or Dark (seed)?,neither,0.03618405027651836,0.35349924734659505,0.6103167023768866
*pop,neither,0.04198645609464157,0.2873802641551968,0.6706332797501617
"@phoenixgoth same, after breaking up with my now ex, I was at like, 2. This is helping a lot.",offensive_language,0.03246867855585735,0.4863185150065495,0.4812128064375932
DC-Frosted Flakes crossver :P,neither,0.03945320844208391,0.33037608806864915,0.630170703489267
"Alan Moore, Neil Gaiman, Alex Ross...my top 3",neither,0.031177255491067195,0.39272981307654514,0.5760929314323876
"The scary thing is Amy could totally steal the show from Taliesin and secretly turn this into a X-Men episode by just talking about 'New X-Men' by Grant Morrison arguing that it fits in the ""context"" of the episode. Keep an eye on Amy everyone, she's a tricky one when it comes to the X-men lol :D",neither,0.03852219635698192,0.3758672260496084,0.5856105775934096
Taliesin has a lot of books in his bathroom.,neither,0.05949488620477757,0.3268763755486193,0.6136287382466031
thanks @lark7911,neither,0.035884468650613,0.3004919205142699,0.6636236108351171
I now REALLY want to see Tony the Tiger in comics,neither,0.04326256137410321,0.314869153852887,0.6418682847730098
Keepo They're Great,neither,0.06333243127480195,0.2585318972507485,0.6781356714744495
*crossover,neither,0.03945320844208391,0.33037608806864915,0.630170703489267
I was also wondering when Warner Brothers bought a cereal company.,neither,0.03415446959972776,0.3569196543252074,0.6089258760750648
Tony is Talky's illegitimate son. There was a brothel in Toon Town.,neither,0.04480929039265548,0.3008146119872009,0.6543760976201437
"man, now i want poptarts though. I haven't had them in like 2 years.",neither,0.060474991859960386,0.3818945009022012,0.5576305072378385
Sometimes I wonder if Amy is just 3 kittens and 2 puppies in a human suit,neither,0.08262284096224845,0.26048956310105253,0.656887595936699
Blue periods? like women in feminine hygiene product commercials?,neither,0.050964677509231844,0.3807481543640313,0.5682871681267369
all star superman was amazing,neither,0.04078866302361603,0.39073674915543855,0.5684745878209454
@halfaringcircus well they do have a water tower so owning a cereal company is a good move,neither,0.0435775776746993,0.35615738253164314,0.6002650397936575
@ImSylien Noooooo,neither,0.03945320844208391,0.33037608806864915,0.630170703489267
@animavisionary I'm not even sorry,neither,0.03647045788429668,0.35824512827317834,0.605284413842525
@KineticNoetic I'm thinking it's more like Power Ranger Zords.,neither,0.048225216945555274,0.3354757484746027,0.616299034579842
Blue period like art - I can't explain this but there are 1800s artiest who have blue periods,neither,0.05406168799381762,0.33235461316623094,0.6135836988399516
@Deathstar_Taco But only if they change it to a refrigerated milk tower.,neither,0.027592654680232486,0.3740933982950886,0.598313947024679
Piloted by kittens and puppies.,neither,0.03966131282068113,0.3327459842288718,0.6275927029504471
"He's from Glasgow, ofcourse he's a politicaly edgy, its sort of our thing",neither,0.04261887149621282,0.3183347039064598,0.6390464245973274
@ImSylien Oh I'm sure you're not ;),offensive_language,0.08576667292673947,0.4650078387752421,0.4492254882980184
"Oh no, the fanboy streams are crossing!",neither,0.06269210196826855,0.25529755475149235,0.682010343280239
BlessRNG,neither,0.03945320844208391,0.33037608806864915,0.630170703489267
"... absurdist supervillain group, that's interesting.",neither,0.03555748397765877,0.3727518539012008,0.5916906621211403
@halfaringcircus unless they own powered milk company... but we all know that isn't preferred,neither,0.04815002747887161,0.38915489949445253,0.5626950730266759
#forthoseofyouwhodontknow,neither,0.03945320844208391,0.33037608806864915,0.630170703489267
we3 was also awesome,neither,0.03932167393113278,0.3326085719972087,0.6280697540716584
Memes are Dada,neither,0.06154814121247577,0.29105010526682196,0.6474017535207023
take a drink,neither,0.03945320844208391,0.33037608806864915,0.630170703489267
Dadaismus,neither,0.03945320844208391,0.33037608806864915,0.630170703489267
Pffffft,neither,0.03945320844208391,0.33037608806864915,0.630170703489267
I love the Brotherhood of Dada,neither,0.036513650301031764,0.3278914409554362,0.6355949087435321
@super390 I'd say it's cannon. Amy is a Zord for cute baby animals,neither,0.04044061923598202,0.2905844869211311,0.668974893842887
I am so enjoying this,neither,0.03909791128969633,0.3806487129366216,0.5802533757736822
god I hat that I missed so much,neither,0.03313271395001051,0.4034683804198581,0.5633989056301314
the men from n.o.w.h.e.r.e.,neither,0.03964934877818666,0.2810928825446966,0.6792577686771168
LUL,neither,0.03945320844208391,0.33037608806864915,0.630170703489267
oh gosh lol,neither,0.036351193302038856,0.3356329830621722,0.628015823635789
oh TAl,neither,0.0450478101092574,0.2772031091301225,0.6777490807606199
I'm going to be Amy this whole episode,neither,0.04347238697593036,0.35255647742090857,0.6039711356031611
THAT IS BRILLIANT,neither,0.04395971942669166,0.37476239098666525,0.5812778895866431
#logic,neither,0.03945320844208391,0.33037608806864915,0.630170703489267
I have to read this.,neither,0.04783238545615865,0.33907522574532845,0.6130923887985128
Just as planned...,neither,0.03272732141557165,0.3886890504305508,0.5785836281538774
that's a clever evil plan. i like it.,neither,0.042993216620594195,0.37549190226850826,0.5815148811108976
im glad that this is up,neither,0.03944450879158909,0.4639071179697234,0.4966483732386875
I love that! hahahaha,neither,0.03143780991831821,0.39846599992414117,0.5700961901575406
:D,neither,0.03945320844208391,0.33037608806864915,0.630170703489267
I so hope we get to talk about Flex Mentallo.,neither,0.050879853580387276,0.3051315944797157,0.643988551939897
omg this episode is going to be amazing.,neither,0.050568909438580875,0.3506424188287904,0.5987886717326286
What?,neither,0.057770773616808734,0.3180719994247239,0.6241572269584672
Won't somebody think of the children?!,neither,0.0391078201534588,0.3076824824412681,0.653209697405273
That is amazing. Best plan ever,neither,0.041858710304088574,0.35602454984012344,0.602116739855788
THE BRUTALIST,neither,0.03613032604487659,0.2619290779399786,0.7019405960151449
so many art theme mentions lmao wow,neither,0.038740752157329236,0.3708795246395997,0.5903797232030711
That sounds hilariously smart,neither,0.03526980085688614,0.37593959774458624,0.5887906013985277
wow,neither,0.03945320844208391,0.33037608806864915,0.630170703489267
dear god Taliesin. you are a gift,neither,0.08583761781714855,0.3275003201033032,0.5866620620795482
I love it!,neither,0.030831260484157012,0.3601344986151421,0.609034240900701
my art history buff is IN LOVE,neither,0.034098977944663815,0.39907023438877226,0.5668307876665638
I now have plans for the weekend.,neither,0.03308555757355734,0.2989380875045555,0.6679763549218871
"QUESTION: Taliesin, Taliesin, I know you're fanboying like crazy, and while that's adorable, could you please start from the beginning?",neither,0.062165479950854384,0.4050224305715685,0.5328120894775771
"As an art historian, I really dig all the modern art references :)",neither,0.03885996576708638,0.37188341554859883,0.5892566186843148
built like a brutalist brick house,neither,0.048684846979305765,0.34393361893856517,0.6073815340821291
Great question Syl,neither,0.0372672489693886,0.30109225598275136,0.66164049504786
... Looking up brutalist architecture....,neither,0.035049945397815925,0.4235828837121839,0.5413671708900001
