text,top_class,hate_speech,offensive_language,neither
yeaaaah,neither,0.03945320844208391,0.33037608806864915,0.630170703489267
Lvl 20 barb all the way lets go grog!,neither,0.04017836423579126,0.37541569609804476,0.5844059396661639
Unless they all gang up on her I think Marisha will be a top pick.,offensive_language,0.035774800746125913,0.5271156974815511,0.43710950177232305
gandsSubHype gandsSubHype gandsSubHype gandsSubHype gandsSubHype gandsSubHype gandsSubHype gandsSubHype gandsSubHype gandsSubHype gandsSubHype gandsSubHype gandsSubHype,neither,0.03945320844208391,0.33037608806864915,0.630170703489267
Yay for books! :),neither,0.033859436657552616,0.3024374784648088,0.6637030848776386
"Also, Happy Birthday Aliza!",neither,0.03945320844208391,0.33037608806864915,0.630170703489267
Hi Aliza and Jody!,neither,0.03869401354372475,0.29213104977327864,0.6691749366829968
that is some great hair coloring,neither,0.03237505781394064,0.3595715471197522,0.6080533950663072
^^^^,neither,0.03945320844208391,0.33037608806864915,0.630170703489267
what is this Lye-berry she speaks of?,neither,0.05609093045160934,0.41006801456744824,0.5338410549809424
hrpgSub hrpgHyperHype gandsSubHype ramaHype,neither,0.03945320844208391,0.33037608806864915,0.630170703489267
jody! i'm digging your hair. aliza! happy birthday :),neither,0.060185424784386606,0.32462903714012753,0.6151855380754859
Hair and wardrobe game is STRONG here.,neither,0.08231596902493436,0.2414456383878653,0.6762383925872003
Hello Aliza (happy birthday) and Jody (LOVE the hair) <3,neither,0.03643189380149333,0.3014194872952317,0.6621486189032749
"Fabulous hair, Jody!",neither,0.03945320844208391,0.33037608806864915,0.630170703489267
#bringRyanhome,neither,0.03945320844208391,0.33037608806864915,0.630170703489267
"Happy Birthday, Aliza!",neither,0.03945320844208391,0.33037608806864915,0.630170703489267
"Help G&S make great content! $4.99/month gets you emotes, Minecraft server access, Sub Only VODs, and more! Every sub keeps the channel alive! twitch.tv/geekandsundry/subscribe",neither,0.043907990691603095,0.31135964332838284,0.644732365980014
Ryan was sent to Seattle.,neither,0.044657396321148284,0.3288665991223712,0.6264760045564806
The vest is in the laundry so he can't be on camera...,neither,0.04651293003244587,0.344092447097642,0.6093946228699122
oh I really like Christopher Pike,neither,0.05610370574614152,0.2971148156387711,0.6467814786150874
Weave is great,neither,0.04650267728639139,0.2993563767374181,0.6541409459761904
Nooooo! @stefwoodburn Save Ryan!,neither,0.03945320844208391,0.33037608806864915,0.630170703489267
Jody your hair is amazing. Eliza your outfit is fabulous,neither,0.09650302425276636,0.31329950084547864,0.590197474901755
Watching the ladies on AXYB play this was so fabulously entertaining!,neither,0.03635586915834948,0.3648508112452382,0.5987933195964122
Happy birthday,neither,0.03945320844208391,0.33037608806864915,0.630170703489267
been playing D&D since 1987. never been at a table with minis,neither,0.028854085773722102,0.40513999419080476,0.5660059200354731
"is seattle where you banish people, danoba?",neither,0.12409670496901899,0.332306998703581,0.5435962963274
I saw a tweet and thought this was about Captain Pike. I am so sisappointed :(,neither,0.03974418445174212,0.2826099433987016,0.6776458721495563
sorry... sorry Vest...capital V....The Vest...,neither,0.03878196278765621,0.3181728960734954,0.6430451411388484
"Happy Birthday Aliza! And to Jody... just a preemptive ""Jody, No!""",neither,0.03947844157254208,0.3253037694692909,0.635217788958167
@crthemighty Not recently...,neither,0.03779879555407328,0.3366121553211162,0.6255890491248105
"@GeekandSundry @Danoba tell Ryan because of his MtG episode of Loremasters, Iv picked up the Zendikar Artbook, and will be getting the rest when I can :) Thanks Ryan! :)",neither,0.03990780364127608,0.3524071917739835,0.6076850045847404
"@Saraphys Oh that's awesome, I'll be sure to pass that along.",neither,0.0380806696730577,0.44057773576245307,0.5213415945644894
#EnthusiARMY RAID. Happy Birthday Aliza,neither,0.03945320844208391,0.33037608806864915,0.630170703489267
i think jody and i have the same glasses...,neither,0.0387811982025193,0.2931984949130636,0.668020306884417
Game about pyromania? Sounds good.,neither,0.03648175422378668,0.3148077015160679,0.6487105442601454
I was so loking forward to all the books about Captain Pike :(,neither,0.043338361299420015,0.41843945477880085,0.5382221839217792
#EnthusiARMY RAID. Happy Birthday Aliza!,neither,0.03945320844208391,0.33037608806864915,0.630170703489267
"As long as everyone had fun, that is all that is needed in a RPG!",offensive_language,0.03882673064487231,0.4963167337991389,0.46485653555598877
#EnthusiARMY RAID. Happy birthday Aliza!!,neither,0.03945320844208391,0.33037608806864915,0.630170703489267
#EnthusiARMY RAID. Happy Birthday Aliza!,neither,0.03945320844208391,0.33037608806864915,0.630170703489267
Welcome Amy and raiders!,neither,0.038822933363010945,0.2991577467117473,0.6620193199252418
Hi Amy and Raiders,neither,0.03882182104596303,0.2990983243771988,0.6620798545768382
"I wasn't a huge Christopher Pike reader, but I did remember reading an loving ""Remember Me?"" which was from the perspective of the ghost of a murdered girl which blew my mind as a kid and now that I think of it might have set a pattern for things that I've liked.",neither,0.022359938830027952,0.3766814017154486,0.6009586594545234
Re hrpgSub hrpgHyperHype gandsSubHype ramaHype,neither,0.10802165902134243,0.2484119200751343,0.6435664209035233
Happy Birthday Aliza!!,neither,0.03945320844208391,0.33037608806864915,0.630170703489267
pp[s,neither,0.03945320844208391,0.33037608806864915,0.630170703489267
oops,neither,0.03945320844208391,0.33037608806864915,0.630170703489267
Happy Birthday Aliza!!,neither,0.03945320844208391,0.33037608806864915,0.630170703489267
"I was at a thrift store looking at books and saw ""OH vampire series"" so grabbed it. (forget which one it was, it was a while ago)",neither,0.04696574827408312,0.34192515193091133,0.6111090997950055
that was not supposed to be quite THAT effusive. Sorry mods,neither,0.037562441304564,0.3965944893916732,0.5658430693037629
"Oh dang, I love Jody's hair",neither,0.04136874113183617,0.2972487047604199,0.6613825541077439
"Question from the peanut gallery - for those of who might not know, who is Christopher Pike? Besides an author of presumably vampire novels.",neither,0.049988430817870605,0.3223908137920011,0.6276207553901283
happy birthday aliza doogBirthday doogBirthday,neither,0.03945320844208391,0.33037608806864915,0.630170703489267
Happy Birthday Aliza! :D,neither,0.03945320844208391,0.33037608806864915,0.630170703489267
#EnthusiARMY kaypikeHB kaypikeHB ALIZA,neither,0.03945320844208391,0.33037608806864915,0.630170703489267
Happy Birthday Aliza!!,neither,0.03945320844208391,0.33037608806864915,0.630170703489267
I remember picking up a Christopher Pike book at a used bookstore and I never looked back. I proceeded to collect every book I could find.,neither,0.04038153289775531,0.32110655619757716,0.6385119109046675
Happy birthday Aliza!,neither,0.03945320844208391,0.33037608806864915,0.630170703489267
"#EnthusiARMY RAID Happy birthday, Aliza!",neither,0.03945320844208391,0.33037608806864915,0.630170703489267
oo that hair,neither,0.03560118139054132,0.37226827472034146,0.5921305438891171
but first I gotta run home bye <3,neither,0.02981252728725387,0.3654938935908509,0.6046935791218953
Happy Birthday! Aliza!!! from amy's stream!!!,neither,0.040236281881283906,0.3170852881466,0.6426784299721161
#enthusiarmy !,neither,0.03945320844208391,0.33037608806864915,0.630170703489267
rtuesSewgood jody hair,neither,0.03945320844208391,0.33037608806864915,0.630170703489267
I havent heard any lore yet!,neither,0.03945320844208391,0.33037608806864915,0.630170703489267
"I have always been a huge Sci-Fi and Fantasy reader, and at 12 RPG's!",neither,0.03685037281674823,0.3366041957839237,0.6265454313993281
Re hrpgSub hrpgHyperHype gandsSubHype ramaHype,neither,0.10802165902134243,0.2484119200751343,0.6435664209035233
and wow jody hair hype! love it!,neither,0.03586714959641166,0.31113093341215664,0.6530019169914316
Stopping an apocalypse is no reason to push two people together.,neither,0.06727001596113659,0.32310724390685336,0.60962274013201
"oh gosh, I remember B. Dalton's",neither,0.04445403888392913,0.2826453913196835,0.6729005697963873
!wtfisthis,neither,0.03945320844208391,0.33037608806864915,0.630170703489267
Ryan Green and a guest spend 90 minutes going deeper into a fandom then you may have thought possible. From Magic: The Gathering to Street Fighter we’re examining the stories and worldbuilding that makes these properties so enchanting. The guests and subjects are as varied as can be but the one thing that brings them together is passion. Today Jody and Aliza steal the show!,neither,0.06465621407912255,0.27158178984426773,0.6637619960766098
Snow in Austin. Strange times,neither,0.03945320844208391,0.33037608806864915,0.630170703489267
back in my day you could get 3 books for ten dollars,neither,0.036226192227534426,0.39028751673275025,0.5734862910397153
I remember buying Peanuts paperback collections new at newstands for 35 cents. I remember it because once I got a silver war nickel in change.,neither,0.037024490316514155,0.3094413394874934,0.6535341701959924
B.Dalton's. Crown Books. Star Books. Border's. All gone. Only B&N remains.,neither,0.04248339372033762,0.3289473797664519,0.6285692265132106
"Do they say ""hello fellow human teenagers"" because that's a dead giveaway usually.",neither,0.09980357333364416,0.26285935949223577,0.63733706717412
There are a still a few good local stores depending where you are,neither,0.08617432091265517,0.26484000519632866,0.6489856738910161
The only time i payed attention to the YA section of the book store was to find the CYOA style game books!,neither,0.04729471066234112,0.3567308406122175,0.5959744487254415
hrpgSub hrpgHyperHype gandsSubHype ramaHype,neither,0.03945320844208391,0.33037608806864915,0.630170703489267
i remember skipping from youth group to read star wars books at b. daltons,neither,0.0429359355455698,0.3314907927962273,0.625573271658203
my Pike books came from a salvation army book crate,neither,0.03184906189456228,0.3800325974818138,0.588118340623624
"Remember Me is the only Pike one I remember reading, although I probably read a few of the others",neither,0.03754163011304374,0.35667134123762634,0.60578702864933
Aliza is like.. ew what,neither,0.07560093801611491,0.3384331250055071,0.5859659369783781
XD,neither,0.03945320844208391,0.33037608806864915,0.630170703489267
How soon is Critcal Role? Don't know what time zone they're in.,neither,0.061822632117191335,0.3190346264280501,0.6191427414547587
PST,neither,0.03945320844208391,0.33037608806864915,0.630170703489267
@HotNuttz00 3 hours,neither,0.03945320844208391,0.33037608806864915,0.630170703489267
!clock,neither,0.03945320844208391,0.33037608806864915,0.630170703489267
It is currently 4:16 PM at the Geek & Sundry studio in California.,neither,0.05241628747976011,0.3295153497674202,0.6180683627528196
http://www.wheniscriticalrole.com/,neither,0.0364481805509037,0.2303424311669227,0.7332093882821735
Daaaamn the hosts have so gorgeous hair!!,neither,0.03827231669411453,0.35818722002962705,0.6035404632762584
What about the Final Countdown?,neither,0.04285122314731635,0.3382665681484877,0.618882208704196
"Well, 2 hours 45 minutes",neither,0.03945320844208391,0.33037608806864915,0.630170703489267
kaypikeHB kaypikeHB kaypikeHB kaypikeHB kaypikeHB kaypikeHB kaypikeHB,neither,0.03945320844208391,0.33037608806864915,0.630170703489267
Happy Birthday!,neither,0.03945320844208391,0.33037608806864915,0.630170703489267
Re hrpgSub hrpgHyperHype gandsSubHype ramaHype,neither,0.10802165902134243,0.2484119200751343,0.6435664209035233
The Last Airbender??,neither,0.03783635148722589,0.30010467044151773,0.6620589780712564
Cumplianos Felize [spelling nope],neither,0.03945320844208391,0.33037608806864915,0.630170703489267
"good point on that one, jody. it's never the last and it is not final. :)",neither,0.03354415890301839,0.3725310389926946,0.5939248021042872
okay thanks peeps,neither,0.037462373582609836,0.3137050932665594,0.6488325331508308
Happy birthday! <3,neither,0.03945320844208391,0.33037608806864915,0.630170703489267
"welp I ruined my tea, good job Mellie ><",neither,0.031938675711610645,0.3839403601175583,0.5841209641708311
Can't wait for the next battle royal to start,neither,0.038662721924980194,0.3025789705847905,0.6587583074902293
"When I was a teen I used to avoid Christopher Pike, due to being too obsessed with RL Stine (before Goosebumps came out when he was just doing YA) and I had this impression that Stine was somehow ""better""",offensive_language,0.023919620329384834,0.49142757414484073,0.48465280552577433
yeah airbending is cool :) firebending is fun too :),neither,0.03576361043601251,0.4271813059871225,0.537055083576865
:-),neither,0.03945320844208391,0.33037608806864915,0.630170703489267
"Help G&S make great content! $4.99/month gets you emotes, Minecraft server access, Sub Only VODs, and more! Every sub keeps the channel alive! twitch.tv/geekandsundry/subscribe",neither,0.043907990691603095,0.31135964332838284,0.644732365980014
"feliz cumpleaños, you mean, cho?",neither,0.058881103242470686,0.38456904317776064,0.5565498535797687
"(i sure didnt have to look up how to type an accented letter, nope)",neither,0.04289643666673693,0.4394659801339897,0.5176375831992734
finally captivated for abit apart from sport,neither,0.035452819918508585,0.29286584906996577,0.6716813310115256
sounds legit,neither,0.03945320844208391,0.33037608806864915,0.630170703489267
as one does.,offensive_language,0.021442608589829194,0.5345041448956467,0.44405324651452405
"This coming weekend the channel will be live on Saturday from 10am to 8pm with Maze Arcana's Celebrity ChariD20 AND! on Sunday we will be live with the Shield of Tomorrow, Star Trek Online play-along from 11am!",neither,0.035944295198834623,0.31492876168803685,0.6491269431131286
"Vulture souls in human bodies don't murder people, they wait for someone else to murder you then eat the body, don't they?",neither,0.11565408362553327,0.25353932880468194,0.6308065875697848
Maybe there's another killer out there.,neither,0.06851397950501635,0.22852514719870554,0.7029608732962781
