text,top_class,hate_speech,offensive_language,neither
"@VexedAndPerplexed wingardium leviosa, you are.",neither,0.3074667772907956,0.2930344039624175,0.399498818746787
@cinphoria I would never spy on someone who identifies so much with ancient interdimensional demon gods.,neither,0.02850837386785714,0.43335668094648955,0.5381349451856533
@knightly2u That is an excellent question. I shall investigate!,neither,0.04204689790037275,0.3515502730244277,0.6064028290751996
Slytherins and Hufflepuffs will take over the world,neither,0.036003010686810596,0.2510184179891737,0.7129785713240158
brizBrizzy brizBrizzy,neither,0.03945320844208391,0.33037608806864915,0.630170703489267
Looks like I've FOUND my hufflepuff bretheren,neither,0.01660546218872041,0.4071956537227944,0.5761988840884852
@misssunflower94 yes it's true,neither,0.037673855013443565,0.33098808930608214,0.6313380556804743
"@Ozai75 whoops I think you mean ""Hufflepuffs are TOO GOOD for the toher houses""",neither,0.062462894693633995,0.2904855635979136,0.6470515417084525
@Ozai75 Sounds like someone's jealous of how near the kitchen we are.,neither,0.06354837121124902,0.3007800841973723,0.6356715445913786
@Zismarith :*,neither,0.03945320844208391,0.33037608806864915,0.630170703489267
Woo,neither,0.03945320844208391,0.33037608806864915,0.630170703489267
BOOO,neither,0.03945320844208391,0.33037608806864915,0.630170703489267
gandsSubHype gandsSubHype gandsSubHype gandsSubHype gandsSubHype,neither,0.03945320844208391,0.33037608806864915,0.630170703489267
Hi everyone!,neither,0.032490659208996964,0.4485487193596734,0.5189606214313296
,neither,0.03945320844208391,0.33037608806864915,0.630170703489267
they so cute,neither,0.04250257609788716,0.3521937481630569,0.605303675739056
@Fiend_in_a_rainbow_beanie yaaay!,neither,0.03945320844208391,0.33037608806864915,0.630170703489267
Ah I'm still taking the test!,neither,0.037895993627481965,0.32913522831750164,0.6329687780550165
Gryffindor SUX,neither,0.03945320844208391,0.33037608806864915,0.630170703489267
gandsSubHype gandsSubHype gandsSubHype,neither,0.03945320844208391,0.33037608806864915,0.630170703489267
Look at Taliesin's wand lol,neither,0.029114879276481376,0.45361294954628917,0.5172721711772293
Hi Wizards,neither,0.03945320844208391,0.33037608806864915,0.630170703489267
@Zismarith I can't tell you how pleased I am to have this reputation.,neither,0.059934883064648344,0.37074301437109697,0.5693221025642548
Talisen!,neither,0.03945320844208391,0.33037608806864915,0.630170703489267
"ew gross, the gryffindork common room.",neither,0.03878689103601992,0.31826405774129873,0.6429490512226813
Brizzy! :),neither,0.03945320844208391,0.33037608806864915,0.630170703489267
Library Bards HYPE!!!!!!,neither,0.03945320844208391,0.33037608806864915,0.630170703489267
Woo!!!!,neither,0.03945320844208391,0.33037608806864915,0.630170703489267
oooooh! I love magicians,neither,0.03217296676969875,0.3657703709031763,0.602056662327125
Talisen Slytherin PRIDE <3,neither,0.03945320844208391,0.33037608806864915,0.630170703489267
!whodat,neither,0.03945320844208391,0.33037608806864915,0.630170703489267
"Erika Ishii ( twitter.com/erikaishii ), Taliesin Jaffe ( twitter.com/executivegoth ), Magician: John Clougherty ( twitter.com/twohatsjohnny ), Jeremy Walker ( twitter.com/JWalkerScene ), Bonnie Gordon ( twitter.com/BonnieBellG ), Kate Elliot ( twitter.com/katerstweets ), Xander Jeanneret ( twitter.com/Xanderrific ), Anna Brisbin ( twitter.com/BrizzyVoices ), Ash Minnick ( twitter.com/observeNproject ), Joseph Limbaugh ( twitter.com/overdroid )",neither,0.03866470262099275,0.4701883989265361,0.4911468984524712
their robes look bomb.com.hype,neither,0.040870638494867155,0.32988856887638784,0.629240792628745
"@knightly2u Apparently the term ""Warlock"" carried special meaning. Wizards of high power and magic skills.",neither,0.05023220442453926,0.3340171759629718,0.6157506196124889
gather your magic,neither,0.06817424763289938,0.32240213578689964,0.609423616580201
@autisticcosplay I'm a Gryffindor :(,neither,0.03945320844208391,0.33037608806864915,0.630170703489267
Hai mah peeps <3 <3 <3,neither,0.03945320844208391,0.33037608806864915,0.630170703489267
The Bards Are Here! The Bards Are Here!,neither,0.27027350877397727,0.1501831020527835,0.5795433891732392
Brizzy!!!,neither,0.03945320844208391,0.33037608806864915,0.630170703489267
"@cinphoria For some reason, I know.",neither,0.024300536315948005,0.31117662900744764,0.6645228346766044
It's JWalker! YAY!,neither,0.03761218770134201,0.33100929952250563,0.6313785127761523
gather your potter xD,neither,0.06524029444393677,0.3232213912842776,0.6115383142717856
Is that a Ravenclaw tie on Taliesin? Or a slytherin tie? Can't tell,neither,0.040094144393855835,0.3600153908292102,0.599890464776934
Of course Erika has a Prefect badge. Miss Goodietwoshoes. :D,neither,0.03421121973953222,0.3267223325385972,0.6390664477218705
<3,neither,0.03945320844208391,0.33037608806864915,0.630170703489267
Xander+Bonnie=WIN!,neither,0.03945320844208391,0.33037608806864915,0.630170703489267
In Ash i Believe!,neither,0.03945320844208391,0.33037608806864915,0.630170703489267
@littlelilaclullaby It's Slytherin!,neither,0.034373745257138544,0.33212314837979673,0.6335031063630647
so many gryffindors,neither,0.039413129245513115,0.4120595004619746,0.5485273702925123
The BEST house.,neither,0.03721661212530369,0.29986982197877515,0.6629135658959212
#PotterParty,neither,0.03945320844208391,0.33037608806864915,0.630170703489267
@Ozai75 eyeee the second best house. Yay!,neither,0.03801091549501028,0.3110126676225411,0.6509764168824486
i think talisen is slytherin @littlelilaclullaby,neither,0.06033608231040822,0.3049013581527986,0.6347625595367932
Is that brizzy?,neither,0.05154613418987003,0.42924314326430335,0.5192107225458266
im disappointed not one Gandolf gandsHecBird,neither,0.036522791179386345,0.39797215293013516,0.5655050558904786
Library Bards are Hufflepuffs. Puffs UNITE!,neither,0.056744991344603195,0.2985456940809757,0.644709314574421
@sweetnspicy4u it is!,neither,0.059603583318096655,0.32344545014120724,0.616950966540696
@vexedandperplexed my point exactly ðŸ˜,neither,0.027237692673092586,0.4265869464467578,0.5461753608801495
"Erika has the history all right -- then again, Erika is utterly A M A Z I N G ! ! ! ! ! !",neither,0.04358473182866872,0.39284497153639725,0.5635702966349341
"wait, is Taliesin a death eater?",neither,0.046644738850797694,0.3279025909891325,0.6254526701600698
the skull!,neither,0.03839939302560993,0.311011251109799,0.6505893558645911
the third movie is THE BEST movie,neither,0.04603015514786814,0.2532529032323698,0.7007169416197621
@shidareAKI I'm so down for puffs being Library Bards omg. I love it!,neither,0.03018195482631072,0.36402828142621324,0.6057897637474761
the movies are ok. the books are so much better IMO,neither,0.06720059542871609,0.28309628016595173,0.6497031244053321
@autisticcosplay ........Point made.,neither,0.03945320844208391,0.33037608806864915,0.630170703489267
"I just finished the test, Hufflepuff!!!",neither,0.034260870815341946,0.3350371619294287,0.6307019672552294
@bloody_albatross SOME SLYTHERINS ARE JUST GOTHS JEEZ,neither,0.05497859311406463,0.31319122659112997,0.6318301802948054
the third book is one of my favorite books too,neither,0.03505972901943181,0.39615797711790457,0.5687822938626638
i was a wee lil lad when i started my first book :D,neither,0.02361857159535351,0.4164411397362404,0.5599402886684061
I wish i was there,neither,0.039219558448889726,0.27641357218754686,0.6843668693635633
"I thought so, Thanks ðŸ™‚",neither,0.040603609137935634,0.23857221732201314,0.7208241735400512
@bloody_albatross the books are ALWAYS better tbh,neither,0.05798870171918386,0.324219417867272,0.617791880413544
@littlelilaclullaby of course we are,neither,0.07336998460571685,0.2771080298341775,0.6495219855601057
"one of us, one of us!",neither,0.11121653609102863,0.3609560450326342,0.5278274188763372
.. um prisoner of Azkaban was the movie I liked the least..,neither,0.03967164695609851,0.2810196408133886,0.6793087122305129
@VexedAndPerplexed that was a joke!,neither,0.034254191840665915,0.38820097946740495,0.5775448286919292
amongst fellow nerds,neither,0.03945320844208391,0.33037608806864915,0.630170703489267
The first Harry Potter novel was boring!,neither,0.03363175714980993,0.3217514017770922,0.6446168410730979
cinphoria the skull on the wand though!,neither,0.03537804098966927,0.3136966037842494,0.6509253552260814
@autisticcosplay I know! It's still true though lmao,neither,0.0363645255385056,0.3611806783352987,0.6024547961261956
I was in first grade and picked up the first book. I've been hooked ever since lol,neither,0.01893342004337598,0.34774954509055866,0.6333170348660653
@bloody_albatross MAN US GOTH SLYTHERINS JUST GET NO BREAKS,neither,0.06147191580948537,0.4049763539824499,0.5335517302080647
Tal! Erica! Introduce your party to us!,neither,0.09773514769320919,0.3146545983032326,0.5876102540035582
!uptime,neither,0.03945320844208391,0.33037608806864915,0.630170703489267
"The only thing that disappointed me about Harry Potter was I hoped it would lead to it being easier to find the books I was missing from ""The Worst Witch"" series. Sadly... not so much.",neither,0.03589539281827319,0.33027168837962295,0.6338329188021039
#CreamSoda,neither,0.03945320844208391,0.33037608806864915,0.630170703489267
i share my Bday with Potter and Radcliff :D,neither,0.02404269091302995,0.38854882836816923,0.5874084807188007
Bonnie and Brizzy rule! <3,neither,0.038434791122928746,0.27695075939240005,0.6846144494846712
"@knightly2u Me too. Pretty confusing. Book was easier, as I understand it.",neither,0.03283824941969735,0.37878635404512995,0.5883753965351727
Somebody find Lark Sage,neither,0.043346341532600134,0.2459730935544765,0.7106805649129234
:P,neither,0.03945320844208391,0.33037608806864915,0.630170703489267
"god, harry potter was my childhood. its literally shaped my entire life",neither,0.02501673149454771,0.4428290565012932,0.5321542120041591
@VexedAndPerplexed how do you sarcasm with emojis?!,neither,0.04357913495178924,0.42492897615990527,0.5314918888883055
@rhinanon 2 mins.,neither,0.03945320844208391,0.33037608806864915,0.630170703489267
Back in the saddle again. #Slytherin Pride.,neither,0.03689094989595103,0.34472448543309686,0.6183845646709522
"extract? Erika, yer leaving out the best part of the Rum when you blend it up that-a-way!",neither,0.03314055830976068,0.41942522915424935,0.54743421253599
cinphoria I mean I guess the snake is missing to make it a dark mark,neither,0.04665397204697889,0.32026009665415756,0.6330859312988636
Library Bards are the adorablest 'Puffs,neither,0.05981166750544295,0.27901552814373076,0.6611728043508263
of course Erika makes her own butterbeer,offensive_language,0.0519168735568226,0.5281422133794693,0.4199409130637081
"you can find this recipe online, it's really good",neither,0.053885370248651976,0.29088988851630576,0.6552247412350423
"Seeing Ash at G&S, always makes me happy!",neither,0.03253341836518848,0.413546699145432,0.5539198824893796
Bonnie's gonna love that! It's Cream Soda!,neither,0.03211396276597341,0.41553728697588466,0.5523487502581419
@bloody_albatross :P,neither,0.03945320844208391,0.33037608806864915,0.630170703489267
harry potter had a direct influence on decisions i made over like a 10 year part of my life,neither,0.03416044959131379,0.4098091795824357,0.5560303708262506
@bloody_albatross ily,neither,0.03945320844208391,0.33037608806864915,0.630170703489267
:*,neither,0.03945320844208391,0.33037608806864915,0.630170703489267
@zismarith thank you for understanding!,neither,0.04698574688446951,0.34636042975834364,0.6066538233571868
we love y'all too ;),neither,0.03722510195182616,0.4650567742419268,0.497718123806247
i'll be a slytherin with tal (i'm on the line between slytherin and ravenclaw),neither,0.0290775469346979,0.3287781728462051,0.6421442802190971
No Fire Whiskey? As a Scottish Wizard all I an say is FOR SHAME!,neither,0.0394281006939231,0.3734931169913623,0.5870787823147146
cinphoria :),neither,0.03945320844208391,0.33037608806864915,0.630170703489267
LUL katers,neither,0.03945320844208391,0.33037608806864915,0.630170703489267
Re hrpgSub hrpgHyperHype gandsSubHype ramaHype,neither,0.10802165902134243,0.2484119200751343,0.6435664209035233
so many puffs here I'm happy,neither,0.07826249360441535,0.3352007236614465,0.5865367827341382
colour behaviour,neither,0.03945320844208391,0.33037608806864915,0.630170703489267
oh burn haha,neither,0.046848709220262574,0.24804800522122541,0.705103285558512
oh snap,neither,0.04610041286253887,0.2676795543969371,0.6862200327405242
Here comes the shaaaaade,neither,0.1140079383939047,0.2548459408580536,0.6311461207480417
I guess I read the UK version then,neither,0.03843793310119173,0.3223715135366397,0.6391905533621687
It's a fair counterpoint,neither,0.03750910659539627,0.3310447538416866,0.6314461395629172
colour honour both right way,neither,0.03871901672777561,0.3471149096210092,0.6141660736512153
only those colonies. us Canadians got the REAL book title ;),neither,0.08180187834256777,0.38040555728615966,0.5377925643712724
Hello.,neither,0.03945320844208391,0.33037608806864915,0.630170703489267
I hate harry potter *goes full grumpy smurf*,neither,0.1431610279568114,0.26574482934222665,0.591094142700962
@misssunflower94 Me too! I've never seen this many puffs in one place before lol. It makes me so happy,neither,0.017157322309397906,0.447427175408076,0.5354155022825261
"colour, behaviour, Trevour",neither,0.03945320844208391,0.33037608806864915,0.630170703489267
@cinphoria Heck yeah Canada!,neither,0.026102677142289955,0.4213169714981668,0.5525803513595431
"@GeekandSundry Taliesin, thank you for repping the BEST house, Slytherin. <3",neither,0.043795255476234966,0.32392068099149096,0.6322840635322742
what? so for this!,neither,0.037362170773377036,0.34605309689834746,0.6165847323282756
@cinphoria I think it was only the US got the different one,neither,0.065231202365905,0.35454827431134506,0.5802205233227499
Puff-Puff-giiiiive!,neither,0.03945320844208391,0.33037608806864915,0.630170703489267
ravenclaw!,neither,0.03945320844208391,0.33037608806864915,0.630170703489267
vidjus,neither,0.03945320844208391,0.33037608806864915,0.630170703489267
!whodat,neither,0.03945320844208391,0.33037608806864915,0.630170703489267
"Erika Ishii ( twitter.com/erikaishii ), Taliesin Jaffe ( twitter.com/executivegoth ), Magician: John Clougherty ( twitter.com/twohatsjohnny ), Jeremy Walker ( twitter.com/JWalkerScene ), Bonnie Gordon ( twitter.com/BonnieBellG ), Kate Elliot ( twitter.com/katerstweets ), Xander Jeanneret ( twitter.com/Xanderrific ), Anna Brisbin ( twitter.com/BrizzyVoices ), Ash Minnick ( twitter.com/observeNproject ), Joseph Limbaugh ( twitter.com/overdroid )",neither,0.03866470262099275,0.4701883989265361,0.4911468984524712
#ravenclawrules,neither,0.03945320844208391,0.33037608806864915,0.630170703489267
I'm so excite for magician!,neither,0.034527049109514006,0.3396258729569878,0.6258470779334981
Jedi mind tricks :D,neither,0.03945320844208391,0.33037608806864915,0.630170703489267
@a_few_more_goth yep. it was just the US. cue many years of making fun of US Potterheads :P,neither,0.0774938607557015,0.3197058807201654,0.6028002585241332
OMG BRIZZY!,neither,0.03945320844208391,0.33037608806864915,0.630170703489267
We have 3/5 of the Madness cast tonight. I am soooo pleased.,neither,0.03703573367922065,0.31554521338456604,0.6474190529362133
just spotted her :p,offensive_language,0.026301969556891715,0.5824499974124806,0.3912480330306276
Wait is there anyone IN the cast repping Hufflepuff ???,neither,0.044082845010878696,0.2907707137674708,0.6651464412216505
"I am simultaneously watching Sam Witwer's Star Wars RPG, Pencils & Parsecs on Hyper RPG, and Gather Your Wizards on Geek & Sundry. I may go insane. #toomanytabs",neither,0.04800935553241727,0.31404248780372923,0.6379481566638535
https://twitter.com/KatersTweets/status/939354733097054209,neither,0.038839322835287696,0.43150949317999215,0.5296511839847202
do any of my fellow slytherins know where to get a good robe?,neither,0.0368899099176875,0.3691730661084388,0.5939370239738738
"OMG, I just noticed Brizzy!!! <3 <3 <3",neither,0.034714100515170807,0.3527864802325126,0.6124994192523167
@littlelilaclullaby Library Bards and Kate!!,neither,0.038754217059340755,0.29544860789974065,0.6657971750409186
Party Foul,neither,0.03945320844208391,0.33037608806864915,0.630170703489267
YAY,neither,0.03945320844208391,0.33037608806864915,0.630170703489267
#ThirstyCouch,neither,0.03945320844208391,0.33037608806864915,0.630170703489267
We need a Harry Potter RPG video game,neither,0.0423867211853965,0.23535676153173565,0.722256517282868
Magic'll clean it.,neither,0.038064497813687495,0.33085372933391727,0.6310817728523952
Is Taliesin our only on screen Slytherin.,neither,0.0444774286955476,0.34126372411179784,0.6142588471926546
"Oh, it's Ash!",neither,0.04321078882581606,0.27966346006734805,0.6771257511068358
hahaha :D Sparkles are noice,neither,0.06444357755829318,0.2867458698433991,0.6488105525983078
LOL good intro Ash xD,neither,0.032919533064370635,0.3738550296444517,0.5932254372911776
Taliesin are you eating your wand,neither,0.2570114518689918,0.28683011218585786,0.4561584359451503
why are you doing that,neither,0.0733184225457061,0.4129198654344388,0.5137617120198551
we have ash jcvimHearts jcvimHearts,neither,0.03874422386797017,0.34240940659365454,0.6188463695383754
wearing my hufflepuff onesie cause hufflepuffs are amazing,neither,0.046394514577046235,0.3980749937739497,0.5555304916490039
bless you,neither,0.06637703555667432,0.4035321832267536,0.5300907812165722
The wand smells like magic,neither,0.04903301033455815,0.3287398580681976,0.6222271315972443
@SprlngheelJack he is more than enoguh! i nominate taliesin as head slytherin boy!,neither,0.05040806580596703,0.37992136602891924,0.5696705681651137
what are they drinking?,neither,0.08365635764055836,0.26980273646945335,0.6465409058899884
"@cinphoria sure looks like he's trying to, lol",offensive_language,0.04686748406656397,0.5070585135720532,0.44607400236138295
Wands are tasty!,neither,0.07187469396139935,0.27634098980219296,0.6517843162364078
He just wants to eat skulls,neither,0.04567086869697481,0.34329460252020433,0.6110345287828207
"I so love Ash, she is such a wonderful person!",neither,0.04394376391976033,0.42539424267472,0.5306619934055197
ah yes @TheGoblinKing86 obviously,neither,0.03945320844208391,0.33037608806864915,0.630170703489267
@cinphoria don't bring it to his attention he might stop,neither,0.07407019181836165,0.38873512116063463,0.5371946870210037
Ravenclaw for life,neither,0.02522931482244852,0.38327772064729315,0.5914929645302583
Mostly butter beer,neither,0.03945320844208391,0.33037608806864915,0.630170703489267
BRIZZY,neither,0.03945320844208391,0.33037608806864915,0.630170703489267
That's enough paper towels to start a bathroom!,neither,0.041094761199939045,0.3553421708400434,0.6035630679600175
HI Jeremy!!!,neither,0.03945320844208391,0.33037608806864915,0.630170703489267
@killedbymoonfire Butterbeer? I think?,neither,0.04078787600207219,0.3077232963708793,0.6514888276270485
@misssunflower94 xD,neither,0.03945320844208391,0.33037608806864915,0.630170703489267
Jeremy! gandsLessthanthree,neither,0.03945320844208391,0.33037608806864915,0.630170703489267
ah...,neither,0.03945320844208391,0.33037608806864915,0.630170703489267
MADNESS!!!!\,neither,0.03945320844208391,0.33037608806864915,0.630170703489267
imagine brizzy on Critical Role,neither,0.037217551439745554,0.3410534747654733,0.6217289737947811
MADNESS gandsSubHype gandsSubHype,neither,0.03945320844208391,0.33037608806864915,0.630170703489267
"10 poionts for Gryfthefhuffleclaw! Morning (or whatever fits best to your timezone), all",neither,0.06944919533495984,0.24288808335182605,0.6876627213132142
madness!!!,neither,0.03945320844208391,0.33037608806864915,0.630170703489267
yay Jeremy!!,neither,0.03945320844208391,0.33037608806864915,0.630170703489267
#FenlyProtects,neither,0.03945320844208391,0.33037608806864915,0.630170703489267
I thought so but it looks nothing like the ones I see on videos,neither,0.04068523598132094,0.33700473635861505,0.622310027660064
yeeees Jeremy is so deep into the G&S family now we've got him forever,neither,0.027504137968519665,0.3610342690774734,0.6114615929540069
bwahaha,neither,0.03945320844208391,0.33037608806864915,0.630170703489267
Jeremy is OURS :D,neither,0.046565519065701666,0.327929838305898,0.6255046426284003
Hi Taliesin!,neither,0.03945320844208391,0.33037608806864915,0.630170703489267
OH CHAT I HAVE AN IDEA,neither,0.04379970663671916,0.2900662399793469,0.6661340533839339
"Muggles, represent!",neither,0.03945320844208391,0.33037608806864915,0.630170703489267
Xander! <3,neither,0.03945320844208391,0.33037608806864915,0.630170703489267
Xander gandsLessthanthree,neither,0.03945320844208391,0.33037608806864915,0.630170703489267
Praise Our Lord and Savior Fenly. He died for your sins! #ProtectFenly #FenlyProtectUs,neither,0.054025385128145,0.2861592033746462,0.6598154114972089
let's change our chat names to our house colours for this show,neither,0.03704886763982018,0.28660307665615886,0.6763480557040209
TEDDY!,neither,0.03945320844208391,0.33037608806864915,0.630170703489267
:D,neither,0.03945320844208391,0.33037608806864915,0.630170703489267
whooo!,neither,0.03945320844208391,0.33037608806864915,0.630170703489267
Xander just became my favorite person ever,neither,0.027386006132641524,0.41591885177628,0.5566951420910784
Library Bards <3,neither,0.03945320844208391,0.33037608806864915,0.630170703489267
oh nooooo Teddy,neither,0.044097329118964586,0.28593878915207666,0.6699638817289588
@shidareAKI help me pimp? ;),neither,0.0316583557540158,0.37282600690521006,0.5955156373407741
I'm cry,neither,0.03945320844208391,0.33037608806864915,0.630170703489267
!whodat,neither,0.03945320844208391,0.33037608806864915,0.630170703489267
"Erika Ishii ( twitter.com/erikaishii ), Taliesin Jaffe ( twitter.com/executivegoth ), Magician: John Clougherty ( twitter.com/twohatsjohnny ), Jeremy Walker ( twitter.com/JWalkerScene ), Bonnie Gordon ( twitter.com/BonnieBellG ), Kate Elliot ( twitter.com/katerstweets ), Xander Jeanneret ( twitter.com/Xanderrific ), Anna Brisbin ( twitter.com/BrizzyVoices ), Ash Minnick ( twitter.com/observeNproject ), Joseph Limbaugh ( twitter.com/overdroid )",neither,0.03866470262099275,0.4701883989265361,0.4911468984524712
Hey Ya'll,offensive_language,0.02353836635048218,0.6242375217559268,0.3522241118935911
Taliesin does have the best laugh,neither,0.02479361096404227,0.43924307821848885,0.535963310817469
Teddy!!,neither,0.03945320844208391,0.33037608806864915,0.630170703489267
@cinphoria way ahead of you lol,neither,0.046714771340499874,0.44639295979960325,0.506892268859897
@cinphoria how do you change your chat name???,neither,0.09175321664591402,0.3617411030257144,0.5465056803283715
Feeeeelz,neither,0.03945320844208391,0.33037608806864915,0.630170703489267
@cinphoria YOU ARE A GENIUS,neither,0.11296217169430528,0.32526297038273694,0.5617748579229579
are they required to pose everytime? like lightning from a haunted house?,neither,0.08152616262028022,0.2871471237835193,0.6313267135962005
i was into it and then i was sad,neither,0.03728555911019678,0.29870251689596966,0.6640119239938335
"I so love Xander and Bonnie, they are such a musical duo!",neither,0.05322780753011618,0.3070859123465794,0.6396862801233044
@cinphoria I'm sad because mine was the right colour until I had to refresh,neither,0.042421552608256564,0.330490870144434,0.6270875772473095
@chaoticloony That they are.,neither,0.08846459947365261,0.31932190551271866,0.5922134950136287
#ShieldOfTomorrow <3,neither,0.03945320844208391,0.33037608806864915,0.630170703489267
great idea @cinphoria,neither,0.037242253342005344,0.30074158318850774,0.6620161634694869
Hey Brizzy,neither,0.03945320844208391,0.33037608806864915,0.630170703489267
#TeamCreamSoda,neither,0.03945320844208391,0.33037608806864915,0.630170703489267
HA. FOUND IT.,neither,0.037778274849426016,0.33095217453625325,0.6312695506143207
*jazz hands*,neither,0.03945320844208391,0.33037608806864915,0.630170703489267
I just wanted to say to Anna that she is a truly talented voice actor and my favorite Ravenclaw. <3,neither,0.03911597449288277,0.4240254425011401,0.536858583005977
Hello All!,neither,0.04217753453783664,0.43734383323855475,0.5204786322236087
I like that idea... I guess this is close enough to Hufflepuff yellow,neither,0.02210421772280757,0.07501415824082472,0.9028816240363677
Brizzy!!,neither,0.03945320844208391,0.33037608806864915,0.630170703489267
Im a Pukwudgie...,neither,0.03732396775172632,0.41122202234291466,0.5514540099053589
Eyyyyy my names Anna too :D Yay!,neither,0.029014783651331148,0.41303993838053804,0.5579452779681308
Omg her name is Anna??,offensive_language,0.03689970197209347,0.5851032227648078,0.37799707526309867
y'all skipped chief,neither,0.04106880903013808,0.3955918468521524,0.5633393441177096
that's dedication,neither,0.03476908919624869,0.38150422245866583,0.5837266883450856
