text,top_class,hate_speech,offensive_language,neither
Snacks for Sax,neither,0.03203780872634192,0.2933858362869704,0.6745763549866877
"Danoba, git in yar hole",neither,0.03945320844208391,0.33037608806864915,0.630170703489267
"Q showed up did some shenanigans the pull happened again, they kicked some klingon ass, found a busted satellite and found the scottish lady there",offensive_language,0.06589831642204977,0.7009235831505538,0.23317810042739637
"@Bazag hmm yeah, im still trying to get a hang of it as i rlly wanna do the sw universe - books are fun to read at least",neither,0.043208441925029435,0.3958158505358346,0.560975707539136
"@talahar I thought they would but then, microphones o.O",neither,0.038389033657928985,0.22415114366884276,0.7374598226732282
Satine is very easy to spot :P,neither,0.05404085396978826,0.32388582875602123,0.6220733172741906
@bitgod haha.,neither,0.03186685585600258,0.45913629025701075,0.5089968538869867
"last week was tons of fun, the Q and A was great and the crossover was hilarious",neither,0.03701344088079766,0.2680874874269653,0.694899071692237
wow new screen!,neither,0.04324218024734777,0.2356761776306674,0.7210816421219848
aaaand Hiya Eric!,neither,0.03945320844208391,0.33037608806864915,0.630170703489267
"jo will be back today, so hyped :D",neither,0.039615682863691985,0.3305105948633699,0.6298737222729383
"@talahar like, I don't know how they can manage to both project AND not blow our ears out when they're just talking",neither,0.044507623003754666,0.3439298185763927,0.6115625584198527
"basically they tried to hack something and it exploded on the,",neither,0.03978007592948298,0.2983244114043873,0.6618955126661298
Several to bean up!,neither,0.04294127482647638,0.37436292522470266,0.5826957999488209
*them,neither,0.09030710510890627,0.3048958638649268,0.6047970310261669
Woo!,neither,0.03945320844208391,0.33037608806864915,0.630170703489267
Hi Eric! love the DM screen,neither,0.0367519382308443,0.3280778450405382,0.6351702167286175
juliaW juliaW juliaW juliaW juliaW juliaW,neither,0.03945320844208391,0.33037608806864915,0.630170703489267
Thanks everyone,neither,0.030216122769311023,0.43073272795177925,0.5390511492789097
"@Danoba hey man, any luck with the package this week?",neither,0.03153646376916445,0.38497480008431184,0.5834887361465236
"Oooo, the proper GM Screen looks amazing",neither,0.03884931059626115,0.3194164618576111,0.6417342275461277
hey everyone ! heres to another great night/episode with a great community/show. Trying to get over a nasty headcold so hoping I can stay awake for tonights episode,neither,0.04750332783400892,0.3160416938063999,0.6364549783595913
Hello! :D,neither,0.03945320844208391,0.33037608806864915,0.630170703489267
gandsReally jcvimHype,neither,0.03945320844208391,0.33037608806864915,0.630170703489267
Yeah that's a nice screen,neither,0.021766189605581694,0.46820295668642636,0.5100308537079921
"microphones are for us, projection for the players :p",neither,0.09297015457858607,0.22339985049316996,0.6836299949282441
We out here LIVE,neither,0.10283716094942372,0.30252464026803366,0.5946381987825426
is that a new DM screen?,neither,0.04706502000827655,0.28171079745837424,0.6712241825333491
"@tomservo544 They found the sekret base, she was in a cryo pod, they tried to hack the puters, it exploded the station and nearly killed them all.",neither,0.04783885402446208,0.3514382585495823,0.6007228874259556
hello everyone! :D,neither,0.03269494828970791,0.4450814005079928,0.5222236512022994
very nice screen!,neither,0.03945320844208391,0.33037608806864915,0.630170703489267
Summery?,neither,0.03945320844208391,0.33037608806864915,0.630170703489267
JCVIM!!,neither,0.03945320844208391,0.33037608806864915,0.630170703489267
Hey Alk! @ALK824,neither,0.03945320844208391,0.33037608806864915,0.630170703489267
"hey, the Scottish is back!",neither,0.04974236467598125,0.30495179525423344,0.6453058400697854
@talahar hello ! =D,neither,0.03945320844208391,0.33037608806864915,0.630170703489267
"@ozai75 thanks, I appreciate it",neither,0.035659617760320166,0.31158820442574925,0.6527521778139306
@Impossiblegirl11 jcvimHi,neither,0.03945320844208391,0.33037608806864915,0.630170703489267
i've missed Jim.,neither,0.01946210599358013,0.312201429313271,0.6683364646931489
Hi everyone!,neither,0.032490659208996964,0.4485487193596734,0.5189606214313296
I wonder if Sam will be excited tonight. ;),neither,0.025923013912911016,0.33773683352146683,0.6363401525656222
gandsSubHype gandsSubHype gandsSubHype gandsSubHype gandsSubHype,neither,0.03945320844208391,0.33037608806864915,0.630170703489267
@Impossiblegirl11 I saw you streaming Hearthstone earlier! I hope you won lots!,neither,0.09595401125052923,0.31126716559143963,0.5927788231580311
"@talahar right, but what I'm saying is, the microphones are RIGHT there by their faces. how can they both project so they can hear each other and not blow out the mics?",neither,0.045051336262812,0.3222748465169932,0.6326738172201949
Tarantino is going to direct a Star Trek movie and Patrick Stewart said he's open to returning as Picard :D,neither,0.05198387684481179,0.3162536187461536,0.6317625044090346
hello there @Ripartist :D,neither,0.03937036753510788,0.27621722592919734,0.6844124065356949
I see a gremlin behind the monitor...,neither,0.03865476730212706,0.3158108761033938,0.6455343565944792
@tomservo544 Welcome. That's a reaaaaaly basic explination,neither,0.03506059550509408,0.3782621112184132,0.5866772932764928
@steelneko if they aren't something is VERY WRONG,neither,0.029780879854220593,0.37367630422410375,0.5965428159216756
gandsReally jcvimHype,neither,0.03945320844208391,0.33037608806864915,0.630170703489267
"If Sam is not excited, be worried",neither,0.029564575165890065,0.3790028258066105,0.5914325990274995
Hey all!,neither,0.04285346742239823,0.46255625023407465,0.49459028234352725
@cinphoria:Monitor speakers,neither,0.03945320844208391,0.33037608806864915,0.630170703489267
@ALK824 lol :D,neither,0.020706217963973744,0.4882283491876925,0.4910654328483337
Awwww. We only get half of Sam's excitement!,neither,0.03901392359878533,0.33783189830151145,0.6231541780997031
This will be most of my contribution to chat tonight: gandsReally jcvimHype,neither,0.034750106852469605,0.3556979019173433,0.6095519912301871
@The_Villain1 She streams regularly on her channel jcvimHype,offensive_language,0.032388417584539426,0.5503655480159513,0.41724603439950925
everyone misses Josephine continuously,neither,0.03464487685656989,0.4119860238203004,0.5533690993231297
@cinphoria good sound techs and monitor speakers,neither,0.03811200345314832,0.2931669318771638,0.668721064669688
gandsReally gandsReally gandsReally @Rocketsoup,neither,0.03945320844208391,0.33037608806864915,0.630170703489267
hi all!!,neither,0.0423466876598404,0.4436528871510691,0.5140004251890904
cheers,neither,0.03945320844208391,0.33037608806864915,0.630170703489267
=/\= Greetings from Starfleet Canada ! =/\=,neither,0.04071751644889743,0.3089174816120565,0.6503650019390461
@cinphoria practice? i have no idea ^^;,neither,0.03820021640616638,0.35164263296680615,0.6101571506270275
jcvimHi,neither,0.03945320844208391,0.33037608806864915,0.630170703489267
"""Rules Summery""?",neither,0.03945320844208391,0.33037608806864915,0.630170703489267
shite ton of fun!,neither,0.03945320844208391,0.33037608806864915,0.630170703489267
PHEW almost missed the show I forgot what time it was,neither,0.05226460394574891,0.27534961010940856,0.6723857859448426
Hey @Danoba any gifts make it to the set today?,neither,0.041334147036588685,0.3021683848545333,0.656497468108878
I missed the play along due to stupid D&D :(,neither,0.10933704180124867,0.2266271373579188,0.6640358208408326
@Impossiblegirl11 jcvimHi,neither,0.03945320844208391,0.33037608806864915,0.630170703489267
How Stella Got Her Gorn Back,offensive_language,0.027062390481528913,0.682089697836345,0.290847911682126
Bonnie tribbles,neither,0.03945320844208391,0.33037608806864915,0.630170703489267
we need to push everyone to stage riht w/how the Lcars overlay is cutting off Sam and Bonnie,neither,0.04713909631066578,0.3533102362269942,0.5995506674623401
!VOD@dndjester,neither,0.03945320844208391,0.33037608806864915,0.630170703489267
gandsFail gandsFail,neither,0.03945320844208391,0.33037608806864915,0.630170703489267
!vod @dndjester,neither,0.03945320844208391,0.33037608806864915,0.630170703489267
VODs are subscriber-only. Subscribe now to unlock access to past videos and highlights at twitch.tv/geekandsundry/videos/all,neither,0.055189305111973244,0.3283360580916387,0.6164746367963879
jcvimLoot jcvimLoot jcvimLoot jcvimLoot jcvimLoot jcvimLoot jcvimLoot jcvimLoot,neither,0.03945320844208391,0.33037608806864915,0.630170703489267
Snorg,neither,0.03945320844208391,0.33037608806864915,0.630170703489267
so why does Sam/Rue break pencils every time Nash's name is mentioned? is it something to do with their backstory?,neither,0.03035831435393962,0.4446112505574088,0.5250304350886515
@HawkeyeNFO Yeah... the proofreading is unfortunae,neither,0.023105827768634006,0.46695256211013153,0.5099416101212343
BONNIE IS A TRIBBLE????,neither,0.081172750358939,0.3160268245287109,0.60280042511235
Tarantino directing Star Trek means we get to see everyone's feet and hear exciting space slurs,neither,0.03883681815601237,0.36142140206828594,0.5997417797757018
eeeeeeeeeeeeeee,neither,0.03945320844208391,0.33037608806864915,0.630170703489267
oh cool,neither,0.04720127955179003,0.2578925924460871,0.6949061280021229
TA-DAAAAA!,neither,0.03945320844208391,0.33037608806864915,0.630170703489267
omg omg omg,neither,0.03945320844208391,0.33037608806864915,0.630170703489267
"i only feel bad for one thing: she regularly sings ""no tribbels!"" :p",neither,0.033128540002765355,0.39032090940656916,0.5765505505906655
OMG,neither,0.03945320844208391,0.33037608806864915,0.630170703489267
dawwwwww,neither,0.03945320844208391,0.33037608806864915,0.630170703489267
"""I am tribble""",neither,0.03902346103501681,0.3305238979082658,0.6304526410567174
that is amazing,neither,0.04468338400483953,0.38105317870292815,0.5742634372922323
!!!,neither,0.03945320844208391,0.33037608806864915,0.630170703489267
The playalong was AWESOME,neither,0.03818015711031299,0.31228682264960766,0.6495330202400793
I have a Bonnie tribble!!!!!!!,neither,0.03788192279475323,0.35704490623261964,0.6050731709726273
Bonnie is a Tribble PogChamp,neither,0.081172750358939,0.3160268245287109,0.60280042511235
I NEED TO LOG ON RIGHT NOW,neither,0.04171060192725947,0.35528391169641127,0.6030054863763292
"man, I have too many tribbkes, someone want more I'll replicate cream soda",neither,0.04039372894842567,0.3717847174529636,0.5878215535986107
is that ryan in the background?,neither,0.0421090006232738,0.35041614539695237,0.6074748539797739
snort++,neither,0.03945320844208391,0.33037608806864915,0.630170703489267
lol Bonnie is too cute! XD,neither,0.040726431306318145,0.36396626498372686,0.595307303709955
"SynapticWanderer -> So, who wants to dance?! [stop spamming caps] [warning]",neither,0.04438505093130038,0.4556782653011176,0.4999366837675821
gandsLessthanthree gandsLessthanthree,neither,0.03945320844208391,0.33037608806864915,0.630170703489267
O...M...G...,neither,0.03945320844208391,0.33037608806864915,0.630170703489267
Snort +1,neither,0.03945320844208391,0.33037608806864915,0.630170703489267
that is so cute,neither,0.048190280928091064,0.4073947249606556,0.5444149941112534
"all about that base, about that base, no tribble",neither,0.03364747035162356,0.45517434794073186,0.5111781817076445
Wow. Two snorts already!,neither,0.03895785785186007,0.3387834803467731,0.6222586618013668
Bonnie is in Tribble?,neither,0.06641223351001371,0.3211036431254501,0.6124841233645363
That's fantastic,neither,0.03476908919624869,0.38150422245866583,0.5837266883450856
snort +2,neither,0.03945320844208391,0.33037608806864915,0.630170703489267
Nice panel Eric,neither,0.03945320844208391,0.33037608806864915,0.630170703489267
I got too excited and my message was deleted >.<,neither,0.029668595464444242,0.39836483320105087,0.5719665713345049
"I will be making that later tonight when I log in, I will have the Bonnie Tribble and cream soda",neither,0.03199631396380373,0.3120259055990817,0.6559777804371145
That DM screen is awesome. I want it,neither,0.041440485404090406,0.3583800172389479,0.6001794973569616
I am logging on to STO right fucking now!!!,offensive_language,0.10578755962366361,0.8889527386402524,0.005259701736083937
Firstime live!,neither,0.04891340716200846,0.3271222919257548,0.6239643009122369
I haven't been able to get it actually make a snorting sound,neither,0.042421165336289444,0.3380404764968864,0.6195383581668242
omg I'm a three month subscriber?,neither,0.03945320844208391,0.33037608806864915,0.630170703489267
The photo of Amy pointing at the description on Twitter is adorable.,neither,0.04008622112488328,0.3909716998186168,0.5689420790565
this is the cutest,neither,0.047610463958096684,0.3110731663472715,0.6413163696946317
that is so awesome lol cant wait to get mine,neither,0.04027863629264508,0.43464467790426764,0.5250766858030873
I am logging on right now I don't even care,neither,0.035890066498048136,0.36550697497711093,0.598602958524841
if it's a Bajoran tribble it must be extra sassy,neither,0.02555633601876733,0.36327986592468775,0.611163798056545
Ensign Ro tribble when?,neither,0.028692651162390014,0.3856877321274756,0.5856196167101344
bidet from Portland,neither,0.04066490145509902,0.30981049537100724,0.6495246031738937
Sorta?,neither,0.03945320844208391,0.33037608806864915,0.630170703489267
Lark Sage > Ro Laren,neither,0.03945320844208391,0.33037608806864915,0.630170703489267
dat shade,neither,0.03945320844208391,0.33037608806864915,0.630170703489267
chief ren rocking the funbuns today <3,neither,0.03787027076464774,0.30403543290699403,0.6580942963283583
lol,neither,0.020706217963973744,0.4882283491876925,0.4910654328483337
can you play STO on a mac?,neither,0.053809359036235314,0.3912473003998105,0.5549433405639542
Hullo all,offensive_language,0.046917543854519406,0.6277741405869331,0.3253083155585475
So happy to be part of the fleet,neither,0.04596087971444828,0.35887448966649277,0.5951646306190591
hey now,neither,0.03945320844208391,0.33037608806864915,0.630170703489267
"Ooh, field trip",neither,0.03945320844208391,0.33037608806864915,0.630170703489267
oh wow payment plans,neither,0.043635395997806095,0.29023007345675284,0.6661345305454411
niiice,neither,0.03945320844208391,0.33037608806864915,0.630170703489267
Payment plan vieHype,neither,0.03945320844208391,0.33037608806864915,0.630170703489267
<---- og right there :-),neither,0.038415731517524,0.30467293977448284,0.6569113287079931
Anovos has payment plans? I wish I'd never heard that lol,neither,0.029882725137996762,0.41530473048846867,0.5548125443735346
I need a new pair of pajamas...,neither,0.04223087436021369,0.25670976311195115,0.7010593625278351
can you play sto on ps4,neither,0.053217115403711615,0.38885076895595816,0.5579321156403301
@ravensburgermaster You have to do it through a Windows Emulator and it's not officially supported but technically possible.,neither,0.04656598645806244,0.3411461293720455,0.6122878841698921
this right here is what gives sci fi loving people a bad name cringe af NERDS,neither,0.08079203579436918,0.317190523856158,0.6020174403494729
Yay for TSoT in STO yay,neither,0.03540505306800937,0.31014571621728126,0.6544492307147093
I just replicated me some cream soda in STO,neither,0.024166758302783156,0.3939958399655392,0.5818374017316776
layaways just isn't a thing anymore and things keep getting more expensive,neither,0.034735054503011696,0.35642442396353147,0.6088405215334569
"@ravensburgermaster No Mac support. It had it, but it died",neither,0.05192284751072331,0.3407979607420488,0.6072791917472278
love me the bajorans. so yay for ensign sage <3,neither,0.027542675540102497,0.36599257260219453,0.6064647518577029
klingons are the best,neither,0.08498120668534354,0.22258623080277495,0.6924325625118817
that screen is just HOT ! :D congrats on the choice for a temp upgrade :P,neither,0.03391533057523495,0.34457798574751936,0.6215066836772457
@cetaer: welcome!,neither,0.03945320844208391,0.33037608806864915,0.630170703489267
Do they do Temporal Uniforms from the USS Relativity? That would be kool... ;),neither,0.03870855118147434,0.3335216694990187,0.6277697793195071
That screen is amazing,neither,0.043315583791102154,0.36896184694139555,0.5877225692675023
STO patching. almost 3gb,neither,0.03945320844208391,0.33037608806864915,0.630170703489267
"and my main on STO is a joined trill, so yay for Rue as well :D",neither,0.030422536901717576,0.38701825923619776,0.5825592038620847
We have a subscriber-only Discord server! Join here: https://discord.gg/geekandsundry (you'll need to sub and link it to your Twitch) and be a part of the fun!...Warning: It can take up to an hour for the server to update and give you access to the channels,neither,0.08464076273808444,0.286394834032893,0.6289644032290227
cuz I don't play anymore :P,neither,0.03945320844208391,0.33037608806864915,0.630170703489267
maybe by the end of this show I'll be able to log in and get my Sage tribble :P,neither,0.04321451374887059,0.3331458841617276,0.6236396020894018
@cinphoria Go play in the Winter Wonderland,neither,0.0397110739878655,0.31709749259801717,0.6431914334141173
new Library Bards! PogChamp,neither,0.043491983419288865,0.22912321039323882,0.7273848061874723
@cetaer using cringe non-ironically is super cringe,neither,0.041270449006711486,0.3624635394161804,0.596266011577108
It has a Nova class instead of an Intrepid,neither,0.03877202287860415,0.31915051936997657,0.6420774577514192
The Star Artist?,neither,0.038545894211677506,0.313774429744874,0.6476796760434483
The last Star Fighter?,neither,0.03864864000430634,0.31569663449136715,0.6456547255043265
"I loved Relativity, wished they done a termporal tv series instead of Discovery",neither,0.038990913672601664,0.33822243679997044,0.6227866495274278
A guy named Jed I. :P,neither,0.03889619200012215,0.3398301107858145,0.6212736972140634
the winter wonderland is amazing,neither,0.04691333438226795,0.31114219921038844,0.6419444664073436
Yumpin' yedis!,neither,0.03945320844208391,0.33037608806864915,0.630170703489267
i ship poe and finn so hard :P,offensive_language,0.030470033167805933,0.5341364400817832,0.435393526750411
@alk824 they're just jealous that they can enjoy things,neither,0.04515905572560015,0.35207826236193696,0.6027626819124628
"Help G&S make great content! $4.99/month gets you emotes, Minecraft server access, Sub Only VODs, and more! Every sub keeps the channel alive! twitch.tv/geekandsundry/subscribe",neither,0.043907990691603095,0.31135964332838284,0.644732365980014
@ShandraVdeG last time I logged on there were so many things on my screen I didn't know what to do anymore xD,neither,0.029180811569270184,0.4026647019096769,0.568154486521053
favorite Star Trek: go!,neither,0.04041945179464465,0.3337276727528457,0.6258528754525097
Star Fish?,neither,0.04061502950983997,0.31065695243745883,0.6487280180527012
DS9,neither,0.03945320844208391,0.33037608806864915,0.630170703489267
A whole movie about a guy named Jedidiah?,neither,0.039637020519057285,0.3272563174111164,0.6331066620698264
Cheddar Knights!,neither,0.03945320844208391,0.33037608806864915,0.630170703489267
hahahah,neither,0.03945320844208391,0.33037608806864915,0.630170703489267
Hey @Danoba still no gifts made it to the Set?,neither,0.041159290298623655,0.33690540346815334,0.621935306233223
Starfish Yeddi?,neither,0.03945320844208391,0.33037608806864915,0.630170703489267
@tomservo544 heh,neither,0.03945320844208391,0.33037608806864915,0.630170703489267
Star Conflict,neither,0.03945320844208391,0.33037608806864915,0.630170703489267
The Last Yeti?,neither,0.03783635148722589,0.30010467044151773,0.6620589780712564
yaaaaay,neither,0.03945320844208391,0.33037608806864915,0.630170703489267
Bonnie's releasing it Sword of Tomorrow,neither,0.03838620131159182,0.33074308074908026,0.630870717939328
@cinphoria Just find Q on earth spacedock.,neither,0.0358663727016611,0.2650602559301887,0.6990733713681503
vieRiot No! No! No SW here! Nooooooo vieRiot,neither,0.06951584717127983,0.33352409619893736,0.5969600566297828
this ritual xD,neither,0.03934556506409844,0.33220307711989316,0.6284513578160085
"whew, Sam's excited, the Universe will last another day",neither,0.0706878541411287,0.24568844078127153,0.6836237050775997
the guest seems a little lost :D,neither,0.0385165391131846,0.3215027346919306,0.6399807261948848
@alk824 can't* I meant can't lol,neither,0.03214886434683139,0.3775837901449333,0.5902673455082353
lol,neither,0.020706217963973744,0.4882283491876925,0.4910654328483337
"wait, they are excited?! that almost never happens!!!",neither,0.07031912980938478,0.3499449841948121,0.5797358859958031
panic!,neither,0.03945320844208391,0.33037608806864915,0.630170703489267
Sword of Tomorrow must be the Mirror Universe version of the crew,neither,0.039216183062551896,0.307427501852087,0.6533563150853611
"LOL ""it's up to you"" <3 Sax. so nice",offensive_language,0.051119491275684666,0.5883715257796395,0.360508982944676
,neither,0.03945320844208391,0.33037608806864915,0.630170703489267
excitement happens! =D,neither,0.06296408085236822,0.3222896209415321,0.6147462982060997
jcvimGasp jcvimGasp jcvimGasp jcvimGasp,neither,0.03945320844208391,0.33037608806864915,0.630170703489267
SEE YOU IN A FEW MINUUUUUES,neither,0.06401293137405978,0.397664296218789,0.5383227724071512
bye bye for now,neither,0.03467794682836534,0.3065171201214813,0.6588049330501533
321,neither,0.03945320844208391,0.33037608806864915,0.630170703489267
"Starfleet, Houston, we have a problem! :P",neither,0.038758952814433305,0.3421594179326879,0.6190816292528788
panicBasket panicBasket panicBasket,neither,0.03945320844208391,0.33037608806864915,0.630170703489267
RED ALERT!,neither,0.039267074001715356,0.3288174222289854,0.6319155037692993
PANIC!! SCATTER!!,neither,0.03945320844208391,0.33037608806864915,0.630170703489267
YAAAAAA!!!!!!!!!!!!!!!!!!!!!!!!!,neither,0.03945320844208391,0.33037608806864915,0.630170703489267
They are indeed excited. All is right with the world.,neither,0.053030540628434215,0.3736964253335791,0.5732730340379867
3... now.,neither,0.03945320844208391,0.33037608806864915,0.630170703489267
PANIC,neither,0.03945320844208391,0.33037608806864915,0.630170703489267
(Delay gives me some time to get STO patched...),neither,0.02872729924461273,0.40719251039515325,0.5640801903602342
Now,neither,0.03945320844208391,0.33037608806864915,0.630170703489267
bye hector,neither,0.03945320844208391,0.33037608806864915,0.630170703489267
so....when?,offensive_language,0.02129781343360254,0.5224828533947828,0.45621933317161467
panicking!,neither,0.03945320844208391,0.33037608806864915,0.630170703489267
game over... have a nice night lol,neither,0.023809495363323243,0.3496969374140275,0.6264935672226493
hello darkness my old friend,neither,0.030542896259675757,0.39798472633747956,0.5714723774028446
rainbows too,neither,0.038798963802794226,0.34148032703984427,0.6197207091573615
f,neither,0.03945320844208391,0.33037608806864915,0.630170703489267
REEEEEEEEEEEEE,neither,0.03945320844208391,0.33037608806864915,0.630170703489267
blondi3FINE blondi3FINE blondi3FINE blondi3FINE blondi3FINE blondi3FINE blondi3FINE,neither,0.03945320844208391,0.33037608806864915,0.630170703489267
RED RED RED RED,neither,0.03912818114834599,0.32765435135670834,0.6332174674949457
CurseLit CurseLit,neither,0.03945320844208391,0.33037608806864915,0.630170703489267
PANIC,neither,0.03945320844208391,0.33037608806864915,0.630170703489267
"now,. it's now isn't it?",neither,0.03684009237795567,0.3312748585091144,0.6318850491129299
"I guess neither packages made it to G&S for this show. Oh well, im sorry but i dont have the $ to send a third.",neither,0.048549942436385315,0.2724291394748757,0.679020918088739
PANIC GTChimp,neither,0.03945320844208391,0.33037608806864915,0.630170703489267
,neither,0.03945320844208391,0.33037608806864915,0.630170703489267
PANIC!!!,neither,0.03945320844208391,0.33037608806864915,0.630170703489267
panicBasket panicBasket panicBasket panicBasket panicBasket panicBasket panicBasket panicBasket panicBasket,neither,0.03945320844208391,0.33037608806864915,0.630170703489267
