text,top_class,hate_speech,offensive_language,neither
Live,neither,0.04891340716200846,0.3271222919257548,0.6239643009122369
preview cam is up,neither,0.04389532951921243,0.372883175915001,0.5832214945657866
"The channel has gone live. If you cannot see the folks in the studio , please refresh.",neither,0.03723955741942503,0.3496909644204777,0.6130694781600973
i see,neither,0.03945320844208391,0.33037608806864915,0.630170703489267
"repeat The channel has gone live. If you cannot see the folks in the studio , please refresh.",neither,0.0373634929483334,0.34859131571055346,0.6140451913411132
I hope this is really happening,neither,0.08615620623609592,0.22391878754315686,0.689925006220747
I vote Selina,neither,0.03945320844208391,0.33037608806864915,0.630170703489267
we get color?!,neither,0.040290779899827746,0.34419953361315464,0.6155096864870175
http://www.strawpoll.me/14609635 (Class choices were preselected).,neither,0.03236948077874981,0.2635969967015047,0.7040335225197454
I think Dani,neither,0.040048375444627915,0.32027455077337413,0.6396770737819981
"i'm giving that to the druid. i don't think i know any of these people, so i have to go with classes.",neither,0.06164354313855268,0.4410219283875166,0.49733452847393067
noelle is helping with netflix she-ra series 🤓,neither,0.03738664994855653,0.4058059002677027,0.5568074497837407
ah that ol DK remix,neither,0.03606663453781317,0.3671277864280297,0.5968055790341572
@talahar same,neither,0.04148851938089603,0.3488915597363099,0.609619920882794
"I saw that, about She-Ra , sounds exciting",neither,0.03665092154377829,0.4288477770985982,0.5345013013576235
yea i chose druid also,neither,0.039262428041044406,0.3336141293714607,0.6271234425874949
i miss playing D&D....,neither,0.030793110646547626,0.33335469281453645,0.635852196538916
I am rooting for Chris,neither,0.03400776929277343,0.3039956135117396,0.661996617195487
@talahar same only i know some,neither,0.03045513995339889,0.3587880384483995,0.6107568215982017
gandsSubHype gandsSubHype gandsSubHype gandsSubHype gandsSubHype,neither,0.03945320844208391,0.33037608806864915,0.630170703489267
Plot Twist: They all get killed instantly.,neither,0.04022115307689835,0.38333370755650736,0.5764451393665944
Anyone else putting faith in the Warlock? gandsTrinket gandsTrinket,neither,0.03875709378319558,0.3177124769816418,0.6435304292351627
RFED.,neither,0.03945320844208391,0.33037608806864915,0.630170703489267
clerics ftw!,neither,0.03945320844208391,0.33037608806864915,0.630170703489267
http://www.strawpoll.me/14609635(Class choices were preselected).,neither,0.03236948077874981,0.2635969967015047,0.7040335225197454
But what edition though?,neither,0.041171215527515986,0.335847230518618,0.622981553953866
Is that Mike Flores of MtG Fame?,neither,0.04301310243787344,0.3661729992707659,0.5908138982913606
Can you name all the camera test stand ins?,neither,0.05129419327515114,0.39703366118969086,0.551672145535158
The edition makes a big difference on how powerful each class is!,neither,0.03193017127703454,0.36208516430043663,0.6059846644225289
lol max,neither,0.031120645729857982,0.3912535864736078,0.5776257677965343
Can't anyone have a good chance of winning in a battle royale?,neither,0.03883585647953017,0.33353331679427145,0.6276308267261983
matt should do a guest battle royal,neither,0.04834172810360031,0.3528924671127337,0.598765804783666
I voted to Dani Carr because she shares my name and is awesome!~,neither,0.040576915204267656,0.40648675736065165,0.5529363274350807
I see what you did there @GeekandSundry,neither,0.07057372687368293,0.3232712178238467,0.6061550553024704
i voted dani b/c clerics are the real mvp's,neither,0.04925895476731245,0.37085248388110864,0.5798885613515788
@GeekandSundry =D,neither,0.03945320844208391,0.33037608806864915,0.630170703489267
zaryha kash wil felicia kit patrick and darin,neither,0.038724595963610456,0.29382463664345704,0.6674507673929326
HMMM. Wonder who is behind the keyboard.,neither,0.04465302501409434,0.3598022768574042,0.5955446981285015
chris lockey with the warlock,neither,0.024519312723549087,0.3588657613515137,0.6166149259249372
Is the Critical Role last Q&A thing tomorrow?,neither,0.044574238970438475,0.316673041786258,0.6387527192433036
^ why politician's family shouldn't be able to vote,neither,0.03547912981216102,0.34192061431529847,0.6226002558725404
whats an artificer?,neither,0.03986500944833396,0.32338675027759917,0.6367482402740668
@geekandsundry feliciaYEAH feliciaYEAH,neither,0.03945320844208391,0.33037608806864915,0.630170703489267
i went for the warlock but its either gonna be warlock or cleric,neither,0.026762671861986297,0.34241089586797946,0.6308264322700342
@ktrapp88 Its on Thursday,neither,0.0297724545318946,0.3484733377262372,0.6217542077418683
that would be a crazy battle royale,neither,0.02678899012357362,0.45893189109681687,0.5142791187796094
Thursday the 14th @ktrapp88,neither,0.03860354647632942,0.3148545430354004,0.6465419104882703
Yasssss,neither,0.03945320844208391,0.33037608806864915,0.630170703489267
i think the Q&A is in the normal time slot on thursday,neither,0.04103984765031472,0.3234908498834976,0.6354693024661878
We have a subscriber-only Discord server! Join here: https://discord.gg/geekandsundry (you'll need to sub and link it to your Twitch) and be a part of the fun!...Warning: It can take up to an hour for the server to update and give you access to the channels,neither,0.08464076273808444,0.286394834032893,0.6289644032290227
@soraguy67 what terry was,neither,0.0516121595461747,0.3260545227917178,0.6223333176621075
@soraguy67 Taryon Darington,neither,0.03945320844208391,0.33037608806864915,0.630170703489267
I mean a wizard can cast etherealness and remain untouchable for 8 hours,neither,0.03558822496161261,0.286970110111198,0.6774416649271895
artificer is tyrion darringtin's class,neither,0.05408211646537569,0.32534453578204736,0.6205733477525769
Oh yeah that's right. I thought today was Wednesday. Ugh I'm losing my days!,neither,0.02521271917012221,0.3808712469779227,0.593916033851955
http://www.wheniscriticalrole.com/ <<<countdown clock @ktrapp88,neither,0.03681605254711069,0.24424659369146715,0.7189373537614222
Tary? in Doty voice,neither,0.03945320844208391,0.33037608806864915,0.630170703489267
"ah i see, thank you!",neither,0.058459829469381025,0.39343962275732464,0.5481005477732942
"@ktrapp88 Haha, that happens sometimes. I use the livestreams to keep track of days but even sometimes I forget",neither,0.02723639322121607,0.4285985405841476,0.5441650661946363
so we've had 3 show their hands....,neither,0.027985174956063435,0.2876093221172504,0.6844055029266862
too many hi hats >.<,neither,0.039226042711244656,0.3342316833763065,0.6265422739124489
make that 4,neither,0.031767076140110574,0.4152253546210426,0.5530075692388469
"Help G&S make great content! $4.99/month gets you emotes, Minecraft server access, Sub Only VODs, and more! Every sub keeps the channel alive! twitch.tv/geekandsundry/subscribe",neither,0.043907990691603095,0.31135964332838284,0.644732365980014
i sense some encouragement...,neither,0.028715626722378613,0.3497406501022663,0.6215437231753551
and they keep coming lol,neither,0.030277861368943757,0.34460387763521294,0.6251182609958432
Level 20 Wizard is still gonna win.,neither,0.043646101808795086,0.3722586396754139,0.5840952585157909
Cold weather does it to me. Not old age lol (yeah keep telling yourself that Kay...),offensive_language,0.02002133963495712,0.49854027821056884,0.481438382154474
thups up selina i voted for ya stefHighFive,offensive_language,0.019963138706827747,0.5766518174609895,0.40338504383218277
I vote for whoever gives the best bribes in this one! Kappa,neither,0.0343038236734048,0.31829553730212734,0.6474006390244679
"I'd say, one on one, druid for the win.....but it really depends on who the rest of the people team up on (or don't team up on).",neither,0.035963218702124905,0.4116541643419489,0.5523826169559263
And they don't stop comin' and they don't stop comin' and they don't stop comin'...,neither,0.03834437368906144,0.36444700016898035,0.5972086261419582
"Col'Ville, the house always wins",neither,0.0373848728353218,0.3601101174327387,0.6025050097319395
can I have the link for the poll?,neither,0.03362832892400313,0.28888972533264484,0.6774819457433521
where is this strawpoll,neither,0.05893058562184965,0.2724447875952968,0.6686246267828536
!poll,neither,0.03945320844208391,0.33037608806864915,0.630170703489267
CHris makes a compelling case,neither,0.039439439075846495,0.33026078516852175,0.6302997757556319
relink the straw poll please for those who missed it,neither,0.04977458991051686,0.2873195265074558,0.6629058835820274
This is a man who knows how to threaten. I like.,neither,0.06455651790139619,0.446899861935681,0.4885436201629229
"...You know Chris, you make a very good point there with that sword.",neither,0.04756820145998942,0.4137201424294128,0.5387116561105978
what can a warlock and artificer do at lvl 20?,neither,0.04396772268188992,0.3096911255401653,0.6463411517779447
I see intimidation but no bribery...,neither,0.03287938941707371,0.36976920907764843,0.597351401505278
"Damn, there's the seduction tactic.",offensive_language,0.04420153239444303,0.8838694055691069,0.0719290620364501
nice shirt Chris! =D,neither,0.03945320844208391,0.33037608806864915,0.630170703489267
lol we all know the Druid is going to win,neither,0.043930230842807096,0.45247791113828295,0.5035918580189099
http://www.strawpoll.me/14609635/r,neither,0.028867018382032292,0.2530144172559002,0.7181185643620676
The whole crew rocks.,neither,0.038674606689784626,0.31618048124864684,0.6451449120615687
We saw how powerful a Druid could be. But I'm curious what a Wizard and Warlock would be like at level 20.,neither,0.0446167028770533,0.33428331561232427,0.6210999815106225
depends on if she's a moon druid,neither,0.02388123518607206,0.4609482001243422,0.5151705646895858
"yeah druid is the only option here, as we learned",neither,0.0546648713380395,0.3930676420368761,0.5522674866250844
#ThanksCrew<3,neither,0.03945320844208391,0.33037608806864915,0.630170703489267
get the (Class off of the strawpoll link please.,neither,0.03772060732170322,0.31231389005134136,0.6499655026269555
how cheese can the wizard get? cause if he can get off some combos he'll win,neither,0.028970535364426054,0.37635944238885427,0.5946700222467197
who is the DM?,neither,0.04968904493911268,0.38554412418613015,0.5647668308747572
I wonder who's gonna be on tonight.,neither,0.03391087752555732,0.42627217496619685,0.5398169475082457
there's no way I can't vote for my girl dani,neither,0.024632119203896467,0.385222989407728,0.5901448913883756
This is the only voting that isn't upsetting tonight =((((,neither,0.03971105454802948,0.33267183137191303,0.6276171140800574
what is a strawpoll?,neither,0.08191733112755817,0.31109320414220176,0.6069894647302402
@ladysanrio took the words out of my mouth,neither,0.02579471205753921,0.4050723593126938,0.569132928629767
!poll,neither,0.03945320844208391,0.33037608806864915,0.630170703489267
warlock might be in witth a chance depending on how well its played,neither,0.03408254081541743,0.342912843786913,0.6230046153976696
Lvl 20 clerics Divine intervention just works.,neither,0.03583922534795098,0.34727938070410264,0.6168813939479463
@GeekandSundry the one who bribes chat wins... so where's my food?,neither,0.03159510981212328,0.4619660528758052,0.5064388373120714
The fact that the crew is doing this makes me happy.,neither,0.03547359072587562,0.3629752121608944,0.60155119711323
Is there some way wecan watch the crew battle. Itd be cool we to get to know the crew,neither,0.04743204507813284,0.30283658373630573,0.6497313711855615
a poll of straws,neither,0.03945320844208391,0.33037608806864915,0.630170703489267
If they dont gang up on the Druid Selina wins,neither,0.022053900568412263,0.4112349614853863,0.5667111379462014
SELINA RUTHE'Less druid,neither,0.03945320844208391,0.33037608806864915,0.630170703489267
"This week, our guests are Liam, Travis, and Taliesin (with a TBD Marisha Skype-In) discussing the Battle Royale!",neither,0.0430763274383111,0.30044284580985897,0.6564808267518301
I don't see a strawpoll,neither,0.03945320844208391,0.33037608806864915,0.630170703489267
"depending on if they let them choose magic items, the artificer can attune to 6 at level 20 :O",neither,0.028819325868533516,0.37646936339611264,0.5947113107353538
Oh shit.,offensive_language,0.04652059265363964,0.9534729203614298,6.486984930600159e-06
LUL,neither,0.03945320844208391,0.33037608806864915,0.630170703489267
Just so crew is aware: we are susceptible to bribery. ;),neither,0.07166086801493539,0.3415908986387376,0.586748233346327
@Zevorous then cleri wins hands down,neither,0.03945320844208391,0.33037608806864915,0.630170703489267
lol,neither,0.020706217963973744,0.4882283491876925,0.4910654328483337
Oh,neither,0.051363287716059566,0.22255663153133606,0.7260800807526044
He's got a very compelling argument.,neither,0.04337856832225586,0.3728161338725254,0.5838052978052187
http://www.strawpoll.me/14609635(Class choices were preselected).,neither,0.03236948077874981,0.2635969967015047,0.7040335225197454
