text,top_class,hate_speech,offensive_language,neither
I figured it was a rebroadcast,neither,0.037621535711536855,0.333413380146825,0.6289650841416382
Is everyone ready?,neither,0.041262036450053476,0.4450965041340042,0.5136414594159423
@jaybroccs jcvimNope,neither,0.03945320844208391,0.33037608806864915,0.630170703489267
WTF is this? I have been gone a very VERY LONG TIME,offensive_language,0.04420898344130375,0.4862722544940344,0.46951876206466175
danWave,neither,0.03945320844208391,0.33037608806864915,0.630170703489267
@TheDiMono nope,neither,0.03945320844208391,0.33037608806864915,0.630170703489267
Talks Machina is on every Tuesday 7pm - 8pm PST http://www.wheniscriticalrole.com/talksmachina next week is Critmas,neither,0.04334238637567314,0.286171036819646,0.6704865768046808
"Hi Becca, Whitney, Blythe, and Stef!",neither,0.03869401354372475,0.29213104977327864,0.6691749366829968
!wtfisthis,neither,0.03945320844208391,0.33037608806864915,0.630170703489267
"This is AXYB, an adult women slumber party where the hosts play Telltale games, and whenever there's a choice to be made they each argue for one of the options and YOU vote on the outcome!",neither,0.04867059946971539,0.2900639695553062,0.6612654309749784
sad that its the finally,neither,0.029477927503999773,0.35725928059630013,0.6132627918997
PogChamp,neither,0.03945320844208391,0.33037608806864915,0.630170703489267
Just in time! danYay,neither,0.030301954458447782,0.39891765189907363,0.5707803936424786
ZOUNDS,neither,0.03945320844208391,0.33037608806864915,0.630170703489267
gandsSubHype gandsSubHype gandsSubHype,neither,0.03945320844208391,0.33037608806864915,0.630170703489267
Becca Scott twitter.com/thebeccascott Whitney Moore twitter.com/TweetneyMoore Stef Woodburn twitter.com/StefWoodburn Blythe Wiedemann twitter.com/BlytheKala93,neither,0.03867050844610127,0.46874568017090823,0.49258381138299046
i want that puppy,neither,0.03544807005362603,0.37238864430932095,0.5921632856370531
Last time I was here there was a couch,neither,0.07274384959503617,0.286900693469478,0.6403554569354859
I am never ready for the madness that is AXYB,neither,0.033988679781936766,0.35628450342327334,0.6097268167947899
hello,neither,0.03945320844208391,0.33037608806864915,0.630170703489267
i feel lost without the couch,neither,0.038673579405272634,0.31616135406303764,0.6451650665316897
gandsSubHype gandsSubHype gandsSubHype stefMacaron stefMacaron gandsBrooklynCop gandsBrooklynCop,neither,0.03945320844208391,0.33037608806864915,0.630170703489267
Hola chicas,neither,0.03945320844208391,0.33037608806864915,0.630170703489267
it's almost like it's the first episode for them too,neither,0.04273715537675117,0.3065981673078676,0.6506646773153811
I want that puppy!!!,neither,0.03544807005362603,0.37238864430932095,0.5921632856370531
yooooooooo,neither,0.03945320844208391,0.33037608806864915,0.630170703489267
doggo,neither,0.03945320844208391,0.33037608806864915,0.630170703489267
jcvimHi becca jcvimHi whitney jcvimHi stef jcvimHi blythe,neither,0.03945320844208391,0.33037608806864915,0.630170703489267
Good evening ladies... first time viewer,neither,0.03227253799515852,0.34960818112345277,0.6181192808813888
That didn't take long.,neither,0.02110002395368894,0.4207718393482792,0.558128136698032
woah I love Whitney's pinstripe leggings,neither,0.03734243448321094,0.3401310590372988,0.6225265064794904
i want that Puppy!,neither,0.03544807005362603,0.37238864430932095,0.5921632856370531
10/10,neither,0.03945320844208391,0.33037608806864915,0.630170703489267
WUSSUP YALL,neither,0.037788149661650075,0.35863648102975615,0.6035753693085939
:),neither,0.03945320844208391,0.33037608806864915,0.630170703489267
dems are gonna lose and its gonna be great,neither,0.046590709700993715,0.32186790900733653,0.6315413812916697
"Hello Oshi! Becca, please pet your puppy on my behalf?",neither,0.04557275158246268,0.38825197242784915,0.5661752759896881
does oshi ever hang out with kirby,neither,0.017255696200978346,0.4890183989440263,0.49372590485499523
Hey Chat!,neither,0.03945320844208391,0.33037608806864915,0.630170703489267
AXYB live??,neither,0.04891340716200846,0.3271222919257548,0.6239643009122369
Look at Oshi trying to tack on Becca. XD,neither,0.04347366451582915,0.3587993753192276,0.5977269601649433
beccaOshibaby beccaOshibaby beccaOshibaby beccaOshibaby,neither,0.03945320844208391,0.33037608806864915,0.630170703489267
!respect,neither,0.03945320844208391,0.33037608806864915,0.630170703489267
"If you would like to share opinions on our hosts, guests or fellow viewers, please do so in a respectful manner. Don't make them feel uncomfortable.",neither,0.04843323757214918,0.39559142321184637,0.5559753392160044
rip sound,neither,0.03945320844208391,0.33037608806864915,0.630170703489267
beccaOshibaby nomming them shoes real good,neither,0.04466315092410238,0.4548712291838222,0.5004656198920755
RIPPPPP~,neither,0.03945320844208391,0.33037608806864915,0.630170703489267
take on*,neither,0.03411292810572173,0.3566537896335266,0.6092332822607517
AXYB is live,neither,0.06612417478258875,0.321202719730918,0.6126731054864932
Live.,neither,0.04891340716200846,0.3271222919257548,0.6239643009122369
is that whisky in those cups?,neither,0.07338768825738409,0.2947597221589895,0.6318525895836263
LOL,neither,0.020706217963973744,0.4882283491876925,0.4910654328483337
holiday just dance party next week?,neither,0.03556996746824438,0.3554438698232323,0.6089861627085233
"Yeah, get those boots, Oshi!",neither,0.040418889115917955,0.38246128079650893,0.5771198300875732
awww,neither,0.03945320844208391,0.33037608806864915,0.630170703489267
beccaOshibaby beccaOshibaby beccaOshibaby beccaOshibaby beccaOshibaby,neither,0.03945320844208391,0.33037608806864915,0.630170703489267
Good Oshi!,neither,0.037820165765928906,0.33093776632913474,0.6312420679049364
Yippee-kai-yay,neither,0.03945320844208391,0.33037608806864915,0.630170703489267
"Becca winning the pants game tonight, but Stef running away with the boots game",neither,0.03030983274043559,0.27490526703972984,0.6947849002198347
SHO FREAKING CUTE GAAAH,neither,0.0410432710028756,0.3033885766794063,0.6555681523177183
!oshi,neither,0.03945320844208391,0.33037608806864915,0.630170703489267
Good boy! <3,neither,0.03840003470204111,0.3307383228117663,0.6308616424861926
danChamp,neither,0.03945320844208391,0.33037608806864915,0.630170703489267
Oshi knows how to shake so he can now agree hosting deals on his own. I look forward to next season where he is hosting all the shows,neither,0.07468167502536104,0.34926830116857127,0.5760500238060678
gandsSaxHype gandsSaxHype gandsSaxHype gandsSaxHype,neither,0.03945320844208391,0.33037608806864915,0.630170703489267
also just noticed Becca's PSA shrt,neither,0.03580971172160524,0.3474223035276507,0.616767984750744
"Don't worry, Oshi: you are much cuter than those cupcakes. <3",neither,0.09948272412502362,0.277464433881701,0.6230528419932754
Oh no too hungry bagelbagelbagel,neither,0.0440445830885712,0.29535358746666573,0.6606018294447631
XD @Andyinsomnia,neither,0.03945320844208391,0.33037608806864915,0.630170703489267
half cupcakes,neither,0.03945320844208391,0.33037608806864915,0.630170703489267
mini cakes!,neither,0.03945320844208391,0.33037608806864915,0.630170703489267
Next week will be the Wookiee Life Day special of AXYB. #CitationNeeded,neither,0.06230929299395866,0.3313177046191887,0.6063730023868527
wha wha what ? who doesnt like red velvet .lol,neither,0.04300718816868643,0.39280938042959884,0.5641834314017148
Porn Hub?,neither,0.03190202903408232,0.4585393096303176,0.5095586613356001
XD,neither,0.03945320844208391,0.33037608806864915,0.630170703489267
or Alpha Kappa,neither,0.03945320844208391,0.33037608806864915,0.630170703489267
cheer200 Whole box of cupcakes? You're killing me. You're just killing me. It's all over. This is how it ends.,neither,0.062359557451624664,0.4235253648494032,0.514115077698972
yoga pants for all!,neither,0.03490378242886597,0.3624387402921988,0.6026574772789353
4 girls 1 cupcake,offensive_language,0.014938720450747482,0.493388144510736,0.4916731350385164
"Sorry, I didn't catch that, Whitney. My stream started buffering and Spectrum insisted that I had to pay an extra $40 for the ""Fast Lane Package"".",neither,0.026467864161626355,0.3744631339155589,0.5990690019228146
My senator doesn't answer his phone.,neither,0.04679912155698325,0.3991313486356058,0.5540695298074109
"Ok, so Becca gets to take a bite of each and put them back for the rest, right?",neither,0.04551634393871871,0.310507362506921,0.6439762935543604
it does but feliciaToronto feliciaYEAH,offensive_language,0.01760649955276552,0.5098514481516847,0.4725420522955499
lol,neither,0.020706217963973744,0.4882283491876925,0.4910654328483337
Net Neutrality link for US folk https://5calls.org/issue/defend-fcc-net-neutrality,neither,0.05642690921289207,0.31214041100306034,0.6314326797840475
@Critternation3000 You a fellow Canuck?,neither,0.06464828082457033,0.39925138661325477,0.5361003325621749
that goth chick looks so 80s,neither,0.03666857800179936,0.391182253873669,0.5721491681245316
wait if we don't do the thing we get a visit from Whitney?,neither,0.02895403249091535,0.3505335242478873,0.6205124432611974
"""voted"" LUL",neither,0.03945320844208391,0.33037608806864915,0.630170703489267
He also has an automated response to emails about how the repeal will be good for America.,neither,0.12951544980618565,0.23903220154026703,0.6314523486535473
@iiapplejacksii That's Blythe,neither,0.026110925149043836,0.4791292047641166,0.4947598700868395
!whodat,neither,0.03945320844208391,0.33037608806864915,0.630170703489267
"Becca Scott ( twitter.com/thebeccascott ), Stef Woodburn ( twitter.com/StefWoodburn ), Whitney Moore ( twitter.com/TweetneyMoore ) and Blythe Kala ( twitter.com/BlytheKala93 ) with Oshi ( instagram.com/oshipup/ )",neither,0.03526375401629221,0.44912129415246,0.5156149518312477
Whitney has a particular set of skills,neither,0.03971745211118214,0.325891183383029,0.6343913645057889
!girl,neither,0.026393579814477187,0.462096800417535,0.5115096197679879
"There are no grills in the studio. There are girls, although they usually prefer to be called skull crushing immortals. If you are seeing grills where none exist, you should see a doctor. However, Ryan did put a grill in the back of the studio for when he wants to cook vegetable fajitas so that one is okay.",neither,0.058418296754243516,0.3524333344081721,0.5891483688375844
HE is only Senator because of the terrible Trump Bump,neither,0.047071867978274826,0.317944312738849,0.6349838192828762
@CripplingStudentDebt username checks out,neither,0.03570608751497672,0.34467706928020253,0.6196168432048207
John Wick 3 is just Whitney hunting down people who didn't oppose net neutrality,neither,0.04472662507646684,0.38996723746547907,0.5653061374580541
Where's Dragonchromes sword at this point?,neither,0.040346604807280834,0.3248905418241369,0.6347628533685823
@Fu4ow absolutely,neither,0.03945320844208391,0.33037608806864915,0.630170703489267
"And if FCC Chairman Ajit Pai does repeal Net Neutrality, Congress can still vote to reinstate Title II regulations through new legislation, so it is important to call your Representatives and Senators too.",neither,0.042341542615312595,0.3539153646655447,0.6037430927191427
@Andyinsomnia did* DID oppose net neutrality,neither,0.03945320844208391,0.33037608806864915,0.630170703489267
Cheers @Zismarith,neither,0.03945320844208391,0.33037608806864915,0.630170703489267
We have a subscriber-only Discord server! Join here: https://discord.gg/geekandsundry (you'll need to sub and link it to your Twitch) and be a part of the fun!...Warning: It can take up to an hour for the server to update and give you access to the channels,neither,0.08464076273808444,0.286394834032893,0.6289644032290227
"I am no good with swords, I tend to fall on mine a lot",neither,0.032861514273120035,0.37207429904759376,0.5950641866792861
Fuck Ajti Pai,offensive_language,0.34803241646388117,0.6519675835059184,3.0200377847433446e-11
"@fu4ow, yeah that. its 5am",neither,0.01893219241637869,0.4649591617177376,0.5161086458658837
"danS Ajit Pai, FCC Chairman",neither,0.03945320844208391,0.33037608806864915,0.630170703489267
used to be a comcast exec,neither,0.04647442756666814,0.33016652464803936,0.6233590477852926
"@Chovexani We gave him one, but he stabbed it back in the stone because he's a strong independent woman who don't need no mangling weapon",neither,0.03972170848569621,0.38940776707102964,0.5708705244432741
@dragonchrome piboHug,neither,0.03945320844208391,0.33037608806864915,0.630170703489267
"huh, been using ReistBot recently",neither,0.03592799053559565,0.3902082360273724,0.5738637734370319
DOUG JONES!!!,neither,0.03945320844208391,0.33037608806864915,0.630170703489267
This reminds me of the Geek version of The Talk :D,neither,0.024086835400326682,0.3389362334690023,0.636976931130671
Ah I see,neither,0.03945320844208391,0.33037608806864915,0.630170703489267
"Help G&S make great content! $4.99/month gets you emotes, Minecraft server access, Sub Only VODs, and more! Every sub keeps the channel alive! twitch.tv/geekandsundry/subscribe",neither,0.043907990691603095,0.31135964332838284,0.644732365980014
Oshi is getting big!,neither,0.02293070056489024,0.48690852726721123,0.4901607721678985
Chrome's 90% mod anyway.,neither,0.03945320844208391,0.33037608806864915,0.630170703489267
@TheDiMono ...hi?,neither,0.03945320844208391,0.33037608806864915,0.630170703489267
but apparently it's too popular and ResistBot is down right now,neither,0.040030261753278173,0.3230094754675552,0.6369602627791666
Three cheers for Doug Jones HSCheers HSCheers HSCheers,neither,0.03537370695048546,0.309989212935692,0.6546370801138226
!highfive @rvb_Dopp,neither,0.03945320844208391,0.33037608806864915,0.630170703489267
TheDiMono reaches up and delivers @rvb_Dopp a crisp high five,neither,0.03487086915675038,0.3916874527896188,0.5734416780536309
Stop that,offensive_language,0.0323021032575341,0.5540130875673516,0.41368480917511435
!respect,neither,0.03945320844208391,0.33037608806864915,0.630170703489267
"If you would like to share opinions on our hosts, guests or fellow viewers, please do so in a respectful manner. Don't make them feel uncomfortable.",neither,0.04843323757214918,0.39559142321184637,0.5559753392160044
"Weave was dope, I hope we get those RPG sessions once or twice a season from now on",neither,0.07122988810177855,0.23544132988326302,0.6933287820149584
Walking Dead Season 1 is the best one ever!,neither,0.04373609891686999,0.330993397918448,0.625270503164682
say hello to brazil,neither,0.04590126048948156,0.32660390913104204,0.6274948303794764
"@Andyinsomnia Tweet @GeekandSundry and let them know, one of the best ways to get the word out.",neither,0.03459512412544287,0.329903433192079,0.635501442682478
Weave game official website http://www.weave.game/,neither,0.0373254905086725,0.24048286521131906,0.7221916442800085
*grapple away*,neither,0.04220964153586371,0.2835922247500701,0.6741981337140662
"Ajit Pai was at this dinner in DC with all these ISP corporate executives, and he made a joke about being a corporate plant by Verizon. He then showed a 14 year-old video of him (back when he was a Verizon employee) where he is straight-up declaring his intent to repeal Net Neutrality someday. Pai thought this was a ""joke"".",neither,0.051322031932918837,0.36261873798815,0.5860592300789311
ramaWow ramaWee u finished already Becca,neither,0.038225914547916476,0.3512064684345014,0.6105676170175822
"We stop Telltale games because . . . Borderlands, Walking Dead, Michonne?",neither,0.03929210960253926,0.38413486874382025,0.5765730216536405
@TheDiMono One and the same DiMono?,neither,0.037063076948449,0.30509421537787346,0.6578427076736776
what are they talking about?,neither,0.08325489619177252,0.29979988567039406,0.6169452181378334
with awesome illustrations,neither,0.025588182735835536,0.38064247724776307,0.5937693400164014
@rvb_Dopp The one and only. What's up?,neither,0.03936382868956706,0.35568798872800467,0.6049481825824283
Dunk the Lunk,neither,0.03839939302560993,0.311011251109799,0.6505893558645911
"Oh wait, is Becca talking about the legends of Dunk and Egg?",neither,0.045449019245256496,0.28221888717832405,0.6723320935764194
hi,neither,0.03945320844208391,0.33037608806864915,0.630170703489267
Stop that,offensive_language,0.0323021032575341,0.5540130875673516,0.41368480917511435
@ginquisitor she is,offensive_language,0.06838151157248105,0.5467478077670651,0.384870680660454
He fights attorneys?,neither,0.04626522312777418,0.3280331238492024,0.6257016530230234
@TheDiMono Oh nothing. Just wasn't expected to see someone familiar here.,neither,0.07034347619262284,0.31380802623511994,0.6158484975722571
Hola,neither,0.03945320844208391,0.33037608806864915,0.630170703489267
"My favorite ASOIAF stories are ""The Rogue Prince"" and ""The Princess and the Queen"".",neither,0.04193034786910654,0.2884101569980125,0.6696594951328809
Doug Jones FTW!!!,neither,0.03945320844208391,0.33037608806864915,0.630170703489267
lol,neither,0.020706217963973744,0.4882283491876925,0.4910654328483337
can I just say? Blythe's whole look right now is stellar,neither,0.04329699592723305,0.3592244460852951,0.5974785579874718
God that dog is cute as hell,offensive_language,0.04501987005172336,0.7021763412112423,0.2528037887370344
dude still won't concede lol,neither,0.032236676480029376,0.389550419000475,0.5782129045194956
@ginquisitor i don't think Becca got to them yet,neither,0.06484747108923908,0.3570899684398023,0.5780625604709586
!politics FYI,neither,0.03945320844208391,0.33037608806864915,0.630170703489267
"While the hosts might discuss politics on stream, let's please keep it out of chat. It is always divisive, and that's not what we're after here. Let's all get along regardless of our political leanings! â¤",neither,0.04239564592132859,0.382826091527472,0.5747782625511995
"Doug Jones is great, this is the best thing he has done since Hellboy",neither,0.04984277057949875,0.3038449450813705,0.6463122843391308
Nope this is a variety channel,neither,0.04546780691514499,0.32947760177541063,0.6250545913094444
One would have though so.,neither,0.037072298395219534,0.4196892393461686,0.5432384622586119
1% margin,neither,0.03945320844208391,0.33037608806864915,0.630170703489267
!wtfisthis,neither,0.03945320844208391,0.33037608806864915,0.630170703489267
"This is AXYB, an adult women slumber party where the hosts play Telltale games, and whenever there's a choice to be made they each argue for one of the options and YOU vote on the outcome!",neither,0.04867059946971539,0.2900639695553062,0.6612654309749784
!wtfisthis,neither,0.03945320844208391,0.33037608806864915,0.630170703489267
"I especially loved ""The Princess and the Queen"" because it is a Targaryen civil war. It is dragons fighting dragons! :)",neither,0.0433918418937306,0.3012674166207238,0.6553407414855457
!!!1!!!one!,neither,0.037120114141193455,0.4161101105580569,0.5467697753007497
doug jones BIG WINNER,neither,0.027896180033704348,0.3756179165218209,0.5964859034444748
"whitney is a baratheon, stef's a lannister surprisingly",neither,0.04638975465049957,0.32799029174806915,0.6256199536014313
@Andyinsomnia I think that every time.,neither,0.0338215215926595,0.39683807267079324,0.5693404057365473
FailFish @frederickrex,neither,0.03945320844208391,0.33037608806864915,0.630170703489267
i was joking,neither,0.0393133255125878,0.3327502664475535,0.6279364080398587
@Andyinsomnia see Shape Of Water though?,neither,0.03945320844208391,0.33037608806864915,0.630170703489267
"What a calm, well behaved pup",neither,0.04318839874122378,0.32767061343285503,0.6291409878259212
!whodat,neither,0.03945320844208391,0.33037608806864915,0.630170703489267
"Becca Scott ( twitter.com/thebeccascott ), Stef Woodburn ( twitter.com/StefWoodburn ), Whitney Moore ( twitter.com/TweetneyMoore ) and Blythe Kala ( twitter.com/BlytheKala93 ) with Oshi ( instagram.com/oshipup/ )",neither,0.03526375401629221,0.44912129415246,0.5156149518312477
Which game are we playing?,neither,0.06384620802711709,0.24944788114683727,0.6867059108260457
"REMINDER: Twitch is running a promotion with 20% Off New Subs and Gifted Subs, and on all tiers! Read more about what defines a ""new"" sub and more here: http://bit.ly/20offSubs",neither,0.051870858804037155,0.23131868361446495,0.716810457581498
