text,top_class,hate_speech,offensive_language,neither
@piperstwin hi :),neither,0.03945320844208391,0.33037608806864915,0.630170703489267
"I feel like Trishika actually sounds like a name. Erikish sounds like the definition of something ""Erika-like""",neither,0.06347717669476652,0.3533936446109061,0.5831291786943273
@chaoticloony hi :),neither,0.03945320844208391,0.33037608806864915,0.630170703489267
!ears,neither,0.03945320844208391,0.33037608806864915,0.630170703489267
"Like, man, that kigurumi is so erikish.",offensive_language,0.06632567075322408,0.5739644960520056,0.35970983319477035
gandsSubHype gandsSubHype gandsSubHype gandsSubHype,neither,0.03945320844208391,0.33037608806864915,0.630170703489267
Erikisha? @dayntee,neither,0.03945320844208391,0.33037608806864915,0.630170703489267
Re hrpgSub gandsSubHype hrpgHyperHype ramaHype,neither,0.10802165902134243,0.2484119200751343,0.6435664209035233
juliaHey erika juliaHey trish,neither,0.03945320844208391,0.33037608806864915,0.630170703489267
dayntee how about Erikisha,neither,0.03638591120153141,0.3824361272487355,0.5811779615497331
"Jeez, opening scared me",neither,0.03195835673838081,0.3710754579806942,0.5969661852809249
"Hmm, Erikisha is pretty solid.",neither,0.04660110123489203,0.3279175999662716,0.6254812987988364
"You ladies had me ""floored""!",neither,0.048569411133175124,0.4468177433617417,0.5046128455050832
snap lol @mmatton,neither,0.02958781151373683,0.4038776379912608,0.5665345504950025
Is there no Talks tonight?,neither,0.04403691243906154,0.2827319151771506,0.6732311723837879
wow my chat was so weird for a sec,neither,0.027922766566244973,0.3967425653410715,0.5753346680926834
We have a subscriber-only Discord server! Join here: https://discord.gg/geekandsundry (you'll need to sub and link it to your Twitch) and be a part of the fun!...Warning: It can take up to an hour for the server to update and give you access to the channels,neither,0.08464076273808444,0.286394834032893,0.6289644032290227
"How can you be a nicer, best dude than Darin DePaul, though?",neither,0.05106497675993268,0.36405877547833526,0.5848762477617321
!clock,neither,0.03945320844208391,0.33037608806864915,0.630170703489267
It is currently 4:04 PM at the Geek & Sundry studio in California.,neither,0.0534460154289174,0.3294088346371876,0.617145149933895
"guests are Liam, Travis, and Taliesin (with a TBD Marisha Skype-In) discussing the Battle Royale! @glorious_gilmore",neither,0.04345323426391194,0.2972118557629683,0.6593349099731198
hi Amy!!,neither,0.03945320844208391,0.33037608806864915,0.630170703489267
gandsSubHype gandsLessthanthree,neither,0.03945320844208391,0.33037608806864915,0.630170703489267
so,offensive_language,0.039501631330860744,0.48329170807269783,0.4772066605964413
Re hrpgSub gandsSubHype hrpgHyperHype ramaHype x2,neither,0.06137740758033951,0.2971829196352787,0.6414396727843817
Talks Machina in 3 hours @glorious_gilmore,neither,0.03945320844208391,0.33037608806864915,0.630170703489267
hi amy :D,neither,0.03945320844208391,0.33037608806864915,0.630170703489267
Welcome Amy and Raiders.,neither,0.038822933363010945,0.2991577467117473,0.6620193199252418
What’s the Wednesday Club theme?,neither,0.042938620663264496,0.31479867162840997,0.6422627077083256
The Enthusiarmy loves QWOP.,neither,0.038116504129712216,0.3055932742835482,0.6562902215867396
Hi Amy and raiders!,neither,0.03882182104596303,0.2990983243771988,0.6620798545768382
Hello hello,neither,0.03945320844208391,0.33037608806864915,0.630170703489267
Hello! From enthusiarmy :),neither,0.040875471929787875,0.3062365648703896,0.6528879631998226
"Help G&S make great content! $4.99/month gets you emotes, Minecraft server access, Sub Only VODs, and more! Every sub keeps the channel alive! twitch.tv/geekandsundry/subscribe",neither,0.043907990691603095,0.31135964332838284,0.644732365980014
hrpgSub gandsSubHype hrpgHyperHype ramaHype,neither,0.03945320844208391,0.33037608806864915,0.630170703489267
#EnthusiARMY Raid!,neither,0.03945320844208391,0.33037608806864915,0.630170703489267
#ENTHUSIARMY RAID gandsLessthanthree gandsLessthanthree,neither,0.03945320844208391,0.33037608806864915,0.630170703489267
Hey @chaoticloony,neither,0.03945320844208391,0.33037608806864915,0.630170703489267
#ENTHUSIARMY gandsClassic gandsClassic gandsClassic gandsClassic gandsSubHype gandsSubHype gandsSubHype gandsApplaud gandsApplaud gandsApplaud gandsGnSLadders gandsGnSLadders gandsGnSLadders,neither,0.03945320844208391,0.33037608806864915,0.630170703489267
none. they're just games,neither,0.05221623362793963,0.3227801142224233,0.6250036521496372
Hi @Shadowstorm_0,neither,0.03945320844208391,0.33037608806864915,0.630170703489267
#EnthusiARMY RAID!,neither,0.03945320844208391,0.33037608806864915,0.630170703489267
#EnthusiARMY Raid!,neither,0.03945320844208391,0.33037608806864915,0.630170703489267
#ENTHUSIARMY Raid!,neither,0.03945320844208391,0.33037608806864915,0.630170703489267
"@postdataest Oh right, haha im in a different time zone than usual, Thanks!!",neither,0.03669546467682421,0.37627651359753933,0.5870280217256365
you're welcome @glorious_gilmore,neither,0.10626763448287628,0.35096606821718634,0.5427662972999374
#EnthusiARMY Raid!,neither,0.03945320844208391,0.33037608806864915,0.630170703489267
Time zone fail here on as well :(,neither,0.06597609618971761,0.35248691892953216,0.5815369848807502
a game about childhood cancer? But what do you shoot??,neither,0.06828761542009246,0.3052950651079102,0.6264173194719973
That segue. So good.,neither,0.03183503215138613,0.4797468265973004,0.4884181412513134
FBpenalty@bufordtea,neither,0.03945320844208391,0.33037608806864915,0.630170703489267
Tears @BufordTea tears,neither,0.03945320844208391,0.33037608806864915,0.630170703489267
I thought it would be a fun story...lol,neither,0.034063406809444245,0.2881885817755833,0.6777480114149724
LOL,neither,0.020706217963973744,0.4882283491876925,0.4910654328483337
Well... that's a word.,neither,0.03447852216686294,0.3847425138193842,0.580778964013753
@bufordtea,neither,0.03945320844208391,0.33037608806864915,0.630170703489267
gandsHR gandsHR gandsHR gandsHR gandsHR gandsHR gandsHR gandsHR gandsHR gandsHR,neither,0.03945320844208391,0.33037608806864915,0.630170703489267
#labia,neither,0.03945320844208391,0.33037608806864915,0.630170703489267
gandsHR gandsHR gandsHR gandsHR gandsHR gandsHR,neither,0.03945320844208391,0.33037608806864915,0.630170703489267
I thought she said'lamia' until Trish said it XD,neither,0.04241783597795227,0.312621028888229,0.6449611351338187
"Well, that was a moment to come in on.",neither,0.03746289688125191,0.4017822710288969,0.5607548320898512
Hahaha,neither,0.03945320844208391,0.33037608806864915,0.630170703489267
where are they going with this story?,neither,0.04899896685395911,0.3210921409027102,0.6299088922433307
@Chix_with_Joystix Got a great reaction from Erika so Fabulous job and 100 points!,neither,0.03757596489674541,0.33209231060473254,0.6303317244985219
They're adding labia to pubg?,neither,0.0702482863705109,0.2942635359352388,0.6354881776942504
"Still trsting but due for release on x-box soon, so ya",offensive_language,0.0239644086273343,0.5080083236433725,0.4680272677292932
haHAA,neither,0.03945320844208391,0.33037608806864915,0.630170703489267
Noticable? :D,neither,0.03945320844208391,0.33037608806864915,0.630170703489267
@RuzgofDI Truth. I was about to say the same thing.,neither,0.04373030835970886,0.34467647268712787,0.6115932189531632
O.o,neither,0.03945320844208391,0.33037608806864915,0.630170703489267
"yeah, definite camel toe in PUBG, it was weird",neither,0.026641566213585967,0.41286879122647024,0.5604896425599438
I was wondering whatthe huge deal about saying lamia was,neither,0.03264332518061447,0.35395902742972407,0.6133976473896615
First time the internet was upset about this,neither,0.03124369621522111,0.35852107836986036,0.6102352254149186
Trisha!!!!!,neither,0.03945320844208391,0.33037608806864915,0.630170703489267
lol what is this,neither,0.047373874940387396,0.4102114008407796,0.542414724218833
NSFTwitch,neither,0.03945320844208391,0.33037608806864915,0.630170703489267
Hello @geekandsundry and chat,neither,0.03865344199909532,0.2898563560039984,0.6714902019969063
Hey @DonnyhoferIRL,neither,0.03945320844208391,0.33037608806864915,0.630170703489267
Hi @DonnyhoferIRL,neither,0.03945320844208391,0.33037608806864915,0.630170703489267
Yes I saw the change when Vana was playing the other day thanks to her no pants.,neither,0.02941057652253552,0.44135654110434513,0.5292328823731194
"To be honest, if I'm being shot at, a wedgie is the last thing I'm worrying about.",neither,0.03134072410830605,0.3978941935135424,0.5707650823781515
I didn't know PUBG was going in that direction.,neither,0.024258431651829643,0.42171827183357063,0.5540232965145996
"Work that out before you run in, you know?",offensive_language,0.05684643592390283,0.5304851481990323,0.412668415877065
!wtfisthis,neither,0.03945320844208391,0.33037608806864915,0.630170703489267
"Welcome to #GameEngine! We'll be discussing the latest gaming news, showcasing new games, and interviewing people in the gaming industry!",neither,0.05363492194748562,0.26739386076077604,0.6789712172917384
@dayntee That's a fair point.,neither,0.03528787951266689,0.3757390663309635,0.5889730541563697
Who the hell cares!,offensive_language,0.04146035982450095,0.8038002028650765,0.1547394373104225
That's trolling 101... lol,neither,0.027120071490622864,0.43940600204089886,0.5334739264684784
#blameLiz,neither,0.03945320844208391,0.33037608806864915,0.630170703489267
liz gandsLessthanthree gandsLessthanthree gandsLessthanthree,neither,0.03945320844208391,0.33037608806864915,0.630170703489267
I have never watched this show before,neither,0.04429085294212773,0.3657484787864621,0.5899606682714102
No she isn't!,neither,0.04028057540173388,0.4760004583418266,0.4837189662564396
At least they used the technical term. :D,neither,0.037976097457058086,0.3369062569941725,0.6251176455487695
lol,neither,0.020706217963973744,0.4882283491876925,0.4910654328483337
when internet pron is free and you're upset that a poorly rendered CGI genital has been removed from a crap game :-/,neither,0.05506121597785897,0.3279881408666461,0.616950643155495
@Chix_with_Joystix I don't believe that :P,neither,0.03392052124108758,0.39097882433298353,0.5751006544259288
@BufordTea So correct!,neither,0.03940828896139536,0.39018524630103246,0.5704064647375721
Like I said. It's trolling 101...,neither,0.04967604046772776,0.34861984575293586,0.6017041137793363
lol I do what I can,neither,0.03744879228367958,0.3982749964318025,0.564276211284518
Hey @Danoba https://clips.twitch.tv/DifferentKindGnatOptimizePrime,neither,0.03945320844208391,0.33037608806864915,0.630170703489267
"Oh, yeah. I saw this live.",neither,0.03082185768541098,0.3931968175132854,0.5759813248013036
@Chix_with_Joystix And i appreciate it!,neither,0.03667126550252156,0.2802282927711303,0.6831004417263481
LuL,neither,0.03945320844208391,0.33037608806864915,0.630170703489267
"Just, you know, in case gandshr has a need",neither,0.05009191354680611,0.3890536532669923,0.5608544331862014
@Chix_with_Joystix great content SeemsGood,neither,0.03747316059443195,0.3039628757256895,0.6585639636798787
"Wait, I think I saw this guy, he was utterly hilarious",neither,0.04280473791272825,0.33074447252818684,0.6264507895590848
"poor Jeff, he looked a little uncomfortable during that part lol",neither,0.03545106374969996,0.38601366596599224,0.5785352702843078
Erika is an agent of chaos and I always appreciate it,neither,0.042035339249520604,0.3344048098976277,0.6235598508528517
for some reason I thought he was Italian?,neither,0.03431430988005691,0.24128882094345266,0.7243968691764905
Sourcefed Nerd has fallen very far since Trisha left...,neither,0.03970096081747218,0.32617108367613407,0.6341279555063939
Breath of the Wild dropping their DLC during their thank you speech was incredible.,neither,0.04573375965910835,0.34676464813419655,0.6075015922066951
Good day Chat! Whoever chose Getting Over It is evil! LUL,neither,0.038720244884550614,0.3606863348016593,0.60059342031379
"@dayntee Great clip, great clip.",neither,0.0374462170737894,0.30358903599427284,0.6589647469319377
I'm so delighted that the official Best Game of 2017 is a Wii U game. :D,neither,0.03994637848991521,0.3160457046341609,0.644007916875924
Hi @Little_Tito,neither,0.03945320844208391,0.33037608806864915,0.630170703489267
hahahaha @Danoba,neither,0.03945320844208391,0.33037608806864915,0.630170703489267
how did cuphead beat persona 5 in best art direction???,neither,0.03889513065663626,0.3257028165433468,0.6354020528000169
@Neutralis525 i say considering it was shut down,neither,0.05062221735853239,0.3136009518923405,0.6357768307491272
Hello @Danoba @chaoticloony!! HeyGuys,neither,0.03945320844208391,0.33037608806864915,0.630170703489267
Hey @Little_Tito,neither,0.03945320844208391,0.33037608806864915,0.630170703489267
"fun fact: ""labia melz"" is an anagram of ""blame a liz""",neither,0.04701216832559174,0.3231181998311069,0.6298696318433014
@aurice_heartly hype over content,neither,0.03671217906871431,0.3320446831578432,0.6312431377734425
SourceFed Nerd SHALL NEVER BE FORGOTTEN!,neither,0.03641073816980929,0.3681191795771098,0.5954700822530808
Question what is all the different sub emotes?,neither,0.05199826316248632,0.36667577167701004,0.5813259651605036
And It's Vince and Vana playing! So eagerly anticipating! gandsSubHype,neither,0.036865258482238907,0.2994343591913639,0.6637003823263972
@talahar proud of that one? Haha,neither,0.030974378306495402,0.46820817064900666,0.5008174510444979
@chaoticloony I second that...,neither,0.0338091185299295,0.39222650183379953,0.573964379636271
He was just Kanye'ing hardcore,neither,0.039714516036221004,0.34638288287997737,0.6139026010838017
It has happened at the Oscars many times,neither,0.0375472515901058,0.3311443506236022,0.631308397786292
political rants at the Oscars arent generally directed at the Oscars,neither,0.03791126005605103,0.33720742342856175,0.6248813165153871
@DonnyhoferIRL It describes the amount of time subbed!,neither,0.03717227104350982,0.33276795491275374,0.6300597740437364
@chiplickin now i am :p,neither,0.03912273248685146,0.3304897539038276,0.6303875136093209
Rofl,neither,0.03945320844208391,0.33037608806864915,0.630170703489267
"oh, now they are shy about saying it",neither,0.054058281280871354,0.09542655775715457,0.850515160961974
should have saved Death Stranding for PSX instead of game awards,neither,0.04151890038616867,0.30775849030824143,0.65072260930559
"To be honest, the best part of the Game Awards was the orchestra. I'd rather have watched 3 hours of them playing...",neither,0.04709704525163335,0.28724119293506245,0.6656617618133043
Hi @consuela3 !,neither,0.03945320844208391,0.33037608806864915,0.630170703489267
"One big thing that didn't work was the fact that so many of the award announcements were sort of blown through at a rapid pace. You'd get time taken away from the awards for what amounted to advertising, then they'd blow through like three or four award winners with no real fanfare.",neither,0.030270080660282722,0.4322001283686437,0.5375297909710736
hey @Little_Tito,neither,0.03945320844208391,0.33037608806864915,0.630170703489267
We have a subscriber-only Discord server! Join here: https://discord.gg/geekandsundry (you'll need to sub and link it to your Twitch) and be a part of the fun!...Warning: It can take up to an hour for the server to update and give you access to the channels,neither,0.08464076273808444,0.286394834032893,0.6289644032290227
"They didn't even have b-roll footage of the games as they read the names, or pull quotes from positive reviews.",neither,0.031043543995454233,0.3533232597151221,0.6156331962894238
"That actually happens at other award shows, @djregular - technical awards often fly by without proper recognition.",neither,0.04673429638848441,0.3762708060986111,0.5769948975129046
"Help G&S make great content! $4.99/month gets you emotes, Minecraft server access, Sub Only VODs, and more! Every sub keeps the channel alive! twitch.tv/geekandsundry/subscribe",neither,0.043907990691603095,0.31135964332838284,0.644732365980014
accounting+ it threw everyone for a loop,neither,0.02948362002589151,0.38918205891588065,0.5813343210582278
"Oh yeah, this trailer is nuts :)",offensive_language,0.17525067479685436,0.41774110192354186,0.4070082232796037
"@dayntee Oh I know, but it was especially egregious here. Plus in Oscars/Grammys, you aren't getting basically adverts in place of those awards.",neither,0.08156600493907055,0.2907064965062757,0.6277274985546537
The art style is unique,neither,0.04501208832673006,0.3156067396225927,0.6393811720506771
"I know that they have to talk through the trailers, but I don't know why? Have they said?",neither,0.0217971522069836,0.3734918992903721,0.6047109485026443
,neither,0.03945320844208391,0.33037608806864915,0.630170703489267
whacky,neither,0.03945320844208391,0.33037608806864915,0.630170703489267
()(),neither,0.03945320844208391,0.33037608806864915,0.630170703489267
Hey @Enthusiamy,neither,0.03945320844208391,0.33037608806864915,0.630170703489267
hrpgSub gandsSubHype hrpgHyperHype ramaHype,neither,0.03945320844208391,0.33037608806864915,0.630170703489267
"The people at home are - during commercials is when they blow through all the ""less important"" awards @djregular",neither,0.06461760276824319,0.35709978712900736,0.5782826101027494
ramaWave ramaBeans ramaWave ramaBeans ramaWave ramaBeans,neither,0.03945320844208391,0.33037608806864915,0.630170703489267
"Wooo, subbed now! Finally",neither,0.03945320844208391,0.33037608806864915,0.630170703489267
@Enthusiamy Hi Amy!,neither,0.03945320844208391,0.33037608806864915,0.630170703489267
I agree it was egregious for a livestreamed event though,neither,0.03447974756329948,0.3118146542997431,0.6537055981369574
Re hrpgSub gandsSubHype hrpgHyperHype ramaHype,neither,0.10802165902134243,0.2484119200751343,0.6435664209035233
Finally catching Game Engine! Yay!,neither,0.038977713228564595,0.3022203697166027,0.6588019170548327
@MikeeThePrude Hey there buddy!,neither,0.039376306840091226,0.28522761813554676,0.675396075024362
Welcome @MikeeThePrude,neither,0.03945320844208391,0.33037608806864915,0.630170703489267
30-40 is long?,neither,0.04723097273292134,0.3257793028758464,0.6269897243912322
"Hey @Chovexani & @chaoticloony & @Danoba :) & welcome, @CrashTestGremlin!",neither,0.03945320844208391,0.33037608806864915,0.630170703489267
only 35-40 hours?,neither,0.03945320844208391,0.33037608806864915,0.630170703489267
30-40 is long for the Western audience,neither,0.03966857338009385,0.29915613236428235,0.6611752942556238
No complaints here,neither,0.16019924532073013,0.2735997564217923,0.5662009982574777
Hi @MikeeThePrude I only get to watch half of the Game Engines,neither,0.04807612925373115,0.28774625340910676,0.6641776173371621
@Danoba @davidflegel Hey guys!,neither,0.03929207127355727,0.33311100635304525,0.6275969223733975
Game length is always going to grow to a point. Remember when games where an hour or less?,neither,0.045052959541497094,0.3479266523187442,0.6070203881397587
I really need to finish all the games i start,neither,0.04542919849120102,0.3680737918881251,0.5864970096206739
oh wow,neither,0.04699983224225219,0.25967008852857676,0.6933300792291711
<--- western Audience,neither,0.03945320844208391,0.33037608806864915,0.630170703489267
my jrpgs laugh mockingly.,neither,0.023878529797987436,0.45792229981315447,0.518199170388858
Traditional western games tend to be closer to 15-20,neither,0.04696337850624911,0.32812246116480887,0.624914160328942
wasnt Witcher 3 40 hrs if you just played main game??,neither,0.03257594437167423,0.3774032469414789,0.5900208086868469
@Enthusiamy Yay! Welcomed by one of my favorite people. I am filled with determination!,neither,0.03889339734483162,0.44805419755189113,0.5130524051032772
