text,top_class,hate_speech,offensive_language,neither
Huzzah!!,neither,0.03945320844208391,0.33037608806864915,0.630170703489267
@harberst nice xD,neither,0.03945320844208391,0.33037608806864915,0.630170703489267
hello there @Ricky_Galletti,neither,0.03937036753510788,0.27621722592919734,0.6844124065356949
Hey y'all!!,neither,0.04285346742239823,0.46255625023407465,0.49459028234352725
INTO!,neither,0.03945320844208391,0.33037608806864915,0.630170703489267
I got here just in time I see!!,neither,0.08180195848724653,0.381949549507989,0.5362484920047645
*INTRO!,neither,0.03945320844208391,0.33037608806864915,0.630170703489267
its starting!,neither,0.0318254011087983,0.33299964078826727,0.6351749581029343
"For those of you who dont know, Wednesdaisy is what us fans call ourselves on TWC discord",neither,0.1305037044995184,0.321607547923035,0.5478887475774467
And so we begin,neither,0.038264650178320425,0.3358503225971395,0.6258850272245401
"Aw man, I was going to go into full screen and taking a screen shot to use as a desktop wallpaper. Chief Bring it back later please?",neither,0.03335098524856173,0.39899441260054996,0.5676546021508884
magic is about to happen!,neither,0.05308770951143061,0.34911895440278645,0.597793336085783
Hi!!,neither,0.03945320844208391,0.33037608806864915,0.630170703489267
Intro,neither,0.03945320844208391,0.33037608806864915,0.630170703489267
hi @misssunflower94,neither,0.03945320844208391,0.33037608806864915,0.630170703489267
Is there anything scheduled for tomorrow's 7pm time slot?,neither,0.03957815261520404,0.2998802299874851,0.660541617397311
hey kids :D,neither,0.03945320844208391,0.33037608806864915,0.630170703489267
gandsLessthanthree gandsLessthanthree gandsLessthanthree gandsLessthanthree,neither,0.03945320844208391,0.33037608806864915,0.630170703489267
Jaffe!!,neither,0.03945320844208391,0.33037608806864915,0.630170703489267
hi y'all!!,neither,0.0423466876598404,0.4436528871510691,0.5140004251890904
Wooo!!!,neither,0.03945320844208391,0.33037608806864915,0.630170703489267
"Help G&S make great content! $4.99/month gets you emotes, Minecraft server access, Sub Only VODs, and more! Every sub keeps the channel alive! twitch.tv/geekandsundry/subscribe",neither,0.043907990691603095,0.31135964332838284,0.644732365980014
Hi Matt~!,neither,0.03945320844208391,0.33037608806864915,0.630170703489267
Helloooooooooo!,neither,0.03945320844208391,0.33037608806864915,0.630170703489267
@ModernChow You can clip and go back to get a screenshot too.,neither,0.056283228994602835,0.33669323514728455,0.6070235358581126
LOL Chief xD,neither,0.029869404313338878,0.4015213065569965,0.5686092891296647
Ha Chief!,neither,0.03945320844208391,0.33037608806864915,0.630170703489267
'ello 'ello 'ello,neither,0.03945320844208391,0.33037608806864915,0.630170703489267
"@SprlngheelJack It is amazing how much some fae creatures look like eldritch horror things. I personally think he's of mixed heritage. Also, sweet name.",neither,0.04445968623608062,0.3383516817134221,0.6171886320504972
this is totally christmas cheer,neither,0.04593307794391898,0.3294015025877485,0.6246654194683325
,neither,0.03945320844208391,0.33037608806864915,0.630170703489267
I really hope that's hot cocoa in that rocket mug and not coffee,neither,0.05707390304483502,0.20524271173301525,0.7376833852221497
@ravenfa critical role campaign wrapup,neither,0.03945320844208391,0.33037608806864915,0.630170703489267
"hey matt, amy and tal :D",neither,0.03889421371159694,0.30292600746185433,0.6581797788265488
Yes it is,neither,0.0504428408951861,0.3265962495318096,0.6229609095730043
Guys. I discovered Candycanes and Baileys is an amazing combination!,neither,0.0438041591967115,0.3027257707660947,0.6534700700371937
forsen1,neither,0.03945320844208391,0.33037608806864915,0.630170703489267
Chief is a gift,neither,0.04773619313992194,0.32752718980980866,0.6247366170502695
!twc,neither,0.03945320844208391,0.33037608806864915,0.630170703489267
Here are some handy The Wednesday Club resources! TWC Reddit: reddit.com/r/WednesdayClub/ | Discord: https://discord.gg/6QK9fVB | Wednesday Club Fanclub on Facebook: facebook.com/groups/1945232949091586/,neither,0.041287213005686295,0.3375124748912654,0.6212003121030484
Start the Dr.Strange Timer,neither,0.03867977287086008,0.31627665314530296,0.645043573983837
"@Danoba oh derf. thats right, thanks!",neither,0.04141209917961726,0.27977214260174305,0.6788157582186397
mint coffee though,neither,0.04816412731013396,0.1825290611911517,0.7693068114987144
whaaaaaat,neither,0.03945320844208391,0.33037608806864915,0.630170703489267
YES!! im finally here live! I missed Matt Key on MARVEL Movie News!!!,neither,0.06188574521908955,0.3148925710263582,0.6232216837545523
"o eww, mint candy in coffe",neither,0.03945320844208391,0.33037608806864915,0.630170703489267
Taliesin's already high on sugar and no sleep xD,neither,0.0326770380240189,0.39788453388461315,0.5694384280913678
:D,neither,0.03945320844208391,0.33037608806864915,0.630170703489267
"@Asrathiel2912 ooh, that sounds good",neither,0.03520823882705181,0.37050471028805737,0.5942870508848909
it is a shank,neither,0.04677099400442381,0.32785916605229437,0.6253698399432819
That candy cane has a skeleton,neither,0.03534736532469053,0.3721711450083578,0.5924814896669517
@cinphoria what's matt's excuswe,neither,0.04644688196614929,0.325405590977308,0.6281475270565426
hey @chiplickin :),neither,0.03945320844208391,0.33037608806864915,0.630170703489267
Aww that's amazing,neither,0.03571298608201333,0.3710317416459663,0.5932552722720204
its because you wrap candy canes around a white core first,offensive_language,0.3462632993932633,0.5007076713128026,0.15302902929393414
Where's Delevely when we need them to explain this phenomenon?,neither,0.0487569715912804,0.3376538713186297,0.6135891570900899
cheer100 cheer100 cheer100,neither,0.03945320844208391,0.33037608806864915,0.630170703489267
piboHi amy piboHi matt piboHi taliesin,neither,0.03945320844208391,0.33037608806864915,0.630170703489267
"ooh, its like he sucked it to a perfect point, but that was done by the coffee",neither,0.049112898055091475,0.29471301858164073,0.6561740833632678
@cinphoria isn't he always?,neither,0.04402193030554949,0.3982981332305052,0.5576799364639454
it looks like it dissolved the flesh around the candy bone..,neither,0.04283689778612248,0.31943489608224235,0.6377282061316352
Mint is a terrible flavor for candy and ice cream,neither,0.039812730320455444,0.29033071780340863,0.669856551876136
Taliesin has a #StayTurnt shirt! I thought I was the only one.,neither,0.04104065067874653,0.25098671598630484,0.7079726333349488
@Slippydude And the Brittany timer too :),neither,0.03760585556112865,0.2772203969009474,0.6851737475379239
hey yall!,neither,0.0373829100190767,0.36551445535541816,0.5971026346255053
@cinphoria I thought he said he was going to get some sleep yesterday.,neither,0.046117416798453575,0.2928837444933083,0.6609988387082381
YAAAAYY,neither,0.03945320844208391,0.33037608806864915,0.630170703489267
Hi @sp_acevex !!,neither,0.03945320844208391,0.33037608806864915,0.630170703489267
@misssunflower94 if you give Matt even one gram of sugar he turns into a 5-year-old,neither,0.03780148558207133,0.41067406554441055,0.5515244488735181
im getting the stay turnt shirt for christmas,neither,0.03178262100998222,0.36805941229857714,0.6001579666914406
Mint is the best!,neither,0.046020904535177494,0.3043825407993132,0.6495965546655093
doogHi <3 #EnthusiArmy,neither,0.03945320844208391,0.33037608806864915,0.630170703489267
"@Factorofunknowns nah, he's getting his monthly scheduled sleep on Saturday",neither,0.05260315603544484,0.3799111129908844,0.5674857309736708
@cinphoria fair,neither,0.03945320844208391,0.33037608806864915,0.630170703489267
Hellboy Christmas adventure sounds amazing,neither,0.03945320844208391,0.33037608806864915,0.630170703489267
"@Moonbeam77DPC , thank you!",neither,0.07325166854587051,0.43632638485078484,0.49042194660334476
,neither,0.03945320844208391,0.33037608806864915,0.630170703489267
he stayed after TM to be on AXYB last night because he seriously doesn't sleep :P,neither,0.04282428098671789,0.3355235586143277,0.6216521603989545
hey! @misssunflower94,neither,0.03945320844208391,0.33037608806864915,0.630170703489267
I really want them to talk about the Power Man and Iron First Christmas Annual :D,neither,0.03308514866303559,0.34312260054964583,0.6237922507873186
The Xmen christmas special may be my favourite. Santa the Omega Level mutant,neither,0.046633367206836716,0.33668483003251215,0.6166818027606512
!twc,neither,0.03945320844208391,0.33037608806864915,0.630170703489267
Here are some handy The Wednesday Club resources! TWC Reddit: reddit.com/r/WednesdayClub/ | Discord: https://discord.gg/6QK9fVB | Wednesday Club Fanclub on Facebook: facebook.com/groups/1945232949091586/,neither,0.041287213005686295,0.3375124748912654,0.6212003121030484
Taliesin's christmas present is sleep,neither,0.04664022966685148,0.3279041419042629,0.6254556284288856
LOL,neither,0.020706217963973744,0.4882283491876925,0.4910654328483337
I love how comfy Matt always looks,neither,0.036182473662826745,0.37914604289432247,0.5846714834428507
@cinphoria How will he ever have time for Star Wars.,neither,0.038452506914162604,0.31081173334091033,0.6507357597449271
^^^^^^^,neither,0.03945320844208391,0.33037608806864915,0.630170703489267
"@talahar @John_Sparks_Jr yeah, there's no doubt that d&d 5e is a good compromise between an old school game, a simulationist one and the new simplified ones",neither,0.03229279893935367,0.315493709862962,0.6522134911976845
"I will put in a plug here for two comic specials written by Bob Burden in the '90s; ""Gumby Summer Fun Special"" and ""Gumby Winter Fun Special.""",neither,0.07795542972083035,0.2767891127592283,0.6452554575199413
@japenrose Life Model Decoy,neither,0.03647680765284279,0.38136870048748234,0.5821544918596749
"mint in regular coffee? I mean maybe in a super sweetened late type coffee, like dutch coffee, but regular home made/diner American style coffe and mint?",neither,0.05093680980841439,0.16400884806296268,0.7850543421286229
oh god Taliesin what are you doing,neither,0.1229437209073327,0.2650403585261038,0.6120159205665636
"@cinphoria Right. Also, I still haven't come up with any activities for TJFC that aren't absurdly stupid. I'm still working on it. (I'm hiddengoth)",neither,0.0505002034110279,0.3670734800498943,0.5824263165390778
Every time Ken Nguyen's art gets better and better.,neither,0.038249666414085184,0.31725814425478566,0.6444921893311293
what is the store?,neither,0.10844535735911205,0.28540123782577276,0.6061534048151151
Festive Taliesin,neither,0.03945320844208391,0.33037608806864915,0.630170703489267
ha! ^_^,neither,0.03945320844208391,0.33037608806864915,0.630170703489267
He's so talented,neither,0.04553185377636583,0.37862923576076013,0.5758389104628742
Coy is a delightful human,neither,0.36212072032881304,0.09762065430303296,0.540258625368154
https://clips.twitch.tv/MildWimpyDragonRuleFive,neither,0.03945320844208391,0.33037608806864915,0.630170703489267
Coy is delightful,neither,0.081172750358939,0.3160268245287109,0.60280042511235
@cinphoria Ah of course.,neither,0.03945320844208391,0.33037608806864915,0.630170703489267
#StayTurnt,neither,0.03945320844208391,0.33037608806864915,0.630170703489267
Is it the David S Christmas suit?,neither,0.04375393041648234,0.3160281700508677,0.64021789953265
I'm trying to imagine Taliesin festive.,neither,0.04724944453272054,0.32584260827279704,0.6269079471944825
Jerry Siegel wrote it? Continuing the traditions of the Jewish people creating Christmas popular culture in America. You're welcome!,neither,0.14409694551481872,0.2700174734872472,0.5858855809979342
"@louislelion Yeah, the only thing I'm awaiting is more unique class schematics. There was a few in 3.5 that were a bit specialized that I loved.",neither,0.031685113245576366,0.37924811016619336,0.5890667765882304
hot topic is grown up hot topic imo,neither,0.03831888242859913,0.40827969749444065,0.5534014200769602
ERMERGER Thers some in dallas! YAS,neither,0.03221343781168231,0.34291054930171694,0.6248760128866008
"I just love the whole crew of Geek & Sundry... i hope they keep their unique familiarity in the future""",neither,0.05070951847093737,0.2710370497578243,0.6782534317712383
@SprlngheelJack Which issue is that? I know of the Kitty Pryde one but never heard of the Santa one (Unless it's the same comic?),neither,0.035485492018653746,0.3803894285248479,0.5841250794564983
"We have a Box Lunch at the Jordan Creek Mall in West Des Moines, Ioaw.",neither,0.03821937606823433,0.34023543303130943,0.6215451909004562
Hi @talahar hi @cinphoria,neither,0.03945320844208391,0.33037608806864915,0.630170703489267
Iowa.,neither,0.03945320844208391,0.33037608806864915,0.630170703489267
@louislelion I'd love to see a 5e Dragonfire Adept.,neither,0.04295973173233374,0.33956981067565734,0.617470457592009
hey @chiplickin :),neither,0.03945320844208391,0.33037608806864915,0.630170703489267
Evening all,neither,0.041793358651534496,0.4229818652092969,0.5352247761391685
:),neither,0.03945320844208391,0.33037608806864915,0.630170703489267
hello,neither,0.03945320844208391,0.33037608806864915,0.630170703489267
is it weird that due to coming out once a month and then having holiday issues our fav heroes experience Christmas every few weeks?,neither,0.04072244888482789,0.3346223393519144,0.6246552117632578
the technical term,neither,0.038189321764368164,0.30699900157265414,0.6548116766629778
I was just shopping in a Box Lunch store yesterday in my mall lol,neither,0.03751621378908304,0.4157322154758665,0.5467515707350504
deelyboppers is a wonderful word,neither,0.048335533445932395,0.32732104919546073,0.6243434173586068
@runningfool11 We do??,neither,0.04198946115683412,0.3345553258138889,0.623455213029277
!twc,neither,0.03945320844208391,0.33037608806864915,0.630170703489267
So is matt and marisha going to b on tonight for season wrap up?,neither,0.03767498937073725,0.34905562517843125,0.6132693854508315
Here are some handy The Wednesday Club resources! TWC Reddit: reddit.com/r/WednesdayClub/ | Discord: https://discord.gg/6QK9fVB | Wednesday Club Fanclub on Facebook: facebook.com/groups/1945232949091586/,neither,0.041287213005686295,0.3375124748912654,0.6212003121030484
I get a catalog from them occassionally,neither,0.05461157319906621,0.31320229425137286,0.632186132549561
"""A percentage of sales go to orphan's in need""""what percentage?""""Zero, zero's a percent""",neither,0.046745675458654705,0.3274063237427588,0.6258480007985865
therea a box lunch like 5 mins from me and i love it so much,neither,0.03521646167239607,0.36829117760019686,0.5964923607274072
Thanks Chief!,neither,0.0370810009996598,0.3105115283569621,0.6524074706433781
@Steambottom never thought of it that way! lol,neither,0.026977201409248,0.3681469922919153,0.6048758062988367
"mmm, lunch",neither,0.03945320844208391,0.33037608806864915,0.630170703489267
For those in 'Dark mode' does anybody know how to Disable the every other chat line suddenly having a blinding white background?,offensive_language,0.18539108148502612,0.43547564980985715,0.37913326870511677
you are a great sweater Taliesin,neither,0.08987951523008088,0.2946490708648548,0.6154714139050643
@ShandraVdeG We do! It's a cool place!,neither,0.042578064506581886,0.27656876226900173,0.6808531732244164
Chief.. like as in DP?,neither,0.04639652767942022,0.37217833109123905,0.5814251412293409
HO! HO! HO!,offensive_language,0.013321108536384277,0.8771497931721385,0.10952909829147721
"@nuttergubbins its Wednesday, you're 24 hours early",neither,0.0618987122143693,0.3246398094613248,0.6134614783243059
Stranger things ugly Christmas sweater?,neither,0.11064670135681666,0.19574302669785817,0.6936102719453252
"@Gryphon_oFH Disable the ""Split lines in chat"" function",neither,0.03883955181512622,0.3192365615827465,0.6419238866021274
Chief read my mind.... Thanks Chief!!,neither,0.03155704241776505,0.3682128688999969,0.600230088682238
in BTTV,neither,0.03945320844208391,0.33037608806864915,0.630170703489267
oh crap geez lol,neither,0.03685670231926328,0.33467311149941864,0.6284701861813181
next year is matt's 40th? so is mine!,neither,0.05200140213142483,0.369763318046353,0.5782352798222221
Oh!,neither,0.051363287716059566,0.22255663153133606,0.7260800807526044
The letter column!,neither,0.03866446523013375,0.3159916032197419,0.6453439315501244
dawwww,neither,0.03945320844208391,0.33037608806864915,0.630170703489267
QUESTION: Have you guys picked a letter column name yet? :),neither,0.04807517400401224,0.36312040913097093,0.5888044168650168
this so sweet,neither,0.039269769536187424,0.3965168458943277,0.5642133845694849
It was a live puppy,neither,0.0423351506535901,0.33137304926524314,0.6262918000811668
I watch every Wednesday but I'm not a Wednesdaisy lmao,neither,0.03907897985553505,0.35567262808311345,0.6052483920613516
i need new cookie cutters...,neither,0.043259874770857236,0.22799595383341525,0.7287441713957274
#ImAnOldFart,neither,0.03945320844208391,0.33037608806864915,0.630170703489267
@talahar Matt Mercer? he's 36,neither,0.04416089191056696,0.32875689985017587,0.6270822082392572
Hallo :D,neither,0.03945320844208391,0.33037608806864915,0.630170703489267
Hope there wasn't any food in there...,neither,0.06551008970244762,0.18801806022700504,0.7464718500705473
"@John_Sparks_Jr well, i haven't seen anything like it yet, but I guess wizard's policy is now to leave more space to the community (since it's OGC) to bring such classes and subclasses, that's clever to them, they' assured that the game will remain pretty much alive and fed",neither,0.052025762656154155,0.2996125765788031,0.6483616607650428
@tomservo544 You are in spirit if not in discord!,neither,0.05462256649837028,0.39228600890683774,0.5530914245947921
@Cymmetri : Matt Key,neither,0.03945320844208391,0.33037608806864915,0.630170703489267
Always Read The Things: The Amy Dallen Story,neither,0.036971878067830394,0.3460687732508898,0.6169593486812798
@awkwrdpaws thank you SO VERY MUCH!,neither,0.051219682777364425,0.44319875182253576,0.5055815654000998
@Cymmetri I meant Matt Key.,neither,0.03945320844208391,0.33037608806864915,0.630170703489267
everyone is Wednesdaisy,neither,0.04247846588131601,0.47546766646262095,0.4820538676560631
YOUR NAME IS ON THE MOON?! :o,neither,0.07926802853646475,0.31381397569787334,0.6069179957656619
dawwww,neither,0.03945320844208391,0.33037608806864915,0.630170703489267
"You know, the gentleman on the left there.",neither,0.047542978869051344,0.31236165137164756,0.6400953697593011
space space spacespace knowledge,neither,0.03945320844208391,0.33037608806864915,0.630170703489267
Amy you're adorable,neither,0.07701267398486074,0.3441912081179331,0.5787961178972062
@loui],neither,0.03945320844208391,0.33037608806864915,0.630170703489267
OH!,neither,0.051363287716059566,0.22255663153133606,0.7260800807526044
This is so sweet so cute,neither,0.04938244697816473,0.38759171119418245,0.5630258418276527
!twc,neither,0.03945320844208391,0.33037608806864915,0.630170703489267
Here are some handy The Wednesday Club resources! TWC Reddit: reddit.com/r/WednesdayClub/ | Discord: https://discord.gg/6QK9fVB | Wednesday Club Fanclub on Facebook: facebook.com/groups/1945232949091586/,neither,0.041287213005686295,0.3375124748912654,0.6212003121030484
"i love how easily amused Amy is, shes adorable",neither,0.04262079171426372,0.3373122628253209,0.6200669454604153
East Jesus?,neither,0.03945320844208391,0.33037608806864915,0.630170703489267
https://clips.twitch.tv/SecretivePiercingTubersJKanStyle,neither,0.03945320844208391,0.33037608806864915,0.630170703489267
I'm a little late due to a combination of a poorly optioned christmassy quiz and a dog that refused to come inside. I now have mildly soggy socks.,neither,0.03851622753096841,0.25254568541209016,0.7089380870569415
"such burning man, much art. bless you matt",neither,0.046767677923180935,0.3998088251489428,0.5534234969278764
Talisen would probably like Atlus Obscuras website. Seeing as he travels alot. Good way to find the cool weird places wherever you are in the USA,neither,0.07301502886131679,0.29599929160636324,0.6309856795323201
hi @Danoba 0/,neither,0.03945320844208391,0.33037608806864915,0.630170703489267
"@japenrose watch his signal boost, he talks about ti there",neither,0.0599829296082954,0.31984987444166385,0.6201671959500407
"@louislelion Oh sure, I just like to see more solid skeletons from Wizards, even if it's just UA releases. I loved the Lore Master release for example, made me SO happy for Wizard casting again.",neither,0.027715528876317213,0.4054853043308307,0.5667991667928521
A dIgital technology company?! Preposterous!,neither,0.03945320844208391,0.33037608806864915,0.630170703489267
@Misty_Crom that sucks this time of year,neither,0.034543448404752465,0.39128627005253863,0.5741702815427089
Stay Turnt Shirt,neither,0.03945320844208391,0.33037608806864915,0.630170703489267
@misty_crom my condolences. Soggy socks suck,neither,0.04466724143997452,0.4125332223767944,0.5427995361832311
"@Danoba yes, they did it with a LAY-ZOR",neither,0.028392803732907066,0.365485010766188,0.606122185500905
If it would make Taliesin feel any better the university that invented the internet has the absolute worst wifi.,neither,0.02840398558230486,0.3383913929687403,0.6332046214489548
I presume Matt has mentioned Doctor Strange already?,neither,0.0390437877818308,0.337325025175923,0.6236311870422463
tal retweets atlas obscura all the time,neither,0.03899294138413628,0.3889998801555611,0.5720071784603026
awwwwwwww,neither,0.03945320844208391,0.33037608806864915,0.630170703489267
WOW that is a Taliesin scarf,neither,0.04321759284140802,0.36806290759691807,0.5887194995616739
oh IT'S SO PRETTYY,neither,0.046072321297678326,0.323834750892359,0.6300929278099626
@a_few_more_goth Oh it's been ages since I've watched that so I'll revisit it. Thanks!,neither,0.02480961637316865,0.3320206429336928,0.6431697406931386
...did he just apologize for being self-sacrificing? Is Matt Key secretly Canadian?,neither,0.037916673970998425,0.33645531836315007,0.6256280076658514
How lovely!,neither,0.03945320844208391,0.33037608806864915,0.630170703489267
love this scarf,neither,0.036216690539557936,0.3467758508576156,0.6170074586028266
nope. we can't even tell.',neither,0.03863556084268254,0.3442537017206836,0.6171107374366339
That's awesome!,neither,0.03419525192306799,0.38790559219732307,0.5778991558796089
Yaaay!,neither,0.03945320844208391,0.33037608806864915,0.630170703489267
that's so lovely wow,neither,0.03552206195007646,0.41678177401995486,0.5476961640299686
so fraking awesome,neither,0.03940831064796619,0.39344133035444445,0.5671503589975895
its so nice!,neither,0.0316264006811728,0.3946649318728255,0.5737086674460018
Goodies!!!,neither,0.03945320844208391,0.33037608806864915,0.630170703489267
that's wonderful,neither,0.03462336300107231,0.3831274915853991,0.5822491454135285
That is a beautiful scarf!,neither,0.043143831119470163,0.3673833751114566,0.5894727937690732
scarfing technology. this is the future! :D,neither,0.045781563667859404,0.31495844572409404,0.6392599906080466
The most Taliesin of scarves,neither,0.038016938163832316,0.3036577496822515,0.6583253121539162
Nice!,neither,0.03945320844208391,0.33037608806864915,0.630170703489267
* o *,neither,0.03945320844208391,0.33037608806864915,0.630170703489267
That scarf is beautiful!,neither,0.043143831119470163,0.3673833751114566,0.5894727937690732
!twc,neither,0.03945320844208391,0.33037608806864915,0.630170703489267
Here are some handy The Wednesday Club resources! TWC Reddit: reddit.com/r/WednesdayClub/ | Discord: https://discord.gg/6QK9fVB | Wednesday Club Fanclub on Facebook: facebook.com/groups/1945232949091586/,neither,0.041287213005686295,0.3375124748912654,0.6212003121030484
"Oh, that's nifty",neither,0.041653734667610604,0.31516558131817907,0.6431806840142105
It's a skeletal scarf for The Master.,neither,0.03267817091948224,0.2930459864181358,0.674275842662382
LOL,neither,0.020706217963973744,0.4882283491876925,0.4910654328483337
that's amazing,neither,0.03413659802039229,0.3885612680816893,0.5773021338979183
That scarf is really nice,neither,0.04296615742553013,0.36573647097089423,0.5912973716035755
\o/,neither,0.03945320844208391,0.33037608806864915,0.630170703489267
I think Percy would wear that scarf?,neither,0.03666838765129184,0.3497085580919588,0.6136230542567493
Taliesin gained +2 to beauty... not that that is possible,neither,0.04365610935890148,0.3955332692803158,0.5608106213607827
What a perfect bracelet for a Quinton Quire cosplay,neither,0.038666085403533314,0.30611524236608423,0.6552186722303825
"it's only a matter of time until they start making scarfs for your hands, to warm them in winter.. the future is looking bright",neither,0.0643266817552257,0.30017243088417883,0.6355008873605954
No...he wasn't,neither,0.045986263375678474,0.34731612100553,0.6066976156187915
YAS!,neither,0.03945320844208391,0.33037608806864915,0.630170703489267
such a nice scarf,neither,0.039685961874852974,0.3264256548765028,0.6338883832486442
@John_Sparks_Jr well Xanathar's guide has been just released^^,neither,0.03614554084261786,0.34506738541309556,0.6187870737442867
"you now what, genosha IS for lovers.",neither,0.06497886788295693,0.3314460742889958,0.6035750578280472
"@starpilotsix If not, I'd say we'll gladly adopt him, no?",neither,0.02665129964284417,0.38107488889433766,0.5922738114628181
lol,neither,0.020706217963973744,0.4882283491876925,0.4910654328483337
This is lovely!,neither,0.049720289556762595,0.3287517743397576,0.6215279361034798
so awesme,offensive_language,0.039501631330860744,0.48329170807269783,0.4772066605964413
#MagnetoWasRight,neither,0.03945320844208391,0.33037608806864915,0.630170703489267
It's literally Tal,neither,0.038084103648038374,0.33084698598844664,0.631068910363515
