text,top_class,hate_speech,offensive_language,neither
The hardest part is getting things ready yes,neither,0.04124044481208481,0.36502007297453776,0.5937394822133775
gandsBeccasaurus gandsBeccasaurus gandsBeccasaurus gandsBeccasaurus gandsBeccasaurus,neither,0.03945320844208391,0.33037608806864915,0.630170703489267
Hi beccaOshibaby beccaOshibaby beccaOshibaby,neither,0.03945320844208391,0.33037608806864915,0.630170703489267
Hi Cheater!,neither,0.03945320844208391,0.33037608806864915,0.630170703489267
Best book ever,neither,0.03849325845551591,0.32233759047042604,0.639169151074058
"i love museums, Don't hate on museums Becca",hate_speech,0.4247857272126777,0.19169698395289117,0.3835172888344311
Museums can be fun! Just set your phone to play the sound of breaking glass at random moments.,neither,0.05416219046989614,0.33810175517385094,0.6077360543562528
@starpilotsix I love that idea!,neither,0.03141197311533585,0.39869622011098277,0.5698918067736815
is anyone else not getting any sound?,neither,0.04112918906057554,0.38748115037652603,0.5713896605628984
I am,neither,0.03902346103501681,0.3305238979082658,0.6304526410567174
Sound is working for me.,neither,0.033250612382249196,0.3373905416090282,0.6293588460087227
Easiest escape room ever.... one wall is missing because of the camera setup :-P,neither,0.042374301575213685,0.33626171338888383,0.6213639850359024
whats...going on with my thing,neither,0.019211964717296595,0.4718785023648011,0.5089095329179024
Quick! @Paladin356 use Lay on Hands before your deafness becomes perminant,neither,0.026654989340315786,0.43891664473899017,0.5344283659206941
Becca is going to cheat her way out of the room,offensive_language,0.036928416232723554,0.5121436469793775,0.45092793678789894
jcvimHi BECCA jcvimHi GUESTS,neither,0.03945320844208391,0.33037608806864915,0.630170703489267
so this is Training for when Becca puts you in her dungeon!!!,offensive_language,0.03541530508238509,0.580592488768411,0.3839922061492039
!whodat,neither,0.03945320844208391,0.33037608806864915,0.630170703489267
"Becca Scott ( twitter.com/thebeccascott ), with guests Brian Markenson ( twitter.com/bmarkenson ), Juliana Patel ( twitter.com/JulianaPatel ), Ariel Rubin ( twitter.com/wildoptimists ).",neither,0.03526911591185614,0.4788132904332591,0.48591759365488474
Sooooo How to escape...guessing no one in the dungeon is being allow to watch this episode. ;-p,neither,0.04933579473463336,0.3523345610289951,0.5983296442363715
incidentally everyone in my town had temporary blindness when the wind killed the electricity for 29+ minutes,neither,0.025799977144699664,0.40257637663100326,0.571623646224297
....chrome is acting really weird tonight,neither,0.04324204192024271,0.3114579337647989,0.6453000243149584
@Paladin356 What's happening?,neither,0.04568673754512718,0.3259267583143808,0.628386504140492
hey Danoba,neither,0.03945320844208391,0.33037608806864915,0.630170703489267
Re hrpgSub hrpgHyperHype ramaHype gandsSubHype,neither,0.10802165902134243,0.2484119200751343,0.6435664209035233
"anywho, in a whole sequence of events, i had to do a system restore",neither,0.0455745642236974,0.3270575266235905,0.6273679091527121
and then i had to reinstall adobe flash,neither,0.04574156790638067,0.28509474374850535,0.669163688345114
which was working,neither,0.03931635940478926,0.332698773379067,0.6279848672161438
100ml bitters? That's an insane amount for any recipe,neither,0.033342977660491296,0.333903131190442,0.6327538911490667
"but then when i tried to run G&S, the stream was stuck on a page",neither,0.03282804805404941,0.3629729375665336,0.6041990143794171
an image i mean,neither,0.03978742348019447,0.32470358664016824,0.6355089898796373
"but when it was HTML5, it worked",neither,0.025757335046964612,0.3881819671279993,0.586060697825036
but there was no sound,neither,0.03482287173662021,0.31189142261918984,0.6532857056441899
"Hmm, i've not encounted that before.",neither,0.015624486938835986,0.4069992883213185,0.5773762247398456
Hello alls,neither,0.03945320844208391,0.33037608806864915,0.630170703489267
o.0,neither,0.03945320844208391,0.33037608806864915,0.630170703489267
Is the drink making part of the game?,neither,0.04481765807747551,0.2614207413276583,0.6937616005948661
QUESTION Why was Becca throwing Shade at Museums,neither,0.03023201788289369,0.36245695736368255,0.6073110247534238
i want that root beer,neither,0.03603285820950263,0.3661514317002282,0.5978157100902691
mmm Long island ice tea would have been my choice,neither,0.032025949062974735,0.38229609886693566,0.5856779520700895
"Good CV skill ""Bottle opening""",neither,0.03894934121001533,0.33054939111489307,0.6305012676750916
step one: start mixing drinks,neither,0.03882470356630286,0.3534904592786731,0.607684837155024
Hi @mmatton,neither,0.03945320844208391,0.33037608806864915,0.630170703489267
Please tell me it turned out you had the tab muted or knocked a cord loose (only because I do those things without realizing it all the time).,neither,0.04840818516475135,0.36494030175704745,0.5866515130782011
We play GAME?,neither,0.038421107754327576,0.27987437684513816,0.6817045154005343
"Uh oh, dem americans messing ariund with the metric system :-D What could possibly go wrong? ^^",neither,0.03861152086816159,0.3155018704770346,0.6458866086548037
sizi ne sikerim be,neither,0.04003577326701391,0.33525441090997915,0.6247098158230069
We making moonshine?,neither,0.04041562786640789,0.31404131872332225,0.6455430534102699
@O_Groupie it does look like a GAME setup,neither,0.03403241186117632,0.4181934681414906,0.5477741199973329
"Help G&S make great content! $4.99/month gets you emotes, Minecraft server access, Sub Only VODs, and more! Every sub keeps the channel alive! twitch.tv/geekandsundry/subscribe",neither,0.043907990691603095,0.31135964332838284,0.644732365980014
Whatever happened to no drinks at the Carolina Game Table? :P,neither,0.0414066567107425,0.31627288270568804,0.6423204605835695
@Ossborn It will lead to Americans eating Royales with Cheese.,neither,0.035423465728379094,0.33773654364567385,0.6268399906259471
!cgt,neither,0.03945320844208391,0.33037608806864915,0.630170703489267
Playing on a Carolina Game Table! http://www.carolinagametables.com/ | @game_tables,neither,0.03560184987264794,0.2501866506739449,0.714211499453407
Re hrpgSub hrpgHyperHypehrpgHyperHype ramaHype gandsSubHype,neither,0.10802165902134243,0.2484119200751343,0.6435664209035233
stalkers the game feliciaCreep,neither,0.03800096793703197,0.27258396664435436,0.6894150654186136
"REMINDER: Twitch is running a promotion with 20% Off New Subs and Gifted Subs, and on all tiers! Read more about what defines a ""new"" sub and more here: http://bit.ly/20offSubs",neither,0.051870858804037155,0.23131868361446495,0.716810457581498
"they may still be stalkers, this picture thing might just be a happy accident",neither,0.0376306761401082,0.34215903163926703,0.6202102922206247
Re hrpgSub hrpgHyperHype gandsSubHype ramaHype,neither,0.10802165902134243,0.2484119200751343,0.6435664209035233
