text,top_class,hate_speech,offensive_language,neither
we're in,neither,0.07632333628851731,0.28334432348334326,0.6403323402281395
We have art!,neither,0.038655822361436075,0.3439098108690858,0.6174343667694782
queue the music!!!,neither,0.03798700579382922,0.30307271736661473,0.6589402768395561
PogChamp,neither,0.03945320844208391,0.33037608806864915,0.630170703489267
wooop we're live people,neither,0.13324443319689322,0.28411179524635827,0.5826437715567485
yay!,neither,0.03945320844208391,0.33037608806864915,0.630170703489267
bidet,neither,0.03945320844208391,0.33037608806864915,0.630170703489267
weeeeeeeeeo,neither,0.03945320844208391,0.33037608806864915,0.630170703489267
WERE LIVE,neither,0.04667180541449663,0.297656294573652,0.6556719000118514
Here we go!! It starts.,neither,0.0888579361249959,0.29771967773180685,0.6134223861431973
It's time boizz,neither,0.034389982057555904,0.3710596410554468,0.5945503768869974
Haveamagicalday no amazon here sadly,neither,0.16019924532073013,0.2735997564217923,0.5662009982574777
anddd we have art,neither,0.038655822361436075,0.3439098108690858,0.6174343667694782
Art is up :D,neither,0.045991427074099804,0.39187272382964855,0.5621358490962516
ART ROLLING,neither,0.03945320844208391,0.33037608806864915,0.630170703489267
who let brian be a mod,neither,0.02480860557933393,0.4407711829999522,0.5344202114207138
WOOOO,neither,0.03945320844208391,0.33037608806864915,0.630170703489267
bards are fun but they're a ton of work,neither,0.07483770890500993,0.2784308659908463,0.6467314251041437
WOOO!,neither,0.03945320844208391,0.33037608806864915,0.630170703489267
Bidet from the watermelon capital of Texas critters,neither,0.03954759513296356,0.30504244495931904,0.6554099599077173
yay art,neither,0.03945320844208391,0.33037608806864915,0.630170703489267
Any new episode tonight,neither,0.040160358500241716,0.2290815341620071,0.7307581073377513
Bidet from Ontario Canada,neither,0.040354386843928725,0.3150807387011266,0.6445648744549448
Bidet from C Springs,neither,0.04062582848913359,0.31047366557575606,0.6489005059351104
FANART YESSSSS,neither,0.03945320844208391,0.33037608806864915,0.630170703489267
So excited to be here guys,neither,0.10061382338828627,0.3346665058540071,0.5647196707577067
,neither,0.03945320844208391,0.33037608806864915,0.630170703489267
bidet,neither,0.03945320844208391,0.33037608806864915,0.630170703489267
bidet!,neither,0.03945320844208391,0.33037608806864915,0.630170703489267
ayyyyy,neither,0.03945320844208391,0.33037608806864915,0.630170703489267
"The channel has gone live, if you cannot see fan art please refresh.",neither,0.03806528570573744,0.3693331668636201,0.5926015474306424
The pre-stream art sizzle is up. Refresh if you can't see it,neither,0.03737475018049488,0.40668834635957973,0.5559369034599254
So it begins.,neither,0.037879336342691194,0.38030240068653764,0.5818182629707711
Bidet from Boise!,neither,0.04228451509352876,0.2823214250720796,0.6753940598343917
YAY ART,neither,0.03945320844208391,0.33037608806864915,0.630170703489267
Art,neither,0.03945320844208391,0.33037608806864915,0.630170703489267
i will miss the Vox machina intro so much,neither,0.031210839323823732,0.3360980847287156,0.6326910759474608
so quiet,neither,0.03940827347111187,0.39221397332732405,0.5683777532015641
"@BrianWFoster the Cabbagelord himself. welcome to chat, friend.",neither,0.04394250322605425,0.3146678541407444,0.6413896426332013
WOOOOT ART,neither,0.03945320844208391,0.33037608806864915,0.630170703489267
is bidet a meme?,neither,0.0495192247997867,0.32691392345999004,0.6235668517402233
bidet af,neither,0.03945320844208391,0.33037608806864915,0.630170703489267
:(,neither,0.03945320844208391,0.33037608806864915,0.630170703489267
"repeat The channel has gone live, if you cannot see fan art please refresh.",neither,0.038150731619647,0.36679518278224515,0.5950540855981077
Bidet from RI,neither,0.04069404815304118,0.30931579984010865,0.6499901520068502
yay,neither,0.03945320844208391,0.33037608806864915,0.630170703489267
I bet the Moon Hammer Grog got from Mary turned him in to a werewolf.,neither,0.0422758723158496,0.3352743297974949,0.6224497978866556
Always bidet,neither,0.03557448528484342,0.4519132619047061,0.5125122528104504
I am hoping Travis plays a full on glass cannon wizard,neither,0.04698843305512973,0.3341638204149196,0.6188477465299507
Marisha as a Death Metal Bard,neither,0.037520128865126325,0.3631854934253042,0.5992943777095694
scapaT,neither,0.03945320844208391,0.33037608806864915,0.630170703489267
Bidet from Brisbane everyone!,neither,0.032273186170202715,0.4522398043874164,0.5154870094423808
art!,neither,0.03945320844208391,0.33037608806864915,0.630170703489267
"im still not all the way through the previous episodes, this is the first time watching it 'live' im kinda missing the skip options lol",neither,0.03450513080388196,0.39437794834272033,0.5711169208533976
Thats good art,neither,0.03877038333312555,0.33061094293497667,0.6306186737318977
IS THIS LIVE?!,neither,0.06264826366348325,0.3248039992423424,0.6125477370941744
Bidet from San Francisco! :),neither,0.040391840503121675,0.31444505235836057,0.6451631071385178
"@brianwfoster i saw your music vid today, Amazing!",neither,0.05944869567418497,0.30772975275620906,0.6328215515696061
Biday from Midland TX - beep beep,neither,0.04081748366884477,0.3072207769958956,0.6519617393352596
bidet from Florida man,neither,0.04101922790365676,0.38558549208946347,0.5733952800068799
bidet everyone!,offensive_language,0.02988896790634741,0.4927062106388782,0.4774048214547744
Travis playing a smart character would be killer. You can always see the gears grinding with him during battles and puzzling encounters,neither,0.03866622749512458,0.3626400254287142,0.5986937470761612
Bidet from Texas!,neither,0.040937266849991,0.30518774380265185,0.6538749893473571
BIDET!!!,neither,0.03945320844208391,0.33037608806864915,0.630170703489267
bidet,neither,0.03945320844208391,0.33037608806864915,0.630170703489267
gandsSubHype gandsSubHype gandsSubHype gandsSubHype gandsSubHype gandsSubHype gandsSubHype gandsSubHype,neither,0.03945320844208391,0.33037608806864915,0.630170703489267
omg,neither,0.03945320844208391,0.33037608806864915,0.630170703489267
Bidet from Cincinnati OH,neither,0.050416241482135554,0.21698369937451742,0.732600059143347
@BrianWFoster when are you going to get to play man?,offensive_language,0.08986436611160611,0.4658528918734682,0.44428274201492574
@acepartycrasher yep!,neither,0.03945320844208391,0.33037608806864915,0.630170703489267
Woooo art,neither,0.03945320844208391,0.33037608806864915,0.630170703489267
Supa excited,neither,0.03945320844208391,0.33037608806864915,0.630170703489267
they have the intro everytime they did the oneshot,neither,0.0378783362181351,0.3141762270438719,0.6479454367379931
I wonder what the new intro will be and if they will start session 1 of the new story with it,neither,0.030398655666025478,0.2333990749111136,0.7362022694228609
"legocritter -> Ooh, that's gotta hurt. [stop spamming caps] [warning]",neither,0.035806428054088985,0.4225354617180594,0.5416581102278517
"Let's go, critrole!",neither,0.01806316484133749,0.39391011985298136,0.5880267153056813
Yay Art! or... YART!,neither,0.03945320844208391,0.33037608806864915,0.630170703489267
Bidet from northern VA!,neither,0.040334677536117594,0.315415257091876,0.6442500653720065
BIDET FROM BRISBANE,neither,0.04228451509352876,0.2823214250720796,0.6753940598343917
bidet from knoxville!,neither,0.04062582848913359,0.31047366557575606,0.6489005059351104
Art is up,neither,0.045991427074099804,0.39187272382964855,0.5621358490962516
A death metal bard is what i currently play....i'm all for this!!!,neither,0.045155375448049685,0.3502951644108758,0.6045494601410745
"@AcePartyCrasher not live, recorded",neither,0.04266080010103792,0.33380386832188946,0.6235353315770726
Bidet from a Canadian living in sunny Florida,neither,0.04017222625552767,0.3181724792875452,0.641655294456927
BIDET,neither,0.03945320844208391,0.33037608806864915,0.630170703489267
I’ll hang in the chat with you guys unless it gets nasty then I’m out af,neither,0.03661617262582044,0.3791754158533862,0.5842084115207933
Love seeing all the art,neither,0.037303888578652133,0.3927460133045986,0.5699500981167493
bidet!,neither,0.03945320844208391,0.33037608806864915,0.630170703489267
Bidet from Ontario,neither,0.04062582848913359,0.31047366557575606,0.6489005059351104
bidet from ontario everyone,neither,0.034717737473301175,0.4107493890033132,0.5545328735233856
aeroHey aeroHey aeroHey,neither,0.03945320844208391,0.33037608806864915,0.630170703489267
Bidet from my dark deep pool of sadness,neither,0.03239092391124491,0.37617592276290074,0.5914331533258544
Someone will have identify spell!,neither,0.04017390705388224,0.3181439517529339,0.6416821411931838
how long till the show starts?,neither,0.0510700107827731,0.25213702136849375,0.6967929678487331
is this the battle royal again?,neither,0.043612828178865845,0.3415236161831432,0.614863555637991
Bidet!,neither,0.03945320844208391,0.33037608806864915,0.630170703489267
@kadenjahusk BIDET FROM CENTRAL VA,neither,0.040371808140217125,0.31478505383715205,0.6448431380226308
here we go yall,neither,0.1038068899414129,0.31810687110518643,0.5780862389534006
Bidet from Lewisville Texas,neither,0.04042489113558478,0.3138840968701843,0.6456910119942308
Craven EdgexGrog 4eva!,neither,0.03945320844208391,0.33037608806864915,0.630170703489267
bidet from nz!,neither,0.04228451509352876,0.2823214250720796,0.6753940598343917
Bidet from Boise,neither,0.04228451509352876,0.2823214250720796,0.6753940598343917
Bidet from Milwaukee,neither,0.04066490145509902,0.30981049537100724,0.6495246031738937
Bidet from Atlanta!,neither,0.04078317879478948,0.307803020237201,0.6514138009680096
Made it in time!,neither,0.035968849476774326,0.35806329296300604,0.6059678575602198
Bidet from Va errbody,neither,0.04035096305996787,0.3151388492503063,0.6445101876897258
bidet from rhode island bleedPurple bleedPurple bleedPurple,neither,0.04039476597904064,0.31439539939713196,0.6452098346238274
whats the plan for tonight???,neither,0.032286314883445306,0.2799812481255382,0.6877324369910165
Bidet from Georgia!,neither,0.04066490145509902,0.30981049537100724,0.6495246031738937
!clock,neither,0.03945320844208391,0.33037608806864915,0.630170703489267
It is currently 6:52 PM at the Geek & Sundry studio in California.,neither,0.052062192559818914,0.32955088571818186,0.6183869217219992
The Foster!,neither,0.03843498882663835,0.31168514531390124,0.6498798658594604
Bidet from Victoria Australia,neither,0.040354386843928725,0.3150807387011266,0.6445648744549448
@2or3godzillas @NeutralGoodTango Bidet fellow Briscriters :),neither,0.03945320844208391,0.33037608806864915,0.630170703489267
@BrianWFoster so we shouldn't call you Mr. Foster?,neither,0.05134301510987556,0.4031765787190584,0.5454804061710661
Bidet from Finland,neither,0.04228451509352876,0.2823214250720796,0.6753940598343917
ehhhh my VA people love it!,neither,0.046451144829233834,0.4235289343290076,0.5300199208417586
BIDET FRIENDS,neither,0.03945320844208391,0.33037608806864915,0.630170703489267
Bidet! :),neither,0.03945320844208391,0.33037608806864915,0.630170703489267
"Bidet from Moore, Oklahoma.",neither,0.04066490145509902,0.30981049537100724,0.6495246031738937
Bidt from the UK,neither,0.039613273355342184,0.2892653269430044,0.6711213997016535
@ath3ory Eyyyyy VA rep!,neither,0.03945320844208391,0.33037608806864915,0.630170703489267
bidet from melbourne,neither,0.04228451509352876,0.2823214250720796,0.6753940598343917
bidet from the city of angels,neither,0.03957474379656446,0.29836691382845876,0.6620583423749768
Bidet from Daytron ohio,neither,0.040754399270683486,0.3082914838698526,0.650954116859464
@Hoodywolf it's prerecorded wrap-upisode,neither,0.037554805750496786,0.33102903580668525,0.6314161584428181
"Once again, bidet to everyone in chat! I hope that you're all pleasantly enjoying yourselves.",neither,0.08434907015400119,0.41303118106678294,0.5026197487792159
bidet from kcmo,neither,0.04228451509352876,0.2823214250720796,0.6753940598343917
BIDET,neither,0.03945320844208391,0.33037608806864915,0.630170703489267
oh hai mark,neither,0.045551730371242716,0.27262385067210176,0.6818244189566555
"Bidet from Portland, Oregon!",neither,0.040371808140217125,0.31478505383715205,0.6448431380226308
Bidet from South Korea,neither,0.04088864702710942,0.3060129490845789,0.6530984038883118
Bidet from DC,neither,0.0408364874901429,0.30689823255244486,0.6522652799574122
Bidet from Canada.,neither,0.04071751644889743,0.3089174816120565,0.6503650019390461
bidet from Melbourne!,neither,0.04228451509352876,0.2823214250720796,0.6753940598343917
Bidet from Denmark,neither,0.04228451509352876,0.2823214250720796,0.6753940598343917
bidet from calgary,neither,0.04228451509352876,0.2823214250720796,0.6753940598343917
I will not be in the next campaign unless they ask me on for a one-shot type situation.,neither,0.030235790759391517,0.3481504857804675,0.6216137234601411
Does anyone smell cabbage,neither,0.025578117356136833,0.4605070534385552,0.5139148292053081
Bidet from Chile!,neither,0.04069404815304118,0.30931579984010865,0.6499901520068502
Bidet from Brisbane Australia,neither,0.04062582848913359,0.31047366557575606,0.6489005059351104
hello again,neither,0.037234283857329756,0.36803702920363696,0.5947286869390334
bidet from RAdelaide australia,neither,0.04062582848913359,0.31047366557575606,0.6489005059351104
Bidet from Salem OR,neither,0.04147775179570021,0.2960143037206597,0.66250794448364
Bidet from Kansas City,neither,0.04050054910234117,0.3125999837227694,0.6468994671748894
AYYYY,neither,0.03945320844208391,0.33037608806864915,0.630170703489267
Bidet from Arkansas,neither,0.04066490145509902,0.30981049537100724,0.6495246031738937
bidet from California,neither,0.06971251856910227,0.2972619859879888,0.633025495442909
Good evening all !!! :D,neither,0.0407757687943942,0.4132731801052576,0.545951051100348
bidet from Texas,neither,0.040937266849991,0.30518774380265185,0.6538749893473571
"Bidet from the Fraser Valley, BC!",neither,0.039578659413113004,0.2974228056946734,0.6629985348922135
Heyyy,neither,0.03945320844208391,0.33037608806864915,0.630170703489267
Bidet,neither,0.03945320844208391,0.33037608806864915,0.630170703489267
Bidet from Phoenix!,neither,0.04066490145509902,0.30981049537100724,0.6495246031738937
Bidet,neither,0.03945320844208391,0.33037608806864915,0.630170703489267
"Bidet from Australia, everyone!!",neither,0.034717737473301175,0.4107493890033132,0.5545328735233856
BEEPBEEP & BIDET from Madisonville TX,neither,0.04081748366884477,0.3072207769958956,0.6519617393352596
"Bidet from Palatine, IL",neither,0.04066490145509902,0.30981049537100724,0.6495246031738937
First time watching live o.o,neither,0.03513206370154816,0.3516282956383994,0.6132396406600524
I wish that was a real fighting game,neither,0.029726113040700972,0.4316929720861963,0.5385809148731027
AAAY Bidet from KC!,neither,0.04066490145509902,0.30981049537100724,0.6495246031738937
"@sesimiestreetfighter hey if you are playing a metal bard please check the College of Strings, it's up in most D&D places",neither,0.044534486990365815,0.37635675342516717,0.5791087595844671
beep beep and bidet from colorado yall!,neither,0.03832928197815668,0.2984030720697271,0.6632676459521163
"bidet from Fort Collins, CO",neither,0.04181741232017598,0.2902493781769742,0.6679332095028498
"Bidet from Olympia, Washington!",neither,0.04080695066346891,0.3073995495860776,0.6517934997504536
bidet from StonedVille,neither,0.04228451509352876,0.2823214250720796,0.6753940598343917
"Bidet from Oswego, New York",neither,0.044690599332616286,0.20708884905532376,0.7482205516120599
Bidet from Wisconsin,neither,0.04071751644889743,0.3089174816120565,0.6503650019390461
Bidet bidet,neither,0.03945320844208391,0.33037608806864915,0.630170703489267
North Carolina!,neither,0.03945320844208391,0.33037608806864915,0.630170703489267
i'm so thankful for you critters...you re the best online folks i know..it's like home,neither,0.07645200939473117,0.3680296246887231,0.5555183659165457
@BrianWFoster Hi Bryan! Love from Poland!,neither,0.037789989738361535,0.3261029379424449,0.6361070723191936
Hello from the UK,neither,0.039576624406458885,0.29791290737306286,0.6625104682204782
Bidet from Maryland,neither,0.04066490145509902,0.30981049537100724,0.6495246031738937
Bidet from Las Vegas!!,neither,0.040400041164603724,0.3143058657309893,0.6452940931044071
Bidet from MI~,neither,0.04081748366884477,0.3072207769958956,0.6519617393352596
Greetings and happy holidays to all the Critters!!,neither,0.04565028826301278,0.33411836770560827,0.6202313440313789
bidet from Australia,neither,0.04062582848913359,0.31047366557575606,0.6489005059351104
OOOoOooO Adelaide!!!,neither,0.03945320844208391,0.33037608806864915,0.630170703489267
bidet from brazil!,neither,0.04079557052152802,0.30759270029461827,0.6516117291838538
"Bidet, all!",offensive_language,0.046917543854519406,0.6277741405869331,0.3253083155585475
Bidet,neither,0.03945320844208391,0.33037608806864915,0.630170703489267
F I R S T B L O O D ! ! !,neither,0.03945320844208391,0.33037608806864915,0.630170703489267
Im sure youll be in alot more one shots Brian.,neither,0.036322315253723605,0.4423847847865375,0.5212928999597388
"Good, didn't miss the startt",neither,0.018077806167544758,0.3628350514940822,0.619087142338373
Ay! @BrianWFoster Nice to see you in chat! You're awesome,neither,0.09124823684032819,0.3707890582315718,0.5379627049280999
So many subscriptions!,neither,0.039413129245513115,0.4120595004619746,0.5485273702925123
Bidet from Tucson!,neither,0.04228451509352876,0.2823214250720796,0.6753940598343917
NO MERCY PERCY!!! XD,neither,0.03875797231965237,0.3421760594880079,0.6190659681923398
Bidet from Oklahoma,neither,0.04066490145509902,0.30981049537100724,0.6495246031738937
Bidet from the U.K,neither,0.039779025773403386,0.2539611253407979,0.7062598488857987
"Bidet from Camdenton, Missouri!",neither,0.04071751644889743,0.3089174816120565,0.6503650019390461
ITS UP,neither,0.02540825348022648,0.4347329232452923,0.5398588232744811
Bidet from Houston!,neither,0.040875471929787875,0.3062365648703896,0.6528879631998226
"bidet from Ames, IA",neither,0.04228451509352876,0.2823214250720796,0.6753940598343917
"@Dhaxatron Calgary, high five!",neither,0.035430809497031104,0.4256094199322522,0.5389597705707165
@Emalyna mine was last week :),neither,0.03932919290841634,0.33248095532974,0.6281898517618437
"Hey! Denver, Colorado!",neither,0.03945320844208391,0.33037608806864915,0.630170703489267
"bidet from silver spring, md",neither,0.04023717507484091,0.3170701283208882,0.642692696604271
Bidet from Pittsburgh!,neither,0.04066490145509902,0.30981049537100724,0.6495246031738937
Hello hello!,neither,0.03945320844208391,0.33037608806864915,0.630170703489267
bidet from seattle!,neither,0.040754399270683486,0.3082914838698526,0.650954116859464
"bidet from Fayetteville, AR",neither,0.04228451509352876,0.2823214250720796,0.6753940598343917
"Bidet from San Luis Obispo, CA",neither,0.0402616884227302,0.3166540728324669,0.643084238744803
"Bidet from Scituate, MA. Hi Sam!",neither,0.03450985948009141,0.41427762106641397,0.5512125194534945
"Bidet from New York! (First time catching this live, am I doing this right?)",neither,0.03886280008961067,0.2904107250407654,0.6707264748696239
Bidet fellow Marylander,neither,0.03945320844208391,0.33037608806864915,0.630170703489267
@surhin Hello! Did you get to see Matthew?,neither,0.05848356302435149,0.3703736255838316,0.571142811391817
bidet from melbourne!!!,neither,0.04228451509352876,0.2823214250720796,0.6753940598343917
#TexasCritters,neither,0.03945320844208391,0.33037608806864915,0.630170703489267
Good Morning from the UK,neither,0.045921331169112956,0.17314151918169884,0.7809371496491881
bidet from brazil,neither,0.04079557052152802,0.30759270029461827,0.6516117291838538
"Thanks to the cast , crew and you for everything this year @BrianWFoster",neither,0.046622390244336065,0.287666039314228,0.6657115704414358
Bidet from New Westminster BC,neither,0.04515703081451045,0.19532669693793347,0.7595162722475561
Bidet from Australia,neither,0.04062582848913359,0.31047366557575606,0.6489005059351104
Bidet from Cincy,neither,0.04062582848913359,0.31047366557575606,0.6489005059351104
Bidet from Boston!,neither,0.040769555981420263,0.3080342349327864,0.6511962090857933
Bidet from STL M0,neither,0.04228451509352876,0.2823214250720796,0.6753940598343917
Lots of Brisbane and Aussie Critters! Happy Holidays guys! :) <3,neither,0.03875660427423827,0.30147189215473386,0.6597715035710279
"@BrianWFoster Your doppelgagner was onstage with Taliesin, Erika and Trish :D",neither,0.0639288725018923,0.3144692199629153,0.6216019075351924
Bidet from North Carolina,neither,0.04040057148408362,0.31429686482539193,0.6453025636905245
Bidet form Seattle!!,neither,0.03945320844208391,0.33037608806864915,0.630170703489267
"Ok, that punk Vax might be the best thing I've ever seen.",neither,0.027901173294620163,0.14757371820151785,0.824525108503862
<3,neither,0.03945320844208391,0.33037608806864915,0.630170703489267
Bidet from Maryland,neither,0.04066490145509902,0.30981049537100724,0.6495246031738937
Bidet from the East Bay!,neither,0.03957263153971705,0.2988781002318461,0.6615492682284368
"Bidet from Saskatoon, Canada!",neither,0.04071751644889743,0.3089174816120565,0.6503650019390461
Bidet HTOWN down,neither,0.03945320844208391,0.33037608806864915,0.630170703489267
Is it just starting ?,neither,0.041307575112954964,0.35397024194877996,0.604722182938265
bidet from utah,neither,0.04066490145509902,0.30981049537100724,0.6495246031738937
on my way to stonedville,neither,0.027360811541356632,0.4746974458849767,0.4979417425736667
Bidet from Charlotte!,neither,0.04071751644889743,0.3089174816120565,0.6503650019390461
Bidet from Nova Scotia!,neither,0.04228451509352876,0.2823214250720796,0.6753940598343917
#315Critters,neither,0.03945320844208391,0.33037608806864915,0.630170703489267
Its Happening!,neither,0.03309144916294284,0.33256418880705063,0.6343443620300065
Brian!,neither,0.03945320844208391,0.33037608806864915,0.630170703489267
good evening from texas!,neither,0.039821184973266935,0.3143160092159687,0.6458628058107643
"Bidet from Muskegon, Michigan.... An ice cold, snowy grave!",neither,0.04043187192698307,0.3137656146217416,0.6458025134512754
Bidet from Delaware,neither,0.04228451509352876,0.2823214250720796,0.6753940598343917
Bidet from Cheshire!,neither,0.04228451509352876,0.2823214250720796,0.6753940598343917
Bidet from Mexico,neither,0.040769555981420263,0.3080342349327864,0.6511962090857933
Bidet from Savannah!,neither,0.04228451509352876,0.2823214250720796,0.6753940598343917
"@BrianWFoster way to kill it on Talks, Chris Hardwick eat your heart out.",neither,0.3068263578144328,0.23622002209476303,0.4569536200908041
Bidet from Ohio!,neither,0.040754399270683486,0.3082914838698526,0.650954116859464
Bidet from OR,neither,0.04147775179570021,0.2960143037206597,0.66250794448364
bidet from Canada eh!,neither,0.04043703551170087,0.3136779751131982,0.645884989375101
Thanks for joining us @BrianWFoster even with the prerecorded show,neither,0.05893778231023165,0.26653220936605687,0.6745300083237113
@brianwfoster The big question is when are you going DM a one-shot? You have to be caught up on GM Tips by now.,offensive_language,0.05438624464336733,0.49153191108815125,0.4540818442684813
Bidet from the Feywild,neither,0.039779025773403386,0.2539611253407979,0.7062598488857987
Thanks for Everything Brian :) appreciate all the hard work,neither,0.02885532969388612,0.4761567257261222,0.4949879445799916
skarlog same,neither,0.04148851938089603,0.3488915597363099,0.609619920882794
@shadow_284 HIGH FIVE,neither,0.035430809497031104,0.4256094199322522,0.5389597705707165
"Good evening, Critters! Much love! <3",neither,0.0326467108836731,0.3446159975169978,0.6227372915993291
bidet from mesa az,neither,0.04078317879478948,0.307803020237201,0.6514138009680096
Bidet!,neither,0.03945320844208391,0.33037608806864915,0.630170703489267
Thats GOOD ART,neither,0.03877038333312555,0.33061094293497667,0.6306186737318977
hype,neither,0.03945320844208391,0.33037608806864915,0.630170703489267
Bidet from South Korea!,neither,0.04088864702710942,0.3060129490845789,0.6530984038883118
Whats up critters!!! BEEP BEEP!!! MO FOs!!!!!,neither,0.0367715102441924,0.38469505535693616,0.5785334343988713
ITS HAPPENING,neither,0.03309144916294284,0.33256418880705063,0.6343443620300065
So hard to chat. Thanks crew for the hard work. Thanks cast for the wild ride,neither,0.028110273591303952,0.4721724028851295,0.4997173235235665
Bidet from SC,neither,0.040737273169946825,0.30858215849491494,0.6506805683351382
Bidet from North Dakota,neither,0.04038150078596344,0.3146205443430473,0.6449979548709892
Bidet,neither,0.03945320844208391,0.33037608806864915,0.630170703489267
bidet from KY,neither,0.04062582848913359,0.31047366557575606,0.6489005059351104
bidet from the middle of nowhere texas,neither,0.03955811718731603,0.30242756744125915,0.6580143153714249
Bidet from Wisconsin!,neither,0.04071751644889743,0.3089174816120565,0.6503650019390461
Bidet all from Tempe Arizona! So looking to get some answers tonight!!!,neither,0.037109823901584654,0.39068005205553513,0.5722101240428803
Bidet from Charlottesville!,neither,0.04228451509352876,0.2823214250720796,0.6753940598343917
Bidet From Melbourne!,neither,0.04228451509352876,0.2823214250720796,0.6753940598343917
Bidit from Lincon Nebraska,neither,0.04062582848913359,0.31047366557575606,0.6489005059351104
Let's Go! How can you BREATHE?!,neither,0.037825253686348544,0.41133049763250645,0.550844248681145
bidet,neither,0.03945320844208391,0.33037608806864915,0.630170703489267
"@fizz514 Bidet from SLO to you, too! <3",neither,0.06671959184900574,0.3585372836286038,0.5747431245223905
bidet from montana,neither,0.04078317879478948,0.307803020237201,0.6514138009680096
hello!!,neither,0.03945320844208391,0.33037608806864915,0.630170703489267
"Yeah, boy!",neither,0.018765400742016585,0.4791251610026187,0.5021094382553646
Beep beep from Kansas,neither,0.04071751644889743,0.3089174816120565,0.6503650019390461
Bidet from Tempe Az,neither,0.04078317879478948,0.307803020237201,0.6514138009680096
Bidet from Kansas!,neither,0.04071751644889743,0.3089174816120565,0.6503650019390461
Bidet from Oregon,neither,0.04071751644889743,0.3089174816120565,0.6503650019390461
this i6 mins before start folks of the Q & A,neither,0.035722087962102904,0.369876590669992,0.5944013213679051
Kappa,neither,0.03945320844208391,0.33037608806864915,0.630170703489267
@Malicor5 bidet from just over the river in St. Charles,neither,0.03437278132794138,0.3223109821241182,0.6433162365479405
"@BrianWFoster Nah ;_; 400km away, I wish he'd announce it earlier :< Still glad some critters managed to get there!",neither,0.04016112798227675,0.31081420391777087,0.6490246680999524
Bidet!,neither,0.03945320844208391,0.33037608806864915,0.630170703489267
"bidet from Fort Worth, TX!!",neither,0.040538671561945475,0.31195294609159274,0.6475083823464618
Bidet from Metro Detroit.,neither,0.04038525337528278,0.3145568531088204,0.6450578935158968
@comradecanum I’d love to DM an Iron Kingdoms based one-shot,neither,0.041428983507481455,0.3543684585363762,0.6042025579561423
bidet from NY,neither,0.04084513770590474,0.30675141581570226,0.6524034464783931
Bidet From Australia,neither,0.04062582848913359,0.31047366557575606,0.6489005059351104
bidet from north of The Wall,neither,0.03957160506811193,0.29912699952918437,0.6613013954027037
I love the super tiny Laura from the Kobolds episode! :D,neither,0.03680172857280179,0.3030519617399795,0.6601463096872188
bidet from edmonton,neither,0.04228451509352876,0.2823214250720796,0.6753940598343917
"Roll for stealth-text, Vax!",neither,0.028313784480521378,0.3920424494891202,0.5796437660303584
Bidet from Ohio,neither,0.040754399270683486,0.3082914838698526,0.650954116859464
<3,neither,0.03945320844208391,0.33037608806864915,0.630170703489267
bidet from Wyoming,neither,0.04069404815304118,0.30931579984010865,0.6499901520068502
that animation!,neither,0.026110925149043836,0.4791292047641166,0.4947598700868395
Bidet from NJ,neither,0.04069404815304118,0.30931579984010865,0.6499901520068502
Bidet from the UK,neither,0.039613273355342184,0.2892653269430044,0.6711213997016535
Bidet from Scotland!,neither,0.04062582848913359,0.31047366557575606,0.6489005059351104
that was cool,neither,0.0337458163838524,0.39397952143948695,0.5722746621766607
Bidet from Tucson AZ!,neither,0.04078317879478948,0.307803020237201,0.6514138009680096
Bidet from Tennessee,neither,0.04071751644889743,0.3089174816120565,0.6503650019390461
So it is pre recorded? Will it start on time?,neither,0.04082963933325204,0.36587397155008994,0.5932963891166582
"Bidet from Tucson, AZ",neither,0.04078317879478948,0.307803020237201,0.6514138009680096
whoa,neither,0.03945320844208391,0.33037608806864915,0.630170703489267
Bidet from FL,neither,0.04066490145509902,0.30981049537100724,0.6495246031738937
Bidet from Ohio,neither,0.040754399270683486,0.3082914838698526,0.650954116859464
Bidet from Texas,neither,0.040937266849991,0.30518774380265185,0.6538749893473571
bidet feom san diego!,neither,0.03945320844208391,0.33037608806864915,0.630170703489267
bidet from Germany,neither,0.04069404815304118,0.30931579984010865,0.6499901520068502
Beep Beep from San Diego -),neither,0.040446282760733435,0.31352102516371877,0.6460326920755478
bidet from PA,neither,0.04069404815304118,0.30931579984010865,0.6499901520068502
Bidet,neither,0.03945320844208391,0.33037608806864915,0.630170703489267
ooh animation!!!,neither,0.03945320844208391,0.33037608806864915,0.630170703489267
@duquis greetings from an hour away,neither,0.04229954469101112,0.2820663335786801,0.6756341217303088
@aleph_sharp Where abouts in NY,neither,0.041726890128265894,0.2917857760177839,0.6664873338539503
music just went wanky,neither,0.03397079125655673,0.35649190677088655,0.6095373019725566
not enough daggers,neither,0.03743218789540644,0.33802178300147173,0.6245460291031218
Beep beep from NYC!,neither,0.04081748366884477,0.3072207769958956,0.6519617393352596
animation!!!,neither,0.03945320844208391,0.33037608806864915,0.630170703489267
Bidet from Wisconsin!,neither,0.04071751644889743,0.3089174816120565,0.6503650019390461
That GIF was bad ass!,offensive_language,0.09015015616812097,0.9059616244650933,0.0038882193667856223
Bidet from Canada,neither,0.04071751644889743,0.3089174816120565,0.6503650019390461
"also, Bidet from AZ!",neither,0.040552160913681974,0.31172399658822175,0.6477238424980964
omg someone link that dagger dagger dagger gif,neither,0.038073383822908376,0.3452030203804639,0.6167235957966278
I am both extremely excited and very scared for these reveals.,neither,0.03931817448094473,0.321237789160132,0.6394440363589232
bidet from STANDINGRIGHTBEHINDYOUAAHHHH!,neither,0.04228451509352876,0.2823214250720796,0.6753940598343917
That was a sweet animation,neither,0.034136702882275285,0.3895349062280282,0.5763283908896965
Bidet from Boston!,neither,0.040769555981420263,0.3080342349327864,0.6511962090857933
DAT animation!,neither,0.03945320844208391,0.33037608806864915,0.630170703489267
Bidet from Moscow!,neither,0.04228451509352876,0.2823214250720796,0.6753940598343917
oo i love that lil animatic,neither,0.033179272145959976,0.3830933369238281,0.583727390930212
Bidet from Texas,neither,0.040937266849991,0.30518774380265185,0.6538749893473571
Bidet from Edinburgh,neither,0.04228451509352876,0.2823214250720796,0.6753940598343917
sick Grog,neither,0.03945320844208391,0.33037608806864915,0.630170703489267
omg,neither,0.03945320844208391,0.33037608806864915,0.630170703489267
really looking forward to the new campaign,neither,0.046937602386407616,0.24660704879096854,0.706455348822624
Bidet from Finland!,neither,0.04228451509352876,0.2823214250720796,0.6753940598343917
Bidet from Nova SCotia!,neither,0.04228451509352876,0.2823214250720796,0.6753940598343917
@foolbunny bidet!,neither,0.03945320844208391,0.33037608806864915,0.630170703489267
bidet from Goodyear az,neither,0.04078317879478948,0.307803020237201,0.6514138009680096
this is the end of Vox Machina! BibleThump BibleThump BibleThump,neither,0.04927734314309608,0.30771497825035937,0.6430076786065445
I don't even know what I'm doing,neither,0.044710153741943044,0.3438635596052932,0.6114262866527638
GIF art PogChamp,neither,0.03945320844208391,0.33037608806864915,0.630170703489267
"Woah, the animated dagger, dagger, dagger was awesome :D",neither,0.03908807693597227,0.32526660762728277,0.635645315436745
bidet from salem oregon,neither,0.04071751644889743,0.3089174816120565,0.6503650019390461
YASSSS saw that on Twitter!,neither,0.03299858033195328,0.4810305535460637,0.48597086612198287
Bidet from Colorado,neither,0.04066490145509902,0.30981049537100724,0.6495246031738937
Bidet from Argentina!,neither,0.04062582848913359,0.31047366557575606,0.6489005059351104
Heyo from Grand Rapids. MI,neither,0.04049294468390485,0.3127290505495843,0.6467780047665108
Wow an animation,neither,0.03992959214591737,0.322290613352199,0.6377797945018837
play it agaain pleaassseee,neither,0.03686987770452732,0.33126461396948237,0.6318655083259904
Dagger dagger dagger,neither,0.03945320844208391,0.33037608806864915,0.630170703489267
is this live or not?,neither,0.05470151363666738,0.3325043885849407,0.612794097778392
"bidet from sheboygan, WI!",neither,0.040737273169946825,0.30858215849491494,0.6506805683351382
"long island, the five towns",neither,0.038640361860786315,0.3171450327482156,0.6442146053909982
"Bidet from Denton, TX",neither,0.04038868291416263,0.3144986448836462,0.6451126722021913
Bidet from Vancouver BC!,neither,0.041095261662497835,0.30250615950080734,0.6563985788366947
Yo whaddup,neither,0.039620801467801,0.41152670698480726,0.5488524915473919
bidet everyone!,offensive_language,0.02988896790634741,0.4927062106388782,0.4774048214547744
Bidet from NorCa;,neither,0.04228451509352876,0.2823214250720796,0.6753940598343917
Bidet,neither,0.03945320844208391,0.33037608806864915,0.630170703489267
did you know that even in a pre recorded stream sam is still late,neither,0.049075040100442224,0.392708195320108,0.5582167645794497
"""Welp."" - Grog, 2017",neither,0.03945320844208391,0.33037608806864915,0.630170703489267
Bidet from Finland!,neither,0.04228451509352876,0.2823214250720796,0.6753940598343917
bidet from the UK,neither,0.039613273355342184,0.2892653269430044,0.6711213997016535
"Bidet all from Little Elm, Texas!",neither,0.042580569429441655,0.3996283771026769,0.5577910534678814
Bidet from Boston!,neither,0.040769555981420263,0.3080342349327864,0.6511962090857933
Bidet from Minneapolis MN :),neither,0.040737273169946825,0.30858215849491494,0.6506805683351382
bidet from england,neither,0.04071751644889743,0.3089174816120565,0.6503650019390461
Will there be a 'critmas?',neither,0.042012433482780005,0.2328057034933364,0.7251818630238837
LOL Gilmore,neither,0.020706217963973744,0.4882283491876925,0.4910654328483337
Bidet from Canada!,neither,0.04071751644889743,0.3089174816120565,0.6503650019390461
no its not live,neither,0.034530075530688015,0.35443783025323894,0.6110320942160731
"aaaahahaha the ""guess I'll just die"" Grog!",neither,0.1923845933604896,0.13253819100560804,0.6750772156339024
"Wow, I joined for the last episode? What are the odds",neither,0.05206251445108754,0.2663375331177715,0.6815999524311409
it's prerecorded,neither,0.034373745257138544,0.33212314837979673,0.6335031063630647
thank you again cast and crew for everything!!!,neither,0.042562728597543474,0.33434656078020936,0.6230907106222472
it's prerecorded,neither,0.034373745257138544,0.33212314837979673,0.6335031063630647
Bidet from Canada!,neither,0.04071751644889743,0.3089174816120565,0.6503650019390461
so excited for tonight!,neither,0.030933360112281538,0.3223542421246248,0.6467123977630935
pre recorded,neither,0.03945320844208391,0.33037608806864915,0.630170703489267
"@evictor long island the five towns, cedarhurst",neither,0.038640361860786315,0.3171450327482156,0.6442146053909982
beep beep critters,neither,0.03945320844208391,0.33037608806864915,0.630170703489267
bidet grom Iowa,neither,0.03945320844208391,0.33037608806864915,0.630170703489267
dagger dagger dagger was dopeee,neither,0.03940506188595773,0.33119326077860906,0.6294016773354332
Bidet from Saskatoon,neither,0.04228451509352876,0.2823214250720796,0.6753940598343917
Bidet from AZ,neither,0.04078317879478948,0.307803020237201,0.6514138009680096
Secrets secrets!,neither,0.03945320844208391,0.33037608806864915,0.630170703489267
Bidet from Australia,neither,0.04062582848913359,0.31047366557575606,0.6489005059351104
"Desert critters, unite!",neither,0.03945320844208391,0.33037608806864915,0.630170703489267
Destrab -> Only those that we deem worthy shall possess the power of the Hyperlink [warning],neither,0.048140585852785724,0.2990817588418225,0.6527776553053918
bidet,neither,0.03945320844208391,0.33037608806864915,0.630170703489267
how much does one charge for one of these fanarts in a comission generally speaking?,neither,0.027443342938636234,0.47818284850478804,0.4943738085565757
Bidet from the Elemental Plane of rfire AKA: Southern California,neither,0.052594520980063064,0.30258244147245794,0.6448230375474789
@SayerTeller just a Q&A,neither,0.02667013123193722,0.39600456006212814,0.5773253087059346
i miss vm so much! WutFace,neither,0.026984892595365618,0.3947035878016585,0.5783115196029758
is the code word pre recorded?,neither,0.04449676310861026,0.316863276926287,0.6386399599651026
"Brian, i think a lot of us would love to see you in the next campaign",neither,0.07869407538994963,0.3453977792031156,0.5759081454069348
Bidet from NW Ohio.,neither,0.04036750444974338,0.31485809869622855,0.644774396854028
Beep Beep and Bidet from Northern California,neither,0.05668060496062114,0.27534695494653233,0.6679724400928466
I'm a slow reader,neither,0.03945320844208391,0.33037608806864915,0.630170703489267
so are they taking next week off?,neither,0.061478863338643386,0.3405866114894473,0.5979345251719093
Bidet from NV,neither,0.04228451509352876,0.2823214250720796,0.6753940598343917
why is it prerecorded?????,neither,0.0290012087113627,0.35568259256868706,0.6153161987199501
Dream daddy Gilmore,neither,0.03945320844208391,0.33037608806864915,0.630170703489267
@BanditCopperNena I'm from GR too!,neither,0.04094645731399381,0.30503175764332446,0.6540217850426817
bidet from ottawa,neither,0.04228451509352876,0.2823214250720796,0.6753940598343917
beep beep from Phoenix AZ,neither,0.04039617012658628,0.31437156734874944,0.6452322625246643
Tonight is the Critical Role Talks Machina : Campaign Wrap Up Q & A,neither,0.04011488091592268,0.3344826824856684,0.6254024365984089
I grew up in Ronkonkoma,neither,0.036258287322569596,0.3959509534977399,0.5677907591796906
bidet,neither,0.03945320844208391,0.33037608806864915,0.630170703489267
,neither,0.03945320844208391,0.33037608806864915,0.630170703489267
Bidet from RI,neither,0.04069404815304118,0.30931579984010865,0.6499901520068502
bidet from Utah,neither,0.04066490145509902,0.30981049537100724,0.6495246031738937
hallo motto,neither,0.03945320844208391,0.33037608806864915,0.630170703489267
