text,top_class,hate_speech,offensive_language,neither
Hi Ryan and JCM,neither,0.03865039986561582,0.28968446037165835,0.6716651397627258
is it me or is the volume really low?,neither,0.043458189107285446,0.34356794095157395,0.6129738699411407
@AngryJams 3hours (7pm Pacific),neither,0.03945320844208391,0.33037608806864915,0.630170703489267
I have it cranked to max to hear,neither,0.04763949749481384,0.3314105221872882,0.6209499803178978
Hello Ryan and JCM.. LOVE that tie today Ryan,neither,0.03487558484987977,0.32644490469541304,0.6386795104547072
Re hrpgSub hrpgHyperHype gandsSubHype ramaHype,neither,0.10802165902134243,0.2484119200751343,0.6435664209035233
#enthusiArmy raid juliaH juliaH,neither,0.03945320844208391,0.33037608806864915,0.630170703489267
WANT!,neither,0.04006735011429477,0.3199525011091858,0.6399801487765195
"seems a bit low for me too, but not unhearable",neither,0.02697647425241447,0.3505643649168285,0.622459160830757
dawww,neither,0.03945320844208391,0.33037608806864915,0.630170703489267
#EnthusiARMY Raid,neither,0.03945320844208391,0.33037608806864915,0.630170703489267
omg,neither,0.03945320844208391,0.33037608806864915,0.630170703489267
http://www.wheniscriticalrole.com/,neither,0.0364481805509037,0.2303424311669227,0.7332093882821735
ramaWow ramaWee,neither,0.03945320844208391,0.33037608806864915,0.630170703489267
oh i so want a porg pillow lol,neither,0.03676114637196077,0.37829726885835707,0.5849415847696823
hello ryan! :D,neither,0.03945320844208391,0.33037608806864915,0.630170703489267
those are adorable,neither,0.11875523833853342,0.19704945273315386,0.6841953089283128
GIVE ME THAT PORG!!!!,neither,0.023370599623321223,0.4558384413773172,0.5207909589993616
Yassss,neither,0.03945320844208391,0.33037608806864915,0.630170703489267
"omg that chewie pillow ""D",neither,0.03533210221178699,0.3752486565291441,0.5894192412590689
LORE,neither,0.03945320844208391,0.33037608806864915,0.630170703489267
"Oh man, so cute. <3",neither,0.04976910441923227,0.36817908037406755,0.5820518152067001
#EnthusiArmy RAID gandsTrinket gandsTrinket,neither,0.03945320844208391,0.33037608806864915,0.630170703489267
what constitutes active? Asks the lurker,neither,0.04373291225765778,0.3115687609562339,0.6446983267861083
much cuteness,neither,0.03514890741171864,0.33185653456930897,0.6329945580189724
was that a heckin chewwy prog?,neither,0.03528235240814021,0.37657057876187894,0.5881470688299808
"Help G&S make great content! $4.99/month gets you emotes, Minecraft server access, Sub Only VODs, and more! Every sub keeps the channel alive! twitch.tv/geekandsundry/subscribe",neither,0.043907990691603095,0.31135964332838284,0.644732365980014
I wonder which... honestly I'm fond of the Yoda pillow. XD,neither,0.03885335915778989,0.31949106703292013,0.6416555738092901
ahhh! I want them all!,neither,0.05795196009949033,0.3951643190456614,0.5468837208548482
Welcome Enthusiarmy <3,neither,0.03945320844208391,0.33037608806864915,0.630170703489267
"i'm excite for this episode, i'm not super on top of my middle earth lore",neither,0.028021826931911634,0.3706279006447754,0.601350272423313
Hi @talahar hi@chovexani,neither,0.03945320844208391,0.33037608806864915,0.630170703489267
"Chewie is hilarious, but Yoda was always my favorite character I think.",neither,0.0337891940187359,0.4168109627378917,0.5493998432433723
Welcome Amy and raiders.,neither,0.038822933363010945,0.2991577467117473,0.6620193199252418
Adorable pillows!,neither,0.03945320844208391,0.33037608806864915,0.630170703489267
So many good shows on the G&S Twitch stream...I never have time for them all!,neither,0.03779573758658783,0.4059078708745549,0.5562963915388572
juliaW this intro,neither,0.0393416744334776,0.3322691112752657,0.6283892142912568
"I meant all i said in the comments section of your chat with Nerdarchist Dave, JCM!",neither,0.04758312500349423,0.37764420945399974,0.5747726655425061
I would love to today pillow,neither,0.0409038981947555,0.313783665162145,0.6453124366430996
Hola @chiplickin,neither,0.03945320844208391,0.33037608806864915,0.630170703489267
Yoda,neither,0.03945320844208391,0.33037608806864915,0.630170703489267
@chiplickin hello there! :D,neither,0.03937036753510788,0.27621722592919734,0.6844124065356949
The best yoda is always.,neither,0.043390851635881744,0.3556319169123051,0.6009772314518131
i thought there was a Critical Role Q&A happening at 4????,neither,0.04091217815423034,0.25540288555183077,0.7036849362939389
http://www.wheniscriticalrole.com/,neither,0.0364481805509037,0.2303424311669227,0.7332093882821735
"Tonight, we celebrate 115 episodes of Vox Machina's exploits through Exandria! Join host @BrianWFoster & the cast of #CriticalRole for a special #TalksMachina Campaign Wrap-Up Q&A. at 7pm Pacific in the usual CR time slot",neither,0.04326055571676786,0.3276496447850281,0.6290897994982041
Active!,neither,0.03945320844208391,0.33037608806864915,0.630170703489267
middle earth I love that rtuesSquee,neither,0.03296874419608409,0.3849361251426872,0.5820951306612288
Middle Earth is such a huge topic!,neither,0.045334042688992986,0.32550061494665505,0.629165342364352
"love lotr, glad i got home from work in time to catch this",neither,0.040676483120387734,0.3667474025943905,0.5925761142852218
I love this,neither,0.033354624610487035,0.36213039408674813,0.6045149813027648
yay,neither,0.03945320844208391,0.33037608806864915,0.630170703489267
Re hrpgSub hrpgHyperHype gandsSubHype ramaHype,neither,0.10802165902134243,0.2484119200751343,0.6435664209035233
so excited to finally read the books,neither,0.043661709755859146,0.3478820775378692,0.6084562127062717
would you say it's the.....LORE of the rings? Kappa,neither,0.04748485370116429,0.33272451308317597,0.6197906332156599
perfect topic for my Yule gift crafting of a elvish scarf,neither,0.028458072107577143,0.3648099796353933,0.6067319482570295
love middle earth,neither,0.03645855159905491,0.3443338538029824,0.6192075945979627
@crthemighty Points.,neither,0.03945320844208391,0.33037608806864915,0.630170703489267
@crthemighty 30 points,neither,0.03945320844208391,0.33037608806864915,0.630170703489267
YAY JCM!! whoop whoop!,neither,0.03945320844208391,0.33037608806864915,0.630170703489267
JCM HYPE!!!!,neither,0.03945320844208391,0.33037608806864915,0.630170703489267
Jason <3,neither,0.03945320844208391,0.33037608806864915,0.630170703489267
LotR is the first book I ever read,neither,0.038796908001064064,0.3187974017020228,0.6424056902969132
yay JCM aka davros :D,neither,0.03945320844208391,0.33037608806864915,0.630170703489267
woo jcm,neither,0.03945320844208391,0.33037608806864915,0.630170703489267
jcvimHi JCM,neither,0.03945320844208391,0.33037608806864915,0.630170703489267
PogChamp,neither,0.03945320844208391,0.33037608806864915,0.630170703489267
will CR be on tonight? anyone know? or are they all at the movies to see Star Wars tonight?,neither,0.050083044167877726,0.3156693522908251,0.6342476035412971
i appreciate jason's barad dur shirt,neither,0.03945320844208391,0.33037608806864915,0.630170703489267
"Tonight, we celebrate 115 episodes of Vox Machina's exploits through Exandria! Join host @BrianWFoster & the cast of #CriticalRole for a special #TalksMachina Campaign Wrap-Up Q&A. at 7pm Pacific in the usual CR time slot",neither,0.04326055571676786,0.3276496447850281,0.6290897994982041
I love all things Tolkien!,neither,0.03784639792050224,0.45569566376829157,0.5064579383112062
jcvimHi JCM,neither,0.03945320844208391,0.33037608806864915,0.630170703489267
jason got it covered,neither,0.03710245518213908,0.3713214991899602,0.5915760456279007
http://www.wheniscriticalrole.com/,neither,0.0364481805509037,0.2303424311669227,0.7332093882821735
@talahar also K'dok,neither,0.03945320844208391,0.33037608806864915,0.630170703489267
Love all things Tolkien/LOTR,neither,0.038334320174547035,0.4091694323419705,0.5524962474834826
Not even in one shortened episode,neither,0.03704641598931541,0.3711500578501744,0.5918035261605101
@adamk156 yes it's on but it the tell all Q&A episode,neither,0.03290080372232252,0.39323666791558304,0.5738625283620944
@Adamk156 There is the Q&A tonight which was recorded last week. 7pm pacific,neither,0.04196715864545273,0.2844826996038267,0.6735501417507206
@Chovexani yes! :D,neither,0.03945320844208391,0.33037608806864915,0.630170703489267
Hello,neither,0.03945320844208391,0.33037608806864915,0.630170703489267
Hi,neither,0.03945320844208391,0.33037608806864915,0.630170703489267
The Middle Earth rpg's are also very great for information!,neither,0.04767396951318509,0.26334994566024594,0.688976084826569
reeWave reeButt,neither,0.03945320844208391,0.33037608806864915,0.630170703489267
hrpgSub hrpgHyperHype gandsSubHype ramaHype,neither,0.03945320844208391,0.33037608806864915,0.630170703489267
Hi @danigirl624,neither,0.03945320844208391,0.33037608806864915,0.630170703489267
JRR really was a master,neither,0.03931518850135036,0.3327186466662396,0.6279661648324101
Love LOTR!,neither,0.03633489270100109,0.3449275588628445,0.6187375484361545
Tolkien is a great way to end the season,neither,0.05103642581301046,0.28722909220530435,0.6617344819816853
Glad they are doing this!,neither,0.06868988772987027,0.28219319798115755,0.6491169142889721
omg jcm referenced beowulf.. amazing,neither,0.03945320844208391,0.33037608806864915,0.630170703489267
Yep,neither,0.03945320844208391,0.33037608806864915,0.630170703489267
Lot of the Nibelungenlied,neither,0.03807121785263981,0.30471489508476496,0.6572138870625953
tolkien was an exceptional world builder,neither,0.03963370692182218,0.3273125578039958,0.6330537352741821
Middle Earth is such a fascinating world,neither,0.04684048757001638,0.32430994799684715,0.6288495644331364
@Critternation3000 a lore master maybe? :p,neither,0.03945320844208391,0.33037608806864915,0.630170703489267
hi,neither,0.03945320844208391,0.33037608806864915,0.630170703489267
I really like the love story in the silmarillion,neither,0.04496733025346808,0.3255865959695366,0.6294460737769954
Hi @SpookKids,neither,0.03945320844208391,0.33037608806864915,0.630170703489267
Herne has antlers like Keyleth. :D,neither,0.06538894238866765,0.34903966289406,0.5855713947172723
... mouth to ear sounds dirty,neither,0.04499563632940873,0.32712019636990136,0.6278841673006899
Re hrpgSub hrpgHyperHype gandsSubHype ramaHype,neither,0.10802165902134243,0.2484119200751343,0.6435664209035233
Herne the Hunter was in 80's Robin of Sherwood which is still the best Robin Hood story,neither,0.06467038291278404,0.32216533612676795,0.6131642809604481
Re hrpgSub hrpgHyperHype gandsSubHype ramaHype !,neither,0.10802165902134243,0.2484119200751343,0.6435664209035233
hello all,neither,0.04217753453783664,0.43734383323855475,0.5204786322236087
any Critter in the chat,neither,0.03847402450644703,0.31242228043969084,0.6491036950538621
Herne is a fascinating character,neither,0.05100937113646074,0.3264013938032497,0.6225892350602895
yes,neither,0.03945320844208391,0.33037608806864915,0.630170703489267
Hi @finzie1,neither,0.03945320844208391,0.33037608806864915,0.630170703489267
hello @finzie1,neither,0.03945320844208391,0.33037608806864915,0.630170703489267
The Inklings!,neither,0.03613032604487659,0.2619290779399786,0.7019405960151449
narnia and middle earth are two of the most amazing worlds,neither,0.05388633961390232,0.26130520789997347,0.6848084524861242
Is Ryan wearing Lularoe under his jeans? Cause that would be awesome,neither,0.05560638819072036,0.37139900276767285,0.5729946090416069
World War 1 played a role in both of there lives.,neither,0.039397864903980125,0.30321707903575557,0.6573850560602643
Fellow Critter here :D,neither,0.10279767126016831,0.28242382913494357,0.6147784996048881
Tolkien's writer's circle didn't think much of C.S. Lewis.,neither,0.028450058369918794,0.3529163050462936,0.6186336365837874
LotR talk? Count me in. Have they gotten to Gandalf and the Ainur?,neither,0.02608609643028471,0.32668409193103926,0.647229811638676
They were called the Inklings,neither,0.03877255595500937,0.283404181470117,0.6778232625748737
Hello all! Sorry I'm late.,neither,0.0411621609521625,0.3991548528025879,0.5596829862452497
Hi @GInquisitor,neither,0.03945320844208391,0.33037608806864915,0.630170703489267
Lularoe ?what's that,neither,0.04275675352240927,0.41454745267075815,0.5426957938068324
"""[...] the group included, among others, the poet-philosopher Owen Barfield, fantasist Charles Williams, Lewis' older brother Warren, and, eventually, Tolkien's youngest son, Christopher""",neither,0.03850378952083874,0.30339275709362934,0.658103453385532
"lore masters, mothership, then critical role.i love thursdays",neither,0.03736981185937822,0.340002015132503,0.6226281730081187
JCM is awesomely multi-talented,neither,0.04683511566580346,0.32783711167260843,0.625327772661588
JCM is Lord of the Rings. Look at them all!,neither,0.06042822103989166,0.3807332768989758,0.5588385020611325
@Chovexani printed leggings,neither,0.03945320844208391,0.33037608806864915,0.630170703489267
"You guys should totally read ""Here There be Dragons"" by James A. Owen, it's amazing! And...reasons",neither,0.08099853752430783,0.33245562317656224,0.5865458392991301
ohhh,neither,0.03945320844208391,0.33037608806864915,0.630170703489267
"I'm actually watching this at work in ""Silent Mode"", so shhhhhh!",neither,0.03884223981338193,0.37595897444053283,0.5851987857460852
"Wow, those are well loved",neither,0.09556088355491205,0.22493885023290194,0.6795002662121861
awwwww,neither,0.03945320844208391,0.33037608806864915,0.630170703489267
thats so cool,neither,0.039408332415700915,0.38917678151634416,0.5714148860679549
I had read the novels before i went to kindergarden!,neither,0.040738353116835116,0.36264175654539665,0.5966198903377682
That's an old copy,neither,0.035864728105992484,0.36738075856239044,0.596754513331617
Wow,neither,0.03945320844208391,0.33037608806864915,0.630170703489267
"I like the fact that Tolkien based the Elvin spoken language on an existing language.and that it is Corillion,",neither,0.04081241226910253,0.3438158140321153,0.615371773698782
look at how worn those books are.. JCM has read them so much,neither,0.09283823272533488,0.2834885398817847,0.6236732273928804
"LOL, I'm watching without the sound off, but I can still interact in chat.",neither,0.031201037845757187,0.3694791652844914,0.5993197968697516
damn that's an OG SET,offensive_language,0.04142974267295417,0.768984014253272,0.18958624307377378
@chiplickin is it on Audible by any chance?,neither,0.042958189993698645,0.37448930168538597,0.5825525083209153
awesome,neither,0.03945320844208391,0.33037608806864915,0.630170703489267
Well-thumbed,neither,0.03945320844208391,0.33037608806864915,0.630170703489267
*with the sound off,neither,0.02560545551127822,0.3563876526109539,0.6180068918777678
And I thought my copies were old and worn,neither,0.030333662215893023,0.22247085157779978,0.7471954862063072
that's cool,neither,0.0331105145141573,0.4000689531361105,0.5668205323497322
omg that map,neither,0.03565394173238324,0.37168462167583394,0.5926614365917828
<3,neither,0.03945320844208391,0.33037608806864915,0.630170703489267
The central paradox of Loremasters is always that the show is not long enough to do more than scratch the surface of any decent body of lore...,neither,0.05386795979689318,0.3138138454496328,0.6323181947534741
Love that :-),neither,0.026488847653706134,0.4435004223898887,0.5300107299564051
Spnd an episode on the lore of all JCMs rings,neither,0.037840522405896165,0.38112557372266537,0.5810339038714385
I have the same set. Love and adore them and will be buried with them,neither,0.047022158224885806,0.28476494170297656,0.6682129000721376
I actually read LOTR before I read the Hobbit,neither,0.03688239928908433,0.3570147504652803,0.6061028502456353
So glad today ended up being one of the Thursday’s I get off work.,neither,0.03273420555292292,0.4040286316136686,0.5632371628334084
Is that a LOTR book with a fold-out map?!?,neither,0.03218969570151681,0.3856710706565391,0.5821392336419441
pretty damn sweet,offensive_language,0.0448539138587105,0.8367792510993722,0.11836683504191726
amazing,neither,0.03945320844208391,0.33037608806864915,0.630170703489267
"@alannamalfoy no idea, but check out your local libraries, that's where I found them",neither,0.06095729094464631,0.35325037736321147,0.5857923316921422
@danigirl624 Same here.,neither,0.14187967449237004,0.2733123625359359,0.584807962971694
@danigirl624 I did the same,neither,0.0393272669326641,0.3171535647970965,0.6435191682702394
"ooooh, want",neither,0.04006735011429477,0.3199525011091858,0.6399801487765195
That’s an awesome collection.,neither,0.036434422720229565,0.36141456122314136,0.6021510160566291
oh mighty bot cAn u tell me how many hours left to cr?,neither,0.0415363782878308,0.320461851002689,0.6380017707094802
im playing LOTRO right now lol,neither,0.029861150164254783,0.4410090816751525,0.5291297681605928
awww Jason piecing that back together <3,neither,0.036499838200566834,0.36236123474403886,0.6011389270553943
That is so cool!,neither,0.04484023917792395,0.44498222505035095,0.5101775357717251
@chiplickin I need a new Audible to spend on,neither,0.04535569419189554,0.2643134816151123,0.6903308241929922
We have a subscriber-only Discord server! Join here: https://discord.gg/geekandsundry (you'll need to sub and link it to your Twitch) and be a part of the fun!...Warning: It can take up to an hour for the server to update and give you access to the channels,neither,0.08464076273808444,0.286394834032893,0.6289644032290227
Tolkien inspired my love of maps :-),neither,0.02897103288525633,0.4058143031217861,0.5652146639929576
this is probably JCM started rpgs,neither,0.045045279620984764,0.3459247679232163,0.609029952455799
I have a big framed map of middle earth on my wall,neither,0.022099181220805574,0.4353667741514655,0.5425340446277289
"Daaaaaaaaamn, that's a well kept book",neither,0.03595881549898427,0.3683168174950252,0.5957243670059904
http://www.wheniscriticalrole.com/ <<< countdown clock @Happy_Go_Lucky31,neither,0.03681605254711069,0.24424659369146715,0.7189373537614222
ramaWow ramaWee ramaWow ramaWow,neither,0.03945320844208391,0.33037608806864915,0.630170703489267
My mom introduced me to The Hobbit and LOTR when I was a kid too. She read them to me as a bedtime story.,neither,0.03267708575213278,0.43888123334334045,0.5284416809045268
"Wow, a topo map!",neither,0.03945320844208391,0.33037608806864915,0.630170703489267
You can tell those books are well-loved. :),neither,0.10966775245750846,0.2645796424275111,0.6257526051149804
ty,neither,0.03945320844208391,0.33037608806864915,0.630170703489267
