text,top_class,hate_speech,offensive_language,neither
Heeeeeere we goooooooo :D,neither,0.039025862747262004,0.3376292597931679,0.6233448774595702
OH MY GOD !! gandsSubHype gandsSubHype gandsSubHype gandsSubHype,neither,0.030266422441093326,0.38268872444249025,0.5870448531164164
k4ileyHype k4ileyHype k4ileyHype k4ileyHype k4ileyHype,neither,0.03945320844208391,0.33037608806864915,0.630170703489267
❤❤❤❤,neither,0.03945320844208391,0.33037608806864915,0.630170703489267
Haha :D,neither,0.03186685585600258,0.45913629025701075,0.5089968538869867
Wait.... WHAT?!,neither,0.04877470361900789,0.3238348708445956,0.6273904255363965
PogChamp,neither,0.03945320844208391,0.33037608806864915,0.630170703489267
OMG,neither,0.03945320844208391,0.33037608806864915,0.630170703489267
LOLOLOL,neither,0.03945320844208391,0.33037608806864915,0.630170703489267
Wha,neither,0.03945320844208391,0.33037608806864915,0.630170703489267
This is insane!,neither,0.04959008194734716,0.32877495885699387,0.621634959195659
!?!?!?,neither,0.03945320844208391,0.33037608806864915,0.630170703489267
Hehhehehhe,neither,0.03945320844208391,0.33037608806864915,0.630170703489267
LOL Love it,neither,0.022055634306850848,0.4469456750562876,0.5309986906368616
Adobe Character Animator? :P,neither,0.03945320844208391,0.33037608806864915,0.630170703489267
That's quite a strain on the animators hands.,neither,0.032581654694355595,0.366912983405911,0.6005053618997334
🙂🙂🙂 wow!!!,neither,0.03945320844208391,0.33037608806864915,0.630170703489267
It's an animated special!,neither,0.06810699265857914,0.30847074554766074,0.62342226179376
Lol,neither,0.020706217963973744,0.4882283491876925,0.4910654328483337
THAT HOT,neither,0.03297206270341179,0.40162670319020816,0.5654012341063801
hello! this so awesome!,neither,0.03931450513415522,0.37674065905973747,0.5839448358061072
"Hi Sax, Hector and Keller!",neither,0.03870944257742205,0.292987672328244,0.6683028850943339
So it's gonna be just like an episode of Clutch Cargo!,neither,0.04170138432722755,0.4150544635367559,0.5432441521360165
We are not worthy!,neither,0.06434770239508705,0.2913360348497751,0.6443162627551379
"Hey! Yay, D&J animated, so cool!",neither,0.039417396498375015,0.3637383136475847,0.5968442898540404
LOL,neither,0.020706217963973744,0.4882283491876925,0.4910654328483337
This is seriously messing,neither,0.04749879469195098,0.3291392499213418,0.6233619553867074
Re hrpgSub hrpgHyperHype gandsSubHype ramaHype,neither,0.10802165902134243,0.2484119200751343,0.6435664209035233
mad drawing skillz,neither,0.03945320844208391,0.33037608806864915,0.630170703489267
Cell by cell,neither,0.04024992763723712,0.3611567954511627,0.5985932769116004
"Help G&S make great content! $4.99/month gets you emotes, Minecraft server access, Sub Only VODs, and more! Every sub keeps the channel alive! twitch.tv/geekandsundry/subscribe",neither,0.043907990691603095,0.31135964332838284,0.644732365980014
do a flip!,neither,0.041455253674617595,0.3296874929081904,0.628857253417192
You didn't hire the monkeys to do it?,neither,0.041777227890870315,0.3828491322018221,0.5753736399073076
hrpgSub hrpgHyperHype gandsSubHype ramaHype,neither,0.03945320844208391,0.33037608806864915,0.630170703489267
flip!!!!,neither,0.03945320844208391,0.33037608806864915,0.630170703489267
Animated by: Foxcon,neither,0.040801955922138,0.38136495630670453,0.5778330877711574
Messing with my head._.,neither,0.019441041261491314,0.4728535793511425,0.5077053793873664
This really is pretty damn cool! Thanks for all the hard work behind all this,offensive_language,0.03915828929830095,0.7279346925350264,0.2329070181666726
what about your left arm Johnson?,neither,0.06878524813736087,0.3412525900005454,0.5899621618620937
hrpgSub hrpgHyperHype gandsSubHype ramaHype !,neither,0.03945320844208391,0.33037608806864915,0.630170703489267
Re hrpgSub hrpgHyperHype gandsSubHype ramaHype,neither,0.10802165902134243,0.2484119200751343,0.6435664209035233
"For the fight scenes, we should switch over to that video game where you get image-captured and then the image fights hordes of cultists in masks.",neither,0.04778343613448951,0.27455296467337403,0.6776635991921365
This is ridiculously dumb in the best way,neither,0.04623881505606672,0.3060099852373952,0.647751199706538
hrpgSub hrpgHyperHype gandsSubHype ramaHype,neither,0.03945320844208391,0.33037608806864915,0.630170703489267
That's fine. Paul Lynd is the WORST,neither,0.043042792830220375,0.33370718987831804,0.6232500172914616
dickandjohnson vs the chief gandsHecBird gandsHecBird gandsHecBird gandsHecBird gandsHecBird,neither,0.0385246786633585,0.31337594702630783,0.6480993743103337
Subs gandsSubHype gandsLessthanthree Resubs,neither,0.03945320844208391,0.33037608806864915,0.630170703489267
This is dungeon and dragons?,neither,0.04746883585982025,0.2865019866968044,0.6660291774433753
Evil Universe Chief!,neither,0.03945320844208391,0.33037608806864915,0.630170703489267
haha,neither,0.03186685585600258,0.45913629025701075,0.5089968538869867
!notdnd,neither,0.03945320844208391,0.33037608806864915,0.630170703489267
"Twitch doesn't have a generic RPG tag, so all RPGs get identified as D&D. It is a limitation of the platform.",neither,0.04106306835436559,0.395849038728528,0.5630878929171065
:D,neither,0.03945320844208391,0.33037608806864915,0.630170703489267
!bubblegum,neither,0.03945320844208391,0.33037608806864915,0.630170703489267
"You came here to chew Bubblegum and watch an RPG. Check out the rules for Dick & Johnson's RPG system here, https://gist.github.com/anonymous/2e00cd265c8628d4fb13",offensive_language,0.10878855305517567,0.46746033330792874,0.42375111363689555
good bot,neither,0.03875228192880013,0.33061716883797504,0.6306305492332248
D&D evolved,neither,0.03945320844208391,0.33037608806864915,0.630170703489267
Animated Dick and Johnson: WHO SENT YOU!?,offensive_language,0.0726167715677958,0.789656514259358,0.13772671417284613
This is brilliant!,neither,0.04907462259199723,0.3288661739393127,0.6220592034686901
"Hehehhehehhe, fabulous job everyone",neither,0.03392545743268697,0.4241964489786765,0.5418780935886365
QUESTION: Will there be flips today? :),neither,0.0396350612659833,0.26682085237592307,0.6935440863580937
WHO SENT THESE CARTOONS?,neither,0.04875943458115753,0.4668388890568812,0.4844016763619613
"It's dungeons and dragons, but the dungeon is named Dick, and the dragon is named Johnson. Or maybe it's the other way around.",neither,0.05278524510780997,0.4678837693820604,0.47933098551012965
"""OPEN YOUR EYES ABOUT IT""",neither,0.07224639046519617,0.3186608900533482,0.6090927194814558
this is great!,neither,0.049196619522103385,0.2924512674041193,0.6583521130737773
I think the chief should be the dragon and Dick and Johnson can be themselves,offensive_language,0.06561533735389434,0.5913074141186444,0.34307724852746113
does Chief have facepalm capability?,neither,0.024906934491136058,0.4704835306578044,0.5046095348510595
I hope he doesn’t do that at the school lol,neither,0.0626708100718617,0.31635629606932003,0.6209728938588183
He is the Saxiest Chief on Twitch!,neither,0.04756229651394563,0.32423611190769336,0.628201591578361
hahaha,neither,0.03945320844208391,0.33037608806864915,0.630170703489267
just one more minute of high fives...,neither,0.03310372363835733,0.4443218529080532,0.5225744234535895
for a hot sec,neither,0.03341868634619452,0.300243476474909,0.6663378371788965
hrpgSub hrpgHyperHype gandsSubHype ramaHype,neither,0.03945320844208391,0.33037608806864915,0.630170703489267
lmao,neither,0.03705015143476208,0.3711622369619404,0.5917876116032975
@starpilotsix i think a dck dungeon is something else,neither,0.05000701676856908,0.3165704338755828,0.6334225493558482
this is amazing,neither,0.050638740814203484,0.3285866302672563,0.6207746289185402
hrpgSub hrpgHyperHype gandsSubHype ramaHype !,neither,0.03945320844208391,0.33037608806864915,0.630170703489267
funniest show,neither,0.05887159658314079,0.23880129457362584,0.7023271088432335
almost got it...,neither,0.03572485753195782,0.39637402129645893,0.5679011211715832
https://clips.twitch.tv/NeighborlyRealHawkBloodTrail,neither,0.03945320844208391,0.33037608806864915,0.630170703489267
hrpgSub hrpgHyperHype gandsSubHype ramaHype,neither,0.03945320844208391,0.33037608806864915,0.630170703489267
lol,neither,0.020706217963973744,0.4882283491876925,0.4910654328483337
nice beer,neither,0.03945320844208391,0.33037608806864915,0.630170703489267
I'm not supposed to be watching sax cartoons,neither,0.04403243005871826,0.33418779168419555,0.6217797782570862
gandsGrogSigil gandsGrogSigil gandsGrogSigil gandsGrogSigil,neither,0.03945320844208391,0.33037608806864915,0.630170703489267
New title... D&J: desynchronized,neither,0.043734208114163266,0.2227144580909004,0.7335513337949363
This reminds me of the limited animation from that company that did Saturday morning cartoon versions of old sitcoms like My Favorite Martian.,neither,0.03523078268474888,0.3538886179998171,0.610880599315434
I'm ten minutes late and already I'm so lost XD,neither,0.03802321458376196,0.34494594573026166,0.6170308396859763
Re hrpgSub hrpgHyperHype gandsSubHype ramaHype,neither,0.10802165902134243,0.2484119200751343,0.6435664209035233
Lost in the Chief's dreamy eyes right :P,neither,0.039371262704045985,0.31096384861040344,0.6496648886855507
@derekleeketchum They haven't even started,neither,0.038509682147009346,0.3463901917034752,0.6151001261495156
Re hrpgSub hrpgHyperHype gandsSubHype ramaHype,neither,0.10802165902134243,0.2484119200751343,0.6435664209035233
"Apologies for my tardiness, but I am here now!",neither,0.04982647992181872,0.3533438845571689,0.5968296355210124
@derekleeketchum being here wouldnt help,neither,0.07552648862146452,0.32082711659907714,0.6036463947794585
IS DICK & JOHNSON OFFICIALLY A CARTOON?!?,offensive_language,0.06913788601420821,0.7582080443728898,0.17265406961290192
Such Sweet Sweet CHAOS already!,neither,0.03894205438268028,0.3390517064625222,0.6220062391547976
Apparently,neither,0.03945320844208391,0.33037608806864915,0.630170703489267
@GInquisitor This is the first episode of it being live aninmated.,neither,0.03695447117616678,0.34012412507381357,0.6229214037500196
@Danoba This is awesome!!! :D,neither,0.050512911114032236,0.32860941969445295,0.6208776691915148
do you guys have your weekend schedule yet?,neither,0.08285490830479227,0.3669722455668198,0.5501728461283878
@Danoba must be horrible strain on the animator's wrist Kappa,neither,0.037821545876088825,0.3201260667915,0.6420523873324111
@GInquisitor It is indeed.,neither,0.04752923182148506,0.327598373297555,0.6248723948809599
gandsNopeNopeNope gandsNopeNopeNope,neither,0.03945320844208391,0.33037608806864915,0.630170703489267
I'm totally tracking with you fellas,neither,0.04117368694420022,0.396810087251465,0.5620162258043347
@derekleeketchum We hired the best though.,neither,0.037797820497594246,0.3121620376583097,0.6500401418440961
WOOHOO!!,neither,0.03945320844208391,0.33037608806864915,0.630170703489267
@eTron000 nah not until live shows end,neither,0.0419023717472269,0.3330267302666877,0.6250708979860855
woah,neither,0.03945320844208391,0.33037608806864915,0.630170703489267
dexters lab i gotchu Hector,neither,0.03945320844208391,0.33037608806864915,0.630170703489267
OMG... this is just TOO awesome,neither,0.0419233562553987,0.3532076094153457,0.6048690343292557
Tv puppet pals,neither,0.03945320844208391,0.33037608806864915,0.630170703489267
Many Koreans died to bring you this animation.,neither,0.0660223281536461,0.3752266686591192,0.5587510031872347
oh i miss classic Hanna Barbera,neither,0.03765869495800772,0.29219294811684365,0.6701483569251486
Did the mom in Dexter's Lab ever remove her dishwashing gloves?,neither,0.033723247885543574,0.4371913692826491,0.5290853828318073
It is LITERALLY just like a Hanna Barbera cartoon! Bwahahaha! :D :D :D,neither,0.048688338490455826,0.35622943446558863,0.5950822270439555
YEEEEEES,neither,0.03945320844208391,0.33037608806864915,0.630170703489267
hrpgSub hrpgHyperHype gandsSubHype ramaHype,neither,0.03945320844208391,0.33037608806864915,0.630170703489267
