text,top_class,hate_speech,offensive_language,neither
i was re-watching the q&a from ep 10 and laura did say she wanted to do a tiefling,neither,0.056905810300239903,0.31237765803438217,0.6307165316653778
I actually got a reply from JCM after i complimented him on a YouTube video!,neither,0.041053058187287494,0.2955219672455788,0.6634249745671337
Hello friend!,neither,0.03945320844208391,0.33037608806864915,0.630170703489267
Travis playing a super smart character is always amazing,neither,0.04300091780167798,0.3612327837953597,0.5957662984029622
Hi @darbue,neither,0.03945320844208391,0.33037608806864915,0.630170703489267
I''m in love with the third one's gauntlets though,neither,0.026717261351091957,0.3867904060817777,0.5864923325671303
EEEEEEEEEE there's a SAM,neither,0.039370482761448486,0.2764583201644174,0.6841711970741342
Dylan,neither,0.03945320844208391,0.33037608806864915,0.630170703489267
Oh Sam's inna house!,neither,0.04363545945434132,0.29022948192437575,0.666135058621283
Yay!,neither,0.03945320844208391,0.33037608806864915,0.630170703489267
Happy Holidays!,neither,0.03945320844208391,0.33037608806864915,0.630170703489267
There's a Sam!,neither,0.039370482761448486,0.2764583201644174,0.6841711970741342
PogChamp Sam is on GYP! <3,neither,0.043940546811399445,0.3401787820397853,0.6158806711488153
sam is here!! i love it already!!!,neither,0.08835712234257119,0.3198371422158221,0.5918057354416069
danWave,neither,0.03945320844208391,0.33037608806864915,0.630170703489267
"Oh Baby, it's Cold Out Side",neither,0.03395278218778103,0.3346113344507596,0.6314358833614593
And a Xander!,neither,0.03763944115734239,0.1918412352459551,0.7705193235967025
Sam and Jody yay!!!,neither,0.038823247711363314,0.29917453630288626,0.6620022159857505
Yay!,neither,0.03945320844208391,0.33037608806864915,0.630170703489267
Hello Sam and Jody and Kate and Dylan and Lauryn and Amy and Xander and Jason!,neither,0.037867986740682244,0.2333571843382882,0.7287748289210295
"Wow, it's almost a TBD reunion!",neither,0.038185000331136504,0.330812282992451,0.6310027166764125
popeOh popeOh popeOh,neither,0.03945320844208391,0.33037608806864915,0.630170703489267
Erica danChamp,neither,0.03945320844208391,0.33037608806864915,0.630170703489267
Whoo-hooooo!,neither,0.03945320844208391,0.33037608806864915,0.630170703489267
Most of my favorite people are here!,neither,0.16192046380860353,0.31412051286216514,0.5239590233292314
woo all our favorites made it!,neither,0.03967456788029509,0.38556862016987103,0.5747568119498339
yeah sam is my fav.,neither,0.022783306968224892,0.48593491770493874,0.49128177532683637
19 degrees where I am,neither,0.04085760961936701,0.303748955120376,0.6553934352602568
OH what a lovely party to have gathered!!!,neither,0.056131146625229555,0.2869408886843281,0.6569279646904425
Hello!,neither,0.03945320844208391,0.33037608806864915,0.630170703489267
yay xander is there! :D,neither,0.04904213539249746,0.2791733725434462,0.6717844920640564
It's like in the 20's here in KY. LA's HOT by comparison. @GeekandSundry,neither,0.07163723320893549,0.333386919719565,0.5949758470714996
"I wish it was cold here, its 38C",neither,0.07113170224448465,0.30007628304844647,0.628792014707069
Sam is a shiny Hanukkah elf and I am HERE for it!,neither,0.07152196850243644,0.2542724073653886,0.6742056241321751
Ms It started :D,neither,0.03797074064785392,0.3308859767225388,0.6311432826296073
hihi,neither,0.03945320844208391,0.33037608806864915,0.630170703489267
Morning all,neither,0.061967905254982546,0.21215969689978753,0.7258723978452299
hi friends,neither,0.03945320844208391,0.33037608806864915,0.630170703489267
Hi @Simidavid95,neither,0.03945320844208391,0.33037608806864915,0.630170703489267
I love how out of place Jason looks,neither,0.036078355671857375,0.3116773820882692,0.6522442622398734
this is such a good group <3 (not that it isn't always),neither,0.038345924652687054,0.40395983701680516,0.5576942383305078
Taliesin is your shirt as comfy as it looks?,neither,0.061971025133993884,0.36887937998644893,0.5691495948795572
there's a pupper too,neither,0.038971194870098806,0.26573628318181663,0.6952925219480846
IS THAT WHITNEY,neither,0.04384559497543054,0.3737484569973207,0.5824059480272488
I do love that JCM is rocking the Johnny Cash vibe in the middle of all the festively dressed people.,neither,0.05387635490196187,0.3630463213404134,0.5830773237576248
LOL Bonnie xD,neither,0.020706217963973744,0.4882283491876925,0.4910654328483337
PogChamp BONNIE's MRS CLAUS!,neither,0.03945320844208391,0.33037608806864915,0.630170703489267
:-D,neither,0.03945320844208391,0.33037608806864915,0.630170703489267
bardWave sam bardWave erika bardWave taliesin bardWave jody bardWave jcm bardWave katers bardWave and all,neither,0.040061444273143586,0.3537717196377564,0.6061668360891
"@John_Sparks_Jr They were playing. It's barely chilly outside, maybe 60F, probably higher where they are!",neither,0.051492675360832074,0.2897591993155718,0.6587481253235961
oh MY GOSH,neither,0.03236932916326653,0.3691666553057533,0.59846401553098
Bonnie Claus!,neither,0.03945320844208391,0.33037608806864915,0.630170703489267
that's one of the library bards,neither,0.03389978812386707,0.3870383514606589,0.5790618604154741
BONNIEEEEE,neither,0.03945320844208391,0.33037608806864915,0.630170703489267
Mrs. Claus!,neither,0.03945320844208391,0.33037608806864915,0.630170703489267
Mrs claus,neither,0.03945320844208391,0.33037608806864915,0.630170703489267
"Library Bards...err, Library Claus!",neither,0.03945320844208391,0.33037608806864915,0.630170703489267
"mrs claus, of course",neither,0.03945320844208391,0.33037608806864915,0.630170703489267
this is the cutest,neither,0.047610463958096684,0.3110731663472715,0.6413163696946317
XD,neither,0.03945320844208391,0.33037608806864915,0.630170703489267
Bonnie!,neither,0.03945320844208391,0.33037608806864915,0.630170703489267
Bonnie you're magical,neither,0.09310843986961562,0.34827293524758574,0.5586186248827987
Where is Sax as Santa,neither,0.04764753536720141,0.33013978847743664,0.6222126761553619
Bonnie!,neither,0.03945320844208391,0.33037608806864915,0.630170703489267
It's Bonnie Claus!,neither,0.034373745257138544,0.33212314837979673,0.6335031063630647
Bonnie Claus!,neither,0.03945320844208391,0.33037608806864915,0.630170703489267
Yay Bonnie!,neither,0.03945320844208391,0.33037608806864915,0.630170703489267
mrs clause?,neither,0.03945320844208391,0.33037608806864915,0.630170703489267
it's weird how I know the name of everyone on this screen o.O,neither,0.03182356924262021,0.40298135631354054,0.5651950744438393
They're both here,neither,0.15356535854913664,0.24120172381493787,0.6052329176359255
aw I forgot snacks,neither,0.03945320844208391,0.33037608806864915,0.630170703489267
Mrs. Claus! :-D,neither,0.03945320844208391,0.33037608806864915,0.630170703489267
This is amazing,neither,0.050638740814203484,0.3285866302672563,0.6207746289185402
I adore her Mrs. Claus!,offensive_language,0.028621911403765927,0.6087414242014095,0.36263666439482456
is Sam dressed as a Menorah? That's awesome,neither,0.0407604911592603,0.3865756013688918,0.5726639074718479
BON NIE XD,neither,0.03945320844208391,0.33037608806864915,0.630170703489267
she's hilarious omg. I'm so happy,neither,0.04086164242625928,0.4570238306302961,0.5021145269434445
oh crap that's Bonnie!,neither,0.040767754933696124,0.3212248124065184,0.6380074326597855
"@Zismarith Oh I must have missed an ""lol"" in that message, I knew they were, I was being silly responsive.",neither,0.033589099050048914,0.3540494848322322,0.6123614161177189
Ms Claus won the star war,neither,0.038741323704882404,0.3174201666304541,0.6438385096646636
I want Mrs Claus to visit me,neither,0.03837074991266488,0.35862242253677107,0.6030068275505641
Wrong week Xander ;),neither,0.03945320844208391,0.33037608806864915,0.630170703489267
i just realized that G&S ends with a folk sing like every good geek con does.,neither,0.030648885375685678,0.4471070764041729,0.5222440382201414
Mrs*,neither,0.03945320844208391,0.33037608806864915,0.630170703489267
Christmas crackers,neither,0.04721205414024684,0.1826256183848625,0.7701623274748907
@John_Sparks_Jr Gotcha!,neither,0.03945320844208391,0.33037608806864915,0.630170703489267
"""Mr Clause is old but he's not dead""",neither,0.047210904271938296,0.3392322735384443,0.6135568221896174
put down my crackers,neither,0.0333144826804025,0.2777889943380451,0.6888965229815525
PUPPY. <3,neither,0.03945320844208391,0.33037608806864915,0.630170703489267
She replied to me after I found the fanfic she mentioned last week :D,neither,0.03955790714877915,0.4438615858917628,0.5165805069594581
"That's Bonnie?! Hahahaha, so good!",neither,0.034225127602746416,0.431017915375843,0.5347569570214105
We have them in Canada,neither,0.05295331406174737,0.3339589176104989,0.6130877683277537
pull the string shoot the the middle,neither,0.051220737776631615,0.2507159449054894,0.698063317317879
N'awww look at the pupper behind the couch,neither,0.03890702674521948,0.32379307678978364,0.637299896464997
Erika's such an elegant strumpet.,neither,0.03999829003664675,0.32112463085931325,0.6388770791040399
"Hi Bonnie, Jody, Sam, Taliesin, EKbot, Kate, Dylan, Lauren, JCM, Amy and Xander!",neither,0.03903145325222434,0.30998069212821777,0.6509878546195579
those are super common in canada,neither,0.08432456503901349,0.24072648859366752,0.6749489463673188
We have those in Canada!,neither,0.06345533267168407,0.27190983071661373,0.6646348366117023
they have silly jokes and terrible paper crowns in them,neither,0.047675659439783184,0.30390158454088234,0.6484227560193345
"I watch Doctor Who, I know what they are",neither,0.07870086561412559,0.33874879800462604,0.5825503363812483
lurk mode atm till I get home so listening through my truck.,neither,0.03291737940011034,0.40538638706642427,0.5616962335334652
They're in Australia too!,neither,0.05652419842817854,0.30730702329450993,0.6361687782773114
We have them is Australia too,neither,0.060055069193358006,0.33421280382007074,0.6057321269865712
confetti everywhere,neither,0.03945320844208391,0.33037608806864915,0.630170703489267
We have them here in Australia,neither,0.10164194802072778,0.2968299096850119,0.6015281422942603
https://clips.twitch.tv/RespectfulMotionlessSlothHotPokket,neither,0.03945320844208391,0.33037608806864915,0.630170703489267
"I, too, only learned of Christmas crackers from reading Harry Potter LUL",neither,0.04329113593213348,0.2582674893609364,0.69844137470693
I love Christmas crackers <3 they're common up here in Canada too,neither,0.08381009168306922,0.25044757304463544,0.6657423352722954
I love how Tal just did his by himself,neither,0.05138377052942797,0.3904980338161192,0.5581181956544529
Dylan has too much hair for the crown. LOL,neither,0.028191713124274202,0.3337968159501932,0.6380114709255326
Did somebody bring their Christmas dog??,neither,0.03945320844208391,0.33037608806864915,0.630170703489267
Little Ding Ding is just so quiet and doesn't know what to do. XD,neither,0.04722355251069187,0.338704030496652,0.6140724169926561
what lovely crowns,neither,0.04653781999888937,0.32534352289967006,0.6281186571014407
LOL WOW,neither,0.028246994003964847,0.4153360334236352,0.5564169725723999
"Ooh, Decorated DingDing. :P",neither,0.03945320844208391,0.33037608806864915,0.630170703489267
so jody wins best ulgy sweater amirite?,neither,0.03883241778372411,0.35286449373803364,0.6083030884782422
lawlll,neither,0.03945320844208391,0.33037608806864915,0.630170703489267
lol,neither,0.020706217963973744,0.4882283491876925,0.4910654328483337
oh Xander <3,neither,0.051363287716059566,0.22255663153133606,0.7260800807526044
Lmaooooooo,neither,0.03945320844208391,0.33037608806864915,0.630170703489267
oh that's a GOOD joke,neither,0.03998276417549701,0.32175304342839356,0.6382641923961093
LUL outside LUL,neither,0.03945320844208391,0.33037608806864915,0.630170703489267
And the jokes have to be awful,neither,0.043828986254166175,0.2896362726391442,0.6665347411066896
World Market sold Crackers at one point,neither,0.04314921181941846,0.27840375593994454,0.6784470322406371
where did you GET these crackers? they're naughty xD,neither,0.09840131492017344,0.2716000593759722,0.6299986257038543
LUL,neither,0.03945320844208391,0.33037608806864915,0.630170703489267
LOL!,neither,0.020706217963973744,0.4882283491876925,0.4910654328483337
Oh Britain...how we love your humor. :D,neither,0.06349974810041892,0.29949160164478716,0.6370086502547938
"Good one, Xander",neither,0.03669080839140341,0.39000308422052066,0.573306107388076
only US doesn't have christmas poppers because of child safety,neither,0.06227099088564943,0.3320855595668465,0.605643449547504
Bad jokes are a must,neither,0.06322869246501273,0.26788754625174116,0.6688837612832461
I love shitty puns!,offensive_language,0.04536426814630828,0.8753721311131968,0.07926360074049492
Good one Jody,neither,0.03789845145357637,0.363672837746149,0.5984287108002746
ughhh theese jokes,neither,0.03945320844208391,0.33037608806864915,0.630170703489267
Xander's joke was better than average.,neither,0.03894245242597084,0.3390449506290712,0.622012596944958
Ba-da-bum,neither,0.06885920757255799,0.4347913281109123,0.49634946431652954
Hi all,neither,0.0423466876598404,0.4436528871510691,0.5140004251890904
popeOh,neither,0.03945320844208391,0.33037608806864915,0.630170703489267
he's not wrong,neither,0.045406618975744786,0.3347852449546782,0.6198081360695771
"Oh wow look at that set, so festive!",neither,0.04131522311073108,0.38484965398974463,0.5738351228995242
Quick somebody say Library Bards,neither,0.03945320844208391,0.33037608806864915,0.630170703489267
World Market Thanksgiving crackers like what,neither,0.05897090660007174,0.24097964654831106,0.7000494468516172
"agreed Tal, we should bring them to the States",neither,0.0621838372678486,0.3343751739768539,0.6034409887552976
germany doesn't really have them either i doubt it's a safety thing |D,neither,0.047032148868274,0.33157181542977515,0.6213960357019509
so this is a show about a room full of people talking at the same time,neither,0.10105194314360778,0.33752701020792103,0.5614210466484713
interesting,neither,0.03945320844208391,0.33037608806864915,0.630170703489267
oooooooooh,neither,0.03945320844208391,0.33037608806864915,0.630170703489267
@Slippydude *jazzhands*,neither,0.03945320844208391,0.33037608806864915,0.630170703489267
that's bad,neither,0.025901452062263648,0.41959922874405525,0.5544993191936811
"The jokes are meant to be bad becuase then everyone agrees they're terrible, instead of dividing the room",neither,0.05891769121086954,0.33095588943859194,0.6101264193505385
@hail_wuzzle It's basically a bunch of friends hanging out and we pretend that we're hanging out with them,neither,0.04045710655851967,0.40396880777527844,0.555574085666202
Erika how hot is it in that hat?,neither,0.04165509646048527,0.36808647182079124,0.5902584317187236
THERES A DOG,neither,0.03945320844208391,0.33037608806864915,0.630170703489267
Yup,neither,0.03945320844208391,0.33037608806864915,0.630170703489267
"@Slippydude but only half of the Bards are there, Bonnie is missing. Unless Xander can convince Mrs. Claus to fill in....",neither,0.059152863534328866,0.2749540396216527,0.6658930968440184
I got keychain scissors in one once :/ it was boring but useful.,neither,0.03452473658358159,0.3956164351061493,0.569858828310269
@a_few_more_goth QI did a thing on that,neither,0.031247593159363252,0.40081239614767705,0.5679400106929596
wow! lol,neither,0.028246994003964847,0.4153360334236352,0.5564169725723999
honestly it was probably the only cracker prize I kept for more than a week,neither,0.10945144533794876,0.2614567170514417,0.6290918376106095
@tinypixelcats WHERE,neither,0.04379278224195774,0.2567221952996476,0.6994850224583946
EXACTLY FOR XANDER'S,neither,0.03150101158642284,0.2907279811556111,0.677771007257966
lol,neither,0.020706217963973744,0.4882283491876925,0.4910654328483337
dad's jokes danLol,neither,0.03945320844208391,0.33037608806864915,0.630170703489267
@highvoltage988 hahahaha,neither,0.03945320844208391,0.33037608806864915,0.630170703489267
*Except,neither,0.03945320844208391,0.33037608806864915,0.630170703489267
"@LavenderTownsGhost ah, thanks. cool name",neither,0.03745470437514634,0.31364087231063653,0.6489044233142172
Oooh that was a good one!,neither,0.03452436849409511,0.3990931843584745,0.5663824471474305
@elvende that's probably where i heard it,neither,0.03479817660006164,0.36202392732428085,0.6031778960756575
OH I SEE THE DOG,neither,0.04447777609729793,0.2522116964631465,0.7033105274395556
Xanders joke wasnt bad,neither,0.03612444455847122,0.3315210026106971,0.6323545528308316
I like some of the jokes!,neither,0.039503314879776166,0.345599680010847,0.614897005109377
dammit. it's midnight here :P,neither,0.07854175422407988,0.29723384197305547,0.6242244038028648
Love Jody's sweater :),neither,0.03695568432102715,0.34196125682243217,0.6210830588565408
@highvoltage988 Xander is there on the right if is saw right,neither,0.03172760394155825,0.36131828861337395,0.6069541074450678
that's a great theory tho,neither,0.030962266098021173,0.352896437030267,0.6161412968717118
Everyone is happy when there's a bad joke,neither,0.029983575248028336,0.41680679027665524,0.5532096344753166
We have a subscriber-only Discord server! Join here: https://discord.gg/geekandsundry (you'll need to sub and link it to your Twitch) and be a part of the fun!...Warning: It can take up to an hour for the server to update and give you access to the channels,neither,0.08464076273808444,0.286394834032893,0.6289644032290227
I freaking love Erika's hat and scarf they are KICKIN',neither,0.05167337107176649,0.2853537999161603,0.6629728290120733
Xander went Mad,neither,0.03945320844208391,0.33037608806864915,0.630170703489267
"6am over here, so it's really a party...",neither,0.06841265412917956,0.33790561754592074,0.5936817283248997
Good fill in Amy!,neither,0.03890265388120274,0.33056544902814733,0.63053189709065
"@Deathstar_Taco yes but no Bonnie, only Mrs. Claus who slightly resembles her Kappa",offensive_language,0.03254447495357117,0.4997722772472539,0.46768324779917475
Please induct Internet Sensation Amy Dallen as an Honorary Library Bard?,neither,0.038440771964614796,0.3475597773399558,0.6139994506954294
ah I still need to watch Sagas,neither,0.05192321269724532,0.33767240237645924,0.6104043849262955
Taliesin having hat-ception,neither,0.03945320844208391,0.33037608806864915,0.630170703489267
That is such a good mug he's got,neither,0.04582112965066521,0.39454920332244725,0.5596296670268875
Yes Crackers in Canada!!!,neither,0.04558759530855743,0.21373383230978418,0.7406785723816584
how long is each episode of Sagas?,neither,0.04625606324619702,0.32633510064614246,0.6274088361076605
Praise Our Lord and Savior Fenly. #ProtectFenly #FenlyProtectUs,neither,0.03886253870186528,0.3012609642949933,0.6598764970031414
that bow wall is....,neither,0.04324268073927274,0.3682934702208732,0.588463849039854
wow,neither,0.03945320844208391,0.33037608806864915,0.630170703489267
Dalens Day,neither,0.04062343770405816,0.29560591037067285,0.663770651925269
QUESTION: Kate why do U.K. children called Santa Father Christmas?,neither,0.03382722528747574,0.3386039703854991,0.6275688043270252
All the good children of England have them,neither,0.050169598860528734,0.3730068764297685,0.5768235247097029
!amy,neither,0.03945320844208391,0.33037608806864915,0.630170703489267
"Internet Sensation Amy Dallen is a comic enthusiast, a Geek & Sundry host, and a wonderfully thoughtful and charming fan-centric person! She plays 'Curie' in the Future Girl webseries! Find her at twitter.com/enthusiamy and check out Future Girl here, http://bit.ly/1U6LQdy",neither,0.04242970691477908,0.3812436685823175,0.5763266245029034
@LavenderTownsGhost So do I. Was waiting for it all to come out because I didn't want the torture of waiting between episodes. XD,neither,0.030196387852788133,0.39511562855770094,0.574687983589511
st,neither,0.03945320844208391,0.33037608806864915,0.630170703489267
HUMAN?!,neither,0.3530005915303368,0.09117267811542168,0.5558267303542416
Shield of Tomorrow is pretty amazing.,neither,0.04720437019125192,0.32771010810891793,0.6250855216998301
nooooo,neither,0.03945320844208391,0.33037608806864915,0.630170703489267
"Help G&S make great content! $4.99/month gets you emotes, Minecraft server access, Sub Only VODs, and more! Every sub keeps the channel alive! twitch.tv/geekandsundry/subscribe",neither,0.043907990691603095,0.31135964332838284,0.644732365980014
oh wow I just noticed that bow wall,neither,0.03701372401935343,0.33971026159213275,0.6232760143885139
"We believe in you, Lauren!",neither,0.05519906367640771,0.3779754616896131,0.5668254746339793
yay general havoc \o/,neither,0.03945320844208391,0.33037608806864915,0.630170703489267
@Septima_ocrazeley do you know how long each episode is?,neither,0.0625058610154872,0.3623318894837605,0.5751622495007523
General havock *salutes,neither,0.03945320844208391,0.33037608806864915,0.630170703489267
general havoc! :D,neither,0.03945320844208391,0.33037608806864915,0.630170703489267
do you think they're going to show critical role wrap up repeat again?,neither,0.0730331446173346,0.3499473440016558,0.5770195113810096
Lauryn is awesome and does cool arts,neither,0.03157758693509599,0.41422827446152033,0.5541941386033838
"""Lauryn the Dragonslayer"" has a nice ring to it.",neither,0.04403053585020702,0.3045781754670075,0.6513912886827855
*salute* General Havoc,neither,0.03945320844208391,0.33037608806864915,0.630170703489267
"Shield of Tomorrow brings me so much joy, if you're not watching it yet I highly recommend it!",neither,0.03618498446920867,0.4129873289834822,0.5508276865473091
o7,neither,0.03945320844208391,0.33037608806864915,0.630170703489267
Happy Vastmas!,neither,0.03945320844208391,0.33037608806864915,0.630170703489267
when did it start?,neither,0.026551689575131075,0.39105575953501653,0.5823925508898523
Little bit of promoting Tal's fan page,neither,0.03927119451035857,0.3334653395085377,0.6272634659811038
@angegarden37 I know we will! ;) after this show :),neither,0.057375833493585986,0.23078204406833963,0.7118421224380743
"I want to be Lauryn when I grow up, fyi :P",neither,0.03607352491781107,0.4034949176007553,0.5604315574814337
Dylannnnn! Noble Defender <3,neither,0.03945320844208391,0.33037608806864915,0.630170703489267
@LavenderTownsGhost Haven't looked yet. I imagine it'd be an hour or so each. I believe that was the length of the first season.,neither,0.03303438516764275,0.35564792156019165,0.6113176932721656
Everyone looks so festive!,offensive_language,0.03243759023053324,0.4963570547219247,0.4712053550475419
doge!,neither,0.03945320844208391,0.33037608806864915,0.630170703489267
dingding,neither,0.03945320844208391,0.33037608806864915,0.630170703489267
PUPPER,neither,0.03945320844208391,0.33037608806864915,0.630170703489267
Sorry I missed it twice. I thought it was next week,neither,0.03912033354299559,0.27403757865974143,0.6868420877972629
hallo kate and pupper <3,neither,0.03854442882677734,0.28357035124239044,0.6778852199308323
Dog!,neither,0.03945320844208391,0.33037608806864915,0.630170703489267
oooOOOOO PRESENTS,neither,0.03945320844208391,0.33037608806864915,0.630170703489267
Ding ding wins,neither,0.03945320844208391,0.33037608806864915,0.630170703489267
"@Septima_ocrazeley oh sweet, I was worried if it was like Critical Role length",neither,0.03509981955600111,0.34672984849344496,0.6181703319505538
danChamp,neither,0.03945320844208391,0.33037608806864915,0.630170703489267
kaypikeGIFT,neither,0.03945320844208391,0.33037608806864915,0.630170703489267
I thought you're not supposed to open presents before Christmas Day?,neither,0.06668613207105291,0.30704324281218714,0.6262706251167599
- Amy hype,neither,0.03945320844208391,0.33037608806864915,0.630170703489267
"Erika, your outfit cant seem to decide if you want to be warm or cold XD",neither,0.06204114103693994,0.38084047280223854,0.5571183861608215
- Tiny potato hype,neither,0.03945320844208391,0.33037608806864915,0.630170703489267
that depnds on different familes. We opened on Christmas Eve,neither,0.03336195538262111,0.37664306479054366,0.5899949798268352
I don't mind being on the naughty list!,neither,0.033174546236241505,0.349026239393253,0.6177992143705054
ehhh piper's twin.,neither,0.03945320844208391,0.33037608806864915,0.630170703489267
dawwww,neither,0.03945320844208391,0.33037608806864915,0.630170703489267
are they going to rerun critical role episodes for a couple weeks during the winter break?,neither,0.049813666795294045,0.2972644301984095,0.6529219030062965
@LavenderTownsGhost It's edited and a bit too tense to make it 3 to 5 hours for each episode. XD,neither,0.04078821943847269,0.29435687672387995,0.6648549038376474
Taliesin strikes me as someone who loves buying gifts for people,neither,0.04418668590321095,0.3874343794663694,0.5683789346304196
daw,neither,0.03945320844208391,0.33037608806864915,0.630170703489267
AHHh cute!,neither,0.041556110047227854,0.2946843596934949,0.6637595302592773
PogChamp,neither,0.03945320844208391,0.33037608806864915,0.630170703489267
omg that's so adorable!,neither,0.035415378839744306,0.4191845128179036,0.5454001083423522
tinytatoPotato tinytatoPotato tinytatoPotato tinytatoPotato,neither,0.03945320844208391,0.33037608806864915,0.630170703489267
Wow!,neither,0.03945320844208391,0.33037608806864915,0.630170703489267
omg so cute!,neither,0.041958803027490235,0.3482783131872814,0.6097628837852284
"Well played, @piperstwin.",neither,0.03945320844208391,0.33037608806864915,0.630170703489267
Is Jody Jewish? Blue sweater,neither,0.044984968484205655,0.32847346212797374,0.6265415693878207
That chest is so adorable,neither,0.04281678567605964,0.40574929056465353,0.5514339237592869
aaaaaaaaaaahhhhhhhhh,neither,0.03945320844208391,0.33037608806864915,0.630170703489267
Awwwe! That’s awesome!,neither,0.03419525192306799,0.38790559219732307,0.5778991558796089
https://www.facebook.com/KatesCustomCrates,neither,0.027368386377871087,0.3644252101067383,0.6082064035153907
@GInquisitor Depends on how impatient your parents are about wanting you to stop asking what you got.,offensive_language,0.12300277431728183,0.4482222386773185,0.42877498700539973
That's so cute!,neither,0.036211895180498735,0.4189318352015079,0.5448562696179934
"Heh, @piperstwin good on ya!",offensive_language,0.024200560044130945,0.5704919866671949,0.40530745328867407
thats so freaking cute!!!!!,neither,0.041254433084353274,0.34321974860170873,0.615525818313938
Tiny Potatoes!!!!,neither,0.03945320844208391,0.33037608806864915,0.630170703489267
That was such a fabulous gift!,neither,0.03638548298132572,0.3629963824080031,0.6006181346106714
tinytatoPotato tinytatoPotato tinytatoHeart,neither,0.03945320844208391,0.33037608806864915,0.630170703489267
tinytatoPotato tinytatoPotato tinytatoPotato tinytatoPotato tinytatoPotato,neither,0.03945320844208391,0.33037608806864915,0.630170703489267
<#,neither,0.03945320844208391,0.33037608806864915,0.630170703489267
tinytatoPotato tinytatoPotato tinytatoPotato tinytatoPotato,neither,0.03945320844208391,0.33037608806864915,0.630170703489267
@Fu4ow Sam?,neither,0.03945320844208391,0.33037608806864915,0.630170703489267
@Septima_ocrazeley that means I can take a day to watch all the episodes! hooray!,neither,0.04672355395625213,0.37988759946086575,0.5733888465828823
when did it start?,neither,0.026551689575131075,0.39105575953501653,0.5823925508898523
<3,neither,0.03945320844208391,0.33037608806864915,0.630170703489267
GInquisitor have you never opened one present on Christmas Eve,neither,0.04319387017578212,0.4197460387119335,0.5370600911122845
tinytatoPotato tinytatoPotato tinytatoPotato tinytatoPotato tinytatoPotato tinytatoPotato tinytatoPotato tinytatoPotato tinytatoPotato tinytatoPotato tinytatoPotato tinytatoPotato,neither,0.03945320844208391,0.33037608806864915,0.630170703489267
tinytatoPotato tinytatoPotato tinytatoPotato tinytatoPotato tinytatoHeart,neither,0.03945320844208391,0.33037608806864915,0.630170703489267
"There's a Naughty List, a Nice List, and a REALLY Nice List. LOL",neither,0.03590185034897039,0.31828019799728713,0.6458179516537425
Fill the chat with tinytatoPotato,neither,0.02889545583199135,0.3493525187966799,0.6217520253713287
tinytatoPotato,neither,0.03945320844208391,0.33037608806864915,0.630170703489267
popeOh,neither,0.03945320844208391,0.33037608806864915,0.630170703489267
aw,neither,0.03945320844208391,0.33037608806864915,0.630170703489267
love Jody's batman sweater! na na na na na na na na!,neither,0.03891447954795201,0.3328289692397604,0.6282565512122875
!katescrates,neither,0.03945320844208391,0.33037608806864915,0.630170703489267
Check out Kate's Custom Crates on Facebook: https://www.facebook.com/KatesCustomCrates/ and on Etsy: https://www.etsy.com/shop/KatesCustomCrates !,neither,0.027302876710067238,0.35695865340423405,0.6157384698856988
tinytatoPotato,neither,0.03945320844208391,0.33037608806864915,0.630170703489267
"@cinphoria no, Jody’s sweater has the same colors as Sam’s",neither,0.03795234365690084,0.3497872989587473,0.612260357384352
tinytatoPotato tinytatoPotato tinytatoPotato tinytatoPotato tinytatoPotato tinytatoPotato tinytatoPotato tinytatoPotato tinytatoPotato tinytatoPotato tinytatoPotato tinytatoPotato tinytatoPotato tinytatoPotato tinytatoPotato tinytatoPotato tinytatoPotato tinytatoPotato tinytatoPotato tinytatoPotato,neither,0.03945320844208391,0.33037608806864915,0.630170703489267
Very nice work!,neither,0.03945320844208391,0.33037608806864915,0.630170703489267
And a really Naughty list Mrs. Clause keeps hidden from Santa,neither,0.039547717219522834,0.29928933683906345,0.6611629459414137
"@angegarden37 Well, yeah...but I had to be sneaky about it. ;)",neither,0.026796304538622046,0.44294248970686534,0.5302612057545127
tinytatoPotato tinytatoPotato tinytatoPotato tinytatoPotato tinytatoHeart tinytatoHeart tinytatoHeart tinytatoHeart tinytatoPotato tinytatoPotato tinytatoPotato,neither,0.03945320844208391,0.33037608806864915,0.630170703489267
amy so hype for chest,neither,0.03475012071384426,0.33917215716546933,0.6260777221206865
I'm on the nice naughty list,neither,0.03636944371391067,0.3279847861625043,0.635645770123585
tinytatos yay,neither,0.03945320844208391,0.33037608806864915,0.630170703489267
