text,top_class,hate_speech,offensive_language,neither
"ah, I thought he'd put on a disguise and managed to escape",neither,0.04719410322146955,0.24714849300087233,0.7056574037776582
,neither,0.03945320844208391,0.33037608806864915,0.630170703489267
"Get well soon, Ryan!",neither,0.03896731463348482,0.3386229740823678,0.6224097112841476
how's the glitter eric command doing? will we make it before the end of january?,neither,0.036512737591681874,0.33639406417390544,0.6270931982344128
"too much glitter for one lifetime, perhaps? @GeekandSundry",neither,0.03262796704358389,0.33386172424026045,0.6335103087161558
hello everyone,neither,0.03269494828970791,0.4450814005079928,0.5222236512022994
Yes @shidareAKI,neither,0.03945320844208391,0.33037608806864915,0.630170703489267
!glittereric,neither,0.03945320844208391,0.33037608806864915,0.630170703489267
We have 3 months 8 days 22 hours 59 minutes 51 seconds left until we glitter Eric! Chat never forgets! https://clips.twitch.tv/EasyUglyPlumFailFish,neither,0.0377770694313207,0.34921818157112566,0.6130047489975536
"@Deathstar_Taco I mean he's done with glitter to be sure, but its just a cold or flu or something",neither,0.029634677379256184,0.43864318240934186,0.531722140211402
did Stef send Ryan to Seattle or what's happening?,neither,0.047367367638457586,0.3253271132692574,0.6273055190922852
gandsMasterStef gandsMasterStef gandsMasterStef gandsMasterStef gandsMasterStef gandsMasterStef,neither,0.03945320844208391,0.33037608806864915,0.630170703489267
Oh no! Well I guess we'll just have to glitter Eric on another show,neither,0.07900033574048515,0.25156602039596493,0.66943364386355
Haha omg,neither,0.03399741462726373,0.4229751475933956,0.5430274377793407
@Triamas he's ill today... so unless it was Stef not washing her hands I think its undrelated,neither,0.030985641043772237,0.4715303749611458,0.4974839839950819
"Also Murray F. Christmas may still be ""around""",neither,0.04015726400745207,0.32642488175403045,0.6334178542385174
Oh I see what they're doing. MnC will be in,neither,0.07227864660686914,0.23744497303640602,0.6902763803567249
rip,neither,0.03945320844208391,0.33037608806864915,0.630170703489267
@Triamas I'm wondering the same thing,neither,0.03936492811633355,0.3212094512041434,0.6394256206795229
what happened to our dear Ryan?!,neither,0.049105806512269666,0.32426969726791066,0.6266244962198196
Thoughts and Prayers for Ryan,neither,0.034587530996266096,0.2807824276263179,0.6846300413774159
does making tiny electric motors for 2nd graders for learn about electricity count as crafting,neither,0.026640976482040685,0.3884201159242074,0.584938907593752
- development when it's time to glitter eric,neither,0.03512178293600881,0.37258144804193927,0.5922967690220519
Get better Ryan!,neither,0.03886824062626281,0.34030451854748034,0.620827240826257
@FuffyButt yes,neither,0.03945320844208391,0.33037608806864915,0.630170703489267
Ryan is out sick today.,neither,0.04098225301974758,0.32277202335009597,0.6362457236301565
just came and saw this,neither,0.03382121687004162,0.31168778977947814,0.6544909933504802
wtf,offensive_language,0.04410695246022759,0.7898861884776351,0.16600685906213722
This is awesome,neither,0.050512911114032236,0.32860941969445295,0.6208776691915148
He's in an infernal city upstate now,neither,0.044273705055078806,0.32430456545411357,0.6314217294908075
....what is going on?,neither,0.053652426185914176,0.3789212265798947,0.5674263472341913
what is going on,neither,0.053652426185914176,0.3789212265798947,0.5674263472341913
"FYI, glitter bad, 'mmkay? http://edition.cnn.com/2017/11/29/health/glitter-environment-hazard-microbead-ban-trnd/index.html",neither,0.03711910413957013,0.2920035165549559,0.6708773793054739
^^,neither,0.03945320844208391,0.33037608806864915,0.630170703489267
!wtfisthis,neither,0.03945320844208391,0.33037608806864915,0.630170703489267
"This is Gather Your Party! It’s Friday night, and you know what that means… Party time! Join us for your weekly overdose of singing, dancing, and general shenanigans with all your favorite people. Gather Your Party is a must-watch variety show for your Friday night, with special guests adding to the fun while you play along at home!",neither,0.12564140794779396,0.3143328173106311,0.5600257747415749
Ryan is sick today,neither,0.04577255853981534,0.3067706459131762,0.6474567955470084
@PainlessSuffering Ryan is out stick so we're punking him,neither,0.05669786468650983,0.3575008058702649,0.5858013294432253
Ryan's out sick so they're having a bit of fun. :),neither,0.047578619496957054,0.3525449292972761,0.5998764512057669
OHHHH,neither,0.03945320844208391,0.33037608806864915,0.630170703489267
"REMINDER: Twitch is running a promotion with 20% Off New Subs and Gifted Subs, and on all tiers! Read more about what defines a ""new"" sub and more here: http://bit.ly/20offSubs",neither,0.051870858804037155,0.23131868361446495,0.716810457581498
Haha this is not Gather Your Party nightbutt,neither,0.06629501909641464,0.38204664223272133,0.551658338670864
"LOL, ""Come back to us, Glitterlord.""",neither,0.08268254985095708,0.40727608394977616,0.5100413661992668
Okay I was all wondering if I should be sad or something lol,offensive_language,0.030120047680944815,0.4968784394428115,0.47300151287624365
Lord Glitterous is sick and couldn't come in today!,neither,0.0427547062767536,0.30266619081043467,0.6545791029128117
Also he hasn't had that little hair for 6 years,neither,0.03586159654339624,0.34020582387281934,0.6239325795837845
Ryan will be back once the reindeer finished glueing his skin pieces back together,neither,0.05297194952244267,0.3119552012946639,0.6350728491828934
"That picture screams ""high school drama club""",neither,0.03466599828436315,0.4119807735288189,0.5533532281868181
"oh... checked Twitter... well, good bye mines n crafts... thats impossible for europe",neither,0.037943162961448694,0.3458739517742888,0.6161828852642625
same here i thought he was dead :O,neither,0.10177068312938362,0.2100711967047915,0.6881581201658248
"@GeekandSundry I love y'all so much, this is the best kind of prank :P",neither,0.03949459607359604,0.4019611675405626,0.5585442363858414
wait... @Triamas was that an Amtrak reference?,neither,0.03612136240050184,0.3654216998151243,0.5984569377843738
"Sooo anyways, Hello Hoomans",neither,0.03945320844208391,0.33037608806864915,0.630170703489267
what are the chances it is Eggnog flu?,neither,0.06754943210722897,0.28265699723998633,0.6497935706527848
brutal.,neither,0.03945320844208391,0.33037608806864915,0.630170703489267
Hi @JJ_Dane,neither,0.03945320844208391,0.33037608806864915,0.630170703489267
xD,neither,0.03945320844208391,0.33037608806864915,0.630170703489267
@cool_hand_ruke umm... Amtrak?,neither,0.03945320844208391,0.33037608806864915,0.630170703489267
We have a subscriber-only Discord server! Join here: https://discord.gg/geekandsundry (you'll need to sub and link it to your Twitch) and be a part of the fun!...Warning: It can take up to an hour for the server to update and give you access to the channels,neither,0.08464076273808444,0.286394834032893,0.6289644032290227
!uptime,neither,0.03945320844208391,0.33037608806864915,0.630170703489267
they're was a nasty Amtrak derailment in Tacoma this morning,neither,0.0678051483254142,0.17675953133948552,0.7554353203351003
Ryan looks like a bit like Tory Belleci from Mythbusters in that photo,neither,0.05298670371899171,0.3701667988613699,0.5768464974196384
*there,neither,0.03938975662112344,0.2339556726221167,0.7266545707567599
"The ""was he sent to Seattle"" cuz there was a massive train derailment in Tacoma.",neither,0.04580766572072281,0.29634635245433655,0.6578459818249406
OMG What happened?! :(,neither,0.04561800376968094,0.3259740924667546,0.6284079037635644
"Help G&S make great content! $4.99/month gets you emotes, Minecraft server access, Sub Only VODs, and more! Every sub keeps the channel alive! twitch.tv/geekandsundry/subscribe",neither,0.043907990691603095,0.31135964332838284,0.644732365980014
ouch @kaioraya :o how did it go?,neither,0.03920628211279004,0.3346315236526548,0.6261621942345551
"oh, I didn't mean the actual Seattle, I meant ""Seattle""",neither,0.03347137559670914,0.31871239282169667,0.6478162315815943
"Brand new high speed rail system, and the train did something like 5mph over the speed limit and derailed on a bridge over I-5",neither,0.03852653322126811,0.2991566145633697,0.6623168522153622
"Our producer, Ryan, is out sick today. This is a prank.",neither,0.04572236603230559,0.32399858454738895,0.6302790494203055
at least 6 died last I saw.,neither,0.03876013983439426,0.3514809661567522,0.6097588940088536
@cool_hand_ruke I thought the same thing lol,neither,0.03423865878795786,0.26932750535457356,0.6964338358574685
@CosmicVoyagerX he's just sick... but he knows better then to every be gone for even a minute,neither,0.04047230313024744,0.3379191272705956,0.621608569599157
"last I heard 3 dead, 70+ in hospital. ntsb is investigating",neither,0.045150826974339184,0.32841641578767583,0.6264327572379851
Three cars fell onto the freeway,neither,0.036757740385570566,0.356851026905187,0.6063912327092424
:(,neither,0.03945320844208391,0.33037608806864915,0.630170703489267
Hi everbody!,neither,0.03945320844208391,0.33037608806864915,0.630170703489267
this looks like we are trying to summon the dark lord of glitter,neither,0.06884397084102005,0.29967385292399407,0.6314821762349858
@SprinklesTheDragonCat Hey there!,neither,0.039367870622775906,0.26767823129172763,0.6929538980854965
Hi @SprinklesTheDragonCat,neither,0.03945320844208391,0.33037608806864915,0.630170703489267
Hi folks,neither,0.03945320844208391,0.33037608806864915,0.630170703489267
Local Radio has 6 dead,neither,0.03979927648777868,0.3245024101675793,0.635698313344642
Hi @Darkelven00,neither,0.03945320844208391,0.33037608806864915,0.630170703489267
@Darkelven00 How are ya?,offensive_language,0.04842990235394411,0.6384090293122449,0.313161068333811
"and hello all, btw o/",neither,0.040121226708751685,0.3559985626405902,0.6038802106506581
Not enough glitter in the summoning space. Kappa,neither,0.038043834292071,0.3230259152576261,0.638930250450303
@geekandsundry I feel his pain but I had to go to work today anyway.,neither,0.06506622440011267,0.3192452402528131,0.6156885353470742
gandsRyanHype gandsRyanHype gandsRyanHype gandsRyanHype gandsRyanHype,neither,0.03945320844208391,0.33037608806864915,0.630170703489267
tips for building a high speed rail system: Make sure the train can actually move at high speeds and not fly off the track.,neither,0.0313757205161104,0.4093791971023867,0.559245082381503
Hi @Psilio,neither,0.03945320844208391,0.33037608806864915,0.630170703489267
Hey @davidflegel long time no see. Hey there @chaoticloony,neither,0.037883041772409476,0.32251816918388276,0.6395987890437077
Is everyone ready?,neither,0.041262036450053476,0.4450965041340042,0.5136414594159423
@thedimono always!,neither,0.03557448528484342,0.4519132619047061,0.5125122528104504
!schedule,neither,0.03945320844208391,0.33037608806864915,0.630170703489267
Current Schedule (as of October 2017): http://bit.ly/GnSFall2017Schedule - more info at: http://geekandsundry.com/check-out-our-new-fall-twitch-schedule/,neither,0.0364215080210808,0.24334668344335023,0.720231808535569
@TheDiMono ALWAYS!!!!,neither,0.03557448528484342,0.4519132619047061,0.5125122528104504
am I the only anrgy that those are fake candles,neither,0.07787523240904229,0.26005673035128435,0.6620680372396733
ramaHype ramaHype ramaHype ramaHype ramaHype ramaOwmybody,neither,0.03945320844208391,0.33037608806864915,0.630170703489267
@TheDiMono my body is ready,neither,0.03405984045513004,0.42505863100050806,0.540881528544362
@SprinklesTheDragonCat tinytatoHugs PokPikachu tinytatoHugs,neither,0.03945320844208391,0.33037608806864915,0.630170703489267
i wished i was ready. damn internet connection,offensive_language,0.043735803259301785,0.657774612825548,0.29848958391515007
Rumor has it that Stef Woodburn would burn wood. You didn’t hear it from me.,neither,0.03412582377835104,0.3530443418189481,0.6128298344027008
"Hmm, is that no live shows on Monday a permanent thing?",neither,0.04212352189482578,0.3688771430074948,0.5889993350976794
Hey girl hey @1icequeen,neither,0.03390543737177916,0.3847853638605149,0.5813091987677059
Hear what? :),neither,0.048289949032834185,0.32415893246874916,0.6275511184984167
Hello!,neither,0.03945320844208391,0.33037608806864915,0.630170703489267
how much wood would woodburn burn?,neither,0.04020953372478365,0.24340250501955593,0.7163879612556604
gandsLessthanthree gandsLessthanthree gandsLessthanthree gandsLessthanthree,neither,0.03945320844208391,0.33037608806864915,0.630170703489267
Hiii!,neither,0.03945320844208391,0.33037608806864915,0.630170703489267
"While the train crash is of course tragic, remember that more people than that are killed every hour in car crashes. Trains are still much safer.",neither,0.07041173287766282,0.3233275316995276,0.6062607354228096
Hi Mines N Crafters!,neither,0.03945320844208391,0.33037608806864915,0.630170703489267
Everyone make sure to wish Gina a Happy Birthday! I am guessing she turned somewhere in the realm of 19 yesterday,neither,0.036864494258564126,0.4577931818616313,0.5053423238798045
good morning!,neither,0.04970930963283925,0.13564577574880146,0.8146449146183593
"Get well soon, Ryan!",neither,0.03896731463348482,0.3386229740823678,0.6224097112841476
going to miss you guys,neither,0.0545500266735259,0.4174120722581444,0.5280379010683296
Is Gina hiding?,neither,0.05100937113646074,0.3264013938032497,0.6225892350602895
how come the new schedule doesn't list Gina as a member of SoT?,neither,0.03897701010208261,0.30223461702365634,0.6587883728742612
"Now are we seeing Gina today, or Murray F. Christmas?",neither,0.054905154693381156,0.28596193713792756,0.6591329081686913
It WAS worth clarifying that....,neither,0.03485741311835759,0.36880981884988695,0.5963327680317556
Happy Holidays Craft Goddesses!,neither,0.03945320844208391,0.33037608806864915,0.630170703489267
Last MnC I'll be watching unless I want to piss of my boss at work.. :-) #schedulewoes . Otherwise not a bad schedule,neither,0.034142196714721164,0.3877129027809099,0.578144900504369
GINA kaypikeHB kaypikeHB kaypikeHB kaypikeHB kaypikeHB kaypikeHB kaypikeHB kaypikeHB kaypikeHB kaypikeHB kaypikeHB kaypikeHB kaypikeHB kaypikeHB kaypikeHB kaypikeHB kaypikeHB kaypikeHB kaypikeHB kaypikeHB kaypikeHB kaypikeHB kaypikeHB kaypikeHB kaypikeHB kaypikeHB kaypikeHB kaypikeHB kaypikeHB kaypikeHB kaypikeHB kaypikeHB kaypikeHB kaypikeHB kaypikeHB,neither,0.03945320844208391,0.33037608806864915,0.630170703489267
cheer500 Happy birthday Gina and happy holidays to everybody at GnS! Much love and hugs for everyone!,neither,0.03240439111974775,0.34709761310357734,0.620497995776675
"Hi Amy, Stef and Happy belated Birthday Gina!",neither,0.038904569460410376,0.3034672083342257,0.657628222205364
So that's a yes,neither,0.03361541398352386,0.4603802781713125,0.5060043078451636
"Ryan is more than Okay, he's very handsome",neither,0.050103620304829566,0.3256799497562378,0.6242164299389328
Holy crap!,neither,0.03945320844208391,0.33037608806864915,0.630170703489267
ReinDeVivo!!!,neither,0.03945320844208391,0.33037608806864915,0.630170703489267
Happy Birthday Gina stefMacaron stefMacaron stefMacaron stefMacaron stefMacaron,neither,0.03945320844208391,0.33037608806864915,0.630170703489267
Re Swords Of Kos,neither,0.0904113959660173,0.26464436782154643,0.6449442362124362
gandsNopeNopeNope gandsNopeNopeNope gandsNopeNopeNope,neither,0.03945320844208391,0.33037608806864915,0.630170703489267
Murray F. Christmas has turned into a horse! :O,neither,0.039719861206410245,0.3258502947497707,0.6344298440438192
HAPPY BIRTHDAY GINA,neither,0.03945320844208391,0.33037608806864915,0.630170703489267
Happy Birthday to Gina!,neither,0.04883247906758802,0.3249592412901781,0.6262082796422339
Those look like Terry's Chocolate Oranges,neither,0.07645203640644223,0.28032519886612156,0.6432227647274362
"Hey Amy, hey Stef, hey Moose Lady",neither,0.03945320844208391,0.33037608806864915,0.630170703489267
"@Triamas that might be a typo, I think its from the previous season",neither,0.03209252873895599,0.33039984709287407,0.63750762416817
gandsJesstatorship gandsJesstatorship gandsJesstatorship gandsJesstatorship gandsJesstatorship,neither,0.03945320844208391,0.33037608806864915,0.630170703489267
Don’t listen to their lies! HE’S GONE FOREVER,neither,0.04902377301522657,0.32698301475438646,0.6239932122303871
Gina giving gifts to celebrate her birthday!,offensive_language,0.0368621536500183,0.4836831179527976,0.479454728397184
she's in there,neither,0.04164998720525684,0.39845508725607887,0.5598949255386644
:D :D :D,neither,0.03945320844208391,0.33037608806864915,0.630170703489267
gandsGnSMinesCrafts gandsGnSMinesCrafts gandsGnSMinesCrafts gandsGnSMinesCrafts gandsGnSMinesCrafts,neither,0.03945320844208391,0.33037608806864915,0.630170703489267
Happy birthday Gina tinytatoBallpit,neither,0.03945320844208391,0.33037608806864915,0.630170703489267
"Happy Day After Birthday, Murray!",neither,0.03985570261745572,0.318507232024562,0.6416370653579823
hello Amy and Stef!,neither,0.038697980570399054,0.29235173287318544,0.6689502865564155
Happy birthday Gina!,neither,0.03945320844208391,0.33037608806864915,0.630170703489267
I'm dying hahaha,neither,0.03945320844208391,0.33037608806864915,0.630170703489267
Re hrpgSub hrpgHyperHype gandsSubHype ramaHype,neither,0.10802165902134243,0.2484119200751343,0.6435664209035233
Chocolates are bad for dogs and Reindeer are big dogs with horns I assume.,neither,0.03993638003959168,0.30194520817620196,0.6581184117842063
Happy Birthday Gina!!!,neither,0.03945320844208391,0.33037608806864915,0.630170703489267
HOLY CRAP WHY IS BAD HORSE HERE,neither,0.06199605091441809,0.31445885876256857,0.6235450903230133
Don't believe them! The box is the best part!,neither,0.055120177788972324,0.2932799097266688,0.6515999124843589
Hi Amy Hi Stef,neither,0.03945320844208391,0.33037608806864915,0.630170703489267
Happy Birthday ReinDeVivo,neither,0.03945320844208391,0.33037608806864915,0.630170703489267
HAPPY BELATED BIRTHDAY GINA!,neither,0.03945320844208391,0.33037608806864915,0.630170703489267
This is already great. XD,neither,0.04548239207915781,0.3205378866290669,0.6339797212917753
Send him cake!,neither,0.03930839645458147,0.3328339254257373,0.6278576781196814
Hi Amy and Stef! Happy belated birthday Gina! 🎂,neither,0.038904569460410376,0.3034672083342257,0.657628222205364
@GeekandSundry oh thank goodness,neither,0.04406121296508846,0.2891677181657149,0.6667710688691967
MANY RETURNS GINA!,neither,0.03945320844208391,0.33037608806864915,0.630170703489267
Happy After Birthday Gina....and hello Murray!,neither,0.0388557903821473,0.30090430183266426,0.6602399077851885
just checked the Norwegian news. says at least 6 dead and 77 wounded in that train accident in Seattle. updated 2 hours ago,neither,0.03487460414857926,0.34303268253804714,0.6220927133133736
Hi everyone xD,neither,0.032490659208996964,0.4485487193596734,0.5189606214313296
@cinphoria YOU KNOW WHAT YOU DID,offensive_language,0.11835255757368598,0.46879316118468467,0.41285428124162943
lol,neither,0.020706217963973744,0.4882283491876925,0.4910654328483337
HAPPY BELATED BIRTHDAY GINA,neither,0.03945320844208391,0.33037608806864915,0.630170703489267
I'm so excited to show my build,neither,0.04663797727183424,0.3761946727609274,0.5771673499672383
Happy Birthday Gina!,neither,0.03945320844208391,0.33037608806864915,0.630170703489267
reverse centaur,neither,0.03945320844208391,0.33037608806864915,0.630170703489267
our*,neither,0.03945320844208391,0.33037608806864915,0.630170703489267
Re hrpgSub hrpgHyperHype gandsSubHype ramaHype,neither,0.10802165902134243,0.2484119200751343,0.6435664209035233
Happy birthday Gina!!!,neither,0.03945320844208391,0.33037608806864915,0.630170703489267
also kaypikeHeyGuys amy kaypikeHeyGuys stef,neither,0.03945320844208391,0.33037608806864915,0.630170703489267
our* build,neither,0.03945320844208391,0.33037608806864915,0.630170703489267
LOL,neither,0.020706217963973744,0.4882283491876925,0.4910654328483337
Ho-Ho-Holy Crap!,offensive_language,0.019139165527244553,0.7527361040844666,0.22812473038828893
@TheDiMono I DON'T,neither,0.03945320844208391,0.33037608806864915,0.630170703489267
You scared me!!,neither,0.05039843308722103,0.46607495249829506,0.4835266144144839
#myface,neither,0.03945320844208391,0.33037608806864915,0.630170703489267
Its 1 am and I'm dying,neither,0.032117108490033575,0.28988199951848553,0.678000891991481
what is this,neither,0.07282678549990032,0.31792604547631814,0.6092471690237815
@TheDiMono I DO TOO MANY WEIRD THINGS EVERYDAY TO KEEP TRACK JEEZ,neither,0.04487865280448426,0.3302769734049289,0.6248443737905869
"Happy birthday, Gina!",neither,0.03945320844208391,0.33037608806864915,0.630170703489267
Gina's a timeshare,neither,0.03945320844208391,0.33037608806864915,0.630170703489267
I never knew you could lease human skin. LA is weird...,neither,0.13669576253381133,0.27460695084788694,0.5886972866183018
a verbal agreement,neither,0.03945320844208391,0.33037608806864915,0.630170703489267
lol @Zismarith :D,neither,0.020706217963973744,0.4882283491876925,0.4910654328483337
Im late! I was eating dinnner !,neither,0.038413998013574285,0.36708017084884254,0.5945058311375832
So...many...Midsummer Night's Dream jokes...,neither,0.0329878208626024,0.3690534987978358,0.5979586803395618
Timeshare Gina’s face.,neither,0.03945320844208391,0.33037608806864915,0.630170703489267
Murray got new skin,neither,0.04167207092983961,0.2896102152485746,0.6687177138215857
im so confused.,neither,0.03832423033830298,0.4294104524679758,0.5322653171937214
But hello chat!,neither,0.03614249131841279,0.3402278460849671,0.62362966259662
HAppy birthday ginnaaaaaa,neither,0.03945320844208391,0.33037608806864915,0.630170703489267
"""YOU GOTTA GIVE THE FACE BACK"" - Amy, 2017",neither,0.05016850619671809,0.37795160851914295,0.571879885284139
"Yes, Gina confirmed that on Twitter",neither,0.033021216325588444,0.4804622343710194,0.48651654930339217
cheer500 Happy Birthday Gina,neither,0.03945320844208391,0.33037608806864915,0.630170703489267
rental agreement omg,neither,0.03945320844208391,0.33037608806864915,0.630170703489267
tell of the body snatchers,neither,0.038335738615396665,0.3098019656726707,0.6518622957119325
If Gina were here I would say happy birthday,neither,0.05161735036011805,0.32492622557904866,0.6234564240608333
gina is sounding a little horse,neither,0.04644382649662611,0.3323817005936536,0.6211744729097204
Hippy burfday Gina!!,neither,0.03945320844208391,0.33037608806864915,0.630170703489267
happy Birthday Gina!,neither,0.03945320844208391,0.33037608806864915,0.630170703489267
"What exactly happened to you on your birthday, Gina? Aging one year has...changed you.",neither,0.1010914941490179,0.40554907293832876,0.4933594329126534
"Happy birthday, Gina!",neither,0.03945320844208391,0.33037608806864915,0.630170703489267
Happy Birthday Gina,neither,0.03945320844208391,0.33037608806864915,0.630170703489267
I’m a lawyer. If you need rhe face timeshare paper done...,neither,0.03423223145122231,0.41662159061163273,0.549146177937145
happy birthday Gina!,neither,0.03945320844208391,0.33037608806864915,0.630170703489267
Happy Birthday Gina,neither,0.03945320844208391,0.33037608806864915,0.630170703489267
LOL that 360 degree turn was ADORABLE,neither,0.031980709249483374,0.3943234074272502,0.5736958833232664
Gina is a gift :D,neither,0.05123134903440858,0.3263250454252152,0.6224436055403763
"Happy birthday, Gina!",neither,0.03945320844208391,0.33037608806864915,0.630170703489267
GASP LOOK AT THOSE ROSES,neither,0.05985244037525251,0.29228396245528027,0.6478635971694673
"happy birthday, Gina! miistyBirthday",neither,0.03945320844208391,0.33037608806864915,0.630170703489267
hahahahaha Gina,neither,0.03945320844208391,0.33037608806864915,0.630170703489267
Amy's hiccup laugh just made my day,neither,0.029546224504264126,0.3914767090669247,0.5789770664288111
"Murray F asked and gina didn't say no, silence is consent for face rentals",neither,0.030948811464163766,0.32239452258598206,0.6466566659498543
HAPPY BIRTHDAY GINA,neither,0.03945320844208391,0.33037608806864915,0.630170703489267
I so love when Amy smiles!,neither,0.029508726725422155,0.4165099658681301,0.5539813074064479
"Happy birthday, Gina <3",neither,0.03945320844208391,0.33037608806864915,0.630170703489267
happy birthday Gina! \o/ <3,neither,0.03945320844208391,0.33037608806864915,0.630170703489267
yeah happy birthday Gina!!,neither,0.022189461697924177,0.4515850021129224,0.5262255361891534
gina want sum fuck,offensive_language,0.18754034937738262,0.8123323709174224,0.00012727970519497026
this birthday bag is not a trap,neither,0.048379993415785964,0.2890619880583426,0.6625580185258713
cheer250 HAPPY BIRTHDAY GUARDIAN ANGEL OF CRAFTING,neither,0.03945320844208391,0.33037608806864915,0.630170703489267
Your Edgar-skin almost fits.,neither,0.06123235282834522,0.32433787127568064,0.614429775895974
@shidareAKI There comes a time in every woman's life where she just stops giving an eff and turns into a reindeer.,neither,0.03514583957098496,0.37570844052895996,0.589145719900055
Where has Gina been all this time?,neither,0.042308372505764434,0.39595353954662216,0.5617380879476134
"Happy belated birthday, Gina!",neither,0.03945320844208391,0.33037608806864915,0.630170703489267
Happy Birthday Gina!,neither,0.03945320844208391,0.33037608806864915,0.630170703489267
GINA,neither,0.03945320844208391,0.33037608806864915,0.630170703489267
lol,neither,0.020706217963973744,0.4882283491876925,0.4910654328483337
Happy birthday Gina!,neither,0.03945320844208391,0.33037608806864915,0.630170703489267
