text,top_class,hate_speech,offensive_language,neither
LETS GO,neither,0.039984317429425154,0.35542799280679366,0.6045876897637812
evening chat,neither,0.03945320844208391,0.33037608806864915,0.630170703489267
Hey Eric! and hello cast !!,neither,0.03887220319649385,0.30177056176488737,0.6593572350386189
"once that schedule goes through, Critical Role will be the only one I will be able to watch live -_-",neither,0.0463500243474739,0.33419091678489576,0.6194590588676304
Greetings Eric!,neither,0.03945320844208391,0.33037608806864915,0.630170703489267
G'evenin' all,offensive_language,0.046917543854519406,0.6277741405869331,0.3253083155585475
"Not gonna lie, might fall asleep tonight--it's been a long day....",neither,0.03551003539756275,0.34063080151470565,0.6238591630877317
I'm not excited about the new schedule but I have faith it'll get better,neither,0.03594141275748786,0.30216856773594936,0.6618900195065627
"I gotta wonder if moving to Friday's means less Bonnie, cuz that may affect her going out of town for the Bards",neither,0.023351999173043786,0.46184940776365374,0.5147985930633026
Guess no JCVIM,neither,0.03736004369073244,0.3622343928372708,0.6004055634719968
Hi @megjane42 @Mishoniko,neither,0.03945320844208391,0.33037608806864915,0.630170703489267
Hailing frequencies open for the last time of the year BibleThump,neither,0.032477722025099943,0.2980254156828585,0.6694968622920415
:: SOBS :: I hat having to wait for the 2018 season,neither,0.0391253131387394,0.2947769868559941,0.6660977000052665
hi guys! So excited for tonight,neither,0.032605657787792904,0.3246252232418347,0.6427691189703724
bummed about the move,neither,0.037230668996047434,0.34017542776749676,0.6225939032364559
Hi @elainehac123,neither,0.03945320844208391,0.33037608806864915,0.630170703489267
Found it https://twitter.com/GeekandSundry/status/942896653412872192,neither,0.037828193800076716,0.4196005331372701,0.5425712730626532
That's gonna be a gif,neither,0.03495507229674815,0.4247471639258483,0.5402977637774037
I have a Bonnie Tribble!!!!,neither,0.03788192279475323,0.35704490623261964,0.6050731709726273
#ImaTribble,neither,0.03945320844208391,0.33037608806864915,0.630170703489267
!sotauxdiscord,neither,0.03945320844208391,0.33037608806864915,0.630170703489267
USS Sally Ride Aux Crew Discord: https://discord.gg/zxt2TeH,neither,0.03945320844208391,0.33037608806864915,0.630170703489267
Bidet from Oregon!,neither,0.04071751644889743,0.3089174816120565,0.6503650019390461
"For the record, Bonnie's Mrs. Claus rewrote my whole childhood earlier this weekend :O",neither,0.029322594272230513,0.3522014786930316,0.6184759270347381
Yay!!!,neither,0.03945320844208391,0.33037608806864915,0.630170703489267
CBS giving this show the OK has increased my respect for them greatly.,neither,0.04339578318081745,0.3019608598698527,0.65464335694933
"Blessings, i hope you got my picture I sent. :) <3",neither,0.06849570420874194,0.3810213631310081,0.5504829326602501
,neither,0.03945320844208391,0.33037608806864915,0.630170703489267
"ironically, bonnie is singing ""no tribbles!"" in the library bards song ""all about that space""",neither,0.04028241190403599,0.4178717223766385,0.5418458657193256
Do we get an installment of Sam Loses Their Shit?!!,offensive_language,0.05159834123192615,0.9191075067571446,0.029294152010929126
HI YALL,neither,0.037580997573720916,0.3621523925857832,0.600266609840496
@WhiteNekoKnight Yeap.,neither,0.03945320844208391,0.33037608806864915,0.630170703489267
no SOT tonight?,neither,0.034371884048130595,0.31976286954468675,0.6458652464071827
STILL RELEVANT XD,neither,0.038400161256279035,0.34824904704591697,0.613350791697804
ALWAYS A DOCTOR,neither,0.03732697213543321,0.39661046463671734,0.5660625632278495
They look so professional in their outfits!,neither,0.040748137082254575,0.36327957591226995,0.5959722870054756
"Suggestion for a new Shield of Tomorrow drinking game: take a drink anytime Eric describes something as ""rad"".",neither,0.03718460044079849,0.27571273847907246,0.687102661080129
Yay stuff!,neither,0.03945320844208391,0.33037608806864915,0.630170703489267
lol @talahar indeed she is -- I hadn't even realized that :D,neither,0.0365707588216345,0.45997278620375265,0.503456454974613
i cant watch watch after this ep live,neither,0.05012489703962435,0.3276970439971344,0.6221780589632412
@whitenekoknight Might have been an olive branch as well as a subtle means of easing off the rules a little (hopefully),neither,0.03683139668845703,0.3607137759694219,0.6024548273421211
is there a way i can go back and watch from the begining?,neither,0.053149314852376714,0.2319138353079003,0.714936849839723
Double doctor mugs for double coffee!,neither,0.04092512913269271,0.21988461620536373,0.7391902546619434
new to the show,neither,0.08006876225054696,0.10691979927260788,0.8130114384768452
Ohshi... shout out to my Ophion game,neither,0.028747081222320888,0.3868717864852453,0.5843811322924338
Good job Beckett,neither,0.03847136223752934,0.3307137900015447,0.6308148477609259
!vod,neither,0.03945320844208391,0.33037608806864915,0.630170703489267
VODs are subscriber-only. Subscribe now to unlock access to past videos and highlights at twitch.tv/geekandsundry/videos/all,neither,0.055189305111973244,0.3283360580916387,0.6164746367963879
dawwwwwwwww,neither,0.03945320844208391,0.33037608806864915,0.630170703489267
Awwwwww,neither,0.03945320844208391,0.33037608806864915,0.630170703489267
Undertale!,neither,0.03945320844208391,0.33037608806864915,0.630170703489267
wait so SOT or no SOT?,neither,0.038294086491906375,0.40675989557678427,0.5549460179313093
this is a segment of Amy Can't Even,neither,0.045054118580604915,0.3379636599864724,0.6169822214329228
Awwwwwww,neither,0.03945320844208391,0.33037608806864915,0.630170703489267
if Critical Role is the only show I'm going to get to watch live with the new schedule i may end up cancelling my sub,neither,0.038090408332518644,0.3429071492502487,0.6190024424172327
we'll see how it goes,neither,0.0378581865002856,0.33354031619758956,0.6286014973021249
COCO!,neither,0.03945320844208391,0.33037608806864915,0.630170703489267
@Kiranova all episodes are available to subs in videos,neither,0.06238135143713676,0.34221525229709004,0.5954033962657732
Gah! A little late. What'd I miss so far?,neither,0.03776761325651648,0.3647477263272934,0.5974846604161902
"You're the Hector now, dog",neither,0.09532297227908411,0.3238951717485819,0.5807818559723341
@MrPingn They might have also just assumed this won't be that popular so they don't worry about it.,neither,0.033548839314822505,0.407501704752966,0.5589494559322115
"@cljedi New schedule moves SoT to Fridays, if that was what you were asking.",neither,0.04259440059935386,0.3434374371366304,0.6139681622640157
"@Vance1982 doesn't not being able to watch live mean MORE reason to keep your sub, cuz VODs?",neither,0.06964183586827784,0.3306881761199605,0.5996699880117616
@Vance1982 Why would you need to sub to watch live? I sub so I can watch VOD.,neither,0.056870490028251584,0.37132032609391563,0.5718091838778327
this buffering is killing me,neither,0.03907206940471141,0.37725236123120487,0.5836755693640837
wooo Danoba!,neither,0.03945320844208391,0.33037608806864915,0.630170703489267
"I dont see Shield of tomorrow, i see a stream form vana_rama",neither,0.03945320844208391,0.33037608806864915,0.630170703489267
@whitenekoknight They would underestimate us. Greatly lol,neither,0.0754596307081819,0.38259533762013165,0.5419450316716865
@Danoba THANKS for keeping Eric functional with the brown water of Life!,neither,0.026544544031653655,0.35147356672121205,0.6219818892471343
Re hrpgSub hrpgHyperHype gandsSubHype ramaHype,neither,0.10802165902134243,0.2484119200751343,0.6435664209035233
@cljedi refresh,neither,0.03945320844208391,0.33037608806864915,0.630170703489267
"Haha, np.",neither,0.03502600906149232,0.4055172156269736,0.559456775311534
DM screen still in maintenance?,neither,0.038780244904549815,0.3417980355954835,0.6194217194999667
@cljedi: reload,neither,0.03945320844208391,0.33037608806864915,0.630170703489267
@NitemarePhoenix Have you tried lowering the video quality/refreshing?,neither,0.05932410484843278,0.27690607632397884,0.6637698188275885
HELLO,neither,0.03945320844208391,0.33037608806864915,0.630170703489267
smakWD smakWD,neither,0.03945320844208391,0.33037608806864915,0.630170703489267
gandsSaxHype gandsLessthanthree,neither,0.03945320844208391,0.33037608806864915,0.630170703489267
there we go,neither,0.04083933629015207,0.27628362646603744,0.6828770372438104
danoba the coffee sprite,neither,0.047297645718316225,0.16067951143087922,0.7920228428508046
I can't stand coffee!,neither,0.05031368360379582,0.14604548099281384,0.8036408354033904
dawwwwwwww,neither,0.03945320844208391,0.33037608806864915,0.630170703489267
@talahar @cinphoria hey buddies!,neither,0.03945320844208391,0.33037608806864915,0.630170703489267
hey @chiplickin !,neither,0.03945320844208391,0.33037608806864915,0.630170703489267
AHHHH,neither,0.03945320844208391,0.33037608806864915,0.630170703489267
I prefer tea,neither,0.03945320844208391,0.33037608806864915,0.630170703489267
did sam get anything?,neither,0.03893111318746696,0.3392374070995363,0.6218314797129967
@chiplickin hey buddy! :D,neither,0.03945320844208391,0.33037608806864915,0.630170703489267
It's like the early Critmas episodes.,neither,0.049053658674373855,0.30414933044664305,0.6467970108789831
i love star trek!,neither,0.03685387957788068,0.3424452821009971,0.6207008383211222
glad my letter and patch got there... I sent it in october,neither,0.03106202616727631,0.35644876561510674,0.612489208217617
those are amazing,neither,0.12256272624868411,0.1929602865131354,0.6844769872381805
WOW Sam has gone hypersonic xD,neither,0.039745605886916134,0.3254133403333234,0.6348410537797605
"yay twitch works!!! alphs isn't capable of streaming, and I don't wanna wait till tomorrow or whenever to see this. :D",neither,0.04198039314386932,0.31090797788039853,0.6471116289757322
hahahaha,neither,0.03945320844208391,0.33037608806864915,0.630170703489267
Ooooo I want one of those coasters!,neither,0.06172355867859221,0.28990351764590344,0.6483729236755044
I NEED ONE,neither,0.03754245619253045,0.3853590785306195,0.57709846527685
Sam is excite!,neither,0.047019906476782496,0.32777355363901883,0.6252065398841988
I NEED A DZEN,neither,0.03901008956310134,0.32666546762563675,0.6343244428112619
Sam is amazing,neither,0.04813891911843835,0.3273886738785544,0.6244724070030072
YESSSS i need those!,neither,0.06454650278713917,0.258501539154473,0.6769519580583879
Sam is losing their shit early,offensive_language,0.05624243107466917,0.936910893600451,0.006846675324879904
Omgggg,neither,0.03945320844208391,0.33037608806864915,0.630170703489267
oh nerds <3,neither,0.04546305824073122,0.2734269899288309,0.6811099518304378
today is SoT loses their collective shit,offensive_language,0.05475688758345314,0.9414850054702911,0.003758106946255815
"if you put one in your kitchen, maybe it can teleport the fresh drink onto the patio :D",neither,0.047462899550621926,0.3751394496635893,0.5773976507857888
And I thought I was child-like when I get cool stuff...,neither,0.04019627792988776,0.28086897842256914,0.6789347436475431
SO DOPE,neither,0.039408817788761985,0.3984073949309437,0.5621837872802943
I love that the Library Bards are roommates xD,neither,0.05553848699989468,0.3235246536862242,0.6209368593138811
Someone get make Sam get excited!,neither,0.0386324279281596,0.34430687545639327,0.6170606966154472
<3,neither,0.03945320844208391,0.33037608806864915,0.630170703489267
Ta-da!,offensive_language,0.08497037659383383,0.47987831338639536,0.4351513100197708
this is christmas star trek style,neither,0.044973093679396246,0.32955756199440467,0.6254693443261992
gain six momentem,neither,0.03945320844208391,0.33037608806864915,0.630170703489267
And then glass disappears,neither,0.03853120901175412,0.28278916492716955,0.6786796260610763
GOOD SAX IMPRESSION XD,neither,0.03869882722860525,0.3306355543605695,0.6306656184108252
That did sound like me,neither,0.03716616666411223,0.4401377842368434,0.5226960490990443
@GeekandSundry If critical role has Critmas... What do we call this for Shield of Tomorrow?,neither,0.028371980775730377,0.34070215305070756,0.630925866173562
Now they have no excuse not to drink every game.,neither,0.041815882463871475,0.31673709450274634,0.6414470230333822
@cinphoria it was though!,neither,0.03716514696209386,0.33418721187131967,0.6286476411665866
those are super nice glasses! I love those,neither,0.10269218435316849,0.21039696411292513,0.6869108515339064
Trekmas,neither,0.03945320844208391,0.33037608806864915,0.630170703489267
@dilandau87 Shi... nevermind.,neither,0.03945320844208391,0.33037608806864915,0.630170703489267
why is the GM wearing admiral's bars on a standard uniform?,neither,0.034391705871037126,0.3365682200593572,0.6290400740696056
we WANT to see BOTH!,neither,0.04755629703460229,0.32417442302380006,0.6282692799415976
Trekmas!,neither,0.03945320844208391,0.33037608806864915,0.630170703489267
I'm here for Rock Jocks 2...when we gettin that? haHAA,neither,0.04942398661015864,0.34909207047405905,0.6014839429157823
Festivus,neither,0.03945320844208391,0.33037608806864915,0.630170703489267
Trekmas!,neither,0.03945320844208391,0.33037608806864915,0.630170703489267
is it trekmas already?,neither,0.048391931452999054,0.3548887611780437,0.5967193073689572
I love this so much!!,neither,0.030554670301820085,0.4160811300226451,0.5533641996755347
XD @GeekandSundry,neither,0.03945320844208391,0.33037608806864915,0.630170703489267
"Take on down, pass it around",neither,0.03539203961373695,0.3440777607429471,0.6205301996433159
"@GeekandSundry Lol, yes.",neither,0.027751076132194283,0.41967691607684227,0.5525720077909634
we want both,neither,0.039560926691583315,0.3285478282524145,0.631891245056002
Gifts of Tomorrow,neither,0.03945320844208391,0.33037608806864915,0.630170703489267
We need like a mail call segment or something,neither,0.04664341846463883,0.3421874391622588,0.6111691423731024
it's definitely Trekmas already,neither,0.03657101720628357,0.35218266563540357,0.6112463171583129
SLAY RIDE LOL],neither,0.031708043494179494,0.38654435020981726,0.5817476062960032
"We'll that, too.",neither,0.033797699980291265,0.39563002823512927,0.5705722717845795
new sound effect for Zhiv :),neither,0.03678774120431949,0.22097297634969554,0.742239282445985
RE hrpgSub hrpgHyperHype gandsSubHype ramaHype,neither,0.10802165902134243,0.2484119200751343,0.6435664209035233
It's a first world problem...,neither,0.03070910112624362,0.3333835875408761,0.6359073113328803
Those coasters are an audio engineer's worst nightmare,neither,0.09160726699046491,0.21451221676782137,0.6938805162417137
Who is beaming out? vinejoelThink,neither,0.04661692980361473,0.474173155562292,0.4792099146340933
"Honestly though, I saw Rock Jocks in theaters and do believe we need another one.",neither,0.06714387459436046,0.2789089613729832,0.6539471640326563
Sam has pencils,neither,0.039806140376410684,0.32438591206417244,0.635807947559417
What Funko did Hector get?,neither,0.04735594151038329,0.33775077389879454,0.6148932845908222
RUN,neither,0.03945320844208391,0.33037608806864915,0.630170703489267
OH MY GOD YES,neither,0.031788077653664655,0.372797600721973,0.5954143216243624
XD,neither,0.03945320844208391,0.33037608806864915,0.630170703489267
XD OMG XD,neither,0.03945320844208391,0.33037608806864915,0.630170703489267
SHE GOT MY PENCIL,offensive_language,0.02797629210094589,0.5663180533807065,0.4057056545183476
holy,neither,0.03945320844208391,0.33037608806864915,0.630170703489267
prepare you speakers,neither,0.054529756414222176,0.3730737633845506,0.5723964802012271
Mua ha ha,neither,0.03945320844208391,0.33037608806864915,0.630170703489267
:-O,neither,0.03945320844208391,0.33037608806864915,0.630170703489267
Challenge!,neither,0.03945320844208391,0.33037608806864915,0.630170703489267
Can Sam snap it?,neither,0.038318820734933964,0.3262440999953378,0.6354370792697281
Oh nooooo,neither,0.04546305824073122,0.2734269899288309,0.6811099518304378
"Not going to lie, that is awesome.",neither,0.04630817153092169,0.3886019599929837,0.5650898684760945
oh MY those tings are EPIC sized pencils!,neither,0.06850579381064212,0.2762082815984977,0.6552859245908602
LOL,neither,0.020706217963973744,0.4882283491876925,0.4910654328483337
We need a SOT fan gift episode.,neither,0.03918589755507811,0.3312653709753002,0.6295487314696216
<3 the costuming errors,neither,0.03613032604487659,0.2619290779399786,0.7019405960151449
Borg queen XD,neither,0.03945320844208391,0.33037608806864915,0.630170703489267
laughing out loud so hard,offensive_language,0.028763775896234772,0.5657542960524751,0.40548192805129013
SNAP IT!!!!!!!!!!!!!!!!!!!!!!!!!!!!!!!!!!!!!!,neither,0.03747082035045596,0.3310579222369604,0.6314712574125837
@cljedi they,neither,0.03945320844208391,0.33037608806864915,0.630170703489267
LOL,neither,0.020706217963973744,0.4882283491876925,0.4910654328483337
Trekmas seems much more appropriate.,neither,0.03766777361822417,0.32350287199655403,0.6388293543852217
shrapnel from that could kill :O,hate_speech,0.5297708642642717,0.16007341311099227,0.3101557226247361
Do you have a permit for that thing Sam?,neither,0.043908454613445724,0.3869975348096115,0.5690940105769429
they sorry,neither,0.03945320844208391,0.33037608806864915,0.630170703489267
the pencil is mightier then...well you know!,neither,0.06366950935369915,0.3521128578591134,0.5842176327871874
LUL,neither,0.03945320844208391,0.33037608806864915,0.630170703489267
"My name is jake, your welcome sam",neither,0.05696315186104864,0.38697966613975526,0.5560571819991961
