text,top_class,hate_speech,offensive_language,neither
its live!,neither,0.03646146549147045,0.3314050856575407,0.6321334488509888
allo Trinket,neither,0.03945320844208391,0.33037608806864915,0.630170703489267
So hype,neither,0.03940828253961077,0.39264520971988554,0.5679465077405037
OMG MORE TRINKET SHENANIGANS!!!!!!!!!!!,neither,0.04224736481176074,0.3159228868246697,0.6418297483635697
Evening y'all,neither,0.041793358651534496,0.4229818652092969,0.5352247761391685
i love Critmassss,neither,0.03217296676969875,0.3657703709031763,0.602056662327125
ayyyeeee ;DDD,neither,0.03945320844208391,0.33037608806864915,0.630170703489267
yay critmas :),neither,0.03945320844208391,0.33037608806864915,0.630170703489267
"The channel has gone live. If you cannot see the folks in the studio , please refresh.",neither,0.03723955741942503,0.3496909644204777,0.6130694781600973
snerk,neither,0.03945320844208391,0.33037608806864915,0.630170703489267
"repeat The channel has gone live. If you cannot see the folks in the studio , please refresh.",neither,0.0373634929483334,0.34859131571055346,0.6140451913411132
whats the plan for tonight,neither,0.032286314883445306,0.2799812481255382,0.6877324369910165
Hello from NY,neither,0.04051439668218626,0.3123649541534945,0.6471206491643192
"Jingle Bears, Jiungle Bears, Trinket all the way!",neither,0.03989521682969161,0.3613103937026078,0.5987943894677006
anyone else want someone inside trinket to move at the last second?,neither,0.03869548560744046,0.20292936206366963,0.75837515232889
I'm staying up till 2 to watch this :D,neither,0.04808253904065309,0.3723379308623008,0.579579530097046
awww trinket,neither,0.03945320844208391,0.33037608806864915,0.630170703489267
critmas,neither,0.03945320844208391,0.33037608806864915,0.630170703489267
"Bidet from Stevens Point, WI Merry Critmas!",neither,0.04032301553652989,0.31561319166027296,0.6440637928031971
They open presents!,neither,0.03945320844208391,0.33037608806864915,0.630170703489267
They unwrap presents and have a good time,neither,0.03727608460893544,0.3219807941339345,0.64074312125713
I missed critmas sooo much.,neither,0.03563363509969284,0.33168981448993445,0.6326765504103727
Bidet from Cali,neither,0.04079557052152802,0.30759270029461827,0.6516117291838538
bidet from Illinois,neither,0.04069404815304118,0.30931579984010865,0.6499901520068502
Bidet from SE Minnesota,neither,0.040394171658393964,0.31440548656955947,0.6452003417720467
Bidet from NJ,neither,0.04069404815304118,0.30931579984010865,0.6499901520068502
critmas tree bear,neither,0.03945320844208391,0.33037608806864915,0.630170703489267
I never realized how big that bear is,neither,0.026634648076494738,0.4365409103424254,0.5368244415810798
#Feelin'Festive,neither,0.03945320844208391,0.33037608806864915,0.630170703489267
awwwwww,neither,0.03945320844208391,0.33037608806864915,0.630170703489267
"ah, what is more in the holiday spirit than decorating the trinket",neither,0.04900200516910638,0.302553579349132,0.6484444154817617
Bidet from Australia,neither,0.04062582848913359,0.31047366557575606,0.6489005059351104
"Bidet from Brecksville, OH! Merry Critmas!",neither,0.04635027571939274,0.2569165556611455,0.6967331686194618
Bidet from UK!,neither,0.04079557052152802,0.30759270029461827,0.6516117291838538
are you sure they are live,neither,0.13412506586075165,0.4089509184439843,0.45692401569526403
YAY CRITMAS,neither,0.03945320844208391,0.33037608806864915,0.630170703489267
Bidet from Vancouver BC,neither,0.041095261662497835,0.30250615950080734,0.6563985788366947
Bidet from Oregon!,neither,0.04071751644889743,0.3089174816120565,0.6503650019390461
this is already geat,neither,0.050957627784397476,0.35609960089164955,0.5929427713239529
We need the heights of the two dudes for reference,neither,0.03492333923576071,0.2876017067445714,0.6774749540196678
trimming the trinket,neither,0.03613032604487659,0.2619290779399786,0.7019405960151449
Beautiful Trinket,neither,0.03945320844208391,0.33037608806864915,0.630170703489267
"yes, its live, they are decorating Trinket",neither,0.06441571255110742,0.28288526584774154,0.652699021601151
I want a Critmas Trinket to decorate instead of a tree!,neither,0.04654585052299576,0.32243029718905897,0.6310238522879453
Bidet from the UK!,neither,0.039613273355342184,0.2892653269430044,0.6711213997016535
bidet from lapland,neither,0.04228451509352876,0.2823214250720796,0.6753940598343917
Trinket is so festive!,neither,0.06287845562653366,0.4363549250209663,0.5007666193525001
Bidet from Io-way,neither,0.04063624178208405,0.31295862974420746,0.6464051284737083
A beautiful Critmas bear fbzLove,neither,0.03945320844208391,0.33037608806864915,0.630170703489267
With life being so difficult right now critical role is what brings me back and reminds me there is something to live for. :D I LOVE CRITICAL ROLE!!!!!!!!!!!!,neither,0.034405085766681734,0.3778239651068777,0.5877709491264407
;odigoshgosE,neither,0.03945320844208391,0.33037608806864915,0.630170703489267
"beep beep from york, pennsylvania",neither,0.04044480078974629,0.3135461780790066,0.646009021131247
Bidet from Phoenix!,neither,0.04066490145509902,0.30981049537100724,0.6495246031738937
He's missing some pink bows,neither,0.03674887450087175,0.33984685289446737,0.6234042726046608
trink!,neither,0.03945320844208391,0.33037608806864915,0.630170703489267
beep beep from NS Canada :),neither,0.04071751644889743,0.3089174816120565,0.6503650019390461
just imagen vax would do that to trinket on wintercrest,neither,0.03415755906830123,0.4114599506091023,0.5543824903225966
he needs lights,neither,0.045481519200173945,0.32830267556711995,0.6262158052327061
bidet,neither,0.03945320844208391,0.33037608806864915,0.630170703489267
impressive organ,neither,0.03945320844208391,0.33037608806864915,0.630170703489267
hi,neither,0.03945320844208391,0.33037608806864915,0.630170703489267
And honey!,neither,0.03845605498945456,0.27826085962284464,0.6832830853877009
Trinket!!!!!,neither,0.03945320844208391,0.33037608806864915,0.630170703489267
Bidet,neither,0.03945320844208391,0.33037608806864915,0.630170703489267
a festive boy!,neither,0.03945320844208391,0.33037608806864915,0.630170703489267
I have college stuff to do but meh Im not gonna miss critmas for some 'needed sleep',neither,0.02920515170252825,0.3731941549207536,0.5976006933767181
critmas heyy,neither,0.03945320844208391,0.33037608806864915,0.630170703489267
"This week, our guests are Liam, Sam, Travis, Laura and Taliesin for Critmas",neither,0.048746485081737796,0.26391417359766733,0.6873393413205947
bbep beep and bidet from oregon,neither,0.039674772959784124,0.26576846215513467,0.6945567648850811
merry critmas :D,neither,0.03945320844208391,0.33037608806864915,0.630170703489267
critical role is the reason i started dming my own session!,neither,0.048764463298346696,0.3610038962747986,0.5902316404268546
No Critical Role December 21st - Holiday break,neither,0.038980717852299,0.33839548647947726,0.6226237956682237
Bidet from San Diego!,neither,0.040446282760733435,0.31352102516371877,0.6460326920755478
I hope they open my gift,neither,0.05731351584795373,0.3018905515077089,0.6407959326443374
hot lights and fur - bad idea,neither,0.036529724116888276,0.30261078655105095,0.660859489332061
Bidet and happy holidays from Lapeer MI. R),neither,0.03960324705934605,0.2837817025073237,0.6766150504333303
awww,neither,0.03945320844208391,0.33037608806864915,0.630170703489267
New Campaign starts January 11th 2018,neither,0.04181791402153607,0.27213976836321924,0.6860423176152447
Bidet from San Diego,neither,0.040446282760733435,0.31352102516371877,0.6460326920755478
Bidet from Istanbul,neither,0.04228451509352876,0.2823214250720796,0.6753940598343917
Lol,neither,0.020706217963973744,0.4882283491876925,0.4910654328483337
Whenever i mess with video effects i've never used before i am exactly whoever that just was,neither,0.019017290930971317,0.3777517087377924,0.6032310003312363
Bidet from Canada,neither,0.04071751644889743,0.3089174816120565,0.6503650019390461
Bidet from the Netherlands,neither,0.0395975487247086,0.2929303761973238,0.6674720750779677
Omg,neither,0.03945320844208391,0.33037608806864915,0.630170703489267
"Bidet from sydney - current temperature, 105 degrees.",neither,0.040130208365944095,0.3188856325317321,0.6409841591023238
elf on a bear,neither,0.03685817366666356,0.3428122357162226,0.6203295906171139
which monastic tradition do you think is the most fun,neither,0.06520933334111927,0.342419252907116,0.5923714137517648
Bidet from germany :3,neither,0.04069404815304118,0.30931579984010865,0.6499901520068502
poor trinket get dressed like a tree,neither,0.04815234539828869,0.351566245088208,0.6002814095135034
Its the littlest elf!,neither,0.03402549092859115,0.3191432292743206,0.6468312797970883
Bidet from Chicago,neither,0.04078317879478948,0.307803020237201,0.6514138009680096
that's better :),neither,0.032263869722584625,0.40961070324178983,0.5581254270356256
Bidet from New York!,neither,0.044690599332616286,0.20708884905532376,0.7482205516120599
bidet from Springfield MO,neither,0.04041768713400279,0.3140063675779768,0.6455759452880205
Aww he is the critmas tree.,neither,0.051892050002414584,0.3111245694072904,0.636983380590295
thanks guys,neither,0.03655862387837074,0.3098941200382932,0.6535472560833362
its the pink bows all over again!,neither,0.03196580071960447,0.39595255987649575,0.5720816394038998
Bidet and Happy Critmas!!!!,neither,0.03818309496748641,0.2601972571920196,0.701619647840494
killer guitar solo,neither,0.03945320844208391,0.33037608806864915,0.630170703489267
"New Critical Role , next campaign tease pic https://twitter.com/CriticalRole/status/941731510553493504",neither,0.03877307489701991,0.3776948086467509,0.5835321164562292
and a trinket in a pine tree,neither,0.03873822620977984,0.2945738698020973,0.6666879039881229
bidet and happy winter's crest to all,neither,0.045544859665483065,0.34775596513892926,0.6066991751955877
First the pink ribbons now lights and Antlers. Poor Trink,neither,0.03283951487032915,0.2897401263815037,0.6774203587481671
It is sad that that is the closet thing to real snow I will see living in Phoenix....,neither,0.042235010670636355,0.4067204654871251,0.5510445238422386
Drunken style monastic tradition,neither,0.03945320844208391,0.33037608806864915,0.630170703489267
that was some unexpected megaman X,neither,0.02124769025561051,0.4297621649736486,0.5489901447707409
Bidet from Maryland!,neither,0.04066490145509902,0.30981049537100724,0.6495246031738937
bidet from Ontario Canada,neither,0.040354386843928725,0.3150807387011266,0.6445648744549448
so festive!,offensive_language,0.039501631330860744,0.48329170807269783,0.4772066605964413
@Dragonchrome OMG TEASER I HAVNT SEEN THIS!!!!!!!!!!! THANK YOU,neither,0.05216733610991451,0.37526862680582734,0.5725640370842582
Beep beep,neither,0.03945320844208391,0.33037608806864915,0.630170703489267
"Bidet and Merry Critmas from Beaumont, Tx",neither,0.03962648482081866,0.2777170118825488,0.6826565032966325
Bidet from Philly!,neither,0.040769555981420263,0.3080342349327864,0.6511962090857933
i dont think trinket would like all that on him,neither,0.044052523700972575,0.4627923946723015,0.493155081626726
bidet from Florida!,neither,0.0408948396164547,0.30590784468201904,0.6531973157015263
"aaawww, poor Trinket",neither,0.03945320844208391,0.33037608806864915,0.630170703489267
Happy Critmas!,neither,0.03945320844208391,0.33037608806864915,0.630170703489267
so majestic,neither,0.03940934168832202,0.38195233036853654,0.5786383279431415
bidet from Georgia,neither,0.04066490145509902,0.30981049537100724,0.6495246031738937
Bidet from Nebraska,neither,0.04062582848913359,0.31047366557575606,0.6489005059351104
yess,neither,0.03945320844208391,0.33037608806864915,0.630170703489267
Bidet from Ottawa Ontario Canada,neither,0.040354386843928725,0.3150807387011266,0.6445648744549448
Bidet from Las Vegas,neither,0.040400041164603724,0.3143058657309893,0.6452940931044071
Bidet from Brisbane Australia,neither,0.04062582848913359,0.31047366557575606,0.6489005059351104
Bidet from Alaska!,neither,0.04066490145509902,0.30981049537100724,0.6495246031738937
bidet from Indiana!,neither,0.0408364874901429,0.30689823255244486,0.6522652799574122
Bidet from Seattle,neither,0.040754399270683486,0.3082914838698526,0.650954116859464
"@Dragonchrome yeah, after looking at it twice, I'm trying not to go back so I don't lose sleep and drive myself crazy anticipating the new story.",neither,0.026697290610772542,0.4466901021299866,0.526612607259241
bidet from seattle!,neither,0.040754399270683486,0.3082914838698526,0.650954116859464
got my cocoa and jammies ready to heckin party,neither,0.0331890350193854,0.3974312273269591,0.5693797376536556
Bidet from Perth Australia!,neither,0.04062582848913359,0.31047366557575606,0.6489005059351104
Bidet from Buffalo,neither,0.04069404815304118,0.30931579984010865,0.6499901520068502
Bidet from The Yukon,neither,0.039779025773403386,0.2539611253407979,0.7062598488857987
bidet from new mexico,neither,0.04441189881032757,0.21402420332822164,0.7415638978614508
Merry Critmas to all and to all a Luck Die,neither,0.18022575412117675,0.22530354790853854,0.5944706979702847
@stargazer1977 it's hard,offensive_language,0.027321078016763554,0.6186748488301846,0.3540040731530519
Bidet from massachusetts,neither,0.04069404815304118,0.30931579984010865,0.6499901520068502
"Happy Critmas, Critters!",neither,0.03945320844208391,0.33037608806864915,0.630170703489267
bidet from Warren Michigan,neither,0.04037273474496936,0.3147693269362608,0.6448579383187697
Bidet from Louisiana,neither,0.04062582848913359,0.31047366557575606,0.6489005059351104
Trinket's Next adventure #HamperHeist,neither,0.03866849459905841,0.34369472992473,0.6176367754762117
who thinks vex/Laura will save him,neither,0.04133898290530603,0.3707279048416979,0.5879331122529963
Merry Critmas you lovely critters! :D,neither,0.056165469193932956,0.37743764309599026,0.5663968877100768
gandsTrinket gandsTrinket gandsTrinket gandsTrinket,neither,0.03945320844208391,0.33037608806864915,0.630170703489267
i hope I dont pass out mid way through this :D,neither,0.06039605752794302,0.26023807205759,0.679365870414467
I want a decorated christmas bear instead of a tree,neither,0.039628703717215275,0.32739747524349855,0.6329738210392862
ahoy critters,neither,0.03945320844208391,0.33037608806864915,0.630170703489267
I can't wait for Jan. 11th 8D,neither,0.035201161419045834,0.3048756173478885,0.6599232212330657
Bidet from Panama City Fl,neither,0.04025031866220509,0.3168470473412884,0.6429026339965065
Happy Critmas!!!!!,neither,0.03945320844208391,0.33037608806864915,0.630170703489267
Bidet and Happy Critmas from Markdale!,neither,0.03976491423249608,0.24536690885088172,0.7148681769166222
i hope they have protection of some sort when Laura see this,neither,0.045566143537835425,0.30229447710150403,0.6521393793606605
"Bidet from Stuttgart, the german one.",neither,0.03869560562454737,0.3272382278293923,0.6340661665460603
Happy Critmas y'all!,neither,0.04308416662935134,0.47118407029674164,0.48573176307390703
Vex will always save her baby,offensive_language,0.030642548356338967,0.5741302361563484,0.3952272154873125
Bidet from Montreal,neither,0.04062582848913359,0.31047366557575606,0.6489005059351104
do we know how long critmas will be?,neither,0.042434234546362734,0.309994187971097,0.6475715774825402
DizzyDreidel DizzyDreidel OrnaMental RudolphWhoa,neither,0.03945320844208391,0.33037608806864915,0.630170703489267
they need pink bows lol,neither,0.0328353159234172,0.37520217399722744,0.5919625100793555
Are You a High Bear!?!,neither,0.09320306836890467,0.42643988409362277,0.4803570475374726
Merry Critmas all,neither,0.04191717268205536,0.42761773883010307,0.5304650884878416
1 hour,neither,0.03945320844208391,0.33037608806864915,0.630170703489267
bidet from Chester Virginia,neither,0.04079557052152802,0.30759270029461827,0.6516117291838538
hey ein deutscher :),neither,0.03945320844208391,0.33037608806864915,0.630170703489267
Happy Critmas yall and Bidet from Finaland,neither,0.038066777367080695,0.2902252852015957,0.6717079374313237
Bidet from Delaware,neither,0.04228451509352876,0.2823214250720796,0.6753940598343917
Bidet from SoCal!,neither,0.04062582848913359,0.31047366557575606,0.6489005059351104
bidet from Bartow Florida,neither,0.0408948396164547,0.30590784468201904,0.6531973157015263
Finland**,neither,0.03945320844208391,0.33037608806864915,0.630170703489267
Merry Christmas,neither,0.03945320844208391,0.33037608806864915,0.630170703489267
bidet from Brazil guys!,neither,0.04046556621362174,0.31319373464240247,0.6463406991439758
Merry Critmas everyone!!,neither,0.03304046274239423,0.4392171185250389,0.5277424187325669
@Dragonchrome Its just a hour show?,neither,0.04209760480645899,0.2749441399564937,0.6829582552370473
normal talks time I would guess,neither,0.037651497699356724,0.34633703823921097,0.6160114640614323
Bidet from MO,neither,0.040912083971464244,0.30561516297332675,0.653472753055209
"Critmas, Critmas, come check out my wishlist, have I been a good boy? thats none of your business, I just want some good toys, can I get a witness, got all of my homies yellin Critmas, Critmas",neither,0.03150591556487244,0.47761518741098985,0.49087889702413773
Bidet from Montreal,neither,0.04062582848913359,0.31047366557575606,0.6489005059351104
oh critmas bear! oh critmas bear! how sparkly your lights are,neither,0.08337162231857304,0.24367138939638694,0.67295698828504
Bidet and Merry Critmas from California!,neither,0.0581396828641479,0.2715731669006873,0.6702871502351648
Holiday Trinket?,neither,0.03945320844208391,0.33037608806864915,0.630170703489267
@alberthowe93 Bidet!! I am also from Missouri! <3,neither,0.04023903807948889,0.3140247029438005,0.6457362589767106
Merry Critmas and Bidet from Minnesnowta!,neither,0.03968440849664494,0.2634782097525502,0.696837381750805
LUL,neither,0.03945320844208391,0.33037608806864915,0.630170703489267
Happy Critmas from Saskatchewan!,neither,0.04121157113859007,0.3005320841479779,0.6582563447134321
bidet from lake wales florida,neither,0.040493458558000114,0.31272032876508316,0.6467862126769167
A wild Ishi Appears!,neither,0.03945320844208391,0.33037608806864915,0.630170703489267
Bidet from courtland VA,neither,0.04066490145509902,0.30981049537100724,0.6495246031738937
Bidet from Florida!,neither,0.0408948396164547,0.30590784468201904,0.6531973157015263
Erika! <3,neither,0.03945320844208391,0.33037608806864915,0.630170703489267
Lmao,neither,0.03705015143476208,0.3711622369619404,0.5917876116032975
Haha! ishi,neither,0.03186685585600258,0.45913629025701075,0.5089968538869867
Bidet from Vero Beach Florida,neither,0.040493458558000114,0.31272032876508316,0.6467862126769167
Erika!,neither,0.03945320844208391,0.33037608806864915,0.630170703489267
lol erika,neither,0.020706217963973744,0.4882283491876925,0.4910654328483337
Bear Sexual Harrasment,neither,0.03945320844208391,0.33037608806864915,0.630170703489267
Ishii is so crazy,offensive_language,0.03422668946067289,0.527574440434559,0.4381988701047682
aww,neither,0.03945320844208391,0.33037608806864915,0.630170703489267
LUL,neither,0.03945320844208391,0.33037608806864915,0.630170703489267
lol,neither,0.020706217963973744,0.4882283491876925,0.4910654328483337
lol,neither,0.020706217963973744,0.4882283491876925,0.4910654328483337
Bidet from Australia!,neither,0.04062582848913359,0.31047366557575606,0.6489005059351104
i love Erika,neither,0.03217296676969875,0.3657703709031763,0.602056662327125
I wish I could wear pants like that...,neither,0.044894539017829846,0.38093939480017425,0.5741660661819958
"last critmas I saw was 1:30, it depends on the schedules",neither,0.03613508410662914,0.3300923408430384,0.6337725750503324
Erika!,neither,0.03945320844208391,0.33037608806864915,0.630170703489267
@kwitkus I figure usual 1 hour because Talks Machina is usually only an hour long,neither,0.04323169768140765,0.3256376203909627,0.6311306819276296
Rockin around the critmas bear,neither,0.03863165708543732,0.3153797672046728,0.6459885757098899
Oh no! Antler thief!,neither,0.04384654588772911,0.29441982616414436,0.6617336279481266
Hope no one here is going to be lonely on Christmas,neither,0.1295471563962233,0.27153335494323744,0.5989194886605393
aww... we are all Erica in this moment,neither,0.05897879564764009,0.3505637688550301,0.5904574354973298
so cute,neither,0.04296880691731001,0.35555683390548976,0.6014743591772002
"Bidet from Opp, Alabama",neither,0.04040974714285343,0.31414112994950705,0.6454491229076396
,neither,0.03945320844208391,0.33037608806864915,0.630170703489267
Happy Critmas from Oregon!,neither,0.04055348498156055,0.31170152370078047,0.647744991317659
"O, Critmas bear, oh Critmas bear, how lovely are thy antlers.",neither,0.05648180566020151,0.2771690936053215,0.666349100734477
criTMAAAASSS,neither,0.03945320844208391,0.33037608806864915,0.630170703489267
almost forgot about this!!!,neither,0.03767440372448637,0.360567046436665,0.6017585498388487
Erika is a magical elf,neither,0.046565519065701666,0.327929838305898,0.6255046426284003
Is there a Talks tonight? Wait is it Critmas?,neither,0.04979650238024734,0.2762200330919688,0.6739834645277839
"Merry Critmas, Happy Holidays and Bdet from Brisbane Australia where its hot as tits",neither,0.03612453045612327,0.3013480127325091,0.6625274568113677
So many Aussies in chat today XD,neither,0.03789251646678001,0.35008010758000363,0.6120273759532163
whats bidet mean?,neither,0.03945320844208391,0.33037608806864915,0.630170703489267
LIES! GiftRage its not Christmas yet ! GiftRage GiftRage GiftRage GiftRage,neither,0.03334096415089719,0.336286116530948,0.6303729193181548
Hi Critters and Happy Holidays!,neither,0.03875471825004983,0.2954759511260858,0.6657693306238645
I want to hug it too,neither,0.04490489623604856,0.3271589462374153,0.6279361575265362
i love how critters are all over the place <3,neither,0.06384748359323658,0.29633633331411713,0.6398161830926463
And bidet!,neither,0.03763944115734239,0.1918412352459551,0.7705193235967025
@flyingmoof yes but pre-recorderd,neither,0.03589172352795842,0.34100187738933646,0.6231063990827052
@puppetmasterkat same!,neither,0.04148851938089603,0.3488915597363099,0.609619920882794
Happy Chanukah!,neither,0.03945320844208391,0.33037608806864915,0.630170703489267
happy critmas everyone,neither,0.03175143156822064,0.46109534165405724,0.507153226777722
@trooperwells means hello,neither,0.03945320844208391,0.33037608806864915,0.630170703489267
Welcome to CRITMAS,neither,0.05036155158341772,0.3241161757817237,0.6255222726348585
this is live tonight right,neither,0.04961710658497645,0.32306472014321835,0.6273181732718053
Bidet from Down Unda!,neither,0.04134288094285669,0.29830341407829186,0.6603537049788515
Rawr,neither,0.03945320844208391,0.33037608806864915,0.630170703489267
@mayhemtoolkit no one says you cant...?,neither,0.05626316721617378,0.43976645117416474,0.5039703816096615
But bears don't have reigndeer antlers,neither,0.03556218018615744,0.34968842247220144,0.6147493973416411
that poor bear has seen some shit.,offensive_language,0.03754296047659116,0.9557818613531218,0.006675178170286894
Bidet from Maryland!,neither,0.04066490145509902,0.30981049537100724,0.6495246031738937
Be Pleased and Merry Critmas!,neither,0.03909168689111988,0.2972007125499762,0.6637076005589039
thanks :),neither,0.035884468650613,0.3004919205142699,0.6636236108351171
"I will be alone on Christmas, but that's actually how I like it, lol. Sleep to my hearts content, play games",neither,0.03275213940923058,0.4292350085249403,0.538012852065829
Happy holidays everyone!!,neither,0.033962530978890716,0.42356721414535314,0.5424702548757561
Happy Yule!,neither,0.03945320844208391,0.33037608806864915,0.630170703489267
happy 8th night of Chanukah,neither,0.032286870747532025,0.3301411188481942,0.6375720104042738
@zaltoe apparently not but ti is Critmas,neither,0.04210412017215879,0.34121881084069183,0.6166770689871495
Bidet is a Grog-ism XD,neither,0.081172750358939,0.3160268245287109,0.60280042511235
Happy holydays from Spain!!,neither,0.04121157113859007,0.3005320841479779,0.6582563447134321
Bidet is Grog for hello,neither,0.04144520513793906,0.29072934693135055,0.6678254479307105
Bidet and happy critmas from Newzealand,neither,0.03976491423249608,0.24536690885088172,0.7148681769166222
@TrooperWells it is grogs saying of good day. but he heard ot wrong.,neither,0.03875206026436461,0.3266268291340063,0.6346211106016292
Merry Critmas!,neither,0.03945320844208391,0.33037608806864915,0.630170703489267
Bidet and happy Critmas from MN!,neither,0.039646748175018426,0.27260227571764584,0.6877509761073357
Bidet from Philadelphia,neither,0.04066490145509902,0.30981049537100724,0.6495246031738937
Beep Beep from NW Ohio,neither,0.04036750444974338,0.31485809869622855,0.644774396854028
Merry critmas from Idaho,neither,0.040391260989805194,0.3144548882117505,0.6451538507984442
,neither,0.03945320844208391,0.33037608806864915,0.630170703489267
@TrooperWells It's a greeting said by Grog because he's an idiot and it's adorable.,neither,0.04145032668995288,0.32755187024209187,0.6309978030679553
"Bidet, Happy Winter's Crest, Merry Crit-mas!",neither,0.03945320844208391,0.33037608806864915,0.630170703489267
gandsTrinket,neither,0.03945320844208391,0.33037608806864915,0.630170703489267
Beep Beep from Michigan,neither,0.040769555981420263,0.3080342349327864,0.6511962090857933
Bidet from Orlando FL!,neither,0.040334677536117594,0.315415257091876,0.6442500653720065
I can't wait for Laura's reaction,neither,0.033727832792696325,0.2959666722728838,0.6703054949344199
SnowYeti happy holidays to all,neither,0.04848184953565406,0.3994631251986509,0.5520550252656949
poor trinket,neither,0.03945320844208391,0.33037608806864915,0.630170703489267
"Merry Critmas, ya filthy animals!!!!",offensive_language,0.028323658180769724,0.5232813612608546,0.4483949805583758
HAPPY CRITMAS rooHappy rooHappy rooHappy,neither,0.03945320844208391,0.33037608806864915,0.630170703489267
if it was in the Critical Role timeslot it could go longer,neither,0.026772364302402717,0.3587571425260788,0.6144704931715186
bidet cdlm,neither,0.03945320844208391,0.33037608806864915,0.630170703489267
TRINKET,neither,0.03945320844208391,0.33037608806864915,0.630170703489267
,neither,0.03945320844208391,0.33037608806864915,0.630170703489267
"oh yeah, from Alaska, where we're finally getting snow!",neither,0.03943116499900598,0.3682595720673163,0.5923092629336777
Merry critmas from London england,neither,0.040241434509382105,0.31699783460048586,0.6427607308901322
"Is it the 8th night already? gah, I have to start paying attn to things",neither,0.04393305042841188,0.33069157714075786,0.6253753724308302
Bidet from Texas,neither,0.040937266849991,0.30518774380265185,0.6538749893473571
gandsTrinketArmor gandsTrinketArmor,neither,0.03945320844208391,0.33037608806864915,0.630170703489267
happy holidays everyone!,neither,0.033962530978890716,0.42356721414535314,0.5424702548757561
Bidet and happy Critmas from Seattle!,neither,0.039648811982923346,0.27208981810381916,0.6882613699132576
bidet is a thing people use after sex to clean up,offensive_language,0.0274077415472113,0.6215544829814708,0.3510377754713179
Trinket Tree PogChamp,neither,0.03945320844208391,0.33037608806864915,0.630170703489267
And to all good loot,neither,0.05207678538055213,0.3688351506755945,0.5790880639438533
bidet from fort worth tx,neither,0.040538671561945475,0.31195294609159274,0.6475083823464618
Bidet from Australia! <3,neither,0.04062582848913359,0.31047366557575606,0.6489005059351104
Bidet Frome Ashland Kentucky,neither,0.03945320844208391,0.33037608806864915,0.630170703489267
Merry Critmas,neither,0.03945320844208391,0.33037608806864915,0.630170703489267
HAPPY CRITMAS!!!,neither,0.03945320844208391,0.33037608806864915,0.630170703489267
The Church of Grog is called Rastagrogy!,neither,0.04733287800351655,0.310191426810092,0.6424756951863915
bidet from utah,neither,0.04066490145509902,0.30981049537100724,0.6495246031738937
Tradition: Earth's most dangerous drug,neither,0.03945320844208391,0.33037608806864915,0.630170703489267
LUL,neither,0.03945320844208391,0.33037608806864915,0.630170703489267
"Gah, I thought it was a hanging bear for a sec",neither,0.03662483914295119,0.25317043394333816,0.7102047269137107
Bidet from Reno!,neither,0.04062582848913359,0.31047366557575606,0.6489005059351104
Merry critmas,neither,0.03945320844208391,0.33037608806864915,0.630170703489267
@sprlngheeljack I almost forgot too :O,neither,0.039172907041727344,0.3351335343610624,0.6256935585972103
Who ate my cookie??? FeelsGingerMan,neither,0.028921045533759612,0.4832484293429798,0.48783052512326064
Bidet from Seattle WA !,neither,0.04040912852695437,0.3141516294757728,0.6454392419972729
Merry Critmas everyone,neither,0.03304046274239423,0.4392171185250389,0.5277424187325669
@brookeava Bidet from perth!,neither,0.04228451509352876,0.2823214250720796,0.6753940598343917
Bidet from Maryland!,neither,0.04066490145509902,0.30981049537100724,0.6495246031738937
critmas trinket looks amazing,neither,0.03945320844208391,0.33037608806864915,0.630170703489267
@BufordTea I thought that was caffeine,neither,0.038327548350365885,0.24534237905490516,0.7163300725947289
Bidet from Arkansas,neither,0.04066490145509902,0.30981049537100724,0.6495246031738937
Christmas wooo,neither,0.03945320844208391,0.33037608806864915,0.630170703489267
Erika Ishi everyone!,offensive_language,0.02988896790634741,0.4927062106388782,0.4774048214547744
ey any of yall got that Bepsi?,neither,0.03407738856674649,0.4219411007780006,0.5439815106552529
poor trinket,neither,0.03945320844208391,0.33037608806864915,0.630170703489267
See Laura & Travis at Sac Anime convention January 5 - 7th 2018 http://www.sacanime.com/,neither,0.03738161821885201,0.28674710346905846,0.6758712783120896
"Bidet, Happy WInters Crest, and a MERRY CRITMAS TO ALL from Glasgow Scotland",neither,0.044954258313549135,0.3323978766296273,0.6226478650568237
Che,neither,0.03945320844208391,0.33037608806864915,0.630170703489267
Suprined no one ever made a !Bidet command after all this time,neither,0.03822805925546257,0.4571285585405031,0.5046433822040343
Bidet from Ohio and Merry Critmas :D,neither,0.03962167078527647,0.27895525049563247,0.681423078719091
"Even thought they don't show up for this Critmas, I sent Matt and Marisha a wedding gift: the first nine episodes of the D&D animated series!",neither,0.03802680280313967,0.2469186817562937,0.7150545154405666
howdy,neither,0.03945320844208391,0.33037608806864915,0.630170703489267
Bidet from Fort Worth.,neither,0.04097097592422819,0.30461561283917343,0.6544134112365985
Merry Critmas all!,neither,0.04191717268205536,0.42761773883010307,0.5304650884878416
"Arkansas, baby!!!!!",neither,0.03945320844208391,0.33037608806864915,0.630170703489267
Bidet from Puerto Rico,neither,0.040392180697499655,0.3144392783719297,0.6451685409305706
Happy Critmas to all far and wide!,neither,0.04631176941292403,0.3498295060892314,0.6038587244978445
What did the do to Trinket? He looks sad all decked out.,neither,0.05319220277751409,0.37815659724329115,0.5686511999791947
@kappadotb Did you say cookie? rooVV,neither,0.058827729712106605,0.3844302381392414,0.556742032148652
Bidet from Maine! Here for Critmas but I don't know if I'm going to make it. Already took a ten minute nap.,neither,0.04284720676739401,0.3422323213541356,0.6149204718784703
Bidet from texas,neither,0.040937266849991,0.30518774380265185,0.6538749893473571
Suprised *,neither,0.03945320844208391,0.33037608806864915,0.630170703489267
Will we still have trinket next season ><,neither,0.03882542621182906,0.3410311908971389,0.6201433828910321
bidet from Fayetteville ar!,neither,0.04228451509352876,0.2823214250720796,0.6753940598343917
Id much rather have a Christmas Trinket,neither,0.035705076230565576,0.33921018675972037,0.625084737009714
is it live or prerecorded?,neither,0.05644869538450929,0.32453056077085507,0.6190207438446356
See Matt at Paradise City Comic Con January 12 - 14th 2018 http://paradisecitycomiccon.com/,neither,0.03734762499693726,0.28599598021901834,0.6766563947840444
Bidet from Pittsburgh PA =D,neither,0.04036266062233628,0.31494031108870923,0.6446970282889545
candy canes look so nice and taste so bad,neither,0.03746900469416555,0.3658413781072431,0.5966896171985915
nope,neither,0.03945320844208391,0.33037608806864915,0.630170703489267
Prerecorded,neither,0.03945320844208391,0.33037608806864915,0.630170703489267
@rasnac_khan live,neither,0.04891340716200846,0.3271222919257548,0.6239643009122369
Merry Critmas!,neither,0.03945320844208391,0.33037608806864915,0.630170703489267
I believe its live,neither,0.0370978080474423,0.33118621827267064,0.631715973679887
Bidget from Texas,neither,0.040937266849991,0.30518774380265185,0.6538749893473571
"Greetings and salutations also from Russellville, Arkansas",neither,0.03963117240651784,0.2765200243202041,0.6838488032732781
"Christmas tree? No, CRITMAS BEAR",neither,0.038737669508463864,0.34252065117999175,0.6187416793115444
@rasnac_khan this is live,neither,0.06264826366348325,0.3248039992423424,0.6125477370941744
bidet from Erie PA,neither,0.04069404815304118,0.30931579984010865,0.6499901520068502
Bidet from Florida!,neither,0.0408948396164547,0.30590784468201904,0.6531973157015263
"Bidet from Rogers, AR Merry Critmas",neither,0.040391260989805194,0.3144548882117505,0.6451538507984442
yay critmas,neither,0.03945320844208391,0.33037608806864915,0.630170703489267
Bidet from Omaha,neither,0.04228451509352876,0.2823214250720796,0.6753940598343917
This part is live.,neither,0.055389104450338955,0.3266611701911188,0.6179497253585422
o really? I thought it was live,neither,0.04629385033660408,0.22509541322377283,0.7286107364396232
See Matt at Otafest Calgary May 18 - 20th 2018 https://otafest.com/,neither,0.03984431690253068,0.33017450155249023,0.6299811815449792
@alberthowe93 here have a cookie FeelsGingerMan,neither,0.09912744268962922,0.29420539122992795,0.6066671660804428
Happy Winters Veil!,neither,0.03945320844208391,0.33037608806864915,0.630170703489267
Merry Critmas from Las Vegas!,neither,0.04025089806410402,0.31683721337894505,0.6429118885569509
Merry Critmas to all,neither,0.05099482308587608,0.41773160659738473,0.5312735703167393
