text,top_class,hate_speech,offensive_language,neither
Much better. ;),neither,0.033464116335600605,0.3324360114774959,0.6340998721869036
"We just got those out of the way, lol",neither,0.04042296295794177,0.3810287333024235,0.5785483037396348
@Danoba rolled a Natural 20 Stealth check. LOL,neither,0.033552987694015685,0.3721936452132732,0.5942533670927111
Eyyyy,neither,0.03945320844208391,0.33037608806864915,0.630170703489267
Mike sit in the tiny chair!!,neither,0.03881412170745681,0.3187672995949383,0.6424185786976049
"@Maxxjenga Hold on, haha.",neither,0.031463862190989095,0.42901144851309253,0.5395246892959183
<3,neither,0.03945320844208391,0.33037608806864915,0.630170703489267
Lol,neither,0.020706217963973744,0.4882283491876925,0.4910654328483337
"#IntoTheTrees,IntoTheTrees",neither,0.03945320844208391,0.33037608806864915,0.630170703489267
hiii,neither,0.03945320844208391,0.33037608806864915,0.630170703489267
Hello!,neither,0.03945320844208391,0.33037608806864915,0.630170703489267
Annd hes gone,neither,0.03933885279671491,0.33231700181501367,0.6283441453882715
woo,neither,0.03945320844208391,0.33037608806864915,0.630170703489267
"Hello all! Happy season finale, AXYB!",neither,0.04103178321536046,0.383076449693678,0.5758917670909616
jcvimHi jcvimHi jcvimHi jcvimHi jcvimHi jcvimHearts jcvimHearts jcvimHearts jcvimHearts jcvimHearts jcvimHearts jcvimHearts jcvimHearts jcvimHearts jcvimHearts,neither,0.03945320844208391,0.33037608806864915,0.630170703489267
HELLO,neither,0.03945320844208391,0.33037608806864915,0.630170703489267
Oops! :D,neither,0.03945320844208391,0.33037608806864915,0.630170703489267
But the tiny chairrrr,neither,0.034386962860077246,0.32237384320472284,0.6432391939352
gandsSubHype gandsSubHype gandsSubHype gandsSubHype XmasRaid RudolphWhoa DizzyDreidel OrnaMental FeelsGingerMan MerryPurple GiftRage SnowYeti SnowHappy SnowLUL SnowSing SnoWhal,neither,0.03945320844208391,0.33037608806864915,0.630170703489267
<3,neither,0.03945320844208391,0.33037608806864915,0.630170703489267
Is that a rubber duck on the chair?,neither,0.03938643937940205,0.3558295431864896,0.6047840174341083
jcvimHi jcvimHi jcvimHi jcvimHi jcvimHi jcvimHi jcvimHi jcvimHi jcvimHi jcvimHi jcvimHi,neither,0.03945320844208391,0.33037608806864915,0.630170703489267
My ears!,neither,0.02549807631544042,0.4425136705936049,0.5319882530909548
Becca Scott twitter.com/thebeccascott Whitney Moore twitter.com/TweetneyMoore Stef Woodburn twitter.com/StefWoodburn Blythe Wiedemann twitter.com/BlytheKala93,neither,0.03867050844610127,0.46874568017090823,0.49258381138299046
HEEEEEEYYYYY Made it just in time!!!,neither,0.031060641225712168,0.38162676136525026,0.5873125974090375
Our heroines! <3 <3 <3 <3,neither,0.03945320844208391,0.33037608806864915,0.630170703489267
"Hi Sax, Becca, Kate, Whitney, Erika, Blythe, Liz, and Stef!",neither,0.03883377460256037,0.29973588387657124,0.6614303415208684
all the twitters and instagrams,neither,0.03919321401305544,0.33683930837322673,0.6239674776137178
"chat forgot to smile, one more!",neither,0.04572852035724743,0.3447271137210337,0.6095443659217189
Reverse selfies!,neither,0.03945320844208391,0.33037608806864915,0.630170703489267
RudolphWhoa RudolphWhoa,neither,0.03945320844208391,0.33037608806864915,0.630170703489267
jcvimHi jcvimHi jcvimHi jcvimHi,neither,0.03945320844208391,0.33037608806864915,0.630170703489267
did erika get chat's good side in that shot?,neither,0.031904276209628143,0.3969848328380394,0.5711108909523325
stefHeart stefHeart stefHeart,neither,0.03945320844208391,0.33037608806864915,0.630170703489267
!whodat,neither,0.03945320844208391,0.33037608806864915,0.630170703489267
"Becca Scott ( twitter.com/thebeccascott ), Stef Woodburn ( twitter.com/StefWoodburn ), Whitney Moore ( twitter.com/TweetneyMoore ) and Blythe Kala ( twitter.com/BlytheKala93 ), Kate Elliot ( twitter.com/KatersTweets ), Sax Carr ( twitter.com/SaxCarr ), Erika Ishii ( twitter.com/erikaishii ), Liz Forkin Kunert ( twitter.com/Forkin_Kunert ).",neither,0.03848632872424196,0.4650666101669761,0.496447061108782
Ooh fancy overlay lights,neither,0.03945320844208391,0.33037608806864915,0.630170703489267
!respect,neither,0.03945320844208391,0.33037608806864915,0.630170703489267
"If you would like to share opinions on our hosts, guests or fellow viewers, please do so in a respectful manner. Don't make them feel uncomfortable.",neither,0.04843323757214918,0.39559142321184637,0.5559753392160044
Amy plays the Doctor. She can see you.,neither,0.052046246314450956,0.41313424982149566,0.5348195038640534
OVERCOOKED,neither,0.03945320844208391,0.33037608806864915,0.630170703489267
"nice,",neither,0.03945320844208391,0.33037608806864915,0.630170703489267
"Hi Sax, Kate, Erika, Liz, Cheater, Whitney, Blythe and Stef!",neither,0.03892120519025444,0.3043334275495477,0.6567453672601978
YAY all great games!!,neither,0.03889205102716765,0.3665175592725452,0.5945903897002871
What is Overcooked,neither,0.08191733112755817,0.31109320414220176,0.6069894647302402
Re hrpgSub hrpgHyperHype ramaHype gandsSubHype,neither,0.10802165902134243,0.2484119200751343,0.6435664209035233
Too. Much. Hotness.,neither,0.03280861281865522,0.33978655440730504,0.6274048327740397
LUL whitney,neither,0.03945320844208391,0.33037608806864915,0.630170703489267
hellooo!!,neither,0.03945320844208391,0.33037608806864915,0.630170703489267
Overcooked is the ultimate test of teamwork.,neither,0.046518811703507044,0.312047297778941,0.6414338905175518
So this is the last live content for the year?,neither,0.04242059480917977,0.31524832106947503,0.6423310841213451
so glad Just Dance is finally returning,neither,0.04191674001992594,0.3843840513901554,0.5736992085899186
OH THAT GAME,neither,0.0400763851688419,0.2613991748365906,0.6985244399945676
Overcooked did cause a lot of problems in Matt and Minhdzuy's relationship,neither,0.037697068948115045,0.32369336609155247,0.6386095649603324
"@thundercabbage1 nope, two more shows tomorrow",neither,0.0414880789254508,0.3138144039661053,0.6446975171084439
Over coookkkeeed is gonna bbe amazing,neither,0.04329949363222854,0.38066863838246306,0.5760318679853084
We want the tiny chair!!,neither,0.038776593563545646,0.315786406754217,0.6454369996822374
This is miscategorized under chill-streams. Should be catagoprized under shrill-streams,neither,0.04940901137743508,0.34803743189688263,0.6025535567256822
ok,neither,0.03935517884257045,0.3320399062092607,0.6286049149481688
Erika!,neither,0.03945320844208391,0.33037608806864915,0.630170703489267
@Danoba Talisein isnt lurking around the studio still is he?,neither,0.0473125152950799,0.326306428312854,0.6263810563920662
Where is Wheaton?,neither,0.06245822111259904,0.2612427577458543,0.6762990211415466
Watching the Achievement hunter boys trying to figure it out was amazing,neither,0.03907309531702516,0.32965684863849803,0.6312700560444768
Overcooked is so great with CHAOS!,neither,0.03382361122373029,0.37526493618633716,0.5909114525899326
ERIKA I'm clipping that.,neither,0.026110925149043836,0.4791292047641166,0.4947598700868395
just about anything!!!,neither,0.03128759590656009,0.3969246695974326,0.5717877344960072
RYYYAAAAAAANNNNNNNNNNNNNN,neither,0.03945320844208391,0.33037608806864915,0.630170703489267
ryyyyaaannnn,neither,0.03945320844208391,0.33037608806864915,0.630170703489267
@Novakalypse Wheaton is doing his own thing,neither,0.13074898979541838,0.3096777419276126,0.5595732682769692
nice set,neither,0.03945320844208391,0.33037608806864915,0.630170703489267
th3crucibl3 -> What? Did you think I﻿ was gone forever? [stop spamming caps] [warning],neither,0.054158900085811694,0.4051029993148126,0.5407381005993758
i love you guys,neither,0.06167918433826641,0.4366455781003419,0.5016752375613917
Where is the override?!?,neither,0.05801350487136781,0.24015946523463783,0.7018270298939943
Someone sit in that damn tiny chair,offensive_language,0.04104369340699048,0.6957853879521418,0.2631709186408676
jcvimHi everyone!,offensive_language,0.02988896790634741,0.4927062106388782,0.4774048214547744
!whodat,neither,0.03945320844208391,0.33037608806864915,0.630170703489267
"Becca Scott ( twitter.com/thebeccascott ), Stef Woodburn ( twitter.com/StefWoodburn ), Whitney Moore ( twitter.com/TweetneyMoore ) and Blythe Kala ( twitter.com/BlytheKala93 ), Kate Elliot ( twitter.com/KatersTweets ), Sax Carr ( twitter.com/SaxCarr ), Erika Ishii ( twitter.com/erikaishii ), Liz Forkin Kunert ( twitter.com/Forkin_Kunert ).",neither,0.03848632872424196,0.4650666101669761,0.496447061108782
"And that became Erika's Quote of the Year: ""Anything can become a sex thing if you try hard enough!"" - Erika Ishii, 2017. LOL",offensive_language,0.022700187962436585,0.6122316733497566,0.3650681386878069
!respect,neither,0.03945320844208391,0.33037608806864915,0.630170703489267
Re hrpgSub hrpgHyperHype ramaHype gandsSubHype,neither,0.10802165902134243,0.2484119200751343,0.6435664209035233
"If you would like to share opinions on our hosts, guests or fellow viewers, please do so in a respectful manner. Don't make them feel uncomfortable.",neither,0.04843323757214918,0.39559142321184637,0.5559753392160044
"Hi, Becca, Whitney, Blyth,Kate, Sax and Erika! And Liz!",neither,0.038392643596589365,0.27431278432503453,0.6872945720783761
hrpgSub hrpgHyperHype ramaHype gandsSubHype,neither,0.03945320844208391,0.33037608806864915,0.630170703489267
every one is color coordinated.,neither,0.04951380399795412,0.3618929460556695,0.5885932499463763
All of you look great! Happy Holidays! <3,neither,0.05452883213232075,0.40441977645629174,0.5410513914113874
yep its only 16 if you do Bracketing,neither,0.031035884019912117,0.4180292781869431,0.5509348377931448
I wonder if the color coordination was intentional,neither,0.023149509024948438,0.3691353786581057,0.6077151123169459
#FallColours,neither,0.03945320844208391,0.33037608806864915,0.630170703489267
HotPokket,neither,0.03945320844208391,0.33037608806864915,0.630170703489267
!respect,neither,0.03945320844208391,0.33037608806864915,0.630170703489267
"If you would like to share opinions on our hosts, guests or fellow viewers, please do so in a respectful manner. Don't make them feel uncomfortable.",neither,0.04843323757214918,0.39559142321184637,0.5559753392160044
play nice folks,neither,0.03945320844208391,0.33037608806864915,0.630170703489267
!whodat,neither,0.03945320844208391,0.33037608806864915,0.630170703489267
"Becca Scott ( twitter.com/thebeccascott ), Stef Woodburn ( twitter.com/StefWoodburn ), Whitney Moore ( twitter.com/TweetneyMoore ) and Blythe Kala ( twitter.com/BlytheKala93 ), Kate Elliot ( twitter.com/KatersTweets ), Sax Carr ( twitter.com/SaxCarr ), Erika Ishii ( twitter.com/erikaishii ), Liz Forkin Kunert ( twitter.com/Forkin_Kunert ).",neither,0.03848632872424196,0.4650666101669761,0.496447061108782
Did they turn Talesin into that duck? That could explain why he's not lurking...,neither,0.03108697870363961,0.38623529880085933,0.582677722495501
@dolphin_sounds I feel bad for the guy,neither,0.028721840539712426,0.2923531723893238,0.6789249870709638
Which Fibbage are they doing? Questions about other contestants or normal,neither,0.054967284885350395,0.3177252914288895,0.62730742368576
What's the code?,neither,0.04524907471458358,0.3056909875849364,0.64905993770048
HotPokket are yyouu a white male? HotPokket,hate_speech,0.7133645237564352,0.265901561312965,0.02073391493059973
SGPW,neither,0.03945320844208391,0.33037608806864915,0.630170703489267
,neither,0.03945320844208391,0.33037608806864915,0.630170703489267
Hurray for party game!!,neither,0.031997952886624284,0.24979425003061836,0.7182077970827574
chat is way ahead,neither,0.04692936634434527,0.32859376913639776,0.624476864519257
party game fun times,neither,0.03880831504146477,0.2911061486335033,0.670085536325032
Pllumbus,neither,0.03945320844208391,0.33037608806864915,0.630170703489267
RE hrpgSub hrpgHyperHype ramaHype gandsSubHype,neither,0.10802165902134243,0.2484119200751343,0.6435664209035233
His rubber ducky,neither,0.07229115916464232,0.33205583846230485,0.5956530023730529
should do the other Fibbage version where its questions about your fellow contestants,neither,0.06294170339080697,0.33437017734687763,0.6026881192623154
so this is where all the attractive women in the world are,neither,0.0823586167700373,0.3896365694691543,0.5280048137608084
!respect,neither,0.03945320844208391,0.33037608806864915,0.630170703489267
#ohisthatwhatthekidsarecallingitnow??,neither,0.03945320844208391,0.33037608806864915,0.630170703489267
jackbox.tv,neither,0.03945320844208391,0.33037608806864915,0.630170703489267
... certainly not near you @sputnik146,neither,0.05355474773825716,0.37984067339430494,0.566604578867438
u got me liz,offensive_language,0.022699623013714736,0.5105444495569381,0.4667559274293471
"Wow the color on the gameplay looks way more saturated than I'm use to, but it's still readable so it's fine",neither,0.02063530828005807,0.40856343917024757,0.5708012525496944
blythe gandsNatTwenty gandsNatTwenty,neither,0.03945320844208391,0.33037608806864915,0.630170703489267
Is that now why they're getting divorced?,neither,0.04171438805219151,0.40748980334191603,0.5507958086058925
Dinosaur collection was just the most ironic. *Jurassic Park theme starts playing*,neither,0.036536054227853054,0.3338496484294039,0.629614297342743
life ...finds a way,neither,0.03612739971086985,0.3897630873456529,0.5741095129434772
Cannot read the category text at all...,neither,0.03565438222456992,0.44293769666138855,0.5214079211140414
!respect,neither,0.03945320844208391,0.33037608806864915,0.630170703489267
"If you would like to share opinions on our hosts, guests or fellow viewers, please do so in a respectful manner. Don't make them feel uncomfortable.",neither,0.04843323757214918,0.39559142321184637,0.5559753392160044
"Speaking of bugs, Erika, how are those roaches doing?",neither,0.07756092953929684,0.25114675257442387,0.6712923178862794
Perfection is your key,neither,0.08085744514374221,0.31805074116439075,0.601091813691867
I think I know which is whitneys answer,neither,0.0481436830106161,0.31884792981350024,0.6330083871758836
in sax's sox!,neither,0.03945320844208391,0.33037608806864915,0.630170703489267
wow liz got me again,neither,0.02837156590822448,0.4569490552375981,0.5146793788541776
Who's who name wises,offensive_language,0.04117468989602936,0.490128115601228,0.46869719450274266
"""What is best in life? To see your foes laying dead at your feet, hear the lamentations of their women, and to eat Perfection Salad from their skulls.""",neither,0.08009026786180928,0.3381056601973118,0.5818040719408789
Those were obvious lies because it's Jell-O,neither,0.05432829913097746,0.26920601548784634,0.6764656853811762
100 points to sax,neither,0.04715414254198344,0.32589614624585556,0.6269497112121609
"@GInquisitor that is coincidence not irony,.",neither,0.041369992993028015,0.3653355117969655,0.5932944952100065
Re hrpgSub hrpgHyperHype ramaHype gandsSubHype,neither,0.10802165902134243,0.2484119200751343,0.6435664209035233
Damnit Jello Mold sounded legit,neither,0.03945320844208391,0.33037608806864915,0.630170703489267
Skull salad is best salad,neither,0.04362092844068815,0.3242401177340378,0.6321389538252741
None of that was words but thanks for the attempt guys,neither,0.02985505413868987,0.3271149258228208,0.6430300200384893
We have a subscriber-only Discord server! Join here: https://discord.gg/geekandsundry (you'll need to sub and link it to your Twitch) and be a part of the fun!...Warning: It can take up to an hour for the server to update and give you access to the channels,neither,0.08464076273808444,0.286394834032893,0.6289644032290227
Go Erika!!,neither,0.04276165647058889,0.34190019769565555,0.6153381458337556
Also i know the actual answer to this lol,neither,0.03715342183180303,0.3584207330747325,0.6044258450934644
I acutally know this answer,neither,0.03932855834230418,0.332491725572749,0.6281797160849469
You can do it!,neither,0.0756730639028903,0.41489501303487014,0.5094319230622396
Dancing bears,neither,0.03945320844208391,0.33037608806864915,0.630170703489267
a bomb? or a floating mine maybe?,neither,0.03945320844208391,0.33037608806864915,0.630170703489267
lol,neither,0.020706217963973744,0.4882283491876925,0.4910654328483337
Sub B Gone!,neither,0.039341310760900035,0.3322752837480167,0.6283834054910832
sharks? It's always sharks,neither,0.03358775894924742,0.43635912786738357,0.530053113183369
Putin taking it in the Pootin.,neither,0.03724272644119277,0.3151663096478478,0.6475909639109594
dancing gay sailor LUL,neither,0.16443357637274544,0.2298864834279415,0.605679940199313
gay sailor,neither,0.2992343745906385,0.16837190667226162,0.5323937187371
!whodat,neither,0.03945320844208391,0.33037608806864915,0.630170703489267
"Becca Scott ( twitter.com/thebeccascott ), Stef Woodburn ( twitter.com/StefWoodburn ), Whitney Moore ( twitter.com/TweetneyMoore ) and Blythe Kala ( twitter.com/BlytheKala93 ), Kate Elliot ( twitter.com/KatersTweets ), Sax Carr ( twitter.com/SaxCarr ), Erika Ishii ( twitter.com/erikaishii ), Liz Forkin Kunert ( twitter.com/Forkin_Kunert ), Kelly Lynne ( twitter.com/kahlanrock ).",neither,0.03850521161560462,0.46584218443177766,0.49565260395261773
subs being swatted by a tennis racket,neither,0.0369485378108917,0.3787273433066564,0.5843241188824518
gay sailor is the truth :),neither,0.2406380097562961,0.18222536609263926,0.5771366241510646
"Help G&S make great content! $4.99/month gets you emotes, Minecraft server access, Sub Only VODs, and more! Every sub keeps the channel alive! twitch.tv/geekandsundry/subscribe",neither,0.043907990691603095,0.31135964332838284,0.644732365980014
"""Not Stockholm""? Well, I guess we can attack it then.",neither,0.036952911257814455,0.33780103114715,0.6252460575950355
Hi Kelly!,neither,0.03945320844208391,0.33037608806864915,0.630170703489267
"Travis, Laura, Liam and crew all went home? Aww man.",neither,0.039912214434018295,0.38072728944376694,0.5793604961222146
It was prerecorded @Yarragon,neither,0.03593062006447523,0.3363165027571517,0.627752877178373
Jackbox yay!,neither,0.03945320844208391,0.33037608806864915,0.630170703489267
@Yarragon Critmas was pre-recorded,neither,0.03934299730621909,0.33224665867241976,0.6284103440213611
Its the gay one bc of how homophobic russia was/is... lol,neither,0.1266470097661592,0.28949622901218247,0.5838567612216583
Oh was it? That's different. But cool I guess.,neither,0.03596235934193375,0.33888149529347056,0.6251561453645958
LUL,neither,0.03945320844208391,0.33037608806864915,0.630170703489267
Makes sense,neither,0.0394355215786359,0.3302279805512406,0.6303364978701236
LOL,neither,0.020706217963973744,0.4882283491876925,0.4910654328483337
those silly Swedes,neither,0.07443138803673867,0.23932812643334425,0.686240485529917
YAY! got it,neither,0.036284759738420415,0.38609617646458416,0.5776190637969955
I totally guessed right.,neither,0.03856774074787189,0.3476549241146229,0.6137773351375053
@Yarragon the vod should be available,neither,0.05321856043351001,0.35556685854144116,0.5912145810250489
How did they depict that the sailor was gay???,neither,0.18341604495129926,0.23334314206027548,0.5832408129884252
But real talk who's who name wise in the game haha,offensive_language,0.021097096036265323,0.5008400764267764,0.4780628275369583
"You can win this Liz, I believe in you!",neither,0.08380041647240034,0.43939338827862995,0.4768061952489696
dancing gay sailor https://www.theguardian.com/world/2015/may/13/swedish-peace-group-trolls-russian-submarines-with-gay-defence-system,neither,0.14790008566107612,0.2390661220573647,0.6130337922815592
@VolleyBallerAZ look it up. it's gorgeous!,neither,0.0358726817442495,0.38254098782762,0.5815863304281305
no fart zone,neither,0.038645566914018575,0.34408387257634576,0.6172705605096357
I know this one!!!,neither,0.03780710213943588,0.3874855714638725,0.5747073263966916
@Chovexani lol its very Channing Tatum,neither,0.029946654434198763,0.3716803898688933,0.598372955696908
