text,top_class,hate_speech,offensive_language,neither
#EnthusiARMY RAID,neither,0.03945320844208391,0.33037608806864915,0.630170703489267
RAAAAAID,neither,0.03945320844208391,0.33037608806864915,0.630170703489267
hi Amy Raiders :D,neither,0.03945320844208391,0.33037608806864915,0.630170703489267
@Danoba !!!,neither,0.03945320844208391,0.33037608806864915,0.630170703489267
XmasRaid XmasRaid XmasRaid,neither,0.03945320844208391,0.33037608806864915,0.630170703489267
Just a bit early,neither,0.03597478710643607,0.32527882577400763,0.6387463871195562
Good timing!,neither,0.03875228192880013,0.33061716883797504,0.6306305492332248
raid is early by 15 seconds,neither,0.047380320845477455,0.3424655009582594,0.610154178196263
@ElRoboRick Hey.,neither,0.03945320844208391,0.33037608806864915,0.630170703489267
XD bird just had a small heart attack,neither,0.004430178593314433,0.09762864030452886,0.8979411811021566
\o/,neither,0.03945320844208391,0.33037608806864915,0.630170703489267
do we know it's a kenku?,neither,0.03916394647849988,0.33428794944342766,0.6265481040780725
#EnthusiARMY,neither,0.03945320844208391,0.33037608806864915,0.630170703489267
Hi everyone over here -waves-,neither,0.06194308387212212,0.38290509234191256,0.5551518237859654
raaaaaaaaid!,neither,0.03945320844208391,0.33037608806864915,0.630170703489267
is critmas tonight or thursday?,neither,0.04490381596135908,0.30520537652618446,0.6498908075124565
Hey kids,neither,0.03945320844208391,0.33037608806864915,0.630170703489267
Hello and Welcome Everyone! <3,neither,0.03349254287424135,0.3885124166498126,0.577995040475946
Oh hey guys! :D,neither,0.04556775320531652,0.2734916597885902,0.6809405870060933
WE KNOW THAT VOICE,neither,0.03461036113160713,0.3844017528279551,0.5809878860404377
Talks machina has a special Critmas episode tonight >>> http://www.wheniscriticalrole.com/talksmachina ...7pm Pacific.,neither,0.051977428488197405,0.2496744708740403,0.6983481006377623
#Enthusiarmy!,neither,0.03945320844208391,0.33037608806864915,0.630170703489267
Critmas is tonight.,neither,0.04967879145228911,0.29153176999069463,0.6587894385570162
gandsSubHype gandsSubHype gandsSubHype tinytatoPotato tinytatoPotato tinytatoPotato,neither,0.03945320844208391,0.33037608806864915,0.630170703489267
"We were listening to Erika sounds before, now getting the Erika visual as well. <3",neither,0.03682154063461242,0.41035381634842094,0.5528246430169665
#EnthusiARMY RAID!,neither,0.03945320844208391,0.33037608806864915,0.630170703489267
Hey @dayntee,neither,0.03945320844208391,0.33037608806864915,0.630170703489267
"Hey Trish, hey Erika",neither,0.03945320844208391,0.33037608806864915,0.630170703489267
sweet,neither,0.03945320844208391,0.33037608806864915,0.630170703489267
XmasRaid #EnthusiARMY RAID! XmasRaid,neither,0.03945320844208391,0.33037608806864915,0.630170703489267
Welcome EnthusiArmy !,neither,0.03945320844208391,0.33037608806864915,0.630170703489267
bardHigh trisha bardHigh erika,neither,0.03945320844208391,0.33037608806864915,0.630170703489267
"And now I'm off to Alpha, Bye!",neither,0.04464385125098573,0.29205988920833287,0.6632962595406814
"Good afternoon, @Danoba",neither,0.038712489352510704,0.33063085532967357,0.6306566553178159
"I played against Trish, Selina, and @Danoba earlier..... I finished last lol",neither,0.0344255955367987,0.32231101278019986,0.6432633916830014
"Break out the N64, then Trish will dominate",neither,0.03509656492528998,0.30331002894847703,0.661593406126233
ooooo,neither,0.03945320844208391,0.33037608806864915,0.630170703489267
That's an interesting pitch there Erika lol,neither,0.031023385520005855,0.3663594589204815,0.6026171555595127
I rocked Mario Kart. I mean the original. On the SNES.,neither,0.03647722132947313,0.31809727933299836,0.6454254993375286
@ElRoboRick No you didn't.,offensive_language,0.03473215191288496,0.5153093216079269,0.4499585264791882
Hi Trisha and Erika!,neither,0.038358606956405694,0.2721397086643902,0.6895016843792041
fuck yea TROY,offensive_language,0.15840017325068395,0.8395097988077419,0.0020900279415741064
Awwww Amy...Thanks for the raid,neither,0.03401926163600368,0.29240737251301385,0.6735733658509824
Out of the four people named... I did lol,neither,0.04811628689431805,0.3719073204022679,0.5799763927034141
"MrNY2CALI bust out the N64 and I'll dominate, that was my jam",neither,0.0245657476611289,0.3964954219617187,0.5789388303771523
@Chix_with_Joystix YOU'RE AWESOME!!!,neither,0.10176143665553994,0.3501038203401265,0.5481347430043336
not to be confused with the drow baker chat made for the Taryon Darrington arc,neither,0.03151830213735129,0.31909564683195557,0.6493860510306932
"Help G&S make great content! $4.99/month gets you emotes, Minecraft server access, Sub Only VODs, and more! Every sub keeps the channel alive! twitch.tv/geekandsundry/subscribe",neither,0.043907990691603095,0.31135964332838284,0.644732365980014
lol ohhh Rick,neither,0.028881917420137754,0.40986026651313523,0.5612578160667271
@Shadowner Nice callback.,neither,0.03945320844208391,0.33037608806864915,0.630170703489267
hi @Chix_with_Joystix,neither,0.03945320844208391,0.33037608806864915,0.630170703489267
omg Logan is the cutest,neither,0.04492798087435912,0.31581041751513916,0.6392616016105017
troy and ashley rocked that song for last of us,neither,0.05174009258137483,0.3155662631945537,0.6326936442240715
@Chix_with_Joystix Did u get to sleep last night?,neither,0.03734618312402483,0.33520191465765575,0.6274519022183195
hi @ElRoboRick,neither,0.03945320844208391,0.33037608806864915,0.630170703489267
gandsLessthanthree,neither,0.03945320844208391,0.33037608806864915,0.630170703489267
"@Danoba I just recall Mercer shuddering and saying no, not him",neither,0.027929307467160627,0.3338075943071587,0.6382630982256806
"@Shadowner Haha, yeah, I do recall that.",offensive_language,0.022654364024054283,0.49143678652775263,0.485908849448193
I'll take 2nd place. \o/ AND KEEP MY HOPE FOR KH3,neither,0.049068199417481244,0.21869105828004023,0.7322407423024784
KH3 now with ALIENS AND DEADPOOL LUL,neither,0.030179581018576252,0.3276594466129164,0.6421609723685073
hahaha,neither,0.03945320844208391,0.33037608806864915,0.630170703489267
not really...too excited about the show,neither,0.04895338867236399,0.28002319219534255,0.6710234191322935
Wait... did KH3 get pushed back agaiN?,neither,0.0375922226651928,0.3619618734883509,0.6004459038464562
@PipersTwin How are you doing buddy?,neither,0.09639313847819267,0.32670759834385554,0.5768992631779518
Most anticipated game of 2018 is clearly Brick Battles,neither,0.0452379880151629,0.29537819999911014,0.659383811985727
I've lost track since I don't have a current gen console,neither,0.025823083360281357,0.32419200057439695,0.6499849160653217
"i am ok thanks, how are you? @ElRoboRick",neither,0.0863341837004149,0.3051112988354616,0.6085545174641234
Hi chat,neither,0.03945320844208391,0.33037608806864915,0.630170703489267
Hi Dragon,neither,0.03945320844208391,0.33037608806864915,0.630170703489267
Good... Well rested for the first time in months :D,neither,0.027411272661840368,0.31135088961318497,0.6612378377249747
Hey @Dragonchrome,neither,0.03945320844208391,0.33037608806864915,0.630170703489267
gandsSubHype gandsLessthanthree,neither,0.03945320844208391,0.33037608806864915,0.630170703489267
@Chix_with_Joystix OMG :D,neither,0.03945320844208391,0.33037608806864915,0.630170703489267
hi @Dragonchrome,neither,0.03945320844208391,0.33037608806864915,0.630170703489267
hey @Dragonchrome SnowHappy,neither,0.03945320844208391,0.33037608806864915,0.630170703489267
...wow,neither,0.03945320844208391,0.33037608806864915,0.630170703489267
Hi @Dragonchrome,neither,0.03945320844208391,0.33037608806864915,0.630170703489267
Hope you enjoyed the WoW,neither,0.09634026240702255,0.24581305920988247,0.657846678383095
"@Chix_with_Joystix definitely, thanks. <3",neither,0.03695033479591085,0.3094173463894618,0.6536323188146274
Re hrpgSub hrpgHyperHype ramaHype gandsSubHype,neither,0.10802165902134243,0.2484119200751343,0.6435664209035233
"""For those of you who don't know"" gandsDrink gandsDrink",neither,0.09035388970975976,0.33075875916311964,0.5788873511271206
Back when I played vanilla WoW we had a lot of sound effect mods for our raids. Used movie quotes for situations.,neither,0.031250005538400696,0.31030911200036987,0.6584408824612294
RuleFive,neither,0.03945320844208391,0.33037608806864915,0.630170703489267
"It will effect Mobile games, and game downloads.",neither,0.03850659285511283,0.26764996693049803,0.6938434402143893
It'll effect pretty much everything,neither,0.035154345148033096,0.33185466428243976,0.6329909905695272
"Hosts Erika Ishii twitter.com/erikaishii , Trisha Hershberger twitter.com/thatgrltrish",neither,0.038643638597066765,0.475547814777205,0.4858085466257283
hi trisha!,neither,0.03945320844208391,0.33037608806864915,0.630170703489267
It will effect head to head gaming as well if they decide they can make $ creating a special tier access for gaming.,neither,0.03965177325578305,0.3520494426992025,0.6082987840450145
Hi,neither,0.03945320844208391,0.33037608806864915,0.630170703489267
I'm worried about the effect losing Net Neutrality will have streamers that already struggle with poor internet,neither,0.030997285286962217,0.37544805332837544,0.5935546613846624
also cat videos will be harder to find,neither,0.04878335421306756,0.2494076753784507,0.7018089704084817
"hosting costs will most like increase, or some games may be more region locked to cut down on global streaming server costs",neither,0.04312428438089748,0.32483993462976624,0.6320357809893362
lol,neither,0.020706217963973744,0.4882283491876925,0.4910654328483337
Erika Sales hype!,neither,0.03945320844208391,0.33037608806864915,0.630170703489267
I love overcooked!!,neither,0.03217296676969875,0.3657703709031763,0.602056662327125
"there are some games for free in Ubi store right now for PC gamers, including Assassin's Creed Black Flag",neither,0.061679692250016654,0.2655759412741301,0.6727443664758532
believe Playstation is doing their holiday sale also,neither,0.04430031152992636,0.3287089470499075,0.6269907414201661
"Get them Doki Doki Literature Club... it's free, and it will blow their little minds.",neither,0.04566220821428399,0.29476823124767765,0.6595695605380384
"no link for that dell offer, right?",neither,0.030796675700942175,0.3639590974670337,0.6052442268320241
Very cool Trish. <3,neither,0.03945320844208391,0.33037608806864915,0.630170703489267
"Trish is perfect, confirmed",neither,0.04774067867201165,0.3275256470296362,0.6247336742983522
nice,neither,0.03945320844208391,0.33037608806864915,0.630170703489267
leaves sourcefed for a dead 700 stream lul,neither,0.035809934538506345,0.31216767245323296,0.6520223930082607
Erika still has night terrors,neither,0.029561264633612146,0.3406589016403004,0.6297798337260876
!girl,neither,0.026393579814477187,0.462096800417535,0.5115096197679879
"There are no grills in the studio. There are girls, although they usually prefer to be called skull crushing immortals. If you are seeing grills where none exist, you should see a doctor. However, Ryan did put a grill in the back of the studio for when he wants to cook vegetable fajitas so that one is okay.",neither,0.058418296754243516,0.3524333344081721,0.5891483688375844
gandsGandsModAlert gandsGandsModAlert,neither,0.03945320844208391,0.33037608806864915,0.630170703489267
!respect,neither,0.03945320844208391,0.33037608806864915,0.630170703489267
"Erika ran, Blondie killed things",neither,0.03945320844208391,0.33037608806864915,0.630170703489267
what was that dell pc deal again?,neither,0.038893761131785345,0.38675055457643687,0.5743556842917779
"that XBone will also double as a space heater, right?",neither,0.03602903332460026,0.37508988793035886,0.5888810787450409
aaaaaaaaaaaaayyyyyyyyyyyyyyyyy,neither,0.03945320844208391,0.33037608806864915,0.630170703489267
little duddddeeee,neither,0.038753252915513146,0.3422561600929139,0.618990586991573
LUL,neither,0.03945320844208391,0.33037608806864915,0.630170703489267
awwwww,neither,0.03945320844208391,0.33037608806864915,0.630170703489267
That is adorable.,neither,0.04444948424633428,0.37904610453910226,0.5765044112145635
ThinkGeek was my old japanese snacks supplier,neither,0.029732351329265945,0.4057403375575321,0.564527311113202
A firestarter too @Deathstar_Taco,neither,0.038798963802794226,0.34148032703984427,0.6197207091573615
