text,top_class,hate_speech,offensive_language,neither
is this live?,neither,0.06264826366348325,0.3248039992423424,0.6125477370941744
It's Becca the Winner,neither,0.03669420584570019,0.31137187723100834,0.6519339169232915
no,neither,0.036918905254960256,0.37338982715841207,0.5896912675866277
LUL Yes she is,neither,0.04889181763764335,0.4090608506003356,0.5420473317620211
Re hrpgSub hrpgHyperHype ramaHype hrpgHyperHype,neither,0.10802165902134243,0.2484119200751343,0.6435664209035233
more! wil wheaton! :O,neither,0.044084690295906365,0.306805713525994,0.6491095961780997
@phillosBE pre-recorded for the holidays so the hosts could travel,neither,0.03495674990457986,0.3193166935108009,0.6457265565846193
"This game reminds me of Heroquest, the best 6th grade pizza party, in case you are an adult in here",neither,0.07747401109191783,0.29422612095229633,0.6282998679557857
No Barbarian No Heroquest.,neither,0.03788425980878783,0.35700524100533165,0.6051104991858804
"Idk, let's watch! I'm excited to see the dynamics",neither,0.03390918539231271,0.3390536984348148,0.6270371161728725
"Just me, or is the feed quiet?",neither,0.03467761290047032,0.3656158368578249,0.5997065502417048
It's a bit quiet,neither,0.03795597970073507,0.3308910536891251,0.6311529666101399
Yeah a bit quiet,neither,0.02434994698346685,0.4346901731293785,0.5409598798871545
There's skateparks with cops...,neither,0.026786651701770102,0.32356895451146295,0.649644393786767
Adjusting #weknow,neither,0.03945320844208391,0.33037608806864915,0.630170703489267
and skateparks with attendants making sure your wearing a helmet...,neither,0.044421026006819346,0.41274676661904214,0.5428322073741386
w/e,neither,0.03945320844208391,0.33037608806864915,0.630170703489267
Saved,neither,0.03945320844208391,0.33037608806864915,0.630170703489267
Thanks @ChiefAKAThatZachWilson,neither,0.035884468650613,0.3004919205142699,0.6636236108351171
Man she is gorgeous,offensive_language,0.0512089810533004,0.5021284983632993,0.4466625205834002
Thanks Chief!,neither,0.0370810009996598,0.3105115283569621,0.6524074706433781
Slight audio desync too unless im crazy haha,neither,0.029990832506628123,0.45614182705302114,0.5138673404403508
"@Wolfhound2552 Try refreshing, that usually corrects it.",neither,0.03379730015501915,0.3768782521017347,0.5893244477432462
so this is re-make of a older Shawdowrun game?,neither,0.06448248525787911,0.3035060153416114,0.6320114994005094
@chiefakathatzachwilson u still here i thought last night u were leaving bardWHAT,neither,0.06678986307498923,0.2244929297685175,0.7087172071564933
That pocket on her shirt is kind of out of place,offensive_language,0.032736437749339764,0.4867978142506343,0.48046574800002606
He's not allowed to leave.,neither,0.05113618785988611,0.32919363344041125,0.6196701786997026
What happened to Falish Day? Shes dissapeared from her Geek and sundry world.,neither,0.04074485452852673,0.4126301131400228,0.5466250323314505
Felicia had a baby girl,neither,0.03165043801900367,0.40772515558272787,0.5606244063982685
Oh cool,neither,0.04720127955179003,0.2578925924460871,0.6949061280021229
@harberst is right.... I'm the only one here!,neither,0.11218618993942293,0.31559752163394145,0.5722162884266356
PogChamp,neither,0.03945320844208391,0.33037608806864915,0.630170703489267
"Oh man, you should at least hold someone else captive to keep you company.",neither,0.08785028006366168,0.45268755082480305,0.4594621691115352
I could've gone in but I need to pack.,neither,0.02263004577096254,0.3198165345620376,0.6575534196669999
Not anymore,neither,0.03749663408228871,0.3377732371730527,0.6247301287446587
good looking woman,neither,0.036099178865654245,0.37498781141031234,0.5889130097240335
"Becca, Becca, Becca, Be--Oh, right, pre-recorded.",neither,0.04328193344383831,0.30799789930710153,0.6487201672490602
you have michelle obama arms,neither,0.05312050555333026,0.3789732927894752,0.5679062016571945
Yea! Katers!,neither,0.03908133164861177,0.3366878077749653,0.624230860576423
oh the accent NotLikeThis,neither,0.04413283880356093,0.25735340650920674,0.6985137546872322
@Therealwyldride Past Becca Becca Becca,neither,0.03945320844208391,0.33037608806864915,0.630170703489267
pig tails ftw,neither,0.03945320844208391,0.33037608806864915,0.630170703489267
black as night,neither,0.050691083544152436,0.3541587978045057,0.5951501186513418
#pigtaillove,neither,0.03945320844208391,0.33037608806864915,0.630170703489267
"past me, lest past me, real me to many beccas NotLikeThis",neither,0.026463822239233402,0.4686738824387745,0.5048622953219921
Welcome Amanda & Mike!,neither,0.03945320844208391,0.33037608806864915,0.630170703489267
That's the secret to how she always wins,neither,0.040171435762453966,0.4563180364590947,0.5035105277784513
There's too many of her to defeat!,neither,0.03592779608481903,0.47819219085264086,0.48588001306254003
"In a Becca Vs Becca battle, would both of them win? :|a",neither,0.049018191148017455,0.3207300629038816,0.630251745948101
beccaWIN beccaWIN beccaWIN beccaWIN beccaWIN beccaWIN,neither,0.03945320844208391,0.33037608806864915,0.630170703489267
Further past Becca would lose to less past Becca as less past Becca has traveled time more recently,neither,0.041242199637286654,0.3406604397541865,0.6180973606085268
Re hrpgSub hrpgHyperHype ramaHype hrpgHyperHype,neither,0.10802165902134243,0.2484119200751343,0.6435664209035233
elton!,neither,0.03945320844208391,0.33037608806864915,0.630170703489267
"Fishboy, Jr.",neither,0.03945320844208391,0.33037608806864915,0.630170703489267
elton john!,neither,0.03945320844208391,0.33037608806864915,0.630170703489267
scimitar,neither,0.03945320844208391,0.33037608806864915,0.630170703489267
"holidaycheer5 Ey, I just arrived, anything I missed?",neither,0.0363280813961121,0.3449238956049121,0.6187480229989757
wow kate does a good American impression,neither,0.03134351924466356,0.3837324389856214,0.584924041769715
"not much, pretty sure Becca wins",neither,0.030496618227999893,0.450927890566901,0.5185754912050992
