text,top_class,hate_speech,offensive_language,neither
Merry Wednesday!!,neither,0.03945320844208391,0.33037608806864915,0.630170703489267
Here we go!,neither,0.13156755280784707,0.2765461283225309,0.5918863188696221
It's starting,neither,0.037399315187144885,0.3310825161415354,0.6315181686713197
that is the nice thing about pre-taped episodes. They definitely start on time,neither,0.037966217100321865,0.3727895102524877,0.5892442726471905
"REMINDER: Twitch is running a promotion with 20% Off New Subs and Gifted Subs, and on all tiers! Read more about what defines a ""new"" sub and more here: http://bit.ly/20offSubs",neither,0.051870858804037155,0.23131868361446495,0.716810457581498
"Good evening, Wednesdaisies!",neither,0.03869882722860525,0.3306355543605695,0.6306656184108252
that gd sweater,neither,0.03598946276615171,0.36797873123451613,0.5960318059993321
"WOO, CBG19!",neither,0.03945320844208391,0.33037608806864915,0.630170703489267
Everyone looks so cute,neither,0.034816794807599784,0.4513505631461987,0.5138326420462015
hey it comicbookgirl19 cool,neither,0.03763843181449472,0.3310002729685528,0.6313612952169525
Halllo :D,neither,0.03945320844208391,0.33037608806864915,0.630170703489267
A new person,neither,0.04446894891714971,0.20289598355902685,0.7526350675238234
Eggnog and coffee is the BEST.,neither,0.05172618875890969,0.15377824327230055,0.7944955679687898
Comicbookgirl19 is the best,neither,0.05135998456280659,0.2889087219359037,0.6597312935012896
hard to imagine Amy hating anything LUL,neither,0.07007893949053061,0.45633710021430124,0.47358396029516814
omg taliesin's shirt!!!,neither,0.03945320844208391,0.33037608806864915,0.630170703489267
What a sweater,neither,0.04644688196614929,0.325405590977308,0.6281475270565426
Matt's adding lyrics to the theme song,neither,0.042682045653891,0.3224885201992745,0.6348294341468345
ooh I love Taliesin's ugly sweater,neither,0.1255692420008374,0.18169758168457972,0.6927331763145829
holy shiplak that sweater <3 <3 <3,neither,0.03564869336378728,0.37174267004840755,0.5926086365878053
"Oh, Chief...LOL",neither,0.0360653453879009,0.33619594573670786,0.6277387088753913
i've never had eggnog,neither,0.018376858920152186,0.34804312930581327,0.6335800117740346
True Story- I started reading comics thanks to Amy and CBG19,neither,0.0414736076122818,0.2962704063144654,0.6622559860732528
Aww they miss having chat,neither,0.03408432637133753,0.332222692806101,0.6336929808225613
We have a subscriber-only Discord server! Join here: https://discord.gg/geekandsundry (you'll need to sub and link it to your Twitch) and be a part of the fun!...Warning: It can take up to an hour for the server to update and give you access to the channels,neither,0.08464076273808444,0.286394834032893,0.6289644032290227
hey all,neither,0.04285346742239823,0.46255625023407465,0.49459028234352725
whaaa comicbookgirl19!,neither,0.03945320844208391,0.33037608806864915,0.630170703489267
"Since ""Nog"" has a specific definition, ""Just egg nog"" is alcoholic.",neither,0.04098308716523942,0.3357190639944574,0.6232978488403033
!whodat,neither,0.03945320844208391,0.33037608806864915,0.630170703489267
"Amy Dallen ( twitter.com/enthusiamy ), Taliesin Jaffe ( twitter.com/executivegoth ), and Matt Key ( twitter.com/TheMattKey ), Comicbookgirl19 ( twitter.com/cbgirl19 ).",neither,0.03837055464192035,0.4510993576007872,0.5105300877572925
@Smarcey Yup,neither,0.03945320844208391,0.33037608806864915,0.630170703489267
is this live? or is it pre recorded like the critmas ep last night,neither,0.051547423017063866,0.32646449073412553,0.6219880862488107
Smarcey -> You can't beat the real thing baby. [stop spamming caps] [warning],offensive_language,0.04378743600222738,0.4809375171365558,0.4752750468612167
Prerecorded,neither,0.03945320844208391,0.33037608806864915,0.630170703489267
@ToonEzon pre recorded,neither,0.03945320844208391,0.33037608806864915,0.630170703489267
@ToonEzon prerecorded,neither,0.03945320844208391,0.33037608806864915,0.630170703489267
pre recorded,neither,0.03945320844208391,0.33037608806864915,0.630170703489267
19: the superior number of comic book girls.,neither,0.02897745705620565,0.3776462482147702,0.5933762947290242
This is prerecorded @ToonEzon,neither,0.06444388513749441,0.32581973129223984,0.6097363835702658
dang,neither,0.03945320844208391,0.33037608806864915,0.630170703489267
"Due to a mutant power, Amy is actually Comicbookgirls 1 thru 18.",neither,0.047887065941412635,0.32656862069593495,0.6255443133626524
,neither,0.03945320844208391,0.33037608806864915,0.630170703489267
Is it on?,neither,0.04716140751131578,0.35461070313804294,0.5982278893506413
!twc,neither,0.03945320844208391,0.33037608806864915,0.630170703489267
Here are some handy The Wednesday Club resources! TWC Reddit: reddit.com/r/WednesdayClub/ | Discord: https://discord.gg/6QK9fVB | Wednesday Club Fanclub on Facebook: facebook.com/groups/1945232949091586/,neither,0.041287213005686295,0.3375124748912654,0.6212003121030484
aurHype,neither,0.03945320844208391,0.33037608806864915,0.630170703489267
ermagurd its comicbookgirl19 we are not worthy,neither,0.053399176920043805,0.2974189691123873,0.6491818539675689
or am i to earrly?,neither,0.05054271882164949,0.3239358915463668,0.6255213896319837
"Help G&S make great content! $4.99/month gets you emotes, Minecraft server access, Sub Only VODs, and more! Every sub keeps the channel alive! twitch.tv/geekandsundry/subscribe",neither,0.043907990691603095,0.31135964332838284,0.644732365980014
@super390 that's so true,neither,0.03389865309776857,0.453805129536828,0.5122962173654034
"@Indianviking refresh, it's on",neither,0.03493935459237593,0.3456775951428696,0.6193830502647545
@super390 I love it! That's canon!,neither,0.026071494123880476,0.4299396263552728,0.5439888795208467
Is it Today CR starts?,neither,0.04354087226981888,0.3101272321336928,0.6463318955964882
"@Indianviking It's on, refresh if you don't see it!",neither,0.03038542664773984,0.4297602126081679,0.5398543607440922
hey guya,neither,0.03945320844208391,0.33037608806864915,0.630170703489267
It makes me happy Amy's still wearing her scarf,offensive_language,0.02818583207176187,0.49927117328575166,0.47254299464248645
@Indianviking it just started,neither,0.03155143603949063,0.3607039167599329,0.6077446472005764
what's CBG19's book?,neither,0.047045656472981034,0.3249979899676986,0.6279563535593204
@Indianviking January 11th is new CR!,neither,0.04767046011319364,0.26749983738725586,0.6848297024995506
@Indianviking nope. Jan 11,neither,0.03945320844208391,0.33037608806864915,0.630170703489267
her book clubs are great,neither,0.047382230836995574,0.44663513969462676,0.5059826294683778
it's usually amy's fault if it veers into xmen :D,neither,0.02840490771266389,0.36034871281457703,0.6112463794727591
@Indianviking not until January 11th,neither,0.03844813595553046,0.33414040826564967,0.6274114557788197
"@Indianviking Nope! Start of the new campaign is January 11, 2018!",neither,0.046503008988888324,0.26137415565386607,0.6921228353572456
OMG:) first time watching it live!! Omg omg!,neither,0.03647854597800539,0.3415259007067838,0.6219955533152108
Awww:(,neither,0.03945320844208391,0.33037608806864915,0.630170703489267
@ToonEzon she is selling Watchmen for her book club,offensive_language,0.0335785278520708,0.5403928143711599,0.4260286577767692
"ToonEzon Shes doing a book club for watchmen soon, did a dune book club earlier this year",neither,0.03667034793149972,0.31735357730116415,0.6459760747673361
well anyways:) hello everyone,neither,0.03429418812250853,0.41793812686198684,0.5477676850155045
I loved her dune club series,offensive_language,0.03158147845722672,0.5203881554903457,0.4480303660524277
I missed the names; who's the guest?,neither,0.03842740395171968,0.35178517118685415,0.6097874248614261
Comicbookgirl19,neither,0.03945320844208391,0.33037608806864915,0.630170703489267
And ive seen them all... a few times. They are rad AF,neither,0.0655452363830722,0.3124006176741196,0.6220541459428082
!whodat,neither,0.03945320844208391,0.33037608806864915,0.630170703489267
Whoo Ken!!!!,neither,0.03945320844208391,0.33037608806864915,0.630170703489267
"Amy Dallen ( twitter.com/enthusiamy ), Taliesin Jaffe ( twitter.com/executivegoth ), and Matt Key ( twitter.com/TheMattKey ), Comicbookgirl19 ( twitter.com/cbgirl19 ).",neither,0.03837055464192035,0.4510993576007872,0.5105300877572925
@Cymmetri ComicBookGirl19,neither,0.03945320844208391,0.33037608806864915,0.630170703489267
Thanks,neither,0.035884468650613,0.3004919205142699,0.6636236108351171
I hope that's a reprint of Giant Size X-Men #1 that they're tossing around like a washrag.,neither,0.07196798928156234,0.30436243115405104,0.6236695795643867
SnowYeti,neither,0.03945320844208391,0.33037608806864915,0.630170703489267
omg she's doing watchmen?,neither,0.041364335425059726,0.44209052081050115,0.516545143764439
omg yes!!,neither,0.03945320844208391,0.33037608806864915,0.630170703489267
@potapeno yup,neither,0.03945320844208391,0.33037608806864915,0.630170703489267
"also, is there a dune comic or something?",neither,0.04817423038177847,0.28320879444534325,0.6686169751728783
is that phoenix on the board behind them?,neither,0.049279757935168284,0.3497615390981989,0.6009587029666328
Yay for Ken Nguyen!!!,neither,0.03411106265256695,0.3036909718069163,0.6621979655405168
Liz!,neither,0.03945320844208391,0.33037608806864915,0.630170703489267
"@potapeno yes there is, but she had a book club for the novel",neither,0.03790578247562271,0.32622828327313397,0.6358659342512433
that phoenix is amazing!!!,neither,0.04293566430916228,0.36545239297438503,0.5916119427164526
A wonderful mess,neither,0.03945320844208391,0.33037608806864915,0.630170703489267
"I've seen one, at least. I think it was last week",neither,0.021674980254606728,0.3499725457916788,0.6283524739537145
The In-Liz-ible Woman. Because Marvel. :D,neither,0.036738593593948245,0.348886634741957,0.6143747716640947
Invisi-Liz,neither,0.03945320844208391,0.33037608806864915,0.630170703489267
Aye,neither,0.03945320844208391,0.33037608806864915,0.630170703489267
Xmen is a gift we get everyday,neither,0.04504109065963972,0.3369413279278524,0.6180175814125078
Yay!,neither,0.03945320844208391,0.33037608806864915,0.630170703489267
We're not monsters,neither,0.06985719707177346,0.29464527852672956,0.6354975244014969
You all. YOU,offensive_language,0.16221111506539632,0.7254930464137235,0.1122958385208801
The auidence likes seeing how the sausage is made,neither,0.04768891732000761,0.3317863339264666,0.6205247487535258
yes we are,neither,0.0814118441514936,0.26735272203611093,0.6512354338123955
OH BOY HERE WE GO,neither,0.10773020122224937,0.24143240828191706,0.6508373904958336
#GenerousMonsters,neither,0.03945320844208391,0.33037608806864915,0.630170703489267
Mwhahahahahahaha.,neither,0.03945320844208391,0.33037608806864915,0.630170703489267
I mean... mostly,neither,0.03945320844208391,0.33037608806864915,0.630170703489267
hehehehe,neither,0.03945320844208391,0.33037608806864915,0.630170703489267
here we gp,neither,0.15579607761817918,0.2572279575342963,0.5869759648475245
#GenerousMonsters yes,neither,0.03945320844208391,0.33037608806864915,0.630170703489267
bwahahahahaha Generous Monsters,neither,0.03945320844208391,0.33037608806864915,0.630170703489267
go*,neither,0.04276165647058889,0.34190019769565555,0.6153381458337556
*whisper* Secrets...,neither,0.03945320844208391,0.33037608806864915,0.630170703489267
"I don't understand Discord either, Matt.",neither,0.03945320844208391,0.33037608806864915,0.630170703489267
We have a secret channel just for this stuff ;),neither,0.03174454897376227,0.3328240727483257,0.6354313782779121
ooooo is it any discord channel for CR?,neither,0.03932593405148012,0.3093313689580045,0.6513426969905154
discord granpa,neither,0.03945320844208391,0.33037608806864915,0.630170703489267
Wednesdaies! :D,neither,0.03945320844208391,0.33037608806864915,0.630170703489267
I don't understand Discord either,neither,0.03945320844208391,0.33037608806864915,0.630170703489267
What's Discord? I'm not joking.,neither,0.043865796533205687,0.33143773527562476,0.6246964681911696
:D,neither,0.03945320844208391,0.33037608806864915,0.630170703489267
@Indianviking CR does have a Discord,neither,0.02584520687163491,0.46116733606511595,0.512987457063249
@sp_acevex LOL!,neither,0.020706217963973744,0.4882283491876925,0.4910654328483337
there's a discord for CR.,neither,0.03356105751372546,0.26064875550931443,0.7057901869769602
"wait, was it ALL Hero Initiative?",neither,0.039573252041786286,0.38684896052052364,0.5735777874376901
I can't figure out Discord for the life of me,neither,0.02324908579751714,0.3851284075901997,0.5916225066122833
its a chat program @Cymmetri,neither,0.03388253030379471,0.3322920997272093,0.633825369968996
"WHOA, that's amazing! Thank you to everyone who donated!",offensive_language,0.046529976223472616,0.49100216428422677,0.4624678594923007
We said ANY comic charity but apparently we just ALL LOVE OUR CREATORS SO MUCH <3,neither,0.03265200775300066,0.41973978257353817,0.5476082096734612
@Cymmetri It's kinda like a modern app replacement for a chatroom/forum?,neither,0.04067040412395267,0.319828266319177,0.6395013295568704
its a chat service similar to skype but better @Cymmetri,neither,0.03736437073142594,0.3353506855822213,0.6272849436863527
Yup,neither,0.03945320844208391,0.33037608806864915,0.630170703489267
Yep @cinphoria,neither,0.03945320844208391,0.33037608806864915,0.630170703489267
"@Cymmetri It's a series of chatrooms, basically with different separate servers",neither,0.03180546743341023,0.35369294111277416,0.6145015914538156
WOW,neither,0.03945320844208391,0.33037608806864915,0.630170703489267
gandsLessthanthree gandsLessthanthree gandsLessthanthree gandsLessthanthree,neither,0.03945320844208391,0.33037608806864915,0.630170703489267
I'm so proud of have been part of this. <3 We love you guys too,neither,0.04675677674088127,0.42196207000294184,0.5312811532561769
Crit Role?,neither,0.03945320844208391,0.33037608806864915,0.630170703489267
"@Cymmetri as has been explained to me, it's like Skype but a shit ton better in every way",offensive_language,0.05261819340198942,0.9006252190777997,0.04675658752021093
@meaningofnightt You are amaing.,neither,0.3074667772907956,0.2930344039624175,0.399498818746787
@RMutt1917 I should check it out ...maybe check the FAq or something,neither,0.042315660626527994,0.3530200197145265,0.6046643196589455
Better than Skype? Cool!,neither,0.03905073561818518,0.3372071022605812,0.6237421621212337
Did the show just start?,neither,0.04918302732239882,0.2521293384723855,0.6986876342052157
"@Cymmetri a skype replacement more focused on communities with text chat, voice chat, etc, its like a more pretty irc chat",neither,0.03527330330849211,0.3753752589797373,0.5893514377117706
<3,neither,0.03945320844208391,0.33037608806864915,0.630170703489267
Give it up for @meaningofnightt,neither,0.026238822143557446,0.35760510577812554,0.616156072078317
@The_Fanta_Menace Wednesday Club.,neither,0.03945320844208391,0.33037608806864915,0.630170703489267
talesiens sweater though lol,neither,0.03157457127695778,0.3876083210352752,0.5808171076877671
"Aww, I wish I'd known about that. :P",neither,0.034998687325841944,0.3868840742374244,0.5781172384367337
Microsoft ate Skype,neither,0.03945320844208391,0.33037608806864915,0.630170703489267
wooooo @meaningofnightt has been great for herding cats in this endeavour,neither,0.03601674088820939,0.172248571992128,0.7917346871196626
"Im geeking out that Liz, CBG19 and Taliesin are in the same room together",neither,0.04754850941065689,0.327653811877454,0.6247976787118892
"@Indianviking ask a mod, i bet they can get you an invite",neither,0.05319695267621667,0.3682259777631625,0.5785770695606208
@meaningofnightt is the real mvp,neither,0.03857976801467689,0.4363764070022464,0.5250438249830767
Mysterious Benefactor was certainly very mysterious.,neither,0.03933717840799868,0.3323454205613345,0.6283174010306668
I'm off a day,neither,0.04031219345913632,0.30493749568285794,0.6547503108580057
omg taliesen's sweater is amazballs,neither,0.048307255652590635,0.32733077522528625,0.6243619691221232
Who is today's guest?,neither,0.0463131930855475,0.36504580576348117,0.5886410011509714
I made the collage lol,neither,0.03138266792012258,0.3661576625282597,0.6024596695516177
howdy just subscribed what is twitch and wheres the dnd,neither,0.043937682754594726,0.30411205492004095,0.6519502623253642
💜💜💜 You all. YOU ALL.,offensive_language,0.11713568322928106,0.7458927592248179,0.1369715575459011
"She goes by ""Comic Book Girl 19""",neither,0.03641300854807172,0.47972450291824725,0.483862488533681
We love you guys,neither,0.05790767845636211,0.4249638180323251,0.5171285035113128
"@The_Fanta_Menace plus 3 weeks, since it does not come back untill Jan 11",neither,0.02893955237782543,0.42508727277168007,0.5459731748504946
Any mods here:)?,neither,0.13442196375363802,0.26438636381104624,0.6011916724353156
hello @Enthusiamy,neither,0.03945320844208391,0.33037608806864915,0.630170703489267
Merry Cry-stmas. :'),neither,0.03945320844208391,0.33037608806864915,0.630170703489267
Is this live or re run?,neither,0.07834103431952921,0.29598256053539795,0.625676405145073
HEY @Enthusiamy ! <3,neither,0.03945320844208391,0.33037608806864915,0.630170703489267
"@meaningofnightt Great job, Olivia",neither,0.03767499845697823,0.3067474509018123,0.6555775506412095
@pabisz23 Critical Role is Thursdays,neither,0.04572940738232693,0.32821741545421557,0.6260531771634574
@Enthusiamy did you like your gift?,neither,0.13977731468244323,0.3882950152237799,0.4719276700937769
I don't know if @Danoba is here or not,neither,0.06657292100677017,0.3528538227235112,0.5805732562697187
@pabisz23 come back on thursdays,neither,0.03515074174941924,0.3703954300839333,0.5944538281666476
@fenixdragon69 prerecorded,neither,0.03945320844208391,0.33037608806864915,0.630170703489267
Hey its CBG19!,neither,0.030888563016920917,0.3333218623673391,0.63578957461574
"liuLOVE liuLOVE liuLOVE you back, @Enthusiamy !",offensive_language,0.09063666773552446,0.45809659495146876,0.4512667373130068
do i get free wyrmwood stuff now that i subscribed,neither,0.0365999687547426,0.3774638292022884,0.585936202042969
< 333,neither,0.03945320844208391,0.33037608806864915,0.630170703489267
love you @Enthusiamy,offensive_language,0.079837142191777,0.5038574454704381,0.4163054123377849
"@pabisz23 You've hit the holiday break, next RPG game will be in the new year, January 5th with a Star Trek RPG.",neither,0.029488572518584378,0.2785809629475236,0.691930464533892
@pabisz23 but you can watch Videos on Demand with Subscribtion,neither,0.04054046199198382,0.40972199838885714,0.5497375396191592
"G'evening Amy. You're on Twitch right now, you shouldn't be in chat. ;)",neither,0.06837819320920735,0.3867342252351494,0.5448875815556433
"@Enthusiamy Hi, Amy",neither,0.03945320844208391,0.33037608806864915,0.630170703489267
Cin!,neither,0.03945320844208391,0.33037608806864915,0.630170703489267
!benefits,neither,0.03945320844208391,0.33037608806864915,0.630170703489267
LOL @misssunflower94 Taliesin just loves saying your name,neither,0.042178667991667,0.39899108716197035,0.5588302448463627
"Benefits of subbing to G&S include: Access to our Minecraft server, access to Twitch VODs, exclusive emotes, and ability to post links in chat! Sub now to help keep the channel alive! Thanks! http://twitch.tv/geekandsundry/subscribe",neither,0.04645755386688317,0.27668575146158403,0.6768566946715328
:D,neither,0.03945320844208391,0.33037608806864915,0.630170703489267
EY THAT'S ME,neither,0.028324138354121082,0.4144938208298535,0.5571820408160253
"Aw, now I'm goona cry too",neither,0.03920294384881401,0.33462373135498164,0.6261733247962042
"like, he LOVES it",neither,0.06074258859623252,0.34857292691807173,0.5906844844856957
HI,neither,0.03945320844208391,0.33037608806864915,0.630170703489267
This is so amazing. I wish I had paid attention to Discord. Is this charity still open? I would like to donate.,neither,0.06069110437500417,0.3577977157895705,0.5815111798354254
it's adorable,neither,0.037538547942619474,0.3310346276123258,0.6314268244450547
How do I join the discord?,neither,0.04005526623106433,0.31157156873170816,0.6483731650372276
This is so cool. I love how G&S collects geeks with heart.,neither,0.032906694296313106,0.4157700333560378,0.5513232723476491
Taliesin and Amy!!,neither,0.03852460340978638,0.282397176840787,0.6790782197494266
<3 <3 <3 #EnthusiArmy,neither,0.03945320844208391,0.33037608806864915,0.630170703489267
What time did this show start?,neither,0.06066544765598521,0.27124859759888265,0.6680859547451321
"Thanks for joining us, @Enthusiamy",neither,0.06406697768942163,0.28564961664686933,0.650283405663709
@Enthusiamy is it weird watching yourself get all emotional on a stream?,neither,0.042342095385450626,0.38884018938169934,0.56881771523285
theres a discord?,neither,0.03945320844208391,0.33037608806864915,0.630170703489267
!twc,neither,0.03945320844208391,0.33037608806864915,0.630170703489267
Here are some handy The Wednesday Club resources! TWC Reddit: reddit.com/r/WednesdayClub/ | Discord: https://discord.gg/6QK9fVB | Wednesday Club Fanclub on Facebook: facebook.com/groups/1945232949091586/,neither,0.041287213005686295,0.3375124748912654,0.6212003121030484
This is wonderful.,neither,0.04959008194734716,0.32877495885699387,0.621634959195659
!twc,neither,0.03945320844208391,0.33037608806864915,0.630170703489267
its past and future amy lol @Enthusiamy,neither,0.02899810173892144,0.3414549749360529,0.6295469233250256
is there a critrole discord?,neither,0.058135835131279276,0.24227746891369034,0.6995866959550303
11 mins into show,neither,0.05384418254769124,0.25959395391692197,0.6865618635353868
The last thing we need is to get overrun by alt-Right Latverians.,neither,0.047573482364793834,0.3598204376737856,0.5926060799614206
yes,neither,0.03945320844208391,0.33037608806864915,0.630170703489267
@Dwarf_Punter 11 minutes ago,neither,0.03945320844208391,0.33037608806864915,0.630170703489267
@pabisz23 Unofficial but here: discord.gg/criticalrole,neither,0.08301139458386371,0.30129046970563483,0.6156981357105015
Anyone who didn't get a chance to join in should donate and tweet their screenshot at the cast!,neither,0.03859985721782643,0.3828310987266136,0.5785690440555601
thanks @Dragonchrome and @Ricky_Galletti,neither,0.03587472669513313,0.24850901565449843,0.7156162576503685
"I just got here, what did I miss?",neither,0.0734813985140964,0.3576259046005138,0.5688926968853898
@Indianviking ^^ CR Discord,neither,0.03945320844208391,0.33037608806864915,0.630170703489267
sweeeet,neither,0.03945320844208391,0.33037608806864915,0.630170703489267
cookies!!!!!,neither,0.03945320844208391,0.33037608806864915,0.630170703489267
"Oh, I've seen this tin!",neither,0.019135348294790213,0.2546380004241033,0.7262266512811065
"Uh-oh so there's a past Amy, present Amy, and Future-Girl Amy? I feel like we're about to get a villain origin story...",neither,0.04905731938259067,0.3279701009385449,0.6229725796788645
cookies?,neither,0.03945320844208391,0.33037608806864915,0.630170703489267
Amy's a magician! :P,neither,0.03945320844208391,0.33037608806864915,0.630170703489267
Until the Throttling starts >:(,neither,0.03846267046819728,0.312208075716696,0.6493292538151068
it's Wednesdaisymas!,neither,0.034373745257138544,0.33212314837979673,0.6335031063630647
I spy Mother Panic!!!,neither,0.03945320844208391,0.33037608806864915,0.630170703489267
Cookies!,neither,0.03945320844208391,0.33037608806864915,0.630170703489267
"Shhh, I’m not really here. But I had to come say how amazed I am by y’all. @meaningofnightt, thank you forever.",neither,0.07471485758892822,0.4222844570673339,0.5030006853437378
It is Gambit and a cat,neither,0.04757761172738443,0.27458985896929966,0.677832529303316
"Nice gift, @japenrose !",neither,0.03945320844208391,0.33037608806864915,0.630170703489267
"""WHOSE CAT IS THIS?""",neither,0.04766119614368032,0.3291115205491863,0.6232272833071334
@dralkri We're talking X-men and there was some chat charity and it made the hosts happy and Amy called us monsters.,neither,0.05776802501826765,0.2443999404663793,0.6978320345153529
COOKIES!!!,neither,0.03945320844208391,0.33037608806864915,0.630170703489267
OH HI AMY,neither,0.044302025255185846,0.2840467057191565,0.6716512690256576
Wednsday Club unboxing edition,neither,0.03945320844208391,0.33037608806864915,0.630170703489267
@Enthusiamy We'll never tell anyone you were here. ;) Have a restful vacation and holidays.,neither,0.07295905483889545,0.32557058921919085,0.6014703559419137
do i have to resubscribe every month or is it like a one time thing,neither,0.05885416366671499,0.3818520793969937,0.5592937569362914
Aren't we monsters though?,neither,0.03927176426740928,0.33345566924443965,0.6272725664881511
