text,top_class,hate_speech,offensive_language,neither
No work tomorrow! I can GRADE OMIGOD,neither,0.03892391886972481,0.33935951344729376,0.6217165676829814
We have a subscriber-only Discord server! Join here: https://discord.gg/geekandsundry (you'll need to sub and link it to your Twitch) and be a part of the fun!...Warning: It can take up to an hour for the server to update and give you access to the channels,neither,0.08464076273808444,0.286394834032893,0.6289644032290227
ramaWave,neither,0.03945320844208391,0.33037608806864915,0.630170703489267
hello everyone,neither,0.03269494828970791,0.4450814005079928,0.5222236512022994
"@Danoba awesome, well I'm glad to have you folks back. :)",neither,0.05784326979122535,0.36932524076526935,0.5728314894435054
woo!,neither,0.03945320844208391,0.33037608806864915,0.630170703489267
gandsLessthanthree gandsLessthanthree gandsLessthanthree gandsLessthanthree,neither,0.03945320844208391,0.33037608806864915,0.630170703489267
Hello everyone!,neither,0.03269494828970791,0.4450814005079928,0.5222236512022994
Topic is a catch up of comics read over the holiday!,neither,0.03993510465745581,0.3501909185368874,0.6098739768056568
@meaningofnightt hi,neither,0.03945320844208391,0.33037608806864915,0.630170703489267
HI GUYS!!!,neither,0.03930687933907141,0.3328596748352989,0.6278334458256297
Get hype y’all!,neither,0.0410750385745541,0.43602472586266,0.5229002355627861
god i missed this,neither,0.039342541388077065,0.3322543967931414,0.6284030618187815
<3,neither,0.03945320844208391,0.33037608806864915,0.630170703489267
"""what we read over break"" @MisterLoggans",neither,0.04139324357505533,0.3309721309225184,0.6276346255024262
I've missed this,neither,0.01610824960092958,0.30989507486576356,0.6739966755333068
hi all!!!,neither,0.0423466876598404,0.4436528871510691,0.5140004251890904
I got caught up with Saga over the break. Also got the giant hardcover of Low. SO f-ing pretty. Also Mockingbird and Nocieti era Daredevil.,neither,0.031162429199289254,0.3879198015403276,0.5809177692603831
"@Ricky_Galletti Pretty good, managed to finally get over a cold so happy to be back!",neither,0.04600541101190173,0.3664573301750666,0.5875372588130316
been watching this at work and now i can finally watch a live one,neither,0.0444985027418234,0.33895786337382455,0.6165436338843522
Lets Gogh,neither,0.03868305123800957,0.34344766577192837,0.6178692829900622
well cheers everyone,neither,0.03379327452783482,0.4264399378439097,0.5397667876282554
Hi all!,neither,0.0423466876598404,0.4436528871510691,0.5140004251890904
HI MATT TAL AND AMY!!!,neither,0.03890660764905397,0.3035735459107389,0.6575198464402071
HI EVERYONE!,neither,0.032490659208996964,0.4485487193596734,0.5189606214313296
@phoenixgoth I'll definitely check it out!,neither,0.03403207463885438,0.3468360342570311,0.6191318911041145
Hopefully taliesin finally gets a chance to talk about super sons,neither,0.030729413878366117,0.3486610683560219,0.6206095177656119
Is that the first Female Doctor that I see?,neither,0.03161213264037178,0.4070991069467154,0.5612887604129128
hahaaaaaa,neither,0.03945320844208391,0.33037608806864915,0.630170703489267
howdy,neither,0.03945320844208391,0.33037608806864915,0.630170703489267
Matt I'm love you,neither,0.055862912231628745,0.40714652175344074,0.5369905660149304
@stargazer1977 It's good to be back.,neither,0.046674907451597705,0.33120590400141975,0.6221191885469826
omg tal that shirt is amazing,neither,0.04219640766241829,0.35843825637280163,0.5993653359647801
OMG I misseed you!,neither,0.07537483614890235,0.4249440991807278,0.4996810646703698
welcome back!! Happy 2018!,neither,0.03945320844208391,0.33037608806864915,0.630170703489267
"The comic series that I started over the break was Alan Moore's ""Promethea"". I purchased the whole series on trade. :)",neither,0.03399012735136285,0.3352334837293966,0.6307763889192406
@kermitWoT why YES it is!,neither,0.03159277613129281,0.3488273133543112,0.6195799105143959
wooo Wednesday club on Thursday!,neither,0.03707034512038252,0.341772438409015,0.6211572164706025
"Haha, this is a fantastic way to begin this",neither,0.04672427067367445,0.3781162651335701,0.5751594641927554
Oh my god Matt xD,neither,0.03279076721390075,0.3665823120018041,0.6006269207842952
I've missed you so much!!,neither,0.023810012734204935,0.4007061365580729,0.5754838507077222
Hello everyone,neither,0.03269494828970791,0.4450814005079928,0.5222236512022994
Man I missed this show,neither,0.05741262871466924,0.3157062049525533,0.6268811663327775
"Help G&S make great content! $4.99/month gets you emotes, Minecraft server access, Sub Only VODs, and more! Every sub keeps the channel alive! twitch.tv/geekandsundry/subscribe",neither,0.043907990691603095,0.31135964332838284,0.644732365980014
Welcome back!!,neither,0.03945320844208391,0.33037608806864915,0.630170703489267
oh guys,neither,0.04720455302825761,0.2591409448881316,0.6936545020836108
Loving Taliesin's shirt!,neither,0.03945320844208391,0.33037608806864915,0.630170703489267
I missed all fo you so much,offensive_language,0.05301844056178134,0.5065621000031413,0.44041945943507743
Hi @DeLevely !,neither,0.03945320844208391,0.33037608806864915,0.630170703489267
Tal looks so comfy,neither,0.039416752367513005,0.36472998120318584,0.5958532664293013
I'm glad y'all r back,neither,0.041956610016240924,0.42909268108976056,0.5289507088939984
!wtfisthis,neither,0.03945320844208391,0.33037608806864915,0.630170703489267
"Welcome to The Wednesday Club where Amy, Taliesin, and Matt talk about comics old and new.",neither,0.03356453638198711,0.24263158377310745,0.7238038798449055
Did Mrs. Matt find a cure for Matt's wild/crazy hair?,neither,0.03350785807136612,0.32527776154464727,0.6412143803839865
"haircut, Matt? Looks good",neither,0.03891874910489161,0.3305599131426645,0.6305213377524438
oh guuyyss I've missed you,neither,0.029935987777007313,0.298122688015042,0.6719413242079507
How was your break guys?,neither,0.07459826109964994,0.3247804545682835,0.6006212843320666
"And I got back from a trip to Japan today, so I'm back too!!",neither,0.0416911030070661,0.33479403225133647,0.6235148647415975
Happy New Year!!,neither,0.04382906920233135,0.220189007910159,0.7359819228875096
I missed these guys so much,neither,0.04428672402112953,0.4652501343584246,0.49046314162044585
We missed you guys so much! Matt definitely had a haircut,neither,0.046073492545949064,0.3922995496994128,0.5616269577546382
I sense a Brittany mention,neither,0.03945320844208391,0.33037608806864915,0.630170703489267
Question: Since this is the Welcome Back episode will you guys be discussing characters being welcomed back from the dead?,neither,0.04758167120878629,0.32980794489740506,0.6226103838938087
wb everyone,offensive_language,0.02988896790634741,0.4927062106388782,0.4774048214547744
Taliesin how dare you,neither,0.06465733614858642,0.39927395277789374,0.5360687110735198
Happy New Year and New Wednesday Club!,neither,0.04335621892273563,0.18744539002807467,0.7691983910491897
Tal is practically perfect in every way,neither,0.04502622792955089,0.32905940814382056,0.6259143639266286
Lootboxing! :D,neither,0.03945320844208391,0.33037608806864915,0.630170703489267
"Ah, I've missed this show",neither,0.027624399701225,0.24913990653368134,0.7232356937650937
Lmfao,neither,0.05470637918084239,0.32512982320825545,0.6201637976109021
Oh my god Tal,neither,0.03320246271501649,0.36409577408819416,0.6027017631967895
"How long till ""my lovely wife"" Matt?",neither,0.031523541836414586,0.387295843919499,0.5811806142440864
I didn't know this about Matt.,neither,0.025126532582451504,0.3969222733591516,0.577951194058397
No lie @delevely,neither,0.03817021587683215,0.3521518202447505,0.6096779638784173
Matt is very dangerous,neither,0.046088482056809356,0.3280939132080755,0.6258176047351152
i need to use my punching bag more,neither,0.016346234796017586,0.42326370549396597,0.5603900597100165
de lovely i agree,neither,0.03945320844208391,0.33037608806864915,0.630170703489267
@DeLevely Hi sam!!!,neither,0.03945320844208391,0.33037608806864915,0.630170703489267
"in this house we love and respect matt key, boxer",neither,0.03708959757843755,0.3163005241040571,0.6466098783175053
I missed my lovely hosts so much,neither,0.027102446467465208,0.4452936019956487,0.527603951536886
Hello Liz! :D,neither,0.03945320844208391,0.33037608806864915,0.630170703489267
Gail Simone would be proud.,neither,0.03930810367017743,0.32916099939029925,0.6315308969395234
tged grant!,neither,0.03945320844208391,0.33037608806864915,0.630170703489267
Raynor?,neither,0.03945320844208391,0.33037608806864915,0.630170703489267
Honestly with how tall Matt is I can only imagine the reach he could manage in boxing,neither,0.039455238118995206,0.33592092385550276,0.6246238380255019
Sax!!,neither,0.03945320844208391,0.33037608806864915,0.630170703489267
"""Sexy Sax"" is redundant",neither,0.047431217172670376,0.3276320850298031,0.6249366977975265
it's what now,neither,0.04655367889065772,0.32433797912409734,0.6291083419852449
JSA forever!,neither,0.03945320844208391,0.33037608806864915,0.630170703489267
sax!,neither,0.03945320844208391,0.33037608806864915,0.630170703489267
gandsLessthanthree you caht fam,neither,0.07110180299790897,0.4149550615819972,0.5139431354200938
"""How long have you been dangerous"" will be my new standard conversation-starter",neither,0.04323894199030364,0.3488434557685773,0.607917602241119
HI SAX!!!!!,neither,0.03945320844208391,0.33037608806864915,0.630170703489267
#sexysax,neither,0.03945320844208391,0.33037608806864915,0.630170703489267
chat...lol,neither,0.029805912114948485,0.40205111358152873,0.5681429743035228
*laughing*,neither,0.03945320844208391,0.33037608806864915,0.630170703489267
typed too fast,neither,0.03921431318968041,0.3344307639688637,0.6263549228414559
hiiii Sax! <3,neither,0.03945320844208391,0.33037608806864915,0.630170703489267
hello Saxxy,neither,0.03945320844208391,0.33037608806864915,0.630170703489267
YAY SAX!!!!,neither,0.03945320844208391,0.33037608806864915,0.630170703489267
And Wednesday Club just got Saxy,neither,0.03351388275165696,0.3533183984262779,0.6131677188220651
gandsClassic gandsGandsModAlert gandsClassic gandsGandsModAlert gandsClassic,neither,0.03945320844208391,0.33037608806864915,0.630170703489267
HI NEW MODS,neither,0.0441449985888151,0.21170977482476586,0.744145226586419
wwtvSAX wwtvSAX wwtvSAX wwtvSAX,neither,0.03945320844208391,0.33037608806864915,0.630170703489267
"If yo insult Dr.Strange, Matt Key can kick your ass! :D",offensive_language,0.09398471740183155,0.8413206064145106,0.064694676183658
woo new mods!,neither,0.04341101089575549,0.23125336554662146,0.725335623557623
Saxxy Sax,neither,0.03945320844208391,0.33037608806864915,0.630170703489267
Wooot,neither,0.03945320844208391,0.33037608806864915,0.630170703489267
*waves to the mods*,neither,0.04614106775183258,0.3078724812937547,0.6459864509544128
Woo Hoo Mod love!!!,neither,0.037046148729926655,0.3415319411249079,0.6214219101451653
"dang, new mods!",neither,0.04660400397451208,0.1401930676750457,0.8132029283504423
gandsGandsModAlert gandsGandsModAlert gandsGandsModAlert,neither,0.03945320844208391,0.33037608806864915,0.630170703489267
Ooh. Sexy moderators:D,neither,0.03945320844208391,0.33037608806864915,0.630170703489267
"Woo, new mods!",neither,0.04341101089575549,0.23125336554662146,0.725335623557623
new mods!,neither,0.04660400397451208,0.1401930676750457,0.8132029283504423
"100% confirm, the best mods (I don't count, I only use this sword for shenanigans)",neither,0.019086652213448796,0.35604895944403997,0.6248643883425113
saxy sex?,offensive_language,0.02185769825360754,0.7822921912998958,0.19585011044649653
Yay new mods!,neither,0.043697716434837254,0.22368356517679006,0.7326187183883727
haHAA / Mod here! haHAA Hows it going guys?,neither,0.057265846078661725,0.3273723114610055,0.6153618424603329
Wildcat...that new injustice 2 issue whoa,neither,0.03932356454944353,0.2999911827379379,0.6606852527126186
cin!!,neither,0.03945320844208391,0.33037608806864915,0.630170703489267
Welcome to our new Moderators!!!!! <3 <3 <3 Take care of your swords!!!!!,neither,0.07916367683909768,0.24416470498536733,0.6766716181755351
@Chix_with_Joystix juliaHey,neither,0.03945320844208391,0.33037608806864915,0.630170703489267
gandsClassic gandsGandsModAlert gandsClassic,neither,0.03945320844208391,0.33037608806864915,0.630170703489267
congrats Cin!!!,neither,0.03945320844208391,0.33037608806864915,0.630170703489267
Whoo!,neither,0.03945320844208391,0.33037608806864915,0.630170703489267
@Chix_with_Joystix so great to see you guys again. :),neither,0.05801428642152719,0.4153959776638205,0.5265897359146523
yay. new mods,neither,0.043697716434837254,0.22368356517679006,0.7326187183883727
Congrats new mods!,neither,0.04379742455737696,0.22103248281023463,0.7351700926323884
Welcome to all our new mods! gandsGandsModAlert gandsGandsModAlert gandsGandsModAlert,neither,0.05385025147881916,0.3013706319555413,0.6447791165656395
yebbadBanned,neither,0.03945320844208391,0.33037608806864915,0.630170703489267
Clap,neither,0.03945320844208391,0.33037608806864915,0.630170703489267
Welcome to the new mods! :D,neither,0.05174675071050553,0.20061255161579783,0.7476406976736967
Gratz new mods! :D,neither,0.04660400397451208,0.1401930676750457,0.8132029283504423
yebbadBanned yebbadBanned yebbadBanned yebbadBanned yebbadBanned yebbadBanned,neither,0.03945320844208391,0.33037608806864915,0.630170703489267
WOOOOOOOO New mods!!!!!!!,neither,0.04660400397451208,0.1401930676750457,0.8132029283504423
oh hey Cin!,neither,0.04724942694866229,0.25746865428102644,0.6952819187703113
"yay, we're back",neither,0.05868713327434414,0.303142069285073,0.6381707974405828
RISKy,neither,0.03945320844208391,0.33037608806864915,0.630170703489267
Hi new mods!,neither,0.0441449985888151,0.21170977482476586,0.744145226586419
Congrats all!,neither,0.042007796308410617,0.4310059871578024,0.526986216533787
lol,neither,0.020706217963973744,0.4882283491876925,0.4910654328483337
welcome new mods!,neither,0.044121557119446486,0.21234270025793012,0.7435357426226235
wow,neither,0.03945320844208391,0.33037608806864915,0.630170703489267
congrats!!!,neither,0.03945320844208391,0.33037608806864915,0.630170703489267
go cin! go japenrose!,neither,0.04276165647058889,0.34190019769565555,0.6153381458337556
1uniqueBeast -> What? Did you think I﻿ was gone forever? [stop spamming emotes] [warning],neither,0.05691135840636602,0.41802206893171173,0.5250665726619222
yebbadBanned yebbadBanned yebbadBanned yebbadBanned yebbadBanned yebbadBanned yebbadBanned,neither,0.03945320844208391,0.33037608806864915,0.630170703489267
@YebbaDebba?! RiskPixels?! NEVER HEARD OF EM,neither,0.0349751590706873,0.37609862848875186,0.5889262124405609
HAHAHA - i told you to be here @1uniqueBeast ;),neither,0.15124736949793532,0.3258516813491408,0.5229009491529237
Yay new mods!,neither,0.043697716434837254,0.22368356517679006,0.7326187183883727
Crrispy Pickels,neither,0.03945320844208391,0.33037608806864915,0.630170703489267
Hello new mods!!,neither,0.04397633910300407,0.21624988618845756,0.7397737747085384
yay new mods!,neither,0.043697716434837254,0.22368356517679006,0.7326187183883727
WOOT!,neither,0.03945320844208391,0.33037608806864915,0.630170703489267
Congrats new Mods!!,neither,0.04379742455737696,0.22103248281023463,0.7351700926323884
So many of my favorite sentients now have modly weaponry!,neither,0.02827446351427456,0.4657244256051234,0.506001110880602
Hi Mods,neither,0.03945320844208391,0.33037608806864915,0.630170703489267
CrispyPickles,neither,0.03945320844208391,0.33037608806864915,0.630170703489267
congrats new mods!,neither,0.04379742455737696,0.22103248281023463,0.7351700926323884
neat,neither,0.03945320844208391,0.33037608806864915,0.630170703489267
ramaHype ramaHype ramaHype,neither,0.03945320844208391,0.33037608806864915,0.630170703489267
"Yeah! Welcome, our new mod overlords!",neither,0.029165215241533295,0.3498966519437483,0.6209381328147183
seven samurai!,neither,0.03945320844208391,0.33037608806864915,0.630170703489267
Welcome folks to the team!!!!,neither,0.0448551709446211,0.31178321843357826,0.6433616106218005
Congrats all the new mods!,neither,0.044783687691532105,0.28268242421641654,0.6725338880920514
Amy is camera intruding,neither,0.04727115367497532,0.3276871382064686,0.6250417081185561
yebbadBanned,neither,0.03945320844208391,0.33037608806864915,0.630170703489267
welcome new mods!! yebbadBanned,neither,0.044121557119446486,0.21234270025793012,0.7435357426226235
We thank you for your service MODS,neither,0.0821690165883629,0.3388501233479039,0.5789808600637333
You modded @chaoticloony ? Oh boy.,neither,0.08224364216007234,0.3257392695989187,0.592017088241009
gratz mods,neither,0.03945320844208391,0.33037608806864915,0.630170703489267
All aboard the hype train!,neither,0.04013089063273832,0.3829819188082326,0.5768871905590292
Heeey congrats and welcome to all the new mods!,neither,0.04886420835759128,0.253637068369355,0.6974987232730538
"Y'all are great choices, you'll be great mods!",neither,0.06869341453391443,0.33820955969282324,0.5930970257732623
Awww this is good news,neither,0.04597895777408749,0.32951323411177147,0.6245078081141411
Ztarg,neither,0.03945320844208391,0.33037608806864915,0.630170703489267
This is Wednesday Club?,neither,0.04757690927629148,0.3291259242783606,0.6232971664453478
Welcome to the new mo!!!ds,neither,0.04708216487588079,0.24513442458022155,0.7077834105438977
!twc,neither,0.03945320844208391,0.33037608806864915,0.630170703489267
@rasnac_khan If you say I hate Dr. Strange in the mirror three times Matt will appear to kick your butt.,neither,0.1345673980943873,0.3308797872922933,0.5345528146133194
Here are some handy The Wednesday Club resources! TWC Reddit: reddit.com/r/WednesdayClub/ | Discord: https://discord.gg/6QK9fVB | Wednesday Club Fanclub on Facebook: facebook.com/groups/1945232949091586/,neither,0.041287213005686295,0.3375124748912654,0.6212003121030484
yay @YebbaDebba yebbadBanned yebbadBanned yebbadBanned,neither,0.03945320844208391,0.33037608806864915,0.630170703489267
congrats new mods! Have fun on SoT days...,neither,0.03962639485218532,0.27274550502584705,0.6876281001219675
lol,neither,0.020706217963973744,0.4882283491876925,0.4910654328483337
hello chat!! lovely to be your helpful mod and friendo!! heart your faces <3,neither,0.08174851408083694,0.29646342479714455,0.6217880611220186
"i cant be a mod, because i'm an awful person :D",neither,0.04009318739283786,0.3290338958147967,0.6308729167923656
Yay to the new mods from this alpha mod,neither,0.048022829659985104,0.23093478532358214,0.7210423850164328
haha thanks @consuela3 <3,neither,0.0318652437156674,0.3978350940130248,0.5702996622713078
"Mods, you are the only reason I can read chat for anything I'm in",neither,0.06474655422131055,0.2879554438030004,0.647298001975689
"oh No Yebbas getting more icons and things, twitch wil explode",neither,0.04014742048597336,0.32116202302121477,0.638690556492812
congrats all the new mods! :D,neither,0.044783687691532105,0.28268242421641654,0.6725338880920514
#sexysax,neither,0.03945320844208391,0.33037608806864915,0.630170703489267
Sax-aphone solo,neither,0.03945320844208391,0.33037608806864915,0.630170703489267
fuck the mods idolWink,offensive_language,0.31255729367621293,0.6874427038301136,2.493673431948408e-09
congrats @YebbaDebba yebbadBanned,neither,0.03945320844208391,0.33037608806864915,0.630170703489267
@YebbaDebba hello head on a stick!,neither,0.03528438922168738,0.36953779080450233,0.5951778199738103
"It would just be ""idiot""",neither,0.03309003811707264,0.3517367375226136,0.6151732243603139
yebbadBanned yebbadBanned yebbadBanned,neither,0.03945320844208391,0.33037608806864915,0.630170703489267
Bye Sax!!!,neither,0.03945320844208391,0.33037608806864915,0.630170703489267
"Thanks Sax, happy to help!",neither,0.04418968590924295,0.3078527940160928,0.6479575200746642
never @dauntz - i am everlasting :D,neither,0.03291472548514639,0.39499303877384123,0.5720922357410123
@delevely always friend.,neither,0.036940047261565405,0.4086720328306846,0.5543879199077499
great to have you @YebbaDebba :D,neither,0.07457032901164573,0.3574090285496423,0.5680206424387121
Yaaaaay Wednesday Club is back,neither,0.04734873325669477,0.32766045503085683,0.6249908117124484
all new wensday club! introducing 7 new mods!,neither,0.046746732498787205,0.24128900111098822,0.7119642663902246
yebbadBanned yebbadBanned yebbadBanned,neither,0.03945320844208391,0.33037608806864915,0.630170703489267
look at all those swords!,neither,0.08656871788484918,0.3610288938692047,0.5524023882459461
Matt Key Hair cut! :),neither,0.03945320844208391,0.33037608806864915,0.630170703489267
@shidareAKI #ModSwordOfTomorrow,neither,0.03945320844208391,0.33037608806864915,0.630170703489267
:D,neither,0.03945320844208391,0.33037608806864915,0.630170703489267
thanks @talahar !! lovely to be here!,neither,0.09416486547271243,0.27585458406374125,0.6299805504635464
In this chat we love and appreciate our mods,neither,0.0364709109922233,0.3126183628336321,0.6509107261741445
HAI @Grading !! <3,neither,0.03945320844208391,0.33037608806864915,0.630170703489267
*sniffs the new mods*,neither,0.0421347491646423,0.2223961505899486,0.7354691002454091
mad with power,neither,0.027117199911657265,0.3742455462490344,0.5986372538393083
@delevely das me!,neither,0.029963539409600077,0.3829036873448657,0.5871327732455343
"only fuck the mods if it's consensual, kids",offensive_language,0.09260960518261162,0.906948783474229,0.0004416113431592235
Nice laugh Tal,neither,0.03945320844208391,0.33037608806864915,0.630170703489267
daisies represent!,neither,0.03945320844208391,0.33037608806864915,0.630170703489267
I love that this show came back on my birthday! *bounces around*,neither,0.03312935202593207,0.3928493011575002,0.5740213468165677
Ooo fluffy new mods,neither,0.04255061265498471,0.25355453877316486,0.7038948485718505
lol,neither,0.020706217963973744,0.4882283491876925,0.4910654328483337
ill have to find those pictures @ImStillJohnny lol,neither,0.063688353215578,0.23923287249633993,0.6970787742880821
So many mods in chat.,neither,0.039409852707558084,0.37990106031275384,0.580689086979688
Hai,neither,0.03945320844208391,0.33037608806864915,0.630170703489267
It's been 84 years...,neither,0.03710353465660336,0.3385035369132065,0.6243929284301901
@crthemighty Oh my god dying,neither,0.0323611110406824,0.36921744915340626,0.5984214398059113
@desertshaddow Happy Birthday!!!!,neither,0.03945320844208391,0.33037608806864915,0.630170703489267
LOL,neither,0.020706217963973744,0.4882283491876925,0.4910654328483337
It's 2018 what is this,neither,0.06409307403654062,0.32103342458564044,0.6148735013778189
hey chief!,neither,0.03945320844208391,0.33037608806864915,0.630170703489267
LUL,neither,0.03945320844208391,0.33037608806864915,0.630170703489267
Should celebrate by dong something crazy like /unban all,offensive_language,0.049015671152832056,0.539622988567012,0.41136134028015603
"Hi Matt, Taliesin and Amy!",neither,0.0388100252782571,0.29846695177565247,0.6627230229460904
pay to mod LUL,neither,0.04621470792299556,0.3264261453690138,0.6273591467079906
super fluffy @hobbes555,neither,0.03945320844208391,0.33037608806864915,0.630170703489267
Shhhh. Chief.,neither,0.03945320844208391,0.33037608806864915,0.630170703489267
Hahaha Chief,neither,0.03945320844208391,0.33037608806864915,0.630170703489267
No new haircolors? I'm so disappointed,neither,0.04240046968322732,0.2974610456040485,0.6601384847127242
yebbadBanned yebbadBanned yebbadBanned yebbadBanned and @riskypixels congrats to all the new mods,neither,0.05084117744722069,0.23922563541401165,0.7099331871387677
Big monitor! HI!!!,neither,0.020980677965238823,0.4093390461116762,0.5696802759230851
Calm down guys it is just a MOD-erate amount of power.,neither,0.04036498954203352,0.344542610309988,0.6150924001479784
"@YebbaDebba oh I have them, don't worry",neither,0.06104374421092604,0.2792498635635791,0.659706392225495
thank you :D,neither,0.07325166854587051,0.43632638485078484,0.49042194660334476
*Animal from Muppets* In. Control.,neither,0.04053695675731282,0.3119820508014922,0.6474809924411948
Step one in the Wednesday Club take over of geek and sundry,neither,0.03614298579539522,0.3162561046242674,0.6476009095803374
you're all a bit loopy,offensive_language,0.1085460098186845,0.4631064295842195,0.4283475605970961
If you all are now fired...does that mean Jody succeeded in her evil plan to defeat you all?,offensive_language,0.04434725590322731,0.6471875797572856,0.3084651643394872
"But, there is also @Danoba... who doesn't sleep?",neither,0.04367873720147373,0.3529094837187887,0.6034117790797374
I'm love you guys,neither,0.06167918433826641,0.4366455781003419,0.5016752375613917
haha thanks @ModernChow !! <3,neither,0.0318652437156674,0.3978350940130248,0.5702996622713078
@YebbaDebba can you ask Sax Wednesday club is on Thursday ?,neither,0.05631498067473801,0.36901975589582214,0.5746652634294398
And then there's MOD.....,neither,0.03857069142158673,0.21156972766568075,0.7498595809127324
That should be everyone. Welcome!,offensive_language,0.040733306598289346,0.5096321872036332,0.4496345061980773
you saw some WHAT,neither,0.05704768265024704,0.4133738249717682,0.5295784923779848
WHAT,neither,0.057770773616808734,0.3180719994247239,0.6241572269584672
tell me more Taliesin Jaffe,neither,0.03126031087737115,0.37452670869503085,0.5942129804275978
#PeakTaliesin,neither,0.03945320844208391,0.33037608806864915,0.630170703489267
"Hey, guys!",neither,0.03929207127355727,0.33311100635304525,0.6275969223733975
bog mummies???,neither,0.03945320844208391,0.33037608806864915,0.630170703489267
Bog mummies! Awesome!,neither,0.03945320844208391,0.33037608806864915,0.630170703489267
I WANT TO SEE BOG MUMMIES TALIESIN,neither,0.04642931857148049,0.32255410608620055,0.631016575342319
@misssunflower94 There are some amazing specimens in Ireland and the UK!,neither,0.04731404470115604,0.24601212407091283,0.706673831227931
Hahahahahaa,neither,0.03945320844208391,0.33037608806864915,0.630170703489267
@misssunflower94 Bog Mummies are really really cool.,neither,0.05880174061836153,0.29527870616101065,0.6459195532206278
"Tal, were you in Ireland at the same time with Liam? did you guys travel the emerald island together?",neither,0.04550965205422043,0.3836944805696276,0.5707958673761518
#bogmummies,neither,0.03945320844208391,0.33037608806864915,0.630170703489267
lol decency,neither,0.020706217963973744,0.4882283491876925,0.4910654328483337
That is like the most Taliesin thing I have ever heard,neither,0.051270259956426534,0.3695594208462207,0.5791703191973528
"Do tell us more, Taliesin",neither,0.10048245199906246,0.30648776002351674,0.5930297879774208
Unfortunately we can't control time zones and movement of the sun - I will try to see what we can do with my ban hammer for you @dauntz <3,neither,0.03734967286204094,0.3527778505195873,0.6098724766183717
Do you really need an answer to that question?,neither,0.056987280231986,0.3923501291967589,0.5506625905712551
@DeLevely *PeatTaliesin,neither,0.03945320844208391,0.33037608806864915,0.630170703489267
"Aw man, Tal went to Germany and I didn't know :-/",neither,0.03310706487846544,0.36638672181673226,0.6005062133048024
"""always""",neither,0.03557448528484342,0.4519132619047061,0.5125122528104504
Bog mummies are interesting. I remember first reading about them in a National Geographic in the 1980's.,neither,0.05305002010799785,0.31022872123969003,0.636721258652312
@DeLevely Don't you mean #PeatTaliesin?,neither,0.07298468220154247,0.41939612768593665,0.5076191901125208
bog mummies still have fingerprints!,neither,0.0380257639234197,0.35460354688371737,0.6073706891928629
how many are you sneding?!,neither,0.1321838635964777,0.32327956616684417,0.5445365702366781
Yes Taliesin Yes we do,neither,0.040570640282883916,0.33225943287239085,0.6271699268447253
But does he have a kit for og mummies?,neither,0.028006483931896566,0.40389745585418435,0.5680960602139192
"""bog mummy decency""",neither,0.03945320844208391,0.33037608806864915,0.630170703489267
good guy Tal,neither,0.03841114724150395,0.337957546289808,0.623631306468688
Ha,neither,0.03945320844208391,0.33037608806864915,0.630170703489267
#SAXYBOGMUMMIES,neither,0.03945320844208391,0.33037608806864915,0.630170703489267
I want to see a bog mummy,neither,0.052138598326771604,0.31671053323520804,0.6311508684380205
@chaoticloony yous a MOD now lol,neither,0.030861036840835104,0.3933572084454367,0.5757817547137282
Wait let me switch to had,neither,0.02507695373801993,0.3901107709102191,0.584812275351761
"@Laboons_beard @super390 I was SO HOPING someone would pick that one up after I laid it down, thank you <3",neither,0.04505015045801722,0.42024991134593465,0.5346999381960481
PFT,neither,0.03945320844208391,0.33037608806864915,0.630170703489267
I studied bog mummies when I lived in the UK,neither,0.03272924834795416,0.3505855528921603,0.6166851987598856
Any specific bog mummies that you saw?,neither,0.04755821721354526,0.3945205307612299,0.5579212520252249
I am here for this,neither,0.09480136273726773,0.24695512086988555,0.6582435163928467
@chaoticloony heeeeeyo,neither,0.03945320844208391,0.33037608806864915,0.630170703489267
I was like 6 when i saw my first bog mummy....,offensive_language,0.021941548137640366,0.4893139705122223,0.4887444813501373
reliquaries,neither,0.03945320844208391,0.33037608806864915,0.630170703489267
"I appreciate that level of courtesy, Taliesin. That is way more considerate than most people I can think of.",neither,0.054391875587411674,0.3617679570606759,0.5838401673519124
Cool shirt Taliesin,neither,0.03945320844208391,0.33037608806864915,0.630170703489267
"Anyone else think that Tal, Jody, and Max Isaacson have a group text chat full of super morbid and amazing things?",neither,0.04209760551467093,0.347806376703566,0.610096017781763
I missed you guys,neither,0.06096390314495436,0.39300188193262653,0.5460342149224191
@Chix_with_Joystix thanks,neither,0.035884468650613,0.3004919205142699,0.6636236108351171
just googled bog mummy... why?,neither,0.024900504215762082,0.3674752686102991,0.6076242271739387
what comic are bog mummies from?,neither,0.07564415154519363,0.2631793931516551,0.6611764553031512
"Man, it's so good to be back.",neither,0.04564296284421721,0.4636647428731344,0.4906922942826483
congrats @chaoticloony,neither,0.03945320844208391,0.33037608806864915,0.630170703489267
"Taliesin, my fiancee love your shirt!",neither,0.048348705814257376,0.4120148794086774,0.5396364147770653
"Was it more of ""Here is X, a very famous bog mummy"" or more of ""Here's a ton of bog mummies, have fun!""",neither,0.09062657550461421,0.2895634527040323,0.6198099717913536
@DeLevely I think it's required by law,neither,0.039851964911870576,0.3730757032347112,0.5870723318534183
I love tal. Is he married?,neither,0.048580036319239635,0.3374672810151775,0.6139526826655829
@DeLevely I hope so,neither,0.12463897626450345,0.20298967407480611,0.6723713496606905
Irish elk,neither,0.03945320844208391,0.33037608806864915,0.630170703489267
"Does Amy's shirt also say ""war""? Did Matt and Tal coordinate their outfits?",neither,0.032002155460239774,0.37669722044768655,0.5913006240920736
Yes huge deer!!!,neither,0.03945320844208391,0.33037608806864915,0.630170703489267
@DeLevely I'd be more surprised if they didn't,neither,0.016511906069864985,0.41386316164471804,0.5696249322854171
"@sine_nominae They have so many more in the UK than the US, but we have a lot of dinos & such preserved in tar pits",neither,0.052893866512849885,0.34411078311458737,0.6029953503725627
Bog mummies are hella creepy!!!! >( >( >( >(,neither,0.05337734795877101,0.36893120226536574,0.5776914497758634
Antique taxidermy so always so creepy awesome....,neither,0.03795380678730125,0.4511328733530715,0.5109133198596272
I feel like Tal threw some stealth shade with that bog mummy etiquette speech.....wonder why....,neither,0.026322135916099033,0.3997927960314753,0.5738850680524257
DIRE DEER,neither,0.03945320844208391,0.33037608806864915,0.630170703489267
megalocerous,neither,0.03945320844208391,0.33037608806864915,0.630170703489267
No ring on that finger....so maybe not?,neither,0.03261604878649846,0.424022192301021,0.5433617589124806
"'zup, all.",offensive_language,0.046917543854519406,0.6277741405869331,0.3253083155585475
i feel if you get mummified with all your organs present you've missed out somehow,neither,0.03328928613358711,0.4755844897940758,0.491126224072337
i wish we had bog mummies here in aus,neither,0.07665027360292394,0.3013837748506158,0.6219659515464602
OH MAN i just thought that going to the cryptozoology museum in maine with tal would be amazing,neither,0.03524640373559902,0.33852578010190476,0.6262278161624963
I CLEARLY did my trip to Ireland wrong,neither,0.03530647255206261,0.3878563030093244,0.5768372244386131
I love my Irish roots,neither,0.027823392719801394,0.41514237560018313,0.5570342316800155
my god,neither,0.02182153289546196,0.47835500997776687,0.4998234571267711
garage taxidermy for the second time this week,neither,0.03357759718188923,0.3125565765160056,0.6538658263021051
Early Murray T. Christmas?,neither,0.040764302440275846,0.3081234012366571,0.6511122963230671
We'll see if Sax will regret this!,neither,0.025718061858318455,0.35966678430938925,0.6146151538322923
There are not enough giant ground sloths in mythology.,neither,0.05433479929215761,0.2760163024279773,0.6696488982798651
What did I miss? I was googling bog mummies,neither,0.03795366308831265,0.33084544959390605,0.6312008873177812
It's Mirkwood Matt,neither,0.03763529989067434,0.33100135018077087,0.6313633499285548
some mononoke shit right there,offensive_language,0.03249679836213732,0.9672945107902385,0.00020869084762393538
Kirk wood,neither,0.03945320844208391,0.33037608806864915,0.630170703489267
Mirkwood!,neither,0.03945320844208391,0.33037608806864915,0.630170703489267
Mirkwood for the deer,neither,0.03235618976913192,0.2834059959899329,0.6842378142409352
Mirkwood damn ac,offensive_language,0.04485630374463802,0.8358931050235109,0.11925059123185101
giant ancient stags are The BEST,neither,0.05895229404874613,0.2734035965103495,0.6676441094409042
Moose are larger than you think. You see them in person and they seem like unreal-large,neither,0.09321500812321282,0.33131463952119683,0.5754703523555904
Thranduil had a giant party stag,neither,0.03945320844208391,0.33037608806864915,0.630170703489267
"Or, Greenwood the Great as it was previously known.",neither,0.03425069926965047,0.3273130534209226,0.6384362473094269
I missed you guys. Haha,neither,0.05071943768102393,0.4553154900166099,0.4939650723023663
"You're thinking of MIrkwood, Matt",neither,0.08056557579574859,0.34517349596807523,0.5742609282361762
"Ohhh, man, I'm late... the schedule is all crazy",offensive_language,0.03674946727347199,0.5027128532607739,0.4605376794657541
Wood Elves do.,neither,0.0406860075832165,0.3299520719132662,0.6293619205035171
My family in Ireland is lovely,neither,0.0358069432008541,0.3938124703352522,0.5703805864638937
"Mirkwood, in the Hobbit movies.",neither,0.03861805465872774,0.31512573207058714,0.6462562132706852
"""Lettering pass""",neither,0.03945320844208391,0.33037608806864915,0.630170703489267
:D I'm so excited about the letters!,neither,0.03725055039259087,0.3762007213911878,0.5865487282162214
listeners? You mean viewers,neither,0.05242739453495866,0.3673886836873826,0.5801839217776588
letters column loooove! yahoo!,neither,0.03945320844208391,0.33037608806864915,0.630170703489267
@cathalxvii Exactly what my friend said when we saw one of those skeletons at a museum.,neither,0.04005165209589692,0.40048583578723174,0.5594625121168713
I once watched a Jack Russel chase a moose through a parking lot.,neither,0.03945320844208391,0.33037608806864915,0.630170703489267
All aboard the party stag!,neither,0.04058584998248873,0.41474812717128057,0.5446660228462309
stefFremen STEFLING STAMPEDE stefFremen,neither,0.03945320844208391,0.33037608806864915,0.630170703489267
@derekleeketchum oh heeeeeey,neither,0.051363287716059566,0.22255663153133606,0.7260800807526044
stefFremen STEFLING STAMPEDE stefFremen,neither,0.03945320844208391,0.33037608806864915,0.630170703489267
stefFremen STEFLING STAMPEDE stefFremen,neither,0.03945320844208391,0.33037608806864915,0.630170703489267
I thought it was spelled Murkwood?,neither,0.040958146538808804,0.23665972961287773,0.7223821238483134
OMFG,neither,0.03945320844208391,0.33037608806864915,0.630170703489267
oh goodness,neither,0.04535734983354261,0.27438591475104485,0.6802567354154126
You can if you're a graphic novel ;),neither,0.07255711405577558,0.46353625705044854,0.4639066288937759
Hi @StefWoodburn,neither,0.03945320844208391,0.33037608806864915,0.630170703489267
Hehe,neither,0.03945320844208391,0.33037608806864915,0.630170703489267
Welcome Stef and Steflings.,neither,0.038364781541636334,0.272536905496441,0.6890983129619228
"@Chix_with_Joystix Ireland, go there for the beauty, stay there for the literature. ;)",neither,0.03286943128912317,0.24020688263434853,0.7269236860765284
Hey Steflings!!!! Welcome to the Clubhouse!!!,neither,0.046352876599659136,0.3072447239702664,0.6464023994300745
Welcome in Steflings!!!,neither,0.03945320844208391,0.33037608806864915,0.630170703489267
Hi @StefWoodburn !,neither,0.03945320844208391,0.33037608806864915,0.630170703489267
STEF!!!!,neither,0.03945320844208391,0.33037608806864915,0.630170703489267
welcome steflings gandsMasterStef gandsMasterStef gandsMasterStef,neither,0.03945320844208391,0.33037608806864915,0.630170703489267
stefFremen STEFLING STAMPEDE stefFremen,neither,0.03945320844208391,0.33037608806864915,0.630170703489267
"oh god, were getting raided by stef",neither,0.04119104718874587,0.36469114447900314,0.594117808332251
"oh noooo, steflings!",neither,0.045551730371242716,0.27262385067210176,0.6818244189566555
stefFremen STEFLING STAMPEDE stefFremen,neither,0.03945320844208391,0.33037608806864915,0.630170703489267
STEFLINGS STAMPEDE stefFremen stefFremen,neither,0.03945320844208391,0.33037608806864915,0.630170703489267
Hi @StefWoodburn And Steflings :D,neither,0.038358606956405694,0.2721397086643902,0.6895016843792041
stefRepresentHeirloom stefRepresentLegendary stefRepresent,neither,0.03945320844208391,0.33037608806864915,0.630170703489267
STEF!!,neither,0.03945320844208391,0.33037608806864915,0.630170703489267
"""I feel like meteors are coming and I didn't notice them"" you and the dinosaurs both, Amy",neither,0.06568756895908542,0.30097113191220753,0.6333412991287071
Hiya Steflings!!,neither,0.03945320844208391,0.33037608806864915,0.630170703489267
cheer100 cheer100 cheer100,neither,0.03945320844208391,0.33037608806864915,0.630170703489267
"@DeLevely don't mind me, just happy flailing Kappa",neither,0.031743666750451816,0.37067727030327147,0.5975790629462768
Hello @StefWoodburn & co.!,neither,0.03945320844208391,0.33037608806864915,0.630170703489267
Its the BEST stampede!!,neither,0.02897586032887848,0.30078201241255015,0.6702421272585715
STEFLING STAMPEDE,neither,0.03945320844208391,0.33037608806864915,0.630170703489267
"You can, but not recommended. Letters columns exhibit confidence in the quality of your work, and encourage interaction amongst fans. Well worth the page.",neither,0.05425160130457819,0.31740858592789484,0.628339812767527
