text,top_class,hate_speech,offensive_language,neither
:O,neither,0.03945320844208391,0.33037608806864915,0.630170703489267
ooo,neither,0.03945320844208391,0.33037608806864915,0.630170703489267
"clicking over, looks like.",neither,0.05011335576434207,0.35656792762884454,0.5933187166068133
bidet,neither,0.03945320844208391,0.33037608806864915,0.630170703489267
"Bidet from Cape Town, South Africa!",neither,0.04017673325212018,0.31809598379304654,0.6417272829548333
Working on it.,neither,0.03362231172073427,0.3504217794701194,0.6159559088091463
screen went black,neither,0.06308557732007004,0.31131125925108993,0.62560316342884
"Bidet from Lexington, Ky",neither,0.04062582848913359,0.31047366557575606,0.6489005059351104
yeah. ashley was the heart of cr,neither,0.02734159463383757,0.3982055566089769,0.5744528487571854
MMMMM that sweet sweet Pillars music,neither,0.036545625107831985,0.36185847291009543,0.6015959019820726
#WeKnow,neither,0.03945320844208391,0.33037608806864915,0.630170703489267
"Help G&S make great content! $4.99/month gets you emotes, Minecraft server access, Sub Only VODs, and more! Every sub keeps the channel alive! twitch.tv/geekandsundry/subscribe",neither,0.043907990691603095,0.31135964332838284,0.644732365980014
@etron000 War Eagle,neither,0.03945320844208391,0.33037608806864915,0.630170703489267
gandsSubHype gandsSubHype gandsSubHype gandsSubHype,neither,0.03945320844208391,0.33037608806864915,0.630170703489267
beep beep,neither,0.03945320844208391,0.33037608806864915,0.630170703489267
gandsSubHype gandsSubHype gandsSubHype gandsSubHype gandsSubHype,neither,0.03945320844208391,0.33037608806864915,0.630170703489267
Art is up I hear the music at least,neither,0.041913899274097034,0.372488577238331,0.585597523487572
gandsTrinketArmor,neither,0.03945320844208391,0.33037608806864915,0.630170703489267
@eTron000 RTR baby,neither,0.03945320844208391,0.33037608806864915,0.630170703489267
"Bidet from Ashland, Ky",neither,0.04062582848913359,0.31047366557575606,0.6489005059351104
tv go dark,neither,0.0407119828300905,0.3347450715875004,0.6245429455824092
"The channel has gone live, if you cannot see fan art please refresh.",neither,0.03806528570573744,0.3693331668636201,0.5926015474306424
Music,neither,0.03945320844208391,0.33037608806864915,0.630170703489267
it,neither,0.034373745257138544,0.33212314837979673,0.6335031063630647
@ghosthack159 True... but it would be cool to know. :),neither,0.04068225803409215,0.3347592252041325,0.6245585167617754
is,neither,0.081172750358939,0.3160268245287109,0.60280042511235
hereeeeeee,neither,0.03945320844208391,0.33037608806864915,0.630170703489267
Love you much matt!,neither,0.0481438718490392,0.39893886330991146,0.5529172648410493
says live but screen is black,neither,0.06945605027958862,0.3186281588632274,0.6119157908571841
gandsSubHype gandsSubHype gandsSubHype,neither,0.03945320844208391,0.33037608806864915,0.630170703489267
"""In a D&D Campaign Far far away.....""",neither,0.04040966370855262,0.3141425460473381,0.6454477902441094
"bidet from Moray, Scotland",neither,0.04062582848913359,0.31047366557575606,0.6489005059351104
"Bidet from Sacramento, CA",neither,0.04039749100449293,0.314349148603457,0.6452533603920501
"save me pelor, i'm blind!",neither,0.031807379476146876,0.371955196234292,0.596237424289561
gandsSubHype,neither,0.03945320844208391,0.33037608806864915,0.630170703489267
ALSO! I hope there's no fan art video!! I don't want to see any old campaign fan art untill we have new campaign fan art,neither,0.0534595253135509,0.236612187891733,0.7099282867947162
Stoked,neither,0.03945320844208391,0.33037608806864915,0.630170703489267
I kinda hope matt is dressed super comfy. like he did for the other fireside chat,neither,0.06814421064707121,0.2525281021957534,0.6793276871571754
@Schatz475 how dare you,neither,0.06465733614858642,0.39927395277789374,0.5360687110735198
that is a nice sound,neither,0.044004103028023,0.3751551092945285,0.5808407876774484
i hear music but no art,neither,0.03585638154303375,0.35136589287405406,0.6127777255829121
Kreygasm,neither,0.03945320844208391,0.33037608806864915,0.630170703489267
"beep beep from, the netherlands!",neither,0.0395975487247086,0.2929303761973238,0.6674720750779677
can't see anything,neither,0.0398362398562183,0.3238750453384544,0.6362887148053273
What time are we starting? in 14m?,neither,0.07326160725259245,0.301210379725941,0.6255280130214667
Black for anyone else?,neither,0.0529475853244171,0.27890032601319614,0.6681520886623867
anybody know what classes the cast chose yet or is that tonight's entertainment,neither,0.04225375786701061,0.32835141994673445,0.6293948221862549
Beep Beep from Norway,neither,0.04228451509352876,0.2823214250720796,0.6753940598343917
gandsFail,neither,0.03945320844208391,0.33037608806864915,0.630170703489267
can hear music but black screen,neither,0.05374757438604299,0.3201030580261179,0.6261493675878391
gandsSubHype gandsSubHype gandsSubHype gandsSubHype gandsSubHype gandsSubHype gandsSubHype gandsSubHype gandsSubHype gandsSubHype,neither,0.03945320844208391,0.33037608806864915,0.630170703489267
!!!,neither,0.03945320844208391,0.33037608806864915,0.630170703489267
Darknesssss,neither,0.03945320844208391,0.33037608806864915,0.630170703489267
Oh I missed this song!,neither,0.044242613829170885,0.2886500913969443,0.6671072947738849
gope they announce somthing about the new characters they will be playing :P,neither,0.04114271652383867,0.27389704842773893,0.6849602350484225
music!,neither,0.03945320844208391,0.33037608806864915,0.630170703489267
hello,neither,0.03945320844208391,0.33037608806864915,0.630170703489267
the funny thing is i think in real life she is much different than that. she is a bit of a punk :) in a good way,neither,0.05215198775955792,0.3788564071435183,0.5689916050969237
Yup. black screen for me,neither,0.042586521632058755,0.32179995093128905,0.6356135274366521
The fire is sabotaging the channel because it doesn't want to share Matt with us!,neither,0.05886981581378907,0.32404150310711627,0.6170886810790948
musiiiiiiiiiiiiiiiiiiic,neither,0.03945320844208391,0.33037608806864915,0.630170703489267
gandsFail,neither,0.03945320844208391,0.33037608806864915,0.630170703489267
"1 week til the new campaign, to new adventures everyone! :)",neither,0.04401240232167502,0.2713623324526992,0.6846252652256257
Here we GO Critters!,neither,0.13156755280784707,0.2765461283225309,0.5918863188696221
"they know , please stand by",neither,0.040734476380448616,0.3789286414504075,0.5803368821691439
gandsSubHype gandsSubHype gandsSubHype gandsSubHype gandsSubHype,neither,0.03945320844208391,0.33037608806864915,0.630170703489267
I'm not geting video,neither,0.04567322106089473,0.19175111053799285,0.7625756684011125
"bidet from Glasgow,Scotland",neither,0.04062582848913359,0.31047366557575606,0.6489005059351104
is there an art stream for tonights preshow? or am I the only one with a blank screen?,neither,0.03326469156732844,0.31602207293272677,0.6507132354999449
"refreshed but still no video, just sound",neither,0.035399692941103254,0.2974498269715506,0.6671504800873461
Wow the new character arts are so cool,neither,0.0637738112876813,0.24081806035774805,0.6954081283545707
PogChamp,neither,0.03945320844208391,0.33037608806864915,0.630170703489267
Bidet from Auckland NZ,neither,0.04228451509352876,0.2823214250720796,0.6753940598343917
does the cast take questions from chat?,neither,0.02992598107463507,0.3981387257338314,0.5719352931915336
Dark. No light.,neither,0.038526020608842734,0.34611288536617507,0.6153610940249823
is it just music for everyone else?,neither,0.030717870830529397,0.4085460772345525,0.5607360519349182
if Matt gets emotional during this one too ill cry :(,neither,0.02810534618274099,0.3851787660261032,0.5867158877911559
"@QueenOfDisks Then you're keeping up with the cool kids, queeny",neither,0.052392859929141354,0.40396572556426186,0.5436414145065968
im new,neither,0.04425594721921149,0.23204866997204066,0.7236953828087478
Yup,neither,0.03945320844208391,0.33037608806864915,0.630170703489267
"Okay everyone, anniversary spam time!",neither,0.03432929507635868,0.4173422702333013,0.54832843469034
welcome,neither,0.03945320844208391,0.33037608806864915,0.630170703489267
"man, they are sticking with the 90's thing, saw a brief flash of the lost signal screen xD",neither,0.042813894111001456,0.33930727869415533,0.6178788271948431
gandsFail,neither,0.03945320844208391,0.33037608806864915,0.630170703489267
Black screen PogChamp,neither,0.0688425776513419,0.3074453880852506,0.6237120342634075
that fireside chat with Matt got emotional real quick when he started talking about his uncle :(,neither,0.07382869963840365,0.4268532833125751,0.4993180170490212
"just refreshed, still just music?",neither,0.02951882822226079,0.3910673806012758,0.5794137911764633
bidet Lakeview Oregon!,neither,0.03945320844208391,0.33037608806864915,0.630170703489267
gandsMatt gandsSubHype gandsSubHype gandsSubHype gandsSubHype,neither,0.03945320844208391,0.33037608806864915,0.630170703489267
is it just a black screen for everyone?,neither,0.04565092567472396,0.39418898893648374,0.5601600853887923
cabbage scent at it again,neither,0.03572868115426899,0.3822314591079364,0.5820398597377946
Give us an Archefey Warlock with Artagan as the Patron!!!!,neither,0.05378441310038044,0.36607132379929275,0.580144263100327
VECNA HAS RETURNED! Hes blotted out the sky!,neither,0.035220731866451735,0.3245344590272674,0.6402448091062808
clearly we dont have darkvison,neither,0.03870062928769975,0.34314932039363183,0.6181500503186683
oh that is probably a given that matt will get emotional if their is wine involved,neither,0.03542895235548132,0.37332253440744767,0.591248513237071
We are trying to fix it now.,neither,0.06984082385007698,0.2875296812273787,0.6426294949225444
yes black for me,neither,0.04406495188676241,0.31846161707584403,0.6374734310373934
TriHard screen panicBasket,neither,0.03945320844208391,0.33037608806864915,0.630170703489267
"@QueenOfDisks chill.. it's on their end, not ours",neither,0.03519666018802674,0.34525487716724235,0.619548462644731
lol,neither,0.020706217963973744,0.4882283491876925,0.4910654328483337
"Imagine a dark screen, if you will",neither,0.03582102613161032,0.39430968816639106,0.5698692857019986
if they just show fan art i can at least get my fix before next week lol,neither,0.023224849509594463,0.45513388615297273,0.521641264337433
black screen here,neither,0.147768648725747,0.25860192019082434,0.5936294310834286
"BEEPBEEP & BIDET from Madisonville, Tx",neither,0.04081748366884477,0.3072207769958956,0.6519617393352596
Squid1 Squid2 Squid2 Squid3 Squid2 Squid2 Squid4,neither,0.03945320844208391,0.33037608806864915,0.630170703489267
black!,neither,0.10239964558054145,0.28810026718488857,0.6095000872345699
"yes its black screen atm, and yes they know^^",neither,0.04603512897959962,0.29644492124975996,0.6575199497706404
BLACKSCREEN MAN,offensive_language,0.040018442559345856,0.5018538837344726,0.4581276737061815
CoolStoryBob,neither,0.03945320844208391,0.33037608806864915,0.630170703489267
@potapeno It is black for me,neither,0.055405832013657404,0.31368516860650697,0.6309089993798356
Oh this music is great,neither,0.05177493663572675,0.2527711988163019,0.6954538645479713
"Okay, good to know that I'm not the only one who failed their Con save against Blindness! :)",neither,0.039739372878410624,0.3796727333930497,0.5805878937285398
"by the look of the bars, id guess the visual is off for now",neither,0.04021246038570986,0.30950832344535206,0.650279216168938
dndNat1,neither,0.03945320844208391,0.33037608806864915,0.630170703489267
"I mean, we all /are/ humans",neither,0.06779577135989875,0.3565323472014407,0.5756718814386605
this is my first time watching live im so excited!!!!,neither,0.0324431388326927,0.4618920438462374,0.5056648173210699
#WeKnow,neither,0.03945320844208391,0.33037608806864915,0.630170703489267
yes it's just audio right now all is OK,neither,0.04096882846965325,0.41065507956430797,0.5483760919660389
Black screen here too,neither,0.13336045860382922,0.27009145985973054,0.5965480815364403
FIRST TIME WATCHING,neither,0.029989397366152245,0.3569857709202996,0.613024831713548
anyone else have sound but black screen?,neither,0.051278875880197375,0.33178405191109095,0.6169370722087117
More anniversary spam!,neither,0.04109674342895802,0.3217869560189665,0.6371163005520755
Any here any BOOPS?,neither,0.08594852134710282,0.2930826361144253,0.6209688425384717
gandsFail gandsFail gandsFail gandsFail gandsFail gandsFail gandsFail gandsFail gandsFail gandsFail gandsFail gandsFail gandsFail gandsFail gandsFail gandsFail gandsFail gandsFail,neither,0.03945320844208391,0.33037608806864915,0.630170703489267
Is this week or next the first CR of the year,neither,0.037724715976053036,0.31845778130892943,0.6438175027150176
how do I get rid of the pause and volume indicators on the screen,neither,0.03702422727211008,0.30281287999818585,0.6601628927297041
I’m so excited,neither,0.03940839469474773,0.3948270312238364,0.565764574081416
:D,neither,0.03945320844208391,0.33037608806864915,0.630170703489267
I love the music regardless,neither,0.03564616348223094,0.3272383135647601,0.637115522953009
This fan art is nifty,neither,0.04770928508290468,0.3291032909984515,0.6231874239186438
"Debating whether to stick around and watch this, considering I haven't quite caught up with the end of the campaign yet",neither,0.03703529492540906,0.3346035374454945,0.6283611676290966
thsy will habe to film s new intro with the new chataters r,neither,0.04040540828811475,0.20756279595829435,0.7520317957535909
Black Screen might just be because there's no fan art video to play.,neither,0.056216306884090225,0.25948419760517494,0.6842994955107349
bees knees everyone,neither,0.034124161923857865,0.4208239151861078,0.5450519228900343
monkaS C-chat h-hold me...,neither,0.031853988893987294,0.37168333827487726,0.5964626728311354
snowyLove snowyLove snowyLove,neither,0.03945320844208391,0.33037608806864915,0.630170703489267
Black screen for me,neither,0.04350178841420077,0.31968752567521846,0.6368106859105807
bidet from sydney. happy new year you wonderful people.,neither,0.08027322127053467,0.2819215287913067,0.6378052499381586
Greetings all.,offensive_language,0.046917543854519406,0.6277741405869331,0.3253083155585475
Bidet from Montreal!,neither,0.04062582848913359,0.31047366557575606,0.6489005059351104
ok good,neither,0.03838891738135901,0.3320475228121136,0.6295635598065273
Whats happening tonight on Critical Role?,neither,0.036009568251790025,0.32416166018202236,0.6398287715661877
gandsFail,neither,0.03945320844208391,0.33037608806864915,0.630170703489267
"Danoba, don't let Matt get to much and wine this time and keep some tissues handy for him, k?",neither,0.024599519254240216,0.3134560404914776,0.6619444402542821
The talksmachina tonight live or pre-recorded?,neither,0.040138924624066555,0.3020176101368906,0.6578434652390428
OH! THE TRAVESTY!,neither,0.047787162185831934,0.2047922699163975,0.7474205678977706
Bidet from the Netherlands,neither,0.0395975487247086,0.2929303761973238,0.6674720750779677
Have they scheduled Chris Hardwick to guest again so they can steal some magic items off him again?,neither,0.036645217985866535,0.3834609448865856,0.5798938371275478
"@virgodrag0n excuse me, my good human, but I'm a Barbarian Satyr tyvm",neither,0.09367270611387217,0.31029069162804074,0.5960366022580871
I'm seeing bars and black screen,neither,0.05566612502358099,0.28139256659761314,0.6629413083788058
Have sound and black screen.,neither,0.057867470383173775,0.2826180116824402,0.659514517934386
Whats this music from? I know its basically the theme song,neither,0.03539198804827435,0.31598630209841416,0.6486217098533115
"@agent101606 next week, January 11 is the new campaign",neither,0.04624918851756617,0.26731097815959926,0.6864398333228346
happy new year from Italy.,neither,0.04335437010987048,0.23981665507312322,0.7168289748170062
gandsSubHype gandsSubHype gandsSubHype gandsSubHype gandsSubHype gandsSubHype gandsSubHype,neither,0.03945320844208391,0.33037608806864915,0.630170703489267
music sounds like LOTR :),neither,0.048665392348082724,0.3439070264793437,0.6074275811725737
what better way to suffer through wisdom tooth removal afterpains than with critrole!!! super excited,neither,0.038943951706364416,0.35170705917144424,0.6093489891221913
anyone else addicted to they are billions already?,neither,0.0661995838263191,0.30438679196137347,0.6294136242123074
Bidet from California,neither,0.06971251856910227,0.2972619859879888,0.633025495442909
"Wow, for a moment there Matt and Brian were bars of color",neither,0.03666669396950421,0.26005669717969077,0.7032766088508051
Bidet!,neither,0.03945320844208391,0.33037608806864915,0.630170703489267
"<<< a Q&A ( described as a fireside chat ) scheduled on CR this evening, new campaign begins Thursday the 11th .",neither,0.038550652706210935,0.30672292879820945,0.6547264184955798
i really like their use of shadows in this one.,neither,0.020742669900458234,0.44272191571766917,0.5365354143818726
bidet from Melbourne,neither,0.04228451509352876,0.2823214250720796,0.6753940598343917
I hear and see nothing.....,neither,0.03591336444545626,0.334749652568873,0.6293369829856706
Bidet from Sydney,neither,0.04062582848913359,0.31047366557575606,0.6489005059351104
"Bidet from Nashville, y'all",neither,0.04296071041436591,0.39318877072093156,0.5638505188647025
Bidet from Toronto. Happy New Year yall!,neither,0.04200965773714188,0.2649183681594285,0.6930719741034297
I can hear music but see nothing,neither,0.034478816425926005,0.3745873689436449,0.590933814630429
theyre workin on it ;),neither,0.03578822305494598,0.3426901503126605,0.6215216266323935
didn't i hear somewhere this is only supposed to be like an hour and a half long?,neither,0.043508437305874836,0.33561140013989976,0.6208801625542254
@Zpui Fireside Q&A,neither,0.03945320844208391,0.33037608806864915,0.630170703489267
so... technical difficulties with video?,neither,0.031017413384777776,0.3139406334615561,0.6550419531536661
I also would like to know about the smeagul character that vax killed in the titan,neither,0.04581016197189702,0.35895542379963635,0.5952344142284665
for standard broadcast it's ten seconds :P,neither,0.03445249427128507,0.3100774660616488,0.6554700396670662
You all ready for Turnt night?,neither,0.04068498157067504,0.40759585527260633,0.5517191631567185
beep beep!,neither,0.03945320844208391,0.33037608806864915,0.630170703489267
@Zpui Q&A,neither,0.03945320844208391,0.33037608806864915,0.630170703489267
Does anyone else have just a black screen but can still hear music,neither,0.03479771420565147,0.4320002181571463,0.5332020676372022
@jorak5724 Pillars of Eternity.,neither,0.03945320844208391,0.33037608806864915,0.630170703489267
Black screen also,neither,0.06249663563293084,0.31171951422244537,0.6257838501446237
Bidet~,neither,0.03945320844208391,0.33037608806864915,0.630170703489267
:P,neither,0.03945320844208391,0.33037608806864915,0.630170703489267
@Zpui some nerdy ass voice actors talk about DnD,offensive_language,0.06212769577111993,0.8729425496564653,0.0649297545724147
bidet from bidet,neither,0.04228451509352876,0.2823214250720796,0.6753940598343917
still sound and black screen,neither,0.05699601002172919,0.2891112939511498,0.653892696027121
color bars tell me there is a problem on their end,neither,0.03827435518049274,0.33480464056596515,0.626921004253542
"Bidet, from Snowy Maine!",neither,0.04069404815304118,0.30931579984010865,0.6499901520068502
On the east coast here... this starts around 10pm est right?,neither,0.06389553021049948,0.3171121597697756,0.6189923100197249
bidet from Wisconsin,neither,0.04071751644889743,0.3089174816120565,0.6503650019390461
Bidet Everybody!!!,neither,0.03945320844208391,0.33037608806864915,0.630170703489267
Good evening from Michigan,neither,0.03980223921168225,0.31515565220041014,0.6450421085879076
bidet from London Canada,neither,0.04038434874462851,0.31457220705192124,0.6450434442034502
they keep changing the resolution. bottom right,neither,0.03819602678707199,0.33178351930455946,0.6300204539083687
looks like well got stuck in the shadowfell,neither,0.047244632803805454,0.37234655548645434,0.5804088117097402
i see nothing,neither,0.03552390303723576,0.39706665545887476,0.5674094415038894
Bidet to all critters far and wide!!❤,neither,0.0471286035022051,0.35201216058228096,0.600859235915514
bidet @feythor good to see a fellow dutchie at this late hour :),neither,0.04315887121490415,0.3465302131954049,0.6103109155896909
Screen is black,neither,0.08307014341484217,0.3033239415356342,0.6136059150495237
snowyHype snowyHype snowyHype,neither,0.03945320844208391,0.33037608806864915,0.630170703489267
Looks like someone rolled a FBfirst FBfirst with advantage...,neither,0.037729747138021894,0.3705099679918795,0.5917602848700985
lol thanks,neither,0.025686929906610204,0.3825841739419974,0.5917288961513923
Bidet!,neither,0.03945320844208391,0.33037608806864915,0.630170703489267
"bidet from London, Canada!",neither,0.04038434874462851,0.31457220705192124,0.6450434442034502
I think the cast was just prismatic sprayed. I saw the colors.,neither,0.03590567392418939,0.3194019242183535,0.6446924018574571
"confirmed, new characters are all rogues",neither,0.061345172041815305,0.28269977749509556,0.6559550504630891
@zismarith thank you my guy,offensive_language,0.04081934429172807,0.5230639914336795,0.4361166642745922
"Bidet from Perth, Western Australia",neither,0.040334677536117594,0.315415257091876,0.6442500653720065
PowerUpR,neither,0.03945320844208391,0.33037608806864915,0.630170703489267
The music is twin elms from pillars of eternity,neither,0.04732643899111582,0.2960423130848776,0.6566312479240067
"Bidet from Perth, Aus :)",neither,0.04228451509352876,0.2823214250720796,0.6753940598343917
"""Beep Beep"" from London, UK",neither,0.04041434174027285,0.3140631476403557,0.6455225106193715
Bidet from Illinois,neither,0.04069404815304118,0.30931579984010865,0.6499901520068502
ob,neither,0.03945320844208391,0.33037608806864915,0.630170703489267
hey is it really just a black screen right now or should i be seeing fanart?,neither,0.06451861801181394,0.3723444720763477,0.5631369099118383
gandsSubHype gandsSubHype gandsSubHype gandsSubHype,neither,0.03945320844208391,0.33037608806864915,0.630170703489267
Bidet from Houston Texas.,neither,0.040553695508357114,0.31169795051161153,0.6477483539800314
bidet,neither,0.03945320844208391,0.33037608806864915,0.630170703489267
The music is Twin Elms from the Pillars of Eternity Soundtrack by Justin Bellyoutu.be/WYMLvmilS24,neither,0.04498552721784194,0.32622265293397684,0.6287918198481812
"There's no fan art yet, lol",neither,0.03259923721345292,0.3502071500754564,0.6171936127110907
"Bidet and Beep Beep from Nashville, TN",neither,0.039618715792848265,0.27971990106412287,0.6806613831430289
is the screen black for anyone else xd first time watching it live,neither,0.04792111845846012,0.3010326953851569,0.651046186156383
whats going on today?,neither,0.03375210578239584,0.34919952518825714,0.617048369029347
woooooo @sir_sparhawk97 same here,neither,0.14187967449237004,0.2733123625359359,0.584807962971694
"Bidet from Durham, UK!",neither,0.04038150078596344,0.3146205443430473,0.6449979548709892
bidet,neither,0.03945320844208391,0.33037608806864915,0.630170703489267
"Wow, that last picture of the new cast in a dark room was really cool, but I'm surprised they did it in an art segment instead of on the first episode!",neither,0.03342563478673438,0.3083951203358277,0.658179244877438
I got black screen as well @GeekandSundry,neither,0.05565825373720257,0.3920312100178753,0.5523105362449222
Bidet from Iowa!,neither,0.04069404815304118,0.30931579984010865,0.6499901520068502
@Azurewren yo! Perth,offensive_language,0.04010381111145228,0.5271105317972344,0.4327856570913131
hey does the cast take questions from chat im new to stream,neither,0.03588403480577249,0.35464221315407096,0.6094737520401564
Clearly the black screen indicates a nat 20 for stealth,neither,0.04720382333779798,0.28600300010588775,0.6667931765563143
Bidet from Nor Cal,neither,0.040408207780639874,0.31416725694368625,0.6454245352756738
all new characters have luck,neither,0.0439680143368907,0.31814545210236955,0.6378865335607398
"Black screen for everyone else, right?",neither,0.04287040574619655,0.38963140001961033,0.567498194234193
"So, how long after VM is this gonna be?",neither,0.04623529894171213,0.41986342416093325,0.5339012768973546
gandsSubHype gandsSubHype gandsSubHype,neither,0.03945320844208391,0.33037608806864915,0.630170703489267
"Bidet from Melbourne, Australia!",neither,0.04062582848913359,0.31047366557575606,0.6489005059351104
"bidet from london, uk",neither,0.04041434174027285,0.3140631476403557,0.6455225106193715
@Henchman2121 that was actually a prismatic wall Kappa,neither,0.036348090891438214,0.36460560115333207,0.5990463079552296
new charcters are all bards,neither,0.11335117101494485,0.21232464638709306,0.6743241825979621
gandsMatt,neither,0.03945320844208391,0.33037608806864915,0.630170703489267
Bidet from Texas.,neither,0.040937266849991,0.30518774380265185,0.6538749893473571
over under Sam is a kobold,neither,0.04410659580739232,0.32956560483512265,0.6263277993574851
hello all,neither,0.04217753453783664,0.43734383323855475,0.5204786322236087
is crit role this week?,neither,0.047893298666840785,0.3290717224994703,0.6230349788336889
Darkness pictures KappaRoss,neither,0.03945320844208391,0.33037608806864915,0.630170703489267
bidet from bowling green!,neither,0.04157153321422922,0.28725778581029854,0.6711706809754723
Critical role Q&A...at dark,neither,0.03881522036806715,0.3498098191585472,0.6113749604733856
anyone else have a black screen,neither,0.057197557288437804,0.3230391478385845,0.6197632948729778
"@Elaredorne It is, they are working on it",neither,0.06989735475221386,0.2949912969035031,0.635111348344283
It might be a Mattbot replacing the real Matt,neither,0.03305336590503439,0.40893785347872813,0.5580087806162375
omg,neither,0.03945320844208391,0.33037608806864915,0.630170703489267
they are having technical issues,neither,0.06766134207910227,0.282133083929042,0.6502055739918556
ONE WEEK!,neither,0.03813787496110393,0.37863427091619273,0.5832278541227035
KappaPride,neither,0.03945320844208391,0.33037608806864915,0.630170703489267
bidet from Bath,neither,0.04071751644889743,0.3089174816120565,0.6503650019390461
gandsFail,neither,0.03945320844208391,0.33037608806864915,0.630170703489267
Bidet from frozen-balls Baltimore... I forgot tonight was even supposed to be anything... lol,neither,0.04036742225221259,0.42685744502713263,0.5327751327206548
if i remember correctly this music was from Pillars Of Eternity,neither,0.026566018200701348,0.36135019824185466,0.612083783557444
hello from Ohio,neither,0.04047239611563269,0.3130778133806527,0.6464497905037146
Hey from the uk!,neither,0.03958730222058713,0.2953547417475007,0.6650579560319122
RIP,neither,0.03945320844208391,0.33037608806864915,0.630170703489267
bidet from Toronto Canada,neither,0.040371808140217125,0.31478505383715205,0.6448431380226308
dolors,neither,0.03945320844208391,0.33037608806864915,0.630170703489267
They all rolled gandsNatTwenty on stealth and got Pass Without A Trace and Vax's modifiers.,neither,0.03666282486982802,0.357210309802111,0.6061268653280611
Bidet all,offensive_language,0.046917543854519406,0.6277741405869331,0.3253083155585475
oh what,neither,0.06115508275994106,0.23620280703610996,0.702642110203949
"Bidet from London, Ontario.",neither,0.04034574383703774,0.31522743308451706,0.6444268230784452
woa woa,neither,0.03945320844208391,0.33037608806864915,0.630170703489267
bidet from plano texas,neither,0.040520933838602655,0.3122540015484896,0.6472250646129077
"Getting so close to being caught up for the start of the new campaign, on episode 107, bought to finish it",neither,0.03595031579519203,0.35007312082789804,0.61397656337691
DUCK,neither,0.03945320844208391,0.33037608806864915,0.630170703489267
Bidet from Michigan!,neither,0.040769555981420263,0.3080342349327864,0.6511962090857933
WutFace,neither,0.03945320844208391,0.33037608806864915,0.630170703489267
NO,neither,0.036918905254960256,0.37338982715841207,0.5896912675866277
New CR episode is Jan 11,neither,0.047369853164143154,0.26962908064656854,0.6830010661892884
monkaS,neither,0.03945320844208391,0.33037608806864915,0.630170703489267
Bidet from oklahoma,neither,0.04066490145509902,0.30981049537100724,0.6495246031738937
MrDestructoid MrDestructoid,neither,0.03945320844208391,0.33037608806864915,0.630170703489267
"@rhinohide77 My apologies, my good Satyr, I did not know there were any of your kind in this universe, otherwise I would have been more careful with my words.",neither,0.029688151956628987,0.42178235459934266,0.5485294934440282
@Loxsly we won't find out until next week,neither,0.03852665036881915,0.28065665591458444,0.6808166937165965
Bidet,neither,0.03945320844208391,0.33037608806864915,0.630170703489267
bidet from Glasgow Scotland !!!!!,neither,0.04062582848913359,0.31047366557575606,0.6489005059351104
Bidet from Mississippi!,neither,0.040754399270683486,0.3082914838698526,0.650954116859464
fail,neither,0.03945320844208391,0.33037608806864915,0.630170703489267
KappaPride,neither,0.03945320844208391,0.33037608806864915,0.630170703489267
gorgeous test screen,neither,0.03945320844208391,0.33037608806864915,0.630170703489267
KappaPride ?,neither,0.03945320844208391,0.33037608806864915,0.630170703489267
bidet from Willoughby Ohio. beep beep.,neither,0.040754399270683486,0.3082914838698526,0.650954116859464
panick panick all,offensive_language,0.046917543854519406,0.6277741405869331,0.3253083155585475
Bidet from North Carolina,neither,0.04040057148408362,0.31429686482539193,0.6453025636905245
colors,neither,0.03945320844208391,0.33037608806864915,0.630170703489267
bidet from north vancouver!,neither,0.04079557052152802,0.30759270029461827,0.6516117291838538
bidet from Paris,neither,0.04071751644889743,0.3089174816120565,0.6503650019390461
oh noe,neither,0.051363287716059566,0.22255663153133606,0.7260800807526044
Bidet from Tennessee!,neither,0.04071751644889743,0.3089174816120565,0.6503650019390461
Bidet!,neither,0.03945320844208391,0.33037608806864915,0.630170703489267
This is only a test,neither,0.049486915141953955,0.32879328777359973,0.6217197970844462
-Excited dance-,neither,0.03945320844208391,0.33037608806864915,0.630170703489267
*Shakes fist* MATTBOT!!!!,neither,0.03945320844208391,0.33037608806864915,0.630170703489267
Bidet from Michigan,neither,0.040769555981420263,0.3080342349327864,0.6511962090857933
@nutellaicecream oh no...at this low level they are all doomed.,neither,0.06758472119032714,0.34216295930020807,0.5902523195094648
That's better.,neither,0.032263869722584625,0.40961070324178983,0.5581254270356256
bidet from Arizona!,neither,0.04078317879478948,0.307803020237201,0.6514138009680096
KappaPride,neither,0.03945320844208391,0.33037608806864915,0.630170703489267
I thought I was going crazy when I heard the CR music in the background and saw a black screen XD,neither,0.03678784263680173,0.33135152354415864,0.6318606338190396
very colorful now lol,neither,0.03259511009585935,0.3795624941609001,0.5878423957432406
look at the colors on the wall man :P,neither,0.0365738510387014,0.37989082497859833,0.5835353239827002
lol i wonder if sam had matt suggest a character again,neither,0.024887745094685138,0.40911098233548865,0.5660012725698261
gandsGandsVaxSigil gandsGandsVaxSigil gandsGandsVaxSigil,neither,0.03945320844208391,0.33037608806864915,0.630170703489267
Rip D:,neither,0.03945320844208391,0.33037608806864915,0.630170703489267
Bidet!,neither,0.03945320844208391,0.33037608806864915,0.630170703489267
Bidet from Phoenix AZ,neither,0.04039617012658628,0.31437156734874944,0.6452322625246643
9 pm and all ready 6 below zero,neither,0.039931473973028896,0.3488913938626328,0.6111771321643384
I'm pretty sure the music is from POE and all I see is black,neither,0.06582234264699843,0.40922212157996785,0.5249555357730338
Bidet,neither,0.03945320844208391,0.33037608806864915,0.630170703489267
CoolStoryBob,neither,0.03945320844208391,0.33037608806864915,0.630170703489267
gandsSCANLAN gandsSCANLAN gandsSCANLAN gandsSCANLAN gandsSCANLAN,neither,0.03945320844208391,0.33037608806864915,0.630170703489267
Bidet from Florida,neither,0.0408948396164547,0.30590784468201904,0.6531973157015263
Bidet from Nova Scotia,neither,0.04228451509352876,0.2823214250720796,0.6753940598343917
This is a test of the emergency broadcast system.,neither,0.044054240274512324,0.3188409999099315,0.6371047598155563
Vecna no swiping,neither,0.036918905254960256,0.37338982715841207,0.5896912675866277
Chromatic sphere?,neither,0.03945320844208391,0.33037608806864915,0.630170703489267
"Bidet from Austin, TX",neither,0.0404991143919742,0.31262433450199256,0.6468765511060333
vox machine hit,neither,0.03945320844208391,0.33037608806864915,0.630170703489267
Bidet from Florida,neither,0.0408948396164547,0.30590784468201904,0.6531973157015263
Bidet from Washington.,neither,0.04080695066346891,0.3073995495860776,0.6517934997504536
"sure, sure",offensive_language,0.030544123004943555,0.5442266193377375,0.42522925765731895
First time watching live what whaaat!!!,neither,0.04008363721393096,0.34307421009431055,0.6168421526917585
First live show,neither,0.053439449784434545,0.24088029485424947,0.7056802553613161
Do you know the way?,neither,0.06559845402029497,0.3702056297952919,0.5641959161844131
Bidet from the cia,neither,0.039779025773403386,0.2539611253407979,0.7062598488857987
Bidet from North Carolina,neither,0.04040057148408362,0.31429686482539193,0.6453025636905245
Hit the button Chief,neither,0.03866767551455342,0.3160514053022859,0.6452809191831608
bidet from cali,neither,0.04079557052152802,0.30759270029461827,0.6516117291838538
gandsNopeNopeNope,neither,0.03945320844208391,0.33037608806864915,0.630170703489267
gotta love that 8bit color scheme,neither,0.03386852773865335,0.3965769785445826,0.569554493716764
"Oh No, its the evil colored bars of death!",neither,0.03886246993658673,0.1205234750059776,0.8406140550574357
technical difficulties,neither,0.03945320844208391,0.33037608806864915,0.630170703489267
yay Michigan people. It is super cold,neither,0.06627833677815495,0.3264010503763785,0.6073206128454665
bidet from oklahoma,neither,0.04066490145509902,0.30981049537100724,0.6495246031738937
colors are classes,neither,0.06436253911949073,0.28686430067007473,0.6487731602104346
This is a test of the Whitestone emergency system,neither,0.04478552567927439,0.3171705875334588,0.6380438867872668
"@alaktyrr HEYA, AZ here too.. there are a few of us about!",neither,0.15583601636392633,0.24680165463841455,0.5973623289976591
Albuquerque has been bone dry for 90 days,neither,0.03518904552438513,0.3078621432061704,0.6569488112694445
BibleThump BibleThump BibleThump BibleThump,neither,0.03945320844208391,0.33037608806864915,0.630170703489267
Bidet from cork ireland,neither,0.040334677536117594,0.315415257091876,0.6442500653720065
yay its back,neither,0.03305019067360866,0.3325783794934655,0.6343714298329258
"Live from 12:00Pm Friday, 2018 -- in Tokyo, Japan",neither,0.042670916244806366,0.3191750837621894,0.6381539999930043
Bidet from Nova Scotia,neither,0.04228451509352876,0.2823214250720796,0.6753940598343917
There we go!,neither,0.04083933629015207,0.27628362646603744,0.6828770372438104
Oh No Stripes!,neither,0.04751210705993949,0.26629718932274826,0.6861907036173122
YaaY!,neither,0.03945320844208391,0.33037608806864915,0.630170703489267
Bidet from philly.,neither,0.040769555981420263,0.3080342349327864,0.6511962090857933
:o,neither,0.03945320844208391,0.33037608806864915,0.630170703489267
there we go,neither,0.04083933629015207,0.27628362646603744,0.6828770372438104
Art,neither,0.03945320844208391,0.33037608806864915,0.630170703489267
NotLikeThis,neither,0.03945320844208391,0.33037608806864915,0.630170703489267
Art!,neither,0.03945320844208391,0.33037608806864915,0.630170703489267
there we go,neither,0.04083933629015207,0.27628362646603744,0.6828770372438104
Bidet from Arizona,neither,0.04078317879478948,0.307803020237201,0.6514138009680096
for a sex,offensive_language,0.016803793188636618,0.6502706802203648,0.3329255265909986
yeeeey,neither,0.03945320844208391,0.33037608806864915,0.630170703489267
"Bidet from Kennebunk, Maine!",neither,0.04069404815304118,0.30931579984010865,0.6499901520068502
art!,neither,0.03945320844208391,0.33037608806864915,0.630170703489267
Taste the motherfucking rainbow KappaPride,neither,0.03873351230716688,0.31727527593922844,0.6439912117536047
Kiki!,neither,0.03945320844208391,0.33037608806864915,0.630170703489267
video.... bars,neither,0.045961617640095695,0.21991139838389712,0.7341269839760072
yay art,neither,0.03945320844208391,0.33037608806864915,0.630170703489267
There we go,neither,0.04083933629015207,0.27628362646603744,0.6828770372438104
Nice,neither,0.03945320844208391,0.33037608806864915,0.630170703489267
thanks crew!,neither,0.03704741878065195,0.31023031517855193,0.6527222660407961
bidet from Colorado!,neither,0.04066490145509902,0.30981049537100724,0.6495246031738937
momentarily,neither,0.03945320844208391,0.33037608806864915,0.630170703489267
fack,neither,0.03945320844208391,0.33037608806864915,0.630170703489267
we almost have it lol,neither,0.028924388525132655,0.4065340509346451,0.5645415605402221
fanart !!,neither,0.03945320844208391,0.33037608806864915,0.630170703489267
fanart PogChamp,neither,0.03945320844208391,0.33037608806864915,0.630170703489267
HOLD ME,neither,0.02880492473016245,0.38998117958657785,0.5812138956832598
bidet from Germany,neither,0.04069404815304118,0.30931579984010865,0.6499901520068502
YAY!,neither,0.03945320844208391,0.33037608806864915,0.630170703489267
sec*,neither,0.03945320844208391,0.33037608806864915,0.630170703489267
or not,neither,0.03683408945930804,0.340343802788944,0.6228221077517478
We have... had... pictures. There we go.,neither,0.039651970892585583,0.3098415620981989,0.6505064670092154
bidet from the great white north,hate_speech,0.5640610543172537,0.34965191420543335,0.08628703147731301
"Everyone on East Coast, how you handling this storm>",neither,0.04227649215108781,0.4290639929586045,0.5286595148903076
gandsNatTwenty gandsCrit gandsNatTwenty gandsCrit gandsNatTwenty gandsCrit gandsNatTwenty gandsCrit gandsNatTwenty gandsCrit gandsNatTwenty gandsCrit,neither,0.03945320844208391,0.33037608806864915,0.630170703489267
Almost! You can do it!,neither,0.0627111227545831,0.3869981190950461,0.5502907581503708
heyy,neither,0.03945320844208391,0.33037608806864915,0.630170703489267
"yay, can see!",neither,0.03976713182299502,0.32504798901984816,0.6351848791571567
yes,neither,0.03945320844208391,0.33037608806864915,0.630170703489267
Bidet,neither,0.03945320844208391,0.33037608806864915,0.630170703489267
yaaayyyy,neither,0.03945320844208391,0.33037608806864915,0.630170703489267
Bidet from Baltimore MD,neither,0.04038150078596344,0.3146205443430473,0.6449979548709892
is there dnd tonight?,neither,0.04440302467993347,0.2730527176790857,0.6825442576409808
wooo,neither,0.03945320844208391,0.33037608806864915,0.630170703489267
Saved,neither,0.03945320844208391,0.33037608806864915,0.630170703489267
Starting the year off right LUL,neither,0.038067126317925915,0.33195454733905294,0.6299783263430211
