text,top_class,hate_speech,offensive_language,neither
is it critical role tonight?,neither,0.04240212414637032,0.3100217987563493,0.6475760770972804
"http://www.wheniscriticalrole.com/<<< a Q&A ( described as a fireside chat ) scheduled on CR this evening, new campaign begins Thursday the 11th .",neither,0.03729527193305514,0.26651308096493637,0.6961916471020085
good day @shidareAKI,neither,0.039184892391848775,0.3050917618113163,0.6557233457968349
gandsSubHype gandsSubHype gandsRyanHype gandsSubHype gandsSubHype,neither,0.03945320844208391,0.33037608806864915,0.630170703489267
Pretty sure @deanerang @Senrith_,offensive_language,0.03225335798693102,0.49895354885972726,0.4687930931533418
"i'm sorry, i'm mad right now, i can't comment on chat questions, they would turn out too mean :(",neither,0.034785350404354806,0.3536034322693449,0.6116112173263004
"WORD! I have been out of WoW for a hot minute, this should be fun.",neither,0.03907750941288471,0.35381183642667535,0.60711065416044
We have a Critical Role fireside chat happening tonight @senrith_,neither,0.037386017690564995,0.3232409706255475,0.6393730116838875
":Old Gods"" being Michael Jordan and Bobby Orr?",neither,0.03586925111995615,0.3220853325350539,0.6420454163449899
ALL HAIL GLITTERLORD!!!,neither,0.04167083427717469,0.4183849112737958,0.5399442544490295
hrpgSub hrpgHyperHype ramaHype,neither,0.03945320844208391,0.33037608806864915,0.630170703489267
"hay look, Ryan is not dead. i owe someone 5 bucks",neither,0.04440324535222265,0.3312724109352922,0.6243243437124852
ryan is still a handsome devil,neither,0.044915692130316175,0.33964617841578426,0.6154381294538995
lol,neither,0.020706217963973744,0.4882283491876925,0.4910654328483337
Kol_Drake no Joe Montana and Jerry Rice,neither,0.04127734451972653,0.25884774407696903,0.6998749114033046
Hi Ryan!,neither,0.03945320844208391,0.33037608806864915,0.630170703489267
Night everyone :),neither,0.023691815838413854,0.46065826703952206,0.515649917122064
,neither,0.03945320844208391,0.33037608806864915,0.630170703489267
RAAAID!,neither,0.03945320844208391,0.33037608806864915,0.630170703489267
EnthuisARMY :),neither,0.03945320844208391,0.33037608806864915,0.630170703489267
It’s the Enthusiarmy!,neither,0.03324079787543189,0.28729122359747633,0.6794679785270917
#Enthusiarmy RAID,neither,0.03945320844208391,0.33037608806864915,0.630170703489267
!,neither,0.03945320844208391,0.33037608806864915,0.630170703489267
EnthusiARMY RAID,neither,0.03945320844208391,0.33037608806864915,0.630170703489267
Respect to that dude's hair.,neither,0.04205314846256756,0.3689707488634944,0.588976102673938
Hi Amy and Raiders,neither,0.03882182104596303,0.2990983243771988,0.6620798545768382
RAID!,neither,0.03945320844208391,0.33037608806864915,0.630170703489267
Sup Glitterlord,neither,0.03945320844208391,0.33037608806864915,0.630170703489267
heh... that's a different pantheon @Highfarm73,neither,0.03581923738809235,0.3698576477014334,0.5943231149104742
gandsDrink,neither,0.03945320844208391,0.33037608806864915,0.630170703489267
#Enthusiarmy RAID!,neither,0.03945320844208391,0.33037608806864915,0.630170703489267
Enthusiarmy raid!!!,neither,0.03945320844208391,0.33037608806864915,0.630170703489267
"woo! Thanks for the raid, Amy!!",neither,0.034054183955956455,0.29264884463011503,0.6732969714139285
Enthusiamy AID,neither,0.03945320844208391,0.33037608806864915,0.630170703489267
"clearly Ryan heard the call of the void, and the EnthusiARMY answered!",neither,0.03754924306130551,0.2780821075866823,0.6843686493520122
Woooooo to the Raiding of the thing!,neither,0.046755442121941125,0.2833251456287263,0.6699194122493326
#EnthisuArmy,neither,0.03945320844208391,0.33037608806864915,0.630170703489267
tinytatoBallpit tinytatoBallpit,neither,0.03945320844208391,0.33037608806864915,0.630170703489267
what is subject today?,neither,0.052849080336656536,0.3010382784565487,0.6461126412067949
We have a subscriber-only Discord server! Join here: https://discord.gg/geekandsundry (you'll need to sub and link it to your Twitch) and be a part of the fun!...Warning: It can take up to an hour for the server to update and give you access to the channels,neither,0.08464076273808444,0.286394834032893,0.6289644032290227
EnthusiARMY RAID!,neither,0.03945320844208391,0.33037608806864915,0.630170703489267
Enthusiarmy RAID,neither,0.03945320844208391,0.33037608806864915,0.630170703489267
I feel like I'm listening to a preacher give a sermon right now,neither,0.05195217799018325,0.35211985383823075,0.5959279681715861
Talking about Warcraft lore @ghostdog0927 :D,neither,0.03671166267583391,0.3769072745862187,0.5863810627379473
Welcome Amy and raiders.,neither,0.038822933363010945,0.2991577467117473,0.6620193199252418
where is critical roll?,neither,0.04921716462165937,0.2977564975578956,0.6530263378204451
EnthusiArmy RAID!,neither,0.03945320844208391,0.33037608806864915,0.630170703489267
I think I would have enjoyed something other than Warcraft :(,neither,0.038627171466011724,0.33222303356709065,0.6291497949668977
hrpgSub hrpgHyperHype ramaHype,neither,0.03945320844208391,0.33037608806864915,0.630170703489267
Over done,neither,0.033876016879599354,0.35271861439180846,0.6134053687285922
@YebbaDebba thanks,neither,0.035884468650613,0.3004919205142699,0.6636236108351171
@backatcha00 in about 3 hours,neither,0.03739236851081592,0.3653539200659071,0.5972537114232771
"@wisdomsavingthrow preach the gospel, son!",neither,0.03870155407714647,0.3166817942392966,0.6446166516835569
Welcome Enthusiarmy and thank you for joining us!,neither,0.07747705459541533,0.3045454940336428,0.6179774513709418
"Help G&S make great content! $4.99/month gets you emotes, Minecraft server access, Sub Only VODs, and more! Every sub keeps the channel alive! twitch.tv/geekandsundry/subscribe",neither,0.043907990691603095,0.31135964332838284,0.644732365980014
"http://www.wheniscriticalrole.com/<<< a Q&A ( described as a fireside chat ) scheduled on CR this evening, new campaign begins Thursday the 11th . @backatcha00",neither,0.03729527193305514,0.26651308096493637,0.6961916471020085
gandsRaid gandsRaid gandsRaid gandsRaid #EnthusiArmy,neither,0.03945320844208391,0.33037608806864915,0.630170703489267
!clock,neither,0.03945320844208391,0.33037608806864915,0.630170703489267
It is currently Thursday 4:04 PM at the Geek & Sundry studio in California.,neither,0.05234240336133375,0.32952281131013816,0.6181347853285281
i am guessing that a raid is it just sends us all to another channel,neither,0.09682567543676497,0.3502209252455746,0.5529533993176605
"Wow, thank you for the shout out. :)",neither,0.04092323694584746,0.3443444935102897,0.6147322695438628
Borrowed straight from D&D,neither,0.041148875469874564,0.30159619326873693,0.6572549312613886
Yeah boi now we know,neither,0.02434021629652113,0.4360832623699513,0.5395765213335276
Lore FeelsGoodMan,neither,0.03945320844208391,0.33037608806864915,0.630170703489267
Walked like Egyptians... 🎶,neither,0.0498940875531589,0.34557179072082506,0.604534121726016
haha nice @Kol_Drake :D,neither,0.03394289335757385,0.42390051582920835,0.5421565908132179
When two titans love each other very much...,neither,0.0295284370501647,0.3649648903973841,0.6055066725524512
"oh boy, that's another type of educational content O.o",neither,0.07778252756365234,0.2666330358463523,0.6555844365899953
Heh,neither,0.03945320844208391,0.33037608806864915,0.630170703489267
loremasters would also make an excellent podcast.,neither,0.039181555934494676,0.32138095582960113,0.6394374882359043
Fel could be put as CE and Void for LE.,neither,0.03399698510727579,0.3094748579186164,0.6565281569741078
has loremasters ever done the lore of Vox Machina???,neither,0.03806215534045861,0.3187718317342217,0.6431660129253198
modified HP Lovecraft critters...,neither,0.03945320844208391,0.33037608806864915,0.630170703489267
Are all these old gods based on Lovecraftian monsters?,offensive_language,0.08212091329849597,0.4649758039307049,0.4529032827707991
"C'thun Flakes. Part of this nutritious breakfast with toast, juice and milk.",neither,0.03270680596824956,0.32922930685729435,0.6380638871744562
@aurice_heartly that would be kool,neither,0.03531768456656222,0.37149261053280275,0.5931897049006349
Yes.,neither,0.03945320844208391,0.33037608806864915,0.630170703489267
Re hrpgSub hrpgHyperHype ramaHype x2,neither,0.06137740758033951,0.2971829196352787,0.6414396727843817
Y'sharrj,neither,0.03945320844208391,0.33037608806864915,0.630170703489267
"A lot of Lovecraft influence, yes",neither,0.03945320844208391,0.33037608806864915,0.630170703489267
they have tentacles,neither,0.038303808148149786,0.3498844107524445,0.6118117810994058
"As Day9 says, Y-Shar-Jay! lol",neither,0.030060382227763673,0.41862233485027,0.5513172829219665
"@aurice_heartly No, but I don't really see why we would need it, imo.",neither,0.027410260502465034,0.3560512045948538,0.6165385349026811
Fel reavers were terrifying in wow,neither,0.03973534477375283,0.310882839424145,0.6493818158021021
Cthulu F'tauguhn,neither,0.03945320844208391,0.33037608806864915,0.630170703489267
Y jar Ar jay :D,neither,0.03945320844208391,0.33037608806864915,0.630170703489267
"Matt is still building his world, once he's done I have no doubts that Ryan will be interested in doing some Loremaster on it.",neither,0.04764110728616998,0.3766235552470871,0.5757353374667429
🎶 Under the sea.... under the sea.... 🎶,neither,0.038547489584037156,0.31380437275636525,0.6476481376595976
"i miss world of warcraft. can't play it anymore, as my main laptop died, and they changed the min sys reqs, and they won't let it run on my backup lappy",neither,0.021193265493792808,0.3865257025233246,0.5922810319828825
bastards,neither,0.04268367009200489,0.3574275580174976,0.5998887718904975
"I'm kinda surprised warcraft was this complicated. Warhammer feels more straightforward compared to this, at least before ""Age of Sigmar"" happened",neither,0.04111120333264109,0.37035634955022545,0.5885324471171335
Awwwww..... thuluFAIL thuluFEELSMAN,neither,0.03945320844208391,0.33037608806864915,0.630170703489267
Yea,neither,0.03908133164861177,0.3366878077749653,0.624230860576423
"Reneliel haha yeah, I was trying to type how he says it",neither,0.03058054472436073,0.4541996210791922,0.515219834196447
funny enough the first Warcraft game (RTS) was suppose to be a Warhammer game,neither,0.03713206305285169,0.2859575329204975,0.6769104040266509
hrpgSub hrpgHyperHype ramaHype,neither,0.03945320844208391,0.33037608806864915,0.630170703489267
"Tagline 'This is super nerdy, and I love it.""",neither,0.04148229083035792,0.3075089200919711,0.651008789077671
is their critical role tonight?,neither,0.04354068714108626,0.3102603702346108,0.6461989426243029
"@Highfarm73 it's was hilarious when I heard him say it, so it must be true =P",neither,0.031774857224482166,0.38370324121441046,0.5845219015611075
Oh I am all about Warcraft Lore here LUL,neither,0.0852508734358991,0.3362682126265239,0.578480913937577
There is a Q&A tonight.,neither,0.04797513004604147,0.24754227825765004,0.7044825916963086
Thanks!,neither,0.035884468650613,0.3004919205142699,0.6636236108351171
"@stratoria it is a Q&A, game starts next week",neither,0.0437685093475178,0.3034226695429393,0.652808821109543
@stratoria Not the beginning of the new campaign but a Q&A,neither,0.037263204617687284,0.2498271946947794,0.7129096006875333
There is! The new campaign does not start until next week but there is a Q&A @stratoria,neither,0.03761952117744232,0.3175121471173998,0.644868331705158
neat-o cheeto,neither,0.03945320844208391,0.33037608806864915,0.630170703489267
I am the only one more excited for this show then the CritRole QnA tonight?,neither,0.04237795358764019,0.2439249765170123,0.7136970698953475
There was another Old God. But I'll leave it to him to talka bout if he brings it up,neither,0.05080728157543275,0.3732628862017577,0.5759298322228095
Taking the time to create a 'living game world history' allows for creative advancement AND growth instead of using a 'two line' reason for being.,neither,0.0331622016137148,0.3112549954721246,0.6555828029141606
bow down before the god of death,neither,0.035883532433468715,0.36767017510288497,0.5964462924636463
RE hrpgSub hrpgHyperHype ramaHype,neither,0.10802165902134243,0.2484119200751343,0.6435664209035233
"@ohGr Yeah, from what I've been told blizzard made the game, then asked GW, who said, ""err... Nope, shoulda asked us first."" So they just retweaked it and created warcraft",neither,0.02949038419475285,0.37051152099066637,0.5999980948145808
Never did quite beat Yogg Saron's final phase.,neither,0.03668937215862975,0.3583468971554907,0.6049637306858795
Yeah basically Comp,neither,0.020784977530090124,0.462783970999798,0.5164310514701119
hrpgSub hrpgHyperHype ramaHype !,neither,0.03945320844208391,0.33037608806864915,0.630170703489267
not at all @sermonstein !! ::fangirl clapping::,neither,0.03904169526662918,0.43970817580342497,0.5212501289299459
"@sermonstein Honestly no, I like Critical role, but I have other interests on the channel",neither,0.04008697997863904,0.3550156193319997,0.6048974006893613
"it might have been because GW had already made a deal with the ""Shadow of the Horned Rat"" people",neither,0.042992863632058155,0.3492454729315686,0.6077616634363732
