text,top_class,hate_speech,offensive_language,neither
"Tal is gonna look SUPER SWANKY tonight, I guarantee it",neither,0.0421628113376884,0.34287910123922305,0.6149580874230886
@101deadpool1017 No fire allowed in the studio sadly :P,neither,0.03807753931244335,0.3285697505899719,0.6333527100975848
@101deadpool1017 I'd love a hobo train episode tbh,neither,0.03747219458462969,0.3395200294996536,0.6230077759157167
@zathyr That sounds like so much fun!,neither,0.04115347949813782,0.4323587837732367,0.5264877367286255
I was DD for my partner and friends,neither,0.024851521254853383,0.34473623267493625,0.6304122460702105
@101deadpool1017 that's just a Monday for them,neither,0.037059496084367066,0.35683794690717435,0.6061025570084585
YES!,neither,0.03945320844208391,0.33037608806864915,0.630170703489267
LOL,neither,0.020706217963973744,0.4882283491876925,0.4910654328483337
"Okay, so it's 9 mins late, and I finished all the Shield clips, so thanks @GeekandSundry https://clips.twitch.tv/PoliteSpoopyPhoneJebaited",neither,0.0377014372528715,0.36232789906465296,0.5999706636824755
LOL,neither,0.020706217963973744,0.4882283491876925,0.4910654328483337
oh GOSH,neither,0.04522550427656808,0.27558419280407476,0.6791903029193572
AKI!,neither,0.03945320844208391,0.33037608806864915,0.630170703489267
Hallooooo Erika and Taliesin and friends!,neither,0.03781671597910991,0.22765025061072258,0.7345330334101675
OH I didn't know she had that red dress,neither,0.029193135841452417,0.42735801610516,0.5434488480533877
wow that hair!,neither,0.034704832743492245,0.38221978301069354,0.5830753842458142
Hi friends! Happy New Year!,neither,0.042681763612522766,0.25019133191554793,0.7071269044719293
"Man, not a moment to spare!",neither,0.04428037012781503,0.3870606390009448,0.5686589908712402
You gotta use a sword,offensive_language,0.019697707626166745,0.4925508318215141,0.4877514605523191
gandsSubHype gandsSubHype gandsSubHype gandsSubHype everyone so pretty,offensive_language,0.032400366591632444,0.4972916424970845,0.4703079909112831
Gina looking so amazing... and I'm so unsurprised.,neither,0.03846192158370295,0.3749491453283444,0.5865889330879527
"I do believe that is super swanky, yes",neither,0.044403409308474334,0.36526992965505684,0.5903266610364688
@cinphoria So would that be Black Monday....,neither,0.05532673342389819,0.40026204924699066,0.5444112173291111
So Dapper,offensive_language,0.039501631330860744,0.48329170807269783,0.4772066605964413
"they already failed to avoid using E, so it can't be that",neither,0.03714973272450283,0.43814738902531386,0.5247028782501832
We're starting so well as always,neither,0.05076805758209224,0.4227993102679548,0.526432632149953
Everyone looks amazing!,neither,0.033540181572040424,0.43073558582372107,0.5357242326042384
Erika proof bottle,neither,0.03945320844208391,0.33037608806864915,0.630170703489267
I hope this show doesn't end like the Great Gatsby. :(,neither,0.08643245865486628,0.18748591517435403,0.7260816261707798
gandsSubHype gandsDrink gandsSubHype gandsDrink gandsSubHype gandsDrink gandsSubHype gandsDrink gandsSubHype gandsDrink gandsSubHype gandsDrink gandsSubHype gandsDrink gandsSubHype gandsDrink gandsSubHype gandsDrink gandsSubHype gandsDrink gandsSubHype gandsDrink gandsSubHype gandsDrink,neither,0.03945320844208391,0.33037608806864915,0.630170703489267
hrpgSub hrpgHyperHype ramaHype gandsSubHype,neither,0.03945320844208391,0.33037608806864915,0.630170703489267
Twist off Champagne ... quality,neither,0.03945320844208391,0.33037608806864915,0.630170703489267
"Oh man, there was a BBC adaptation (I believe it was BBC) version of the Great Gatsby. The child in that movie was horrifying!!!",neither,0.038579567206935374,0.2994566974540913,0.6619637353389735
There were no safety warnings in the 1920s.,neither,0.03799206059545038,0.2534473336857443,0.7085606057188054
Aki got Gatsbied,neither,0.035663549208680506,0.47102480100978333,0.4933116497815363
OMG your gown EI!!!,neither,0.06256132461001843,0.3239679901677427,0.6134706852222388
I do not think giving Erika a bottle of champagne for the first time on set was a good idea.,neither,0.030274501403606994,0.3232330732928129,0.6464924253035801
And the Sparkles on AKI!,neither,0.03503176101804184,0.2877239720988722,0.6772442668830859
oh look at this lovely cast!,neither,0.04417990900091373,0.31153165390820425,0.6442884370908821
Don't get your eye like on Bitwit's channel on YouTube.,neither,0.07434009659220828,0.35812313281128716,0.5675367705965045
Hey Chat!,neither,0.03945320844208391,0.33037608806864915,0.630170703489267
Erika takes out a light bulb in 5 . . . 4 . . .,neither,0.035966048162216734,0.34364971515483256,0.6203842366829506
NO MATT,neither,0.03841525844964217,0.3479928082740095,0.6135919332763483
XD Vince and teh bow,neither,0.038727822995190536,0.29400232699200435,0.6672698500128053
Really wish I wasn't to sleepy and sick to stay up for this. This looks like the New Year's Eve celebration I wanted. Of course Gina and Erika are thoroughly on point.,neither,0.05389172054460625,0.25918324395319153,0.6869250355022023
NOT IN THE EYE,neither,0.04763664911070261,0.3124358825199431,0.6399274683693544
It's 2019 already! :D,neither,0.035259808131875646,0.36241483069101227,0.6023253611771121
Brittany!,neither,0.03945320844208391,0.33037608806864915,0.630170703489267
why is talisen the not copy written Mad Hatter,neither,0.034102107659225216,0.3316639460722165,0.6342339462685583
"Oh my gosh, everyone looks *amazing* tonight",neither,0.02954805758677379,0.4055399530312565,0.5649119893819697
The Eye of Agomotto is an excellent bottle opener.,neither,0.05010350490604097,0.31287693804445377,0.6370195570495053
Such class. Such grace and refinement. tinytatoPotato tinytatoPotato tinytatoPotato tinytatoBallpit tinytatoBallpit,neither,0.03920088028485685,0.2959932441509099,0.6648058755642332
Erika is amazing but champers-illiterate,neither,0.04355968083762496,0.3370083486457808,0.6194319705165943
huzzah!,neither,0.03945320844208391,0.33037608806864915,0.630170703489267
Patch Keys,neither,0.03945320844208391,0.33037608806864915,0.630170703489267
Seriously y'all look beautiful,neither,0.043330025088950036,0.40592756202468483,0.5507424128863653
Just don't put a whole in the roof. I almost did that once,neither,0.03357384115969845,0.3604393675815562,0.6059867912587453
Taliesan looks a little like Willy Wonka. :),neither,0.04934631973823757,0.3501217978691087,0.6005318823926538
Tal looks great,neither,0.03774251909921153,0.30767300542845133,0.6545844754723372
Happy NuuuuuYeaar Errry Body :D,neither,0.03945320844208391,0.33037608806864915,0.630170703489267
Everyone looks so good!,neither,0.03237206843248527,0.48313295203176154,0.48449497953575316
lol,neither,0.020706217963973744,0.4882283491876925,0.4910654328483337
"Bless you, Taliesin.",neither,0.06637703555667432,0.4035321832267536,0.5300907812165722
That America tie knot is on point,neither,0.1544047247038807,0.2859786677075154,0.5596166075886039
"Lets party tonight, because next week We'll be poor and facing down a World War.",neither,0.03709263220951818,0.31491439723268794,0.6479929705577939
!whodat,neither,0.03945320844208391,0.33037608806864915,0.630170703489267
"Everybody, all of your friends are here!",neither,0.22746278227968147,0.2799111220596365,0.49262609566068194
gosh everyone is so attractive,neither,0.04038058942928225,0.4440986225870209,0.5155207879836967
Gather your what,neither,0.08492239405193767,0.3148763313857336,0.6002012745623287
@canhazburritos did you see the Halloween episode?,neither,0.0532694369179828,0.3551091548025988,0.5916214082794183
Lol Taliesin. I can't wait to see the rest.,neither,0.03705086808935199,0.35801082591492295,0.604938305995725
"and future costumes are tax deductible, aren't they?",neither,0.055982696244984885,0.2710423015622599,0.6729750021927554
:O everybody is sooooooooooooo fancy :D,neither,0.04610660387645995,0.3280876802833107,0.6258057158402293
"Erika, TILT the glass xD",neither,0.03862592081621688,0.31527266449149327,0.64610141469229
feliciaYEAH feliciaYEAH feliciaYEAH,neither,0.03945320844208391,0.33037608806864915,0.630170703489267
"why thanks,GNS :P",neither,0.0221783098822226,0.32684920651279326,0.6509724836049842
This is all I want to do for my life,offensive_language,0.03426284957843829,0.4893794227412208,0.4763577276803408
Gina to the rescue <3,neither,0.046597368908440025,0.3065256714329557,0.6468769596586043
So what is the format for Gather Your Party? No more stuff like Just Dance?,neither,0.06755145733734778,0.3410591577714373,0.591389384891215
Losing lights? No worries,neither,0.038791634791588286,0.3416047194872042,0.6196036457212075
Dress up and party,neither,0.03556268654284489,0.34064506815695256,0.6237922453002026
Gina looks amazing in that outfit! wow,neither,0.03643270444062126,0.3630987561930059,0.6004685393663729
Ya'll look fancy AF,offensive_language,0.02824094061572275,0.5468335757475101,0.4249254836367671
Gina looks sooooo amazing,neither,0.03945320844208391,0.33037608806864915,0.630170703489267
New to twitch but wtf is this lol,offensive_language,0.04729665485338642,0.49976260470426703,0.4529407404423465
@captaintalon447 every week is themed,neither,0.05095641981325329,0.3264196061914156,0.6226239739953312
hello!,neither,0.03945320844208391,0.33037608806864915,0.630170703489267
"Tailasen needs the Hat, he looks like Pee Wee Herman",neither,0.05019303516892994,0.32783517846518534,0.6219717863658848
perfect pour,neither,0.03945320844208391,0.33037608806864915,0.630170703489267
who's beside Brittney?,neither,0.04019726513181824,0.40615916255469364,0.5536435723134883
Everyone looks so Fabulous!,neither,0.03402141109044682,0.45773784216391566,0.5082407467456374
!whodat,neither,0.03945320844208391,0.33037608806864915,0.630170703489267
"Everybody, all of your friends are here!",neither,0.22746278227968147,0.2799111220596365,0.49262609566068194
"@CaptainTalon447 every episode is a new and beautiful surprise, but there is always a musical guest",neither,0.046590690666569144,0.2727165714439245,0.6806927378895063
how far in ?,neither,0.03945320844208391,0.33037608806864915,0.630170703489267
I'll have to figure out how Gina's doing her hair.,offensive_language,0.03315847275224454,0.5122061335257837,0.4546353937219717
Shoulda bought some champagne glasses and done a champagne tower,neither,0.03484228242318057,0.3237089746911706,0.6414487428856489
Gina is wearing the little-seen Federation Engineering night dress uniform.,neither,0.038425278922923634,0.32185205422705043,0.6397226668500259
Gina looks fab!,neither,0.03945320844208391,0.33037608806864915,0.630170703489267
I think I almost got the green version of Erika's dress,neither,0.03904785876882031,0.3256991059138477,0.635253035317332
Vince also looks like a dream,neither,0.04768561507635981,0.3425578569147093,0.6097565280089309
Best parties? I bet he didn't even have a BALL PIT! tinytatoBallpit,neither,0.03147602392120732,0.36730628445112307,0.6012176916276695
all the flapping,offensive_language,0.041785587507551285,0.49387059749283524,0.46434381499961347
gina looks <3,neither,0.03945320844208391,0.33037608806864915,0.630170703489267
Yes what is on the agenda?,neither,0.04886609662546543,0.32148730431972355,0.629646599054811
@lord_orick just started,neither,0.032803472495977,0.36242220823605287,0.6047743192679701
@Critternation3000 Matt?,neither,0.03945320844208391,0.33037608806864915,0.630170703489267
"@Raidrith I did, but I'll admit I'm a little fuzzy beyond remembering Matt's Victor costume. ;)",neither,0.039834650450037166,0.17392054148004737,0.7862448080699155
The help's hands ... get them off the stage!,neither,0.04821601381353185,0.30649093766584606,0.645293048520622
oooh! I love Windows to Sky!!,neither,0.041988707706380086,0.33712324336834437,0.6208880489252755
No champagne pyramid?,neither,0.03842954017414374,0.34775041013688707,0.6138200496889692
@owifig Someday I'll put mine to use,neither,0.0196845480274729,0.4023663992054892,0.5779490527670379
<.<,neither,0.03945320844208391,0.33037608806864915,0.630170703489267
@Zismarith other side,neither,0.0318803589811036,0.38574984775173804,0.5823697932671583
so much flapping,neither,0.03263919147166354,0.4173937179957508,0.5499670905325856
I feel like Keith Richards probably throws a better party than Gatsby,neither,0.04437369153116846,0.35530980252984895,0.6003165059389827
Windows to Sky were great,neither,0.043361960631047546,0.2915025711915247,0.6651354681774277
Everyone looks amazing. :),neither,0.033540181572040424,0.43073558582372107,0.5357242326042384
she talks a lot,neither,0.04113406552049363,0.4295547070980451,0.5293112273814613
<3 <3 <3,neither,0.03945320844208391,0.33037608806864915,0.630170703489267
gather your dance moves,neither,0.06319770842424578,0.32379075850325384,0.6130115330725004
@canhazburritos haha he was definitely Wonka,neither,0.040277624022405825,0.4047721306016218,0.5549502453759723
@CanHazBurritos Matt's Geralt costume was the absolute best.,neither,0.03810915430107658,0.314965999398842,0.6469248463000814
OMG! that is Gina :P,neither,0.04555267061011034,0.38829319681521585,0.566154132574674
thanks for the reply @raidrith much appreciated,neither,0.03072908310181826,0.2882791403099991,0.6809917765881827
Taliesin saw Bog Mummies and won't show us pictures,neither,0.08054271329347072,0.24506941108847785,0.6743878756180514
"@Critternation3000 Oh, that's ShidareAKI!",neither,0.041653734667610604,0.31516558131817907,0.6431806840142105
Five years sounds about right,neither,0.03733018345377678,0.3683856023380805,0.5942842142081428
You've been off the air... since the 1920s!,neither,0.027211414762345173,0.32458471693377855,0.6482038683038763
@lord_orick I got your back,neither,0.1013383415888146,0.3912096016956088,0.5074520567155766
will we be dancing the Charleston Dance?,neither,0.04012305542846884,0.3002825659576532,0.659594378613878
"@Critternation3000 I believe that's Aki, one of the mods visiting from Japan",neither,0.036222743628465816,0.35784080817358127,0.6059364481979528
I want to see the bog mummies,neither,0.04529387814890612,0.3074026262495763,0.6473034956015176
there better be dancing tonight!!!!!,neither,0.0374940321024237,0.27750709968293324,0.6849988682146432
Hi all Welcome back!,neither,0.04128832207428958,0.40395105552275945,0.5547606224029511
"The author of Gatsby plagiarized his wife for that book, and had her locked in an insane asylum for calling him out on it. aurRage",neither,0.03275377523821932,0.39543608851276313,0.5718101362490177
Hi @CursedMark1,neither,0.03945320844208391,0.33037608806864915,0.630170703489267
Oh Hai !,neither,0.051363287716059566,0.22255663153133606,0.7260800807526044
"@misssunflower94 , darling, I'll show you my bog mummy pictures. you just have to ask",neither,0.06839336130068686,0.43146452038019917,0.5001421183191139
Dancing is a must!!!!,neither,0.04972488705738498,0.310093295272403,0.6401818176702121
oh yes will we 20's dance?,neither,0.04488746578888313,0.27086891592925655,0.6842436182818604
Cheers!,neither,0.03945320844208391,0.33037608806864915,0.630170703489267
I once worked for a caterer and dropped a whole rack of champagne glasses,neither,0.035752043891490115,0.2928491061414679,0.6713988499670421
"lets see up them skirts at least lol, other than that this is the most ridiculous thing I've ever seen",neither,0.02822928976774634,0.3973698340555081,0.5744008761767456
@cinphoria :o,neither,0.03945320844208391,0.33037608806864915,0.630170703489267
Jon Paul Steuer die,neither,0.16663232047541213,0.1546606573010365,0.6787070222235514
Will Matt talks about Dr. Strange ? .. lol .. I am joking here lol,neither,0.0488135141012343,0.37022050161835135,0.5809659842804143
So it's 2019 does this mean I missed the first arc of the new CR campaign? :P,neither,0.028678391560258972,0.3645857765647911,0.6067358318749498
Everyone do the Charleston!,neither,0.03223132782384504,0.44463864172293954,0.5231300304532154
The 1920s was great... until Prohibition talk started,neither,0.025436383268054523,0.3067455037064824,0.6678181130254632
,neither,0.03945320844208391,0.33037608806864915,0.630170703489267
@beer_thirty_yay bye,neither,0.03945320844208391,0.33037608806864915,0.630170703489267
ok sooo im curious when is critical role comiing back? next week?,neither,0.03690986629635599,0.38014850684765983,0.582941626855984
Can the ladies (and Vince) say where they got their outfits?,neither,0.03886280132194891,0.3010116841408159,0.6601255145372352
lol bye,neither,0.02862209854195325,0.41209004383414555,0.5592878576239012
YAS,neither,0.03945320844208391,0.33037608806864915,0.630170703489267
everyones costumes are amazing!,neither,0.06476636985530357,0.2862752665879091,0.6489583635567875
clearly to drinkt already,neither,0.04631121265915144,0.3469709966323943,0.6067177907084543
Oh wow! I didn't see Aki there! Hi Aki!,neither,0.030768397002116556,0.28947448481258353,0.6797571181853
"Dapper business lingo aside, buy low sell high. gandsTrinket",neither,0.037262884059511746,0.3823198463004469,0.5804172696400414
Gina looks like she was made to be in the 20s.,neither,0.05485190282109617,0.3971871137060966,0.5479609834728073
AKI!!!,neither,0.03945320844208391,0.33037608806864915,0.630170703489267
what is this,neither,0.07282678549990032,0.31792604547631814,0.6092471690237815
Great costumes!,neither,0.0374462170737894,0.30358903599427284,0.6589647469319377
yay Aki!,neither,0.03945320844208391,0.33037608806864915,0.630170703489267
"Aki looks so brilliant, oh gosh.",neither,0.04342595224977475,0.3265377054114273,0.630036342338798
wberyons,neither,0.03945320844208391,0.33037608806864915,0.630170703489267
We have a subscriber-only Discord server! Join here: https://discord.gg/geekandsundry (you'll need to sub and link it to your Twitch) and be a part of the fun!...Warning: It can take up to an hour for the server to update and give you access to the channels,neither,0.08464076273808444,0.286394834032893,0.6289644032290227
Cheers!,neither,0.03945320844208391,0.33037608806864915,0.630170703489267
AKI!!! WOOHOO,neither,0.03945320844208391,0.33037608806864915,0.630170703489267
!wtfisthis,neither,0.03945320844208391,0.33037608806864915,0.630170703489267
Go Brittany!,neither,0.040870718720491604,0.33529760941023345,0.6238316718692749
"This is Gather Your Party! It’s Friday night, and you know what that means… Party time! Join us for your weekly overdose of singing, dancing, and general shenanigans with all your favorite people. Gather Your Party is a must-watch variety show for your Friday night, with special guests adding to the fun while you play along at home!",neither,0.12564140794779396,0.3143328173106311,0.5600257747415749
And then there's AKI!!! gandsLessthanthree gandsLessthanthree gandsLessthanthree,neither,0.03857069142158673,0.21156972766568075,0.7498595809127324
oh my god Matt,neither,0.03279076721390075,0.3665823120018041,0.6006269207842952
@FajitasCommand This is GATHER YOUR GATSBY!,neither,0.07341683148882606,0.3215169951634147,0.6050661733477594
"Vince had a WONDERFL new years, Check out Erika's stream if you don't think he didn't :D :D :D",neither,0.03033483716386468,0.36395037372009714,0.6057147891160382
"i'm desperately waiting for vince to sing ""puttin on the ritz"" ala young frankenstein",neither,0.036229337225413286,0.3373926418667392,0.6263780209078476
Oh my god Matt,neither,0.03279076721390075,0.3665823120018041,0.6006269207842952
?,neither,0.03945320844208391,0.33037608806864915,0.630170703489267
ah the lovely wife,neither,0.03863390865025708,0.3154217960631971,0.645944295286546
"everyone looks wonderful, and I hate typing on my phone",neither,0.09720804039596997,0.3852024058532235,0.5175895537508065
@Ozai75 omg XD,neither,0.03945320844208391,0.33037608806864915,0.630170703489267
woot new crew,neither,0.04262922176432492,0.2515401437535959,0.7058306344820792
Lol Matt,neither,0.03027887083479381,0.3981251484381287,0.5715959807270774
gandsGandsRobotParty gandsGandsRobotParty gandsGandsRobotParty,neither,0.03945320844208391,0.33037608806864915,0.630170703489267
baby puppy,neither,0.03945320844208391,0.33037608806864915,0.630170703489267
i cant decide if gina or vince should win best dressed,neither,0.03366801167201261,0.3794516733691318,0.5868803149588555
cow puppy,neither,0.03945320844208391,0.33037608806864915,0.630170703489267
@Chovexani :D:D,neither,0.03945320844208391,0.33037608806864915,0.630170703489267
please don't talk about Dr.Strange lol,neither,0.021843030985410267,0.3946644442328072,0.5834925247817825
"I missed it, who's that fellow?",neither,0.03520377765128816,0.42718108203767907,0.5376151403110327
"Help G&S make great content! $4.99/month gets you emotes, Minecraft server access, Sub Only VODs, and more! Every sub keeps the channel alive! twitch.tv/geekandsundry/subscribe",neither,0.043907990691603095,0.31135964332838284,0.644732365980014
Josh Summers,neither,0.03945320844208391,0.33037608806864915,0.630170703489267
It's like the 1920's.....without all the racism...,neither,0.047764839968021125,0.378749397161699,0.5734857628702799
"to we take a drink at ""lovely wife Brittany"" during Gather Your Party the way we do at Wednesday Club? This could get dangerous...",neither,0.05236476572555229,0.3439853573197997,0.6036498769546479
HOwdy y'all,offensive_language,0.046917543854519406,0.6277741405869331,0.3253083155585475
Love SavingThrowShow,neither,0.03217296676969875,0.3657703709031763,0.602056662327125
tabletopperhat,neither,0.03945320844208391,0.33037608806864915,0.630170703489267
Who else wants to see a little Jitter Bug/ Charleston dancing?!,neither,0.04417460814419986,0.3745573336742161,0.581268058181584
So pretty,neither,0.03941169583590683,0.40875358050654265,0.5518347236575505
Saving Throw Show is such a Fabulous channel!,neither,0.05587731341276827,0.275471104783423,0.6686515818038088
!whodat,neither,0.03945320844208391,0.33037608806864915,0.630170703489267
"Everybody, all of your friends are here!",neither,0.22746278227968147,0.2799111220596365,0.49262609566068194
Anybody familiar with Lackadaisy Cats?,neither,0.03289016983106155,0.23445970967344318,0.7326501204954953
Hi @PAPerryman,neither,0.03945320844208391,0.33037608806864915,0.630170703489267
I love the 20's,neither,0.03443217686200088,0.3263970495354003,0.6391707736025988
Huzzah,neither,0.03945320844208391,0.33037608806864915,0.630170703489267
totally fancy,neither,0.03945320844208391,0.33037608806864915,0.630170703489267
@canhazburritos *raises hand*,neither,0.03945320844208391,0.33037608806864915,0.630170703489267
So Much Herpburn!,neither,0.03263919147166354,0.4173937179957508,0.5499670905325856
Gina looks amazing!,neither,0.03945320844208391,0.33037608806864915,0.630170703489267
there's a weird sync issue,neither,0.03937848115323124,0.28766416535022044,0.6729573534965483
Hepburn,neither,0.03945320844208391,0.33037608806864915,0.630170703489267
hrpgSub hrpgHyperHype ramaHype gandsSubHype,neither,0.03945320844208391,0.33037608806864915,0.630170703489267
"God, Gina is so on point tonight",neither,0.041202222339919804,0.35888791064614667,0.5999098670139336
Erika absolutely looks delicious,neither,0.03945320844208391,0.33037608806864915,0.630170703489267
I love Gina's hair tonight,neither,0.03315130300336119,0.3199746373667273,0.6468740596299114
hrpgSub hrpgHyperHype ramaHype gandsSubHype,neither,0.03945320844208391,0.33037608806864915,0.630170703489267
Lol the whodat command is suoer helpful tonight,neither,0.03577140906012448,0.3412320236746435,0.622996567265232
putting on the ritz,neither,0.036076680833506944,0.32778298461458416,0.6361403345519089
"Ask Vince about his New Years, Everyone :D :D :D",neither,0.05343034861097166,0.3630102338015716,0.5835594175874568
Is everyone going to be mid-Atlantic tonight?,neither,0.042227363998728805,0.3983076410631615,0.5594649949381097
Gina is swagtastic,neither,0.081172750358939,0.3160268245287109,0.60280042511235
is he phantom of the opera,neither,0.05321712486563425,0.3093630885198698,0.6374197866144958
!respect,neither,0.03945320844208391,0.33037608806864915,0.630170703489267
OMG ITS BLADEZZ dressed up,neither,0.031251137630549174,0.3849163380688622,0.5838325243005886
Hi all on stream and hi all in chat!,neither,0.039158417992561534,0.39436484597337856,0.56647673603406
"That hat is delightful, Vince.",neither,0.04288618754805966,0.36499057156770676,0.5921232408842335
No. Taleisin dresses like that every day.,neither,0.044878810289207226,0.38300617479078214,0.5721150149200105
indeed @misssunflower94,neither,0.03945320844208391,0.33037608806864915,0.630170703489267
They use Popcorn initiative on the show,neither,0.022205290289751163,0.3450193968060048,0.632775312904244
"lol, why does he look like he just got back from a circus funeral?",neither,0.02918253755782871,0.4777612063887924,0.493056256053379
!discord,neither,0.03945320844208391,0.33037608806864915,0.630170703489267
We have a subscriber-only Discord server! Join here: https://discord.gg/geekandsundry (you'll need to sub and link it to your Twitch) and be a part of the fun!...Warning: It can take up to an hour for the server to update and give you access to the channels,neither,0.08464076273808444,0.286394834032893,0.6289644032290227
I almost expect to see Taliesin in what Vince is wearing,neither,0.05470101547422278,0.32261856958120677,0.6226804149445704
pirates at a magicians hangout,neither,0.038755325537506304,0.35162699183241464,0.609617682630079
"Naw, a bit too flamboyant for Tal, I think",neither,0.03573322557113159,0.3081346794586468,0.6561320949702217
Sounds pretty funny,neither,0.03834330650610354,0.3492140205354691,0.6124426729584272
the smoky gray is perfect.,neither,0.04641164329316861,0.31229503759224136,0.6412933191145901
I think I'll be the judge of whether that was funny or not,neither,0.035347966408963365,0.3599097176666619,0.6047423159243748
Rum gets you fast :P,neither,0.0543552242718893,0.37260507619146077,0.57303969953665
Dressed like pirates for a magicians rum tasting? Sounds about right.,neither,0.0398786685899143,0.34622522336761435,0.6138961080424712
The SECOND time Vince dressed like a pirate because of G&S?,neither,0.04438705015910261,0.3413163538432525,0.614296595997645
Unless Tal is dressing up as the mayor of Tucson.,neither,0.04062770096859701,0.3703797269015638,0.5889925721298392
Next dress as magicians on a pirate ship. :p,neither,0.03570139193272652,0.3713103994847086,0.5929882085825648
@misssunflower94 you think maybe all Taliesin's bling is in his goth wardrobe?,neither,0.0791227994395152,0.40063228037291393,0.520244920187571
"AKI watch out, Vince kisses everyone! Have clips!",neither,0.03578056442640743,0.4087913649138787,0.5554280706597138
"as always Taliesin and Erika look wondeful, I am dazzled by tye beauty of this party",neither,0.03788080015338601,0.3968971697426361,0.5652220301039779
"Vince is the Bees Knees; give him some clams, he's a funny egg.",neither,0.0404695721616947,0.33718566857740767,0.6223447592608976
He’s a serial kisser,neither,0.045841453576720426,0.3281788776300179,0.6259796687932617
i think the bow tips it to vince for best cos,neither,0.038023799079922725,0.29352459146028737,0.6684516094597898
"Tahili, It's a magical place",neither,0.04113212631653025,0.27558779479525897,0.6832800788882109
Chez Targe',neither,0.03945320844208391,0.33037608806864915,0.630170703489267
Classic Target,neither,0.03945320844208391,0.33037608806864915,0.630170703489267
hrpgSub hrpgHyperHype ramaHype gandsSubHype,neither,0.03945320844208391,0.33037608806864915,0.630170703489267
"Tahiti, Taliesin. Tahiti is the magical place",neither,0.05038733606552547,0.2583546547393775,0.6912580091950971
It's been 32 months as a subscriber but it ends today not because of the programming here at G&S but because twitch as a service is a hot mess. you guys got me hooked on D&D and now I'm 34 years old DMing 3 games and attending acting school thank you,neither,0.051773427796585864,0.37520631575793717,0.573020256445477
Gina is straight out of Fitzgerald,neither,0.04234758084806061,0.3430361733721268,0.6146162457798127
So am I to understand the Magic Castle doesn't have a sense of humor at it's rum tastings?,neither,0.04064447087171596,0.3586350572454979,0.6007204718827862
@recklessventure K,neither,0.03945320844208391,0.33037608806864915,0.630170703489267
gina's hair tho,neither,0.03382848323975639,0.34320629051005874,0.6229652262501848
"Hey, Kelly",neither,0.03945320844208391,0.33037608806864915,0.630170703489267
Oh hai Kelly,neither,0.045756613872601194,0.27077248606354704,0.6834709000638518
@cinphoria I would absolutely eat at a Cheesy Beard's Kappa,neither,0.03857626465124547,0.34176746614456344,0.6196562692041911
Dem Feathers!!,neither,0.03945320844208391,0.33037608806864915,0.630170703489267
Hi Kelly!,neither,0.03945320844208391,0.33037608806864915,0.630170703489267
tip of the hat to @recklessventure g'day sir,neither,0.04444364040425225,0.3030505303538988,0.652505829241849
tessWAVE kelly,neither,0.03945320844208391,0.33037608806864915,0.630170703489267
lol Kelly is so amazing,neither,0.03877421560257325,0.41949553898092556,0.5417302454165013
oh Hai Kelly :D,neither,0.045756613872601194,0.27077248606354704,0.6834709000638518
"I have always liked the word ""chicanery"" but I'm not sure if it's 20's",neither,0.020791100160990908,0.4853376374442637,0.4938712623947453
"REMINDER: Twitch is running a promotion with 20% Off New Subs and Gifted Subs, and on all tiers! Read more about what defines a ""new"" sub and more here: http://bit.ly/20offSubs",neither,0.051870858804037155,0.23131868361446495,0.716810457581498
YAY!!,neither,0.03945320844208391,0.33037608806864915,0.630170703489267
Kelly <3,neither,0.03945320844208391,0.33037608806864915,0.630170703489267
YAY,neither,0.03945320844208391,0.33037608806864915,0.630170703489267
MORE TALES FROM THE LOOP,neither,0.04100633887109717,0.29596016602108693,0.6630334951078158
Which is an awesome show :D,neither,0.06383527357381068,0.25284687701703,0.6833178494091593
"The funny thing is, 1920's Scots... hasn't really changed much from modern Scots. I mean, why would it, it's only 98 years",neither,0.03357977746058243,0.32720834109111324,0.6392118814483044
Hi Kelly!,neither,0.03945320844208391,0.33037608806864915,0.630170703489267
For a second I thought that was Sax XD,neither,0.03281537705554639,0.24545066074917787,0.7217339621952757
@tomservo544 I hope so,neither,0.12463897626450345,0.20298967407480611,0.6723713496606905
KonCha kelly love the TFTL,neither,0.035097093492354826,0.32684679428285907,0.6380561122247861
Culver City? fascinating,neither,0.03945320844208391,0.33037608806864915,0.630170703489267
"Friendship is Magic, and Twilight Sparkle is BEST PONY",neither,0.0495077713358817,0.29575136641306987,0.6547408622510483
Those ponies were right: Friendship IS magic!,neither,0.06112665471852561,0.2803562185175542,0.6585171267639203
Kelly! Her hat is awesome,offensive_language,0.037512798301731425,0.5044633950619263,0.4580238066363422
more tales from the loop!!!!!,neither,0.04100633887109717,0.29596016602108693,0.6630334951078158
Talisen. Looks. Amazing. <3,neither,0.03945320844208391,0.33037608806864915,0.630170703489267
BOG MUMMIES!,neither,0.03945320844208391,0.33037608806864915,0.630170703489267
"I just choked on my snack because ""and I was very cold""",neither,0.027760872074878217,0.38066207740365005,0.5915770505214718
Re hrpgSub hrpgHyperHype ramaHype gandsSubHype,neither,0.10802165902134243,0.2484119200751343,0.6435664209035233
hrpgSub hrpgHyperHype ramaHype gandsSubHype,neither,0.03945320844208391,0.33037608806864915,0.630170703489267
@Impossiblegirl11 now that you have put that in my mind.... Sax crossdress needs to happen. O.o,offensive_language,0.0391879572649063,0.48691000775804355,0.4739020349770501
The pictures he posted were amazing.,neither,0.04518204781282995,0.2684958704509226,0.6863220817362475
I'm still on the Bog Mummies ok,neither,0.0354246282762408,0.34178887175622513,0.6227864999675339
