text,top_class,hate_speech,offensive_language,neither
"Hey, Xemnas, how hype for KHIII?",neither,0.03347014188007686,0.30049950232143874,0.6660303557984845
is this live or a rebrodcast?,neither,0.05891522972578258,0.32576906797958016,0.6153157022946373
ALL OF THE HYPE,neither,0.040326397082653086,0.39685530465950186,0.5628182982578452
live,neither,0.04891340716200846,0.3271222919257548,0.6239643009122369
"If you play Star Trek: Online (PC) you can /join_channel ShieldOfTomorrow, and ask for an invite for either the Starfleet or Klingon Fleets!",neither,0.03633717177926001,0.3327751824032541,0.630887645817486
Friday night live watch!,neither,0.04103664491015414,0.32719338287659194,0.6317699722132538
new time,neither,0.04350777158656861,0.21334552021599892,0.7431467081974324
@XemmasI22 should be good!,neither,0.06227787712790715,0.40632227581485547,0.5313998470572373
HIIIIIIII,neither,0.03945320844208391,0.33037608806864915,0.630170703489267
Eric <3,neither,0.03945320844208391,0.33037608806864915,0.630170703489267
Live,neither,0.04891340716200846,0.3271222919257548,0.6239643009122369
live,neither,0.04891340716200846,0.3271222919257548,0.6239643009122369
yeee,neither,0.03945320844208391,0.33037608806864915,0.630170703489267
<3 <3 <3 Heeeeeey,neither,0.03945320844208391,0.33037608806864915,0.630170703489267
@sssllarr live,neither,0.04891340716200846,0.3271222919257548,0.6239643009122369
Live!,neither,0.04891340716200846,0.3271222919257548,0.6239643009122369
YEE!,neither,0.03945320844208391,0.33037608806864915,0.630170703489267
WOOOOOOOOOOOOOOOOOOOOOOOOOOOOO,neither,0.03945320844208391,0.33037608806864915,0.630170703489267
Hey Guys!,neither,0.03929207127355727,0.33311100635304525,0.6275969223733975
WE ARE LIVE!,neither,0.09345453297057991,0.26409048349293845,0.6424549835364816
woooooooooooooooooooo,neither,0.03945320844208391,0.33037608806864915,0.630170703489267
gandsSubHype gandsSubHype gandsSubHype,neither,0.03945320844208391,0.33037608806864915,0.630170703489267
gandsSubHype gandsSubHype gandsSubHype,neither,0.03945320844208391,0.33037608806864915,0.630170703489267
herro,neither,0.03945320844208391,0.33037608806864915,0.630170703489267
Hi Eric! <3,neither,0.03945320844208391,0.33037608806864915,0.630170703489267
2018!,neither,0.03945320844208391,0.33037608806864915,0.630170703489267
2018? it's 12018...,neither,0.034373745257138544,0.33212314837979673,0.6335031063630647
WE OUT HERE!,neither,0.11297217554866132,0.2974384286360053,0.5895893958153334
Hiiiiiiiii,neither,0.03945320844208391,0.33037608806864915,0.630170703489267
@ciarathebraid im happy someone got the reference,neither,0.03683595405980669,0.3825980481503913,0.580565997789802
!sotwiki,neither,0.03945320844208391,0.33037608806864915,0.630170703489267
"Go on an adventure, and explore the Shield of Tomorrow Wiki! - http://shield-of-tomorrow.wikia.com/wiki/Shield_of_Tomorrow_Wiki",neither,0.03697831220660964,0.2705621833882883,0.692459504405102
Picard's fam celebrates XMas,neither,0.03945320844208391,0.33037608806864915,0.630170703489267
"the first time slot let me catch it live every other week, the second let me catch it every other week, and this one lets me hide in the bathroom and watch the announcements, lol >.<",neither,0.02135042016609247,0.37582630699164027,0.6028232728422673
Hi every one,neither,0.03841932413460194,0.3683332021457461,0.593247473719652
Probably every time the stardate rolls over to a new 1000 it's a party.,neither,0.04089015996318724,0.2880586268095728,0.67105121322724
"@XemmasI22 Well, it is one of my favourite franchises :)",neither,0.033574430088826705,0.42862622534453637,0.5377993445666368
Hi @BallisticWave,neither,0.03945320844208391,0.33037608806864915,0.630170703489267
time dilation,neither,0.036668274527354654,0.377643684699956,0.5856880407726893
OH yeah good point,neither,0.026213477937017064,0.3992411589781312,0.5745453630848518
*second let me catch it every week,neither,0.022138003137790158,0.38749288763177003,0.5903691092304398
hey everyone,neither,0.031959242684595296,0.4575682446653829,0.5104725126500218
"Federation Day is on a non-solar calendar, like all the best holidays",neither,0.04981841947044675,0.3650986775036785,0.5850829030258747
Watching live for the first time! At least till I fall asleep (1 am here).,neither,0.053275620435522135,0.30952811231208444,0.6371962672523934
I hadn't even considiered that,neither,0.034431600947739886,0.3911658251334047,0.5744025739188554
Hi @Paladin356,neither,0.03945320844208391,0.33037608806864915,0.630170703489267
@GeekandSundry Happy Stardate -304986.1829020801 :-D,neither,0.03945320844208391,0.33037608806864915,0.630170703489267
@ciarathebraid sora roxas or riku,neither,0.03945320844208391,0.33037608806864915,0.630170703489267
Riku.,neither,0.03945320844208391,0.33037608806864915,0.630170703489267
#SamFacts,neither,0.03945320844208391,0.33037608806864915,0.630170703489267
"This has been Facts With Sam! #SamFacts Also, bench press builds the muscles you use to hug, so it's SUPER important for them to get those cuddle-gains! Sam is the Sovereign of Hugs! All hail Their Majesty of Hugs Sam de Leve! For more facts about random things follow Sam at: twitter.com/ChaiKovsky",neither,0.03898514056566685,0.3887368071589312,0.572278052275402
Hero of the Dark <3,neither,0.03858060861360816,0.3144252787131226,0.6469941126732692
i have missed these guys so,offensive_language,0.0486297999802684,0.48017158672503246,0.47119861329469914
Re hrpgSub hrpgHyperHype ramaHype,neither,0.10802165902134243,0.2484119200751343,0.6435664209035233
Doctor... I let you go!,neither,0.037318989679073745,0.43059101889939005,0.5320899914215362
I haven't seen that ep of Dr Who yet :(,neither,0.03721276503599715,0.400526751017196,0.5622604839468068
!sotauxdiscord,neither,0.03945320844208391,0.33037608806864915,0.630170703489267
USS Sally Ride Aux Crew Discord: https://discord.gg/zxt2TeH,neither,0.03945320844208391,0.33037608806864915,0.630170703489267
@Ossborn which star trek are you using the generate that date?,neither,0.05751616448855406,0.38170103214680606,0.5607828033646399
@ciarathebraid i like roxas the most,neither,0.05773150389666901,0.3270356246512052,0.6152328714521257
"Space be fucked up, let's just say that",offensive_language,0.022855569166035417,0.730097600087156,0.2470468307468087
hrpgSub hrpgHyperHype ramaHype,neither,0.03945320844208391,0.33037608806864915,0.630170703489267
*hopes for not too many spoilers in the announcements cuz I'm behind*,neither,0.033399875769928,0.30393058787754335,0.6626695363525287
this guy looks like he failed to shave. unless he's supposed to come off haggard.,neither,0.05980664309543903,0.35113979255715816,0.589053564347403
We love you!,neither,0.0667431826429772,0.4602730207261189,0.47298379663090395
35th month resub gandsSubHype @PipersTwin,neither,0.03945320844208391,0.33037608806864915,0.630170703489267
I imagine people get like 10 days of public holiday to take whenever :p,neither,0.06904296354262207,0.33982714889400145,0.5911298875633765
love your show,neither,0.13328676255712854,0.2189738689218174,0.6477393685210541
!respect,neither,0.03945320844208391,0.33037608806864915,0.630170703489267
Midnight!,neither,0.03945320844208391,0.33037608806864915,0.630170703489267
"If you would like to share opinions on our hosts, guests or fellow viewers, please do so in a respectful manner. Don't make them feel uncomfortable.",neither,0.04843323757214918,0.39559142321184637,0.5559753392160044
Nanosphere5 First link of a Stardate Calculator Gooogle Search http://www.hillschmidt.de/gbr/sternenzeit.htm,neither,0.03278619998840198,0.2592937775389815,0.7079200224726164
hrpgSub hrpgHyperHype ramaHype,neither,0.03945320844208391,0.33037608806864915,0.630170703489267
Hello All,neither,0.04217753453783664,0.43734383323855475,0.5204786322236087
IM IN THE UK!,neither,0.03746886549026079,0.34839229863236054,0.6141388358773788
it's 1am for me lol,neither,0.02093128354806328,0.38908537609358423,0.5899833403583524
This time slot is a little weird for me but I hope it works out for a lot of other viewers,neither,0.041996997073890735,0.289743392173527,0.6682596107525822
Its 12:00am,neither,0.034014599934962114,0.3322466749249184,0.6337387251401196
I thought they covered the time displacement part rather well a few times. Warp doesn't cause time displacement because you remove yourself from regular space. If you traveled around at near lightspeed at impulse you would feel the effects.,neither,0.04627519285847394,0.3831517288593601,0.5705730782821661
!sotauxdiscord,neither,0.03945320844208391,0.33037608806864915,0.630170703489267
USS Sally Ride Aux Crew Discord: https://discord.gg/zxt2TeH,neither,0.03945320844208391,0.33037608806864915,0.630170703489267
yay Fridays,neither,0.03945320844208391,0.33037608806864915,0.630170703489267
1 am CET,neither,0.03902346103501681,0.3305238979082658,0.6304526410567174
and east coast,neither,0.03866861530385961,0.2907109051437071,0.6706204795524334
gandsSubHype gandsSubHype gandsSubHype gandsSubHype gandsSubHype,neither,0.03945320844208391,0.33037608806864915,0.630170703489267
Brand new sub. Love the show,neither,0.05114609651959072,0.19703630594512606,0.7518175975352833
Re hrpgSub hrpgHyperHype ramaHype,neither,0.10802165902134243,0.2484119200751343,0.6435664209035233
"Midnight in FMT, 1 AM in CET",neither,0.03925177857973825,0.33044536903499755,0.6303028523852643
1am in Sweden!,neither,0.03945320844208391,0.33037608806864915,0.630170703489267
hrpgSub hrpgHyperHype ramaHype,neither,0.03945320844208391,0.33037608806864915,0.630170703489267
"@motku he's the DM, so it doesn't really matter",neither,0.041755613669095394,0.3518445839534186,0.6063998023774861
Sam Loses Her Sh*t 2018,offensive_language,0.0323488435327187,0.4989108255113836,0.4687403309558977
GMT,neither,0.03945320844208391,0.33037608806864915,0.630170703489267
Sam losing their shit is the best,offensive_language,0.05520356193597479,0.9370867324824725,0.007709705581552609
Hiya,neither,0.03945320844208391,0.33037608806864915,0.630170703489267
Yaaaaaay!,neither,0.03945320844208391,0.33037608806864915,0.630170703489267
"and germany is at 1am, it's doable.",neither,0.04332925107541947,0.31513668567358816,0.6415340632509924
Hi from UK viewers!,neither,0.040272415739329354,0.31647200227371375,0.6432555819869569
better than how I started my 2018 probably,neither,0.028206047405238955,0.43072682929974143,0.5410671232950196
pencils? dice?,neither,0.03945320844208391,0.33037608806864915,0.630170703489267
hrpgSub hrpgHyperHype ramaHype !,neither,0.03945320844208391,0.33037608806864915,0.630170703489267
all the stuff!!!,neither,0.04044685019349227,0.4052256246961449,0.5543275251103629
Yay! Got here just in time for Sam losing their shit!,offensive_language,0.07127100187359975,0.9037016645767879,0.02502733354961229
"also, hello everyone :D",neither,0.03363627468391578,0.4291046349321582,0.5372590903839258
Sam is exicited!,neither,0.05168731681365222,0.326168217197256,0.6221444659890917
"its 42C here today... thats 107F... :D I dont know what this ""snow"" is LOL",neither,0.06667937829091536,0.323925255070256,0.6093953666388287
*their,neither,0.03945320844208391,0.33037608806864915,0.630170703489267
omg I've been waiting all year for Sam to lose their shit,offensive_language,0.03359046641057359,0.9318596613254043,0.03454987226402209
"@SynapticWanderer not even for a show, where we see him?",neither,0.04542224673299198,0.2331836408532987,0.7213941124137092
what's in the boooox,neither,0.04990743812379952,0.2896602713650894,0.6604322905111111
another box,neither,0.11277311695333224,0.23397116887744526,0.6532557141692225
Re hrpgSub hrpgHyperHype ramaHype,neither,0.10802165902134243,0.2484119200751343,0.6435664209035233
boxception,neither,0.03945320844208391,0.33037608806864915,0.630170703489267
uh oh...more pencils?,neither,0.04551237635679975,0.28028460964794283,0.6742030139952574
Woo! Pencils!,neither,0.03945320844208391,0.33037608806864915,0.630170703489267
Hey crew. Happy new year and greetings from europe at lovely 1am,neither,0.041076965257324356,0.26296807593230215,0.6959549588103736
XD Hec grabbed that packing bubble like he had plans for it,neither,0.041343412268837997,0.34407148709941215,0.61458510063175
Pencils!,neither,0.03945320844208391,0.33037608806864915,0.630170703489267
knifs?,neither,0.03945320844208391,0.33037608806864915,0.630170703489267
"Yep, midnight here",neither,0.08538204670741803,0.29345793669860704,0.621160016593975
144? that's like two episodes.,neither,0.04672301013728981,0.37945637949834454,0.5738206103643657
144 encils? That may last a month,neither,0.03700742626771785,0.34787600933698226,0.6151165643952999
shiiiiiiiii,neither,0.03945320844208391,0.33037608806864915,0.630170703489267
@Compel_Bast where in UK? I'm in Leeds,neither,0.041420149789017126,0.2969919601033299,0.661587890107653
Damnit,neither,0.03945320844208391,0.33037608806864915,0.630170703489267
That is the LEAST fun fact Sam!,neither,0.04180127257904669,0.34829143933670087,0.6099072880842523
Hector can use them for Pencils and Parsecs!,neither,0.018148216753233345,0.34538725995804936,0.6364645232887173
food,neither,0.03945320844208391,0.33037608806864915,0.630170703489267
Sam is like staring directly at us,neither,0.0873493080752312,0.3488756861732653,0.5637750057515036
Just in. What I miss?,neither,0.0313405820560412,0.35624517052871213,0.6124142474152466
breaking the box seems efficient,neither,0.03867308779635002,0.3161522002894788,0.6451747119141711
no borg no,neither,0.036918905254960256,0.37338982715841207,0.5896912675866277
hello from the UK !,neither,0.039576624406458885,0.29791290737306286,0.6625104682204782
!wtfisthis,neither,0.03945320844208391,0.33037608806864915,0.630170703489267
"This is Shield of Tomorrow, join our crew aboard the USS Sally Ride for adventures and exploration in space! Playing the STAR TREK Adventures RPG by Modiphius",neither,0.03932222945167215,0.30238585689052805,0.6582919136577997
!whodat,neither,0.03945320844208391,0.33037608806864915,0.630170703489267
"GM Eric Campbell ( twitter.com/16BitEric ), with Amy Dallen ( twitter.com/enthusiamy ), Hector Navarro ( twitter.com/Hectorisfunny ), Sam de Leve ( twitter.com/ChaiKovsky ), Bonnie Gordon ( twitter.com/BonnieBellG ), Aliza Pearl ( twitter.com/AlizaPearl ) and Gina DeVivo ( twitter.com/PocketGina ).",neither,0.03656628259155547,0.46359893935151064,0.49983477805693394
Hi @TheraExplorer,neither,0.03945320844208391,0.33037608806864915,0.630170703489267
"I don't think it matters if the DM is scruffy, because it doesn't affect the content for me, but your mileage may vary",neither,0.035931556186633365,0.32980091204806816,0.6342675317652985
the new schedule is weird. Strange watching when it's still light out,neither,0.03543549970987905,0.3137471142380608,0.6508173860520602
No Aliza tonight?,neither,0.034371884048130595,0.31976286954468675,0.6458652464071827
She’s going to be late,neither,0.04753612740382503,0.4605036573092823,0.49196021528689277
@SynapticWanderer as long as he's not a nerf herder,neither,0.03911249061521843,0.3811775566376664,0.5797099527471151
"THAT""S AWESOME!",neither,0.03419525192306799,0.38790559219732307,0.5778991558796089
LEGOS!,neither,0.03945320844208391,0.33037608806864915,0.630170703489267
PogChamp PogChamp,neither,0.03945320844208391,0.33037608806864915,0.630170703489267
"Ooooh, I was looking at that one.",neither,0.032938143945450186,0.44601165163115697,0.5210502044233928
"Fridays are better actually, we've got Critical Role at 3am and now SoT to set the weekend off",neither,0.037009613282399,0.30690742399815707,0.6560829627194439
That is so cool,neither,0.04484023917792395,0.44498222505035095,0.5101775357717251
Well played!,neither,0.03945320844208391,0.33037608806864915,0.630170703489267
LEGOS!!!,neither,0.03945320844208391,0.33037608806864915,0.630170703489267
SALLY,neither,0.03945320844208391,0.33037608806864915,0.630170703489267
Snort #1,neither,0.03945320844208391,0.33037608806864915,0.630170703489267
lol,neither,0.020706217963973744,0.4882283491876925,0.4910654328483337
snort count,neither,0.03945320844208391,0.33037608806864915,0.630170703489267
I love Sam Looses Their Shit!,offensive_language,0.04142071249146848,0.957649535654376,0.0009297518541554496
does it have the 'Challenger' ?,neither,0.025011663205842336,0.44134336044418293,0.5336449763499748
Was grabbing dinner... why isn't Aliza here? Did they say?,neither,0.055804457763888926,0.31853560026111455,0.6256599419749965
a plant shuttle? :o,neither,0.03945320844208391,0.33037608806864915,0.630170703489267
@swiftfingers does scruffiness affect one's ability to herd nerf?,neither,0.03353217116286282,0.42358549106686166,0.5428823377702754
Nope,neither,0.03945320844208391,0.33037608806864915,0.630170703489267
she's going to be late,neither,0.04753612740382503,0.4605036573092823,0.49196021528689277
"(I get the reference, btw)",neither,0.038171782557867996,0.3235342306025033,0.6382939868396287
First time watching live! :D,neither,0.03513206370154816,0.3516282956383994,0.6132396406600524
"You sure you won't throw the kid, Huuurgh?",offensive_language,0.06268443931163468,0.5307913425340041,0.40652421815436124
It's a byproduct of herding nerfs,neither,0.03579565360208627,0.3316340888975053,0.6325702575004085
"Aliza is probably stuck in LA traffic, just like Scanlan",neither,0.048823841424816876,0.370132205840904,0.5810439527342792
lego has a programmable computer for robotics,neither,0.03482869491881891,0.3003459582264837,0.6648253468546975
"ok new plan, send them all the ships for erics shipwall",neither,0.046910807753420554,0.2763062558044026,0.676782936442177
"not taking away from the astronauts, but, thats pretty cool too",neither,0.0369862948564957,0.30178504809670226,0.661228657046802
in character gifts too. stepping it up,neither,0.03650256170299501,0.3699351585097467,0.5935622797872583
That is so deserving!,offensive_language,0.04803106324352531,0.4946591072974737,0.4573098294590011
Re hrpgSub hrpgHyperHype ramaHype,neither,0.10802165902134243,0.2484119200751343,0.6435664209035233
"We're heading to the roaring twenties on tonight's episode of #GatherYourParty w/ @erikaishii , @executivegoth & Co.! ""Gather Your Gatsby"" and join us at 8pm Pacific",neither,0.07909617228772907,0.2925329162324931,0.6283709114797779
for twh lulz,neither,0.023896577328981292,0.2538532852897668,0.7222501373812519
Bonnie <3,neither,0.03945320844208391,0.33037608806864915,0.630170703489267
"@SynapticWanderer I dunno, but there's only one scruffy looking nerf herder in my book",neither,0.030395814963278076,0.3794447481622163,0.5901594368745057
Bonnie Jovi,neither,0.03945320844208391,0.33037608806864915,0.630170703489267
"The Sword of Tomorrow, the KDF fleet for the show, is running an event after the show... new KDF characters can get high level assistance for fast missioning :D",neither,0.047209643037585756,0.22949663145824417,0.7232937255041699
Bonnie Jovi,neither,0.03945320844208391,0.33037608806864915,0.630170703489267
aww yeah!,neither,0.022346728609887307,0.4503409749825554,0.5273122964075573
There is a show after this?! New schedules are ridiculous!,neither,0.08002823349220305,0.17154567214137306,0.7484260943664239
Bonnie Bon Jovi,neither,0.03945320844208391,0.33037608806864915,0.630170703489267
Close enough,neither,0.03945320844208391,0.33037608806864915,0.630170703489267
So much gather Your Party HYPE!!!!,neither,0.05772976265511011,0.360050859918936,0.5822193774259539
There are now Klingon players logged onto Star Trek Online to induct and help any new KDF characters,neither,0.05488404739147212,0.2339104298095378,0.71120552279899
bonnie anchovi?,neither,0.03945320844208391,0.33037608806864915,0.630170703489267
Pulls the bow back and...,neither,0.038108714608924635,0.28331363364965867,0.6785776517414167
BULLSEYE!,neither,0.03945320844208391,0.33037608806864915,0.630170703489267
YAY YYY SAM,neither,0.03945320844208391,0.33037608806864915,0.630170703489267
I love Sam <3,neither,0.035714521531851555,0.34792756620297893,0.6163579122651696
Sam is excited!!!,neither,0.0481926345985822,0.32737019866177725,0.6244371667396406
"If you play Star Trek: Online (PC) you can /join_channel ShieldOfTomorrow, and ask for an invite for either the Starfleet or Klingon Fleets!",neither,0.03633717177926001,0.3327751824032541,0.630887645817486
wow,neither,0.03945320844208391,0.33037608806864915,0.630170703489267
Sam excited? I doubt that :P,neither,0.0361665165850741,0.36602723270670884,0.5978062507082172
you can see Sam vibrating with excitement hehe,neither,0.04119491302238922,0.386455356741874,0.5723497302357369
sammmmm,neither,0.03945320844208391,0.33037608806864915,0.630170703489267
I love Sam so much y'all,neither,0.03442142828306408,0.4728900273869078,0.4926885443300281
Wooooo! I love them,neither,0.06234377708176772,0.34003088397560766,0.5976253389426247
sam excite dance!,neither,0.03945320844208391,0.33037608806864915,0.630170703489267
Hector always seems so pleased when Sam is excited,neither,0.036286531656779614,0.4244086743538253,0.5393047939893951
"Greetings everyone, it's 1AM for me",neither,0.023534476579676944,0.42537037919471654,0.5510951442256065
and now I have to go because I'm behind,neither,0.04599939672927336,0.2995789705310055,0.6544216327397211
remember... Eric's preferred side to play is the KDF... and he does log in to play... just sayin.,neither,0.03837373720977542,0.3882004624899903,0.5734258003002343
,neither,0.03945320844208391,0.33037608806864915,0.630170703489267
"I am at work right now, stopping by to say hello",neither,0.043326581833415,0.3872963325372264,0.5693770856293586
"And if you don't play Star Trek Online, you should because it's free and awesome!",neither,0.04924818156701783,0.3863847417586043,0.5643670766743778
first time here live Lets GO,neither,0.07380893782537709,0.3303559633971441,0.5958350987774788
So... new season 3 opener with Gina in it? We hope?,neither,0.05532273533420427,0.23762502726300055,0.7070522374027952
,neither,0.03945320844208391,0.33037608806864915,0.630170703489267
@motku But he needs it for it to get Glittered,neither,0.03802884905812167,0.31529581546604324,0.646675335475835
Sam's excitement is always adorable.,neither,0.044040602254844616,0.36972348143221645,0.5862359163129388
,neither,0.03945320844208391,0.33037608806864915,0.630170703489267
Everybody should be pleased when Sam is excited.,neither,0.04583394976189724,0.3917468866500655,0.5624191635880373
"woah, only 10 min intro and we are already jumping into the game Kappa",neither,0.048611641925959945,0.27402458485495945,0.6773637732190805
Re hrpgSub hrpgHyperHype ramaHype,neither,0.10802165902134243,0.2484119200751343,0.6435664209035233
It's also playable on my computer from 2008 :P,neither,0.029242892434643227,0.39033058547501814,0.5804265220903387
@PipersTwin so that means you're gonna hug us every time Sam is excited?,neither,0.09475273779520485,0.4227869649935679,0.48246029721122735
then he should let it get to greater beard statu,neither,0.04224769527963358,0.39628511320805265,0.5614671915123137
I'm so happy to hear this music,neither,0.0460125322371616,0.3724283574556641,0.5815591103071742
Gonna have to kindly decline your hug for now @PipersTwin but thank you!,neither,0.06381514057565399,0.37166396766811854,0.5645208917562274
Still no Gina BibleThump,neither,0.03621567609551125,0.38532546127612155,0.5784588626283671
@PipersTwin that box of pencils will probablyyu only last them a month,neither,0.046661551960051145,0.3370461763897874,0.6162922716501615
Margret Hamilton: Not to be confused with the actress who portrayed the Wicked Witch of the West in the Wizard of Oz.,neither,0.03535456798430255,0.34658891413510046,0.618056517880597
<,neither,0.03945320844208391,0.33037608806864915,0.630170703489267
lol maybe @Chovexani,neither,0.028179269759904726,0.41592550029348907,0.5558952299466063
Welcome everyone who gets to watch live now popeHi,neither,0.047769821967699654,0.4458732526902875,0.5063569253420129
Better theme than Enterprise's,neither,0.03910376454152173,0.33630706303709795,0.6245891724213802
aww,neither,0.03945320844208391,0.33037608806864915,0.630170703489267
RE hrpgSub hrpgHyperHype ramaHype,neither,0.10802165902134243,0.2484119200751343,0.6435664209035233
"Awww, WOMS",neither,0.03945320844208391,0.33037608806864915,0.630170703489267
still no chief in the intro. how dare they.,neither,0.03769929480020637,0.33894895100352973,0.623351754196264
lol probably @Vance1982,neither,0.026669738863085487,0.4451245663925014,0.5282056947444131
aka it's already tomorrow for me Kappa,neither,0.02902256433352979,0.34890447620494763,0.6220729594615225
ayy,neither,0.03945320844208391,0.33037608806864915,0.630170703489267
Love this intro! So happy to be watching live for the first time ☺️,neither,0.03456153390270672,0.34983983575260313,0.6155986303446901
Vana is great. stsVana,neither,0.05061484561512324,0.2864395912068406,0.6629455631780362
Havana is such a fabulous streamer,neither,0.04619711043818488,0.3248158317483016,0.6289870578135135
Ermegerd,neither,0.03945320844208391,0.33037608806864915,0.630170703489267
Vana is the best!,neither,0.05135998456280659,0.2889087219359037,0.6597312935012896
hrpgSub hrpgHyperHype ramaHype,neither,0.03945320844208391,0.33037608806864915,0.630170703489267
"As Sarah ""Sylvana Songweaver"" Brooks",neither,0.03773415636203878,0.359552888235443,0.6027129554025182
,neither,0.03945320844208391,0.33037608806864915,0.630170703489267
ramaHype ramaHype,neither,0.03945320844208391,0.33037608806864915,0.630170703489267
ramaWave ramaHype ramaBeans,neither,0.03945320844208391,0.33037608806864915,0.630170703489267
Where's Aliza?,neither,0.04379278224195774,0.2567221952996476,0.6994850224583946
She's running late,neither,0.04111968590776529,0.4287685003349657,0.5301118137572691
@DANfan69 Running late,neither,0.03945320844208391,0.33037608806864915,0.630170703489267
It was a few hundred stardates?,neither,0.03795364223664301,0.3328546532643499,0.6291917044990072
She's invisible right now,neither,0.039855654130907366,0.4359896260652408,0.5241547198038519
"Maybe it has been answered, but why isn't there any shows on mondays?",neither,0.029689699693420512,0.3272445754055548,0.6430657249010248
Do it Bonnie!,neither,0.039361844991312706,0.33040751214889547,0.6302306428597919
DO IT!,neither,0.039361844991312706,0.33040751214889547,0.6302306428597919
STOP IT,offensive_language,0.0367036531505388,0.4892645587659077,0.4740317880835535
God I love this show,neither,0.05431861265119943,0.25508891804933476,0.6905924692994658
"@PipersTwin Gah! You're too nice! Again, I appreciate it but not super into physical affection at the moment!",neither,0.0498134888720404,0.36478033395319925,0.5854061771747603
Yesss,neither,0.03945320844208391,0.33037608806864915,0.630170703489267
3 hour tour,neither,0.03945320844208391,0.33037608806864915,0.630170703489267
@Dashiva7 It id for prep,neither,0.0329570344989667,0.3039686440878517,0.6630743214131817
DO IT BONNIE,neither,0.039361844991312706,0.33040751214889547,0.6302306428597919
Shield of Tomorrow > Discovery,neither,0.03945320844208391,0.33037608806864915,0.630170703489267
Whose is better though - Russell Watson's or Rod Stewart's?,neither,0.043687228627554385,0.32891981437331913,0.6273929569991266
"Looking for T'Lan when T'lan is late, is illogical.",neither,0.038578919843219685,0.33641541007544834,0.6250056700813319
Thank you,neither,0.07325166854587051,0.43632638485078484,0.49042194660334476
omg I just find out that this existed... hyped,neither,0.03385330322613714,0.32245036553772594,0.6436963312361369
a three hour tour... a three hour tour...,neither,0.03945320844208391,0.33037608806864915,0.630170703489267
"Hello, Star Trek Experience",neither,0.03945320844208391,0.33037608806864915,0.630170703489267
hrpgSub hrpgHyperHype ramaHype,neither,0.03945320844208391,0.33037608806864915,0.630170703489267
Hi guys!! Happy 20th!!,neither,0.03936008781205476,0.33195658818572243,0.6286833240022228
"Watson's, but Stewart's is the original",neither,0.04184681719698727,0.32387291666874496,0.6342802661342677
"previously on shield of tomorrow: sentient plans, section 13, stupid sexy zazrit, Q!, aggressive bending of starfleet rules, klingons, zombies, and asteroids.",neither,0.06963725387673986,0.2621196137679157,0.6682431323553444
@D4N73P7 Glad you could join us,neither,0.10111201656558962,0.3623412196542717,0.5365467637801387
awww Bonnie we love you for coming to play wit us,offensive_language,0.08643094403718574,0.4763017340768392,0.43726732188597506
how about a high five or a fist bump or a jaunty head nod :D @gogt200,neither,0.03553050015880009,0.4105414548328731,0.5539280450083268
"@D4N73P7 If you have the time, you might wanna try checking out the backlog of the first season <3",neither,0.034521854686688794,0.4122426256758952,0.5532355196374159
Hi @chiplickin,neither,0.03945320844208391,0.33037608806864915,0.630170703489267
"whoot, get to watch start live for a change...",neither,0.048518562160002145,0.3058761842016665,0.6456052536383313
RE hrpgSub hrpgHyperHype ramaHype,neither,0.10802165902134243,0.2484119200751343,0.6435664209035233
"T'Lan is busy at work in her Science Lab, and will be on the bridge when she's done.",neither,0.03204120803491867,0.4809164672641973,0.48704232470088404
"Ah - even then, Watson's original, or the more acoustic one?",neither,0.03894635248891353,0.34248924343297293,0.6185644040781135
@chaoticloony Congrats on sword! Looks good on ya,offensive_language,0.025891391579826194,0.5220583852527563,0.45205022316741744
@PipersTwin I will take a jaunty head nod or cuddles with plushies! :3,neither,0.027694862918864558,0.37539217787304235,0.5969129592080932
"Bonnie hasn't missed a show so far, although she almost missed one",neither,0.04741115644022563,0.374452404186275,0.5781364393734995
@tomservo544 Thank you.,neither,0.07325166854587051,0.43632638485078484,0.49042194660334476
"What are you talking about Eric? They dropped a probe, duh",neither,0.07720041900786734,0.3442547819084134,0.5785447990837191
What Geneis torpedo? :P,neither,0.057770773616808734,0.3180719994247239,0.6241572269584672
Re hrpgSub hrpgHyperHype ramaHype,neither,0.10802165902134243,0.2484119200751343,0.6435664209035233
subs subs subs!,neither,0.03945320844208391,0.33037608806864915,0.630170703489267
hrpgSub hrpgHyperHype ramaHype,neither,0.03945320844208391,0.33037608806864915,0.630170703489267
*Genesis,neither,0.03945320844208391,0.33037608806864915,0.630170703489267
!subscribe,neither,0.03945320844208391,0.33037608806864915,0.630170703489267
"well, i'm starting drinking now. cheers to you fine folk!",neither,0.062215073739507805,0.35404593982032495,0.5837389864401672
tonya harding,neither,0.03945320844208391,0.33037608806864915,0.630170703489267
cheers!,neither,0.03945320844208391,0.33037608806864915,0.630170703489267
"If you play Star Trek: Online (PC) you can /join_channel ShieldOfTomorrow, and ask for an invite for either the Starfleet or Klingon Fleets!",neither,0.03633717177926001,0.3327751824032541,0.630887645817486
