text,top_class,hate_speech,offensive_language,neither
Wish I could find a spiffen GM to run a 5e campaign for me on Discord... Finding people is hard.,neither,0.04781983818453182,0.42195219974536813,0.5302279620701001
so what is this show? whats it about?,neither,0.0665123152739577,0.3205585542407868,0.6129291304852555
!wtfisthis,neither,0.03945320844208391,0.33037608806864915,0.630170703489267
Asinine Wisdom is where common sense and civil discourse go to die. Two idiots (Jake Bennett and Daryl Crittenden) and one unfortunate guest get to the bottom of the issues no one is talking about.,neither,0.08447096936480233,0.23498343136853395,0.6805455992666638
Who does the voice for this?,neither,0.02153218488840149,0.4639087974328839,0.5145590176787145
all the groups that center around my local game shop at like 16-24 year olds...i felt like a pedo trying to mingle with them,neither,0.04305513287887612,0.414376067980033,0.5425687991410908
hahahahahha a Warning!!! i love it!!,neither,0.03460233365909606,0.34643728893072867,0.6189603774101752
monkaS,neither,0.03945320844208391,0.33037608806864915,0.630170703489267
samuHype samuHype samuHype,neither,0.03945320844208391,0.33037608806864915,0.630170703489267
ha. great disclaimer,neither,0.03713843678082882,0.2992796783868424,0.6635818848323289
ha! DO NOT watch this show. XD,neither,0.061504264151926454,0.2609883561972188,0.6775073796508547
?,neither,0.03945320844208391,0.33037608806864915,0.630170703489267
I hate that I can only see 4 people at once on Skype... I need to see more !,neither,0.16987565424505907,0.29870289443793596,0.531421451317005
!wtfisthis,neither,0.03945320844208391,0.33037608806864915,0.630170703489267
Asinine Wisdom is where common sense and civil discourse go to die. Two idiots (Jake Bennett and Daryl Crittenden) and one unfortunate guest get to the bottom of the issues no one is talking about.,neither,0.08447096936480233,0.23498343136853395,0.6805455992666638
!whodat,neither,0.03945320844208391,0.33037608806864915,0.630170703489267
I so love this show,neither,0.05694063185760807,0.30678539805556615,0.6362739700868257
"Asinine Wisdom ( twitter.com/AsinineWisdom ), Jake Bennett ( twitter.com/jakegbennett ) and Daryl Crittenden ( twitter.com/irdaryl ) with guest Marisha Ray ( twitter.com/Marisha_Ray ).",neither,0.03530903897447214,0.45351832116574264,0.5111726398597851
is this show only for twitch?,neither,0.05420518437973112,0.2390768981098657,0.7067179175104031
Yes,neither,0.03945320844208391,0.33037608806864915,0.630170703489267
or if you've already got it out of your system,neither,0.026621625850624622,0.44663626224488306,0.5267421119044923
mic is fucked,offensive_language,0.052096571278444186,0.7308264336408049,0.21707699508075076
so bad,neither,0.032986632030736575,0.4278232128257234,0.5391901551435401
tessWAVE daryl tessWAVE jake Wheres the new banner??,neither,0.04109370654511199,0.266075856331279,0.6928304371236091
gandsApplaud gandsApplaud gandsApplaud,neither,0.03945320844208391,0.33037608806864915,0.630170703489267
static,neither,0.03945320844208391,0.33037608806864915,0.630170703489267
mic buzz left ear?,neither,0.03945320844208391,0.33037608806864915,0.630170703489267
"oh man, speaker peaking bad. rip headphones",neither,0.04072385450356132,0.3395137627907304,0.6197623827057082
left side audio Mic scratching,neither,0.03546692297607769,0.35873140825678873,0.6058016687671336
sound!,neither,0.03945320844208391,0.33037608806864915,0.630170703489267
@Damon_fyrian in my experience it is quite difficult to be banned from a place that wants your money. I doubt that it is just because he doesn't like you. Game nights at local game stores have rules and you were most likely informed of those rules but ignored them and broke them. Or he's a dick.,neither,0.09609158268326465,0.4486196753921784,0.45528874192455693
gandsPitCrew gandsPitCrew gandsGnSLadders gandsGnSLadders,neither,0.03945320844208391,0.33037608806864915,0.630170703489267
i see they have the SoT mics and not the CR ones lol,neither,0.031065711009643185,0.32728021427746307,0.6416540747128938
gandsGandsEars,neither,0.03945320844208391,0.33037608806864915,0.630170703489267
I'm sure the crew knows :),neither,0.03339561022234087,0.4380277913418323,0.5285765984358269
"Our Pit Crew is on it, never fear!",neither,0.03881779371781989,0.3668953131487356,0.5942868931334444
sounds like its the EQ,neither,0.04251339383778708,0.331449518057613,0.6260370881045999
so angry,neither,0.03940862248306441,0.3970498534247867,0.5635415240921489
the 'Bama boys are back! :-),neither,0.062136122530154464,0.2742112170637476,0.6636526604060979
#WeKnow,neither,0.03945320844208391,0.33037608806864915,0.630170703489267
I still want to know what happened to Asione to Asieight Wisdom?,neither,0.06491849566732585,0.3247394177480612,0.610342086584613
'#TheyKnow,neither,0.03945320844208391,0.33037608806864915,0.630170703489267
don't use left ear,neither,0.014552753095978217,0.41781046327376964,0.567636783630252
They know lol,neither,0.027306531309335545,0.42361685879478234,0.5490766098958823
ASMR,neither,0.03945320844208391,0.33037608806864915,0.630170703489267
Crew is on it!,neither,0.04364020937932622,0.34425489957187333,0.6121048910488005
audio is faded to the left speaker and also peaking hard,neither,0.04033089518880657,0.4325209776869838,0.5271481271242097
Glasses !!!!,neither,0.03945320844208391,0.33037608806864915,0.630170703489267
"@Charaptor I don't play games, i would only go for the weekly d&d sessions, they kicked me out because the only doesn't like me",neither,0.031421755225743225,0.3520422850875342,0.6165359596867227
#weknow,neither,0.03945320844208391,0.33037608806864915,0.630170703489267
#weknow,neither,0.03945320844208391,0.33037608806864915,0.630170703489267
chat boy,neither,0.03945320844208391,0.33037608806864915,0.630170703489267
Danoba!,neither,0.03945320844208391,0.33037608806864915,0.630170703489267
#justmonika,neither,0.03945320844208391,0.33037608806864915,0.630170703489267
Is... is that wall all just padding?,neither,0.048648964839821944,0.45862012960437637,0.4927309055558018
::waves to @Danoba ::,neither,0.04754392689132449,0.32567743738237265,0.6267786357263028
ouch ears,neither,0.03945320844208391,0.33037608806864915,0.630170703489267
@Charaptor not on game nights anyway,neither,0.035289846186554764,0.30926005136456175,0.6554501024488836
thank u pit crew,neither,0.039082453867536074,0.33666876079106195,0.624248785341402
In Danoba i believe!,neither,0.03945320844208391,0.33037608806864915,0.630170703489267
that would fix it.,neither,0.03323899434783751,0.3704278258474567,0.5963331798047058
First official! Whooooo!,neither,0.033483960074086085,0.33242918630588414,0.6340868536200297
Hi @danoba ! *waves*,neither,0.03945320844208391,0.33037608806864915,0.630170703489267
"just turn you sound down a little guys, save your precious ears",neither,0.06543191278259335,0.3709362499293365,0.5636318372880702
What's in the box ?,neither,0.04540404102601365,0.30511031956239276,0.6494856394115935
Thats crew <3,neither,0.03945320844208391,0.33037608806864915,0.630170703489267
bwcbuzzrBetty,neither,0.03945320844208391,0.33037608806864915,0.630170703489267
"also, is there a little Desync?",neither,0.04890220779447543,0.2838992026644745,0.66719858954105
gandsPitCrew gandsPitCrew gandsPitCrew gandsPitCrew,neither,0.03945320844208391,0.33037608806864915,0.630170703489267
Danoba the chat master gandsPitCrew,neither,0.038572176445473685,0.3142673199309781,0.6471605036235482
"Haha, yes, yes, they gave me a camera.",neither,0.03202564143729018,0.40255186016989025,0.5654224983928197
Give it up for our pit crew!,neither,0.03188973277964891,0.34481308943137917,0.623297177788972
What's a check,neither,0.0481062471587733,0.3242821457284809,0.6276116071127457
What are you trying to put the post office out of business?,neither,0.07983292751487393,0.3202429745268353,0.5999240979582907
@Danoba You deserve it!,neither,0.08492730620870455,0.39768876324063157,0.5173839305506639
#ThanksCrew,neither,0.03945320844208391,0.33037608806864915,0.630170703489267
Ryan xD,neither,0.03945320844208391,0.33037608806864915,0.630170703489267
Hi Ryan,neither,0.03945320844208391,0.33037608806864915,0.630170703489267
Excited for all the possibilities @Danoba,neither,0.032535872932239945,0.3515966933976012,0.6158674336701588
"@chaoticloony Haha, not sure I really wanted it.",offensive_language,0.02939314262032627,0.5008204823882025,0.4697863749914712
Hello,neither,0.03945320844208391,0.33037608806864915,0.630170703489267
#crewftw,neither,0.03945320844208391,0.33037608806864915,0.630170703489267
...the hell is this,offensive_language,0.05518685651586108,0.8320147910861033,0.11279835239803569
samuDerp I am so happy,neither,0.03914038914974341,0.39360016065933234,0.5672594501909242
Uh-oh they had to send Ryan in...,neither,0.048859423989041174,0.2897102204138374,0.6614303555971214
wernt the letters for the towel giveaway Kappa,neither,0.03454721610917143,0.29155908925276924,0.6738936946380593
I actually can't tell whether this is part of the bit or not,neither,0.04323267296501192,0.31917767479884224,0.6375896522361459
oh hi Mike,neither,0.044694502310495966,0.2804353697918235,0.6748701278976805
crew saved lives tonight,neither,0.037301462053829955,0.3123576408412014,0.6503408971049686
Lil ol ladies at grocery stores,neither,0.03888309710294313,0.34718619453803,0.6139307083590269
hahahaha im loving ot so far,neither,0.03881904008223816,0.38432008170364035,0.5768608782141216
!wtfisthis,neither,0.03945320844208391,0.33037608806864915,0.630170703489267
Asinine Wisdom is where common sense and civil discourse go to die. Two idiots (Jake Bennett and Daryl Crittenden) and one unfortunate guest get to the bottom of the issues no one is talking about.,neither,0.08447096936480233,0.23498343136853395,0.6805455992666638
Bwahahaha - it's like working with children!,neither,0.035779212702601065,0.38547372047804085,0.5787470668193582
Mark,neither,0.03945320844208391,0.33037608806864915,0.630170703489267
Im soooo confused,neither,0.038589862421041204,0.3631429490544494,0.5982671885245093
I already love this,neither,0.03384949934339445,0.3772782993026663,0.5888722013539391
you can get stamps at literally any grocery store LOL,neither,0.059586496506220846,0.40501496434208223,0.5353985391516969
This is pretty Asinine,neither,0.047280479908887486,0.32917637292150703,0.6235431471696055
@sketchpenwriter hello! How are you tonight? Doing well hopefully?,neither,0.07022531375460779,0.307667955599859,0.6221067306455333
i'm already in love with this,neither,0.023154896542079438,0.4143634563942397,0.5624816470636808
Yes they do teach cursive!!!!,neither,0.04843776794910801,0.20711600127999139,0.7444462307709007
gandsRyanHype gandsLessthanthree,neither,0.03945320844208391,0.33037608806864915,0.630170703489267
Go Ryan! gandsRyanHype,neither,0.040946396405737426,0.33556114362930417,0.6234924599649584
"Bless you, Ryan",neither,0.05683710894121137,0.3792145538748133,0.5639483371839754
I dont get it but i love it,neither,0.029846177254755694,0.3663277299105379,0.6038260928347065
gandsRyanHype gandsRyanHype gandsRyanHype gandsRyanHype,neither,0.03945320844208391,0.33037608806864915,0.630170703489267
"@Damon_fyrian the weekly d&d sessions are the same thing as game nights. the establishment has rules. I'm not saying 100% that you broke them, but you probably did.",neither,0.06067272134425611,0.35340107372120716,0.5859262049345368
I love ryan,neither,0.035931821726329985,0.34687263741275637,0.6171955408609137
@BufordTea Not so much anymore,neither,0.03358149804483222,0.3906057394447162,0.5758127625104517
Pepsikobra -> Rest in pieces. [stop spamming emotes] [warning],neither,0.0394017858708195,0.38891728616688453,0.5716809279622959
MUCH BETTER,neither,0.033464116335600605,0.3324360114774959,0.6340998721869036
jessplAyed jessplAyed jessplAyed jessplAyed jessplAyed jessplAyed,neither,0.03945320844208391,0.33037608806864915,0.630170703489267
gandsRyanHype bwcbuzzrBetty gandsRyanHype bwcbuzzrBetty,neither,0.03945320844208391,0.33037608806864915,0.630170703489267
power buttons are so last year,neither,0.05932788197772686,0.3293882993027338,0.6112838187195393
success,neither,0.03945320844208391,0.33037608806864915,0.630170703489267
like the old saying goes...its not rock and roll without a little feedback,neither,0.0341212148376723,0.3130237386933537,0.6528550464689741
"@Charaptor there were only established rules for the magic nights, d&d was on a gm by gm basis",neither,0.035889371565225134,0.30875320916095306,0.6553574192738219
im so used to the clappet,neither,0.045418180260070606,0.39958158134724714,0.5550002383926823
WE love the CHAOS of you two!,neither,0.05000787692013239,0.3591857409995055,0.5908063820803621
clapper**,neither,0.03945320844208391,0.33037608806864915,0.630170703489267
!wtfisthis,neither,0.03945320844208391,0.33037608806864915,0.630170703489267
Asinine Wisdom is where common sense and civil discourse go to die. Two idiots (Jake Bennett and Daryl Crittenden) and one unfortunate guest get to the bottom of the issues no one is talking about.,neither,0.08447096936480233,0.23498343136853395,0.6805455992666638
,neither,0.03945320844208391,0.33037608806864915,0.630170703489267
All of the chaos !,neither,0.04018064174856522,0.3865502654379019,0.5732690928135328
oh i'm already in hell. bring it.,offensive_language,0.04380058270376167,0.7036296953394052,0.2525697219568331
Re hrpgSub hrpgHyperHype gandsSubHype,neither,0.10802165902134243,0.2484119200751343,0.6435664209035233
NEW BANNER?,neither,0.043301118494078285,0.23413499177287803,0.7225638897330438
mic still fucked,offensive_language,0.041110633379630813,0.7256772785125286,0.23321208810784042
what's in the box ?,neither,0.04540404102601365,0.30511031956239276,0.6494856394115935
yer screwed guys...haha,neither,0.036085617847732974,0.3875328891658983,0.5763814929863689
PowerUpL gandsTrinket PowerUpR,neither,0.03945320844208391,0.33037608806864915,0.630170703489267
Clap,neither,0.03945320844208391,0.33037608806864915,0.630170703489267
gandsApplaud gandsApplaud gandsApplaud,neither,0.03945320844208391,0.33037608806864915,0.630170703489267
first time seeing you guys so hi,neither,0.04432018163434658,0.43204350906962313,0.5236363092960302
still having trouble with crackling,neither,0.03036248421392785,0.370715444879412,0.5989220709066602
ramaHype,neither,0.03945320844208391,0.33037608806864915,0.630170703489267
Clap,neither,0.03945320844208391,0.33037608806864915,0.630170703489267
claps* for chat boy,neither,0.03454766431841411,0.3058673623066332,0.6595849733749528
attkEddie attkEddie danoba,neither,0.03945320844208391,0.33037608806864915,0.630170703489267
"@Damon_fyrian the store will still have rules such as; don't be too loud, don't curse, don't use certain types of content (i.e. sexual content).",neither,0.03263240106193364,0.37019015780553727,0.5971774411325291
gandsPitCrew gandsSubHype gandsPitCrew gandsSubHype gandsGandsModAlert,neither,0.03945320844208391,0.33037608806864915,0.630170703489267
yay chat boy,neither,0.03945320844208391,0.33037608806864915,0.630170703489267
LUL,neither,0.03945320844208391,0.33037608806864915,0.630170703489267
its when he moves i think,neither,0.029733015225268847,0.3688059711692467,0.6014610136054847
@AnimeStarkid23 You are in for a chaotic treat!,neither,0.09376833589869504,0.28057166545056483,0.6256599986507401
Peas and quiet!,neither,0.03873153951850181,0.29420673463925084,0.6670617258422473
rulers with sour cream,neither,0.03083920558995284,0.3596818246991775,0.6094789697108697
CHAT BOY,neither,0.03945320844208391,0.33037608806864915,0.630170703489267
"And yes, it's not the usual strawpoll site, that's going under maintenance.",neither,0.03418602681285818,0.34059361891086176,0.62522035427628
"banner, banner, banner!",neither,0.03945320844208391,0.33037608806864915,0.630170703489267
Lol,neither,0.020706217963973744,0.4882283491876925,0.4910654328483337
Peas and quiet,neither,0.03873153951850181,0.29420673463925084,0.6670617258422473
"@Charaptor i reserved the cursing for home games, i know for a fact the owner didn't like me because i'd been going there since my senior year of high school",neither,0.02358483149540689,0.39391806031419235,0.5824971081904009
CHAT BOY,neither,0.03945320844208391,0.33037608806864915,0.630170703489267
DOG,neither,0.03945320844208391,0.33037608806864915,0.630170703489267
@chaoticloony yeah i bet,neither,0.01956373324957042,0.47263724520465855,0.5077990215457711
Fizzgig!,neither,0.03945320844208391,0.33037608806864915,0.630170703489267
doge!!!,neither,0.03945320844208391,0.33037608806864915,0.630170703489267
thought that banner got burned.,neither,0.038090612241842174,0.32005515047878685,0.6418542372793709
GIVE PATS FROM CHAT PLS,neither,0.040233873570378734,0.31712616346785133,0.64263996296177
A pupper!,neither,0.03945320844208391,0.33037608806864915,0.630170703489267
hi fizzgig,neither,0.03945320844208391,0.33037608806864915,0.630170703489267
dog> banner,neither,0.03945320844208391,0.33037608806864915,0.630170703489267
#CrittenDAMN,neither,0.03945320844208391,0.33037608806864915,0.630170703489267
mic still messed up a bit,neither,0.036789029813838414,0.38136291567732944,0.5818480545088321
so cute,neither,0.04296880691731001,0.35555683390548976,0.6014743591772002
samuOMG gassyDerp gassyDerp,neither,0.03945320844208391,0.33037608806864915,0.630170703489267
sorry i called you kitteh earlier! i'm blind!,neither,0.05334386236977228,0.36987752351633646,0.5767786141138913
Lol,neither,0.020706217963973744,0.4882283491876925,0.4910654328483337
for health reasons,neither,0.03400565864837429,0.30316581652975594,0.6628285248218698
agreed Shadiw,neither,0.03945320844208391,0.33037608806864915,0.630170703489267
Es doggo,neither,0.03945320844208391,0.33037608806864915,0.630170703489267
Doge is da best,offensive_language,0.1181797618378316,0.47415727281533604,0.4076629653468324
Hi Fizgigi!,neither,0.03945320844208391,0.33037608806864915,0.630170703489267
The poll spells choice 2 as “pee-ce” so I couldn’t vote for that bc grooooooossssss,neither,0.0330580579257258,0.366271334566407,0.6006706075078673
remember: to you it's a belly rub but to your dog it's nipple play,neither,0.07550695293115287,0.3528794382913158,0.5716136087775313
that's a Kooozy!,neither,0.026110925149043836,0.4791292047641166,0.4947598700868395
Awwww doggo!,neither,0.03945320844208391,0.33037608806864915,0.630170703489267
,neither,0.03945320844208391,0.33037608806864915,0.630170703489267
cute!,neither,0.04322311181158326,0.266390989224455,0.6903858989639619
Fizzgig!!!!!,neither,0.03945320844208391,0.33037608806864915,0.630170703489267
,neither,0.03945320844208391,0.33037608806864915,0.630170703489267
!uptime,neither,0.03945320844208391,0.33037608806864915,0.630170703489267
"Hi Fizzgig, how are your 2 human toys?",neither,0.2725931884157887,0.15008529765421558,0.5773215139299958
about 10 mins in,neither,0.03776142100878932,0.3590901360250282,0.6031484429661824
We have a subscriber-only Discord server! Join here: https://discord.gg/geekandsundry (you'll need to sub and link it to your Twitch) and be a part of the fun!...Warning: It can take up to an hour for the server to update and give you access to the channels,neither,0.08464076273808444,0.286394834032893,0.6289644032290227
Sounds better,neither,0.03945320844208391,0.33037608806864915,0.630170703489267
tinytatoHeart to pit crew,neither,0.046392492604342854,0.3263255275698932,0.6272819798257641
get to the part where nothing happens!!!!!!,neither,0.06423064130881612,0.3237602250581341,0.6120091336330498
gandsGandSKiki gandsGandSKiki gandsGandSKiki gandsGandSKiki,neither,0.03945320844208391,0.33037608806864915,0.630170703489267
gandsSubHype gandsSubHype gandsSubHype gandsSubHype gandsSubHype gandsSubHype gandsSubHype gandsSubHype,neither,0.03945320844208391,0.33037608806864915,0.630170703489267
RISHA!!!!!,neither,0.03945320844208391,0.33037608806864915,0.630170703489267
gandsGandSKiki gandsGandSKiki gandsGandSKiki,neither,0.03945320844208391,0.33037608806864915,0.630170703489267
Wooo,neither,0.03945320844208391,0.33037608806864915,0.630170703489267
gandsSubHype gandsSubHype gandsSubHype gandsSubHype gandsSubHype gandsSubHype gandsSubHype gandsSubHype,neither,0.03945320844208391,0.33037608806864915,0.630170703489267
!whodat,neither,0.03945320844208391,0.33037608806864915,0.630170703489267
"Asinine Wisdom ( twitter.com/AsinineWisdom ), Jake Bennett ( twitter.com/jakegbennett ) and Daryl Crittenden ( twitter.com/irdaryl ) with guest Marisha Ray ( twitter.com/Marisha_Ray ).",neither,0.03530903897447214,0.45351832116574264,0.5111726398597851
ramaHype ramaHype ramaHype ramaHype ramaHype,neither,0.03945320844208391,0.33037608806864915,0.630170703489267
gandsSubHype gandsGandSKiki gandsSubHype gandsGandSKiki gandsSubHype gandsGandSKiki,neither,0.03945320844208391,0.33037608806864915,0.630170703489267
hrpgKaijuBB,neither,0.03945320844208391,0.33037608806864915,0.630170703489267
Pickles!,neither,0.03945320844208391,0.33037608806864915,0.630170703489267
heyhey marisha ray,neither,0.03945320844208391,0.33037608806864915,0.630170703489267
Marisha HYPE!!!!!!!,neither,0.03945320844208391,0.33037608806864915,0.630170703489267
Clap,neither,0.03945320844208391,0.33037608806864915,0.630170703489267
may need to move mic to the shirt and not neat the zipper,neither,0.04593736695357345,0.27297860101221033,0.6810840320342163
snowyHype snowyHype snowyHype snowyHype snowyHype,neither,0.03945320844208391,0.33037608806864915,0.630170703489267
I would totally go to the Duluth Cheese and Pick Festival...,neither,0.04610406401670701,0.24118473287341394,0.7127112031098791
gandsGandSKiki gandsSubHype gandsGandSKiki,neither,0.03945320844208391,0.33037608806864915,0.630170703489267
Re hrpgSub hrpgHyperHype gandsSubHype,neither,0.10802165902134243,0.2484119200751343,0.6435664209035233
gandsLessthanthree marisha,neither,0.03945320844208391,0.33037608806864915,0.630170703489267
What a great start lmao,neither,0.04218008214704429,0.3173656459145523,0.6404542719384034
Doggo!,neither,0.03945320844208391,0.33037608806864915,0.630170703489267
This is a good addition to the office pupper army.,neither,0.04925878290181908,0.3151343592534363,0.6356068578447446
snowyLove snowyLove snowyLove snowyLove snowyLove,neither,0.03945320844208391,0.33037608806864915,0.630170703489267
Fizzgig is being best host!,neither,0.04113297681605618,0.34714898481157486,0.6117180383723689
Chopped heads,neither,0.03945320844208391,0.33037608806864915,0.630170703489267
"Help G&S make great content! $4.99/month gets you emotes, Minecraft server access, Sub Only VODs, and more! Every sub keeps the channel alive! twitch.tv/geekandsundry/subscribe",neither,0.043907990691603095,0.31135964332838284,0.644732365980014
devoOOPS mikebSmile TableHere,neither,0.03945320844208391,0.33037608806864915,0.630170703489267
Fizzgig is in love!,neither,0.049474156387538236,0.3502223740530394,0.6003034695594224
Sub gandsSubHype gandsLessthanthree,neither,0.03945320844208391,0.33037608806864915,0.630170703489267
gandsSubHype gandsGandSKiki gandsSubHype gandsGandSKiki gandsSubHype gandsGandSKiki gandsSubHype gandsGandSKiki gandsSubHype gandsGandSKiki gandsSubHype gandsGandSKiki gandsSubHype,neither,0.03945320844208391,0.33037608806864915,0.630170703489267
Who's a good boi,neither,0.03945555289444856,0.40885970612682343,0.5516847409787281
new friend hype,neither,0.0431997809695314,0.23678306482074976,0.7200171542097189
Someone loves Marisha! So cute!,neither,0.04149221722002256,0.34492559940357365,0.6135821833764038
Fizz is a tart!!!,neither,0.04662910633492473,0.32790796772817965,0.6254629259368957
the dog is a nice addition,neither,0.04559320342221228,0.3142141450809215,0.6401926514968661
"@Damon_fyrian that may be so, I just think it is important in any situation to reflect and consider our own culpability. Usually when people say ""because they don't like me"" they are just trying to avoid blame and deny their own shortcomings. It may be that this guy is just a dick.",offensive_language,0.08619569943454532,0.49522103009967566,0.41858327046577903
sensor that dog waist please,neither,0.03595918067695233,0.3683127885227104,0.5957280308003373
starting on that waistcist!,neither,0.03102801096183329,0.40279133907710524,0.5661806499610614
"Marisha, giving off those Druid vibes!",neither,0.06117034053457036,0.268314219684183,0.6705154397812466
@Charaptor he was but he was the acceptable kind of dick,offensive_language,0.06431807763461324,0.7021145750709455,0.23356734729444117
Fizzy has amazing floppy ears.,neither,0.039765636183709645,0.3250733739218284,0.6351609898944619
stefBelle stefBelle stefBelle,neither,0.03945320844208391,0.33037608806864915,0.630170703489267
Me too! Puppy payment@,neither,0.033228177048314676,0.36621600932852505,0.6005558136231602
Hi guys!,neither,0.03930687933907141,0.3328596748352989,0.6278334458256297
Fizzy is a good girl!!!,neither,0.04011158216866693,0.41894031105911755,0.5409481067722156
Hi @KARvroomvroom,neither,0.03945320844208391,0.33037608806864915,0.630170703489267
marisha is awesome,neither,0.051604876223397336,0.3261965722966076,0.622198551479995
FrankerZ FrankerZ FrankerZ,neither,0.03945320844208391,0.33037608806864915,0.630170703489267
Give the pupper some pats for me!,neither,0.021923931583430964,0.3376350847261982,0.6404409836903708
,neither,0.03945320844208391,0.33037608806864915,0.630170703489267
matt will disagree about continuous puppy acceptance,neither,0.03934439169331735,0.3322229922843021,0.6284326160223807
@karvroomvroom hello! Hiya! How’s the night going for you today?,neither,0.035754506275724886,0.3288731490639673,0.6353723446603078
Do we have enough GNS dogs for a Gather Your Puppies night now?,neither,0.046176434536898014,0.314430497343968,0.6393930681191341
i had a dollar everytime a woman told me that,neither,0.030062968052739097,0.41514315144280517,0.5547938805044559
@ThePseudodragon We must be close.,neither,0.040823266776385043,0.32002646879409846,0.6391502644295165
he will take birds though,neither,0.01098753961166484,0.06423802467763061,0.9247744357107046
that is waaaayyy tooooo close.,neither,0.04504205162967492,0.38408224582188266,0.5708757025484426
lit af tbh gekLit,neither,0.03945320844208391,0.33037608806864915,0.630170703489267
omg Gather your Dogos!,neither,0.07095984708877874,0.32162268569567903,0.6074174672155422
wth,neither,0.03945320844208391,0.33037608806864915,0.630170703489267
those lips. gotta see those lips,neither,0.07159277265960208,0.2594203087218959,0.6689869186185019
What the fuck is happening,offensive_language,0.21347741442792637,0.7846155726030593,0.001907012969014292
Lol,neither,0.020706217963973744,0.4882283491876925,0.4910654328483337
!wtfisthis,neither,0.03945320844208391,0.33037608806864915,0.630170703489267
@ThePseudodragon I'm sure they do!,offensive_language,0.03380236797827504,0.5015915934101755,0.46460603861154937
samuDerp samuDerp,neither,0.03945320844208391,0.33037608806864915,0.630170703489267
Asinine Wisdom is where common sense and civil discourse go to die. Two idiots (Jake Bennett and Daryl Crittenden) and one unfortunate guest get to the bottom of the issues no one is talking about.,neither,0.08447096936480233,0.23498343136853395,0.6805455992666638
too close,neither,0.039095774028857416,0.33644268289058776,0.6244615430805548
I can see his mitochondria,neither,0.08965452477905997,0.32383786080224375,0.5865076144186963
aaaaahhhhhhhhhhhh,neither,0.03945320844208391,0.33037608806864915,0.630170703489267
Gather Your Puppies~~! <3,neither,0.06582875000452618,0.3230572119719133,0.6111140380235606
Lol xD,neither,0.020706217963973744,0.4882283491876925,0.4910654328483337
o.O,neither,0.03945320844208391,0.33037608806864915,0.630170703489267
attkAlex attkAlex,neither,0.03945320844208391,0.33037608806864915,0.630170703489267
eeeewwwww,neither,0.03945320844208391,0.33037608806864915,0.630170703489267
what the hell am i watching?,offensive_language,0.04643035461477581,0.7226023647382587,0.2309672806469655
Hehhehehehhehe,neither,0.03945320844208391,0.33037608806864915,0.630170703489267
Gather Your Doggos: The Pugmire version of Gather Your Party.,neither,0.07131690604914236,0.3127280691691681,0.6159550247816895
10/10 quality,neither,0.03945320844208391,0.33037608806864915,0.630170703489267
that's spiniach,neither,0.026110925149043836,0.4791292047641166,0.4947598700868395
mmMm beard face,neither,0.03945320844208391,0.33037608806864915,0.630170703489267
LUL LUL,neither,0.03945320844208391,0.33037608806864915,0.630170703489267
devoOOPS mikebSmile mikebYtho,neither,0.03945320844208391,0.33037608806864915,0.630170703489267
Dem grays,neither,0.03945320844208391,0.33037608806864915,0.630170703489267
Get some chapstick bruhhhh,neither,0.030706182753215645,0.35411628846215204,0.6151775287846324
skoogaWot,neither,0.03945320844208391,0.33037608806864915,0.630170703489267
nice @Damon_fyrian,neither,0.03945320844208391,0.33037608806864915,0.630170703489267
is this a fluff show?,neither,0.08983991476113277,0.20428836063130648,0.7058717246075608
is that even enough hairs to qualify as a beard?,neither,0.044942638991945415,0.3897340639659176,0.5653232970421371
love the grays!,neither,0.03145119199065299,0.32476063973837394,0.643788168270973
@damon_fyrian I love pugs!!!,neither,0.03633489270100109,0.3449275588628445,0.6187375484361545
im so confused,neither,0.03832423033830298,0.4294104524679758,0.5322653171937214
Wut,neither,0.03945320844208391,0.33037608806864915,0.630170703489267
Thank god we're not in 3-D,neither,0.05594346709392739,0.31576485899690226,0.6282916739091704
Re hrpgSub hrpgHyperHype gandsSubHype,neither,0.10802165902134243,0.2484119200751343,0.6435664209035233
Sub gandsSubHype gandsLessthanthree,neither,0.03945320844208391,0.33037608806864915,0.630170703489267
gandsFail,neither,0.03945320844208391,0.33037608806864915,0.630170703489267
Amazing,neither,0.03945320844208391,0.33037608806864915,0.630170703489267
What does marisha's shirt say?,neither,0.02940070890366167,0.4582830959126137,0.5123161951837246
"@LittleMissAbigail it's not just pugs, pugmire is essentially d&d 5e but you play as dogs",neither,0.046284511764793375,0.41276745153550165,0.540948036699705
Pretty sure everyone on this show is taking advantage of Californias new legalization law.,neither,0.045443863330556916,0.3839507560253253,0.5706053806441177
tell him Marisha,neither,0.03922895287143238,0.334182290363008,0.6265887567655597
OhMyDog,neither,0.03945320844208391,0.33037608806864915,0.630170703489267
