text,top_class,hate_speech,offensive_language,neither
"I finished off Xenoblade Chronicles 2, got all 38 blades, maxxed out all their skill trees, finished every side quest in the game, and defeated all the Superbosses in the post game. My save file is 491 hours. T.T",neither,0.03425966382532141,0.39527119916025943,0.5704691370144191
Going to be playing Breath of the Wild as I watch this,neither,0.045038702312237895,0.360970641815545,0.5939906558722171
Gaht.... fingers hit buttons that they shouldnt hit again,neither,0.036187452558135484,0.37227841929542393,0.5915341281464406
gandsSubHype gandsSubHype gandsSubHype gandsSubHype gandsSubHype gandsSubHype tinytatoPotato tinytatoPotato tinytatoPotato tinytatoPotato tinytatoPotato tinytatoPotato,neither,0.03945320844208391,0.33037608806864915,0.630170703489267
Hi Sonja and Erika!,neither,0.038358606956405694,0.2721397086643902,0.6895016843792041
Hello!,neither,0.03945320844208391,0.33037608806864915,0.630170703489267
Damn bruh! I’m still trying to push through Xenoblade. Been mostly playing Fire Emblem.,offensive_language,0.046757498138758624,0.6233288871450051,0.3299136147162363
jcvimHi Sonja and Erika,neither,0.03763944115734239,0.1918412352459551,0.7705193235967025
"hrpgHeyo Erika and welcome back, Sonja!",neither,0.03848782038123687,0.28019359917428377,0.6813185804444795
the awesome twins,neither,0.03856013258923528,0.3140415560210591,0.6473983113897055
"Other than that, I just reviewed an indie game, and played through a press preview build on an indie sidescrolling brawler called ""Way of the Passive Fist"".",neither,0.03487490778305828,0.3216750964931729,0.6434499957237688
99% no-fall rate!!,neither,0.03872996676512152,0.34265138683706947,0.618618646397809
Almost...ask Troy Baker,neither,0.03945320844208391,0.33037608806864915,0.630170703489267
It certainly never falls on major Voice Actors. Nope.,neither,0.034982469733418856,0.36059783780645516,0.6044196924601261
great music all!,neither,0.03869035728689608,0.37966266580500696,0.5816469769080971
@GeekandSundry We missed you all!!!!!,offensive_language,0.06617280926000253,0.5087954550447802,0.42503173569521724
Hello!,neither,0.03945320844208391,0.33037608806864915,0.630170703489267
It’s so cold and it barely snowed. Crikey.,neither,0.03607220584654956,0.33345643326106317,0.6304713608923873
OMG its... Firefoxx!,neither,0.031071987481826623,0.3332587742828187,0.6356692382353547
call me out erika! do it!,neither,0.025846964016186417,0.4011643673593177,0.5729886686244958
"Really great to see you again on Game Engine, Sonja. :P",neither,0.049749464670726315,0.3382696084886667,0.6119809268406069
jcvimHi erika jcvimHi omg is that SONJA FROM THE JAMOMJ,neither,0.044806424546683106,0.3365487767386746,0.6186447987146422
trailer,hate_speech,0.4360266273846343,0.3250643451946187,0.2389090274207469
"They’re very aggressive online with most games, lol.",neither,0.03652093673195953,0.37097136686395726,0.5925076964040832
definitely spelt that wrong ramaFacepalm,neither,0.03497106914378691,0.3792570920762414,0.5857718387799716
Free is not the reason Getting Over It is not a good holiday gift . . . for family you LIKE.,neither,0.05135626509313374,0.37585377800218,0.5727899569046863
attkPHDTop,neither,0.03945320844208391,0.33037608806864915,0.630170703489267
welcome back Sonja piboHug tinytatoHugs,neither,0.03945320844208391,0.33037608806864915,0.630170703489267
hamilton reference +1,neither,0.03945320844208391,0.33037608806864915,0.630170703489267
I haven’t played Dream daddy yet 😭😤,neither,0.03945320844208391,0.33037608806864915,0.630170703489267
attkPHDBot,neither,0.03945320844208391,0.33037608806864915,0.630170703489267
Whoa its omgitsfirefoxx,neither,0.032369154111143196,0.33281261919663935,0.6348182266922174
So happy OMGitsfirefoxx is hanging with us today,neither,0.06482974701879766,0.370531980377579,0.5646382726036234
tinytatoPotato ERIKA DID THE THING tinytatoPotato,neither,0.03821229622710161,0.30744086247995733,0.6543468412929412
!whodat,neither,0.03945320844208391,0.33037608806864915,0.630170703489267
"Erika Ishii ( twitter.com/erikaishii ), and OMGitsfirefoxx ( twitter.com/OMGitsfirefoxx ).",neither,0.037990275070434426,0.44411970283059166,0.5178900220989738
attkEddie Dabs for Sonja! attkEddie,neither,0.023896577328981292,0.2538532852897668,0.7222501373812519
@chix_with_joystix feliciaYEAH,neither,0.03945320844208391,0.33037608806864915,0.630170703489267
Before 2019!,neither,0.03234611550329437,0.4510020032744584,0.5166518812222473
The one thing I found weird with it was the ending was ridiculously short after all that.,neither,0.02980067954659325,0.4131282406842537,0.557071079769153
"@Chix_with_Joystix well, try not to bean her with the set then. ;)",offensive_language,0.027999082469238303,0.4957177753336553,0.47628314219710627
attkEddie attkEddie attkEddie,neither,0.03945320844208391,0.33037608806864915,0.630170703489267
ERIKA HYPE,neither,0.03945320844208391,0.33037608806864915,0.630170703489267
@themellowdeviant tessWAVE,neither,0.03945320844208391,0.33037608806864915,0.630170703489267
Reading a chat of that size is extremely difficult too...,neither,0.04147456447287818,0.3553763936458147,0.6031490418813072
"113,066 at the moment.",neither,0.037955744884623374,0.33700065632883397,0.6250435987865426
@Critternation3000 ohay boo attkAlex,neither,0.03945320844208391,0.33037608806864915,0.630170703489267
$5 troll toll,neither,0.03945320844208391,0.33037608806864915,0.630170703489267
what site they streaming on with all these viewers?,neither,0.03966170030125619,0.46166821960711074,0.49867008009163305
Remember how much people gave to make you eat a spider. Some people will absolutely donate just to be negative. ;),neither,0.07731141735265373,0.352635126799458,0.5700534558478882
heck 30-50k for CritRole is hard,neither,0.033576369449878705,0.4645616432441379,0.5018619873059834
i subbed just so i could spam chat with memes,neither,0.030402954854284635,0.3915916799468869,0.5780053651988286
1000k viewership is like a dinner bell for trolls. The sub only chat was a good idea.,neither,0.044703598597559464,0.3129086419316445,0.6423877594707961
charging to talk in chat sounds bad but honestly at that size talking in chat is essentially impossible anyway and the money goes to charity,neither,0.03462269464024159,0.3362767843459346,0.6291005210138239
@starpilotsix well played,neither,0.03945320844208391,0.33037608806864915,0.630170703489267
"chat is always good, i will not have dismay the honorable name of chat",neither,0.041703974265789374,0.3452251740347146,0.613070851699496
"as well, anyone can host and chat on the hosted channel",neither,0.035749766772893606,0.32251857233905185,0.6417316608880544
or in other services,neither,0.03945320844208391,0.33037608806864915,0.630170703489267
hola all!,offensive_language,0.046917543854519406,0.6277741405869331,0.3253083155585475
OK 5 seconds in and I'm sold,neither,0.038698214075482656,0.29546246527737563,0.6658393206471417
what is sonja doing in a gamming show ?,neither,0.08387923735333683,0.2309080843996412,0.685212678247022
looks very VVVVVV,neither,0.03945320844208391,0.33037608806864915,0.630170703489267
i thought Austin Wintry was going to be on ?,neither,0.04480944086907065,0.2778693318780784,0.6773212272528509
I think they should keep the £5 toll. It’s not much and it helps with moderation. Plus it goes to charity.,neither,0.03678763372011718,0.3332489266903856,0.6299634395894973
"That´s the one thing which made me stop watzching Toitalbiscuit... his chat was always subscriber only, 100% of the time... didnt like itz, never returned after watcching it for2-3 days",neither,0.043512212781254174,0.46189931932814565,0.4945884678906002
reminds me of Speedrunners,neither,0.031051499502486472,0.3763974941347982,0.5925510063627153
"I play a lot of platformers, but I also review a lot of indie games. And platformers are very popular in the indie side of the industry.",neither,0.04303412980396492,0.30572337558821805,0.651242494607817
hey,neither,0.03945320844208391,0.33037608806864915,0.630170703489267
"omg, games I cant play! yay",neither,0.03945320844208391,0.33037608806864915,0.630170703489267
Argh.... why do I keep hitting the z after typing a t?,neither,0.031244438973582554,0.32928573299459385,0.6394698280318236
"also, hey-yall",neither,0.03782075755170715,0.3580830400356757,0.6040962024126172
good afternoon @ghosthack159 !!,neither,0.038712489352510704,0.33063085532967357,0.6306566553178159
@Stringer2355 guest segment is later on,neither,0.04318820025976272,0.3386284737365483,0.6181833260036891
is there a new Talks Machina on tonight?,neither,0.04495605426723904,0.20913878787243742,0.7459051578603235
From the Geek and Sundry twitter >>> ..there will be NO #TalksMachina Tuesday night as the crew runs some state-of-the-art tests for this Thursday's big campaign kick-off on #CriticalRole.,neither,0.031554257677091385,0.3125845668096459,0.6558611755132626
*shaka* sup brah,neither,0.03945320844208391,0.33037608806864915,0.630170703489267
:),neither,0.03945320844208391,0.33037608806864915,0.630170703489267
crypt of the necrodancer was a nice rhythm style game,neither,0.03829054750570412,0.2905926660576326,0.6711167864366632
thank you Fu4ow,neither,0.07325166854587051,0.43632638485078484,0.49042194660334476
ask Sonja what it was like to act with the Rock?,neither,0.044074915302665496,0.37609729810160736,0.5798277865957272
"Erika, I do love indy platformers... but I'm over the 8-bit",neither,0.032993679518755724,0.3364264212372735,0.6305798992439707
I don,neither,0.03945320844208391,0.33037608806864915,0.630170703489267
"Looks good, but I won't play it coop. Interesting concept though.",neither,0.035518515631649386,0.338212910484128,0.6262685738842226
8bit games were the best.,neither,0.038011140000067334,0.283367080715868,0.6786217792840648
what was the name of the cute game?,neither,0.043974281032574246,0.23788286007338275,0.7181428588940431
16 or 24 would be fine.... but the super nostalgia... isnt super nostalgiac for me :-/,neither,0.030900651891409857,0.33069815695260174,0.6384011911559885
Something kinda like Undertale in a sense yeah?,neither,0.03186132096794088,0.4403277062771075,0.5278109727549516
OMEGALUL in the chat BOIS,neither,0.038646742479007956,0.3156612469661209,0.6456920105548711
2018 and new Erika content is pretty much all I need this year. This girl is a star!,neither,0.04475233404618413,0.3268946122880551,0.6283530536657608
So what is this that I'm watching?,neither,0.051128909429878584,0.4236480117021331,0.5252230788679885
As long as the standard version finally gets affordable,neither,0.036679967921271414,0.3577745323836697,0.6055454996950589
so... not a Vibe wireless adaptor...,neither,0.03779204248502661,0.39242175563654563,0.5697862018784278
!wtfisthis,neither,0.03945320844208391,0.33037608806864915,0.630170703489267
"Welcome to #GameEngine! We'll be discussing the latest gaming news, showcasing new games, and interviewing people in the gaming industry!",neither,0.05363492194748562,0.26739386076077604,0.6789712172917384
But without wires what will stop the destruction when Erika is spooped and throws the headset?,neither,0.03781923242989275,0.3472832119155728,0.6148975556545345
lol,neither,0.020706217963973744,0.4882283491876925,0.4910654328483337
"Well SOME dog leashes... but, you know, not VR",neither,0.04040098809616491,0.4111519846188261,0.5484470272850089
"It’s definitely gonna be expensive, LOL.",neither,0.03144032417544714,0.42257839174616285,0.54598128407839
Erika unleashed!,neither,0.03945320844208391,0.33037608806864915,0.630170703489267
The pulleys have already saved the Vive a couple of times. Don't knock the pulleys!,neither,0.03693213745575486,0.317580310545259,0.6454875519989862
"i was promised bells and whistles, i have heard no bells and have seen no whistles",neither,0.036827211513053446,0.31072831733594064,0.652444471151006
That’s gonna be like £800,neither,0.045172340471873844,0.44177567753190833,0.5130519819962179
That sounds nice... until Erika plays a game like P.T. in AR.,neither,0.043491826921182856,0.3404584843277407,0.6160496887510765
They loves that VR,neither,0.0343100958321568,0.3866225016445402,0.5790674025233028
You could try padding everything in the room,neither,0.05359351626734628,0.35565141513570636,0.5907550685969474
"Oh, yeah. Classic.",neither,0.02669911254896989,0.3989936117886191,0.574307275662411
theres a youtube video of it,neither,0.04295903925784075,0.24748651912670225,0.709554441615457
needs the wiimote wrist strap,neither,0.03870031429648232,0.31665874798815835,0.6446409377153592
power pack in a belt? Best of both?,neither,0.038808488724239684,0.32497728815622184,0.6362142231195385
Velcro gloves so it just stays on your hands instead of going flying?,neither,0.04724845426557473,0.38275348297961537,0.56999806275481
We have a subscriber-only Discord server! Join here: https://discord.gg/geekandsundry (you'll need to sub and link it to your Twitch) and be a part of the fun!...Warning: It can take up to an hour for the server to update and give you access to the channels,neither,0.08464076273808444,0.286394834032893,0.6289644032290227
I wonder what games will available for this,neither,0.039583661810025886,0.2865119807182506,0.6739043574717235
WOULD YOU LIKE TO PLAY A GAME?,neither,0.08907050785864926,0.3331865685619154,0.5777429235794354
consuela3 maybe a neck strap? :D,neither,0.03945320844208391,0.33037608806864915,0.630170703489267
New Hotness? I haven't even seen the Old Busted!,neither,0.04082825569283768,0.26181653084583933,0.697355213461323
so...heres that video of the VIVE nearly dying: https://www.youtube.com/watch?v=GwOus1NZfe4,neither,0.04248664265300886,0.3174536168047418,0.6400597405422493
"Just watched the gif, OMG IM DYING XD",neither,0.03511970306371092,0.356084927475787,0.6087953694605022
"Help G&S make great content! $4.99/month gets you emotes, Minecraft server access, Sub Only VODs, and more! Every sub keeps the channel alive! twitch.tv/geekandsundry/subscribe",neither,0.043907990691603095,0.31135964332838284,0.644732365980014
