text,top_class,hate_speech,offensive_language,neither
"i get either slytherin or ravenclaw, because i am a cunning nerd, i guess",neither,0.03857608605489723,0.34117060376322644,0.6202533101818762
Hufflepuff!,neither,0.03945320844208391,0.33037608806864915,0.630170703489267
Hey Wednesdaisies!,neither,0.03945320844208391,0.33037608806864915,0.630170703489267
Evening Impy :),neither,0.03945320844208391,0.33037608806864915,0.630170703489267
Puff Pride!,neither,0.03945320844208391,0.33037608806864915,0.630170703489267
YAAAAYYY,neither,0.03945320844208391,0.33037608806864915,0.630170703489267
@halfaringcircus true I forgot about Sam :),neither,0.03801874005828662,0.354722760205853,0.6072584997358603
gandsSubHype gandsSubHype gandsSubHype gandsSubHype gandsSubHype gandsSubHype gandsSubHype,neither,0.03945320844208391,0.33037608806864915,0.630170703489267
We back,neither,0.039166053543719236,0.33524985610846453,0.6255840903478163
here we go,neither,0.13156755280784707,0.2765461283225309,0.5918863188696221
yayyy!,neither,0.03945320844208391,0.33037608806864915,0.630170703489267
Hufflepuff!,neither,0.03945320844208391,0.33037608806864915,0.630170703489267
Hufflepuff,neither,0.03945320844208391,0.33037608806864915,0.630170703489267
"I always get something different when I take the test, so I'm a self-decided hufflepuff :P",neither,0.031391015184097454,0.41656931304281947,0.552039671773083
gandsSubHype gandsSubHype gandsSubHype gandsSubHype gandsSubHype gandsSubHype gandsSubHype,neither,0.03945320844208391,0.33037608806864915,0.630170703489267
You're got Wednesday Mail,neither,0.07266805954417328,0.38646577819265804,0.5408661622631686
NOOO! Its a trick!,neither,0.033826842414662626,0.3323112533458836,0.6338619042394539
oh no sound?,neither,0.045070817764056685,0.2848338283761751,0.6700953538597683
HI EVERYONE,neither,0.032490659208996964,0.4485487193596734,0.5189606214313296
Silence.,neither,0.03945320844208391,0.33037608806864915,0.630170703489267
sound!,neither,0.03945320844208391,0.33037608806864915,0.630170703489267
*You've,neither,0.017930887491492322,0.37146244280854235,0.6106066696999654
gandsSubHype gandsSubHype gandsSubHype gandsSubHype gandsSubHype gandsSubHype gandsSubHype gandsSubHype gandsSubHype gandsSubHype gandsSubHype,neither,0.03945320844208391,0.33037608806864915,0.630170703489267
AH! There is the audio,neither,0.04578421315319747,0.27845590589943114,0.6757598809473714
yay audio,neither,0.03945320844208391,0.33037608806864915,0.630170703489267
WOOHOO,neither,0.03945320844208391,0.33037608806864915,0.630170703489267
<3,neither,0.03945320844208391,0.33037608806864915,0.630170703489267
no sound?,neither,0.03817021587683215,0.3521518202447505,0.6096779638784173
oh here we are!,neither,0.20379968848421795,0.16236288594365336,0.6338374255721287
Wednesday club!,neither,0.03945320844208391,0.33037608806864915,0.630170703489267
Woo!!!,neither,0.03945320844208391,0.33037608806864915,0.630170703489267
no audio?,neither,0.03852177801590115,0.3461848932406789,0.6152933287434199
matt looks like a college student during finals,neither,0.04574866013114394,0.33983174060971627,0.6144195992591398
yay,neither,0.03945320844208391,0.33037608806864915,0.630170703489267
Everyone looks so cozy omg,neither,0.033380204559505765,0.4731510525051872,0.49346874293530707
"Hi Amy, Matt and Taliesin!",neither,0.0388100252782571,0.29846695177565247,0.6627230229460904
There we go!,neither,0.04083933629015207,0.27628362646603744,0.6828770372438104
Wooh!,neither,0.03945320844208391,0.33037608806864915,0.630170703489267
gandsLessthanthree gandsLessthanthree gandsLessthanthree gandsLessthanthree,neither,0.03945320844208391,0.33037608806864915,0.630170703489267
Thank you @guerulfus I do tire of these other houses,neither,0.061064517137344024,0.43075661763769685,0.5081788652249591
Yay!,neither,0.03945320844208391,0.33037608806864915,0.630170703489267
Yay wednesday!,neither,0.03945320844208391,0.33037608806864915,0.630170703489267
yay!!!!!!!!,neither,0.03945320844208391,0.33037608806864915,0.630170703489267
is it too early for the 5 minute topic?,neither,0.03968086697739164,0.27950196204635674,0.6808171709762517
Amy.... looks way too adorable today.,neither,0.038280694343957165,0.31782039635379583,0.643898909302247
#DailyWednesday,neither,0.03945320844208391,0.33037608806864915,0.630170703489267
Cosy day!,neither,0.04062343770405816,0.29560591037067285,0.663770651925269
Nice intro,neither,0.03945320844208391,0.33037608806864915,0.630170703489267
hey guys!,neither,0.03929207127355727,0.33311100635304525,0.6275969223733975
hehe,neither,0.03945320844208391,0.33037608806864915,0.630170703489267
Whoo graphic!,neither,0.03945320844208391,0.33037608806864915,0.630170703489267
"Well, it's Thursday here,but anyway..",neither,0.07157268750993254,0.30745857074511096,0.6209687417449565
Club Leaders <3,neither,0.03945320844208391,0.33037608806864915,0.630170703489267
or maybe increase the volume 50%,neither,0.03883676324239829,0.3191851369359246,0.6419780998216771
It's always Wednesday when you're a Wednesdaisy.,neither,0.057726869335834104,0.45058066636076355,0.4916924643034024
Papapapapa-POW!,neither,0.03945320844208391,0.33037608806864915,0.630170703489267
Sick graphic,neither,0.03945320844208391,0.33037608806864915,0.630170703489267
gandsSubHype gandsSubHype gandsSubHype gandsSubHype gandsSubHype gandsSubHype gandsSubHype gandsSubHype gandsSubHype gandsSubHype gandsSubHype gandsSubHype,neither,0.03945320844208391,0.33037608806864915,0.630170703489267
tessWAVE amy tessWAVE matt tessWAVE taliesen,neither,0.03945320844208391,0.33037608806864915,0.630170703489267
Tthe daily wednesday,neither,0.03945320844208391,0.33037608806864915,0.630170703489267
Dallensday!,neither,0.03945320844208391,0.33037608806864915,0.630170703489267
I want an Amy action figure with this outfit.,neither,0.03261743874141279,0.3491804948347756,0.6182020664238116
!whodat,neither,0.03945320844208391,0.33037608806864915,0.630170703489267
"Amy Dallen ( twitter.com/enthusiamy ), Taliesin Jaffe ( twitter.com/executivegoth ), and Matt Key ( twitter.com/TheMattKey ). Chalk art by Ken Nguyen ( twitter.com/minhwind ).",neither,0.038784789422539157,0.4561496805945848,0.505065529982876
Yay Ken Nguyen!!!,neither,0.03945320844208391,0.33037608806864915,0.630170703489267
are those the comics i sent them?? oh yay!,neither,0.09816549998391691,0.20516999460048033,0.6966645054156027
:D,neither,0.03945320844208391,0.33037608806864915,0.630170703489267
Wednesdaily,neither,0.03945320844208391,0.33037608806864915,0.630170703489267
Every day is Wednesday! Every day is cool when you're part of the team!,neither,0.06183276537496321,0.33547406677796093,0.6026931678470758
"There we go, had to hit refresh",neither,0.04567312876670738,0.2980767808200807,0.6562500904132118
I think everyone needs new hair colors!,neither,0.03787045032892699,0.33739273739920256,0.6247368122718705
Matt in the beanie confuses me. I may confuse easily.,neither,0.035297415344648815,0.32938243022385433,0.6353201544314969
volume is very low,neither,0.046324579083150734,0.32801270861434534,0.6256627123025039
what would a christmas card from batman be like,neither,0.0521777475612049,0.3243842539680824,0.6234379984707127
oh Matt,neither,0.0456283565223502,0.2719307315164877,0.6824409119611621
Hi Taliesin!!,neither,0.03945320844208391,0.33037608806864915,0.630170703489267
where's the blue hair Amy?,neither,0.04022462389760107,0.29012313639770226,0.6696522397046967
what is the chalk art?,neither,0.05075506735411832,0.3110106477082021,0.6382342849376796
Matt's mike on?,neither,0.03669594735886198,0.3436100982744966,0.6196939543666414
Hey haz the letters,neither,0.03857111735269314,0.31424747406158426,0.6471814085857226
"Amy in Blue, She's the new Blue Lantern.",neither,0.04187043244784658,0.31391055511859683,0.6442190124335566
Her mic sounds low,offensive_language,0.031474714301957925,0.5234262080221206,0.4450990776759214
"@crthemighty ""You're welcome.""",neither,0.10626763448287628,0.35096606821718634,0.5427662972999374
@Critternation3000 it's a pile of letters :D,neither,0.038251717108124875,0.3307893360335067,0.6309589468583684
I have a feeling Batman would ask Santa for a new Robin every year,neither,0.03738449586580782,0.26808976963314907,0.694525734501043
@Chix_with_Joystix Hello Liz! Happy Wednesday!,neither,0.03945320844208391,0.33037608806864915,0.630170703489267
@ravensburgermaster it has silvered wonderfully!,neither,0.037466634629501894,0.31789117281524343,0.6446421925552547
I enjoyed reading thorugh all our emails! Thanks everyone,neither,0.03518714922792488,0.42122151423087917,0.5435913365411958
Seriously everyone looks super cozy today that's so cute,neither,0.032791031656111365,0.4235208042762434,0.5436881640676453
Matt has a hat so he can't mess up his hair,neither,0.05905626080460183,0.38902391722088825,0.55191982197451
through***,neither,0.03945320844208391,0.33037608806864915,0.630170703489267
maybe g&s should start a letter column,neither,0.04850494226949589,0.3568309301345998,0.5946641275959044
"FUck, I'm ada year;y",offensive_language,0.21629099751231487,0.7837040123270401,4.99016064501329e-06
Welcome to the TM Maple tribute hour,neither,0.04282799545238691,0.3183218039055653,0.6388502006420479
Hey @japenrose,neither,0.03945320844208391,0.33037608806864915,0.630170703489267
Hey Chat!,neither,0.03945320844208391,0.33037608806864915,0.630170703489267
"Fuck, I'm a day early",offensive_language,0.21314066623941338,0.7866958660519884,0.00016346770859818735
@Chix_with_Joystix thanks for making so much effort to make the show great <3,neither,0.04331256662309065,0.24662622512148957,0.7100612082554197
You dont normally write to those people? oops...,neither,0.11279396347039164,0.30070974672172895,0.5864962898078795
i totally had a letter answered in a magazine #proudmoments,neither,0.03945320844208391,0.33037608806864915,0.630170703489267
These folks are worth getting up at 4am to watch :),offensive_language,0.07448921771415831,0.4648217822511586,0.46068900003468305
@PsycoStea *patpat* We've had a few people who had that problem.,neither,0.033495678881808565,0.38796329326258366,0.5785410278556078
"A Question for Amy, Does she have a custom art letter envelope?",neither,0.02774604803121636,0.44240530713881054,0.5298486448299731
@PsycoStea Stay for the Wednesday Club!,neither,0.03367246557982973,0.2921076605889466,0.6742198738312236
hi @Chix_with_Joystix ! you're the bomb!,neither,0.08148054977482544,0.32571273484739083,0.5928067153777838
@PsycoStea stick around for the Wednesday Club! :),neither,0.03422686045848365,0.2957761141291297,0.6699970254123866
awwwwwww you guyzzzz,offensive_language,0.21217306638279385,0.6099082758190073,0.17791865779819876
Letter columns are always fun to read.,neither,0.0662650761175025,0.3341184369458999,0.5996164869365975
"sorry I was late, once again thank you Amy for showing my sister that being a female comic book Geek is cool",neither,0.03492638955205331,0.42929216774598905,0.5357814427019578
"A quarterly ""The Wednesday Club"" Comic with all the trimmings could be lit",neither,0.031573836589168625,0.3839547875027109,0.5844713759081205
The first letter that I ever wrote for a comics letter column was for Y: The Last Man. That series made me fall in love with the medium's storytelling possibilities.,neither,0.023724418004498666,0.37411407920087897,0.6021615027946223
Amy's enthusiasm is contagious,neither,0.0451798584337813,0.3284064305375186,0.6264137110287001
"oh wow, that's amazing",neither,0.04058997625525367,0.3224511739813712,0.6369588497633751
Letter columns were the nerdy social media before there was interwebs :),neither,0.0368699462111458,0.32291985583049515,0.6402101979583591
lurking mode for most of the night guys cause I have to be at work at 5:30 in the morning so getting ready to sleep.,neither,0.0379955530047464,0.32985394668921925,0.6321505003060344
Fan letter writers were some of the first big guests of honor at early sci-fi cons.,neither,0.02703292015008508,0.3469051546040748,0.6260619252458401
o.o I want to do that,neither,0.04660476646202367,0.3823462573231061,0.57104897621487
gandsSubHype gandsSubHype gandsSubHype gandsSubHype gandsSubHype gandsSubHype gandsSubHype gandsSubHype,neither,0.03945320844208391,0.33037608806864915,0.630170703489267
Yeah Tal asking the important questions!,neither,0.02786689156534583,0.3941123328443381,0.578020775590316
I remember religiously reading the letters page in many an issue back in the 80s,neither,0.038718683462181984,0.3114413192963603,0.6498399972414577
Betty and Veronica as Cenobites,neither,0.03669025400270475,0.3245526588698511,0.6387570871274443
We're all doing this now,neither,0.0636802838558622,0.38311813434019937,0.5532015818039385
ohhh right i remember the betty and veronica fashion pages!,neither,0.03780240457792246,0.30596104369131677,0.6562365517307609
I know Tali's mind.,neither,0.03945320844208391,0.33037608806864915,0.630170703489267
I like the poptart pillows,neither,0.050593591745524504,0.3284473849484129,0.6209590233060625
I love how cozy everyone looks today,neither,0.030377358988889522,0.4167581670036651,0.5528644740074453
i missed all of you! Glad to see you all again,offensive_language,0.08014276574482347,0.5684394599990462,0.35141777425613036
Yes @cinphoria,neither,0.03945320844208391,0.33037608806864915,0.630170703489267
Oh bless you Taliesin.,neither,0.07132728819559811,0.32569728938907105,0.6029754224153309
XD,neither,0.03945320844208391,0.33037608806864915,0.630170703489267
PogChamp PogChamp PogChamp PogChamp PogChamp,neither,0.03945320844208391,0.33037608806864915,0.630170703489267
gandsSubHype gandsSubHype gandsSubHype gandsSubHype gandsSubHype gandsSubHype gandsSubHype gandsSubHype gandsSubHype,neither,0.03945320844208391,0.33037608806864915,0.630170703489267
can we boost the volume?,neither,0.03884765478189389,0.3161330462035328,0.6450192990145733
"Taliesin, I'm sure everyone here would kill to see what you would design.",offensive_language,0.30087020886572097,0.35815045456128686,0.34097933657299223
Ok but Valentine's Day is on a wednesday guys - do you think there will be a romance comics theme?,neither,0.05031482272182709,0.31891042710345563,0.6307747501747173
,neither,0.03945320844208391,0.33037608806864915,0.630170703489267
did betty and veronica ever join josie and the pussycats? i feel like that needs to happen,neither,0.04565633828560163,0.3052872400983242,0.6490564216160742
I'm still reeling that they went with my suggestion for the name of their letter column,neither,0.02336990146814799,0.39751769875047915,0.5791123997813729
@misssunflower94 that would be interesting,neither,0.03503433557195083,0.3743693788836713,0.5905962855443778
I always liked the letters column from Wizard Magazine.,neither,0.03857916650645879,0.3414147406218597,0.6200060928716814
Not using gloves?,neither,0.03455359281443247,0.3981588489161646,0.5672875582694028
Finally get to watch live :D,neither,0.05786214910845241,0.33087508025706375,0.611262770634484
that hurts looking at the comic,neither,0.034044614964067584,0.3790990996830454,0.586856285352887
@misssunflower94 They could do an analysis on Scott Summer and his various relationships,neither,0.05279469452244284,0.31159054442347145,0.6356147610540857
They've got 3 more years before they go into reprints.,neither,0.021456853905529098,0.38964100629280063,0.5889021398016703
Letters to the Bullpen... I used to enjoy those.,neither,0.0659389617472552,0.2684514064529554,0.6656096317997893
>< I hope not @misssunflower94 >.>; need to forget Vday,neither,0.07623366981859574,0.23508578047489648,0.6886805497065079
The sound of a comic bag being CRACKED open always fills me with both delight and horror.,neither,0.028732792183453343,0.35504174201040856,0.616225465806138
not using tongs like Bart Simpson?,neither,0.0436126335716967,0.4087756413024822,0.547611725125821
I still have my MMMS packet.,neither,0.02744452889173634,0.43660947238103487,0.5359459987272289
the what?,neither,0.052193750385548,0.28272826532966666,0.6650779842847853
asfdasd,neither,0.03945320844208391,0.33037608806864915,0.630170703489267
"Loved the letters pages, and Stan's Soapbox :)",neither,0.03828156613129391,0.2900293723639899,0.6716890615047161
Wednesdaisy pins and patches yes,neither,0.03867325246279344,0.2909711412512998,0.6703556062859067
PogChamp PogChamp PogChamp PogChamp PogChamp,neither,0.03945320844208391,0.33037608806864915,0.630170703489267
I still can't bring myself to open my Loot Crate comics >.>: I know they're mass produced and all but I just can't,neither,0.040296549995309745,0.38788369824090396,0.5718197517637863
I was alive for that in the '60's,neither,0.030780008115818432,0.3296691181566056,0.6395508737275759
WWWS: Wacky Wednesday Walking Society?,neither,0.03945320844208391,0.33037608806864915,0.630170703489267
hey Doctor and Percy,neither,0.03879858061452244,0.2978522202186052,0.6633491991668724
Merry Marching Wednesday Society! Make it happen! :D,neither,0.0385027855073422,0.33070298209812315,0.6307942323945347
CR havent Started yet or Im late to the Party????,neither,0.04226660671233718,0.33748348633523695,0.620249906952426
That's how you know it was the 60s.,neither,0.04688189669836339,0.39481605865957026,0.5583020446420662
i vote for Wednesday Club pins and patches!,neither,0.034974518502487346,0.28480920974021523,0.6802162717572974
!twc,neither,0.03945320844208391,0.33037608806864915,0.630170703489267
Here are some handy The Wednesday Club resources! TWC Reddit: reddit.com/r/WednesdayClub/ | Discord: https://discord.gg/6QK9fVB | Wednesday Club Fanclub on Facebook: facebook.com/groups/1945232949091586/,neither,0.041287213005686295,0.3375124748912654,0.6212003121030484
that's so pure,neither,0.03449805404990449,0.44001260316770463,0.5254893427823909
Sweet summer children.,neither,0.03945320844208391,0.33037608806864915,0.630170703489267
:D,neither,0.03945320844208391,0.33037608806864915,0.630170703489267
They should send a letter to him and see what happens?,neither,0.07814462464781345,0.3122339822508347,0.6096213931013518
@animavisionary YES,neither,0.03945320844208391,0.33037608806864915,0.630170703489267
"It would be so great if that person is watching now, and still lives there in the Bronx",neither,0.028321040819317633,0.34562181313084833,0.6260571460498341
That's so sweet,neither,0.03409877011335785,0.4491826059172069,0.5167186239694354
http://www.wheniscriticalrole.com/ <<< countdown clock to new Critical Role campaign. @cocohekmatyar,neither,0.04282526807423222,0.22108054712759678,0.736094184798171
It's a Starbucks now.,neither,0.037769547682378404,0.33095517620919046,0.6312752761084311
Matt Key what're you doing,neither,0.0802316964472456,0.33834247331695644,0.5814258302357979
the 60s were so innocent,neither,0.03890781464530027,0.33485919917673174,0.6262329861779681
You just doxxed that dude. :D,offensive_language,0.04895717330812217,0.502169590894929,0.4488732357969488
I just say that automatically for everything.,neither,0.02774945871891977,0.3587079081297358,0.6135426331513445
woops,neither,0.03945320844208391,0.33037608806864915,0.630170703489267
I have comics from the 80s or 90s that belonged to my dad and he has a copy of issue 1 of Supergirl signed by either the coimc artist or by the writter.,neither,0.03745825172122729,0.36747184015853473,0.5950699081202381
Live checking.,neither,0.04459062532591522,0.3286090948229529,0.6268002798511318
@cocohekmatyar tomorrow it is Wednesday in California,neither,0.06216497871849011,0.3225644688086826,0.6152705524728274
Hate to say they doxed theirself 50 years ago...,neither,0.2105572076917023,0.23412645884804598,0.5553163334602519
!clock,neither,0.03945320844208391,0.33037608806864915,0.630170703489267
It is currently Wednesday 7:11 PM at the Geek & Sundry studio in California.,neither,0.051479779167514485,0.32960809040119354,0.6189121304312919
Matt Key is very Skater Boy today and I would not say see you later boy....,neither,0.048738111475616415,0.31713758230629285,0.6341243062180907
The Bronx still exists - confirmed.,neither,0.03794277637474508,0.32916221896119097,0.6328950046640639
Surprise raid! :P,neither,0.03945320844208391,0.33037608806864915,0.630170703489267
"it is on the internet, it has to be true \",neither,0.04668128073975283,0.32070891155431686,0.6326098077059303
"the bronx still exists, everybody!",neither,0.03770834173805198,0.3290341153087367,0.6332575429532112
It´s so nice watching this live for once,neither,0.03648548381927008,0.3405130540084199,0.6230014621723099
Bless you Matt,neither,0.05654144403030256,0.378433402257716,0.5650251537119816
The gov tried to burn it down but it was too tough baby,neither,0.0422634290960705,0.2672643053065908,0.6904722655973388
ooh ahhaha i forgot hahah its PT so tommorrow then ahah,neither,0.035859808837649304,0.35762245778422586,0.6065177333781248
this is too cute,neither,0.0536748996855705,0.2915079031946098,0.6548171971198197
thursday club!,neither,0.03945320844208391,0.33037608806864915,0.630170703489267
This is so dependent on the issue to know what's going on,neither,0.047187225656823595,0.37786500487579666,0.5749477694673797
this is SO PURE,neither,0.04953866499562118,0.3839250959656297,0.5665362390387493
I literally lol'd.,neither,0.028494464823939587,0.4131909530974765,0.558314582078584
it's 10pm here on the east coast PLEASE CALL THE NUMBER in the letters page,neither,0.05595700254986945,0.2943810416258625,0.649661955824268
"""I like the part about the eel better than the unicorn."" Classic.",neither,0.04288870469149384,0.33087798778922906,0.626233307519277
Thats so sweet,neither,0.03940864282779713,0.3858639109387058,0.574727446233497
wait he said nuff said?,neither,0.04474481157175271,0.3285560631027062,0.6266991253255412
"Taliesin is us, right now.",neither,0.1178935926879212,0.3330313238374552,0.5490750834746235
wow!,neither,0.03945320844208391,0.33037608806864915,0.630170703489267
It's a Starbuck's,neither,0.034373745257138544,0.33212314837979673,0.6335031063630647
The beast made the mistake,neither,0.038018090819758744,0.30368024871956323,0.658301660460678
That is adorable.,neither,0.04444948424633428,0.37904610453910226,0.5765044112145635
he made up that saying?,neither,0.029025357819387827,0.43746611020015225,0.53350853198046
Me too Taliesin,neither,0.025456656249999262,0.41690574403459846,0.5576375997154023
me too,neither,0.025456656249999262,0.41690574403459846,0.5576375997154023
Hey how cool would a comic book Saga of Sundry be? A group of comic book fans actually find themselves in the world of a comic book.,neither,0.04056456148408496,0.2914962340835431,0.6679392044323719
Awww.,neither,0.03945320844208391,0.33037608806864915,0.630170703489267
Matt's tablet cover is so cool,neither,0.04505145503200934,0.3598127899790958,0.5951357549888949
"Wow, they made Taliesin feel weird",neither,0.03945320844208391,0.33037608806864915,0.630170703489267
"you and me both, tal. you and me both.",neither,0.04704265498597251,0.3836838282701138,0.5692735167439137
"oh nice, Matt's Ipad cover is the Auryn from Neverending story",neither,0.048451385266941524,0.2742015722217185,0.6773470425113399
"was it really ""'nuff said""??? I didn't realize that abbreviation was that old",neither,0.023503841369950672,0.43531082045577196,0.5411853381742773
Thnaks @postdataest,neither,0.03945320844208391,0.33037608806864915,0.630170703489267
@philbe63 that would be lit,neither,0.03492270529999717,0.3755045335707951,0.5895727611292076
"Nuff said is ancient, man.",neither,0.047956734966158016,0.39072461657576013,0.5613186484580819
@owifig I know right?!,neither,0.03772648452600981,0.3640217083279442,0.598251807146046
"the best part is i have this comic, right next to me and am looking over the letters page along side this. it has me VERY amused right now",neither,0.03266524373465329,0.36470143884260353,0.6026333174227432
:),neither,0.03945320844208391,0.33037608806864915,0.630170703489267
Anybody else really digging Matt's style today?,neither,0.038544524455561176,0.3165654462651595,0.6448900292792794
o Wednesday Club,neither,0.03945320844208391,0.33037608806864915,0.630170703489267
"'Nuff said"" goes way back.",neither,0.039564039145636457,0.33130417011123736,0.6291317907431262
"Guys, what if Carlos Pichanco was a Wednesdaisy and just watched his letter being read live on air....",neither,0.03774732479267616,0.369256683354473,0.5929959918528508
The internet kills things,neither,0.03864293444523058,0.3155902172898836,0.6457668482648858
what else is new,neither,0.06464846599338175,0.21300970396158594,0.7223418300450323
@Slippydude mind blown,neither,0.03945320844208391,0.33037608806864915,0.630170703489267
"@runningfool11 yes, me",neither,0.027804395346614236,0.3962192207952248,0.5759763838581609
he's be a really cool dude then @Slippydude,neither,0.045397052671474376,0.3322625276120817,0.6223404197164439
The Squirrel Girl letters columns is amazing,neither,0.03956220234467343,0.3593248693060072,0.6011129283493194
