text,top_class,hate_speech,offensive_language,neither
It's so bittersweet...,neither,0.037879336342691194,0.38030240068653764,0.5818182629707711
Hi Mines N Crafters!,neither,0.03945320844208391,0.33037608806864915,0.630170703489267
"meaningofnightt I'm not, I like MNC and I have no idea what they will replace it with, I might not like it",neither,0.043251884378681556,0.3494372665733896,0.6073108490479289
yayyyyyyy,neither,0.03945320844208391,0.33037608806864915,0.630170703489267
yay! \o/,neither,0.03945320844208391,0.33037608806864915,0.630170703489267
"Hi Amy, Stef, and Gina!",neither,0.03868284165753408,0.29150793163893735,0.6698092267035286
gandsGnSMinesCrafts gandsGnSMinesCrafts gandsGnSMinesCrafts gandsGnSMinesCrafts gandsGnSMinesCrafts gandsGnSMinesCrafts,neither,0.03945320844208391,0.33037608806864915,0.630170703489267
hrpgSub hrpgHyperHype gandsSubHype,neither,0.03945320844208391,0.33037608806864915,0.630170703489267
"@Danoba whenever you type ""haha2 that way I imagine you in your chair with a total dead pan expression",neither,0.061656330223997254,0.413571672656205,0.5247719971197977
The return of Mines N Crafts!,neither,0.03862374648007068,0.31523205714912395,0.6461441963708053
omg it's a inter-dimensional pocket gina!,neither,0.03830513619374686,0.3307709627603969,0.6309239010458562
!whodat,neither,0.03945320844208391,0.33037608806864915,0.630170703489267
"Stef Woodburn ( twitter.com/stefwoodburn ), Amy Dallen ( twitter.com/enthusiamy ), and Gina DeVivo ( twitter.com/pocketgina )",neither,0.03824831354404847,0.4487712171979286,0.5129804692580229
"Hi Amy, Stef and Gina!",neither,0.03868284165753408,0.29150793163893735,0.6698092267035286
We have a subscriber-only Discord server! Join here: https://discord.gg/geekandsundry (you'll need to sub and link it to your Twitch) and be a part of the fun!...Warning: It can take up to an hour for the server to update and give you access to the channels,neither,0.08464076273808444,0.286394834032893,0.6289644032290227
Hullo Ladies!,neither,0.03934754452960249,0.3321694804242961,0.6284829750461015
"@shidareAKI Haha, well maybe they'll just give me a perma-camera like on Asinine Wisdom.",neither,0.03376319871804979,0.42495954428524124,0.541277256996709
Nooooo...I hope it's not the last.... :(,neither,0.06763639880712065,0.21893034852231566,0.7134332526705636
we love the inter-dimensional pocket gina,neither,0.03632039544517653,0.3299443962566588,0.6337352082981647
Yay! I'm able to watch live!,neither,0.05436722881418439,0.3239427524208157,0.6216900187649999
@Danoba that would be DOPE,neither,0.03467803595141969,0.37799601087954804,0.5873259531690324
hello!,neither,0.03945320844208391,0.33037608806864915,0.630170703489267
piboHi stef piboHi amy piboHi gina,neither,0.03945320844208391,0.33037608806864915,0.630170703489267
Poor Gina,neither,0.03945320844208391,0.33037608806864915,0.630170703489267
"Gina, how's Murray?",neither,0.03945320844208391,0.33037608806864915,0.630170703489267
"BTW, my favorite craft was the Game of Thrones dragon eggs.",neither,0.03196564388388167,0.34604582791664473,0.6219885281994735
Did you get that cold/flu?,neither,0.04951678245213769,0.42177488868867696,0.5287083288591853
"Stef Woodburn ( twitter.com/stefwoodburn ), Amy Dallen ( twitter.com/enthusiamy ), and Picket Dimensional Gina DeVivo ( twitter.com/pocketgina )",neither,0.03834678439973088,0.43789939215358414,0.523753823446685
Poor Gina. :(,neither,0.03945320844208391,0.33037608806864915,0.630170703489267
pocket dimension gina,neither,0.03945320844208391,0.33037608806864915,0.630170703489267
Gina you were amazing on GYGatsby though!,neither,0.052980917384052556,0.3686758350903899,0.5783432475255574
what? why?!!! BibleThump,neither,0.02734637413193598,0.3531144063973226,0.6195392194707415
"<3, Gina!",neither,0.03945320844208391,0.33037608806864915,0.630170703489267
@GInquisitor I'm finishing up another one of those.,neither,0.11679396302674787,0.26937624123773285,0.6138297957355192
I blame Murray,neither,0.03945320844208391,0.33037608806864915,0.630170703489267
gandsLessthanthree gandsLessthanthree gandsLessthanthree,neither,0.03945320844208391,0.33037608806864915,0.630170703489267
Re hrpgSub hrpgHyperHype gandsSubHype x2,neither,0.06137740758033951,0.2971829196352787,0.6414396727843817
Interdimensional Gina,neither,0.03945320844208391,0.33037608806864915,0.630170703489267
Getting your skin glued back on will do that to you GIna!!!,neither,0.07468905593827932,0.4240808307510668,0.501230113310654
gandsLessthanthree Gina,neither,0.03945320844208391,0.33037608806864915,0.630170703489267
VIRTUAL HUG,neither,0.03945320844208391,0.33037608806864915,0.630170703489267
"Aw, poor Gina <3",neither,0.03945320844208391,0.33037608806864915,0.630170703489267
"@Mortem_Interitum Yeah, times change, schedules change, a lot of people are unhappy with the move, some work out better for it.",neither,0.03575534645178407,0.3698330373096985,0.5944116162385175
"Help G&S make great content! $4.99/month gets you emotes, Minecraft server access, Sub Only VODs, and more! Every sub keeps the channel alive! twitch.tv/geekandsundry/subscribe",neither,0.043907990691603095,0.31135964332838284,0.644732365980014
inter-dimensional pocket gina,neither,0.03945320844208391,0.33037608806864915,0.630170703489267
Pocket Gina is not feeling well.,neither,0.04542564785122314,0.33229809063989735,0.6222762615088795
well u look amazing on gather your party GINA THATS SOMETHING,neither,0.05754777142644285,0.3335139302033453,0.6089382983702119
pocket dimension Gina's bowl of mallows,neither,0.03945320844208391,0.33037608806864915,0.630170703489267
@GInquisitor Pocket(dimensional)Gina,neither,0.03945320844208391,0.33037608806864915,0.630170703489267
Skin really is the first line of defense against getting sick,neither,0.03719892746146537,0.3492560654115633,0.6135450071269714
Gina experiences the side effects of her body being taken over by another entity,offensive_language,0.04857046441026798,0.5061328905650498,0.44529664502468225
"Because of Mines n Craft I bought glitter this week. Glitter. Seriously, what have you guys done to me?",neither,0.04704073908328395,0.37355854851926656,0.5794007123974495
RE hrpgSub hrpgHyperHype gandsSubHype,neither,0.10802165902134243,0.2484119200751343,0.6435664209035233
"Front page, watch out for it. gandsGandsModAlert",neither,0.03376938718332367,0.31750041323232286,0.6487301995843534
RE hrpgSub hrpgHyperHype gandsSubHype,neither,0.10802165902134243,0.2484119200751343,0.6435664209035233
Why is MinesNCrafts going away? why God why?! :(,neither,0.02293460175465396,0.36295453602862177,0.6141108622167243
To the North Pole?,neither,0.04491173724684772,0.3116074837917169,0.6434807789614354
LUL AMY,neither,0.03945320844208391,0.33037608806864915,0.630170703489267
"hey Amy, Stef and Gina! hope you feel better soon Gina! stefHeart",neither,0.08229213065050973,0.2436266880559912,0.674081181293499
Hey Chat! and Hosts,neither,0.038589712668144205,0.2862141593850597,0.6751961279467961
cheer100,neither,0.03945320844208391,0.33037608806864915,0.630170703489267
That was Me!! I said it!!!,neither,0.024182956555615455,0.43953409959203027,0.5362829438523542
Hi @Holrend,neither,0.03945320844208391,0.33037608806864915,0.630170703489267
This feels like that Zoidburg spa referral,neither,0.0454378964980701,0.3880618848588205,0.5665002186431095
Tahiti?,neither,0.03945320844208391,0.33037608806864915,0.630170703489267
hrpgSub hrpgHyperHype gandsSubHype,neither,0.03945320844208391,0.33037608806864915,0.630170703489267
"I can't get on the server some reason, but we are still up and playing!",neither,0.039632387998591895,0.33602220345719713,0.6243454085442108
@asukaXK It's a magical place.,neither,0.04113212631653025,0.27558779479525897,0.6832800788882109
Gina is delirious!,neither,0.081172750358939,0.3160268245287109,0.60280042511235
Who knows next year? :P,neither,0.039271528016993636,0.41140783641773954,0.5493206355652669
*for some reason,neither,0.02296415397075487,0.3094392120127573,0.6675966340164879
"Presents or ""presents""",neither,0.03945320844208391,0.33037608806864915,0.630170703489267
@cinphoria sounded like Tahiti to me,neither,0.05033379813276554,0.3897608556415477,0.5599053462256868
He was an animal after all...,neither,0.046915727159615055,0.39505952659478893,0.558024746245596
Is this about Minecraft or am I unlearned?,neither,0.047387943464680136,0.36272583700323646,0.5898862195320834
!wtfisthis,neither,0.03945320844208391,0.33037608806864915,0.630170703489267
"This is Mines 'n' Crafts where Amy, Stef, and Gina do crafts and play Minecraft on the Sundrycraft server.",neither,0.04344193081527374,0.25596338457389234,0.7005946846108341
"Gina, I am so dissapointed that Murray stole your bithday cake.",neither,0.056862781351685425,0.38739426555266904,0.5557429530956456
Da Wae to Craft,neither,0.09040610040749915,0.4509130575756642,0.4586808420168367
Hi <3,neither,0.03945320844208391,0.33037608806864915,0.630170703489267
@davidflegel I mean it was to both of them.,neither,0.06160251728292206,0.3199628771194571,0.6184346055976209
@actuallizardperson you okay?,neither,0.0751303288207532,0.42438111886733415,0.5004885523119126
hi o/,neither,0.03945320844208391,0.33037608806864915,0.630170703489267
do u no de way,neither,0.040182617905518685,0.346104792477065,0.6137125896174163
Any time with Mines N Crafts is a good time!,neither,0.03406545883049382,0.3854829274160829,0.5804516137534234
The idea of Murray leaving a present does make me a little nervous,neither,0.027799789362030838,0.4153087889695496,0.5568914216684197
@memer to Santa Fe?,neither,0.04551859581838005,0.3268215708238056,0.6276598333578143
yes,neither,0.03945320844208391,0.33037608806864915,0.630170703489267
glidder based game can't wait,neither,0.039034401051667944,0.28497615446891533,0.6759894444794169
bless,neither,0.03945320844208391,0.33037608806864915,0.630170703489267
RE hrpgSub hrpgHyperHype gandsSubHype,neither,0.10802165902134243,0.2484119200751343,0.6435664209035233
I forgot how happy this show makes me you guys are so great <3,neither,0.07613173380629887,0.31503156929419235,0.6088366968995087
I love all of y'all,offensive_language,0.04073434243651373,0.5728989167892745,0.38636674077421174
This is the cutest.,neither,0.047610463958096684,0.3110731663472715,0.6413163696946317
Santa Fe is only a hour drive!,neither,0.039631088353849375,0.4074680158985447,0.5529008957476059
This show really is joy in video form,neither,0.06269405888319696,0.20849005815118793,0.7288158829656152
perdect.,neither,0.03945320844208391,0.33037608806864915,0.630170703489267
G&S Guess Who Edition!,neither,0.03957897677821582,0.3986043683208551,0.5618166549009291
"perfect, even.",neither,0.038157495785891275,0.3523677133848092,0.6094747908292995
@actuallizardperson You shall never know De Wae ammoDEWAY,neither,0.04754984253105586,0.3951580954347181,0.5572920620342261
although my typing isn't.,neither,0.030507411390520142,0.39828083811221376,0.5712117504972661
Get well soon Gina! :),neither,0.038805782438217785,0.341364597001486,0.6198296205602962
Breakfast and watching Mines and Craft or yoga and watching Watching Mines and Craft?,neither,0.038343735161671284,0.27117742407658063,0.690478840761748
LUL LUL LUL LUL,neither,0.03945320844208391,0.33037608806864915,0.630170703489267
Re hrpgSub hrpgHyperHype gandsSubHype,neither,0.10802165902134243,0.2484119200751343,0.6435664209035233
this is a really cool idea,neither,0.04773644823482508,0.329098638780446,0.623164912984729
Guess Who: The X-Mansion Edition,neither,0.038756539550171894,0.3705537813217142,0.5906896791281138
lol,neither,0.020706217963973744,0.4882283491876925,0.4910654328483337
"Oh, this could be fun for a D&D group",neither,0.03846610780570363,0.2665884364217436,0.6949454557725527
They look really good,neither,0.04097068478171293,0.32985415837065885,0.6291751568476283
@chaoticloony tumbleweeds... prairie dogs?,neither,0.03945320844208391,0.33037608806864915,0.630170703489267
Put in players and NPCs,neither,0.038567842399539316,0.2849433798872897,0.676488777713171
Hey it’s Goldilocks from the Crit Role one shot!,neither,0.03771313284559256,0.3283161455585346,0.6339707215958729
hahaha this is amazing! adorable,neither,0.04635374440075731,0.3293319645407892,0.6243142910584535
@cinphoria yeeeaaaaah,neither,0.03945320844208391,0.33037608806864915,0.630170703489267
@shidareAKI *jazz hands*,neither,0.03945320844208391,0.33037608806864915,0.630170703489267
@cinphoria Hordes of tunbleweeds!,neither,0.03945320844208391,0.33037608806864915,0.630170703489267
well played gona,neither,0.03945320844208391,0.33037608806864915,0.630170703489267
Re hrpgSub hrpgHyperHype gandsSubHype,neither,0.10802165902134243,0.2484119200751343,0.6435664209035233
LUL Da Wae Deleted,neither,0.061441523074012155,0.4114866979006862,0.5270717790253016
This is amazing. Love you guys! <3,neither,0.063337126289178,0.39298980748294454,0.5436730662278775
Amy's a GnS!,neither,0.03945320844208391,0.33037608806864915,0.630170703489267
gina stefHighFive,neither,0.03945320844208391,0.33037608806864915,0.630170703489267
#Ginasu,neither,0.03945320844208391,0.33037608806864915,0.630170703489267
g&s who sounds good,neither,0.039465329398198495,0.41453131241010327,0.5460033581916983
Pocket Dimension Gina HYPE!!!!,neither,0.03945320844208391,0.33037608806864915,0.630170703489267
#PocketDimensionGina,neither,0.03945320844208391,0.33037608806864915,0.630170703489267
"Pocket dimension gina, yeah",neither,0.02199502004116046,0.45312598903625545,0.524878990922584
Definitely edible gold on it,neither,0.035138551639653945,0.3449717125893844,0.6198897357709615
#PocketDimensionGina,neither,0.03945320844208391,0.33037608806864915,0.630170703489267
She has the marshmellow there!,neither,0.040246276106440146,0.34788313057725784,0.6118705933163021
"I'd love a Crit Who, with CR characters ans NPCs",neither,0.029327987074554304,0.4206281019040174,0.5500439110214281
"Conspicuous consumption, Amy. That is the point.",neither,0.04228716222244214,0.35162405199534635,0.6060887857822115
"""It's a great way to feel rich"" XD",neither,0.04243659826876209,0.30438895549002076,0.6531744462412171
"The point of gold toppings is so that you can poop gold. Nobody comes out and says it, but that's what it's about.",neither,0.038242781711856424,0.46050602377823946,0.501251194509904
hrpgSub hrpgHyperHype gandsSubHype,neither,0.03945320844208391,0.33037608806864915,0.630170703489267
Amy is me right now,neither,0.03833134071561135,0.3824805553493064,0.5791881039350824
hrpgSub hrpgHyperHype gandsSubHype !,neither,0.03945320844208391,0.33037608806864915,0.630170703489267
my poop is basically gold... does that count?,neither,0.02559206801239054,0.48698413406602536,0.4874237979215841
Gold nuggets.,neither,0.03945320844208391,0.33037608806864915,0.630170703489267
Gina... no,neither,0.036918905254960256,0.37338982715841207,0.5896912675866277
And say it like it's a good thing. :D,neither,0.045321869123129556,0.30465177417128525,0.6500263567055853
edible hudge podge :D,neither,0.03945320844208391,0.33037608806864915,0.630170703489267
#pocketdimensiongina,neither,0.03945320844208391,0.33037608806864915,0.630170703489267
"I think somebody misunderstood the idea of ""rich food""",neither,0.03914660189506453,0.3103571064567532,0.6504962916481823
Bill Gates poops gold into a golden toilet.,neither,0.03945320844208391,0.33037608806864915,0.630170703489267
"I just got here and I just heard ""I can poop gold""",neither,0.058140144009590916,0.3340277678946957,0.6078320880957134
poop gold just like Tywin Lannister,neither,0.044761410551629306,0.36715601741329484,0.5880825720350757
poop gold? no thanks,neither,0.0368931238395817,0.3268082916938864,0.636298584466532
lol,neither,0.020706217963973744,0.4882283491876925,0.4910654328483337
I've only ever pooped at the bronze level,neither,0.021916664091524617,0.3221341072991944,0.6559492286092812
Gold is inert in the body.,neither,0.04732960703808071,0.3101987934346569,0.6424715995272624
ahahahahaha the marshmallow bowl <3,neither,0.03827813141413388,0.3087027896769399,0.6530190789089262
"Donald Trump does, maybe. Bill Gates has SOME taste.",neither,0.027971782910190264,0.40709581845462967,0.56493239863518
yeah that dessert sounds WAY for fun to enjoy than Gold-Swagger,neither,0.02777497137085699,0.4014086218371748,0.5708164067919682
gandsLessthanthree gandsLessthanthree Finally was able to finangle a GnS sub im hype xD,neither,0.043349343390209086,0.3517984305392411,0.6048522260705498
panning for gold has new meaning,neither,0.03734752594649868,0.2262625644077989,0.7363899096457024
Pocket Dimension Dark Haired Silent Vixen,neither,0.03945320844208391,0.33037608806864915,0.630170703489267
My frappachino got messed up and accidentally had coffee in it and I thought of you guys but man I had a major headache. i never do caffeine,neither,0.040401441456864376,0.3242887776997697,0.6353097808433659
@Shadowstorm_0 awesome!,neither,0.03945320844208391,0.33037608806864915,0.630170703489267
inter-dimensional pocket gina,neither,0.03945320844208391,0.33037608806864915,0.630170703489267
unter dimensional Gina briught them,neither,0.055706994145864455,0.32140236741147765,0.6228906384426578
Doo ittttttt,neither,0.03945320844208391,0.33037608806864915,0.630170703489267
yay @Shadowstorm_0 !,neither,0.03945320844208391,0.33037608806864915,0.630170703489267
Wow Gina xD,neither,0.03945320844208391,0.33037608806864915,0.630170703489267
Pocket dimension marshmallows are usually questionable.,neither,0.05927359309462107,0.2945415831306974,0.6461848237746814
There's roughly .02mg of gold in the average person's body!,neither,0.03877510150067019,0.28709197375559464,0.6741329247437353
LUL I meme too much lol,neither,0.031003760325641287,0.3752058425918132,0.5937903970825456
@japenrose we're all golden on the inside.,neither,0.04550681491851508,0.18811003061528533,0.7663831544661995
@cinphoria Indeed!,neither,0.03945320844208391,0.33037608806864915,0.630170703489267
is the universe collapsing in on itself now? continuity marshmallow style?,neither,0.04225651449354514,0.32645756793034847,0.6312859175761063
Gina with the real wavey hair today,neither,0.02471639503502606,0.4197999599857554,0.5554836449792184
"lol Amy just shaking her head like ""what have I done?""",offensive_language,0.03296447163155867,0.5561469162313462,0.41088861213709527
"Tomorrow, on Amy's Twitch channel, while playing King's Quest II... :P",neither,0.03810042661199903,0.3367832222661095,0.6251163511218915
Critical Role 2 updates?,neither,0.03945320844208391,0.33037608806864915,0.630170703489267
"japenrose if thats true, there's more worth in my body than my bank acc right now :D",neither,0.019966478003879032,0.43753209579622593,0.542501426199895
Oh lordy lord,neither,0.046192855847311955,0.26685084782252855,0.6869562963301595
Mines N Crafts After Dark >.>,neither,0.03945320844208391,0.33037608806864915,0.630170703489267
...Awkward.,neither,0.03945320844208391,0.33037608806864915,0.630170703489267
Stef...,neither,0.03945320844208391,0.33037608806864915,0.630170703489267
cinder1Wowed stef,neither,0.03945320844208391,0.33037608806864915,0.630170703489267
!wheniscr @stones_ofthe_godking,neither,0.03945320844208391,0.33037608806864915,0.630170703489267
wheniscriticalrole.com <<<<< countdown clock for Critical Role,neither,0.03525518300711496,0.3093975061229187,0.6553473108699664
"Critical Role is on at 7 PM PST on Thursdays, it is currently 9:39 PM PST on Wednesday. There is 21 Hours, 20 Minutes, 1 Seconds until the next episode of Critical Role. This command has been run 621 times but has probably been asked about way more.",neither,0.04094286739619834,0.34412459985500354,0.6149325327487982
ga 12:40am,neither,0.03945320844208391,0.33037608806864915,0.630170703489267
Stef gandsHR gandsHR gandsHR,neither,0.03945320844208391,0.33037608806864915,0.630170703489267
!highfive @cinphoria,neither,0.03945320844208391,0.33037608806864915,0.630170703489267
shidareAKI reaches up and delivers @cinphoria a crisp high five,neither,0.03487086915675038,0.3916874527896188,0.5734416780536309
Today on the Doctor just consumes Pocket dimensional Gina's marshmallows,neither,0.03390528326539844,0.3280748899759742,0.6380198267586273
Those marshmallows are enormous and I remain impressed.,neither,0.07682817712135116,0.22561431246280697,0.6975575104158418
@shidareAKI :*,neither,0.03945320844208391,0.33037608806864915,0.630170703489267
"Stef was the one that said ""describe us the flavor of Gina"" -- right?",neither,0.0566451604238567,0.36459443067866676,0.5787604088974765
Amy just looks happy to be there/nibbling on somethin,neither,0.0388467560396692,0.32417498067817146,0.6369782632821592
bwcbuzzrBetty,neither,0.03945320844208391,0.33037608806864915,0.630170703489267
Internet sensation silently eating,neither,0.03945320844208391,0.33037608806864915,0.630170703489267
"Or go to Wyrmwood, THANK WYRMWOOD",neither,0.04952569986390397,0.33925296487637113,0.6112213352597249
LUL GINA,neither,0.03945320844208391,0.33037608806864915,0.630170703489267
Gina crushing Stef's spirit since 2018,neither,0.03945320844208391,0.33037608806864915,0.630170703489267
oh! fancy woodbord :D,neither,0.045811638806079476,0.27027630719149476,0.6839120540024257
hrpgSub hrpgHyperHype gandsSubHype,neither,0.03945320844208391,0.33037608806864915,0.630170703489267
You don't roll dice,neither,0.05661220551649585,0.3786205081597389,0.5647672863237653
just one more and you can make a DM screen,neither,0.04816119679243748,0.36314137909965033,0.588697424107912
awwww Gina <3,neither,0.03945320844208391,0.33037608806864915,0.630170703489267
Stef invented a book!,neither,0.03945320844208391,0.33037608806864915,0.630170703489267
Amy is dead <3,neither,0.04797194288693261,0.3274461046613649,0.6245819524517024
LUL,neither,0.03945320844208391,0.33037608806864915,0.630170703489267
Gigglefits.,neither,0.03945320844208391,0.33037608806864915,0.630170703489267
btw how long do you think it would take the sundry crafters to replicate Guess Who on the server @DanManMtn,neither,0.0510067621558241,0.37828931301042595,0.57070392483375
Poor Stef.,neither,0.03945320844208391,0.33037608806864915,0.630170703489267
Stef's on a mission....to make this game as awkward as possible,neither,0.038676236066078826,0.35223360665974335,0.6090901572741777
your fun is wrong!,neither,0.0994020951267058,0.3124142276267747,0.5881836772465195
@shidareAKI I'm guessing it's already done.,neither,0.03658105646830887,0.3584873345121445,0.6049316090195466
inlaid magnets will allow for sticking them together then separating later,neither,0.043888071396112185,0.2952083922557886,0.6609035363480992
Poor Stef just wants to be real close.... too close....,neither,0.036123512934301084,0.41990216762876786,0.5439743194369311
@shidareAKI Probably by the end of the show,neither,0.05146424031194426,0.2882699913154226,0.6602657683726331
@Danoba you're probably right,neither,0.09365522650677609,0.40136544298087695,0.5049793305123469
Stef's ability to make anything weird is a true gift,neither,0.050007792223919774,0.32563625908833577,0.6243559486877445
They look like those things for color samples for paint.,neither,0.05435680480986007,0.25909296817537353,0.6865502270147663
@animusMR Loooooove her,offensive_language,0.0199685364123741,0.8647970423070757,0.11523442128055034
Is it late over there or what? ;),neither,0.04799326972108432,0.28613686077214434,0.6658698695067714
mines n crafts in the darkness is great,neither,0.043591108742779536,0.2966189566502213,0.6597899346069992
Sometimes I'm wondering how they even get stuff done,neither,0.03788954193253789,0.35691558958004865,0.6051948684874136
Did Amy dip into that Scotch she got on TWC before she started this stream?,offensive_language,0.03497326117422721,0.4926897878416443,0.4723369509841285
stef wants to make a cards out of that wood to play bridge,neither,0.04213240619321079,0.36078484577096626,0.5970827480358228
Mines and ASMR,neither,0.03847354642549547,0.27932863474708153,0.682197818827423
not long i'd guess @shidareAKI,neither,0.036974770054753255,0.3411853653287161,0.6218398646165306
"@S0bchaks3curity that was for the crew, for tomorrow ;)",neither,0.02740009235246534,0.3103319749637765,0.6622679326837582
they get stuff done?,neither,0.03807171426764245,0.35382364962141505,0.6081046361109426
I surely dont fall asleep listening to this,neither,0.04395959979910549,0.32876755006459013,0.6272728501363043
That sounds like people on cruise boats who play dominos.,neither,0.06245860321014044,0.4216417060007493,0.5158996907891102
That's the sound i make when i break austDerp,neither,0.026445728818549424,0.40026293632871257,0.5732913348527379
These ladies can make anything entertaining!,neither,0.04754293066702069,0.3896528350168515,0.5628042343161278
Mines and Crafting awkward giggles,neither,0.03882753427981481,0.29940332895445804,0.6617691367657271
This late night Mines N Crafts has gone in a very different direction.,neither,0.0350970995528282,0.3281288763441735,0.6367740241029984
shouldn't late night mines and crafts need more wine???,neither,0.03500081743755871,0.2971337156372286,0.6678654669252126
