text,top_class,hate_speech,offensive_language,neither
"all the mods, all the time",offensive_language,0.03977926995155255,0.4911182770507748,0.4691024529976727
only grandma's chicken soup can save Dick and Johnson from certain doom,offensive_language,0.05697417071981217,0.6005183190998604,0.3425075101803273
"@shandravdeg, jcvimHi",neither,0.03945320844208391,0.33037608806864915,0.630170703489267
What exactly is the 1-year icon? It looks like a brown blob.,neither,0.055214256911480485,0.32470187285183605,0.6200838702366834
seriously love this theme song,neither,0.03667975142087732,0.34871665633683313,0.6146035922422896
@timmergamer a sloth,neither,0.03945320844208391,0.33037608806864915,0.630170703489267
what is this???,neither,0.07282678549990032,0.31792604547631814,0.6092471690237815
"@timmergamer, a sloth upside down",neither,0.03945320844208391,0.33037608806864915,0.630170703489267
"Help G&S make great content! $4.99/month gets you emotes, Minecraft server access, Sub Only VODs, and more! Every sub keeps the channel alive! twitch.tv/geekandsundry/subscribe",neither,0.043907990691603095,0.31135964332838284,0.644732365980014
Making no-bakes while I watch this~!,neither,0.045152038961728855,0.33151166606734106,0.62333629497093
@timmergamer That is the Sloth,neither,0.042753111398192295,0.35470777958807137,0.6025391090137363
DO YOU EVEN FLIP,neither,0.061323354175906376,0.40751153274731133,0.5311651130767824
timmergamer A sloth from the Sloth & Sundry speecial stream,neither,0.03952213873318961,0.31152431717416795,0.6489535440926424
gandsSaxHype gandsSaxHype gandsSaxHype,neither,0.03945320844208391,0.33037608806864915,0.630170703489267
"Oh, I see it now, thanks. Didn't realize it was upside down.",neither,0.029504474207003226,0.33232006738689013,0.6381754584061066
yay you!,neither,0.06464828082457033,0.39925138661325477,0.5361003325621749
gandsSaxHype gandsSaxHype gandsSaxHype gandsSaxHype,neither,0.03945320844208391,0.33037608806864915,0.630170703489267
What do you want? Tell me where to go!,neither,0.06901538901379548,0.3769246428145249,0.5540599681716796
!wtfisthis @spiffyfan12345,neither,0.03945320844208391,0.33037608806864915,0.630170703489267
"Join Jessica Chobot and Andrew Bowser as they lift the veil and showcase the hauntings, urban myths, unsolved murders and general oddities that everyone has experienced but no one wants to talk about.",neither,0.027985628766723055,0.3687579232989117,0.6032564479343653
!whatisdandj,neither,0.03945320844208391,0.33037608806864915,0.630170703489267
"Dick & Johnson is an improvised RPG using the ""All Outta Bubblegum"" system and the adventure is determined by YOU! https://clips.twitch.tv/PlumpCautiousPuddingBloodTrail Dick & Johnson also uses Bits: https://clips.twitch.tv/VibrantDistinctVampireAMPTropPunch",offensive_language,0.06401207844244582,0.6669558740186958,0.2690320475388584
,neither,0.03945320844208391,0.33037608806864915,0.630170703489267
gandsSubHype gandsSubHype gandsSubHype gandsSubHype gandsSubHype gandsSubHype gandsSubHype gandsSubHype gandsSubHype gandsSubHype gandsSubHype gandsSubHype gandsSubHype gandsSubHype gandsSubHype,neither,0.03945320844208391,0.33037608806864915,0.630170703489267
"Hi Sax, Hector, Oscar and Keller!",neither,0.038818518811807,0.29892179591259843,0.6622596852755945
Sax needs a volume boost,neither,0.03945320844208391,0.33037608806864915,0.630170703489267
not a mod! I love this show!,neither,0.05380619207904909,0.25360922405717257,0.6925845838637784
But at least Hector and Keller will be able to not wear clothes every other week.,neither,0.03912274576699336,0.2517573562596664,0.7091198979733402
I'm not a mod. I'm here by choice. love this show.,neither,0.09740925038646714,0.28478740308076345,0.6178033465327695
Re hrpgSub hrpgHyperHype gandsSubHype,neither,0.10802165902134243,0.2484119200751343,0.6435664209035233
"you and everybody else, Sax",neither,0.059866497841605776,0.3311489718013947,0.6089845303569994
!djwiki,neither,0.03945320844208391,0.33037608806864915,0.630170703489267
"""The Dick and Johnson wikia, the most unsatisfying misclick on the Internet."" -Sax Carr 2017 #PutItInTheWiki http://dickandjohnson.wikia.com/wiki/The_Dick_and_Johnson_Wiki",neither,0.04705533552773973,0.46992134562560794,0.48302331884665234
#FeelBetterSax,neither,0.03945320844208391,0.33037608806864915,0.630170703489267
@mscotter83 Here by choice as well,neither,0.08128666105359916,0.3669810079992265,0.5517323309471744
PogChamp PogChamp PogChamp PogChamp PogChamp PogChamp PogChamp PogChamp PogChamp PogChamp PogChamp PogChamp,neither,0.03945320844208391,0.33037608806864915,0.630170703489267
Puppets,neither,0.03945320844208391,0.33037608806864915,0.630170703489267
There is a lot of us being sick right now,neither,0.07239250013862222,0.32440562708091364,0.6032018727804642
hrpgSub hrpgHyperHype gandsSubHype x3,neither,0.03945320844208391,0.33037608806864915,0.630170703489267
The ONLY disappointment of the D&J wiki was that episodes no longer had direct Hyperlinks,neither,0.035916513797349746,0.3442822185499201,0.6198012676527301
I'm at the tail end of a cold,neither,0.03801780427469555,0.3367132037471709,0.6252689919781335
"So is this the Osmosis Jones episode of Dick and Johnson, where they shrink down to fight germs?",offensive_language,0.07061740339136587,0.6283947094499309,0.30098788715870334
I'm at the end of a cold also.. lovely ear infection now. tis that time of year,neither,0.03606363600871717,0.3652656805893736,0.5986706834019092
Re hrpgSub hrpgHyperHype gandsSubHype,neither,0.10802165902134243,0.2484119200751343,0.6435664209035233
@101deadpool1017 hopefully,neither,0.03945320844208391,0.33037608806864915,0.630170703489267
hrpgSub hrpgHyperHype gandsSubHype x2,neither,0.03945320844208391,0.33037608806864915,0.630170703489267
i have never seen the show,neither,0.04955689751096709,0.2832809188291946,0.6671621836598384
!bubblegum,neither,0.03945320844208391,0.33037608806864915,0.630170703489267
"You came here to chew Bubblegum and watch an RPG. Check out the rules for Dick & Johnson's RPG system here, https://gist.github.com/anonymous/2e00cd265c8628d4fb13",offensive_language,0.10878855305517567,0.46746033330792874,0.42375111363689555
no other show I would be watching right now on GnS,neither,0.04741176540254452,0.3037693707455718,0.6488188638518837
In D&J i always enjoy!,neither,0.03726190571229244,0.39863574969978943,0.5641023445879181
"@Bluesky83 you are in for a treat, if you like silliness",neither,0.09132810996016602,0.42674928167257636,0.4819226083672576
hrpgSub hrpgHyperHype gandsSubHype,neither,0.03945320844208391,0.33037608806864915,0.630170703489267
thanks,neither,0.035884468650613,0.3004919205142699,0.6636236108351171
Come on Child Detective and Rare up close sniper!,neither,0.03448680963466755,0.3622002231883939,0.6033129671769386
This is such Sweet Sweet CHAOS!,neither,0.044705359272827504,0.32697364218873454,0.628320998538438
!wtfisthis,neither,0.03945320844208391,0.33037608806864915,0.630170703489267
"This is Dick & Johnson! An improvised RPG using the ""All Outta Bubblegum"" system and the adventure is determined by YOU!",offensive_language,0.06934293956297523,0.6551074395412864,0.2755496208957385
!whodat,neither,0.03945320844208391,0.33037608806864915,0.630170703489267
"GM Sax Carr ( twitter.com/SaxCarr ), Hector Navarro ( twitter.com/Hectorisfunny ), Keller Knoblock ( twitter.com/KellerKnoblock ), with guest Oscar Montoya ( twitter.com/ozzymo ).",neither,0.03548647374707064,0.4702426615553826,0.4942708646975467
Hello from the 2nd dimension! -Miss Mack,neither,0.03458991503283713,0.3073829396678507,0.6580271452993123
"Dick and Johnson, is nothing like Hot Rod, because unlike Hot Rod, Dick and Johnson is awesome.",offensive_language,0.0715005313767612,0.7197496816502142,0.2087497869730246
Hot Rod is really good.,neither,0.04637047697225087,0.32799692222560844,0.6256326008021407
I've never seen Hot Rod,neither,0.019253361027981027,0.34698670852447244,0.6337599304475465
I hope D&J defeat the Flu so they can take down the Clap,neither,0.05956992751541782,0.26208403858456286,0.6783460339000192
@Danoba need to lower the bit minimum,neither,0.043650051381164005,0.31414327701511413,0.6422066716037218
Thanks.,neither,0.035884468650613,0.3004919205142699,0.6636236108351171
*crossing fingers for Osmosis Jones episode*,neither,0.0352919950912265,0.30958127379672706,0.6551267311120463
Starting to have some really hard time to stay awake I give up. Good NighzzzZZZzzz,offensive_language,0.03310680254271972,0.5165425288461264,0.45035066861115397
Later @Ossborn,neither,0.03945320844208391,0.33037608806864915,0.630170703489267
A fortress in a fortress?,neither,0.03945320844208391,0.33037608806864915,0.630170703489267
G'nite @Ossborn,neither,0.03945320844208391,0.33037608806864915,0.630170703489267
"Rest well, @Ossborn",neither,0.03945320844208391,0.33037608806864915,0.630170703489267
sexxxytimes ahead,neither,0.03945320844208391,0.33037608806864915,0.630170703489267
Good night @ossborn,neither,0.027408777718339543,0.3300282295872874,0.6425629926943731
This must be Blanket Fortress week on G&S because Erika had one last night and claimed it was practice for Friday.,neither,0.03105603907904274,0.3138106395274509,0.6551333213935063
Re hrpgSub hrpgHyperHype gandsSubHype,neither,0.10802165902134243,0.2484119200751343,0.6435664209035233
PogChamp It's a Tardis Blanket Fort,neither,0.03766131712739339,0.3309924016600271,0.6313462812125794
@PeteWhiz Done.,neither,0.03795687855583607,0.3557727113480953,0.6062704100960686
GnS is gonna be blanketed by Blanket Forts,neither,0.04832885058775272,0.42649968944214683,0.5251714599701003
,neither,0.03945320844208391,0.33037608806864915,0.630170703489267
that blanket shark was 2 days away from retirement jcvimCry,neither,0.03847113357840769,0.3317164122163447,0.6298124542052476
GnS is more Blanket than studio now,neither,0.04708177735008927,0.32654807590217183,0.6263701467477388
better Blankets than Glitter lol,neither,0.03335652837730629,0.37700169988320487,0.5896417717394888
I have never seen a good flu!,neither,0.03476186187145085,0.3761592315218494,0.5890789066066998
I don't think there's such a thing as a good flu,neither,0.037969853098232226,0.31402072124809305,0.6480094256536747
"I hear ""One Flu over the Coocoo's Nest"" is good",neither,0.04094438246644659,0.340617003725741,0.6184386138078123
"If it's snows like 1 inch in somewhere Louisiana, that counts as being snowed in",neither,0.028791268746811313,0.41869260176819206,0.5525161294849966
??,neither,0.03945320844208391,0.33037608806864915,0.630170703489267
Re hrpgSub hrpgHyperHype gandsSubHype,neither,0.10802165902134243,0.2484119200751343,0.6435664209035233
!djwiki,neither,0.03945320844208391,0.33037608806864915,0.630170703489267
"""The Dick and Johnson wikia, the most unsatisfying misclick on the Internet."" -Sax Carr 2017 #PutItInTheWiki http://dickandjohnson.wikia.com/wiki/The_Dick_and_Johnson_Wiki",neither,0.04705533552773973,0.46992134562560794,0.48302331884665234
Thanks!,neither,0.035884468650613,0.3004919205142699,0.6636236108351171
I'm laid up with the flu right now and I hope D&J punch that virus right in the balls,neither,0.045596907727955854,0.38945578045177826,0.5649473118202659
hrpgSub hrpgHyperHype gandsSubHype,neither,0.03945320844208391,0.33037608806864915,0.630170703489267
sesame street pjs,neither,0.03945320844208391,0.33037608806864915,0.630170703489267
LOL,neither,0.020706217963973744,0.4882283491876925,0.4910654328483337
with a flap in the back,neither,0.022410898159113405,0.3639314956819253,0.6136576061589613
"@mm_young or in the vag, since D&J are equal opportunity ass kickers.",offensive_language,0.1351087983762108,0.7724549368342348,0.09243626478955445
Re hrpgSub hrpgHyperHype gandsSubHype,neither,0.10802165902134243,0.2484119200751343,0.6435664209035233
hrpgSub hrpgHyperHype gandsSubHype,neither,0.03945320844208391,0.33037608806864915,0.630170703489267
Overwatch League aint got nothing on Dick & Johnson,offensive_language,0.04896817035344539,0.8530120414840813,0.0980197881624734
he is a Barry nice guy!,neither,0.051608033063223896,0.33270697699354257,0.6156849899432335
Berry needs to use his finger as a mustache as a coping mechanism,neither,0.030585781115274144,0.424328446800337,0.5450857720843888
LUL Doc Holiday Mustache,neither,0.03945320844208391,0.33037608806864915,0.630170703489267
Burt Reynolds,neither,0.03945320844208391,0.33037608806864915,0.630170703489267
"You know what they say about mustaches. If you love your facial hair let it go, if it doesn't grow back it was never meant to be.",neither,0.037881192978828804,0.46418191087303223,0.497936896148139
Is this a table top RPG? LOL.,neither,0.0386635870043767,0.38355611477773505,0.5777802982178883
"@Rottenbug Yep, a fabulously hilarious one",neither,0.03860254706276956,0.36162742962016114,0.5997700233170693
What game system?,neither,0.04495525016170064,0.27948706683654506,0.6755576830017542
!bubblegum,neither,0.03945320844208391,0.33037608806864915,0.630170703489267
"You came here to chew Bubblegum and watch an RPG. Check out the rules for Dick & Johnson's RPG system here, https://gist.github.com/anonymous/2e00cd265c8628d4fb13",offensive_language,0.10878855305517567,0.46746033330792874,0.42375111363689555
^^^ system,neither,0.03945320844208391,0.33037608806864915,0.630170703489267
one of them will roll a die eventually...,neither,0.1726119158871785,0.17139826120670953,0.6559898229061119
lol,neither,0.020706217963973744,0.4882283491876925,0.4910654328483337
gandsGandsBeardedMen gandsGandsBeardedMen gandsGandsBeardedMen gandsGandsBeardedMen gandsGandsBeardedMen gandsGandsBeardedMen gandsGandsBeardedMen gandsGandsBeardedMen gandsGandsBeardedMen gandsGandsBeardedMen gandsGandsBeardedMen gandsGandsBeardedMen Real Men's Protection from the Cold,neither,0.03408105442100072,0.39671323698634503,0.5692057085926543
LOL.,neither,0.020706217963973744,0.4882283491876925,0.4910654328483337
i need to name my beard now,neither,0.03388949567454524,0.40442325881596125,0.5616872455094934
