text,top_class,hate_speech,offensive_language,neither
Who are these people?,offensive_language,0.23176374605537559,0.45402936811677264,0.3142068858278517
With the new series of Crit roll is it a good time to enter if I haven't watched the first one?,neither,0.026859210444761607,0.3389399828952019,0.6342008066600365
dudes. . . what if orion comes back? wouldnt that be a mindfuck?,neither,0.026892344247311514,0.40377721887194556,0.5693304368807429
I knew I would only have to watch chat for 30 seconds before someone mentioned how much time there was until Critical Role.,neither,0.03749262923957735,0.33584159668826064,0.626665774072162
stsAmy stsAmy,neither,0.03945320844208391,0.33037608806864915,0.630170703489267
@soul_eater21 I am also Albuquerque area,neither,0.03925365738788988,0.33044472282672027,0.6303016197853898
hello from Angel Fire (honeymoon vaca),neither,0.04009521256669177,0.3194796025768023,0.6404251848565059
It's Thursday...the day the world forgets how time zones work,neither,0.03729774329599292,0.31510518110659463,0.6475970755974124
@shabello23 the cake is a lie,neither,0.0475212067055959,0.3097684938774693,0.6427102994169349
who is ready for crit role?,neither,0.04097634063895516,0.35539901506494675,0.6036246442960981
rest of EU it's 4 am so HOW BOW DAH,neither,0.038278163118247284,0.36267689440211465,0.599044942479638
This just in chat! CR starts in 88 minutes!!!,neither,0.03677769199073052,0.3434448327256711,0.6197774752835984
gandsMatt gandsMatt gandsMatt gandsMatt gandsMatt gandsMatt gandsMatt gandsMatt gandsMatt gandsMatt gandsMatt gandsMatt,neither,0.03945320844208391,0.33037608806864915,0.630170703489267
Hello from England. I’m staying up till 6am to watch tonight. Critical Role <3,neither,0.04298310522149592,0.33133829990545055,0.6256785948730534
CRITICAL ROLE HAPPENS SOOOOOON,neither,0.05834425474254051,0.3238785909856116,0.6177771542718478
hello chat!,neither,0.03945320844208391,0.33037608806864915,0.630170703489267
bidet and beep beep is so last season,neither,0.04807811670428457,0.32536038043129256,0.6265615028644229
Any cast members in here: How you gys feeling???,neither,0.08588425298032484,0.3328339496411274,0.5812817973785478
has Crit role started yet? i just got here!,neither,0.0669006874360564,0.3475844330372725,0.5855148795266711
wot,neither,0.03945320844208391,0.33037608806864915,0.630170703489267
get ready for the Queen and Collector,neither,0.03375097800807244,0.2766672265090905,0.689581795482837
"If your time zone wasn't in there, whisper me and I'll look it up for you",neither,0.03892357648976327,0.37929332651512476,0.581783096995112
no,neither,0.036918905254960256,0.37338982715841207,0.5896912675866277
SourPls,neither,0.03945320844208391,0.33037608806864915,0.630170703489267
is there a way to slow this chat down to read it?,neither,0.05449967588215566,0.2954901791295905,0.6500101449882538
ZULUL,neither,0.03945320844208391,0.33037608806864915,0.630170703489267
Is it safe to have a huge man crush on Matt Mercer here?,neither,0.07617613380447663,0.35395185722545436,0.5698720089700691
LOL,neither,0.020706217963973744,0.4882283491876925,0.4910654328483337
Can't tune in to CR until after 8-so angry that I'll miss the intros!!!,neither,0.03630687320941557,0.36646369559286174,0.5972294311977228
Make it stop,neither,0.037235067280014654,0.4537677666793583,0.5089971660406272
hrpgSharky hrpgSharky hrpgSharky hrpgSharky,neither,0.03945320844208391,0.33037608806864915,0.630170703489267
I'm excited!!!,neither,0.03945320844208391,0.33037608806864915,0.630170703489267
2:30 AM in france,neither,0.03927307142791081,0.33043804544811456,0.6302888831239746
LOL,neither,0.020706217963973744,0.4882283491876925,0.4910654328483337
See y’all soon!,neither,0.04198007821614717,0.42997004470014943,0.5280498770837034
lol,neither,0.020706217963973744,0.4882283491876925,0.4910654328483337
SourPls,neither,0.03945320844208391,0.33037608806864915,0.630170703489267
are you enjoying angel fire?,neither,0.08150898706250563,0.32779812642750145,0.590692886509993
stop,offensive_language,0.03955985943432937,0.5175432020074249,0.44289693855824575
bidet from southeast minnesota,neither,0.04071751644889743,0.3089174816120565,0.6503650019390461
CR starts at 3:00am for UK based people,neither,0.04984981638529597,0.32504394012657606,0.6251062434881279
go hampster go!,neither,0.04276165647058889,0.34190019769565555,0.6153381458337556
@Impossiblegirl11 Kappa /,neither,0.03945320844208391,0.33037608806864915,0.630170703489267
oh man this moves fast lol,neither,0.0369853885026677,0.391428063824901,0.5715865476724313
-dance dance-,neither,0.03945320844208391,0.33037608806864915,0.630170703489267
LUL,neither,0.03945320844208391,0.33037608806864915,0.630170703489267
how on earth do you keep track of this chat smh,neither,0.05969523962989792,0.3673779998895801,0.572926760480522
Hellure chat.,neither,0.03945320844208391,0.33037608806864915,0.630170703489267
LUL,neither,0.03945320844208391,0.33037608806864915,0.630170703489267
@katraarrow MIDDLE mouse while,neither,0.03945320844208391,0.33037608806864915,0.630170703489267
what,neither,0.057770773616808734,0.3180719994247239,0.6241572269584672
This may be the most exciting anticipation of my 23 year life...,neither,0.030963634215613794,0.39664057189215096,0.5723957938922353
I am this hamster waiting for crit,neither,0.03425732670028487,0.3068381384511121,0.658904534848603
9AM over here,neither,0.08122053552689451,0.29495613261183634,0.6238233318612691
"http://www.wheniscriticalrole.com/ ,,, Critical Role countdown clock. @TylersLazarus same time as always",neither,0.03543661247205636,0.32838721328061404,0.6361761742473296
,neither,0.03945320844208391,0.33037608806864915,0.630170703489267
gandsSCANLAN gandsSCANLAN,neither,0.03945320844208391,0.33037608806864915,0.630170703489267
My friend has precious rat bois that dance with stuff like that,neither,0.02899339396455076,0.44106731119976955,0.5299392948356797
Adorable,neither,0.03945320844208391,0.33037608806864915,0.630170703489267
that was cute,neither,0.03617126956341089,0.34958289954526994,0.6142458308913191
I could watch more hamster,neither,0.04615017901949829,0.3201537819125074,0.6336960390679944
gandsSCANLAN,neither,0.03945320844208391,0.33037608806864915,0.630170703489267
Wooooooo mothership!,neither,0.03945320844208391,0.33037608806864915,0.630170703489267
waking up so early to catch,neither,0.044310108097531775,0.39171327545611895,0.5639766164463493
@katraarrow middle mouse WHEEL,neither,0.03945320844208391,0.33037608806864915,0.630170703489267
came here to destress pre critical role bc cnn is a shitshow rn,neither,0.07442120394830665,0.3052494650126258,0.6203293310390675
@radicallywicked Wait till CR starts!,neither,0.03945320844208391,0.33037608806864915,0.630170703489267
I’m only gonna catch like an hour of CR tonight but it’ll be amazing no matter what,neither,0.042721255452449855,0.3592541033410745,0.5980246412064755
ohey Jessica its been a long time,neither,0.03300403121240399,0.3517523144462689,0.615243654341327
gandsSubHype gandsSubHype gandsSubHype gandsSubHype gandsSubHype gandsSubHype gandsSubHype gandsSubHype gandsSubHype gandsSubHype gandsSubHype gandsSubHype gandsSubHype gandsSubHype,neither,0.03945320844208391,0.33037608806864915,0.630170703489267
Tact!!!! its taldric,neither,0.02700859978372578,0.3346563596412867,0.6383350405749875
is it thursday yet?,neither,0.04651135664277627,0.32794846724679255,0.6255401761104311
Chobot,neither,0.03945320844208391,0.33037608806864915,0.630170703489267
wut wut chobot!,neither,0.03945320844208391,0.33037608806864915,0.630170703489267
Should be about 5:30 PST fpr G&S I think,neither,0.05287429598160867,0.39826296897159585,0.5488627350467955
I am sooo psyched for the new crit role campaing ♥♥♥♥,neither,0.03642234403104426,0.22439366370712127,0.7391839922618344
I see no video,neither,0.045763181893516254,0.22327937087938127,0.7309574472271024
90 MINS until Critical Role FeelsAmazingMan FeelsAmazingMan FeelsAmazingMan FeelsAmazingMan,neither,0.03945320844208391,0.33037608806864915,0.630170703489267
Hi Jess and Hector,neither,0.03870944257742205,0.292987672328244,0.6683028850943339
"oh no, haha!",neither,0.03929895961092558,0.3791399291046425,0.581561111284432
Happy to be here for my first live episode of Mothership!!!,neither,0.055709692130381336,0.3439994345902645,0.6002908732793543
oh man its so late in the UK :(,neither,0.03777766612151225,0.3649012015356351,0.5973211323428526
Yeah Boi,neither,0.02151744091056605,0.4569241218527731,0.5215584372366608
Literally so excited!,neither,0.039409666681866816,0.38060274538522076,0.5799875879329125
What time does critical role start?,neither,0.03136284816130186,0.43639509264507437,0.5322420591936239
dat Chobot,neither,0.03945320844208391,0.33037608806864915,0.630170703489267
@Johnscha2014 try refreshing or rebooting,neither,0.03945320844208391,0.33037608806864915,0.630170703489267
welcome! @ClownPrince220,neither,0.03945320844208391,0.33037608806864915,0.630170703489267
@rappletek I get you.,offensive_language,0.10221443409925421,0.5142936659717918,0.38349189992895405
I am excited to see what everyone is going to be playing.,neither,0.054026393729338866,0.41143989780800355,0.5345337084626576
gandsDrink gandsSCANLAN gandsDrink gandsSubHype gandsSubHype gandsSubHype,neither,0.03945320844208391,0.33037608806864915,0.630170703489267
2007?,neither,0.03945320844208391,0.33037608806864915,0.630170703489267
time to see what this show is,neither,0.08986241280617437,0.25616090779547096,0.6539766793983546
7pm,neither,0.03945320844208391,0.33037608806864915,0.630170703489267
"Hey!If there's anyone here that would like to duel using their D&D character that's level 1, I have a couple that I've been wanting to try!",neither,0.03522166779196857,0.39543027374501816,0.5693480584630133
is it Thursday yet???,neither,0.04651135664277627,0.32794846724679255,0.6255401761104311
how and ahalf,neither,0.03800752746233199,0.24648660831002067,0.7155058642276474
i guess i do see it move pretty fast when im watching the vox machina campaign,neither,0.03217843331424629,0.3726908616754622,0.5951307050102915
"http://www.wheniscriticalrole.com/ ,,, Critical Role countdown clock. @ElementallyEngulfed",neither,0.03729142067156052,0.26127524954021836,0.701433329788221
what is it,neither,0.06881357098323829,0.31625989446649344,0.6149265345502681
Any takers? lol,neither,0.032004988469865304,0.3841899696263843,0.5838050419037504
@ElementallyEngulfed 90 mins,neither,0.03945320844208391,0.33037608806864915,0.630170703489267
86 minutes,neither,0.03945320844208391,0.33037608806864915,0.630170703489267
Hectors T shirt is so good,neither,0.0487905965552025,0.38276780414014366,0.5684415993046538
HOBOI,neither,0.03945320844208391,0.33037608806864915,0.630170703489267
"Yeee, not a great year. :/",neither,0.03562997628016555,0.30570717850251955,0.6586628452173149
gandsTrinketArmor gandsHooman gandsHooman,neither,0.03945320844208391,0.33037608806864915,0.630170703489267
@Rappletek There's always the rebroadcast and the monday post on G&S website,neither,0.034853048588645644,0.30033360813586746,0.6648133432754869
yo I haven't watched Critical Role in a while is it still on tonight?,neither,0.0391057981052594,0.36973506214996943,0.5911591397447713
tell more david,neither,0.04146660844685218,0.31988875467965766,0.6386446368734903
WOOOOO,neither,0.03945320844208391,0.33037608806864915,0.630170703489267
,neither,0.03945320844208391,0.33037608806864915,0.630170703489267
YOOO,neither,0.03945320844208391,0.33037608806864915,0.630170703489267
@radicallywicked loven it! so much fun even without snow. lol no idea how i noticed you asked.,neither,0.03880613966874379,0.4238279168303306,0.5373659435009256
just want to make sure this wont be spoilery and is ok to jump in here?,neither,0.0766844174712027,0.372164005700051,0.5511515768287464
thats pretty crazy,neither,0.02791588439543867,0.4470517622823087,0.5250323533222525
is it thursday yet ?,neither,0.04651135664277627,0.32794846724679255,0.6255401761104311
one and a half hours!!!,neither,0.03771463808941032,0.32055485370799264,0.641730508202597
gandsSCANLAN c'ya in an hour critters,offensive_language,0.025115939691752832,0.5899936295470505,0.3848904307611967
PogChamp,neither,0.03945320844208391,0.33037608806864915,0.630170703489267
WOW that's actually impressive,neither,0.036107170855856886,0.3666810251535121,0.597211803990631
Fuk,neither,0.03945320844208391,0.33037608806864915,0.630170703489267
Jeopardy Pimpin'!,neither,0.03945320844208391,0.33037608806864915,0.630170703489267
This is de wae,neither,0.04692031514040869,0.3292372282376998,0.6238424566218915
wow they brought in a ringer,neither,0.03945320844208391,0.33037608806864915,0.630170703489267
do you see stream okay? For me it looks like slideshow,neither,0.04722354410880927,0.37986437607020557,0.5729120798209851
nice t-shirt Hector,neither,0.03945320844208391,0.33037608806864915,0.630170703489267
Gang Beastswoo,neither,0.03945320844208391,0.33037608806864915,0.630170703489267
k then,neither,0.03945320844208391,0.33037608806864915,0.630170703489267
woot,neither,0.03945320844208391,0.33037608806864915,0.630170703489267
so hyped,neither,0.039408962504520015,0.38382265604540616,0.5767683814500738
@TrueBalance im glad you caught it! lol,neither,0.04343870599869904,0.4698855910046633,0.48667570299663776
Guys! Its thursday!,neither,0.033065985908956555,0.334605474579363,0.6323285395116804
Deathlydanny I'm not sure how to PM here,neither,0.07974463614986296,0.4136799597489837,0.5065754041011533
is there a way?,neither,0.05251397495820192,0.2655660637289604,0.6819199613128377
i heard scanlan is dead in tbis campaign widowing pike,neither,0.04691547864484589,0.3278094711590229,0.6252750501961312
quiz us HARD,offensive_language,0.062327152490556155,0.5243400127356252,0.4133328347738187
@bronzpegasus that's like bringing in Jordan for a friendly game of hoops LUL LUL,neither,0.038922408704212264,0.3230563671446534,0.6380212241511344
Where is Liz and Erika they are Gang Beast champions,neither,0.06599436122563797,0.24587888262839544,0.6881267561459665
OwO,neither,0.03945320844208391,0.33037608806864915,0.630170703489267
I love Jess’s necklace,neither,0.03633489270100109,0.3449275588628445,0.6187375484361545
"if you don't see the stream, reload the tab",neither,0.03356649445394692,0.37861990001385404,0.587813605532199
weird stuff!!!!,neither,0.03945320844208391,0.33037608806864915,0.630170703489267
@TrueBalance im also glad youre having a good time~,neither,0.044674191886751334,0.3673682461272353,0.5879575619860133
This should be so cool,neither,0.0569839006844408,0.45265379533584704,0.49036230397971214
Who is the female co-host? She has beautiful blue eyes Kreygasm,neither,0.045356363518528335,0.4129000560053069,0.5417435804761648
no idea first time here,neither,0.06947440673254406,0.32959656498263334,0.6009290282848225
I am so pumped for the new Critical Role campaign!!! :D :D,neither,0.0371732829860958,0.27561415850718873,0.6872125585067155
woot woot,neither,0.03945320844208391,0.33037608806864915,0.630170703489267
Is it Thursday yet?,neither,0.04651135664277627,0.32794846724679255,0.6255401761104311
@crimegods NOT CANON,neither,0.03554889144452836,0.3454295093440936,0.619021599211378
lol,neither,0.020706217963973744,0.4882283491876925,0.4910654328483337
Hey I'm not weird. It's the rest of the world thats off its rocker!! :D,neither,0.03268680822409617,0.3139133095300057,0.6533998822458982
I'm sucking my toes,neither,0.02802802190553906,0.41955521588593553,0.5524167622085253
doogLewd doogLewd,neither,0.03945320844208391,0.33037608806864915,0.630170703489267
HI MOTHERSHIP,neither,0.03945320844208391,0.33037608806864915,0.630170703489267
This'll be fun,neither,0.03991710463760455,0.3373477743848205,0.622735120977575
"2007 good, bad or indifferent?",neither,0.03368040193570307,0.3323616209417141,0.6339579771225828
"@SuccubusKayko I might have to, work in the morning would be a nightmare :( but the chat though....",neither,0.04515124967644139,0.22671908701917304,0.7281296633043854
any fans of adventure zone here?,neither,0.07142874148026414,0.3031397692235765,0.6254314892961593
Hi @Lady_Takia,neither,0.03945320844208391,0.33037608806864915,0.630170703489267
"Ah, hello Hector and jessica, great to see you two, and after a bad day, you guys are awesome and kinda cheer me up, thanks for that",neither,0.05165025366436445,0.3061040349202595,0.642245711415376
can i play on my SNES?,neither,0.022109443114701113,0.4626672365860173,0.5152233202992815
Hector and Jessica working together for the mothership challenge?! :O,neither,0.03435820223970659,0.27344044690522273,0.6922013508550707
The hype is real,neither,0.038532303013039844,0.4430996072556087,0.5183680897313514
!whoddat,neither,0.03945320844208391,0.33037608806864915,0.630170703489267
what time is cr on?,neither,0.048856336112569496,0.35531623023297326,0.5958274336544573
just a rumor i heard,neither,0.035182441247318307,0.350479409789908,0.6143381489627736
@crimegods also that's how you get yourself banned just FYI,neither,0.0428952027326349,0.40896299175121725,0.5481418055161478
Can stump ya with 3 trivia questions,offensive_language,0.02145442314284338,0.5541129251975707,0.424432651659586
WOOOT~!,neither,0.03945320844208391,0.33037608806864915,0.630170703489267
Let's GOOOOO already!,neither,0.024387751995675062,0.37856790157109554,0.5970443464332295
LOL,neither,0.020706217963973744,0.4882283491876925,0.4910654328483337
no,neither,0.036918905254960256,0.37338982715841207,0.5896912675866277
I would like to wait,neither,0.06617814258437657,0.33702078698129306,0.5968010704343304
Yes,neither,0.03945320844208391,0.33037608806864915,0.630170703489267
Travis for warlock plz,neither,0.03419440551073856,0.30410628802831724,0.6616993064609442
WOOOOOOOOO,neither,0.03945320844208391,0.33037608806864915,0.630170703489267
Noice,neither,0.03945320844208391,0.33037608806864915,0.630170703489267
ooooooooooooooooo,neither,0.03945320844208391,0.33037608806864915,0.630170703489267
"@davidpfeiffer Click the persons name that you wanna message and it'll show up at the top and you click on whisper, my dood",neither,0.04571382157317747,0.3764984483818575,0.5777877300449651
What...,neither,0.057770773616808734,0.3180719994247239,0.6241572269584672
hello from twitch!,neither,0.04040683511112239,0.31419055472777996,0.6454026101610977
do you watch yourself with the chat?,neither,0.046875632877915546,0.385936577831457,0.5671877892906274
i have 5 tabs right now,neither,0.037223256960368094,0.3717932839007144,0.5909834591389174
"Great face there, Jess",neither,0.03791570841388539,0.2754316560230576,0.6866526355630571
25 tabs atm,neither,0.03945320844208391,0.33037608806864915,0.630170703489267
Woooooo!,neither,0.03945320844208391,0.33037608806864915,0.630170703489267
gandsJesstatorship,neither,0.03945320844208391,0.33037608806864915,0.630170703489267
for sharing rumors and predictions?,neither,0.03374743351791705,0.27197746185790994,0.6942751046241729
I've got 5 tabs,neither,0.009615213104214263,0.3690097178798806,0.621375069015905
OOOOOOOOOOOOOOOOOOOOOOOO,neither,0.03945320844208391,0.33037608806864915,0.630170703489267
Same or different characters?,neither,0.04023598885289966,0.33751173734763895,0.6222522737994615
im so excited to meet these new characters aaa,neither,0.05503826444422547,0.37202291974467755,0.572938815811097
omg,neither,0.03945320844208391,0.33037608806864915,0.630170703489267
"I had so many tabs of CR fanfic last night, dude.",neither,0.03393489311142682,0.36289709760795735,0.6031680092806158
"@Lady_Takia ok, and yourself?",neither,0.03845405930435375,0.28266133942546956,0.6788846012701767
thanks @SuccubusKayko!,neither,0.035884468650613,0.3004919205142699,0.6636236108351171
32. 32 tabs. how did they know???,neither,0.03945320844208391,0.33037608806864915,0.630170703489267
Shabello23 snap,neither,0.03945320844208391,0.33037608806864915,0.630170703489267
420 tabs,neither,0.03945320844208391,0.33037608806864915,0.630170703489267
Liam is my choice for Tiefling Hexblade Warlock,neither,0.03091718056095194,0.3713630859736357,0.5977197334654123
SAVAGE,neither,0.03945320844208391,0.33037608806864915,0.630170703489267
lol!,neither,0.020706217963973744,0.4882283491876925,0.4910654328483337
Travis is going to be playing a blood hunter. It’s the only option that gives him the ability to be a Werewolf,neither,0.044986467849429654,0.34532486626823516,0.6096886658823351
Liam for Cleric,neither,0.03296554473014691,0.29799019813725613,0.669044257132597
"different, right?",neither,0.03812089419991331,0.35635347834672226,0.6055256274533644
pumped for Critical Roll,neither,0.03484301310231662,0.30734054830831037,0.657816438589373
EVERYONE IS SO BEAUTIFUL!!!! ESPECIALLY YOU HECTOR!,offensive_language,0.05595944684767472,0.5036528870425674,0.44038766610975805
LUL,neither,0.03945320844208391,0.33037608806864915,0.630170703489267
That was so great,neither,0.0319504784586436,0.4059700471435754,0.562079474397781
SO savage,neither,0.03940828896139536,0.39018524630103246,0.5704064647375721
10 tabs two browsers,neither,0.04034602172499174,0.3152227166007079,0.6444312616743004
be caredul raven yiu cant make predictions,neither,0.03988914052009091,0.33402652716556086,0.6260843323143483
"today starts the new campaign, right?",neither,0.03975100961469052,0.24605987483805228,0.7141891155472571
Grog is mine,neither,0.05346295554390151,0.3255574936149395,0.6209795508411591
"Too many tabs? Dude, I have 20 tabs PINNED before I get to the rest.",neither,0.03975561453263838,0.37717188874165425,0.5830724967257074
That’s a ton of fridge magnets,neither,0.03673417132480038,0.3597902705729653,0.6034755581022343
Thank you!!,neither,0.07325166854587051,0.43632638485078484,0.49042194660334476
Bad squirrel bad squirrel,neither,0.03584727802620158,0.33161633289078296,0.6325363890830155
lolol,neither,0.03945320844208391,0.33037608806864915,0.630170703489267
Kiki mischief,neither,0.03945320844208391,0.33037608806864915,0.630170703489267
Hello Bizzaros <3,neither,0.03945320844208391,0.33037608806864915,0.630170703489267
Marisha a monk?,neither,0.03945320844208391,0.33037608806864915,0.630170703489267
90 MINS until Critical Role FeelsAmazingMan FeelsAmazingMan FeelsAmazingMan FeelsAmazingMan,neither,0.03945320844208391,0.33037608806864915,0.630170703489267
SamP888 yes,neither,0.03945320844208391,0.33037608806864915,0.630170703489267
"the reason why I say that is because he played a ""stupid"" character last game that wasn't too charismatic",neither,0.0720429030868399,0.2868249143227919,0.6411321825903682
hi,neither,0.03945320844208391,0.33037608806864915,0.630170703489267
"Yeah, squirrel folk music is nuts",neither,0.03701098488599703,0.40436339786532777,0.5586256172486753
Hi @darbue,neither,0.03945320844208391,0.33037608806864915,0.630170703489267
KANPAI,neither,0.03945320844208391,0.33037608806864915,0.630170703489267
SQUIRREL BANDITO!,neither,0.03945320844208391,0.33037608806864915,0.630170703489267
yes new campaign tonight,neither,0.04014069563602254,0.23170215344382233,0.7281571509201551
hell yes,offensive_language,0.04196248704288334,0.843332394129789,0.11470511882732759
"@SamP888 YES new characters, 20 years later, different continent",neither,0.041884925380887505,0.27045328081533165,0.687661793803781
"It's still an hour and a half away, right?",neither,0.037611332167374306,0.30224537310851424,0.6601432947241115
I want Travis to be a monk sooooooo bad.,neither,0.04228121139823046,0.3281825745342834,0.629536214067486
what time is critical role EST?,neither,0.050568620088114996,0.34086687790690606,0.6085645020049789
"wait, Mish is monk?",neither,0.05480463386792679,0.3250960289158392,0.620099337216234
I seriously cannot wait for CR to start!! AHHHHHH!,neither,0.03947126997490041,0.30711817956249776,0.6534105504626018
oh man i'm so excited,neither,0.04585785786425914,0.3989654899075974,0.5551766522281435
hiiiiiii,neither,0.03945320844208391,0.33037608806864915,0.630170703489267
JUST SEND IT,neither,0.03140056249170965,0.3613343625690661,0.6072650749392242
"for all you critters, is a incorporeal blade too OP of a Magic Weapon for my campaigns shadow rogue??",neither,0.03817665867619717,0.391967077643144,0.5698562636806588
"and this would be a PERFECT character for him, because in their one-shot spin off",neither,0.035035134853986565,0.310306591040011,0.6546582741060024
who are these people and why isn't CR on? ;),neither,0.08055292867547385,0.38958595828759063,0.5298611130369355
PogChamp PogChamp PogChamp PogChamp PogChamp PogChamp PogChamp PogChamp PogChamp,neither,0.03945320844208391,0.33037608806864915,0.630170703489267
@Philthhy PST,neither,0.03945320844208391,0.33037608806864915,0.630170703489267
83 minutes to go,neither,0.04683827976216342,0.3304184038310343,0.6227433164068022
Travis did play a human paladon,neither,0.15307211576141178,0.19706061025988444,0.6498672739787037
*paladin,neither,0.03945320844208391,0.33037608806864915,0.630170703489267
@Philthhy LA time,neither,0.03789718982458569,0.3567857848925897,0.6053170252828246
Larry has a champion level mullet,neither,0.03972788260242207,0.32571415072527454,0.6345579666723035
Hector's laugh is the best,neither,0.04728056956282601,0.3003696719918891,0.652349758445285
WTF WHO IS THIS MAGNIFICENT BEAST KappaPride,offensive_language,0.05169935104020681,0.6359255761512314,0.3123750728085619
I cant believe they are covering this lmao,neither,0.058656020083684125,0.30870874818023386,0.632635231736082
That's a +5 mullet of slaying,neither,0.036031440026081066,0.3675157961211026,0.5964527638528164
YES,neither,0.03945320844208391,0.33037608806864915,0.630170703489267
was it revealed who will play the characters?,neither,0.03901591103137994,0.35173527212770284,0.6092488168409171
This is so 80s America,neither,0.22638834427182747,0.2552743678266378,0.5183372879015347
"hour and 30 left, right?",neither,0.03795726333914896,0.3112331357953608,0.6508096008654902
We are gonna see a hex blade warlock for sure,neither,0.045633565249671104,0.4111273437028556,0.5432390910474733
@NewMoneyOldMagic what time tho?,neither,0.039419992189211356,0.36503296463581897,0.5955470431749696
lol,neither,0.020706217963973744,0.4882283491876925,0.4910654328483337
FAIL,neither,0.03945320844208391,0.33037608806864915,0.630170703489267
Hot...,neither,0.03945320844208391,0.33037608806864915,0.630170703489267
I want to believe that’s Bowser’s long lost brother,neither,0.04152322891339641,0.35652584670418436,0.6019509243824193
when i bite into a york peppermint patty...,neither,0.03310751097613483,0.3615745407475703,0.6053179482762949
@Galrocian 7pm pst for CR start,neither,0.03481726078258168,0.30721206988113525,0.6579706693362831
do a flip,neither,0.041455253674617595,0.3296874929081904,0.628857253417192
Snake mullet confermed,neither,0.03945320844208391,0.33037608806864915,0.630170703489267
Anyone have a countdown to Critical Role? =D,neither,0.04446235953593713,0.33448269722656765,0.6210549432374952
what's laura playing/??,neither,0.0486282569269815,0.323932608205981,0.6274391348670375
ded,neither,0.03945320844208391,0.33037608806864915,0.630170703489267
what are you silly? im still gonna send it,neither,0.08082220140955096,0.4062933967387215,0.5128844018517276
Someone get that mullet a pair of short shorts!!!,neither,0.03662036542053695,0.36310900278472763,0.6002706317947355
hes just gonna send iiittt,neither,0.03407687903396022,0.39782909245748266,0.5680940285085572
do we know yet,neither,0.04101186181238979,0.33298456796859355,0.6260035702190166
#IsItThursdayYet,neither,0.03945320844208391,0.33037608806864915,0.630170703489267
SpiderGwen Shirt!!,neither,0.03945320844208391,0.33037608806864915,0.630170703489267
@Philthhy on in 83 minutes,neither,0.03685027110393253,0.34285104514842263,0.6202986837476447
Oye,neither,0.03945320844208391,0.33037608806864915,0.630170703489267
i could forgo cr to stare at Jessica for the next 5 hours ....lol,neither,0.033751110453608645,0.3520063451879692,0.6142425443584221
82 Mins,neither,0.03945320844208391,0.33037608806864915,0.630170703489267
do we kno de wae?,neither,0.040443567059638835,0.33204867788292974,0.6275077550574315
Just picture Danoba on his snow mobile,neither,0.05102570271974619,0.3585073273948634,0.5904669698853905
GnS you know exactly what we want! lets just skip to that! :D,neither,0.05242985399389657,0.40819094352118745,0.539379202484916
test post,neither,0.03945320844208391,0.33037608806864915,0.630170703489267
Too many hashtags,neither,0.03920539270954738,0.3345821677973192,0.6262124394931334
I want Travis to play the complete opposite of grog. A little wizard with no strength,neither,0.035700834078095725,0.34693418014166033,0.6173649857802439
Horsepower?,neither,0.03945320844208391,0.33037608806864915,0.630170703489267
lol,neither,0.020706217963973744,0.4882283491876925,0.4910654328483337
"Abbiecanada1 -> THE EMOTES, THEY`RE TOO MANY [warning]",neither,0.055080314918249766,0.29325628621143124,0.651663398870319
this show is AWFUL btw.. I feel bad for the game show guy they brought in,neither,0.053053802525319,0.2132758265863525,0.7336703708883285
is it thursday yet,neither,0.04651135664277627,0.32794846724679255,0.6255401761104311
@MrNY2CALI What did I miss? Haha.,neither,0.03308900171551396,0.40376766462859065,0.5631433336558954
how long?,neither,0.03908934559293424,0.3273291474155956,0.6335815069914702
beep,neither,0.03945320844208391,0.33037608806864915,0.630170703489267
gandsReally gands2YearHype gands2YearHype gands2YearHype gands2YearHype gands2YearHype,neither,0.03945320844208391,0.33037608806864915,0.630170703489267
New member right here,neither,0.09284303495491895,0.2239440768463235,0.6832128881987577
Travis as a caster would be great,neither,0.03611745039323512,0.33615458823017474,0.6277279613765901
hoboy,neither,0.03945320844208391,0.33037608806864915,0.630170703489267
tenielrethana -> Only those that we deem worthy shall possess the power of the Hyperlink [warning],neither,0.048140585852785724,0.2990817588418225,0.6527776553053918
Here is hoping nobody plays gunner. Towards end game it felt like Percy was really underpowered. I would hate that for any of the players this campaign.,neither,0.11196872708811369,0.3165859966846183,0.571445276227268
And we miss you still Chobot.,neither,0.04594755159059947,0.35741541010963035,0.5966370382997702
@Phantomspirit13 82 minutes,neither,0.03945320844208391,0.33037608806864915,0.630170703489267
More Canadian accents!,neither,0.04107124086562675,0.3219183037835808,0.6370104553507926
This show is fine. Don't be a douche nozzle,neither,0.06280678234381132,0.26485998505353286,0.6723332326026557
That is a terrible Canadian accent. C'mon!,neither,0.04197024076896212,0.35624406726275487,0.601785691968283
@unnamed44 its actually friday here,neither,0.07581195205311236,0.2956658234896182,0.6285222244572694
excited af,neither,0.03945320844208391,0.33037608806864915,0.630170703489267
alpha keeps buffering for me so i have to watch twitch :(,neither,0.03743841870275554,0.3647298454776239,0.5978317358196207
I'm just here for critical role #Campaign2,neither,0.06302770846569268,0.293608534037386,0.6433637574969214
how long till it starts,neither,0.037972968197446,0.3290877157537198,0.6329393160488341
Hehhehehhehehhe,neither,0.03945320844208391,0.33037608806864915,0.630170703489267
@Phantomspirit13 1 hour and 22 minutes,neither,0.038770862808699236,0.2963544032253262,0.6648747339659746
Lady_Takia -> ONLY HULK CAPSLOCKS,neither,0.03945320844208391,0.33037608806864915,0.630170703489267
I really want to know where he got that shirt.,neither,0.04747606693539406,0.37013578527113505,0.5823881477934709
LOL I've not seen this...... LOVE IT,neither,0.012493271413894978,0.3790851370382749,0.6084215915478302
is Matt going to start them at level 1 or a couple levels above that?,neither,0.05229426508997913,0.37320621305603824,0.5744995218539826
82 minutes,neither,0.03945320844208391,0.33037608806864915,0.630170703489267
Noice,neither,0.03945320844208391,0.33037608806864915,0.630170703489267
NOOOOoooooo,neither,0.03945320844208391,0.33037608806864915,0.630170703489267
NOOOO!!!!!!!,neither,0.03945320844208391,0.33037608806864915,0.630170703489267
yes,neither,0.03945320844208391,0.33037608806864915,0.630170703489267
8c,neither,0.03945320844208391,0.33037608806864915,0.630170703489267
@JonusOctavian it's literally a collection of 9gag clips,neither,0.038344511527763,0.3307574197774491,0.6308980686947878
*In tears watching the last epsode of the old campaign* I Cant believe i caught up right before the next campaign is gonna start,neither,0.037662154921556876,0.38622451986593975,0.5761133252125035
Just finished Critical Roll 115! (did the show over the last 10 months) I'm ready!,neither,0.04166244974569881,0.2843121029090239,0.6740254473452771
WutFace WutFace WutFace WutFace WutFace WutFace WutFace WutFace WutFace,neither,0.03945320844208391,0.33037608806864915,0.630170703489267
i love it,neither,0.030831260484157012,0.3601344986151421,0.609034240900701
Oh my gosh no,neither,0.03199253196212138,0.38088450919316735,0.5871229588447113
level 2,neither,0.03945320844208391,0.33037608806864915,0.630170703489267
PogChamp,neither,0.03945320844208391,0.33037608806864915,0.630170703489267
I'd watch that version,neither,0.041030870564669294,0.3738530172708445,0.5851161121644862
I enjoyed that clip,neither,0.03615533710790692,0.3661503685394048,0.5976942943526883
XD,neither,0.03945320844208391,0.33037608806864915,0.630170703489267
lv 1 he said,neither,0.04517621608845883,0.3284076833070969,0.6264161006044443
That is a little messed up,neither,0.04005110933415395,0.4233718589408174,0.5365770317250286
is suscribing a onetime payment?,neither,0.0495192247997867,0.32691392345999004,0.6235668517402233
@KylonOrina level 2.5,neither,0.03945320844208391,0.33037608806864915,0.630170703489267
yes,neither,0.03945320844208391,0.33037608806864915,0.630170703489267
i gust want critical role,neither,0.03966892053533427,0.32671489088248734,0.6336161885821783
amazing XD,neither,0.03945320844208391,0.33037608806864915,0.630170703489267
I was so scared that Ashely was gonna bail because of work,neither,0.03599494592173788,0.42200621325083004,0.5419988408274321
The Film That Would NOT Die,neither,0.16225446826234308,0.1654348198436884,0.6723107118939686
critical role wating room,neither,0.03945320844208391,0.33037608806864915,0.630170703489267
What time is critical roll,neither,0.05126207982446005,0.34140619942687994,0.60733172074866
oh god level 1 d&d is so tedious,neither,0.05436358906387755,0.3221396647227358,0.6234967462133865
No radical,neither,0.038465455673613855,0.34714083037889465,0.6143937139474915
,neither,0.03945320844208391,0.33037608806864915,0.630170703489267
eyyyy,neither,0.03945320844208391,0.33037608806864915,0.630170703489267
"@DanMunhoz meh, you got 81 min left, I'm not impressed ;)",neither,0.04692980571919477,0.38873643425018567,0.5643337600306195
omg cant believe its almost here..,neither,0.0673867794933269,0.3025789641251781,0.6300342563814949
81 minutes,neither,0.03945320844208391,0.33037608806864915,0.630170703489267
thatwas awesome!,neither,0.03945320844208391,0.33037608806864915,0.630170703489267
hahahahaahaha,neither,0.03945320844208391,0.33037608806864915,0.630170703489267
@vestrinn me too,neither,0.025456656249999262,0.41690574403459846,0.5576375997154023
"If you don't like it, don't watch it. Simple.",neither,0.04476727000821208,0.432150817452206,0.5230819125395819
@BiohazardChars 81 mins,neither,0.03945320844208391,0.33037608806864915,0.630170703489267
@forgedghost I feel like the major part of it was his **only** magic weapon was destoyed and irreplaceable.,neither,0.05789158987507563,0.31002398381346585,0.6320844263114584
@radicallywicked no its every month,neither,0.032286911974274274,0.3477527266957071,0.6199603613300186
atlantis,neither,0.03945320844208391,0.33037608806864915,0.630170703489267
tenielrethana -> Only those that we deem worthy shall possess the power of the Hyperlink,neither,0.048934300738625126,0.29657811414217794,0.6544875851191969
"oh, i'll skip it then haha",neither,0.038849147367137744,0.35039282558067353,0.6107580270521887
im so pissed. i got called into work an hour after the new show starts,neither,0.04864147296211597,0.29152159760540985,0.6598369294324743
BROTHER BEAR DO IT,neither,0.0394120000592356,0.3303902615211459,0.6301977384196186
are they really starting at lvl 1?,neither,0.05902499610654325,0.3128417394667815,0.6281332644266752
vvv poor,neither,0.03945320844208391,0.33037608806864915,0.630170703489267
JOURNEYT TO ATLANTIS,neither,0.08141052394132535,0.3085008144527792,0.6100886616058954
And who is the hottie,neither,0.05282975271106036,0.3315785486838573,0.6155916986050824
@vestrinn bc she is like my favorite,offensive_language,0.04697600744767471,0.5340644643362974,0.4189595282160278
this show is good too i need to watch more G&S shows,neither,0.07377440951438179,0.2602361164242896,0.6659894740613286
Seems legit,neither,0.03945320844208391,0.33037608806864915,0.630170703489267
WutFace,neither,0.03945320844208391,0.33037608806864915,0.630170703489267
Fantasia is great!,neither,0.05061484561512324,0.2864395912068406,0.6629455631780362
Just did the poll. Is that short thing a kobold?!,neither,0.03802087073181912,0.36329855299462394,0.598680576273557
The fox and the hound mashed up with heat,neither,0.029829078760029343,0.33904466570603164,0.6311262555339391
mix the departed with alladin,neither,0.029399390945781645,0.3483312896334812,0.6222693194207372
Fantasia,neither,0.03945320844208391,0.33037608806864915,0.630170703489267
OG Fantasia is so amazing,neither,0.04726256696760725,0.3706433815715829,0.5820940514608097
The Emperors New Groove!,neither,0.043872536494141245,0.13515747036698622,0.8209699931388725
<3,neither,0.03945320844208391,0.33037608806864915,0.630170703489267
Fantasia is amazing!,neither,0.051766257226869686,0.3261410659692903,0.62209267680384
Beauty and the Beast meets Good Fellas,neither,0.037996843377857296,0.29481579031777694,0.6671873663043657
HOME ON THE RANGE!,neither,0.035650771178597065,0.3274982768889316,0.6368509519324713
wow! great answer!!!,neither,0.03753174829184651,0.3047740081691085,0.657694243539045
no they are starting at level 2.5,neither,0.06131452735549445,0.32314200153602063,0.615543471108485
80 MINS until Critical Role FeelsAmazingMan FeelsAmazingMan FeelsAmazingMan FeelsAmazingMan,neither,0.03945320844208391,0.33037608806864915,0.630170703489267
"I mean not a BAD movie at all, but random lol",neither,0.030194727484955285,0.43599123085012365,0.5338140416649212
The Little Mermaid/Gangster movie mashup would make the term 'sleeps with the fishes' confusing.,neither,0.033771048359346474,0.30831437954737906,0.6579145720932746
bidet from isney,neither,0.04228451509352876,0.2823214250720796,0.6753940598343917
im ! so! excited !,neither,0.03835248773688177,0.42672104618676693,0.5349264660763514
Chernobog,neither,0.03945320844208391,0.33037608806864915,0.630170703489267
is there going to be spoilers for the first campaign?,neither,0.03817590840675275,0.28454040701738864,0.6772836845758585
Churnabog,neither,0.03945320844208391,0.33037608806864915,0.630170703489267
Fantasia really is the best,neither,0.048845896147432274,0.2957149328472375,0.6554391710053303
"It's called ""Night on Bald Mountain""",neither,0.03070591617036642,0.3411052557002834,0.6281888281293503
chernobog,neither,0.03945320844208391,0.33037608806864915,0.630170703489267
