text,top_class,hate_speech,offensive_language,neither
theres bound to be tons of new subs tonight,neither,0.04419848829664629,0.26328649855915714,0.6925150131441966
North Caarolina Represent,neither,0.03945320844208391,0.33037608806864915,0.630170703489267
So how long till they start?,neither,0.03918354136445231,0.3706387857069506,0.5901776729285971
Texas here too,neither,0.10133551864454214,0.28797023750071865,0.6106942438547392
so excited for CR! Hurry up!,neither,0.03298646081222247,0.3762229948639249,0.5907905443238527
gandsSubHype gandsSubHype,neither,0.03945320844208391,0.33037608806864915,0.630170703489267
How long till critical role?,neither,0.039280103440459735,0.3289265290715484,0.6317933674879919
"Guys I forgot, what's happening in 3 hours again? Kappa",neither,0.04143436053867195,0.34777573676783113,0.610789902693497
Any one from Canada,neither,0.03965626953621243,0.3438160251289163,0.6165277053348712
Bidet,neither,0.03945320844208391,0.33037608806864915,0.630170703489267
Texaz,neither,0.03945320844208391,0.33037608806864915,0.630170703489267
"@misterloggans, short dives into a few different topics as starting points",neither,0.03836986513956854,0.3487632512130581,0.6128668836473734
its free to watch @smartire092,neither,0.045959134067712,0.32622858301513585,0.6278122829171522
,neither,0.03945320844208391,0.33037608806864915,0.630170703489267
Yeah be there aren’t enough good DMs of roll20,neither,0.027090683620111796,0.3854550084450688,0.5874543079348195
,neither,0.03945320844208391,0.33037608806864915,0.630170703489267
"@gangrenedollie thx I'll look into it, I think I'm reluctant because creature of habit and all that, but I will look into it. Do you recommend a certain way to go about it for someone new?",neither,0.044942123634873,0.3263488129905394,0.6287090633745875
come on ....lore masters...yeah,offensive_language,0.01671046857722316,0.5070351366353136,0.4762543947874633
,neither,0.03945320844208391,0.33037608806864915,0.630170703489267
3 Hours until critical role,neither,0.03945320844208391,0.33037608806864915,0.630170703489267
@Cass_Bardan anywhere from 2.5-5.5 hours,neither,0.04050592914261473,0.3125086703985407,0.6469854004588445
so is anything going to happen or you just go and listen to some cool music,neither,0.05324656879348711,0.3940339945100269,0.552719436696486
"Whatever the topic is, I already prepared a whiskey for whatever will happen",neither,0.039820146524783225,0.30402620939518105,0.6561536440800356
Two Years and then some,neither,0.030722257842086445,0.290721406609721,0.6785563355481926
"Did not think you were gone, Nightbot. Was trying to be friendly and show excitement.",neither,0.06468328146127941,0.2687889838624772,0.6665277346762434
CR is happening at 7pm pacific,neither,0.044294333934125456,0.34471983826248426,0.6109858278033904
here we go,neither,0.13156755280784707,0.2765461283225309,0.5918863188696221
Ashley will be here for this one right? She was on the poster,neither,0.057895317172143836,0.3559506070231265,0.5861540758047297
UK here!,neither,0.10451085942188715,0.28138818202638227,0.6141009585517305
thanks @slown137 !!!,neither,0.035884468650613,0.3004919205142699,0.6636236108351171
I live in the lone star state so,neither,0.07556958304715503,0.2579835602081506,0.6664468567446943
ugh I am so excited for the new critical role campaign tonight but it starts at 10pm EST :(,neither,0.033769263568962475,0.29059377559480776,0.6756369608362297
"Cool, thanks @Andyinsomnia",neither,0.0367426274230533,0.3076780315905544,0.6555793409863925
the show doesn't start until 10?,neither,0.05184246427389921,0.2503607477670033,0.6977967879590975
gandsSCANLAN,neither,0.03945320844208391,0.33037608806864915,0.630170703489267
Louisiana all the way!,neither,0.04023790531555808,0.38350930921691934,0.5762527854675226
tespudgamer -> Only those that we deem worthy shall possess the power of the Hyperlink [warning],neither,0.048140585852785724,0.2990817588418225,0.6527776553053918
uk perople unite,neither,0.03945320844208391,0.33037608806864915,0.630170703489267
after starting dm'ing for my friends i have an even higher respect for matt for the things he does,neither,0.02409626040067945,0.38557089886350326,0.5903328407358174
"yo, finally something starts",neither,0.039574910776144646,0.3957079164821555,0.5647171727416999
"Idc, im glad lore masters are here",neither,0.12575027432832642,0.2766614046797324,0.5975883209919411
@GloriousMost I just got to episode 5 myself I figured it's a new campaign and like new sequels to video games sometimes you don't need to know the whole story to enjoy the game,neither,0.06457389757954042,0.21800901526220395,0.7174170871582556
@pchamileon same,neither,0.04148851938089603,0.3488915597363099,0.609619920882794
gandsGandsBeardedMen,neither,0.03945320844208391,0.33037608806864915,0.630170703489267
(Texas) first time watching criticalrole live tonight!,neither,0.0341470639993696,0.3283997870848387,0.6374531489157919
wheniscriticalrole .com,neither,0.03945320844208391,0.33037608806864915,0.630170703489267
MAX!! LOL,neither,0.031120645729857982,0.3912535864736078,0.5776257677965343
what is this show about?,neither,0.08490096773244404,0.2584570856574165,0.6566419466101395
3am uk time,neither,0.038418636327957424,0.34793547686343973,0.6136458868086029
We have a subscriber-only Discord server! Join here: https://discord.gg/geekandsundry (you'll need to sub and link it to your Twitch) and be a part of the fun!...Warning: It can take up to an hour for the server to update and give you access to the channels,neither,0.08464076273808444,0.286394834032893,0.6289644032290227
jcvimHi Ryan jcvimBye Max,neither,0.03945320844208391,0.33037608806864915,0.630170703489267
Im wearing the same hoodie as max!,neither,0.0374288103395772,0.3697604274914038,0.5928107621690191
FeelsBadMan,neither,0.03945320844208391,0.33037608806864915,0.630170703489267
Hello,neither,0.03945320844208391,0.33037608806864915,0.630170703489267
i watch all episodes but this will be my first live! do excited from Argentina!!,neither,0.035323342552880756,0.4043638157443749,0.5603128417027444
all these americans complaining about 10pm EST. gonna be a 4am start for me,offensive_language,0.0345023203019738,0.5015725087196535,0.46392517097837266
!wtfisthis,neither,0.03945320844208391,0.33037608806864915,0.630170703489267
You always were alone,neither,0.05690646698554715,0.4262765879859288,0.516816945028524
Ryan Green and a guest spend 90 minutes going deeper into a fandom then you may have thought possible. From Magic: The Gathering to Street Fighter we’re examining the stories and worldbuilding that makes these properties so enchanting. The guests and subjects are as varied as can be but the one thing that brings them together is passion.,neither,0.06281962001923072,0.30912234923769066,0.6280580307430785
When does the new campaign start?,neither,0.023113097421396677,0.3978245276541866,0.5790623749244168
"Hi Ryan, scaring people off again?",neither,0.057850129641730794,0.3506479553992602,0.591501914959009
@parkdacar we're all gonna learn together.,neither,0.05720349440804009,0.4179511867888063,0.5248453188031537
3 hrs PogChamp,neither,0.03945320844208391,0.33037608806864915,0.630170703489267
high low,neither,0.03500741588978201,0.43567730555243867,0.5293152785577793
ello all,offensive_language,0.046917543854519406,0.6277741405869331,0.3253083155585475
avenoir12 -> Only those that we deem worthy shall possess the power of the Hyperlink [warning],neither,0.048140585852785724,0.2990817588418225,0.6527776553053918
Welcome Amy and raiders.,neither,0.038822933363010945,0.2991577467117473,0.6620193199252418
the critical role hoodie is super comfy chat you should get it,neither,0.058980688097387525,0.3687679362602186,0.5722513756423939
Hello!,neither,0.03945320844208391,0.33037608806864915,0.630170703489267
sitting and waiting here in Wisconsin,neither,0.07369546496106186,0.27074127024700645,0.6555632647919317
can we get some hype for us EU guys still up and staying up to watch critroll?,neither,0.05179052454413435,0.3612473386494365,0.5869621368064291
,neither,0.03945320844208391,0.33037608806864915,0.630170703489267
Welcome Enthursarmy!,neither,0.03945320844208391,0.33037608806864915,0.630170703489267
HI Amy and Raiders,neither,0.03882182104596303,0.2990983243771988,0.6620798545768382
#enthusiArmy raid!,neither,0.03945320844208391,0.33037608806864915,0.630170703489267
Welcome raiders!,neither,0.03945320844208391,0.33037608806864915,0.630170703489267
#enthusiarmy Raid,neither,0.03945320844208391,0.33037608806864915,0.630170703489267
jcvimHi Enthusiarmy,neither,0.03945320844208391,0.33037608806864915,0.630170703489267
gandsLessthanthree gandsLessthanthree gandsLessthanthree gandsLessthanthree gandsLessthanthree gandsLessthanthree gandsLessthanthree gandsLessthanthree gandsLessthanthree gandsLessthanthree gandsLessthanthree gandsLessthanthree gandsLessthanthree gandsLessthanthree gandsLessthanthree gandsLessthanthree,neither,0.03945320844208391,0.33037608806864915,0.630170703489267
hi danoba,neither,0.03945320844208391,0.33037608806864915,0.630170703489267
"That moment when you make a rogue but put all of his points into intimidation NOT STEALTH, and when he runs into battle he screams"" YOU CAN""T SEE GROG"" and he passes all his checks.",neither,0.06452677260248095,0.4328214208689375,0.5026518065285815
Detroit,neither,0.03945320844208391,0.33037608806864915,0.630170703489267
gandsMatt gandsMatt gandsMatt gandsMatt gandsMatt gandsMatt gandsMatt gandsMatt gandsMatt gandsMatt gandsMatt gandsMatt,neither,0.03945320844208391,0.33037608806864915,0.630170703489267
"Jesus, that is a very pretty man",neither,0.042922714191491323,0.42046296736368455,0.5366143184448242
EU hype,neither,0.03945320844208391,0.33037608806864915,0.630170703489267
Hi @mister_noah_ingram,neither,0.03945320844208391,0.33037608806864915,0.630170703489267
#EnthusiARMY RAID!,neither,0.03945320844208391,0.33037608806864915,0.630170703489267
yayyyyy,neither,0.03945320844208391,0.33037608806864915,0.630170703489267
CR clothing is awesome comfy,neither,0.044705811154341545,0.3285694771346416,0.626724711711017
first time live CR,neither,0.03573940249211289,0.3485350837899226,0.6157255137179645
dutch guy here its already 1 am here :P,neither,0.10177541460940381,0.29573551372699686,0.6024890716635993
#Enthusiarmy raid! :D,neither,0.03945320844208391,0.33037608806864915,0.630170703489267
Monkey Island 1-3!!!!!,neither,0.044444933187090765,0.100344751774417,0.8552103150384922
Clap for an EUs watching with us tonight,neither,0.047214203352518885,0.3132731435637654,0.6395126530837157
someone from Argentina here??,neither,0.08398529038347989,0.27947065462388454,0.6365440549926356
gandsRyanHype gandsOwl,neither,0.03945320844208391,0.33037608806864915,0.630170703489267
?,neither,0.03945320844208391,0.33037608806864915,0.630170703489267
!thursday,neither,0.03945320844208391,0.33037608806864915,0.630170703489267
"THURSDAY (All Times Pacific) - LOREMASTERS: 4-5:30pm, Ryan Green and a guest go deeper into a fandom than you may have ever thought possible! | MOTHERSHIP: 5:30-6:30pm, This variety show unites the personalities, topics, and interests of both Nerdist and Geek & Sundry | CRITICAL ROLE: 7pm-? Pacific | Voice Actors play Dungeons and Dragons 5e!",neither,0.04765500963294138,0.260966978800082,0.6913780115669766
raid!,neither,0.03945320844208391,0.33037608806864915,0.630170703489267
holy shit it's darius....awks,offensive_language,0.040843656300512836,0.9590033814083673,0.00015296229111979266
"Help G&S make great content! $4.99/month gets you emotes, Minecraft server access, Sub Only VODs, and more! Every sub keeps the channel alive! twitch.tv/geekandsundry/subscribe",neither,0.043907990691603095,0.31135964332838284,0.644732365980014
#ENTHUSIARMY will conquer! And use the spoils for games. XD,neither,0.011157696166155275,0.32420466480832993,0.6646376390255148
!clock,neither,0.03945320844208391,0.33037608806864915,0.630170703489267
It is currently Thursday 4:02 PM at the Geek & Sundry studio in California.,neither,0.05116902727914625,0.32963796927704553,0.6191930034438082
i can't believe so many of us are here purely to wait for the new campaign,neither,0.14281097477922045,0.2058944143790258,0.6512946108417538
"@smartire092 brazil, hola hermano",neither,0.03945320844208391,0.33037608806864915,0.630170703489267
Tick Tock,neither,0.03945320844208391,0.33037608806864915,0.630170703489267
Who is dis??,neither,0.05347418204717363,0.42396105860564176,0.5225647593471847
Does any know when the new campaign starts?,neither,0.025197651601587982,0.38788685394369293,0.586915494454719
hers a EUler ^^,neither,0.03945320844208391,0.33037608806864915,0.630170703489267
"hello lads, when will the next critical role campaign starts?",neither,0.03406556720223218,0.34145653562209866,0.6244778971756691
Hello!,neither,0.03945320844208391,0.33037608806864915,0.630170703489267
7pm est,neither,0.03945320844208391,0.33037608806864915,0.630170703489267
So it starts at 7 PST?,neither,0.03684223766498437,0.4130764551954443,0.5500813071395714
sit back and enjoy the show people :),neither,0.08249847171660943,0.2173065510412064,0.7001949772421842
!wheniscr is when the new campaign starts.,neither,0.039255568060818626,0.2796477391402199,0.6810966927989615
http://www.wheniscriticalrole.com/,neither,0.0364481805509037,0.2303424311669227,0.7332093882821735
Matt looks different,neither,0.03945320844208391,0.33037608806864915,0.630170703489267
"Critical Role is on at 7 PM PST on Thursdays, it is currently 4:02 PM PST on Thursday. There is 2 Hours, 57 Minutes, 23 Seconds until the next episode of Critical Role. This command has been run 655 times but has probably been asked about way more.",neither,0.040956933650594524,0.3442470835108151,0.6147959828385903
7pm pst,neither,0.03945320844208391,0.33037608806864915,0.630170703489267
"@smartire092 also from Argentina, dude!",neither,0.04036319495053769,0.31493124214464596,0.6447055629048165
@carlosthadeu94 tan cerquita!! genio!,neither,0.03945320844208391,0.33037608806864915,0.630170703489267
what is this show about?,neither,0.08490096773244404,0.2584570856574165,0.6566419466101395
Damn I jist want it to start but idk if I cqn stick around till 7 lmap,offensive_language,0.03146013463092345,0.6953953688162483,0.2731444965528283
in two hours,neither,0.040210520493686806,0.31752252612598697,0.6422669533803264
7pm PST for critical role?,neither,0.035010695382072896,0.3081772348505722,0.6568120697673548
"i am even further, from Türkiye",neither,0.03938744669009303,0.32828877908625415,0.6323237742236527
cool,neither,0.03945320844208391,0.33037608806864915,0.630170703489267
back when microsoft new what a exclusive was LUL,neither,0.038349815456905564,0.30395960466736366,0.6576905798757307
@xxrubyredx in about three hours or so,neither,0.0379198783187016,0.39571297590667354,0.5663671457746248
!wtfisthis,neither,0.03945320844208391,0.33037608806864915,0.630170703489267
Ryan Green and a guest spend 90 minutes going deeper into a fandom then you may have thought possible. From Magic: The Gathering to Street Fighter we’re examining the stories and worldbuilding that makes these properties so enchanting. The guests and subjects are as varied as can be but the one thing that brings them together is passion.,neither,0.06281962001923072,0.30912234923769066,0.6280580307430785
Just here for Crit Role!!!!!!!,neither,0.0714593099043313,0.2841490541044954,0.6443916359911732
*knew,neither,0.03945320844208391,0.33037608806864915,0.630170703489267
"Critical Role starts at 7pm PST, which means 10pm EST",neither,0.038991999920597493,0.34444009705104983,0.6165679030283526
needs to hurry up!,neither,0.04356221013749312,0.38196596126652405,0.5744718285959829
"CR shirt, Gilmore Shirt, How Do You Want To Do This Hoodie ..Ultra Comfy",neither,0.05155316448200601,0.347024618813769,0.6014222167042249
2 hours and 57 minutes left,neither,0.03871216244311353,0.29313821297312387,0.6681496245837626
SEPHIROTH!,neither,0.03945320844208391,0.33037608806864915,0.630170703489267
yeah wrong time zone haha,neither,0.02307987389576647,0.4816950570562423,0.49522506904799124
Pah Xbox... I grew up on an Atari VCS2600 :-D,neither,0.0350238675764113,0.3837522585824381,0.5812238738411507
i kinda feel bad for the hosts for todays other shows. we are drowning out chat with stuff for critrole,neither,0.03182660484019199,0.29195057569337707,0.676222819466431
@Reual_Nathan_Onyrian vamooii,neither,0.03945320844208391,0.33037608806864915,0.630170703489267
"its 10pm est, 7pm pst",neither,0.03309144916294284,0.33256418880705063,0.6343443620300065
time to nap so i can pull an all nighter oof. Curse Eastern Stantard Time,neither,0.04321038833567519,0.4127176049379977,0.5440720067263269
Love that game!,neither,0.02947659881066755,0.35002026846046286,0.6205031327288696
i want the glimore shirt and the scarf,neither,0.03773033183620108,0.2690335107032048,0.6932361574605941
"That gives major ""Knights of the Old Republic"" vibes for a box art",neither,0.03404074947069439,0.32792036297722954,0.6380388875520762
So at 10?,neither,0.03824330054406899,0.432170924410436,0.529585775045495
I'll be back for CR.,neither,0.03424812913658918,0.30553460078076994,0.6602172700826408
i'll get them soon,neither,0.05591855451207839,0.33119307280200255,0.6128883726859191
@Ossborn Same herew,neither,0.04148851938089603,0.3488915597363099,0.609619920882794
"....oooo, Namco... makes me nostalgic for Monster Rancher (or MR2)",neither,0.030223964377031974,0.33626936121719864,0.6335066744057695
Just in time for live show! How is everyone!,neither,0.04618675538751969,0.3600902512809605,0.5937229933315198
How long until the new campaign starts? Or did I miss it?,neither,0.03565693272475198,0.26455265821417157,0.6997904090610765
"so true, every good game has a cat lady... ie witcher 3",neither,0.03875218524545178,0.326396821412005,0.6348509933425431
Is it really even a game if there isn't a lady with a cat?,neither,0.02371465395111557,0.34439509574488686,0.6318902503039976
Its gunna be 2pm for me Lel,neither,0.026060969628586395,0.34069281027974563,0.633246220091668
Hi @Impossiblegirl11,neither,0.03945320844208391,0.33037608806864915,0.630170703489267
Greeting and salutations from Norway,neither,0.03993872663407561,0.2110020514151397,0.7490592219507847
Amnesia in a prison cell like Dark Sun,neither,0.046997766499437474,0.34159886777127574,0.6114033657292867
"Making dinner, put the kids to bed, and finally unwind watching the greatest D&D show on the planet. I am so excited!!!",neither,0.046609066305460106,0.2724951086756659,0.680895825018874
jcvimHi @Impossiblegirl11,neither,0.03945320844208391,0.33037608806864915,0.630170703489267
Is the new campaign starting today?,neither,0.04755051155902558,0.22551782785110647,0.7269316605898679
Russian Wrestling #1,neither,0.03945320844208391,0.33037608806864915,0.630170703489267
@Scoutsdoitbetter But there's so much more here. To each their own,neither,0.1055450511327649,0.2902082135361074,0.6042467353311277
When is critical role?,neither,0.036731799512772056,0.3718062288360914,0.5914619716511365
yessss got my G&S ball,neither,0.028513014246596934,0.44782880781257267,0.5236581779408304
lol is anyone actually here for Lore Masters?,neither,0.0741045498321581,0.31383130572608164,0.6120641444417603
3am for British time,neither,0.03347086153523271,0.32131759469887905,0.6452115437658883
a cat lady? so like nekopara? LUL,neither,0.048290386659573116,0.38182571401271453,0.5698838993277124
yes sham,neither,0.03945320844208391,0.33037608806864915,0.630170703489267
!wheniscr,neither,0.03945320844208391,0.33037608806864915,0.630170703489267
"chaoticloony First game? Can´t tell myself, was either Decathlon or Pitfall",neither,0.033358737418033,0.29636372694864116,0.6702775356333258
"Critical Role is on at 7 PM PST on Thursdays, it is currently 4:04 PM PST on Thursday. There is 2 Hours, 55 Minutes, 59 Seconds until the next episode of Critical Role. This command has been run 656 times but has probably been asked about way more.",neither,0.04095032796986723,0.3441895804454861,0.6148600915846467
"@shampowpr360 yes, in 3 hours",neither,0.03945320844208391,0.33037608806864915,0.630170703489267
Im so excited I think I'm gonna barf,neither,0.03810227537064266,0.44742292208097395,0.5144748025483835
Greetings from Brazil o7,neither,0.04079557052152802,0.30759270029461827,0.6516117291838538
!thursday,neither,0.03945320844208391,0.33037608806864915,0.630170703489267
"THURSDAY (All Times Pacific) - LOREMASTERS: 4-5:30pm, Ryan Green and a guest go deeper into a fandom than you may have ever thought possible! | MOTHERSHIP: 5:30-6:30pm, This variety show unites the personalities, topics, and interests of both Nerdist and Geek & Sundry | CRITICAL ROLE: 7pm-? Pacific | Voice Actors play Dungeons and Dragons 5e!",neither,0.04765500963294138,0.260966978800082,0.6913780115669766
!wtfisthis,neither,0.03945320844208391,0.33037608806864915,0.630170703489267
7 pm pst,neither,0.03945320844208391,0.33037608806864915,0.630170703489267
Ryan Green and a guest spend 90 minutes going deeper into a fandom then you may have thought possible. From Magic: The Gathering to Street Fighter we’re examining the stories and worldbuilding that makes these properties so enchanting. The guests and subjects are as varied as can be but the one thing that brings them together is passion.,neither,0.06281962001923072,0.30912234923769066,0.6280580307430785
"Hello Glitterlord...I mean, Ryan!",neither,0.03945320844208391,0.33037608806864915,0.630170703489267
@shampowpr360 yes,neither,0.03945320844208391,0.33037608806864915,0.630170703489267
"OMG, is the audio really low or do I have a major problem with my audio here? #Please help!",neither,0.04682711934441562,0.3620126367059991,0.5911602439495852
Hi from Hawaii,neither,0.04042618578566652,0.3138621232795296,0.6457116909348039
I can’t wait to see it!!!!!,neither,0.0464532765968161,0.32019700203277984,0.6333497213704041
This guy is super handsome.,neither,0.04609955802454746,0.3360436750206697,0.6178567669547829
Ohai @shidareAKI !,neither,0.03945320844208391,0.33037608806864915,0.630170703489267
"Came for CR, Stay for LM then CR",neither,0.03381932489636417,0.3022377187625763,0.6639429563410595
dude i just tuned in and i already know youre talking about breakdown,neither,0.04021133355303484,0.34497183441402174,0.6148168320329435
@Ossborn Maze Craze,neither,0.03945320844208391,0.33037608806864915,0.630170703489267
i have never watched lore masters so something new im excited,neither,0.0381060241249041,0.3580629753369807,0.6038310005381152
there are only 2000 here thats less than yogscast,neither,0.09771815629659358,0.24669010247227938,0.6555917412311272
dont barf @ActionJake,neither,0.03945320844208391,0.33037608806864915,0.630170703489267
Ohai @Impossiblegirl11 !!,neither,0.03945320844208391,0.33037608806864915,0.630170703489267
@Lefty79 hiiiiiii,neither,0.03945320844208391,0.33037608806864915,0.630170703489267
He looks like a vampire that took up gaming.,neither,0.045564871270744975,0.4047368046095654,0.5496983241196896
Hi @pikachu3104,neither,0.03945320844208391,0.33037608806864915,0.630170703489267
Breakdown is AMAZING,neither,0.051766257226869686,0.3261410659692903,0.62209267680384
@ShinyKiiwii Seconded.,neither,0.03945320844208391,0.33037608806864915,0.630170703489267
When does critical role start?,neither,0.02310908907152434,0.46050048231472435,0.5163904286137513
dont forget motherboard @PChamileon,neither,0.03945320844208391,0.33037608806864915,0.630170703489267
In 2 hrs and 55 mins.,neither,0.03884499234107564,0.30033216306654026,0.6608228445923842
Nice to see the chat come alive again,neither,0.04100404948691134,0.3575453639086698,0.6014505866044189
@Rozmere sounds fine here. have you refreshed or rebooted completely?,neither,0.096285524860881,0.3396897567556612,0.5640247183834577
!wheniscr,neither,0.03945320844208391,0.33037608806864915,0.630170703489267
What is the theme for today's Lore Masters?,neither,0.04434227903312927,0.27071797731043074,0.6849397436564401
"Critical Role is on at 7 PM PST on Thursdays, it is currently 4:04 PM PST on Thursday. There is 2 Hours, 55 Minutes, 16 Seconds until the next episode of Critical Role. This command has been run 657 times but has probably been asked about way more.",neither,0.04096287757924841,0.3442988006644248,0.6147383217563268
@Papatouille in 3 hours,neither,0.03945320844208391,0.33037608806864915,0.630170703489267
3 hours,neither,0.03945320844208391,0.33037608806864915,0.630170703489267
hello from indiana,neither,0.04051053742967293,0.3124304557404923,0.6470590068298349
u have a problem,neither,0.03863325054654491,0.3442929134755317,0.6170738359779234
@ShinyKiiwii lol,neither,0.020706217963973744,0.4882283491876925,0.4910654328483337
"chaoticloony Doesnt ring a bell... besides that, I even owned a copy of the infamous E.T. game",neither,0.036480664095407,0.3298209193559853,0.6336984165486077
Hi @baronklatu113,neither,0.03945320844208391,0.33037608806864915,0.630170703489267
So many people here to witness the glory of gandsRyanHype,neither,0.11464627580039316,0.3114615891949095,0.5738921350046973
shouldn't the new campain be playing right now?,neither,0.04140201689296795,0.2562151354910587,0.7023828476159734
i mean mothershi[,neither,0.03945320844208391,0.33037608806864915,0.630170703489267
"@carlosthadeu94 thank my guy,",neither,0.025436089838441468,0.45179406108001907,0.5227698490815396
who else misses SnuggleLord,neither,0.040092362021690094,0.3964919987474462,0.5634156392308637
Whats the name of the game,neither,0.03754012210879468,0.26661333441498297,0.6958465434762224
"@Tanisbarbarian Trust me, 2,000 is just the start; it hasn't even been live yet",neither,0.037033256662397374,0.36679119197598586,0.5961755513616168
"@Ossborn So did i, it was so easy",neither,0.037963373881779755,0.4202163398906434,0.5418202862275768
hello from Canadia,neither,0.040875471929787875,0.3062365648703896,0.6528879631998226
"@silverdiddykong no...7 pm pst, which is in 3 hours",neither,0.04540582544373545,0.3396733512982373,0.6149208232580272
ye,neither,0.03945320844208391,0.33037608806864915,0.630170703489267
Hi from Michigan,neither,0.040503880638814625,0.3125434388541974,0.646952680506988
Breakdown @Mark0Kralj,neither,0.03945320844208391,0.33037608806864915,0.630170703489267
Hello from Washington!,neither,0.04049713290470358,0.31265796551224456,0.6468449015830519
!clock,neither,0.03945320844208391,0.33037608806864915,0.630170703489267
It is currently Thursday 4:05 PM at the Geek & Sundry studio in California.,neither,0.05116902727914625,0.32963796927704553,0.6191930034438082
@Papatouille np,neither,0.03945320844208391,0.33037608806864915,0.630170703489267
So excited for CR!!,neither,0.03395863151186649,0.3407985408224575,0.6252428276656761
Off to the arts and crafts store I go,neither,0.08243526134718453,0.2620892446337824,0.655475494019033
It makes sense as you play .. first person becomes an inseparable narrative.,neither,0.04153184415373271,0.37635540587281696,0.5821127499734504
bidet,neither,0.03945320844208391,0.33037608806864915,0.630170703489267
gandsRyanHype gandsRyanHype gandsRyanHype gandsRyanHype gandsRyanHype gandsRyanHype gandsRyanHype gandsRyanHype gandsRyanHype gandsGnSLadders gandsGnSLadders gandsGnSLadders gandsGnSLadders gandsGnSLadders gandsGnSLadders gandsGnSLadders gandsGnSLadders gandsGnSLadders,neither,0.03945320844208391,0.33037608806864915,0.630170703489267
Ty,neither,0.03945320844208391,0.33037608806864915,0.630170703489267
hi from Michigan,neither,0.040503880638814625,0.3125434388541974,0.646952680506988
gandsRyanHype gandsRyanHype gandsRyanHype gandsRyanHype gandsRyanHype,neither,0.03945320844208391,0.33037608806864915,0.630170703489267
@araniasong He has his own Twitch Channel,neither,0.09057789656471062,0.3158559954857395,0.5935661079495499
"Hello from australia, got my times mucked up but will stay for all the shows :)",neither,0.027823841992228687,0.42659967572713864,0.5455764822806327
@oCARRIONo Ty,neither,0.03945320844208391,0.33037608806864915,0.630170703489267
What are we talking about tonight?,neither,0.0687846895389257,0.2872844870678337,0.6439308233932405
hey Yebbs,neither,0.03945320844208391,0.33037608806864915,0.630170703489267
Hi @MorgyD94,neither,0.03945320844208391,0.33037608806864915,0.630170703489267
,neither,0.03945320844208391,0.33037608806864915,0.630170703489267
dndBehLeft dndBehCenter dndBehRight,neither,0.03945320844208391,0.33037608806864915,0.630170703489267
The Narrative Drives The Story,neither,0.038183583489156465,0.30688851674346257,0.654927899767381
hey Risky!! <3,neither,0.03945320844208391,0.33037608806864915,0.630170703489267
"Go out to the store now, get your snacks, go to the bathroom, and invite your friends over to do a one-shot to warm up for CR!!!!",neither,0.08456655792639171,0.3150100703276784,0.60042337174593
this dude has cool eyes,neither,0.04146384660207221,0.2962503111461904,0.6622858422517374
Anyone on here able to help me with a Project Alpha problem?,neither,0.050434732273721486,0.35940719559307377,0.5901580721332048
monika's?,neither,0.03945320844208391,0.33037608806864915,0.630170703489267
"I'm also watching live for the first time, all CRs games I've watched has been replays on ytb",neither,0.020712990530321898,0.3470384227193831,0.6322485867502948
Too many subs for me to HYPE,neither,0.0337165404114565,0.3373070217669559,0.6289764378215877
"I've heard a fair bit about this game, but it is a shame it was a XBOX exclusive.",neither,0.026703726590437318,0.3195811611405102,0.6537151122690525
I want it to be 7pm PST now XD,neither,0.04496395939350071,0.32700339914301324,0.628032641463486
"@Leigh574 Oh No! That's scary, I'll reload",neither,0.03974522041489661,0.336965241690853,0.6232895378942503
A moniker is a name,neither,0.055668686574237805,0.3247988415684814,0.6195324718572808
"LOL, new live viewers for the new campaign, we're back to the old days of nobody knowing when CR starts. Welcome noobs",neither,0.03911819467309404,0.3239530845289012,0.6369287207980047
The Narrative Drives the Mechanichs,neither,0.03805664292712957,0.30443150452602313,0.6575118525468474
And XBOX emulation isn't quite there yet.,neither,0.038862192266441324,0.27069932617036424,0.6904384815631945
"came here for critical role, but this is also pretty cool so far!",neither,0.060914122036200745,0.3212313191533397,0.6178545588104596
ok...,neither,0.03935517884257045,0.3320399062092607,0.6286049149481688
gandsSubHype ALL THE SUBS gandsSubHype,neither,0.040268850094874374,0.39281163065459906,0.5669195192505265
"@MorgyD94 3 hours from now :) ...also, Hello fellow Aussie! :D",neither,0.040223121045029384,0.3173086618848848,0.6424682170700858
I'm on Amazon right now,neither,0.0336605899163723,0.3807759195811875,0.58556349050244
anyone know if they've said anything about needing to know much about the First campaign? is it gonna be hard to follow if i haven't seen all of the first campaign yet?,neither,0.018533539650301738,0.4760438447272871,0.5054226156224112
@GambiteMii Me too:),neither,0.025456656249999262,0.41690574403459846,0.5576375997154023
it's like £20,neither,0.05385880940032303,0.35541533195243963,0.5907258586472374
VoDs is the superior way,neither,0.04729631059855516,0.3112981310728821,0.6414055583285627
but I gotta see the new stuff,neither,0.03723311074290964,0.2663663258381988,0.6964005634188917
bidet from saskatoon,neither,0.04228451509352876,0.2823214250720796,0.6753940598343917
"My bud and I work Night Audit at a hotel together, we've both been watching Critical Role together for the last year and we can't wait to watch it tonight",neither,0.02436763369280768,0.31274575974897945,0.6628866065582129
I haven't heard anyone talk about this before. I played it when I was in Jr. High or something and it blew my mind.,neither,0.019863794245185775,0.44831563120870094,0.5318205745461133
"i hope i can stay awake, 4am will be hard",neither,0.05791472155573675,0.4251236291743422,0.516961649269921
unture TFm8,neither,0.03945320844208391,0.33037608806864915,0.630170703489267
"@Itchighoti Nope, not prior knowledge needed",neither,0.038378696335422305,0.33440322451669713,0.6272180791478805
"TO SOUNDTECH: Sound is off, like he's standing in a big empty room",neither,0.04670891130090833,0.37655902439084704,0.5767320643082448
When does it start?,offensive_language,0.016657143906209267,0.5095962980709364,0.4737465580228543
SELINE!!! :),neither,0.03945320844208391,0.33037608806864915,0.630170703489267
Itch you don't need to know much about the first campaign to follow the new,neither,0.049455188472874785,0.2937599130250311,0.6567848985020941
My clock was wrong not my math..surprisingly XD,neither,0.023120497041048398,0.4628622462081714,0.5140172567507801
"@Explode0matic CR brings the people in, but the other shows are also great",neither,0.06735596340493885,0.27622324027750506,0.6564207963175562
Very true :),neither,0.03945320844208391,0.33037608806864915,0.630170703489267
"@Itchighoti No I doubt it Mat does nto tell stories like that, Its going to be new for everyone,",neither,0.029021302257465593,0.4375721697813376,0.5334065279611968
It's my first day on twitch to be hoest,neither,0.027228715309304936,0.40321906018553727,0.5695522245051577
jcvimHi Seline,neither,0.03945320844208391,0.33037608806864915,0.630170703489267
The e CR champaign is stand alone,neither,0.0444356815885024,0.317013590943201,0.6385507274682967
@darkneXus23 ditto!,neither,0.03945320844208391,0.33037608806864915,0.630170703489267
Hi Selina,neither,0.03945320844208391,0.33037608806864915,0.630170703489267
it sounds fine to me,neither,0.03643984827228665,0.36858991817740694,0.5949702335503063
Never heard of Breakdown but your description sounds cool. I prefer proper first person gameplay that shows the hands doing everything. Much more immersive IMO.,neither,0.040410482955554945,0.356035439245501,0.6035540777989441
When is CR boys ?,neither,0.036605867356364716,0.37372991635392805,0.5896642162897071
"oh hey, that's Selina!",neither,0.04100596902990161,0.3195870707326877,0.6394069602374106
is it cold there,neither,0.04794471624047752,0.27465182900410956,0.6774034547554129
"in commemoration for tonights Crit role, i will play ranked in league",neither,0.03632741222019436,0.29526543742283956,0.6684071503569661
!wheniscr,neither,0.03945320844208391,0.33037608806864915,0.630170703489267
"Critical Role is on at 7 PM PST on Thursdays, it is currently 4:07 PM PST on Thursday. There is 2 Hours, 52 Minutes, 19 Seconds until the next episode of Critical Role. This command has been run 658 times but has probably been asked about way more.",neither,0.040927848641521075,0.3439936739353914,0.6150784774230875
yeah twitch is toxic in general,neither,0.030907667339519166,0.41793627411530326,0.5511560585451776
!thursday,neither,0.03945320844208391,0.33037608806864915,0.630170703489267
"THURSDAY (All Times Pacific) - LOREMASTERS: 4-5:30pm, Ryan Green and a guest go deeper into a fandom than you may have ever thought possible! | MOTHERSHIP: 5:30-6:30pm, This variety show unites the personalities, topics, and interests of both Nerdist and Geek & Sundry | CRITICAL ROLE: 7pm-? Pacific | Voice Actors play Dungeons and Dragons 5e!",neither,0.04765500963294138,0.260966978800082,0.6913780115669766
This guy is super handsome,neither,0.04609955802454746,0.3360436750206697,0.6178567669547829
CR 7pm PST,neither,0.03945320844208391,0.33037608806864915,0.630170703489267
I dont believe you will need to know anything from the first campaign for this one. It is set years in the future. Im sure there might be some easter eggs from the original but I dont believe its a must,neither,0.0356003547934357,0.35343372217976177,0.6109659230268026
can someone tell me where to find the subs only chat room?,neither,0.04196440803824727,0.2627554716208745,0.6952801203408784
!isitthursdayyet,neither,0.03945320844208391,0.33037608806864915,0.630170703489267
womp womp,neither,0.03945320844208391,0.33037608806864915,0.630170703489267
@trepidatioustrex its during the show,neither,0.04653865738171835,0.23301463994657534,0.7204467026717064
"You Never say ""I cast a cantrip"" You say I raise my arms above my head as pulses of arcane energy eviscerate my foe.""",offensive_language,0.03271473470537548,0.5269567156670274,0.44032854962759704
"@TFm8 they can be, but its not always that bad. I use alpha chat during the show",neither,0.019324669466437974,0.39768914176149855,0.5829861887720635
!thursday,neither,0.03945320844208391,0.33037608806864915,0.630170703489267
"hello! question. After the stream of critical role, how long does it usually take before the stream is uploaded to the website?",neither,0.03594107086881571,0.3810058911335466,0.5830530379976375
"@trepidatioustrex, this is our only chat room. it will go sub only suring the live CR broadcast",neither,0.045828154093775,0.31115413694189153,0.6430177089643333
gands2YearHype,neither,0.03945320844208391,0.33037608806864915,0.630170703489267
@trepidatioustrex we only have a subs only chat during CR,neither,0.03905364497805109,0.3371577228308324,0.6237886321911166
"@trepidatioustrex Unless you mean Discord, there isn't one. This goes into sub-only during the show.",neither,0.05726427119653414,0.2935204176020468,0.6492153112014191
"Twitch may be toxic, but GnS / TeamHooman is kind of a safe harbour",neither,0.04390076062766891,0.3208536069366816,0.6352456324356495
never heard of this game but ryan talking about makes me interested,neither,0.0298957918832487,0.3746355409753785,0.5954686671413728
captain america?,neither,0.2750705204308169,0.19586594740322374,0.5290635321659595
@trepidatioustrex this chat room becomes sub only during CR,neither,0.03939851268013402,0.3313044178935026,0.6292970694263633
T'Lan? Like SoT science officer?,neither,0.04761241797357418,0.34245627450598554,0.6099313075204403
okie dokie!!!,neither,0.03945320844208391,0.33037608806864915,0.630170703489267
Critical Role will be at 7PM Pacific/10PM Eastern/9PM Central if im not mistaken,neither,0.030746813655181043,0.3734449854780996,0.5958082008667192
Omg! Ryan is vestless?!?,neither,0.04846885452842086,0.32727519396167437,0.6242559515099046
"Wait, are they making a remake of breakdown or something",neither,0.058772729251644264,0.2870840782857247,0.6541431924626311
@Haakienator Right? It seems pretty cool actually,neither,0.037532037907391146,0.3459389502667606,0.6165290118258483
im a simple man,neither,0.03859572596070062,0.4451155148930691,0.5162887591462303
ANpne know hwere to watch the new critical role ep?,neither,0.04995847871498273,0.25740023096827225,0.6926412903167449
Was that some freaking Shinkiro artwork?,neither,0.02764591509486783,0.39048181479082067,0.5818722701143115
"i see a show about lore, i click and watch",neither,0.05622920777195503,0.2524947654793998,0.6912760267486451
2 more hours til CR bois,neither,0.04070522853877002,0.3238100459586545,0.6354847255025755
haha welcome on in @whatnoww :D,neither,0.0319969503597334,0.42234139756323585,0.5456616520770308
I've only just finished Chapter 2 of CR,neither,0.0200953440756523,0.33077603692589763,0.64912861899845
that sad moment when you realize its 7 pst and not 7 eastern...,neither,0.03276392218320456,0.41193737672347314,0.5552987010933222
@whatnoww Welcome :D!,neither,0.03945320844208391,0.33037608806864915,0.630170703489267
Is a sub to Geek and Sundry 4.99 per month? Or how does it work?,neither,0.03707232031899564,0.37894359408444506,0.5839840855965593
