text,top_class,hate_speech,offensive_language,neither
@mwthecool maybe a cool denim jacket? i have a shirt that i get all my favourite people to sign,neither,0.04724789476083025,0.4363624260478588,0.5163896791913108
I'm glad they have three hours now!,neither,0.03901563466602931,0.3378028570248517,0.6231815083091191
"I was thinking of going out to buy a McCree funko pop, but I'd prefer something D&D related",neither,0.03830228186743016,0.347485036677285,0.6142126814552848
@mwthecool I got my platers handbook signed,neither,0.029130694908274517,0.4404793054963792,0.5303899995953463
players*,neither,0.03945320844208391,0.33037608806864915,0.630170703489267
Yay!,neither,0.03945320844208391,0.33037608806864915,0.630170703489267
@Deathstar_Taco never too old for that,neither,0.025378868474993783,0.392129549470145,0.5824915820548612
,neither,0.03945320844208391,0.33037608806864915,0.630170703489267
jcvimHi jcvimHi jcvimHi jcvimHi,neither,0.03945320844208391,0.33037608806864915,0.630170703489267
Taliesin YOUR Hair,neither,0.10649067825054252,0.3115341996892072,0.5819751220602503
YAY,neither,0.03945320844208391,0.33037608806864915,0.630170703489267
is so FLUFFED,neither,0.06287845562653366,0.4363549250209663,0.5007666193525001
PILLOW FORT!!!,neither,0.03945320844208391,0.33037608806864915,0.630170703489267
gandsSubHype gandsSubHype gandsSubHype gandsSubHype,neither,0.03945320844208391,0.33037608806864915,0.630170703489267
Yay,neither,0.03945320844208391,0.33037608806864915,0.630170703489267
hey!!!,neither,0.03945320844208391,0.33037608806864915,0.630170703489267
hello,neither,0.03945320844208391,0.33037608806864915,0.630170703489267
THUS IS ALREADY ADORABLE,neither,0.0453474882776165,0.3431283118420398,0.6115241998803437
HI EVERYONE!,neither,0.032490659208996964,0.4485487193596734,0.5189606214313296
Honestly the most common thing to get signed is a Players Handbook,neither,0.047100545980200935,0.3223242530763252,0.6305752009434739
awwww everyone looks so comfy i love it,neither,0.032642274133218796,0.43727649395655704,0.5300812319102242
lucidHey lucidHey lucidHey lucidHey,neither,0.03945320844208391,0.33037608806864915,0.630170703489267
comfy set is comfy,neither,0.043939341493992104,0.32883310119776377,0.627227557308244
Hee! So much adorableness!,neither,0.03263919147166354,0.4173937179957508,0.5499670905325856
"Woo, jammies!",neither,0.03945320844208391,0.33037608806864915,0.630170703489267
Guys I'm on critical role episode 48 do I catch up or start anew help,neither,0.037215262562736516,0.36575920062317036,0.5970255368140931
tHIS IS ALREADY TOO CUTE,neither,0.049449767946828795,0.3187238294316764,0.6318264026214948
We got a Jody!,neither,0.03792247595707385,0.3821948344340016,0.5798826896089246
Of course Xander has Trek jammies,neither,0.039803925201189395,0.3244235093688243,0.6357725654299864
all ze onesies,neither,0.04167083427717469,0.4183849112737958,0.5399442544490295
Woot!,neither,0.03945320844208391,0.33037608806864915,0.630170703489267
"Hey, they found Boo Berry!",neither,0.03945320844208391,0.33037608806864915,0.630170703489267
Let me get my fuzzy bathrobe.,neither,0.019703675305659897,0.1822270429995266,0.7980692816948134
Pajama dance party!!! foxtimLOVE,neither,0.03945320844208391,0.33037608806864915,0.630170703489267
"Tal needs sleep, man.",neither,0.039555630963258676,0.3835586206309336,0.5768857484058078
same w/ the hot cocoa guys ~,neither,0.03928278469788721,0.3244178468050488,0.636299368497064
Not Jody I thought Jody,neither,0.04059148514795468,0.2741624550746143,0.685246059777431
<3,neither,0.03945320844208391,0.33037608806864915,0.630170703489267
Comfy!,neither,0.03945320844208391,0.33037608806864915,0.630170703489267
"Morning, all",neither,0.061967905254982546,0.21215969689978753,0.7258723978452299
What did I join? 0_o,neither,0.045767131856337254,0.32587143846235234,0.6283614296813105
tailesin why are you perfect,neither,0.08211439553424191,0.35347099915898256,0.5644146053067756
!whodat,neither,0.03945320844208391,0.33037608806864915,0.630170703489267
"Erika Ishii ( twitter.com/erikaishii ), Taliesin Jaffe ( twitter.com/executivegoth ), with Dani Fernandez ( twitter.com/msdanifernandez ), Brandy Camel ( twitter.com/Dayntee ), Bryan Forrest ( twitter.com/SirBryanForrest ), Xander Jeanneret ( twitter.com/Xanderrific ), Sonja Reid ( twitter.com/OMGitsfirefoxx ),",neither,0.0367117538323914,0.4733626495701591,0.4899255965974495
the sleepover is a LIE,neither,0.046629968406832575,0.311791190552488,0.6415788410406794
They better got milk for that cereal,neither,0.031242664239761585,0.3718071247861229,0.5969502109741156
First rule of Pillow Fight Club,neither,0.034125676537321126,0.33220847058788255,0.6336658528747964
"also, this is already sO CUTE",neither,0.048380592443264106,0.36039427434125054,0.5912251332154854
Xander's Startrek jammies! :D,neither,0.03945320844208391,0.33037608806864915,0.630170703489267
sonja <3,neither,0.03945320844208391,0.33037608806864915,0.630170703489267
this is awesome :P,neither,0.050512911114032236,0.32860941969445295,0.6208776691915148
foxxW foxxW foxxW foxxW foxxW foxxW,neither,0.03945320844208391,0.33037608806864915,0.630170703489267
Tal found the Boo Berry cereal!!! Yas!,neither,0.03889922934726201,0.32033517308209997,0.640765597570638
I wanna join a book club that just reads the back of sugar cereal boxes.,neither,0.03500552044267454,0.35282268341754935,0.6121717961397761
this is the softest party,neither,0.05027159911123626,0.305788288555861,0.6439401123329027
Loving the pjs!,neither,0.03862886686215196,0.3153276753150589,0.6460434578227892
I love them,neither,0.06234377708176772,0.34003088397560766,0.5976253389426247
Love Xander's jammies <3,neither,0.03217296676969875,0.3657703709031763,0.602056662327125
It's Brandy from Blizzard,neither,0.03902412582157686,0.31078570834242075,0.6501901658360024
kiwoAw,neither,0.03945320844208391,0.33037608806864915,0.630170703489267
aww sonja is back TwitchUnity,neither,0.04910426969663709,0.3270566455479794,0.6238390847553834
WAIT IS THAT SONJA,neither,0.045730457055311834,0.3897314805023997,0.5645380624422884
oh dear christ,neither,0.044418092340482516,0.2829764655276056,0.6726054421319119
Xander looks adorable in his star trek jammies,neither,0.05739113284196747,0.3320350297546462,0.6105738374033862
!whodat,neither,0.03945320844208391,0.33037608806864915,0.630170703489267
"Hi EKbot, Taliesin, Dani, Xander, Sonja Bryan and Brandy",neither,0.03890521207993144,0.30350074181743175,0.6575940461026368
soy unicorn,neither,0.03945320844208391,0.33037608806864915,0.630170703489267
Hi everyone! I love Xander’s Star Trek jammies!,neither,0.033177146967509806,0.4137590495223932,0.5530638035100969
That Star Trek pj is great,neither,0.04096773224152416,0.3406772684813283,0.6183549992771477
Many bras will be put in the freezer! 😂,neither,0.040214501307403054,0.29965484026085726,0.6601306584317398
HELLO,neither,0.03945320844208391,0.33037608806864915,0.630170703489267
everyone just looks so soft and cuuuuute,neither,0.029972294624171072,0.43780302292513135,0.5322246824506977
hello everyone!!,neither,0.03269494828970791,0.4450814005079928,0.5222236512022994
Holy shit I haven't watched OMGItsFireFoxx in a year,offensive_language,0.04759505469509502,0.9443369118432854,0.008068033461619722
@starryarii That's a cool idea.,neither,0.0350745525600274,0.378107053526216,0.5868183939137566
SONJA,neither,0.03945320844208391,0.33037608806864915,0.630170703489267
I need Star Trek jammies,neither,0.03929069910960993,0.3290152558408669,0.6316940450495233
Hi Squishii,neither,0.03945320844208391,0.33037608806864915,0.630170703489267
"Xander is adorable no matter what, especially as Tristan over on Shield of Tomorrow.",neither,0.04211852552757436,0.36758297969480336,0.5902984947776224
Oh man we missed you guys!!!,neither,0.06273586724288308,0.3981785108882415,0.5390856218688754
@raidrith Tal did state last week that he knew which warehouses to raid,neither,0.06174582039188238,0.2935035587813285,0.644750620826789
Taliesin practically lives at the G&S studio,neither,0.038155628457001954,0.3360789606086101,0.6257654109343881
Wednesday Club hype,neither,0.03945320844208391,0.33037608806864915,0.630170703489267
those Star Trek pjs are bomb,neither,0.07629116456316108,0.2531904176777048,0.6705184177591341
@starryarii I have no idea what item of clothing I would do,neither,0.04260671602771806,0.3390407778077507,0.6183525061645311
Critical what now? What's that?,neither,0.0458159905206989,0.36054783357425574,0.5936361759050454
I’m in my Jake the Dog Adventure Time jammies!,neither,0.029939662275347327,0.39325270076691604,0.5768076369577366
HEY,neither,0.03945320844208391,0.33037608806864915,0.630170703489267
that's an interesting thought,neither,0.03914144784540426,0.2653855572355332,0.6954729949190627
Hi everyone!!,neither,0.032490659208996964,0.4485487193596734,0.5189606214313296
I wish I knew who everyone was!,neither,0.03422530369810756,0.48110230752880406,0.4846723887730884
you're all the coziest babies,neither,0.09878870078556073,0.423853145531699,0.4773581536827403
besides tal,neither,0.03945320844208391,0.33037608806864915,0.630170703489267
How are you,neither,0.19156335723385254,0.31525141242459664,0.49318523034155076
@mwthecool the nerdiest stuff u own,neither,0.07191300177174914,0.30050567608678563,0.6275813221414652
@Deathstar_Taco very true. I shouldn't doubt his commitment to follow-through.,neither,0.059498526447093796,0.3290756378095218,0.6114258357433844
Mollymauk is already my favourite new CR character <3,neither,0.03806042210661027,0.3370650204720222,0.6248745574213674
"Is it me, or is it SUPER quiet?",neither,0.04317918287782165,0.3577328651474373,0.599087951974741
"Yeah, Lasix!",offensive_language,0.013968601452186464,0.5182923869769311,0.4677390115708824
Noa HYPE!!!!!!!!,neither,0.03945320844208391,0.33037608806864915,0.630170703489267
"I can't believe Sonja is here, my Mianite phase has returned",neither,0.07214421695815602,0.3582407724757092,0.5696150105661348
!whodat,neither,0.03945320844208391,0.33037608806864915,0.630170703489267
"Erika Ishii ( twitter.com/erikaishii ), Taliesin Jaffe ( twitter.com/executivegoth ), with Dani Fernandez ( twitter.com/msdanifernandez ), Brandy Camel ( twitter.com/Dayntee ), Bryan Forrest ( twitter.com/SirBryanForrest ), Xander Jeanneret ( twitter.com/Xanderrific ), Sonja Reid ( twitter.com/OMGitsfirefoxx ),",neither,0.0367117538323914,0.4733626495701591,0.4899255965974495
....I wonder who Taliesin stole those jammies from..... because there's no way he bought Griffendor jammies,neither,0.06058549952380466,0.29161574977456045,0.647798750701635
Poor Dani and her eyes!,neither,0.03241142991346922,0.44811038136765424,0.5194781887188765
"I feel like I've been glued to G&S content all week. Oh wait, I have. #noregrets",neither,0.03579967286708559,0.3423483440768218,0.6218519830560927
@Deathstar_Taco I love that he knows where to get all the cool off the wall foods.,neither,0.04296352363370081,0.36573153466443736,0.5913049417018618
oh yikes,neither,0.051363287716059566,0.22255663153133606,0.7260800807526044
Vampire Eyes!,neither,0.04133151614495329,0.2984963043584716,0.6601721794965751
"also, can i just hug everyone because they're been working so hard :3",offensive_language,0.03679871480103133,0.5344668603814333,0.42873442481753543
is that the dani from taliesin's vampire d&d session?,neither,0.042152526433276584,0.33355614981009835,0.624291323756625
OH JEEZE WHAT,neither,0.06115508275994106,0.23620280703610996,0.702642110203949
"It will be worth it, Dani",neither,0.03864352927365903,0.31433029601626755,0.6470261747100734
Oh wow that's terrifying,neither,0.040483193527703826,0.3231894800253947,0.6363273264469015
Ravenclaws unite,neither,0.03945320844208391,0.33037608806864915,0.630170703489267
WutFace,neither,0.03945320844208391,0.33037608806864915,0.630170703489267
VAMPIRE,neither,0.03945320844208391,0.33037608806864915,0.630170703489267
nerd jokes nerd jokes,neither,0.03945320844208391,0.33037608806864915,0.630170703489267
gandsSubHype gandsSubHype gandsSubHype gandsSubHype gandsSubHype,neither,0.03945320844208391,0.33037608806864915,0.630170703489267
How do you work the lasers?,neither,0.06461835000351654,0.36768675513377413,0.5676948948627094
my eyes are total shit but I don't know if I'd ever have the courage to get corrective surgery,offensive_language,0.045263983474491835,0.9151991182870451,0.03953689823846293
i like glasses,neither,0.05538671333580579,0.35266920112084554,0.5919440855433487
Start shooting when you can see the white in their eyes...,offensive_language,0.43121065467061215,0.46616480007845884,0.10262454525092905
"I had a friend who had Lasek last year, took him 3 months to heal",neither,0.04344257999352118,0.3653941318041181,0.5911632882023607
Taliesin knows what people who have tasted human flesh look like,neither,0.19097374979243353,0.26187595303422373,0.5471502971733427
@Raidrith I was soo happy when I saw them drinking Moxy for the Halloween party... I love that stuff,neither,0.03364788956107666,0.35564111608308385,0.6107109943558395
"It's called The Eye, isn't it?",neither,0.04340530243801718,0.3141954865416879,0.6423992110202948
So long as Mrs. Potato Head didn't pack your angry eyes just in case. :p,neither,0.03996859839947707,0.3991351577932621,0.5608962438072609
gandsGandsModAlert gandsGandsModAlert gandsGandsModAlert,neither,0.03945320844208391,0.33037608806864915,0.630170703489267
I know Sonjaaa,neither,0.03945320844208391,0.33037608806864915,0.630170703489267
Hello everyone,neither,0.03269494828970791,0.4450814005079928,0.5222236512022994
NO no no,neither,0.036918905254960256,0.37338982715841207,0.5896912675866277
RED EYE was different,neither,0.04747134253351985,0.3281317090181925,0.6243969484482877
will they answer questions from the chat?,neither,0.040606496814402954,0.28566794113173266,0.6737255620538644
!respect,neither,0.03945320844208391,0.33037608806864915,0.630170703489267
gandsLessthanthree gandsGandsModAlert gandsLessthanthree,neither,0.03945320844208391,0.33037608806864915,0.630170703489267
"If you would like to share opinions on our hosts, guests or fellow viewers, please do so in a respectful manner. Don't make them feel uncomfortable.",neither,0.04843323757214918,0.39559142321184637,0.5559753392160044
HI CIN!,neither,0.03945320844208391,0.33037608806864915,0.630170703489267
Squishii is getting warm,neither,0.04383767519860441,0.40860260626299716,0.5475597185383985
Red Eye was with Rachel McFayden,neither,0.035892345805697896,0.35944006560693353,0.6046675885873686
Hey @cinphoria :),neither,0.03945320844208391,0.33037608806864915,0.630170703489267
sonja finally come too gyp,neither,0.03787275283482375,0.35720054438431126,0.6049267027808651
"Dani, you will always be Noa to me!",neither,0.053195066271542045,0.44316073247900334,0.5036442012494547
Breakfast on Pluto <3,neither,0.035514550854501885,0.34949555684452965,0.6149898923009683
Hi Cin,neither,0.03945320844208391,0.33037608806864915,0.630170703489267
@Deathstar_Taco I've sadly never had it.,neither,0.012755306721045658,0.3554457608569127,0.6317989324220417
haiimGasm renayGasm femGasm,neither,0.03945320844208391,0.33037608806864915,0.630170703489267
Is anyone in chat in their jammies too? :),neither,0.04603814386223569,0.33164676959422434,0.6223150865435398
@PauladinWon I've watched nearly everything this channel has done for 2.7 years. Yer good.,neither,0.024157850834793132,0.3094829316284155,0.6663592175367914
I don't know who anyone is D:,neither,0.05023061452028386,0.4039023975110011,0.5458669879687151
"Welcome Back to channel, Sonja!",neither,0.04584855980695246,0.3266338433573608,0.6275175968356868
Erika stop stroking the guests,neither,0.03830268570885061,0.3920440715131977,0.5696532427779516
That movie was a remake of a Japanese movie called The Eye. The original was great.,neither,0.04165640519812144,0.28871915772369533,0.6696244370781831
"Hey, guys~ @cinphoria I am!",neither,0.039087330960437414,0.332766656473216,0.6281460125663466
I'm in my jammies.,offensive_language,0.015944709887135627,0.5428544187058141,0.4412008714070503
@cinphoria me! and hot chocolate :D,neither,0.03080772918184182,0.329310555026909,0.6398817157912492
schleepovers!,neither,0.03945320844208391,0.33037608806864915,0.630170703489267
@cinphoria yes,neither,0.03945320844208391,0.33037608806864915,0.630170703489267
I wish I could feel everyone's pjs - does that sound weird?,neither,0.02629451926058366,0.48059889696594543,0.49310658377347094
people need microphones...,neither,0.10499498263014014,0.31795763671841026,0.5770473806514496
@cinphoria yes narwhal onesie,neither,0.03945320844208391,0.33037608806864915,0.630170703489267
I'm in my penguin jammies!,neither,0.027633280887489786,0.42305174197182277,0.5493149771406874
I feel like a jammies amateur. Mine doesn’t have a hood with ears.,neither,0.07178491272369215,0.37818705639383954,0.5500280308824682
@cinphoria I am! it's 10pm here,neither,0.11985751841671154,0.27085430290984436,0.6092881786734442
Skelly kigurumi here ;),neither,0.22097653003277068,0.2221615150675793,0.55686195489965
Im in my jammies got to stay warm lol,offensive_language,0.0268813128046937,0.5147854647021132,0.4583332224931931
@cinphoria i woke up about an hour ago and it's 6:09am so... yeah!,neither,0.024627796992054474,0.4557684620785691,0.5196037409293766
i am in a kind of jammies sort of @cinphoria,neither,0.03929188205841585,0.3304315756097111,0.630276542331873
@cinphoria I’m wearing Jake the Dog pjs!,neither,0.03878351041219762,0.31820152649050965,0.6430149630972928
"I'm wearing my Hufflepuff lounge pants and my Gilmore t-shirt, so pretty close! But it's 3PM here, so it's a bit early for jammies.",neither,0.037689467477043576,0.38909714948151947,0.5732133830414369
"I am in my jammies, not to match the theme but because I work in the morning",neither,0.03657203254179209,0.2843479734175074,0.6790799940407005
this is already the best sleepover ^^,neither,0.04390742421663047,0.32480847571985083,0.6312841000635185
I'm in sweatpants and a leopard print blanket!,neither,0.038841001549897995,0.30012025617132143,0.6610387422787806
"Woo hoo! Great jammies, chat!",neither,0.03808218468633351,0.3122879122068568,0.6496299031068097
tessWAVE tessWAVE tessWAVE EK taliesin sonja bryan xander and others,neither,0.038697273913518626,0.29231244409710794,0.6689902819893734
If I didnt have to pick up my lil bro from his friends house I would defo be in pj's,neither,0.03756859450357503,0.39813777484277063,0.5642936306536542
its 35 degress c today i feel hot just looking at yall,neither,0.03010223740168842,0.36384280999822993,0.6060549526000817
KappaPride KappaPride KappaPride KappaPride,neither,0.03945320844208391,0.33037608806864915,0.630170703489267
chewbacca inlays on my jammies over here,neither,0.06667233092024555,0.4190060009894097,0.5143216680903446
Taliesin your hair looks so fluffy!!,neither,0.06678602179663554,0.3629254825860599,0.5702884956173047
@notalwaysweak I just wear jammies at 3pm,neither,0.034671544622526966,0.3715180620352961,0.5938103933421769
!respect,neither,0.03945320844208391,0.33037608806864915,0.630170703489267
"If you would like to share opinions on our hosts, guests or fellow viewers, please do so in a respectful manner. Don't make them feel uncomfortable.",neither,0.04843323757214918,0.39559142321184637,0.5559753392160044
"Bryan, EKBot is always tough to defeat!",neither,0.04936756965373324,0.3655728376345136,0.5850595927117531
I have forest animals in sweaters on my jammies though.,neither,0.03027096082751977,0.3990910611092293,0.5706379780632509
HEY SONJA,neither,0.03945320844208391,0.33037608806864915,0.630170703489267
"QUESTION: Other than Squishii because I know the answer, what GnS show would you most like to guest on?",neither,0.07352727992468622,0.3128807661962333,0.6135919538790805
oooooh creature stuff!,neither,0.03945320844208391,0.33037608806864915,0.630170703489267
@cinphoria ....no jammies here..... too hot in AZ,neither,0.07959655154358955,0.3124541097507539,0.6079493387056565
I'd be wearing flannel pj bottoms but it is way to hot here in the computer closet,neither,0.07143158713852577,0.30366684318728376,0.6249015696741906
I'm currently lounging in a Star Wars t-shirt and some pajama pants with flames on them. I call them my 'hot pants'.,neither,0.03483146913221408,0.36760428276117524,0.5975642481066107
#CriticalRole,neither,0.03945320844208391,0.33037608806864915,0.630170703489267
@DuchessCapra That sounds amazing!,neither,0.035346433208694863,0.3750897675579955,0.5895637992333097
Y'all should come hang out at Wizard World in Portland in April.,neither,0.04296683152227213,0.43098077687439496,0.5260523916033328
is someone being rude about them or does nightbot just post that occasionally?,neither,0.03333120011608737,0.46176432702165554,0.5049044728622569
"Oh I met Grant Imahara at my first ever con, Supanova Sydney 2014",neither,0.03160748297239676,0.3651158056020047,0.6032767114255986
"@mathemagician_ sometimes I do too, but today I have visitors coming over.",neither,0.033826539082799464,0.33181670455811374,0.6343567563590868
Rilakkuma~,neither,0.03945320844208391,0.33037608806864915,0.630170703489267
a rebroadcast of it will be here after this live show ends and on the web site Monday @Critter04,neither,0.07152671951035684,0.24061071817423835,0.6878625623154049
"Dude, that sentence xD",neither,0.03512577414729519,0.3775381372268296,0.5873360886258752
Oh dear gods,neither,0.0461327075271576,0.2673899063118408,0.6864773861610016
I love Rilakkuma <3,neither,0.03217296676969875,0.3657703709031763,0.602056662327125
"I think I'd take Ontario, California over my cold Ontario right now.",neither,0.039680147395249235,0.373595443426405,0.5867244091783458
@notalwaysweak that's fair enough then,neither,0.03563250475903757,0.3719217355515142,0.5924457596894483
LUL LUL LUL LUL LUL LUL LUL LUL,neither,0.03945320844208391,0.33037608806864915,0.630170703489267
gandsSubHype gandsSubHype gandsSubHype gandsSubHype gandsSubHype gandsSubHype gandsSubHype gandsSubHype gandsSubHype gandsSubHype,neither,0.03945320844208391,0.33037608806864915,0.630170703489267
@welshandy Wednesday Club. Not as much pressure as CritRole and yet equal in good qualities,neither,0.03436570514827604,0.347073785693439,0.6185605091582851
@PauladinWon same ;),neither,0.04148851938089603,0.3488915597363099,0.609619920882794
"I don't know what's going on, but hey, this looks fun.",neither,0.03726228337745128,0.36833830761945835,0.5943994090030904
Big fan of Taliesins lounge pants here,neither,0.05172707936571934,0.3511938774617099,0.5970790431725708
"@GeekandSundry I think something's off, I'm at max volume but most of the hosts are barely audible.",neither,0.04889985766556859,0.3112184492690849,0.6398816930653466
THERE CAN ONLY BE UN!,neither,0.040048450170246414,0.28689525307679425,0.6730562967529592
"Since it´s 5 AM here, I am honouring the theme of GYP myself.... not going to change out of my PJ, as I will return to bed when the show has ended ^^",neither,0.05060244429398116,0.3439448992791071,0.6054526564269118
yeah it's a little low for me too,neither,0.01680965010173789,0.43739810927377293,0.5457922406244892
I'M AAAAAALLIIIIIVE,neither,0.03945320844208391,0.33037608806864915,0.630170703489267
im new here\,neither,0.1267592982166546,0.19909625033240688,0.6741444514509385
Hehhehehhe,neither,0.03945320844208391,0.33037608806864915,0.630170703489267
#notadate,neither,0.03945320844208391,0.33037608806864915,0.630170703489267
I loooove this,neither,0.03911427663316333,0.3361286454075671,0.6247570779592696
I love the last unicorn,neither,0.03586576431402568,0.3273997545608813,0.6367344811250931
a lot,neither,0.03945320844208391,0.33037608806864915,0.630170703489267
Get it Bonnie <3,neither,0.03490679507544832,0.35300313020848223,0.6120900747160695
Any other Canadians watching!?! <3,neither,0.03945320844208391,0.33037608806864915,0.630170703489267
Hahahaha,neither,0.03945320844208391,0.33037608806864915,0.630170703489267
Oooooooooo!,neither,0.03945320844208391,0.33037608806864915,0.630170703489267
I agree @John_Sparks_Jr - just a little quiet. Especially in the back,neither,0.035303912518406005,0.33751297450786366,0.6271831129737303
Madness was so awesome,neither,0.03930213870276292,0.37233298935095893,0.5883648719462781
we've already turned into small teens,neither,0.023080391359390908,0.33065913633183275,0.6462604723087764
Library Bards HYPE!!!!!!!,neither,0.03945320844208391,0.33037608806864915,0.630170703489267
they all just look so soft and huggable and i love this sm already,neither,0.03484299677868136,0.38249534776092353,0.5826616554603951
Vancouver represent!,neither,0.03945320844208391,0.33037608806864915,0.630170703489267
I want more Sagas of Sundry!,neither,0.04288940502455469,0.30826902401558887,0.6488415709598564
There is a blanket pile there and I am waiting for someone to pop out of it.,neither,0.040794015773242966,0.24665571569001177,0.7125502685367453
HAHAHAHAH,neither,0.03945320844208391,0.33037608806864915,0.630170703489267
Oh man madness was soooo good I loved it so much,neither,0.038874269110073904,0.37090698927740423,0.5902187416125217
@Critter04 I'm in SK,neither,0.03945320844208391,0.33037608806864915,0.630170703489267
"Hey @Critter04 , Albertan here.",neither,0.12797588815053723,0.2678996819590237,0.6041244298904391
I need closure on Sagas,neither,0.03351181681370286,0.3549365394760611,0.6115516437102361
XANDER!,neither,0.03945320844208391,0.33037608806864915,0.630170703489267
I cant waittttt,neither,0.03945320844208391,0.33037608806864915,0.630170703489267
who all is here? Mississippi here!,neither,0.16531022452054583,0.3593790073468313,0.47531076813262285
Oooooh boy,neither,0.03945320844208391,0.33037608806864915,0.630170703489267
Who's gonna be there tomorrow night?,neither,0.03232656452971892,0.3981817798273888,0.5694916556428924
XD,neither,0.03945320844208391,0.33037608806864915,0.630170703489267
!caster dayntee,neither,0.03945320844208391,0.33037608806864915,0.630170703489267
You should give dayntee a follow! Check them out here: twitch.tv/dayntee !,neither,0.11039897335229146,0.3617950278714044,0.5278059987763041
Sagas of Sundry: Madness One Night Only on projectalpha.com at 7pm PSY,neither,0.03222365492492629,0.37323317377137705,0.5945431713036967
"Those 7pm pacific time shows kill me, they start when it's freaking 1am here",neither,0.22754539548683153,0.2525031385430894,0.5199514659700789
Hail Alberta! Go oilers,neither,0.04043414812249814,0.33377875772292226,0.6257870941545794
<3 <3 <3 <3 <3,neither,0.03945320844208391,0.33037608806864915,0.630170703489267
Oh man xander,neither,0.0497452509521963,0.354443561064239,0.5958111879835646
Ontario for me,neither,0.026777970210530886,0.339769875664412,0.6334521541250572
Sonja is basically inaudible,neither,0.052578380808288645,0.3258617394292242,0.6215598797624872
the ~library bards~,neither,0.038372653207642965,0.3105039192898759,0.6511234275024811
@SailorHoneybee all the way from Israel over here,neither,0.10382582876345055,0.3190111775747505,0.5771629936617989
Texas,neither,0.03945320844208391,0.33037608806864915,0.630170703489267
I don't know where Alberta is D:,neither,0.04915708985418502,0.29794048474796087,0.6529024253978543
oh hallo peoples,neither,0.04535734983354261,0.27438591475104485,0.6802567354154126
oh god I loved Animorphs,neither,0.04504384891396826,0.2772392498160796,0.6777169012699521
Animorphs was amazing but yeah,neither,0.02090812230736888,0.4540423147182702,0.5250495629743609
hey Canada,neither,0.03945320844208391,0.33037608806864915,0.630170703489267
The ~Library bards~ hype,neither,0.03860787273236158,0.31493543588207074,0.6464566913855677
We have a subscriber-only Discord server! Join here: https://discord.gg/geekandsundry (you'll need to sub and link it to your Twitch) and be a part of the fun!...Warning: It can take up to an hour for the server to update and give you access to the channels,neither,0.08464076273808444,0.286394834032893,0.6289644032290227
Hi @MrBigN8,neither,0.03945320844208391,0.33037608806864915,0.630170703489267
Brandy!!,neither,0.03945320844208391,0.33037608806864915,0.630170703489267
!wtfisthis,neither,0.03945320844208391,0.33037608806864915,0.630170703489267
!wtfisthis @evasivefox it's a pajama party,neither,0.03806586585953977,0.3308532588002161,0.6310808753402442
yooooo what up fellow southern,neither,0.041314995659101815,0.3648362682645041,0.5938487360763941
"This is Gather Your Party! It’s Friday night, and you know what that means… Party time! Join us for your weekly overdose of singing, dancing, and general shenanigans with all your favorite people. Gather Your Party is a must-watch variety show for your Friday night, with special guests adding to the fun while you play along at home!",neither,0.12564140794779396,0.3143328173106311,0.5600257747415749
"@SailorHoneybee Hello from Singapore, friend!",neither,0.04060666360681343,0.31079894364508637,0.6485943927481002
aw that's adorable,neither,0.03562325073190686,0.3720241065367843,0.5923526427313088
:),neither,0.03945320844208391,0.33037608806864915,0.630170703489267
hey Singapore!,neither,0.03945320844208391,0.33037608806864915,0.630170703489267
"Good thing Xander isn't wearing red, he'd be the first to fall asleep.",neither,0.04113111357290158,0.3197218028929762,0.6391470835341223
!respect,neither,0.03945320844208391,0.33037608806864915,0.630170703489267
"If you would like to share opinions on our hosts, guests or fellow viewers, please do so in a respectful manner. Don't make them feel uncomfortable.",neither,0.04843323757214918,0.39559142321184637,0.5559753392160044
Awww,neither,0.03945320844208391,0.33037608806864915,0.630170703489267
!rules,neither,0.03945320844208391,0.33037608806864915,0.630170703489267
"1) DON’T BE A DICK! 2) Racism, misogyny, misandry, homophobia, or any other hatred will not be tolerated 3) Rape jokes are not funny...EVER! 4) No spamming or posting of unnecessary links 5) When we dance, you dance 6) Keep it classy!! 7) Respect thy mod",offensive_language,0.05604509079481252,0.5130302277295207,0.4309246814756668
XANDER: Will you be coming out of the convention to perform at all while you're in Baltimore?,neither,0.08300983559789579,0.4223654234395553,0.49462474096254894
!whodat,neither,0.03945320844208391,0.33037608806864915,0.630170703489267
"Erika Ishii ( twitter.com/erikaishii ), Taliesin Jaffe ( twitter.com/executivegoth ), with Dani Fernandez ( twitter.com/msdanifernandez ), Brandy Camel ( twitter.com/Dayntee ), Bryan Forrest ( twitter.com/SirBryanForrest ), Xander Jeanneret ( twitter.com/Xanderrific ), Sonja Reid ( twitter.com/OMGitsfirefoxx ),",neither,0.0367117538323914,0.4733626495701591,0.4899255965974495
oh I love her shirt,offensive_language,0.03174471028806093,0.5435750455676605,0.4246802441442787
hi,neither,0.03945320844208391,0.33037608806864915,0.630170703489267
!whodat,neither,0.03945320844208391,0.33037608806864915,0.630170703489267
The Art of DHT,neither,0.03834343279738344,0.3099484277490263,0.6517081394535903
And then they said Brandy....you're a fine girl....,neither,0.06006951694422033,0.355813199299531,0.5841172837562487
One hour and 40 minutes in LA.....that's like....a mile and a half? 2? ;-p,neither,0.04144197021657835,0.33385544474433504,0.6247025850390865
I wanna start to livestream. But I need a webcam haha,neither,0.03825811560304638,0.3889272233367065,0.5728146610602471
Hi @TheArtofDHT,neither,0.03945320844208391,0.33037608806864915,0.630170703489267
I love them onesides,neither,0.06234377708176772,0.34003088397560766,0.5976253389426247
"Help G&S make great content! $4.99/month gets you emotes, Minecraft server access, Sub Only VODs, and more! Every sub keeps the channel alive! twitch.tv/geekandsundry/subscribe",neither,0.043907990691603095,0.31135964332838284,0.644732365980014
onesies,neither,0.03945320844208391,0.33037608806864915,0.630170703489267
Mayor of Blizzard!,neither,0.03945320844208391,0.33037608806864915,0.630170703489267
