text,top_class,hate_speech,offensive_language,neither
switching to dark mode and hoping this helps my cold riddled self keep up,neither,0.03441732583981978,0.3799249994985351,0.5856576746616452
chat is moving real fast,neither,0.03956631102154213,0.42648309000408574,0.533950598974372
"one reason i get stuck in the science lab most of the time is my GM told me I'm supposed to hide my immortality, so no red shirt away missions for me",neither,0.027390960996237272,0.42579299933043535,0.5468160396733274
Hi @42cookies!,neither,0.03945320844208391,0.33037608806864915,0.630170703489267
gandsSubHype gandsSubHype gandsSubHype gandsSubHype,neither,0.03945320844208391,0.33037608806864915,0.630170703489267
<3,neither,0.03945320844208391,0.33037608806864915,0.630170703489267
I'm excited!,neither,0.03945320844208391,0.33037608806864915,0.630170703489267
gandsSubHype gandsSubHype gandsSubHype vieHype vieHype vieHype,neither,0.03945320844208391,0.33037608806864915,0.630170703489267
Hi Eric,neither,0.03945320844208391,0.33037608806864915,0.630170703489267
@Danoba its not the self destruct or anything i promise!,neither,0.03294939166911562,0.32274528877715075,0.6443053195537337
it is NOW Eric!,neither,0.046830996054061214,0.32783852859599383,0.6253304753499448
Too many subs for me to hrpgSub hrpgHyperHype gandsSubHype,neither,0.03284503395382056,0.338769313511993,0.6283856525341863
@angelus2141 I mean it could be.,neither,0.03818688821258114,0.33605925348678234,0.6257538583006366
gandsApplaud gandsApplaud gandsApplaud,neither,0.03945320844208391,0.33037608806864915,0.630170703489267
erpHype,neither,0.03945320844208391,0.33037608806864915,0.630170703489267
It's wonderful,neither,0.03763529989067434,0.33100135018077087,0.6313633499285548
hello everyone,neither,0.03269494828970791,0.4450814005079928,0.5222236512022994
yay!,neither,0.03945320844208391,0.33037608806864915,0.630170703489267
"it's been bonkers, loony!",neither,0.036074750738332675,0.34218535080018186,0.6217398984614854
rofl,neither,0.03945320844208391,0.33037608806864915,0.630170703489267
"not to be a buzzkill, but here's a buzzkill",neither,0.12818358601198995,0.2899512938155679,0.5818651201724421
Hi @Triamas,neither,0.03945320844208391,0.33037608806864915,0.630170703489267
"He never says her name, either",offensive_language,0.032071533829783984,0.5542258689785877,0.41370259719162833
!whodat,neither,0.03945320844208391,0.33037608806864915,0.630170703489267
"GM Eric Campbell ( twitter.com/16BitEric ), with Amy Dallen ( twitter.com/enthusiamy ), Hector Navarro ( twitter.com/Hectorisfunny ), Sam de Leve ( twitter.com/ChaiKovsky ), Bonnie Gordon ( twitter.com/BonnieBellG ), Aliza Pearl ( twitter.com/AlizaPearl ) and Gina DeVivo ( twitter.com/PocketGina ).",neither,0.03656628259155547,0.46359893935151064,0.49983477805693394
Hi from the UK,neither,0.039579667490351376,0.2971804757826687,0.66323985672698
Tasha Yar and Sela's storyline is sooo awesome in Star Trek Online,neither,0.04388149238618473,0.3036399113709369,0.6524785962428783
ST Disco is doing some really interesting things,neither,0.03868864966543058,0.33771327473449403,0.6235980756000754
"eh, they don't have a spaceship",neither,0.03901275953167999,0.3378516555582623,0.6231355849100578
Hi from Iceland,neither,0.04094187055022747,0.3051096069949388,0.6539485224548338
Aw man wife mad broccoli and cheddar soup ..... is the best,neither,0.04225313267278513,0.32615009178315807,0.6315967755440568
Holy crap,neither,0.03945320844208391,0.33037608806864915,0.630170703489267
gandsApplaud gandsApplaud gandsApplaud gandsApplaud,neither,0.03945320844208391,0.33037608806864915,0.630170703489267
"Don't read into too much then. Set your brian to PAUSE, sit back and enjoy the ride",neither,0.05365281332786666,0.29912058767785854,0.6472265989942747
Critical Role? Never heard of it...,neither,0.03532461755820085,0.3622021367345427,0.6024732457072565
Insane! :D,neither,0.03945320844208391,0.33037608806864915,0.630170703489267
A mess. it was a mess,neither,0.03825753077142459,0.33234657372600085,0.6293958955025746
The chatroom was an actual blue,neither,0.03879700392884748,0.31197965126263477,0.6492233448085177
blur,neither,0.03945320844208391,0.33037608806864915,0.630170703489267
!sotauxdiscord,neither,0.03945320844208391,0.33037608806864915,0.630170703489267
USS Sally Ride Aux Crew Discord: https://discord.gg/zxt2TeH,neither,0.03945320844208391,0.33037608806864915,0.630170703489267
Eric is @chaoticloony,neither,0.05044627423290362,0.3265950686495308,0.6229586571175656
"Sam,s not going loss her shit tonight",offensive_language,0.03614814543935849,0.9578804322305144,0.005971422330127014
I went crosseyed at one point,neither,0.037613394627109234,0.3922351125623988,0.570151492810492
I just full screened CR because I couldn't see chat,neither,0.0485041469226595,0.34052818370135346,0.6109676693759869
I tried to watch CR on Alpha and ... I think it had crashed.,neither,0.043748348442387786,0.30653910862529804,0.6497125429323141
WHOOOO,neither,0.03945320844208391,0.33037608806864915,0.630170703489267
Mofuggin ridiculous.,neither,0.03945320844208391,0.33037608806864915,0.630170703489267
"critical role is so bad, everyone knows Dick and Johnson carries G&S",offensive_language,0.051129527474503556,0.6772251454310289,0.27164532709446765
"Welcome to my world Eric, LONG LIVE CHAOS!",neither,0.03819671220405597,0.3795075954815395,0.5822956923144046
!sotwiki,neither,0.03945320844208391,0.33037608806864915,0.630170703489267
watched critical role for the first time in over a year last night personally,neither,0.02721891148236617,0.3182986159178466,0.6544824725997872
"Go on an adventure, and explore the Shield of Tomorrow Wiki! - http://shield-of-tomorrow.wikia.com/wiki/Shield_of_Tomorrow_Wiki",neither,0.03697831220660964,0.2705621833882883,0.692459504405102
@shadowslasher500 *their,neither,0.03945320844208391,0.33037608806864915,0.630170703489267
that Data tease with the last STO ep that had Sela though...,neither,0.02883979179119696,0.3886210474540772,0.5825391607547259
can someone tell me if CR is rebroadcasting today?,neither,0.02522762887236601,0.378299334207305,0.596473036920329
!sotauxdiscord,neither,0.03945320844208391,0.33037608806864915,0.630170703489267
USS Sally Ride Aux Crew Discord: https://discord.gg/zxt2TeH,neither,0.03945320844208391,0.33037608806864915,0.630170703489267
"The next Rebroadcast of the most recent Critical Role will be as part of the weekend Vodcast that begins following the end of live Friday shows. A rb schedule will be available soon after the vodcast is launched, with the times of the additional rebroadcasts.",neither,0.03701808197647395,0.32217911401349714,0.6408028040100289
!glittereroic,neither,0.03945320844208391,0.33037608806864915,0.630170703489267
!glittereric,neither,0.03945320844208391,0.33037608806864915,0.630170703489267
We have 2 months 14 days 22 hours 52 minutes 16 seconds left until we glitter Eric! Chat never forgets! https://clips.twitch.tv/EasyUglyPlumFailFish,neither,0.03784792553633189,0.3484156642540411,0.6137364102096271
!friday,neither,0.03945320844208391,0.33037608806864915,0.630170703489267
"FRIDAY (All Times Pacific) - SHIELD OF TOMORROW: 4-7pm, Eric GMs our crew through wonderous adventures and exploration in space. | GATHER YOUR PARTY: 8-10pm, Erika Ishii hosts an awesome party! Party games, dancing, Rock Band with all your favorite people, and other crazy awesome stuff!",neither,0.05588957723414891,0.3796681803118318,0.5644422424540193
@PipersTwin I like Eric the Cookie Goblin even more than i already did!,neither,0.04556551617393926,0.3511086533586216,0.6033258304674392
"I kept chat closed the whole time, but it was already unreadable by Mothership.",neither,0.03522929266280526,0.3783831759263786,0.5863875314108162
Puerto Rico TakeNRG,neither,0.03945320844208391,0.33037608806864915,0.630170703489267
all I know is it was a madhouse in the chatroom during CR C2,neither,0.04512551420930851,0.37150376501490534,0.583370720775786
gandsApplaud gandsApplaud gandsApplaud gandsApplaud,neither,0.03945320844208391,0.33037608806864915,0.630170703489267
!rebroadcast,neither,0.03945320844208391,0.33037608806864915,0.630170703489267
hrpgSub hrpgHyperHype gandsSubHype all,offensive_language,0.046917543854519406,0.6277741405869331,0.3253083155585475
Aux Crew gandsSubHype,neither,0.03945320844208391,0.33037608806864915,0.630170703489267
I thought chat was pretty tame last night,neither,0.035542334858726335,0.25105958752295854,0.7133980776183152
it's so cold,neither,0.03736861293463853,0.39796940644146694,0.5646619806238945
thank you GnS for using your power for good,neither,0.058705687168914916,0.36210566378564024,0.5791886490454448
"DansGame explain, what is this?",neither,0.05713306876366925,0.3237079439016385,0.6191589873346922
no rb schedule until the vodcast is launched after live shows end tonight @stonedpt,neither,0.04397050057643879,0.314473655983013,0.6415558434405482
I can't wait to go back to Puerto Rico,neither,0.050726386809017636,0.32409765250713346,0.625175960683849
"The next Rebroadcast of the most recent Critical Role will be as part of the weekend Vodcast that begins following the end of live Friday shows. A rb schedule will be available soon after the vodcast is launched, with the times of the additional rebroadcasts.",neither,0.03701808197647395,0.32217911401349714,0.6408028040100289
it wasn't as bad as the battle royale,neither,0.03247422037840678,0.3708523638188338,0.5966734158027595
🖖,neither,0.03945320844208391,0.33037608806864915,0.630170703489267
HHi,neither,0.03945320844208391,0.33037608806864915,0.630170703489267
how many tribbles on the set now?,neither,0.03576576803088179,0.3275740909958389,0.6366601409732793
"remember people, it's Kiss a Ginger day",neither,0.06120717787531477,0.3174291671295851,0.6213636549951002
being random makes life more interesting,neither,0.0345452371836708,0.3885662346789716,0.5768885281373575
2?,neither,0.03945320844208391,0.33037608806864915,0.630170703489267
I so love Bonnie!,neither,0.03367390017290331,0.4523595543720234,0.5139665454550735
when will there be a rebroadcast fo the CR ep?,neither,0.0333806809990649,0.3101005377648549,0.6565187812360801
"oh, do we need a !wtfisthis",neither,0.047769542518000106,0.26786888753466803,0.684361569947332
Two... Bonnie's Daring Tribble and Sam's Rainbow Tribble,neither,0.039266511253548325,0.28714226784103436,0.6735912209054172
someone should send Rue a Borg Tribble :P,neither,0.055732165525629186,0.3775950359964702,0.5666727984779005
"OK, thank you. It will come with mothership too? @postdataest",neither,0.03927420502326033,0.4221553477515702,0.5385704472251694
"The next Rebroadcast of the most recent Critical Role will be as part of the weekend Vodcast that begins following the end of live Friday shows. A rb schedule will be available soon after the vodcast is launched, with the times of the additional rebroadcasts. @jojomee135",neither,0.03701808197647395,0.32217911401349714,0.6408028040100289
"Wow, this set looks amazing!",neither,0.03937353615292675,0.33172833474375196,0.6288981291033213
We are alll excited,neither,0.062296955379231855,0.2919513854092409,0.6457516592115273
"Whew, got here in time for the most important announcement",neither,0.06601019627316067,0.31478003159067464,0.6192097721361647
Puerto Rican Rum seqJerk,neither,0.03945320844208391,0.33037608806864915,0.630170703489267
!friday,neither,0.03945320844208391,0.33037608806864915,0.630170703489267
"FRIDAY (All Times Pacific) - SHIELD OF TOMORROW: 4-7pm, Eric GMs our crew through wonderous adventures and exploration in space. | GATHER YOUR PARTY: 8-10pm, Erika Ishii hosts an awesome party! Party games, dancing, Rock Band with all your favorite people, and other crazy awesome stuff!",neither,0.05588957723414891,0.3796681803118318,0.5644422424540193
Borg tribble? Is that a thing? (goes to google),neither,0.04945439224536916,0.3608829332968235,0.5896626744578074
"so, Sam's excited? couldn't tell",neither,0.03941454069542851,0.36846414118012755,0.592121318124444
I love Amy does Bonnie’s part,neither,0.02590821513186675,0.4492354074454376,0.5248563774226956
"Ehehehehe, I love Sam",neither,0.035714521531851555,0.34792756620297893,0.6163579122651696
isnt a borg tribble a pair of fuzzy dice?,neither,0.042097911529476985,0.11372405459394234,0.8441780338765807
"And they will all be like ""BaltiMORE Library Bards!""",neither,0.05060028489466883,0.34834449667000794,0.6010552184353231
🖖 gandsSubHype gandsSubHype vieHype vieHype vieDrool vieDrool vieD20 vieD20 🖖,neither,0.03945320844208391,0.33037608806864915,0.630170703489267
is the new critical role VOD up for subs yet?,neither,0.04025765726328538,0.27365455728350835,0.6860877854532064
Technically it's Tribble of Borg.,neither,0.03777958575758146,0.33095172365482617,0.6312686905875925
"i love that in the intro - the human page, has some poor crewman shreiking in terror :O",neither,0.08267027118794264,0.2607243834744474,0.65660534533761
STO calls them Tribble of Borg,neither,0.05978414181854786,0.31931486078838894,0.6209009973930633
@chiplickin They are one of the best parts of G&S!,neither,0.05757030603549548,0.29934268418891563,0.6430870097755889
@kflay Yes,neither,0.03945320844208391,0.33037608806864915,0.630170703489267
,neither,0.03945320844208391,0.33037608806864915,0.630170703489267
https://clips.twitch.tv/PreciousSuperSwordPicoMause,neither,0.03945320844208391,0.33037608806864915,0.630170703489267
Hydration the OWL player? Kappa,neither,0.03470786777878837,0.38968719464566115,0.5756049375755504
hrpgSub hrpgHyperHype gandsSubHype all,offensive_language,0.046917543854519406,0.6277741405869331,0.3253083155585475
yes @kflay it has been available for subs since just ag=fter the live show started last night,neither,0.03782358705119851,0.28048284870105067,0.681693564247751
Hydration Prime,neither,0.03945320844208391,0.33037608806864915,0.630170703489267
"Wouldn't a tribble borg be like ""1,237,456 of 7,894,675,341"" tho?",neither,0.04404202872815652,0.3508336483592146,0.6051243229126289
It makes modem sounds,neither,0.03771919714209947,0.3308225670314706,0.6314582358264299
allo frens!,neither,0.03945320844208391,0.33037608806864915,0.630170703489267
thanks everybody! now I'm a sub!,neither,0.03746120855718518,0.31369533749364525,0.6488434539491695
Hi @dauntz,neither,0.03945320844208391,0.33037608806864915,0.630170703489267
Darnit Cube!,neither,0.03945320844208391,0.33037608806864915,0.630170703489267
#ThanksQ,neither,0.03945320844208391,0.33037608806864915,0.630170703489267
,neither,0.03945320844208391,0.33037608806864915,0.630170703489267
welcome @kflay,neither,0.03945320844208391,0.33037608806864915,0.630170703489267
q always aims to please,neither,0.046468610720540815,0.4022538389599189,0.5512775503195403
been traveling at warp for almost ehat a month straight give or yake a few days in betweenm,neither,0.035256623567244516,0.3292110592527034,0.6355323171800521
"Thanks, @shidareAKI",neither,0.035884468650613,0.3004919205142699,0.6636236108351171
between?*,neither,0.03945320844208391,0.33037608806864915,0.630170703489267
Shame the Sally Ride has to keep seeking out new life and new civilizations.,neither,0.04201149143722913,0.23609153591596288,0.721896972646808
"@deathstar_taco, you're welcome!",neither,0.10626763448287628,0.35096606821718634,0.5427662972999374
Rule of Acquisition #34: War is good for business,neither,0.03986397395556181,0.3086563137628996,0.6514797122815386
"Just joined in for the first time to Shield of Tomorrow, for how long as it been running, at which episode am I looking at?",neither,0.029176721108091032,0.3515497903693051,0.6192734885226038
We have a subscriber-only Discord server! Join here: https://discord.gg/geekandsundry (you'll need to sub and link it to your Twitch) and be a part of the fun!...Warning: It can take up to an hour for the server to update and give you access to the channels,neither,0.08464076273808444,0.286394834032893,0.6289644032290227
that's not the rule 34 i'm familiar with,neither,0.02822057088613962,0.3766893905830709,0.5950900385307896
Adm. Nash wanted the Sally Ride away from the the frontlines,neither,0.03928248963376126,0.25720902631545906,0.7035084840507796
!sotwiki @stonedpt,neither,0.03945320844208391,0.33037608806864915,0.630170703489267
"Go on an adventure, and explore the Shield of Tomorrow Wiki! - http://shield-of-tomorrow.wikia.com/wiki/Shield_of_Tomorrow_Wiki",neither,0.03697831220660964,0.2705621833882883,0.692459504405102
This is the second episode of Season 3,neither,0.04562747684753997,0.31241620197290154,0.6419563211795584
!sotauxdiscord,neither,0.03945320844208391,0.33037608806864915,0.630170703489267
USS Sally Ride Aux Crew Discord: https://discord.gg/zxt2TeH,neither,0.03945320844208391,0.33037608806864915,0.630170703489267
"@stonedpt Not sure what number ep, but it's been on since early Summer, almost weekly.",neither,0.03475105890893386,0.40997532863127184,0.5552736124597943
@stonedpt Full Episode List: http://shield-of-tomorrow.wikia.com/wiki/Episodes,neither,0.047163063048789026,0.26562342513987,0.6872135118113409
ughhhh romulans,neither,0.03945320844208391,0.33037608806864915,0.630170703489267
"Help G&S make great content! $4.99/month gets you emotes, Minecraft server access, Sub Only VODs, and more! Every sub keeps the channel alive! twitch.tv/geekandsundry/subscribe",neither,0.043907990691603095,0.31135964332838284,0.644732365980014
Romulans!,neither,0.03945320844208391,0.33037608806864915,0.630170703489267
the romulans are always plotting your death,neither,0.09224051140507883,0.3139901005954779,0.5937693879994432
"Thank you guys, I'll go look at ep 1 before adventuring further here. Enjoy!",neither,0.07408859602796374,0.3907175001783432,0.5351939037936931
I am Half Romulan,neither,0.03917249135522487,0.33047263954727113,0.630354869097504
I need some help making discord work to find you all at sot,neither,0.05767560207608181,0.37167967549740405,0.5706447224265142
@gogt200 can you whisper me please,neither,0.04679625128056795,0.41401867597942443,0.5391850727400077
!discord,neither,0.03945320844208391,0.33037608806864915,0.630170703489267
We have a subscriber-only Discord server! Join here: https://discord.gg/geekandsundry (you'll need to sub and link it to your Twitch) and be a part of the fun!...Warning: It can take up to an hour for the server to update and give you access to the channels,neither,0.08464076273808444,0.286394834032893,0.6289644032290227
hrpgSub hrpgHyperHype gandsSubHype all,offensive_language,0.046917543854519406,0.6277741405869331,0.3253083155585475
Hebert,neither,0.03945320844208391,0.33037608806864915,0.630170703489267
"""Hebert"", pronounced ""Avair.""",neither,0.03945320844208391,0.33037608806864915,0.630170703489267
French,neither,0.03945320844208391,0.33037608806864915,0.630170703489267
queue the Liason!,neither,0.03613032604487659,0.2619290779399786,0.7019405960151449
Wait?!? The captain didn't allow Tribbles on the ship?!? danS,neither,0.028957508087719047,0.34388821170148015,0.6271542802108009
@CelestialChickin Agred Hébert,neither,0.03945320844208391,0.33037608806864915,0.630170703489267
Agreed*,neither,0.03945320844208391,0.33037608806864915,0.630170703489267
the laid back liason,neither,0.03838339130828846,0.31070776643665016,0.6509088422550615
Klingonchu,neither,0.03945320844208391,0.33037608806864915,0.630170703489267
"q'apla, brah",neither,0.03945320844208391,0.33037608806864915,0.630170703489267
@Science112095 laidbackiasion,neither,0.03945320844208391,0.33037608806864915,0.630170703489267
"It's almost as thought the GM, who loves Klingons, wanted an excuse to put a cool Klingon NPC on the ship...",neither,0.040640221558792294,0.31401886733838896,0.6453409111028188
@JeffM0307 30 points,neither,0.03945320844208391,0.33037608806864915,0.630170703489267
He's a holodeck addict,neither,0.04561521575311005,0.3282566911918292,0.6261280930550607
Qapla' fmgBROS :P,neither,0.03945320844208391,0.33037608806864915,0.630170703489267
H,neither,0.03945320844208391,0.33037608806864915,0.630170703489267
@chaoticloony Note: I might have said that last week.,neither,0.03604837100570193,0.3698539208150047,0.5940977081792934
"@darkofnate Shh, don't spread that truth!",neither,0.035594916686009205,0.3723375931459549,0.592067490168036
"i barely speak english, frankie, c'mon now :P",neither,0.03945320844208391,0.33037608806864915,0.630170703489267
Klingon Evel Knievel.,neither,0.03945320844208391,0.33037608806864915,0.630170703489267
He has could infact snap you like a twig. but until then is like a teddy bear,neither,0.07095752111417253,0.37237783463707763,0.5566646442487498
