text,top_class,hate_speech,offensive_language,neither
NICE,neither,0.03945320844208391,0.33037608806864915,0.630170703489267
gandsLessthanthree gandsLessthanthree gandsLessthanthree gandsLessthanthree gandsLessthanthree gandsLessthanthree gandsLessthanthree gandsLessthanthree gandsLessthanthree gandsLessthanthree gandsLessthanthree gandsLessthanthree gandsLessthanthree,neither,0.03945320844208391,0.33037608806864915,0.630170703489267
HI Amy!,neither,0.03945320844208391,0.33037608806864915,0.630170703489267
Welcome Enthusiarmy,neither,0.03945320844208391,0.33037608806864915,0.630170703489267
Re hrpgSub hrpgHyperHype gandsSubHype,neither,0.10802165902134243,0.2484119200751343,0.6435664209035233
EnthusiARMY RAID,neither,0.03945320844208391,0.33037608806864915,0.630170703489267
Nice,neither,0.03945320844208391,0.33037608806864915,0.630170703489267
#EnthusiarmyRaid,neither,0.03945320844208391,0.33037608806864915,0.630170703489267
#Enthusiarmy raid! :D,neither,0.03945320844208391,0.33037608806864915,0.630170703489267
#enthusiarmy raid!,neither,0.03945320844208391,0.33037608806864915,0.630170703489267
EnthusiARMY :),neither,0.03945320844208391,0.33037608806864915,0.630170703489267
#EnthusiARMY RAID,neither,0.03945320844208391,0.33037608806864915,0.630170703489267
Welcome Amy and raiders.,neither,0.038822933363010945,0.2991577467117473,0.6620193199252418
#WeKnow about the audio.,neither,0.037511152273002675,0.3388564417356768,0.6236324059913204
#NICE,neither,0.03945320844208391,0.33037608806864915,0.630170703489267
Hello!!!,neither,0.03945320844208391,0.33037608806864915,0.630170703489267
#Enthusiarmy Raid!,neither,0.03945320844208391,0.33037608806864915,0.630170703489267
Greetings Amy and Raiders,neither,0.03874561192742724,0.2949784511471569,0.666275936925416
Someone please explain what this show is,neither,0.06788693303704892,0.2609521116626618,0.6711609553002893
yooii,neither,0.03945320844208391,0.33037608806864915,0.630170703489267
#EnthusiARMY RAID!,neither,0.03945320844208391,0.33037608806864915,0.630170703489267
audio!!!!,neither,0.03945320844208391,0.33037608806864915,0.630170703489267
Hi Trisha and Erika!,neither,0.038358606956405694,0.2721397086643902,0.6895016843792041
audio!,neither,0.03945320844208391,0.33037608806864915,0.630170703489267
!wtfisthis,neither,0.03945320844208391,0.33037608806864915,0.630170703489267
"Welcome to #GameEngine! We'll be discussing the latest gaming news, showcasing new games, and interviewing people in the gaming industry!",neither,0.05363492194748562,0.26739386076077604,0.6789712172917384
AUDIO ISSUES,neither,0.03945320844208391,0.33037608806864915,0.630170703489267
Hype anyway!! gandsSubHype gandsSubHype gandsSubHype,neither,0.03945320844208391,0.33037608806864915,0.630170703489267
#TheyKnow,neither,0.03945320844208391,0.33037608806864915,0.630170703489267
,neither,0.03945320844208391,0.33037608806864915,0.630170703489267
#theyknow,neither,0.03945320844208391,0.33037608806864915,0.630170703489267
!whodat,neither,0.03945320844208391,0.33037608806864915,0.630170703489267
"Erika Ishii ( twitter.com/erikaishii ), and Trisha Hershberger ( twitter.com/thatgrltrish )",neither,0.037990275070434426,0.44411970283059166,0.5178900220989738
Big Love from EnthusiArmy!,neither,0.01839715015792569,0.4098989186958625,0.5717039311462118
jcvimHi trisha wb jcvimHi ek,neither,0.03945320844208391,0.33037608806864915,0.630170703489267
If you are deaf their are no sound issues. *insert black guy pointing to his head meme*,neither,0.09274561639592982,0.345645322056125,0.5616090615479452
I've never watched Game Engine! Yay!,neither,0.022160729111459936,0.31804345242955295,0.659795818458987
Welcome to mcdonalds how can i take your order?,neither,0.06960510474240092,0.31693487752838284,0.6134600177292162
So uh,neither,0.0394086540807396,0.39729109553195247,0.5633002503873079
i think the mic is messed up,neither,0.04332860431117048,0.3490109829071395,0.6076604127816901
Hey there,neither,0.039367870622775906,0.26767823129172763,0.6929538980854965
bad case of icraphone lol,neither,0.027946216272447196,0.3938684781872128,0.57818530554034
gandsPitCrew,neither,0.03945320844208391,0.33037608806864915,0.630170703489267
#audio,neither,0.03945320844208391,0.33037608806864915,0.630170703489267
"@clancywonk This is about video game news, playing and interviews with Video Game people",neither,0.05437057475339993,0.20931631317486177,0.7363131120717382
Amy was playing DREAM DADDY,neither,0.03936121538624656,0.33193745030895333,0.6287013343048
ramaSmash gandsSubHype ramaShield,neither,0.03945320844208391,0.33037608806864915,0.630170703489267
Re hrpgSub hrpgHyperHype gandsSubHype,neither,0.10802165902134243,0.2484119200751343,0.6435664209035233
#Enthusiarmy raid!,neither,0.03945320844208391,0.33037608806864915,0.630170703489267
"Help G&S make great content! $4.99/month gets you emotes, Minecraft server access, Sub Only VODs, and more! Every sub keeps the channel alive! twitch.tv/geekandsundry/subscribe",neither,0.043907990691603095,0.31135964332838284,0.644732365980014
"Hello Erika and Trish, we love you too.",neither,0.0510577289941328,0.3527037876569475,0.5962384833489196
<3 <3,neither,0.03945320844208391,0.33037608806864915,0.630170703489267
<3,neither,0.03945320844208391,0.33037608806864915,0.630170703489267
"Hmm... #TheyKnow , right?",neither,0.03830291264191924,0.3528117070271776,0.6088853803309031
:D,neither,0.03945320844208391,0.33037608806864915,0.630170703489267
danLove,neither,0.03945320844208391,0.33037608806864915,0.630170703489267
cute,neither,0.04322311181158326,0.266390989224455,0.6903858989639619
gandsLessthanthree gandsLessthanthree gandsLessthanthree gandsLessthanthree gandsLessthanthree gandsLessthanthree gandsLessthanthree gandsLessthanthree gandsLessthanthree,neither,0.03945320844208391,0.33037608806864915,0.630170703489267
microphone trouble,neither,0.03945320844208391,0.33037608806864915,0.630170703489267
"Hi Trisha, I was just listening to you on the NWK podcast.",neither,0.05164091088041725,0.3852515930791807,0.5631074960404019
Re hrpgSub hrpgHyperHype gandsSubHype x2,neither,0.06137740758033951,0.2971829196352787,0.6414396727843817
"There you go, thanks crew. <3",neither,0.05370300590579336,0.3127034199557945,0.6335935741384123
"yay, audio working again!",neither,0.038083968470758324,0.3536156638136168,0.6083003677156249
brbexklr -> Only those that we deem worthy shall possess the power of the Hyperlink [warning],neither,0.048140585852785724,0.2990817588418225,0.6527776553053918
little better,neither,0.038963084839659184,0.33869476472247095,0.6223421504378699
I've only ever watched critical role and table top and hope to watch more geek and sundry so I hope this is the right place to start,neither,0.06555482374927851,0.18591324760720407,0.7485319286435174
tinytatoBallpit tinytatoBallpit tinytatoBallpit,neither,0.03945320844208391,0.33037608806864915,0.630170703489267
'tis,neither,0.03945320844208391,0.33037608806864915,0.630170703489267
good call @Cy6erKn19ht,neither,0.03834978857227872,0.33075560475985816,0.6308946066678632
Will you ask about her Chuck Tingle game?,offensive_language,0.0424741453279477,0.526522114773565,0.4310037398984873
"http://www.wheniscriticalrole.com/talksmachina <<< countdown clock to TM. Talks Machina guests this Tuesday are Liam, Laura, Travis, and Taliesin discussing episode 1 of the new CR campaign! @clancywonk",neither,0.0496748227509357,0.2230672141962494,0.7272579630528149
"@clancywonk If you love video games, this is a great start",neither,0.04070059608097167,0.3215728547391825,0.6377265491798458
tinytatoBallpit tinytatoBallpit tinytatoBallpit tinytatoBallpit,neither,0.03945320844208391,0.33037608806864915,0.630170703489267
"Yes Trish, tell me what computer to buy in the next couple months, its time for me to be a PC gamer again",neither,0.03339377531982638,0.36862177129089113,0.5979844533892825
Amy is still getting to know all of them.,neither,0.06267558774618315,0.4405910656295861,0.4967333466242308
All the dads.,neither,0.0402870663683684,0.39409499574761525,0.5656179378840164
@Enthusiamy Hi Amy,neither,0.03945320844208391,0.33037608806864915,0.630170703489267
Joseph!,neither,0.03945320844208391,0.33037608806864915,0.630170703489267
AMY PLAYING THE FIELD,neither,0.03867910625553185,0.3162642453536482,0.6450566483908199
Hasn't chosen any Dad yet.,neither,0.03945320844208391,0.33037608806864915,0.630170703489267
"@chaoticloony I do, so yay",neither,0.041068738313512036,0.38286633213705457,0.5760649295494334
"We're not settling down yet, I love all of them!@ But we did cheat and get you a brownie, though",neither,0.06429399440585248,0.167113990677068,0.7685920149170795
"@clancywonk Pretty good plac, but check out Wednesday Club tomorrow and Shield of Tomorrow Friday",neither,0.034761960494224954,0.3227729590667493,0.6424650804390257
ok all the love to Trish for signing <3 <3 <3,neither,0.037226676494764695,0.3542255890725294,0.6085477344327059
date all the dads!,neither,0.040125359791672886,0.3825834764521618,0.5772911637561654
So far Amy is just being a good father for Erika.,neither,0.03345495797379674,0.3692875920748352,0.5972574499513681
We baked brownies and went to church sale,neither,0.03511839247921516,0.09817574203212204,0.8667058654886628
We're down to 2 to have first dates with,neither,0.046335012658468004,0.34296623659912756,0.6106987507424043
Yay for tiny hoomans!,neither,0.033883491679335395,0.3025572824449458,0.6635592258757188
Ready Player One...,neither,0.032829172369214,0.4588106226917203,0.5083602049390656
More Ivan? With Trish and tiny Hydra? Where?,neither,0.03116092750932378,0.28633860293281954,0.6825004695578567
Re hrpgSub hrpgHyperHype gandsSubHype,neither,0.10802165902134243,0.2484119200751343,0.6435664209035233
Talks machina?,neither,0.03945320844208391,0.33037608806864915,0.630170703489267
@zismarith nerdswithkids,neither,0.03945320844208391,0.33037608806864915,0.630170703489267
Hi new here,neither,0.10895188603888505,0.18659402782516152,0.7044540861359533
@inters3xual me too,neither,0.025456656249999262,0.41690574403459846,0.5576375997154023
"Ooooooo... a Cthulhu dress, I'm a super fan. <3",neither,0.03945320844208391,0.33037608806864915,0.630170703489267
"Ivan, Trisha and Lasercorn, what a trio!",neither,0.052018416146200515,0.23473579776527018,0.7132457860885293
@inters3xual in 3 hours,neither,0.03945320844208391,0.33037608806864915,0.630170703489267
"@inters3xual, In 3 hours",neither,0.03945320844208391,0.33037608806864915,0.630170703489267
hrpgSub hrpgHyperHype gandsSubHype,neither,0.03945320844208391,0.33037608806864915,0.630170703489267
Hi @eazeapeazea,neither,0.03945320844208391,0.33037608806864915,0.630170703489267
https://www.youtube.com/watch?v=4Tns5BiVCe0 <<< Nerds with Kids trailer,neither,0.11109686110289949,0.3781092531127392,0.5107938857843612
"no body wanted a VR Aladdin ""i will show you the world"" Date",neither,0.06150667588455646,0.2895748170171159,0.6489185070983277
I'll take a tie with Sonja gandsSubHype jcvimHype,neither,0.02855791110364066,0.36844745910232707,0.6029946297940322
"Tangent, what's the sub count after the CR thing last week?",neither,0.04161259666869579,0.308734638785922,0.6496527645453821
What is this show? I subscribe for critical role?,neither,0.05810444393113064,0.2446002731194216,0.6972952829494478
Jebaited,neither,0.03945320844208391,0.33037608806864915,0.630170703489267
"I'd love to visit places that don't exist anymore in VR, like Rome in roman times or medieval London and so on",neither,0.04193178730449086,0.3671020012484119,0.590966211447097
!wtfisthis,neither,0.03945320844208391,0.33037608806864915,0.630170703489267
"Welcome to #GameEngine! We'll be discussing the latest gaming news, showcasing new games, and interviewing people in the gaming industry!",neither,0.05363492194748562,0.26739386076077604,0.6789712172917384
"@FuffyButt Sorry no I wanted VR shrek ""swamp spa"" date",neither,0.03894304498641146,0.3390348933319343,0.6220220616816543
Cool thanks,neither,0.0367426274230533,0.3076780315905544,0.6555793409863925
"@ds613 me too, it was explained to me as a handing talk show, guess this will keep me busy till talks machina",neither,0.028772433108839236,0.3613859246707592,0.6098416422204016
The worst part is that the victim was totally unrelated to the players. :(,neither,0.04484731064726126,0.313451634892863,0.6417010544598757
Gaming,neither,0.03945320844208391,0.33037608806864915,0.630170703489267
YES,neither,0.03945320844208391,0.33037608806864915,0.630170703489267
Not handing,neither,0.03798429109608333,0.3359028173923576,0.626112891511559
damn,offensive_language,0.042479326866149344,0.9516554255713155,0.005865247562535126
MONUMENTALLY YES,neither,0.03945320844208391,0.33037608806864915,0.630170703489267
!clock,neither,0.03945320844208391,0.33037608806864915,0.630170703489267
It is currently Tuesday 4:10 PM at the Geek & Sundry studio in California.,neither,0.05168296902367653,0.32958831050744153,0.6187287204688818
when is talks machina?,neither,0.035631696818318445,0.38862422546009456,0.5757440777215871
In 3 hours,neither,0.03945320844208391,0.33037608806864915,0.630170703489267
hrpgSub hrpgHyperHype gandsSubHype,neither,0.03945320844208391,0.33037608806864915,0.630170703489267
@clancywonk we do get alot of hand talk tho,neither,0.02401037221641263,0.3506829893617679,0.6253066384218194
"Yes, he's at fault, but so is the US issue of police being militarized and shooting to kill in so many situations that it does not require it.",neither,0.1460575222104034,0.3881141840082791,0.4658282937813175
9cst?,neither,0.03945320844208391,0.33037608806864915,0.630170703489267
"it's a terrible thing to DO, and it was only a matter of time, before it went too far.",neither,0.038046467244439275,0.3549342849009373,0.6070192478546235
I want them in jail.,neither,0.057566278327942255,0.3158979962170772,0.6265357254549807
"http://www.wheniscriticalrole.com/talksmachina <<< countdown clock to TM. Talks Machina guests this Tuesday are Liam, Laura, Travis, and Taliesin discussing episode 1 of the new CR campaign! @Inters3xual",neither,0.0496748227509357,0.2230672141962494,0.7272579630528149
agreed @stargazer1977,neither,0.03945320844208391,0.33037608806864915,0.630170703489267
and swatting is 100x worse in the EU were its more popular,neither,0.045201508778930775,0.1920014717293916,0.7627970194916777
"@critternation3000 I don't understand, but man I hope so",neither,0.07487171582768168,0.3313242924199875,0.5938039917523308
@stargazer1977 Totally agree,neither,0.03945320844208391,0.33037608806864915,0.630170703489267
Its important to remember that altho this is the first human to be killed by Swatting there have also been many pets killed because of it,neither,0.08455063634053099,0.2779061866824513,0.6375431769770177
Yeah the American police seem very trigger happy so very dangerous,neither,0.03195966626495774,0.3711082466566643,0.596932087078378
"oh, there's no chance the Cop will be punished in any way.",neither,0.043016247942992546,0.25169095126299107,0.7052928007940165
"This person also swatted a Canadian, that person did not get shot.",neither,0.03644580559260331,0.3602316421955471,0.6033225522118496
!clock,neither,0.03945320844208391,0.33037608806864915,0.630170703489267
It is currently Tuesday 4:12 PM at the Geek & Sundry studio in California.,neither,0.05152526364248628,0.3296036792576327,0.6188710570998811
but isnt this swat responding? not just normal officers,neither,0.03449473916228095,0.3509049098538229,0.6146003509838961
It's kind of a problem,neither,0.03785996685429349,0.3309240769097432,0.6312159562359632
"U.S. police are SUPER trigger happy, they are trained that way with almost no de-escalation training.@GamerBadger82",neither,0.05345857061622104,0.33215055342731764,0.6143908759564614
n,neither,0.03945320844208391,0.33037608806864915,0.630170703489267
"It doesn't matter, they have to come anyway.",neither,0.041793298058668674,0.35691130356215217,0.6012953983791792
"They will always show up, but just not guns drawn.",neither,0.04062267251907195,0.3671009223226212,0.5922764051583069
can vouch lol,neither,0.03178799767876308,0.38314978381401377,0.5850622185072232
Re hrpgSub hrpgHyperHype gandsSubHype,neither,0.10802165902134243,0.2484119200751343,0.6435664209035233
But it will hopefully stop a shooting,neither,0.036692970801502175,0.3826380590431828,0.5806689701553149
I love you think that,offensive_language,0.05454037436075826,0.4894710285373314,0.4559885971019104
@john_sparks_jr yeah :s,offensive_language,0.013968601452186464,0.5182923869769311,0.4677390115708824
swatting is disgusting,neither,0.05123134903440858,0.3263250454252152,0.6224436055403763
"@Jim They're still trained for maximum force, shoot first. The raids used to be a few hundred a year. Now it's like 55,000+ annually.",neither,0.05347130287060688,0.2889444740970085,0.6575842230323846
she seems more sad about the animal,neither,0.03983690857792748,0.3953478047810341,0.5648152866410385
>zoe quinn,neither,0.03945320844208391,0.33037608806864915,0.630170703489267
being a jerk is the only way a lot of people ever get a reaction from others,neither,0.05703832395813992,0.328984230651643,0.613977445390217
wow,neither,0.03945320844208391,0.33037608806864915,0.630170703489267
Why not mention the unnecessary gun use in some cases?,neither,0.014227742145931265,0.3964442407635606,0.5893280170905082
hrpgSub hrpgHyperHype gandsSubHype,neither,0.03945320844208391,0.33037608806864915,0.630170703489267
"A lot of people are more sad about animals, it's frankly gross in my opinion, but I doubt it will change any time soon. It's easier to have sympathy for animals for many people.",neither,0.05559453185540199,0.3307899790235889,0.6136154891210092
argh I missed the show starting. Hi everyone,neither,0.04460964379034316,0.3419548915441305,0.6134354646655263
"Well done, Spain..... Lets see some great games :D",neither,0.031023763339807237,0.34067987973370206,0.6282963569264907
"@compel_bast, jcvimHi",neither,0.03945320844208391,0.33037608806864915,0.630170703489267
Hi @Compel_Bast,neither,0.03945320844208391,0.33037608806864915,0.630170703489267
@Compel_Bast *wave*,neither,0.03945320844208391,0.33037608806864915,0.630170703489267
hrpgSub hrpgHyperHype gandsSubHype,neither,0.03945320844208391,0.33037608806864915,0.630170703489267
Re hrpgSub hrpgHyperHype gandsSubHype,neither,0.10802165902134243,0.2484119200751343,0.6435664209035233
@John_Sparks_Jr oo,neither,0.03945320844208391,0.33037608806864915,0.630170703489267
"Here in the states is mostly the big companies like Google, Apple and Microsoft who do gaming grants but its more to find talent",neither,0.05528877367744228,0.30378502683935155,0.6409261994832062
"34 months, that's almost the entire history of G&S, congrats.",neither,0.03670435588791502,0.34505231137037157,0.6182433327417134
hrpgSub hrpgHyperHype gandsSubHype,neither,0.03945320844208391,0.33037608806864915,0.630170703489267
We have a subscriber-only Discord server! Join here: https://discord.gg/geekandsundry (you'll need to sub and link it to your Twitch) and be a part of the fun!...Warning: It can take up to an hour for the server to update and give you access to the channels,neither,0.08464076273808444,0.286394834032893,0.6289644032290227
it's easier to have sympathy for animals because they just exist in our garbage world. we are the species that broke it and turned it to garbage,neither,0.04427794183497514,0.3077413808861425,0.6479806772788824
the reason police were twitchy was because in that area has a gang problem.,neither,0.03700834008464392,0.32992147099822283,0.6330701889171333
