text,top_class,hate_speech,offensive_language,neither
@shidareAKI Hopefully some day!,neither,0.03103476778758542,0.3293676667362437,0.6395975654761709
Hey guys! Popping in for a bit before I head to bed,neither,0.036093412589935876,0.3673010162771484,0.5966055711329157
"problem is the fire hazard to the studio, right @Danoba",neither,0.0475460817108678,0.31713634392711704,0.6353175743620152
How is everyone,neither,0.04174190257704939,0.4592949296925435,0.49896316773040705
@SirMordigan yep,neither,0.03945320844208391,0.33037608806864915,0.630170703489267
Dude is that donkey Kong remixed?,neither,0.042390324413891435,0.36030165370258277,0.5973080218835257
Hi @DanManMtn,neither,0.03945320844208391,0.33037608806864915,0.630170703489267
I would love to be a contributor to that show. I've been cooking for over 30 years.,neither,0.02933600303376218,0.2899908069970911,0.6806731899691467
Oh snap it is,neither,0.05401963240567633,0.2709291076786397,0.6750512599156839
YAY!,neither,0.03945320844208391,0.33037608806864915,0.630170703489267
"Hi Amy, Stef, and Gina!",neither,0.03868284165753408,0.29150793163893735,0.6698092267035286
Heeey!,neither,0.03945320844208391,0.33037608806864915,0.630170703489267
@stitchybabie22 good! EST hype but i gotta spread the love for the last couple episodes of MnC,neither,0.030873014440649393,0.3256660985787525,0.6434608869805982
"Hi Amy, Stef and Gina!",neither,0.03868284165753408,0.29150793163893735,0.6698092267035286
geeky twist?,neither,0.03945320844208391,0.33037608806864915,0.630170703489267
"Hey Amy, hey Gina, hey Stef",neither,0.03945320844208391,0.33037608806864915,0.630170703489267
And get murdered by llamas!,neither,0.03908578291068252,0.3425962347375042,0.6183179823518132
Re hrpgSub hrpgHyperHype gandsSubHype,neither,0.10802165902134243,0.2484119200751343,0.6435664209035233
Heeeello!,neither,0.03945320844208391,0.33037608806864915,0.630170703489267
Get Stef a cookie!,neither,0.03874416370170632,0.34241042777217345,0.6188454085261204
hello!,neither,0.03945320844208391,0.33037608806864915,0.630170703489267
Gina! Amy! Stef!,neither,0.03945320844208391,0.33037608806864915,0.630170703489267
HI crafters!,neither,0.03945320844208391,0.33037608806864915,0.630170703489267
gandsGnSMinesCrafts gandsGnSMinesCrafts gandsClassic gandsGnSMinesCrafts gandsGnSMinesCrafts,neither,0.03945320844208391,0.33037608806864915,0.630170703489267
some people were about to sleep lmao,neither,0.061176107622478104,0.3578680390759986,0.5809558533015233
Guy's ... why are teh kings songs so damn good ><,offensive_language,0.05044349824545036,0.7083018999524637,0.24125460180208586
January 31. Gina smashes the TV,neither,0.03887455189969997,0.31988132329905383,0.6412441248012464
A handful,neither,0.03945320844208391,0.33037608806864915,0.630170703489267
hrpgSub hrpgHyperHype gandsSubHype,neither,0.03945320844208391,0.33037608806864915,0.630170703489267
I hear ya @meaningofnightt,offensive_language,0.02233743309128542,0.652549389552094,0.3251131773566207
"Lies, it's already 10:30. ;-)",neither,0.037335131155220226,0.34630901957062926,0.6163558492741504
@SwankyAnt5810 like mashed potatoes on the shape of the death star or some ridiculousness like that,neither,0.04047711514273517,0.3634793771849638,0.5960435076723011
Re hrpgSub hrpgHyperHype gandsSubHype,neither,0.10802165902134243,0.2484119200751343,0.6435664209035233
please don't send Gina and AMy to seattle!,neither,0.04367501187282853,0.2985047022996306,0.6578202858275409
Mines and Crafts #4moreyears,neither,0.03847354642549547,0.27932863474708153,0.682197818827423
"Ah, why do I have to leave for class in 30 minutes. :/",neither,0.032344801524839005,0.32351262207972975,0.6441425763954314
YES Crafts!!,neither,0.03945320844208391,0.33037608806864915,0.630170703489267
!whodat,neither,0.03945320844208391,0.33037608806864915,0.630170703489267
"Stef Woodburn ( twitter.com/stefwoodburn ), Amy Dallen ( twitter.com/enthusiamy ), and Gina DeVivo ( twitter.com/pocketgina )",neither,0.03824831354404847,0.4487712171979286,0.5129804692580229
@JeffM0307 Aww.,neither,0.03945320844208391,0.33037608806864915,0.630170703489267
!seattle,neither,0.03945320844208391,0.33037608806864915,0.630170703489267
didn't know Amy was on here! i really enjoy you on collider heroes!,neither,0.05728143237533571,0.3799228733232125,0.5627956943014517
keep up the good work!,neither,0.03465660728319827,0.37073918411187645,0.5946042086049254
i thought you wanted broccolli cooked with lazers....,neither,0.04499302027597879,0.31106438973041983,0.6439425899936014
I'm really liking the colors they chose for the flaps on the game. That lavender is lovely,neither,0.03562327010890481,0.3005197615860968,0.6638569683049985
?worm,neither,0.03945320844208391,0.33037608806864915,0.630170703489267
@thedjbtm there is sooo much Amy content on this channel,neither,0.03972766870442167,0.31295821945835633,0.647314111837222
Wish I could stay for longer but it’s 12:30 and I have an 8am class tomorrow but have fun everyone! Don’t end up in Seattle!,neither,0.0303155717816229,0.37635399553542914,0.5933304326829479
<3 Jess!,neither,0.03945320844208391,0.33037608806864915,0.630170703489267
Later @Shadowstorm_0,neither,0.03945320844208391,0.33037608806864915,0.630170703489267
Good night Shadow,neither,0.031615814412266706,0.3303116900891731,0.6380724954985602
I can't wait till next week on here!,neither,0.07243688882507797,0.3171375145084275,0.6104255966664947
@meaningofnightt good to know! only ever watch some old will weaton stuff from this channel ill have to follow!,neither,0.045494488187691924,0.31581092613899514,0.638694585673313
@SwankyAnt5810 hahaha that would be awesome,neither,0.03563521319689065,0.36827685189018156,0.5960879349129279
hrpgSub hrpgHyperHype gandsSubHype,neither,0.03945320844208391,0.33037608806864915,0.630170703489267
hello!!!,neither,0.03945320844208391,0.33037608806864915,0.630170703489267
Re hrpgSub hrpgHyperHype gandsSubHype x2,neither,0.06137740758033951,0.2971829196352787,0.6414396727843817
g'night shadow,neither,0.031590556074051056,0.3300922858286469,0.638317158097302
GEE N ESS WHOO,neither,0.03945320844208391,0.33037608806864915,0.630170703489267
hrpgSub hrpgHyperHype gandsSubHype,neither,0.03945320844208391,0.33037608806864915,0.630170703489267
Awwww @starpilotsix *hugs*,neither,0.03945320844208391,0.33037608806864915,0.630170703489267
"wait, is minecraft ending?",neither,0.04851388436773455,0.32725970613506405,0.6242264094972014
gandsCrit gandsCrit gandsCrit gandsLessthanthree gandsLessthanthree gandsLessthanthree,neither,0.03945320844208391,0.33037608806864915,0.630170703489267
i never wanted it to leave @starpilotsix,neither,0.04030488954461345,0.3702284294334129,0.5894666810219736
Who thinks we should up the timetable on glittering Eric for the last episode of MnC?,neither,0.03778230153403371,0.3918934160121452,0.570324282453821
lpsdzzot -> Blacklisted spam. [warning],neither,0.03945320844208391,0.33037608806864915,0.630170703489267
hrpgSub hrpgHyperHype gandsSubHype,neither,0.03945320844208391,0.33037608806864915,0.630170703489267
Who Dat? Not new by Milton Bradley. :P,neither,0.043575563405038334,0.35212107093964423,0.6043033656553174
im glad to be back again,neither,0.04362568621093789,0.3923510996339946,0.5640232141550676
Re hrpgSub hrpgHyperHype gandsSubHype,neither,0.10802165902134243,0.2484119200751343,0.6435664209035233
!glittereric,neither,0.03945320844208391,0.33037608806864915,0.630170703489267
We have 2 months 9 days 17 hours 21 minutes 19 seconds left until we glitter Eric! Chat never forgets! https://clips.twitch.tv/EasyUglyPlumFailFish,neither,0.03779258899098234,0.349042363494466,0.6131650475145517
@thedjbtm definitely! There's the Wednesday club where they talk comics and on Friday's there's Shield of Tomorrow the Star trek rpg show,neither,0.034907166803198504,0.22990851065008283,0.7351843225467186
Omg,neither,0.03945320844208391,0.33037608806864915,0.630170703489267
omg eric's face XD,neither,0.03945320844208391,0.33037608806864915,0.630170703489267
Nice,neither,0.03945320844208391,0.33037608806864915,0.630170703489267
Put glitter on the eric face!!!,neither,0.036691589917061986,0.3282123825032146,0.6350960275797234
Eric is the new kappa,neither,0.04856805020060412,0.2433185905780893,0.7081133592213066
lol whodat is perfect!,neither,0.03847827469580362,0.4024656577170931,0.5590560675871034
"Okay Discord, we need that Eric icon if it doesn't already exist.",neither,0.026293464480995322,0.3946253532562989,0.5790811822627059
You leave JCMs beard alone!,neither,0.05563672415849318,0.3760326695781078,0.5683306062633989
new eric emote?,neither,0.043656890077074455,0.22476624015701066,0.7315768697659149
rrickyNOOT rrickyNOOT,neither,0.03945320844208391,0.33037608806864915,0.630170703489267
@SprlngheelJack You know...maybe.,neither,0.06821512901642168,0.40802389209293016,0.5237609788906481
@meaningofnightt big thank you! followed now just waiting to see some new shows!,neither,0.034568661583188734,0.366618333665427,0.5988130047513842
Want the inside scoop? Join the cast of Critical Role and discuss this episode right here on Talks Machina. Tuesdays 7pm Pacific at twitch.tv/geekandsundry and projectalpha.com,neither,0.04630302093207864,0.22484473131932575,0.7288522477485957
Re hrpgSub hrpgHyperHype gandsSubHype,neither,0.10802165902134243,0.2484119200751343,0.6435664209035233
cheer1 cheer1 cheer1 cheer1 cheer1 cheer1 cheer1 cheer1 cheer1 cheer1 cheer1 cheer1 cheer1 cheer1 cheer1 cheer1 cheer1 cheer1 cheer1 cheer1 cheer1 cheer1 cheer1 cheer1 cheer1 cheer1 cheer1 cheer1 cheer1 cheer1 cheer1 cheer1 cheer1 cheer1 cheer1 cheer1 cheer1 cheer1 cheer1 cheer1 cheer1 cheer1 cheer1 cheer1 cheer1 cheer1 cheer1 cheer1 cheer1 cheer1 im glad to be back. i use my dice jail every week,neither,0.018158287181008224,0.45972941889854646,0.5221122939204452
!beccawins Do you really need to play a board game to know who dunnit?,neither,0.06492156686355152,0.3688514478843536,0.566226985252095
"No she doesn't Kappa ...Uh, yes she does. Becca totally did not make me say this... because it's not true. She doesn't win.",offensive_language,0.03032008244501712,0.5094060454443573,0.46027387211062565
"Yes she does. Becca always wins. You're hearing it from me, a totally impartial robut.",offensive_language,0.042142389953379995,0.5021798930357648,0.4556777170108552
Seeee Stupid Adorable Eric,neither,0.10035594200146172,0.2418736905473798,0.6577703674511585
He looks a lot like if Nathan Fillion looked like JCM.,neither,0.04245803771254419,0.39106047387970566,0.5664814884077501
Dont you DARE trim JCM beard,neither,0.05181977099725006,0.3657295203620772,0.5824507086406728
It couldn't fit on the tile,neither,0.03435419425735954,0.3279905969494418,0.6376552087931986
I'm going to stay up until 2am watching this :P,neither,0.040885467806441596,0.3880372905591442,0.5710772416344142
Yay!,neither,0.03945320844208391,0.33037608806864915,0.630170703489267
@cinphoria high five O/,neither,0.035430809497031104,0.4256094199322522,0.5389597705707165
Good Cin,neither,0.037820165765928906,0.33093776632913474,0.6312420679049364
mods can i get the server info,neither,0.03816260884358196,0.31653794676783636,0.6452994443885816
!highfive @meaningofnightt,neither,0.03945320844208391,0.33037608806864915,0.630170703489267
hello!!!,neither,0.03945320844208391,0.33037608806864915,0.630170703489267
cinphoria reaches up and delivers @meaningofnightt a crisp high five,neither,0.03487086915675038,0.3916874527896188,0.5734416780536309
it's 5:41 am for me @cinphoria,neither,0.02156646571945086,0.345138578819624,0.6332949554609252
"""safety""",neither,0.03945320844208391,0.33037608806864915,0.630170703489267
!ip,neither,0.03945320844208391,0.33037608806864915,0.630170703489267
"Sub Minecraft Server IP: 162.244.167.141:42944 To be whitelisted, go to http://whitelist.twitchapps.com/geekandsundry , can take up to ten minutes. For more information: bit.ly/sundrycraft",neither,0.043886162152106035,0.281406546421295,0.674707291426599
You ladies always make my day!,offensive_language,0.0400838310833435,0.5149679956801229,0.44494817323653363
!ip,neither,0.03945320844208391,0.33037608806864915,0.630170703489267
!seattle,neither,0.03945320844208391,0.33037608806864915,0.630170703489267
"Seattle. That place where stuff just ""goes"" but don't worry, whatever is there it toooootally safe!",neither,0.038907251780735674,0.2998694795863105,0.6612232686329538
"""I should start cutting faces, right?"" Amy Dallen - 2018",neither,0.04717231392788185,0.36856463157298325,0.5842630544991347
Thanks Zis :),neither,0.035884468650613,0.3004919205142699,0.6636236108351171
"Safety...kinda, sorta. :P",neither,0.03945320844208391,0.33037608806864915,0.630170703489267
Whoaaa @cinphoria Ive never recieved a nightbot high five before,neither,0.03146289647748731,0.463785303640842,0.5047517998816706
"Safety nth, where n is a positive integer",neither,0.051849881105507055,0.2898722026731364,0.6582779162213566
"oh man, what's our safety command again?",neither,0.049148625885513775,0.371746272059601,0.5791051020548851
I think I'm out of the loop. Is Mines and Crafts getting canceled or just going on Hiatus?,neither,0.033495325232241,0.37461586566453275,0.5918888091032262
Mines N Crafts has a perfect safety record this year.,neither,0.03968398452742428,0.32645921562283325,0.6338567998497424
<3 <3 <3,neither,0.03945320844208391,0.33037608806864915,0.630170703489267
@zathyr are you sure about the positive integer? could be imaginary,neither,0.06392099839363106,0.4390200746645789,0.49705892694179005
!osha is one.,neither,0.05730171396707078,0.3927465562854808,0.5499517297474485
It has been 42 days since the last accident.,neither,0.0379918925325421,0.3191083777024536,0.6428997297650043
!osha,neither,0.03945320844208391,0.33037608806864915,0.630170703489267
!fire,neither,0.03945320844208391,0.33037608806864915,0.630170703489267
!runWithScissors,neither,0.03945320844208391,0.33037608806864915,0.630170703489267
@starpilotsix give it 10 minutes,neither,0.03798440754673217,0.33088127604931067,0.6311343164039572
Which was supposed to update automatically.,neither,0.04435226435445708,0.3289560272909723,0.6266917083545706
!safety,neither,0.03945320844208391,0.33037608806864915,0.630170703489267
ha,neither,0.03945320844208391,0.33037608806864915,0.630170703489267
!osha,neither,0.03945320844208391,0.33037608806864915,0.630170703489267
!fire,neither,0.03945320844208391,0.33037608806864915,0.630170703489267
It has been 42 days since the last accident.,neither,0.0379918925325421,0.3191083777024536,0.6428997297650043
nope,neither,0.03945320844208391,0.33037608806864915,0.630170703489267
Well I'm trying to go with a positive message :P,neither,0.035992683134500034,0.3597442580782331,0.6042630587872667
"Safety, where this show goes, there is no need for safety! But there should be!",neither,0.05748072806998822,0.21924299156059926,0.7232762803694125
!safety,neither,0.03945320844208391,0.33037608806864915,0.630170703489267
First!,neither,0.02604892428726219,0.3349864360510187,0.6389646396617191
Do the safety dance?,neither,0.040169489043918157,0.3086424500920361,0.6511880608640458
The Slippythings?,neither,0.03613032604487659,0.2619290779399786,0.7019405960151449
Conspiracy Theory: What if Murray F. Christmas never left?,neither,0.02823076286444755,0.3898440212771531,0.5819252158583994
very technical terms,neither,0.03945320844208391,0.33037608806864915,0.630170703489267
Damn whos the girl in the middle shes beautiful,offensive_language,0.03784180909567804,0.6433121290452116,0.3188460618591104
!whodat,neither,0.03945320844208391,0.33037608806864915,0.630170703489267
"Stef Woodburn ( twitter.com/stefwoodburn ), Amy Dallen ( twitter.com/enthusiamy ), and Gina DeVivo ( twitter.com/pocketgina )",neither,0.03824831354404847,0.4487712171979286,0.5129804692580229
"Oh no, Stef has a weapon yet again",neither,0.04160959429105071,0.321988606827996,0.6364017988809533
LUL,neither,0.03945320844208391,0.33037608806864915,0.630170703489267
Stef is about to murderise some faces.,neither,0.043604337098157,0.3681714256509627,0.5882242372508802
The secret replacement show is actually Murray N Crafts.,neither,0.054652290508403985,0.2687044292100004,0.6766432802815957
"safety dance involve holding a knife in one hand and scissors in the other hand, yes?",neither,0.03825287098997659,0.31830692392741405,0.6434402050826094
"@rasnac_khan I brought this up last week, I am still not entirely convinced he did",neither,0.03941649044022796,0.3712214436517756,0.5893620659079963
!wtfisthis,neither,0.03945320844208391,0.33037608806864915,0.630170703489267
"This is Mines 'n' Crafts where Amy, Stef, and Gina do crafts and play Minecraft on the Sundrycraft server.",neither,0.04344193081527374,0.25596338457389234,0.7005946846108341
Hiiiiiiiiiii,neither,0.03945320844208391,0.33037608806864915,0.630170703489267
They really should have made Clue instead. The hint is Stef in the Studio with the Hammer.,neither,0.041013742345094646,0.34306990338584664,0.6159163542690588
hey spacebirb,neither,0.03945320844208391,0.33037608806864915,0.630170703489267
hey @CelestialChickin,neither,0.03945320844208391,0.33037608806864915,0.630170703489267
"So we have paper, scissors...where's the rock?",neither,0.03962104920725885,0.3366136166087559,0.6237653341839853
"Amy, with the scissors, in the studio.",neither,0.029371419929496528,0.33454664661637284,0.6360819334541306
hammer: roll a saving throw to send someone to Seattle.,neither,0.04752213441516909,0.32568964702203446,0.6267882185627965
....we need to make a GnS version of Clue now,neither,0.04422191111138298,0.3282471130705733,0.6275309758180436
Hammer usually beats scissors!,neither,0.03945320844208391,0.33037608806864915,0.630170703489267
With Miss Scarlett,neither,0.0239779171019997,0.3686998612211754,0.6073222216768249
im imaging amy throwing the scissors at stef trying to send her to seattle,neither,0.03938773098117346,0.4774096577594511,0.4832026112593754
"We couldn't see it, don't worry.",neither,0.037980142068553414,0.33329483102107094,0.6287250269103757
maybe the hammer will do @PFWScott,neither,0.041165117284884166,0.29401892101844845,0.6648159616966672
play a round of scissors hammer superglue,neither,0.03945320844208391,0.33037608806864915,0.630170703489267
"If you make a Cluedo game with GnS, it's always Stef the murderess?",neither,0.020661683741080118,0.4593381313630385,0.5200001848958813
"@Slippydude someone should ask Gina a question only Gina would know, to make sure.",neither,0.04764779691759077,0.4468039137395336,0.5055482893428757
We didn't see a thing,neither,0.023903009764185138,0.3823785524048413,0.5937184378309734
It's too light to show on camera.,neither,0.0550738407221156,0.2759547749508453,0.6689713843270391
That's the problem with a G&S Clue - it'd always be Stef ;),neither,0.02572517093514639,0.4260034924395693,0.5482713366252843
"Ooh, treats.",neither,0.03945320844208391,0.33037608806864915,0.630170703489267
Re hrpgSub hrpgHyperHype gandsSubHype,neither,0.10802165902134243,0.2484119200751343,0.6435664209035233
"oooh, treats",neither,0.03945320844208391,0.33037608806864915,0.630170703489267
We have a subscriber-only Discord server! Join here: https://discord.gg/geekandsundry (you'll need to sub and link it to your Twitch) and be a part of the fun!...Warning: It can take up to an hour for the server to update and give you access to the channels,neither,0.08464076273808444,0.286394834032893,0.6289644032290227
"If Stef isn't the killer, it's Becca.",neither,0.02157498986467196,0.3677469933079797,0.6106780168273482
