text,top_class,hate_speech,offensive_language,neither
Hello Steflings!,neither,0.03945320844208391,0.33037608806864915,0.630170703489267
"if Stef played as a one-shot for CR, what race/class would she be?",neither,0.1343827087282717,0.2015048600188883,0.6641124312528399
@werkaldegim Tomorrow at this time,neither,0.03700117666503482,0.3844973272763196,0.5785014960586455
!wheniscr @werkaldegim,neither,0.03945320844208391,0.33037608806864915,0.630170703489267
"Critical Role is on at 7 PM PST on Thursdays, it is currently 7:02 PM PST on Wednesday. There is 23 Hours, 57 Minutes, 39 Seconds until the next episode of Critical Role. This command has been run 678 times but has probably been asked about way more.",neither,0.040922117398006476,0.3439436714649859,0.6151342111370076
gandsBeccasaurus gandsSubHype,neither,0.03945320844208391,0.33037608806864915,0.630170703489267
"@VanTwinblade The ones sent for the crew were very good, haven't had a chance to eat the other ones.",neither,0.03829626807143546,0.28601938997886667,0.6756843419496978
Hey folks.,neither,0.03945320844208391,0.33037608806864915,0.630170703489267
eeyyyy!,neither,0.03945320844208391,0.33037608806864915,0.630170703489267
"I, for one, welcome our Woodburn overlords. :D",neither,0.03403496187891702,0.33056214183788174,0.6354028962832012
I need to make tea so I can participate in the game!,neither,0.04389015223912123,0.30843551764369714,0.6476743301171818
Re hrpgSub hrpgHyperHype gandsSubHype,neither,0.10802165902134243,0.2484119200751343,0.6435664209035233
Hi @JodyHouser,neither,0.03945320844208391,0.33037608806864915,0.630170703489267
gandsLessthanthree gandsLessthanthree gandsLessthanthree gandsLessthanthree,neither,0.03945320844208391,0.33037608806864915,0.630170703489267
Hi @JodyHouser !,neither,0.03945320844208391,0.33037608806864915,0.630170703489267
wooo,neither,0.03945320844208391,0.33037608806864915,0.630170703489267
oh LORD you guys,neither,0.06621017844985305,0.3280330900799517,0.6057567314701953
"Hello all! Glad we're a touch late, since my browser crashed as I tried to load the stream a couple minutes ago.",neither,0.0429275280556674,0.3902118490950779,0.5668606228492548
also no sound,neither,0.03847235812372508,0.34702367778654786,0.6145039640897271
No sound?,neither,0.03817021587683215,0.3521518202447505,0.6096779638784173
OH MY GOD,neither,0.030266422441093326,0.38268872444249025,0.5870448531164164
"oh my goodness, cameras with built in monitors?! i need to visit G&S just to look at their tech",neither,0.034389809428103775,0.3842797645067996,0.5813304260650964
"Hi, Jody!",neither,0.03945320844208391,0.33037608806864915,0.630170703489267
OMG they're aaaall in them!,neither,0.08822633437820318,0.2839838069506759,0.627789858671121
Audio???,neither,0.03945320844208391,0.33037608806864915,0.630170703489267
clzHeehey,neither,0.03945320844208391,0.33037608806864915,0.630170703489267
No sound?,neither,0.03817021587683215,0.3521518202447505,0.6096779638784173
Gree tings,neither,0.03945320844208391,0.33037608806864915,0.630170703489267
sound?,neither,0.03945320844208391,0.33037608806864915,0.630170703489267
"Yay, quiet PJ's",neither,0.03945320844208391,0.33037608806864915,0.630170703489267
You guys are the cutest,neither,0.09005939674951734,0.3097281586442922,0.6002124446061905
RIP sound.,neither,0.03945320844208391,0.33037608806864915,0.630170703489267
hey @JodyHouser,neither,0.03945320844208391,0.33037608806864915,0.630170703489267
oh i faught its today :-),neither,0.035667132684163376,0.24310367334132302,0.7212291939745137
Hi JODY!,neither,0.03945320844208391,0.33037608806864915,0.630170703489267
Sound!,neither,0.03945320844208391,0.33037608806864915,0.630170703489267
but but sound?,neither,0.031952519802431294,0.35373500594209506,0.6143124742554736
clzHeeHey,neither,0.03945320844208391,0.33037608806864915,0.630170703489267
@ravensburgermaster Stef WAS in a one shot of CR,neither,0.038605412580977876,0.35944003437132716,0.6019545530476951
OMG AMY,neither,0.03945320844208391,0.33037608806864915,0.630170703489267
It IS a Kid Loki onesie! <3,neither,0.048770258145224586,0.33675804778932383,0.6144716940654517
"Hi Taliesin, Amy and Matt!",neither,0.0388100252782571,0.29846695177565247,0.6627230229460904
:D,neither,0.03945320844208391,0.33037608806864915,0.630170703489267
PogChamp PogChamp PogChamp PogChamp PogChamp PogChamp PogChamp PogChamp PogChamp PogChamp PogChamp PogChamp PogChamp PogChamp PogChamp PogChamp,neither,0.03945320844208391,0.33037608806864915,0.630170703489267
is that a beast ONSIE!?!,neither,0.04431228876202454,0.37785719046212624,0.5778305207758493
wow so low,neither,0.039408839228587636,0.3845384682971441,0.5760526924742682
"@jodyhouser Hey, Jody. It's Wednesday Club onesie day!",neither,0.03879316761707611,0.3203297056983573,0.6408771266845666
i love it! amy the beast!,neither,0.035162005945432215,0.32810871377309636,0.6367292802814715
oh my GOSH you kids,neither,0.046745718984670864,0.4140896680515989,0.5391646129637302
Amy is a BEAST,neither,0.047065983391133555,0.3277577056752888,0.6251763109335776
hey guys! u all look so adorable!,neither,0.04259690842785968,0.438092927301169,0.5193101642709713
gandsSubHype gandsSubHype gandsSubHype gandsSubHype gandsSubHype gandsSubHype gandsSubHype gandsSubHype gandsSubHype gandsSubHype gandsSubHype gandsSubHype gandsSubHype gandsSubHype gandsSubHype gandsSubHype,neither,0.03945320844208391,0.33037608806864915,0.630170703489267
Bidet!,neither,0.03945320844208391,0.33037608806864915,0.630170703489267
<3 <3 <3,neither,0.03945320844208391,0.33037608806864915,0.630170703489267
PJ night was last friday,neither,0.03168597982463062,0.33225165707050075,0.6360623631048686
BEAST KIGU,neither,0.03945320844208391,0.33037608806864915,0.630170703489267
What is the meaning of this!?,neither,0.05397914411820909,0.3077888847864047,0.6382319710953861
Hey Wednesdaisies!,neither,0.03945320844208391,0.33037608806864915,0.630170703489267
You could fit like 5 Amy's in that thing,neither,0.05823969236652312,0.41391851369481564,0.5278417939386612
@Deathstar_Taco which ep?,neither,0.03945320844208391,0.33037608806864915,0.630170703489267
Is Amy playing Wall-Man?,neither,0.04614418625617791,0.37853528610432763,0.5753205276394945
"I see Beast, Lockjaw and... Who is Tal?",neither,0.04553030952140881,0.3441434684083543,0.6103262220702368
"I love you guys, and I love this show!",neither,0.06358314915200922,0.2864603135133078,0.6499565373346831
this is going to be an amazing episode,neither,0.051435380219900614,0.34714764391685354,0.6014169758632458
Woo!!!,neither,0.03945320844208391,0.33037608806864915,0.630170703489267
Thati mage has made my night :),neither,0.02109207018890403,0.4214769975098618,0.5574309323012342
Thank you Chief,neither,0.058617729219235186,0.393924339066521,0.5474579317142437
Tal your hair is beautiful,neither,0.07613560552477457,0.3194752720423524,0.604389122432873
*image,neither,0.03945320844208391,0.33037608806864915,0.630170703489267
tinytatoPotato,neither,0.03945320844208391,0.33037608806864915,0.630170703489267
Loki,neither,0.03945320844208391,0.33037608806864915,0.630170703489267
Tal is Kid Loki,neither,0.04694922497385567,0.33409642571331477,0.6189543493128297
Matt lost his head!,neither,0.0614335904947372,0.35749459935259154,0.5810718101526712
Amy looks like a stretched Totoro,neither,0.0510017705940895,0.34704748062249285,0.6019507487834177
Just got back in time,neither,0.03105403979136116,0.43794109884467963,0.5310048613639592
"@Danoba They're still a teeny bit low, but I'm sure you already know!",neither,0.05252056236757919,0.45273100052176385,0.4947484371106569
TINY TATO RAID! tinytatoHeart tinytatoPotato tinytatoHeart tinytatoPotato tinytatoHeart tinytatoPotato tinytatoHeart tinytatoPotato,neither,0.03945320844208391,0.33037608806864915,0.630170703489267
Oh and welcome Erika and the Tiny Potatoes.,neither,0.04130446481507581,0.230725676999505,0.7279698581854191
Has it been a year? :o,neither,0.03783835419694134,0.32931660800933177,0.632845037793727
tinytatoHeart tinytatoPotato tinytatoHeart tinytatoPotato tinytatoPotato,neither,0.03945320844208391,0.33037608806864915,0.630170703489267
TINY POTATO RAID!! tinytatoPotato tinytatoHeart tinytatoBallpit tinytatoBallpit tinytatoBallpit tinytatoBallpit,neither,0.03945320844208391,0.33037608806864915,0.630170703489267
Awesome hair Tal!!!,neither,0.03945320844208391,0.33037608806864915,0.630170703489267
i strongly approve of amy's beast onsie and request the location of one to purchase,neither,0.04156716519387519,0.3147730155714823,0.6436598192346425
"still quiet tho, chief ;)",neither,0.03528471301271024,0.351132573983915,0.6135827130033747
@ravensburgermaster Sam's one off,neither,0.03843508746548853,0.36775635711111065,0.5938085554234008
tinytatoPotato tinytatoPotato tinytatoPotato tinytatoHeart tinytatoPotato tinytatoPotato tinytatoPotato,neither,0.03945320844208391,0.33037608806864915,0.630170703489267
tinytatoPotato tinytatoPotato tinytatoPotato tinytatoPotato tinytatoPotato tinytatoPotato tinytatoPotato tinytatoPotato,neither,0.03945320844208391,0.33037608806864915,0.630170703489267
1 year! It feels like it just started a month ago.,neither,0.040994825205806364,0.3566369787704161,0.6023681960237776
Hi Erika and Tiny Potatoes!,neither,0.03878955481889416,0.29736589618563236,0.6638445489954736
"welshandy -> THE EMOTES, THEY`RE TOO MANY [warning]",neither,0.055080314918249766,0.29325628621143124,0.651663398870319
Tiny Potato Raid :D,neither,0.03945320844208391,0.33037608806864915,0.630170703489267
tinytatoHeart tinytatoPotato tinytatoHeart TINY POTATO RAID,neither,0.03945320844208391,0.33037608806864915,0.630170703489267
Damn! That Alan Moore portrait is amazing! Good Job!,offensive_language,0.04847750767772649,0.7786815124043373,0.1728409799179362
Is it me or is it really low on sound?,neither,0.04071236491625864,0.3675657843997975,0.5917218506839439
"Hello, Erika and tiny potatoes!",neither,0.038799153066197065,0.29788301943311074,0.6633178275006921
Talesin's is my favorite,neither,0.032611318641918983,0.4514347285139468,0.5159539528441343
RAIIIIIIIIIIIID,neither,0.03945320844208391,0.33037608806864915,0.630170703489267
Matt has no sound?,neither,0.03904845205801561,0.3372458602362759,0.6237056877057086
Volume is ENTIRELY too low,neither,0.04522816710316933,0.3315193952089269,0.6232524376879036
Is it kinda soft for anyone else?,neither,0.03933683133841056,0.3051643160584414,0.6554988526031479
"@japenrose I was told it was addressed, thanks.",neither,0.036599852012724345,0.3200219857722553,0.6433781622150203
tinytatoBallpit tinytatoBallpit tinytatoBallpit tinytatoBallpit tinytatoBallpit tinytatoBallpit tinytatoBallpit tinytatoBallpit,neither,0.03945320844208391,0.33037608806864915,0.630170703489267
tinytatoBallpit tinytatoBallpit tinytatoBallpit tinytatoBallpit,neither,0.03945320844208391,0.33037608806864915,0.630170703489267
@ErikaIshii Hey there,neither,0.039367870622775906,0.26767823129172763,0.6929538980854965
Hello all raiders!,neither,0.04118099337595492,0.39987213209592987,0.5589468745281151
I'm so mad I can't own that kid loki,neither,0.059656158611425425,0.404326744112042,0.5360170972765326
tinytatoPotato tinytatoPotato tinytatoPotato tinytatoPotato tinytatoPotato,neither,0.03945320844208391,0.33037608806864915,0.630170703489267
tinytatoPotato tinytatoPotato tinytatoPotato tinytatoPotato tinytatoHeart,neither,0.03945320844208391,0.33037608806864915,0.630170703489267
Welcome tiny potatoes!!!!,neither,0.03945320844208391,0.33037608806864915,0.630170703489267
Manzi!,neither,0.03945320844208391,0.33037608806864915,0.630170703489267
I can hear Tal but not the others,neither,0.035622159620383155,0.32559935755147773,0.6387784828281391
"Only partly fixed. We have Talesin, but nobody else.",neither,0.031155155611334275,0.4551732647322195,0.5136715796564463
wow. just wow.,neither,0.035490202547731685,0.34897481811280634,0.615534979339462
Chief note. A little louder. Microphone Check,neither,0.03927276741963437,0.33343864313316124,0.6272885894472044
tinytatoPotato tinytatoPotato tinytatoHeart tinytatoHeart,neither,0.03945320844208391,0.33037608806864915,0.630170703489267
matt's audio is low,neither,0.04586665544384241,0.3281702095522679,0.6259631350038898
gandsSubHype gandsSubHype gandsSubHype gandsSubHype gandsSubHype gandsSubHype,neither,0.03945320844208391,0.33037608806864915,0.630170703489267
tinytatoPotato tinytatoHeart tinytatoPotato tinytatoHeart tinytatoPotato,neither,0.03945320844208391,0.33037608806864915,0.630170703489267
We cant hear thier glee! :(,neither,0.039322370447153095,0.3325967503025822,0.6280808792502647
Yeah audio is real low,offensive_language,0.02655844678546141,0.5013965316310084,0.4720450215835303
Tiny Tato Raid !! :D:D:D,neither,0.03945320844208391,0.33037608806864915,0.630170703489267
sound is really low,neither,0.04843801034585075,0.32728580269043883,0.6242761869637105
TINY POTATO RAID :D,neither,0.03945320844208391,0.33037608806864915,0.630170703489267
you all look so cozy,offensive_language,0.0827217092684008,0.6588600445494158,0.2584182461821834
adorable,neither,0.03945320844208391,0.33037608806864915,0.630170703489267
TWC is a bit on the quiet side every week .... hint hint ... more audio umph would be good,neither,0.03918579056157404,0.3389465921888411,0.6218676172495848
can't hear matt,neither,0.03973844087075633,0.3255349493567575,0.6347266097724863
Cant hear Matt or Amy,neither,0.03945320844208391,0.33037608806864915,0.630170703489267
Matts mike is bad?,neither,0.04493069461926798,0.3284921293988866,0.6265771759818455
Audio is way messed up.,neither,0.04352805172517781,0.369409004946563,0.5870629433282591
Volume way WAY WAY too low,neither,0.039480645880360044,0.33434206215551854,0.6261772919641214
Matt & Amy,neither,0.03945320844208391,0.33037608806864915,0.630170703489267
@ravensburgermaster well Sam's second one off he did last month or november,neither,0.04203844768629167,0.34780002416015265,0.6101615281535556
Tiny Potato Raid!,neither,0.03945320844208391,0.33037608806864915,0.630170703489267
"yep, super low volume for me here",neither,0.054736908565118626,0.3126667129790454,0.6325963784558359
#TheyKnow,neither,0.03945320844208391,0.33037608806864915,0.630170703489267
tinytatoHeart tinytatoPotato tinytatoHeart TINY POTATO RAID,neither,0.03945320844208391,0.33037608806864915,0.630170703489267
Re hrpgSub hrpgHyperHype gandsSubHype,neither,0.10802165902134243,0.2484119200751343,0.6435664209035233
"Your volume is super low, Tal",neither,0.06728339618814116,0.3221331354076119,0.610583468404247
OMG KIGURUMIS,neither,0.03945320844208391,0.33037608806864915,0.630170703489267
"Crew is on it, guys! don't worry!",neither,0.042187591594697586,0.3416260360955288,0.6161863723097736
tinytatoBallpit tinytatoBallpit tinytatoBallpit tinytatoHugs tinytatoHugs tinytatoHugs tinytatoPotato tinytatoPotato tinytatoHeart,neither,0.03945320844208391,0.33037608806864915,0.630170703489267
"Matt's volume isn't bad, other two is super low",neither,0.04238323723535457,0.3231906918645651,0.6344260709000802
matt sounds good,neither,0.03882171110578387,0.3305932889602936,0.6305849999339227
Very low,neither,0.03945320844208391,0.33037608806864915,0.630170703489267
Re hrpgSub hrpgHyperHype gandsSubHype !,neither,0.10802165902134243,0.2484119200751343,0.6435664209035233
the one year anniversary isnt til February I thought?,neither,0.04037663002765684,0.2796868762177398,0.6799364937546033
Matt is good,neither,0.04825180350223798,0.32734984776258425,0.6243983487351777
OMG 1 year already?!,neither,0.03826407221530884,0.3505588332352764,0.6111770945494148
Hi Erika! Sounds like you should've raided the set today ;),neither,0.04161032605005168,0.34991706724521043,0.6084726067047379
Happy 1 year TWC!!,neither,0.03945320844208391,0.33037608806864915,0.630170703489267
@ErikaIshii Super-custom kigurumis.,neither,0.03945320844208391,0.33037608806864915,0.630170703489267
lockjaw!,neither,0.03945320844208391,0.33037608806864915,0.630170703489267
THESE ARE SO GOOD,offensive_language,0.11900810002838605,0.46560278618903583,0.4153891137825781
All audio is go!,neither,0.05170982606851237,0.4070271934914509,0.5412629804400367
BLACK LIGHTNING!,neither,0.10239964558054145,0.28810026718488857,0.6095000872345699
:D,neither,0.03945320844208391,0.33037608806864915,0.630170703489267
PogChamp OPFrog I need Sgt. Frog,neither,0.03930542489745543,0.32913856769240524,0.6315560074101393
what is talisen onsie from?,neither,0.07166168100172633,0.28540402601766307,0.6429342929806107
Hey Doctor,neither,0.03945320844208391,0.33037608806864915,0.630170703489267
Matt and Amy good tal quiet,neither,0.0385265571443023,0.3049383254149055,0.6565351174407921
Amy is so cute!,neither,0.05000501029336992,0.34112467126021,0.60887031844642
This is incredible,neither,0.049720289556762595,0.3287517743397576,0.6215279361034798
1 year. It is amazing,neither,0.04688075478221629,0.3278214142876649,0.6252978309301188
These are delightful,neither,0.20310084816191007,0.39235458714501764,0.40454456469307226
hahahahaa oh my gosh,neither,0.033985419960985995,0.3594673468956932,0.6065472331433208
AMY,neither,0.03945320844208391,0.33037608806864915,0.630170703489267
Amy's just went up to better. Tal's is the low one left.,neither,0.04234055241945115,0.37750475412698675,0.5801546934535621
lil briches!,neither,0.03945320844208391,0.33037608806864915,0.630170703489267
These are awesome,neither,0.10076738630103642,0.36331021161963634,0.5359224020793272
Hi @ErikaIshii !,neither,0.03945320844208391,0.33037608806864915,0.630170703489267
These are amazing,neither,0.10165218592634384,0.3637128307564627,0.5346349833171935
We have always known that Amy is a BEAST!,neither,0.04025325099833752,0.401214464316375,0.5585322846852876
who's Taliesin?,offensive_language,0.04159901189299763,0.525362713080101,0.4330382750269014
Those are amazing,neither,0.12256272624868411,0.1929602865131354,0.6844769872381805
found a comic shop here in Mishawaka IN,neither,0.0820998255483507,0.2956575088467462,0.6222426656049032
XD they're beautiful,neither,0.06584405529777104,0.2915412655403056,0.6426146791619235
they are all adorable',neither,0.07589414675465316,0.3591669074763219,0.5649389457690248
Sooooo great!!,neither,0.03735921720567517,0.3023783156166529,0.6602624671776719
Hi,neither,0.03945320844208391,0.33037608806864915,0.630170703489267
"Wow, these are fantastic",neither,0.08109018512548816,0.35361190667247827,0.5652979082020335
Re hrpgSub hrpgHyperHype gandsSubHype,neither,0.10802165902134243,0.2484119200751343,0.6435664209035233
!twc,neither,0.03945320844208391,0.33037608806864915,0.630170703489267
Here are some handy The Wednesday Club resources! TWC Reddit: reddit.com/r/WednesdayClub/ | Discord: https://discord.gg/6QK9fVB | Wednesday Club Fanclub on Facebook: facebook.com/groups/1945232949091586/,neither,0.041287213005686295,0.3375124748912654,0.6212003121030484
This is amazing,neither,0.050638740814203484,0.3285866302672563,0.6207746289185402
!whodat,neither,0.03945320844208391,0.33037608806864915,0.630170703489267
,neither,0.03945320844208391,0.33037608806864915,0.630170703489267
"GM Sax Carr ( twitter.com/SaxCarr ), Hector Navarro ( twitter.com/Hectorisfunny ), Keller Knoblock ( twitter.com/KellerKnoblock ).",neither,0.03869669048820847,0.46240653137887533,0.49889677813291616
Lol,neither,0.020706217963973744,0.4882283491876925,0.4910654328483337
To one year of talking about comics every wednesday! Cheers!,neither,0.041805439561640345,0.36258614062211697,0.5956084198162428
Hahahahaha,neither,0.03945320844208391,0.33037608806864915,0.630170703489267
hrpgSub hrpgHyperHype gandsSubHype x2,neither,0.03945320844208391,0.33037608806864915,0.630170703489267
derived from Mollymauk?,neither,0.04228451509352876,0.2823214250720796,0.6753940598343917
oh hi friends,neither,0.04528167011708143,0.2750734244254242,0.6796449054574945
Hello everyone!!,neither,0.03269494828970791,0.4450814005079928,0.5222236512022994
tinytatoHeart tinytatoPotato tinytatoHeart TINY POTATO RAID,neither,0.03945320844208391,0.33037608806864915,0.630170703489267
@ravensburgermaster which one?,neither,0.03818709358741248,0.3768323283672056,0.584980578045382
gandsSubHype gandsSubHype gandsSubHype gandsSubHype gandsSubHype gandsSubHype,neither,0.03945320844208391,0.33037608806864915,0.630170703489267
PRETTY MUCH,neither,0.03384839909176227,0.33230383901613453,0.6338477618921031
XD,neither,0.03945320844208391,0.33037608806864915,0.630170703489267
"Erika, you should be there in person!",neither,0.08276994317932969,0.3863604090674407,0.5308696477532296
Hi @ErikaIshii !!,neither,0.03945320844208391,0.33037608806864915,0.630170703489267
you must say it 3 times to summon erika,neither,0.06732827089027617,0.3596534791944902,0.5730182499152335
ramaLul ramaLul ramaLul,neither,0.03945320844208391,0.33037608806864915,0.630170703489267
hello Erika! :D,neither,0.03945320844208391,0.33037608806864915,0.630170703489267
Those look amazing and SO WARM.,neither,0.06258459897786246,0.2693667130863862,0.6680486879357512
Electric blue hair.,neither,0.03945320844208391,0.33037608806864915,0.630170703489267
Hi Erika,neither,0.03945320844208391,0.33037608806864915,0.630170703489267
So glad I finally have time to watch live!!!,neither,0.05213395699322973,0.380610200733351,0.5672558422734192
tinytatoPotato tinytatoHeart tinytatoPotato tinytatoHeart tinytatoPotato tinytatoHeart,neither,0.03945320844208391,0.33037608806864915,0.630170703489267
No Alan Moore is gonna be Weird,neither,0.04700228354052911,0.40081126887014545,0.5521864475893253
I wanna see Erika and Amy try to fit in Amy's kigurumi at the same time,neither,0.041230141243608256,0.3253838896831599,0.633385969073232
BlessRNG BlessRNG BlessRNG BlessRNG BlessRNG BlessRNG,neither,0.03945320844208391,0.33037608806864915,0.630170703489267
Oh hiya Tal! Matt! And Amy! :D,neither,0.042342761392213484,0.2683505943123893,0.6893066442953972
Hello Erica,neither,0.03945320844208391,0.33037608806864915,0.630170703489267
so Weird,neither,0.03940909112290231,0.39994910071364764,0.56064180816345
tinytatoHeart tinytatoPotato tinytatoHeart TINY POTATO RAID,neither,0.03945320844208391,0.33037608806864915,0.630170703489267
Erika Has Kigu sense :D,neither,0.0399860684743898,0.32133206266654957,0.6386818688590605
Spoilers: We're not going to be serious,neither,0.06348347297490163,0.3357414738229691,0.6007750532021293
OH MY GOD,neither,0.030266422441093326,0.38268872444249025,0.5870448531164164
tinytatoPotato tinytatoHeart tinytatoPotato tinytatoHeart tinytatoPotato tinytatoHeart,neither,0.03945320844208391,0.33037608806864915,0.630170703489267
@ErikaIshii Hello,neither,0.03945320844208391,0.33037608806864915,0.630170703489267
Kill Your Heroes,hate_speech,0.5165194366374243,0.15262006162282357,0.3308605017397523
Loving those kigurumi! #BeastBritches,neither,0.07281816039262404,0.2425869159261622,0.6845949236812139
@ErikaIshii I seriously thought they meant you BAMF'ed into the office for a moment...,neither,0.04567082516797295,0.266399983403428,0.687929191428599
Tal's hair matches Amy's kigurumi,neither,0.03945320844208391,0.33037608806864915,0.630170703489267
What's op,neither,0.04644688196614929,0.325405590977308,0.6281475270565426
Alan Moore himself is never serious though. :/,neither,0.042683144655171604,0.3642005301831171,0.5931163251617112
"Perfect timing, Erika",neither,0.03945320844208391,0.33037608806864915,0.630170703489267
These are so cute,neither,0.1192452928098608,0.3995825864004716,0.48117212078966765
"tal's in a blue beetle, what's amy wearing?",neither,0.04269269720699477,0.3280225744887643,0.6292847283042409
Squid1 BlessRNG Squid4,neither,0.03945320844208391,0.33037608806864915,0.630170703489267
ramaWave Yebba,neither,0.03945320844208391,0.33037608806864915,0.630170703489267
Kigu! Kigu! Kigu!,neither,0.03945320844208391,0.33037608806864915,0.630170703489267
"The Drinking game is on the Facebook Group, btw",neither,0.030026112873253054,0.3188922394837876,0.6510816476429594
YES,neither,0.03945320844208391,0.33037608806864915,0.630170703489267
It's showtime!!!,neither,0.037828236809968684,0.3309349903269868,0.6312367728630445
because they're very good at being serious,neither,0.04758673901899756,0.3494105492199693,0.6030027117610331
This is adorable,neither,0.05013403335429788,0.32867772607031026,0.6211882405753918
Leave it for Amy to go dark XD,neither,0.03921498396495956,0.30696266328535043,0.6538223527496901
AAAAAA SO CUTE,neither,0.04296880691731001,0.35555683390548976,0.6014743591772002
hahaha,neither,0.03945320844208391,0.33037608806864915,0.630170703489267
!whodat,neither,0.03945320844208391,0.33037608806864915,0.630170703489267
"Amy Dallen ( twitter.com/enthusiamy ), Taliesin Jaffe ( twitter.com/executivegoth ), and Matt Key ( twitter.com/TheMattKey ). Chalk art by Ken Nguyen ( twitter.com/minhwind ).",neither,0.038784789422539157,0.4561496805945848,0.505065529982876
"oh beast, that's fraking awesome",neither,0.040479872968143094,0.32321245905388235,0.6363076679779744
LMAO,neither,0.03705015143476208,0.3711622369619404,0.5917876116032975
@sword_singer buymetoys.com,neither,0.03945320844208391,0.33037608806864915,0.630170703489267
YESSS,neither,0.03945320844208391,0.33037608806864915,0.630170703489267
oh MY GOSH,neither,0.03236932916326653,0.3691666553057533,0.59846401553098
it looks amazing.,neither,0.03782444262191723,0.3309362953222425,0.6312392620558402
:-),neither,0.03945320844208391,0.33037608806864915,0.630170703489267
LOL,neither,0.020706217963973744,0.4882283491876925,0.4910654328483337
yayayayayayay!,neither,0.03945320844208391,0.33037608806864915,0.630170703489267
laceTen,neither,0.03945320844208391,0.33037608806864915,0.630170703489267
amazing,neither,0.03945320844208391,0.33037608806864915,0.630170703489267
The. Cutest,neither,0.038372653207642965,0.3105039192898759,0.6511234275024811
ok clip that!!!!,neither,0.035444728703967504,0.3743175618295986,0.5902377094664341
Beautiful,neither,0.03945320844208391,0.33037608806864915,0.630170703489267
Yep,neither,0.03945320844208391,0.33037608806864915,0.630170703489267
aaawwww hank amy so cute,neither,0.04101227236485635,0.3414846117976508,0.6175031158374928
Amy I love you!,neither,0.05499008596315107,0.40328920075804187,0.541720713278807
OH GODS YES,neither,0.047325668310698794,0.256798057524554,0.6958762741647472
Bless Amy Dallen.,neither,0.03945320844208391,0.33037608806864915,0.630170703489267
too adorable!,neither,0.03912950366847959,0.3358702028788548,0.6250002934526657
Nice!,neither,0.03945320844208391,0.33037608806864915,0.630170703489267
awww,neither,0.03945320844208391,0.33037608806864915,0.630170703489267
hehehe,neither,0.03945320844208391,0.33037608806864915,0.630170703489267
What Cheekbones!!!!,neither,0.057770773616808734,0.3180719994247239,0.6241572269584672
gandsApplaud gandsApplaud gandsApplaud gandsApplaud gandsApplaud gandsNatTwenty gandsCrit gandsNatTwenty,neither,0.03945320844208391,0.33037608806864915,0.630170703489267
iconic,neither,0.03945320844208391,0.33037608806864915,0.630170703489267
She looks like a blue Sorting Hat.,neither,0.05149816389858816,0.42961964046108225,0.5188821956403296
hrpgOhMyGoodness,neither,0.03945320844208391,0.33037608806864915,0.630170703489267
Amy's adorable,neither,0.03945320844208391,0.33037608806864915,0.630170703489267
NICE,neither,0.03945320844208391,0.33037608806864915,0.630170703489267
Crooked Glasses Beast. :D,neither,0.03945320844208391,0.33037608806864915,0.630170703489267
D'awwwwh,neither,0.03945320844208391,0.33037608806864915,0.630170703489267
<3,neither,0.03945320844208391,0.33037608806864915,0.630170703489267
It's Orco from He-Man! :D,neither,0.04737598241548547,0.39568964005252666,0.5569343775319878
Someone clip that,neither,0.03538039771409821,0.3747132695332651,0.5899063327526367
That's adorable in every way,neither,0.03576198518102182,0.3723604073741748,0.5918776074448032
it's Frasier Crane as beast :D,neither,0.03554697588398886,0.3706061315344872,0.5938468925815239
Matt your Amy song is wonderful,neither,0.06779303277020327,0.32706325661167907,0.6051437106181178
matt has a pretty singing voice,neither,0.039763090228544795,0.3251165854253895,0.6351203243460657
so amy can see it,neither,0.03828589949508995,0.3713730531800125,0.5903410473248976
you got that right Matt,offensive_language,0.048930532519990466,0.4943499743984156,0.4567194930815939
butt first,neither,0.036223147340484214,0.3937030081284206,0.5700738445310952
gandsApplaud gandsApplaud gandsApplaud gandsApplaud gandsApplaud gandsApplaud gandsApplaud gandsApplaud gandsApplaud gandsApplaud gandsApplaud gandsApplaud,neither,0.03945320844208391,0.33037608806864915,0.630170703489267
Daily Wednesday!!!!,neither,0.03945320844208391,0.33037608806864915,0.630170703489267
Oh Tal you are so cute!,neither,0.09713023381071874,0.29581167711529915,0.6070580890739821
Same Matt,neither,0.04049176732136689,0.3398389754445551,0.619669257234078
That do look wonderful,neither,0.03864581647507183,0.3727945667369735,0.5885596167879548
Wooo,neither,0.03945320844208391,0.33037608806864915,0.630170703489267
"ooh, like Marvelman/Miracleman and Captain Britain?",neither,0.046707428294863566,0.310472423234616,0.6428201484705205
wooo graphic,neither,0.03945320844208391,0.33037608806864915,0.630170703489267
Im from brazil,neither,0.03969090627904039,0.34725330226974577,0.613055791451214
i like the excited yelling every time the graphic plays,neither,0.04404181670879083,0.3313003919753665,0.6246577913158428
danS,neither,0.03945320844208391,0.33037608806864915,0.630170703489267
@ravensburgermaster ah yes. the only one which had wikdiv,neither,0.03799021850986476,0.3427271525024574,0.6192826289876779
Hi @YebbaDebba,neither,0.03945320844208391,0.33037608806864915,0.630170703489267
my favorite alan moore story is one neil gaiman told,neither,0.035323473545027205,0.4146373692715579,0.5500391571834149
"WOW, Ken.",neither,0.03945320844208391,0.33037608806864915,0.630170703489267
dayum,neither,0.03945320844208391,0.33037608806864915,0.630170703489267
I really like that chalk drawing.,neither,0.044461081651855514,0.37713711130483324,0.5784018070433112
PogChamp,neither,0.03945320844208391,0.33037608806864915,0.630170703489267
REAL SHOW HYPE!,neither,0.04718095215823649,0.38235033985617006,0.5704687079855935
PogChamp,neither,0.03945320844208391,0.33037608806864915,0.630170703489267
hey @PipersTwin !!,neither,0.03945320844208391,0.33037608806864915,0.630170703489267
wholy crap,neither,0.03945320844208391,0.33037608806864915,0.630170703489267
Whooo Ken Nguyen!!!,neither,0.03945320844208391,0.33037608806864915,0.630170703489267
Oh wowwwww <3 so amazing,neither,0.0459427340074596,0.3246517766420189,0.6294054893505215
amazing art!,neither,0.03945320844208391,0.33037608806864915,0.630170703489267
Ken is amazing!,neither,0.04736730323487076,0.32765406796382457,0.6249786288013046
sick,neither,0.03945320844208391,0.33037608806864915,0.630170703489267
Ken Wins again :D,neither,0.037846564712987606,0.3576450251574223,0.6045084101295901
WOW,neither,0.03945320844208391,0.33037608806864915,0.630170703489267
holy shit dude. every week that art is awesome,offensive_language,0.053493045894992375,0.9256374851422228,0.02086946896278483
"""You shall not pass!""",neither,0.05539281607172598,0.38593470548925113,0.5586724784390229
Daaaang Ken! 100/10,neither,0.03945320844208391,0.33037608806864915,0.630170703489267
BloodTrail,neither,0.03945320844208391,0.33037608806864915,0.630170703489267
Old Man Morrison.,neither,0.03973365148685918,0.4377783876491851,0.5224879608639557
That's so good.,neither,0.03183503215138613,0.4797468265973004,0.4884181412513134
Can everyone in this channel sing?!,neither,0.034708473622455875,0.4109066207288819,0.554384905648662
Thats a sick drawing,neither,0.03945320844208391,0.33037608806864915,0.630170703489267
PogChamp,neither,0.03945320844208391,0.33037608806864915,0.630170703489267
"It's pretty good. Not enough creepy, but really good.",neither,0.03456003312780918,0.34116955998084986,0.6242704068913411
I love when people are so impressed they sound angry,neither,0.06773878994379039,0.37168704812848463,0.560574161927725
wow... that's amazing,neither,0.0352068775586594,0.3766377661013102,0.5881553563400305
that is seriously good,neither,0.043407473931567526,0.3781524342941474,0.5784400917742851
Get mad Amy!,neither,0.038907638065294896,0.33963584118798296,0.6214565207467221
Woooooooooohhhhh!!! that beard Detail,neither,0.03441373728318629,0.3854653984740369,0.5801208642427768
#scarygandalf,neither,0.03945320844208391,0.33037608806864915,0.630170703489267
I read the first volume of wicked and divine and Infinity gantlet. love you guys.,neither,0.03982110162426351,0.30824614460509964,0.6519327537706369
gandsRage You Shall Not Pass!!!!!,neither,0.05539281607172598,0.38593470548925113,0.5586724784390229
Hi @JodyHouser :),neither,0.03945320844208391,0.33037608806864915,0.630170703489267
can and will @chiplickin ;),neither,0.04076067814272813,0.21498820420495726,0.7442511176523147
Alan Moore is a better magician than Gandalf.,neither,0.04672750921455658,0.33494811576687367,0.6183243750185696
"You're a WIZARD, Alan!",neither,0.09310843986961562,0.34827293524758574,0.5586186248827987
My stream timed out. did they acknowledge Taliesin's Birthday?,neither,0.028822357390713458,0.40229458629485904,0.5688830563144275
#scaryhobogandalf,neither,0.03945320844208391,0.33037608806864915,0.630170703489267
Hello :),neither,0.03945320844208391,0.33037608806864915,0.630170703489267
Alan Moore is the magician of ideas.,neither,0.04545392489088861,0.314545604981209,0.6400004701279025
QUESTION: Is it wrong I want to hug them while they wear these outifts?,neither,0.06820786829176544,0.3628774710047859,0.5689146607034486
Need the live shades from TRANSMET,neither,0.04371556214776686,0.2959252993417591,0.660359138510474
"Of course you did, Tal",neither,0.05384343507545211,0.37122731214412513,0.5749292527804227
I still love Amy singing Comic Book Store!,neither,0.053862534496193604,0.3433539162580149,0.6027835492457915
Chalk it up to that awesome portrait. :),neither,0.037971743290546534,0.4055223045231968,0.5565059521862565
QUESTION: what kind of people do you recommend Alan Moore books to?,neither,0.08837731941060276,0.34975229912873995,0.5618703814606573
doogHi @JodyHouser doogPaw,neither,0.03945320844208391,0.33037608806864915,0.630170703489267
hi @JodyHouser :),neither,0.03945320844208391,0.33037608806864915,0.630170703489267
tal is the willy wonka version of alan moore,neither,0.04445391000807649,0.3169687021962511,0.6385773877956724
Wait? Taliesin's birthday?,neither,0.03945320844208391,0.33037608806864915,0.630170703489267
"@ravensburgermaster we have another but it isnt as nice for women to go to. and secret door inElk, but less comics",neither,0.0611952171323091,0.31618964168169494,0.622615141185996
I can see Amy as a wizard in d&d,neither,0.0380951195000749,0.35342640174424694,0.6084784787556781
Producer Liz <3,neither,0.03945320844208391,0.33037608806864915,0.630170703489267
I feel like I should be in kigurumi to watch tonight’s show!!,neither,0.09745259179462343,0.2773535356564146,0.6251938725489619
FRANKIE!,neither,0.03945320844208391,0.33037608806864915,0.630170703489267
In Liz we Believe!,neither,0.039231161793592914,0.33414479918911627,0.6266240390172909
frankie!,neither,0.03945320844208391,0.33037608806864915,0.630170703489267
the 20th is his B-day,neither,0.07603437214076597,0.29877254368741335,0.6251930841718206
@cinphoria Awww!,neither,0.03945320844208391,0.33037608806864915,0.630170703489267
I love Amy. 'Nuf said.,neither,0.036477045743248684,0.34424518224816086,0.6192777720085904
Tal's birthday is Friday,neither,0.04636989610939674,0.3279971220109798,0.6256329818796235
"So, basically, be Patrick Rothfuss?",neither,0.03988856212515582,0.37911884065043705,0.5809925972244072
Frankenstein or the Monster?,neither,0.03844845639093772,0.3119396821833877,0.6496118614256745
Frankie!,neither,0.03945320844208391,0.33037608806864915,0.630170703489267
Hi @JodyHouser !!,neither,0.03945320844208391,0.33037608806864915,0.630170703489267
ey! Frankie!,neither,0.03945320844208391,0.33037608806864915,0.630170703489267
"It's one of our smols, the lovely Frankie!",neither,0.0371025856620158,0.3418128489063226,0.6210845654316616
"Thanks for the info, @JodyHouser mwhahaha.",neither,0.03158985731523347,0.2757470100193002,0.6926631326654663
Frankie!,neither,0.03945320844208391,0.33037608806864915,0.630170703489267
https://clips.twitch.tv/RichElegantDonkeyFrankerZ,neither,0.03945320844208391,0.33037608806864915,0.630170703489267
The smols are awesome,neither,0.07505813262216735,0.2502071512020649,0.6747347161757679
I love my lovelies!,offensive_language,0.016158302851838294,0.5251546595362018,0.45868703761195984
@cinphoria Frankenbat?,neither,0.03945320844208391,0.33037608806864915,0.630170703489267
Alan Moore wedding photo - https://i.pinimg.com/originals/54/23/04/5423048375a1e1be69175737b3f808e3.jpg,neither,0.03945320844208391,0.33037608806864915,0.630170703489267
!twc,neither,0.03945320844208391,0.33037608806864915,0.630170703489267
Here are some handy The Wednesday Club resources! TWC Reddit: reddit.com/r/WednesdayClub/ | Discord: https://discord.gg/6QK9fVB | Wednesday Club Fanclub on Facebook: facebook.com/groups/1945232949091586/,neither,0.041287213005686295,0.3375124748912654,0.6212003121030484
@Salbastro yas,neither,0.03945320844208391,0.33037608806864915,0.630170703489267
frankie is the best,neither,0.04569881681565188,0.30545020675068457,0.6488509764336636
Frankie is so wonderful,neither,0.046361260122311676,0.3662800712315541,0.5873586686461341
Frankie!,neither,0.03945320844208391,0.33037608806864915,0.630170703489267
"Well I'm already crazy, just need to figure out how to be a wizard...",neither,0.034171575523554674,0.4248918700623379,0.5409365544141074
happy Time Zone,neither,0.03819451615536236,0.3517393810994195,0.6100661027452182
@JodyHouser All Time Lords know each others' birthdays.,neither,0.039805613396663865,0.39661275369536914,0.563581632907967
hes like shaking reading?,neither,0.048426031175727066,0.34357922165192384,0.6079947471723492
"QUESTİON: Which of his many masterpieces is Alan Moore's magnum opus in your opinion, excluding Watchmen? I nominate The League of Extraordinary Gentlemen",neither,0.08035246497788795,0.3209825008869598,0.5986650341351523
I played one D&D game with frankie. They were great,neither,0.0302946478281552,0.3173501320491312,0.6523552201227135
There is a reason we have that long title for our reading group,neither,0.03752749439381179,0.31721703904644916,0.6452554665597391
Grant Morrison is discount Alan moore at best.,neither,0.04564344935207417,0.3433559617487816,0.6110005888991442
Tal and I have talked about Alan Moore so much. I'm excited for this one,neither,0.03117884380972307,0.3559996216198671,0.6128215345704099
@WonderBacon he has a tremor,neither,0.05074581751062854,0.31448385978237664,0.634770322706995
I know Tal's birthday because he told me. :p,neither,0.03748636012877717,0.35872269990120864,0.6037909399700141
Unles your lucky enough to have already read many of Moors stories,neither,0.05999630560565569,0.33856522231942704,0.6014384720749174
awww,neither,0.03945320844208391,0.33037608806864915,0.630170703489267
<3,neither,0.03945320844208391,0.33037608806864915,0.630170703489267
Goodnight everyone,neither,0.03284905976900505,0.44246572650540894,0.524685213725586
that's such a cute letter,neither,0.037719230719603127,0.33642898893695716,0.6258517803434398
