text,top_class,hate_speech,offensive_language,neither
gandsSubHype gandsSubHype gandsSubHype gandsSubHype gandsSubHype gandsSubHype gandsSubHype gandsSubHype gandsSubHype gandsSubHype gandsSubHype gandsSubHype gandsSubHype gandsSubHype gandsSubHype gandsSubHype gandsSubHype,neither,0.03945320844208391,0.33037608806864915,0.630170703489267
Meow,neither,0.03945320844208391,0.33037608806864915,0.630170703489267
fjalchion,neither,0.03945320844208391,0.33037608806864915,0.630170703489267
gandsMercer,neither,0.03945320844208391,0.33037608806864915,0.630170703489267
where are you guys from?,neither,0.11838297524628846,0.26546083935603526,0.6161561853976764
Hi Amy the Fair play ref!,neither,0.038845039559137054,0.3193377386613668,0.6418172217794962
"I like the Slant Rhyme potential of ""Fjord and his Sjord""....",neither,0.07811397055252084,0.14478577181271465,0.7771002576347645
you have to put / me (no space) before you comment @ravensburgermaster,offensive_language,0.058692762520101645,0.4909957803321944,0.45031145714770393
"Fjord is pronounced ""fjord,"" Ford cannot pronounce ""fjord.""",neither,0.04460908850945512,0.32860274448749316,0.6267881670030517
Hey there :),neither,0.039367870622775906,0.26767823129172763,0.6929538980854965
wut m8?,neither,0.03945320844208391,0.33037608806864915,0.630170703489267
@DoOrDoNotThereIsNoTry i loved his and mercers GM styles!,neither,0.05721726739465104,0.30200380951086836,0.6407789230944806
Who is just here cause they're waiting for Critical Role?,neither,0.079186665302931,0.33607241636774976,0.5847409183293193
There better be a F-150 joke soon.,neither,0.03971346224408441,0.3000376050508572,0.6602489327050584
MonkaS,neither,0.03945320844208391,0.33037608806864915,0.630170703489267
hmmmm....,neither,0.03945320844208391,0.33037608806864915,0.630170703489267
"but ""Fjord Fjalchion"" feels more punnable...",neither,0.03760614214658987,0.3304183029470872,0.631975554906323
what is this,neither,0.07282678549990032,0.31792604547631814,0.6092471690237815
WutFace,neither,0.03945320844208391,0.33037608806864915,0.630170703489267
monkaS,neither,0.03945320844208391,0.33037608806864915,0.630170703489267
Fjord Falchion,neither,0.03945320844208391,0.33037608806864915,0.630170703489267
wat,neither,0.03945320844208391,0.33037608806864915,0.630170703489267
@VermillionCrimson there have already been so many XD,neither,0.03744453882159586,0.36201406802237385,0.6005413931560303
,neither,0.03945320844208391,0.33037608806864915,0.630170703489267
well then,neither,0.03945320844208391,0.33037608806864915,0.630170703489267
Oh hai,neither,0.051363287716059566,0.22255663153133606,0.7260800807526044
oh creeeepy,neither,0.051363287716059566,0.22255663153133606,0.7260800807526044
yes it was i really liked the future type setting....i bingded that show on youtube,neither,0.04203389738583172,0.31055385444125194,0.6474122481729164
whaat,neither,0.03945320844208391,0.33037608806864915,0.630170703489267
is that how every mothership starts?,neither,0.04348309326164718,0.3704884514419013,0.5860284552964515
@oOSundogOo Fjalchion,neither,0.03945320844208391,0.33037608806864915,0.630170703489267
Yeah she did,offensive_language,0.021174741163424847,0.570339611603603,0.40848564723297204
ciritical role!,neither,0.03945320844208391,0.33037608806864915,0.630170703489267
Welcome to motherhood?,neither,0.05036155158341772,0.3241161757817237,0.6255222726348585
LUL,neither,0.03945320844208391,0.33037608806864915,0.630170703489267
lol,neither,0.020706217963973744,0.4882283491876925,0.4910654328483337
"Oh hi hosts, I didn't see you there.",neither,0.042040725167514836,0.3244757778251332,0.6334834970073521
LUL,neither,0.03945320844208391,0.33037608806864915,0.630170703489267
LOL,neither,0.020706217963973744,0.4882283491876925,0.4910654328483337
less mothership!,neither,0.03945320844208391,0.33037608806864915,0.630170703489267
lol,neither,0.020706217963973744,0.4882283491876925,0.4910654328483337
motherhood lol,neither,0.020706217963973744,0.4882283491876925,0.4910654328483337
hahahahaa,neither,0.03945320844208391,0.33037608806864915,0.630170703489267
congrats,neither,0.03945320844208391,0.33037608806864915,0.630170703489267
ytes,neither,0.03945320844208391,0.33037608806864915,0.630170703489267
that's what i heared,neither,0.04275675352240927,0.41454745267075815,0.5426957938068324
we are all pregnant now,neither,0.07529180410172229,0.36215162759283215,0.5625565683054455
lol,neither,0.020706217963973744,0.4882283491876925,0.4910654328483337
1.5 hours,neither,0.03945320844208391,0.33037608806864915,0.630170703489267
lol,neither,0.020706217963973744,0.4882283491876925,0.4910654328483337
I'm not ready to be a mother!!!!,neither,0.04580435174367237,0.33554310093536605,0.6186525473209616
Kappa,neither,0.03945320844208391,0.33037608806864915,0.630170703489267
yea she did,neither,0.04113895932338528,0.4503469896723421,0.5085140510042727
PREGGERS CONFIRMED!,neither,0.03945320844208391,0.33037608806864915,0.630170703489267
WELCOME TO MOTHERHOOD,neither,0.05036155158341772,0.3241161757817237,0.6255222726348585
omg,neither,0.03945320844208391,0.33037608806864915,0.630170703489267
Yes,neither,0.03945320844208391,0.33037608806864915,0.630170703489267
"hector, you're a mom!",neither,0.12006283937881893,0.3532484323728117,0.5266887282483693
HAHAHAHAHAH!!!! Awesome1,neither,0.03945320844208391,0.33037608806864915,0.630170703489267
VoHiYo we're all mothers here,neither,0.1240611197186682,0.32725888690504107,0.5486799933762907
ALREADY,neither,0.03738043260619613,0.36555650351753366,0.5970630638762703
jcvimHi motherhood mates,neither,0.03945320844208391,0.33037608806864915,0.630170703489267
Wellcome to motherhood,neither,0.08141052394132535,0.3085008144527792,0.6100886616058954
,neither,0.03945320844208391,0.33037608806864915,0.630170703489267
"I still believe in you, Jess!",neither,0.05359620889720014,0.38756081445442886,0.5588429766483711
cr waiting room ResidentSleeper,neither,0.03945320844208391,0.33037608806864915,0.630170703489267
CONGRATULATIONS HECTOR,neither,0.03945320844208391,0.33037608806864915,0.630170703489267
premature birth,neither,0.03945320844208391,0.33037608806864915,0.630170703489267
gandsChobotBabies,neither,0.03945320844208391,0.33037608806864915,0.630170703489267
chobots preggers,neither,0.03945320844208391,0.33037608806864915,0.630170703489267
critical role is 7 eastern?,neither,0.04567568024874119,0.32823589467914577,0.6260884250721129
LUL,neither,0.03945320844208391,0.33037608806864915,0.630170703489267
HEY MOMMA !!! mmmmm,neither,0.03945320844208391,0.33037608806864915,0.630170703489267
we all having kids,neither,0.04146283389724854,0.42170238126454856,0.5368347848382029
Well I'm already glad I tuned in. :P,neither,0.03859399369288286,0.3449592047344005,0.6164468015727166
clip this,neither,0.03933638109031124,0.33235895312332353,0.6283046657863652
Jessica always looks so purty. :D,neither,0.037735236341969264,0.42524451169265826,0.5370202519653724
@balliztik5 7 Pacific.,neither,0.03945320844208391,0.33037608806864915,0.630170703489267
@balliztik5 10pm eastern,neither,0.03945320844208391,0.33037608806864915,0.630170703489267
Jessica is the best!,neither,0.04612997897188261,0.30402493981130385,0.6498450812168135
with 70's leather fringe,neither,0.029538279643385786,0.3646206522883835,0.6058410680682308
you had ONE line,neither,0.06066301306939898,0.43806873008702735,0.5012682568435736
!wheniscr,neither,0.03945320844208391,0.33037608806864915,0.630170703489267
"Critical Role is on at 7 PM PST on Thursdays, it is currently 5:35 PM PST on Thursday. There is 1 Hours, 24 Minutes, 47 Seconds until the next episode of Critical Role. This command has been run 701 times but has probably been asked about way more.",neither,0.04094979151442959,0.34418490925128903,0.6148652992342815
chobots motherhood tips,neither,0.03945320844208391,0.33037608806864915,0.630170703489267
WHO'S THE FATHER? XD,neither,0.03893051815355557,0.389329690895077,0.5717397909513674
no 10pm eastern,neither,0.038465455673613855,0.34714083037889465,0.6143937139474915
crit role tonight?,neither,0.03653083172092954,0.305904481648726,0.6575646866303445
@balliztik5 no 7pm pacific,neither,0.03852177801590115,0.3461848932406789,0.6152933287434199
@balliztik5 7pst,neither,0.03945320844208391,0.33037608806864915,0.630170703489267
The joys of live broadcasting :),neither,0.04562763323965391,0.30236848091547497,0.6520038858448711
PogChamp Show idea,neither,0.06013411512961194,0.23386045239263237,0.7060054324777557
what a start,neither,0.04916299743883349,0.32357640280177435,0.6272605997593921
id watch that,neither,0.04120082310599859,0.3781633764740071,0.5806358004199944
Jessica always looks so.... deadly.,neither,0.03805563184187744,0.40705957925410846,0.5548847889040142
having a cow,neither,0.03945320844208391,0.33037608806864915,0.630170703489267
@balliztik5 just under 90 minutes,neither,0.035481761634379334,0.34901596400146884,0.615502274364152
@AngryDraco You're not the father.,neither,0.08566576805643064,0.33108687714326956,0.5832473548002999
www.wheniscriticalrole.com,neither,0.03945320844208391,0.33037608806864915,0.630170703489267
This show is so human.,neither,0.304003626410717,0.11925442373105158,0.5767419498582314
mom and pop show yaaaaaa,neither,0.056551540761455646,0.18667005498126882,0.7567784042572754
I love it,neither,0.030831260484157012,0.3601344986151421,0.609034240900701
what a crappy joke,neither,0.0445572497315295,0.32670910848810364,0.6287336417803668
!wheniscr,neither,0.03945320844208391,0.33037608806864915,0.630170703489267
"hehe, she said Doody",neither,0.04054495990556642,0.39684179389361773,0.562613246200816
i love them so much,neither,0.04736125958735303,0.4008973022293207,0.5517414381833263
YESSSSSSSS,neither,0.03945320844208391,0.33037608806864915,0.630170703489267
It's funny that Sam Riegel's face became an emoticon.,neither,0.03503575419042299,0.37111628835007654,0.5938479574595006
cool,neither,0.03945320844208391,0.33037608806864915,0.630170703489267
my LG gibs me rescuscitation,offensive_language,0.00969717013555789,0.5845996754744015,0.4057031543900406
Hi everyone!,neither,0.032490659208996964,0.4485487193596734,0.5189606214313296
gandsSCANLAN,neither,0.03945320844208391,0.33037608806864915,0.630170703489267
"wow, plan B jokes, ouch",neither,0.03945320844208391,0.33037608806864915,0.630170703489267
I heard Dickbowl.,neither,0.03945320844208391,0.33037608806864915,0.630170703489267
Jess and Hector are always so funny!,neither,0.05675943270628862,0.3547485837249976,0.5884919835687138
I didn't know they were actually going to do Frequency Bandits on air!!!! AWESOEM,neither,0.03085166144656384,0.37287065812300196,0.5962776804304343
Nien!,neither,0.03945320844208391,0.33037608806864915,0.630170703489267
I heard DickBowl as well,neither,0.037029066127713964,0.3715201096508133,0.5914508242214728
PUNS CITY,neither,0.03945320844208391,0.33037608806864915,0.630170703489267
does crit roll start at 9pm in texas?,neither,0.029193898222681456,0.4355682584305955,0.5352378433467231
Sam Riegel is a living emoticon,neither,0.04845526462218366,0.3272798681536027,0.6242648672242136
hey,neither,0.03945320844208391,0.33037608806864915,0.630170703489267
hi jess,neither,0.03945320844208391,0.33037608806864915,0.630170703489267
VoHiYo,neither,0.03945320844208391,0.33037608806864915,0.630170703489267
sup ma,neither,0.03250658075485326,0.4482784891745684,0.5192149300705783
Hi mom!,neither,0.03945320844208391,0.33037608806864915,0.630170703489267
MOMMY,neither,0.03945320844208391,0.33037608806864915,0.630170703489267
is that Sam's face?,neither,0.04378828299854867,0.3732370296011964,0.582974687400255
Mommy,neither,0.03945320844208391,0.33037608806864915,0.630170703489267
mooommmaaaa,neither,0.03945320844208391,0.33037608806864915,0.630170703489267
"@master yes, if you're in Central time",neither,0.04595505555936144,0.4005204164753983,0.5535245279652402
hi mom,neither,0.03945320844208391,0.33037608806864915,0.630170703489267
"during the break, when are we supposed to type the word?",neither,0.050805568006082436,0.3107611841406268,0.6384332478532908
Mommmmmmmmmm,neither,0.03945320844208391,0.33037608806864915,0.630170703489267
A pre-show? lol,neither,0.04596700393423214,0.3060933985603301,0.6479395975054376
https://clips.twitch.tv/StrongAgreeableVanillaPhilosoraptor,neither,0.03945320844208391,0.33037608806864915,0.630170703489267
gonna happen,neither,0.03809873020339182,0.39287215611763276,0.5690291136789755
,neither,0.03945320844208391,0.33037608806864915,0.630170703489267
i do hope the 'Motherhood' thing is not going to be let go so early,neither,0.06289852892989024,0.29360098760543285,0.6435004834646768
Hi mom,neither,0.03945320844208391,0.33037608806864915,0.630170703489267
oh hector,neither,0.051363287716059566,0.22255663153133606,0.7260800807526044
Jenga!!!,neither,0.03945320844208391,0.33037608806864915,0.630170703489267
emtPancakes emtPancakes emtPancakes emtPancakes emtPancakes,neither,0.03945320844208391,0.33037608806864915,0.630170703489267
pennyWhat,neither,0.03945320844208391,0.33037608806864915,0.630170703489267
ho,offensive_language,0.013321108536384277,0.8771497931721385,0.10952909829147721
lol,neither,0.020706217963973744,0.4882283491876925,0.4910654328483337
at least they know,neither,0.038469775604690844,0.3602779836573546,0.6012522407379546
"It will never die, Jess!",neither,0.15196636764630908,0.1709852265748178,0.6770484057788732
Stop tab-shaming me!,neither,0.031812555642334116,0.4500446555326083,0.5181427888250576
Jammies,neither,0.03945320844208391,0.33037608806864915,0.630170703489267
"Happy Motherhood Hector, and good luck with being the most famous man in the world now.",neither,0.028425534129321132,0.3612802761448502,0.6102941897258286
N-No. I only 30 tabs monkaS,neither,0.038382803649149325,0.34854365093865297,0.6130735454121977
"@Zismarith High five, lol",neither,0.02833012189866469,0.4727994071347626,0.49887047096657267
"I always watch Mothership before Critical Role! Love you, Hector",neither,0.0481456827257172,0.4578295195229523,0.4940247977513306
@ravensburgermaster uuuuuuuuuuugh,neither,0.03945320844208391,0.33037608806864915,0.630170703489267
This is the CR Preshow ;),neither,0.04741167734877569,0.31148493655533577,0.6411033860958886
As long as Hector is on I could careless what the show is about... HECTOR IS MVP of geek and sundry.,neither,0.05755873465002161,0.31213903372293883,0.6303022316270395
We love you Hector,neither,0.0667431826429772,0.4602730207261189,0.47298379663090395
"It's chrome, of course it is. It eats RAM for breakfast.",neither,0.037805536051533396,0.31334185844135504,0.6488526055071117
*hi mom,neither,0.03945320844208391,0.33037608806864915,0.630170703489267
More about poo corner!,neither,0.03965549548418016,0.34537961539977274,0.6149648891160471
gandsMatt gandsMatt gandsMatt gandsMatt gandsMatt gandsMatt gandsMatt gandsMatt gandsMatt gandsMatt gandsMatt,neither,0.03945320844208391,0.33037608806864915,0.630170703489267
"""pong""",neither,0.03945320844208391,0.33037608806864915,0.630170703489267
"@ravensburgermaster ""SHAME, SHAME, SHAME""",neither,0.03945320844208391,0.33037608806864915,0.630170703489267
"""Too many tabs"", jesus christ. It's as if they know me.",neither,0.021383712986635894,0.4219648970220614,0.5566513899913027
Critrole waiting room?,neither,0.03945320844208391,0.33037608806864915,0.630170703489267
i tab-shame ALL of my friends,neither,0.031554057863077106,0.45866999992852514,0.5097759422083978
Genius,neither,0.03945320844208391,0.33037608806864915,0.630170703489267
oh crap they're reading this... srry... so sry :(,neither,0.05990853054938582,0.3032160692685351,0.636875400182079
I am currently commenting on a really fast-moving and crowded chat.,neither,0.03744091254128912,0.316126083697434,0.6464330037612768
Wait that was a joke? Brb going hospital,neither,0.03573285220450795,0.3779414869405022,0.5863256608549898
No peanut butter,neither,0.03867561738554308,0.3435738376490937,0.6177505449653632
Where stupid people eat them,neither,0.29581964572106606,0.14443855884925913,0.559741795429675
When is critical role?,neither,0.036731799512772056,0.3718062288360914,0.5914619716511365
Tide pod challenge is natural selection at its best..,neither,0.03910324990987298,0.33985603210343696,0.62104071798669
How much longer???,neither,0.034992843024945944,0.3319102122683466,0.6330969447067075
When does critical role come on?,neither,0.02136377336632021,0.48019868323339965,0.49843754340028024
LUL,neither,0.03945320844208391,0.33037608806864915,0.630170703489267
This is such a dangerous joke to keep spreading,neither,0.05014777793360945,0.32390337290403237,0.6259488491623582
LMAO,neither,0.03705015143476208,0.3711622369619404,0.5917876116032975
haha,neither,0.03186685585600258,0.45913629025701075,0.5089968538869867
"Good vid, will watch again",neither,0.043140312301289924,0.3350561798525354,0.6218035078461748
!wheniscr,neither,0.03945320844208391,0.33037608806864915,0.630170703489267
Hewhhehehehhehe,neither,0.03945320844208391,0.33037608806864915,0.630170703489267
"Critical Role is on at 7 PM PST on Thursdays, it is currently 5:37 PM PST on Thursday. There is 1 Hours, 22 Minutes, 15 Seconds until the next episode of Critical Role. This command has been run 702 times but has probably been asked about way more.",neither,0.04094205159381637,0.34411749203508973,0.614940456371094
LUL,neither,0.03945320844208391,0.33037608806864915,0.630170703489267
lmfao,neither,0.05470637918084239,0.32512982320825545,0.6201637976109021
natural selection at work.,neither,0.03879382202166273,0.350459148747016,0.6107470292313213
What about Dove dip-n-dots? Kappa,neither,0.04206752503328238,0.34653970872606943,0.6113927662406481
,neither,0.03945320844208391,0.33037608806864915,0.630170703489267
,neither,0.03945320844208391,0.33037608806864915,0.630170703489267
lol,neither,0.020706217963973744,0.4882283491876925,0.4910654328483337
Gen Z kids are eating pods. 23 year olds are not,neither,0.06925597066381378,0.2810857883571944,0.6496582409789918
gaywormdog -> ONLY HULK CAPSLOCKS [warning],neither,0.03945320844208391,0.33037608806864915,0.630170703489267
82 minutes until CR,neither,0.03945320844208391,0.33037608806864915,0.630170703489267
@danoba you should keep a clicker counts of how many times you do that command on thursdays,neither,0.06820523753882582,0.4610146618218408,0.47078010063933334
LUL,neither,0.03945320844208391,0.33037608806864915,0.630170703489267
LuL,neither,0.03945320844208391,0.33037608806864915,0.630170703489267
omgggggg,neither,0.03945320844208391,0.33037608806864915,0.630170703489267
MingLee,neither,0.03945320844208391,0.33037608806864915,0.630170703489267
hello,neither,0.03945320844208391,0.33037608806864915,0.630170703489267
haha,neither,0.03186685585600258,0.45913629025701075,0.5089968538869867
omg darth vader is a SMORE,neither,0.0457984730632582,0.32819366059949484,0.6260078663372468
welp,neither,0.03945320844208391,0.33037608806864915,0.630170703489267
hahahahahaa,neither,0.03945320844208391,0.33037608806864915,0.630170703489267
lol,neither,0.020706217963973744,0.4882283491876925,0.4910654328483337
XD,neither,0.03945320844208391,0.33037608806864915,0.630170703489267
LUL,neither,0.03945320844208391,0.33037608806864915,0.630170703489267
boo,neither,0.03945320844208391,0.33037608806864915,0.630170703489267
That was so perfect,neither,0.034399249019790995,0.4413720847235144,0.5242286662566945
please stop,neither,0.03943240175070349,0.44925213283960647,0.51131546540969
".....ha,,,,,,",neither,0.03945320844208391,0.33037608806864915,0.630170703489267
"@danaclay It's a lot, haha. I could though.",neither,0.034199991322087855,0.3987665756681509,0.5670334330097613
Well played,neither,0.03945320844208391,0.33037608806864915,0.630170703489267
@ravensburgermaster it's been lowkey for about a year... based off an actual tide ad..... but it exploded about a month ago,neither,0.03283349072741763,0.3451601025297953,0.622006406742787
👏👏👏👏👏👏👏👏,neither,0.03945320844208391,0.33037608806864915,0.630170703489267
moving on,neither,0.03553569474441875,0.34938904782977176,0.6150752574258095
FailFish FailFish,neither,0.03945320844208391,0.33037608806864915,0.630170703489267
"Hello from Norway, watching the stream from 2.30pm to god knows when. #Sleep is for the weak""",neither,0.038259394403616656,0.30460997234961573,0.6571306332467676
move on,neither,0.03497144206488804,0.3522462893992319,0.6127822685358799
smore,neither,0.03945320844208391,0.33037608806864915,0.630170703489267
10 points to Hector for those!,neither,0.06480170927557673,0.230804316274881,0.7043939744495423
He's Smoreing wrong,neither,0.0488813290149736,0.32713332507148285,0.6239853459135437
more like startreck,neither,0.0714038965299214,0.3428782749306524,0.5857178285394262
"First motherhood, now dad jokes @GeekandSundry Kappa",neither,0.034114734889135793,0.3322122339224293,0.6336730311884348
star smores,neither,0.03945320844208391,0.33037608806864915,0.630170703489267
"Ah come on, Mom. Let him finish",neither,0.025159541870155407,0.38692485645225044,0.5879156016775942
"this is fun, this is a fun time",neither,0.050714484589875,0.34239382966697557,0.6068916857431496
PowerUpL SeriousSloth PowerUpR I see your Smores is as big as mine,neither,0.048074703707163914,0.42593595780592547,0.5259893384869105
gandsNopeNopeNope,neither,0.03945320844208391,0.33037608806864915,0.630170703489267
DansGame DansGame DansGame DansGame,neither,0.03945320844208391,0.33037608806864915,0.630170703489267
Star Smores,neither,0.03945320844208391,0.33037608806864915,0.630170703489267
zeldo!,neither,0.03945320844208391,0.33037608806864915,0.630170703489267
Let's roast this conversation.,neither,0.02615104305563586,0.35995702495205306,0.613891931992311
Dark Lord of the S'ith,neither,0.0385377063747377,0.31362070622570243,0.6478415873995598
"Chobot, get it together!",neither,0.03669774268741478,0.3438574281478919,0.6194448291646933
LUL,neither,0.03945320844208391,0.33037608806864915,0.630170703489267
Gosh Mom can you make him stop!!,neither,0.05322075726393502,0.43530617908581665,0.5114730636502484
:D,neither,0.03945320844208391,0.33037608806864915,0.630170703489267
Zeldo,neither,0.03945320844208391,0.33037608806864915,0.630170703489267
LUL,neither,0.03945320844208391,0.33037608806864915,0.630170703489267
gandsHecBird gandsHecBird gandsHecBird,neither,0.03945320844208391,0.33037608806864915,0.630170703489267
hahahaha so I fixed the caption issue... found out my work laptop has Bluetooth so I went and bought a cheap Bluetooth headset...can hear it all now,neither,0.032459463313794394,0.40975428735976144,0.557786249326444
Legend of Zeldo,neither,0.03945320844208391,0.33037608806864915,0.630170703489267
zeldo,neither,0.03945320844208391,0.33037608806864915,0.630170703489267
hard,offensive_language,0.029144172072522026,0.633731529969142,0.33712429795833593
Get it together!!,neither,0.03669774268741478,0.3438574281478919,0.6194448291646933
as a subsciber can i have my money back for those puns?,neither,0.03911981769573432,0.3501093208821771,0.6107708614220887
"Wow, Motherhood... and Hector with the dad jokes. gandsHecBird gandsHecBird",neither,0.02877666696063779,0.3144654479571794,0.6567578850821828
star smores,neither,0.03945320844208391,0.33037608806864915,0.630170703489267
Hahaha,neither,0.03945320844208391,0.33037608806864915,0.630170703489267
SOMEONE REBOOT CHOBOT,neither,0.03945320844208391,0.33037608806864915,0.630170703489267
Remember when Lunk rescued Zeldo?,neither,0.030051618703794258,0.3780354962012475,0.5919128850949583
FailFish FailFish,neither,0.03945320844208391,0.33037608806864915,0.630170703489267
this is a mothership wreck,neither,0.049443321117322546,0.32880102194283745,0.62175565693984
Does she smell toast?,offensive_language,0.028155771196037568,0.5090582153105936,0.46278601349336884
aaaaw momma you got this !,offensive_language,0.0615665274696846,0.47104011107867927,0.46739336145163624
Stroking what exactly?,neither,0.04461618982811187,0.3266680417198989,0.6287157684519892
Got love live,neither,0.039627318753037315,0.4101442291146803,0.5502284521322824
Legend of Kylo?,neither,0.03945320844208391,0.33037608806864915,0.630170703489267
Ba Legend a Zeldo,neither,0.03945320844208391,0.33037608806864915,0.630170703489267
FailFish FailFish FailFish FailFish,neither,0.03945320844208391,0.33037608806864915,0.630170703489267
she has a good point lol,neither,0.032454018657886566,0.48087659379911674,0.48666938754299666
"nands jond is having a stronk, call a bondulance",neither,0.05177317369476599,0.32613868707882204,0.622088139226412
"Oh... A, stroke... gotcha.",neither,0.043868941296625455,0.2880567710191059,0.6680742876842687
KKona,neither,0.03945320844208391,0.33037608806864915,0.630170703489267
The Adventures of Zeldo and Lunk,neither,0.03691679225379001,0.21746955377262295,0.745613653973587
Zeldo is my favorite sega character,neither,0.03459568242461964,0.41541281625773663,0.5499915013176437
,neither,0.03945320844208391,0.33037608806864915,0.630170703489267
is my prime working,neither,0.03488334346730568,0.41025783345507,0.5548588230776242
"It's Daisy the doll, she's screwing with Jessica",neither,0.029611329323239285,0.4158232538571438,0.5545654168196168
nope,neither,0.03945320844208391,0.33037608806864915,0.630170703489267
chobot is preggers,neither,0.081172750358939,0.3160268245287109,0.60280042511235
i did buy switch just for mario and zelda,neither,0.031844264101891374,0.2970583673844801,0.6710973685136284
motherhood does tend to take a toll on ya,offensive_language,0.02151720211720789,0.6064035972238893,0.3720792006589028
....,neither,0.03945320844208391,0.33037608806864915,0.630170703489267
wow so this is,neither,0.05093200538479166,0.3905796497113662,0.558488344903842
tide pods aint got nothing on downy dip n dots,neither,0.03522800878364658,0.4640085063603587,0.5007634848559949
is this google cardboard?,neither,0.04636664463111909,0.32932982119482757,0.6243035341740533
Just watch the video for this lol,neither,0.0306625035644231,0.2658314405771027,0.7035060558584743
Want the inside scoop? Join the cast of Critical Role and discuss this episode right here on Talks Machina. Tuesdays 7pm Pacific at twitch.tv/geekandsundry and projectalpha.com,neither,0.04630302093207864,0.22484473131932575,0.7288522477485957
"and remember, this is for kids. if you're an adult and you don't like it, congratulations you'",neither,0.0758811844184381,0.35920488897547803,0.564913926606084
RitzMitz,neither,0.03945320844208391,0.33037608806864915,0.630170703489267
maybe Daisy kept her up last night...,offensive_language,0.025187847322755058,0.559317611444823,0.4154945412324219
CARDBOARD BOX,neither,0.03945320844208391,0.33037608806864915,0.630170703489267
re not a child,neither,0.0618002397701087,0.2998424415052986,0.6383573187245927
"@AidanKells did you link your twitch to your prime? if so, when you click the subscribe button, you'll have a free prime option",neither,0.07317073546659056,0.43560823889664485,0.4912210256367645
just... no.,neither,0.028706901431786256,0.40546845799641895,0.5658246405717947
when is critrole?,neither,0.03268292130649759,0.4337617448415696,0.5335553338519327
the new Kirby game looked pretty good,neither,0.04049029279403237,0.20492223529903736,0.7545874719069302
,neither,0.03945320844208391,0.33037608806864915,0.630170703489267
nintendo cardboard,neither,0.03945320844208391,0.33037608806864915,0.630170703489267
!wheniscr,neither,0.03945320844208391,0.33037608806864915,0.630170703489267
"Critical Role is on at 7 PM PST on Thursdays, it is currently 5:40 PM PST on Thursday. There is 1 Hours, 19 Minutes, 29 Seconds until the next episode of Critical Role. This command has been run 703 times but has probably been asked about way more.",neither,0.04094249978854287,0.3441213970653886,0.6149361031460686
http://www.wheniscriticalrole.com/ <<< Countdown clock for live Critical Role.,neither,0.03668550719629545,0.25214530600978885,0.7111691867939156
wut is this origami disaster?,neither,0.046514115492673445,0.3293052735946656,0.6241806109126609
ITS JUST CARDBOARD,neither,0.029535448129072026,0.3535825363105787,0.6168820155603493
!cr,neither,0.03945320844208391,0.33037608806864915,0.630170703489267
when Loot crate became box box,neither,0.03279104070354273,0.3632331372905185,0.6039758220059388
Irl lootboxes,neither,0.03945320844208391,0.33037608806864915,0.630170703489267
Nintendo BOX(tm),neither,0.03945320844208391,0.33037608806864915,0.630170703489267
$70.00,neither,0.03945320844208391,0.33037608806864915,0.630170703489267
"is this a real product ...like, that they plan to sell?",neither,0.04916215505533194,0.45151910895111796,0.49931873599355003
Wait a second. Can you actually play the Switch using these cardboard things? Like does it work as some sort of VR? Or are they lying?,neither,0.04852631016430312,0.468567721346997,0.48290596848869993
With no loot,neither,0.018211456856514,0.43804712552196073,0.5437414176215253
,neither,0.03945320844208391,0.33037608806864915,0.630170703489267
It's all fun and games until you accidentally step on it.,neither,0.04607810422088065,0.38985600187208663,0.5640658939070327
69.99,neither,0.03945320844208391,0.33037608806864915,0.630170703489267
Nintendo... bringing easily destroyed bullshit to gaming since the Wii,neither,0.04711659472151847,0.3876612727698282,0.5652221325086533
$70 worth of cardboard,neither,0.03945320844208391,0.33037608806864915,0.630170703489267
garbage,neither,0.03945320844208391,0.33037608806864915,0.630170703489267
no one wants soggy sticky cardboard,neither,0.038196032211812836,0.3642088339066116,0.5975951338815756
Can we skip this and fast forward? Kappa,neither,0.03894779594072381,0.3046064256652756,0.6564457783940005
so how views for the episode tonight.... 60K,neither,0.033465395865801696,0.31492894715309855,0.6516056569810997
and then you ruin christmas.,neither,0.053622400457668654,0.3308294782711587,0.6155481212711726
this is not a real thing right?,neither,0.03713295373778437,0.48138849230974373,0.4814785539524719
it's actually cardboard?,neither,0.03806729355302525,0.3308527677509587,0.6310799386960161
its trash,neither,0.03141589925717036,0.0659963012195933,0.9025877995232364
69 dollars?,neither,0.03945320844208391,0.33037608806864915,0.630170703489267
$69 for cardboard?,neither,0.03455895656823677,0.3059236746123073,0.659517368819456
$70 for a cardboard box,neither,0.03485534651580204,0.30740208151681,0.6577425719673882
$69 to break them to spend another $69,neither,0.081973267066184,0.2837697858402007,0.6342569470936154
i hate the feel of cardboard,neither,0.21294122158712225,0.21284948934325662,0.5742092890696212
Yes they are selling these and it’s dumb,neither,0.071409020417778,0.30645982541067024,0.6221311541715518
HOw long until someone does 3D printed accessories?,neither,0.03102004225772978,0.40563215761509996,0.5633478001271701
Wonder why new tech is going back to cardboard,neither,0.04177449492351019,0.2959267496986944,0.6622987553777954
hello,neither,0.03945320844208391,0.33037608806864915,0.630170703489267
so lame,neither,0.14732024117501522,0.1347412909738358,0.717938467851149
WTF,offensive_language,0.04410695246022759,0.7898861884776351,0.16600685906213722
pov switch,neither,0.03945320844208391,0.33037608806864915,0.630170703489267
69.99.......That's a joke.,neither,0.036338150196207224,0.36413823855181776,0.599523611251975
released on 4/20 for $69. are we sure its for kids?,neither,0.03558326529648353,0.3594571140098181,0.6049596206936984
"Nintendo Labo, brought to you by Motherhood",neither,0.06479579325729386,0.4172727531560105,0.5179314535866957
Is this G&S content quality in 2018?,neither,0.046478752751921246,0.3293111676159445,0.6242100796321342
litterally cardboard,neither,0.03945320844208391,0.33037608806864915,0.630170703489267
children will destroy this,neither,0.0406500040577938,0.3100633430823857,0.6492866528598206
its cardboard AND a game everyone,neither,0.02945739602523418,0.35335412294473706,0.6171884810300288
$70 cardboard,neither,0.03945320844208391,0.33037608806864915,0.630170703489267
I can tell a lot of you people don't have kids.,neither,0.08927352764038025,0.3721191836546668,0.5386072887049529
cant you just print those things out?,neither,0.06693447267351402,0.3391362548341614,0.5939292724923246
cardboard cuts anyone?,neither,0.03945320844208391,0.33037608806864915,0.630170703489267
This should only be $20,neither,0.055127787085165976,0.38186070651395476,0.5630115064008793
hello,neither,0.03945320844208391,0.33037608806864915,0.630170703489267
I can make most of those with the boxes I get from Amazon,neither,0.04643689127547171,0.28161368522997526,0.671949423494553
"then when it gets wet, crushed.. done for.",neither,0.027453050674381092,0.35243982322688916,0.6201071260987298
Nintendo lost me years ago,neither,0.033717400342819295,0.36100737639914493,0.6052752232580358
$9.99,neither,0.03945320844208391,0.33037608806864915,0.630170703489267
make it yourself with a left over pizza box,neither,0.02885082634649658,0.3589316005283563,0.612217573125147
"PC master race here, dont get this stuff",neither,0.27576330638656743,0.09164983860696412,0.6325868550064684
4/20 plays it,neither,0.03788121478710943,0.33091676877131104,0.6312020164415795
i think it looks so fun!! it's for creative people you lazy butts,neither,0.05964570132848554,0.35641663383232247,0.583937664839192
This should not be a thing,neither,0.05487837107904452,0.39508405104017713,0.5500375778807783
i t s f o r k i d s,neither,0.03945320844208391,0.33037608806864915,0.630170703489267
Seawolf2324 -> ONLY HULK CAPSLOCKS [warning],neither,0.03945320844208391,0.33037608806864915,0.630170703489267
6.99 be too much :P,neither,0.0353386024627491,0.3410604625785117,0.6236009349587393
Why would I buy it if I can just make it with my tvs packaging?!,neither,0.01205627954635306,0.45620764987413553,0.5317360705795114
$1 dollar Bob,neither,0.03945320844208391,0.33037608806864915,0.630170703489267
,neither,0.03945320844208391,0.33037608806864915,0.630170703489267
We will definitely see many rip offs of these designs in the market afters,neither,0.044052766230880995,0.34367653428565775,0.6122706994834614
"Recycled unsold Wii U boxes, gotta make back those lost profits",neither,0.05066146798125047,0.30804570144517485,0.6412928305735747
"For $69.99 you can enjoy all these gaming cardboards. and when you need to move out, you got all these boxes for free",offensive_language,0.06138227235821407,0.5460253697220461,0.3925923579197399
anyone who has kids knows they will get 2 weekends of entertainment out of it before losing interest or it getting destroyed,neither,0.0340524046710839,0.40977153935833704,0.5561760559705791
It's clever augmented reality but overpriced.,neither,0.03603317685541119,0.3378953819568983,0.6260714411876904
$70?! D:,neither,0.03945320844208391,0.33037608806864915,0.630170703489267
"Ok, so far we have 420 and $69. Nintendo is run by teenage stoners.",neither,0.043041999120578864,0.35844379173500795,0.5985142091444131
I’m guessing there must have been an update to the twitch mobile app.,neither,0.04246088187914482,0.29580874276963237,0.6617303753512229
Should be $3,neither,0.07228603383810948,0.4301602019593349,0.49755376420255554
70 is as much as a lot of other AAA games...,neither,0.039070795422256596,0.37446406189290926,0.5864651426848342
mikebWTF,neither,0.03945320844208391,0.33037608806864915,0.630170703489267
LOL it a piece of cardboard,neither,0.031731210926927426,0.3785315213886149,0.5897372676844577
70 bucks... for cardboard people!?,neither,0.0534124192019872,0.3075432631909017,0.6390443176071111
More like $10 for some bloody cardboard,neither,0.03688325014954024,0.32152126992678753,0.6415954799236723
$70 for some precut cardboard? That's a fucking steal.,offensive_language,0.07460354699583774,0.9072566481741845,0.018139804829977818
"It's completely consumerist and disposable.. you're gonna break that shit in like 4 hours and if you LIKE it, you'll have to buy more cardboard.",offensive_language,0.0871799622581554,0.8617789050266663,0.05104113271517824
did i miss crit role?,neither,0.03273929153649047,0.33268531196318774,0.6345753965003218
it's expensive because it comes with games,neither,0.029340934938066998,0.35944745340317025,0.6112116116587627
They should make it cheaper so people won't get the rip offs,neither,0.06332307714956718,0.3732434384943046,0.5634334843561283
not just cardbnoard,neither,0.027940583400791495,0.3864789147676597,0.5855805018315489
exactly,neither,0.03945320844208391,0.33037608806864915,0.630170703489267
doesn't the 70 bucks include the game?,neither,0.037980665056625035,0.2835172641291166,0.6785020708142584
its BLOODY PAPER,neither,0.03370673917256818,0.33235256235824634,0.6339406984691854
even if it gets wrecked you can always just grab any cardboard box and cut out the shapes,neither,0.029801833368116707,0.40147396749493747,0.5687241991369458
70 dollars for something that can be destroyed by a glass of water.....,neither,0.034787410550919426,0.3596065591130624,0.6056060303360182
!wheniscr,neither,0.03945320844208391,0.33037608806864915,0.630170703489267
,neither,0.03945320844208391,0.33037608806864915,0.630170703489267
Crit role is next,neither,0.047803133431183545,0.3413513112409703,0.6108455553278461
"Critical Role is on at 7 PM PST on Thursdays, it is currently 5:42 PM PST on Thursday. There is 1 Hours, 17 Minutes, 24 Seconds until the next episode of Critical Role. This command has been run 704 times but has probably been asked about way more.",neither,0.04094742143329865,0.34416426939524714,0.6148883091714543
I'll buy THAT for a dollar...,neither,0.03056599767792986,0.3413641549704327,0.6280698473516373
when is critical role?\,neither,0.036731799512772056,0.3718062288360914,0.5914619716511365
no icy it starts in 20 minutes,neither,0.03784756272287802,0.34085988153821495,0.621292555738907
"@IcyWidowMaker no, critrole is on in an hour and a half",neither,0.04268596835819866,0.3120589826784421,0.6452550489633593
Doesn't that include the game and the cardboard and then it is 10 dollars for each cardboard set,neither,0.03677018217146188,0.27805608052722963,0.6851737373013084
wait wrong saying,neither,0.030552320572811795,0.33343751156246815,0.6360101678647202
Does it come with the 60 dollar game?,neither,0.02109948967388651,0.4265710144983909,0.5523294958277226
7pst,neither,0.03945320844208391,0.33037608806864915,0.630170703489267
Its a 70 dollar pizza box,neither,0.0350598547536367,0.3318871638619867,0.6330529813843767
hi superleeo,neither,0.03945320844208391,0.33037608806864915,0.630170703489267
10est,neither,0.03945320844208391,0.33037608806864915,0.630170703489267
Nintendo is getting away with highway robbery.,neither,0.03511288028674989,0.3802105106737008,0.5846766090395492
,neither,0.03945320844208391,0.33037608806864915,0.630170703489267
No jess none of this should be made,neither,0.04866988728661135,0.37479623353723746,0.5765338791761513
@MisterLoggans yes,neither,0.03945320844208391,0.33037608806864915,0.630170703489267
woohoo,neither,0.03945320844208391,0.33037608806864915,0.630170703489267
Dad sees it on floor chucks it in the recycling,neither,0.0357026552763809,0.3291808317957639,0.6351165129278552
Save all the money and don't buy any video games. Let's get a real fishing pole and go catch dinner.,neither,0.03082883190670038,0.3486078219250917,0.6205633461682079
