text,top_class,hate_speech,offensive_language,neither
1 min lore of datksouls GO!,neither,0.04088012455037747,0.3353303597285711,0.6237895157210515
!wtfisthis,neither,0.03945320844208391,0.33037608806864915,0.630170703489267
"crthemighty Exactly 6 days, 23 hours and 45 minutes ago :-D",neither,0.03896451982614188,0.30657098732889926,0.6544644928449589
"say hi, danoba!",neither,0.03945320844208391,0.33037608806864915,0.630170703489267
!whenthedicecomeout,neither,0.03945320844208391,0.33037608806864915,0.630170703489267
!schedule,neither,0.03945320844208391,0.33037608806864915,0.630170703489267
sun es gud,neither,0.03945320844208391,0.33037608806864915,0.630170703489267
Wowow,neither,0.03945320844208391,0.33037608806864915,0.630170703489267
gandsClassic gandsRaid gandsNatTwenty gandsRyanHype gandsPitCrew,neither,0.03945320844208391,0.33037608806864915,0.630170703489267
end,neither,0.03945320844208391,0.33037608806864915,0.630170703489267
is there audio,neither,0.04801959467007171,0.2839386532701362,0.6680417520597921
oh nm,neither,0.051363287716059566,0.22255663153133606,0.7260800807526044
wooo!,neither,0.03945320844208391,0.33037608806864915,0.630170703489267
ooooo,neither,0.03945320844208391,0.33037608806864915,0.630170703489267
Lore me All Star Sempai!,offensive_language,0.031790032332558,0.48418576237291044,0.4840242052945316
!schedule,neither,0.03945320844208391,0.33037608806864915,0.630170703489267
Current Schedule ( as of January 2018 ): https://i.imgur.com/EuFvhG6.jpg - more info about shows at: https://geekandsundry.com/twitch/,neither,0.03843932231257516,0.3598029921411911,0.6017576855462338
I can't afford sub ;( and I broke prime subs,neither,0.03909490581086517,0.3017978349700948,0.6591072592190401
Great animation.,neither,0.03629809395026052,0.28705760395740076,0.6766443020923386
nice,neither,0.03945320844208391,0.33037608806864915,0.630170703489267
Best intro,neither,0.03849321189567543,0.3223372005843162,0.6391695875200085
Out of key tho,neither,0.030947133766272405,0.35787377545214805,0.6111790907815796
tessWAVE ryan tessWAVE katers,neither,0.03945320844208391,0.33037608806864915,0.630170703489267
Ohai Ryan &b Kate,neither,0.03945320844208391,0.33037608806864915,0.630170703489267
"@GeekandSundry Oh yeah, nice. I'm currently in game on ESO.",neither,0.029109054419950466,0.3547332560915895,0.61615768948846
yeah woo elder scrolls!!! i heart elder scrolls,neither,0.03038344189615713,0.3900260852417014,0.5795904728621414
@mlgesus5183 are you kidding? They get to have the most fun! Low rumble notes and high warbley ones! *theory is not my strong suit*,neither,0.05486894697967901,0.3864487123427752,0.5586823406775459
"ordering pizza, delivering to my truck and watching GnS.....lifes good",neither,0.03539813207145858,0.3525360642858165,0.6120658036427249
"Oh, Ryan! Looking very nice in that red ensemble!",neither,0.040135316080313954,0.32373871652640485,0.6361259673932813
Fus Ro Lore!,neither,0.03945320844208391,0.33037608806864915,0.630170703489267
Need to know where he got that snazzy outfit.,neither,0.04710251908347724,0.3722881659521669,0.5806093149643559
no,neither,0.036918905254960256,0.37338982715841207,0.5896912675866277
HAHA,neither,0.03186685585600258,0.45913629025701075,0.5089968538869867
gandsRyanHype gandsRyanHype gandsRyanHype gandsRyanHype,neither,0.03945320844208391,0.33037608806864915,0.630170703489267
Fus Ro Lore is great.,neither,0.04557869218621507,0.30268284104521176,0.6517384667685732
Ryan talking elder scrolls is one of my faourite things. That passion is so wonderful,neither,0.03824718243386188,0.43520335209741395,0.526549465468724
"I own Oblivion, but I've never played it, but I have over 1000 hours in Skyrim -_-",neither,0.02854901444494431,0.3536212546126457,0.61782973094241
@John_Sparks_Jr Dont make me say no to you 2,neither,0.05564842377461213,0.44327504618156016,0.5010765300438279
Sell it Kate!,neither,0.03806994317008041,0.33085185642615367,0.6310782004037659
!whodat,neither,0.03945320844208391,0.33037608806864915,0.630170703489267
"Ryan Green ( twitter.com/HydroSnail ), Kate Elliot ( twitter.com/KatersTweets ).",neither,0.03935003291546075,0.43338051948955325,0.5272694475949861
Kate week gandsSubHype,neither,0.03945320844208391,0.33037608806864915,0.630170703489267
"i failed napping again >,< overdose of hype",neither,0.037817147173533995,0.3581443175756103,0.6040385352508558
"@Shippygem I would say go play, but it has aged like milk.",neither,0.043592156842561305,0.34246895192324633,0.6139388912341924
I have all of them but skyrim at 2 frames per minute isn't fun,neither,0.04548752270258249,0.39415405849223856,0.5603584188051791
when did katers hair get so long?,neither,0.029427344956111153,0.4266658778392126,0.5439067772046763
"Hi Kate, have you recovered from Asinine Wisdom?",neither,0.05157548383046181,0.3570903401644703,0.5913341760050679
"@FluffyShankman Ohhh wrong choice, I rebel SO HARD against ""no"". XD",offensive_language,0.03313298576196783,0.5137617310924396,0.4531052831455925
hrpgSub hrpgHyperHype gandsSubHype,neither,0.03945320844208391,0.33037608806864915,0.630170703489267
Ryan's legs have no skin.,neither,0.03833085124004516,0.34942541890613404,0.6122437298538208
how many pants does Ryan have on :-),neither,0.026890821642658255,0.4433279286315244,0.5297812497258174
Nice to see Kate again.,neither,0.043484226810512866,0.3535422693670683,0.602973503822419
"If Ryan gets deep intioo the topic he´s talking about during Lore Masters, he forgets everythiing around him.... including handing out swords :-P",neither,0.03253737884995412,0.36458477658664945,0.6028778445633964
Morrowind was incredible.,neither,0.03930071257720866,0.3329643408780758,0.6277349465447155
ahhh whats wrong with that guys knee?,neither,0.02986740960754629,0.38328930391238036,0.5868432864800734
@chaoticloony I don't think anyone ever recovers from that show,neither,0.051115161949383675,0.2734799330259783,0.675404905024638
When does Vox Machina get on?,offensive_language,0.014344601902543183,0.5335381906617859,0.4521172074356709
"What's with his leg? Is that a tattoo or part of the pants, or his he a burn victim",neither,0.0704281668216827,0.3091887941169463,0.620383039061371
"@GeekandSundry QUESTION: Ryan, are you wearing muscle fiber leggings under your jeans?",neither,0.08863821470171515,0.32253260578118864,0.5888291795170962
@John_Sparks_Jr NOOOOOOOO,neither,0.03945320844208391,0.33037608806864915,0.630170703489267
@VermillionCrimson the graphics hurt me physically :(,neither,0.031997404866860694,0.3514422358806448,0.6165603592524945
tusedays,neither,0.03945320844208391,0.33037608806864915,0.630170703489267
i played all eldersccrolls but didn't like skyrim felt too grey,neither,0.034393081172737115,0.42078523012726066,0.5448216887000022
Critical role is at 7 est or 7 pst??,neither,0.045705586244695326,0.34856448130567314,0.6057299324496316
@shidareAKI It will have to happen sometime!,neither,0.044691230680849355,0.3145226290939022,0.6407861402252485
unpopular opinion: i liked oblivion more than morrowind,neither,0.04072766752026219,0.3285348330753064,0.6307374994044314
woa,neither,0.03945320844208391,0.33037608806864915,0.630170703489267
@mojiquee Pants,neither,0.03945320844208391,0.33037608806864915,0.630170703489267
pst,neither,0.03945320844208391,0.33037608806864915,0.630170703489267
Is he a cyborgg,neither,0.0817087036342036,0.3158424856208871,0.6024488107449093
"I've played Morrowind for a hundred hours or so, Skyrim for nearly 600 and Oblivion for about 2... >_>",neither,0.021961515064465923,0.30043189507529033,0.6776065898602437
@zismarith I was thinking the same thing,neither,0.039236739598682124,0.3230784316024004,0.6376848287989174
@chaoticloony i think katers rattled daryll and jake more,neither,0.041056832544821696,0.2698005939770973,0.689142573478081
@chaoticloony your hope is endearing,neither,0.1504086444566843,0.2015486716708048,0.6480426838725108
@AvengerOfTheFallen7a its at 10 eastern,neither,0.0332395484650171,0.3546469046124014,0.6121135469225815
@Shippygem You should see it on console. It looks waaaaaaaay worse.,neither,0.06648835620116195,0.30232844457304664,0.6311831992257915
"@FluffyShankman Would you prefer ""Fus Ro Lor""?",neither,0.05034278924176257,0.35859786897917034,0.5910593417790672
Re hrpgSub hrpgHyperHype gandsSubHype,neither,0.10802165902134243,0.2484119200751343,0.6435664209035233
@crthemighty same,neither,0.04148851938089603,0.3488915597363099,0.609619920882794
Arena was fantastic for its day.,neither,0.03120483056005706,0.30064896495908533,0.6681462044808577
Well it's 7pm here in Canada and I'm not seeing notin,neither,0.06398790187040015,0.2840550068403038,0.651957091289296
"@VermillionCrimson yeah, I have the 360 version D:",neither,0.025861606499325666,0.4107931318823395,0.5633452616183346
Im back for the Elder Scrolls Redux episode... WOOHOO! :D,neither,0.034396281169326894,0.32111717263662826,0.6444865461940449
arena is butt friggin HARD,offensive_language,0.040319128992232854,0.5303243737018432,0.429356497305924
"arena: 800 hours, daggerfell: 1000 hours, morrowind: 5K hours, oblivion: 200 hours, skyrim: 1000+ hours",neither,0.03945320844208391,0.33037608806864915,0.630170703489267
"I´ll get Skyrim (again) soon... got Move Controllers for my PS4 for Xmas, especially with the plan to get r Skyrim VR later on",neither,0.027373422240598914,0.38094131119662267,0.5916852665627784
crit is in about 3 hours,neither,0.04755074182508051,0.35978566910608467,0.5926635890688348
Can't get the earlier games to work on current comp...,neither,0.041191204302421076,0.32852925895280366,0.6302795367447753
http://www.wheniscriticalrole.com/ <<< Countdown clock for live Critical Role.,neither,0.03668550719629545,0.25214530600978885,0.7111691867939156
I wonder how much Ryan is gonna dig into the ESO lore.,neither,0.0403705511062094,0.34736390731546013,0.6122655415783306
"I loved Arena and Daggerfall, the rest aren't fun to me!",neither,0.03757131474054034,0.31731399609621774,0.6451146891632419
"first game i ever put 100+ hours in, single player wise, was Oblivion. First time i played an RPG through",neither,0.03004427847587786,0.3658619708679958,0.6040937506561262
Really? The mod community made Morrowind awesome and for me was so much more immersive than the later games.,neither,0.029892746553256536,0.3210193749903231,0.6490878784564204
I love Kate's accent,neither,0.03697229417672808,0.34188237582558106,0.6211453299976909
I started with Morrowind pre expansion myself.,neither,0.029698208897182516,0.36400509813307036,0.6062966929697471
I'm getting a switch soon,neither,0.03546023283061966,0.3981473050311482,0.5663924621382321
Because White Gold Tower gets beyond fucked in ESO.,offensive_language,0.2625065668314881,0.6511218548761012,0.08637157829241075
i'm playing skyrim right now eyyyyy,neither,0.03861583966490826,0.3467178367018686,0.6146663236332232
hrpgSub hrpgHyperHype gandsSubHype,neither,0.03945320844208391,0.33037608806864915,0.630170703489267
Most games were back then. loosing was part of the experience.,neither,0.03903503723999249,0.3090478302414407,0.6519171325185666
"Skyrim: modding 100 hours, playtime before the game breaks from mods, 5 minutes.",neither,0.03707188902616567,0.3240402998227445,0.6388878111510898
"If you're bad at modding, yes",neither,0.04583802432641015,0.4498043935002153,0.5043575821733746
Yeah I've done the intro thing a few times too...,neither,0.017149399696039312,0.3876508721118346,0.5951997281921261
but do you have the Morrowind Tribunal necklace? I DO! :D,neither,0.05563512300205178,0.38273139842725573,0.5616334785706926
Did his pants used to be an adventurer until it caught an arrow in the knee?,neither,0.05509664535515173,0.3176079627144211,0.627295391930427
@Phillipvk if you still do not see Loremasters streaming refresh,neither,0.03467655532821553,0.4156081211342048,0.5497153235375797
"I liked The Elder Scrolls games a lot, and Skyrim was my favorite... I played all of them though. However, then The Witcher 3 came out and I can no longer go back to them and be impressed. TW3 owns every TES for me and practically makes them unplayable.",neither,0.04279432708200739,0.3221822163643286,0.635023456553664
ITs going to take me a good long while to get used to the new Characters on Crtiical Roll,neither,0.04045327214212139,0.3154646139491493,0.6440821139087293
Screw the menu music. The music the NPCs play is amazing.,neither,0.042285711497754744,0.3034591739635845,0.6542551145386608
"Morrowind, Oblivion, Skyrim, even ESO a few times.",neither,0.03882668971655629,0.3410097459244332,0.6201635643590105
@JoostZonderAvatar everybody's gotta have a style,neither,0.03725220556282112,0.3677328510895242,0.5950149433476547
never really liked roll playing games or single player games,neither,0.034413562127232636,0.4021659093666817,0.5634205285060856
Daggerfall & beyond for me,neither,0.025284684323026163,0.3415431450999246,0.6331721705770493
Same... I once set Fraps to take an image every second and then just looked upwards in skyrim... .ending in a time lapse of Tamriels nightsjy....,neither,0.03980529500131413,0.3294115203626393,0.6307831846360465
Re hrpgSub hrpgHyperHype gandsSubHype,neither,0.10802165902134243,0.2484119200751343,0.6435664209035233
We have a subscriber-only Discord server! Join here: https://discord.gg/geekandsundry (you'll need to sub and link it to your Twitch) and be a part of the fun!...Warning: It can take up to an hour for the server to update and give you access to the channels,neither,0.08464076273808444,0.286394834032893,0.6289644032290227
obviously as all elderscrolls ost is made by jeremy soule who also did the dungeon siege ost,neither,0.044840736226093574,0.45667004079100254,0.498489222982904
morrowind was the game that made me a gamer,neither,0.029775179997707648,0.35053518192319016,0.6196896380791023
I've been playing skyrim the past 3 days straight while I've been sick. playing it right now,neither,0.01965749092868687,0.31995233170497467,0.6603901773663384
"i bought skyrim, played 8 hours and forgot i owned it for a bit after i started playing wow again. stupid wow",neither,0.06082465127643223,0.2665133244615202,0.6726620242620476
What's up with his knees/pants?,neither,0.05091139350374207,0.40790008513745024,0.5411885213588077
Malukah.,neither,0.03945320844208391,0.33037608806864915,0.630170703489267
"""sovengard"" is the best song from skyrim, fite me",neither,0.03857643209714093,0.3321772003173713,0.6292463675854878
hrpgSub hrpgHyperHype gandsSubHype,neither,0.03945320844208391,0.33037608806864915,0.630170703489267
"I just started playing Skyrim a few months ago, and it's one of the first games I've ever played. I'm glad I started there. I'm constantly taken aback by how gorgeous it is.",neither,0.0275972406492985,0.32195598362932093,0.6504467757213805
they are attack on titan pants i think @Neosop,neither,0.05947040302192615,0.2938447327215578,0.6466848642565161
gandsFail,neither,0.03945320844208391,0.33037608806864915,0.630170703489267
"@xEpicShowx you're right, not to take away from this show",neither,0.11038561362571804,0.25364268840923043,0.6359716979650515
The young lady with the guitar alone does an amazing job on a few songs.,neither,0.024550419056590948,0.42621789384395287,0.5492316870994561
"I've got the Skyrim soundtrack (signed by Jeremy Soule). Amazing, otherworldly",neither,0.02592100520650727,0.35723086701955625,0.6168481277739364
"Help G&S make great content! $4.99/month gets you emotes, Minecraft server access, Sub Only VODs, and more! Every sub keeps the channel alive! twitch.tv/geekandsundry/subscribe",neither,0.043907990691603095,0.31135964332838284,0.644732365980014
I have not played Skyrim.*hands over geek card*,neither,0.03662266920781594,0.33962723155557256,0.6237500992366115
"oooh, elder scrolls lore",neither,0.03945320844208391,0.33037608806864915,0.630170703489267
"If you don’t sit in the dark listening to the Skyrim soundtrack in your room, are you really living?",neither,0.07890447332707162,0.35529173679529263,0.5658037898776358
"I've seen that vid, I love it",neither,0.017277265917383856,0.35846170805759275,0.6242610260250233
We need a !dapper command for Ryan @danoba,neither,0.03306554159944699,0.301343232588969,0.665591225811584
Minecraft is the only game i actually have the sound on for!,neither,0.03677770434651743,0.27258866215960065,0.690633633493882
OMG TES :D,neither,0.03945320844208391,0.33037608806864915,0.630170703489267
@TheLurkingWriter #NotThatJelly,neither,0.03945320844208391,0.33037608806864915,0.630170703489267
Even the first Elder Scrolls game came out well after I was playing RPGs. My first RPGs were Ultima and Wizardry and gold box D&D. And my first console RPG was Dragon Warrior on NES.,neither,0.024828548072516585,0.33740610638026264,0.6377653455472209
Sabina Zvaiaker,neither,0.03945320844208391,0.33037608806864915,0.630170703489267
"The Skyrim OST is epic to walk to, I'm walking to the store EPICALLY",neither,0.07718325454523174,0.2963697268405848,0.6264470186141835
So much energy. just kiss already lol,neither,0.02726732998201814,0.43850806806686476,0.5342246019511172
"I had Malukahs song as a replacement for the main title screen for a long tiome... had to reinstall and unfortunatelly lost it, butt Peter Hollens version is a good replacementz too",neither,0.038898046696489094,0.3119325978823034,0.6491693554212075
"@shidareAKI Good idea, what should that say?>",neither,0.0526507125716084,0.40468892239948184,0.5426603650289097
my first RPG was sword of vermillion on the megadrive followed by phantasy star,neither,0.026455328254302073,0.4179265491676561,0.5556181225780419
@Zismarith It cost a fair penny (international shipping is *not* cheap)... but it was so worth it,neither,0.03862235585587881,0.3605080746664207,0.6008695694777005
Look up Maluhka on YouTube. She does great renditions of the songs.,neither,0.02621547650685142,0.4851196604362253,0.48866486305692325
Isn't it Thuum?,neither,0.0371157565344616,0.3311800449649461,0.6317041985005923
,neither,0.03945320844208391,0.33037608806864915,0.630170703489267
Planescape Torment is still my favorite computer RPG of all time!,offensive_language,0.03518389363205345,0.48616709035219285,0.47864901601575377
Sword of Vermillion is well regarded.,neither,0.04779865474669948,0.3275057063990232,0.6246956388542773
the language of the Dragons? Thu'um?,neither,0.03818956110167362,0.3070036087095603,0.6548068301887661
did they mention Mallukah? She sings very well and did some pretty nice Skyrim covers,neither,0.035674858724607794,0.35471210829482497,0.6096130329805672
@terrocast ik right,neither,0.03823949309672596,0.3540459682681389,0.6077145386351352
"Ryan Green has a unique style all his own. We can't always explain it, but rest assured, he's always going to look dapper AF.",neither,0.06659971876757347,0.40271519875690504,0.5306850824755214
Re hrpgSub hrpgHyperHype gandsSubHype,neither,0.10802165902134243,0.2484119200751343,0.6435664209035233
hrpgSub hrpgHyperHype gandsSubHype,neither,0.03945320844208391,0.33037608806864915,0.630170703489267
@Yamifira I can still hear the Sword of Vermillion scream/yell in my head.,neither,0.030900580321343858,0.3931845797821543,0.5759148398965019
"how does that sound, @Danoba",offensive_language,0.02233532745562622,0.49743645742416526,0.48022821512020847
"thuum is just the word for ""voice"" @Klony99",neither,0.035598334801237246,0.3054446217766405,0.6589570434221224
@LorinatiDC that snazzy reggeabit theme for villages is my wakeup alarm,neither,0.0286294818835958,0.4011410807833331,0.5702294373330712
I love Miracle Of Sound's ES songs,neither,0.03710011908892443,0.34127616910185277,0.6216237118092229
hey,neither,0.03945320844208391,0.33037608806864915,0.630170703489267
"@chaoticloony yeah, I love Planescape Torment, and I was a backer for the spiritual successor, Torment: Tides of Numinera.",neither,0.02047447400017964,0.3694267428281462,0.6100987831716742
lol,neither,0.020706217963973744,0.4882283491876925,0.4910654328483337
!dapper,neither,0.03945320844208391,0.33037608806864915,0.630170703489267
hey sorry im new here,neither,0.09236165887448097,0.23719155297598835,0.6704467881495305
Hi @poptart2015,neither,0.03945320844208391,0.33037608806864915,0.630170703489267
Su'um ahrk Morah,neither,0.03945320844208391,0.33037608806864915,0.630170703489267
He did a song with Malukah called Legends Of The Frost - incredible,neither,0.03475776758108885,0.3461460914987792,0.6190961409201321
Hmm...,neither,0.03945320844208391,0.33037608806864915,0.630170703489267
"Dovahzul is the dragon language, 'Thu'um' means 'shout'.",neither,0.04414713111684664,0.31772768947481006,0.6381251794083433
@Iwillgotohell2 Malukah is awesome.,neither,0.051604876223397336,0.3261965722966076,0.622198551479995
is critical role gonna be on later?,neither,0.042626012434181515,0.37699629556951986,0.5803776919962985
http://www.wheniscriticalrole.com/ <<< Countdown clock for live Critical Role.,neither,0.03668550719629545,0.25214530600978885,0.7111691867939156
One of my favorite guitar renditions of Sons of Skyrim is from a YouTuber named SBeast.,neither,0.03698931117749616,0.3823389104959837,0.5806717783265202
@Klony99 she is,offensive_language,0.06838151157248105,0.5467478077670651,0.384870680660454
Oh boy it's thursday and I have to go to bed early... Fuck me.,offensive_language,0.17509452386187888,0.7947453928561768,0.03016008328194439
Hi @Crazestrike CR is at 7pm pst,neither,0.044706615284323944,0.345857709956038,0.6094356747596382
"cue all the ""when is CR?"" comments...",neither,0.037705727291925964,0.39807683102512353,0.5642174416829504
The world needs more Kate Elliotts.,neither,0.040245978525881625,0.30847025187718585,0.6512837695969327
im in the uk,neither,0.03746886549026079,0.34839229863236054,0.6141388358773788
@Danoba we could slowly add more to it and let it become absolutely ridiculous,neither,0.03273340506236921,0.32025601381950175,0.647010581118129
so im not sure what that means lol,offensive_language,0.028822271322876222,0.5637751061496875,0.40740262252743636
Re hrpgSub hrpgHyperHype gandsSubHype,neither,0.10802165902134243,0.2484119200751343,0.6435664209035233
Morrowind was WORTH it.,neither,0.03736769388346506,0.3338429148988872,0.6287893912176477
!dapper,neither,0.03945320844208391,0.33037608806864915,0.630170703489267
red mountain had the heart of a dead god underneath it,neither,0.037727729337500654,0.3183502992100234,0.6439219714524759
darksouls is easy compared to morrowind,neither,0.055839364152700695,0.32311391260980116,0.6210467232374981
@Crazestrike CR starts at 3am for us (I'm in the UK too),neither,0.05413754147138114,0.31639124333222557,0.6294712151963934
Morrowind has a graphics and audio complete overhaul that makes it look almost as good as skyrim,neither,0.03517164629462232,0.3620144780644461,0.6028138756409316
Jonathan Young has a GREAT Metal cover of Skyrim’s theme,neither,0.0369583063580547,0.3402161559967098,0.6228255376452355
as long as you have a good enough pc,neither,0.04592903998597154,0.41534779296072244,0.5387231670533061
hrpgSub hrpgHyperHype gandsSubHype x2,neither,0.03945320844208391,0.33037608806864915,0.630170703489267
damn this single shoulder jacket thing is a great look for her,offensive_language,0.03760238883316881,0.6925017557423175,0.26989585542451366
morrowind is best wind,neither,0.047905984476088855,0.3186395605452244,0.6334544549786868
"@shidareAKI Well Nightbot just isn't cooperating right now but yes, we can totally do that.",neither,0.0322851052352522,0.3890240118821247,0.578690882882623
thanks @TheLurkingWriter,neither,0.035884468650613,0.3004919205142699,0.6636236108351171
how long before critical role starts?,neither,0.036736792065618654,0.3727272934819012,0.5905359144524802
Want the inside scoop? Join the cast of Critical Role and discuss this episode right here on Talks Machina. Tuesdays 7pm Pacific at twitch.tv/geekandsundry and projectalpha.com,neither,0.04630302093207864,0.22484473131932575,0.7288522477485957
"what is that mod, skywind? where they remade it with better graphics",neither,0.03654884293023463,0.3736012511670224,0.589849905902743
Re hrpgSub hrpgHyperHype gandsSubHype,neither,0.10802165902134243,0.2484119200751343,0.6435664209035233
@Crazestrike No probs :-),neither,0.038465455673613855,0.34714083037889465,0.6143937139474915
Modern people are just too spoiled. I remember the vanilla wow questlog... We had to look up quests after we tried for 4 hours...,neither,0.06011831724909375,0.32129970342411757,0.6185819793267886
http://www.wheniscriticalrole.com/ <<< Countdown clock for live Critical Role. @CripShot,neither,0.03668550719629545,0.25214530600978885,0.7111691867939156
skywind it is,neither,0.059603583318096655,0.32344545014120724,0.616950966540696
Morrowind is the best!,neither,0.05135998456280659,0.2889087219359037,0.6597312935012896
did not think skywind was completed yet,neither,0.03871714175439302,0.32878649125935233,0.6324963669862547
We had to thottbott that stuff!,neither,0.042054606650944376,0.3742295489908816,0.583715844358174
If we're lucky we'll get the Skywind mod that recreates Morrowind in the Skyrim engine.,neither,0.03342877068039316,0.3581385984127096,0.6084326309068973
"@Danoba it's never a good sign when Nightbutt decides to go on strike, eesh.",neither,0.03215229395360368,0.39617195855186654,0.5716757474945299
@brunakq yes it is,neither,0.0504428408951861,0.3265962495318096,0.6229609095730043
Morrowind kicked SO much ass on atmosphere.,offensive_language,0.08798765583385272,0.8991311839291393,0.012881160237007977
Yeah SkyWind is far from being done.,neither,0.02696051912437967,0.4429414058686334,0.5300980750069869
that reminds me a lot of BOTW,neither,0.029285209303733042,0.40671281255570924,0.5640019781405577
Its called Morrowind Overhaul 3.0,neither,0.030527332019740477,0.33344610627173443,0.636026561708525
also for skyrim players: check out beyond skyrim: bruma and moonpath to elsweyr two of my favourite mods both uptodate for special edition,neither,0.04058813994070524,0.3191060806447228,0.6403057794145719
PEOPLE CR WILL START LATER OK,neither,0.0626188032567288,0.3111001096170539,0.6262810871262173
Wasn't SkyWind thrown back a lot due to... Stuff?,neither,0.043983020906844375,0.32770235688597366,0.6283146222071819
!dapper,neither,0.03945320844208391,0.33037608806864915,0.630170703489267
"Ryan Green has a unique style all his own. We can't always explain it, but rest assured, he's always going to look dapper AF.",neither,0.06659971876757347,0.40271519875690504,0.5306850824755214
you can doom your world in morrowind,neither,0.14130724722789784,0.37349368002719696,0.4851990727449051
Re hrpgSub hrpgHyperHype gandsSubHype,neither,0.10802165902134243,0.2484119200751343,0.6435664209035233
@shidareAKI There we go.,neither,0.04083933629015207,0.27628362646603744,0.6828770372438104
hrpgSub hrpgHyperHype gandsSubHype,neither,0.03945320844208391,0.33037608806864915,0.630170703489267
yaaaay,neither,0.03945320844208391,0.33037608806864915,0.630170703489267
Snow-Throat,neither,0.10233742326836803,0.31348949504287577,0.5841730816887563
"That's the name of the tower, Snow-Throat.",neither,0.0677440119193195,0.32848215405003917,0.6037738340306414
i thought it was 2012,neither,0.04099298590595452,0.23389256940268438,0.7251144446913612
welp,neither,0.03945320844208391,0.33037608806864915,0.630170703489267
"the throat of the world is a mountain, not a tower",neither,0.07708458372404621,0.30192105608839004,0.6209943601875637
skyrimn has also come out every few years since release so really you have no excuse to have no played skyrim by this time,neither,0.04487009223647017,0.4333446181844633,0.5217852895790666
Sorry Ryan but Switch users are new to it ;),neither,0.05981105364841983,0.24715187784791207,0.6930370685036682
high hrothgar is the ground level of a tower that once was there but the war of dragons broke it,neither,0.036448499614035706,0.35810863759069567,0.6054428627952687
