text,top_class,hate_speech,offensive_language,neither
you do not touch the big red button,neither,0.03540007731035903,0.4023290740838729,0.5622708486057681
what time period is this set in?,neither,0.051253164524605335,0.3428939245726258,0.6058529109027689
the big red candy-like button?,neither,0.03217676339545299,0.3784180090170967,0.5894052275874503
CANNIBAL ROMULANS?,neither,0.03945320844208391,0.33037608806864915,0.630170703489267
hrpgSub hrpgHyperHype gandsSubHype,neither,0.03945320844208391,0.33037608806864915,0.630170703489267
"Oh good, G&S is running behind too!",neither,0.051239488198737866,0.2871294711282632,0.6616310406729989
ERIC; NO,neither,0.03841525844964217,0.3479928082740095,0.6135919332763483
LOLO,neither,0.03945320844208391,0.33037608806864915,0.630170703489267
!sotwiki,neither,0.03945320844208391,0.33037608806864915,0.630170703489267
"Go on an adventure, and explore the Shield of Tomorrow Wiki! - http://shield-of-tomorrow.wikia.com/wiki/Shield_of_Tomorrow_Wiki",neither,0.03697831220660964,0.2705621833882883,0.692459504405102
So much love for Eric's cold opens.,neither,0.030762395759227384,0.3487263406748552,0.6205112635659176
hailing frequencies open!,neither,0.03945320844208391,0.33037608806864915,0.630170703489267
I love Eric's TBD opens,neither,0.03689481170726399,0.34225055875245886,0.620854629540277
hi,neither,0.03945320844208391,0.33037608806864915,0.630170703489267
@CowIevel well now its also livestreamed on youtube so it becomes a VOD there now,neither,0.033114432370293746,0.3406016927374256,0.6262838748922808
!sotauxdiscord,neither,0.03945320844208391,0.33037608806864915,0.630170703489267
USS Sally Ride Aux Crew Discord: https://discord.gg/zxt2TeH,neither,0.03945320844208391,0.33037608806864915,0.630170703489267
hrpgSub hrpgHyperHype gandsSubHype,neither,0.03945320844208391,0.33037608806864915,0.630170703489267
"Help G&S make great content! $4.99/month gets you emotes, Minecraft server access, Sub Only VODs, and more! Every sub keeps the channel alive! twitch.tv/geekandsundry/subscribe",neither,0.043907990691603095,0.31135964332838284,0.644732365980014
Hi @CatsantaHat,neither,0.03945320844208391,0.33037608806864915,0.630170703489267
@CowIevel but yeah pretty much,neither,0.01801501839192323,0.45809687535694416,0.5238881062511326
"Oh good, I didn't know who this was :P",neither,0.029360251087655616,0.39355169259614264,0.5770880563162016
time is an illusion,neither,0.05177197153594002,0.3479903233660409,0.6002377050980191
hrpgSub hrpgHyperHype gandsSubHype,neither,0.03945320844208391,0.33037608806864915,0.630170703489267
"@jerrodowex ah, alright.",neither,0.03945320844208391,0.33037608806864915,0.630170703489267
But Travis isn't here,neither,0.07601096041366932,0.30536646730414746,0.6186225722821832
Thanks,neither,0.035884468650613,0.3004919205142699,0.6636236108351171
@meaningofnightt yeah but I /still/ have the Sailor Moon theme song in my head from that one cold open,neither,0.022728905475575593,0.4662394984547326,0.5110315960696917
"We forgive you, Eric.",neither,0.053902205569689755,0.3742632534662211,0.5718345409640891
!rbschedule,neither,0.03945320844208391,0.33037608806864915,0.630170703489267
Find the unfinished rebroadcast schedule for the weekend here: http://bit.ly/WeekRebroadcast,neither,0.05904738035105781,0.17020024858160615,0.7707523710673361
"@Science112095 Lunch-time, doubly so",neither,0.03794850396570622,0.40943391087928815,0.5526175851550056
You're two minutes late?! throw them out of an airlock!,neither,0.07929473542612782,0.335170527013404,0.5855347375604683
only a few announcements? get Laura Bailey done here,neither,0.07228821734631226,0.31784821465324725,0.6098635680004405
My friend might go on her soon!,offensive_language,0.022973399752257796,0.6006170310428975,0.37640956920484453
@gaerfindel1 Travis isn't part of the Shield of Tomorrow RPG!,neither,0.03881579673143839,0.3187982296428952,0.6423859736256664
and do science!,neither,0.04022264373659258,0.28332157423006304,0.6764557820333442
Oh my godddddd that was me,neither,0.025075626955324296,0.4339724694015467,0.540951903643129
Ride Sally Ride!,neither,0.03945320844208391,0.33037608806864915,0.630170703489267
hrpgSub hrpgHyperHype gandsSubHype,neither,0.03945320844208391,0.33037608806864915,0.630170703489267
@LibrarianLizz oooh that's exciting!,neither,0.03628591207697313,0.36471287894786814,0.5990012089751588
^_^,neither,0.03945320844208391,0.33037608806864915,0.630170703489267
!wtfisthis,neither,0.03945320844208391,0.33037608806864915,0.630170703489267
"This is Shield of Tomorrow, join our crew aboard the USS Sally Ride for adventures and exploration in space! Playing the STAR TREK Adventures RPG by Modiphius.",neither,0.03932222945167215,0.30238585689052805,0.6582919136577997
tear it up,neither,0.03466036411781014,0.3962212576000786,0.5691183782821114
the RV Sally Ride has made several posts about tabletop games,neither,0.038098515781267814,0.33290257743244134,0.6289989067862908
Love gift unwraps,neither,0.03581928763498402,0.3474184024552811,0.6167623099097349
It's a package inside a package LOL,neither,0.03076798232989183,0.23507805575122923,0.7341539619188789
@LibrarianLizz ooooh wish her luck from the crew!,neither,0.03182733599860992,0.4816100750785764,0.48656258892281357
"I'm Commander Shepard, and @SkyShep is my favorite Star Trek geek on the Citadel.",neither,0.03433942130298845,0.35198534837165524,0.6136752303253564
hrpgSub hrpgHyperHype gandsSubHype,neither,0.03945320844208391,0.33037608806864915,0.630170703489267
AWWWW,neither,0.03945320844208391,0.33037608806864915,0.630170703489267
The logo next to my name is a new color. What does that mean?,neither,0.03363527658985021,0.42446899958262135,0.5418957238275284
awww,neither,0.03945320844208391,0.33037608806864915,0.630170703489267
"Him, and I will!",neither,0.04007333096842788,0.23810820933061924,0.7218184597009528
OMFGGGG,neither,0.03945320844208391,0.33037608806864915,0.630170703489267
a science vessel? full of scientists? SOMEONE on it must know what Twitch and/or G&S is,neither,0.0559383339113874,0.2997007176552735,0.644360948433339
hrpgSub hrpgHyperHype gandsSubHype,neither,0.03945320844208391,0.33037608806864915,0.630170703489267
Awww! Love it!,neither,0.034842435643605014,0.3456034485224253,0.6195541158339697
aaawww BibleThump,neither,0.03945320844208391,0.33037608806864915,0.630170703489267
have Amy open it for neat package opening,neither,0.03492747455456631,0.31820156307958686,0.6468709623658468
:-),neither,0.03945320844208391,0.33037608806864915,0.630170703489267
That's going on the fridge!,neither,0.030858582613959334,0.3950422773726916,0.574099140013349
@LibrarianLizz I think the ship pronouns confused me lol,neither,0.029460936825067847,0.3760842331416412,0.5944548300332909
@VecnasArmpit change from new sub to 3 months,neither,0.04929512022457145,0.23866446364289023,0.7120404161325384
@VecnasArmpit It changes based on how long you've been a sub.,neither,0.02830097002938066,0.3549265717918686,0.6167724581787508
awww,neither,0.03945320844208391,0.33037608806864915,0.630170703489267
Thanks!,neither,0.035884468650613,0.3004919205142699,0.6636236108351171
@VecnasArmpit you can roll your pointer over the badge to find out you are now a 3-month sub,neither,0.11652759660291996,0.28564723380648943,0.5978251695905906
hrpgSub hrpgHyperHype gandsSubHype x3,neither,0.03945320844208391,0.33037608806864915,0.630170703489267
Afuckindorable,neither,0.03945320844208391,0.33037608806864915,0.630170703489267
:P,neither,0.03945320844208391,0.33037608806864915,0.630170703489267
Talks Trek?,neither,0.03945320844208391,0.33037608806864915,0.630170703489267
the world runs on secrets eric,neither,0.03682829005650524,0.32831067104127026,0.6348610389022246
SoTmas?,neither,0.03945320844208391,0.33037608806864915,0.630170703489267
"Oh no, TOO MANY gifts, this is TRAGIC",neither,0.047982963821306984,0.3081360910739516,0.6438809451047414
A talk show called 10 Forward,neither,0.033868273536774185,0.2707973161034938,0.6953344103597321
the announcement is in the Discord :),neither,0.05252227508022025,0.27245213527504386,0.6750255896447358
hrpgSub hrpgHyperHype gandsSubHype,neither,0.03945320844208391,0.33037608806864915,0.630170703489267
Send MOAR GIFTS,neither,0.03945320844208391,0.33037608806864915,0.630170703489267
Sally Ride is full of secrets,neither,0.06673807438647468,0.3209915715064054,0.6122703541071198
hrpgSub hrpgHyperHype gandsSubHype,neither,0.03945320844208391,0.33037608806864915,0.630170703489267
"The more gifts we send Sam the more gifts Rue gives the crew? That's how this works, right?",neither,0.0379007119623926,0.3289910910746863,0.633108196962921
"Pffft, Xander",neither,0.03945320844208391,0.33037608806864915,0.630170703489267
And who doesn't? :P,neither,0.03888327172592384,0.36077124804912925,0.600345480224947
hrpgSub hrpgHyperHype gandsSubHype x2,neither,0.03945320844208391,0.33037608806864915,0.630170703489267
their tempting fate show are AWESOME!,neither,0.09230121859663155,0.2054584260044257,0.7022403553989427
hrpgSub hrpgHyperHype gandsSubHype x3,neither,0.03945320844208391,0.33037608806864915,0.630170703489267
Sam looks especially great today,neither,0.036993557030065315,0.2947849268470971,0.6682215161228375
common and normal is boring,neither,0.045513242464826804,0.29498614560048503,0.6595006119346882
hrpgSub hrpgHyperHype gandsSubHype,neither,0.03945320844208391,0.33037608806864915,0.630170703489267
I've seen a few Tempting Fates and they are a lot of fun!,neither,0.033315412840184126,0.2556925924090469,0.710991994750769
Exciiiiited,neither,0.03945320844208391,0.33037608806864915,0.630170703489267
"Weird is the normal on this channel, and i approve!",neither,0.04149838581611526,0.3023300329017297,0.656171581282155
I loved what I saw of that Dr. Who Show,neither,0.05281074064865506,0.3491360391256025,0.5980532202257426
"Weekly reminder that Sam is nonbinary and all that, btw.",neither,0.03964456662773038,0.40310624300526743,0.5572491903670023
hrpgSub hrpgHyperHype gandsSubHype,neither,0.03945320844208391,0.33037608806864915,0.630170703489267
they all played different Doctors and it was great,neither,0.03733582894032517,0.33034606982766307,0.6323181012320119
!nonbinary @stargazer1977 there’s a Command for that now!,neither,0.027649928900379598,0.29631012568635623,0.6760399454132642
"Just your weekly reminder that Sam/Junil Rue is non-binary and uses they/them/their pronouns. Non-binary people, such as Sam, do not identify as male or female. For more information about people who identify as non-binary, check out this helpful link: https://goo.gl/yiBWJP",neither,0.05767622204307906,0.37610167259611094,0.56622210536081
ENGAGE! :D,neither,0.03945320844208391,0.33037608806864915,0.630170703489267
!timer,neither,0.03945320844208391,0.33037608806864915,0.630170703489267
We just started,neither,0.03339900597025443,0.36187862205418875,0.6047223719755569
this theme always gets me hyped,neither,0.03293358726820186,0.3987755894426808,0.5682908232891173
"Indeed, just helping the mods out Aki. :)",neither,0.03167091294477248,0.3479934930202503,0.6203355940349772
@vikingeating CR rebroadcast following live broadcasts today.,neither,0.041871128363097934,0.3111956917991174,0.6469331798377846
"Sam: Looks like they will kill you, their character *will* kill you, but they are actually a cinnamon roll.",hate_speech,0.5134722668997403,0.17577044458867028,0.31075728851158935
@stargazer1977 <3,neither,0.03945320844208391,0.33037608806864915,0.630170703489267
You're the pants jammie pijamas.,neither,0.09676355848063956,0.3236968167525174,0.5795396247668431
green blooded hobgoblins you say,neither,0.05629085979069524,0.3484378231875494,0.5952713170217554
"If you're playing the free to play Star Trek Online and are level 40+, you can get free ships today",neither,0.0648314605619968,0.3223821506264036,0.6127863888115995
😂,neither,0.03945320844208391,0.33037608806864915,0.630170703489267
This is the most Concern I have ever had for these characters,neither,0.04431255194758952,0.3424023111412132,0.6132851369111972
"""buttholes"" is the word, if i remember correctly.",neither,0.029085078811057333,0.3602145405125496,0.6107003806763931
@science112095 Morelike bugbears.,neither,0.03945320844208391,0.33037608806864915,0.630170703489267
"@phoenixblue0 you’ve never had one of their hugs. Last time I saw them, the first time they hugged me I think my back got realigned.",neither,0.024178836718112988,0.45303136683684003,0.522789796445047
Star Trek Ensigns are always so obviously in love with their ships. The Captain is always telling them to engage.,neither,0.0543248755916904,0.3885023734238166,0.557172750984493
oh damn that gender link looks SUPER helpful,offensive_language,0.04405649340540336,0.6097818096871768,0.34616169690742
"need to be 50 for the new ships, i think",neither,0.04210328307269721,0.22552263538310072,0.7323740815442021
Re hrpgSub hrpgHyperHype gandsSubHype,neither,0.10802165902134243,0.2484119200751343,0.6435664209035233
That's a lot of contact :P,neither,0.03543082425481001,0.3741544696496913,0.5904147060954987
Hi @shidareAKI,neither,0.03945320844208391,0.33037608806864915,0.630170703489267
"er, free ships",neither,0.03945320844208391,0.33037608806864915,0.630170703489267
@shidareAKI I could go for a back realignment! :D,neither,0.03333347057589034,0.29768530643865937,0.6689812229854504
"""natural"" disaster",neither,0.03945320844208391,0.33037608806864915,0.630170703489267
A 'natural' disaster,neither,0.03945320844208391,0.33037608806864915,0.630170703489267
@djpheonyx hiiiii,neither,0.03945320844208391,0.33037608806864915,0.630170703489267
is the new ship gifted. or part of quests,neither,0.04696169687211204,0.2572808954648624,0.6957574076630256
If it',neither,0.009500985200856078,0.44927137881840107,0.541227635980743
@brakor47 The free ships STO is giving away today is claimable by characters level 40+,neither,0.048300316295435956,0.3167472053336389,0.634952478370925
@DJPheonyx hey you! how you doing?,offensive_language,0.09042960266107847,0.4576722017463769,0.4518981955925446
*whale noises*,neither,0.03945320844208391,0.33037608806864915,0.630170703489267
If it'sa seismically stable planet how come they have a hydro thermal power plant?,neither,0.028857517822867548,0.3754782658475789,0.5956642163295536
Sage broke the planet when she initiated the PULL :P,neither,0.032047614002676236,0.39684814554635156,0.5711042404509722
Hi @prowse ... doing OK,neither,0.03939913525114343,0.3312938512386922,0.6293070135101644
@fu4ow it got shortened so it wouldn’t take up the entire chatroom :P,neither,0.0344467129876306,0.41560344990611164,0.5499498371062577
"So, what is the small device to Eric's left... and what does it do?",neither,0.04320352021937076,0.39060790322342914,0.5661885765572
Aki hype!,neither,0.03945320844208391,0.33037608806864915,0.630170703489267
Whales? Natural disasters? I think there was a trek movie about this,neither,0.040049692952207214,0.28903435952613266,0.6709159475216601
"@DJPheonyx not the fed escort, at least. or the rommie one. tried it earlier",neither,0.03596523486473386,0.34633496709261175,0.6176997980426544
Has the lightning changed? The colours seems different.,neither,0.038397548718797817,0.299902599871883,0.6616998514093192
Also !hydrate,neither,0.03945320844208391,0.33037608806864915,0.630170703489267
:D,neither,0.03945320844208391,0.33037608806864915,0.630170703489267
"NEW ship isn't live yet... thats part of the event starting on the 23rd... FREE ships, one per faction, are the 3 t5 retrofit",neither,0.04956103440852112,0.27460026900488693,0.6758386965865919
They're Lv50 ships @DJPheonyx,neither,0.059846214803022844,0.2991856991721886,0.6409680860247885
I just stumbled upon this (I've never seen a Shield of Tomorrow episode) and I'm super excited already.,neither,0.022424981801721495,0.34212300058440837,0.63545201761387
"@brakor47 , really? Odd... T5 is usually 40+",neither,0.045787463079077176,0.32819744743792423,0.6260150894829986
tolash is ready to kill something,hate_speech,0.5109246661564545,0.14752612015022856,0.341549213693317
We have a subscriber-only Discord server! Join here: https://discord.gg/geekandsundry (you'll need to sub and link it to your Twitch) and be a part of the fun!...Warning: It can take up to an hour for the server to update and give you access to the channels,neither,0.08464076273808444,0.286394834032893,0.6289644032290227
!sotwiki,neither,0.03945320844208391,0.33037608806864915,0.630170703489267
"Go on an adventure, and explore the Shield of Tomorrow Wiki! - http://shield-of-tomorrow.wikia.com/wiki/Shield_of_Tomorrow_Wiki",neither,0.03697831220660964,0.2705621833882883,0.692459504405102
"@lokithetwinkie Welcome, and enjoy the show!",neither,0.051995959017749026,0.21055670009232696,0.7374473408899239
@lokithetwinkie welcome! We’re glad to have you!!,neither,0.08815959320327878,0.3499447645338064,0.5618956422629148
"loads of other info in that gender link btw, looks very useful for general reference of a host of related issues",neither,0.03588076711083149,0.3339537316596085,0.63016550122956
!sotauxdiscord,neither,0.03945320844208391,0.33037608806864915,0.630170703489267
USS Sally Ride Aux Crew Discord: https://discord.gg/zxt2TeH,neither,0.03945320844208391,0.33037608806864915,0.630170703489267
!sotauxdiscord,neither,0.03945320844208391,0.33037608806864915,0.630170703489267
@CorwynCorey84 We're talking about the ships being given away today as part of the daily Anniversary gifts (such as the Defiant retrofit),neither,0.040606465021897575,0.33061745254903596,0.6287760824290665
Sorry Post.,neither,0.03945320844208391,0.33037608806864915,0.630170703489267
@Fu4ow It is super helpful! That language primer was put together by a group of trans folks all working together to get a good resource together. It took months of work and it is great to finally see it released!,neither,0.04469157977256557,0.35509728895650045,0.6002111312709341
"Help G&S make great content! $4.99/month gets you emotes, Minecraft server access, Sub Only VODs, and more! Every sub keeps the channel alive! twitch.tv/geekandsundry/subscribe",neither,0.043907990691603095,0.31135964332838284,0.644732365980014
@fu4ow you can thank @gogt200 for that link.,neither,0.042806469564441764,0.38072239996770185,0.5764711304678565
:),neither,0.03945320844208391,0.33037608806864915,0.630170703489267
um. is this star trek tabletop rpg?! I WANNA PLAY SO BAD!?,neither,0.042163086711501555,0.3600084667064986,0.5978284465819999
Hello all,neither,0.04217753453783664,0.43734383323855475,0.5204786322236087
@DJPheonyx do they have a Shenzhou type with it's funky upside down bridge? I loooove it,neither,0.03181175517808334,0.35800040825846263,0.6101878365634541
so someone was tractor beaming themself some coffee and it caused a planetquake?,neither,0.038238967630521675,0.23361404810454506,0.7281469842649333
"@GetYourLovex , yes it is",neither,0.0504428408951861,0.3265962495318096,0.6229609095730043
+6. The waitress is going to want a bigger tip now,neither,0.04844278419627941,0.3307431937986272,0.6208140220050933
It is indeed Star Trek tabletop,neither,0.0443512024070795,0.3286914433436227,0.6269573542492978
"the ships are available all weekend, so if you haven't lvled up for them yet, you have time",offensive_language,0.060921085791893106,0.4711693970408502,0.46790951716725676
!wtfisthis,neither,0.03945320844208391,0.33037608806864915,0.630170703489267
"This is Shield of Tomorrow, join our crew aboard the USS Sally Ride for adventures and exploration in space! Playing the STAR TREK Adventures RPG by Modiphius.",neither,0.03932222945167215,0.30238585689052805,0.6582919136577997
@deathstar_taco I think you just cracked this case wide open,neither,0.04699969356817263,0.3723418197001564,0.5806584867316711
"The Walker class will be purchaseable by Lobi Crystals, @prowse",neither,0.04130062269695036,0.33687028298180377,0.621829094321246
!whodat,neither,0.03945320844208391,0.33037608806864915,0.630170703489267
"GM Eric Campbell ( twitter.com/16BitEric ), with Amy Dallen ( twitter.com/enthusiamy ), Hector Navarro ( twitter.com/Hectorisfunny ), Sam de Leve ( twitter.com/ChaiKovsky ), Bonnie Gordon ( twitter.com/BonnieBellG ), Aliza Pearl ( twitter.com/AlizaPearl ) and Gina DeVivo ( twitter.com/PocketGina ).",neither,0.03656628259155547,0.46359893935151064,0.49983477805693394
