text,top_class,hate_speech,offensive_language,neither
Heya @master_malicious1,neither,0.03945320844208391,0.33037608806864915,0.630170703489267
Everyone wish @Ossborn a happy belated birthday :p,neither,0.03490309459532423,0.40760339489904096,0.5574935105056347
Hey friends,neither,0.03945320844208391,0.33037608806864915,0.630170703489267
Welcome Amy and Enthusiarmy .,neither,0.038684903632370565,0.2916231220829233,0.6696919742847062
"Hey @davidflegel ! I'm so good, how are you?",neither,0.104177039228434,0.3862361208609595,0.5095868399106065
gandsLessthanthree gandsTeamNoStream,neither,0.03945320844208391,0.33037608806864915,0.630170703489267
YES ERIKA!,neither,0.03945320844208391,0.33037608806864915,0.630170703489267
I love the costumes!,neither,0.03528715836971165,0.32698032091238927,0.6377325207178992
ClappyHype,neither,0.03945320844208391,0.33037608806864915,0.630170703489267
briaLove HUGS FOR THE HUG INCLINED!!! bloojHug,neither,0.03454421066142405,0.2978767114667817,0.6675790778717943
"Yay, the good and the bad angel. <3",neither,0.034561305901822686,0.2764590918270584,0.6889796022711189
@PrincessQuill Doing really well!,neither,0.03945320844208391,0.33037608806864915,0.630170703489267
Happy belated birthday @Ossborn and @swiftfingers,neither,0.038746338156684636,0.29501818061848883,0.6662354812248265
they both fallen angels?,neither,0.03945320844208391,0.33037608806864915,0.630170703489267
Everyone wish @swiftfingers a happy belated birthday :p,neither,0.03490309459532423,0.40760339489904096,0.5574935105056347
Trish was always the angel of the pair,neither,0.03654429328574244,0.3499453257739666,0.6135103809402911
sailor3Heart,neither,0.03945320844208391,0.33037608806864915,0.630170703489267
!poll new Nephalim | Hero | Menace,neither,0.04211839172819281,0.2645575804898259,0.6933240277819813
"Danoba started a new poll: ""Nephalim"" - Head to https://www.strawpoll.me/14913948 to vote!",neither,0.04386814996950832,0.31201190486614894,0.6441199451643428
"talk in those fangs like you walk in them heels, Ishii",neither,0.07191915379390901,0.3229849008805199,0.6050959453255711
hi everyone,neither,0.032490659208996964,0.4485487193596734,0.5189606214313296
"@GeekandSundry Ohhh, one of my favorite costumes of yours, Erika!!! :D",neither,0.030369220015995776,0.41837833271998265,0.5512524472640216
i love that erika has no problem talking with fangs,neither,0.027124353427947456,0.401805037037089,0.5710706095349637
"...Asmodan's forces, ain't it?",offensive_language,0.017903034027982944,0.5529053597137297,0.42919160625828734
"So... are you announcing Diablo 4? If so, I approve.",neither,0.052124730927422806,0.4480653970534547,0.4998098720191225
This is amazing,neither,0.050638740814203484,0.3285866302672563,0.6207746289185402
howlHowl howlDragon,neither,0.03945320844208391,0.33037608806864915,0.630170703489267
wth is this,neither,0.04959008194734716,0.32877495885699387,0.621634959195659
"it's 'cause erika always smiles, fangs are easy",neither,0.0518672052696467,0.35842997839665774,0.5897028163336955
oh,neither,0.051363287716059566,0.22255663153133606,0.7260800807526044
"well, yeah.... sounds like fun.",neither,0.031433340451485416,0.4467334181671835,0.5218332413813311
snaprune lmao,neither,0.03705015143476208,0.3711622369619404,0.5917876116032975
"I'm loving this version of Game Engine, good work cast and crew. <3",neither,0.03831205814605493,0.28880407347734904,0.6728838683765961
Polish them swords,neither,0.055706994145864455,0.32140236741147765,0.6228906384426578
WutFace,neither,0.03945320844208391,0.33037608806864915,0.630170703489267
he should have stayed awhile and listened,neither,0.050510965002821366,0.32874308263383,0.6207459523633485
We hear the Butcher likes fresh meat. Not terribly fond of vegetables though.,neither,0.04073063508256139,0.3474135769927213,0.6118557879247174
Still has Trish and Erika so works for me,neither,0.02722775139587919,0.34843921471133826,0.6243330338927826
burnLUL,neither,0.03945320844208391,0.33037608806864915,0.630170703489267
Trisha hi trisha beelieLove beelieLove beelieLove,neither,0.03945320844208391,0.33037608806864915,0.630170703489267
,neither,0.03945320844208391,0.33037608806864915,0.630170703489267
@ghosthack159 them swords are always polished :),neither,0.12325247754140728,0.32375199372462465,0.5529955287339681
"and now for sports ball, with that guy, you know the Sports ball guy",neither,0.034544758059334366,0.35134272907186537,0.6141125128688002
"I keep expecting to hear ""Extra! Extra!"" between each camera switch",neither,0.042639695865643486,0.3284829822350128,0.6288773218993438
Did she just say Nipple'em?,neither,0.03654280348591385,0.42532885235140644,0.5381283441626796
I have personally seen nephalem breaking barrels and pots - clearly a menace.,neither,0.03876560163989638,0.31425884987645214,0.6469755484836515
Must be the fangs.,neither,0.039869885891561596,0.3029396796398311,0.6571904344686075
"yeah, Erika can't say ph with the teeth in lol",neither,0.018375722409364127,0.45196220941596704,0.5296620681746689
WutFace,neither,0.03945320844208391,0.33037608806864915,0.630170703489267
I thought the same. FailFish,neither,0.043482722761031115,0.18432027735369944,0.7721969998852695
"True, no barrel or cart is safe with the Nephalem around.",neither,0.03575304860929439,0.35011323362616387,0.6141337177645418
You should have seen Liam during Thursday by Night part 2.,neither,0.05258169336658541,0.4237438529041125,0.5236744537293021
"in fairness, the flora and fauna started it",neither,0.035801976036054395,0.26237928824094564,0.7018187357229999
nephilim,neither,0.03945320844208391,0.33037608806864915,0.630170703489267
"Down with the Khazra! Down with Goatmen! Go go, Nephalem!",neither,0.02496055546843646,0.3799207639106089,0.5951186806209545
,neither,0.03945320844208391,0.33037608806864915,0.630170703489267
I'm all about looting your chests....,neither,0.07315846600135385,0.4243613200492565,0.5024802139493897
(I've never played Diablo what am I doing here),neither,0.044164540700886594,0.3186319849707171,0.6372034743283963
hehe,neither,0.03945320844208391,0.33037608806864915,0.630170703489267
.....just take that how you want it...,neither,0.044981353120628266,0.45889176083007305,0.4961268860492986
PogChamp,neither,0.03945320844208391,0.33037608806864915,0.630170703489267
Leave Trish's chest alone,neither,0.03945320844208391,0.33037608806864915,0.630170703489267
"@ghosthack159 Careful, they're mimics. :p",neither,0.061139242119579384,0.2974920234669379,0.6413687344134827
Kick over some rat piles.,neither,0.029826756601304058,0.3446323833525004,0.6255408600461957
This is a great argument.,neither,0.045672274894515426,0.3035645454663748,0.6507631796391099
"I mean...all do is give the legendary gear to Zultan Kulle, and Haedrig, to break 'em.",neither,0.05491887889702008,0.32781113815398544,0.6172699829489945
I'm late; erika and trish have wings and a backdrop set change,neither,0.0380316740212513,0.2800231713893968,0.681945154589352
they keep breaking my barrels!,neither,0.030334167709814515,0.3997298253427584,0.569936006947427
find platemail,neither,0.04738738736161542,0.15130993398004014,0.8013026786583444
LMAO TREASURE GOBLIN,neither,0.038229014143608304,0.35115386020631095,0.6106171256500809
TREASURE GOBLIN GETIM,neither,0.03945320844208391,0.33037608806864915,0.630170703489267
LOOT PINATA!,neither,0.03945320844208391,0.33037608806864915,0.630170703489267
nephilims are nothing but menace,neither,0.05659617410298397,0.33812386963565483,0.6052799562613611
Get the GOBLIN!!!,neither,0.03610766812858746,0.31320507766162875,0.6506872542097838
"it's the G&S Treasure Goblin""",neither,0.036597300327509324,0.31070068139156803,0.6527020182809227
ryan really IS a treasure goblin,neither,0.04683670460525901,0.3278365651634679,0.625326730231273
That treasure goblin totally looked like Ryan.... strange,neither,0.043271403102638654,0.3664932114974061,0.5902353853999553
!treasuregoblin,neither,0.03945320844208391,0.33037608806864915,0.630170703489267
yeaa,neither,0.03945320844208391,0.33037608806864915,0.630170703489267
Was that Xur? Kappa,neither,0.03528235240814021,0.37657057876187894,0.5881470688299808
@bwentali Sorry to hear it - they do tend to do that.,neither,0.0472868472061951,0.3535664030862355,0.5991467497075694
Must be Tuesday ;),neither,0.04095874123715209,0.3174475455356344,0.6415937132272136
"AAAAAAAAH, @Diablo! Everybody, get'em!",neither,0.038766299298333334,0.3420347289281092,0.6191989717735574
can't a necromancer just raise a family in peace?,neither,0.03592136686739948,0.3440660546784335,0.620012578454167
Best start ever!,neither,0.03836274159914457,0.32124465911863803,0.6403925992822174
oh jcvimHi there @Diablo,neither,0.04731718652628423,0.1888125876055899,0.7638702258681258
...,neither,0.03945320844208391,0.33037608806864915,0.630170703489267
The real treasure is the goblins we kill along the way,neither,0.22971160610564992,0.2831675581895014,0.48712083570484865
are we thursday yet,neither,0.06639160989122701,0.28624714591055517,0.6473612441982179
WutFace,neither,0.03945320844208391,0.33037608806864915,0.630170703489267
"So, there was that, lol. I loved it. <3",neither,0.027900955661170443,0.4221139291109436,0.5499851152278861
"Ravens,, nice",neither,0.03945320844208391,0.33037608806864915,0.630170703489267
"@ravensburgermaster more like in pieces, amirite?",neither,0.049898179376266776,0.3351242801618936,0.6149775404618396
"@ravensburgermaster Well done, sir or madam.",neither,0.03888146435168748,0.34008007741585017,0.6210384582324623
Fluffer :),neither,0.03945320844208391,0.33037608806864915,0.630170703489267
DOGGO,neither,0.03945320844208391,0.33037608806864915,0.630170703489267
This is a serious shift from standard Game Engine but I LOVE it.,neither,0.039482119315069966,0.3084219738512713,0.6520959068336588
those guys are quick,neither,0.11168683685357288,0.20656741449073454,0.6817457486556925
Oh my...,neither,0.02748693229954249,0.40236076101129065,0.5701523066891669
Ni Katers!,neither,0.03945320844208391,0.33037608806864915,0.630170703489267
it's Paladin Kate!,neither,0.037770165237438216,0.33095496380368705,0.6312748709588748
That dog is so confused.,neither,0.043372823093496764,0.41711402073856224,0.5395131561679409
"Erika makes a great point - lots of nephalem steal from treasure chests, especially in old dusty cathedrals and such. ಠ_ಠ",neither,0.03870222640464206,0.28672286574694855,0.6745749078484093
awwww..... A Cerberus puppy,neither,0.03945320844208391,0.33037608806864915,0.630170703489267
Kate IS an angel..... I knew it...,neither,0.044654006433131666,0.3245635870782833,0.6307824064885851
...,neither,0.03945320844208391,0.33037608806864915,0.630170703489267
No.,neither,0.036918905254960256,0.37338982715841207,0.5896912675866277
10/10 pun,neither,0.03945320844208391,0.33037608806864915,0.630170703489267
"Hi, yo!",neither,0.03968464372430827,0.4309011697100482,0.5294141865656435
....chat made that joke like 5 minutes ago,neither,0.043899759903074605,0.37215278135395446,0.5839474587429709
lol,neither,0.020706217963973744,0.4882283491876925,0.4910654328483337
don't let the dog eat chocolate!,neither,0.02528751007173721,0.34417063143266113,0.6305418584956015
Must pet the floofer,neither,0.039464213607596284,0.293464169722406,0.6670716166699977
@GeekandSundry Extra pets for Ding Ding!!,neither,0.03623856580526289,0.3143090709533371,0.6494523632414
Kate is down with the kids :D,neither,0.03492992837316427,0.3463976107021898,0.6186724609246459
doggo!,neither,0.03945320844208391,0.33037608806864915,0.630170703489267
Are you guys ready for FRESH MEAT? >:D,neither,0.0685924587491384,0.301886497521169,0.6295210437296926
https://clips.twitch.tv/PluckyAbrasiveCrabResidentSleeper,neither,0.03945320844208391,0.33037608806864915,0.630170703489267
burnRAGE burnRAGE,neither,0.03945320844208391,0.33037608806864915,0.630170703489267
The Lord of Darkness is here?,neither,0.09068724467812599,0.2805028644767143,0.6288098908451598
"I mean, aren't we forgetting the best Nephilim, Dante?",neither,0.03817808659544288,0.3163971905306279,0.6454247228739293
going to carve through this challenge?,neither,0.04304767862282862,0.3492992841359579,0.6076530372412136
"No, he dead.",neither,0.045993501163678334,0.34733308508898236,0.6066734137473392
The cutest lord of darkness ever,neither,0.03880278796750311,0.31855793951142786,0.6426392725210689
Dude just wants to cut up demons and eat some Pizza.,neither,0.033094027907230435,0.35596829088328263,0.6109376812094869
katers imposs2ImpyRaid,neither,0.03945320844208391,0.33037608806864915,0.630170703489267
No loot pickups is OSD nightmare fuel.,neither,0.04766024537493641,0.3427736204369558,0.6095661341881078
Why is the one girl so much louder than kate?,neither,0.0292643882819609,0.4192222279298515,0.5515133837881876
"Katers rolls with G&S, now? Glad she's moved up from Tobuscus, and the Vlogs. Sirens of the Realms is some good isht, as well!",neither,0.0305081520687758,0.39147175330118456,0.5780200946300398
@Dappdude Mic location/,neither,0.03945320844208391,0.33037608806864915,0.630170703489267
girl in red is mic'd,neither,0.04027969716418773,0.38463287194395734,0.5750874308918551
"""sack"" Kappa",neither,0.03945320844208391,0.33037608806864915,0.630170703489267
That's a lot of gelt,neither,0.03358401744023636,0.3947500930989767,0.5716658894607869
"Kate, mic check please",neither,0.03945320844208391,0.33037608806864915,0.630170703489267
!whodat,neither,0.03945320844208391,0.33037608806864915,0.630170703489267
"Kate Elliott ( twitter.com/KatersTweets ), Brandy Camel ( twitter.com/Dayntee ), Erika Ishii ( twitter.com/erikaishii ).",neither,0.0387430617067098,0.4517635103980273,0.5094934278952629
Made of Greed...,neither,0.03945320844208391,0.33037608806864915,0.630170703489267
They seem to have her turned down a little now anyway VermillionCrimson :),offensive_language,0.036297992171103625,0.49094346113396853,0.47275854669492784
MONK,neither,0.03945320844208391,0.33037608806864915,0.630170703489267
necromancer,neither,0.03945320844208391,0.33037608806864915,0.630170703489267
"I hear ya, grrrrrrl. I was playin Diablo, even before I saw the theme's announcement.",offensive_language,0.027209985295446295,0.5183992167084547,0.45439079799609905
https://clips.twitch.tv/BluePoisedVelociraptorTriHard,neither,0.03945320844208391,0.33037608806864915,0.630170703489267
there is only barb,neither,0.0475276767547331,0.28628279942279083,0.6661895238224761
https://clips.twitch.tv/AverageBeautifulJackalOneHand,neither,0.03945320844208391,0.33037608806864915,0.630170703489267
a Crusader would be easiest i think,neither,0.039700771776868274,0.32216212100486263,0.638137107218269
@GeekandSundry why do frogs parallel park? --- so they dont get toad,neither,0.03155394397953148,0.3818021123965945,0.5866439436238741
erika is just too cute in her devil outfit :),offensive_language,0.03535439117031742,0.4940567796212343,0.47058882920844824
I haven't played D3 since Destiny came out. Now that that game turned to poop...,neither,0.03604031493990515,0.35802737841131715,0.6059323066487776
"Demon Hunter, with that sweet sweet early game Rapid Fire.",neither,0.032031237354320646,0.3359373621043856,0.6320314005412937
Erika has finally evolved into her true form!,neither,0.03347266140050136,0.47118759357609746,0.49533974502340117
What class does the Pekingese play? Barbarian?,neither,0.031153164480338502,0.4171062912438248,0.5517405442758367
@GeekandSundry NECROMANCER CHALLENGE,neither,0.03945320844208391,0.33037608806864915,0.630170703489267
I haven't played Diablo at all :D,neither,0.040470275804545916,0.4332337856679228,0.5262959385275313
*waits for Diablo II remaster.,neither,0.034477710895131033,0.3055185417827828,0.6600037473220861
necromancer burnLURK,neither,0.03945320844208391,0.33037608806864915,0.630170703489267
"Kate, Happy Belated Birthday!",neither,0.03945320844208391,0.33037608806864915,0.630170703489267
i still need to get necromancer,neither,0.047085988154536046,0.3565017986226847,0.5964122132227793
I feel like we need Darin De Paul here to give this an extra special touch,neither,0.10758530087768106,0.29800305249864334,0.5944116466236755
@master_malicious1 Rapid Fire can be a super fun skill to build off of,neither,0.04412332982743895,0.32733215776486313,0.6285445124076979
+1 @davidflegel,neither,0.03945320844208391,0.33037608806864915,0.630170703489267
keen as for a D2 remaster,neither,0.026094259031263306,0.3439039663533924,0.6300017746153443
Are they remastering DII?,neither,0.11748381152333764,0.22608295668333075,0.6564332317933317
They should.,neither,0.06829133543140048,0.4120908999986817,0.5196177645699178
"Necromancer is gonna CRUSH, this challenge. Command Skeletons...yeah, she knows what's up. HAha",offensive_language,0.03211161179502424,0.5391265830221568,0.42876180518281903
@MrNY2CALI They should have Darin on every show for that reason,neither,0.04988086227220686,0.31928632873240576,0.6308328089953873
dunno probably not but they should,neither,0.04618142766464159,0.41721689407399565,0.5366016782613627
"i played the necro in beta, it was corpse explosions forever",neither,0.03805689459293801,0.32240851479949867,0.6395345906075635
@Bearalze :D,neither,0.03945320844208391,0.33037608806864915,0.630170703489267
4fred12345 -> Only those that we deem worthy shall possess the power of the Hyperlink [warning],neither,0.048140585852785724,0.2990817588418225,0.6527776553053918
"@Diablo Aaaaaah! Oh, you're not being all terrifying and stuff. Hahaha",neither,0.0654293811225732,0.34854933787485715,0.5860212810025696
nostalgia is a hell of a drug. addictive and deadly,offensive_language,0.04706490161129206,0.6261151829041423,0.3268199154845656
"Not going to lie, this is very cool for us old school players.",neither,0.06650168232900418,0.32356204535991323,0.6099362723110826
"@Diablo Yeah, up until I got the Loaded for Bear rune, on Cluster Arrow, Rapid Fire was my jam.",neither,0.02219648869302488,0.445551856350633,0.5322516549563422
How does the dog work the mouse with his little paws?,neither,0.03361926356689997,0.4276139647066517,0.5387667717264483
Kreygasm D2 music,neither,0.03945320844208391,0.33037608806864915,0.630170703489267
256 COLOR FTW,neither,0.04075360095879997,0.3299288234518681,0.6293175755893319
i will never understand the desire to face backwards,neither,0.04139657771234698,0.3280885297877854,0.6305148924998677
