text,top_class,hate_speech,offensive_language,neither
Anyone else watching from Tennessee,neither,0.04029567863915627,0.31607717015232034,0.6436271512085234
Bidet from australia,neither,0.04062582848913359,0.31047366557575606,0.6489005059351104
LOL Catt Mercer,neither,0.020706217963973744,0.4882283491876925,0.4910654328483337
"preview camera is up, pause/play or refresh if you do not see it.",neither,0.03798422770210373,0.41477477065607404,0.5472410016418222
CAT MERCER!,neither,0.03945320844208391,0.33037608806864915,0.630170703489267
is #texascritters a hashtag??,neither,0.05123134903440858,0.3263250454252152,0.6224436055403763
Bidet from Los Angeles,neither,0.04078317879478948,0.307803020237201,0.6514138009680096
"The channel has gone live. If you cannot see the folks in the studio , please refresh.",neither,0.03723955741942503,0.3496909644204777,0.6130694781600973
ROFL,neither,0.03945320844208391,0.33037608806864915,0.630170703489267
ayyy catt mercer,neither,0.03945320844208391,0.33037608806864915,0.630170703489267
repeat,neither,0.03945320844208391,0.33037608806864915,0.630170703489267
pthhhhh lol,neither,0.020706217963973744,0.4882283491876925,0.4910654328483337
Cat Mercer is great,neither,0.0469908045112152,0.29766882054400545,0.6553403749447795
Catt Mercer omg,neither,0.03945320844208391,0.33037608806864915,0.630170703489267
Catt Mercer,neither,0.03945320844208391,0.33037608806864915,0.630170703489267
Bidet from Los Angeles,neither,0.04078317879478948,0.307803020237201,0.6514138009680096
"The channel has gone live. If you cannot see the folks in the studio , please refresh.",neither,0.03723955741942503,0.3496909644204777,0.6130694781600973
whoohoo!!,neither,0.03945320844208391,0.33037608806864915,0.630170703489267
@aquasong18 it is actually,neither,0.04993632327519122,0.32677046416799654,0.6232932125568124
hahaha nice,neither,0.03945320844208391,0.33037608806864915,0.630170703489267
lol,neither,0.020706217963973744,0.4882283491876925,0.4910654328483337
Amazing!,neither,0.03945320844208391,0.33037608806864915,0.630170703489267
nice,neither,0.03945320844208391,0.33037608806864915,0.630170703489267
CATT MERCER - Dungeon Meowster of Cats Machina,neither,0.043461988892787635,0.13315367336507516,0.8233843377421373
I caught onto CR around in December and basically binged it for like 3 weeks straight,neither,0.040019400580670286,0.30186008572158207,0.6581205136977477
My bidy is ready.,neither,0.03259314810085283,0.4517685725240414,0.5156382793751056
#Purrfect even,neither,0.03724325705110317,0.3678847306871324,0.5948720122617644
body,neither,0.03945320844208391,0.33037608806864915,0.630170703489267
I'm literally only halfway through the last ep. This is gonna be fun,neither,0.04299921721571284,0.34911310243381455,0.6078876803504726
FRUMPKIN!!!!!!!!,neither,0.03945320844208391,0.33037608806864915,0.630170703489267
Bidet from San Francisco! :),neither,0.040391840503121675,0.31444505235836057,0.6451631071385178
Cats Meowchina,neither,0.04362135324962307,0.12124669839581716,0.8351319483545598
Who is on tonight Talks Newcampainica?,neither,0.041771646627447645,0.37731641247160275,0.5809119409009496
Though it often also gets used double for animal updates @aquasong18,neither,0.034772898708561706,0.3113845841955511,0.6538425170958871
"http://www.wheniscriticalrole.com/talksmachina <<< Talks Machina countdown clock. TM guests this week are Sam, Marisha, and Taliesin, discussing episode 2 of the new campaign!",neither,0.04814000395504566,0.20999763080286485,0.7418623652420896
frontbutt,neither,0.03945320844208391,0.33037608806864915,0.630170703489267
Meow would you like to do this,neither,0.0809197943151215,0.380810102222057,0.5382701034628216
"Our guests this week are Sam, Marisha, and Taliesin, discussing episode 2 of the new campaign!",neither,0.05411554865599933,0.226825730293986,0.7190587210500148
"@DisasterBard ""You walk into the kitchen... the hoomans do not appear to be around. If you jumped up right meow you might get a treat.""",neither,0.05174963699251465,0.45028992161921305,0.49796044138827233
noice,neither,0.03945320844208391,0.33037608806864915,0.630170703489267
oh shit that's so cool!! well i guess that makes me a #texascritter!! also lmao nice,offensive_language,0.04176500919367695,0.9371829524481614,0.021052038358161648
Bidet ya'll,offensive_language,0.020730940077770262,0.6929551195008575,0.2863139404213722
"Oklahoma frontbutt, checking in",neither,0.03945320844208391,0.33037608806864915,0.630170703489267
talks is at 7pst yes?,neither,0.04744489069606371,0.35311352667986295,0.5994415826240733
hia!,neither,0.03945320844208391,0.33037608806864915,0.630170703489267
HeyGuys,neither,0.03945320844208391,0.33037608806864915,0.630170703489267
Bidet from Texas,neither,0.040937266849991,0.30518774380265185,0.6538749893473571
http://www.wheniscriticalrole.com/talksmachina <<< Talks Machina countdown clock.,neither,0.0370471874278302,0.2526448018056075,0.7103080107665624
"Twitch Prime, gimme my god damn sub back!",offensive_language,0.03592340770734024,0.6633498951757679,0.30072669711689193
like im not late tight,neither,0.04751565479870401,0.38346549523615203,0.5690188499651438
!clock,neither,0.03945320844208391,0.33037608806864915,0.630170703489267
It is currently Tuesday 6:47 PM at the Geek & Sundry studio in California.,neither,0.051193955390682104,0.329635589122809,0.619170455486509
Bidet folks just rolling in :),neither,0.03522469049176224,0.3502723252008533,0.6145029843073845
"Bidet from Lexington, Ky",neither,0.04062582848913359,0.31047366557575606,0.6489005059351104
"""How do you want to mew this?""",neither,0.08260256105735485,0.3853612893127117,0.5320361496299335
"I want to sub, it's been weeks!",neither,0.04396893116474178,0.32865572345520255,0.6273753453800556
bidet from Wisconsin!,neither,0.04071751644889743,0.3089174816120565,0.6503650019390461
"t-minus 13 minutes, give or take",neither,0.03945320844208391,0.33037608806864915,0.630170703489267
bidet from Dallas,neither,0.04081748366884477,0.3072207769958956,0.6519617393352596
First talks machina episode I'm finally on time for lol,neither,0.02414072872209274,0.36991117981455385,0.6059480914633534
Gotta resub every month if you're using the free one,neither,0.040606658473120796,0.4595565807200237,0.4998367608068555
Talks Machina is on every Tuesday 7pm - 8pm PST http://www.wheniscriticalrole.com/talksmachina,neither,0.04000392966313582,0.27734818689170626,0.6826478834451579
bidet from Michigan,neither,0.040769555981420263,0.3080342349327864,0.6511962090857933
!clock,neither,0.03945320844208391,0.33037608806864915,0.630170703489267
It is currently Tuesday 6:48 PM at the Geek & Sundry studio in California.,neither,0.051248530516659556,0.32963036805695095,0.6191211014263894
#SamelToe,neither,0.03945320844208391,0.33037608806864915,0.630170703489267
!twitchprime,neither,0.03945320844208391,0.33037608806864915,0.630170703489267
"If you have Amazon Prime or Amazon Prime Video, you can link your account to Twitch , and get Twitch Prime! This gives you one free Twitch subscription, and other cool stuff each month! Link your account at: twitch.amazon.com/prime - How to use the free subscription at: http://bit.ly/HowToSubWithTwitchPrime - REMEMBER: Subscriptions done through Twitch Prime will need to be manually renewed each month!",neither,0.04660741059459432,0.3340380786822325,0.6193545107231732
bidet from Ventura,neither,0.04062582848913359,0.31047366557575606,0.6489005059351104
Catt Mercer LUL,neither,0.03945320844208391,0.33037608806864915,0.630170703489267
it's hiiiiiiiiiiiiiigh mewn Kappa,neither,0.037828236809968684,0.3309349903269868,0.6312367728630445
Grats @cryptstick,neither,0.03945320844208391,0.33037608806864915,0.630170703489267
Bidet from Toronto!,neither,0.04066490145509902,0.30981049537100724,0.6495246031738937
True Polymorph's a bitch,offensive_language,0.0022881220544200306,0.9977118728321936,5.1133864337115125e-09
All these cat puns make my life,offensive_language,0.03355693214189986,0.6532344531026575,0.3132086147554427
#HowDoYouLikeMeMeow,neither,0.03945320844208391,0.33037608806864915,0.630170703489267
How does Catt Mercer get along with Dagon,neither,0.019141897570022676,0.4842803274757698,0.49657777495420746
@Lmao @DarkSearchman,neither,0.03705015143476208,0.3711622369619404,0.5917876116032975
Goblin girl,neither,0.026393579814477187,0.462096800417535,0.5115096197679879
Look at that harty handshake,neither,0.03660190888724677,0.39306364990250103,0.570334441210252
Bidet from Argentina!,neither,0.04062582848913359,0.31047366557575606,0.6489005059351104
XD Catt Mercer,neither,0.03945320844208391,0.33037608806864915,0.630170703489267
Bidet from Missouri!,neither,0.04071751644889743,0.3089174816120565,0.6503650019390461
#HowAboutMeow?,neither,0.03945320844208391,0.33037608806864915,0.630170703489267
anyone know what song this is?,neither,0.05385980137288571,0.3323029951980477,0.6138372034290667
bidet from Nebraska,neither,0.04062582848913359,0.31047366557575606,0.6489005059351104
"I met Matt last week when he came by the game shop where I was playing dnd, we chatted for a while- he's so cool",neither,0.03712282668444623,0.33601067377224075,0.6268664995433131
How do you want to meow this?,neither,0.06564320827832505,0.366626304630694,0.567730487090981
Bidet from Ottawa!,neither,0.04228451509352876,0.2823214250720796,0.6753940598343917
Catthew Mercer?,neither,0.03945320844208391,0.33037608806864915,0.630170703489267
Catt Meowcer,neither,0.03945320844208391,0.33037608806864915,0.630170703489267
bidet from Phoenix Arizona,neither,0.04039617012658628,0.31437156734874944,0.6452322625246643
So glad I dropped that one on Twitter.... Catt Mercer is just... the planets aligned.,offensive_language,0.03463610399476362,0.5153105797641612,0.45005331624107525
@Metalmeyers same,neither,0.04148851938089603,0.3488915597363099,0.609619920882794
Bidet from Houston Texas!,neither,0.040553695508357114,0.31169795051161153,0.6477483539800314
@lilyofmidgard The song is Peaceful Waters by Jeremy Soule from The Elder Scrolls III: Morrowindhttps://www.youtube.com/watch?v=7AuAv4uYcHU,neither,0.045125768960296464,0.3283828846939078,0.6264913463457956
Critical Meow,neither,0.03945320844208391,0.33037608806864915,0.630170703489267
Lol cat mercer How Do You Want To Mew This?,neither,0.05624042242031079,0.43164671535161975,0.5121128622280693
how do nya want to do this,neither,0.050392743550924865,0.3224717492593774,0.6271355071896978
catt mercer. how would you like to pet this,neither,0.08444013581305553,0.38781337154570805,0.5277464926412363
"Bidet from Orange, California!",neither,0.06072088271045775,0.30588513941569206,0.6333939778738502
did I just hear a startup noise?,neither,0.035270669901790536,0.3500471512297376,0.6146821788684719
O.k. What time is it?,neither,0.05846485729964668,0.3495149862607771,0.5920201564395762
"Bidet from Searcy, Arkansas",neither,0.04066490145509902,0.30981049537100724,0.6495246031738937
!clock,neither,0.03945320844208391,0.33037608806864915,0.630170703489267
It is currently Tuesday 6:49 PM at the Geek & Sundry studio in California.,neither,0.05097720567189733,0.32965618653669476,0.6193666077914081
Bidet from PA,neither,0.04069404815304118,0.30931579984010865,0.6499901520068502
Meow U wanna do this?,neither,0.04076949481249031,0.33147288221160776,0.6277576229759018
awww catt mercer,neither,0.03945320844208391,0.33037608806864915,0.630170703489267
He casts furball at 6th level,neither,0.04385593923830521,0.35158121333156034,0.6045628474301346
meow would you like to do this?,neither,0.0809197943151215,0.380810102222057,0.5382701034628216
CATT MERCER,neither,0.03945320844208391,0.33037608806864915,0.630170703489267
aayyyooyay everyone.,offensive_language,0.02988896790634741,0.4927062106388782,0.4774048214547744
Mau do mew nya to mew this?,neither,0.05782135930473421,0.3238892615287417,0.6182893791665242
@oh_bother I thought that was my computer xD,neither,0.028002068278089053,0.3586659118962438,0.6133320198256672
lol finger poke,neither,0.03218481738357388,0.3827726264395135,0.5850425561769126
@Dragonchrome thank you!!!!,neither,0.07325166854587051,0.43632638485078484,0.49042194660334476
"Bidet from Ypsilanti, MI y'all",neither,0.04324940744025782,0.3982080527344978,0.5585425398252444
Squid1 Squid2 Squid2 LUL Squid2 Squid2 Squid2 Squid2 Squid1,neither,0.03945320844208391,0.33037608806864915,0.630170703489267
Catt Purrrrrrrrrcer,neither,0.03945320844208391,0.33037608806864915,0.630170703489267
I love you guys,neither,0.06167918433826641,0.4366455781003419,0.5016752375613917
@lilyofmidgard no problem,neither,0.03816155161732251,0.3522988753405446,0.6095395730421328
hello from MO,neither,0.04054327441011994,0.3118748237455956,0.6475819018442844
Not only am I several hours ahead but 13 minutes,neither,0.036604886057106066,0.3391732572008984,0.6242218567419955
bidet fron ny,neither,0.03945320844208391,0.33037608806864915,0.630170703489267
Mercer is the raeson why I looked up all the voice actors for overwatch,neither,0.030235475483193663,0.37497281856459597,0.5947917059522103
@KyHawkeye hello to the good peninsula,neither,0.04582527648495601,0.30638687087996475,0.6477878526350791
anybody know whos gonna be on tonight?,neither,0.03479329140384043,0.35989382054684943,0.6053128880493102
@RozukeRed thank you for consolidating every variation of that i've see so far,neither,0.022964528772598417,0.3920447800929902,0.5849906911344113
bidet. beep beep,neither,0.03945320844208391,0.33037608806864915,0.630170703489267
Bidet everyone joining the chat,neither,0.03384404751169712,0.40226838693036404,0.5638875655579388
,neither,0.03945320844208391,0.33037608806864915,0.630170703489267
be pleased e erybody!,neither,0.03984830822879296,0.33368460281520795,0.626467088955999
Hi peeps,neither,0.03945320844208391,0.33037608806864915,0.630170703489267
Marisha Taliesin Sam,neither,0.03945320844208391,0.33037608806864915,0.630170703489267
bidet,neither,0.03945320844208391,0.33037608806864915,0.630170703489267
yay mi critters!,neither,0.03945320844208391,0.33037608806864915,0.630170703489267
"I was like, damn, he looks as attractive as mccree... WHAT ABOUT SOLDIER..????",offensive_language,0.05468521587035784,0.6771705474048819,0.26814423672476023
the ladies be feline-ing up to meet Catt Mercer,neither,0.04212741083291707,0.3598973614321378,0.597975227734945
another hello from MO,neither,0.08731881285940904,0.24560632015885167,0.6670748669817393
Bidet from the UK,neither,0.039613273355342184,0.2892653269430044,0.6711213997016535
bidet from Arizona!,neither,0.04078317879478948,0.307803020237201,0.6514138009680096
Beep beep!,neither,0.03945320844208391,0.33037608806864915,0.630170703489267
bidet,neither,0.03945320844208391,0.33037608806864915,0.630170703489267
beep beep,neither,0.03945320844208391,0.33037608806864915,0.630170703489267
Bidet from the watermelon capital of Texas critters,neither,0.03954759513296356,0.30504244495931904,0.6554099599077173
Hey,neither,0.03945320844208391,0.33037608806864915,0.630170703489267
"Bidet from Dayton, OH!",neither,0.0457407696024908,0.2631350616736989,0.6911241687238103
bidet from idaho,neither,0.04066490145509902,0.30981049537100724,0.6495246031738937
Bidet from New Zealand,neither,0.046710622032705686,0.1542697019613409,0.7990196760059534
bidet from wisconsin,neither,0.04071751644889743,0.3089174816120565,0.6503650019390461
Still looking at the G&S schedule here. Tried refresh but channel still showing offline(On PS4),neither,0.05217985827752329,0.3418549484704461,0.6059651932520307
Bidet and Beep Beep from East Coast of Canada,neither,0.039591611240646966,0.28690561583070495,0.673502772928648
Howw dow youw want tow dow thiws :3,neither,0.03964667899456146,0.3270923878751982,0.6332609331302405
Bidet,neither,0.03945320844208391,0.33037608806864915,0.630170703489267
!tmsubmit,neither,0.03945320844208391,0.33037608806864915,0.630170703489267
The email to submit your Fan Art and Gif of the Week submissions is ‘ submit@talksmachina.com '. Before 9 AM Pacific next Tuesday. Submit away!,neither,0.05727310753668434,0.3147331773433212,0.6279937151199946
bidet from Portsmouth va,neither,0.040334677536117594,0.315415257091876,0.6442500653720065
bidet from Fort Worth,neither,0.04097097592422819,0.30461561283917343,0.6544134112365985
!uptime,neither,0.03945320844208391,0.33037608806864915,0.630170703489267
Dayton I know Dayton,neither,0.03945320844208391,0.33037608806864915,0.630170703489267
Bidet,neither,0.03945320844208391,0.33037608806864915,0.630170703489267
Bidet from WKU!,neither,0.04228451509352876,0.2823214250720796,0.6753940598343917
bidet,neither,0.03945320844208391,0.33037608806864915,0.630170703489267
aint it late in nz?,neither,0.0392141611333045,0.4232370770759781,0.5375487617907174
Budet from Maine,neither,0.04069404815304118,0.30931579984010865,0.6499901520068502
bidet from MN,neither,0.040737273169946825,0.30858215849491494,0.6506805683351382
wwtvCAT wwtvCAT wwtvCAT,neither,0.03945320844208391,0.33037608806864915,0.630170703489267
9 mins to go folks,neither,0.0476512129155742,0.3304068880270064,0.6219418990574194
Bidet from Minnesnowta,neither,0.04228451509352876,0.2823214250720796,0.6753940598343917
Bidet from Florida,neither,0.0408948396164547,0.30590784468201904,0.6531973157015263
Can I JUGGLE THE SALSA!?,neither,0.038742678138674026,0.306424540703327,0.6548327811579989
that cat!,neither,0.03359725817284971,0.3946015606306485,0.5718011811965018
"bidet from Stockholm, Sweden",neither,0.04228451509352876,0.2823214250720796,0.6753940598343917
I wonder how Travis feels about the Eagles making the Superbowl....,neither,0.038030722844484985,0.320502587850654,0.6414666893048611
Bidet from Tennessee,neither,0.04071751644889743,0.3089174816120565,0.6503650019390461
Cat Cosplay will face a real challenge if they will plan to do Frumpkin cosplay... I'm guessing dude in a cat suit?,neither,0.033678224358012696,0.3743532532520999,0.5919685223898874
bidet from iowa,neither,0.04069404815304118,0.30931579984010865,0.6499901520068502
"Bidet from Sacramento, CA",neither,0.04039749100449293,0.314349148603457,0.6452533603920501
Bidet from Louisiana,neither,0.04062582848913359,0.31047366557575606,0.6489005059351104
bidet from alaska,neither,0.04066490145509902,0.30981049537100724,0.6495246031738937
anybody with me?,neither,0.01982930367877509,0.4249349403989209,0.5552357559223041
Bidet from Iowa,neither,0.04069404815304118,0.30931579984010865,0.6499901520068502
Hey guys any 1 know when the comic book comes out issue 4?,neither,0.03009772933840104,0.3627131258229173,0.6071891448386817
bidet from florida,neither,0.0408948396164547,0.30590784468201904,0.6531973157015263
Bidet all,offensive_language,0.046917543854519406,0.6277741405869331,0.3253083155585475
Bidet from Jersey,neither,0.0408364874901429,0.30689823255244486,0.6522652799574122
Hope you can add my question to the pile of questions before this starts Brian: What constitutes a stupid question?,neither,0.10291617868238807,0.2964073403702841,0.6006764809473277
bidet from South Carolina,neither,0.04043176250036363,0.31376747187705417,0.6458007656225822
#areweontheinternet...,neither,0.03945320844208391,0.33037608806864915,0.630170703489267
requesting Cat as Grog,neither,0.03760447919663432,0.3617538481627902,0.6006416726405756
is it fursday yet?😺,neither,0.050052695646254655,0.32673043837326265,0.6232168659804829
bidet from GA,neither,0.040737273169946825,0.30858215849491494,0.6506805683351382
was catt mercer the alternate name for caleb's cat?,neither,0.03477928180912799,0.30127066060157237,0.6639500575892996
bidet from nyc,neither,0.04081748366884477,0.3072207769958956,0.6519617393352596
"Bidet from Delta, BC.",neither,0.040465664783706466,0.31319206165081714,0.6463422735654764
bidet,neither,0.03945320844208391,0.33037608806864915,0.630170703489267
the 29th,neither,0.03843498882663835,0.31168514531390124,0.6498798658594604
@Boblarry Wednesday,neither,0.03945320844208391,0.33037608806864915,0.630170703489267
hahahahahaha im so glad they used the cat cosplay pic,neither,0.0363604601413896,0.3984494727367773,0.5651900671218332
also bidet from South Carolina,neither,0.04032770108716398,0.3155336656376997,0.6441386332751363
You milk?,neither,0.06810701729268788,0.40776139747549034,0.5241315852318218
bidet,neither,0.03945320844208391,0.33037608806864915,0.630170703489267
@JollyGreen1881 Bidet neighbor,neither,0.03945320844208391,0.33037608806864915,0.630170703489267
Mau mew mew nya mew mew this? XD,neither,0.03911427663316333,0.3361286454075671,0.6247570779592696
did the cast like their pancakes?,neither,0.046723792196115076,0.3291605452292281,0.6241156625746567
Bidet from Portage IN,neither,0.041809934750563944,0.290376292048192,0.667813773201244
tomorrow I think,neither,0.040221710431227485,0.3173326036825119,0.6424456858862607
Bidet from Calormen :D,neither,0.04228451509352876,0.2823214250720796,0.6753940598343917
Bidet.,neither,0.03945320844208391,0.33037608806864915,0.630170703489267
bidet from Brooklyn,neither,0.04079557052152802,0.30759270029461827,0.6516117291838538
@verbalasphyxiation VoteYea VoteYea,neither,0.03945320844208391,0.33037608806864915,0.630170703489267
hopefully my internet will stay on long enough to watch the episode. it keeps going in and out,neither,0.033765061403520404,0.35778155493182323,0.6084533836646564
will cats be present on todays talks?,neither,0.040908098241482664,0.22430366735219945,0.7347882344063178
TALKS! what time does this ish kickoff?,neither,0.030850795561627675,0.44340217621842815,0.5257470282199442
@dani1688 ayy Im in va Beach! Bidet!,neither,0.03883270871075163,0.3539514914630818,0.6072157998261666
@droberts4451 hey.... you milk?,neither,0.06080822893922131,0.389544626912444,0.5496471441483347
wonder how the next live episode will be with these new characters,neither,0.04216199274479635,0.3191343553768023,0.6387036518784014
I have to say there has been some very cute cat cosplay so far,neither,0.03876182517349367,0.3227695063353551,0.6384686684911512
So at midnight @lavendertownsghost ?,neither,0.038438883457259966,0.4146173329273172,0.546943783615423
"@Badbing55 ha, Bidet right back atcha",neither,0.03863680425689014,0.346309344335065,0.6150538514080449
lol,neither,0.020706217963973744,0.4882283491876925,0.4910654328483337
"Cat Mercer is ACTUALLY what Frumpkin looks like, they just didn't want to admit i",neither,0.04513867267159865,0.3751406232925957,0.5797207040358056
"Ack, Selina be careful",neither,0.04003577326701391,0.33525441090997915,0.6247098158230069
Bidet from PA,neither,0.04069404815304118,0.30931579984010865,0.6499901520068502
Bidet.,neither,0.03945320844208391,0.33037608806864915,0.630170703489267
Bidet from South Dakota,neither,0.04041079298828133,0.31412337922315653,0.6454658277885622
bidet from massachusetts,neither,0.04069404815304118,0.30931579984010865,0.6499901520068502
Is Frumpkin also a guest?,neither,0.04773923786561042,0.32752614258902657,0.6247346195453629
bidet from Omaha,neither,0.04228451509352876,0.2823214250720796,0.6753940598343917
is there a list of the chatbot commands?,neither,0.047816005945525965,0.26502273742248966,0.6871612566319844
Bidet to you all,offensive_language,0.1465191337486792,0.6650830858525114,0.18839778039880933
Bidet from hotel with bidet,neither,0.028602594871656947,0.3520672500596474,0.6193301550686957
Talks Machina is on every Tuesday 7pm - 8pm PST http://www.wheniscriticalrole.com/talksmachina,neither,0.04000392966313582,0.27734818689170626,0.6826478834451579
Hey everyone! Bidet !,neither,0.031959242684595296,0.4575682446653829,0.5104725126500218
So How Do You Want To Mew This,neither,0.0786066612579333,0.44690169461812795,0.47449164412393874
bidet from Easter Europe,neither,0.04034574383703774,0.31522743308451706,0.6444268230784452
Taking a break from writing my campaign to be inspired by talks,neither,0.03761657062382253,0.39438364869407255,0.567999780682105
Bidet from Kentucky,neither,0.04071751644889743,0.3089174816120565,0.6503650019390461
!clock,neither,0.03945320844208391,0.33037608806864915,0.630170703489267
anyone see Matt at Paradise City in FL?,neither,0.03897584219936388,0.3449313129929426,0.6160928448076937
It is currently Tuesday 6:53 PM at the Geek & Sundry studio in California.,neither,0.05097720567189733,0.32965618653669476,0.6193666077914081
ayoo,neither,0.03945320844208391,0.33037608806864915,0.630170703489267
Bidet from San Diego!,neither,0.040446282760733435,0.31352102516371877,0.6460326920755478
gandsSCANLAN,neither,0.03945320844208391,0.33037608806864915,0.630170703489267
Bidet from Missouri,neither,0.04071751644889743,0.3089174816120565,0.6503650019390461
bidet,neither,0.03945320844208391,0.33037608806864915,0.630170703489267
Mew for Initiative,neither,0.03296554473014691,0.29799019813725613,0.669044257132597
@post_wednesday Bidet!,neither,0.03945320844208391,0.33037608806864915,0.630170703489267
"bidet from Philly, home of the greased light pole climbers.",neither,0.039546100170241086,0.30541691352253125,0.6550369863072276
@Boblarry don't know the time. i would assume at midnight,neither,0.0368726019945264,0.34690435494484356,0.6162230430606299
Bidet from Oregon.,neither,0.04071751644889743,0.3089174816120565,0.6503650019390461
Hey everyone! I have refreshed a couple of times but the channel says offline.,neither,0.03278683191131554,0.39807462938275257,0.569138538705932
OMG love the Frumpkin cosplay lol,neither,0.029925665025079682,0.37434083943431057,0.5957334955406097
Bidet folks joining chat :),neither,0.03945320844208391,0.33037608806864915,0.630170703489267
"instead of ale, we now serve catnip",neither,0.03931611528031833,0.33270291680845265,0.6279809679112289
any ideas?,neither,0.03945320844208391,0.33037608806864915,0.630170703489267
Cat Meowcer,neither,0.03945320844208391,0.33037608806864915,0.630170703489267
I never see anyone else from Tenessee in her :(,offensive_language,0.029244396248797183,0.540834759855401,0.42992084389580193
WASSUP YA'LL,offensive_language,0.1642133772459443,0.42693253731498926,0.40885408543906654
love that cat,neither,0.030974231115665277,0.4026058200222855,0.5664199488620492
Cat Mercer So Cute! (>.<),neither,0.041865303730186494,0.3476059164521102,0.6105287798177033
Bidet!,neither,0.03945320844208391,0.33037608806864915,0.630170703489267
hello everyone,neither,0.03269494828970791,0.4450814005079928,0.5222236512022994
Bidet from Tucson!,neither,0.04228451509352876,0.2823214250720796,0.6753940598343917
bidet from a beach,neither,0.04078317879478948,0.307803020237201,0.6514138009680096
@oh_bother their climb check is off the charts,neither,0.044377855358017956,0.31715616628415266,0.6384659783578294
bidet,neither,0.03945320844208391,0.33037608806864915,0.630170703489267
Any bets on the new group's team name?,neither,0.03925303160720076,0.2538279494226902,0.706919018970109
@sebulasenathun try sending an error report,neither,0.039685036269084685,0.3264413648220294,0.633873598908886
@jollygreen1881 the 4 am streams thats what I live for,neither,0.041412044326810594,0.2921484709522966,0.6664394847208928
I like you Salbastro lol,offensive_language,0.09315886963780097,0.6377257897221636,0.26911534064003534
@jaraco59 she's only got room for you,offensive_language,0.04919740409450444,0.49793393467344405,0.45286866123205155
restart your browser,neither,0.22728749627707062,0.27565537899417075,0.4970571247287587
Bidet from Kentucky,neither,0.04071751644889743,0.3089174816120565,0.6503650019390461
How'd they miss that @Salbastro,neither,0.0270092343891107,0.38642235283956633,0.586568412771323
TALKS MACHINA!!!!!!!!!!!!!!!!,neither,0.03945320844208391,0.33037608806864915,0.630170703489267
Bidet from Wisconsin!,neither,0.04071751644889743,0.3089174816120565,0.6503650019390461
Bidet from Texarkana,neither,0.04062582848913359,0.31047366557575606,0.6489005059351104
:O,neither,0.03945320844208391,0.33037608806864915,0.630170703489267
jol420,neither,0.03945320844208391,0.33037608806864915,0.630170703489267
how did they get a cat to do that?,neither,0.04271362845279853,0.373134213262839,0.5841521582843625
bunHype bunHype bunHype bunHype bunHype,neither,0.03945320844208391,0.33037608806864915,0.630170703489267
Right now I just call them the Lovable Disaster Squad,neither,0.04408003645243607,0.3415134461409626,0.6144065174066013
Beep beep y'all,offensive_language,0.046917543854519406,0.6277741405869331,0.3253083155585475
1pm lunchtime stream xD,neither,0.03945320844208391,0.33037608806864915,0.630170703489267
anyone from st.louis missouri?,neither,0.04020981754295052,0.31753445703453703,0.6422557254225125
"@RozukeRed i've seen ""widogast and the widocast"" on tumblr",neither,0.018113603275654915,0.2819508014503732,0.699935595273972
omg Catt Mercer,neither,0.03945320844208391,0.33037608806864915,0.630170703489267
this. is. weird.,neither,0.051640900227740635,0.3284033087594252,0.6199557910128343
🤪,neither,0.03945320844208391,0.33037608806864915,0.630170703489267
hello?,neither,0.03945320844208391,0.33037608806864915,0.630170703489267
Team Bollocks,neither,0.03945320844208391,0.33037608806864915,0.630170703489267
Bidet from the UK,neither,0.039613273355342184,0.2892653269430044,0.6711213997016535
"yeah, how did they not pick up on Cat Meowcer...",neither,0.02520141265292192,0.4166185394643226,0.5581800478827555
oh long Johnson,neither,0.04461176537998627,0.27680567047884375,0.6785825641411699
@shidareaki The Goldfishes,neither,0.03613032604487659,0.2619290779399786,0.7019405960151449
"@JollyGreen1881 I still don't understand, must have had a boost for advantage... inspiration and rolled a 20",neither,0.03591373428093364,0.30059792579366973,0.6634883399253966
@post_wednesday I'm blessed by being on the west coast of the USA...glad you can join us though!,neither,0.06098166331110144,0.3730680784850208,0.5659502582038778
Beep beep!,neither,0.03945320844208391,0.33037608806864915,0.630170703489267
Bidet everyone!,offensive_language,0.02988896790634741,0.4927062106388782,0.4774048214547744
gandsOwl,neither,0.03945320844208391,0.33037608806864915,0.630170703489267
talks machina right? :),neither,0.038227821277898616,0.3542730969030293,0.6074990818190721
Bidet from Oregon,neither,0.04071751644889743,0.3089174816120565,0.6503650019390461
I love the disaster squad,neither,0.03618065006039423,0.3276359057802461,0.6361834441593596
Bidet,neither,0.03945320844208391,0.33037608806864915,0.630170703489267
Bidet from KC,neither,0.04066490145509902,0.30981049537100724,0.6495246031738937
Bidet from Wisconsin!,neither,0.04071751644889743,0.3089174816120565,0.6503650019390461
cat cosplay is amazing i follow them on tumblr they have extra talented kitties!,neither,0.04897723358290544,0.3364776996636535,0.614545066753441
beep beep!,neither,0.03945320844208391,0.33037608806864915,0.630170703489267
lol Cat Mercer,neither,0.028661385307524167,0.4117519127548742,0.5595867019376017
Bidet from South Carolina,neither,0.04043176250036363,0.31376747187705417,0.6458007656225822
am I alone in here?,neither,0.09721127491143934,0.28571118215378705,0.6170775429347737
yes,neither,0.03945320844208391,0.33037608806864915,0.630170703489267
yes @mabeasto,neither,0.03945320844208391,0.33037608806864915,0.630170703489267
Catt Mercer makes me deeply happy.,neither,0.03299343056434293,0.3649407516566209,0.6020658177790361
@mabeasto yes,neither,0.03945320844208391,0.33037608806864915,0.630170703489267
Beep beeep from Holland,neither,0.04228451509352876,0.2823214250720796,0.6753940598343917
"i Highly enjoy Nott, Jester & #TexBlade",neither,0.03945320844208391,0.33037608806864915,0.630170703489267
@zuno_0 they rolled a cat 20 on animal handeling,neither,0.037320496677470796,0.3405518753787321,0.6221276279437972
Talks Meowchina,neither,0.03945320844208391,0.33037608806864915,0.630170703489267
Team CalebTheWolf,neither,0.03945320844208391,0.33037608806864915,0.630170703489267
Bidet Everyone!,offensive_language,0.02988896790634741,0.4927062106388782,0.4774048214547744
bidet from Utah fellow critters!,neither,0.040391260989805194,0.3144548882117505,0.6451538507984442
The Frumpkin League,neither,0.03823936441126825,0.3079604620448533,0.6538001735438785
@zuno_0 profursional meowdal,neither,0.03945320844208391,0.33037608806864915,0.630170703489267
bidet from Illinois,neither,0.04069404815304118,0.30931579984010865,0.6499901520068502
Bider from MA,neither,0.031816597323666866,0.4599893087150652,0.5081940939612679
cat cosplay is amazing,neither,0.04608840562379969,0.3280939394968924,0.6258176548793078
*bidet,neither,0.03945320844208391,0.33037608806864915,0.630170703489267
trouble troupe,neither,0.03945320844208391,0.33037608806864915,0.630170703489267
Bidet from Portland!,neither,0.04066490145509902,0.30981049537100724,0.6495246031738937
Bidet from Portugal!,neither,0.04062582848913359,0.31047366557575606,0.6489005059351104
ALL HAIL VECNA,neither,0.04167083427717469,0.4183849112737958,0.5399442544490295
bidet from seattle,neither,0.040754399270683486,0.3082914838698526,0.650954116859464
@ben_zun you're never alone...Santa Claus is always watching,neither,0.07060155823657895,0.412579027218426,0.5168194145449949
Needs longer hair. gandsOwl,neither,0.03945320844208391,0.33037608806864915,0.630170703489267
bidet from scotland,neither,0.04062582848913359,0.31047366557575606,0.6489005059351104
@ben_zun bidet,neither,0.03945320844208391,0.33037608806864915,0.630170703489267
@rawcessor gandsJesstatorship,neither,0.03945320844208391,0.33037608806864915,0.630170703489267
Bidet from Cali weed1 weed2,neither,0.04079557052152802,0.30759270029461827,0.6516117291838538
Bidet from New Mexico!,neither,0.04441189881032757,0.21402420332822164,0.7415638978614508
@dragonchrome danka friend ^^,neither,0.03945320844208391,0.33037608806864915,0.630170703489267
#MiewCanCertainlyTry,neither,0.03945320844208391,0.33037608806864915,0.630170703489267
hmm... mystery sowardsmen,neither,0.03945320844208391,0.33037608806864915,0.630170703489267
"Not sure if I was the only one, but I replied to the original Cat Cosplay post with ""Catt Mercer""....and that's what's stuck...",neither,0.024418677625401595,0.4326977239308025,0.5428835984437959
Bidet Minnesota,neither,0.03945320844208391,0.33037608806864915,0.630170703489267
bidet from michigan,neither,0.040769555981420263,0.3080342349327864,0.6511962090857933
Bidet from OK,neither,0.04104157946423444,0.3034172865047108,0.6555411340310547
BIDET ALL!!!,offensive_language,0.046917543854519406,0.6277741405869331,0.3253083155585475
"""Everyone roll purrception checks""",neither,0.034027203747320926,0.42246954848261664,0.5435032477700624
who's playing with the sword?,neither,0.029270784567694694,0.4061419814360996,0.5645872339962056
Bidet from Malta!,neither,0.04228451509352876,0.2823214250720796,0.6753940598343917
chris,neither,0.03945320844208391,0.33037608806864915,0.630170703489267
We could call them Cirque du Oi Vey,neither,0.0478123109465468,0.32717098284028096,0.6250167062131723
bidet from PA,neither,0.04069404815304118,0.30931579984010865,0.6499901520068502
"Evening chat, bidet from Fort Smith, Arkansas. :D",neither,0.04016438856970791,0.31830550527063667,0.6415301061596554
"Bidet from Lawrence, KS, and may you all have a good beep beep.",neither,0.05587260976551209,0.3655840142360069,0.578543375998481
Bidet from Arizona Critters!,neither,0.04078317879478948,0.307803020237201,0.6514138009680096
"Howdt, from ATX",neither,0.04228451509352876,0.2823214250720796,0.6753940598343917
Bidet from Massachusetts!,neither,0.04069404815304118,0.30931579984010865,0.6499901520068502
sword guy!,neither,0.03897224588460658,0.3385392778812917,0.6224884762341019
Bidet from Michigan~!,neither,0.040769555981420263,0.3080342349327864,0.6511962090857933
Catt Mouser disaproves of typo in his name.,neither,0.08109010817583495,0.33168090044079135,0.5872289913833738
I find it fund that Beau uses a staff...a Beau staff,neither,0.038928966331425834,0.3045678940936378,0.6565031395749363
who's the nerd on set,neither,0.036527473829269796,0.3841051328235795,0.5793673933471508
I did that in the marching band.,neither,0.034471841065383174,0.35772590699054096,0.6078022519440759
It looks like Talesin with a sword,neither,0.03600794815561752,0.3818540634113488,0.5821379884330335
whos that fool with the sword?,neither,0.02844551015721916,0.37564390936973274,0.5959105804730482
gandsTrinket,neither,0.03945320844208391,0.33037608806864915,0.630170703489267
bidet from Virginia Beach!,neither,0.040454134749990676,0.3133877564139642,0.6461581088360451
sword,neither,0.03945320844208391,0.33037608806864915,0.630170703489267
bidet from Orlando!,neither,0.04062582848913359,0.31047366557575606,0.6489005059351104
Bidet from austin yall,neither,0.039001318490161335,0.338045839891573,0.6229528416182658
Bidet from Earth,neither,0.040900798001632634,0.3058067153354034,0.653292486662964
"gonna cut your hand off like that, Tal.",neither,0.06735207152841818,0.40182219832247495,0.5308257301491068
sword guy may do poi,neither,0.04156273979907919,0.3154188487817587,0.6430184114191619
"Bidet from the Twin Cities, land of the dead and cold",neither,0.03859674598117286,0.2776498957906504,0.6837533582281767
hey Arizona!,neither,0.03945320844208391,0.33037608806864915,0.630170703489267
"#WeHaveSwordGuy, HiChris",neither,0.03945320844208391,0.33037608806864915,0.630170703489267
One cabbage to rule them all,neither,0.06713723275774501,0.4319907782024164,0.5008719890398386
You’ll put your eye out,neither,0.11048226814592782,0.38028584845269864,0.5092318834013737
Bidet from CT,neither,0.04066490145509902,0.30981049537100724,0.6495246031738937
"Bidet from Columbus, OH",neither,0.046217305438488294,0.25826826087262716,0.6955144336888845
Catt Mercer is king.,neither,0.05218188829695341,0.3259981113852754,0.6218200003177712
sword twirling,neither,0.03945320844208391,0.33037608806864915,0.630170703489267
LUL,neither,0.03945320844208391,0.33037608806864915,0.630170703489267
Bidet from Appleton WI,neither,0.040737273169946825,0.30858215849491494,0.6506805683351382
"Cirque de oi vey, I'm dying.",neither,0.03945320844208391,0.33037608806864915,0.630170703489267
@lavendertownsghost chris lockey social manager for GnS,neither,0.034366679794337586,0.30496497522770516,0.6606683449779573
yeeeaa,neither,0.03945320844208391,0.33037608806864915,0.630170703489267
Bidet,neither,0.03945320844208391,0.33037608806864915,0.630170703489267
"""Who needs to hang around? I'VE CAT DUNGEONS AND DRAGONS!""",neither,0.026700823821476788,0.3279423004833752,0.6453568756951481
"That is Chris Lockey, he runs the GnS Twitter and he's awesome",neither,0.047817867210382656,0.3871279050808616,0.5650542277087557
what does bidet mean?,neither,0.027815304832343783,0.4783471917130365,0.49383750345461963
it's the cattening!,neither,0.03324079787543189,0.28729122359747633,0.6794679785270917
"jeez, has it almost been three years? where does the time go",neither,0.029624885302422348,0.40364521210092397,0.5667299025966538
it says 0 viewers but we’re all here?,neither,0.09358747534074749,0.33947795225256294,0.5669345724066895
First time watching live!,neither,0.03513206370154816,0.3516282956383994,0.6132396406600524
Hi Chat! Checking in from NY!!,neither,0.040199655811948794,0.31770692812964085,0.6420934160584104
Bidet from Nova Scotia!!,neither,0.04228451509352876,0.2823214250720796,0.6753940598343917
ohp not tal,neither,0.03798429109608333,0.3359028173923576,0.626112891511559
woot,neither,0.03945320844208391,0.33037608806864915,0.630170703489267
