text,top_class,hate_speech,offensive_language,neither
On with the show!,neither,0.036115713156883715,0.26841761220662735,0.6954666746364889
There may come a day when Asinine Wisdom goes off without a hitch. But it is not this day,neither,0.03505462570696009,0.32700080238831386,0.6379445719047261
!wtfisthis,neither,0.03945320844208391,0.33037608806864915,0.630170703489267
Asinine Wisdom is where common sense and civil discourse go to die. Two idiots (Jake Bennett and Daryl Crittenden) and one unfortunate guest get to the bottom of the issues no one is talking about.,neither,0.08447096936480233,0.23498343136853395,0.6805455992666638
Oh boy oh boy this is my first time watching with audio,neither,0.031681088744444426,0.355081192546165,0.6132377187093905
here we go,neither,0.13156755280784707,0.2765461283225309,0.5918863188696221
gandsClassic gandsSubHype gandsRage gandsNopeNopeNope gandsApplaud,neither,0.03945320844208391,0.33037608806864915,0.630170703489267
do you have to be sub for x time to unlock? or is every room locked on discord?,neither,0.056289732272193166,0.35453185374007246,0.5891784139877343
Oh snap,neither,0.04610041286253887,0.2676795543969371,0.6862200327405242
I posted on their Facebook page the other day! and got such a fast response! go Vols!!,neither,0.029767640460069734,0.32543741105373253,0.6447949484861978
@TheDiMono... lol,neither,0.020706217963973744,0.4882283491876925,0.4910654328483337
o_O,neither,0.03945320844208391,0.33037608806864915,0.630170703489267
@shidareaki still not guarenteed there is audio,neither,0.04465250202451682,0.3073038622236498,0.6480436357518332
You have been warned,neither,0.05587275035487369,0.3954530396019965,0.5486742100431298
opinions WutFace,neither,0.03945320844208391,0.33037608806864915,0.630170703489267
Because these Opinons are Dumb... that's the point.,neither,0.07296781218451476,0.3785347364635148,0.5484974513519705
ooooh poggers an actual intro!,neither,0.039737837611225665,0.32554518824537465,0.6347169741433996
oh @jeffm0307,neither,0.051363287716059566,0.22255663153133606,0.7260800807526044
ba da ba ba ba i'm lovin it!,neither,0.04719522625754464,0.36346083793943096,0.5893439358030245
o____O,neither,0.03945320844208391,0.33037608806864915,0.630170703489267
I feel like the ackward pause should have taken longerto load...,neither,0.05489653096959389,0.3598701312234798,0.5852333378069262
O.o,neither,0.03945320844208391,0.33037608806864915,0.630170703489267
#wafflestomp,neither,0.03945320844208391,0.33037608806864915,0.630170703489267
gandsHR gandsHR gandsHR gandsHR gandsHR gandsHR gandsHR gandsHR gandsHR gandsHR gandsHR gandsHR gandsHR gandsHR gandsHR gandsHR gandsHR,neither,0.03945320844208391,0.33037608806864915,0.630170703489267
KappaPride,neither,0.03945320844208391,0.33037608806864915,0.630170703489267
hahahahaah,neither,0.03945320844208391,0.33037608806864915,0.630170703489267
gandsHR gandsHR gandsHR gandsHR,neither,0.03945320844208391,0.33037608806864915,0.630170703489267
Oh goooood,neither,0.04522550427656808,0.27558419280407476,0.6791903029193572
Oh lord,neither,0.046192855847311955,0.26685084782252855,0.6869562963301595
this show = gandsHR,neither,0.07072302385504221,0.19828210188316853,0.7309948742617893
"Guys, we're on!",neither,0.05915802960121505,0.31626514430649694,0.624576826092288
This is an interesting way to start :D,neither,0.05409248443016101,0.32138798270323754,0.6245195328666014
Aaaand were here!,neither,0.13456520426084662,0.23449934689861013,0.6309354488405432
aw man I guess we should leave,neither,0.04985367426481672,0.428052628258524,0.5220936974766592
This is is fantastic,neither,0.0584243026663215,0.3254594979572729,0.6161161993764055
"oh, it's these two guys :-) haha",neither,0.04817326525908315,0.4191237857272627,0.5327029490136542
Lol washed,neither,0.03009179247183033,0.39967238447864833,0.5702358230495214
Asinine Wisdom should start shortly,neither,0.05190419015139783,0.36666296321609654,0.5814328466325056
thank you for your patience,neither,0.08387793441644192,0.33637771217980555,0.5797443534037524
#wafflestomp!,neither,0.03945320844208391,0.33037608806864915,0.630170703489267
Maybe we should come back later..,neither,0.04876302071543822,0.39065546312020966,0.5605815161643521
Erika better have some Purrel.,neither,0.027298799017536488,0.365000133239137,0.6077010677433267
lol,neither,0.020706217963973744,0.4882283491876925,0.4910654328483337
gandsBrickBattle gandsBrickBattle,neither,0.03945320844208391,0.33037608806864915,0.630170703489267
aw poor fiz,neither,0.03945320844208391,0.33037608806864915,0.630170703489267
Oh wait is that opening new? or have i just missed it every time,neither,0.0425061209080517,0.2978240991783081,0.6596697799136403
"ok i can use welcom room, if someone wants to try and start a d&d game i'll try there",neither,0.018087069392364,0.34141041912912456,0.6405025114785113
Fizz!!!,neither,0.03945320844208391,0.33037608806864915,0.630170703489267
That dog is BAE,neither,0.040331069038715306,0.42784539032665153,0.5318235406346331
on discord,neither,0.02983740057173753,0.3797445071048369,0.5904180923234256
am i doing it right?,neither,0.036436150044374,0.35326993838979065,0.6102939115658353
Jake! Go Vols!!,neither,0.040930675173034156,0.33550639143972294,0.6235629333872428
"Hosts Jake Bennett ( twitter.com/jakegbennett ) and Daryl Crittenden ( twitter.com/irdaryl ),",neither,0.038222314226517534,0.4247464387323973,0.5370312470410853
oh i dont have permissions :(,neither,0.046129662001267675,0.2729639460830324,0.6809063919156998
Guys you are live now😄,neither,0.11584358994893852,0.32407381319099704,0.5600825968600645
Hahahha,neither,0.03945320844208391,0.33037608806864915,0.630170703489267
@Shadowstorm_0 Opening is new-ish!,neither,0.05054275215661935,0.2477913873041982,0.7016658605391826
Dogs erikas kryptonite,neither,0.03945320844208391,0.33037608806864915,0.630170703489267
EleGiggle,neither,0.03945320844208391,0.33037608806864915,0.630170703489267
tho its the only thing unlocked,neither,0.028522322964476314,0.3240647381169118,0.6474129389186118
Like FortyNiners.... but with more Ass,offensive_language,0.09831444767569332,0.901507661310727,0.0001778910135796039
Jebaited,neither,0.03945320844208391,0.33037608806864915,0.630170703489267
@SpicyBee89 oh cool!,neither,0.04720127955179003,0.2578925924460871,0.6949061280021229
WERE HERE FOR ERIKA :p,neither,0.10102944091488958,0.21584791432810485,0.6831226447570056
I'm glad i took tomorrow of work. it's gonna be necessary,neither,0.03806995905621372,0.3667790528742732,0.5951509880695132
only room unlocked Jebaited no permissions,neither,0.0383727184943024,0.3487148223365621,0.6129124591691355
Second time!,neither,0.037884292432374574,0.3570046872979239,0.6051110202697015
Nope. We're here to stay,neither,0.13274346050405122,0.25934674859604845,0.6079097908999004
I posted on your Facebook page the other day!,neither,0.04360817169144886,0.3159316688678193,0.6404601594407318
I love this show. crayCreep,neither,0.05833385288354363,0.23792695023094135,0.703739196885515
oh god FailFish FailFish,neither,0.047523175703714664,0.25506489023357065,0.6974119340627147
#teamchat,neither,0.03945320844208391,0.33037608806864915,0.630170703489267
#wafflestomp,neither,0.03945320844208391,0.33037608806864915,0.630170703489267
"its midnight for me, theres nothing for me to do",neither,0.02394744454080685,0.36814446502650144,0.6079080904326918
Yay Sound!,neither,0.03945320844208391,0.33037608806864915,0.630170703489267
Sound definitely helps,neither,0.03945320844208391,0.33037608806864915,0.630170703489267
had a dog that looked just like that :(,neither,0.03697707003518664,0.433703529530744,0.5293194004340694
we are asininemaniac,neither,0.10919184720806327,0.2383917025513002,0.6524164502406365
"Yes, almost better start than last week. :P",neither,0.039104250302919356,0.33629881839844405,0.6245969312986366
Woo sound!!!!!!,neither,0.03945320844208391,0.33037608806864915,0.630170703489267
Team chat for life!,neither,0.031003477546852634,0.3578703872694452,0.6111261351837022
If you don't know the word.... Go with whatever sounds close.,neither,0.02809118384899896,0.4196740018168618,0.5522348143341392
That is seriously the chillest dog I've ever seen,neither,0.0227924570739503,0.33478984345334106,0.6424176994727087
!poll new The Big Question | One Life To Live | Rules Of Engagement,neither,0.03460419884648106,0.3536910253955259,0.6117047757579931
"Danoba started a new poll: ""The Big Question"" - Head to https://www.strawpoll.me/14915402 to vote!",neither,0.03330330226880974,0.3393523930847806,0.6273443046464097
acidmaniacs,neither,0.03945320844208391,0.33037608806864915,0.630170703489267
Point of show ? O_o,neither,0.06078209670799136,0.23136650830387645,0.7078513949881321
How 'bout just 'niners'?,neither,0.027678416211844508,0.47075850898766636,0.5015630748004892
Rules of Engagement,neither,0.03945320844208391,0.33037608806864915,0.630170703489267
I don't think there is one.,neither,0.04957087341759823,0.3012372679804876,0.6491918586019142
!wtfisthis,neither,0.03945320844208391,0.33037608806864915,0.630170703489267
Asinine Wisdom is where common sense and civil discourse go to die. Two idiots (Jake Bennett and Daryl Crittenden) and one unfortunate guest get to the bottom of the issues no one is talking about.,neither,0.08447096936480233,0.23498343136853395,0.6805455992666638
A-S-I Nine Wisdom,neither,0.03945320844208391,0.33037608806864915,0.630170703489267
There is no point,neither,0.04880656928379266,0.29228374852621225,0.658909682189995
Hahahhaah,neither,0.03945320844208391,0.33037608806864915,0.630170703489267
As the world turns,neither,0.03649200179863038,0.349216731759565,0.6142912664418045
A,neither,0.03945320844208391,0.33037608806864915,0.630170703489267
How about Ninnies?,neither,0.03638591120153141,0.3824361272487355,0.5811779615497331
Distract erika with puppies she wont care about fighting back,neither,0.03261679424244187,0.41702811997663314,0.5503550857809248
The Sands of time......,neither,0.035902517609923836,0.33713436683046505,0.6269631155596112
I didn't watch either of those shows when they were on TV ;),neither,0.03709560719986596,0.3382040711633575,0.6247003216367765
We love chat boy,neither,0.03638849719632885,0.3466158878461378,0.6169956149575333
< point,neither,0.03945320844208391,0.33037608806864915,0.630170703489267
show < point,neither,0.06241708494814732,0.22519745163289873,0.7123854634189539
LUL,neither,0.03945320844208391,0.33037608806864915,0.630170703489267
lol,neither,0.020706217963973744,0.4882283491876925,0.4910654328483337
"""Niners"" is a great callback to Deep Space 9.",neither,0.05149453083261147,0.30219366949304055,0.646311799674348
The legit trolling,neither,0.03860876713555841,0.3149521567944126,0.6464390760700289
i feel like d&d should be big enough to start campaigns on the go nightly,neither,0.045032989463663194,0.4274891620741655,0.5274778484621713
Danoba is chatsworth now?,neither,0.05959795488098252,0.3234473860188262,0.6169546591001913
GUEST!,neither,0.03945320844208391,0.33037608806864915,0.630170703489267
gandsSubHype gandsSubHype gandsSubHype gandsSubHype gandsSubHype gandsSubHype gandsSubHype gandsSubHype gandsSubHype gandsSubHype gandsSubHype,neither,0.03945320844208391,0.33037608806864915,0.630170703489267
Office supplies usually arent that hard to steal,offensive_language,0.03457665302557666,0.5034419820778134,0.46198136489660996
@Shadowstorm_0 I always was...,neither,0.0361027395894697,0.4318185699971632,0.5320786904133671
but i have to wait 2 weeks for a 4 man group on roll 20 :(,neither,0.03509909455104576,0.3666328988131629,0.5982680066357913
gandsRyanHype,neither,0.03945320844208391,0.33037608806864915,0.630170703489267
PogChamp that a dog FrankerZ,neither,0.0332560015254347,0.3984332467342911,0.568310751740274
"wow, how did they get her?",offensive_language,0.029979811673937696,0.5610342087467761,0.4089859795792862
"Would they look any smarter, if the Crew was more on point? or is the camera guy running interference",neither,0.0328263517546671,0.343186719924171,0.623986928321162
Nice pinky,neither,0.03945320844208391,0.33037608806864915,0.630170703489267
@Danoba Well to them i thought you were chatboy lol,neither,0.08002988783320845,0.291050936448177,0.6289191757186146
we need Carrie Keranen back on the show lol,neither,0.0408042655301568,0.3051104340943184,0.6540853003755248
LMAO,neither,0.03705015143476208,0.3711622369619404,0.5917876116032975
gandsSubHype gandsSubHype gandsSubHype gandsSubHype gandsSubHype gandsSubHype,neither,0.03945320844208391,0.33037608806864915,0.630170703489267
*Applesauce*,neither,0.03945320844208391,0.33037608806864915,0.630170703489267
gandsSubHype gandsSubHype gandsSubHype gandsSubHype gandsSubHype gandsSubHype gandsSubHype gandsSubHype gandsSubHype gandsSubHype gandsSubHype gandsSubHype gandsSubHype,neither,0.03945320844208391,0.33037608806864915,0.630170703489267
aaaaand wrong door,neither,0.03945320844208391,0.33037608806864915,0.630170703489267
and shes gone,neither,0.038474794985318445,0.28685199840131753,0.6746732066133639
Kappa,neither,0.03945320844208391,0.33037608806864915,0.630170703489267
WHooooop WHOOP~~!!!,neither,0.03945320844208391,0.33037608806864915,0.630170703489267
tinytatoPotato tinytatoPotato tinytatoPotato tinytatoPotato tinytatoPotato stefBelle stefBelle stefBelle stefBelle stefBelle,neither,0.03945320844208391,0.33037608806864915,0.630170703489267
Guest Erika Ishii ( twitter.com/erikaishii ),neither,0.03883188742181423,0.4330010755830486,0.5281670369951371
truck nuts,neither,0.03945320844208391,0.33037608806864915,0.630170703489267
tinytatoPotato tinytatoPotato tinytatoPotato tinytatoPotato tinytatoPotato,neither,0.03945320844208391,0.33037608806864915,0.630170703489267
WOW Erika that's a dress,neither,0.034956650763887286,0.37941739607155395,0.5856259531645587
Dog should get a pay raise.,neither,0.0501164970207591,0.3713557835813362,0.5785277193979046
helllllllooooooooooo,neither,0.03945320844208391,0.33037608806864915,0.630170703489267
tinytatoPotato tinytatoPotato tinytatoPotato tinytatoPotato tinytatoPotato,neither,0.03945320844208391,0.33037608806864915,0.630170703489267
"@Shadowstorm_0 Haha, well they finally acknowledged my real name.",offensive_language,0.02583309143378145,0.5050227212953871,0.46914418727083135
doggo likes erika and noone else :D,neither,0.04295243073378623,0.3276572007852284,0.6293903684809853
tinytatoPotato tinytatoPotato tinytatoPotato tinytatoPotato tinytatoPotato tinytatoPotato,neither,0.03945320844208391,0.33037608806864915,0.630170703489267
tinytatoPotato tinytatoPotato tinytatoPotato tinytatoPotato tinytatoPotato tinytatoPotato tinytatoPotato tinytatoPotato tinytatoPotato,neither,0.03945320844208391,0.33037608806864915,0.630170703489267
This dog has a lot to offer to the political discourse.,neither,0.04887898429211161,0.3096851751834154,0.6414358405244731
And thanks for knocking down the banner >.<,neither,0.03344082848828061,0.2661445288325975,0.7004146426791218
oh look a dog just walked onto the set. and there's Erika,neither,0.039692573923659186,0.25117723095039496,0.7091301951259458
Puppy distraction powers enabled,neither,0.03945320844208391,0.33037608806864915,0.630170703489267
"I was lured here, nm",neither,0.16237291887918595,0.2531150994017352,0.5845119817190788
@Danoba finally! I think youve finally made it! (thats how it works right?),neither,0.03778880972840357,0.335822051798536,0.6263891384730604
samuPop I gots ma popcorn ready samuPop,neither,0.03432080309638442,0.41748640129576614,0.5481927956078494
"@Shadowstorm_0 Yes, that's exactly how it works.",neither,0.03506836425770053,0.36611606789925,0.5988155678430495
DOGGGGGGGGGY,neither,0.03945320844208391,0.33037608806864915,0.630170703489267
@Danoba You moving up LUL,neither,0.05179036654795467,0.42729105611870566,0.5209185773333397
Erika is absolutely gorgeous!! #teamerika gandsLessthanthree gandsLessthanthree gandsLessthanthree gandsLessthanthree gandsLessthanthree,neither,0.047774537371626846,0.32751400147022747,0.6247114611581458
Why not a thunder round? No one ever does thunder rounds.,neither,0.026230355872506356,0.42733658553832277,0.546433058589171
Erika looks so pretty <3,neither,0.03940833842788221,0.3890696756524018,0.571521985919716
AngryJack,neither,0.03945320844208391,0.33037608806864915,0.630170703489267
So this is going well.,neither,0.04717744985455304,0.4170414452841897,0.5357811048612573
this show = ridiculousness and i love it,neither,0.04731407599917299,0.24185595934725287,0.7108299646535742
LUL,neither,0.03945320844208391,0.33037608806864915,0.630170703489267
"@thy_reckoner thats cause thunder comes after lightning, but the show always ends too soon",neither,0.04265855149785227,0.3344519064222064,0.6228895420799413
anyone in chat wanna start a d&d game? (new player),neither,0.0376083964349623,0.30905454610243893,0.6533370574625988
LUL,neither,0.03945320844208391,0.33037608806864915,0.630170703489267
Erika always looks pretty. It is a side effect of being pretty.,neither,0.03579844764634711,0.40143362310879943,0.5627679292448535
so freaking adorable!,neither,0.03941233522133582,0.37293494021247164,0.5876527245661926
LOL,neither,0.020706217963973744,0.4882283491876925,0.4910654328483337
"the worse they are at their job, the better the show",neither,0.07568310936102317,0.1440364134595137,0.7802804771794631
such quality,neither,0.03973609482554211,0.3255747678667328,0.634689137307725
Everybody gets a little,neither,0.03909563778168713,0.3364449953606443,0.6244593668576685
LUL,neither,0.03945320844208391,0.33037608806864915,0.630170703489267
Lightning.... like a stork.,neither,0.10032665912632961,0.39589500941497124,0.5037783314586992
hi concept,neither,0.03945320844208391,0.33037608806864915,0.630170703489267
"Wow, the fx",neither,0.03800837791401139,0.3034905907864531,0.6585010312995355
10/10 I now accept the lightning round.,neither,0.03882191645456229,0.31891120796489036,0.6422668755805475
PogChap //,neither,0.03945320844208391,0.33037608806864915,0.630170703489267
,neither,0.03945320844208391,0.33037608806864915,0.630170703489267
HAHAHA,neither,0.03945320844208391,0.33037608806864915,0.630170703489267
Quality,neither,0.03945320844208391,0.33037608806864915,0.630170703489267
"No, not the lightning round",neither,0.03570994842930289,0.3340366291401011,0.630253422430596
PogChamp //,neither,0.03945320844208391,0.33037608806864915,0.630170703489267
tangYay tangYay,neither,0.03945320844208391,0.33037608806864915,0.630170703489267
Amazing!!!!!!,neither,0.03945320844208391,0.33037608806864915,0.630170703489267
10outta10 that's what I call quality xD,neither,0.04084575589987904,0.36985896506491467,0.5892952790352062
Amazing,neither,0.03945320844208391,0.33037608806864915,0.630170703489267
"Erikas like, wtf i got myself into",offensive_language,0.053163416687772094,0.6525549333893095,0.29428164992291844
I looked it.,neither,0.03734314878368859,0.3311018343432283,0.6315550168730831
HAHAHAHA,neither,0.03945320844208391,0.33037608806864915,0.630170703489267
jake :O,neither,0.03945320844208391,0.33037608806864915,0.630170703489267
@PipersTwin gandsLessthanthree,neither,0.03945320844208391,0.33037608806864915,0.630170703489267
lol,neither,0.020706217963973744,0.4882283491876925,0.4910654328483337
quackers,neither,0.03945320844208391,0.33037608806864915,0.630170703489267
gandsApplaud gandsApplaud gandsApplaud gandsApplaud gandsApplaud,neither,0.03945320844208391,0.33037608806864915,0.630170703489267
I GET IT,neither,0.03490679507544832,0.35300313020848223,0.6120900747160695
Hot british birds with big feet?,neither,0.007277181349745202,0.16443265406061133,0.8282901645896434
the scandal,neither,0.03826739049100925,0.3084973326782542,0.6532352768307366
stop putting your ID on camera!,neither,0.06095094312805315,0.3974034075940969,0.54164564927785
Not real British birds,neither,0.007781562499011763,0.13786901177845065,0.8543494257225375
You can't find quality programming like this anywhere else,neither,0.06801634868891354,0.30216050203576533,0.6298231492753211
Hooooooooooooooooooo- Boi...This is...This is somethin.,neither,0.054088343959695355,0.3279426308968513,0.6179690251434534
omg the play on words,neither,0.035758316556111065,0.32756915448647095,0.636672528957418
"the word ""bird"" in the UK also means a young lady",neither,0.00698397266041599,0.1331364514706226,0.8598795758689614
lol xD,neither,0.020706217963973744,0.4882283491876925,0.4910654328483337
This is such high production,neither,0.04499979148399427,0.42446789746696795,0.5305323110490379
Southern love.,neither,0.0360053414055849,0.3465167256147498,0.6174779329796654
Star wars,neither,0.03945320844208391,0.33037608806864915,0.630170703489267
what other british birds with big feet are there?,neither,0.01387762821872318,0.13448307035800652,0.8516393014232704
someones girlfriend even,neither,0.03481985150783495,0.409016247340881,0.556163901151284
done.,neither,0.03795687855583607,0.3557727113480953,0.6062704100960686
Never google,neither,0.03478079192969708,0.3781287666894471,0.5870904413808559
LUL Roasted,neither,0.03945320844208391,0.33037608806864915,0.630170703489267
Thunder rounds.,neither,0.03945320844208391,0.33037608806864915,0.630170703489267
"evening all, I'd almost forgoteen that we'd conned Erika to come in :P",neither,0.04128129092788789,0.4419481317293944,0.5167705773427177
Erika doesnt know what she signed up for,neither,0.03712413497592549,0.40931225445461306,0.5535636105694615
That was amazing,neither,0.03448697269778191,0.38556091698872963,0.5799521103134886
correct,neither,0.03945320844208391,0.33037608806864915,0.630170703489267
YES..... Star Wars....,neither,0.03945320844208391,0.33037608806864915,0.630170703489267
Just say yes,neither,0.03334809961376452,0.35963821775737703,0.6070136826288585
Trek Wars,neither,0.03945320844208391,0.33037608806864915,0.630170703489267
Star Wars,neither,0.03945320844208391,0.33037608806864915,0.630170703489267
Californians always choose coke,neither,0.03780978393205967,0.38160507735869165,0.5805851387092487
trek wars,neither,0.03945320844208391,0.33037608806864915,0.630170703489267
Trek Wars. Which should totally be a real thing.,neither,0.04232375249661545,0.435019372191337,0.5226568753120476
"Erika's partially thinking ""Oh God.""",neither,0.043826867280731284,0.2884477409907017,0.667725391728567
They already broke Erika,neither,0.03808861360663928,0.35353682373487827,0.6083745626584823
Guac counts!,neither,0.03945320844208391,0.33037608806864915,0.630170703489267
no,neither,0.036918905254960256,0.37338982715841207,0.5896912675866277
"OOOOH, Guac is a yes! come on",neither,0.043683858915770764,0.3783098121582546,0.5780063289259747
Star.... gate!,neither,0.03945320844208391,0.33037608806864915,0.630170703489267
Sure!,offensive_language,0.030544123004943555,0.5442266193377375,0.42522925765731895
Guac!,neither,0.03945320844208391,0.33037608806864915,0.630170703489267
Sneeze,neither,0.03945320844208391,0.33037608806864915,0.630170703489267
Guac is a dip.,neither,0.05123134903440858,0.3263250454252152,0.6224436055403763
I'll allow it0,neither,0.03945320844208391,0.33037608806864915,0.630170703489267
#TeamGuest,neither,0.03945320844208391,0.33037608806864915,0.630170703489267
I don't see them taking notes.,neither,0.05213768140571424,0.323275043695667,0.6245872748986189
0/3,neither,0.03945320844208391,0.33037608806864915,0.630170703489267
