text,top_class,hate_speech,offensive_language,neither
Hello fellow sunflower! @sketchysunflower13,neither,0.03945320844208391,0.33037608806864915,0.630170703489267
oh no theyre going to raid us,neither,0.07628884119534188,0.31641212863981916,0.6072990301648389
Woo!!!,neither,0.03945320844208391,0.33037608806864915,0.630170703489267
oh hey Sammvitch!,neither,0.04724942694866229,0.25746865428102644,0.6952819187703113
@griff_0 It's the prettiest. High on my list of things I want cosplay of but will probably never see. (How do you cosplay a mohawk that floats 4 inches over the head?),neither,0.031958381535346296,0.43676776821161856,0.5312738502530352
We have a subscriber-only Discord server! Join here: https://discord.gg/geekandsundry (you'll need to sub and link it to your Twitch) and be a part of the fun!...Warning: It can take up to an hour for the server to update and give you access to the channels,neither,0.08464076273808444,0.286394834032893,0.6289644032290227
brace for impact,neither,0.034477710895131033,0.3055185417827828,0.6600037473220861
Hi amy!!!,neither,0.03945320844208391,0.33037608806864915,0.630170703489267
hey @misssunflower94!,neither,0.03945320844208391,0.33037608806864915,0.630170703489267
Hello All!,neither,0.04217753453783664,0.43734383323855475,0.5204786322236087
!twc,neither,0.03945320844208391,0.33037608806864915,0.630170703489267
"Here are some handy The Wednesday Club resources! TWC Reddit: reddit.com/r/WednesdayClub/ | Discord: https://discord.gg/6QK9fVB | Wednesday Club Fanclub on Facebook: facebook.com/groups/1945232949091586/ | Send in your thoughts, comic recommendations, questions, and more to Matt, Amy, and Taliesin at thewednesdayclub@geekandsundry.com",neither,0.05001524745118048,0.31503641584425707,0.6349483367045624
WHOOO!,neither,0.03945320844208391,0.33037608806864915,0.630170703489267
all the sunflowers! may you remind us of summer,neither,0.09688628648259115,0.3859759987327536,0.5171377147846553
Hey everybody! <3,neither,0.03945320844208391,0.33037608806864915,0.630170703489267
Hi @sp_acevex,neither,0.03945320844208391,0.33037608806864915,0.630170703489267
gandsLessthanthree gandsLessthanthree gandsLessthanthree gandsLessthanthree,neither,0.03945320844208391,0.33037608806864915,0.630170703489267
Hi everybody.,neither,0.03945320844208391,0.33037608806864915,0.630170703489267
hiii!,neither,0.03945320844208391,0.33037608806864915,0.630170703489267
Amy changed her hair colour?,offensive_language,0.031808107611042934,0.5139793733039809,0.4542125190849762
Hi Chat,neither,0.03945320844208391,0.33037608806864915,0.630170703489267
Amy I love your hair today!,neither,0.06105829482885654,0.31430179499281613,0.6246399101783274
Amy needs a new hair color to combat Taliesin's,neither,0.04877789129552879,0.25911813635416314,0.6921039723503082
Hey Chat!,neither,0.03945320844208391,0.33037608806864915,0.630170703489267
I can literally see that title card in my head,neither,0.02838733671874221,0.433106235283254,0.538506427998004
Thank you Chief! ;),neither,0.058617729219235186,0.393924339066521,0.5474579317142437
"Hi Matt, Whitney, Taliesin and Amy!",neither,0.03890076228068822,0.3032684197875661,0.6578308179317456
Dang that chalk art just keeps getting better and better. Ken's amazing.,neither,0.0330828321110259,0.37574710201314027,0.5911700658758338
#WhitneyClub!,neither,0.03945320844208391,0.33037608806864915,0.630170703489267
I started reading Doom Patrol because of that episode a couple weeks ago!,neither,0.0372962205764569,0.3536457958390185,0.6090579835845247
brace for impact!,neither,0.034477710895131033,0.3055185417827828,0.6600037473220861
"Help G&S make great content! $4.99/month gets you emotes, Minecraft server access, Sub Only VODs, and more! Every sub keeps the channel alive! twitch.tv/geekandsundry/subscribe",neither,0.043907990691603095,0.31135964332838284,0.644732365980014
Hi everyone! Happy to have come in right before they started. :),neither,0.03538424144070238,0.46158740538567294,0.5030283531736247
"@GeekandSundry Its okay, there was no audio",neither,0.033870823341592395,0.31073533676362514,0.6553938398947825
Re hrpgSub hrpgHyperHype gandsSubHype,neither,0.10802165902134243,0.2484119200751343,0.6435664209035233
wow the chalk art is anext level! :O,neither,0.04450078400383556,0.316853392340985,0.6386458236551794
@halfaringcircus dye the four inch base differently,neither,0.03890491211879104,0.3204395995045298,0.6406554883766792
Hi @PrimroseFrost,neither,0.03945320844208391,0.33037608806864915,0.630170703489267
!whodat,neither,0.03945320844208391,0.33037608806864915,0.630170703489267
"Amy Dallen ( twitter.com/enthusiamy ), Taliesin Jaffe ( twitter.com/executivegoth ), and Matt Key ( twitter.com/TheMattKey ) with special guest Whitney Moore ( twitter.com/TweetneyMoore ). Chalk art by Ken Nguyen ( twitter.com/minhwind ).",neither,0.04183702353668996,0.4598739955855259,0.49828898087778417
gandsLessthanthree,neither,0.03945320844208391,0.33037608806864915,0.630170703489267
Taliesin is absolutely Team Chaos,neither,0.04618408313174391,0.3280610316145606,0.6257548852536955
stefFremen STEFLING STAMPEDE stefFremen,neither,0.03945320844208391,0.33037608806864915,0.630170703489267
"Oooooh, that's so cool",neither,0.03370500952970764,0.45829613352409315,0.5079988569461991
I went to sleep for 4 hours. New record! grrrEyes grrrDerp,neither,0.04224781282986343,0.23816309439740982,0.7195890927727268
#TeamChaos!,neither,0.03945320844208391,0.33037608806864915,0.630170703489267
gandsSubHype gandsSubHype gandsSubHype gandsSubHype gandsSubHype gandsSubHype gandsSubHype gandsSubHype gandsSubHype gandsSubHype gandsSubHype gandsSubHype gandsSubHype gandsSubHype,neither,0.03945320844208391,0.33037608806864915,0.630170703489267
stefFremen STEFLING STAMPEDE stefFremen,neither,0.03945320844208391,0.33037608806864915,0.630170703489267
Welcome Steflings!!!,neither,0.03945320844208391,0.33037608806864915,0.630170703489267
Orrery,neither,0.03945320844208391,0.33037608806864915,0.630170703489267
stefFremen STEFLING STAMPEDE stefFremen,neither,0.03945320844208391,0.33037608806864915,0.630170703489267
God DAMN Ken Nguyen,offensive_language,0.044853445383050146,0.793617099425452,0.16152945519149775
stefFremen stefling stampede stefFremen,neither,0.03945320844208391,0.33037608806864915,0.630170703489267
"Hello, Steflings!",neither,0.03945320844208391,0.33037608806864915,0.630170703489267
#teamchaos,neither,0.03945320844208391,0.33037608806864915,0.630170703489267
DARK CRYSTAL YESSS,neither,0.03945320844208391,0.33037608806864915,0.630170703489267
"Hello, Stef and Steflings!",neither,0.03840264189818727,0.2749437060729204,0.6866536520288923
#team Anarchy!,neither,0.03945320844208391,0.33037608806864915,0.630170703489267
:D,neither,0.03945320844208391,0.33037608806864915,0.630170703489267
This is the best conversation,neither,0.04619078464638277,0.30514330862072014,0.6486659067328971
oooh Dark Crystal,neither,0.03945320844208391,0.33037608806864915,0.630170703489267
@chaoticloony Hey there! OH NO STEFLINGS INCOMING!,neither,0.04424157231522711,0.2416796900917134,0.7140787375930596
Hey Stef and Steflings.,neither,0.03823530628758278,0.2638960051144801,0.6978686885979372
Scandinavia has the best aurory,neither,0.03762692499653231,0.2883546890262369,0.6740183859772307
Hello Stef and Steflings!,neither,0.03840264189818727,0.2749437060729204,0.6866536520288923
Hi @StefWoodburn and raiders,neither,0.03868284165753408,0.29150793163893735,0.6698092267035286
Welcome steflings:D,neither,0.03945320844208391,0.33037608806864915,0.630170703489267
TEAM ANARCHY!,neither,0.03945320844208391,0.33037608806864915,0.630170703489267
"Awwww, Taliesin",neither,0.03945320844208391,0.33037608806864915,0.630170703489267
stefHeart stefRepresent,neither,0.03945320844208391,0.33037608806864915,0.630170703489267
Bene Gesserit witched on the chat!!!! :O,neither,0.03478645448244014,0.3269546303511023,0.6382589151664577
He has all the weird encyclopedias.,neither,0.04723653369569256,0.3803579239533036,0.5724055423510038
CHAOS :3,neither,0.03945320844208391,0.33037608806864915,0.630170703489267
No Cheif we are not,neither,0.07823212425981632,0.29288572247173517,0.6288821532684485
"Nope, Chief, not at all surprised",neither,0.039106195765755705,0.41154831817724863,0.5493454860569956
I did watch a lot of Dark Crystal.,neither,0.0438002781769759,0.32888093144931785,0.6273187903737062
"@ Chief: Nope, not surprised",neither,0.038335500136074445,0.33456689541434304,0.6270976044495825
chief no,neither,0.038362385563973554,0.3488901991310419,0.6127474153049846
oh Taliesin your childhood is... such an amazing yet sad thing,neither,0.07031003802208442,0.28542811210898134,0.6442618498689342
"talisin, had to much time as a child.",neither,0.038597394925660486,0.377497278079821,0.5839053269945185
"Not at all, Chief",neither,0.03902462331510267,0.4490219947857772,0.5119533818991202
"Hello, Wednesdaisies!",neither,0.03945320844208391,0.33037608806864915,0.630170703489267
I used to do that Matt. :D,neither,0.043339489801455015,0.3659163886005676,0.5907441215979774
no surprise,neither,0.038371243456029464,0.348739857585597,0.6128888989583736
gandsMasterStef gandsMasterStef gandsMasterStef,neither,0.03945320844208391,0.33037608806864915,0.630170703489267
STEFLINGS STAMPEDE stefFremen stefFremen stefFremen,neither,0.03945320844208391,0.33037608806864915,0.630170703489267
so did matt.,neither,0.0394097382927006,0.38032738027842666,0.5802628814288727
"<- was EXACTLY the same way with The Dark Crystal, no joke",neither,0.031523835472339876,0.34822381753455783,0.6202523469931024
I got bored in class and read the encyclopedias in the back of the room.... I have found my people.....,neither,0.04298687721500178,0.3564463389009566,0.6005667838840415
#encyclopedia love,neither,0.03217296676969875,0.3657703709031763,0.602056662327125
Taliesin just knows all of the words,neither,0.03544498687164517,0.40565627464907683,0.558898738479278
Stefling Stamped! stefRepresent stefHeart,neither,0.03945320844208391,0.33037608806864915,0.630170703489267
"@chiplickin And hell yeah, that's some awesome art",offensive_language,0.021993134338894643,0.6756682763602422,0.3023385893008631
"hey, dont knock it, i found the word i a book, just like Syzygy, and every other word",neither,0.0404702398478887,0.31933152712554747,0.6401982330265638
@DanManMtn HI!!!,neither,0.03945320844208391,0.33037608806864915,0.630170703489267
"BTW, this is the artist formerly known as ""GInquisitor"".",neither,0.04251367915111436,0.3410137515377451,0.6164725693111406
"Poor Tali, I would have been your friend as a kid",neither,0.058489471488479924,0.36163028379121687,0.5798802447203033
stefRage,neither,0.03945320844208391,0.33037608806864915,0.630170703489267
LUL,neither,0.03945320844208391,0.33037608806864915,0.630170703489267
"Taliesin's childhood, it should be noted, took place in 1912.",neither,0.05221261166242979,0.31993763205230813,0.6278497562852621
gandsNopeNopeNope gandsNopeNopeNope gandsNopeNopeNope,neither,0.03945320844208391,0.33037608806864915,0.630170703489267
welcome steflings!!,neither,0.03945320844208391,0.33037608806864915,0.630170703489267
The rambling is why I'm here tbh,neither,0.0684790190036275,0.29835944333924164,0.6331615376571308
I loved reading the World Book. :D,neither,0.038752814064772045,0.3176331758992576,0.6436140100359703
"Fun Fact: ""Taliesin"" is an anagram of ""Total Chaos"" or near enough.",neither,0.04439831899924343,0.3255399692931086,0.630061711707648
"Oh absolutely, Taliesin",neither,0.04610041286253887,0.2676795543969371,0.6862200327405242
I didn't hear it,neither,0.0216643753034874,0.3849474724276457,0.5933881522688668
Wow the table is clean today!!!,neither,0.044170937243438804,0.29777805676759495,0.6580510059889664
"Greet and Sundry, all!",neither,0.04026012590141775,0.3611324446235933,0.598607429474989
OMG IT'S Whitney gandsLessthanthree gandsSubHype,neither,0.03802960216596864,0.33086573154732873,0.6311046662867026
I read encyclopedia brittanica from a to z.,neither,0.051129605951483824,0.2994220835393589,0.6494483105091572
what word did Tal know??,neither,0.04407012228154883,0.3270495581247175,0.6288803195937337
hello!!,neither,0.03945320844208391,0.33037608806864915,0.630170703489267
More Whitney!! All day Whitney!!!,neither,0.04188326691990053,0.3566346730290601,0.6014820600510393
When I was young I confused orreries with aviaries,neither,0.01994345837837945,0.45658632992703374,0.523470211694587
hi TWC!!!!,neither,0.03945320844208391,0.33037608806864915,0.630170703489267
Rambling is the best part!,neither,0.04475102238844133,0.30869737928643226,0.6465515983251264
I <3 Tali. give me a hug tali! grrrHug grrrEyes,neither,0.031388263547671845,0.3744105169894598,0.5942012194628684
Sometimes,neither,0.03945320844208391,0.33037608806864915,0.630170703489267
LAST WEEK ON WEDNESDAY CLUB: they didn't start until 32 mins inm,neither,0.029976052439121628,0.36145621003086453,0.6085677375300138
BloodTrail,neither,0.03945320844208391,0.33037608806864915,0.630170703489267
Well hi! :D,neither,0.03945320844208391,0.33037608806864915,0.630170703489267
"Hey, chief, hey, I knew what an orrery was (although not how to spell it). And yes, it was from the Dark Crystal.",neither,0.04241854570210492,0.29767175238727817,0.659909701910617
"On Wednesday club, the show never starts, it is all preamble.",neither,0.05002020523643735,0.3492596940565648,0.6007201007069978
"Whitney and Amy together, can't handle the WIN :)",neither,0.03857722248771239,0.2920815412836119,0.6693412362286758
It's the eeend of the wooorld as we know it!,neither,0.03307908791545155,0.33677089558607165,0.6301500164984768
topical!,neither,0.03945320844208391,0.33037608806864915,0.630170703489267
Whitney ADULTING as usual,neither,0.03780167460879064,0.3584069273794812,0.6037913980117282
#ArtCam,neither,0.03945320844208391,0.33037608806864915,0.630170703489267
ive been getting back into fallout recently so thats perf,neither,0.03700013025146417,0.3942826320598424,0.5687172376886934
gandsLessthanthree,neither,0.03945320844208391,0.33037608806864915,0.630170703489267
Yay,neither,0.03945320844208391,0.33037608806864915,0.630170703489267
pjsalt1,neither,0.03945320844208391,0.33037608806864915,0.630170703489267
Chalk closeup so good.,neither,0.03889176188942807,0.36746850862246905,0.593639729488103
"Yeeeeeeeees, the #KenNguyenChalkArtCam",neither,0.03613032604487659,0.2619290779399786,0.7019405960151449
A syzygy is an alignment of planets. I didn't even need to google it. :D,neither,0.03566787670949076,0.3677391801623581,0.596592943128151
@Chix_with_Joystix Hey Liz!,neither,0.03945320844208391,0.33037608806864915,0.630170703489267
They have two thirds of the The Pull hosts.,neither,0.03786275673488821,0.29739569770327756,0.6647415455618343
I loved encyclopedias as a kid until I failed homework due to the books being too old.,neither,0.038320711647294246,0.35681851391532293,0.604860774437383
G&S should be called Geek & CHAOS & Sundry!,neither,0.049206439299419195,0.36107893642488614,0.5897146242756947
that's cool :3,neither,0.0331105145141573,0.4000689531361105,0.5668205323497322
hello,neither,0.03945320844208391,0.33037608806864915,0.630170703489267
so which one is the guest?,neither,0.0447229210439239,0.37902577183777403,0.576251307118302
chxSuccess,neither,0.03945320844208391,0.33037608806864915,0.630170703489267
good evening everybody! <3,neither,0.038803961152734184,0.33059939398308213,0.6305966448641837
gandsSubHype Welcome back gandsSubHype,neither,0.03945320844208391,0.33037608806864915,0.630170703489267
@Chix_with_Joystix good to see a Liz in chat. <3,neither,0.04598162254643773,0.3263798790890445,0.6276384983645179
lol @UniqTechniq,neither,0.020706217963973744,0.4882283491876925,0.4910654328483337
@Chix_with_Joystix Hi Liz!,neither,0.03945320844208391,0.33037608806864915,0.630170703489267
@SombreSavant3 The lovely lady in the white shirt!,hate_speech,0.45871087754498024,0.40961290844559894,0.1316762140094208
Do you remember an Aircel called Warlock 5.,neither,0.0621183853373584,0.378252887959995,0.5596287267026466
Whitney for permanent cohost!!!!!!!,neither,0.034330723673706695,0.30478573251735136,0.660883543808942
TOPIC: Describe your dystopian wasteland and the event(s) that led to it.,neither,0.056427877373790465,0.31414826987982575,0.6294238527463838
2/3rds of a The Pull reunion!,neither,0.038559819787360686,0.31403569017696853,0.6474044900356708
Hi @SirAbc,neither,0.03945320844208391,0.33037608806864915,0.630170703489267
my screen keeps going green is it just me?,neither,0.02714627907636188,0.43339679329896413,0.5394569276246739
How often do we see Amy's hair down? So pretty,neither,0.040237774615128154,0.36113656890341206,0.5986256564814598
Question: What post-apocalyptic comics DON'T terrify you? (I mean this seriously I love soft apocalypse),neither,0.049155567781229925,0.360308872086534,0.5905355601322362
We have comment cards!,neither,0.03881736919929157,0.3411679394270272,0.6200146913736813
<3 you chat fam,neither,0.058640525984142544,0.3839429613854663,0.5574165126303912
Bets on whether Taliesin gets even halfway through his notes this time?,neither,0.049887332725871265,0.36085301687871235,0.5892596503954165
metal comix 2night?,neither,0.03945320844208391,0.33037608806864915,0.630170703489267
House of Demons!,neither,0.03945320844208391,0.33037608806864915,0.630170703489267
Hi?,neither,0.03945320844208391,0.33037608806864915,0.630170703489267
Oooh!,neither,0.03945320844208391,0.33037608806864915,0.630170703489267
metal howlHowl,neither,0.03945320844208391,0.33037608806864915,0.630170703489267
gandsSubHype gandsSubHype gandsSubHype,neither,0.03945320844208391,0.33037608806864915,0.630170703489267
@cinphoria no bets,neither,0.036918905254960256,0.37338982715841207,0.5896912675866277
@chaoticloony Haaaai grrrEyes grrrHug,neither,0.03945320844208391,0.33037608806864915,0.630170703489267
yeah,offensive_language,0.013968601452186464,0.5182923869769311,0.4677390115708824
House of Demons: https://twitter.com/HouseOfDemonsX,neither,0.0389128169887645,0.4172975885361268,0.5437895944751087
gandsBrooklynCop gandsBrooklynCop,neither,0.03945320844208391,0.33037608806864915,0.630170703489267
House of Demons is the New Title: a movie.,neither,0.048883529433741225,0.22871783041257904,0.7223986401536796
Just like your real life Taliesin,offensive_language,0.0722149063982885,0.5705283836773114,0.35725670992440023
"""House of Demons"", aka ""The Residence of Taliesin Jaffe"". LOL",neither,0.03292569510814421,0.35887141370135,0.6082028911905059
"Amy is on this show, we're used to someone randomly yelling into a mic. :P",neither,0.06676252738412998,0.2793005720379743,0.6539369005778959
I feel that 'Age of Apocalypse' should get mentioned this episode.,neither,0.043579285796098405,0.38353808222337704,0.5728826319805247
"This is, obviously, a HORROR MOVIE",neither,0.0481486171024602,0.297763258367908,0.6540881245296317
Whitney may have made a whole show on how metal the post apocalyse is,neither,0.05137382595848099,0.2740387552764953,0.6745874187650238
@japenrose thanks,neither,0.035884468650613,0.3004919205142699,0.6636236108351171
@FerosR1 Sounds like a gpu driver problem,neither,0.04926568329703555,0.3447240835428265,0.606010233160138
@chaoticloony best name NA :),neither,0.038508369533599214,0.32246412869281144,0.6390275017735895
My favorite actors actually acting? oh joy!,neither,0.03484897477267688,0.35450897923044017,0.6106420459968829
"Looking forward to new ideas about comics, but my fave post-apoc anything is DEADLANDS HELL ON EARTH rpg!",offensive_language,0.038910046514555416,0.5408076215308478,0.4202823319545968
"QUESTION for Taliesin: Which Ren Faire people am I most likely to encounter in the post-apocalypse? Is it the Jousters? It's the Jousters, isn't it?",neither,0.05158822966952641,0.29424692495554455,0.6541648453749289
Whitney is the best! :),neither,0.045884199685318774,0.30483354442372795,0.6492822558909532
coma jokes hit close to home for me,neither,0.033549423948465114,0.33442461698513654,0.6320259590663984
"@cinphoria I love that you know all about it already, ha! You'll probably be better able to tell me where in LA it's playing",offensive_language,0.04942626067590203,0.486209538740888,0.4643642005832099
I liked thrashtopia.. not sure why but I liked it.,neither,0.02628135264032535,0.43387420217266054,0.5398444451870141
"Wait, Taliesin appears in actual films? I thought he gave that up for voice acting only",neither,0.0372180365108003,0.3096300636535539,0.6531518998356459
@japenrose I've been following it and waiting for release news for MONTHS xD It looks so good,neither,0.021384874163882465,0.2984719155303986,0.6801432103057189
"um ok i am loving taliesins hair, with this lighting we can actually see it in all its blue glory",neither,0.031470170757059296,0.3825530363949591,0.5859767928479817
Amy! Talk about your new book club.,neither,0.04397639262295856,0.28380904196401585,0.6722145654130256
I'm moshing out that I have to wait until 2019 for more Star Wars and Game of Thrones! #MoshItOut,neither,0.035579883051996955,0.30322294507886094,0.6611971718691421
#TheWhitneyShow!,neither,0.03945320844208391,0.33037608806864915,0.630170703489267
@SirAbc It is just my Alignment,offensive_language,0.023543438388129636,0.5023792305412635,0.4740773310706068
why hasn't Gamma World had a comic? seems like a natural fit,neither,0.03794831363008026,0.34852997363513466,0.613521712734785
!twc,neither,0.03945320844208391,0.33037608806864915,0.630170703489267
"Here are some handy The Wednesday Club resources! TWC Reddit: reddit.com/r/WednesdayClub/ | Discord: https://discord.gg/6QK9fVB | Wednesday Club Fanclub on Facebook: facebook.com/groups/1945232949091586/ | Send in your thoughts, comic recommendations, questions, and more to Matt, Amy, and Taliesin at thewednesdayclub@geekandsundry.com",neither,0.05001524745118048,0.31503641584425707,0.6349483367045624
"I'm so glad I woke up now (it is 3am in the UK, I went to sleep at 11pm lols)",neither,0.04376907543587779,0.38029101573156743,0.5759399088325547
@japenrose Amber Benson is in it!,neither,0.047627620202533694,0.32756453302165384,0.6248078467758124
Thrashtopia was suuuuuuch a good weird brain reset,neither,0.03869966228190749,0.33262404290463554,0.628676294813457
Thrashtopia is so fun. And continuing storyline was genuinely surprising.,neither,0.044500013848227736,0.3316007793424402,0.623899206809332
we always need moore of Whitney,neither,0.037537133760343136,0.38154382544858967,0.5809190407910672
@The_TBoyce Star Wars film comes out in May!,neither,0.037432016376097915,0.3250593344752074,0.6375086491486947
LUL,neither,0.03945320844208391,0.33037608806864915,0.630170703489267
what's tonight's topic?,neither,0.04215854472764021,0.3042576621489352,0.6535837931234246
Whitney's post-apocalyptic!Playhouse,neither,0.03945320844208391,0.33037608806864915,0.630170703489267
@cinphoria What?!? Oh man,neither,0.05809432058936661,0.3438401441189661,0.5980655352916673
RIGHT??,neither,0.03719022913728602,0.3744360956046963,0.5883736752580178
"""I may lick things"" - Taliesin Jaffe, 2018",neither,0.04093038583816839,0.30530453253129153,0.6537650816305401
He was on an episode,neither,0.04211110252911781,0.3391073780237476,0.6187815194471347
The ending of Thrashtopia got dark. :D,neither,0.037411416950383324,0.35702213626802703,0.6055664467815896
@japenrose I mean Episode IX.,neither,0.03945320844208391,0.33037608806864915,0.630170703489267
I NEED TO KNOW WHERE IT IS PLAYING,neither,0.05681760015508614,0.2889761501834495,0.6542062496614643
"@The_TBoyce Ahhh, gotcha",neither,0.03945320844208391,0.33037608806864915,0.630170703489267
"@chaoticloony I'm of the chaotic persuasion too, good or bad I can't decide. Neutral maybe? :D",neither,0.03628079206679318,0.32021072526812483,0.643508482665082
Evil Whitney!!!! :S,neither,0.03945320844208391,0.33037608806864915,0.630170703489267
YES end of Thrashtopia was jarringly wonderful,neither,0.0393462107073721,0.3321921188685445,0.6284616704240835
This episode fits perfectly as I am watching it whilst playing Fallout,neither,0.03757363272413536,0.34890400548947836,0.6135223617863863
Bad Whitney is my inner child,neither,0.03374933354390957,0.3913988799231421,0.5748517865329483
stefFremen,neither,0.03945320844208391,0.33037608806864915,0.630170703489267
Tal is the heir to the goblin kings throne @GeekandSundry All hail the king,neither,0.046798797605508244,0.33528255057322853,0.6179186518212634
I would totally team up with Taliesin to survive the apocalypse. He has a kit for that.,neither,0.03227547595188358,0.36329034220378364,0.6044341818443328
"Is Bad Whitney Bad, or is Whitney Bad Whitney?",neither,0.04127098551814696,0.329750871176928,0.6289781433049251
QUESTION: What's the secret word for today?,neither,0.037298081582927,0.2799245232072828,0.6827773952097902
"I play all the characters, who all kill each other.",offensive_language,0.2661542136791236,0.3780031090144631,0.3558426773064134
"Alpha didn't have much when i checked it out, but that was when it started",neither,0.01690736074276889,0.4445540016816755,0.5385386375755554
"is the topic post apocalypse, or elseworld?",neither,0.044670740554316885,0.3164367496830806,0.6388925097626025
Re hrpgSub hrpgHyperHype gandsSubHype,neither,0.10802165902134243,0.2484119200751343,0.6435664209035233
I would WEAR that pin,neither,0.03535661364760334,0.3639308573062956,0.600712529046101
The fact Whitney isn't sitting at a table at the SAGS or EMMYS by now is a travesty.,neither,0.04243916974327682,0.36108501394752335,0.5964758163091999
Niiiiiice,neither,0.03945320844208391,0.33037608806864915,0.630170703489267
cheer100 Taliesin's Hari :O,neither,0.03945320844208391,0.33037608806864915,0.630170703489267
Re hrpgSub hrpgHyperHype gandsSubHype,neither,0.10802165902134243,0.2484119200751343,0.6435664209035233
PogChamp,neither,0.03945320844208391,0.33037608806864915,0.630170703489267
"""Somebody STOP Me""? Now I want to see Whitney is a comical yellow zoot suit.",neither,0.02085007345178587,0.12231365651912122,0.8568362700290929
I loved the Mask cartoon series!,neither,0.038833799176264915,0.31913046712218524,0.64203573370155
"Adulting in the Apocalypse segments are being shown during the break on ""Critical Role""",neither,0.0459054854846889,0.31148489428084536,0.6426096202344659
The Golden Age of Dark Horse Comics titles being adapted into movies.,neither,0.036572607882085155,0.3359330713164957,0.6274943208014191
"I wish I lived in LA, all these cool movies never make it out to Philly. :(",neither,0.043131845553648025,0.44829072221768596,0.5085774322286659
The Mask comics are SO violent!,neither,0.05570809569755716,0.3176473199297388,0.6266445843727041
"@JeffM0307 I love those segments, so much",neither,0.060517529898556216,0.3145787780315582,0.6249036920698856
EVERYONE should have seen the Mask,neither,0.04201899723954071,0.4369839997158336,0.5209970030446256
everyone,offensive_language,0.02988896790634741,0.4927062106388782,0.4774048214547744
Somebody stop me hehehehehe,neither,0.03287235336167124,0.43212042952957985,0.535007217108749
wasn't Golden Apple basicly Taliesin's childhood comic shop?,neither,0.03945320844208391,0.33037608806864915,0.630170703489267
^^,neither,0.03945320844208391,0.33037608806864915,0.630170703489267
The Mask! <3,neither,0.038372653207642965,0.3105039192898759,0.6511234275024811
@SirAbc My current Pathfinder character is CN with some good tendencies,neither,0.02435929325564349,0.42155467057768004,0.5540860361666764
i came across this show after last week's CR. i fan hard for alan moore,neither,0.037316060193725895,0.41348473773825944,0.5491992020680146
But nobody should watch the Son of the Mask or whatever they called that garbage pile.,neither,0.03904243156660572,0.42954181117673973,0.5314157572566546
@toonezon yup!!!,neither,0.03945320844208391,0.33037608806864915,0.630170703489267
"@misssunflower94 I wasn't allowed to watch it as a kid, then caught ~15 minutes at a friend's house, and decided I didn't care at all. *shrugs*",neither,0.03545856788748784,0.3945505782488427,0.5699908538636694
YUS,neither,0.03945320844208391,0.33037608806864915,0.630170703489267
Wait... isn't Whitney wearing the exact outfit from Cameron Diaz in the Mask?,neither,0.03908610379077262,0.30598606760269165,0.6549278286065358
OOOF,neither,0.03945320844208391,0.33037608806864915,0.630170703489267
aww,neither,0.03945320844208391,0.33037608806864915,0.630170703489267
"Ouch, Taliesin!",neither,0.03945320844208391,0.33037608806864915,0.630170703489267
:D,neither,0.03945320844208391,0.33037608806864915,0.630170703489267
"No offense to Taliesin, but I think Jesse had the most legendary cameo on ""Thrashtopia"". LOL",neither,0.03467251948408396,0.3631681954428373,0.6021592850730787
ugh i haven't watched that movie in For- Eh-Var,neither,0.0343447139238768,0.3120144575779649,0.6536408284981582
"Taliesin, meanie :P",neither,0.03945320844208391,0.33037608806864915,0.630170703489267
"""fuckin gotchta bitch""",offensive_language,0.002667616736400815,0.9973323832635975,1.4592949518897486e-15
Taaaaliesin,neither,0.03945320844208391,0.33037608806864915,0.630170703489267
It should be set to W for Wumbo.,neither,0.05196133152002443,0.33029857730973283,0.6177400911702428
LUL,neither,0.03945320844208391,0.33037608806864915,0.630170703489267
BURN,neither,0.04811058060817789,0.1834378884691025,0.7684515309227197
Who Framed Roger Rabbit actually gets better with age.,neither,0.03298566727785365,0.3915049313687047,0.5755094013534418
"The British Holy Trinity of Comics! (which is actually like 5 cuz Neil, Alan, and Grant aren't the only ones . . .)",neither,0.04615975896912159,0.30470930648362377,0.6491309345472546
"haha im rolling a goblin bard rn, based on the name of my RAM sticks: G.SKILL RIPJAW",neither,0.03013302705385686,0.4174823310420519,0.5523846419040912
there are LOTS of great ppl named Matt,neither,0.053602579193746044,0.2591978483977833,0.6871995724084707
"@EmxLBJ Whoa, I think she might be! :O",neither,0.04195906189239842,0.40999417721900494,0.5480467608885966
Warlock club,neither,0.03945320844208391,0.33037608806864915,0.630170703489267
Maliesin Maxelrod Maffe.,neither,0.03945320844208391,0.33037608806864915,0.630170703489267
#TaliesinChains,neither,0.03945320844208391,0.33037608806864915,0.630170703489267
"No M in Taliesin Axelrod Jaffe, unfortunately.",neither,0.03850697208097985,0.34643618859670433,0.6150568393223157
@gaerfindel1 yup to elseworld or yup to post apocolypse,neither,0.04812893894317031,0.3253504671059024,0.6265205939509273
there are pictures??,neither,0.07509380343452153,0.22166907979187003,0.7032371167736083
There Are Pictures. Of Course,neither,0.06489214470087365,0.24623993444132214,0.6888679208578042
"""She's a stripper that I love"" - Whitney Moore <3",neither,0.0349488768723064,0.44542265683818477,0.5196284662895089
this is already the best episode,neither,0.044216197523989274,0.3245335779046192,0.6312502245713917
"If we're talking post apocalyptic, will Tank Girl be mentioned?",neither,0.03343607831686752,0.376836636727852,0.5897272849552804
@chaoticloony oooo sounds interesting :) I recently watched the whole of Titansgrave. Brilliant. this channel is like the best place for geeks :D,neither,0.04526558356181433,0.27888942218126467,0.6758449942569209
"Malicine...wait, who's wearing a skull choker?",neither,0.03999137233610056,0.3869686273326927,0.5730400003312067
His middle name is Axelrod?,neither,0.0860470509384858,0.3266286919231289,0.5873242571383854
I need to see sexy goth chick Taliesin,neither,0.044688897283605214,0.3260113123464187,0.6292997903699761
@stargazer1977 that is such a technical movie.,neither,0.047583055299261635,0.3259908157648269,0.6264261289359115
Help me internet,neither,0.031484639697956056,0.373844195709482,0.594671164592562
Clearly it stands for mollymuck,neither,0.03258221603595691,0.30243585829730346,0.6649819256667395
You see that too right? Not sure if coincidence or not,offensive_language,0.027975247698854303,0.5228963310957346,0.44912842120541113
Just leave the volume up or down I will adjust my own tv,neither,0.04073531286479889,0.3999542822059014,0.5593104049292997
Most guys say that :P,neither,0.034848609835216884,0.3814309918094305,0.5837203983553526
@artistsomeday settle,neither,0.03945320844208391,0.33037608806864915,0.630170703489267
Taliesin is already the evil goth version. Maliesin only wears khakis and polo shirts.,neither,0.04214215642118055,0.30898914814404416,0.6488686954347753
