text,top_class,hate_speech,offensive_language,neither
What episode is it that you're missing?,neither,0.08592142848891925,0.37184834440146386,0.5422302271096169
Hey guys when is next critical role?,neither,0.03670874195089319,0.3732194559796688,0.5900718020694379
When does Critical role usually come on,neither,0.022734860990555775,0.46808966223040005,0.5091754767790443
Re hrpgSub hrpgHyperHype gandsSubHype,neither,0.10802165902134243,0.2484119200751343,0.6435664209035233
Puppy!,neither,0.03945320844208391,0.33037608806864915,0.630170703489267
Oo there's a puppy!,neither,0.03938548391709066,0.29420250356208005,0.6664120125208293
!wheniscr,neither,0.03945320844208391,0.33037608806864915,0.630170703489267
"Critical Role is on at 7 PM PST on Thursdays, it is currently 4:01 PM PST on Thursday. There is 2 Hours, 58 Minutes, 31 Seconds until the next episode of Critical Role. This command has been run 719 times but has probably been asked about way more.",neither,0.0409161449963311,0.3438915412540191,0.6151923137496499
3hrs from now,neither,0.04053588825092894,0.3120001861434062,0.6474639256056649
10pm est,neither,0.03945320844208391,0.33037608806864915,0.630170703489267
Vampirek666 In 3 hours,neither,0.03945320844208391,0.33037608806864915,0.630170703489267
@Zyrocal In about 3 hours,neither,0.03739236851081592,0.3653539200659071,0.5972537114232771
,neither,0.03945320844208391,0.33037608806864915,0.630170703489267
33 part 2. dont recall it having sound issues,neither,0.03863143944993273,0.33065873210776225,0.6307098284423052
Have you tried the podcast version just in case?,neither,0.0463444148281588,0.3768227134904462,0.576832871681395
!thursday,neither,0.03945320844208391,0.33037608806864915,0.630170703489267
"THURSDAY (All Times Pacific) - LOREMASTERS: 4-5:30pm, Ryan Green and a guest go deeper into a fandom than you may have ever thought possible! | MOTHERSHIP: 5:30-6:30pm, This variety show unites the personalities, topics, and interests of both Nerdist and Geek & Sundry | CRITICAL ROLE: 7pm-? Pacific | Voice Actors play Dungeons and Dragons 5e!",neither,0.04765500963294138,0.260966978800082,0.6913780115669766
@GeekandSundry Volume boost needed.,neither,0.03945320844208391,0.33037608806864915,0.630170703489267
@GeekandSundry Please/ XD,neither,0.03945320844208391,0.33037608806864915,0.630170703489267
Have a favorite moment from Mines N' Crafts? We're making a highlight reel of the best of the best moments from any and all iterations of Mines N' Crafts and we would love your input! Submit here: http://bit.ly/MnCHighlights,neither,0.06372754850402493,0.24981840157843457,0.6864540499175406
huzzah,neither,0.03945320844208391,0.33037608806864915,0.630170703489267
we all waiting for mothership,neither,0.033410732723858465,0.3755052351788532,0.5910840320972882
when does cr rerun?,neither,0.020028382490616767,0.4871723387182285,0.4927992787911547
Hello @shidareAKI & @chaoticloony :),neither,0.03945320844208391,0.33037608806864915,0.630170703489267
@John_Sparks_Jr Sounds good to me.,neither,0.0368846559977174,0.37455347479902695,0.5885618692032555
Bow Tie repping <3,neither,0.03945320844208391,0.33037608806864915,0.630170703489267
Who knows,neither,0.04046019393960588,0.4296052492897144,0.5299345567706798
Doctor WHOM. ;),neither,0.03945320844208391,0.33037608806864915,0.630170703489267
Hi Ryan and Satine,neither,0.03865039986561582,0.28968446037165835,0.6716651397627258
that is a phat bow tie,neither,0.042411932241106606,0.36050825976734185,0.5970798079915515
Allons-Y!,neither,0.03945320844208391,0.33037608806864915,0.630170703489267
ooooh who! :D,offensive_language,0.04159901189299763,0.525362713080101,0.4330382750269014
@tweegerm after the live episode,neither,0.04313637937040143,0.3125957591524218,0.6442678614771767
Bidet Ryan!,neither,0.03945320844208391,0.33037608806864915,0.630170703489267
o.o,neither,0.03945320844208391,0.33037608806864915,0.630170703489267
not to be confused with Mr. Why,neither,0.025175349928791866,0.3818972810762696,0.5929273689949386
Ill look for the podcast. Where do I find it?,neither,0.03950181307605676,0.18683848932389635,0.7736596976000469
Thank you PBS for Doctor Who!,neither,0.045818890245680546,0.3937851663306602,0.5603959434236594
WHO is on the right??? i mean WHOM,neither,0.0423983369992273,0.395070751721149,0.5625309112796237
Want the inside scoop? Join the cast of Critical Role and discuss this episode right here on Talks Machina. Tuesdays 7pm Pacific at twitch.tv/geekandsundry and projectalpha.com,neither,0.04630302093207864,0.22484473131932575,0.7288522477485957
*giggles* hi Sat,neither,0.03945320844208391,0.33037608806864915,0.630170703489267
@tweegerm but of course the length of an episode of CR varies and is not known before it airs,neither,0.037672773917007865,0.33790514972528796,0.6244220763577043
hrpgSub hrpgHyperHype gandsSubHype,neither,0.03945320844208391,0.33037608806864915,0.630170703489267
@TerrorCast Or Mrs. Which,neither,0.03945320844208391,0.33037608806864915,0.630170703489267
@postdataest thanks,neither,0.035884468650613,0.3004919205142699,0.6636236108351171
I feel like Amy and Taliesin should also be on this episode,neither,0.053577687746820285,0.3495445133322363,0.5968777989209434
I prefer Professor Whomstd,neither,0.03945320844208391,0.33037608806864915,0.630170703489267
Hiya @Danoba ! Hope you have/had a good day! :),neither,0.11619011491232732,0.24036311566496255,0.6434467694227101
RE hrpgSub hrpgHyperHype gandsSubHype,neither,0.10802165902134243,0.2484119200751343,0.6435664209035233
"I kinda stopped watching Doctor Who pretty much after Rory and Amy ""left"". It just kinda got stale after that. Still, I did enjoy the show for the most part. Van Gogh always remains one of my personal favorites.",neither,0.03219481771622876,0.38136056307387933,0.586444619209892
OOOOHHHH Satine,neither,0.03945320844208391,0.33037608806864915,0.630170703489267
Oh look at the little bub on the couch!,neither,0.040356000553152936,0.296635341126835,0.663008658320012
YAY WHONERDS,neither,0.03945320844208391,0.33037608806864915,0.630170703489267
Satine has no chill for Dr Who,neither,0.03409424071674916,0.3621483506898033,0.6037574085934476
"@Saraphys Indeed, thanks, how are you?",neither,0.08456457105093776,0.3051933677041692,0.610242061244893
DOG!,neither,0.03945320844208391,0.33037608806864915,0.630170703489267
DOGGO,neither,0.03945320844208391,0.33037608806864915,0.630170703489267
"I so love Doctor Who, 4th Doctor is my favorite Doctor",neither,0.03647470430713241,0.4166686184298291,0.5468566772630385
she is so awesome!!,offensive_language,0.05189093522069943,0.49224099695233864,0.4558680678269618
We have a subscriber-only Discord server! Join here: https://discord.gg/geekandsundry (you'll need to sub and link it to your Twitch) and be a part of the fun!...Warning: It can take up to an hour for the server to update and give you access to the channels,neither,0.08464076273808444,0.286394834032893,0.6289644032290227
Re hrpgSub hrpgHyperHype gandsSubHype,neither,0.10802165902134243,0.2484119200751343,0.6435664209035233
@Mizuki_hana2 or Prof. Ponder,neither,0.03945320844208391,0.33037608806864915,0.630170703489267
Puppy!,neither,0.03945320844208391,0.33037608806864915,0.630170703489267
Ryan is Magical,neither,0.04716349594226004,0.32772416663745957,0.6251123374202804
@tweegerm there are sevral rebroadcasts of CR between the live and when it is up on the web site Mondays,neither,0.046356979490178495,0.3057656933477822,0.6478773271620394
FrankerZ RalpherZ FrankerZ RalpherZ,neither,0.03945320844208391,0.33037608806864915,0.630170703489267
EXTERMINATE!!!,neither,0.03945320844208391,0.33037608806864915,0.630170703489267
Awww Hallo Pupperdoodle,neither,0.03945320844208391,0.33037608806864915,0.630170703489267
<3,neither,0.03945320844208391,0.33037608806864915,0.630170703489267
the crew is magic.,neither,0.04665895050860388,0.3117245571969066,0.6416164922944895
YAY PUPPY,neither,0.03945320844208391,0.33037608806864915,0.630170703489267
"The question is, did they repair it with a sonic screwdriver? ^^",neither,0.03435374282581445,0.3450916447999247,0.620554612374261
@Ossborn Duh.,neither,0.03945320844208391,0.33037608806864915,0.630170703489267
The First Question: Doctor Who?,neither,0.032968816497784215,0.3731082439996381,0.5939229395025778
The Dogs are taking over G&S!,neither,0.0596492026177694,0.2720954317120142,0.6682553656702165
I hope so @Ossborn,neither,0.12463897626450345,0.20298967407480611,0.6723713496606905
OhMyDog,neither,0.03945320844208391,0.33037608806864915,0.630170703489267
hrpgSub hrpgHyperHype gandsSubHype,neither,0.03945320844208391,0.33037608806864915,0.630170703489267
Puppies make great co-hosts.,neither,0.03768083518339595,0.3068275732647929,0.6554915915518111
@chaoticloony YAY,neither,0.03945320844208391,0.33037608806864915,0.630170703489267
critical role is tonight right guys?,neither,0.042391967724298554,0.32631915733264577,0.6312888749430556
"Help G&S make great content! $4.99/month gets you emotes, Minecraft server access, Sub Only VODs, and more! Every sub keeps the channel alive! twitch.tv/geekandsundry/subscribe",neither,0.043907990691603095,0.31135964332838284,0.644732365980014
"@Danoba Thats good to hear! :) My day just started here in the Land Down Under, but I made it in time for the show! haha :)",neither,0.049227509688995814,0.33806258116181054,0.6127099091491935
Amy Dallen is the best incarnation of the Doctor though. ;),neither,0.04271321880311535,0.30499992541299575,0.6522868557838889
@RuzgofDI you go in the doghouse,neither,0.05729842750892168,0.36417455256268144,0.5785270199283968
http://www.wheniscriticalrole.com/ <<< Critical Role (C2ep3) countdown clock . @TheBigLime,neither,0.03729142067156052,0.26127524954021836,0.701433329788221
I am a god amongst mortals,neither,0.039264678242876085,0.3304409322493226,0.6302943895078013
Aww Pupper wants to be in the conversation <3,neither,0.04453092844955817,0.31675697154253407,0.6387121000079078
OhMyDog,neither,0.03945320844208391,0.33037608806864915,0.630170703489267
"Amy is a good 2nd place, but nobody beats Tom Baker",neither,0.03875485144476938,0.39052597443828546,0.570719174116945
@swiftfingers I get to play with the puppy? cool.,neither,0.03370593319814975,0.3523183618291077,0.6139757049727425
!clock,neither,0.03945320844208391,0.33037608806864915,0.630170703489267
"I DO wonder how well a show called ""Gone to the Dogs"" would do on GnS/Alpha...",neither,0.0510734022138319,0.28100008750847616,0.6679265102776919
It is currently Thursday 4:05 PM at the Geek & Sundry studio in California.,neither,0.05116902727914625,0.32963796927704553,0.6191930034438082
CorgiDerp > Kippa,neither,0.03945320844208391,0.33037608806864915,0.630170703489267
"Just jumped in, what are they talking about?",neither,0.06105536470865755,0.32873659691821006,0.6102080383731324
@Ossborn I agree 100%,neither,0.03945320844208391,0.33037608806864915,0.630170703489267
"LOL ""Go check it out"" LOL it's simple!",neither,0.02513767636682427,0.42950051232171493,0.5453618113114608
"@Saraphys Oh nice, well greetings from the past since you've already lived through this day.",neither,0.03373781683535978,0.29632374424320446,0.6699384389214357
I recently watched the wonderful doctor who rpg show on G&S. wonderful doctor there :D,neither,0.04397983335741959,0.3044278876645126,0.6515922789780679
Doctor Who won me over with the Daleks when I first saw it on PBS in the 80s.,neither,0.020700519106081863,0.4160161421037538,0.5632833387901643
Dr. Who?,neither,0.04031881120340862,0.41712033765684425,0.5425608511397472
hrpgSub hrpgHyperHype gandsSubHype,neither,0.03945320844208391,0.33037608806864915,0.630170703489267
yep,neither,0.03945320844208391,0.33037608806864915,0.630170703489267
well... tenth,neither,0.03945320844208391,0.33037608806864915,0.630170703489267
make that dog do something,neither,0.036788818054249106,0.3740855859508494,0.5891255959949016
Eccelston is my favorite of the New Doctors!,neither,0.03767789868642569,0.3089299548631563,0.6533921464504181
the 4th doctor will always be my doctor,neither,0.03239109246140605,0.3897065140013396,0.5779023935372544
technically and the 11th,neither,0.038133546276198915,0.28429668790138485,0.6775697658224162
I half expect the cast of TBDRPG to run through like the middle of an episode. XD @GeekandSundry,neither,0.048047481013014676,0.31560240965707076,0.6363501093299145
"@RuzgofDI yeah, on a second thought, the doghouse doesn't sound that bad when there's such a lovable puppy on screen...",neither,0.02379568977878367,0.3638498816456365,0.6123544285755798
I grw up in the 1970s watching Dr Who in the UK,neither,0.03656874641387791,0.3888053317260833,0.5746259218600387
@talahar that would be Internet Sensation Amy Dallen as that particular Doctor,neither,0.033750977640921866,0.39770650381293804,0.56854251854614
I mean like i knew Sat was cool but now she's just the dopeness,neither,0.040795320449867396,0.41170604239332353,0.5474986371568091
heya,neither,0.03945320844208391,0.33037608806864915,0.630170703489267
Growing up I was afraid of the theme song so I didn't really get into it until the newer seasons.,neither,0.02920390893824541,0.39009183330675884,0.5807042577549957
@Danoba You are right to be in awe of my foreknoledge of the future... like what happened in Critical Role yesterday...OMG! Just wait! :D LOL,neither,0.05554257840446203,0.41259988166268485,0.5318575399328532
"Okay, this episode of Loremasters will take 26 years. And then we'll have finished the old series",neither,0.03891311823663379,0.2966019076913004,0.6644849740720659
Satine nerding out over Doctor Who makes me like her so much more!,offensive_language,0.02894072430693939,0.6190020472247666,0.352057228468294
@swiftfingers This is what I'm saying,neither,0.04523216423557477,0.3276835800996081,0.6270842556648172
isn't crit role tonight?,neither,0.03690334342646622,0.30902384671166255,0.6540728098618713
i just wish all those lost episodes were found,neither,0.05425229749100114,0.32722619558677096,0.6185215069222278
!thursday,neither,0.03945320844208391,0.33037608806864915,0.630170703489267
"THURSDAY (All Times Pacific) - LOREMASTERS: 4-5:30pm, Ryan Green and a guest go deeper into a fandom than you may have ever thought possible! | MOTHERSHIP: 5:30-6:30pm, This variety show unites the personalities, topics, and interests of both Nerdist and Geek & Sundry | CRITICAL ROLE: 7pm-? Pacific | Voice Actors play Dungeons and Dragons 5e!",neither,0.04765500963294138,0.260966978800082,0.6913780115669766
Satine is just goals really,neither,0.042878133458137103,0.35120100079249705,0.6059208657493659
http://www.wheniscriticalrole.com/ <<< Critical Role (C2ep3) countdown clock . @Egoboot,neither,0.03729142067156052,0.26127524954021836,0.701433329788221
thank you!,neither,0.07325166854587051,0.43632638485078484,0.49042194660334476
"@Death2Gnomes given that that's basically a spoiler to the first episode, i tried to keep it vague.",neither,0.036410435724864784,0.36808803627070813,0.595501528004427
"@TerrorCast I know, because most of them were so good",neither,0.05201589493527311,0.34429090854016864,0.6036931965245583
"@Saraphys Oh wow, I can't wait, I bet it was awesome.",neither,0.042352122585315316,0.2907200404883954,0.6669278369262892
a little problematic?,neither,0.038753252915513146,0.3422561600929139,0.618990586991573
"The Lost episodes is why I want a Time Machine, I'd go back and record them",neither,0.04320143068437466,0.3120235937678777,0.6447749755477477
"""that they have"" BibleThump",neither,0.03170171760036601,0.4215320426901488,0.5467662397094852
@chaoticloony bidet fellow old person,neither,0.03945320844208391,0.33037608806864915,0.630170703489267
"2ish years ago, I started to watch the clöassic seasons, but didnt get past the 3rd, as there were so many of thge lost episodes and it was exhausting to watch them (they found a solution with still images from other episodes and the full audiotrack)",neither,0.04921111816474672,0.3062129423500457,0.6445759394852076
"ooops not you @Death2Gnomes , i meant @Deathstar_Taco",neither,0.061509414007224775,0.40564521461747355,0.5328453713753016
@TerrorCast Bidet,neither,0.03945320844208391,0.33037608806864915,0.630170703489267
"Honestly, not my drink of choice but I’ll stick around because Satine is awesome",neither,0.0341816367018618,0.3865148241081159,0.5793035391900223
"Well, he also didn't want them there in the first place",neither,0.036523218044032676,0.27462692784851533,0.688849854107452
"And to be fair, it was intended as a kid's show.",neither,0.05128807022664127,0.28106162093919845,0.6676503088341602
William Hartnell The First Doctor: 1963-1966,neither,0.030715802889994696,0.31451586930980624,0.654768327800199
"Oh yeah, the times of the era made a MAJOR difference.",neither,0.030644193593966168,0.35118448238949934,0.6181713240165344
hrpgSub hrpgHyperHype gandsSubHype,neither,0.03945320844208391,0.33037608806864915,0.630170703489267
Curse of the Fatal Death was all the people that were thought could be the Doctor!,neither,0.05283718227708145,0.2991866017420764,0.6479762159808421
,neither,0.03945320844208391,0.33037608806864915,0.630170703489267
"How many stream dogs does this make? Oshi, ding ding, the asinine wisdom pup.",neither,0.03281784672235354,0.3812497375003264,0.58593241577732
"Same thing in Star Trek TOS, era made certain interactions different.",neither,0.03990280004559747,0.3344770953435071,0.6256201046108953
goobsGG,neither,0.03945320844208391,0.33037608806864915,0.630170703489267
beardgg7 beardgg7 beardggHype,neither,0.03945320844208391,0.33037608806864915,0.630170703489267
"Satine dropping Al Capone bomb, and then just says nevermind that...",neither,0.0364086182223267,0.29508583766059515,0.6685055441170781
Patrick Troughton is my favorite Classic Doctor,neither,0.03601361063509748,0.3901541578667096,0.5738322314981931
Patrick Troughton The Second Doctor: 1966-1969,neither,0.038826515227025286,0.31899608168042226,0.6421774030925524
Renewal,neither,0.03945320844208391,0.33037608806864915,0.630170703489267
1960s: Star Trek is super progressive2010's: OMG did they really behave like that?!,neither,0.04782960261311391,0.36137432040371265,0.5907960769831735
Renewal?,neither,0.03945320844208391,0.33037608806864915,0.630170703489267
"Hey Satine you kick ass. This sub is for you and the critical role crew, also an alpha member :)",offensive_language,0.12385287868438073,0.7397245154628158,0.13642260585280344
Renewal,neither,0.03945320844208391,0.33037608806864915,0.630170703489267
"Honest question cause not sure really how to look it up. what are the top watched shows on this ""channel""?",neither,0.04854790180791079,0.41020694777387,0.5412451504182192
just watch the earlier episodes online @KarraChr000,neither,0.03927211180235707,0.3324267366822372,0.6283011515154058
hrpgSub hrpgHyperHype gandsSubHype,neither,0.03945320844208391,0.33037608806864915,0.630170703489267
"I do really like doc 2, there's such a sweetness about him",neither,0.04769559996781931,0.32742313372494947,0.6248812663072312
critical role,neither,0.03945320844208391,0.33037608806864915,0.630170703489267
aside from say Crit,neither,0.04063553586973418,0.31030890599271954,0.6490555581375463
"Look, it was simpler once upon a time",neither,0.03861891999970642,0.34931957685965653,0.612061503140637
Ryan needs a thinner bow tie,neither,0.03945320844208391,0.33037608806864915,0.630170703489267
Two was the first Doctor I got into this was before the reboot),neither,0.031822401444466276,0.37297658339480017,0.5952010151607335
crit,neither,0.03945320844208391,0.33037608806864915,0.630170703489267
I think it's respectful both to chat and the hosts to keep the conversation around the topics the current show is talking about,neither,0.053467544380050164,0.25715691714009653,0.6893755384798534
But I dig it,neither,0.034083063764676076,0.342431248744066,0.6234856874912579
just looking for other stuff to watch without having to delve through a ton of bad stuff,neither,0.04120261796073336,0.3216208378289293,0.6371765442103374
hrpgSub hrpgHyperHype gandsSubHype,neither,0.03945320844208391,0.33037608806864915,0.630170703489267
Tom Baker The Fourth Doctor: 1974-1981 is my doctor since it was on in the hospital room when I was born,neither,0.03132579709938261,0.3767092290838742,0.5919649738167432
"@xtortion80 there's no real answer to that question, because some lesser watched shows might be the ones that actually click with you",neither,0.03229962342062562,0.44054019450213083,0.5271601820772435
Re hrpgSub hrpgHyperHype gandsSubHype,neither,0.10802165902134243,0.2484119200751343,0.6435664209035233
and the doctors heart beats to the clock of the universe,neither,0.041411083731688614,0.2797865909130398,0.6788023253552715
"@xtortion80, I'd recommend just checking out an episode or 2 of everything and seeing what is for you, everyone's tastes are different.",neither,0.05334071003076368,0.355914532958055,0.5907447570111815
