text,top_class,hate_speech,offensive_language,neither
snes controller tee is sweet,neither,0.045785142513555185,0.32819824558681815,0.6260166118996267
what was that song?,neither,0.04044337312870314,0.39124726333160914,0.5683093635396878
"@YoungdaddyTC if it happens so often we have a whole macro for it, it's probably been done to death.",neither,0.03475847224970775,0.3859602009372565,0.5792813268130359
hrpgSub hrpgHyperHype gandsSubHype,neither,0.03945320844208391,0.33037608806864915,0.630170703489267
Dog,neither,0.03945320844208391,0.33037608806864915,0.630170703489267
@SnakEaterZ if i could i would fly you out to see one but im super broke lol,neither,0.028758351605454115,0.4841696718845989,0.4870719765099469
D O G,neither,0.03945320844208391,0.33037608806864915,0.630170703489267
PUPPY,neither,0.03945320844208391,0.33037608806864915,0.630170703489267
the hell? xD,offensive_language,0.04151009946191217,0.8943668927155267,0.06412300782256102
lol,neither,0.020706217963973744,0.4882283491876925,0.4910654328483337
DOG!!,neither,0.03945320844208391,0.33037608806864915,0.630170703489267
wat XD,neither,0.03945320844208391,0.33037608806864915,0.630170703489267
Dog with the bass drop,neither,0.03585359143247422,0.34553688391874693,0.6186095246487787
"@postdataest thanks, I can't watch CR live, it's 3AM in Europe so I thought I would check when there will be a first rebroadcast scheduled",neither,0.03620152464232895,0.2866643450572561,0.6771341303004149
Hi Jess and Hector!,neither,0.03870944257742205,0.292987672328244,0.6683028850943339
The feelz,neither,0.03613032604487659,0.2619290779399786,0.7019405960151449
Welcome to Motherhood!,neither,0.05036155158341772,0.3241161757817237,0.6255222726348585
"Hey guys, I'm thinking about watching CR on Youtube today - has anybody here done this? How is the general quality of the Youtube stream? Is it stable?",neither,0.05595189777403582,0.3141594686622473,0.6298886335637169
Good evening everyone!,neither,0.03308870833616604,0.42926799388711456,0.5376432977767195
i see. my apologies then,neither,0.028468261629374363,0.4156918627531057,0.5558398756175199
jcvimHi,neither,0.03945320844208391,0.33037608806864915,0.630170703489267
BRING BACK THE DOG,neither,0.03844668509027971,0.3119062179445113,0.6496470969652091
15 points to Jess for that!,neither,0.03665203173796093,0.3358573268693436,0.6274906413926954
Rofl Chobot,neither,0.03945320844208391,0.33037608806864915,0.630170703489267
Who's playing tonight on critical role?,neither,0.03558193263811142,0.3672589478277953,0.5971591195340933
welcome to motherhood,neither,0.05036155158341772,0.3241161757817237,0.6255222726348585
Put on enthusiasm claps,neither,0.037214272781080956,0.3410694660716668,0.6217162611472523
Hi @sisterbenediction,neither,0.03945320844208391,0.33037608806864915,0.630170703489267
dinkHellyeah dinkHellyeah,neither,0.03945320844208391,0.33037608806864915,0.630170703489267
WELCOME TO MOTHERHOOD,neither,0.05036155158341772,0.3241161757817237,0.6255222726348585
want more o' dat doge,neither,0.04244535550433756,0.31105402012183075,0.6465006243738317
CR quality on Youtube is fine,neither,0.0429065483408707,0.33803890279371485,0.6190545488654144
"@nickthe1nonly too kind of you mate! Back on watching the match, enjoy!",neither,0.04636364870537588,0.35906443997395787,0.5945719113206661
Jess looks like Lynda Carter,neither,0.048182107957419444,0.3432439779119201,0.6085739141306605
PogChamp 40? PogChamp,neither,0.03945320844208391,0.33037608806864915,0.630170703489267
Welcome to motherhood,neither,0.05036155158341772,0.3241161757817237,0.6255222726348585
wooo,neither,0.03945320844208391,0.33037608806864915,0.630170703489267
@xAAx_Avallanche youtube as good as twitch?,neither,0.036086804438046946,0.38013999385384784,0.5837732017081052
No way 40?,neither,0.03858623450676653,0.3480750611719465,0.6133387043212869
@SnakEaterZ same !,neither,0.04148851938089603,0.3488915597363099,0.609619920882794
@NewMoneyOldMagic it has been fine the first 2 eps no chat there of course,neither,0.03282267568057749,0.3018548707876746,0.665322453531748
motherhood,neither,0.03945320844208391,0.33037608806864915,0.630170703489267
Good call @ancientsharkspider,neither,0.03834978857227872,0.33075560475985816,0.6308946066678632
"Jessica is 40? damn, she does not look her age xD",offensive_language,0.0346033029561252,0.8302873979061567,0.135109299137718
is it thursday yet?,neither,0.04651135664277627,0.32794846724679255,0.6255401761104311
Something tells me that might be as good as any rejection will get Jessica,neither,0.031469347668164255,0.40774966287981596,0.5607809894520198
Dick 'n' Johnson,offensive_language,0.058921670612938355,0.9067613383068149,0.03431699108024665
@postdataest mostly worried about stream quality ;),neither,0.038348174657928946,0.34913139529412834,0.6125204300479428
You should see her wonder woman Cos play,offensive_language,0.05109618361280379,0.6072401788501095,0.3416636375370867
when did Keller get a last name?,neither,0.03134843302500992,0.37582680729842616,0.5928247596765639
Re hrpgSub hrpgHyperHype gandsSubHype,neither,0.10802165902134243,0.2484119200751343,0.6435664209035233
Jess out there looking like a dinkSnacc dinkSnacc dinkSnacc dinkSnacc dinkSnacc,neither,0.04426691441824254,0.31990020112669987,0.6358328844550575
youtube is how i normally catch up with CR. first time on twitch watching it live. cant wait.,neither,0.03258765531762475,0.38605060318371814,0.5813617414986572
um... Amy,neither,0.03945320844208391,0.33037608806864915,0.630170703489267
Jess is still younger than me!,neither,0.03827356424612064,0.3748876514336604,0.586838784320219
motherhood,neither,0.03945320844208391,0.33037608806864915,0.630170703489267
@postdataest twitch has been a bit laggy the last two episodes for me,neither,0.031622897360333614,0.3191478247024757,0.6492292779371907
"Bet it is spot on, she's like 90% there Dru",neither,0.04983278142668965,0.37328299461369924,0.5768842239596111
Re hrpgSub hrpgHyperHype gandsSubHype x2,neither,0.06137740758033951,0.2971829196352787,0.6414396727843817
I'm betting on an explosion.,neither,0.037405197207091165,0.3369748089074733,0.6256199938854355
Omg that is the last game they should play lol Jess WILL get violent I guarantee it XD,neither,0.041665390304617154,0.35710155134385896,0.6012330583515239
Welcome to Motherhood,neither,0.05036155158341772,0.3241161757817237,0.6255222726348585
oh god XFL was here and gone so fast...,neither,0.08315845948299304,0.2632089702441055,0.6536325702729014
dont forget that youbget a free stream if you have amazon prime.,neither,0.03271747150456932,0.43102020099340876,0.536262327502022
"@FuffyButt probably when he was born, maybe?",neither,0.03388617173157943,0.38905400709783505,0.5770598211705856
Welcome to motherhood,neither,0.05036155158341772,0.3241161757817237,0.6255222726348585
hrpgSub hrpgHyperHype gandsSubHype,neither,0.03945320844208391,0.33037608806864915,0.630170703489267
welcome to mptherhoodship,neither,0.05036155158341772,0.3241161757817237,0.6255222726348585
it was perfect,neither,0.037328929180830785,0.3339087009488992,0.62876236987027
:D,neither,0.03945320844208391,0.33037608806864915,0.630170703489267
WTF is a chobotch?,offensive_language,0.06133462473558788,0.7368762788078915,0.20178909645652043
Chobotch! That's too perfect :D,neither,0.03413462161408591,0.3905823492248486,0.5752830291610654
these puns,offensive_language,0.08325495145653314,0.6755039965066537,0.2412410520368132
Stop tab-shaming me!,neither,0.031812555642334116,0.4500446555326083,0.5181427888250576
Booo,neither,0.03945320844208391,0.33037608806864915,0.630170703489267
gandsHecBird gandsHecBird gandsHecBird,neither,0.03945320844208391,0.33037608806864915,0.630170703489267
hrpgSub hrpgHyperHype gandsSubHype,neither,0.03945320844208391,0.33037608806864915,0.630170703489267
He needs to stop now,neither,0.05467911466072703,0.4098150125763217,0.5355058727629513
stop,offensive_language,0.03955985943432937,0.5175432020074249,0.44289693855824575
"i only have 8 tabs open, thats low for me",neither,0.028530107289218835,0.3450490489390878,0.6264208437716935
is this tetris?,neither,0.06444388513749441,0.32581973129223984,0.6097363835702658
@itcouldnotpossiblymatter It is when Chobot makes a Botch!,neither,0.03538815830266104,0.3734689019895107,0.5911429397078283
Those are some TABulous puns Hector,neither,0.12509395325965156,0.17676297664257554,0.6981430700977729
I AM TAB POSITIVE...f'n haters,neither,0.03930761682077882,0.33042616370340744,0.6302662194758136
hrpgSub hrpgHyperHype gandsSubHype,neither,0.03945320844208391,0.33037608806864915,0.630170703489267
Does Hector realise he will burn in hell for what he just did xD?,offensive_language,0.03732363179538032,0.5869980723514437,0.37567829585317597
amy is one of the funniest pople on the flat earth,neither,0.04081893767963691,0.33643803715669696,0.6227430251636661
Im 40. Still hope to have a fun job? ! There is hope.,neither,0.10608255775175082,0.19378578028652604,0.7001316619617232
Amy is amazing,neither,0.04736730323487076,0.32765406796382457,0.6249786288013046
hawt,neither,0.03945320844208391,0.33037608806864915,0.630170703489267
Amy is so talented,neither,0.04641977726531336,0.3665654878244842,0.5870147349102025
we may need to tabulate the number of tab puns this show has thrown at us,neither,0.0782237910739246,0.26809348581437265,0.6536827231117027
I may have 19 tabs open currently. Oops.,neither,0.0400523774624902,0.3202066260858168,0.639740996451693
Mot that funny,neither,0.03149023864211704,0.42831011385435813,0.5401996475035248
What a DRAG!,neither,0.04622678436787283,0.32555606078567784,0.6282171548464492
Not*,neither,0.03554889144452836,0.3454295093440936,0.619021599211378
Anyone know when Critical Role starts?,neither,0.032579892846681516,0.36434552981657514,0.6030745773367433
Lol,neither,0.020706217963973744,0.4882283491876925,0.4910654328483337
"DON'T LET GO, LEO!",neither,0.025148249578180563,0.36804583590018175,0.6068059145216377
Re hrpgSub hrpgHyperHype gandsSubHype,neither,0.10802165902134243,0.2484119200751343,0.6435664209035233
"ah, stole my pun",neither,0.03041804788184067,0.39902757471976597,0.5705543773983934
xloczpbs -> Only those that we deem worthy shall possess the power of the Hyperlink [warning],neither,0.048140585852785724,0.2990817588418225,0.6527776553053918
,neither,0.03945320844208391,0.33037608806864915,0.630170703489267
hrpgSub hrpgHyperHype gandsSubHype,neither,0.03945320844208391,0.33037608806864915,0.630170703489267
Lol,neither,0.020706217963973744,0.4882283491876925,0.4910654328483337
Like his OMG moment,neither,0.08822746666662322,0.34760846153981506,0.5641640717935617
Hold that line,neither,0.03494702514459268,0.3795244233105759,0.5855285515448315
7 pacific,neither,0.03945320844208391,0.33037608806864915,0.630170703489267
Drag lines are so dumb,neither,0.060862621776570425,0.3292752748830272,0.6098621033404025
Amy is grea,neither,0.04981691255257763,0.32681153499115395,0.6233715524562684
that is why you drink your mulled win AFTER you ski,neither,0.08624921532285872,0.43838152181236173,0.47536926286477954
@UDR1993 82 minutes,neither,0.03945320844208391,0.33037608806864915,0.630170703489267
!wheniscr,neither,0.03945320844208391,0.33037608806864915,0.630170703489267
@udr1993 7pm pacfic,neither,0.03945320844208391,0.33037608806864915,0.630170703489267
"@LorinatiDC I'm like 50, buy a mobile home in mississippi and fish in your underwear every day. Working is for suckers",neither,0.05838102668719364,0.28657061417313306,0.6550483591396734
Look at all these Californians laughing about guys trying to ski LUL Kappa,neither,0.048764967260709426,0.4385987363529906,0.5126362963862999
Accent is showing Chobot,neither,0.04749217752176735,0.3276111179703752,0.6248967045078575
where is critical role?,neither,0.0486154001743509,0.29960796523051203,0.6517766345951371
Motherhood is a great show.,neither,0.07250983050116919,0.19997710843690403,0.7275130610619268
you gotta lean back. Lean Back.,neither,0.04767432981486968,0.37590722051604136,0.576418449669089
@itcouldnotpossiblymatter my hero! Rock on brother,neither,0.028147025011499193,0.4128680194083679,0.558984955580133
in the future,neither,0.03822299768381242,0.3076464148930417,0.6541305874231458
THANK YOU GUYS!,neither,0.06265379922890613,0.40956682813393597,0.5277793726371579
:D,neither,0.03945320844208391,0.33037608806864915,0.630170703489267
gandsSubHype gandsSubHype gandsSubHype gandsSubHype gandsSubHype,neither,0.03945320844208391,0.33037608806864915,0.630170703489267
http://www.wheniscriticalrole.com/ <<< Critical Role (C2ep3) countdown clock. @Eizss at the usual time,neither,0.03634422927054573,0.28559809687277754,0.6780576738566768
lel,neither,0.03945320844208391,0.33037608806864915,0.630170703489267
Critical role starts @ 7pm west coast time,neither,0.03881914192754023,0.3411378516021954,0.6200430064702644
lol,neither,0.020706217963973744,0.4882283491876925,0.4910654328483337
but I'm still gonna send it!,neither,0.03256441484787699,0.40899459801310345,0.5584409871390197
It was hard to find the info on google for some reasons lol,neither,0.025195174456910087,0.4394485261690593,0.5353562993740306
NIIIIIIIICCCCEEEE,neither,0.03945320844208391,0.33037608806864915,0.630170703489267
@Eizss go have your eyeballs at this: wheniscriticalrole .com,neither,0.07217959712762373,0.3610664776817527,0.5667539251906235
@Eizss patience young one,neither,0.03563409070103627,0.41136228818922643,0.5530036211097372
Whoooa,neither,0.03945320844208391,0.33037608806864915,0.630170703489267
HAHAHAHA,neither,0.03945320844208391,0.33037608806864915,0.630170703489267
The camera lived!,neither,0.038565766497743265,0.314147186193983,0.6472870473082737
Hehhehehhehe,neither,0.03945320844208391,0.33037608806864915,0.630170703489267
amazing,neither,0.03945320844208391,0.33037608806864915,0.630170703489267
noice,neither,0.03945320844208391,0.33037608806864915,0.630170703489267
RC did not land in the truck,neither,0.03760975627525194,0.32077358849382615,0.6416166552309219
Re hrpgSub hrpgHyperHype gandsSubHype,neither,0.10802165902134243,0.2484119200751343,0.6435664209035233
They have heard of FLIPS,neither,0.038982985279181814,0.3383570023277634,0.6226600123930548
Toy story feels,neither,0.03945320844208391,0.33037608806864915,0.630170703489267
6/10,neither,0.03945320844208391,0.33037608806864915,0.630170703489267
reminds me of south koreas missle program,neither,0.03375345334248656,0.3608044749624572,0.6054420716950561
North?,neither,0.03945320844208391,0.33037608806864915,0.630170703489267
Settle in settle in,neither,0.03945320844208391,0.33037608806864915,0.630170703489267
West?,neither,0.03945320844208391,0.33037608806864915,0.630170703489267
lol,neither,0.020706217963973744,0.4882283491876925,0.4910654328483337
HELLO,neither,0.03945320844208391,0.33037608806864915,0.630170703489267
East?,neither,0.03945320844208391,0.33037608806864915,0.630170703489267
@burst_tea pretty sure it's East Korea,neither,0.032675153742632114,0.4596820669101322,0.5076427793472357
hrpgSub hrpgHyperHype gandsSubHype,neither,0.03945320844208391,0.33037608806864915,0.630170703489267
Want the inside scoop? Join the cast of Critical Role and discuss this episode right here on Talks Machina. Tuesdays 7pm Pacific at twitch.tv/geekandsundry and projectalpha.com,neither,0.04630302093207864,0.22484473131932575,0.7288522477485957
Beat saber!!,neither,0.03945320844208391,0.33037608806864915,0.630170703489267
Lol awesome,neither,0.02958781151373683,0.4038776379912608,0.5665345504950025
love the music,neither,0.03424036505897524,0.32627251671334745,0.6394871182276773
WHAT GAME IS THIS?,neither,0.06100766921503891,0.2646944357898182,0.6742978949951429
Drummers life,neither,0.03238624993753793,0.45143259807257424,0.5161811519898878
I love how this just looks like when my cats would slapfight each other.,neither,0.028693592158207343,0.3453355968016372,0.6259708110401555
THIS is my jam,neither,0.03377768064932108,0.4300414739639482,0.5361808453867307
That looks amazing,neither,0.03511689220363847,0.37763677323881223,0.5872463345575493
i need to play that,neither,0.042815399249608935,0.38029320327929456,0.5768913974710964
omg......,neither,0.03945320844208391,0.33037608806864915,0.630170703489267
DUDE that looks AWESOME,neither,0.03569023412526097,0.37128328405154115,0.593026481823198
lol,neither,0.020706217963973744,0.4882283491876925,0.4910654328483337
syzzurp required,neither,0.03945320844208391,0.33037608806864915,0.630170703489267
need,neither,0.03901008956310134,0.32666546762563675,0.6343244428112619
nice,neither,0.03945320844208391,0.33037608806864915,0.630170703489267
What the fuuuuuuuuuu!,neither,0.052193750385548,0.28272826532966666,0.6650779842847853
Beat saber,neither,0.03945320844208391,0.33037608806864915,0.630170703489267
I think I'm about 1 second from at least one seizure,neither,0.03801490988233444,0.37852168586129814,0.5834634042563674
holy crap,neither,0.03945320844208391,0.33037608806864915,0.630170703489267
OMG WHAT GAME IS THAT,neither,0.05031453818620389,0.3224484715609692,0.627236990252827
Never could do that!,neither,0.03156146408747688,0.43052820766150385,0.5379103282510191
That was pretty tight!!,neither,0.03513167895603211,0.3782699001261218,0.5865984209178461
Beautiful,neither,0.03945320844208391,0.33037608806864915,0.630170703489267
that actually looks awesome,neither,0.0357663595636244,0.3704418311252475,0.5937918093111282
PogChamp PogChamp PogChamp,neither,0.03945320844208391,0.33037608806864915,0.630170703489267
I want that game,neither,0.03349218211988699,0.3249923360871148,0.6415154817929983
hoooooleeeeee shiiiiiit,neither,0.03945320844208391,0.33037608806864915,0.630170703489267
That is going to end badly for some people,neither,0.05481355544774066,0.361664265851015,0.5835221787012443
OH MY MOTHER FAILING LIFE,neither,0.031197992261144232,0.4088972959569954,0.5599047117818604
thats the next guitar hero,neither,0.03817856445552168,0.327574028156955,0.6342474073875234
"Why can't I come up with simple, brilliant ideas like that?",neither,0.02674461941127561,0.44862486467411705,0.5246305159146073
the new Guitar Hero.,neither,0.04174162971943056,0.23928991867780422,0.7189684516027652
I just want another DJ hero,neither,0.07284528533831755,0.28372044591629575,0.6434342687453868
its easier to watch the arrows coming in actual VR,neither,0.042251153666930115,0.3179359581531208,0.6398128881799492
play bangarang on that gaem,neither,0.0293874930376421,0.41770204907476627,0.5529104578875916
@Nakinamo That's the new Bomberman.,neither,0.03741110762599779,0.21765156795767882,0.7449373244163234
reminds me of thumper,neither,0.03331112709685009,0.36330331664755955,0.6033855562555902
hrpgSub hrpgHyperHype gandsSubHype,neither,0.03945320844208391,0.33037608806864915,0.630170703489267
Kinda want to play that,neither,0.04249410144063187,0.3670854959126891,0.590420402646679
guitar hero v.2,neither,0.03945320844208391,0.33037608806864915,0.630170703489267
Im a drummer.... challenge accepted,neither,0.038701660568452076,0.3589127092507873,0.6023856301807607
Whens critical role,neither,0.03945320844208391,0.33037608806864915,0.630170703489267
IDK that Amy,neither,0.0356103198574943,0.372167164479144,0.5922225156633618
Beats by rey tangYay,neither,0.040585651096156784,0.3735250727675235,0.5858892761363198
Jessica Wins,neither,0.03945320844208391,0.33037608806864915,0.630170703489267
Aaayooooooooo beats by Rey,neither,0.040585651096156784,0.3735250727675235,0.5858892761363198
http://www.wheniscriticalrole.com/,neither,0.0364481805509037,0.2303424311669227,0.7332093882821735
Amy!,neither,0.03945320844208391,0.33037608806864915,0.630170703489267
You Luke silly when doing it though.,neither,0.04114062829167622,0.40608106646677694,0.5527783052415468
Bidet,neither,0.03945320844208391,0.33037608806864915,0.630170703489267
platyK,neither,0.03945320844208391,0.33037608806864915,0.630170703489267
OMG @SpookyKabookie YUS,neither,0.03945320844208391,0.33037608806864915,0.630170703489267
"10 points to Amy, Jess and Hector for those!",neither,0.054318245412572505,0.24062325568855283,0.7050584988988746
Crit Role = 7 PM PST/10 PM EST,neither,0.03945320844208391,0.33037608806864915,0.630170703489267
Drums Solo,neither,0.03945320844208391,0.33037608806864915,0.630170703489267
Lol,neither,0.020706217963973744,0.4882283491876925,0.4910654328483337
Thank you :),neither,0.07325166854587051,0.43632638485078484,0.49042194660334476
Jar Jar Beats,neither,0.03945320844208391,0.33037608806864915,0.630170703489267
BrokeBack,neither,0.03945320844208391,0.33037608806864915,0.630170703489267
"By that, we mean Gina's cat, Rey :P",neither,0.03703535017376761,0.40437940316408866,0.5585852466621437
he totally carried a light saber in an episode of Clone Wars,neither,0.042860533719691354,0.32603482862716904,0.6311046376531395
wjen is CR coming up??,neither,0.04441539420658106,0.3776608274737412,0.5779237783196778
he was a sith lord,neither,0.044053823526799714,0.3305263543655332,0.6254198221076671
best name,neither,0.038162715217310725,0.3195696639496697,0.6422676208330196
PogChamp PogChamp PogChamp,neither,0.03945320844208391,0.33037608806864915,0.630170703489267
"He MIGHT be a Sith, though!",neither,0.04447583363877943,0.33199467704844704,0.6235294893127734
O-Beats One Kenobi,neither,0.03868938281214603,0.35844802542677806,0.6028625917610759
finally gonna get to watch critical role live omg,neither,0.04955935019284065,0.36047715571672656,0.5899634940904328
SHIBBY,neither,0.03945320844208391,0.33037608806864915,0.630170703489267
Jar Jar is a Sith. He has a lightsaber.,neither,0.04726741357888586,0.3240537763508213,0.6286788100702929
Jar Jar = Sith Lord confirmed,neither,0.03945320844208391,0.33037608806864915,0.630170703489267
Jar Jar Binks is actually the Sith Lord,neither,0.04301836167281121,0.3205866559669796,0.6363949823602092
R2 Beat 2,neither,0.03945320844208391,0.33037608806864915,0.630170703489267
reddit is all russians and corporate,neither,0.046833450565420674,0.34900702262694255,0.6041595268076368
Don't mess with Darth Jar-Jar!,neither,0.03338879090475704,0.35042868810120587,0.6161825209940371
That looks AMAZING,neither,0.03511689220363847,0.37763677323881223,0.5872463345575493
C3BeatsYo,neither,0.03945320844208391,0.33037608806864915,0.630170703489267
Hardcore Parkour!,neither,0.03945320844208391,0.33037608806864915,0.630170703489267
Don't mess with Darth Mixalot,neither,0.029525026618488586,0.36467177002030643,0.605803203361205
I usually don’t fuck with fan theories but I like the Jar Jar Sith one,offensive_language,0.10194276165190888,0.8150393577331173,0.08301788061497385
...parkour?,neither,0.03945320844208391,0.33037608806864915,0.630170703489267
