text,top_class,hate_speech,offensive_language,neither
thanks,neither,0.035884468650613,0.3004919205142699,0.6636236108351171
Is that Kaiji Tang? I'm having Anime TV flashbacks,neither,0.04177457900048854,0.3543278176632319,0.6038976033362795
Trigun and Cowboy Bepop are two that I see so much from and so much inspired by but have never seen either,neither,0.040259120148735145,0.36804462023427276,0.591696259616992
Sweet i didn't miss it!,neither,0.020005880850896697,0.37642087367690763,0.6035732454721956
"trigun, beck <3",neither,0.03945320844208391,0.33037608806864915,0.630170703489267
don't get me wrong flcl is great. i think so smooth now.,neither,0.03777496655534451,0.3681109973049197,0.5941140361397358
Lupin the third,neither,0.03828979202080666,0.3089256540924729,0.6527845538867204
"Gundam Wing and the other Gundam where they go to a fighting tournament, the most anime",neither,0.04331755968850063,0.27455212298617304,0.6821303173253264
record of lodass,neither,0.03945320844208391,0.33037608806864915,0.630170703489267
yes,neither,0.03945320844208391,0.33037608806864915,0.630170703489267
gandsOwl gandsOwl gandsOwl gandsOwl,neither,0.03945320844208391,0.33037608806864915,0.630170703489267
0;o,neither,0.03945320844208391,0.33037608806864915,0.630170703489267
"first anime was probably Gaiking, Voltron, Speed Racer as a little kid, but Rurouni Kenshin was what got me hooked",neither,0.030603535324887784,0.41189877890492227,0.5574976857701898
Wooooooo!!!,neither,0.03945320844208391,0.33037608806864915,0.630170703489267
trigun is luv,neither,0.05133238316897197,0.32629029515335767,0.6223773216776702
Taliesin what are wEARING,neither,0.09434413760621073,0.2589110353970127,0.6467448269967765
Forget about Starblazers. That and Captain Harlock.,neither,0.03379413762287639,0.35712952850034324,0.6090763338767804
"@Nessazorro123 Oh yeah, I agree. I prefer FMA original, but it's a close race :)",neither,0.14334002903311177,0.15719547221592836,0.6994644987509598
tinytatoPotato tinytatoPotato tinytatoPotato tinytatoPotato,neither,0.03945320844208391,0.33037608806864915,0.630170703489267
Oh gosh I forgot about Trigun!,neither,0.04253868720602842,0.310675306766929,0.6467860060270425
Want the inside scoop? Join the cast of Critical Role and discuss this episode right here on Talks Machina. Tuesdays 7pm Pacific at twitch.tv/geekandsundry and projectalpha.com,neither,0.04630302093207864,0.22484473131932575,0.7288522477485957
yay,neither,0.03945320844208391,0.33037608806864915,0.630170703489267
I should have worn my Trigun shirt today,neither,0.03595788719468829,0.44185386060008736,0.5221882522052245
"Whoa, that's Stephanie Sheh!",neither,0.03606971821288191,0.36709379515850205,0.596836486628616
TALIESIN,neither,0.03945320844208391,0.33037608806864915,0.630170703489267
Oh god tal,neither,0.04441447604646756,0.28300978232753726,0.6725757416259951
,neither,0.03945320844208391,0.33037608806864915,0.630170703489267
Hey Party Goers,neither,0.03945320844208391,0.33037608806864915,0.630170703489267
I used to love that,neither,0.03876763109696035,0.3973170196067661,0.5639153492962735
<3,neither,0.03945320844208391,0.33037608806864915,0.630170703489267
Woooo,neither,0.03945320844208391,0.33037608806864915,0.630170703489267
Nerima Daikon Brothers is another favorite and where I got my screen name from.,neither,0.06538538433443347,0.3059358816002368,0.6286787340653298
KIRB,neither,0.03945320844208391,0.33037608806864915,0.630170703489267
animedesu?,neither,0.03945320844208391,0.33037608806864915,0.630170703489267
@axelobo that would be gundam g,neither,0.03259086124401342,0.39942004548308135,0.5679890932729053
Taliesen already has anime-colored hair.,neither,0.041442834569979575,0.12452348576354709,0.8340336796664733
Taliesin you are so colorful? Where is your goth!?,neither,0.1367042848005187,0.32399406273092524,0.5393016524685561
It be Kirb,neither,0.03697021275083725,0.3421113523239221,0.6209184349252407
Is that a Beck plushie?,neither,0.05154613418987003,0.42924314326430335,0.5192107225458266
"Trigun, cowboy bebop, and full metal alchemist were all up there",neither,0.05116440115855671,0.33305290187341946,0.6157826969680239
!rbschedule,neither,0.03945320844208391,0.33037608806864915,0.630170703489267
Find the unfinished rebroadcast schedule for the weekend here: http://bit.ly/WeekRebroadcast,neither,0.05904738035105781,0.17020024858160615,0.7707523710673361
Re hrpgSub hrpgHyperHype gandsSubHype,neither,0.10802165902134243,0.2484119200751343,0.6435664209035233
POCKY!!!,neither,0.03945320844208391,0.33037608806864915,0.630170703489267
yay. anime,neither,0.03945320844208391,0.33037608806864915,0.630170703489267
Pocky!,neither,0.03945320844208391,0.33037608806864915,0.630170703489267
!whodat,neither,0.03945320844208391,0.33037608806864915,0.630170703489267
"Erika Ishii ( twitter.com/erikaishii ), Taliesin Jaffe ( twitter.com/executivegoth ), Kaiji Tang ( twitter.com/KaijiTang ), Marcy Edwards ( twitter.com/MarcytheBeast ), Stephanie Sheh ( twitter.com/StephanieSheh ), Christian La Monte ( twitter.com/WritingMadness ), Chris Niosi ( twitter.com/Kirbopher ).",neither,0.03866552888374437,0.469982206843327,0.4913522642729286
I grabbed my mochi to eat :9,neither,0.03345085735891821,0.41469127788355364,0.5518578647575281
omg I had the exact same strawberry pocky a week ago!,neither,0.039398301011876115,0.32472755432455697,0.6358741446635668
SUGAAAARRRRR!!!,neither,0.03945320844208391,0.33037608806864915,0.630170703489267
yesssss embarrassing cosplay!,neither,0.03945320844208391,0.33037608806864915,0.630170703489267
oh no cosplay photos,neither,0.04293077942309382,0.3017154515938092,0.6553537689830969
hrpgSub hrpgHyperHype gandsSubHype,neither,0.03945320844208391,0.33037608806864915,0.630170703489267
those shrimp chips are gross,neither,0.08240446883289727,0.24360832533833537,0.6739872058287673
"OMG, Erika...the sugar rush from the Halloween episode wasn't enough?",neither,0.03903147284429645,0.30208582356751323,0.6588827035881902
Ohhh anime heaven food <3,neither,0.03945320844208391,0.33037608806864915,0.630170703489267
mystery,neither,0.03945320844208391,0.33037608806864915,0.630170703489267
Here goes the weekly sugar overdose xD,neither,0.08681111084403832,0.2764754075798109,0.6367134815761509
POCKY!,neither,0.03945320844208391,0.33037608806864915,0.630170703489267
"Ooh 90s copay, I'm excited",neither,0.03945320844208391,0.33037608806864915,0.630170703489267
YES embarrassing cosplay photos from the 90's,neither,0.039530361541446526,0.3094055330915549,0.6510641053669987
最高,neither,0.03945320844208391,0.33037608806864915,0.630170703489267
We have a subscriber-only Discord server! Join here: https://discord.gg/geekandsundry (you'll need to sub and link it to your Twitch) and be a part of the fun!...Warning: It can take up to an hour for the server to update and give you access to the channels,neither,0.08464076273808444,0.286394834032893,0.6289644032290227
Yay! Embarrassing Cosplay!,neither,0.03945320844208391,0.33037608806864915,0.630170703489267
"cosplay*,",neither,0.03945320844208391,0.33037608806864915,0.630170703489267
"@101deadpool1017 LOL thank you, I was gonna say Gundam Z but I knew that wasnt right",offensive_language,0.03679811562338257,0.4890058466273787,0.4741960377492387
"Oh yah, Skip Beat shirt!",neither,0.04335116903881215,0.2928851596438691,0.6637636713173188
"Fun, embarrassing photos",neither,0.03945320844208391,0.33037608806864915,0.630170703489267
They sell Pocky at the local dollar store.,neither,0.05716668411048742,0.32911983883580287,0.6137134770537097
Evangelion <3,neither,0.03945320844208391,0.33037608806864915,0.630170703489267
The Skip Beat dub turned out really well! Great job on it. :D,neither,0.0333127378298529,0.3239908705411362,0.6426963916290109
!rules @silevria,neither,0.03945320844208391,0.33037608806864915,0.630170703489267
"1) DON’T BE A DICK! 2) Racism, misogyny, misandry, homophobia, or any other hatred will not be tolerated 3) Rape jokes are not funny...EVER! 4) No spamming or posting of unnecessary links 5) When we dance, you dance 6) Keep it classy!! 7) Respect thy mod",offensive_language,0.05604509079481252,0.5130302277295207,0.4309246814756668
ike!,neither,0.03945320844208391,0.33037608806864915,0.630170703489267
that is a beautiful pink,neither,0.04362183870462412,0.3717432657041057,0.58463489559127
Bless him,neither,0.039283368408962925,0.33325871667787804,0.627457914913159
hrpgSub hrpgHyperHype gandsSubHype,neither,0.03945320844208391,0.33037608806864915,0.630170703489267
skip beat was my jam!,neither,0.030184425668177615,0.4018791440709376,0.5679364302608848
Pocky's everywhere at this point.,neither,0.03851398127491109,0.3575876149903383,0.6038984037347507
Okay I’m not an anime fan but I’m sold on embarrassing cosplay photos,neither,0.03588789261112514,0.34193456521017895,0.6221775421786959
that jacket is amazing,neither,0.04319905287149694,0.36789233880835226,0.5889086083201508
"YASSSSS, gathering anime with the anime king himself!!!",neither,0.03331596019183159,0.34083206788894005,0.6258519719192284
@axelobo Shining finger!,neither,0.03945320844208391,0.33037608806864915,0.630170703489267
Hello!,neither,0.03945320844208391,0.33037608806864915,0.630170703489267
Oh my god that IS a Beck plushie!,neither,0.034924354214506806,0.42317323182125677,0.5419024139642364
oh no i missed the beginning making hot cocoa!,neither,0.04204175896444567,0.2893306825569546,0.6686275584785998
ikemasu!,neither,0.03945320844208391,0.33037608806864915,0.630170703489267
No questions only joy,neither,0.03869539319602212,0.34323819053451166,0.6180664162694662
I’m SO gonna have to go to my favorite local Asian food mart next week.,neither,0.0462559810046938,0.3314835059465808,0.6222605130487254
Magi flame,neither,0.03945320844208391,0.33037608806864915,0.630170703489267
"Help G&S make great content! $4.99/month gets you emotes, Minecraft server access, Sub Only VODs, and more! Every sub keeps the channel alive! twitch.tv/geekandsundry/subscribe",neither,0.043907990691603095,0.31135964332838284,0.644732365980014
Hi Stephanie!!,neither,0.03945320844208391,0.33037608806864915,0.630170703489267
"Awwwwww, Ippudo!",neither,0.03945320844208391,0.33037608806864915,0.630170703489267
OH THERE'S A DOG,neither,0.04547994775552934,0.2203352506421703,0.7341848016023003
also that's a doggo :D,neither,0.033348559817538086,0.39739327445105316,0.5692581657314089
DOG!!!!,neither,0.03945320844208391,0.33037608806864915,0.630170703489267
da pupper,offensive_language,0.15114814935983525,0.6045263659867909,0.24432548465337384
Pikappudo,neither,0.03945320844208391,0.33037608806864915,0.630170703489267
pupper!,neither,0.03945320844208391,0.33037608806864915,0.630170703489267
DOGGO!,neither,0.03945320844208391,0.33037608806864915,0.630170703489267
FrankerZ,neither,0.03945320844208391,0.33037608806864915,0.630170703489267
Taliesin what is your plush dog?,neither,0.12718444310649477,0.30056580251835524,0.5722497543751499
THAT IS AN ADORABLE DOG,neither,0.04351750981287168,0.36265515411823945,0.5938273360688889
erika has really embraced the wig wearing lifestyle.,neither,0.03908482204440134,0.31366733055035173,0.6472478474052469
also puppy!,neither,0.03945320844208391,0.33037608806864915,0.630170703489267
All the Pocky <3,offensive_language,0.041785587507551285,0.49387059749283524,0.46434381499961347
Is this going to be a two hour Anime voice actor Panel,neither,0.04745536744348299,0.33908078395225666,0.6134638486042604
Dog in pikachu onesie soo cute,neither,0.0412949798356409,0.29911642087967194,0.6595885992846872
I didn't know Stephanie directed but I'm not surprised haha,neither,0.02449339640460538,0.4192558846265226,0.556250718968872
Is that Stephanie Sheh?,neither,0.0436934699612105,0.3723876712986079,0.5839188587401816
!whodat,neither,0.03945320844208391,0.33037608806864915,0.630170703489267
"Erika Ishii ( twitter.com/erikaishii ), Taliesin Jaffe ( twitter.com/executivegoth ), Kaiji Tang ( twitter.com/KaijiTang ), Marcy Edwards ( twitter.com/MarcytheBeast ), Stephanie Sheh ( twitter.com/StephanieSheh ), Christian La Monte ( twitter.com/WritingMadness ), Chris Niosi ( twitter.com/Kirbopher ).",neither,0.03866552888374437,0.469982206843327,0.4913522642729286
Its a puper-dooo!!!,neither,0.03309144916294284,0.33256418880705063,0.6343443620300065
I was thinking the same thing about ze pupper,neither,0.03807550771123819,0.3458888038848116,0.6160356884039503
First anime at Sundance- that's a big freaking deal!!!,neither,0.022798952237047615,0.4161283911775048,0.5610726565854477
We demand vocal demonstrations! Kappa,neither,0.03934501663132761,0.3322123854553096,0.6284425979133628
I am VERY excited!,neither,0.0392533639541207,0.33044482375204914,0.6303018122938302
holy crap! Thats awesome!,neither,0.03945320844208391,0.33037608806864915,0.630170703489267
Somebody stole Mercer's hair!,neither,0.03945320844208391,0.33037608806864915,0.630170703489267
Geek & Sundry is turning into Dogs & Sundry!,neither,0.04554404796915171,0.32828116905617416,0.6261747829746742
Puppy wins the night. There’s no topping that.,neither,0.03007618839293915,0.32859310199897074,0.64133070960809
"Hello, Stephanie!",neither,0.03945320844208391,0.33037608806864915,0.630170703489267
HE's a good egg,neither,0.045042493541500986,0.3284536766229237,0.6265038298355754
Crunchyroll is a good site to look for some episodes.,neither,0.039457494789023405,0.31329893993106467,0.6472435652799119
Find a man who looks at you like Taliesin looks at puppers,neither,0.06541423374658395,0.4499912970602813,0.48459446919313476
The best bean,neither,0.037602675341318205,0.30534143487799514,0.6570558897806867
oh well no one noticed. ;P,neither,0.04271412053961378,0.32678298153164187,0.6305028979287445
SO FOOZY,offensive_language,0.039501631330860744,0.48329170807269783,0.4772066605964413
"Volume in my left ear, volume in my right and here I am....",neither,0.04247381930957822,0.38130662914593877,0.5762195515444831
SET DOG!!,neither,0.03945320844208391,0.33037608806864915,0.630170703489267
Kirb has always had that hair,neither,0.034127578551783805,0.42264125017329013,0.5432311712749262
LOOK AT HIMMMM,neither,0.041370415080699,0.3752591042909611,0.5833704806283398
"One step closer to ""Gather Your Puppy""....",neither,0.06347929853326092,0.3424869980588946,0.5940337034078444
so cute,neither,0.04296880691731001,0.35555683390548976,0.6014743591772002
he is best doggo,neither,0.06270720641965298,0.31073736996703955,0.6265554236133074
Pupper,neither,0.03945320844208391,0.33037608806864915,0.630170703489267
did they just say your name? tears,neither,0.060015742427215364,0.34160243090144665,0.598381826671338
Give the pupper pats from chat!,neither,0.039562737913436695,0.30129048131931946,0.6591467807672438
So Cute! <3,neither,0.04296880691731001,0.35555683390548976,0.6014743591772002
Sweet puppy,neither,0.03945320844208391,0.33037608806864915,0.630170703489267
"""How can you do this to me?""",neither,0.06326778893809566,0.4376934209983455,0.49903879006355883
Heeeey,neither,0.03945320844208391,0.33037608806864915,0.630170703489267
puppeh!,neither,0.03945320844208391,0.33037608806864915,0.630170703489267
He’s so SWEET! gandsLessthanthree,neither,0.04691700636105164,0.38897084723328795,0.5641121464056604
hrpgSub hrpgHyperHype gandsSubHype,neither,0.03945320844208391,0.33037608806864915,0.630170703489267
"Dog thoughts ""I do not like wearing clothes.""",neither,0.0451330902233926,0.2499621498514619,0.7049047599251456
Wow...,neither,0.03945320844208391,0.33037608806864915,0.630170703489267
Awwww cutest pupper,neither,0.03945320844208391,0.33037608806864915,0.630170703489267
@The_TBoyce we need gather your puppies so bad,neither,0.057269089157514046,0.3593586360529169,0.5833722747895691
GATHER YOUR PUPPERS,neither,0.0780690733417637,0.3196259537601841,0.6023049728980522
"""I don't know what breed"" is the best bread of dog",neither,0.04869426914683618,0.3029718785114462,0.6483338523417176
doodBenny3 doodBenny3,neither,0.03945320844208391,0.33037608806864915,0.630170703489267
I want to pet Ippudo so much!,neither,0.04214720490774806,0.3714404330108544,0.5864123620813975
They are the best,neither,0.07828020564626635,0.23388142149541719,0.6878383728583165
Gather the pups!,neither,0.03843498882663835,0.31168514531390124,0.6498798658594604
Question: What's your favorite anime soundtrack?,neither,0.06564899865204617,0.3213183023104366,0.6130326990375173
You'd get me to watch that,offensive_language,0.06212604503711923,0.4998251626939648,0.43804879226891597
Sup Stephanie,neither,0.03945320844208391,0.33037608806864915,0.630170703489267
I'm into Gather Your Puppies.,neither,0.06374931788858045,0.32363707591875185,0.6126136061926677
RaccAttack,neither,0.03945320844208391,0.33037608806864915,0.630170703489267
"Yep, my rescue dog was the same way. barked like mad whenever someone walked into the door haha",neither,0.03570523940296109,0.40097299952792215,0.5633217610691168
GATHER YOUR PUPPIES YES!!!,neither,0.06326319008811353,0.3237725177679348,0.6129642921439517
Gather Your Puppies,neither,0.06582875000452618,0.3230572119719133,0.6111140380235606
"OMG, bring Laura Bailey, Charlie, and a dice jail!",neither,0.00968279163818904,0.060069079223599685,0.9302481291382112
YES,neither,0.03945320844208391,0.33037608806864915,0.630170703489267
Ryan will need to lay down 1000 square yards of newspaper.,neither,0.04345825077325614,0.31541345113795166,0.6411282980887923
the puppies name is coincidentally mentioned in this week's episode of Ramen Daisuki Koizumi-san,neither,0.0434566281263993,0.320236545712629,0.6363068261609717
Gather your puppies,neither,0.06582875000452618,0.3230572119719133,0.6111140380235606
Gather your Illegitimate Kids,neither,0.06275817424094589,0.32391317582892915,0.6133286499301249
Ippudo,neither,0.03945320844208391,0.33037608806864915,0.630170703489267
@PhilMedieval original berserk,neither,0.03945320844208391,0.33037608806864915,0.630170703489267
Favorite anime music to me is Fairy Tail.,neither,0.05024616560670061,0.24839845389566556,0.7013553804976337
that is the most confused face,neither,0.04238287643166157,0.3522663425396268,0.6053507810287116
I think sangatsunorion has some of the best music these days,neither,0.03797016799230465,0.36278949891634266,0.5992403330913526
also haibane renmei,neither,0.03945320844208391,0.33037608806864915,0.630170703489267
Cowboy Bebop is my favorite for music,neither,0.030889143248333247,0.37150905067335516,0.5976018060783116
@PauladinWon YES!,neither,0.03945320844208391,0.33037608806864915,0.630170703489267
hrpgSub hrpgHyperHype gandsSubHype,neither,0.03945320844208391,0.33037608806864915,0.630170703489267
"Erika, did Shakespeare?!?",neither,0.03945320844208391,0.33037608806864915,0.630170703489267
"Okay, we need to do ""Gather Your Shakespeare"", and Liam O'Brien needs to be King Henry V.",neither,0.05965094841478646,0.3066411501762293,0.6337079014089843
Macross plus has a solid soundtrack,neither,0.03975992293151374,0.3251703427219931,0.6350697343464932
80s berlin R+J? I'm HERE for that,neither,0.06170130517085107,0.3116769604185302,0.6266217344106187
that sounds interesting....,neither,0.03547665834194645,0.37364674899489503,0.5908765926631586
Hai Stephanie,neither,0.03945320844208391,0.33037608806864915,0.630170703489267
"My favorite anime soundtrack is FLCL, I love The Pillows",neither,0.03337647399306827,0.38783601656408057,0.5787875094428511
@The_TBoyce EK Shakespeares pretty hard.,offensive_language,0.029590176150119118,0.5878321546366476,0.3825776692132333
Haven't see OG Berserk but have heard good things,neither,0.0363155027392989,0.3438279151627604,0.6198565820979407
"wait a fucking second, I think I know that guy",offensive_language,0.09356617518203622,0.9022870954400907,0.004146729377873044
FROM LIFE,neither,0.03542917620147924,0.39958660429721915,0.5649842195013016
Romeo & Yuliette,neither,0.03945320844208391,0.33037608806864915,0.630170703489267
I’ve had an absolutely horrible night. But coming home to this should hopefully cheer me up,neither,0.025279173206677358,0.3832582029701876,0.591462623823135
Oh man the FLCL soundtrack was amazing,neither,0.042910909445422175,0.3273384796380133,0.6297506109165645
GATHER YOUR SHAKESPEARE WITH LIAM O'BRIEN YES PLEASE!!,neither,0.04671726258606802,0.34694182683618496,0.6063409105777471
"I say this every week, but Taliesin's laugh gives me life",neither,0.029889866738030464,0.40721865124038314,0.5628914820215863
"@The_TBoyce They've talked about a Gather your Bard many times, and I am super hyped for that idea.",neither,0.031901613417060694,0.3184788208091825,0.6496195657737569
CHRIS?,neither,0.03945320844208391,0.33037608806864915,0.630170703489267
Greetings,neither,0.03945320844208391,0.33037608806864915,0.630170703489267
DJ The Bard :P,neither,0.03826739049100925,0.3084973326782542,0.6532352768307366
@The_TBoyce I'll second that!,neither,0.034639728147280446,0.38294511552388627,0.5824151563288333
The Pillows <3,neither,0.03613032604487659,0.2619290779399786,0.7019405960151449
!whodat,neither,0.03945320844208391,0.33037608806864915,0.630170703489267
"Erika Ishii ( twitter.com/erikaishii ), Taliesin Jaffe ( twitter.com/executivegoth ), Kaiji Tang ( twitter.com/KaijiTang ), Marcy Edwards ( twitter.com/MarcytheBeast ), Stephanie Sheh ( twitter.com/StephanieSheh ), Christian La Monte ( twitter.com/WritingMadness ), Chris Niosi ( twitter.com/Kirbopher ).",neither,0.03866552888374437,0.469982206843327,0.4913522642729286
Awwwww hallo cute pupperdoodle,neither,0.04149424688054818,0.2957343390820486,0.6627714140374033
me too @lavendertownsghost me too,neither,0.025456656249999262,0.41690574403459846,0.5576375997154023
The new Devilman OST is pretty dope,neither,0.05143928214631641,0.21978623729860539,0.7287744805550783
My school back in 85 did a Post Apocalypse Mad Max version of Macbeth.,neither,0.033486114785191,0.37420505484374494,0.5923088303710642
According to Chris from Robot Teammate i am one the many illegitimate son of George Clooney!,neither,0.04208268889670845,0.32715666629522355,0.630760644808068
awwww buddy,neither,0.03945320844208391,0.33037608806864915,0.630170703489267
Has Erika done anime?,neither,0.0391017079575421,0.33634196863448873,0.6245563234079691
the deep cuts,neither,0.038497329327219276,0.3128614382887469,0.6486412323840339
@rosewaterwitch oh shit!,offensive_language,0.04652059265363964,0.9534729203614298,6.486984930600159e-06
Oh maaannnn,neither,0.051363287716059566,0.22255663153133606,0.7260800807526044
I can’t wait for them to do Gather Your Shakespeare!,neither,0.07433129139368798,0.291100253771071,0.634568454835241
Liam could do R+J in a German accent,neither,0.04040575672431635,0.33004846303471397,0.6295457802409696
Erika is anime,neither,0.05005952611256733,0.3267280890626825,0.6232123848247502
DO IT (please),neither,0.03939256499752239,0.33039694613007553,0.6302104888724022
I know that voice,neither,0.0342501051615469,0.38729262652236773,0.5784572683160853
"@Jaged1235 I really want Sam to arrive in-character as Scanlan, saying: ""But you said Gather Your BARD. I am a Bard!"" LOL",neither,0.052993253414101577,0.40127113788027213,0.5457356087056262
Please do Gather Your Shakespeare,neither,0.06342704570573207,0.32362237713618114,0.6129505771580868
YES PLEASE GATHER YOUR BARD,neither,0.06744446843674952,0.32260607473631187,0.6099494568269386
Yessssssss,neither,0.03945320844208391,0.33037608806864915,0.630170703489267
i need,neither,0.03901008956310134,0.32666546762563675,0.6343244428112619
hrpgSub hrpgHyperHype gandsSubHype x2,neither,0.03945320844208391,0.33037608806864915,0.630170703489267
Dang that's dark,neither,0.033943145632412866,0.3907255411863958,0.5753313131811914
"not a soundtrack, but the video of aphex twin over akira is beautiful.",neither,0.042232933674346156,0.267268604306398,0.6904984620192558
#Gatheryour FATE,neither,0.03945320844208391,0.33037608806864915,0.630170703489267
YES there were already casting ideas for Gather Your Shakespeare on twitter,neither,0.047555704714401806,0.3506608294880454,0.6017834657975527
Gather your Shakespeare plsssssss,neither,0.06524029444393677,0.3232213912842776,0.6115383142717856
don't jail the puppies,neither,0.038624476652544676,0.315245694276063,0.6461298290713924
omg Gather Your Puppies. The most relaxing Friday evening EVER.,neither,0.05356619426180292,0.3175587929645684,0.6288750127736287
Gather your Bard-y?,neither,0.0780690733417637,0.3196259537601841,0.6023049728980522
"Dog Thoughts ""I'm going to sleep until the food stuff happens.""",neither,0.05558880827990518,0.3300595966557936,0.6143515950643011
Gather Your Serendipity. :D,neither,0.0780690733417637,0.3196259537601841,0.6023049728980522
Gather your Six Degrees of GnS...,neither,0.06143629179264581,0.3242811309850714,0.6142825772222829
I want eh Chopper plushie!,neither,0.03965914881294665,0.3268807425135686,0.6334601086734847
@thegeeksmeow lol!,neither,0.020706217963973744,0.4882283491876925,0.4910654328483337
Gather Your Shakespeare Puppies!,neither,0.06016708408501138,0.3246341363034138,0.6151987796115748
hrpgSub hrpgHyperHype gandsSubHype,neither,0.03945320844208391,0.33037608806864915,0.630170703489267
Is that a plush of the dog from BECK?,neither,0.04448529069622229,0.3361943209810941,0.6193203883226837
@Somnium_Umbra yep,neither,0.03945320844208391,0.33037608806864915,0.630170703489267
"Chris, did you date someone from Flintridge Sacred Heart Academy?",neither,0.05113699010680239,0.3488981326666687,0.599964877226529
"the closest i got to perform shakespeare on the stage was performing ""Hamlet 2: Better than the original""",neither,0.03894362032846342,0.3380798527586966,0.62297652691284
Gather your Bard! I am just getting home from a production of Hamlet in time for that thought,neither,0.045434319396163034,0.3289899346712077,0.6255757459326293
hrpgSub hrpgHyperHype gandsSubHype,neither,0.03945320844208391,0.33037608806864915,0.630170703489267
I MIGHT KNOW HIM,neither,0.03927237381657748,0.33344532360425877,0.6272823025791637
"Stephanie, is there any way we can donate bones to Ippudo?",neither,0.04889158835664808,0.29956966233743637,0.6515387493059155
the dog is currently the ultimate mood,neither,0.04386093676230709,0.30597888528573874,0.6501601779519542
this goes so deep!,neither,0.03930079113739869,0.3824093792598165,0.5782898296027847
"haha, on my phone watching. Gonna watch this show however",neither,0.038219571430975846,0.42438910011450315,0.537391328454521
THE BEAST!!,neither,0.03828979202080666,0.3089256540924729,0.6527845538867204
@rosewaterwitch HOLY SHIT,offensive_language,0.04257650662097627,0.9573463282193174,7.716515970639687e-05
"""O That This Too Solid Flesh Would Melt - ZZZAP!""",neither,0.03627927491602453,0.3582435312013121,0.6054771938826635
hrpgSub hrpgHyperHype gandsSubHype,neither,0.03945320844208391,0.33037608806864915,0.630170703489267
aww sleep pup,neither,0.03945320844208391,0.33037608806864915,0.630170703489267
Loved KLK!!!,neither,0.03945320844208391,0.33037608806864915,0.630170703489267
I just saw a stuffed beck,neither,0.03476357333075444,0.3525417735904477,0.6126946530787979
so excited for tgisfather your party!,neither,0.061909441570432315,0.3332570724395011,0.6048334859900665
aww marrieds,neither,0.03945320844208391,0.33037608806864915,0.630170703489267
hrpgSub hrpgHyperHype gandsSubHype,neither,0.03945320844208391,0.33037608806864915,0.630170703489267
I love when the show brings on marrieds,neither,0.0361305543211513,0.31500206265446734,0.6488673830243815
!rbschedule,neither,0.03945320844208391,0.33037608806864915,0.630170703489267
Find the unfinished rebroadcast schedule for the weekend here: http://bit.ly/WeekRebroadcast,neither,0.05904738035105781,0.17020024858160615,0.7707523710673361
Ok he's in Fire Emblems Heroes,neither,0.043856722608519146,0.329551246410328,0.6265920309811528
"Wait I missed, who was she in KLK?",offensive_language,0.04156251760129354,0.4867864743646347,0.47165100803407173
"Yay, NDAs. :p",neither,0.03945320844208391,0.33037608806864915,0.630170703489267
I recognize his name,neither,0.06796488935689403,0.33214405171326206,0.599891058929844
Hells Yeah Archer!,neither,0.023507678412445245,0.4412251867422846,0.5352671348452701
We are used to people not being able to talk about stuff they are doing,neither,0.07930223896885027,0.31056511390473135,0.6101326471264183
yay Archer for the win,neither,0.0329450964665602,0.2872975121760271,0.6797573913574128
:D,neither,0.03945320844208391,0.33037608806864915,0.630170703489267
He does not sound like Archer. Maybe if he shouts Lana some.,neither,0.026254027689092064,0.45345873697949884,0.5202872353314091
,neither,0.03945320844208391,0.33037608806864915,0.630170703489267
Owain is bae. <3 <3,neither,0.04774802271121307,0.40523027171091003,0.5470217055778768
hrpgSub hrpgHyperHype gandsSubHype,neither,0.03945320844208391,0.33037608806864915,0.630170703489267
Dude I need to play DBZ Fighter so bad.,neither,0.0417075374344801,0.3637824391445051,0.5945100234210148
i gave up a local punk concert for this,neither,0.043490747922772244,0.14045191678541613,0.8160573352918116
hrpgSub hrpgHyperHype gandsSubHype x2,neither,0.03945320844208391,0.33037608806864915,0.630170703489267
Re hrpgSub hrpgHyperHype gandsSubHype,neither,0.10802165902134243,0.2484119200751343,0.6435664209035233
I only have money for one and my friends are getting Monster Hunter World.,neither,0.03712731221876611,0.37532503527796374,0.5875476525032701
So many beautiful weebs,neither,0.03940851780712943,0.38690246756376717,0.5736890146291034
holy god I totally know Chris,neither,0.03945320844208391,0.33037608806864915,0.630170703489267
KIIIIIIRB.,neither,0.03945320844208391,0.33037608806864915,0.630170703489267
Kirbopher??!!,neither,0.03945320844208391,0.33037608806864915,0.630170703489267
Re hrpgSub hrpgHyperHype gandsSubHype,neither,0.10802165902134243,0.2484119200751343,0.6435664209035233
i've been saying kirbopher wrong forever,neither,0.016429946783735615,0.3191847306385649,0.6643853225776994
"speaking of Yamcha, The Case of Being Reincarnated as Yamcha is a great manga...quick read",neither,0.03827827753070254,0.3398126933939919,0.6219090290753055
@rosewaterwitch this delights me so much,neither,0.02486146254453565,0.45572770750177083,0.5194108299536935
Ya Kirbopher!,offensive_language,0.017331157930923866,0.7872544665869478,0.19541437548212848
"Holy shit I had no idea you did anime, that's awesome Chris",offensive_language,0.05611822894192009,0.9186514851711394,0.02523028588694055
Dueled Little Kuriboh,neither,0.038753252915513146,0.3422561600929139,0.618990586991573
Hi Kirb. <3,neither,0.03945320844208391,0.33037608806864915,0.630170703489267
all the Chris's,neither,0.04047777221632278,0.4073558068636604,0.5521664209200168
