text,top_class,hate_speech,offensive_language,neither
,neither,0.03945320844208391,0.33037608806864915,0.630170703489267
Yo,offensive_language,0.04010381111145228,0.5271105317972344,0.4327856570913131
doing well :),neither,0.03945320844208391,0.33037608806864915,0.630170703489267
here we go,neither,0.13156755280784707,0.2765461283225309,0.5918863188696221
oh my lord,neither,0.03143913777238142,0.3750154971203132,0.5935453651073055
Oh shit.,offensive_language,0.04652059265363964,0.9534729203614298,6.486984930600159e-06
@pauladinwon I think this camera angle just makes it look brighter,neither,0.03665849374772457,0.34029999704784303,0.6230415092044324
Oh no,neither,0.04751210705993949,0.26629718932274826,0.6861907036173122
"@grogthevictorious I appreciate your logic, but it is also behind the cameras. :P",neither,0.059548476144430144,0.31920924491346003,0.6212422789421098
lol,neither,0.020706217963973744,0.4882283491876925,0.4910654328483337
@bravotic howdy! How are you?,neither,0.19156335723385254,0.31525141242459664,0.49318523034155076
Here we go...,neither,0.13156755280784707,0.2765461283225309,0.5918863188696221
"Hosts Jake Bennett ( twitter.com/jakegbennett ) and Daryl Crittenden ( twitter.com/irdaryl ),",neither,0.038222314226517534,0.4247464387323973,0.5370312470410853
!whodat,neither,0.03945320844208391,0.33037608806864915,0.630170703489267
"Asinine Wisdom ( twitter.com/AsinineWisdom ), Jake Bennett ( twitter.com/jakegbennett ) and Daryl Crittenden ( twitter.com/irdaryl ) with guest Jason Charles Miller ( twitter.com/jasoncmiller ).",neither,0.035475298873288826,0.44817595854525794,0.5163487425814532
Gold tie on a personalized ghostbusters uni. Beautiful,neither,0.037429575801389454,0.34002145463419015,0.6225489695644204
I hope they managed to actually send the videos in this week...,neither,0.07099375578778329,0.23498023781948588,0.6940260063927308
nice,neither,0.03945320844208391,0.33037608806864915,0.630170703489267
The mics!,neither,0.03613032604487659,0.2619290779399786,0.7019405960151449
Nice shirt.,neither,0.03945320844208391,0.33037608806864915,0.630170703489267
New foliage. Well deserved. :),neither,0.04330466922415047,0.2340420481905568,0.7226532825852927
oh golly yall,neither,0.04307092433174149,0.30590867609916655,0.651020399569092
Is it just me or is Daryl channeling Jamie Kennedy?,neither,0.04032941538351245,0.3686412512865813,0.5910293333299061
"Dear lord jake, that is a great Obama",neither,0.04069381657505205,0.3389800104593428,0.6203261729656051
"@shidareAKI won't matter, daryl will still find a way to make it ridiculous, which i love btw",neither,0.04313304211173258,0.2831690365057599,0.6736979213825075
"Wait. I know there's a blue ribbon in one of these boxes over there, maybe it's his.",neither,0.053596913008476806,0.33619204688996807,0.6102110401015552
Doing well! I made fluffy pancakes today! So that was cool :),neither,0.03607035538230762,0.3692893253166436,0.5946403193010489
hrpgSub hrpgHyperHype gandsSubHype,neither,0.03945320844208391,0.33037608806864915,0.630170703489267
Wait. Is this Between Two Ferns?,neither,0.04844387399691286,0.3184328508243872,0.6331232751786999
Dat Obama tho,neither,0.03481980003766591,0.3408319306396621,0.6243482693226721
@GeekTheNoble nothing matters on this show XD,neither,0.04775320858527193,0.3142200789719061,0.6380267124428219
oooo floofy cakes I'm into it,neither,0.03789160012903463,0.3309131967759969,0.6311952030949685
Glasses!!!!,neither,0.03945320844208391,0.33037608806864915,0.630170703489267
@shidareAKI which makes it amazing,neither,0.038073243480483264,0.33073193309407967,0.6311948234254372
Yep,neither,0.03945320844208391,0.33037608806864915,0.630170703489267
love the mic placement,neither,0.03630128554876352,0.32772779986009365,0.635970914591143
You need pinky fingers to hold a sword. Why do you think Yakuza slice theirs off when they screw up?,neither,0.04471881651821044,0.42217888811073456,0.533102295371055
"They were fun to make and poke, takes forever to make fluffy pancakes",neither,0.04597705179778147,0.29593856089332704,0.6580843873088915
"@KaminoC1one Haha, I just noticed it.",neither,0.02983036427922773,0.4227112660698979,0.5474583696508744
Re hrpgSub hrpgHyperHype gandsSubHype,neither,0.10802165902134243,0.2484119200751343,0.6435664209035233
FOUR MORE YEARS,neither,0.041440168272216756,0.3200240319238969,0.6385357998038864
I'm in a padded cell right now. Good reception.,neither,0.0382529189300831,0.3445993253686537,0.6171477557012633
@ErikaIshii sighting!,neither,0.03945320844208391,0.33037608806864915,0.630170703489267
FOUR MORE YEASS,neither,0.04186368455432654,0.31786486702161215,0.6402714484240614
Amazing speech,neither,0.03945320844208391,0.33037608806864915,0.630170703489267
best speech today!,neither,0.03724197762515829,0.30182890472731316,0.6609291176475286
Just as believable as any SOTU :P,neither,0.03307720752766638,0.3982002535969102,0.5687225388754235
YEARS*,neither,0.03945320844208391,0.33037608806864915,0.630170703489267
tinytatoPotato tinytatoPotato tinytatoPotato,neither,0.03945320844208391,0.33037608806864915,0.630170703489267
"WHO CARES, I SO LOVE THIS SHOW!!!!!",neither,0.0526330432035325,0.38229570171319666,0.5650712550832708
Ha,neither,0.03945320844208391,0.33037608806864915,0.630170703489267
FOUR MORE YEARS,neither,0.041440168272216756,0.3200240319238969,0.6385357998038864
hrpgSub hrpgHyperHype gandsSubHype,neither,0.03945320844208391,0.33037608806864915,0.630170703489267
on no,neither,0.03137995922801042,0.3939833942083878,0.5746366465636017
LUL,neither,0.03945320844208391,0.33037608806864915,0.630170703489267
*crash*,neither,0.03945320844208391,0.33037608806864915,0.630170703489267
gandsRage gandsRage gandsRage,neither,0.03945320844208391,0.33037608806864915,0.630170703489267
Cut an ear off,neither,0.03976104780745879,0.32515125064151346,0.6350877015510279
"Hi gandsRyanHype , bye gandsRyanHype",neither,0.03945320844208391,0.33037608806864915,0.630170703489267
@ErikaIshii *throws head back in laughter*,neither,0.03817944717961265,0.3519951409447851,0.6098254118756024
you feed on the richest of chaos @chaoticloony,neither,0.0474655705038306,0.35943928603091163,0.5930951434652578
Hehehehhehe,neither,0.03945320844208391,0.33037608806864915,0.630170703489267
Keep him like that until the Mines&Crafts hosts can glitter him again!,neither,0.041238121337567386,0.37096675994496014,0.5877951187174725
@ErikaIshii Lol,neither,0.020706217963973744,0.4882283491876925,0.4910654328483337
pffft Ryan XD,neither,0.03945320844208391,0.33037608806864915,0.630170703489267
Ryan needs a safe word!,neither,0.03945320844208391,0.33037608806864915,0.630170703489267
They look like you put a tire pump in a pancake and filled it up XD buzzfeed made them,neither,0.05988651617250249,0.3618742638816873,0.5782392199458103
Dynamite???,neither,0.03945320844208391,0.33037608806864915,0.630170703489267
This man has my vote,neither,0.028424142089974114,0.481142950376621,0.4904329075334048
yeass works too ErikaIshii :D,neither,0.039121191141382544,0.3360112881576585,0.624867520700959
@shidareAKI Yes i do!,neither,0.04178310042544078,0.32957473137697196,0.6286421681975872
"Erika, truly the most rational of us",neither,0.06779970994937684,0.3127056976417698,0.6194945924088534
I think it's too late for safe words,neither,0.033862729242710686,0.3033281425847471,0.6628091281725421
RYAN use your ladder powers on them! gandsGnSLadders gandsGnSLadders gandsGnSLadders,neither,0.03462804935207879,0.4088131726312418,0.5565587780166795
"@Shadowstorm_0 Don't you mean ""Six seasons and a movie""?",neither,0.052284762150902504,0.30199202067982184,0.6457232171692757
@ErikaIshii @TheDiMono that's... XD,neither,0.026110925149043836,0.4791292047641166,0.4947598700868395
#Gagorders,neither,0.03945320844208391,0.33037608806864915,0.630170703489267
I want to see blood,neither,0.047869750407156186,0.3210377416302743,0.6310925079625694
Hi @ErikaIshii,neither,0.03945320844208391,0.33037608806864915,0.630170703489267
Picard Bless,neither,0.03945320844208391,0.33037608806864915,0.630170703489267
Lol,neither,0.020706217963973744,0.4882283491876925,0.4910654328483337
FOUR MORE YEARS,neither,0.041440168272216756,0.3200240319238969,0.6385357998038864
clap clap clap!,neither,0.03945320844208391,0.33037608806864915,0.630170703489267
@harberst Ah yes youre right,neither,0.04796435079814685,0.3444954893614694,0.6075401598403839
Make it so,neither,0.036954900997372996,0.4128228953284452,0.5502222036741818
love it,neither,0.030831260484157012,0.3601344986151421,0.609034240900701
ENCORE!!!!!,neither,0.03945320844208391,0.33037608806864915,0.630170703489267
Heya @ErikaIshii :),neither,0.03945320844208391,0.33037608806864915,0.630170703489267
"Picard bless us, every one.",neither,0.07915361098311202,0.35363652514128874,0.5672098638755991
#fourmoreyears,neither,0.03945320844208391,0.33037608806864915,0.630170703489267
,neither,0.03945320844208391,0.33037608806864915,0.630170703489267
I bet this wouldn't have happened if Ryan had embraced glitter,neither,0.02822678567389714,0.36984277737933813,0.6019304369467646
"Yes, this is scheduled",neither,0.047480031118773705,0.32914244746928417,0.623377521411942
That. Was awesome.,neither,0.03453191945982305,0.38505160316851694,0.5804164773716599
-tears- that was beautiful,neither,0.0355906060452214,0.3730998161856599,0.5913095777691187
Hi Erika!,neither,0.03945320844208391,0.33037608806864915,0.630170703489267
!wtfisthis,neither,0.03945320844208391,0.33037608806864915,0.630170703489267
Asinine Wisdom is where common sense and civil discourse go to die. Two idiots (Jake Bennett and Daryl Crittenden) and one unfortunate guest get to the bottom of the issues no one is talking about.,neither,0.08447096936480233,0.23498343136853395,0.6805455992666638
::applause::,neither,0.03945320844208391,0.33037608806864915,0.630170703489267
"@erikaishii Also, hey Erika",neither,0.03945320844208391,0.33037608806864915,0.630170703489267
Ha,neither,0.03945320844208391,0.33037608806864915,0.630170703489267
"Best ""State of the"" address ever",neither,0.0649501717947638,0.2237922658544757,0.7112575623507604
I love this show,neither,0.05833385288354363,0.23792695023094135,0.703739196885515
Hi @ErikaIshii,neither,0.03945320844208391,0.33037608806864915,0.630170703489267
10/10,neither,0.03945320844208391,0.33037608806864915,0.630170703489267
Tuesday Late-night Hype!,neither,0.03346613026276038,0.33021218934893726,0.6363216803883024
Fizzgig gandsSubHype gandsSubHype,neither,0.03945320844208391,0.33037608806864915,0.630170703489267
#BespokeHoodies,neither,0.03945320844208391,0.33037608806864915,0.630170703489267
Puppy!!!!!!,neither,0.03945320844208391,0.33037608806864915,0.630170703489267
Fizzy <3,neither,0.03945320844208391,0.33037608806864915,0.630170703489267
#TeamDaryl,neither,0.03945320844208391,0.33037608806864915,0.630170703489267
I still want to know what happened to Asione through Asieight Wisdoms?,neither,0.05643089163861787,0.328951432350871,0.6146176760105111
We love our doggos on Geek & Sundry,neither,0.03446156302685696,0.35611958518953546,0.6094188517836076
Oh no i dont like xD,neither,0.06281612633437794,0.30282970261507125,0.6343541710505508
o.o,neither,0.03945320844208391,0.33037608806864915,0.630170703489267
!whodat,neither,0.03945320844208391,0.33037608806864915,0.630170703489267
"Asinine Wisdom ( twitter.com/AsinineWisdom ), Jake Bennett ( twitter.com/jakegbennett ) and Daryl Crittenden ( twitter.com/irdaryl ) with guest Jason Charles Miller ( twitter.com/jasoncmiller ).",neither,0.035475298873288826,0.44817595854525794,0.5163487425814532
WutFace,neither,0.03945320844208391,0.33037608806864915,0.630170703489267
Cowboy boots are hot!!!!!,neither,0.06109393896226523,0.29173931658162394,0.6471667444561108
lol,neither,0.020706217963973744,0.4882283491876925,0.4910654328483337
hrpgSub hrpgHyperHype gandsSubHype,neither,0.03945320844208391,0.33037608806864915,0.630170703489267
that looked owchie,neither,0.03386352958437558,0.39161700887993156,0.5745194615356929
YAAAY fizzgig,neither,0.03945320844208391,0.33037608806864915,0.630170703489267
Wrap it twice around the small end and tuck it through the second wrap,neither,0.03713197715026418,0.29942572480829344,0.6634422980414424
Western boots do that.,neither,0.03729323045472981,0.36580349943989826,0.5969032701053719
"let's be honest, no one is comfortable watching this show",neither,0.04100620113702534,0.3338674819545298,0.6251263169084449
fizzgig...isn't that the name of that little fuzzball thing in The Dark Crystal?,neither,0.03352972700726483,0.36538138978290424,0.601088883209831
Heeey Erika <3,neither,0.03945320844208391,0.33037608806864915,0.630170703489267
@figblat yes,neither,0.03945320844208391,0.33037608806864915,0.630170703489267
Yep!,neither,0.03945320844208391,0.33037608806864915,0.630170703489267
Give the pupper pats from chat,neither,0.039562737913436695,0.30129048131931946,0.6591467807672438
Wow deep lol,neither,0.030897733226864427,0.39305901769621915,0.5760432490769164
YOU’RE WELCOME,neither,0.10626763448287628,0.35096606821718634,0.5427662972999374
I constantly at ludicrous speed.,neither,0.038696061555654936,0.353424057514194,0.6078798809301511
just joined. youre welcome,neither,0.04328907172955255,0.3449938187655257,0.6117171095049216
@ErikaIshii you right,offensive_language,0.08294747237160117,0.4962873385648823,0.42076518906351656
Bad words are the best,neither,0.06037784490359249,0.25899188091152714,0.6806302741848803
... I question the knee deep part,neither,0.03877465994972925,0.3180377619816981,0.6431875780685726
Jake!!!! Yes,neither,0.03945320844208391,0.33037608806864915,0.630170703489267
that sounds horrible,neither,0.0354032907928338,0.374459553912156,0.5901371552950102
that man also breathes fire. Seent-it.,neither,0.03543998443669886,0.4114896842548014,0.5530703313084997
Just one boob,neither,0.033853058288643725,0.3863076270146603,0.5798393146966959
We have a subscriber-only Discord server! Join here: https://discord.gg/geekandsundry (you'll need to sub and link it to your Twitch) and be a part of the fun!...Warning: It can take up to an hour for the server to update and give you access to the channels,neither,0.08464076273808444,0.286394834032893,0.6289644032290227
What even is this their funny,neither,0.05266935653569024,0.3592994840580614,0.5880311594062484
!poll new The Big Question | If You Can’t Stand The Heat | Speed Of Sound,neither,0.028638460219426044,0.3475229994106959,0.6238385403698781
“Boob? Singular? Question. How?” Next shirt,neither,0.038886834295914836,0.33998893544787434,0.6211242302562108
"Danoba started a new poll: ""The Big Question"" - Head to https://www.strawpoll.me/14968908 to vote!",neither,0.03330330226880974,0.3393523930847806,0.6273443046464097
!wtfisthis,neither,0.03945320844208391,0.33037608806864915,0.630170703489267
Asinine Wisdom is where common sense and civil discourse go to die. Two idiots (Jake Bennett and Daryl Crittenden) and one unfortunate guest get to the bottom of the issues no one is talking about.,neither,0.08447096936480233,0.23498343136853395,0.6805455992666638
!wftisthis,neither,0.03945320844208391,0.33037608806864915,0.630170703489267
*they’re,neither,0.08622719944284905,0.2688219705217552,0.6449508300353959
YAY! Chatsworth!,neither,0.03945320844208391,0.33037608806864915,0.630170703489267
poll!,neither,0.03945320844208391,0.33037608806864915,0.630170703489267
,neither,0.03945320844208391,0.33037608806864915,0.630170703489267
Hi @erikaishii,neither,0.03945320844208391,0.33037608806864915,0.630170703489267
Lol,neither,0.020706217963973744,0.4882283491876925,0.4910654328483337
hrpgSub hrpgHyperHype gandsSubHype,neither,0.03945320844208391,0.33037608806864915,0.630170703489267
"Help G&S make great content! $4.99/month gets you emotes, Minecraft server access, sub-only VODs, and more! Every sub keeps the channel alive! twitch.tv/geekandsundry/subscribe",neither,0.043907990691603095,0.31135964332838284,0.644732365980014
the chat keeps it classy,neither,0.03754236576042796,0.3172356711988723,0.6452219630406997
Re hrpgSub hrpgHyperHype gandsSubHype,neither,0.10802165902134243,0.2484119200751343,0.6435664209035233
Speed of sound,neither,0.03945320844208391,0.33037608806864915,0.630170703489267
JCM gandsSubHype gandsSubHype gandsSubHype !!!,neither,0.03945320844208391,0.33037608806864915,0.630170703489267
!jason,neither,0.03945320844208391,0.33037608806864915,0.630170703489267
Hi Daryl and Jake! Welcome JCM!,neither,0.03887886374973964,0.3021209572293345,0.6590001790209258
Check out Jason Charles Miller on Twitter @jasoncmiller and check out his website! http://www.jasoncharlesmiller.com/site/,neither,0.041014470344780604,0.3292692093047132,0.6297163203505062
YAAAAAY JASON! WE LOVE YOU.,neither,0.054016701715747274,0.4030239041055505,0.5429593941787022
JCM HYPE!!!!!!!!!!,neither,0.03945320844208391,0.33037608806864915,0.630170703489267
JCM gandsSubHype gandsSubHype gandsSubHype gandsSubHype gandsSubHype,neither,0.03945320844208391,0.33037608806864915,0.630170703489267
wow,neither,0.03945320844208391,0.33037608806864915,0.630170703489267
LETS GOOOOOOOOOOOOOOOOOOOOO,neither,0.0381375099945381,0.3527069244228318,0.6091555655826302
now that's an entrance!,neither,0.036055637905512826,0.3653778809823472,0.59856648111214
Kappa //,neither,0.03945320844208391,0.33037608806864915,0.630170703489267
yes!,neither,0.03945320844208391,0.33037608806864915,0.630170703489267
jcm woo,neither,0.03945320844208391,0.33037608806864915,0.630170703489267
omg it's flannel inside,neither,0.03463304118913891,0.14282243525078314,0.822544523560078
That's dramatic and I love it.,neither,0.030819412312408798,0.3460360405643816,0.6231445471232097
