text,top_class,hate_speech,offensive_language,neither
@FuffyButt nah,neither,0.03945320844208391,0.33037608806864915,0.630170703489267
It's about the Comic's Code.,neither,0.03510866449502176,0.34342931602926613,0.6214620194757122
Have a favorite moment from Mines N' Crafts? We're making a highlight reel of the best of the best moments from any and all iterations of Mines N' Crafts and we would love your input! Submit here: http://bit.ly/MnCHighlights,neither,0.06372754850402493,0.24981840157843457,0.6864540499175406
"@FuffyButt well, maybe for your wallet",neither,0.05893583880196694,0.2956468443674161,0.645417316830617
@FuffyButt Probably,neither,0.037248874780404465,0.3677893831597844,0.5949617420598112
"@FuffyButt Its wednesday club, the answer is always maybe",neither,0.038359853985596534,0.3567927663278954,0.6048473796865079
@VermillionCrimson Welcome and enjoy!,neither,0.03860730184226345,0.28722824611601955,0.6741644520417169
@FuffyButt we're the innocent. we've all been seduced. it's too late,neither,0.03045420832660533,0.3409803465780093,0.6285654450953854
@fuffybutt its a Comics Code Refrense,neither,0.034258133042682624,0.3321629127218158,0.6335789542355015
what is this,neither,0.07282678549990032,0.31792604547631814,0.6092471690237815
Hello All!,neither,0.04217753453783664,0.43734383323855475,0.5204786322236087
Thursday here in Australia.,neither,0.07866118898661036,0.29801032063112104,0.6233284903822687
"welcome, @Awesomeguy2270 and @VermillionCrimson ! It's good times, for sure!",neither,0.02848869640432643,0.38510967295958115,0.5864016306360924
Whoop!,neither,0.03945320844208391,0.33037608806864915,0.630170703489267
Wooo!,neither,0.03945320844208391,0.33037608806864915,0.630170703489267
YAY!,neither,0.03945320844208391,0.33037608806864915,0.630170703489267
woot,neither,0.03945320844208391,0.33037608806864915,0.630170703489267
They're not burning comics are they?,neither,0.0732639278337357,0.2796388163173911,0.6470972558488731
Hi @WriteWhatYouLove,neither,0.03945320844208391,0.33037608806864915,0.630170703489267
yay! from long island ny,neither,0.040067852767948595,0.3155551928088054,0.644376954423246
@erikmonsen the best comic show EVER!,neither,0.05579259271312867,0.21520550783336062,0.7290018994535107
Helloooooooo,neither,0.03945320844208391,0.33037608806864915,0.630170703489267
heeeeey guys!!,neither,0.03922184957078739,0.3343028519130907,0.6264752985161218
gandsLessthanthree gandsLessthanthree gandsLessthanthree gandsLessthanthree,neither,0.03945320844208391,0.33037608806864915,0.630170703489267
Yeah!,offensive_language,0.013968601452186464,0.5182923869769311,0.4677390115708824
,neither,0.03945320844208391,0.33037608806864915,0.630170703489267
Heellooo,neither,0.03945320844208391,0.33037608806864915,0.630170703489267
Yay,neither,0.03945320844208391,0.33037608806864915,0.630170703489267
look at that CHALK ART,neither,0.037096839359524285,0.38224376354088585,0.5806593970995898
Wednesday Club Assemble!!!!,neither,0.03945320844208391,0.33037608806864915,0.630170703489267
"Hi Amy, Matt and Taleisin!",neither,0.0388100252782571,0.29846695177565247,0.6627230229460904
doogDance doogDance doogDance,neither,0.03945320844208391,0.33037608806864915,0.630170703489267
danTroll,neither,0.03945320844208391,0.33037608806864915,0.630170703489267
did we just jump to the future?,neither,0.04002450158632242,0.3334521383861914,0.6265233600274862
Want the inside scoop? Join the cast of Critical Role and discuss this episode right here on Talks Machina. Tuesdays 7pm Pacific at twitch.tv/geekandsundry and projectalpha.com,neither,0.04630302093207864,0.22484473131932575,0.7288522477485957
Wow that chalk art is awesome,neither,0.04208325116174123,0.3573432546565002,0.6005734941817586
etmYeah,neither,0.03945320844208391,0.33037608806864915,0.630170703489267
Hi lovely hosts,neither,0.03945320844208391,0.33037608806864915,0.630170703489267
Re hrpgSub hrpgHyperHype gandsSubHype,neither,0.10802165902134243,0.2484119200751343,0.6435664209035233
!hydrate,neither,0.03945320844208391,0.33037608806864915,0.630170703489267
hihi everyone <3,offensive_language,0.02988896790634741,0.4927062106388782,0.4774048214547744
i need that cup,neither,0.03484754689184466,0.3767553628619012,0.5883970902462542
I drink 4 bottles of water per can of soda!,neither,0.039622656922865325,0.3275001051244929,0.6328772379526418
Going to the bathroom is a good thing Amy! You don't want kidney Stones :(,neither,0.05751116560553569,0.3562329211575657,0.5862559132368985
The beauty of live television. :P,neither,0.04233418979901988,0.3161731668006175,0.6414926434003626
Les do this,neither,0.04245520842404164,0.33280284470227517,0.6247419468736832
HI @jaguarldy,neither,0.03945320844208391,0.33037608806864915,0.630170703489267
Just in time,neither,0.030301954458447782,0.39891765189907363,0.5707803936424786
I'm so glad I didn't miss this episode - I was worried I might,neither,0.02593701236925977,0.3932550432231872,0.580807944407553
<3,neither,0.03945320844208391,0.33037608806864915,0.630170703489267
Re hrpgSub hrpgHyperHype gandsSubHype,neither,0.10802165902134243,0.2484119200751343,0.6435664209035233
WTF KEN NGYEN,offensive_language,0.04247332236699677,0.5919089613830419,0.3656177162499613
Hooray!,neither,0.03945320844208391,0.33037608806864915,0.630170703489267
"HA! ""Bill Gaines was right"" is SO GREAT",neither,0.04322638840725621,0.3580919541447383,0.5986816574480055
Taliesin is so vibrant!,neither,0.06287845562653366,0.4363549250209663,0.5007666193525001
WOOOOHOOOO,neither,0.03945320844208391,0.33037608806864915,0.630170703489267
"""we've been threatening to do this episode""",neither,0.026135889390482694,0.32045719560956365,0.6534069149999537
We have a subscriber-only Discord server! Join here: https://discord.gg/geekandsundry (you'll need to sub and link it to your Twitch) and be a part of the fun!...Warning: It can take up to an hour for the server to update and give you access to the channels,neither,0.08464076273808444,0.286394834032893,0.6289644032290227
stefFremen STEFLING STAMPEDE stefFremen,neither,0.03945320844208391,0.33037608806864915,0.630170703489267
Checking in for critical role a day eaaaarrrrllyyyyy see you tomorrrooowwwww because its Wednesday and definitely not Thursdaaaayyyyyy byyyyeeeee,neither,0.03909033878982744,0.3093857129283808,0.6515239482817917
"There needs to be a ""u"" in there somewhere. Oops",neither,0.0442312072107088,0.27289446997223415,0.6828743228170571
the industry made it through so its very much worth celebration,neither,0.032630800659223885,0.34825563701317175,0.6191135623276043
stefFremen STEFLING STAMPEDE stefFremen,neither,0.03945320844208391,0.33037608806864915,0.630170703489267
stefFremen STEFLING STAMPEDE stefFremen,neither,0.03945320844208391,0.33037608806864915,0.630170703489267
oh wow,neither,0.04699983224225219,0.25967008852857676,0.6933300792291711
stefFremen STEFLING STAMPEDE stefFremen,neither,0.03945320844208391,0.33037608806864915,0.630170703489267
because i'm batman.,neither,0.03945320844208391,0.33037608806864915,0.630170703489267
Re hrpgSub hrpgHyperHype gandsSubHype,neither,0.10802165902134243,0.2484119200751343,0.6435664209035233
"Hello, Stef and Steflings",neither,0.03840264189818727,0.2749437060729204,0.6866536520288923
I am behind everyone being werewolves,neither,0.029537443052374636,0.450387425899253,0.5200751310483724
Nothin,neither,0.03945320844208391,0.33037608806864915,0.630170703489267
BloodTrail,neither,0.03945320844208391,0.33037608806864915,0.630170703489267
NSF comic code,neither,0.03945320844208391,0.33037608806864915,0.630170703489267
"Hi, Steflings!",neither,0.03945320844208391,0.33037608806864915,0.630170703489267
"i just got in, how much have i missed?",neither,0.03054244863983048,0.40167639671378313,0.5677811546463863
stefFremen stefling stampede stefFremen,neither,0.03945320844208391,0.33037608806864915,0.630170703489267
LMAO,neither,0.03705015143476208,0.3711622369619404,0.5917876116032975
Taliesin isn't a werewolf he's a vampire,neither,0.043681060360145706,0.32892193592333063,0.6273970037165237
This show IS approved by me!,neither,0.054803099944600434,0.33671197658713803,0.6084849234682616
"TOPIC: If you witnessed your mother burning your ""evil"" comic books, which would heartbreak you the most?",neither,0.07310277115772112,0.38018249640763224,0.5467147324346466
a cool thing would be a time-lapse of all three of these awesome people as they switch seating each episode over time,neither,0.053379241926898954,0.43389263342680845,0.5127281246462925
Why is Percy from Critical Role here :P,neither,0.06410574544555091,0.30286692602995724,0.633027328524492
<3 STEFLING STAMPEDE <3,neither,0.03945320844208391,0.33037608806864915,0.630170703489267
Re hrpgSub hrpgHyperHype gandsSubHype,neither,0.10802165902134243,0.2484119200751343,0.6435664209035233
Welcome Steflings!,neither,0.03945320844208391,0.33037608806864915,0.630170703489267
@Anteg0 just started,neither,0.032803472495977,0.36242220823605287,0.6047743192679701
"Download the new Critical Role theme song for Campaign Two! http://itunes.apple.com/album/id1331550250?ls=1&app=itunes Sales of the song support the musician, Jason Charles Miller.",neither,0.04445767596344001,0.2510827790306858,0.7044595450058742
The Code had to be loosened in 1971 so that Nixon could appear in comics in his true form.,neither,0.052735016672923546,0.36596450753434173,0.5813004757927346
Everyone is werewolves. My dreams are becoming reality,neither,0.04684309114515365,0.42604373881683455,0.5271131700380117
"""Hi Miss Sunflower"" - Taliesin 2018",neither,0.03137645994784249,0.3331540522399874,0.63546948781217
^^^,neither,0.03945320844208391,0.33037608806864915,0.630170703489267
"@misssunflower94 : That's what I was thinking, too.",neither,0.04051660865366473,0.3798115965350834,0.5796717948112519
"TOPIC: Select a favorite, all ages, comics code keeping character. Pitch a storyline for that character where you will break the comics' code, but for a good reason.",neither,0.038509088267764606,0.3370134198594548,0.6244774918727806
"Wow, this looks like 2015 Taliesin Jaffe!",neither,0.04926110141742595,0.3463273867530128,0.6044115118295612
NO Werewolves. i self identify as a Werewolf.,neither,0.03737967174183816,0.3655694173713863,0.5970509108867755
Hi @StefWoodburn and raiders,neither,0.03868284165753408,0.29150793163893735,0.6698092267035286
Heya Stef & Steflings,neither,0.03945320844208391,0.33037608806864915,0.630170703489267
@erikmonsen Because this is one of his shows.,neither,0.07566445281134257,0.35964577843254497,0.5646897687561125
Yeah it was just that thing on my comics,offensive_language,0.016114320921544807,0.5102575248923744,0.4736281541860808
Sup wednesdaisies! Made it just in time!,neither,0.03300732146640147,0.3690631024146759,0.5979295761189227
What?! It did Whaaaaaaaaaaaa?,neither,0.04592072077538254,0.3248536922128722,0.6292255870117452
"It did, dang code",neither,0.03782739862190368,0.33093527861829797,0.6312373227597983
ONE of the moral panics. One of many.,neither,0.03740843831630348,0.36620692786037123,0.5963846338233253
stefHeart stefFremen stefFremen,neither,0.03945320844208391,0.33037608806864915,0.630170703489267
thanks Zismarith,neither,0.035884468650613,0.3004919205142699,0.6636236108351171
"Help G&S make great content! $4.99/month gets you emotes, Minecraft server access, sub-only VODs, and more! Every sub keeps the channel alive! twitch.tv/geekandsundry/subscribe",neither,0.043907990691603095,0.31135964332838284,0.644732365980014
gandsLessthanthree,neither,0.03945320844208391,0.33037608806864915,0.630170703489267
Great tragedy. Great story.,neither,0.03701720627359191,0.29756098017570193,0.6654218135507062
how long till crit role?,neither,0.039246024746807134,0.32864115847838204,0.6321128167748109
hey does wednesday club rebroadcast on alpha or nah?,neither,0.028738134034866455,0.42342927112355166,0.5478325948415818
"""That starts with T, and that rhymes with P and that stands for 'Pool'!""",neither,0.021329266378046583,0.3761088204254758,0.6025619131964778
I love your old timey voice,neither,0.0726083680588503,0.33549459248496866,0.5918970394561811
Imagine the reaction to an Elvis Comic?,neither,0.04498624520175865,0.30750904803650786,0.6475047067617334
"Good evening to our wonderful hosts! <3 Hello Tal, Amy, and Matt :)",neither,0.04200275070634078,0.3078977348871748,0.6500995144064844
That smut-peddler Frank Sinatra. :P,neither,0.03476908919624869,0.38150422245866583,0.5837266883450856
thank you Rock & Roll for taking the heat for a bit,neither,0.039351799270230726,0.31109059622180024,0.6495576045079691
"""YOUTHS!""",neither,0.03945320844208391,0.33037608806864915,0.630170703489267
Hey Wednesdaisies!,neither,0.03945320844208391,0.33037608806864915,0.630170703489267
i could seriously watch them talk about comics all day every day.,neither,0.03842023430752019,0.3689998825967894,0.5925798830956904
@shad0w_panther 24 hours,neither,0.03945320844208391,0.33037608806864915,0.630170703489267
QUESTION: what books (or other forms of media) do you reccomend to go more in depth into the history of the comics code,neither,0.052909289867240965,0.3276674271535775,0.6194232829791816
"Ahh yes, Elvis the Pelvis",neither,0.038493858478428324,0.3127960765381952,0.6487100649833765
Full Moral Panic!,neither,0.05594549038331414,0.32470363604553465,0.6193508735711513
@Shad0w_Panther 24 hours,neither,0.03945320844208391,0.33037608806864915,0.630170703489267
@shad0w_panther 24 hours.,neither,0.03945320844208391,0.33037608806864915,0.630170703489267
@WinchesterAlyx it does,offensive_language,0.01852575467745578,0.5160735446717833,0.4654007006507609
"""intelectual capacity""",neither,0.03945320844208391,0.33037608806864915,0.630170703489267
America's Permanent Moral Crisis = SQUIRREL!,neither,0.12925291563849117,0.2654195405881083,0.6053275437734006
@shad0w_panther tomorrow,neither,0.03945320844208391,0.33037608806864915,0.630170703489267
these moral panic stories are always so amazing to hear,neither,0.06482004614017904,0.40533231739744713,0.5298476364623739
One psyched history nerd here!,neither,0.0768534777824123,0.32452519520109446,0.5986213270164932
@crthemighty Did you say 'utes'?,neither,0.05600976818529802,0.3770244764477292,0.5669657553669728
"Evening, Wednesdaisies!",neither,0.03945320844208391,0.33037608806864915,0.630170703489267
Soon it'll be those damn robots. They took our jobs!,offensive_language,0.06227605608115866,0.6331808879975683,0.3045430559212731
omg do they have quotes?,neither,0.04027308794923686,0.3383500631051619,0.6213768489456011
"Sorry I'm late all, got a bit distracted",neither,0.03978593025677063,0.4182122492159779,0.5420018205272514
That's not a pen name,neither,0.03457600494405811,0.3751886477322401,0.5902353473237018
oh shit im a day early,offensive_language,0.04928953237284669,0.9491768928985969,0.001533574728556415
I hope this entire episode is gonna be Matt using his old timey voice.,neither,0.08236149669969312,0.3299419149693406,0.5876965883309663
They said the same thing about telephones,neither,0.038126918839372886,0.34476216307385465,0.6171109180867724
Those Social Medias are ruining these kids,neither,0.10435577308615934,0.28252146201769185,0.6131227648961488
"@WinchesterAlyx we broadcast on alpha as well, and the show is on VOD after the show ends today",neither,0.05215240704167806,0.24393289889799685,0.7039146940603249
!twc,neither,0.03945320844208391,0.33037608806864915,0.630170703489267
"Here are some handy The Wednesday Club resources! TWC Reddit: reddit.com/r/WednesdayClub/ | Discord: https://discord.gg/6QK9fVB | Wednesday Club Fanclub on Facebook: facebook.com/groups/1945232949091586/ | Send in your thoughts, comic recommendations, questions, and more to Matt, Amy, and Taliesin at thewednesdayclub@geekandsundry.com",neither,0.05001524745118048,0.31503641584425707,0.6349483367045624
1940!,neither,0.03945320844208391,0.33037608806864915,0.630170703489267
@Shad0w_Panther Stay and enjoy the Wednesday Club xD,neither,0.03821918048552636,0.28763864810336615,0.6741421714111075
"Man, I'm sorry I'm late",neither,0.039611476645759446,0.402915041079739,0.5574734822745016
Sex and Murder? Superman?,offensive_language,0.027592452448158757,0.5339628313663889,0.4384447161854522
"Im suprised there was never a Reefer Madness for Comic Books. Hell, theres one for DnD (Mazes and Monsters is a far out game)",neither,0.03246726290738658,0.45418138745693293,0.5133513496356805
Leave Supes alone!,neither,0.03945320844208391,0.33037608806864915,0.630170703489267
"I'll take a hyper injection of sex and murder, please.",offensive_language,0.028145590870930815,0.5234467023211401,0.44840770680792913
Superman? Sex and Murder?,offensive_language,0.027592452448158757,0.5339628313663889,0.4384447161854522
history is always interesting,neither,0.04503341498624635,0.37758906802543707,0.5773775169883166
i want to start a band called paper nightmares,neither,0.04523061638519149,0.32383967231160254,0.630929711303206
"""The comic magazine"" nice",neither,0.03857560661677723,0.31433158716844567,0.647092806214777
DaFuq?,neither,0.03945320844208391,0.33037608806864915,0.630170703489267
sex and murder in superman???,offensive_language,0.02781519140363954,0.5297113296638027,0.4424734789325577
,neither,0.03945320844208391,0.33037608806864915,0.630170703489267
ohh my god. Matt I love your radio host voice,neither,0.04516441582432085,0.3846800914753697,0.5701554927003095
@RuzgofDI lol,neither,0.020706217963973744,0.4882283491876925,0.4910654328483337
:D,neither,0.03945320844208391,0.33037608806864915,0.630170703489267
"How could the kids afford ""better"" stories unless you gave them more than a 10-cent allowance?",neither,0.054219160866118735,0.33783149311176774,0.6079493460221135
Superman had sex and murder?,offensive_language,0.02818132235606133,0.5227721164082366,0.449046561235702
I mean he wore his underwear on the OUTSIDE :P,neither,0.058198639057842796,0.32815004816074117,0.613651312781416
Libelous!,neither,0.03945320844208391,0.33037608806864915,0.630170703489267
You'd think there were more important things to be irate about in 1940......,neither,0.05937661124647699,0.31846627940757133,0.6221571093459517
Wowwww,neither,0.03945320844208391,0.33037608806864915,0.630170703489267
Superman loves Sex & Candy ... and MURDER,offensive_language,0.029673311036010116,0.4950716683463884,0.47525502061760144
Not even superman was getting laid back then,neither,0.034906653335978276,0.3959779924970566,0.5691153541669651
I totally need to read this,neither,0.04577604342398702,0.32660747920724165,0.6276164773687714
I don't even want to think about superman having sex. no human being would survive.,neither,0.08510288750915439,0.43470026382442356,0.48019684866642204
"btw Matt's Luigi in ""There will be Brawl"" was awesome",neither,0.04043638579424245,0.2926332716903963,0.6669303425153612
i saw a ankle in that magazine. this is unsafe for children,neither,0.03774642625172701,0.3365988390541031,0.6256547346941699
It may have showed a lady's ankle? :D,neither,0.039061436786891175,0.31936817072181906,0.6415703924912898
"@SprlngheelJack The famous Man of Steel, Woman of Tissue conundrum",neither,0.03750799472896813,0.3814488737805558,0.5810431314904762
"@Deathstar_Taco Ah, I forgot to find it",neither,0.04924397905627199,0.23615482166830581,0.7146011992754221
@deathstar_taco i didnt know that was him till last week,neither,0.03635469472674184,0.36514648500751723,0.5984988202657409
welshandy -> Only those that we deem worthy shall possess the power of the Hyperlink [warning],neither,0.048140585852785724,0.2990817588418225,0.6527776553053918
there's always something useless to get scandalized about. saves you the trouble of being scandalized about actual problems,neither,0.04407726914706654,0.39138106191835226,0.5645416689345811
"Here is something interesting, the censorship of books was a major thing until the mid 1930's until ""Ulysses"" successfully fought it, then Motion Picture Production Code censored movies from the mid 1930's until the mid 1950's. After that the Comics Code censored Comic Books until recently. The moral outrage continued switching targets until successfully fought against and then moved on to another target.",neither,0.053137257254859294,0.29091473178277755,0.6559480109623631
"My dad has told me about some of the really intense and ""grotesque"" books he saw as a kid in the 40s",neither,0.027320842851475506,0.3861443895969368,0.5865347675515877
I do love a good bibliography...,neither,0.03742233252289609,0.3427333033083644,0.6198443641687396
"@SprlngheelJack Larry Niven wrote a satirical science article about that very subject once - ""Man of Steel, Woman of Tissue Paper.""",neither,0.03650322444739205,0.39478933628581026,0.5687074392667977
imJustHereToMasterDebate -> ONLY HULK CAPSLOCKS [warning],neither,0.03945320844208391,0.33037608806864915,0.630170703489267
Lady's ankle? *Eyes bug out and heart thumps*,neither,0.037126370173884746,0.2950571225074098,0.6678165073187053
"David Hajdu? I did fine, thanks!",neither,0.03759848055190555,0.31484483550427395,0.6475566839438204
XD,neither,0.03945320844208391,0.33037608806864915,0.630170703489267
We're evil? No one told me!,neither,0.04511806938938884,0.3819661772701469,0.5729157533404643
There is always moral panic about the next big thing,neither,0.030351461403014264,0.3888240660681132,0.5808244725288725
i for one welcome our new internet overlords,neither,0.03703602135870988,0.2699025516981692,0.6930614269431209
CURSE YOU INTERNET!!!,neither,0.05739299499646456,0.38067867228810814,0.5619283327154273
It was.,neither,0.03593062006447523,0.3363165027571517,0.627752877178373
D&D moral panic. God help us...,neither,0.06687435400153766,0.3255565559585079,0.6075690900399543
Tide pods man...,neither,0.039614816991561344,0.4039823140660171,0.5564028689424217
she knows everybody bail,neither,0.040727943599127146,0.40713417787152956,0.5521378785293433
Yay for CBLDF!!,neither,0.0322289169994526,0.29433324177559567,0.6734378412249518
doogEvil doogEvil doogEvil,neither,0.03945320844208391,0.33037608806864915,0.630170703489267
Then Lonley girl happened and YouTube Had to be taken seriously,neither,0.0390842385284055,0.34422659296333097,0.6166891685082636
"Like, i don't wanna get crude, but if a horse is like a shotgun.... supes must be like a railgun. terrifying.",neither,0.048880520927974576,0.3986504267988892,0.5524690522731361
the funny thing was when I saw it a few years ago (after Mercer mentioned it) I had to see who the actor who played Luigi was and I totes didn't figure it out til last week,neither,0.0293320529013885,0.3910495205709871,0.5796184265276245
@101deadpool1017 Point taken. The internet is evil,neither,0.04508050332700015,0.31544146272857004,0.6394780339444299
@Shadowstorm_0 I wonder what the current panic is. Pot?,neither,0.04863983768814382,0.31426720697748217,0.637092955334374
"""Turns out the internet was evil! Who knew?"" -Internet Sensation Amy Dallen, 2018/",neither,0.03689843129902926,0.3636386936612589,0.5994628750397119
I am starting a MORAL PANIC in connection with GEEK & SUNDRY for destroying the moral fiber of our society! Just look at that blue hair! It's BLUE!,neither,0.030701955139580066,0.35556788519102767,0.6137301596693922
i am not evil. i was drawn that way,neither,0.034586325855988635,0.3760693234328386,0.5893443507111726
"A-freakin'-men, Tal!",neither,0.03945320844208391,0.33037608806864915,0.630170703489267
"I mean, Lobster Stick to Magnet was pretty brilliant.",neither,0.04329988104579423,0.32926362873243303,0.6274364902217728
"preach, tal!",neither,0.03945320844208391,0.33037608806864915,0.630170703489267
I shall now attempt to write a paper while listening to the Wednesday club,neither,0.04597505379576193,0.31788228314727235,0.6361426630569657
Comics have changed a ton over time,neither,0.036306055084488836,0.35086783342586925,0.612826111489642
"True, true",neither,0.03945320844208391,0.33037608806864915,0.630170703489267
"Not to mention, novels in the 1700's ""reading mania""",neither,0.04353650956714638,0.3161995294913237,0.6402639609415299
gandsLessthanthree,neither,0.03945320844208391,0.33037608806864915,0.630170703489267
"Absolutely agreed, Tal",neither,0.03945320844208391,0.33037608806864915,0.630170703489267
they moral panic'd novels and bicycles too,neither,0.0385882939062118,0.3007864370469049,0.6606252690468833
@VermillionCrimson Refugees?,neither,0.03945320844208391,0.33037608806864915,0.630170703489267
"@stargazer1977 This is reminiscent of how ""native-born"" Americans demonized alcohol, the ""immigrant"" drug, via Prohibition, until it collapsed during the Depression. Only 3 years later, marijuana, then viewed as the ""black"" drug, was banned instead.",neither,0.04795112481978612,0.23938607521896152,0.7126627999612524
hello all,neither,0.04217753453783664,0.43734383323855475,0.5204786322236087
im paying so much attention I almost drank my salsa,neither,0.030222370584556325,0.42769707297718,0.5420805564382637
In the late 1940s Superman helped reduce the KKK numbers substantially,neither,0.03838472929603277,0.3107331554037334,0.6508821153002339
@Darkelven00 I mean they talk about comics and play d&d on the internet. It must be evil,neither,0.026378031630070263,0.31770495644896407,0.6559170119209656
@super390 indeed,neither,0.03945320844208391,0.33037608806864915,0.630170703489267
hrpgSub hrpgHyperHype gandsSubHype,neither,0.03945320844208391,0.33037608806864915,0.630170703489267
"The internet isn't evil, we just have too many monkeys on typewriters now hoping to recreate Shakespeare. Kappa",neither,0.038060992789396085,0.34410931608257145,0.6178296911280325
That camera cut looked like there was a subliminal message frame in between :P,neither,0.042513331168786014,0.3384668949751019,0.6190197738561122
!twc,neither,0.03945320844208391,0.33037608806864915,0.630170703489267
"Here are some handy The Wednesday Club resources! TWC Reddit: reddit.com/r/WednesdayClub/ | Discord: https://discord.gg/6QK9fVB | Wednesday Club Fanclub on Facebook: facebook.com/groups/1945232949091586/ | Send in your thoughts, comic recommendations, questions, and more to Matt, Amy, and Taliesin at thewednesdayclub@geekandsundry.com",neither,0.05001524745118048,0.31503641584425707,0.6349483367045624
Hi @pagegirl34,neither,0.03945320844208391,0.33037608806864915,0.630170703489267
@Darkelven00 And the tallness! Think of all the THINGS that man can REACH!,neither,0.036162734332084286,0.3920763670413872,0.5717608986265285
@mathemagician_ Eeeeeeeebilll!,neither,0.03945320844208391,0.33037608806864915,0.630170703489267
"@pagegirl34 hello, hope you are having a great evening.",neither,0.1141342821007485,0.21839158324053518,0.6674741346587163
fun fact! marijuana was made illegal because rockefeller had a competing rope company,neither,0.03939260703807947,0.33140465205166597,0.6292027409102545
@super390 Scalped,neither,0.03945320844208391,0.33037608806864915,0.630170703489267
"Really good book that is tangential to this discussion is ""The Medium is the Massage"" by Marshall McLuhan and Quentin Fiore",neither,0.053277115801595006,0.33032278648777785,0.6164000977106272
@owifig Man was not meant to reach so far!,neither,0.043362540314814034,0.4145986285663321,0.5420388311188539
we all need a bad friend like Taliesin Kappa,neither,0.04632681669853351,0.4056052955643585,0.5480678877371079
"its the whole concept of ""if i dont enjoy this, then no one can enjoy it""",neither,0.025011337188731345,0.3764072955829969,0.5985813672282717
monkaS,neither,0.03945320844208391,0.33037608806864915,0.630170703489267
the damn youths *shakes fist*,offensive_language,0.04423418058007528,0.8225723358514206,0.133193483568504
Poor people can afford it? It must be a terrible influence!,neither,0.055311931546561256,0.31980514104536595,0.6248829274080729
That is worth a read,neither,0.04372217944819837,0.3726452902653371,0.5836325302864647
"Question: if the comic code never happened, then do you think comics would be more popular now or less popular?",neither,0.03624070353314313,0.3724745654364804,0.5912847310303764
"The 30's were terrible,banning weed AND comic books? monsters, the lot of them",neither,0.04113781062535335,0.34795004189692247,0.6109121474777242
@stargazer1977 having a crappy evening but better now watching a good show and talking to you,neither,0.060407103508251465,0.28790379218770407,0.6516891043040445
Awkward,neither,0.03945320844208391,0.33037608806864915,0.630170703489267
kinda like 70's movies. just tried everything,neither,0.04320932133555844,0.35671319408118035,0.6000774845832612
"@pagegirl34 why thank you, I hope the upward trend continues. <3",neither,0.06725355474737876,0.27834000977577167,0.6544064354768496
@SprlngheelJack Don't forget the leftover bit of Prohibition until the repeal!,neither,0.03837569028690418,0.3105615894243579,0.6510627202887379
Interesting topic today,neither,0.03817172718967467,0.3107438497572212,0.6510844230531041
1942 is an anagram for... 1492.... NEW WORLDS!,neither,0.044499999898639835,0.214825678234929,0.7406743218664311
"5 min topic idea ""what would be your code approved comic book?""",neither,0.058590642806891094,0.32271100600066327,0.6186983511924457
Chieeeeeeeef,neither,0.03945320844208391,0.33037608806864915,0.630170703489267
"""Crime"" is too big for a title!",neither,0.027372171118897313,0.357352001615727,0.6152758272653757
Besides moral panic there was also the fact that parents don't always sit down with their children to explain stuff they see in media,neither,0.03465194421699229,0.3591936808272236,0.6061543749557842
,neither,0.03945320844208391,0.33037608806864915,0.630170703489267
Re hrpgSub hrpgHyperHype gandsSubHype,neither,0.10802165902134243,0.2484119200751343,0.6435664209035233
I want that as a poster!,neither,0.033984320471998196,0.4007506824882233,0.5652649970397784
"Can someone quickly tell me the jist of the topic tonight? Just tuned in, not sure what ""Seduction of the innocent"" means exactly.",neither,0.03178865217528794,0.3811603996526934,0.5870509481720186
props to the dude doing a flip in the back,neither,0.0429402215622279,0.30484319072127425,0.6522165877164978
"""The case of the twisted cigarettes?""",neither,0.03817545920894337,0.3067320075251554,0.6550925332659013
Dafuq,neither,0.03945320844208391,0.33037608806864915,0.630170703489267
@emxlbj Comics Code,neither,0.03945320844208391,0.33037608806864915,0.630170703489267
CRIME DOSE not PAY,neither,0.03838046292402296,0.3343965338524951,0.6272230032234819
@EmxLBJ it was the name of a thinkpiece about how comics were corrupting kids,neither,0.0369086351530194,0.3247740031246434,0.6383173617223371
"@EmxLBJ it's about the comics code, there was a moral panic and what could be put in comics was restricted",neither,0.039728260335274594,0.3045617964186069,0.6557099432461185
my parents never once talked to me about what was good/bad in media,neither,0.029225775021943602,0.44096117179793054,0.5298130531801257
Y’all see them flips?,neither,0.05599437130862819,0.3938863096119991,0.5501193190793726
"Crime stories have been sensationalized and popular since the invention of writing. Ancient history is a specialty of mine, this is not new.",neither,0.04569768275664249,0.27963316363852003,0.6746691536048375
Crime doesn't pay but it's got one heck of a dental plan.,neither,0.03573621116421085,0.3787693213210211,0.5854944675147681
Appreciate you guys. Got it!,neither,0.05376381209989576,0.43846364215046896,0.5077725457496354
Or criminals,neither,0.03945320844208391,0.33037608806864915,0.630170703489267
So does that mean we can bring back punching Nazis in comics?,neither,0.02964557456091018,0.445786414210139,0.5245680112289508
The weed of crime bears bitter fruit.,neither,0.03423006548515037,0.40092597169877775,0.5648439628160719
"oh Nazi punching, so satisfying",neither,0.04309176958026194,0.32681706969749746,0.6300911607222406
Oh we got Trouble! With capital T that rhymes with C that stands for COMICS!,neither,0.02525107581179874,0.38872831177132683,0.5860206124168744
@stargazer1977 Are you Vandal Savage?,neither,0.11654652392513754,0.3249179077752373,0.5585355682996251
was this before or after shazzam,neither,0.03508860538618066,0.4044547926336229,0.5604566019801964
Cause I’m really down for some new Nazi punching comics,neither,0.03217683942443516,0.2854942889361862,0.6823288716393786
@Fatty_Melt Points for that!,neither,0.028245309749640624,0.3456412176375736,0.6261134726127857
''''true'''' crime stories,neither,0.03945320844208391,0.33037608806864915,0.630170703489267
@owifig and dan ass herb,offensive_language,0.1155250260440625,0.868982756930936,0.015492217025001495
damn i'm late,offensive_language,0.044506754151827366,0.8854594448973141,0.07003380095085854
*dank,neither,0.03945320844208391,0.33037608806864915,0.630170703489267
lmao,neither,0.03705015143476208,0.3711622369619404,0.5917876116032975
Modern media needs more Nazi punching. XD,neither,0.04062256843231274,0.32423900085417534,0.6351384307135121
hate that i missed the beginning,neither,0.18924487505892723,0.25673011663368833,0.5540250083073844
@japenrose I couldn't resist! XD,neither,0.03945320844208391,0.33037608806864915,0.630170703489267
Punch ALL he nazis,neither,0.046024554755263083,0.3923542539322634,0.5616211913124736
I've seen enough Wednesday Club to know there's not such thing as a short derail,neither,0.028141221487856413,0.31544957668167206,0.6564092018304716
"@Smarcey Check out America! You won't be disappointed, her comic gives you what you want",offensive_language,0.19668537601915767,0.4846466338032254,0.3186679901776169
hello,neither,0.03945320844208391,0.33037608806864915,0.630170703489267
