text,top_class,hate_speech,offensive_language,neither
#firstcritrolelive im hype,neither,0.03834647354448246,0.37235022530207745,0.5893033011534401
"cinphoria Not the guy half hidden behind the desk, the other one walking in front of it ^^",neither,0.036159195328888324,0.32831460299687676,0.6355262016742349
SO PUMPED FOR CRITICAL ROLE TONIGHT!,neither,0.03371478187257713,0.32380800640313734,0.6424772117242856
LUL,neither,0.03945320844208391,0.33037608806864915,0.630170703489267
@Terraearth90 It's in 3 hours,neither,0.03751545857465467,0.3310425691047458,0.6314419723205996
"after like 500 hours of watching these guys, this is my first time live",neither,0.04488358076924702,0.4539707023729768,0.5011457168577761
gosh I love this intro,neither,0.03703444835006765,0.342538507204253,0.6204270444456793
Oh that timing!,neither,0.04060789199596984,0.32232742724293867,0.6370646807610916
We gotta get through LM and MS,neither,0.03727512977267149,0.33051572111001415,0.6322091491173143
Lore Masters PogChamp,neither,0.03945320844208391,0.33037608806864915,0.630170703489267
Hahaha saw the arm flailing.,neither,0.03879104405410506,0.3183408592511499,0.6428680966947451
gandsSubHype gandsSubHype gandsSubHype gandsSCANLAN,neither,0.03945320844208391,0.33037608806864915,0.630170703489267
"gonna be honest I am only one ep 48 of the first game, but I an up to date on the new game",neither,0.03462299545768767,0.3032387170322963,0.662138287510016
"Awwwww, no Glitterlord :(",neither,0.038465455673613855,0.34714083037889465,0.6143937139474915
@XGames_bond Same here!,neither,0.14187967449237004,0.2733123625359359,0.584807962971694
so happy I can watch one live for once,neither,0.04162154894713246,0.3587139400981919,0.5996645109546755
hey its the guy from that animation a second ago,neither,0.03189954145186814,0.34351855224613603,0.6245819063019958
"daaaawww, Ryan's back. :P",neither,0.03945320844208391,0.33037608806864915,0.630170703489267
gandsRage gandsPitCrew gandsRyanHype,neither,0.03945320844208391,0.33037608806864915,0.630170703489267
"Thats fine, ive wanted to forever, watched first campaign all on youtube",neither,0.038105217660148745,0.37527136584050913,0.5866234164993422
"Awww, Ryan's less sparkly than last night.",neither,0.03393038103984084,0.33560146029342075,0.6304681586667384
@luthercross i should go back and watch it again!,neither,0.05426690811338863,0.35484776220256287,0.5908853296840486
Goblins & Ghouls,neither,0.03945320844208391,0.33037608806864915,0.630170703489267
I am sad about this lack of glitter.,neither,0.038135038523086286,0.35052298148548705,0.6113419799914267
...Who ya gonna call? ;),offensive_language,0.025195196470760104,0.718143102437369,0.256661701091871
"Aw, no Glitterlord?",neither,0.03832560401191842,0.349514478061619,0.6121599179264625
Ghostbusters!,neither,0.03945320844208391,0.33037608806864915,0.630170703489267
fix your tie bro,neither,0.06718249677417965,0.3226792572467038,0.6101382459791165
"What happened to your color, Ryan? I miss it!",neither,0.06577440423498442,0.3201033802871995,0.6141222154778162
Who you gotta call......someone else,offensive_language,0.054977990011461114,0.4807977088374376,0.46422430115110125
"Yeah, it pretty much came out. Pity :D",neither,0.022164466155051857,0.4257975912465749,0.5520379425983731
its a long investment to just listen to it and nothing else,neither,0.03728931684890219,0.3415992031315078,0.6211114800195899
SWEEEEET! That's so interesting man! I'll be back in 3 hours :D,neither,0.036852463565810505,0.45042374237425403,0.5127237940599354
"I’ve not even watched any of the first campaign, but up to date with C2 and interested in listening to the first one.",neither,0.02054287214518399,0.3532890434394605,0.6261680844153555
@cinphoria I wonder how long it took to get all that glitter out though,neither,0.03766813920844412,0.4142323054428027,0.5480995553487532
Glitterlord has been banished back to his realm. Who knows when we'll be able to summon him again.,neither,0.053248326593800355,0.4087111636630149,0.5380405097431846
CR at 7:30?,neither,0.038693518172238206,0.35350116010100363,0.6078053217267583
"@Overlordpin You should stick around, this is a good show :D",neither,0.10878793877687525,0.33466440742343495,0.5565476537996898
"Also woooo, Ghostbusters~",neither,0.03945320844208391,0.33037608806864915,0.630170703489267
!wheniscr,neither,0.03945320844208391,0.33037608806864915,0.630170703489267
"Critical Role is on at 7 PM PST on Thursdays, it is currently 4:03 PM PST on Thursday. There is 2 Hours, 56 Minutes, 45 Seconds until the next episode of Critical Role. This command has been run 737 times but has probably been asked about way more.",neither,0.04095920578821813,0.3442668558386663,0.6147739383731157
!clock,neither,0.03945320844208391,0.33037608806864915,0.630170703489267
It is currently Thursday 4:03 PM at the Geek & Sundry studio in California.,neither,0.05234240336133375,0.32952281131013816,0.6181347853285281
The first campaign was AMAZING,neither,0.0324905262666287,0.31994016791509083,0.6475693058182804
wheniscriticalrole.com,neither,0.03945320844208391,0.33037608806864915,0.630170703489267
I aint afraid of no ghosts,neither,0.039808268544764554,0.4308528055285753,0.5293389259266602
@janellope seven,neither,0.03945320844208391,0.33037608806864915,0.630170703489267
Ghostbusters missed me too,neither,0.030470781005422914,0.38341185831395064,0.5861173606806265
Roadhog?,neither,0.03945320844208391,0.33037608806864915,0.630170703489267
hacksaHeart hacksaHeart hacksaHeart hacksaHeart hacksaHeart,neither,0.03945320844208391,0.33037608806864915,0.630170703489267
"There is no me, only Zuul.",neither,0.0382476893004761,0.34089464384289386,0.62085766685663
Am I the only one with a blank screen?,neither,0.029719920640783215,0.3702635270589465,0.6000165523002704
Thanks everyone,neither,0.030216122769311023,0.43073272795177925,0.5390511492789097
My ears...,neither,0.02549807631544042,0.4425136705936049,0.5319882530909548
@distortedinquisitor try refreshing,neither,0.03945320844208391,0.33037608806864915,0.630170703489267
"GUYS!!! I found a new favorite Vampire today!!!! Serana from Skyrim, had no idea that Laura voiced her until today!!",neither,0.033852475483608695,0.3781226276484379,0.5880248968679535
I’m predicting minor Chat drama,neither,0.03945320844208391,0.33037608806864915,0.630170703489267
We have a subscriber-only Discord server! Join here: https://discord.gg/geekandsundry (you'll need to sub and link it to your Twitch) and be a part of the fun!...Warning: It can take up to an hour for the server to update and give you access to the channels,neither,0.08464076273808444,0.286394834032893,0.6289644032290227
@cinphoria Is Zuul subcontracting for your boss?,neither,0.0880068659886557,0.27509327443170667,0.6368998595796376
!clock,neither,0.03945320844208391,0.33037608806864915,0.630170703489267
It is currently Thursday 4:04 PM at the Geek & Sundry studio in California.,neither,0.05234240336133375,0.32952281131013816,0.6181347853285281
Ghostbusters were 2 great movies!,neither,0.03788776573888911,0.2839114186319303,0.6782008156291807
@VermillionCrimson luv yu tuu. See ya at 10 :P,offensive_language,0.027467728765631264,0.5483114499954098,0.42422082123895877
"@Zismarith uhhhhhh, yes, and.... :P",neither,0.0382233935470433,0.26306426998610316,0.6987123364668535
"And I immediately have to think about the No Survivors Ghostbusters game... with the ""one size fits all"" overalls.... and Ify.... and Ify was nor ""one size"" :-D",neither,0.03452555356065904,0.3338969437494978,0.6315775026898431
the REAL Ghostbuster!!!!,offensive_language,0.025021162282148013,0.5298916814848945,0.4450871562329575
That sounds delicious,neither,0.03565650992130291,0.37165621769167656,0.5926872723870206
3am Critical Role worth it guys?,neither,0.03843374741987602,0.33199927167460436,0.6295669809055197
I remember the real ghostbusters,neither,0.02899661445880643,0.47068965157622855,0.5003137339649649
"Download the new Critical Role theme song for Campaign Two! http://itunes.apple.com/album/id1331550250?ls=1&app=itunes Sales of the song support the musician, Jason Charles Miller.",neither,0.04445767596344001,0.2510827790306858,0.7044595450058742
It was too much Dolph Lundgren.,neither,0.03434821541873454,0.3379261776131101,0.6277256069681554
"@cinphoria No, don't finish, neither answer would help me sleep at night.",neither,0.029622099023524674,0.37346030860887985,0.5969175923675955
"Frank Welker isn’t a real person, he’s metatron",neither,0.03759777791008861,0.42885548067121004,0.5335467414187014
if your name is scanlan'shorn. Obviously worth lel,neither,0.04837136625884687,0.362318740656063,0.5893098930850902
3 hoursss,neither,0.03945320844208391,0.33037608806864915,0.630170703489267
:^,neither,0.03945320844208391,0.33037608806864915,0.630170703489267
ScanlansHorn From somebody who gave up on watching it at 4 AM... not if you prefer your weekend less tired.... There will be several rebroadcasts from friday to tuesday,neither,0.04870124786048593,0.39596647908803073,0.5553322730514832
"Help G&S make great content! $4.99/month gets you emotes, Minecraft server access, sub-only VODs, and more! Every sub keeps the channel alive! twitch.tv/geekandsundry/subscribe",neither,0.043907990691603095,0.31135964332838284,0.644732365980014
"This episode is going to be super weird because whenever he says ""Dana"" I'm going to startle",neither,0.05228305214431353,0.353779284582317,0.5939376632733696
Let's not forget the blow job ghost scene,neither,0.028067423633215034,0.3435611539853661,0.6283714223814189
"I skipped that scene for such a long time, terrified me.",neither,0.029312316899244437,0.3669827412435913,0.6037049418571643
"Keep it classy, guys",neither,0.037897544664324385,0.33286578515966153,0.629236670176014
am i the only one who is confused,neither,0.04562549116965681,0.40125583795404896,0.5531186708762943
That just makes it worse!,neither,0.03709416050503987,0.25016024881382465,0.7127455906811354
"Wow. He's describing my childhood, except it was Raiders of the Lost Ark, not Ghostbusters",neither,0.03381173554977048,0.37004288361236054,0.5961453808378688
!wtfisthis We're discussing the Lore of Ghostbusters,neither,0.05608111290985238,0.28984808927230765,0.65407079781784
CR in an hour?,neither,0.03973677580132784,0.32556320993044385,0.6347000142682283
Ryan Green and a guest spend 90 minutes going deeper into a fandom then you may have thought possible. From Magic: The Gathering to Street Fighter we’re examining the stories and worldbuilding that makes these properties so enchanting. The guests and subjects are as varied as can be but the one thing that brings them together is passion.,neither,0.06281962001923072,0.30912234923769066,0.6280580307430785
!wheniscr,neither,0.03945320844208391,0.33037608806864915,0.630170703489267
oh ghostbusters,neither,0.051363287716059566,0.22255663153133606,0.7260800807526044
"Critical Role is on at 7 PM PST on Thursdays, it is currently 4:06 PM PST on Thursday. There is 2 Hours, 53 Minutes, 4 Seconds until the next episode of Critical Role. This command has been run 738 times but has probably been asked about way more.",neither,0.040952049411094135,0.3442045686035631,0.6148433819853428
!clock,neither,0.03945320844208391,0.33037608806864915,0.630170703489267
It is currently Thursday 4:06 PM at the Geek & Sundry studio in California.,neither,0.05122739174211879,0.3296323920099,0.6191402162479812
Me too! I totally grew up with he HBO recording of Ghostbusters.,neither,0.027309587150622143,0.4315912160791368,0.541099196770241
CR in 3 hours,neither,0.03945320844208391,0.33037608806864915,0.630170703489267
wheniscriticalrole.com,neither,0.03945320844208391,0.33037608806864915,0.630170703489267
"cinphoria Same for me, whenever they talk about Norman or Harry Osborn on TWC",neither,0.019327405916993712,0.37163659641946,0.6090359976635463
I think that’s called a ghostjob,neither,0.034608027668687986,0.3786419451581801,0.5867500271731318
can someone tell me what is going on,neither,0.04020882978586854,0.39561982176190236,0.564171348452229
TheIlluminati,neither,0.03945320844208391,0.33037608806864915,0.630170703489267
!wtfisthis,neither,0.03945320844208391,0.33037608806864915,0.630170703489267
Ryan Green and a guest spend 90 minutes going deeper into a fandom then you may have thought possible. From Magic: The Gathering to Street Fighter we’re examining the stories and worldbuilding that makes these properties so enchanting. The guests and subjects are as varied as can be but the one thing that brings them together is passion.,neither,0.06281962001923072,0.30912234923769066,0.6280580307430785
yes ghost busters,neither,0.03945320844208391,0.33037608806864915,0.630170703489267
love it,neither,0.030831260484157012,0.3601344986151421,0.609034240900701
!criticalrile,neither,0.03945320844208391,0.33037608806864915,0.630170703489267
"Ah whoops, Shidare just did the command :P",neither,0.03478941015048951,0.33450035565358227,0.6307102341959281
!criticalrole,neither,0.03945320844208391,0.33037608806864915,0.630170703489267
yep i was 8 too,neither,0.03900492098142665,0.3379846962130476,0.6230103828055258
when it came out,neither,0.02250859878030346,0.4116500631228812,0.5658413380968154
"June 16, 1989 Ghostbuster 2 release date",neither,0.03945320844208391,0.33037608806864915,0.630170703489267
"Ghostbusters 1 was 1984, Ghostbusters 2 is 1989",neither,0.04827211467471517,0.3294845480292502,0.6222433372960346
yep,neither,0.03945320844208391,0.33037608806864915,0.630170703489267
"So, as a grownup now, The Real Ghostbusters is barely watchable. really bad. Sorry to say. I don't really even remember liking it as a kid. I just like the toys.",neither,0.03914530126023167,0.43749132712017197,0.5233633716195965
I loved ghost busters 2,neither,0.03945320844208391,0.33037608806864915,0.630170703489267
Mwahhahaha,neither,0.03945320844208391,0.33037608806864915,0.630170703489267
born that year,neither,0.035006743353671425,0.37886053713873324,0.5861327195075954
90s kid here,neither,0.08454304546954806,0.2998830143098815,0.6155739402205704
"I was a wee yearling of 17,569.",neither,0.03933671482145374,0.3323532888348665,0.6283099963436798
"""Bustin' makes me feel good""",neither,0.03281916154350356,0.36344940739555415,0.6037314310609424
PopCorn,neither,0.03945320844208391,0.33037608806864915,0.630170703489267
lol,neither,0.020706217963973744,0.4882283491876925,0.4910654328483337
yep popcorn,neither,0.03945320844208391,0.33037608806864915,0.630170703489267
good stuff,neither,0.03858300747992897,0.3306753900831237,0.6307416024369474
like shoes,neither,0.057064989524132484,0.3547334569308493,0.5882015535450181
LOL,neither,0.020706217963973744,0.4882283491876925,0.4910654328483337
Who is everyone's favorite ghostbuster?,offensive_language,0.041702551000210315,0.5001456729404022,0.45815177605938745
Really enjoying today's guest,neither,0.03827272749822748,0.3123317902164559,0.6493954822853166
@101deadpool1017 Egon,neither,0.03945320844208391,0.33037608806864915,0.630170703489267
and ghost busters,neither,0.03874382302275662,0.29488054638212113,0.6663756305951223
cheer100 cheer100 cheer100,neither,0.03945320844208391,0.33037608806864915,0.630170703489267
yep true,neither,0.03945320844208391,0.33037608806864915,0.630170703489267
"@101deadpool1017 Winston ""That's a big twinkie"" Zeddmore",neither,0.023560575289542755,0.41819589129334506,0.5582435334171122
Winston! Because a black man could be one... as an African-American child... this made me so happy. He reminded me of one of my uncles! Super cool ideas!,neither,0.03774898068346636,0.44059132323636657,0.521659696080167
when is d and d,neither,0.03271821947418307,0.3454903146033321,0.6217914659224848
any other 90s kids?,neither,0.03945320844208391,0.33037608806864915,0.630170703489267
@101deadpool1017 Ray,neither,0.03945320844208391,0.33037608806864915,0.630170703489267
!wheniscr,neither,0.03945320844208391,0.33037608806864915,0.630170703489267
"Critical Role is on at 7 PM PST on Thursdays, it is currently 4:11 PM PST on Thursday. There is 2 Hours, 48 Minutes, 39 Seconds until the next episode of Critical Role. This command has been run 739 times but has probably been asked about way more.",neither,0.04094228620013965,0.34411953612969576,0.6149381776701645
just asking.,neither,0.03302589264833412,0.36128159993591846,0.6056925074157474
I loved that sound track!,neither,0.036080935214546236,0.36697015777947956,0.5969489070059742
cool thanks,neither,0.0367426274230533,0.3076780315905544,0.6555793409863925
Bookmark this website: http://www.wheniscriticalrole.com/,neither,0.03683309430264861,0.24812183831960227,0.7150450673777492
Winston is my favorite too. He just a blue collar guy and is normal compared to everyone,neither,0.04032655236327354,0.4088178801557987,0.5508555674809278
anyone else remember the razor,neither,0.03872302345442236,0.31708061675669386,0.6441963597888838
i love how cheeky NightBot is,neither,0.04461540794472986,0.3413446394238216,0.6140399526314485
Hi,neither,0.03945320844208391,0.33037608806864915,0.630170703489267
whatever. There's a dancing toaster. Super dark. right.,neither,0.038826741010882106,0.3151393754984687,0.6460338834906492
"I loved how scary it was too... so happy they are talking about this movie, I felt it was great!",neither,0.04851403606065429,0.31564220441378,0.6358437595255657
anyone else remember the razor?,neither,0.03872302345442236,0.31708061675669386,0.6441963597888838
Kappa,neither,0.03945320844208391,0.33037608806864915,0.630170703489267
the bathtub scene in GB2 was terrifying!,neither,0.038581491928782914,0.31807918353434933,0.6433393245368678
I ain't afraid of no hosts,offensive_language,0.0172973704813538,0.5769810534098438,0.4057215761088024
Truth!!!,neither,0.03945320844208391,0.33037608806864915,0.630170703489267
very true,neither,0.03945320844208391,0.33037608806864915,0.630170703489267
lol,neither,0.020706217963973744,0.4882283491876925,0.4910654328483337
oh man. i hate to even mention this. are they going to talk about the new movie?,neither,0.16466274213580503,0.19710427187228086,0.6382329859919141
The Outsiders could have used some ghosts,neither,0.029348842981749657,0.3376269371049665,0.6330242199132838
prolly sadly,neither,0.03945320844208391,0.33037608806864915,0.630170703489267
"god, i hate the bath tub scence",neither,0.17016178058965736,0.23235448801361622,0.5974837313967264
"well guys gotta go, auf weidersehn",neither,0.038658007031300116,0.3699703316071006,0.5913716613615995
yeah get that sleep before CR,neither,0.022660910637284034,0.485225822246143,0.4921132671165729
;-),neither,0.03945320844208391,0.33037608806864915,0.630170703489267
bronzeGG bronzeGG bronzeGG bronzeGG,neither,0.03945320844208391,0.33037608806864915,0.630170703489267
@jammystring I enjoyed the new movie,neither,0.043589720427330725,0.20421482224806364,0.7521954573246056
3 hours and 45 min till critical role,neither,0.03895892781046077,0.30628352728202657,0.6547575449075126
Holtzman is so rad.,neither,0.04845312661698214,0.3763011036036642,0.5752457697793536
"I loved the new one... the cameos made me happy and Chris Helmsworth... he just needed to have on less clothing and it would have been gold! lol Yep, us ladies can love the cute guys too!",neither,0.044103877239326655,0.30714190105820355,0.6487542217024698
New lady Egon was hysterical and stole every scene.,neither,0.04108997238573409,0.24988951704737783,0.709020510566888
We have a subscriber-only Discord server! Join here: https://discord.gg/geekandsundry (you'll need to sub and link it to your Twitch) and be a part of the fun!...Warning: It can take up to an hour for the server to update and give you access to the channels,neither,0.08464076273808444,0.286394834032893,0.6289644032290227
I haven't seen the new one but only because i'm not a big ghostbuster fan,neither,0.02693874549064588,0.3320711783636977,0.6409900761456564
"@Zismarith That seems to be Kate McKinnon's default setting, though. Scene stealer. :)",neither,0.04108890831486564,0.3536972111955777,0.6052138804895567
when does CR start?,neither,0.021388967720630144,0.47538899325731604,0.503222039022054
!wheniscr,neither,0.03945320844208391,0.33037608806864915,0.630170703489267
"Critical Role is on at 7 PM PST on Thursdays, it is currently 4:16 PM PST on Thursday. There is 2 Hours, 43 Minutes, 58 Seconds until the next episode of Critical Role. This command has been run 740 times but has probably been asked about way more.",neither,0.04093191417224833,0.34402913029850346,0.6150389555292483
Bookmark this website: http://www.wheniscriticalrole.com/,neither,0.03683309430264861,0.24812183831960227,0.7150450673777492
"Help G&S make great content! $4.99/month gets you emotes, Minecraft server access, sub-only VODs, and more! Every sub keeps the channel alive! twitch.tv/geekandsundry/subscribe",neither,0.043907990691603095,0.31135964332838284,0.644732365980014
