text,top_class,hate_speech,offensive_language,neither
@LavenderTownsGhost Laura doesn't have a BAG of dice she has a PURSE of dice!,neither,0.04166855762049162,0.34849622059917085,0.6098352217803376
!rbschedule,neither,0.03945320844208391,0.33037608806864915,0.630170703489267
murder on the orient express reboot of the reboot?,neither,0.03718307463794297,0.32096627417222934,0.6418506511898276
Find the unfinished rebroadcast schedule for the weekend here: http://bit.ly/WeekRebroadcast,neither,0.05904738035105781,0.17020024858160615,0.7707523710673361
Yay!,neither,0.03945320844208391,0.33037608806864915,0.630170703489267
"I've seen Murder by Death several times, and I prefer Clue by quite a ways. Much better acting in Clue.",neither,0.02920384317864949,0.3397571019500898,0.6310390548712607
Yassss,neither,0.03945320844208391,0.33037608806864915,0.630170703489267
"@SprlngheelJack if you can lift the darn thing, no wonder Jester's strength is so high",neither,0.03723806236178295,0.45006223206049034,0.5126997055777267
Oh god Taliesin why xD,neither,0.030729694328642653,0.2847320569101743,0.684538248761183
oh my god it's already perfect,neither,0.031182248182344906,0.38131403901354,0.5875037128041151
damn Tal looks tired af,offensive_language,0.044293906544814986,0.702197558446273,0.25350853500891196
@jammystring Their time to start shows isn't any weirder than a tv network's time to start shows.,neither,0.04400770689712231,0.34715824056056876,0.6088340525423089
@stargazer1977 I love Murder by Death!,neither,0.03779940749781902,0.38778624438655973,0.5744143481156212
Is This L.A. Noire?,neither,0.06444388513749441,0.32581973129223984,0.6097363835702658
"Erika, noooo...",neither,0.03945320844208391,0.33037608806864915,0.630170703489267
Erika is a BATTERY -- wire her up Tal :D,offensive_language,0.036237077628340345,0.5085231147579155,0.45523980761374416
Low-key or Loki?,neither,0.03945320844208391,0.33037608806864915,0.630170703489267
noir it up,neither,0.03047729369400715,0.4651098659401513,0.5044128403658414
70%? not less?,neither,0.03812539506739484,0.33536497544352434,0.6265096294890807
Jeez Tal xD,neither,0.03945320844208391,0.33037608806864915,0.630170703489267
Clue is one of my favorite movies growing up. Developed my love for Tim Curry.,neither,0.027236586153026064,0.4340345706112617,0.5387288432357122
Gather your 420?,neither,0.06582875000452618,0.3230572119719133,0.6111140380235606
Low key energy?,neither,0.03945320844208391,0.33037608806864915,0.630170703489267
Woo!!! BloodTrail,neither,0.03945320844208391,0.33037608806864915,0.630170703489267
"true, im watching her on square bowl",offensive_language,0.030562832468937057,0.5181287948367951,0.4513083726942677
Lol,neither,0.020706217963973744,0.4882283491876925,0.4910654328483337
DANI CARR,neither,0.03945320844208391,0.33037608806864915,0.630170703489267
For a real chill time,neither,0.025067767995095074,0.44290131241515585,0.532030919589749
tinytatoHeart,neither,0.03945320844208391,0.33037608806864915,0.630170703489267
I would think Erica would be far more than 30%,neither,0.04012481593735609,0.31913202128348345,0.6407431627791604
hi sleuths!!!,neither,0.03945320844208391,0.33037608806864915,0.630170703489267
"That was deep, man",neither,0.03480848067015877,0.45693942873909044,0.5082520905907507
I lved clue so much as a kid,neither,0.034114066497771066,0.40447194706184103,0.5614139864403879
That line was excellent,neither,0.03574717567198524,0.3713399795233908,0.5929128448046239
Maybe they should embrace their THOR energy!?!? :P,neither,0.04739035361920006,0.3535870729815067,0.5990225733992932
Well said Tal!,neither,0.03945320844208391,0.33037608806864915,0.630170703489267
"GASP, look at the legendary Dani Carr",neither,0.03950497144119965,0.33489621475208736,0.6255988138067131
I so miss robot teammate,neither,0.03425559352009787,0.36636427260334264,0.5993801338765595
Oh god Tal,neither,0.04441447604646756,0.28300978232753726,0.6725757416259951
gonna solve a Murder mystery?,neither,0.03854875330686812,0.37204526594633114,0.5894059807468007
anyone else volume real low,neither,0.03422796435852422,0.42059123289996103,0.5451808027415146
Ooo I saw Chris Bevins last weekend!,neither,0.03945320844208391,0.33037608806864915,0.630170703489267
hi chris!,neither,0.03945320844208391,0.33037608806864915,0.630170703489267
How Sam Spade,neither,0.03945320844208391,0.33037608806864915,0.630170703489267
!whodat,neither,0.03945320844208391,0.33037608806864915,0.630170703489267
Does everything sound super muffled to anyone else?,neither,0.0327676797617345,0.4239702909852796,0.543262029252986
Ok Chris Bevins is always good,neither,0.04472247357206185,0.38223950660229533,0.573038019825643
"Taliesin Jaffe ( twitter.com/executivegoth ), Dani Carr ( twitter.com/ItsDaniCarr ), Chris Bevins ( twitter.com/VoiceofBevins ), Rachel Robinson ( twitter.com/larynx_lynx ), and Erica Lindbeck ( twitter.com/ericalindbeck ).",neither,0.03843867729166597,0.45297512735084644,0.5085861953574875
What channel is erika streaming on this weekend?,neither,0.0471822217219377,0.3363596311210475,0.6164581471570149
"Wow, gather my melancholy now. :p",neither,0.02939946442778798,0.40764353707965284,0.5629569984925592
Gather your Taliesin's Friends,neither,0.0717616670641528,0.3213980246765216,0.6068403082593256
That was weird....wasn't able to see chat....,neither,0.041123554551510705,0.35848543514618997,0.6003910103022994
I hear Elon musk is planning on using Erika as renewable energy source,neither,0.03863507808507167,0.3963470012127729,0.5650179207021555
is rachel's mic on?,neither,0.04388768518892018,0.34007100481643043,0.6160413099946492
hello sleuths,neither,0.03945320844208391,0.33037608806864915,0.630170703489267
First mystery: Where do y'all get those fancy hats?,neither,0.05454817390787322,0.3124352444928478,0.633016581599279
Her mic is not on,offensive_language,0.03299314317976278,0.5764123721205276,0.39059448469970975
gather your friends!,neither,0.0717616670641528,0.3213980246765216,0.6068403082593256
Rachel's mic is definitely not on.,neither,0.04208414737437585,0.34234620400893,0.6155696486166942
can't hear that person,neither,0.035434931555332706,0.3722298939762438,0.5923351744684237
ye it's super quiet,neither,0.0382754389973659,0.3307811769880152,0.6309433840146188
@Shadowstorm_0 squarebowl,neither,0.03945320844208391,0.33037608806864915,0.630170703489267
!whodat,neither,0.03945320844208391,0.33037608806864915,0.630170703489267
"Taliesin Jaffe ( twitter.com/executivegoth ), Dani Carr ( twitter.com/ItsDaniCarr ), Chris Bevins ( twitter.com/VoiceofBevins ), Rachel Robinson ( twitter.com/larynx_lynx ), and Erica Lindbeck ( twitter.com/ericalindbeck ).",neither,0.03843867729166597,0.45297512735084644,0.5085861953574875
I am so HYped for Erica!,neither,0.03448338281889872,0.3394851698633764,0.626031447317725
HI DANI,neither,0.03945320844208391,0.33037608806864915,0.630170703489267
@101deadpool1017 as a scientist that is possible.,neither,0.04141927746612099,0.4095993378501045,0.5489813846837747
Erica Lindbeck :D,neither,0.03945320844208391,0.33037608806864915,0.630170703489267
"Nope, rachel's mic needs a check",neither,0.03945320844208391,0.33037608806864915,0.630170703489267
#MyPalTal,neither,0.03945320844208391,0.33037608806864915,0.630170703489267
@radarhere Sweet good to know :),neither,0.04704829097295511,0.3257504730359548,0.6272012359910902
scarf over mic,neither,0.036758900322318544,0.3320158019200133,0.6312252977576681
Yay for Dani being on!,neither,0.02931747855422491,0.33860715781697576,0.6320753636287992
@101deadpool1017 that certainly wouldn't be... Boring,neither,0.03662678327641737,0.36797106710334027,0.5954021496202424
did they raid Sax's hat rack? @geekandsundry :D,neither,0.03945320844208391,0.33037608806864915,0.630170703489267
Taliesin is so giggley,neither,0.06287845562653366,0.4363549250209663,0.5007666193525001
Dani gandsLessthanthree,neither,0.03945320844208391,0.33037608806864915,0.630170703489267
Danniiiiiii,neither,0.03945320844208391,0.33037608806864915,0.630170703489267
Taliesin you can't tell them they're going to die next it's A MYSTERY,neither,0.29484089082061776,0.16767099637859562,0.5374881128007866
Bedazzle-tastic dress!,neither,0.03945320844208391,0.33037608806864915,0.630170703489267
We <3 You Dani!,neither,0.059106589882456824,0.3889441782378492,0.5519492318796939
:D,neither,0.03945320844208391,0.33037608806864915,0.630170703489267
"I cab't hear anyone cause I am on my phone but, you giys look o",neither,0.03635242325444166,0.4527232105136986,0.5109243662318597
Erika is this reality's Flash....she is connected to the Speed Force. True ;-),neither,0.05452355301994272,0.36319254389955374,0.5822839030805035
gandsLessthanthree gandsLessthanthree,neither,0.03945320844208391,0.33037608806864915,0.630170703489267
Yay Dani,neither,0.03945320844208391,0.33037608806864915,0.630170703489267
wheres the dog?,neither,0.038542545499220184,0.3137115688132486,0.6477458856875313
Dani Carr - the voice of Geek & Sundry. <3,neither,0.03877853068345792,0.3181093944165952,0.6431120748999469
Taliesin looks very Columbo tonight,neither,0.036672973716559795,0.3070947604199831,0.656232265863457
Everything is muffled and there's a weird humming in the background. XD,neither,0.043823711770313314,0.26485097516524275,0.6913253130644439
Matt Key is the voice of god,neither,0.044886457167728704,0.3159111734401978,0.6392023693920735
lower case g,neither,0.03945320844208391,0.33037608806864915,0.630170703489267
Taliesin looks like he should have a fat cigar in his mouth in a film noir,neither,0.2065334938739504,0.2662132769115153,0.5272532292145343
Good evening!,neither,0.03869882722860525,0.3306355543605695,0.6306656184108252
omg its ERICA tessPURR tessPURR tessPURR,neither,0.03366305784443836,0.3323675863700238,0.6339693557855378
the butler did it.,neither,0.03713087548768493,0.31439323003766273,0.6484758944746524
I encourage Mayhem!,neither,0.03945320844208391,0.33037608806864915,0.630170703489267
Matt Key records all his lines from the fart dimension,neither,0.05487476149790147,0.3513386537381382,0.5937865847639603
"came in late, what's the theme tonight?",neither,0.04078992505825791,0.30020014690193186,0.6590099280398103
"Oh, Nero Wolfe, gotta love a detective who solves cases without leaving his house.",neither,0.052735178819227506,0.3618885694495872,0.5853762517311852
@talahar Clue! :D,neither,0.03945320844208391,0.33037608806864915,0.630170703489267
@talahar clue,neither,0.03945320844208391,0.33037608806864915,0.630170703489267
Never heard of it but a Timothy Hutton fan so-,neither,0.03176081528572453,0.4178356250988762,0.5504035596153994
nice,neither,0.03945320844208391,0.33037608806864915,0.630170703489267
we would never guess @chaoticloony .... never ;-),neither,0.031756385764016834,0.40198814217619067,0.5662554720597925
Taliesin looks like a mobster from the Godfather. ;),neither,0.04976374147767966,0.3119056864365938,0.6383305720857264
I meant to say I can't hear you guys cause I am on my phone but you all look wonderful,offensive_language,0.05132103127105205,0.515322258548435,0.43335671018051286
"psh, who needs legally?",neither,0.03992085724065125,0.3801716144923798,0.579907528266969
Nero Wolfe was such a fabulous show!,neither,0.054287209800141456,0.2563389430818092,0.6893738471180494
Do Scooby-Doo count? That's all I know.,neither,0.03875459795898206,0.4110400589693819,0.550205343071636
Rachel Robinson's mic is still not on.,neither,0.041199810190871974,0.3515145932088123,0.6072855966003157
rachel is very quiet.,neither,0.04621013449886863,0.32805207135480535,0.6257377941463261
ok her mic isn't on,offensive_language,0.02927459482002245,0.5364713026335508,0.4342541025464267
*does,offensive_language,0.01834184804883091,0.5283479826553873,0.4533101692957819
the girl on the left looks like an angry Khloe Kardashian,neither,0.03870651196362548,0.36210060996896387,0.5991928780674106
hrpgSub hrpgHyperHype gandsSubHype,neither,0.03945320844208391,0.33037608806864915,0.630170703489267
or turned way WAY down,neither,0.03961854502999331,0.33176059536945113,0.6286208596005557
Murder by Death is great,neither,0.0455651742321348,0.3421316384363876,0.6123031873314776
"""legally""",neither,0.03945320844208391,0.33037608806864915,0.630170703489267
I only know Murder by Death as a band,neither,0.03875716388114334,0.3896054953502181,0.5716373407686386
Clue is the best,neither,0.04612997897188261,0.30402493981130385,0.6498450812168135
trixie belden omg what a tbt,neither,0.045551450729640536,0.3260199583089412,0.6284285909614182
"fix the audio, please",neither,0.03871977801599571,0.31702036116230553,0.6442598608216987
!respect,neither,0.03945320844208391,0.33037608806864915,0.630170703489267
"If you would like to share opinions on our hosts, guests or fellow viewers, please do so in a respectful manner. Don't make them feel uncomfortable.",neither,0.04843323757214918,0.39559142321184637,0.5559753392160044
"yeah, we really cant hear Rachel",neither,0.026907661111523144,0.4163897335146059,0.556702605373871
One plus one plus two plus one!,neither,0.038612688247205526,0.3666518756439524,0.594735436108842
why is the sound...weird,neither,0.0337777426164581,0.32711424629667646,0.6391080110868654
I still love Murder By Death!,neither,0.03710655197629144,0.3968316310054001,0.5660618170183085
I'd say that Clue is probably one of Tim Curry's best comedy fims.,neither,0.03983632361326992,0.37511435189601644,0.5850493244907136
"I agree with Tal, Murder by Death is good, but not great. Clue is a much better movie and still holds up.",neither,0.03542507267542227,0.35227447727213423,0.6123004500524435
Murder by Death is so good!,neither,0.04734897003180831,0.41209779809265074,0.5405532318755409
Clue is a goddamn cinematic masterpiece,neither,0.04731649188035822,0.3276715443186267,0.6250119638010151
films*,neither,0.03945320844208391,0.33037608806864915,0.630170703489267
one plus TWO plus one plus one,neither,0.038612688247205526,0.3666518756439524,0.594735436108842
it sounds very faded,neither,0.0382114171223583,0.33080319704659195,0.6309853858310498
Any Wimsey fans?,neither,0.03945320844208391,0.33037608806864915,0.630170703489267
is it just me?,neither,0.029456720079491155,0.4277679613433626,0.5427753185771462
Is Rachel's mike on?,neither,0.04400049884545826,0.3403008074013342,0.6156986937532075
There is a DanganRonpa themed version of Clue that is only available in Japan.,neither,0.04645433040518304,0.326426693535605,0.6271189760592119
!whodat,neither,0.03945320844208391,0.33037608806864915,0.630170703489267
"Taliesin Jaffe ( twitter.com/executivegoth ), Dani Carr ( twitter.com/ItsDaniCarr ), Chris Bevins ( twitter.com/VoiceofBevins ), Rachel Robinson ( twitter.com/larynx_lynx ), and Erica Lindbeck ( twitter.com/ericalindbeck ).",neither,0.03843867729166597,0.45297512735084644,0.5085861953574875
Working on audio.,neither,0.03676907024237087,0.3432501600139137,0.6199807697437155
Murder by death = still good,neither,0.039120922339148025,0.38516049185108503,0.575718585809767
Anyone in the room there watching chat? Rachel Robinson's mic is not on.,neither,0.040770594966827035,0.30795601495521635,0.6512733900779566
I think Rachel's microphone isn't connected correctly and it's giving us some weird noise,neither,0.05014809278555812,0.3103473431860779,0.639504564028364
@botanarchy i once played clue while watching clue,neither,0.03945320844208391,0.33037608806864915,0.630170703489267
@danoba Taliesin looks Indiana Jonesy.,neither,0.03945320844208391,0.33037608806864915,0.630170703489267
#Theyknow,neither,0.03945320844208391,0.33037608806864915,0.630170703489267
Bevin's socks are AMAZE,neither,0.07827919682553539,0.2680168241295929,0.6537039790448718
@Danoba thanks for the update.,neither,0.031493813482582046,0.2750949005051108,0.6934112860123072
#TheyKNow,neither,0.03945320844208391,0.33037608806864915,0.630170703489267
thwre are a whole bunch of Nero Wolfe radio episodes on Spotify starring Sidney Greenstreet!,neither,0.05436399440301798,0.39088324888761244,0.5547527567093695
I love the Dresden Files!!!,neither,0.03555699629442515,0.32717354069833376,0.637269463007241
#Theyknow,neither,0.03945320844208391,0.33037608806864915,0.630170703489267
"Clue is great because by all rights, it shouldn't have been.",neither,0.04314566534834881,0.39023129805660034,0.5666230365950509
Flames on the side of my face,neither,0.02418751207116932,0.4272269965356047,0.5485854913932259
"@MissNayoung I would love that so much, combines my love with Danganronpa with Clue.",offensive_language,0.01566127840788005,0.49398719167540434,0.49035152991671566
I loved murder by death but yeah Clue was better,neither,0.02790318495908131,0.43344572199305625,0.5386510930478624
Return of the Mid-Atlantic accent,neither,0.03886230937901072,0.3196559380648109,0.6414817525561782
I like how chat thinks they know before the crew does. LUL,neither,0.03340573913267033,0.4393517563091368,0.5272425045581929
encyclopedia brown is the king,neither,0.04761252971311024,0.30956425805211,0.6428232122347797
@Slippydude who doesn't love Harry Blackstone Copperfield Dresden.,neither,0.03716080846683975,0.4091291084548825,0.5537100830782778
"This is great, I am a mystery junkie",neither,0.044384767697022286,0.3075858912191626,0.6480293410838152
RIP Madeline KHAAAAAAAAAAAAAAAAAAAAAAN!,neither,0.03945320844208391,0.33037608806864915,0.630170703489267
YES JESSICA FLETCHER,neither,0.03945320844208391,0.33037608806864915,0.630170703489267
that accent /Tal/ ~,neither,0.036128911031065525,0.3664414831445129,0.5974296058244215
Dorothy Parker was Amazing!,neither,0.03933830472110844,0.3323263040884187,0.6283353911904728
@Slippydude agreed....he needs to write them faster though,neither,0.058748666307215494,0.32061104746374763,0.6206402862290369
"I've gotta go with Holmes, because of course, but for newer characters, Harry Dresden for life.",neither,0.015980861260100232,0.36364623830258463,0.6203729004373152
@adamkunn i once played clue while watching clue,neither,0.03945320844208391,0.33037608806864915,0.630170703489267
Pfft Nancy Drew. Where's the Trixie Belden love?,neither,0.037933537536017914,0.30324222145636626,0.6588242410076158
Clue: Frozen Who killed Elsa?,neither,0.03994794707843039,0.3827983962286031,0.5772536566929665
@Squishypride most everyone he meets.... but,neither,0.03573604946345671,0.4222646644125986,0.5419992861239448
the ski lodge one was immortalized by game grumps,neither,0.038076106277911685,0.3451824884941843,0.616741405227904
hi everyone!!,neither,0.032490659208996964,0.4485487193596734,0.5189606214313296
Snow castle is a good location,neither,0.04478599337232275,0.3285418987930739,0.6266721078346034
i fired and i missed,neither,0.03867374152638885,0.29099856239051874,0.6703276960830924
@Slippydude Dresden files? Do you *want* a smoking charred building? Because that's how you get smoking charred buildings.,neither,0.055641681729902456,0.4071091247921665,0.5372491934779311
Phryne Fisher!,neither,0.03945320844208391,0.33037608806864915,0.630170703489267
"@pagegirl34 glad to see you this evening, hope you are doing well. :)",neither,0.1563704510650708,0.2659506729821785,0.5776788759527508
PopCorn Squid2 Squid2 TheIlluminati Squid2 Squid2 Squid4,neither,0.03945320844208391,0.33037608806864915,0.630170703489267
Dorothy Parker and the Vicious Circle is a great movie,neither,0.04361182731547942,0.25770721517911405,0.6986809575054065
"@autisticcosplay ! My man! You're really busy to tonight, huh?",neither,0.0589517194598916,0.43438694300665953,0.5066613375334489
ski lodges are basically snow castles,neither,0.05995538467677186,0.2934843975232723,0.6465602177999556
Murder She Wrote was a great series,neither,0.03865647371496577,0.3703788236549423,0.5909647026300919
#MyPaltal,neither,0.03945320844208391,0.33037608806864915,0.630170703489267
#MyPalTal,neither,0.03945320844208391,0.33037608806864915,0.630170703489267
What about Hercule Poirot?,neither,0.04753712308015706,0.3758554328400185,0.5766074440798244
i shot him again; I MYISSED,neither,0.03723487569661703,0.3680269841463544,0.5947381401570285
@harberst Love Trixiie!,neither,0.03217296676969875,0.3657703709031763,0.602056662327125
JB Fletcher is the best,neither,0.045884199685318774,0.30483354442372795,0.6492822558909532
Dirk Gently,neither,0.03945320844208391,0.33037608806864915,0.630170703489267
@mightbeabadidea_ nooo.....,neither,0.03945320844208391,0.33037608806864915,0.630170703489267
#MypalTal,neither,0.03945320844208391,0.33037608806864915,0.630170703489267
50 points to Erica!,neither,0.04507194218050124,0.3270765387218536,0.6278515190976451
Miss Fisher!,neither,0.03249963147180921,0.3327677420491883,0.6347326264790024
#MyPalTal,neither,0.03945320844208391,0.33037608806864915,0.630170703489267
@mightbeabadidea_ yes.,neither,0.03945320844208391,0.33037608806864915,0.630170703489267
@adamkunn im vibrating the fabric of reality.,neither,0.03799909201874196,0.34349730920959,0.618503598771668
I'm a huge fan of Miss Fisher,neither,0.034238644944021054,0.33216961557258406,0.6335917394833949
Murdoch Mysteries?,neither,0.03945320844208391,0.33037608806864915,0.630170703489267
XD,neither,0.03945320844208391,0.33037608806864915,0.630170703489267
dang no love for Hercule Poirot,neither,0.02549286763163192,0.329060090945897,0.645447041422471
"@stargazer1977 It is amazing! It also expands upon Clue by adding more characters, more locations and even adding false clues to throw you off.",neither,0.05040071304037386,0.34293295525542633,0.6066663317041998
Dirk Gently FTW,neither,0.03945320844208391,0.33037608806864915,0.630170703489267
twentieth anniversary of The Zero Effect: Jake Kasdan's modernization ot A Scandal In Bohemia starring Ben Stiller and Bill Pullman,neither,0.038703312209118296,0.30539811699629116,0.6558985707945905
Mike Hammer with Stacy Keatch,neither,0.03129051141741743,0.35800395848530747,0.610705530097275
Is that an evil robot???,neither,0.04292116220139482,0.35823168108464876,0.5988471567139564
I type Tal sometimes if i'm trying real fast,neither,0.024116624126792184,0.4456208959498253,0.5302624799233824
mid atantic accent via Cary Grant? sorry super can't hear but bear with me,neither,0.032055834037395904,0.24405470064170537,0.7238894653208987
What about the original Murder on the Orient Express film? Starring a young(ish) Sean COnnery.,neither,0.03761105365341666,0.35573867069889614,0.6066502756476871
I read Down the Rabbit Hole by Peter Abrahms in middle school and got hooked on mysteries.,neither,0.0371828410867592,0.3511834884720041,0.6116336704412366
I just finished binging Miss Fisher about a month ago,neither,0.03229487530772634,0.3591989218470583,0.6085062028452153
Miss Fisher is great. I can't wait for the movie,neither,0.03549774570738705,0.25730400137846426,0.7071982529141487
Did Uncle Tal not know that he's known as Uncle Tal?,neither,0.12917975787922018,0.24532230789897025,0.6254979342218097
"I keep meaning to watch Miss Fisher's, it sounds like so much fun",neither,0.04474610886287478,0.3654696130667805,0.5897842780703447
I used to LOVE Nancy Drew.,neither,0.0428870199358511,0.33938912140028116,0.6177238586638677
Yes to Miss Fisher.,neither,0.03859814457050465,0.3291775909091256,0.63222426452037
@PauladinWon YES!!!,neither,0.03945320844208391,0.33037608806864915,0.630170703489267
"@Slippydude Well as long as that what you're looking for, cheers!",neither,0.05485577514785991,0.3836817067316839,0.5614625181204561
I haven't read Nancy Drew in ages...,neither,0.03945320844208391,0.33037608806864915,0.630170703489267
How about Amelia Peabody? anyone? anyone?,neither,0.03816371070792489,0.3522622299382449,0.6095740593538304
what was the original copywrite?,neither,0.04449457722923995,0.3102880573482839,0.6452173654224762
@Darastrygat Apparently not! :3,neither,0.037591575497644004,0.33740766373455405,0.6250007607678019
I recently saw the new murder on the orient express,neither,0.038732350052573944,0.25805309758955386,0.7032145523578722
Nancy Drew and The Hardy Boys were great books!,neither,0.0376789858253576,0.27100245538769074,0.6913185587869517
WOO!,neither,0.03945320844208391,0.33037608806864915,0.630170703489267
"@MissNayoung wow, very cool, I might have to look into importing.",neither,0.045724580418628674,0.33373411258339436,0.6205413069979769
Encyclopedia Brown was my speed.,neither,0.028649430484604266,0.415144464633744,0.5562061048816517
looks like Marisha hehe,neither,0.05042447553066947,0.346281313154908,0.6032942113144224
There's a Miss Fisher movie???!!,neither,0.03524651715281184,0.26424089705334836,0.7005125857938399
taliesin looks so good.,neither,0.03851172668929894,0.3951921224771075,0.5662961508335936
Can't wait for the Miss Fisher movie,neither,0.03126744106318256,0.26674470413795914,0.7019878547988583
Nancy Drew and the Crooked HOLY CRAP A ROBOT,neither,0.03847944438280621,0.2973969820837262,0.6641235735334676
I want all the gin and mystery books,neither,0.03938204984003281,0.33371333910366385,0.6269046110563034
I second Miss Fischer. She's the best.,neither,0.032219456095826625,0.388175748912026,0.5796047949921472
"everywhere but here i'm called Tal, so yeah, this channel makes me jumpy :P",neither,0.04103745937416829,0.42832423697092736,0.5306383036549044
We Are Here to Protect You,neither,0.21824100413044914,0.2623452386216195,0.5194137572479314
are we ding film noir cause I can talk that talk,neither,0.025624611179471183,0.3554321936649589,0.61894319515557
for when the robots come with their cold arms.... and they will,neither,0.022166521583962255,0.3346455359129328,0.643187942503105
Re hrpgSub hrpgHyperHype gandsSubHype,neither,0.10802165902134243,0.2484119200751343,0.6435664209035233
i loved those yellow spines of the Nancy Drew books,neither,0.021830402212580435,0.04769670276406191,0.9304728950233577
"Most of my favorite mysteries/detectives are science fictional. Like Marid Audran in George Alec Effinger's ""When Gravity Fails"" (who has cybernetic implants and brain chips that let him take on the personalities of other famous detectives, like Nero Wolf at one point).",neither,0.03639843921322755,0.41272817074993007,0.5508733900368424
@TheLurkingJandel Thirded,neither,0.03945320844208391,0.33037608806864915,0.630170703489267
I'm not that far in Miss Fisher yet but omg a movie? that's gonna be awesome,neither,0.03055760496278789,0.39144766649969953,0.5779947285375125
@pagegirl34 Clue!,neither,0.03945320844208391,0.33037608806864915,0.630170703489267
80s were fucked up... flammable water,offensive_language,0.03946657684169321,0.6555303979613099,0.30500302519699696
@cinphoria sidenote: taliesin looks so good.,neither,0.03851172668929894,0.3951921224771075,0.5662961508335936
The books are fabulous as well,neither,0.05656518258773591,0.3086187505684323,0.6348160668438317
"I read Sherlock Holmes too young, it ruined me for all the young adult mysteries like Hardy Boys and Nancy Drew. They just weren't nearly as good as Doyle's stuff.",neither,0.03227030505369342,0.40708888259358633,0.5606408123527203
they wanted the vintage look when they appeared at Walden Books,neither,0.033648874350945185,0.3625437274965588,0.603807398152496
Flammable water?,neither,0.03945320844208391,0.33037608806864915,0.630170703489267
80's were a great time to be a teen!,neither,0.042666751868708615,0.3093668861778342,0.6479663619534572
Anyone remember the Bobbsey Twins books?,neither,0.03874760384990067,0.31753660631654956,0.6437157898335497
@autisticcosplay as always :3,neither,0.03353393684267283,0.46985913217765485,0.49660693097967223
I backed the movie and got a signed bookmark from Nathan Page who is Detective Jack,neither,0.04367009909285953,0.32534665777557564,0.6309832431315648
@stargazer1977 hey! sorry I could not get to Amy's book club,neither,0.04250654060599202,0.3368258570437488,0.6206676023502593
"Or Altered Carbon, an adaptation of which just debuted on Netflix.",neither,0.03465149839785067,0.35069150633319807,0.6146569952689512
One of my fave detectives is Conan Edogawa from Detective Conan/Case Closed.,neither,0.0373915483182017,0.37373845568865427,0.5888699959931442
@danoba this could also be called gather your mobster.,neither,0.06376467936057253,0.32811098299832836,0.6081243376410992
"I'm afraid to reread the Hardy Boys....I'm worried that, like much that I love as a child, it won't have aged well...",neither,0.03769310661644987,0.3940503182095438,0.5682565751740063
she's not talking a lot but I think we can hear rachel now,neither,0.03764156045715471,0.39011745017171623,0.5722409893711291
I had a small set of Nancy Drew and I for whatever reason thought that those were the oNLY Nancy Drew books ever,neither,0.04491522691711407,0.2369790965879549,0.718105676494931
@Slippydude If you ever get a chance to see Jim Butcher in person (like at DragonCon or similar).... do it. He's amazing.,neither,0.047376006219541,0.40927831957153576,0.5433456742089233
We have a subscriber-only Discord server! Join here: https://discord.gg/geekandsundry (you'll need to sub and link it to your Twitch) and be a part of the fun!...Warning: It can take up to an hour for the server to update and give you access to the channels,neither,0.08464076273808444,0.286394834032893,0.6289644032290227
I spent a lot of nights in the late 70s and 80s reading Hardy Boys/Nancy Drew mysteries...,neither,0.038747480001333476,0.30694082086718666,0.6543116991314798
my favorite detectives are Nick & Nora Charles,neither,0.047081880785373224,0.36412331606196596,0.5887948031526608
UNcalled for,neither,0.03261539664810859,0.2962509210740107,0.6711336822778808
@cinphoria so hard boiled much mystery,offensive_language,0.02877751150820374,0.5614407615375476,0.4097817269542486
"""you're not my real Erika""",offensive_language,0.05469652856290424,0.6583376376498224,0.28696583378727336
Encyclopedia Brown was my jam growing up,neither,0.028792945262677862,0.4410142690176346,0.5301927857196875
"""you're not my real erika""",offensive_language,0.05469652856290424,0.6583376376498224,0.28696583378727336
oh NO we're gonna wasted tonight,neither,0.05412485658712433,0.2996200180974148,0.6462551253154608
awwwe we love u too erica <3,neither,0.03625706461451332,0.35027480429347885,0.6134681310920078
There was a river that was so polluted it caught fire in 1969.,neither,0.03611445159165637,0.3580411528040436,0.6058443956043001
"I like you Dani, you're all right.",offensive_language,0.13355494730738102,0.511938017686845,0.3545070350057739
My liver is already dead.,neither,0.03451357327701203,0.416086376934855,0.5494000497881328
:D,neither,0.03945320844208391,0.33037608806864915,0.630170703489267
wasted on water Kappa,neither,0.03721013094842349,0.34108966883717434,0.6217002002144022
"@pagegirl34 I love Noir as well, they haven't mentioned it specifically yet though. But it is Gather Your Clue, so it might come up. :)",neither,0.04638245093868186,0.40408466063606097,0.5495328884252574
OOh.,neither,0.03945320844208391,0.33037608806864915,0.630170703489267
what's a zigzag house,neither,0.04901852088262174,0.32367245959307056,0.6273090195243077
A drink of NyQuil?,neither,0.03945320844208391,0.33037608806864915,0.630170703489267
all this Jim Butcher talk makes me want to see them do Dresden Files Accelerated on G&S,neither,0.034506796009034654,0.3954429591080179,0.5700502448829473
Johnny Quest,neither,0.03945320844208391,0.33037608806864915,0.630170703489267
I have just met Erica and I love her,offensive_language,0.026145999792217843,0.4983183587033148,0.4755356415044674
"Conan Edogawa is a 6 year old Japanese child that solves murders, kidnappings and other sordid mysteries.",neither,0.04098889905492427,0.32945101519685893,0.6295600857482166
What?!,neither,0.057770773616808734,0.3180719994247239,0.6241572269584672
@mightbeabadidea_ Canadian who doesn't get to the states a bunch,neither,0.04535348311751955,0.46348374458671554,0.4911627722957649
a literal zig zag house,neither,0.03945320844208391,0.33037608806864915,0.630170703489267
its the EVIL STEP-ERIKA,neither,0.0329001570328861,0.31667108271327704,0.6504287602538369
Erica is always so fabulous!,neither,0.044334012274096744,0.4091020199098015,0.5465639678161017
We're gonna get WASTED!,neither,0.05521726397575817,0.3592034927487723,0.5855792432754696
"it's 1:30 in the afternoon, i think taking a drink would be bad for me",neither,0.028787792858413486,0.32062810375631756,0.6505841033852688
it was one of the great lakes that caught on fire,neither,0.030955765158237992,0.3657348957719564,0.6033093390698057
my son listens to Encyclopedia Brown ebooks to help him go to sleep,neither,0.04519360494839809,0.38711888426020385,0.5676875107913981
"It's funny, cause all the murder mystery i read is either older than this or newer. Murder at the rue morgue being my favourite old detective story.",neither,0.03350193502351802,0.41762285733565835,0.5488752076408238
Good thing I'm drinking chamomile tea,neither,0.03886118535749198,0.3305797119550156,0.6305591026874925
"Help G&S make great content! $4.99/month gets you emotes, Minecraft server access, sub-only VODs, and more! Every sub keeps the channel alive! twitch.tv/geekandsundry/subscribe",neither,0.043907990691603095,0.31135964332838284,0.644732365980014
in 1969?!,neither,0.03945320844208391,0.33037608806864915,0.630170703489267
"I have one of the original printings of one of the 1st or 2nd Hardy Books books, and was shocked as a kid that they used a racial slur. Not my good clean Hardy Boys!",neither,0.03237571211466907,0.38017029589635765,0.5874539919889734
the POH-lice,neither,0.03843498882663835,0.31168514531390124,0.6498798658594604
anyone remember Encyclopedia Brown?,neither,0.03945320844208391,0.33037608806864915,0.630170703489267
the POlice,neither,0.03816137477719709,0.30646044449032755,0.6553781807324752
PO-lease,neither,0.03945320844208391,0.33037608806864915,0.630170703489267
hey,neither,0.03945320844208391,0.33037608806864915,0.630170703489267
#MyPalTal,neither,0.03945320844208391,0.33037608806864915,0.630170703489267
https://clips.twitch.tv/EsteemedLitigiousMochaYouWHY,neither,0.03945320844208391,0.33037608806864915,0.630170703489267
https://clips.twitch.tv/AuspiciousDistinctSardineRedCoat,neither,0.03945320844208391,0.33037608806864915,0.630170703489267
the poh leese,neither,0.03613032604487659,0.2619290779399786,0.7019405960151449
the popo,neither,0.03613032604487659,0.2619290779399786,0.7019405960151449
THATS A METAPHOR,neither,0.03945320844208391,0.33037608806864915,0.630170703489267
@stryker67 yep,neither,0.03945320844208391,0.33037608806864915,0.630170703489267
"@Stryker67 Holy crap, yes.",neither,0.03945320844208391,0.33037608806864915,0.630170703489267
,neither,0.03945320844208391,0.33037608806864915,0.630170703489267
@voltron4200 just tje fact that you broyght up the 'The ThinMan Series'makes me happy,neither,0.03448506718153151,0.4495936556408709,0.5159212771775977
"Hey, I made it. How much did I miss?",neither,0.029854872787781483,0.3336773958376284,0.6364677313745901
the water is on fire,neither,0.04382885723943097,0.3246137054401488,0.6315574373204202
Anyone listen to Decoder Ring Theater's Black Jack Justice?,neither,0.05632356787674752,0.31732686849078756,0.626349563632465
like a briiiiiiiidge over flamiiiiiingggg wateeeeeeeeer,neither,0.05573782178481601,0.36923995501938367,0.5750222231958004
@Stryker67 I do,neither,0.04358573029058539,0.32895472430567013,0.6274595454037444
flamming water! so alcohol?,neither,0.03941019567464986,0.37870851155568075,0.5818812927696694
i will burn theeeee dooooooooown,neither,0.04595241890691224,0.22006752489280088,0.7339800562002868
the water makes sense for the time,neither,0.032691213820997905,0.2989120171964767,0.6683967689825253
lick the science!!!!,neither,0.03853908523621302,0.3136465995460499,0.6478143152177372
@Slippydude That's a shame. I highly recommend looking up his DragonCon Q/A sessions and similar Gives you a good idea of how he interacts with the fans.,neither,0.04880895005237185,0.38135893019561634,0.5698321197520118
Nick and Nora Charles were awesome,neither,0.039088262368348,0.2846422167605868,0.6762695208710653
Tip #1: Don't lick the paintings.,neither,0.038744806002105794,0.3174847369503634,0.6437704570475308
@blizzbakk points for that,neither,0.028245309749640624,0.3456412176375736,0.6261134726127857
fire walk with me,neither,0.022301295404338315,0.4104451311968795,0.5672535733987822
Cyahoga (i know i spelled that wrong) river,neither,0.03645060471830911,0.36290206456211066,0.6006473307195802
hrpgSub hrpgHyperHype gandsSubHype,neither,0.03945320844208391,0.33037608806864915,0.630170703489267
@autisticcosplay don't lick the science!,neither,0.03857958986424358,0.3144061991155623,0.6470142110201942
Taliesin is already halfway through his first drink...this is gonna be a fun night!,neither,0.05179035076259997,0.3709354160108415,0.5772742332265586
Like Switch game cartridges?,neither,0.05122071685447493,0.2976123034846559,0.6511669796608691
don't LICK the wallpaper my god,neither,0.026801911167442297,0.40386894701589116,0.5693291418166665
"You know, if it WERE the real Erika, she might lick the painting.",offensive_language,0.0303700594623282,0.4970058607222795,0.47262407981539234
Lead paint.,neither,0.03945320844208391,0.33037608806864915,0.630170703489267
@shidareAKI i'm a bard in real life,offensive_language,0.026492133084075876,0.5629171759185593,0.4105906909973649
Yay we get Dani Giggles,neither,0.038970184465257914,0.3385742655475143,0.6224555499872279
@mightbeabadidea_ I will,neither,0.043037463317419186,0.2695419286743809,0.6874206080081999
@geekandsundry i like the set deco.,neither,0.054895127896960785,0.3276102246221008,0.6174946474809384
did Pratchett get inspired by that for Feet of Clay ?,neither,0.03351749438621197,0.36928556842565297,0.597196937188135
"""Don't lick the painting!"" Taliesin Jaffe, 2-1-2018",neither,0.03864095565332024,0.31555330110792784,0.6458057432387518
!rbschedule,neither,0.03945320844208391,0.33037608806864915,0.630170703489267
Find the unfinished rebroadcast schedule for the weekend here: http://bit.ly/WeekRebroadcast,neither,0.05904738035105781,0.17020024858160615,0.7707523710673361
the schnozzberries taste like DEATH,neither,0.05045415649263968,0.3284737731349497,0.6210720703724106
@CarolineTheGeek i must sate my curiosity *shakes fist*,neither,0.031018568717025054,0.38710644009045364,0.5818749911925214
lol Please don't lick the paintings,neither,0.03266640492130282,0.3600800306294213,0.607253564449276
well I saw a YT video and it was normal wall paper,neither,0.04105140667725818,0.25500676599102895,0.703941827331713
Its the Uranium used to make the Pigments,neither,0.038005260731362144,0.3038033597512229,0.6581913795174148
drink,neither,0.03945320844208391,0.33037608806864915,0.630170703489267
