text,top_class,hate_speech,offensive_language,neither
Garthok*,neither,0.03945320844208391,0.33037608806864915,0.630170703489267
@laternalux this ship is about to be turnt ...around...? idek,neither,0.05026749529864187,0.3495440590845921,0.6001884456167661
Hiya ERic!,neither,0.03945320844208391,0.33037608806864915,0.630170703489267
"When we last saw our ""intrepid"" heroes, Rue was on a trail that Lark would rather she not be, and Throlo had received a mysterious communique from her aging mentor . . .",neither,0.02875453910425112,0.4776121182062202,0.4936333426895287
lmao,neither,0.03705015143476208,0.3711622369619404,0.5917876116032975
Did anyone else immediately go shopping for a star trek crew shirt after the first episode?,neither,0.03366840191649058,0.31206978090055765,0.6542618171829517
@JuXarope yes yes I like that,neither,0.045242094004071066,0.3839585425616255,0.5707993634343035
time for sage's reckoning I suppose,neither,0.0335294173777511,0.32139255583731824,0.6450780267849306
Anyone have the weekend rebraodcast schedule,neither,0.038237737169138086,0.3240776838560546,0.6376845789748072
@danoba long time noo see!,neither,0.03819629646343479,0.3465038580019768,0.6152998455345885
"My first live viewing, woo!",neither,0.02924274533629097,0.39398844434731684,0.5767688103163922
"@JuXarope everything he says is just a play on ""turnt""",neither,0.04371539252602462,0.3538170066618855,0.6024676008120899
,neither,0.03945320844208391,0.33037608806864915,0.630170703489267
@nomlicious Indeed.,neither,0.03945320844208391,0.33037608806864915,0.630170703489267
The Sagining,neither,0.03613032604487659,0.2619290779399786,0.7019405960151449
Mine too1,neither,0.03945320844208391,0.33037608806864915,0.630170703489267
"It's like the early days of critical role, where they open stuff at the top of the episode.",neither,0.04358623041672696,0.29769426258619486,0.6587195069970783
Erik's looking a little orange?,neither,0.039130699455912715,0.33584990724535796,0.6250193932987294
aww,neither,0.03945320844208391,0.33037608806864915,0.630170703489267
Re hrpgSub hrpgHyperHype gandsSubHype,neither,0.10802165902134243,0.2484119200751343,0.6435664209035233
Eric even,neither,0.03835316134611609,0.3490467581813732,0.6126000804725106
hrpgSub hrpgHyperHype gandsSubHype,neither,0.03945320844208391,0.33037608806864915,0.630170703489267
@danoba @shidareaki how exited are you two for this episode?,neither,0.07745821118640403,0.28511611874637494,0.6374256700672211
samuHeart samuHeart samuHeart,neither,0.03945320844208391,0.33037608806864915,0.630170703489267
"there is a bit of an orange filter, I'm seeing it",neither,0.04381630470311645,0.2975692579840934,0.6586144373127901
Oooh.,neither,0.03945320844208391,0.33037608806864915,0.630170703489267
@laternalux oh yes good,neither,0.04531077393974128,0.26657257206376145,0.6881166539964972
Hopefully no one receives a working phaser?,neither,0.037810976897534224,0.37451060259537294,0.5876784205070928
@nomlicious Always.,neither,0.03557448528484342,0.4519132619047061,0.5125122528104504
OOoohhhh.,neither,0.03945320844208391,0.33037608806864915,0.630170703489267
@nomlicious I am always excited for Shield of Tomorrow,neither,0.03274350414706208,0.35042573207767747,0.6168307637752605
I thought it was a box of Borg,neither,0.04106203333788825,0.2282260488142116,0.7307119178479001
magic mail time,neither,0.03838510200229166,0.3485046418876037,0.6131102561101046
.....,neither,0.03945320844208391,0.33037608806864915,0.630170703489267
Squid1 FBtouchdown Squid4,neither,0.03945320844208391,0.33037608806864915,0.630170703489267
I'm getting Roko feels y'all....,offensive_language,0.03643743400173104,0.49226667800463264,0.4712958879936364
RE hrpgSub hrpgHyperHype gandsSubHype,neither,0.10802165902134243,0.2484119200751343,0.6435664209035233
at least genny's thriving somewhere,neither,0.03881265475172533,0.3498876793849257,0.6112996658633489
Squid1 TheIlluminati Squid4,neither,0.03945320844208391,0.33037608806864915,0.630170703489267
Hi folks,neither,0.03945320844208391,0.33037608806864915,0.630170703489267
Hi @DJPheonyx,neither,0.03945320844208391,0.33037608806864915,0.630170703489267
hi DJ,neither,0.03945320844208391,0.33037608806864915,0.630170703489267
🖖,neither,0.03945320844208391,0.33037608806864915,0.630170703489267
i hope they talk about what didnt show up here last week D=,neither,0.0985312811231544,0.22700830500759397,0.6744604138692516
I love the cast's reactions. How could we not want to send them MORE things,neither,0.04906093935066883,0.3185874970803591,0.632351563568972
Welcome to the feels train folks.,neither,0.043815372995828265,0.3150771979087564,0.6411074290954154
@shidareaki Dorothy is soo my faviorite she is wonderful!,neither,0.04297481749025848,0.469641868119964,0.4873833143897774
Hi Aliza's Mom!,neither,0.03945320844208391,0.33037608806864915,0.630170703489267
greetings everyone :D,offensive_language,0.02988896790634741,0.4927062106388782,0.4774048214547744
We have a subscriber-only Discord server! Join here: https://discord.gg/geekandsundry (you'll need to sub and link it to your Twitch) and be a part of the fun!...Warning: It can take up to an hour for the server to update and give you access to the channels,neither,0.08464076273808444,0.286394834032893,0.6289644032290227
Ohhh Hola Mami de Aliza?,neither,0.03945320844208391,0.33037608806864915,0.630170703489267
Hi Aliza's mum!,neither,0.03945320844208391,0.33037608806864915,0.630170703489267
Hi Aliza's Mom!,neither,0.03945320844208391,0.33037608806864915,0.630170703489267
:),neither,0.03945320844208391,0.33037608806864915,0.630170703489267
Cal's the wooooorst (the best),neither,0.037125492909831595,0.29429459768596344,0.6685799094042051
Hi @MrPorcu93,neither,0.03945320844208391,0.33037608806864915,0.630170703489267
"Hello, Aliza's mom",neither,0.03945320844208391,0.33037608806864915,0.630170703489267
!time,neither,0.036668274527354654,0.377643684699956,0.5856880407726893
,neither,0.03945320844208391,0.33037608806864915,0.630170703489267
"Live long and prosper, Aliza´s mom",neither,0.04235856704899949,0.2946950607672588,0.6629463721837416
Hi @Chovexani,neither,0.03945320844208391,0.33037608806864915,0.630170703489267
yay shield of tomorrow!!!,neither,0.03945320844208391,0.33037608806864915,0.630170703489267
@nomlicious oh my! That is so kind of you to say!! I’m looking forward to the chance to play her again someday.,offensive_language,0.04883881367646266,0.5249271516857852,0.42623403463775217
Hey @chaoticloony How are you bud,neither,0.09512659992911425,0.3268078669373947,0.5780655331334911
I made it just in time!!,neither,0.031060641225712168,0.38162676136525026,0.5873125974090375
!uptime,neither,0.03945320844208391,0.33037608806864915,0.630170703489267
@shidareaki i hope you do!!,neither,0.19665942955712132,0.20132522684006518,0.6020153436028135
I wonder if they'll setup charites like the Critrole players.,neither,0.03159619525396386,0.3695017076232388,0.5989020971227974
"Download the new Critical Role theme song for Campaign Two! http://itunes.apple.com/album/id1331550250?ls=1&app=itunes Sales of the song support the musician, Jason Charles Miller.",neither,0.04445767596344001,0.2510827790306858,0.7044595450058742
who doesn't love dragons,neither,0.03731945957603489,0.40319909387037217,0.559481446553593
@Chovexani ok and yourself?,neither,0.03845405930435375,0.28266133942546956,0.6788846012701767
awwwwww,neither,0.03945320844208391,0.33037608806864915,0.630170703489267
"I'm gonna grab some shuteye, how you all have a wonderful evening",neither,0.043754260467960826,0.4684365410243587,0.48780919850768034
just joined what we watching,neither,0.039783042626576386,0.34793528934524515,0.6122816680281785
I got a commission!,neither,0.038022615232289246,0.38185919229981474,0.5801181924678961
@nomlicious gandsLessthanthree,neither,0.03945320844208391,0.33037608806864915,0.630170703489267
YAY SAM CAUGHT THE THING!!!!,neither,0.038742737079758,0.3174463756590128,0.6438108872612293
Woo!,neither,0.03945320844208391,0.33037608806864915,0.630170703489267
"ok, someone has been mistreating the set, it's looking ragged",neither,0.03763196191495329,0.3173040379396729,0.6450640001453738
Sam is a bit too much energy for me,neither,0.032279142136313034,0.33854893754589327,0.6291719203177937
Sports! (it happened off screen so does it count?),neither,0.02870033432727507,0.44272365761672483,0.5285760080560001
jcvimBye @swiftfingers,neither,0.03945320844208391,0.33037608806864915,0.630170703489267
@shidareaki as much as Eric does her justice I miss the charm you give her!,offensive_language,0.02448747349259398,0.6362050222228159,0.33930750428459006
Hola Aliza’s Mom!,neither,0.03945320844208391,0.33037608806864915,0.630170703489267
hrpgSub hrpgHyperHype gandsSubHype,neither,0.03945320844208391,0.33037608806864915,0.630170703489267
aww that little BB8 is adorable,neither,0.0424713915045319,0.3679583565314043,0.5895702519640639
!rbschedule,neither,0.03945320844208391,0.33037608806864915,0.630170703489267
Find the unfinished rebroadcast schedule for the weekend here: http://bit.ly/WeekRebroadcast,neither,0.05904738035105781,0.17020024858160615,0.7707523710673361
"Help G&S make great content! $4.99/month gets you emotes, Minecraft server access, sub-only VODs, and more! Every sub keeps the channel alive! twitch.tv/geekandsundry/subscribe",neither,0.043907990691603095,0.31135964332838284,0.644732365980014
Evening all!,neither,0.041793358651534496,0.4229818652092969,0.5352247761391685
XD Candy! *cheer*,neither,0.03945320844208391,0.33037608806864915,0.630170703489267
Hi @ShandraVdeG,neither,0.03945320844208391,0.33037608806864915,0.630170703489267
"when in doubt, send geek and sundry sugar",neither,0.0323086683298114,0.3358737909968897,0.631817540673299
the space shuttles were awesome,neither,0.0389538781264084,0.29720198153848637,0.6638441403351053
@nomlicious stoooop you’re making me blush! I’m glad she left such a good impression on you! <3,offensive_language,0.07118955475072586,0.46842854092913283,0.4603819043201413
Callisto speaks truth,neither,0.03945320844208391,0.33037608806864915,0.630170703489267
<3 Callisto,neither,0.03945320844208391,0.33037608806864915,0.630170703489267
You are a bunc of glorious bastards. :D,neither,0.11578975895271806,0.3547540373065429,0.5294562037407391
🖖 :vulcan_salute::vulcan_salute: 🖖,neither,0.03945320844208391,0.33037608806864915,0.630170703489267
That box is tore up,neither,0.04024482461050987,0.40857530373949147,0.5511798716499986
it's an actual photon topredo,neither,0.03813039956512411,0.32445620093838,0.6374133994964959
Bless You AIiza,neither,0.06637703555667432,0.4035321832267536,0.5300907812165722
Re hrpgSub hrpgHyperHype gandsSubHype,neither,0.10802165902134243,0.2484119200751343,0.6435664209035233
you deserve the compliments! without you our science dork wouldn't exist! @shidareaki,neither,0.06338967337927634,0.3681705383736889,0.5684397882470347
"""What did you do?"" Best response ever",neither,0.06030815936993872,0.3574881062852939,0.5822037343447674
🖖 🖖 🖖 🖖 🖖 🖖 🖖 🖖,neither,0.03945320844208391,0.33037608806864915,0.630170703489267
OMG,neither,0.03945320844208391,0.33037608806864915,0.630170703489267
!schedule,neither,0.03945320844208391,0.33037608806864915,0.630170703489267
Current Schedule ( as of January 2018 ): https://i.imgur.com/EuFvhG6.jpg - more info about shows at: https://geekandsundry.com/twitch/,neither,0.03843932231257516,0.3598029921411911,0.6017576855462338
@nomlicious she is definitely pure science dork,neither,0.04593875026805765,0.38531237265938295,0.5687488770725595
hahahaha,neither,0.03945320844208391,0.33037608806864915,0.630170703489267
LOL,neither,0.020706217963973744,0.4882283491876925,0.4910654328483337
YESS This has been so long coming!,neither,0.0392156375892475,0.3640648267717038,0.5967195356390486
Hehehhehehhehehhehehe,neither,0.03945320844208391,0.33037608806864915,0.630170703489267
THAT IS SO DOPE,neither,0.04435634085273177,0.4361452226574105,0.5194984364898577
more buttons to push. always a good idea,neither,0.04377444118782402,0.3603133876255398,0.5959121711866361
All of the discord has been waiting for this!,neither,0.03407464463288285,0.34677844155509063,0.6191469138120266
PUSH ALL THE BUTTONS SAGE,neither,0.03993971961578463,0.36898305776417273,0.5910772226200427
!reschedule,neither,0.03945320844208391,0.33037608806864915,0.630170703489267
yup yup!@shidareaki,neither,0.03945320844208391,0.33037608806864915,0.630170703489267
hrpgSub hrpgHyperHype gandsSubHype,neither,0.03945320844208391,0.33037608806864915,0.630170703489267
A button has to be pressed,neither,0.046224096784788546,0.324206025111477,0.6295698781037344
awwwwwwwww,neither,0.03945320844208391,0.33037608806864915,0.630170703489267
That's got to be a gif,neither,0.04112399537677071,0.42079345570275656,0.5380825489204726
1 Snort.,neither,0.03945320844208391,0.33037608806864915,0.630170703489267
Buttons for Bonnie :),neither,0.03261539664810859,0.2962509210740107,0.6711336822778808
How do you get the rebroadcast schedule?,neither,0.056832051807770366,0.3676249979626956,0.5755429502295341
holy hannah,neither,0.03945320844208391,0.33037608806864915,0.630170703489267
ALL their hands went up together omg,neither,0.03879633499654247,0.4337510289651854,0.5274526360382721
hrpgSub hrpgHyperHype gandsSubHype,neither,0.03945320844208391,0.33037608806864915,0.630170703489267
chocolate. another good idea,neither,0.08520391785121488,0.2611471218275939,0.6536489603211912
!rbschedule,neither,0.03945320844208391,0.33037608806864915,0.630170703489267
Find the unfinished rebroadcast schedule for the weekend here: http://bit.ly/WeekRebroadcast,neither,0.05904738035105781,0.17020024858160615,0.7707523710673361
I saw the in-progress pics of that being made. It's awesome,neither,0.03266742465632373,0.3643527413750721,0.6029798339686041
🖖 🖖 🖖 🖖 🖖 🖖 🖖 🖖,neither,0.03945320844208391,0.33037608806864915,0.630170703489267
Hector's like BRING IT HERE!!!,neither,0.14202574969411513,0.29120020479808867,0.5667740455077962
And I believe we have visual confirmation of $#!+ being lost.,neither,0.0348581475640144,0.32940461355982753,0.6357372388761581
LOL,neither,0.020706217963973744,0.4882283491876925,0.4910654328483337
@danoba you okay? you went silent! here I send you digital well wishes!,neither,0.10862120615374553,0.3874868315324895,0.5038919623137649
hrpgSub hrpgHyperHype gandsSubHype x2,neither,0.03945320844208391,0.33037608806864915,0.630170703489267
*teeth bared* ALSO WEAPONS,neither,0.03945320844208391,0.33037608806864915,0.630170703489267
"@nomlicious Sorry was watching live, haha.",neither,0.03940051209446441,0.395231389680141,0.5653680982253946
weapons are our best shields,neither,0.06298754627810495,0.2804350177542143,0.6565774359676807
"""I could totally fit a chocolate bar in that hole"" phrasing",neither,0.037023264293348616,0.35662589203571055,0.6063508436709408
I was wondering when there'd be a crazy crit-mas present --ala the weapons/Trinket that were sent to Critical Role,neither,0.03127903028256206,0.38334452095835647,0.5853764487590813
So white,hate_speech,0.6754235236104263,0.32409559321496,0.0004808831746135972
@danoba oh xD sorry!!,neither,0.04727566854399198,0.25723774273855826,0.6954865887174497
she knows deh way,neither,0.04150642335052083,0.44272466269576677,0.5157689139537124
RE hrpgSub hrpgHyperHype gandsSubHype,neither,0.10802165902134243,0.2484119200751343,0.6435664209035233
Hmmm...,neither,0.03945320844208391,0.33037608806864915,0.630170703489267
2 snorts.,neither,0.03945320844208391,0.33037608806864915,0.630170703489267
"Yes, I’m so glad it arrived",neither,0.03821359014341774,0.3691359032875981,0.5926505065689841
"@nomlicious Haha, np. Sorry I missed your well wishes.",neither,0.05476047905821369,0.37187533784698124,0.5733641830948051
It ust be a TOS console :P,neither,0.03838487938252711,0.335131544816611,0.6264835758008619
must*,neither,0.04122309025967144,0.30033657460071655,0.6584403351396121
SO cute,neither,0.04296880691731001,0.35555683390548976,0.6014743591772002
"""Go to Red Alert?"" ""Are you sure, sire, it would mean changing the bulb.""",neither,0.06293083577715557,0.3944585317747704,0.5426106324480741
Wooo Behind the Shield Hype,neither,0.038494962183321754,0.3128168627365432,0.6486881750801351
hmmmn,neither,0.03945320844208391,0.33037608806864915,0.630170703489267
a bit sad my gift didn't make it in this time since it said it was delivered this morning,neither,0.02824746123677831,0.33882738580016186,0.6329251529630598
@Compel_Bast LOL,neither,0.020706217963973744,0.4882283491876925,0.4910654328483337
Oooh that's a question we can answer on Below Decks,neither,0.0357737364972069,0.36046921316328445,0.6037570503395088
hrpgSub hrpgHyperHype gandsSubHype,neither,0.03945320844208391,0.33037608806864915,0.630170703489267
Made In Voyage,neither,0.03945320844208391,0.33037608806864915,0.630170703489267
@Compel_Bast Good one,neither,0.03669080839140341,0.39000308422052066,0.573306107388076
,neither,0.03945320844208391,0.33037608806864915,0.630170703489267
Crone voyage,neither,0.03945320844208391,0.33037608806864915,0.630170703489267
No way!,neither,0.03814847073940352,0.35698458620139334,0.6048669430592032
@shidareaki soo what is Dorothy favorite food and movie? I am curious!,neither,0.049415238527943356,0.27564176152746467,0.6749429999445921
SO MUCH DISCO HYPE!,neither,0.036152214462668864,0.36939573079006566,0.5944520547472656
WO,neither,0.03945320844208391,0.33037608806864915,0.630170703489267
Michael and L'Rell :D,neither,0.038398165978229315,0.2746616676741898,0.6869401663475808
awww the two science officers got to talk,neither,0.030163718809458315,0.34402748392817556,0.6258087972623662
I'm so ready to see Aliza interview those two fabulous women!,neither,0.07146968912946663,0.34760231642516715,0.5809279944453661
"""Crone"" voyage! An elderly ship just sputtering through space, yelling at the younger ships to get out of its solar system.",neither,0.03477652963118059,0.3507543285870685,0.6144691417817509
From way downtown...,neither,0.04069116224877482,0.3121526730132685,0.6471561647379566
BANG!,neither,0.03945320844208391,0.33037608806864915,0.630170703489267
