text,top_class,hate_speech,offensive_language,neither
or Dick & Johnson,offensive_language,0.0600228569100008,0.888352978465347,0.051624164624652046
Even if I did remember it would be hard for me not to express my opinions because of impulse control issues,offensive_language,0.019497998958567075,0.5035489831347743,0.4769530179066586
"Help G&S make great content! $4.99/month gets you emotes, Minecraft server access, sub-only VODs, and more! Every sub keeps the channel alive! twitch.tv/geekandsundry/subscribe",neither,0.043907990691603095,0.31135964332838284,0.644732365980014
@Pervon yup,neither,0.03945320844208391,0.33037608806864915,0.630170703489267
OH GOD WutFace,neither,0.047523175703714664,0.25506489023357065,0.6974119340627147
OMG !!!!,neither,0.03945320844208391,0.33037608806864915,0.630170703489267
Oh god that picture eogEw,neither,0.04069551712001742,0.3217227022446856,0.637581780635297
LUL,neither,0.03945320844208391,0.33037608806864915,0.630170703489267
bidet from montreal,neither,0.04062582848913359,0.31047366557575606,0.6489005059351104
"aaargh. i'd love vrv to be available in asia, but nooooo -.-",neither,0.03976204453988631,0.34604734829421496,0.6141906071658988
sweet christmas that photo,neither,0.03596995239756927,0.36819395062243776,0.595836096979993
"@ouyangwulong it's such a crazy good collection of stuff for super cheap, I was totally skeptical at first.. but I love it now.",neither,0.02516895056329052,0.3886528996099291,0.5861781498267803
Asinine Wisdom at 9pm PST with Guest Sam Riegel,neither,0.032187403600874145,0.36781099978876763,0.6000015966103583
twitch is all messed up for me :(,neither,0.033702541141501174,0.4224844926830123,0.5438129661754865
o my god they've put sam's face on all of them,neither,0.021958599792487828,0.42852984988785386,0.5495115503196584
"@jpcguy89 Anyway, it's a thing I said. And I meant it: we would rather people not speculate about what's going on behind the scenes, because it can lead to arguments and disrupt chat.",neither,0.0485191541195813,0.31559527633995144,0.6358855695404672
That picture is terrifying,neither,0.0430960289963973,0.36694168415687617,0.5899622868467266
OH DEAR GOD,neither,0.04513162236653785,0.2764389585495371,0.6784294190839252
LUL,neither,0.03945320844208391,0.33037608806864915,0.630170703489267
"I see Marisha, they gonna kick her at the beginning again?",offensive_language,0.03008939529233087,0.5364194912408354,0.4334911134668337
Everything is coming up scanlan.,neither,0.04558887271251443,0.38828110126133214,0.5661300260261535
i just pulled up VrV....i'd basically just be subbing for Alpha so it would be cheaper to sub to Alpha and just skip all the Crunchyroll and Funimation stuff I'd never watch,neither,0.03552572739274972,0.3728169091959107,0.5916573634113396
nightmare fuel,neither,0.03945320844208391,0.33037608806864915,0.630170703489267
Dear lord eogEw,neither,0.03945320844208391,0.33037608806864915,0.630170703489267
"well, i *thought* i needed more Sam in my life....I was wrong",neither,0.03274417201159216,0.35490918025194407,0.6123466477364637
"What in the ""Sam"" hill is up with the pic",neither,0.03447704712592638,0.403816800173533,0.5617061527005406
That picture is all I did and didn't need to finish my day.,neither,0.02820033039968596,0.4491788551182577,0.5226208144820562
#RiegelStrikesAgain,neither,0.03945320844208391,0.33037608806864915,0.630170703489267
Everything's coming up Sam,neither,0.03696674660476882,0.3804873873290498,0.5825458660661813
well beep beep bidet to you guys,neither,0.07929361121711613,0.394107458596242,0.5265989301866418
oh look. it's sam. and sam. and sam.. oh and theres sam,neither,0.04206404615342741,0.2579306049155726,0.7000053489310001
@KittsaKb What specifically?,neither,0.04608760383524793,0.32565139261192405,0.6282610035528281
wasn't there a free code for alpha recently? like on the last mothership? I missed what it was,neither,0.041252842097836855,0.29791644885220175,0.6608307090499613
!schedule,neither,0.03945320844208391,0.33037608806864915,0.630170703489267
Whoo,neither,0.03945320844208391,0.33037608806864915,0.630170703489267
@karategirl124 omg i didnt even notice!,neither,0.03865764184702802,0.34387892945011156,0.6174634287028604
Sampocalypse,neither,0.03945320844208391,0.33037608806864915,0.630170703489267
That's a lot of Sams,neither,0.03358401744023636,0.3947500930989767,0.5716658894607869
"Sam is also gonna be the guest on ""Asinine Wisdom"" tonight",neither,0.03969244582115581,0.34255375417598183,0.6177538000028624
Being Sam Reigel,neither,0.033415350664289994,0.3655854410107505,0.6009992083249595
"Also, Bidet from NC.",neither,0.04048244718769107,0.3129072204566142,0.6466103323556948
aaaaaaaaah,neither,0.03945320844208391,0.33037608806864915,0.630170703489267
I just started playing Pillars of Eternity and literally the third NPC you talk to is voiced by Sam. I CAN'T ESCAPE HIM AT ALL! AAAAAAAAAAAAAAAAAAAAAAAAAA,neither,0.04098550746061552,0.40168026952957303,0.5573342230098115
#Samn-Ception,neither,0.03945320844208391,0.33037608806864915,0.630170703489267
"oh god, I just realized they were all sam",neither,0.041313416602148066,0.34428334282256934,0.6144032405752826
Samception has become Samplicity,neither,0.039996440175824,0.32115602782522723,0.6388475319989486
Bidet ya'll,offensive_language,0.020730940077770262,0.6929551195008575,0.2863139404213722
Is Sam's face photoshopped onto his own head as well?,neither,0.0757457912909602,0.35755736195687543,0.5666968467521643
sams everywhere!!,neither,0.03945320844208391,0.33037608806864915,0.630170703489267
The best part is how they morphed his face for each head.,neither,0.052915979367334075,0.31492068324908573,0.6321633373835802
Bidet from AL,neither,0.04724196013466046,0.19818064482348735,0.7545773950418522
Hellow,neither,0.03945320844208391,0.33037608806864915,0.630170703489267
Bidet from Pensacola. Brb,neither,0.04069404815304118,0.30931579984010865,0.6499901520068502
sam with longer hair though. not bad,neither,0.028275000103165016,0.3631403387255769,0.6085846611712581
omg the photo,neither,0.038413026952168756,0.31126956219045837,0.6503174108573728
!clock,neither,0.03945320844208391,0.33037608806864915,0.630170703489267
It is currently Tuesday 6:47 PM at the Geek & Sundry studio in California.,neither,0.051193955390682104,0.329635589122809,0.619170455486509
yeet,neither,0.03945320844208391,0.33037608806864915,0.630170703489267
Bidet chat',neither,0.03945320844208391,0.33037608806864915,0.630170703489267
IT'S SAM MF REGAL NIGHT,neither,0.03118505806981456,0.3305330251999564,0.6382819167302289
"Sams face on Laura messed me up...than I saw Ashley, and it made all the sense. Hahaha",neither,0.031655654921596665,0.3954592251268302,0.572885119951573
they need to make that picture available so I can make it my FB banner...once my temp ban is over LOL,neither,0.029026437713615204,0.45549053068446,0.5154830316019248
Hey all!,neither,0.04285346742239823,0.46255625023407465,0.49459028234352725
lol just figured out what ya'll mean by so many sams,offensive_language,0.024436562564322476,0.6154832412897412,0.36008019614593634
"@TheDiMono As I Said, its extremely difficult if not impossible for me not to express my opinions because of impulse control issues stemming from my brain tumors. You can punish me for something thats entirely out of my control if you'd like, but thats what it boils down to",neither,0.02327995533862775,0.4715424764535865,0.5051775682077857
sdfsdgsdg that photo,neither,0.03382680777494929,0.3920283313983259,0.5741448608267249
Bidet from Louisiana,neither,0.04062582848913359,0.31047366557575606,0.6489005059351104
Bidet from the UK,neither,0.039613273355342184,0.2892653269430044,0.6711213997016535
Bidet from Texas!,neither,0.040937266849991,0.30518774380265185,0.6538749893473571
"@Kryand it was ""fangirling"" to commemorate the new show called ""Fangirling"" but idk if that code still is active",neither,0.03951307186661477,0.2913594121965968,0.6691275159367884
LUL Best Pic,neither,0.035613449770851145,0.3764741387952706,0.5879124114338783
bidet from Philadelphia,neither,0.04066490145509902,0.30981049537100724,0.6495246031738937
Samception,neither,0.03945320844208391,0.33037608806864915,0.630170703489267
Whoo! That sweet harp music. Bidet from Arkansas.,neither,0.03753589162165305,0.3465836966226251,0.6158804117557217
Bidet from MD,neither,0.04062582848913359,0.31047366557575606,0.6489005059351104
!song,neither,0.038601720699969956,0.3448280572582511,0.616570222041779
Bidet from Toronto!,neither,0.04066490145509902,0.30981049537100724,0.6495246031738937
sam's face fits on matt's body just as normally as he does on his own,neither,0.04837827635822704,0.4377073631140453,0.5139143605277277
bidet all,offensive_language,0.046917543854519406,0.6277741405869331,0.3253083155585475
Bidet from Ioway,neither,0.04228451509352876,0.2823214250720796,0.6753940598343917
Bidet from Singapore!,neither,0.04228451509352876,0.2823214250720796,0.6753940598343917
Who is on tonight?,neither,0.04263739210545923,0.3923205286799001,0.5650420792146407
Bidet from Vancouver,neither,0.04228451509352876,0.2823214250720796,0.6753940598343917
bidet from seattle,neither,0.040754399270683486,0.3082914838698526,0.650954116859464
yay finally finished my work. now I can relax with some talks machina,neither,0.024094920342387516,0.4043842272327904,0.5715208524248221
"Fort hose just joining The channel has gone live. If you cannot see the folks in the studio , please refresh.",neither,0.03565948164388291,0.3560394691232131,0.6083010492329041
Good ol' Elderscrolls,neither,0.03854578734950836,0.33068819179272685,0.6307660208577648
bidit from AR,neither,0.04228451509352876,0.2823214250720796,0.6753940598343917
"If you just watch G&S, then you won't get much out of VrV compared to Alpha, since it doesn't have live streaming.",neither,0.043633898014412864,0.42976483613557803,0.5266012658500091
Elder Scrolls music is best music.,neither,0.04440864870042485,0.3231617747926892,0.6324295765068859
Bidet,neither,0.03945320844208391,0.33037608806864915,0.630170703489267
"@jpcguy89 I'm not threatening to punish you, I'm just telling you where we're coming from, in hopes that you'll be able to keep it in mind",neither,0.08242963248334349,0.39446942232435567,0.5231009451923008
Bidet from Ontario canada,neither,0.040354386843928725,0.3150807387011266,0.6445648744549448
Bidet dear critters!,neither,0.03945320844208391,0.33037608806864915,0.630170703489267
Bidet from Minnesota,neither,0.04071751644889743,0.3089174816120565,0.6503650019390461
@dilandau87 Exactly.,neither,0.03945320844208391,0.33037608806864915,0.630170703489267
holy shit that photo is majestic,offensive_language,0.05242586054145099,0.9384364169738295,0.009137722484719368
"But there is a bunch of cool stuff beyond the anime, like cult and foreign films, and other nerdy stuff",neither,0.04511160881286307,0.3291002595875722,0.6257881315995647
"Well looks like Marisha is on lol, she's walking everywhere. Unless they boot her again",offensive_language,0.03727905033903793,0.5714318065542097,0.3912891431067524
from Kansas,neither,0.04071751644889743,0.3089174816120565,0.6503650019390461
Hi chat! How is everyone tonight?,neither,0.0385149080328281,0.38947353405055146,0.5720115579166204
don't look directly at this picture,neither,0.04020576764844418,0.3514953335438141,0.6082988988077417
Oh my; they're all sam,neither,0.05105879647657868,0.41567745857768834,0.5332637449457329
Bidet from Kansasland,neither,0.04228451509352876,0.2823214250720796,0.6753940598343917
Bidet from Seattle,neither,0.040754399270683486,0.3082914838698526,0.650954116859464
oh no this picture,neither,0.04456500329737489,0.28975189059436274,0.6656831061082624
who is on tonight?,neither,0.04263739210545923,0.3923205286799001,0.5650420792146407
gandsSCANLAN gandsSCANLAN gandsSCANLAN gandsSCANLAN gandsSCANLAN gandsSCANLAN gandsSCANLAN gandsSCANLAN,neither,0.03945320844208391,0.33037608806864915,0.630170703489267
That picture...!!!,neither,0.033546024882620686,0.3951763501502811,0.5712776249670982
Bidet from Arkansas,neither,0.04066490145509902,0.30981049537100724,0.6495246031738937
I might consider subbing after the next big schedule change. Shame Twitch doesn't allow you to do non-recurring subs.,neither,0.040067345850952785,0.3705264495063671,0.5894062046426801
The covering up of Liam's face was very well done I think in the picture. The rest not so much.,neither,0.03427047286914894,0.35764888062706734,0.6080806465037837
@GeekandSundry MY EYS,offensive_language,0.011017215557639733,0.6062201221254095,0.3827626623169507
bidet from uk,neither,0.04079557052152802,0.30759270029461827,0.6516117291838538
This music is the best,neither,0.047080270008467345,0.30247015276227657,0.650449577229256
"On The show tonight are Sam ( twitter.com/samriegel ), Marisha ( twitter.com/Marisha_Ray ) , Liam ( twitter.com/VoiceOfOBrien ) and Brian Wayne Foster ( twitter.com/BrianWFoster )",neither,0.046367697807727475,0.4005163094091559,0.5531159927831167
<3,neither,0.03945320844208391,0.33037608806864915,0.630170703489267
wth is that picture,neither,0.043291043940370554,0.36873713372551487,0.5879718223341146
@GeekandSundry TOO LATE,neither,0.039095774028857416,0.33644268289058776,0.6244615430805548
EYES*,neither,0.042704359925646626,0.2751955625633402,0.6821000775110132
Bidet from DFW,neither,0.04228451509352876,0.2823214250720796,0.6753940598343917
Bidet from Seattle!!!,neither,0.040754399270683486,0.3082914838698526,0.650954116859464
@GeekandSundry It's too late.,neither,0.037282785014334796,0.3367024623681441,0.626014752617521
"Ay-oh-Ay from Sacramento, CA",neither,0.04276340547079502,0.29430799520354584,0.6629285993256591
Bidet from Michigan!,neither,0.040769555981420263,0.3080342349327864,0.6511962090857933
oh the horror!!!,neither,0.04413283880356093,0.25735340650920674,0.6985137546872322
Amblin' around Balmora,neither,0.03945320844208391,0.33037608806864915,0.630170703489267
all the arkansas,neither,0.04024638144553675,0.3912242415853916,0.5685293769690717
Bidet from Minnesota,neither,0.04071751644889743,0.3089174816120565,0.6503650019390461
"The picture, it's sucking me in",neither,0.030200750413463054,0.35375845523245064,0.6160407943540863
Bidet from Vancouver!,neither,0.04228451509352876,0.2823214250720796,0.6753940598343917
woopsOwo am I early,neither,0.04130131100333016,0.294232522632188,0.6644661663644817
hi,neither,0.03945320844208391,0.33037608806864915,0.630170703489267
@meany_vizzini where in Mishitgan?,neither,0.043221863474757885,0.26641217675828105,0.690365959766961
:D:D:D,neither,0.03945320844208391,0.33037608806864915,0.630170703489267
Arkansas here! I am going to have nightmares of that photo.,neither,0.07171650759686442,0.355337725050784,0.5729457673523516
PDX bids bidets to one+all,neither,0.0475994037151454,0.4354085206440143,0.5169920756408403
"Bidet from Riverside, California!",neither,0.058218649711469915,0.3084304411370911,0.6333509091514389
"11 mins to go folks, make ready",neither,0.04544037356419298,0.3304312018465782,0.6241284245892288
We are all Sam now,neither,0.07191695747793965,0.3596776669427407,0.5684053755793196
@ManlyTorchic indeed,neither,0.03945320844208391,0.33037608806864915,0.630170703489267
Bidet from Seattle! Does anyone know if there are plans to put past episodes of TM on YouTube?,neither,0.034435609035559936,0.37587523314981747,0.5896891578146227
that's a lot of Sam's,neither,0.035309381489059655,0.3755005985681089,0.5891900199428315
Its all sam!!!,neither,0.034264876674225966,0.4226438509330909,0.5430912723926831
OH GOD i didnt see thee image till just now,neither,0.03966767968324602,0.31247439163024054,0.6478579286865135
yeah just a few mintues early,neither,0.021732141972457368,0.43608414523788963,0.542183712789653
OMG what is this?! :D,neither,0.06046325434402097,0.32247275116306334,0.6170639944929157
Just noticed what’s wrong with the picture 😂,neither,0.030172513711491128,0.36147728779265337,0.6083501984958555
the horror,neither,0.03833268284400528,0.3097437752947421,0.6519235418612527
"Bidet, also from Michigan",neither,0.04054442234697751,0.31185534026124617,0.6476002373917764
"oh god, that's a picture in the corner of my tv, i guess",neither,0.031616299252450436,0.37455131239122674,0.5938323883563229
#IAmSam,neither,0.03945320844208391,0.33037608806864915,0.630170703489267
"Bidet from Seattle, Washington!",neither,0.04044618987106782,0.31352260174376695,0.6460312083851653
is the screen black for anyone else? im refreshing but it hasnt changed so far,neither,0.047506896027309384,0.34100065892935905,0.6114924450433317
talks starts soon right?,neither,0.038645645336417817,0.34613706793859755,0.6152172867249847
"bidet from philly, former home of many functioning traffic lights",neither,0.040040673530042016,0.320405272364292,0.6395540541056659
Bidet from Montréal,neither,0.04228451509352876,0.2823214250720796,0.6753940598343917
Sam's face on Laura is the most amazing thing I've ever seen,neither,0.026016424187453722,0.3156340493567775,0.6583495264557689
rennyO noice,neither,0.03945320844208391,0.33037608806864915,0.630170703489267
"@GeekandSundry BibleThump NOOOOO. Wait. Okay, sure, why not!",neither,0.026526579216782316,0.44746096464764934,0.5260124561355685
Bidet Colorado,neither,0.03945320844208391,0.33037608806864915,0.630170703489267
Good evening from the east coast.,neither,0.03907105354014451,0.30528421570519465,0.655644730754661
!clock,neither,0.03945320844208391,0.33037608806864915,0.630170703489267
Texas here bidet,neither,0.11413007609617151,0.2757115459036424,0.610158378000186
It is currently Tuesday 6:50 PM at the Geek & Sundry studio in California.,neither,0.05150164484582362,0.3296059710390495,0.6188923841151269
"Oh dear gods, that is so wrong",neither,0.04852046504318552,0.3631259281706239,0.5883536067861905
Is there a current Alpha coupon code?,neither,0.0445540892677223,0.30122011572238955,0.6542257950098881
"Bidet from Sydney, Australia",neither,0.04031924518627951,0.315677184343852,0.6440035704698686
Please take a closer look at the photo if you ahve not already! ;D,neither,0.034460667096147875,0.4067023019271556,0.5588370309766965
that is disturbing on a number of levels.....,neither,0.04003059663260772,0.37018155148177423,0.589787851885618
Bidet,neither,0.03945320844208391,0.33037608806864915,0.630170703489267
That picture istrulythe unholy,neither,0.033546024882620686,0.3951763501502811,0.5712776249670982
LUL Assimilation MrDestructoid,neither,0.03945320844208391,0.33037608806864915,0.630170703489267
Bidet from Québec!,neither,0.04228451509352876,0.2823214250720796,0.6753940598343917
Bidet from Delaware,neither,0.04228451509352876,0.2823214250720796,0.6753940598343917
@GeekandSundry we were sam all along gandsSCANLAN,neither,0.041122176684094645,0.3751828677617117,0.5836949555541937
Samarisha is the scariest,neither,0.04766640742991612,0.3094440240255625,0.6428895685445215
why would you even,neither,0.039838384915714654,0.43692316818224997,0.5232384469020352
cursed image,neither,0.03945320844208391,0.33037608806864915,0.630170703489267
That is seriously the creepiest thing i've ever seen,neither,0.024915620567190197,0.33366690414282507,0.6414174752899847
Well... that is... a picture... O_o,neither,0.04417125089560373,0.3766260018107845,0.5792027472936119
"Bidet from orlando, Florida",neither,0.040412632663812495,0.31409215512822203,0.6454952122079655
like ever,neither,0.06383823490012894,0.36262107509234304,0.5735406900075279
The Riegel family reunion????,neither,0.03854819806772728,0.313817669059108,0.6476341328731647
Beep beep,neither,0.03945320844208391,0.33037608806864915,0.630170703489267
texas woooot! dallas yo!,neither,0.03959221958546247,0.4019139989731864,0.5584937814413511
Someone should use that face swapping software that being used for....things and just make EVERYONE Sam.,neither,0.017509959693751295,0.46287111755417926,0.5196189227520696
All sam,neither,0.04215988605267888,0.4366852603532215,0.5211548535940995
Bidet from England,neither,0.04071751644889743,0.3089174816120565,0.6503650019390461
I can't stop looking at this! :O,neither,0.03867493471222647,0.4478388021212831,0.5134862631664904
@BufordTea I'm a tOSU fan. Does it matter?,neither,0.025207863143657628,0.455185364334282,0.5196067725220604
Why can't I handle all this Sam?,neither,0.030807623470669423,0.4084453658787693,0.5607470106505612
that picture is horrifying,neither,0.0452679699317984,0.3859600122894031,0.5687720177787986
oh my lord they need to release a hi-res version of that picture for my background :D,neither,0.028484859734916327,0.3932235107116221,0.5782916295534615
but sam is awesome so i'll give him that,neither,0.039430817065670073,0.4015842765074698,0.55898490642686
that picture is the stuff of nightmares lol,neither,0.0344418527592663,0.40075419122282996,0.5648039560179037
InB4 they put Sam's face on everyone druing TM,neither,0.034157873981519614,0.40099632742251023,0.5648457985959703
"Bidet from Chattanooga, TN!",neither,0.040769555981420263,0.3080342349327864,0.6511962090857933
Huh... and here I thought all those faces were their natural ones.,neither,0.0921069953480541,0.20649395603090118,0.7013990486210449
Samarisha looks like Kylo Ren...,neither,0.05042447553066947,0.346281313154908,0.6032942113144224
"Sam, Sam. Sam, Sam, Sam, Sam, Baked Beans and Sam",neither,0.03926728207310599,0.3215906844584368,0.6391420334684572
I want that framed in my living room,neither,0.026143515581849294,0.4454086920434889,0.528447792374662
His face doesnt even look right on his on face when every face is his face,neither,0.06687637099484385,0.3734256057543357,0.5596980232508205
this picture is the best thing.,neither,0.045808135224748275,0.30633202663910364,0.6478598381361481
Mercer Riegel is especially disturbing :S,neither,0.0475408250830404,0.3275943858432901,0.6248647890736694
Bidet from Texas!,neither,0.040937266849991,0.30518774380265185,0.6538749893473571
"It creeps up on you to. At first you're like ""Oh, Critical Role"" then you look closer, and then you claw your eyeballs out.",neither,0.12075622299201641,0.42142128915209304,0.45782248785589064
@LilyRose28 do you mean be pleased?,neither,0.0592545470299069,0.3829100139185863,0.5578354390515069
sam liam drives a van and needs help with his sick dog.........,neither,0.04403250846086889,0.3299926658199375,0.6259748257191936
@caerdwyn :D,neither,0.03945320844208391,0.33037608806864915,0.630170703489267
Bidet from San Francisco! :),neither,0.040391840503121675,0.31444505235836057,0.6451631071385178
and if you want to stick around Sam will be a guest on Asinine Wisdom at 9pm PST tonight,neither,0.036721293880378085,0.34977750144317443,0.6135012046764474
lol,neither,0.020706217963973744,0.4882283491876925,0.4910654328483337
@JollyGreen1881 Or does Kylo Ren look like Samarisha?,neither,0.035470193229406845,0.45598110334950653,0.5085487034210867
sam mercer lol,neither,0.029540262777559372,0.4042772064154116,0.5661825308070291
so manys sams,offensive_language,0.039501631330860744,0.48329170807269783,0.4772066605964413
bidet from tejas,neither,0.04228451509352876,0.2823214250720796,0.6753940598343917
"I'm not sure what is scarier, sam's face on everyone else, or on him XD",neither,0.03573245373605382,0.4812012945717523,0.4830662516921939
GET channel_subscriptions,neither,0.03779508335914271,0.3585187980877974,0.6036861185530599
Bailey-Sam is pretty offputting,neither,0.04627096783166103,0.32803114798210886,0.6256978841862301
"Photoshop, Photoshop of Horrors....",neither,0.03945320844208391,0.33037608806864915,0.630170703489267
"@Caerdwyn Sam, Sam, Sam, Sam, Sam, Sam, Sam, Sam, WONDERFUL SAM!!!! GLORIOUS SAAAAAAM!",neither,0.03945320844208391,0.33037608806864915,0.630170703489267
All the Sam!,neither,0.04040691387712087,0.4024636247527064,0.5571294613701726
even actual sam looks like the face has been shopped on :D,neither,0.043091517443637595,0.34848115524810935,0.6084273273082529
Everybody make a constitution save DC 18,neither,0.03945320844208391,0.33037608806864915,0.630170703489267
Good morning:D,neither,0.04970930963283925,0.13564577574880146,0.8146449146183593
It looks like they cut out Sam's face to put on Sam,neither,0.0437632433704496,0.3544716390382588,0.6017651175912916
Bidet bidet all! Howd'rs from MD,neither,0.04180282852253808,0.37292607760680685,0.585271093870655
bloody Viking level 5 barbarians,neither,0.03945320844208391,0.33037608806864915,0.630170703489267
I'd make that a WIS save.,neither,0.034517974778551834,0.3843024467794032,0.5811795784420452
XD,neither,0.03945320844208391,0.33037608806864915,0.630170703489267
Hey @Dragonchrome wanna see the WiP for Iron Tusks picture?,neither,0.03504900272883403,0.30121880804451867,0.6637321892266472
To Battle!,neither,0.04892863349421662,0.3249059373607439,0.6261654291450394
Bidet from Hollanf!,neither,0.04228451509352876,0.2823214250720796,0.6753940598343917
Natural 1 BibleThump,neither,0.03945320844208391,0.33037608806864915,0.630170703489267
Oh God,neither,0.047523175703714664,0.25506489023357065,0.6974119340627147
that more will sabe i would say,neither,0.037952333583726815,0.3335073796161523,0.6285402868001209
sure @Chovexani,offensive_language,0.030544123004943555,0.5442266193377375,0.42522925765731895
Bidet from Ohio.,neither,0.040754399270683486,0.3082914838698526,0.650954116859464
Bidet all!!,offensive_language,0.046917543854519406,0.6277741405869331,0.3253083155585475
"@bawesome88 ...I mean, if we're being technical, I'm using the greeting that is also quoting Grog mangling that. So yes and no.",neither,0.029988148346032046,0.4472076698382097,0.5228041818157583
save*,neither,0.03945320844208391,0.33037608806864915,0.630170703489267
I wonder what shirt Sam will be wearing since he wasnt there for episode 5 last campaign,neither,0.042415702579105846,0.2818051761056077,0.6757791213152865
needs more sam reigel,neither,0.041448375440609156,0.3199820342948522,0.6385695902645386
mmmmm sensual eating,neither,0.03945320844208391,0.33037608806864915,0.630170703489267
Wisdom saving throw to keep away the madness,neither,0.044679741401589146,0.2986065993693302,0.6567136592290806
gandsSCANLAN,neither,0.03945320844208391,0.33037608806864915,0.630170703489267
bidet from nj,neither,0.04069404815304118,0.30931579984010865,0.6499901520068502
Bidet from St Louis MO!,neither,0.040325751892290734,0.3155667485616919,0.6441074995460174
Heyyyooo,neither,0.03945320844208391,0.33037608806864915,0.630170703489267
bidet from madison,neither,0.04071751644889743,0.3089174816120565,0.6503650019390461
Sams face... on everything ... lmao,neither,0.035141489025106096,0.3653691828926112,0.5994893280822827
Geez that's a lot of Sam for one pic,neither,0.030261651739548347,0.397605466548856,0.5721328817115956
"Guys, that picture... I need an Adult",neither,0.036307451957778514,0.3606651931370139,0.6030273549052075
"Bidet and beep beep, from another ""Seattle-ite""",neither,0.09226774542789742,0.2014227147062729,0.7063095398658298
bidet from canada!,neither,0.04071751644889743,0.3089174816120565,0.6503650019390461
Bidet to the noble land of Hollanf!,neither,0.04451421292933909,0.3128499307772112,0.6426358562934498
@birzirkir haha!,neither,0.03186685585600258,0.45913629025701075,0.5089968538869867
does everyone else know there's a freaking TESLA in space now?,neither,0.027514851203046888,0.444477135182474,0.5280080136144791
"@birzirkir you suffer from riegal fear, and cannot move closer to or attack your computer screen",neither,0.06832739647120437,0.3147880934763564,0.6168845100524394
#Sam-Ception Bwwaaaaaaaaaaa',neither,0.03945320844208391,0.33037608806864915,0.630170703489267
i just saw that picture. why,neither,0.022322471719551103,0.4077779841266428,0.569899544153806
anyone know the music playing?,neither,0.03859044977194238,0.3146095247481857,0.6468000254798719
bidet from florida,neither,0.0408948396164547,0.30590784468201904,0.6531973157015263
"With all of these ""Bidet""s every week twice a week, I'm going to actually start believing that it is a true greeting.",neither,0.041636466832646137,0.4535706553353492,0.5047928778320048
bidet from Ocala florida,neither,0.0408948396164547,0.30590784468201904,0.6531973157015263
are we still saying bidet or are we gunna try to get ayohay going?,neither,0.06921041130376773,0.3073922096396935,0.6233973790565388
I hope someone sent in a question about Sam's shirt situation :P,neither,0.05911383824879269,0.27601363861753364,0.6648725231336736
Bidet from Australia.,neither,0.04062582848913359,0.31047366557575606,0.6489005059351104
who is supposed to be on Talks tonight?,neither,0.047567325507461865,0.36837093446907504,0.584061740023463
BIDET FROM OTTAWA!!! gandsGandsPoo,neither,0.04228451509352876,0.2823214250720796,0.6753940598343917
@JollyGreen1881 YEAH,offensive_language,0.013968601452186464,0.5182923869769311,0.4677390115708824
Elder Scrolls music,neither,0.03945320844208391,0.33037608806864915,0.630170703489267
@JollyGreen1881 that was pretty great,neither,0.03307549106810279,0.3509968800929465,0.6159276288389507
bidet from california!!!,neither,0.06971251856910227,0.2972619859879888,0.633025495442909
Bidet from PA!,neither,0.04069404815304118,0.30931579984010865,0.6499901520068502
that pic better be on the bottom of his cup this week,neither,0.04682512303838714,0.39762868018874825,0.5555461967728645
@Stepp1nRaz0r Elder Scrolls,neither,0.03945320844208391,0.33037608806864915,0.630170703489267
@Stepp1nRaz0r It is Elder Scrolls music,neither,0.04598011399877037,0.3281311859525177,0.6258887000487119
bidet from canada,neither,0.04071751644889743,0.3089174816120565,0.6503650019390461
@Stepp1nRaz0r It's from one of the Elder Scrolls games. Morrowind I think.,neither,0.03814273982542355,0.32112970665548984,0.6407275535190866
Bidet Gainesville Florida!,neither,0.03945320844208391,0.33037608806864915,0.630170703489267
that...is...haunting,neither,0.05154613418987003,0.42924314326430335,0.5192107225458266
why does mercer/reigel look vaguely like justin mcelroy,neither,0.025809772394705985,0.4788594161733639,0.4953308114319301
@blaisependragon bidet is too iconic,neither,0.048154308878578404,0.3319459318005599,0.6198997593208616
omg that sam face on liam's body actually matches perfectly,neither,0.03593164621429594,0.35970800958150845,0.6043603442041956
Bidet from San Francisco!,neither,0.040391840503121675,0.31444505235836057,0.6451631071385178
"Bidet from Quebec, Canada!",neither,0.04071751644889743,0.3089174816120565,0.6503650019390461
Bidet from michigan,neither,0.040769555981420263,0.3080342349327864,0.6511962090857933
ay-yo-ay from texas,neither,0.04018911587495345,0.3615950502744324,0.5982158338506143
"@CaleoonDamen sam, sam, sam, sam, and sam.",neither,0.039190069178402946,0.31785265744107255,0.6429572733805246
"Mostly Morrowind, though",neither,0.03945320844208391,0.33037608806864915,0.630170703489267
Hello,neither,0.03945320844208391,0.33037608806864915,0.630170703489267
Bidet from SLC,neither,0.04228451509352876,0.2823214250720796,0.6753940598343917
The song is Peaceful Waters by Jeremy Soule from The Elder Scrolls III: Morrowindhttps://www.youtube.com/watch?v=7AuAv4uYcHU,neither,0.045125768960296464,0.3283828846939078,0.6264913463457956
Bidet from Emon! Kappa,neither,0.04062582848913359,0.31047366557575606,0.6489005059351104
"Oh my, that is-.. this is concerning.",neither,0.04272484679030931,0.39297368656664505,0.5643014666430458
!whodat,neither,0.03945320844208391,0.33037608806864915,0.630170703489267
"Trisha Hershberger ( twitter.com/thatgrltrish ), Kate Elliott ( twitter.com/KatersTweets ), Havana Mahoney ( twitter.com/HavanaRama ).",neither,0.03872713224564811,0.4553432531542738,0.5059296146000779
bidet from galesburg michigan lionDongers,neither,0.040769555981420263,0.3080342349327864,0.6511962090857933
Bidet from Texas!!,neither,0.040937266849991,0.30518774380265185,0.6538749893473571
bidet from Atlanta!,neither,0.04078317879478948,0.307803020237201,0.6514138009680096
that fucking picture XD,offensive_language,0.10022600879284443,0.8997187579197012,5.5233287454343977e-05
How much do we have to pay for Travis to body slam someone through the table?,neither,0.04060403898057008,0.3096682196450022,0.6497277413744278
"bidet from Ypsilanti, MI y'all!",neither,0.04324940744025782,0.3982080527344978,0.5585425398252444
Bidet from Surrey BC,neither,0.041095261662497835,0.30250615950080734,0.6563985788366947
bidet from Metamora Michigan,neither,0.040769555981420263,0.3080342349327864,0.6511962090857933
"To whom it may concern, Sam has replaced all members of Critical Role. All PCs and the position of DM will now be run by Sam Riegel. Thank you for your continued loyalty to the Samtatorship",neither,0.05855360414406724,0.34869958130240913,0.5927468145535236
oops,neither,0.03945320844208391,0.33037608806864915,0.630170703489267
Fin Sam,neither,0.03945320844208391,0.33037608806864915,0.630170703489267
"@CaleoonDamen Marisha, Sam, and Liam are the guests tonight.",neither,0.05521957588660961,0.2407965862552481,0.7039838378581422
I dont know if that photo is terrifying...or just beautiful.,neither,0.02692730079079162,0.40569745267652163,0.5673752465326868
"""Before you a group of eight individuals, each seemingly dressed in eight separate outfits. You didn't notice it at first, but all of them have the same face. I'm going to need to all to roll Wisdom saving throws.""",neither,0.050263460842068654,0.4712861347514398,0.4784504044064915
Bidet from Greece. Holy shit that photo is haunting,offensive_language,0.05334208220608364,0.9349500474025846,0.011707870391331813
h,neither,0.03945320844208391,0.33037608806864915,0.630170703489267
How do you subscribe to this channel?,neither,0.06904935941583389,0.3753432154800145,0.5556074251041516
@ignisrecipeh But thats what all adults look like though,neither,0.05349472809006905,0.40680304089040287,0.5397022310195281
XD the fricken photoshop,neither,0.038372653207642965,0.3105039192898759,0.6511234275024811
!allyourbase,neither,0.03945320844208391,0.33037608806864915,0.630170703489267
i just noticed how perfectly sam travis matches. good lord,neither,0.036698299678664885,0.3417320631758806,0.6215696371454545
Bidet from Australia,neither,0.04062582848913359,0.31047366557575606,0.6489005059351104
Bidet from northern michigan,neither,0.04037273474496936,0.3147693269362608,0.6448579383187697
Bidet from Wisconsin,neither,0.04071751644889743,0.3089174816120565,0.6503650019390461
Bidet!!,neither,0.03945320844208391,0.33037608806864915,0.630170703489267
i always pick the wrong command thingies,neither,0.04148421806903205,0.28742408085897536,0.6710917010719927
Bidet from Atlanta!,neither,0.04078317879478948,0.307803020237201,0.6514138009680096
Bidet from Phoenix!,neither,0.04066490145509902,0.30981049537100724,0.6495246031738937
Bidet from the Lone Star State,neither,0.07508363986728905,0.19079254641918522,0.7341238137135256
Specs_Avatar LUL,neither,0.03945320844208391,0.33037608806864915,0.630170703489267
WOW,neither,0.03945320844208391,0.33037608806864915,0.630170703489267
"Yee Haw from Lincoln, NE",neither,0.04022684800890725,0.3172454055812767,0.642527746409816
,neither,0.03945320844208391,0.33037608806864915,0.630170703489267
bidet everyone,offensive_language,0.02988896790634741,0.4927062106388782,0.4774048214547744
#AllYourSamAreBelongToUs,neither,0.03945320844208391,0.33037608806864915,0.630170703489267
Bidet from Kentucky!,neither,0.04071751644889743,0.3089174816120565,0.6503650019390461
Google says a bidet is part of the toilet. makes me wonder who started using it as a greeting.,neither,0.03533414295914771,0.42301792498174834,0.541647932059104
i want critical role episode with sam playing all character XD XD,neither,0.03388556357366836,0.39049058487648985,0.5756238515498417
Bidet from Earth,neither,0.040900798001632634,0.3058067153354034,0.653292486662964
Now i see it,neither,0.03715022775282394,0.33116818873225273,0.6316815835149233
bidet from Cali,neither,0.04079557052152802,0.30759270029461827,0.6516117291838538
omg that picture,neither,0.03490292346381424,0.3800148847749837,0.585082191761202
Being Sam Malkovitch,neither,0.033415350664289994,0.3655854410107505,0.6009992083249595
@specs_avatar lol,neither,0.020706217963973744,0.4882283491876925,0.4910654328483337
Bidet from North Seattle,neither,0.040441658194854284,0.3135995161158431,0.6459588256893026
looks like a comfy couch,neither,0.048356368461291245,0.34348360148598805,0.6081600300527207
"Omg, that picture!",neither,0.03490292346381424,0.3800148847749837,0.585082191761202
is it JUST sam? omg,neither,0.04096090314806122,0.34970311186610564,0.6093359849858332
Bidet from toronto,neither,0.04066490145509902,0.30981049537100724,0.6495246031738937
Eveyone is SAM,neither,0.05168731681365222,0.326168217197256,0.6221444659890917
Bidet fromottawa,neither,0.03945320844208391,0.33037608806864915,0.630170703489267
Bidet from Texas! Howdy Y’all!,neither,0.04359220329948612,0.4041574955162046,0.5522503011843093
hi everyone,neither,0.032490659208996964,0.4485487193596734,0.5189606214313296
Bidet from WV!,neither,0.04069404815304118,0.30931579984010865,0.6499901520068502
Ok... who got Sam wet and fed him after midnight?,neither,0.03832477789027048,0.3727104578281369,0.5889647642815925
Beautiful samily portrait,neither,0.03945320844208391,0.33037608806864915,0.630170703489267
!benefits,neither,0.03945320844208391,0.33037608806864915,0.630170703489267
"Benefits of subbing to G&S include: Access to exclusive emotes, access to Twitch VODs, our Minecraft server, and the ability to post links in chat! Sub now to help keep the channel alive! Thanks! http://twitch.tv/geekandsundry/subscribe",neither,0.04621534419736072,0.2735076937335903,0.680276962069049
One of us... one of us...,neither,0.11121653609102863,0.3609560450326342,0.5278274188763372
wtf is that pic,offensive_language,0.044173578228143905,0.6771177308941463,0.2787086908777098
we need a new season's greetings /(see what i did there?),neither,0.04695573381687907,0.21826357760522958,0.7347806885778914
@Specs_Avatar I'm weirdly okay with this?,neither,0.02470768334341523,0.3862534215358803,0.5890388951207043
"bidet from ontario, canada Kappa /",neither,0.04019074245894417,0.3178582109921271,0.6419510465489289
ETA for talks?,neither,0.031687910026117996,0.2916528070030392,0.6766592829708428
@gamerunknown07 Travis as Grog,neither,0.037277106537437626,0.3673102165639169,0.5954126768986455
@gamerunknown07 Grog did,neither,0.03945320844208391,0.33037608806864915,0.630170703489267
bidet form Montreal!!,neither,0.03945320844208391,0.33037608806864915,0.630170703489267
sam is so cute blonde,neither,0.04861094927860598,0.3397705434236627,0.6116185072977312
LuL,neither,0.03945320844208391,0.33037608806864915,0.630170703489267
Hey Critters! Bidet From Houston! shout out to all my #TEXBLADES in chat RN,neither,0.03467889482741905,0.4278740711594984,0.5374470340130826
that photo though hahaha,neither,0.035720453237924665,0.37094919576074575,0.5933303510013296
Hey!! I like cabbage,neither,0.06053757313813828,0.3588626604230222,0.5805997664388396
That photo is my dream,neither,0.031318871436491647,0.45000083124233886,0.5186802973211696
"BWF, show yourself! Show us thine bearded glory!",neither,0.09108405904025532,0.23178917257204512,0.6771267683876995
"@gamernerder It was a butchered version of ""Good Day"" used by Grog in the first campaign.",neither,0.03451054474793174,0.3406978432929896,0.6247916119590787
oh man is that poster going to be sold on online too???!!,neither,0.04678553752138824,0.39112999136375737,0.5620844711148543
