text,top_class,hate_speech,offensive_language,neither
I love this show so much. Let's see how quickly things derail.,neither,0.033229979139047176,0.34075972035778057,0.6260103005031723
No nothing has prepared me for this,neither,0.027236635539143395,0.37871809591008493,0.5940452685507718
@victorthenpc I post mine on Reddit so......,neither,0.03630252986643518,0.39502012828234623,0.5686773418512187
gandsSubHype gandsSCANLAN gandsSubHype gandsSCANLAN,neither,0.03945320844208391,0.33037608806864915,0.630170703489267
"@TheDiMono yes and no, though that seems in line with this show",neither,0.036630810000093494,0.31496233784955985,0.6484068521503468
your in house emo entertainer is back,neither,0.08018445225501772,0.31825405561833275,0.6015614921266496
Cus I'm don't use Twitter like most people.,offensive_language,0.033352552265962475,0.5224716445903765,0.4441758031436609
We have a subscriber-only Discord server! Join here: https://discord.gg/geekandsundry (you'll need to sub and link it to your Twitch) and be a part of the fun!...Warning: It can take up to an hour for the server to update and give you access to the channels,neither,0.08464076273808444,0.286394834032893,0.6289644032290227
So what do they talk about on Asinine Wisdom?,neither,0.026638578177691045,0.40138278533943406,0.5719786364828748
"Sam is here, that's all I say. Rails are optional for this show and non-existent at best.",neither,0.0958595232569343,0.26564148075031097,0.6384989959927546
gandsSCANLAN gandsSCANLAN gandsSCANLAN,neither,0.03945320844208391,0.33037608806864915,0.630170703489267
gandsSCANLAN gandsSubHype gandsSCANLAN gandsSubHype gandsSCANLAN gandsSubHype gandsSCANLAN gandsSubHype gandsSCANLAN gandsSubHype gandsSCANLAN gandsSubHype gandsSCANLAN,neither,0.03945320844208391,0.33037608806864915,0.630170703489267
So what actually is this show?,neither,0.07886351552544962,0.28771134654218505,0.6334251379323653
Here we go!,neither,0.13156755280784707,0.2765461283225309,0.5918863188696221
"Yeah ProjectAlpha!!! AfterDark, the only way to travel",neither,0.029157752730954285,0.40855348452558493,0.5622887627434608
here we go,neither,0.13156755280784707,0.2765461283225309,0.5918863188696221
gandsSCANLAN,neither,0.03945320844208391,0.33037608806864915,0.630170703489267
!wtfisthis,neither,0.03945320844208391,0.33037608806864915,0.630170703489267
Asinine Wisdom is where common sense and civil discourse go to die. Two idiots (Jake Bennett and Daryl Crittenden) and one unfortunate guest get to the bottom of the issues no one is talking about.,neither,0.08447096936480233,0.23498343136853395,0.6805455992666638
Yes,neither,0.03945320844208391,0.33037608806864915,0.630170703489267
XD,neither,0.03945320844208391,0.33037608806864915,0.630170703489267
@CaptainTalon447 You'll see :),neither,0.07251235515522401,0.41828794739324404,0.5091996974515319
I am so excited to be absolutely confused.,neither,0.04491497334212595,0.36590793284075274,0.5891770938171212
Please don't watch this show.,neither,0.06439956959855697,0.24857139561873845,0.6870290347827046
@PE17_Aubameyang it is awesomeness incarnate,neither,0.04677099400442381,0.32785916605229437,0.6253698399432819
Lol,neither,0.020706217963973744,0.4882283491876925,0.4910654328483337
Don't watch this show,neither,0.0699283337892747,0.2344178884428525,0.6956537777678727
@shidareAKI Too late.,neither,0.039095774028857416,0.33644268289058776,0.6244615430805548
oh dear god,neither,0.04513162236653785,0.2764389585495371,0.6784294190839252
here it goes,neither,0.10976422465072284,0.27698570732611416,0.613250068023163
their password is geekandsundry,neither,0.04870436356497252,0.32719419160459556,0.6241014448304321
-.-,neither,0.03945320844208391,0.33037608806864915,0.630170703489267
FailFish,neither,0.03945320844208391,0.33037608806864915,0.630170703489267
"Well, that's exactly the sort of thing I look forward to.",neither,0.04170601335828152,0.34376357005845315,0.6145304165832653
I'm here for Sam and Sam alone,neither,0.0602881250764272,0.26532468601756837,0.6743871889060045
Not recommended to watch this show,neither,0.0650449477071179,0.2650958240946642,0.6698592281982179
the internet is about to explode,neither,0.050791408154876865,0.3335061860598876,0.6157024057852355
Man where is Chaotic for this,neither,0.04350261163512165,0.32385242000298,0.6326449683618983
OH NO,neither,0.04751210705993949,0.26629718932274826,0.6861907036173122
Hi Sam!,neither,0.03945320844208391,0.33037608806864915,0.630170703489267
BIDET SAM,neither,0.03945320844208391,0.33037608806864915,0.630170703489267
:D Hi Sam,neither,0.03945320844208391,0.33037608806864915,0.630170703489267
lol,neither,0.020706217963973744,0.4882283491876925,0.4910654328483337
"Download the new Critical Role theme song for Campaign Two! http://itunes.apple.com/album/id1331550250?ls=1&app=itunes Sales of the song support the musician, Jason Charles Miller.",neither,0.04445767596344001,0.2510827790306858,0.7044595450058742
Hey Sam!,neither,0.03945320844208391,0.33037608806864915,0.630170703489267
SAM IS RUNNING IT,neither,0.046436209014107464,0.32797431396223153,0.625589477023661
@victorthenpc Hey at least their password isn't password,neither,0.039027617685507644,0.34335695169795055,0.6176154306165417
and so it begins,neither,0.03702075117330028,0.3334064572415291,0.6295727915851705
Sam!,neither,0.03945320844208391,0.33037608806864915,0.630170703489267
omgggggg,neither,0.03945320844208391,0.33037608806864915,0.630170703489267
Bidet sam!!,neither,0.03945320844208391,0.33037608806864915,0.630170703489267
Sam!!!,neither,0.03945320844208391,0.33037608806864915,0.630170703489267
gandsSCANLAN gandsSCANLAN gandsSCANLAN,neither,0.03945320844208391,0.33037608806864915,0.630170703489267
NOT LATE,neither,0.03754451516967241,0.33758878380158247,0.6248667010287452
the show told me to leave but i kinda dont want to,neither,0.05164139637424475,0.28946279015952076,0.6588958134662346
!whodat,neither,0.03945320844208391,0.33037608806864915,0.630170703489267
"Asinine Wisdom ( twitter.com/AsinineWisdom ), Jake Bennett ( twitter.com/jakegbennett ) and Daryl Crittenden ( twitter.com/irdaryl ) with guest Sam Riegel ( twitter.com/samriegel ).",neither,0.03530982714529335,0.4534929033462327,0.5111972695084739
The best kind of on time,neither,0.03391007483004429,0.3403420698866131,0.6257478552833428
@CaptainTalon447 I suppose,neither,0.03945320844208391,0.33037608806864915,0.630170703489267
gandsSCANLAN gandsSCANLAN gandsSCANLAN gandsSCANLAN gandsSCANLAN gandsSCANLAN gandsSCANLAN gandsSCANLAN gandsSCANLAN gandsSCANLAN gandsSCANLAN gandsSCANLAN gandsSCANLAN gandsSCANLAN,neither,0.03945320844208391,0.33037608806864915,0.630170703489267
gandsSCANLAN,neither,0.03945320844208391,0.33037608806864915,0.630170703489267
i really want to know what they bribed Sam with,neither,0.03916217154707102,0.3536352976877082,0.6072025307652208
well played,neither,0.03945320844208391,0.33037608806864915,0.630170703489267
gandsSCANLAN gandsSCANLAN gandsSCANLAN,neither,0.03945320844208391,0.33037608806864915,0.630170703489267
FrankerZ,neither,0.03945320844208391,0.33037608806864915,0.630170703489267
is this an hour long?,neither,0.04785615835555902,0.32172596491447697,0.630417876729964
lol,neither,0.020706217963973744,0.4882283491876925,0.4910654328483337
@thischarmingdevil yes it is an hour long,neither,0.04546954354505734,0.32174333001620514,0.6327871264387375
DOG,neither,0.03945320844208391,0.33037608806864915,0.630170703489267
Hiya Sam :),neither,0.03945320844208391,0.33037608806864915,0.630170703489267
theres a dog,neither,0.03945320844208391,0.33037608806864915,0.630170703489267
Im here for Sam,neither,0.07873233618457123,0.2931652573675208,0.6281024064479079
"Lol, hell yes",offensive_language,0.032721912200991826,0.8460216058640754,0.12125648193493266
thanks,neither,0.035884468650613,0.3004919205142699,0.6636236108351171
Give 'em a countdown.,neither,0.03945320844208391,0.33037608806864915,0.630170703489267
Fizz <3,neither,0.03945320844208391,0.33037608806864915,0.630170703489267
"Good sir, lay down the law!",neither,0.03826538798451111,0.3178990351131817,0.6438355769023073
@thischarmingdevil I think so,neither,0.040564643702812306,0.4056013163067219,0.5538340399904659
Does Sam even know what hes doing?,neither,0.03136939521554703,0.43572840919714095,0.5329021955873121
I Don't Know,neither,0.03945320844208391,0.33037608806864915,0.630170703489267
Hi Daryl and Jake!,neither,0.03882285958443696,0.2991538059129915,0.6620233345025716
i f-in love this show,neither,0.05695092891357811,0.24370065310843234,0.6993484179779895
feed the doggo :(,neither,0.038177557553681817,0.3067724403119299,0.6550500021343882
"Help G&S make great content! $4.99/month gets you emotes, Minecraft server access, sub-only VODs, and more! Every sub keeps the channel alive! twitch.tv/geekandsundry/subscribe",neither,0.043907990691603095,0.31135964332838284,0.644732365980014
HE'S ON TIME!!!!,neither,0.04136345295479635,0.38129734692377404,0.5773392001214296
This is so dumb i love it,neither,0.04340934204277726,0.4022366453099648,0.5543540126472581
"""Usually I'm late for things""",neither,0.033999325648025824,0.3031342670747474,0.6628664072772268
Fizz is the real star here.,neither,0.0774297027166522,0.3803177400312823,0.5422525572520654
im here for sam,neither,0.07873233618457123,0.2931652573675208,0.6281024064479079
There is a dog,neither,0.05121166480697568,0.26951742693693664,0.6792709082560876
Hi guys! Welcome to the internet,neither,0.044087960658545894,0.3154729054851167,0.6404391338563373
It's Sam's show now! MWAHAHAHAHA!!!,neither,0.05449705275992233,0.24853988730810928,0.6969630599319684
haha,neither,0.03186685585600258,0.45913629025701075,0.5089968538869867
!whodat,neither,0.03945320844208391,0.33037608806864915,0.630170703489267
"Asinine Wisdom ( twitter.com/AsinineWisdom ), Jake Bennett ( twitter.com/jakegbennett ) and Daryl Crittenden ( twitter.com/irdaryl ) with guest Sam Riegel ( twitter.com/samriegel ).",neither,0.03530982714529335,0.4534929033462327,0.5111972695084739
please more dog,neither,0.04168872984612404,0.31875483224968837,0.6395564379041876
abd my wifi isnt working,neither,0.030118580526992043,0.4015406834854871,0.5683407359875208
"came for Sam, staying for the dog.",neither,0.031133765732301966,0.2817386290564985,0.6871276052111995
Fizzy!,neither,0.03945320844208391,0.33037608806864915,0.630170703489267
Chat has object impermanence,neither,0.03995261475159916,0.32189985964956597,0.6381475255988348
#SamsEarlyNotLate,neither,0.03945320844208391,0.33037608806864915,0.630170703489267
lol,neither,0.020706217963973744,0.4882283491876925,0.4910654328483337
Space Camp shirt is topical #FalconHeavy,neither,0.046252153997693085,0.32803761892233013,0.6257102270799767
i am too high for this,neither,0.02931542781707954,0.39151236020995245,0.5791722119729681
lol Sam,neither,0.029540262777559372,0.4042772064154116,0.5661825308070291
lol,neither,0.020706217963973744,0.4882283491876925,0.4910654328483337
Poopingsam,neither,0.03945320844208391,0.33037608806864915,0.630170703489267
appropriate,neither,0.03945320844208391,0.33037608806864915,0.630170703489267
feliciaFlush feliciaFlush,neither,0.03945320844208391,0.33037608806864915,0.630170703489267
sams pooping hahah,neither,0.03945320844208391,0.33037608806864915,0.630170703489267
https://clips.twitch.tv/RudeTenderKuduHeyGuys,neither,0.03945320844208391,0.33037608806864915,0.630170703489267
Sam looks like he's ready to go skiing.,neither,0.06378016244595934,0.3416130949823806,0.59460674257166
LUL,neither,0.03945320844208391,0.33037608806864915,0.630170703489267
gandsGandsPoo,neither,0.03945320844208391,0.33037608806864915,0.630170703489267
My immersion!,offensive_language,0.011017215557639733,0.6062201221254095,0.3827626623169507
gandsGandsPoo gandsGandsPoo gandsGandsPoo gandsGandsPoo gandsGandsPoo gandsGandsPoo gandsGandsPoo gandsGandsPoo,neither,0.03945320844208391,0.33037608806864915,0.630170703489267
I already love this show wow,neither,0.050205849838730734,0.28625341368047913,0.66354073648079
"yeah, very appropriate",neither,0.025355452301206532,0.4269799693191151,0.5476645783796785
Sam always looks like that.,neither,0.043660756521375285,0.44025151922079303,0.5160877242578317
LOL,neither,0.020706217963973744,0.4882283491876925,0.4910654328483337
Sam pooping? That's appropriate.,neither,0.035967527192107315,0.3682207055366514,0.5958117672712413
lol,neither,0.020706217963973744,0.4882283491876925,0.4910654328483337
"Little show, eh?",neither,0.05615960634525726,0.25352654868369673,0.690313844971046
he's just channeling Scanlan it's fine,neither,0.038205264754839936,0.3558659479195856,0.6059287873255745
The magic pooo,neither,0.03823936441126825,0.3079604620448533,0.6538001735438785
hi,neither,0.03945320844208391,0.33037608806864915,0.630170703489267
gandsSCANLAN gandsSCANLAN gandsSCANLAN,neither,0.03945320844208391,0.33037608806864915,0.630170703489267
#Sam4WinterOlympics,neither,0.03945320844208391,0.33037608806864915,0.630170703489267
gandsGandsPoo gandsGandsPoo gandsGandsPoo gandsSCANLAN gandsSCANLAN gandsSCANLAN gandsSCANLAN,neither,0.03945320844208391,0.33037608806864915,0.630170703489267
Yes,neither,0.03945320844208391,0.33037608806864915,0.630170703489267
gandsSCANLAN,neither,0.03945320844208391,0.33037608806864915,0.630170703489267
how're those glutes sam?,neither,0.09824129045426004,0.22311675181420396,0.678641957731536
Scanlan is his real persona. He just role plays as Sam Riegel,neither,0.05305911374859437,0.4314196532218055,0.5155212330296001
And there's a dog.,neither,0.03861012253375427,0.22641231371442558,0.7349775637518201
@JeffM0307 Small but most devoted following on Twitch.,neither,0.035680634457183835,0.34488715264299485,0.6194322128998213
"Nick, thats the best way to watch",neither,0.04853836973941586,0.3073848000474374,0.6440768302131469
gandsGandsPoo gandsGandsPoo gandsGandsPoo gandsGandsPoo gandsGandsPoo gandsGandsPoo gandsSCANLAN gandsSCANLAN gandsSCANLAN gandsSCANLAN gandsSCANLAN gandsSCANLAN gandsSCANLAN,neither,0.03945320844208391,0.33037608806864915,0.630170703489267
bloo poo gandsGandsPoo gandsGandsPoo gandsGandsPoo,neither,0.03945320844208391,0.33037608806864915,0.630170703489267
"Sam, DO they have a green shirt for you?",neither,0.047707871188177695,0.32348735612127844,0.6288047726905439
Hi Sam!,neither,0.03945320844208391,0.33037608806864915,0.630170703489267
hi Sam!,neither,0.03945320844208391,0.33037608806864915,0.630170703489267
Hey Sam!,neither,0.03945320844208391,0.33037608806864915,0.630170703489267
Hi sam!,neither,0.03945320844208391,0.33037608806864915,0.630170703489267
kllk,neither,0.03945320844208391,0.33037608806864915,0.630170703489267
Hola!,neither,0.03945320844208391,0.33037608806864915,0.630170703489267
@tomservo544 Not appropriate,neither,0.03798429109608333,0.3359028173923576,0.626112891511559
Hi sam,neither,0.03945320844208391,0.33037608806864915,0.630170703489267
HI SAM,neither,0.03945320844208391,0.33037608806864915,0.630170703489267
SabaPing SabaPing SabaPing SabaPing SabaPing,neither,0.03945320844208391,0.33037608806864915,0.630170703489267
"Hello, Sam",neither,0.03945320844208391,0.33037608806864915,0.630170703489267
hello hello,neither,0.03945320844208391,0.33037608806864915,0.630170703489267
HI SAM,neither,0.03945320844208391,0.33037608806864915,0.630170703489267
stefBelle stefBelle,neither,0.03945320844208391,0.33037608806864915,0.630170703489267
Hi Sam!,neither,0.03945320844208391,0.33037608806864915,0.630170703489267
Hi!!,neither,0.03945320844208391,0.33037608806864915,0.630170703489267
HI LOVE,neither,0.03552793173564255,0.3488369627048791,0.6156351055594782
hi,neither,0.03945320844208391,0.33037608806864915,0.630170703489267
HI SAM!!!,neither,0.03945320844208391,0.33037608806864915,0.630170703489267
vibing the coffee table,neither,0.04629461815248589,0.18388727461405996,0.7698181072334542
!poll new The Big Question | Food Fight | Pee-ce and Quiet,neither,0.031650399760547,0.2879448602589167,0.6804047399805363
this is pre-recorded?,neither,0.04674684534013354,0.32926636424245603,0.6239867904174105
hi sam,neither,0.03945320844208391,0.33037608806864915,0.630170703489267
"Danoba started a new poll: ""The Big Question"" - Head to https://www.strawpoll.me/15020350 to vote!",neither,0.03330330226880974,0.3393523930847806,0.6273443046464097
Hey Sam! Was it bribery or blackmail that got you here?,neither,0.09152202633205007,0.4122779479638851,0.49620002570406485
Give the pupper pats from chat pls!,neither,0.03954537211344025,0.30559955264555505,0.6548550752410048
hi sam,neither,0.03945320844208391,0.33037608806864915,0.630170703489267
Hi Sam!,neither,0.03945320844208391,0.33037608806864915,0.630170703489267
where did you get it?,neither,0.0636744832148618,0.3653247504253006,0.5710007663598377
DOGE,neither,0.03945320844208391,0.33037608806864915,0.630170703489267
Incoming pooch,neither,0.03945320844208391,0.33037608806864915,0.630170703489267
see what happens when Brian doesn't hoard the chat?,neither,0.049168695977726044,0.3450771072357734,0.6057541967865006
Hiya Sam!,neither,0.03945320844208391,0.33037608806864915,0.630170703489267
lmao this is already amazing,neither,0.045236293373847256,0.3636383446875611,0.5911253619385917
Hiya SAM!,neither,0.03945320844208391,0.33037608806864915,0.630170703489267
DANOBA DO YOUR JOB :D,neither,0.09645323581734908,0.31414764985893134,0.5893991143237195
Peeing Quiet,neither,0.03945320844208391,0.33037608806864915,0.630170703489267
Chatsworth <3,neither,0.03945320844208391,0.33037608806864915,0.630170703489267
@Danoba <3,neither,0.03945320844208391,0.33037608806864915,0.630170703489267
"Food fight, motherfuckers!",neither,0.03945320844208391,0.33037608806864915,0.630170703489267
with the zoom,neither,0.026692188062224453,0.3539891846379351,0.6193186272998404
food fight!!,neither,0.03945320844208391,0.33037608806864915,0.630170703489267
Thanks chatsworth! xD,neither,0.035884468650613,0.3004919205142699,0.6636236108351171
Fizzy kiss!,neither,0.03945320844208391,0.33037608806864915,0.630170703489267
"We will distract, per usual",neither,0.04031113451217646,0.31581484365055323,0.6438740218372703
That's my future job,neither,0.024423086276514988,0.4640748377041885,0.5115020760192966
Sam... You da bomb!,offensive_language,0.10389499404143457,0.5108531654660262,0.3852518404925392
food fight,neither,0.03945320844208391,0.33037608806864915,0.630170703489267
#jopantomome2018,neither,0.03945320844208391,0.33037608806864915,0.630170703489267
Danoba!,neither,0.03945320844208391,0.33037608806864915,0.630170703489267
I think he misses chat.,neither,0.04472501884249921,0.3209006688723605,0.6343743122851403
DANOBA!!!!!!!!! <3,neither,0.03945320844208391,0.33037608806864915,0.630170703489267
Danoba cam!,neither,0.03945320844208391,0.33037608806864915,0.630170703489267
food fight,neither,0.03945320844208391,0.33037608806864915,0.630170703489267
food fight,neither,0.03945320844208391,0.33037608806864915,0.630170703489267
Hi @Danoba,neither,0.03945320844208391,0.33037608806864915,0.630170703489267
Fun fact: Sam is related to Maharaj Sisters folk song group from the Finger Lakes. :D,neither,0.052400994545588685,0.31117549449667053,0.6364235109577407
ince,neither,0.03945320844208391,0.33037608806864915,0.630170703489267
Heya @Leigh574 :),neither,0.03945320844208391,0.33037608806864915,0.630170703489267
food fight,neither,0.03945320844208391,0.33037608806864915,0.630170703489267
Vote in the Strawpoll,neither,0.03825713291415244,0.3083009680803734,0.6534418990054741
food fight,neither,0.03945320844208391,0.33037608806864915,0.630170703489267
food fight,neither,0.03945320844208391,0.33037608806864915,0.630170703489267
Pees and Quiet.,neither,0.03873153951850181,0.29420673463925084,0.6670617258422473
"For enough bits, G&S will go 4-D.",neither,0.03509758059505574,0.27134635115531525,0.693556068249629
"Hello everyone, haha.",neither,0.030510310441283172,0.4821604062462188,0.4873292833124979
I LOVE YOU SAM,neither,0.05753627528866802,0.4144735716221656,0.5279901530891664
We love Chatsworth!,neither,0.03385289298597004,0.36076020363390426,0.6053869033801257
hi @Ozai75,neither,0.03945320844208391,0.33037608806864915,0.630170703489267
"Hello to our hosts, Dirty Troy Baker, and Alive John Belushi",neither,0.04278185935128528,0.3047107886762854,0.6525073519724293
food fight,neither,0.03945320844208391,0.33037608806864915,0.630170703489267
food fight,neither,0.03945320844208391,0.33037608806864915,0.630170703489267
food fight,neither,0.03945320844208391,0.33037608806864915,0.630170703489267
ROYAAAAAALLL BLUE,neither,0.03945320844208391,0.33037608806864915,0.630170703489267
the pen is blue!,neither,0.04639761335865631,0.31232753038520145,0.6412748562561422
It's getting further,neither,0.033587381971450385,0.40643734496411515,0.5599752730644346
Anti-Sam,neither,0.03945320844208391,0.33037608806864915,0.630170703489267
Hullo @danoba lookin on fleek as ever,neither,0.035198248930916484,0.3728797428783149,0.5919220081907685
@Danoba looking good today friend!,neither,0.03729507136770657,0.30747461058998404,0.6552303180423094
@Danoba GET TO WORK,neither,0.050211599425636,0.3380958469398201,0.6116925536345439
Food Fight,neither,0.03945320844208391,0.33037608806864915,0.630170703489267
Peas and Quite,neither,0.038747090346849894,0.2950593204439603,0.6661935892091898
do we just vote by typing it?,neither,0.036580316129836955,0.38572849322571584,0.5776911906444471
SPAM... Peeing Quiet,neither,0.03945320844208391,0.33037608806864915,0.630170703489267
"""The Big Question"" - Head to https://www.strawpoll.me/15020350to vote!",neither,0.026852517045802878,0.39960662311786294,0.5735408598363341
Could you imagine these two guys vs Dick and Johnson.... oh man make it happen,offensive_language,0.07918193971879706,0.7251114597707043,0.19570660051049862
Food fight. I hate peas,neither,0.19403393695895277,0.24009139573257404,0.5658746673084732
,neither,0.03945320844208391,0.33037608806864915,0.630170703489267
Vote,neither,0.03945320844208391,0.33037608806864915,0.630170703489267
Peeeee,neither,0.03945320844208391,0.33037608806864915,0.630170703489267
"sam, damn i love that tie",offensive_language,0.03870263594393841,0.7709654649181636,0.1903318991378979
there's a link in chat,neither,0.03938311008829635,0.29215545140416244,0.6684614385075413
food fight,neither,0.03945320844208391,0.33037608806864915,0.630170703489267
Peas and Quiet,neither,0.03873153951850181,0.29420673463925084,0.6670617258422473
Time between food fight and the possibility of showering?,neither,0.03776979750482931,0.30790285828793007,0.6543273442072407
I love the puppy!,neither,0.03528715836971165,0.32698032091238927,0.6377325207178992
@JollyGreen1881 it's like Troy Baker cosplaying Caleb,neither,0.04617205500064059,0.3426461574157397,0.6111817875836196
"Close poll already, vote in the poll, not in chat - http://www.strawpoll.me/15020350",neither,0.033462509392352936,0.2996196293495954,0.6669178612580516
LOL,neither,0.020706217963973744,0.4882283491876925,0.4910654328483337
lol,neither,0.020706217963973744,0.4882283491876925,0.4910654328483337
peas and quiet,neither,0.03873153951850181,0.29420673463925084,0.6670617258422473
Sam looks so lost i love it,neither,0.03569727057489106,0.38239696129373874,0.5819057681313703
poor Sam,neither,0.03945320844208391,0.33037608806864915,0.630170703489267
Sam looks a little confused.,neither,0.039184686663071726,0.3349336034444863,0.6258817098924421
Wow.,neither,0.03945320844208391,0.33037608806864915,0.630170703489267
Just smile and nod.,neither,0.032757006541588155,0.30577834197970527,0.6614646514787065
lol poor sam,neither,0.031561074149826465,0.3877161114319769,0.5807228144181966
!respect,neither,0.03945320844208391,0.33037608806864915,0.630170703489267
"If you would like to share opinions on our hosts, guests or fellow viewers, please do so in a respectful manner. Don't make them feel uncomfortable.",neither,0.04843323757214918,0.39559142321184637,0.5559753392160044
Vote at http://www.strawpoll.me/15020350,neither,0.030280291206835484,0.28692470879590415,0.6827949999972605
LMAO make Sam uncomfortable ha,neither,0.03867506153037189,0.3435832719620151,0.617741666507613
Wow oh my god,neither,0.0319595781211454,0.3717181072921003,0.5963223145867542
@EdwinDrood1870 They told you not to watch,neither,0.07924544724039669,0.3824380408133241,0.538316511946279
he looks so confused,neither,0.045381428640092016,0.3774915629291621,0.5771270084307459
Never happen,neither,0.03424141202493198,0.38377961279117795,0.5819789751838901
I don't really know what this is,neither,0.05852675671024051,0.32319038663428257,0.618282856655477
"More so sam, wtf is this show",offensive_language,0.07011640877658565,0.511623333072726,0.41826025815068835
!wtfisthis,neither,0.03945320844208391,0.33037608806864915,0.630170703489267
Asinine Wisdom is where common sense and civil discourse go to die. Two idiots (Jake Bennett and Daryl Crittenden) and one unfortunate guest get to the bottom of the issues no one is talking about.,neither,0.08447096936480233,0.23498343136853395,0.6805455992666638
"seriously guys, ""pee-ce and quiet"" on this show will be AMAZING",neither,0.04616236620451405,0.2641048011285948,0.6897328326668911
none of us do,neither,0.09420828203782139,0.3188979974999083,0.5868937204622703
SAMMMMM,neither,0.03945320844208391,0.33037608806864915,0.630170703489267
<<first timer,neither,0.02604892428726219,0.3349864360510187,0.6389646396617191
I think we are all confused lol,neither,0.05814212098580217,0.4119243647423027,0.5299335142718951
@AnotherMatt none of us know what it is. just go with it.,neither,0.06355583215505671,0.37065628630995673,0.5657878815349865
Its meant to confuse,neither,0.039362036150287424,0.3289543101400765,0.6316836537096361
I think this is the first time sam has encountered this show. lol,neither,0.042045282908863855,0.31067869084237976,0.6472760262487564
lol,neither,0.020706217963973744,0.4882283491876925,0.4910654328483337
,neither,0.03945320844208391,0.33037608806864915,0.630170703489267
@GeekandSundry FOOD FIGHT OR BUST,neither,0.03945320844208391,0.33037608806864915,0.630170703489267
Welcome to the chaos @DiamondHeartJoy,neither,0.04484640386526863,0.3118104864371465,0.6433431096975849
oh no,neither,0.04751210705993949,0.26629718932274826,0.6861907036173122
gandsSubHype gandsSubHype gandsSubHype gandsSubHype gandsSubHype gandsSubHype gandsSubHype gandsSubHype gandsSubHype gandsSubHype gandsSubHype gandsSubHype gandsSubHype,neither,0.03945320844208391,0.33037608806864915,0.630170703489267
<<< second timer,neither,0.03945320844208391,0.33037608806864915,0.630170703489267
we have Sam and a puppy - this show is wonderful,neither,0.05471250369234884,0.259459166854276,0.685828329453375
Oh god,neither,0.047523175703714664,0.25506489023357065,0.6974119340627147
LUL,neither,0.03945320844208391,0.33037608806864915,0.630170703489267
Food fightttt,neither,0.03945320844208391,0.33037608806864915,0.630170703489267
@GeekTheNoble *,neither,0.03945320844208391,0.33037608806864915,0.630170703489267
WTF?!,offensive_language,0.04410695246022759,0.7898861884776351,0.16600685906213722
o.o,neither,0.03945320844208391,0.33037608806864915,0.630170703489267
Pees,neither,0.03945320844208391,0.33037608806864915,0.630170703489267
just don't think,neither,0.032944698664466344,0.35085961600281557,0.6161956853327181
gassyFP gassyFP gassyFP,neither,0.03945320844208391,0.33037608806864915,0.630170703489267
WutFace,neither,0.03945320844208391,0.33037608806864915,0.630170703489267
i dont know whars happening,neither,0.03945320844208391,0.33037608806864915,0.630170703489267
i think i love this shot,neither,0.03657085635825656,0.33742017230473204,0.6260089713370115
oh lawd,neither,0.045695983327835026,0.2713197213800484,0.6829842952921167
lol wtf xD,offensive_language,0.031162530387327435,0.7876633485558594,0.181174121056813
Hahaha,neither,0.03945320844208391,0.33037608806864915,0.630170703489267
Oh,neither,0.051363287716059566,0.22255663153133606,0.7260800807526044
what the fuck is going on,offensive_language,0.2158800072299479,0.7839826607573718,0.00013733201268039256
Beautiful,neither,0.03945320844208391,0.33037608806864915,0.630170703489267
LUL LUL LUL LUL,neither,0.03945320844208391,0.33037608806864915,0.630170703489267
"Well, that's a twist in the JFK story...",neither,0.03610978430421668,0.34836066358509277,0.6155295521106907
Food Fight!,neither,0.03945320844208391,0.33037608806864915,0.630170703489267
Wtfffffff,neither,0.03945320844208391,0.33037608806864915,0.630170703489267
Hmmm very interesting video this time around,neither,0.04241370152252988,0.28012879422221715,0.6774575042552531
pardon me?,neither,0.018491955366437673,0.460246435692358,0.5212616089412043
Uuuummmmmm.....,neither,0.03945320844208391,0.33037608806864915,0.630170703489267
Why!?!,neither,0.016768318525353994,0.3685911158159394,0.6146405656587067
wow did not know that Kappa,neither,0.035330792603116924,0.3680836018767193,0.5965856055201638
*slow clap*,neither,0.03945320844208391,0.33037608806864915,0.630170703489267
no ummmm,neither,0.03848957175417732,0.3467315175537778,0.6147789106920449
It's best to go into the show with your brain turned off.,neither,0.06632611734613922,0.28081720910992414,0.6528566735439366
What the,neither,0.052193750385548,0.28272826532966666,0.6650779842847853
Nice!,neither,0.03945320844208391,0.33037608806864915,0.630170703489267
oh god NotLikeThis,neither,0.047523175703714664,0.25506489023357065,0.6974119340627147
@DuhMinja I think this is the first time Sam has encountered anything other than CT and TM on GnS,neither,0.036915039794019285,0.31589617820708077,0.6471887819989
It’s true,neither,0.037160064422042796,0.331164805450642,0.6316751301273151
daryl has anyone ever told you that you look like lee harvey oswald?,neither,0.07069790482956773,0.42918756352797743,0.5001145316424548
i think thats the point,neither,0.03901920926013264,0.30141992598812634,0.659560864751741
I am just as confused as Sam looks like he is. LOL!,neither,0.04301114291689431,0.42841760329829337,0.5285712537848124
i'm so confused,neither,0.0394086540807396,0.39729109553195247,0.5633002503873079
LUL + WutFace,neither,0.03945320844208391,0.33037608806864915,0.630170703489267
lol,neither,0.020706217963973744,0.4882283491876925,0.4910654328483337
All true,neither,0.042644751138033545,0.45476648381814655,0.5025887650438199
Huu,neither,0.03945320844208391,0.33037608806864915,0.630170703489267
Is this from those declassified JFK files?,neither,0.06685790190655212,0.26284330943188206,0.6702987886615657
Awkward...,neither,0.03945320844208391,0.33037608806864915,0.630170703489267
My god lol,offensive_language,0.017085335893903236,0.529531946671755,0.4533827174343417
I think we got higher production value but less accurate as compared to last week,neither,0.03943134608664575,0.3717617081300215,0.5888069457833327
TheIlluminati,neither,0.03945320844208391,0.33037608806864915,0.630170703489267
I came her for Sam and am staying because I do not know what I am watching and want to find out...,neither,0.03592972908854178,0.3338024106030808,0.6302678603083773
"That was a shot there, Daryl",neither,0.0361300625501665,0.33113407410874496,0.6327358633410884
NotLikeThis,neither,0.03945320844208391,0.33037608806864915,0.630170703489267
@CassieBanks same here hahah,neither,0.09184792777835689,0.29779008994133743,0.6103619822803057
This is fucking amazing,offensive_language,0.13342711723750578,0.8662869341818283,0.0002859485806658033
"I've been told to just go with it but im still very confused. However, there is a dog and Sam Riegel so im happy",neither,0.02458218311121709,0.3705162204378688,0.604901596450914
@Deathstar_Taco very true. lol,neither,0.030898271059599455,0.39305464938546264,0.576047079554938
Just why?,neither,0.015795530696131373,0.4003273385483301,0.5838771307555385
pooMeh,neither,0.03945320844208391,0.33037608806864915,0.630170703489267
lolz,neither,0.03945320844208391,0.33037608806864915,0.630170703489267
"Wow, this is awful",neither,0.04783439754961087,0.3290818407066453,0.6230837617437437
This is like watching a japanese game show with Croatian subtitles. I do not speak japanese nor do I read Croatian.,neither,0.049626658776040014,0.30011181424598743,0.6502615269779726
I am glad that was covered,neither,0.03586295475765927,0.36832423880826565,0.5958128064340751
Thats a good dog,neither,0.0386752150903488,0.3306436756576648,0.6306811092519865
Wisdom*,neither,0.03945320844208391,0.33037608806864915,0.630170703489267
@Ayrexen Right? haha,neither,0.032280110213328723,0.45528680652907066,0.5124330832576005
my brain was on. Now it's dead.,neither,0.026307978075373516,0.42177396178551146,0.551918060139115
First time they've had enough viewers to be nervous it looks,neither,0.024160653036824513,0.33123458257730004,0.6446047643858754
And Jack Ruby was the barber! :O,neither,0.03821828344029446,0.29212012452410363,0.6696615920356019
I love this,neither,0.033354624610487035,0.36213039408674813,0.6045149813027648
Agreed,neither,0.03945320844208391,0.33037608806864915,0.630170703489267
Squid1 TheIlluminati Squid2 Squid4,neither,0.03945320844208391,0.33037608806864915,0.630170703489267
Turned off? Seems like its best watch with your brain shot through,neither,0.05301763063807841,0.3528562938738373,0.5941260754880843
BOO,neither,0.03945320844208391,0.33037608806864915,0.630170703489267
sam i trusted you :(,neither,0.057345219199236,0.38055307080928075,0.5621017099914832
"Daryl, Where is Larry and your other brother?",neither,0.06900433456157472,0.2721684278911364,0.6588272375472889
Star Wars!!,neither,0.03945320844208391,0.33037608806864915,0.630170703489267
This is amazing,neither,0.050638740814203484,0.3285866302672563,0.6207746289185402
LUL,neither,0.03945320844208391,0.33037608806864915,0.630170703489267
GATE,neither,0.03945320844208391,0.33037608806864915,0.630170703489267
"If your brains are currently on. Please, turn them off asap...",neither,0.06620544014208721,0.33465107298221247,0.5991434868757003
cocaine he means,neither,0.045033631388113456,0.328456724723853,0.6265096438880334
Coke,neither,0.03945320844208391,0.33037608806864915,0.630170703489267
!whodat,neither,0.03945320844208391,0.33037608806864915,0.630170703489267
"Asinine Wisdom ( twitter.com/AsinineWisdom ), Jake Bennett ( twitter.com/jakegbennett ) and Daryl Crittenden ( twitter.com/irdaryl ) with guest Sam Riegel ( twitter.com/samriegel ). Frequent cameos by Chatsworth ( twitter.com/Pestis007 ).",neither,0.03611482550174725,0.47091247623885596,0.49297269825939677
gandsSubHype gandsSubHype,neither,0.03945320844208391,0.33037608806864915,0.630170703489267
I don't think i'm drunk enough to know what is going on here,neither,0.09711695497501903,0.3138612900251643,0.5890217549998168
"Sam Riegel, noted coke fiend",neither,0.03945320844208391,0.33037608806864915,0.630170703489267
STARGATE,neither,0.03945320844208391,0.33037608806864915,0.630170703489267
#teamguest,neither,0.03945320844208391,0.33037608806864915,0.630170703489267
I feel like this show is channeling Matthew McConaughey,neither,0.07629187732030264,0.2737655587365244,0.6499425639431728
@lougubrius Croation Subtitles? LOL!!!,neither,0.020706217963973744,0.4882283491876925,0.4910654328483337
FALSE,neither,0.03945320844208391,0.33037608806864915,0.630170703489267
sprite,neither,0.03945320844208391,0.33037608806864915,0.630170703489267
It's already lubed,neither,0.035259808131875646,0.36241483069101227,0.6023253611771121
#teamchat,neither,0.03945320844208391,0.33037608806864915,0.630170703489267
WutFace Soda,neither,0.03945320844208391,0.33037608806864915,0.630170703489267
From the home of Coke,neither,0.039583972339764906,0.2961489700840189,0.6642670575762163
Stargate SG-1!,neither,0.03945320844208391,0.33037608806864915,0.630170703489267
"true story, originally from florida, everything is coke",neither,0.04503502230184274,0.31774667840060206,0.6372182992975551
pop,neither,0.04198645609464157,0.2873802641551968,0.6706332797501617
#teamguest,neither,0.03945320844208391,0.33037608806864915,0.630170703489267
#teamdog,neither,0.03945320844208391,0.33037608806864915,0.630170703489267
"OMG, Sam... RUN!!!!",neither,0.03945320844208391,0.33037608806864915,0.630170703489267
I dislike Coke I'd rather drink Dr. Pepper,neither,0.03945320844208391,0.33037608806864915,0.630170703489267
Its still the south,neither,0.031218966240895693,0.33112899758035086,0.6376520361787533
No...,neither,0.036918905254960256,0.37338982715841207,0.5896912675866277
"Yesterday was leg day. I ended up going up and down a lot, and now my butt hurts.",neither,0.03171955738962543,0.4106747005448621,0.5576057420655124
Huntsville represent!,neither,0.03945320844208391,0.33037608806864915,0.630170703489267
Also #teamdog,neither,0.03945320844208391,0.33037608806864915,0.630170703489267
no its not all called coke - South Carolina,neither,0.03501942870831821,0.39222603667214284,0.572754534619539
tea,neither,0.03945320844208391,0.33037608806864915,0.630170703489267
#TeamChatsworth,neither,0.03945320844208391,0.33037608806864915,0.630170703489267
We have Golden Flake in TN too. :P,neither,0.03881723617215042,0.3411701972447857,0.6200125665830639
Haha Mello Yellow,neither,0.01104255721746489,0.05285627719790804,0.9361011655846272
mello yello means the south,neither,0.038840475451359456,0.31925359277083387,0.6419059317778067
I'm from Honduras.. so I know noone knows where that is.,neither,0.04488894532161367,0.35720160561632,0.5979094490620663
"The real question is, do you have RC?",offensive_language,0.05688207610829374,0.49199843270038035,0.45111949119132594
Indeed @CassieBanks,neither,0.03945320844208391,0.33037608806864915,0.630170703489267
I have never met anyone who calls it all coke and Ive been in the South all my life,offensive_language,0.03013564594942434,0.49904480224203873,0.47081955180853696
Gulf Shores here!,neither,0.09364123505225529,0.28810195686813106,0.6182568080796136
Pop,neither,0.04198645609464157,0.2873802641551968,0.6706332797501617
"I prefer Sprite, but between those two, have to go with Coke.",neither,0.04765513140072141,0.3153405520532262,0.6370043165460525
#teampop,neither,0.03945320844208391,0.33037608806864915,0.630170703489267
I drink pop,neither,0.04121736562197442,0.3004337366425488,0.6583488977354768
@TheDiMono that's how you know you did a good job :),offensive_language,0.07083376414716802,0.47660080755196127,0.45256542830087065
its sodypop,neither,0.02700859978372578,0.3346563596412867,0.6383350405749875
lol,neither,0.020706217963973744,0.4882283491876925,0.4910654328483337
hahaha pop,neither,0.04122259794135693,0.3003449305273622,0.6584324715312809
fizzy drink,neither,0.03945320844208391,0.33037608806864915,0.630170703489267
I'm canadian... so we call it POP,neither,0.03929650366538797,0.3517780377558763,0.6089254585787357
#teampop #teamcanada,neither,0.03945320844208391,0.33037608806864915,0.630170703489267
"@Ductaper come on up to the mountains of NC, everything's coke here (unless it's heroin)",neither,0.06326617239695123,0.3513659394740606,0.5853678881289881
#teampop,neither,0.03945320844208391,0.33037608806864915,0.630170703489267
Pop,neither,0.04198645609464157,0.2873802641551968,0.6706332797501617
pop is a western NY thing,neither,0.04694818016735173,0.3097673321102205,0.6432844877224277
Pop 4 life,neither,0.036593647783795494,0.3796733178235724,0.5837330343926322
EW,neither,0.03945320844208391,0.33037608806864915,0.630170703489267
