text,top_class,hate_speech,offensive_language,neither
lol nice @FuffyButt,neither,0.02800779621733344,0.4174226989041296,0.554569504878537
!waffles,neither,0.03945320844208391,0.33037608806864915,0.630170703489267
"Yay, I'm officially an old fart!",neither,0.0396872495690549,0.3264037993452821,0.633908951085663
"Yes, please!",neither,0.03945320844208391,0.33037608806864915,0.630170703489267
Hi,neither,0.03945320844208391,0.33037608806864915,0.630170703489267
HI!,neither,0.03945320844208391,0.33037608806864915,0.630170703489267
"So what was Amy doing? Also, how's book club/Literarmy?",neither,0.042891033108320153,0.3585699977622967,0.598538969129383
jcvimHi Trish jcvimHi Kate,neither,0.03945320844208391,0.33037608806864915,0.630170703489267
Hi Trisha and Kate!,neither,0.03869401354372475,0.29213104977327864,0.6691749366829968
We have a subscriber-only Discord server! Join here: https://discord.gg/geekandsundry (you'll need to sub and link it to your Twitch) and be a part of the fun!...Warning: It can take up to an hour for the server to update and give you access to the channels,neither,0.08464076273808444,0.286394834032893,0.6289644032290227
hrpgHeyo Trish hrpgHeyo Kate,neither,0.03945320844208391,0.33037608806864915,0.630170703489267
Hi Trisha and Kate!,neither,0.03869401354372475,0.29213104977327864,0.6691749366829968
Kate!,neither,0.03945320844208391,0.33037608806864915,0.630170703489267
Hello shishWW,neither,0.03945320844208391,0.33037608806864915,0.630170703489267
"Amy was playing Dream Daddy, book club starts on Thursday.",neither,0.037853924651869736,0.3387630059258784,0.6233830694222519
Hi Trish and Kate,neither,0.03869401354372475,0.29213104977327864,0.6691749366829968
I <3 Kate!,neither,0.03945320844208391,0.33037608806864915,0.630170703489267
Did my resubscription message show up? My chat wasn't working properly,neither,0.032015596358107995,0.41909002439068965,0.5488943792512024
how does this channel have 120k subs,neither,0.02843461340741695,0.4358590483831536,0.5357063382094295
It's a Kate!,neither,0.037770165237438216,0.33095496380368705,0.6312748709588748
Dream Daddy. Fun!,neither,0.03945320844208391,0.33037608806864915,0.630170703489267
Wheres Erika?,neither,0.03945320844208391,0.33037608806864915,0.630170703489267
@jpcguy89 it did.,neither,0.03679680055061391,0.33128974855371013,0.631913450895676
Monster Hunter World is all consuming and good.,neither,0.04562216413481718,0.3476726364180129,0.6067051994471699
@jpcguy89 it did and congrats on 3 yrs,neither,0.03531534766279936,0.3082174435227514,0.6564672088144494
"Download the new Critical Role theme song for Campaign Two! http://itunes.apple.com/album/id1331550250?ls=1&app=itunes Sales of the song support the musician, Jason Charles Miller.",neither,0.04445767596344001,0.2510827790306858,0.7044595450058742
"I'm super addicted to Monster Hunter World, I'm 80 hours into it.",neither,0.04220622642208613,0.3285336221763987,0.6292601514015153
Thanks! gandsLessthanthree,neither,0.035884468650613,0.3004919205142699,0.6636236108351171
Is Monster Hunter on PC?,neither,0.043052420181257316,0.3383448834162512,0.6186026964024915
So whole episode will be customizing kitty character. :p,neither,0.04080859011824118,0.3479987759034385,0.6111926339783202
I got $1311.00 back in taxes hooray. I'm flaunting catch another GameEngine live. bday1 bday1 bday1 bday1 bday1 bday1 bday1 bday1 bday1 bday1 bday1 bday1 bday1 bday1 bday1 bday1 bday1 bday1 bday1 bday1 bday1 bday1 bday1 bday1 bday1 bday1 bday1 bday1 bday1 bday1 bday1 bday1 bday1 bday1 bday1 bday1 bday1 bday1 bday1 bday1 bday1 bday1 bday1 bday1 bday1,neither,0.07370263986618404,0.3094700110234002,0.6168273491104157
!respect,neither,0.03945320844208391,0.33037608806864915,0.630170703489267
"If you would like to share opinions on our hosts, guests or fellow viewers, please do so in a respectful manner. Don't make them feel uncomfortable.",neither,0.04843323757214918,0.39559142321184637,0.5559753392160044
RIGGED! :P,neither,0.03945320844208391,0.33037608806864915,0.630170703489267
Monster Hunter World won't come to PC until later this year. For now it's only on PS4 and XBone.,neither,0.03663031025627855,0.3168224295405983,0.6465472602031233
Fladers!,neither,0.03945320844208391,0.33037608806864915,0.630170703489267
What is Twitch? Is it edible?,neither,0.06129151261416647,0.32095773278393425,0.6177507546018992
Woohoo! Kate is hosting today!,neither,0.043673174491337806,0.3138250003272003,0.6425018251814619
Trish made a tiny human?,neither,0.18485965004765612,0.17492701882960607,0.6402133311227378
gandsGandsModAlert gandsGandsModAlert gandsGandsModAlert,neither,0.03945320844208391,0.33037608806864915,0.630170703489267
samuHype samuHi,neither,0.03945320844208391,0.33037608806864915,0.630170703489267
gandsGandsModAlert gandsGandsModAlert,neither,0.03945320844208391,0.33037608806864915,0.630170703489267
"I'm playing ""The Blade of Galadriel"" DLC for Shadow of War, and it is SO GOOD!",neither,0.038147775727328005,0.3071771333377965,0.6546750909348754
can someone please link me to twitch?,neither,0.038617337106545864,0.35249716743230086,0.6088854954611532
yay mods are awake,neither,0.06402822380987461,0.28735408650472677,0.6486176896853986
switch sales PogChamp,neither,0.03945320844208391,0.33037608806864915,0.630170703489267
i hear a lot of men become lamer when they make a tiny human,neither,0.10070333167709579,0.25895661663612946,0.6403400516867747
Hooray for Nintendo being good again!,neither,0.02900970185020459,0.35422490580743426,0.6167653923423612
gandsLessthanthree gandsGandsModAlert,neither,0.03945320844208391,0.33037608806864915,0.630170703489267
hello Mods so happy for you to be here,neither,0.11321969328646722,0.3394677302916703,0.5473125764218626
"Laura Bailey does a great job as Eltariel, and the Light of Galadriel abilities make for some fun combat.",neither,0.022958055043516543,0.374978408618337,0.6020635363381465
@Jndogss SHOPPING SPREEEEE,neither,0.03945320844208391,0.33037608806864915,0.630170703489267
Yea,neither,0.03908133164861177,0.3366878077749653,0.624230860576423
"@Severian I'm trying, it just keeps refreshing my page Kappa",neither,0.028151408218584285,0.40423358405056686,0.5676150077308488
gandsLessthanthree,neither,0.03945320844208391,0.33037608806864915,0.630170703489267
The Switch is so good. I just got one last week.,neither,0.03870710938975116,0.4232605076666244,0.5380323829436245
"While they are beautiful women, little class no.",neither,0.06865853426552031,0.36357797242376483,0.5677634933107149
kate was made for news,neither,0.034412223549199664,0.3072917344972372,0.6582960419535631
$20 a month,neither,0.03945320844208391,0.33037608806864915,0.630170703489267
thats...alot,neither,0.03945320844208391,0.33037608806864915,0.630170703489267
nice reading kaate,neither,0.03945320844208391,0.33037608806864915,0.630170703489267
20$/mo. ?! wtf to have psplus?,offensive_language,0.04819049719673803,0.5569265489880483,0.39488295381521354
"Switch ""switch online"" online",neither,0.03945320844208391,0.33037608806864915,0.630170703489267
$20 yearly.,neither,0.03945320844208391,0.33037608806864915,0.630170703489267
weak...,neither,0.03945320844208391,0.33037608806864915,0.630170703489267
$20 a year,neither,0.03945320844208391,0.33037608806864915,0.630170703489267
A year,neither,0.03945320844208391,0.33037608806864915,0.630170703489267
not a month,neither,0.03758512424512532,0.3374324824869341,0.6249823932679407
Kate is a natural.,neither,0.04726788310108653,0.32768826310680305,0.6250438537921104
"she said month, but 20$/year is oke then",neither,0.044160573249396005,0.4048436708365355,0.5509957559140686
heya @jpcguy89 and @Paladin356 !,neither,0.03763944115734239,0.1918412352459551,0.7705193235967025
Greetings Programs!!!,neither,0.03945320844208391,0.33037608806864915,0.630170703489267
#sundrycraft gandsGnSMinesCrafts,neither,0.03945320844208391,0.33037608806864915,0.630170703489267
The writing tonight is 10/10,neither,0.04242496164580368,0.30278299696509564,0.6547920413891007
Take as long as you need to Rockstar. RDR series is very worth the wait.,neither,0.05332844834045438,0.37465765464582823,0.5720138970137173
Horse puns,neither,0.03945320844208391,0.33037608806864915,0.630170703489267
Flynn lives!,neither,0.03945320844208391,0.33037608806864915,0.630170703489267
Who are the hosts of this entertaining program?,neither,0.06077167221862121,0.33141460681335183,0.607813720968027
!whodat,neither,0.03945320844208391,0.33037608806864915,0.630170703489267
"Trisha Hershberger ( twitter.com/thatgrltrish ), Kate Elliott ( twitter,com/KatersTweets )",neither,0.038759329462448866,0.4481823681397867,0.5130583023977643
XD,neither,0.03945320844208391,0.33037608806864915,0.630170703489267
:-),neither,0.03945320844208391,0.33037608806864915,0.630170703489267
jcvimHi Mario,neither,0.03945320844208391,0.33037608806864915,0.630170703489267
It's-a Chief Mario,neither,0.037538547942619474,0.3310346276123258,0.6314268244450547
Oh dear,neither,0.0461327075271576,0.2673899063118408,0.6864773861610016
"Nightbot, you're drunk. Get your punctuation right.",neither,0.11131445798770372,0.35491373113345565,0.5337718108788407
"wait, $20 a year is actually a steal",neither,0.04595225203709712,0.3281407689587642,0.6259069790041387
Ron Jeremy?!?,neither,0.03945320844208391,0.33037608806864915,0.630170703489267
LOL!! CHIEF!,neither,0.029869404313338878,0.4015213065569965,0.5686092891296647
bring out Luigi!,neither,0.03264040007621476,0.35722371821688365,0.6101358817069016
Also Hello Everyone <3,neither,0.03363627468391578,0.4291046349321582,0.5372590903839258
hey tsunamikitchen,neither,0.03945320844208391,0.33037608806864915,0.630170703489267
yeah chief,neither,0.021811647376652924,0.45458213650903423,0.5236062161143128
Fake Italian. Not enough hand talking,neither,0.03846123292152762,0.33409087884303645,0.6274478882354358
it's hard to tell which part of italy he comes from 🤔,neither,0.039627895234497126,0.4678267394004829,0.4925453653650198
haHAA,neither,0.03945320844208391,0.33037608806864915,0.630170703489267
danny devito as mario Kappa,neither,0.037752913589162516,0.35923452913869136,0.6030125572721463
!whodat,neither,0.03945320844208391,0.33037608806864915,0.630170703489267
"Trisha Hershberger ( twitter.com/thatgrltrish ), Kate Elliott ( twitter,com/KatersTweets ), Mario aka Chief aka Zach Wilson ( twitter.com/ThatZachWilson ).",neither,0.03880382944906993,0.43873079276452476,0.5224653777864052
LorinatiDC but its Mario,neither,0.024497502456628684,0.35177127803858965,0.6237312195047816
Lol true perhaps,neither,0.03187825525156882,0.3851926592144955,0.5829290855339357
Might want to replace that comma in Kate's twitter.,neither,0.04077644756267648,0.4341972372952195,0.525026315142104
Lets have a Princess Peach movie also played by Ryan Renolds,neither,0.04080984621764739,0.34860942675681583,0.6105807270255367
....that actually worked pretty well,neither,0.036117148534389645,0.36657108167942803,0.5973117697861824
I mean if Keira Knightley can be Cable... Kappa,neither,0.026902154535723116,0.37024321867823207,0.6028546267860448
wtf am i watching,offensive_language,0.0424462327843136,0.6111388080312614,0.34641495918442505
idk,neither,0.03945320844208391,0.33037608806864915,0.630170703489267
!wtfisthis,neither,0.03945320844208391,0.33037608806864915,0.630170703489267
!wtfisthis,neither,0.03945320844208391,0.33037608806864915,0.630170703489267
"Welcome to #GameEngine! We'll be discussing the latest gaming news, showcasing new games, and interviewing people in the gaming industry!",neither,0.05363492194748562,0.26739386076077604,0.6789712172917384
FadesAwayInTheSmoke awesomeness!,neither,0.03945320844208391,0.33037608806864915,0.630170703489267
He's a mushroom.,neither,0.045841453576720426,0.3281788776300179,0.6259796687932617
im leaving lmao,neither,0.03732822216725634,0.38654023032746243,0.5761315475052813
Just let Deadpool wear a Princess Peach dress in the next movie ^^,neither,0.026652599579471616,0.3375469019174142,0.6358004985031143
not a bad imitation at all tho,neither,0.030634111556868987,0.47292626272608135,0.49643962571704964
someone please play a clip of The Super Mario Bros. Super Show,neither,0.046831444753709976,0.2803201731741944,0.6728483820720956
"FadesAwayInTheSmoke ok, see ya later",offensive_language,0.025602848474634645,0.5785691132673302,0.3958280382580352
"Daniel Day Lewis would be a bad idea, his method acting would lead to some bad things",neither,0.04492403655022266,0.3277157777969511,0.6273601856528263
Lookin' good Kate,neither,0.03883927415772029,0.33058724822136837,0.6305734776209114
Oh. It unhosted Amy. I wonder when.,neither,0.03367795455614939,0.3302517742868782,0.6360702711569725
Kate looks good in hats,neither,0.03894896053470599,0.33054952204658805,0.6305015174187061
That is actually a good look on Kate. :D,neither,0.04104335862577676,0.3728150683944023,0.586141572979821
YAY Chief Mario,neither,0.03945320844208391,0.33037608806864915,0.630170703489267
Kate keep the hat!,neither,0.03867183847931832,0.3161289367340159,0.6451992247866658
KonCha,neither,0.03945320844208391,0.33037608806864915,0.630170703489267
You missed all our resub notifications? But I hit 3 years! BibleThump,neither,0.049729954004696826,0.4275401051247197,0.5227299408705836
The future is now people sodaS,neither,0.0896448191063515,0.3028500833483384,0.6075050975453101
"Fighting game tournaments are huge in Japan, but much like the US they are done by the community more than any specific entity.",neither,0.08656861176533691,0.28670341943734423,0.626727968797319
congratz on 3 years :) @jpcguy89,neither,0.034835091083387566,0.35294141445286376,0.6122234944637487
!respect @duplicity2554,neither,0.03945320844208391,0.33037608806864915,0.630170703489267
"If you would like to share opinions on our hosts, guests or fellow viewers, please do so in a respectful manner. Don't make them feel uncomfortable.",neither,0.04843323757214918,0.39559142321184637,0.5559753392160044
There are no chicks here.,neither,0.1432667238506662,0.21147174356335421,0.6452615325859796
Thanks PipersTwin !,neither,0.035884468650613,0.3004919205142699,0.6636236108351171
"Congrats jpc, me too! stefHighFive",neither,0.0308702769129466,0.3808679187857845,0.588261804301269
"Look, Ryan Reynolds is already gonna be Detective Pikachu. He can't be ALL the Nintendo icons Kappa",neither,0.04740224951405112,0.3897022274140002,0.5628955230719487
as if im listening to he rlol,neither,0.02915194485422746,0.4376232591349268,0.5332247960108457
But cant he?,neither,0.04206547715964481,0.34182930359193486,0.6161052192484203
thanks god japan is smart,neither,0.043975498111508735,0.31399546630904257,0.6420290355794487
Ryan Reynolds for Kirby!,neither,0.03215927892586973,0.29398794818614704,0.6738527728879832
@DanManMtn thadUp five0Salute,neither,0.03945320844208391,0.33037608806864915,0.630170703489267
Still wish they cast Danny DeVito as Pikachu.,neither,0.03738231724540391,0.3655245162716613,0.5970931664829349
Kreygasm,neither,0.03945320844208391,0.33037608806864915,0.630170703489267
@PauladinWon Did you see the M&M commercial?,neither,0.05572623375695749,0.35917985871541547,0.585093907527627
XD,neither,0.03945320844208391,0.33037608806864915,0.630170703489267
"Literally ""professionalisation"" of pro gaming?",neither,0.03945320844208391,0.33037608806864915,0.630170703489267
"Wait, does U.S. eSports not have sportsmanship requirements? It seems like that would be an important one.",neither,0.031089699068782527,0.46931674721612593,0.49959355371509145
who decides the games?,neither,0.03906144313133287,0.3739746166931807,0.5869639401754864
Japan has a better depth concept.,neither,0.03977048990082935,0.32499099367511497,0.6352385164240558
We have a subscriber-only Discord server! Join here: https://discord.gg/geekandsundry (you'll need to sub and link it to your Twitch) and be a part of the fun!...Warning: It can take up to an hour for the server to update and give you access to the channels,neither,0.08464076273808444,0.286394834032893,0.6289644032290227
No I missed it. Will YouTube later. Thanks for the heads-up @jpcguy89,neither,0.03192644072127852,0.31577439148538083,0.6522991677933406
Where's League of Legends? DansGame,neither,0.041111437277101745,0.30223161710598895,0.6566569456169093
"XD my character misquoted ""I solemnly swear I'm not up to no good"" in my Scion game",neither,0.024348535861722077,0.465781013971879,0.5098704501663989
"I feel like a foul for ""unsportsmanlike conduct"" applies regardless of what sport it is.",neither,0.04794657507367462,0.31815456522486,0.6338988597014653
"Japan don't care about LoL, please",neither,0.031933061213723316,0.39726358043807264,0.570803358348204
Do they have to be a certain age to get the gaming license?,neither,0.0476287628634418,0.3282321693082243,0.624139067828334
"Help G&S make great content! $4.99/month gets you emotes, Minecraft server access, sub-only VODs, and more! Every sub keeps the channel alive! twitch.tv/geekandsundry/subscribe",neither,0.043907990691603095,0.31135964332838284,0.644732365980014
I don't watch e-sports so I don't care! :D,neither,0.04421150630762277,0.36735291703294726,0.58843557665943
Bring on the Elympics!!,neither,0.033763310730658476,0.3263750293776083,0.6398616598917332
"i love how they are jumping on the esports now, but since they don't know what it is they're going in-depth instead of just using already existing ""structures""",neither,0.052006696190973464,0.36010366031935337,0.5878896434896733
Once these leagues become more legitimized maybe that paves the way for gaming becoming an Olympic sport.,neither,0.03866831303816063,0.34751767783147036,0.6138140091303691
Japan has wanted to move towards getting esports into the Olympics and help grow the scene. This is a good step towards that future.,neither,0.041488268713474545,0.3382131295944594,0.620298601692066
were is space invaders,neither,0.049048125896775735,0.30376553020586006,0.6471863438973642
minecraft esports :D,neither,0.03945320844208391,0.33037608806864915,0.630170703489267
Pong for Olympics 2020!,neither,0.03433690058107791,0.3048165238243991,0.660846575594523
Akihabara arcades for life!,neither,0.02522931482244852,0.38327772064729315,0.5914929645302583
What country are we talking about?,neither,0.08109756651581909,0.30621773170984906,0.6126847017743318
I'm an old timer. I'll only define them as eSports when we have to act out moves in full force feedback clothing.,neither,0.048143890828929545,0.3829087025897547,0.5689474065813158
I still cant understand that Trisha hasnt been outside of NA sodaMONK,neither,0.03578355872660395,0.3755772667886758,0.5886391744847201
"i second what Kate says. If you dont have good sportsmanship, i dont want you on my team",neither,0.03781113713587056,0.4764035173648986,0.4857853454992308
play games with honor,neither,0.02943179804186448,0.3650318274094616,0.605536374548674
Being good at the game might be important as a pro,neither,0.03336979292221677,0.3509338750266662,0.6156963320511171
Sportsmanship,neither,0.03945320844208391,0.33037608806864915,0.630170703489267
Can we get a segment on Kate's cheek bones?,neither,0.03751202348271595,0.3425596441119417,0.6199283324053424
i third what kate said,neither,0.04405316893817999,0.32706144042052376,0.6288853906412961
Just have fun but not at the expense of others,neither,0.030604665980393794,0.37325598149227457,0.5961393525273317
Wheaton's law is rule 1,neither,0.04793806914881065,0.32745775539320576,0.6246041754579835
rule 6: bring snacks,neither,0.03945320844208391,0.33037608806864915,0.630170703489267
