text,top_class,hate_speech,offensive_language,neither
But dis month doe.....,neither,0.03631423814801511,0.33970008698158993,0.6239856748703949
Prestream is up!,neither,0.053823407769846156,0.4564160934029835,0.48976049882717027
W00t!,neither,0.03945320844208391,0.33037608806864915,0.630170703489267
titlecard is up if you cannot see please refresh,neither,0.03846901622632724,0.44620075715803376,0.5153302266156391
Hit the refresh or play button if you don't see the title card,neither,0.03503568310357069,0.36584377059667944,0.5991205462997499
@Dragonchrome haha,neither,0.03186685585600258,0.45913629025701075,0.5089968538869867
if i could id pay for the 20 buck sub,neither,0.02483952653923204,0.33536179688372486,0.6397986765770431
@shidareAKI Who knows how they spend their money. :P I have no idea where the extra profit they get would be going :D,neither,0.0383309424287605,0.3653872913209451,0.5962817662502945
but im broke,neither,0.03376987855765899,0.3902301460054136,0.5759999754369274
Changes nothing. Still inappropriate,neither,0.036022274271321354,0.3886079949711645,0.5753697307575141
"you could get a ban, if that helps",neither,0.0317483822508854,0.4472165078999057,0.5210351098492089
@victorthenpc that's not something we can speculate about,neither,0.03231135291494564,0.4091641191646637,0.5585245279203905
gandsSubHype gassyHype crayHYPE samuHype,neither,0.03945320844208391,0.33037608806864915,0.630170703489267
First,neither,0.02604892428726219,0.3349864360510187,0.6389646396617191
Riegal ftw!,neither,0.03945320844208391,0.33037608806864915,0.630170703489267
SabaPing SabaPing,neither,0.03945320844208391,0.33037608806864915,0.630170703489267
!respect,neither,0.03945320844208391,0.33037608806864915,0.630170703489267
"If you would like to share opinions on our hosts, guests or fellow viewers, please do so in a respectful manner. Don't make them feel uncomfortable.",neither,0.04843323757214918,0.39559142321184637,0.5559753392160044
gandsSCANLAN gandsSCANLAN gandsSCANLAN,neither,0.03945320844208391,0.33037608806864915,0.630170703489267
"Asinine Wisdom at 9pm PST with Guest Sam Riegel tonight, be there!",neither,0.03168444208493003,0.32956415129661903,0.6387514066184509
hype,neither,0.03945320844208391,0.33037608806864915,0.630170703489267
omg why does not everyone know our Radio Free XXXX stations are all spy stations....,neither,0.033815202268492134,0.4484463470131056,0.5177384507184022
@victorthenpc yes and no all of the twitch sub only have of it goes too ldn and all of alpha sub more go too the company,neither,0.03908263892903529,0.3466883868756235,0.6142289741953412
!clock,neither,0.03945320844208391,0.33037608806864915,0.630170703489267
It is currently Tuesday 8:55 PM at the Geek & Sundry studio in California.,neither,0.051058640081354766,0.3296484739528947,0.6192928859657506
Also all the hosts on the next show are dudes. So...,neither,0.07216435816084435,0.31504046456430096,0.6127951772748548
I first signed up for the free trial with the first Sagas of Sundry finished posting. I've kept it going ever since.,neither,0.01761584848576259,0.3455428237423992,0.6368413277718383
I had to deal with this back in 1994 or 1995,neither,0.03530084557875221,0.35636181660589233,0.6083373378153555
"if you really meant never mind, then helping you remove the message is a favour to you.",neither,0.06043009738950889,0.4532406317804619,0.486329270830029
how's everybody? ready to shake their heads in ridiculousness?,neither,0.04367867862720603,0.3278783652515783,0.6284429561212157
I sub to both alpha and G and S mainly cause I can afford it and want to support them for all the great content. And there are some things on each that you cant get on the other,neither,0.06275879713447109,0.2819685831894404,0.6552726196760884
!rules,neither,0.03945320844208391,0.33037608806864915,0.630170703489267
"1) DON’T BE A DICK! 2) Racism, misogyny, misandry, homophobia, or any other hatred will not be tolerated 3) Rape jokes are not funny...EVER! 4) No spamming or posting of unnecessary links 5) When we dance, you dance 6) Keep it classy!! 7) Respect thy mod",offensive_language,0.05604509079481252,0.5130302277295207,0.4309246814756668
Loooove my Alpha subscription dearly,neither,0.026159491189004316,0.4363839857563656,0.53745652305463
heyo pre show,neither,0.05855876154015488,0.24004248641164308,0.701398752048202
What is this?,neither,0.07282678549990032,0.31792604547631814,0.6092471690237815
@GeekTheNoble Sounds about right...,neither,0.03637722011448991,0.38541838037572435,0.5782043995097856
@shidareAKI I didn't mean it like that! For all I know they donate it charity! I'm just saying without knowing its hard for me to validate it. I love it here. I don't see why I should go to Alpha for something I already have and love here,neither,0.03871579599325571,0.44636794374938366,0.5149162602573607
!wtfisthis,neither,0.03945320844208391,0.33037608806864915,0.630170703489267
Asinine Wisdom is where common sense and civil discourse go to die. Two idiots (Jake Bennett and Daryl Crittenden) and one unfortunate guest get to the bottom of the issues no one is talking about.,neither,0.08447096936480233,0.23498343136853395,0.6805455992666638
Big howdy to @dragonchrome,neither,0.02105083193329489,0.43920127521783303,0.539747892848872
!wtfisthis,neither,0.03945320844208391,0.33037608806864915,0.630170703489267
Hi @Henchman2121 hope you are doing well,neither,0.15373863851605368,0.21176292907169944,0.6344984324122469
Oh thanks,neither,0.0434491640266289,0.2380673145074624,0.7184835214659085
"no lie, dancing in my chair to this baging music",neither,0.034815617463806355,0.3966415785901492,0.5685428039460443
I approve of that show,neither,0.05063306776255707,0.2947670121483747,0.6545999200890681
i dont rly know what is this show but im exited to find out,neither,0.07001452902944785,0.23083194528769502,0.699153525682857
@dragonchrome I am and same hopes for you,neither,0.047038153419896096,0.3062481107481947,0.6467137358319092
let get ready for some chao lol,neither,0.012351856246592545,0.40268971230737244,0.584958431446035
@tarictopgg Read NightBots comment above.,neither,0.03945320844208391,0.33037608806864915,0.630170703489267
"@Henchman2121 cheers , great to hear",neither,0.04367505345405269,0.3040748162134665,0.6522501303324808
do you guys know what bidet means everyone says it on cr and im always confused,neither,0.0431167600199781,0.443007446161402,0.5138757938186199
Hey hey hey hey,neither,0.03945320844208391,0.33037608806864915,0.630170703489267
Hey guys!!,neither,0.03929207127355727,0.33311100635304525,0.6275969223733975
I can't wait to see how Sam interacts with the guys. It's going to be an interesting episode.,neither,0.03806089196073119,0.3511992826421051,0.6107398253971638
@novaplaysdnd it's Grog for Good Day,neither,0.029731356961769758,0.27233210290283294,0.6979365401353974
Does everyone that their drinks handy?,offensive_language,0.02472103977590818,0.49819778418604727,0.47708117603804456
Bidet is Grog's way of saying 'Good Day' to the elves,neither,0.0427680659038761,0.30508956801802384,0.6521423660781
hey hey hey hey,neither,0.03945320844208391,0.33037608806864915,0.630170703489267
it's like a good day and hello that Travis said,neither,0.042006258228396265,0.33156319634947656,0.6264305454221273
"@novaplaysdnd It's a reference to a moment in the season 1 campaign where Grog says ""Bidet"" instead of ""Good Day""",neither,0.04288753061396487,0.2911181603683284,0.6659943090177067
It means Good Day,neither,0.03761577844284358,0.3138027168165963,0.6485815047405601
@novaplaysdnd you'd need to see season 1 to truly understand it,neither,0.06446019481507677,0.35466308038861727,0.5808767247963059
its a running gag,neither,0.03385940893468819,0.33230005222628933,0.6338405388390225
Aww it still says mines n crafts on the schedule :(,neither,0.03551359777286168,0.3386805196919323,0.625805882535206
bidet is something that Grog says in an epsiode of CR instead of good day,neither,0.041988128571015054,0.3426661935369873,0.6153456778919977
Just like Be Pleased became 'beep beep',neither,0.04459338442119378,0.36676018186343845,0.5886464337153678
"@Raidrith no, instead I have cinnamon toast crunch with no milk",neither,0.03206699455999667,0.3717905997365329,0.5961424057034704
@novaplaysdnd Just go binge watch campaign one. You'll thank me :P,neither,0.04516267883337111,0.44659849788920486,0.5082388232774241
@Shadowstorm_0 What happened to Mines n Crafts?!?!,neither,0.05202807818632117,0.3225273373623821,0.6254445844512966
"@Shadowstorm_0 Yeah, we just noticed that too. And we became sad. :(",neither,0.02452378623988899,0.41590690027032295,0.559569313489788
"Song is ReMix: Donkey Kong Country ""High Tide""By FoxyPanda",neither,0.045175206394824,0.4005374186618809,0.5542873749432952
We have a soft no spoilers rule for season one for people who are up to date on campaign two but not campaign one.,neither,0.05157201575308109,0.37044303408973567,0.5779849501571832
Hey Guys,neither,0.03929207127355727,0.33311100635304525,0.6275969223733975
At least we are getting another dope RPG show out of it.,neither,0.1070068327852609,0.26852637750952285,0.6244667897052163
Perfect munchy snackage @GeekTheNoble,neither,0.03945320844208391,0.33037608806864915,0.630170703489267
this song is a religious experience in and of itself...,neither,0.04390282403615838,0.3075518751889381,0.6485453007749035
Okay but this bop tho,neither,0.03339350960541325,0.3475592784973884,0.6190472118971984
@victorthenpc Its been put on hiatus for now,neither,0.025496434706464524,0.32083375979941575,0.6536698054941198
How's everyone?,neither,0.0311195361412112,0.47182025616606055,0.4970602076927283
im watching campain 1 right now dont worry- im on episode 26 @VermillionCrimson,neither,0.03626217217017855,0.3871114519828175,0.5766263758470039
First time watching. This ought to be good,neither,0.03684603369553286,0.3541332561884857,0.6090207101159815
Can someone help me with some D&D related things in a whisper,neither,0.0243905850269825,0.384783141546774,0.5908262734262435
@TheDiMono I am now sad I understand :(,neither,0.03925632315938874,0.33044380594566125,0.63029987089495
2 mins to go,neither,0.05032404800640696,0.33034896285454535,0.6193269891390477
@Raidrith truth,neither,0.03945320844208391,0.33037608806864915,0.630170703489267
@Shadowstorm_0 :( Awwww man,neither,0.039614816991561344,0.4039823140660171,0.5564028689424217
I used to love that show,neither,0.05747845058241658,0.3009197193786303,0.641601830038953
@novaplaysdnd Oh you're gonna love the next arc. It's dope as FUCK.,offensive_language,0.17889306214247264,0.8044206425146166,0.01668629534291073
"Bidet or Beep Beep, but after his magical time in the OutHouse with Craven Edge, I think Bidet is right.",neither,0.04676833695170384,0.3668024103092122,0.586429252739084
OC Remix #2839 Donkey Kong Country “Paralyzed” Fear Factory by Djjdhttps://www.youtube.com/watch?v=FaIn7PyjHy0&list=PLWk40K1PeZwGnx_OOKuzqopQRI8oc63qS&index=10,neither,0.044468957851522745,0.3467282755946535,0.6088027665538238
bidet folks,neither,0.03945320844208391,0.33037608806864915,0.630170703489267
first time watching ;p,neither,0.029989397366152245,0.3569857709202996,0.613024831713548
lol @efermiumeral,neither,0.020706217963973744,0.4882283491876925,0.4910654328483337
Are we ready?,neither,0.07908673698512764,0.27009607785299217,0.6508171851618801
Hi guys!! :),neither,0.03930687933907141,0.3328596748352989,0.6278334458256297
Bidet from NoVA,neither,0.04228451509352876,0.2823214250720796,0.6753940598343917
Did you guys see there's a new Donkey Kong game coming out!,neither,0.04714544794260033,0.26070283509998426,0.6921517169574153
FINALLY,neither,0.03945320844208391,0.33037608806864915,0.630170703489267
BeepBeep&Bidet!,neither,0.03945320844208391,0.33037608806864915,0.630170703489267
nice @victorthenpc,neither,0.03945320844208391,0.33037608806864915,0.630170703489267
am I on time?,neither,0.033491444442637304,0.37903053120245395,0.5874780243549088
Is everyone ready?,neither,0.041262036450053476,0.4450965041340042,0.5136414594159423
Bidet,neither,0.03945320844208391,0.33037608806864915,0.630170703489267
bidet from MA,neither,0.031816597323666866,0.4599893087150652,0.5081940939612679
"I'm kind of sad that my questions didn't get asked on Talks. They were ""Sam: Thoughts on Deastok after all these years?"" and ""Liam: Why no send Frump after Beau?""",neither,0.025238431548152123,0.4500141632735839,0.5247474051782641
Minnesota is watching,neither,0.04810254108598864,0.3274011859520505,0.624496272961961
"yes, @swiftbeard",neither,0.03945320844208391,0.33037608806864915,0.630170703489267
any new viewers of this show ur in for a treat,neither,0.06518627852126532,0.19973914371387053,0.7350745777648643
I'm Ready SwiftRage,neither,0.03945320844208391,0.33037608806864915,0.630170703489267
Want the inside scoop? Join the cast of Critical Role and discuss this episode right here on Talks Machina. Tuesdays 7pm Pacific at twitch.tv/geekandsundry and projectalpha.com,neither,0.04630302093207864,0.22484473131932575,0.7288522477485957
"When the outhouse tickles your bum, it is time for Bidet",neither,0.052570987235164277,0.3409963671123643,0.6064326456524715
@dragonchrome thank you very much,neither,0.0517609983293255,0.3932210226596965,0.5550179790109779
"Asinine Wisdom at 9pm PST with Guest Sam Riegel tonight, be there!",neither,0.03168444208493003,0.32956415129661903,0.6387514066184509
my body is ready,neither,0.03405984045513004,0.42505863100050806,0.540881528544362
@VermillionCrimson I stopped trying Mine never got picked either,neither,0.03582547929917328,0.389408540081485,0.5747659806193417
Also Subs should go back and watch the episode with Jason Charles Miller.,neither,0.041259659044472444,0.3371517085148682,0.6215886324406593
gandsSCANLAN gandsSCANLAN gandsSCANLAN gandsSCANLAN gandsSCANLAN gandsSCANLAN gandsSCANLAN,neither,0.03945320844208391,0.33037608806864915,0.630170703489267
!jason,neither,0.03945320844208391,0.33037608806864915,0.630170703489267
Check out Jason Charles Miller on Twitter @jasoncmiller and check out his website! http://www.jasoncharlesmiller.com/site/,neither,0.041014470344780604,0.3292692093047132,0.6297163203505062
I love this show so much. Let's see how quickly things derail.,neither,0.033229979139047176,0.34075972035778057,0.6260103005031723
No nothing has prepared me for this,neither,0.027236635539143395,0.37871809591008493,0.5940452685507718
@victorthenpc I post mine on Reddit so......,neither,0.03630252986643518,0.39502012828234623,0.5686773418512187
gandsSubHype gandsSCANLAN gandsSubHype gandsSCANLAN,neither,0.03945320844208391,0.33037608806864915,0.630170703489267
"@TheDiMono yes and no, though that seems in line with this show",neither,0.036630810000093494,0.31496233784955985,0.6484068521503468
your in house emo entertainer is back,neither,0.08018445225501772,0.31825405561833275,0.6015614921266496
Cus I'm don't use Twitter like most people.,offensive_language,0.033352552265962475,0.5224716445903765,0.4441758031436609
We have a subscriber-only Discord server! Join here: https://discord.gg/geekandsundry (you'll need to sub and link it to your Twitch) and be a part of the fun!...Warning: It can take up to an hour for the server to update and give you access to the channels,neither,0.08464076273808444,0.286394834032893,0.6289644032290227
So what do they talk about on Asinine Wisdom?,neither,0.026638578177691045,0.40138278533943406,0.5719786364828748
"Sam is here, that's all I say. Rails are optional for this show and non-existent at best.",neither,0.0958595232569343,0.26564148075031097,0.6384989959927546
gandsSCANLAN gandsSCANLAN gandsSCANLAN,neither,0.03945320844208391,0.33037608806864915,0.630170703489267
gandsSCANLAN gandsSubHype gandsSCANLAN gandsSubHype gandsSCANLAN gandsSubHype gandsSCANLAN gandsSubHype gandsSCANLAN gandsSubHype gandsSCANLAN gandsSubHype gandsSCANLAN,neither,0.03945320844208391,0.33037608806864915,0.630170703489267
So what actually is this show?,neither,0.07886351552544962,0.28771134654218505,0.6334251379323653
Here we go!,neither,0.13156755280784707,0.2765461283225309,0.5918863188696221
"Yeah ProjectAlpha!!! AfterDark, the only way to travel",neither,0.029157752730954285,0.40855348452558493,0.5622887627434608
here we go,neither,0.13156755280784707,0.2765461283225309,0.5918863188696221
gandsSCANLAN,neither,0.03945320844208391,0.33037608806864915,0.630170703489267
!wtfisthis,neither,0.03945320844208391,0.33037608806864915,0.630170703489267
Asinine Wisdom is where common sense and civil discourse go to die. Two idiots (Jake Bennett and Daryl Crittenden) and one unfortunate guest get to the bottom of the issues no one is talking about.,neither,0.08447096936480233,0.23498343136853395,0.6805455992666638
Yes,neither,0.03945320844208391,0.33037608806864915,0.630170703489267
XD,neither,0.03945320844208391,0.33037608806864915,0.630170703489267
@CaptainTalon447 You'll see :),neither,0.07251235515522401,0.41828794739324404,0.5091996974515319
I am so excited to be absolutely confused.,neither,0.04491497334212595,0.36590793284075274,0.5891770938171212
Please don't watch this show.,neither,0.06439956959855697,0.24857139561873845,0.6870290347827046
@PE17_Aubameyang it is awesomeness incarnate,neither,0.04677099400442381,0.32785916605229437,0.6253698399432819
Lol,neither,0.020706217963973744,0.4882283491876925,0.4910654328483337
Don't watch this show,neither,0.0699283337892747,0.2344178884428525,0.6956537777678727
@shidareAKI Too late.,neither,0.039095774028857416,0.33644268289058776,0.6244615430805548
oh dear god,neither,0.04513162236653785,0.2764389585495371,0.6784294190839252
here it goes,neither,0.10976422465072284,0.27698570732611416,0.613250068023163
their password is geekandsundry,neither,0.04870436356497252,0.32719419160459556,0.6241014448304321
-.-,neither,0.03945320844208391,0.33037608806864915,0.630170703489267
FailFish,neither,0.03945320844208391,0.33037608806864915,0.630170703489267
"Well, that's exactly the sort of thing I look forward to.",neither,0.04170601335828152,0.34376357005845315,0.6145304165832653
I'm here for Sam and Sam alone,neither,0.0602881250764272,0.26532468601756837,0.6743871889060045
Not recommended to watch this show,neither,0.0650449477071179,0.2650958240946642,0.6698592281982179
the internet is about to explode,neither,0.050791408154876865,0.3335061860598876,0.6157024057852355
Man where is Chaotic for this,neither,0.04350261163512165,0.32385242000298,0.6326449683618983
OH NO,neither,0.04751210705993949,0.26629718932274826,0.6861907036173122
Hi Sam!,neither,0.03945320844208391,0.33037608806864915,0.630170703489267
BIDET SAM,neither,0.03945320844208391,0.33037608806864915,0.630170703489267
:D Hi Sam,neither,0.03945320844208391,0.33037608806864915,0.630170703489267
lol,neither,0.020706217963973744,0.4882283491876925,0.4910654328483337
"Download the new Critical Role theme song for Campaign Two! http://itunes.apple.com/album/id1331550250?ls=1&app=itunes Sales of the song support the musician, Jason Charles Miller.",neither,0.04445767596344001,0.2510827790306858,0.7044595450058742
Hey Sam!,neither,0.03945320844208391,0.33037608806864915,0.630170703489267
SAM IS RUNNING IT,neither,0.046436209014107464,0.32797431396223153,0.625589477023661
@victorthenpc Hey at least their password isn't password,neither,0.039027617685507644,0.34335695169795055,0.6176154306165417
and so it begins,neither,0.03702075117330028,0.3334064572415291,0.6295727915851705
Sam!,neither,0.03945320844208391,0.33037608806864915,0.630170703489267
omgggggg,neither,0.03945320844208391,0.33037608806864915,0.630170703489267
Bidet sam!!,neither,0.03945320844208391,0.33037608806864915,0.630170703489267
Sam!!!,neither,0.03945320844208391,0.33037608806864915,0.630170703489267
gandsSCANLAN gandsSCANLAN gandsSCANLAN,neither,0.03945320844208391,0.33037608806864915,0.630170703489267
NOT LATE,neither,0.03754451516967241,0.33758878380158247,0.6248667010287452
the show told me to leave but i kinda dont want to,neither,0.05164139637424475,0.28946279015952076,0.6588958134662346
!whodat,neither,0.03945320844208391,0.33037608806864915,0.630170703489267
"Asinine Wisdom ( twitter.com/AsinineWisdom ), Jake Bennett ( twitter.com/jakegbennett ) and Daryl Crittenden ( twitter.com/irdaryl ) with guest Sam Riegel ( twitter.com/samriegel ).",neither,0.03530982714529335,0.4534929033462327,0.5111972695084739
The best kind of on time,neither,0.03391007483004429,0.3403420698866131,0.6257478552833428
@CaptainTalon447 I suppose,neither,0.03945320844208391,0.33037608806864915,0.630170703489267
gandsSCANLAN gandsSCANLAN gandsSCANLAN gandsSCANLAN gandsSCANLAN gandsSCANLAN gandsSCANLAN gandsSCANLAN gandsSCANLAN gandsSCANLAN gandsSCANLAN gandsSCANLAN gandsSCANLAN gandsSCANLAN,neither,0.03945320844208391,0.33037608806864915,0.630170703489267
gandsSCANLAN,neither,0.03945320844208391,0.33037608806864915,0.630170703489267
i really want to know what they bribed Sam with,neither,0.03916217154707102,0.3536352976877082,0.6072025307652208
well played,neither,0.03945320844208391,0.33037608806864915,0.630170703489267
gandsSCANLAN gandsSCANLAN gandsSCANLAN,neither,0.03945320844208391,0.33037608806864915,0.630170703489267
FrankerZ,neither,0.03945320844208391,0.33037608806864915,0.630170703489267
is this an hour long?,neither,0.04785615835555902,0.32172596491447697,0.630417876729964
lol,neither,0.020706217963973744,0.4882283491876925,0.4910654328483337
@thischarmingdevil yes it is an hour long,neither,0.04546954354505734,0.32174333001620514,0.6327871264387375
DOG,neither,0.03945320844208391,0.33037608806864915,0.630170703489267
Hiya Sam :),neither,0.03945320844208391,0.33037608806864915,0.630170703489267
theres a dog,neither,0.03945320844208391,0.33037608806864915,0.630170703489267
Im here for Sam,neither,0.07873233618457123,0.2931652573675208,0.6281024064479079
"Lol, hell yes",offensive_language,0.032721912200991826,0.8460216058640754,0.12125648193493266
thanks,neither,0.035884468650613,0.3004919205142699,0.6636236108351171
Give 'em a countdown.,neither,0.03945320844208391,0.33037608806864915,0.630170703489267
Fizz <3,neither,0.03945320844208391,0.33037608806864915,0.630170703489267
"Good sir, lay down the law!",neither,0.03826538798451111,0.3178990351131817,0.6438355769023073
@thischarmingdevil I think so,neither,0.040564643702812306,0.4056013163067219,0.5538340399904659
Does Sam even know what hes doing?,neither,0.03136939521554703,0.43572840919714095,0.5329021955873121
I Don't Know,neither,0.03945320844208391,0.33037608806864915,0.630170703489267
Hi Daryl and Jake!,neither,0.03882285958443696,0.2991538059129915,0.6620233345025716
i f-in love this show,neither,0.05695092891357811,0.24370065310843234,0.6993484179779895
feed the doggo :(,neither,0.038177557553681817,0.3067724403119299,0.6550500021343882
"Help G&S make great content! $4.99/month gets you emotes, Minecraft server access, sub-only VODs, and more! Every sub keeps the channel alive! twitch.tv/geekandsundry/subscribe",neither,0.043907990691603095,0.31135964332838284,0.644732365980014
HE'S ON TIME!!!!,neither,0.04136345295479635,0.38129734692377404,0.5773392001214296
This is so dumb i love it,neither,0.04340934204277726,0.4022366453099648,0.5543540126472581
"""Usually I'm late for things""",neither,0.033999325648025824,0.3031342670747474,0.6628664072772268
Fizz is the real star here.,neither,0.0774297027166522,0.3803177400312823,0.5422525572520654
im here for sam,neither,0.07873233618457123,0.2931652573675208,0.6281024064479079
There is a dog,neither,0.05121166480697568,0.26951742693693664,0.6792709082560876
Hi guys! Welcome to the internet,neither,0.044087960658545894,0.3154729054851167,0.6404391338563373
It's Sam's show now! MWAHAHAHAHA!!!,neither,0.05449705275992233,0.24853988730810928,0.6969630599319684
haha,neither,0.03186685585600258,0.45913629025701075,0.5089968538869867
!whodat,neither,0.03945320844208391,0.33037608806864915,0.630170703489267
"Asinine Wisdom ( twitter.com/AsinineWisdom ), Jake Bennett ( twitter.com/jakegbennett ) and Daryl Crittenden ( twitter.com/irdaryl ) with guest Sam Riegel ( twitter.com/samriegel ).",neither,0.03530982714529335,0.4534929033462327,0.5111972695084739
please more dog,neither,0.04168872984612404,0.31875483224968837,0.6395564379041876
abd my wifi isnt working,neither,0.030118580526992043,0.4015406834854871,0.5683407359875208
"came for Sam, staying for the dog.",neither,0.031133765732301966,0.2817386290564985,0.6871276052111995
Fizzy!,neither,0.03945320844208391,0.33037608806864915,0.630170703489267
Chat has object impermanence,neither,0.03995261475159916,0.32189985964956597,0.6381475255988348
#SamsEarlyNotLate,neither,0.03945320844208391,0.33037608806864915,0.630170703489267
lol,neither,0.020706217963973744,0.4882283491876925,0.4910654328483337
Space Camp shirt is topical #FalconHeavy,neither,0.046252153997693085,0.32803761892233013,0.6257102270799767
i am too high for this,neither,0.02931542781707954,0.39151236020995245,0.5791722119729681
lol Sam,neither,0.029540262777559372,0.4042772064154116,0.5661825308070291
lol,neither,0.020706217963973744,0.4882283491876925,0.4910654328483337
Poopingsam,neither,0.03945320844208391,0.33037608806864915,0.630170703489267
appropriate,neither,0.03945320844208391,0.33037608806864915,0.630170703489267
feliciaFlush feliciaFlush,neither,0.03945320844208391,0.33037608806864915,0.630170703489267
sams pooping hahah,neither,0.03945320844208391,0.33037608806864915,0.630170703489267
https://clips.twitch.tv/RudeTenderKuduHeyGuys,neither,0.03945320844208391,0.33037608806864915,0.630170703489267
Sam looks like he's ready to go skiing.,neither,0.06378016244595934,0.3416130949823806,0.59460674257166
LUL,neither,0.03945320844208391,0.33037608806864915,0.630170703489267
gandsGandsPoo,neither,0.03945320844208391,0.33037608806864915,0.630170703489267
