text,top_class,hate_speech,offensive_language,neither
Good evening....,neither,0.03869882722860525,0.3306355543605695,0.6306656184108252
@knightly2u After TWC at 9:30.,neither,0.03848286556646531,0.35988180235565614,0.6016353320778784
Liz is always lurking in the chat,neither,0.043610118410178346,0.35873052155679047,0.5976593600330312
I was deep diving Disney stuff after Bizarre States. Fun stuff.,neither,0.039398154325941986,0.33131050009937146,0.6292913455746866
@knightly2u no after this,neither,0.0379977228170703,0.3550794776399228,0.6069227995430069
@knightly2u nope - Weave is right after this!,neither,0.045489227517865,0.34522789486598254,0.6092828776161524
"Not yet, Weave is later tonight!",neither,0.04247619413262177,0.31377738944613504,0.6437464164212431
"Download the new Critical Role theme song for Campaign Two! http://itunes.apple.com/album/id1331550250?ls=1&app=itunes Sales of the song support the musician, Jason Charles Miller.",neither,0.04445767596344001,0.2510827790306858,0.7044595450058742
"chief, what is this please?",neither,0.054348722003454385,0.324744830207068,0.6209064477894777
I think Weave is after this.,neither,0.04858398391710562,0.3198170260618101,0.6315989900210842
@knightly2u weave is later,neither,0.0487021213407852,0.32719496280831206,0.6241029158509026
"@Deathstar_Taco Oh, brooklyn harry potter? such a great guy to have at parties",neither,0.04390182318706245,0.30686533028417157,0.649232846528766
yaaaay!!!,neither,0.03945320844208391,0.33037608806864915,0.630170703489267
<3,neither,0.03945320844208391,0.33037608806864915,0.630170703489267
Evening Wednesdaisies!,neither,0.03945320844208391,0.33037608806864915,0.630170703489267
Hel-loooooo!,neither,0.03945320844208391,0.33037608806864915,0.630170703489267
yay,neither,0.03945320844208391,0.33037608806864915,0.630170703489267
Here weave go,neither,0.10352878372487494,0.287719767981431,0.608751448293694
Hellooo Wednesday Club!!,neither,0.03945320844208391,0.33037608806864915,0.630170703489267
Hullo guys!!!,neither,0.03922184957078739,0.3343028519130907,0.6264752985161218
YAAAAYYYYY,neither,0.03945320844208391,0.33037608806864915,0.630170703489267
woo!,neither,0.03945320844208391,0.33037608806864915,0.630170703489267
Got my Black Panther ticket :P,neither,0.04384634674545771,0.4537592215124606,0.5023944317420816
Hi!,neither,0.03945320844208391,0.33037608806864915,0.630170703489267
hey yall!,neither,0.0373829100190767,0.36551445535541816,0.5971026346255053
you're VERY blue Taliesin,neither,0.0883128780875681,0.34715304064765606,0.5645340812647759
So Blue...,neither,0.039409160509557666,0.4002976903273296,0.5602931491631127
!twc,neither,0.03945320844208391,0.33037608806864915,0.630170703489267
"Here are some handy The Wednesday Club resources! TWC Reddit: reddit.com/r/WednesdayClub/ | Discord: https://discord.gg/6QK9fVB | Wednesday Club Fanclub on Facebook: facebook.com/groups/1945232949091586/ | Send in your thoughts, comic recommendations, questions, and more to Matt, Amy, and Taliesin at thewednesdayclub@geekandsundry.com",neither,0.05001524745118048,0.31503641584425707,0.6349483367045624
Hi!,neither,0.03945320844208391,0.33037608806864915,0.630170703489267
Wow Tali's hair is pretty blue lol,neither,0.03884874873716196,0.3754470745953716,0.5857041766674664
"I was banned during Asinine Wisdom for pretty much repeating what they were saying, lol. A badge of honor I guess",neither,0.030632372971009642,0.33401288426122255,0.6353547427677679
Markeia!!!! <3 <3 <3,neither,0.03945320844208391,0.33037608806864915,0.630170703489267
TAL YOUR HAIR LOOKS SO GOOD,neither,0.06368555381560705,0.3610343250178496,0.5752801211665434
Guest!,neither,0.03945320844208391,0.33037608806864915,0.630170703489267
Woo!!! BloodTrail,neither,0.03945320844208391,0.33037608806864915,0.630170703489267
Yo! I'll dance with to the waiting music if I want!,neither,0.023299978845093407,0.4281284988402952,0.5485715223146114
how is taliesins hair so blue?!?,neither,0.0482137936500033,0.37517329987592285,0.5766129064740738
"hi Lady with nice hair, Amy and guest",neither,0.03218457905912917,0.32818609051984793,0.639629330421023
Marvel Movie news Flashback!,neither,0.041472678923999806,0.2961004035925556,0.6624269174834445
Hello!,neither,0.03945320844208391,0.33037608806864915,0.630170703489267
Hi cast!,neither,0.03945320844208391,0.33037608806864915,0.630170703489267
Whoo!,neither,0.03945320844208391,0.33037608806864915,0.630170703489267
Hi @sp_acevex!,neither,0.03945320844208391,0.33037608806864915,0.630170703489267
hi all!,neither,0.0423466876598404,0.4436528871510691,0.5140004251890904
lmao I actually sneezed right on three,neither,0.035020762010257944,0.3764929848979225,0.5884862530918195
"Help G&S make great content! $4.99/month gets you emotes, Minecraft server access, sub-only VODs, and more! Every sub keeps the channel alive! twitch.tv/geekandsundry/subscribe",neither,0.043907990691603095,0.31135964332838284,0.644732365980014
I have dreamed of the day this crossover happened,neither,0.03864645634012655,0.31418806002869243,0.6471654836311811
that owl is a dick,offensive_language,0.0646768626094703,0.8721250104749534,0.0631981269155762
That is an epic Black Panther,neither,0.06710634948343351,0.3456575507530573,0.5872360997635092
Hello club! and guest!!,neither,0.03878066742774554,0.29688570294462796,0.6643336296276265
hello!!,neither,0.03945320844208391,0.33037608806864915,0.630170703489267
hey!,neither,0.03945320844208391,0.33037608806864915,0.630170703489267
How long before Taliesin says hi to Miss Sunflower,neither,0.03566266148710304,0.37770104809978194,0.586636290413115
!whodat,neither,0.03945320844208391,0.33037608806864915,0.630170703489267
"Amy Dallen ( twitter.com/enthusiamy ), Taliesin Jaffe ( twitter.com/executivegoth ), and Matt Key ( twitter.com/TheMattKey ), Markeia McCarty ( twitter,com/markeiamcarty ).",neither,0.03837055464192035,0.4510993576007872,0.5105300877572925
Welcome special guest!,neither,0.06833593047887265,0.31326514513139564,0.6183989243897318
@SprlngheelJack yeah that's the chap!,offensive_language,0.013845030920836734,0.5063531621050705,0.47980180697409275
hello wednesday club!,neither,0.03945320844208391,0.33037608806864915,0.630170703489267
"Came looking for Crit Role. Derpy me, it's Wednesday.. Still do not expect to be disappointed with Taliesin in the mix..",neither,0.029651713630526336,0.3536242988218176,0.616723987547656
goodies!!,neither,0.03945320844208391,0.33037608806864915,0.630170703489267
This is the second time Taliesin's shows have referenced that ad.,neither,0.0402452338133418,0.36798237157315755,0.5917723946135006
Hi @rookiez78,neither,0.03945320844208391,0.33037608806864915,0.630170703489267
XD,neither,0.03945320844208391,0.33037608806864915,0.630170703489267
Nice Chief,neither,0.03945320844208391,0.33037608806864915,0.630170703489267
did you say 'rum cake'? or did I miss something?,neither,0.04400618984215716,0.360382613891861,0.5956111962659819
"good one, chief",neither,0.03774074428140241,0.367087067552981,0.5951721881656167
Hello Daisies!,neither,0.03945320844208391,0.33037608806864915,0.630170703489267
*Thunder and lighting strike* :P,neither,0.0388557996905669,0.30090479427610217,0.660239406033331
lol chief,neither,0.029869404313338878,0.4015213065569965,0.5686092891296647
Wow! I almost missed this awesome episode today! >(,neither,0.038400770909629706,0.3163278607632456,0.6452713683271247
@Aldermeer welcome to the wednesday club!,neither,0.04444407658977203,0.3130709591526653,0.6424849642575626
"Mr. Turtle was the true villain, though. :D",neither,0.03865603775595965,0.3191448987759298,0.6421990634681106
"Its a veritable HOST of hosts, Chief",neither,0.034159048954328954,0.33219699228336125,0.6336439587623097
https://clips.twitch.tv/PerfectDirtySparrowNerfBlueBlaster,neither,0.03945320844208391,0.33037608806864915,0.630170703489267
black panther all up in this business! :D,neither,0.06333736144536832,0.46700441458907843,0.4696582239655533
Wakanda FOREVER!,neither,0.03945320844208391,0.33037608806864915,0.630170703489267
Drink!,neither,0.03945320844208391,0.33037608806864915,0.630170703489267
Ah!,neither,0.03945320844208391,0.33037608806864915,0.630170703489267
Sup wednesdaisies!,neither,0.03945320844208391,0.33037608806864915,0.630170703489267
emotional about comics? She's in the right place!,neither,0.04008896565030763,0.3720244739420859,0.5878865604076063
We avoided the Wakanda wild side episode title. Good job guys.,neither,0.035053646407791135,0.346478466371109,0.6184678872210999
I actually own the fantastic four issue of the origin tale of black panther. one of my fave in my collection.,neither,0.04434560614147016,0.38860055953046446,0.5670538343280653
hello im new here! always down to support my fav actors,neither,0.08452615608165547,0.34619030912337856,0.569283534794966
Navy!,neither,0.03945320844208391,0.33037608806864915,0.630170703489267
Hello everyone!,neither,0.03269494828970791,0.4450814005079928,0.5222236512022994
my friend has the old original run of black panther,neither,0.0430171403812223,0.3638675619659426,0.5931152976528352
I imagine spoiler-free Black Panther reactions as a lot of excited unintelligible screaming,neither,0.04957422290233808,0.34052045491383304,0.6099053221838289
back when comics were 12 cents. wow have things changed.,neither,0.033918768000074616,0.3500325482630289,0.6160486837368964
!whodat,neither,0.03945320844208391,0.33037608806864915,0.630170703489267
"Amy Dallen ( twitter.com/enthusiamy ), Taliesin Jaffe ( twitter.com/executivegoth ), and Matt Key ( twitter.com/TheMattKey ), Markeia McCarty ( twitter.com/markeiamcarty ).",neither,0.03837055464192035,0.4510993576007872,0.5105300877572925
Hullo @japenrose,neither,0.03945320844208391,0.33037608806864915,0.630170703489267
huzzaaahhh!!,neither,0.03945320844208391,0.33037608806864915,0.630170703489267
What?,neither,0.057770773616808734,0.3180719994247239,0.6241572269584672
Already?,neither,0.03738043260619613,0.36555650351753366,0.5970630638762703
!respect,neither,0.03945320844208391,0.33037608806864915,0.630170703489267
"If you would like to share opinions on our hosts, guests or fellow viewers, please do so in a respectful manner. Don't make them feel uncomfortable.",neither,0.04843323757214918,0.39559142321184637,0.5559753392160044
I'm a mutant. I'm a little bit of everything,neither,0.0392110672883637,0.3344858553853357,0.6263030773263008
"Speaking of African American super heroes, is anyone else enjoying Black Lightning?",neither,0.05740770116615777,0.28748299924200893,0.6551092995918333
Yes... Talesin has the dart gauntlet,neither,0.03898161539288892,0.30877105384901393,0.652247330758097
woot,neither,0.03945320844208391,0.33037608806864915,0.630170703489267
oh Taliesin,neither,0.051363287716059566,0.22255663153133606,0.7260800807526044
@davincionetoomany Are you okay? You sound like you need a friend/someone to talk to,neither,0.12189805735571176,0.4183522185379321,0.4597497241063561
Evening all!,neither,0.041793358651534496,0.4229818652092969,0.5352247761391685
ohh Taliesin,neither,0.03945320844208391,0.33037608806864915,0.630170703489267
Did Tal get a new projectile toy,neither,0.04186347886749452,0.26796852935287857,0.690167991779627
ooh i'm loving how vibrent taliesin's hair is today,neither,0.04450636416030966,0.3109434011762647,0.6445502346634256
you did it!!!,neither,0.07166810242296817,0.42882795882198005,0.4995039387550518
He was so happy when it shot,neither,0.03300542461077035,0.42027264387231106,0.5467219315169187
It worked!,neither,0.037538547942619474,0.3310346276123258,0.6314268244450547
PEW PEW SO COOL,neither,0.03941094976918481,0.4067560025575799,0.5538330476732353
!whodat,neither,0.03945320844208391,0.33037608806864915,0.630170703489267
"Amy Dallen ( twitter.com/enthusiamy ), Taliesin Jaffe ( twitter.com/executivegoth ), and Matt Key ( twitter.com/TheMattKey ), Markeia McCarty ( twitter.com/markeiamcarty ).",neither,0.03837055464192035,0.4510993576007872,0.5105300877572925
Tal is always 12 years old hehehe :D,neither,0.04328361350473654,0.36356695159923996,0.5931494348960235
On this episode: Taliesin plays with all the toys,neither,0.02972882192074446,0.4081806717853331,0.5620905062939225
gandsApplaud gandsApplaud gandsApplaud gandsApplaud hrpgDefend hrpgDart hrpgDart hrpgDart hrpgDart,neither,0.03945320844208391,0.33037608806864915,0.630170703489267
"taliesin ""toy thief"" jaffe",neither,0.03945320844208391,0.33037608806864915,0.630170703489267
:D,neither,0.03945320844208391,0.33037608806864915,0.630170703489267
and dow it actually is chromakey blue,neither,0.04579519973709297,0.2850262870158081,0.6691785132470989
sombody key that hair into somthing else,neither,0.03706576432300469,0.35616139000198593,0.6067728456750092
is lizz?,neither,0.081172750358939,0.3160268245287109,0.60280042511235
the wednesday letters are so sweet,neither,0.05699235216136244,0.3167322932988969,0.6262753545397406
https://clips.twitch.tv/HyperSmokyNigiriSuperVinlin,neither,0.03945320844208391,0.33037608806864915,0.630170703489267
gandsGandsModAlert,neither,0.03945320844208391,0.33037608806864915,0.630170703489267
Is Lizz,neither,0.081172750358939,0.3160268245287109,0.60280042511235
Pinged her on discord,offensive_language,0.019576348186579894,0.7969679006319234,0.1834557511814968
gandsGandsModAlert anyone?,neither,0.03945320844208391,0.33037608806864915,0.630170703489267
Lizzzz!!,neither,0.03945320844208391,0.33037608806864915,0.630170703489267
LIZZ!!!,neither,0.03945320844208391,0.33037608806864915,0.630170703489267
DRINK!,neither,0.03945320844208391,0.33037608806864915,0.630170703489267
D'awwwwwww,neither,0.03945320844208391,0.33037608806864915,0.630170703489267
yay Lizz!,neither,0.03945320844208391,0.33037608806864915,0.630170703489267
aww that was cute!,neither,0.037252731225052724,0.34312982244260615,0.6196174463323412
OH MY GOD THAT IS SO SWEET,neither,0.035892430164301964,0.44598348993211423,0.5181240799035838
gandsLessthanthree,neither,0.03945320844208391,0.33037608806864915,0.630170703489267
Awww. <3,neither,0.03945320844208391,0.33037608806864915,0.630170703489267
That was a beautiful analogy,neither,0.034096346397797,0.38999331632245976,0.5759103372797433
I love how sweet every daisy here is,neither,0.09637480293281751,0.30090617676193976,0.6027190203052426
"@brittanywalloch Hello, Brittany",neither,0.03945320844208391,0.33037608806864915,0.630170703489267
awkward,neither,0.03945320844208391,0.33037608806864915,0.630170703489267
Aw i love that everyone in chat recognises her,offensive_language,0.025143045716133332,0.5833586944046907,0.39149825987917597
!whodat,neither,0.03945320844208391,0.33037608806864915,0.630170703489267
"Amy Dallen ( twitter.com/enthusiamy ), Taliesin Jaffe ( twitter.com/executivegoth ), and Matt Key ( twitter.com/TheMattKey ), Markeia McCarty ( twitter.com/markeiamcarty ).",neither,0.03837055464192035,0.4510993576007872,0.5105300877572925
Amy's scarf is very Tom Baker,neither,0.044713997133179605,0.32856666160114617,0.6267193412656743
Hi Brittany!,neither,0.03945320844208391,0.33037608806864915,0.630170703489267
I love her mug,offensive_language,0.02808955198649235,0.5651088389729816,0.40680160904052604
@brittanywalloch Hello! How are you? :),neither,0.11107249515052996,0.32544024340169986,0.5634872614477702
ermagerd it's Matt's lovely wife Brittney!,neither,0.038250970860253815,0.33078959270236924,0.6309594364373771
!subcount,neither,0.03945320844208391,0.33037608806864915,0.630170703489267
@brittanywalloch Hi Brittany!!,neither,0.03945320844208391,0.33037608806864915,0.630170703489267
LIZ!,neither,0.03945320844208391,0.33037608806864915,0.630170703489267
Also hello Brittany!!,neither,0.03945320844208391,0.33037608806864915,0.630170703489267
gandsLessthanthree,neither,0.03945320844208391,0.33037608806864915,0.630170703489267
Whoa! Who drew Black Panther on the Chalk Board?,neither,0.04898581047654128,0.35638484482784577,0.594629344695613
Hey @brittanywalloch,neither,0.03945320844208391,0.33037608806864915,0.630170703489267
This is a great letter!,neither,0.04556716028346127,0.3039324350126251,0.6505004047039137
It's BA!,neither,0.037770165237438216,0.33095496380368705,0.6312748709588748
@JerrodOwex Ken Nguyen!,neither,0.03945320844208391,0.33037608806864915,0.630170703489267
!whodat,neither,0.03945320844208391,0.33037608806864915,0.630170703489267
"Amy Dallen ( twitter.com/enthusiamy ), Taliesin Jaffe ( twitter.com/executivegoth ), and Matt Key ( twitter.com/TheMattKey ), Markeia McCarty ( twitter.com/markeiamcarty ).",neither,0.03837055464192035,0.4510993576007872,0.5105300877572925
Yay librarians! <3,neither,0.03945320844208391,0.33037608806864915,0.630170703489267
sounds awesome,neither,0.03945320844208391,0.33037608806864915,0.630170703489267
@JerrodOwex Most likely Ken Nguyen,neither,0.03945320844208391,0.33037608806864915,0.630170703489267
What a great letter!,neither,0.043030121769932435,0.3007514139244207,0.656218464305647
@basefreeme It's between a bunch and a billion,neither,0.039160408907421985,0.4020648447954267,0.5587747462971513
Liz!,neither,0.03945320844208391,0.33037608806864915,0.630170703489267
Liz is a librarian?!,neither,0.081172750358939,0.3160268245287109,0.60280042511235
hi Brittany,neither,0.03945320844208391,0.33037608806864915,0.630170703489267
i am way too in love with taliesin's hair tonight,neither,0.02654274250050793,0.356423309570636,0.617033947928856
how does he keep it so vibrant?,offensive_language,0.028248867809794718,0.4989999025817765,0.4727512296084289
@ERNesbitt I believe that scarf was a gift from a wednesdaisy,neither,0.03718984595393234,0.3503445070002729,0.6124656470457946
Hi @brittanywalloch,neither,0.03945320844208391,0.33037608806864915,0.630170703489267
Thanks everyone for sending this special gift to taliesin,neither,0.05418496803085611,0.3551731431510039,0.59064188881814
@Nightbot markeimccarty Two c's,neither,0.0407660999210139,0.30809289329748146,0.6511410067815048
aww this so sweet,neither,0.039315508589802435,0.3763371202300282,0.5843473711801696
and silky,neither,0.03854442882677734,0.28357035124239044,0.6778852199308323
YAY!,neither,0.03945320844208391,0.33037608806864915,0.630170703489267
Yay Euro Wednesdaisies and Lizz!!,neither,0.038747090346849894,0.2950593204439603,0.6661935892091898
:D,neither,0.03945320844208391,0.33037608806864915,0.630170703489267
OH. OH MY.,neither,0.03717863569361366,0.3159476266302425,0.646873737676144
Asterix?,neither,0.03945320844208391,0.33037608806864915,0.630170703489267
Asterix!!!!,neither,0.03945320844208391,0.33037608806864915,0.630170703489267
YES,neither,0.03945320844208391,0.33037608806864915,0.630170703489267
Percy voice lmao,neither,0.03852446364809488,0.3461393110534097,0.6153362252984953
"@Chix_with_Joystix and thanks for all the amazing work you do, Liz.",neither,0.04520257936135787,0.3278359005938937,0.6269615200447484
ASTERIX!,neither,0.03945320844208391,0.33037608806864915,0.630170703489267
this is so sweet,neither,0.050396801499957504,0.38804325146065194,0.5615599470393905
@ToonEzon i presume the blood of smurfs but I could be wrong,neither,0.035957269710988914,0.32747179340130145,0.6365709368877096
this is super percy,neither,0.04688250786788126,0.32924358806527354,0.6238739040668453
Asterix was part of my childhood,neither,0.029356981925558103,0.408975133501821,0.5616678845726208
There is an Asterix theme park in France I believe,neither,0.04490552673841496,0.2970126619001041,0.6580818113614808
lol,neither,0.020706217963973744,0.4882283491876925,0.4910654328483337
"I hope there still is, at least",neither,0.08776877772934157,0.2126038142267292,0.6996274080439293
@ladyamphy if Percy were even more ponce than he is,neither,0.0344116154531988,0.3623118768992953,0.6032765076475058
I loved Asterix so much as a kid,neither,0.03388340448799267,0.40783017993780324,0.5582864155742041
Amy has the best smile!,neither,0.038342618596478056,0.30570709572121607,0.655950285682306
"trufax: i only knew asterix from the game gear game as a kid, so i didnt know he was a gaul (i thought he was a viking :D )",neither,0.04442905861596067,0.2682377103945355,0.6873332309895038
"Ohhh Asterix, my favorite and first comic",neither,0.020094814151955607,0.38431710096373806,0.5955880848843064
"I'm grinning like a madman, this is amazing",neither,0.06762374396578602,0.34755150505404314,0.584824750980171
gandsSubHype,neither,0.03945320844208391,0.33037608806864915,0.630170703489267
@asellussynd agreed!,neither,0.03945320844208391,0.33037608806864915,0.630170703489267
lit!!!,neither,0.03945320844208391,0.33037608806864915,0.630170703489267
We watched Asterix an Tin Tin in class growing up.,neither,0.037554169170223216,0.36858600153935933,0.5938598292904175
@asellussynd YES she does!,offensive_language,0.024733623494606862,0.5698297400149918,0.40543663649040135
Happy Birthday Tal! :D,neither,0.03945320844208391,0.33037608806864915,0.630170703489267
DRINK!,neither,0.03945320844208391,0.33037608806864915,0.630170703489267
drink!,neither,0.03945320844208391,0.33037608806864915,0.630170703489267
It's Taliesinmas!,neither,0.034373745257138544,0.33212314837979673,0.6335031063630647
who's lisa frank?,neither,0.03997874483017401,0.385760951400546,0.57426030376928
XD,neither,0.03945320844208391,0.33037608806864915,0.630170703489267
DRINK!,neither,0.03945320844208391,0.33037608806864915,0.630170703489267
liovly wife DRINK,neither,0.03945320844208391,0.33037608806864915,0.630170703489267
Never apologize for Lisa Frank.,neither,0.032802777578112466,0.3371890955170146,0.630008126904873
Speeed Racer omg,neither,0.03945320844208391,0.33037608806864915,0.630170703489267
(ding) Drink,neither,0.03945320844208391,0.33037608806864915,0.630170703489267
underated movie,neither,0.04346952624217752,0.2622086932468518,0.6943217805109707
I must be like 2 or three drinks behind here - what's the lovely wife count at?,neither,0.07467271190453928,0.3124738382020689,0.6128534498933917
Socks!,neither,0.03945320844208391,0.33037608806864915,0.630170703489267
I remember Speed Racer movie,neither,0.041603952630875025,0.2938723461898086,0.6645237011793165
LMAO,neither,0.03705015143476208,0.3711622369619404,0.5917876116032975
ive always wanted to get into comics but im one of those who needs to start at volume 1,neither,0.053982445498969744,0.4022181482142415,0.5437994062867888
ugh such beautiful socks,neither,0.03966053124624069,0.3268572790127054,0.633482189741054
mushroom socks!!,neither,0.03945320844208391,0.33037608806864915,0.630170703489267
He likes his socks lol,neither,0.06818605550508187,0.43363146538250325,0.49818247911241487
"Dangit Lizz, I hope you enjoy this on VOD",neither,0.11589250721125806,0.2597775945521598,0.6243298982365822
I need to try and get through the Speed Racer movie,neither,0.04430008342015223,0.26504861735526725,0.6906512992245805
Wish you were here,neither,0.15074074975833973,0.29991733730101805,0.5493419129406423
here he comes here comes speedracer,neither,0.12785559521412182,0.2702841188999572,0.6018602858859209
(today's a double exclamation points day for me apparently),neither,0.02973447926435514,0.311810288384927,0.6584552323507179
I remember the Speed Racer cartoon and movie!,neither,0.039806362105715094,0.26155191301429687,0.698641724879988
"Oh wow, those socks are glorious.",neither,0.10474472650565851,0.18436920568180323,0.7108860678125383
"argyle, dear tal",neither,0.03945320844208391,0.33037608806864915,0.630170703489267
The mushrooms are hilariously topical considering.,neither,0.06981391261024984,0.2594455489016252,0.6707405384881249
it gave me a headache the one time I tried to watch it :/,neither,0.0381932470396417,0.37499351025336847,0.5868132427069899
squeeee!! so glad i helped with this!!,neither,0.029260285543294094,0.40877859491717844,0.5619611195395274
Taliesin your fashion is amazing,neither,0.0851183694051306,0.3167613956082986,0.5981202349865707
