text,top_class,hate_speech,offensive_language,neither
how long is wednesday club?,neither,0.04634268561480303,0.3262855051239303,0.6273718092612667
"Sigh, someone needs to change the title card...... Sad now",neither,0.0432196770876752,0.31702063305094264,0.6397596898613821
Have you guys ever heard of Gogol Bordello,neither,0.056151334984123155,0.3916565915709903,0.5521920734448866
@Vance1982 i'm all caught up on that one too haha. i'm into isekai stuff lately,offensive_language,0.03148598993844441,0.5093185197639366,0.459195490297619
Mines n Crafts T_T,neither,0.03945320844208391,0.33037608806864915,0.630170703489267
@Zexxner Two hours,neither,0.04024829370942163,0.31688141607472947,0.642870290215849
2 hours,neither,0.03945320844208391,0.33037608806864915,0.630170703489267
thanks,neither,0.035884468650613,0.3004919205142699,0.6636236108351171
I hope the Slime manga gets an anime,neither,0.06424201137793367,0.23284577951919228,0.7029122091028739
I'll get that title card changed,neither,0.03615839574141533,0.3685191815296347,0.59532242272895
Hey Wednesdaisies! :D,neither,0.03945320844208391,0.33037608806864915,0.630170703489267
@GeekandSundry knife in the heat,neither,0.03862440205481499,0.31524430107382995,0.6461312968713551
"@Vance1982 a really good non-isekai is Goblin Slayer, but it's a little gory, not for kids and could be triggering for some people. It's really good, tho",neither,0.037822850193868995,0.30551279397487346,0.6566643558312575
heart*,neither,0.03945320844208391,0.33037608806864915,0.630170703489267
,neither,0.03945320844208391,0.33037608806864915,0.630170703489267
here you go,neither,0.2450500199035524,0.32103713363952097,0.43391284645692657
yay music!,neither,0.03945320844208391,0.33037608806864915,0.630170703489267
lol,neither,0.020706217963973744,0.4882283491876925,0.4910654328483337
new episode of the Death March anime is tomorrow though :D,neither,0.04592765944882694,0.2665757746490809,0.6874965659020923
HI to everyone,neither,0.039644680664805816,0.4407142664162929,0.5196410529189013
anyone playing Legends of Aria?,neither,0.03945320844208391,0.33037608806864915,0.630170703489267
hi,neither,0.03945320844208391,0.33037608806864915,0.630170703489267
"Hi, @meggiemay328",neither,0.03945320844208391,0.33037608806864915,0.630170703489267
The inly option is not to play.,neither,0.049101870779079126,0.3169199680886541,0.6339781611322668
Hi,neither,0.03945320844208391,0.33037608806864915,0.630170703489267
Hello everyone.,neither,0.03269494828970791,0.4450814005079928,0.5222236512022994
How about a nice game of chess?,neither,0.03711636075541687,0.3143995232423353,0.6484841160022479
What? mines n crafts?,neither,0.04653781999888937,0.32534352289967006,0.6281186571014407
,neither,0.03945320844208391,0.33037608806864915,0.630170703489267
Not sure why it took me that long but it did,offensive_language,0.019059796064540658,0.49056396511512895,0.4903762388203303
yay!,neither,0.03945320844208391,0.33037608806864915,0.630170703489267
"Congrats, @meggiemay328",neither,0.03945320844208391,0.33037608806864915,0.630170703489267
Nice,neither,0.03945320844208391,0.33037608806864915,0.630170703489267
So tonight is about Black Panther?,neither,0.07086003899922565,0.3566778181352493,0.5724621428655251
Only 6 more books to go!,neither,0.04992950744726955,0.3204697736393718,0.6296007189133586
@philbe63 Yes,neither,0.03945320844208391,0.33037608806864915,0.630170703489267
"Just read the 1st, 3rd, and last Harry Potter books",neither,0.036082776456333454,0.3110764518532162,0.6528407716904504
6 in the main. there are he reference books too..,neither,0.06104453016369667,0.2600567349600053,0.678898734876298
Hellooo Daisies,neither,0.03945320844208391,0.33037608806864915,0.630170703489267
"Waiting for the Gwensday club, an episode all about Gwen Stacy",neither,0.03541858628850941,0.3527109249195316,0.6118704887919589
@CrashTestGremlin I'd watch that,neither,0.04207796177428242,0.3988956302330104,0.5590264079927072
@CrashTestGremlin I think we get thrown off a building after that episode though.,neither,0.03696588322016652,0.3578225628376316,0.6052115539422019
I got my hands on Wicked + the divine it's so good,neither,0.026236732610304132,0.46279902222682273,0.5109642451628731
"ah, we talking bout the Black Leopard?",neither,0.049857459379300945,0.36973858814528954,0.5804039524754094
is there no sound or is it just me?,neither,0.03990181218868893,0.35358103236741784,0.6065171554438932
I am confused by all the colored versions of X Men. There's going to be a Red now?,neither,0.045297026727605376,0.19792709988029789,0.7567758733920967
"Emotionally, certainly.",neither,0.03945320844208391,0.33037608806864915,0.630170703489267
Hi Daisies! :D,neither,0.03945320844208391,0.33037608806864915,0.630170703489267
ok there is sound,neither,0.04856655885747068,0.28201861699613673,0.6694148241463926
hi fellow sunflower!,neither,0.03945320844208391,0.33037608806864915,0.630170703489267
Squid1 TheIlluminati Squid4,neither,0.03945320844208391,0.33037608806864915,0.630170703489267
Hullo everyone!,offensive_language,0.02988896790634741,0.4927062106388782,0.4774048214547744
hey wednesdaisies!,neither,0.03945320844208391,0.33037608806864915,0.630170703489267
Wednesdaisies = Gwenstacies,neither,0.03945320844208391,0.33037608806864915,0.630170703489267
Hola,neither,0.03945320844208391,0.33037608806864915,0.630170703489267
@Fiend_in_a_rainbow_beanie HELLO!,neither,0.03945320844208391,0.33037608806864915,0.630170703489267
Hi Chief! Thnak you!,neither,0.058260142212208814,0.38295079668812565,0.5587890610996655
Thanks Chief!,neither,0.0370810009996598,0.3105115283569621,0.6524074706433781
thanks chief,neither,0.0370810009996598,0.3105115283569621,0.6524074706433781
gandsSubHype gandsSubHype hi chief!,neither,0.03945320844208391,0.33037608806864915,0.630170703489267
Hi sunflower! :D @misssunflower94,neither,0.03945320844208391,0.33037608806864915,0.630170703489267
Want the inside scoop? Join the cast of Critical Role and discuss this episode right here on Talks Machina. Tuesdays 7pm Pacific at twitch.tv/geekandsundry and projectalpha.com,neither,0.04630302093207864,0.22484473131932575,0.7288522477485957
Chief is the best....Last week with the Horns and Flames on Matt...EPIC,neither,0.03449322754045131,0.3159169447829352,0.6495898276766134
Thank you Chief,neither,0.058617729219235186,0.393924339066521,0.5474579317142437
thanks chief,neither,0.0370810009996598,0.3105115283569621,0.6524074706433781
@JerrodOwex HAI,neither,0.03945320844208391,0.33037608806864915,0.630170703489267
thanks chef,neither,0.035884468650613,0.3004919205142699,0.6636236108351171
Hi all!,neither,0.0423466876598404,0.4436528871510691,0.5140004251890904
Reading Jason Aaron's thor right now. real good,neither,0.03438946280904659,0.4125397491439164,0.553070788047037
Chief is the best!,neither,0.046584425227751566,0.3025560918200983,0.6508594829521501
Theres a cat watching over me,neither,0.030981053723259683,0.3653398374739228,0.6036791088028176
Hi everyone coming in!,neither,0.033666372887305146,0.42859378987058916,0.5377398372421056
@artistsomeday what a blessing,neither,0.04622678436787283,0.32555606078567784,0.6282171548464492
Hello all!,neither,0.04217753453783664,0.43734383323855475,0.5204786322236087
Hello all!,neither,0.04217753453783664,0.43734383323855475,0.5204786322236087
ello,neither,0.03945320844208391,0.33037608806864915,0.630170703489267
We have a subscriber-only Discord server! Join here: https://discord.gg/geekandsundry (you'll need to sub and link it to your Twitch) and be a part of the fun!...Warning: It can take up to an hour for the server to update and give you access to the channels,neither,0.08464076273808444,0.286394834032893,0.6289644032290227
!twc,neither,0.03945320844208391,0.33037608806864915,0.630170703489267
"Here are some handy The Wednesday Club resources! TWC Reddit: reddit.com/r/WednesdayClub/ | Discord: https://discord.gg/6QK9fVB | Wednesday Club Fanclub on Facebook: facebook.com/groups/1945232949091586/ | Send in your thoughts, comic recommendations, questions, and more to Matt, Amy, and Taliesin at thewednesdayclub@geekandsundry.com",neither,0.05001524745118048,0.31503641584425707,0.6349483367045624
just made it!,neither,0.030598463871816552,0.3647224530537287,0.6046790830744548
Howdy y'all,offensive_language,0.046917543854519406,0.6277741405869331,0.3253083155585475
@artistsomeday I want a cat watching over me,neither,0.03004966555188084,0.36664453271740016,0.603305801730719
Hi all!!,neither,0.0423466876598404,0.4436528871510691,0.5140004251890904
my cat is sleepin,neither,0.03499723255006049,0.4082212990242465,0.5567814684256931
Is Chief in chat? What's the name?,neither,0.05051517764220558,0.311372886362606,0.6381119359951885
hi,neither,0.03945320844208391,0.33037608806864915,0.630170703489267
@SprlngheelJack He's not at all planning my demise,offensive_language,0.03272029861997053,0.5044156560782682,0.46286404530176134
@MeggieMay328 incidentally iirc the Chief knows the real Harry Potter...,neither,0.03372816911356115,0.38567654801858736,0.5805952828678516
did I miss Weave?,neither,0.03245805089700253,0.3327820435155666,0.6347599055874309
Cool,neither,0.03945320844208391,0.33037608806864915,0.630170703489267
Good evening....,neither,0.03869882722860525,0.3306355543605695,0.6306656184108252
@knightly2u After TWC at 9:30.,neither,0.03848286556646531,0.35988180235565614,0.6016353320778784
Liz is always lurking in the chat,neither,0.043610118410178346,0.35873052155679047,0.5976593600330312
I was deep diving Disney stuff after Bizarre States. Fun stuff.,neither,0.039398154325941986,0.33131050009937146,0.6292913455746866
@knightly2u no after this,neither,0.0379977228170703,0.3550794776399228,0.6069227995430069
@knightly2u nope - Weave is right after this!,neither,0.045489227517865,0.34522789486598254,0.6092828776161524
"Not yet, Weave is later tonight!",neither,0.04247619413262177,0.31377738944613504,0.6437464164212431
"Download the new Critical Role theme song for Campaign Two! http://itunes.apple.com/album/id1331550250?ls=1&app=itunes Sales of the song support the musician, Jason Charles Miller.",neither,0.04445767596344001,0.2510827790306858,0.7044595450058742
"chief, what is this please?",neither,0.054348722003454385,0.324744830207068,0.6209064477894777
I think Weave is after this.,neither,0.04858398391710562,0.3198170260618101,0.6315989900210842
@knightly2u weave is later,neither,0.0487021213407852,0.32719496280831206,0.6241029158509026
"@Deathstar_Taco Oh, brooklyn harry potter? such a great guy to have at parties",neither,0.04390182318706245,0.30686533028417157,0.649232846528766
yaaaay!!!,neither,0.03945320844208391,0.33037608806864915,0.630170703489267
<3,neither,0.03945320844208391,0.33037608806864915,0.630170703489267
Evening Wednesdaisies!,neither,0.03945320844208391,0.33037608806864915,0.630170703489267
Hel-loooooo!,neither,0.03945320844208391,0.33037608806864915,0.630170703489267
yay,neither,0.03945320844208391,0.33037608806864915,0.630170703489267
Here weave go,neither,0.10352878372487494,0.287719767981431,0.608751448293694
Hellooo Wednesday Club!!,neither,0.03945320844208391,0.33037608806864915,0.630170703489267
Hullo guys!!!,neither,0.03922184957078739,0.3343028519130907,0.6264752985161218
YAAAAYYYYY,neither,0.03945320844208391,0.33037608806864915,0.630170703489267
woo!,neither,0.03945320844208391,0.33037608806864915,0.630170703489267
Got my Black Panther ticket :P,neither,0.04384634674545771,0.4537592215124606,0.5023944317420816
Hi!,neither,0.03945320844208391,0.33037608806864915,0.630170703489267
hey yall!,neither,0.0373829100190767,0.36551445535541816,0.5971026346255053
you're VERY blue Taliesin,neither,0.0883128780875681,0.34715304064765606,0.5645340812647759
So Blue...,neither,0.039409160509557666,0.4002976903273296,0.5602931491631127
!twc,neither,0.03945320844208391,0.33037608806864915,0.630170703489267
"Here are some handy The Wednesday Club resources! TWC Reddit: reddit.com/r/WednesdayClub/ | Discord: https://discord.gg/6QK9fVB | Wednesday Club Fanclub on Facebook: facebook.com/groups/1945232949091586/ | Send in your thoughts, comic recommendations, questions, and more to Matt, Amy, and Taliesin at thewednesdayclub@geekandsundry.com",neither,0.05001524745118048,0.31503641584425707,0.6349483367045624
Hi!,neither,0.03945320844208391,0.33037608806864915,0.630170703489267
Wow Tali's hair is pretty blue lol,neither,0.03884874873716196,0.3754470745953716,0.5857041766674664
"I was banned during Asinine Wisdom for pretty much repeating what they were saying, lol. A badge of honor I guess",neither,0.030632372971009642,0.33401288426122255,0.6353547427677679
Markeia!!!! <3 <3 <3,neither,0.03945320844208391,0.33037608806864915,0.630170703489267
TAL YOUR HAIR LOOKS SO GOOD,neither,0.06368555381560705,0.3610343250178496,0.5752801211665434
Guest!,neither,0.03945320844208391,0.33037608806864915,0.630170703489267
Woo!!! BloodTrail,neither,0.03945320844208391,0.33037608806864915,0.630170703489267
Yo! I'll dance with to the waiting music if I want!,neither,0.023299978845093407,0.4281284988402952,0.5485715223146114
how is taliesins hair so blue?!?,neither,0.0482137936500033,0.37517329987592285,0.5766129064740738
"hi Lady with nice hair, Amy and guest",neither,0.03218457905912917,0.32818609051984793,0.639629330421023
Marvel Movie news Flashback!,neither,0.041472678923999806,0.2961004035925556,0.6624269174834445
Hello!,neither,0.03945320844208391,0.33037608806864915,0.630170703489267
Hi cast!,neither,0.03945320844208391,0.33037608806864915,0.630170703489267
Whoo!,neither,0.03945320844208391,0.33037608806864915,0.630170703489267
Hi @sp_acevex!,neither,0.03945320844208391,0.33037608806864915,0.630170703489267
hi all!,neither,0.0423466876598404,0.4436528871510691,0.5140004251890904
lmao I actually sneezed right on three,neither,0.035020762010257944,0.3764929848979225,0.5884862530918195
"Help G&S make great content! $4.99/month gets you emotes, Minecraft server access, sub-only VODs, and more! Every sub keeps the channel alive! twitch.tv/geekandsundry/subscribe",neither,0.043907990691603095,0.31135964332838284,0.644732365980014
I have dreamed of the day this crossover happened,neither,0.03864645634012655,0.31418806002869243,0.6471654836311811
that owl is a dick,offensive_language,0.0646768626094703,0.8721250104749534,0.0631981269155762
That is an epic Black Panther,neither,0.06710634948343351,0.3456575507530573,0.5872360997635092
Hello club! and guest!!,neither,0.03878066742774554,0.29688570294462796,0.6643336296276265
hello!!,neither,0.03945320844208391,0.33037608806864915,0.630170703489267
hey!,neither,0.03945320844208391,0.33037608806864915,0.630170703489267
How long before Taliesin says hi to Miss Sunflower,neither,0.03566266148710304,0.37770104809978194,0.586636290413115
!whodat,neither,0.03945320844208391,0.33037608806864915,0.630170703489267
"Amy Dallen ( twitter.com/enthusiamy ), Taliesin Jaffe ( twitter.com/executivegoth ), and Matt Key ( twitter.com/TheMattKey ), Markeia McCarty ( twitter,com/markeiamcarty ).",neither,0.03837055464192035,0.4510993576007872,0.5105300877572925
Welcome special guest!,neither,0.06833593047887265,0.31326514513139564,0.6183989243897318
@SprlngheelJack yeah that's the chap!,offensive_language,0.013845030920836734,0.5063531621050705,0.47980180697409275
hello wednesday club!,neither,0.03945320844208391,0.33037608806864915,0.630170703489267
"Came looking for Crit Role. Derpy me, it's Wednesday.. Still do not expect to be disappointed with Taliesin in the mix..",neither,0.029651713630526336,0.3536242988218176,0.616723987547656
goodies!!,neither,0.03945320844208391,0.33037608806864915,0.630170703489267
This is the second time Taliesin's shows have referenced that ad.,neither,0.0402452338133418,0.36798237157315755,0.5917723946135006
Hi @rookiez78,neither,0.03945320844208391,0.33037608806864915,0.630170703489267
XD,neither,0.03945320844208391,0.33037608806864915,0.630170703489267
Nice Chief,neither,0.03945320844208391,0.33037608806864915,0.630170703489267
did you say 'rum cake'? or did I miss something?,neither,0.04400618984215716,0.360382613891861,0.5956111962659819
"good one, chief",neither,0.03774074428140241,0.367087067552981,0.5951721881656167
Hello Daisies!,neither,0.03945320844208391,0.33037608806864915,0.630170703489267
*Thunder and lighting strike* :P,neither,0.0388557996905669,0.30090479427610217,0.660239406033331
lol chief,neither,0.029869404313338878,0.4015213065569965,0.5686092891296647
Wow! I almost missed this awesome episode today! >(,neither,0.038400770909629706,0.3163278607632456,0.6452713683271247
@Aldermeer welcome to the wednesday club!,neither,0.04444407658977203,0.3130709591526653,0.6424849642575626
"Mr. Turtle was the true villain, though. :D",neither,0.03865603775595965,0.3191448987759298,0.6421990634681106
"Its a veritable HOST of hosts, Chief",neither,0.034159048954328954,0.33219699228336125,0.6336439587623097
https://clips.twitch.tv/PerfectDirtySparrowNerfBlueBlaster,neither,0.03945320844208391,0.33037608806864915,0.630170703489267
black panther all up in this business! :D,neither,0.06333736144536832,0.46700441458907843,0.4696582239655533
Wakanda FOREVER!,neither,0.03945320844208391,0.33037608806864915,0.630170703489267
Drink!,neither,0.03945320844208391,0.33037608806864915,0.630170703489267
Ah!,neither,0.03945320844208391,0.33037608806864915,0.630170703489267
Sup wednesdaisies!,neither,0.03945320844208391,0.33037608806864915,0.630170703489267
emotional about comics? She's in the right place!,neither,0.04008896565030763,0.3720244739420859,0.5878865604076063
We avoided the Wakanda wild side episode title. Good job guys.,neither,0.035053646407791135,0.346478466371109,0.6184678872210999
I actually own the fantastic four issue of the origin tale of black panther. one of my fave in my collection.,neither,0.04434560614147016,0.38860055953046446,0.5670538343280653
hello im new here! always down to support my fav actors,neither,0.08452615608165547,0.34619030912337856,0.569283534794966
Navy!,neither,0.03945320844208391,0.33037608806864915,0.630170703489267
Hello everyone!,neither,0.03269494828970791,0.4450814005079928,0.5222236512022994
my friend has the old original run of black panther,neither,0.0430171403812223,0.3638675619659426,0.5931152976528352
