text,top_class,hate_speech,offensive_language,neither
I forgot he said that on talks!!,neither,0.037953313803898166,0.3777559551778625,0.5842907310182394
psst. spice?,neither,0.03945320844208391,0.33037608806864915,0.630170703489267
ayyyy,neither,0.03945320844208391,0.33037608806864915,0.630170703489267
ITS LIVE,neither,0.03646146549147045,0.3314050856575407,0.6321334488509888
ART TIME,neither,0.03804240160507918,0.3543211620050669,0.6076364363898539
gandsSubHype gandsSubHype gandsSubHype gandsSubHype gandsSubHype,neither,0.03945320844208391,0.33037608806864915,0.630170703489267
Starto~!,neither,0.03945320844208391,0.33037608806864915,0.630170703489267
FAN ART!!!,neither,0.03945320844208391,0.33037608806864915,0.630170703489267
It's Art Time!,neither,0.03650373622891289,0.3537229319316513,0.6097733318394358
HYPE,neither,0.03945320844208391,0.33037608806864915,0.630170703489267
EEEEEY LADS,neither,0.03945320844208391,0.33037608806864915,0.630170703489267
woop,neither,0.03945320844208391,0.33037608806864915,0.630170703489267
It start!,neither,0.036937545994497556,0.33124133974159137,0.6318211142639111
art time,neither,0.03804240160507918,0.3543211620050669,0.6076364363898539
ART CRAWL IS UP,neither,0.04400097318796767,0.37385718357927916,0.5821418432327532
Stream is up!,neither,0.045475273565137704,0.38726277146109006,0.5672619549737722
woooooo!,neither,0.03945320844208391,0.33037608806864915,0.630170703489267
We WIVE,neither,0.039025862747262004,0.3376292597931679,0.6233448774595702
Level 3!,neither,0.03945320844208391,0.33037608806864915,0.630170703489267
get to watch CR then go spend 3 more hours playing my brothers campaign,neither,0.04034201098799235,0.3745512140493819,0.5851067749626258
Sam wasnt in this week for the original was he? so any shirt,neither,0.038058889537257216,0.32908605814949105,0.6328550523132518
Sam in green screen shirt?????,neither,0.040337515660941,0.30970782424859467,0.6499546600904642
Spice?,neither,0.03945320844208391,0.33037608806864915,0.630170703489267
here we go boys,neither,0.1027770141199493,0.2909222680250213,0.6063007178550294
The meat man giveth,neither,0.03835465488035822,0.3856661340660047,0.5759792110536373
:D,neither,0.03945320844208391,0.33037608806864915,0.630170703489267
we live,neither,0.04675156173251523,0.3319383047908141,0.6213101334766706
Yay arts!,neither,0.03945320844208391,0.33037608806864915,0.630170703489267
Bibet from Ohio USA,neither,0.040417606421261354,0.3140077374838422,0.6455746560948964
Wooooo!,neither,0.03945320844208391,0.33037608806864915,0.630170703489267
gandsSubHype gandsSubHype gandsSubHype,neither,0.03945320844208391,0.33037608806864915,0.630170703489267
gandsSubHype gandsSubHype gandsSubHype gandsSubHype gandsSubHype gandsSubHype gandsSubHype gandsSubHype gandsSubHype gandsSubHype,neither,0.03945320844208391,0.33037608806864915,0.630170703489267
"bidet from Perth, Australia",neither,0.04062582848913359,0.31047366557575606,0.6489005059351104
HYPEE,neither,0.03945320844208391,0.33037608806864915,0.630170703489267
wooooo fan art!,neither,0.03945320844208391,0.33037608806864915,0.630170703489267
here ya go guys,offensive_language,0.0666267608919307,0.5768861061612292,0.3564871329468402
Beep Beep Bidet everyone!,offensive_language,0.02988896790634741,0.4927062106388782,0.4774048214547744
[whispers] you spice?,neither,0.05488665352137861,0.3740303335382783,0.5710830129403431
REE',neither,0.03945320844208391,0.33037608806864915,0.630170703489267
ah here we go!!,neither,0.10085591622768544,0.2919285720956696,0.6072155116766451
Always spice,neither,0.037410864661080345,0.3940005910258566,0.568588544313063
hey,neither,0.03945320844208391,0.33037608806864915,0.630170703489267
gandsNatTwenty gandsNatTwenty gandsNatTwenty gandsNatTwenty gandsNatTwenty gandsNatTwenty gandsNatTwenty gandsNatTwenty gandsNatTwenty gandsNatTwenty gandsNatTwenty gandsNatTwenty,neither,0.03945320844208391,0.33037608806864915,0.630170703489267
got to get a good flute for that spice,neither,0.03497280002152514,0.37315545571701153,0.5918717442614634
woooooooo,neither,0.03945320844208391,0.33037608806864915,0.630170703489267
Beep Beep,neither,0.03945320844208391,0.33037608806864915,0.630170703489267
"""I'LL TURN INTO A GOLDFISH."" ""You take.... 363 points of falling damage""",neither,0.048641870209112974,0.3569338701425364,0.5944242596483506
So ready for this episode!,neither,0.033372032316578835,0.3433942341991584,0.6232337334842628
Bidet!,neither,0.03945320844208391,0.33037608806864915,0.630170703489267
gandsSubHype gandsSubHype gandsSubHype,neither,0.03945320844208391,0.33037608806864915,0.630170703489267
"The channel has gone live, if you cannot see fan art please refresh.",neither,0.03806528570573744,0.3693331668636201,0.5926015474306424
gandsSubHype gandsSubHype gandsSubHype,neither,0.03945320844208391,0.33037608806864915,0.630170703489267
WOOOO!,neither,0.03945320844208391,0.33037608806864915,0.630170703489267
love the fan art!!!,neither,0.03584018856887331,0.3273808133444374,0.6367789980866891
HYPE!,neither,0.03945320844208391,0.33037608806864915,0.630170703489267
WOOO!,neither,0.03945320844208391,0.33037608806864915,0.630170703489267
get pumped!,neither,0.03886569642539569,0.34034770027603056,0.6207866032985738
*Impersonating the Mask* Smokin',neither,0.03878222026801597,0.31817765953174143,0.6430401202002426
HYPEEEEEEEEEEEEEEE,neither,0.03945320844208391,0.33037608806864915,0.630170703489267
Bidet,neither,0.03945320844208391,0.33037608806864915,0.630170703489267
Kappa,neither,0.03945320844208391,0.33037608806864915,0.630170703489267
yo,offensive_language,0.04010381111145228,0.5271105317972344,0.4327856570913131
Where all my tran Critters at? Throw up your gandsCrit,offensive_language,0.055265400782998665,0.5562307955838457,0.38850380363315556
Spice?,neither,0.03945320844208391,0.33037608806864915,0.630170703489267
ree,neither,0.03945320844208391,0.33037608806864915,0.630170703489267
GOFIBEPO SwiftRage,neither,0.03945320844208391,0.33037608806864915,0.630170703489267
"Bidet from Gilbert, AZ",neither,0.04040974714285343,0.31414112994950705,0.6454491229076396
YEEEEEEEEEEEEEEEEEEEEEEEEEE,neither,0.03945320844208391,0.33037608806864915,0.630170703489267
gandsSubHype,neither,0.03945320844208391,0.33037608806864915,0.630170703489267
bidet from DPRK,neither,0.04228451509352876,0.2823214250720796,0.6753940598343917
Bidet from PA,neither,0.04069404815304118,0.30931579984010865,0.6499901520068502
VKSLKJVSD,neither,0.03945320844208391,0.33037608806864915,0.630170703489267
that muuusic thou,neither,0.0344593389074749,0.38495653232369687,0.5805841287688283
BEEP BEEP fromCoMo,neither,0.03945320844208391,0.33037608806864915,0.630170703489267
eyo,neither,0.03945320844208391,0.33037608806864915,0.630170703489267
Bidet from Oregon!,neither,0.04071751644889743,0.3089174816120565,0.6503650019390461
Its happpeennniiiiing PogChamp,neither,0.02700859978372578,0.3346563596412867,0.6383350405749875
S,neither,0.03945320844208391,0.33037608806864915,0.630170703489267
HYPE,neither,0.03945320844208391,0.33037608806864915,0.630170703489267
gandsSubHype gandsSubHype gandsSubHype gandsSubHype gandsSubHype,neither,0.03945320844208391,0.33037608806864915,0.630170703489267
gandsMatt gandsMatt gandsMatt gandsMatt gandsMatt gandsMatt gandsMatt gandsMatt gandsMatt gandsMatt gandsMatt gandsMatt gandsMatt gandsMatt gandsMatt gandsMatt gandsMatt gandsMatt gandsMatt gandsMatt gandsMatt,neither,0.03945320844208391,0.33037608806864915,0.630170703489267
heLLL YEAAAAAAAH,neither,0.03945320844208391,0.33037608806864915,0.630170703489267
YAAAAASSSSS,neither,0.03945320844208391,0.33037608806864915,0.630170703489267
woooooo hooooo!,neither,0.03945320844208391,0.33037608806864915,0.630170703489267
Bidet from Utah!,neither,0.04066490145509902,0.30981049537100724,0.6495246031738937
:D,neither,0.03945320844208391,0.33037608806864915,0.630170703489267
gandsSubHype gandsSubHype gandsSubHype gandsSubHype gandsSubHype gandsSubHype,neither,0.03945320844208391,0.33037608806864915,0.630170703489267
Bidet from Limsa Lominsa,neither,0.04228451509352876,0.2823214250720796,0.6753940598343917
ah that sweet musak,neither,0.03507025261167317,0.3781548226603523,0.5867749247279747
ART weee <3,neither,0.03945320844208391,0.33037608806864915,0.630170703489267
gandsSubHype gandsSubHype gandsSubHype gandsSubHype gandsSubHype gandsSubHype gandsSubHype,neither,0.03945320844208391,0.33037608806864915,0.630170703489267
Arts!,neither,0.03945320844208391,0.33037608806864915,0.630170703489267
anextr7453 anextr7453 anextr7453 anextrH3r3 anextrH3r3 anextrH3r3 anextr7453 anextr7453 anextrH3r3 anextrH3r3,neither,0.03945320844208391,0.33037608806864915,0.630170703489267
ART TIME gandsSubHype gandsSubHype gandsSubHype gandsSubHype gandsSubHype,neither,0.03804240160507918,0.3543211620050669,0.6076364363898539
ninjaaH ninjaaH ninjaaH ninjaaH ninjaaH ninjaaH ninjaaH ninjaaH,neither,0.03945320844208391,0.33037608806864915,0.630170703489267
thank you all you artists!,offensive_language,0.08416587544039994,0.5383927776194876,0.3774413469401125
AAAYYYYYYEEEEE,neither,0.03945320844208391,0.33037608806864915,0.630170703489267
"Repeat The channel has gone live, if you cannot see fan art please refresh.",neither,0.038150731619647,0.36679518278224515,0.5950540855981077
Bidet from Sydney,neither,0.04062582848913359,0.31047366557575606,0.6489005059351104
oh wait its SKEIN,neither,0.037670850542751655,0.2711408029269703,0.691188346530278
its my first critical role live :D,neither,0.025684128124032347,0.3961285573101312,0.5781873145658366
gandsSubHype gandsSubHype gandsSubHype gandsSubHype gandsSubHype gandsSubHype,neither,0.03945320844208391,0.33037608806864915,0.630170703489267
gandsCrit gandsNatTwenty gandsCrit gandsNatTwenty,neither,0.03945320844208391,0.33037608806864915,0.630170703489267
YEA BOY !,neither,0.03917371057341146,0.33511989633133243,0.6257063930952561
WHOOO ART ART ART gandsSubHype gandsSubHype gandsSubHype gandsSubHype gandsSubHype,neither,0.03945320844208391,0.33037608806864915,0.630170703489267
"@mccainenl Could be worse, could've been ""Mouff grr growl grr grr pffbt mouff"".",neither,0.0325095328596692,0.27757185237601295,0.6899186147643179
Lets GO!!!!!!!!!!!! gandsSubHype gandsSubHype gandsSubHype,neither,0.039984317429425154,0.35542799280679366,0.6045876897637812
Wishing you guys a good game tonight!,neither,0.048094042600817524,0.30985560611717083,0.6420503512820117
Bidet from Dallas Texas! TEXBLADES ASSEMBLE!!,neither,0.040526092357498496,0.3121664480201657,0.6473074596223359
beep beep,neither,0.03945320844208391,0.33037608806864915,0.630170703489267
Bidet from Arizona!!,neither,0.04078317879478948,0.307803020237201,0.6514138009680096
Bidet from Salem MA,neither,0.031816597323666866,0.4599893087150652,0.5081940939612679
YEAH ART TIME,neither,0.022637285838376913,0.4581935503642838,0.5191691637973394
uspice?,neither,0.03945320844208391,0.33037608806864915,0.630170703489267
gandsMatt gandsMatt gandsMatt gandsMatt,neither,0.03945320844208391,0.33037608806864915,0.630170703489267
CRITICAL ROLE!!!!!!!!!!!!!!!!,neither,0.03945320844208391,0.33037608806864915,0.630170703489267
Wooo! Here we go!,neither,0.13156755280784707,0.2765461283225309,0.5918863188696221
HYPE,neither,0.03945320844208391,0.33037608806864915,0.630170703489267
all the hypes!,offensive_language,0.041785587507551285,0.49387059749283524,0.46434381499961347
givmigGasm givmigGasm givmigTato givmigTato givmigTato givmigTato,neither,0.03945320844208391,0.33037608806864915,0.630170703489267
Bidet from Margaret River in Australia,neither,0.04034678481196919,0.31520976502320236,0.6444434501648286
gandsSubHype,neither,0.03945320844208391,0.33037608806864915,0.630170703489267
gandsSubHype gandsSubHype gandsSubHype gandsSubHype,neither,0.03945320844208391,0.33037608806864915,0.630170703489267
Always so impressed with the artwork,neither,0.026973489117297366,0.4431421722041275,0.5298843386785752
Beep beep from WKU,neither,0.04228451509352876,0.2823214250720796,0.6753940598343917
bidet from houston,neither,0.040875471929787875,0.3062365648703896,0.6528879631998226
Bidet from PA!,neither,0.04069404815304118,0.30931579984010865,0.6499901520068502
HELLA LETS GOOOO,neither,0.03433413127574869,0.4172601873081782,0.548405681416073
!clock,neither,0.03945320844208391,0.33037608806864915,0.630170703489267
Bidet from las Vegas,neither,0.040400041164603724,0.3143058657309893,0.6452940931044071
SKEIN,neither,0.03945320844208391,0.33037608806864915,0.630170703489267
It is currently Thursday 6:46 PM at the Geek & Sundry studio in California.,neither,0.0510853560815634,0.32964593687365445,0.6192687070447822
Cue the SCROLLLLLLLLLLLLLL~!,neither,0.03839939302560993,0.311011251109799,0.6505893558645911
SUCH TALENT!!,neither,0.03972173376533776,0.32581851253778127,0.634459753696881
Bidet from queensland Australia. Beep Beep with much love to all the fellow Critters!,neither,0.032162873672914066,0.38903837745897357,0.5787987488681123
For some reason I can't see the chat,neither,0.027741250588306347,0.2999120281754761,0.6723467212362176
gandsNatTwenty gandsNatTwenty gandsNatTwenty gandsNatTwenty gandsNatTwenty gandsNatTwenty gandsNatTwenty gandsNatTwenty,neither,0.03945320844208391,0.33037608806864915,0.630170703489267
I Spice You Spice we spice cuz its Nice!!,neither,0.042769555295836904,0.35117339153807114,0.606057053166092
BIDET FROM ARIZONA,neither,0.04078317879478948,0.307803020237201,0.6514138009680096
"Bidet from Fayetteville, AR!",neither,0.04228451509352876,0.2823214250720796,0.6753940598343917
SPICE SPICE SPICE,neither,0.03945320844208391,0.33037608806864915,0.630170703489267
gandsSubHype gandsSubHype gandsSubHype,neither,0.03945320844208391,0.33037608806864915,0.630170703489267
gandsSubHype,neither,0.03945320844208391,0.33037608806864915,0.630170703489267
Bidet Everyone.,offensive_language,0.02988896790634741,0.4927062106388782,0.4774048214547744
Bidet from San Diego!,neither,0.040446282760733435,0.31352102516371877,0.6460326920755478
bidet,neither,0.03945320844208391,0.33037608806864915,0.630170703489267
bidet everyone,offensive_language,0.02988896790634741,0.4927062106388782,0.4774048214547744
Yesssssssss TwitchUnity,neither,0.03945320844208391,0.33037608806864915,0.630170703489267
Bidet from ID,neither,0.04097845174991622,0.304488728566897,0.6545328196831867
Bidet from PHILLY!,neither,0.040769555981420263,0.3080342349327864,0.6511962090857933
Bidet from Danville,neither,0.04228451509352876,0.2823214250720796,0.6753940598343917
Bidet from Wisconsin,neither,0.04071751644889743,0.3089174816120565,0.6503650019390461
LOOK AT ALL THAT NOTT ART,neither,0.03804700066639314,0.4729087327602669,0.48904426657333994
gandsSubHype gandsSubHype gandsSubHype gandsSubHype,neither,0.03945320844208391,0.33037608806864915,0.630170703489267
WOOOOOOOOOOHHHH Bidet from Nashville,neither,0.04071751644889743,0.3089174816120565,0.6503650019390461
LUL,neither,0.03945320844208391,0.33037608806864915,0.630170703489267
!tmsubmit,neither,0.03945320844208391,0.33037608806864915,0.630170703489267
woohoo off work for once bidet from Florida,neither,0.03584297070703052,0.2965777421285058,0.6675792871644636
The email to submit your Fan Art and Gif of the Week submissions is ‘ submit@talksmachina.com '. Before 9 AM Pacific next Tuesday. Submit away!,neither,0.05727310753668434,0.3147331773433212,0.6279937151199946
gandsSubHype gandsSubHype gandsSubHype gandsSubHype gandsSubHype gandsSubHype gandsSubHype gandsSubHype gandsSubHype,neither,0.03945320844208391,0.33037608806864915,0.630170703489267
The spicening?,neither,0.03613032604487659,0.2619290779399786,0.7019405960151449
i too am shit at makeup,offensive_language,0.044226585824844525,0.95412480329952,0.0016486108756355172
Bidet from Indiana!,neither,0.0408364874901429,0.30689823255244486,0.6522652799574122
Woooooooooo almost time,neither,0.03781171612478011,0.35823649664687146,0.6039517872283484
gandsSubHype gandsSubHype gandsSubHype gandsSubHype gandsSubHype gandsSubHype gandsSubHype,neither,0.03945320844208391,0.33037608806864915,0.630170703489267
"nchorage, AK",neither,0.03945320844208391,0.33037608806864915,0.630170703489267
Much excite,neither,0.03535603300771303,0.3317852945789775,0.6328586724133095
hahah,neither,0.03945320844208391,0.33037608806864915,0.630170703489267
Bidet from Arkansas!!!,neither,0.04066490145509902,0.30981049537100724,0.6495246031738937
I can't get the screen to load for some reason,neither,0.03277804415274028,0.3079880348915651,0.6592339209556946
gandsSCANLAN gandsSCANLAN gandsSCANLAN gandsSCANLAN gandsSCANLAN gandsSCANLAN,neither,0.03945320844208391,0.33037608806864915,0.630170703489267
Bidet from Seattle!,neither,0.040754399270683486,0.3082914838698526,0.650954116859464
all you critter artists deserve awards! these are amazing!,neither,0.09997698944917785,0.44317987130611175,0.4568431392447104
"considering the day I'm waiting for ""Bidet from Wakanda!""",neither,0.03503435210376387,0.2676450760682914,0.6973205718279447
why give salt when you can give spice,neither,0.034046983410588164,0.4023649664859464,0.5635880501034654
bidet from denver,neither,0.04069404815304118,0.30931579984010865,0.6499901520068502
"Hey question, how do you access the VOD?",neither,0.052359512537165996,0.35073817371690236,0.5969023137459317
anyone know why the youtube feed isnt up yet they usually put it up a few hours before?,neither,0.029241641491227904,0.40881138528069,0.5619469732280822
bidet,neither,0.03945320844208391,0.33037608806864915,0.630170703489267
Bidet from Germany,neither,0.04069404815304118,0.30931579984010865,0.6499901520068502
bidet from long island!,neither,0.040349090989372026,0.3087357751934448,0.6509151338171831
bidet from Vancouver bc,neither,0.041095261662497835,0.30250615950080734,0.6563985788366947
bidet from Montana,neither,0.04078317879478948,0.307803020237201,0.6514138009680096
much love from CHICAGO! ninjaaLove ninjaaLove ninjaaLove ninjaaLove ninjaaH ninjaaH ninjaaH,neither,0.03387140906458863,0.32688526815284724,0.6392433227825641
art scroll up,neither,0.03705898614290395,0.3785136089911414,0.5844274048659547
HERE WE GOOOOOO,neither,0.15579607761817918,0.2572279575342963,0.5869759648475245
bidet,neither,0.03945320844208391,0.33037608806864915,0.630170703489267
Critical rollllllllllll in 15 woot,neither,0.03945320844208391,0.33037608806864915,0.630170703489267
hype,neither,0.03945320844208391,0.33037608806864915,0.630170703489267
bidet from oregon,neither,0.04071751644889743,0.3089174816120565,0.6503650019390461
Loce Jester!!!!,neither,0.03945320844208391,0.33037608806864915,0.630170703489267
jester is best girl,neither,0.03984472000489213,0.40056723783426107,0.5595880421608468
yeet,neither,0.03945320844208391,0.33037608806864915,0.630170703489267
BIDET FROM WISCONSIN,neither,0.04071751644889743,0.3089174816120565,0.6503650019390461
hi chat,neither,0.03945320844208391,0.33037608806864915,0.630170703489267
dont drink and boat,neither,0.038704080535880384,0.2926904834206257,0.668605436043494
everybody loves Caleb + Nott,neither,0.03945320844208391,0.33037608806864915,0.630170703489267
Bidet from MA,neither,0.031816597323666866,0.4599893087150652,0.5081940939612679
bidet Critters!!!!,neither,0.03945320844208391,0.33037608806864915,0.630170703489267
"bidet from Torres Novas, Portugal",neither,0.04031924518627951,0.315677184343852,0.6440035704698686
"Bidet from Los Banos, California",neither,0.06005446047787741,0.3065562254245302,0.6333893140975922
CRITICAL ROLE!!!!!!!!!!!!!!!!,neither,0.03945320844208391,0.33037608806864915,0.630170703489267
13 minutes!!!!!!!!!!,neither,0.03945320844208391,0.33037608806864915,0.630170703489267
hello!!!!,neither,0.03945320844208391,0.33037608806864915,0.630170703489267
Bidet from Alabama!,neither,0.04078317879478948,0.307803020237201,0.6514138009680096
"literally just finished episode 4 , this very second",neither,0.03629204677062592,0.34588830942857834,0.6178196438007958
yaaaas,neither,0.03945320844208391,0.33037608806864915,0.630170703489267
i cast thaumaturgy,neither,0.03945320844208391,0.33037608806864915,0.630170703489267
Bidet from Irvine!!,neither,0.04228451509352876,0.2823214250720796,0.6753940598343917
"Damnit, I'm still seeing TWTF screen",neither,0.0387525977486075,0.34226727998515194,0.6189801222662406
i just binge watch all 4 previous episodes since yesterday. I am loving the show!,neither,0.04979413022835647,0.3261238504757378,0.6240820192959057
hype_as_shit.jpg,neither,0.03945320844208391,0.33037608806864915,0.630170703489267
gandsOverlord gandsOverlord gandsOverlord gandsOverlord,neither,0.03945320844208391,0.33037608806864915,0.630170703489267
Bidet from Peru :D,neither,0.04228451509352876,0.2823214250720796,0.6753940598343917
Bidet!,neither,0.03945320844208391,0.33037608806864915,0.630170703489267
Bidet from Missouri!,neither,0.04071751644889743,0.3089174816120565,0.6503650019390461
has the stream started yet,neither,0.039033086995276786,0.31122661173893806,0.6497403012657852
yes,neither,0.03945320844208391,0.33037608806864915,0.630170703489267
Bidet from Vancouver! The Canadian one.,neither,0.038678650614448244,0.3271692521415702,0.6341520972439816
BIDET FROM HUPPERDOOK,neither,0.04228451509352876,0.2823214250720796,0.6753940598343917
Bidet from Michigan,neither,0.040769555981420263,0.3080342349327864,0.6511962090857933
Bidet y’all.,offensive_language,0.046917543854519406,0.6277741405869331,0.3253083155585475
I love them all so much! Such Beautiful Art!!!!,neither,0.04569885402725928,0.4262282575102208,0.5280728884625198
gandsSubHype gandsSubHype gandsSubHype,neither,0.03945320844208391,0.33037608806864915,0.630170703489267
@rebeckeronie Bidet! Seattle too :),neither,0.03914416629995756,0.33562133975625463,0.6252344939437878
gandsSubHype gandsSubHype,neither,0.03945320844208391,0.33037608806864915,0.630170703489267
What is wrong?,neither,0.06387513023305251,0.31888863077768526,0.6172362389892622
oi,neither,0.03945320844208391,0.33037608806864915,0.630170703489267
it's 2:47am and it's time to fuckin party,offensive_language,0.08513870546304007,0.8917246605189341,0.023136634018025796
gandsCrit gandsCrit gandsCrit,neither,0.03945320844208391,0.33037608806864915,0.630170703489267
wot,neither,0.03945320844208391,0.33037608806864915,0.630170703489267
Is my screen still supposed to be black,neither,0.058443253190504356,0.39964790148022733,0.5419088453292683
good evening from Topeka KS,neither,0.03989301137825596,0.3111182736896296,0.6489887149321144
Bidet from AL,neither,0.04724196013466046,0.19818064482348735,0.7545773950418522
does the party wanna buy any deathstick?,neither,0.026778841333373313,0.4300460890925166,0.5431750695741101
ednygmass -> ONLY HULK CAPSLOCKS [warning],neither,0.03945320844208391,0.33037608806864915,0.630170703489267
life needs things to live,neither,0.04699740961526177,0.380498884742175,0.5725037056425633
Atyyyylmao lets gooo,neither,0.03868305123800957,0.34344766577192837,0.6178692829900622
Bidet from Philly!!,neither,0.040769555981420263,0.3080342349327864,0.6511962090857933
"Galway, Ireland :)",neither,0.03945320844208391,0.33037608806864915,0.630170703489267
Amazing art guys!!,neither,0.039346148037911324,0.332193182532848,0.6284606694292406
cheer1 cheer1 cheer1 it's my birthday!!! Glad to be spending it here!!!,neither,0.0615290568778849,0.3664318612740826,0.5720390818480325
!critvod,neither,0.03945320844208391,0.33037608806864915,0.630170703489267
bidet from cheyenne,neither,0.04228451509352876,0.2823214250720796,0.6753940598343917
Past episodes of Critical Role are at geekandsundry.com/shows/critical-role/ and projectalpha.com and new episodes go up on YouTube the Monday after they air.,neither,0.04467976728899203,0.2889436051275096,0.6663766275834984
Happy Thursday from Friday!,neither,0.04043191542417884,0.31376487636081085,0.6458032082150104
,neither,0.03945320844208391,0.33037608806864915,0.630170703489267
The spicening!,neither,0.03613032604487659,0.2619290779399786,0.7019405960151449
yes,neither,0.03945320844208391,0.33037608806864915,0.630170703489267
Alright alright alright,neither,0.03945320844208391,0.33037608806864915,0.630170703489267
gandsMatt gandsMatt gandsMatt gandsMatt,neither,0.03945320844208391,0.33037608806864915,0.630170703489267
GOFIBEPO SwiftRage,neither,0.03945320844208391,0.33037608806864915,0.630170703489267
REFRESH FOR FANART,neither,0.03296554473014691,0.29799019813725613,0.669044257132597
Bidet from central Pennsylvaia!,neither,0.04071751644889743,0.3089174816120565,0.6503650019390461
bidet from cali,neither,0.04079557052152802,0.30759270029461827,0.6516117291838538
Bidet from Nashvegas! #TEAMFJORD,neither,0.04228451509352876,0.2823214250720796,0.6753940598343917
Bidet from Toronto! Rejoice my fellow critters for TONIGHT IS THURSDAY NIGHT!!,neither,0.028119449168950896,0.33706215073851525,0.6348184000925339
mollymauk? more like a gorgeous tiefling being,neither,0.04699964050395495,0.36651144299666233,0.5864889164993826
My third live stream. I'm so excited!!!,neither,0.03394528117467001,0.42271754758723695,0.5433371712380931
Bidet,neither,0.03945320844208391,0.33037608806864915,0.630170703489267
First time watching live!! Woooo,neither,0.03513206370154816,0.3516282956383994,0.6132396406600524
I think the art book they put out for this campagin will be so much bigger,neither,0.0317762447260339,0.3215213290399307,0.6467024262340353
Bidet from Mississippi,neither,0.040754399270683486,0.3082914838698526,0.650954116859464
Bidet from Toronto!,neither,0.04066490145509902,0.30981049537100724,0.6495246031738937
bidet Toronto!,neither,0.03945320844208391,0.33037608806864915,0.630170703489267
HAPPY HAPPY,neither,0.03945320844208391,0.33037608806864915,0.630170703489267
Pleas Drink and Boat its Awesome!!,neither,0.03396883599623543,0.29969688570347147,0.6663342783002931
Nottster is my OTP ~ Caleb can get with Fjord *droolll*,neither,0.027915887783275882,0.4235772928843462,0.548506819332378
Bidet from Milwaukee!,neither,0.04066490145509902,0.30981049537100724,0.6495246031738937
happy birday,neither,0.03945320844208391,0.33037608806864915,0.630170703489267
Damn got here late.,offensive_language,0.10360344483553464,0.7944620397661907,0.10193451539827464
Here we GOO BOYOS,neither,0.15579607761817918,0.2572279575342963,0.5869759648475245
here we go! curious how that road journy will go! ;) :D,neither,0.06788837014594878,0.32429387676170046,0.6078177530923508
YESS!,neither,0.03945320844208391,0.33037608806864915,0.630170703489267
bidet from Missouri,neither,0.04071751644889743,0.3089174816120565,0.6503650019390461
yummy,neither,0.03945320844208391,0.33037608806864915,0.630170703489267
BIDET!!!!,neither,0.03945320844208391,0.33037608806864915,0.630170703489267
bidet from NJ,neither,0.04069404815304118,0.30931579984010865,0.6499901520068502
it is my first time watching on twitch,neither,0.027452046020912987,0.42026029996244263,0.5522876540166444
"The channel has gone live, if you cannot see fan art please refresh.",neither,0.03806528570573744,0.3693331668636201,0.5926015474306424
its not spice its an experience,neither,0.030744450411892617,0.3327857731756729,0.6364697764124343
Bidet from Arkansas,neither,0.04066490145509902,0.30981049537100724,0.6495246031738937
@gps88 HAPPY BIRTHDAY!!!!,neither,0.03945320844208391,0.33037608806864915,0.630170703489267
Bidet from Texas,neither,0.040937266849991,0.30518774380265185,0.6538749893473571
"Bidet from Bridgeport, CT!",neither,0.04066490145509902,0.30981049537100724,0.6495246031738937
TGIT,neither,0.03945320844208391,0.33037608806864915,0.630170703489267
Bidet from Missouri,neither,0.04071751644889743,0.3089174816120565,0.6503650019390461
BIDET FROM MINNESOTA!!!!,neither,0.04071751644889743,0.3089174816120565,0.6503650019390461
yay!!,neither,0.03945320844208391,0.33037608806864915,0.630170703489267
PogChamp //,neither,0.03945320844208391,0.33037608806864915,0.630170703489267
hello all I'm here for THE BEAU SHOW,neither,0.10312500609477127,0.23499412099818148,0.6618808729070473
Show me your teeth.,neither,0.0916396915454441,0.2756514122587733,0.6327088961957824
Bidet,neither,0.03945320844208391,0.33037608806864915,0.630170703489267
ah...this is good stuff.,neither,0.04682473798957623,0.3293867624975053,0.6237884995129185
Bidet from Chicago!,neither,0.04078317879478948,0.307803020237201,0.6514138009680096
Hey!!!!!,neither,0.03945320844208391,0.33037608806864915,0.630170703489267
bidet from Wisconsin,neither,0.04071751644889743,0.3089174816120565,0.6503650019390461
Bidet from Texas!,neither,0.040937266849991,0.30518774380265185,0.6538749893473571
Yessssss,neither,0.03945320844208391,0.33037608806864915,0.630170703489267
Bidet from the UK :),neither,0.039613273355342184,0.2892653269430044,0.6711213997016535
bidet!,neither,0.03945320844208391,0.33037608806864915,0.630170703489267
@gps88 happy borthday!,neither,0.03945320844208391,0.33037608806864915,0.630170703489267
LETS DO THIS,neither,0.040148419443759686,0.3496283523875733,0.610223228168667
"Welcome to new folks, joining us for the first time, and welcome back regulars.",neither,0.05312718288270182,0.25049359933385756,0.6963792177834405
Hello early squad,neither,0.040861961723183744,0.30646586833529127,0.652672169941525
Happy birthday gps88,neither,0.03945320844208391,0.33037608806864915,0.630170703489267
Bidet from Calgary!,neither,0.04228451509352876,0.2823214250720796,0.6753940598343917
Beep Beep from Indiana!,neither,0.0408364874901429,0.30689823255244486,0.6522652799574122
Bidet from Virginia Beach,neither,0.040454134749990676,0.3133877564139642,0.6461581088360451
"bidet from portland, or!",neither,0.040570124267008914,0.3114191116016469,0.6480107641313441
bidet from anger,neither,0.040737273169946825,0.30858215849491494,0.6506805683351382
Bidet,neither,0.03945320844208391,0.33037608806864915,0.630170703489267
Bidet from Germany,neither,0.04069404815304118,0.30931579984010865,0.6499901520068502
ok... controversial point; fan art isn't as good this campaign so far....,neither,0.03778817498814291,0.3773176429509228,0.5848941820609344
bidet everyone. from New Zealand,neither,0.03753811983355661,0.3308361531342275,0.6316257270322161
anyone else get reminded of sokka from avatar with Beau a little bit,neither,0.03282441729067016,0.35048082080279214,0.6166947619065377
Bidet from Indiana!!,neither,0.0408364874901429,0.30689823255244486,0.6522652799574122
bidet from ohio,neither,0.040754399270683486,0.3082914838698526,0.650954116859464
that was cute fanart,neither,0.03617126956341089,0.34958289954526994,0.6142458308913191
Bidet From Portland!!,neither,0.04066490145509902,0.30981049537100724,0.6495246031738937
bidet from Cape Town South Africa and a 5am live watcher!,neither,0.04212290217464396,0.29636300057628034,0.6615140972490757
bidet,neither,0.03945320844208391,0.33037608806864915,0.630170703489267
Bidet from Scotland,neither,0.04062582848913359,0.31047366557575606,0.6489005059351104
WOO ITS THURSDAY,neither,0.034126862948330956,0.3322080625267327,0.6336650745249365
bidet from Fort worth Texas,neither,0.04059632814105265,0.31097436347246293,0.6484293083864843
@YoRhino117 Go Missourians!,neither,0.04276165647058889,0.34190019769565555,0.6153381458337556
Happy birthday @gps88,neither,0.03945320844208391,0.33037608806864915,0.630170703489267
ahhh mbmbam,neither,0.03945320844208391,0.33037608806864915,0.630170703489267
"Bidet from Montreal, peeps!",neither,0.04036148306971713,0.3149602972298236,0.6446782197004592
I am sooo ready,neither,0.03924978939516098,0.3304460532067889,0.6303041573980501
@gps88 hapopy birthday!,neither,0.03945320844208391,0.33037608806864915,0.630170703489267
Bidet from Canada!!,neither,0.04071751644889743,0.3089174816120565,0.6503650019390461
Bidet from Maine!!!,neither,0.04069404815304118,0.30931579984010865,0.6499901520068502
whats up lovelies,neither,0.03597034933595279,0.4023906385329718,0.5616390121310755
@Impossiblegirl11 What soundtrack is this music from? Pillars right?,neither,0.05147520074633369,0.32635647478725155,0.6221683244664148
bidet from TN,neither,0.040769555981420263,0.3080342349327864,0.6511962090857933
poor @nightbot announcing every minute the time.,neither,0.037956027460471,0.33270413778756264,0.6293398347519664
omg i finally made it on time,neither,0.034665896756177476,0.3609272863182983,0.6044068169255242
Anyone else having issues with the discord not sync properly?,neither,0.030739263825233686,0.34750988427427626,0.62175085190049
Bidet from Portland!,neither,0.04066490145509902,0.30981049537100724,0.6495246031738937
"Bidet from Norman, OK!!",neither,0.04104157946423444,0.3034172865047108,0.6555411340310547
whoo!,neither,0.03945320844208391,0.33037608806864915,0.630170703489267
woo! so excited!,neither,0.03941236851434089,0.372859359918277,0.5877282715673822
bidet from california!!,neither,0.06971251856910227,0.2972619859879888,0.633025495442909
"Oh man, hyped for my first live cr episode",neither,0.030217596012736835,0.36924401576400406,0.600538388223259
some really talented art bois out tonight,neither,0.030223434409966363,0.33454861847731016,0.6352279471127235
haha random MBMBaM reference,neither,0.03569418351586562,0.39417655133988916,0.5701292651442452
Bidet from Washington!,neither,0.04080695066346891,0.3073995495860776,0.6517934997504536
"Bidet from Plymouth, MA!",neither,0.031816597323666866,0.4599893087150652,0.5081940939612679
Bidet.,neither,0.03945320844208391,0.33037608806864915,0.630170703489267
bidet from long island ny,neither,0.04017944379920894,0.3128524409485844,0.6469681152522065
HAPPY BIRTHDAY,neither,0.03945320844208391,0.33037608806864915,0.630170703489267
woo,neither,0.03945320844208391,0.33037608806864915,0.630170703489267
@gps88 HAPPY BIRTHDAY!!!,neither,0.03945320844208391,0.33037608806864915,0.630170703489267
yay for hype,neither,0.03378075233808383,0.30204564048844146,0.6641736071734747
bidet from the town of me gettin druuuunk hollar at me homies,neither,0.030259367551304654,0.37242154639125974,0.5973190860574356
@alevel1magikarp cheer1 cheer1 cheer1 Thank you!!,neither,0.07325166854587051,0.43632638485078484,0.49042194660334476
bidet from sgippensburg pa,neither,0.04069404815304118,0.30931579984010865,0.6499901520068502
"Bidet and Beep Beep, fellow Critters",neither,0.03847354642549547,0.27932863474708153,0.682197818827423
Hello 2 u 2,neither,0.03945320844208391,0.33037608806864915,0.630170703489267
birthday episode!,neither,0.03945320844208391,0.33037608806864915,0.630170703489267
i wonder if it hurt getting your horns pierced,neither,0.03829618862915577,0.40808511555094706,0.5536186958198973
Arrrrrrrrrrrt,neither,0.03945320844208391,0.33037608806864915,0.630170703489267
my body is ready,neither,0.03405984045513004,0.42505863100050806,0.540881528544362
Bidet from Missouri!,neither,0.04071751644889743,0.3089174816120565,0.6503650019390461
bidet from Uruguay,neither,0.04228451509352876,0.2823214250720796,0.6753940598343917
Happy Birthday gps88,neither,0.03945320844208391,0.33037608806864915,0.630170703489267
Bidet from Atlanta! And happy birthday!!,neither,0.039624149419452824,0.27831656414107653,0.6820592864394707
gands2YearHype,neither,0.03945320844208391,0.33037608806864915,0.630170703489267
LEVEL 3 you guys!!,neither,0.06168373184541831,0.3949294661342462,0.5433868020203355
Bidet from California,neither,0.06971251856910227,0.2972619859879888,0.633025495442909
@Shadowbox74,neither,0.03945320844208391,0.33037608806864915,0.630170703489267
"First time watching live, so excited!!!!",neither,0.03587641250807106,0.38499492490635284,0.5791286625855762
!discord,neither,0.03945320844208391,0.33037608806864915,0.630170703489267
We have a subscriber-only Discord server! Join here: https://discord.gg/geekandsundry (you'll need to sub and link it to your Twitch) and be a part of the fun!...Warning: It can take up to an hour for the server to update and give you access to the channels,neither,0.08464076273808444,0.286394834032893,0.6289644032290227
I have waited all week for this,neither,0.03471797796322298,0.36920680660275385,0.5960752154340231
@gps88 Happy birthday,neither,0.03945320844208391,0.33037608806864915,0.630170703489267
first time ever getting to watch the stream!,neither,0.037891010905515436,0.3817189564442381,0.5803900326502465
bidet from wyoming,neither,0.04069404815304118,0.30931579984010865,0.6499901520068502
Need suggestions for some side missions in Westruun for my Campaign. Critters--Any ideas????,neither,0.023187496625469133,0.36577669057191475,0.6110358128026162
Woooooo,neither,0.03945320844208391,0.33037608806864915,0.630170703489267
Good evening from California,neither,0.057119763462201496,0.30900518502511476,0.6338750515126836
"""You can't turn me into Vax""",neither,0.048899975143638176,0.43713982736241946,0.5139601974939424
whats bidet?,neither,0.03945320844208391,0.33037608806864915,0.630170703489267
Bidet from Wisconsin,neither,0.04071751644889743,0.3089174816120565,0.6503650019390461
Has anyone done the Annabell Nott yet,neither,0.03828040318253807,0.32059220395785454,0.6411273928596073
ART IS UP,neither,0.045991427074099804,0.39187272382964855,0.5621358490962516
@ngpara Thanks!!,neither,0.035884468650613,0.3004919205142699,0.6636236108351171
so much scrolling!,neither,0.0352256452674854,0.38136726959348877,0.583407085139026
Did i miss anything?,neither,0.03184965714655773,0.3329912980246066,0.6351590448288357
HAPPY BIRTHDAY,neither,0.03945320844208391,0.33037608806864915,0.630170703489267
bidet from KATY TEXAS,neither,0.04048565456685946,0.312852782861534,0.6466615625716066
hey,neither,0.03945320844208391,0.33037608806864915,0.630170703489267
bidet from bidet,neither,0.04228451509352876,0.2823214250720796,0.6753940598343917
oof,neither,0.03945320844208391,0.33037608806864915,0.630170703489267
im so excited to see what paths people took for level 3!,neither,0.06476497276798843,0.3530809708178001,0.5821540564142116
BIDET FROM TORONTO,neither,0.04066490145509902,0.30981049537100724,0.6495246031738937
Bidet from Oklahoma,neither,0.04066490145509902,0.30981049537100724,0.6495246031738937
arts up!,offensive_language,0.031680140546704795,0.5091262166492487,0.45919364280404645
Bidet from Denver,neither,0.04069404815304118,0.30931579984010865,0.6499901520068502
"HAPPY BIRTHDAY, @gps88 !!! PogChamp /",neither,0.03945320844208391,0.33037608806864915,0.630170703489267
Bidet from Halifax,neither,0.04228451509352876,0.2823214250720796,0.6753940598343917
YAY,neither,0.03945320844208391,0.33037608806864915,0.630170703489267
Bidet from Claremont California!,neither,0.06971251856910227,0.2972619859879888,0.633025495442909
"Bidey from Canberra, Australia!",neither,0.04062582848913359,0.31047366557575606,0.6489005059351104
bidet from Norman ok,neither,0.04104157946423444,0.3034172865047108,0.6555411340310547
How do you do that? Because next week's stream will be on my birthday and I'd like to cheer too,neither,0.04739140840895848,0.4115279870589827,0.5410806045320588
yay fan art and happy birthday,neither,0.03886714601960591,0.30150407676262764,0.6596287772177666
Bidet from South Dakota!,neither,0.04041079298828133,0.31412337922315653,0.6454658277885622
Level 3 spicening,neither,0.03945320844208391,0.33037608806864915,0.630170703489267
Bidet fellow critters!,neither,0.03945320844208391,0.33037608806864915,0.630170703489267
!tybits gps88,neither,0.03945320844208391,0.33037608806864915,0.630170703489267
"Thanks for the biiiiiiiiiiiiiiits, gps88 !",neither,0.02905261070821692,0.2587373578241054,0.7122100314676776
