text,top_class,hate_speech,offensive_language,neither
"@tatterjack no, this is live",neither,0.057978063081413636,0.3450304667815587,0.5969914701370276
live @tatterjack,neither,0.04891340716200846,0.3271222919257548,0.6239643009122369
im excited to see sam excited. They make me smile every time.,neither,0.03762928195378913,0.37631266385951423,0.5860580541866967
YAAAAAAAAAY,neither,0.03945320844208391,0.33037608806864915,0.630170703489267
Re hrpgSub hrpgHyperHype,neither,0.10802165902134243,0.2484119200751343,0.6435664209035233
Yay,neither,0.03945320844208391,0.33037608806864915,0.630170703489267
jcvimHi,neither,0.03945320844208391,0.33037608806864915,0.630170703489267
so can anyone give me a rundown of whats happening,neither,0.03436940040100273,0.38646339093966076,0.5791672086593365
well HIYA Eric!,neither,0.03945320844208391,0.33037608806864915,0.630170703489267
,neither,0.03945320844208391,0.33037608806864915,0.630170703489267
yay! <#,neither,0.03945320844208391,0.33037608806864915,0.630170703489267
Hiiiii,neither,0.03945320844208391,0.33037608806864915,0.630170703489267
gandsReally jcvimHype,neither,0.03945320844208391,0.33037608806864915,0.630170703489267
hrpgSub hrpgHyperHype,neither,0.03945320844208391,0.33037608806864915,0.630170703489267
#SamFacts,neither,0.03945320844208391,0.33037608806864915,0.630170703489267
"This has been Facts With Sam! #SamFacts Also, bench press builds the muscles you use to hug, so it's SUPER important for them to get those cuddle-gains! Sam is the Sovereign of Hugs! All hail Their Majesty of Hugs Sam de Leve! For more facts about random things follow Sam at: twitter.com/ChaiKovsky",neither,0.03898514056566685,0.3887368071589312,0.572278052275402
gandsClassic gandsClassic gandsSubHype gandsSubHype jcvimHype jcvimHype,neither,0.03945320844208391,0.33037608806864915,0.630170703489267
JCVIM!,neither,0.03945320844208391,0.33037608806864915,0.630170703489267
LASSIE!!!,neither,0.03945320844208391,0.33037608806864915,0.630170703489267
gandsReally gandsReally gandsReally,neither,0.03945320844208391,0.33037608806864915,0.630170703489267
jcvimHi @Andyinsomnia,neither,0.03945320844208391,0.33037608806864915,0.630170703489267
hrpgSub hrpgHyperHype,neither,0.03945320844208391,0.33037608806864915,0.630170703489267
!josephine,neither,0.03945320844208391,0.33037608806864915,0.630170703489267
"Lady Josephine, or JCVIM, is the Leader of the Guild of Moderators, actress extraordinaire, hater of peanut butter, Drum Goddess of Rockband, and all around bad ass. She also enjoys tea, cute things and Elcors. twitter.com/JCVIM http://www.imdb.com/name/nm4585727/ http://www.twitch.tv/jcvim",offensive_language,0.06493978901814954,0.5014515619934451,0.4336086489884054
Lassie,neither,0.03945320844208391,0.33037608806864915,0.630170703489267
!section31,neither,0.03945320844208391,0.33037608806864915,0.630170703489267
<message deleted>,neither,0.03945320844208391,0.33037608806864915,0.630170703489267
I am always happy to see JCVIM!,neither,0.04450726005319495,0.3861692751996016,0.5693234647472033
Sam *is* Encyclopedia Brown. Kappa,neither,0.04614635110634481,0.3280740093883202,0.6257796395053351
NotLassie!,neither,0.03945320844208391,0.33037608806864915,0.630170703489267
Lassieeeeee dayJoy jcvimHearts jcvimHearts jcvimHearts jcvimHearts,neither,0.03945320844208391,0.33037608806864915,0.630170703489267
Hello hello hello ! I should be asleep. But what is sleep?,neither,0.04995114218055405,0.3490710156774662,0.6009778421419798
Lassies back!!! But wait there is no lassie leclerc #shipofsecrets,neither,0.042206634111078126,0.31325577732823107,0.6445375885606909
lol,neither,0.020706217963973744,0.4882283491876925,0.4910654328483337
!rbschedule,neither,0.03945320844208391,0.33037608806864915,0.630170703489267
Find the unfinished rebroadcast schedule for the weekend here: http://bit.ly/WeekRebroadcast,neither,0.05904738035105781,0.17020024858160615,0.7707523710673361
heh,neither,0.03945320844208391,0.33037608806864915,0.630170703489267
section 31 is going to come for us again nonw,neither,0.06615835331216575,0.35451845741115384,0.5793231892766805
now,neither,0.03945320844208391,0.33037608806864915,0.630170703489267
"I was also called encyclopedia in school, I loved it",neither,0.03817464765361938,0.33248485011003986,0.6293405022363407
deletedHype deletedHype,neither,0.03945320844208391,0.33037608806864915,0.630170703489267
That's dope.,neither,0.03379184532521521,0.39242003170086004,0.5737881229739247
!nonbinary Your friendly weekly reminder to our friends old and new!,neither,0.0687427283143939,0.23493657363963918,0.6963206980459669
"Just your weekly reminder that Sam/Junil Rue is non-binary and uses they/them/their pronouns. Non-binary people, such as Sam, do not identify as male or female. For more information about people who identify as non-binary, check out this helpful link: https://goo.gl/yiBWJP",neither,0.05767622204307906,0.37610167259611094,0.56622210536081
"Great job, Aux Crew",neither,0.03790290081992208,0.3098602952440448,0.6522368039360331
the seams are geeky,neither,0.13216747176574387,0.17703770392579998,0.6907948243084562
"""Ensamclopedia Galactica""",neither,0.03945320844208391,0.33037608806864915,0.630170703489267
gandsLessthanthree gandsLessthanthree gandsLessthanthree gandsLessthanthree,neither,0.03945320844208391,0.33037608806864915,0.630170703489267
That company is banned for high punnery,neither,0.034860498623768325,0.3981962138247565,0.5669432875514753
Re hrpgSub hrpgHyperHype,neither,0.10802165902134243,0.2484119200751343,0.6435664209035233
throlo is the best,neither,0.05135998456280659,0.2889087219359037,0.6597312935012896
<3,neither,0.03945320844208391,0.33037608806864915,0.630170703489267
Andorian Tribble!!!,neither,0.03945320844208391,0.33037608806864915,0.630170703489267
Andorian popple...,neither,0.03945320844208391,0.33037608806864915,0.630170703489267
Well that is adorable,neither,0.043698337274179315,0.37243137361027856,0.5838702891155422
YES THIS TRIBBLE,neither,0.039290047248784606,0.3331453593357212,0.6275645934154942
oh goooodness!!,neither,0.051363287716059566,0.22255663153133606,0.7260800807526044
MingLee,neither,0.03945320844208391,0.33037608806864915,0.630170703489267
aww.,neither,0.03945320844208391,0.33037608806864915,0.630170703489267
"Hehhehhehehhehehhehhehehhehehe, that is so fracking COOL!",neither,0.04484023917792395,0.44498222505035095,0.5101775357717251
Aww how adorable!,neither,0.03945320844208391,0.33037608806864915,0.630170703489267
<3,neither,0.03945320844208391,0.33037608806864915,0.630170703489267
gandsSubHype gandsSubHype gandsSubHype gandsSubHype,neither,0.03945320844208391,0.33037608806864915,0.630170703489267
everyone's going to have a tribble by the end of this,neither,0.037810961902202025,0.4620218259874491,0.5001672121103489
!sotauxdiscord,neither,0.03945320844208391,0.33037608806864915,0.630170703489267
USS Sally Ride Aux Crew Discord: https://discord.gg/zxt2TeH,neither,0.03945320844208391,0.33037608806864915,0.630170703489267
They have three tribbles and a holo targ,neither,0.03793029288604891,0.29323133951096564,0.6688383676029855
Life... finds a way.,neither,0.03612739971086985,0.3897630873456529,0.5741095129434772
I love that Amy knows what popples are!,neither,0.05973899517088808,0.3346058819411777,0.6056551228879343
OK so let's one-by-one send them ALL the tribbles,offensive_language,0.03589426688703367,0.511410513057729,0.4526952200552373
all the tribbles,offensive_language,0.041785587507551285,0.49387059749283524,0.46434381499961347
Send all the tribbles!,neither,0.04055721195862685,0.41279696876443733,0.5466458192769358
THREE TRIBBLES,neither,0.03945320844208391,0.33037608806864915,0.630170703489267
So many adorable tribbles!,neither,0.03940941438494091,0.3816343208252575,0.5789562647898016
THEY'RE MULTIPLYING!!!!!,neither,0.08622719944284905,0.2688219705217552,0.6449508300353959
@shidareaki haaaaaay!!!!,neither,0.03945320844208391,0.33037608806864915,0.630170703489267
#allthetribbles,neither,0.03945320844208391,0.33037608806864915,0.630170703489267
hiiiiiii,neither,0.03945320844208391,0.33037608806864915,0.630170703489267
I *cannot* wait for SoT's tribble ep. It has to happen now.,neither,0.0387674364645348,0.3039421917497269,0.6572903717857382
"Mala tribble has the buns, calling it now Kappa",neither,0.038285404773631945,0.3166563703782717,0.6450582248480964
@nomlicious heyo!,neither,0.03945320844208391,0.33037608806864915,0.630170703489267
Popping in to say hi before bed and also gandsReally gandsReally gandsReally gandsReally gandsReally gandsReally gandsReally,neither,0.040752351063532304,0.3442079148122467,0.615039734124221
Hi @Zelda_mario_fan,neither,0.03945320844208391,0.33037608806864915,0.630170703489267
hrpgSub hrpgHyperHype,neither,0.03945320844208391,0.33037608806864915,0.630170703489267
Also Josephine!,neither,0.03945320844208391,0.33037608806864915,0.630170703489267
@shidareaki how happy are you!!,neither,0.13185567905539605,0.32331613551499244,0.5448281854296115
"@compel_bast, jcvimHi",neither,0.03945320844208391,0.33037608806864915,0.630170703489267
hi @Compel_Bast,neither,0.03945320844208391,0.33037608806864915,0.630170703489267
where we're going we don't need budgets eric,neither,0.052444056290871566,0.3089583778823567,0.6385975658267719
Always happy to be here for SoT! <3 These are my people.,neither,0.17270278613950904,0.39036865698374446,0.43692855687674653
hrpgSub hrpgHyperHype,neither,0.03945320844208391,0.33037608806864915,0.630170703489267
That's how you take on the Klingons. beam tribbles into their tech.,neither,0.043928154166318414,0.38609124610293566,0.5699805997307459
Mines and Crafts! Make a tricorder!,neither,0.03856413260104173,0.28472670820368,0.6767091591952783
Amy.exe has stopped working,neither,0.03972394523081795,0.32578097819711743,0.6344950765720647
Amy has the best facial expressions.,neither,0.03843376040046612,0.3078165591722616,0.6537496804272723
Amy just can't handle the awesome.,neither,0.03551670309327271,0.3303997820939903,0.6340835148127368
Amy needs a reboot,neither,0.03945320844208391,0.33037608806864915,0.630170703489267
I'm so happy Amygot ghe tribble I made <3,neither,0.03940828928240915,0.39287954775853784,0.5677121629590529
"I had an Android ""Tricorder"" app that made the sounds and accessed all the sensors and graphed them.",neither,0.044253832256244595,0.31772768644711513,0.6380184812966403
"Hehhehehhehe, Amy's reactions are so fabulous!",neither,0.05689283771101907,0.32955775594010206,0.613549406348879
Irony: the Andorian just BSoD'd.,neither,0.033462267419598776,0.3358790045679534,0.6306587280124479
adorable tribble! well done!,neither,0.038675715338710843,0.3435721751281993,0.6177521095330899
PopCorn,neither,0.03945320844208391,0.33037608806864915,0.630170703489267
@shidareaki why don't i have cute slooth anymore!,neither,0.029325953415142745,0.3228925195473514,0.6477815270375059
OMG!!!!,neither,0.03945320844208391,0.33037608806864915,0.630170703489267
!sotwiki,neither,0.03945320844208391,0.33037608806864915,0.630170703489267
https://clips.twitch.tv/BeautifulTriumphantSalmonFUNgineer,neither,0.03945320844208391,0.33037608806864915,0.630170703489267
"Go on an adventure, and explore the Shield of Tomorrow Wiki! - http://shield-of-tomorrow.wikia.com/wiki/Shield_of_Tomorrow_Wiki",neither,0.03697831220660964,0.2705621833882883,0.692459504405102
hrpgSub hrpgHyperHype x2,neither,0.03945320844208391,0.33037608806864915,0.630170703489267
Re hrpgSub hrpgHyperHype,neither,0.10802165902134243,0.2484119200751343,0.6435664209035233
im so happy that i can finally watch live.,neither,0.043740261642480134,0.41858267827414414,0.5376770600833757
weren't they brought back in Trials and Tribbleations?,neither,0.038745080905664656,0.29494939486199734,0.666305524232338
tribbles find a way,neither,0.04580641037604352,0.19510018440586155,0.759093405218095
@nomlicious because now you're been subscribed for two years! Congrats!,neither,0.06131241339145575,0.31089633717431364,0.6277912494342305
The Defiant brought some tribbles back.,neither,0.029373462631069342,0.32747380219186123,0.6431527351770695
open the bomb bay doors,neither,0.038786599605011,0.31825866763514066,0.6429547327598483
It was a glorious victory.,neither,0.03768846308654042,0.3333004892046139,0.6290110477088456
Tribbles are around in 2410 in Star Trek Online,neither,0.05663041157095726,0.29873034622599826,0.6446392422030445
@Paladin356 It depends if they've had that episode yet,neither,0.014481291228869968,0.3789434196288636,0.6065752891422663
tribbles were reintroduced in DS9,neither,0.04002192269490044,0.2910274605361121,0.6689506167689875
!twitchprime,neither,0.03945320844208391,0.33037608806864915,0.630170703489267
"If you have Amazon Prime or Amazon Prime Video, you can link your account to Twitch , and get Twitch Prime! This gives you one free Twitch subscription, and other cool stuff each month! Link your account at: twitch.amazon.com/prime - How to use the free subscription at: http://bit.ly/HowToSubWithTwitchPrime - REMEMBER: Subscriptions done through Twitch Prime will need to be manually renewed each month!",neither,0.04660741059459432,0.3340380786822325,0.6193545107231732
hrpgSub hrpgHyperHype,neither,0.03945320844208391,0.33037608806864915,0.630170703489267
someone give me a briefing of todays show please!,neither,0.044320581146339466,0.30123553844014894,0.6544438804135116
YAY! #BehindtheShield,neither,0.03945320844208391,0.33037608806864915,0.630170703489267
hey there will be still one more rebroadcast from critical role ep 5?,neither,0.04117112335856579,0.30396672594269364,0.6548621506987407
!rbschedule,neither,0.03945320844208391,0.33037608806864915,0.630170703489267
Find the unfinished rebroadcast schedule for the weekend here: http://bit.ly/WeekRebroadcast,neither,0.05904738035105781,0.17020024858160615,0.7707523710673361
This is how you handle mystery Klingon KDF ships endangering Fleet officers. Beam in 2 tribbles and a loaf of bread. That is all.,neither,0.05483522404429005,0.38074098872295997,0.56442378723275
!alphapromo,neither,0.03945320844208391,0.33037608806864915,0.630170703489267
"Alpha is our own video subscription service featuring awesome content from Geek & Sundry and Nerdist! NEW users on Alpha can get a free 60-day trial with the code ALPHA60 if you sign up by February 13th, 2018 at projectalpha.com",neither,0.0437157753549036,0.326664346532409,0.6296198781126875
Eric will in a moment after the intro @Cerberusrex18,neither,0.0397893358469907,0.30205172214544307,0.6581589420075663
Squid3,neither,0.03945320844208391,0.33037608806864915,0.630170703489267
@Vampirek666 at least 3 more before it is on the web site Monday,neither,0.03919486086549192,0.374047000511846,0.5867581386226621
grats Bonnie!,neither,0.03945320844208391,0.33037608806864915,0.630170703489267
"super... ""cool""",neither,0.03945320844208391,0.33037608806864915,0.630170703489267
hrpgSub hrpgHyperHype,neither,0.03945320844208391,0.33037608806864915,0.630170703489267
years and years and years,neither,0.03854399685499301,0.2835448938983036,0.6779111092467033
Re hrpgSub hrpgHyperHype,neither,0.10802165902134243,0.2484119200751343,0.6435664209035233
!wednesday,neither,0.03945320844208391,0.33037608806864915,0.630170703489267
"WEDNESDAY (All Times Pacific) - BIZARRE STATES: 4-5pm, Andrew Bowser and Jessica Chobot go deep into the unknown, focusing on weird happenings, unexplained cases, the occult and other supernatural topics.. | DICK & JOHNSON: 5-6pm, Everyone's favorite dynamic duo return to chew bubblegum and have epic adventures! | THE WEDNESDAY CLUB: 7-9pm, Amy, Taliesin and Matt talk about comics old and new. | WEAVE SOCIETY 9.30-11pm, Hosts jump into one of the many fantastical worlds of the Weave RPG",neither,0.03764878206809464,0.3829613506276117,0.5793898673042936
!weave,neither,0.03945320844208391,0.33037608806864915,0.630170703489267
"Weave is a 21st century storytelling platform for everyone. With just two decks of cards and a handful of dice, you and your friends can create adventures in any genre, from sci-fi to high school comedy. When combined with the free companion app, Weave provides all the power you'll need to discover new worlds, imagine amazing characters, and save your stories online in minutes. You can find more information at: https://weave.game/",neither,0.05424416382335852,0.3425299335395282,0.6032259026371134
!weave,neither,0.03945320844208391,0.33037608806864915,0.630170703489267
Weave society is AMAZING you all need to see it,neither,0.06548605531067136,0.4128874222918118,0.5216265223975168
OMG #WeaveSociety was so awesome! <3,neither,0.039279312884405455,0.37975745928301474,0.5809632278325798
its so amasing,neither,0.02895476627369506,0.42136081294295646,0.5496844207833484
Weave was pretty great.,neither,0.037521462092003424,0.308038395293348,0.6544401426146486
lol there is a weave command then :D,neither,0.0386758639942335,0.3388005332086256,0.6225236027971408
"SoT Episode Title: ""Tribbleshooting""",neither,0.03945320844208391,0.33037608806864915,0.630170703489267
!rbschedule,neither,0.03945320844208391,0.33037608806864915,0.630170703489267
Find the unfinished rebroadcast schedule for the weekend here: http://bit.ly/WeekRebroadcast,neither,0.05904738035105781,0.17020024858160615,0.7707523710673361
weave filled the tales from the loop sized hole in my heart,neither,0.03326515947463947,0.34734084351323147,0.6193939970121292
RE hrpgSub hrpgHyperHype,neither,0.10802165902134243,0.2484119200751343,0.6435664209035233
@postdataest oh thanks. can u tell me if tthere will be one soon around 2-3h from now?,neither,0.02621389079134342,0.3391323151158038,0.6346537940928528
hi @PipersTwin,neither,0.03945320844208391,0.33037608806864915,0.630170703489267
"Yes, that booster landing was awesome!",neither,0.035287549881923175,0.37651199339016245,0.5882004567279144
Grats SpaceX!,neither,0.03945320844208391,0.33037608806864915,0.630170703489267
We literally re-enacted the intro to Heavy Metal.,neither,0.05522793306018897,0.30053219558807714,0.644239871351734
YAY SPACE CAR,neither,0.03945320844208391,0.33037608806864915,0.630170703489267
!rbschedule @Vampirek666,neither,0.03945320844208391,0.33037608806864915,0.630170703489267
Find the unfinished rebroadcast schedule for the weekend here: http://bit.ly/WeekRebroadcast,neither,0.05904738035105781,0.17020024858160615,0.7707523710673361
Hi @Luap82517 :),neither,0.03945320844208391,0.33037608806864915,0.630170703489267
In other news... :P,neither,0.03945320844208391,0.33037608806864915,0.630170703489267
Congratulations on their new space billboard,neither,0.03995314021124184,0.2780002657293421,0.6820465940594159
International Treasure,neither,0.03945320844208391,0.33037608806864915,0.630170703489267
uh oh,neither,0.04643193976314166,0.26471338503087416,0.6888546752059841
!clock,neither,0.03945320844208391,0.33037608806864915,0.630170703489267
It is currently Friday 4:11 PM at the Geek & Sundry studio in California.,neither,0.05187194348033666,0.3295697433917532,0.6185583131279101
A low-key version,neither,0.03945320844208391,0.33037608806864915,0.630170703489267
oooo,neither,0.03945320844208391,0.33037608806864915,0.630170703489267
I'll have to check out weave when I'm finished with DIck & Johnson,offensive_language,0.03927024798704738,0.7430547920038278,0.2176749600091247
that excitement scares me,neither,0.030676716487017825,0.39560837538712484,0.5737149081258573
:O,neither,0.03945320844208391,0.33037608806864915,0.630170703489267
Why not both?,neither,0.024054908284581792,0.3579208304213377,0.6180242612940805
that's a Scary Sam excite!,neither,0.03640073030277027,0.363450169562405,0.6001491001348248
