text,top_class,hate_speech,offensive_language,neither
OK here we go,neither,0.10417144254092106,0.2911311091585241,0.6046974483005549
"hello, title card",neither,0.03945320844208391,0.33037608806864915,0.630170703489267
Hi @misssunflower94,neither,0.03945320844208391,0.33037608806864915,0.630170703489267
music has begun,neither,0.04003943520178901,0.3204262900265249,0.6395342747716861
hello!,neither,0.03945320844208391,0.33037608806864915,0.630170703489267
@diggy305 oooooooh,neither,0.03945320844208391,0.33037608806864915,0.630170703489267
And now we have the title card,neither,0.03763925856423457,0.2946887022609723,0.6676720391747931
"GREETINGS, HUMANS!",neither,0.03945320844208391,0.33037608806864915,0.630170703489267
hello all!,neither,0.04217753453783664,0.43734383323855475,0.5204786322236087
"Hi, @misssunflower94",neither,0.03945320844208391,0.33037608806864915,0.630170703489267
Yay,neither,0.03945320844208391,0.33037608806864915,0.630170703489267
Evening @misssunflower94 !!,neither,0.03945320844208391,0.33037608806864915,0.630170703489267
Sup,neither,0.03945320844208391,0.33037608806864915,0.630170703489267
"Hey, @CarolineTheGeek",neither,0.03945320844208391,0.33037608806864915,0.630170703489267
Let's get ready to Draw,neither,0.02943474420763753,0.3655361925384232,0.6050290632539393
I'm gonna be attempting to chat and draw at the same time,neither,0.041296986527215994,0.3549027398576988,0.6038002736150853
So close,neither,0.039408851386368314,0.3986148855256441,0.5619762630879874
who knows how it'll work lol,neither,0.03182582428551156,0.443153083958288,0.5250210917562006
Very carefully,neither,0.03945320844208391,0.33037608806864915,0.630170703489267
I think many of us will be doing the same misssunflower.,neither,0.07630710034138269,0.29182607480431766,0.6318668248542997
I’m so excited I’m so excited I’m so excited* channels Sam’s excitement*,neither,0.03940875473048217,0.38507509424242153,0.5755161510270964
the theam for tonight is drawing?,neither,0.038415317590880085,0.2729151474660172,0.6886695349431027
forgot to resub with the twitch prime,neither,0.03477906172746651,0.34297312880092407,0.6222478094716095
I never do anything carefully XD,neither,0.03707006363535394,0.3660379297013844,0.5968920066632616
time for ert! I love good ert,neither,0.03378130846947125,0.3313231823300581,0.6348955092004707
*drinking and drawing,neither,0.03866923940586349,0.29074595459224667,0.6705848060018899
Drinking and drawing,neither,0.03866923940586349,0.29074595459224667,0.6705848060018899
@misssunflower94 I think I'm sticking to pencils as much as I love charcoal sketching for that very reason,neither,0.032805487245900086,0.36927696428691137,0.5979175484671886
it's a Drink & Draw @LavenderTownsGhost,neither,0.03794767059025995,0.3308939115732367,0.6311584178365033
Hello all!!,neither,0.04217753453783664,0.43734383323855475,0.5204786322236087
"mmm, charcoal",neither,0.03945320844208391,0.33037608806864915,0.630170703489267
@misssunflower94 / @harberst I prolly won't lol. Drawing requires me to switch my TV over to my computer- which means I can't watch the stream at the same time ;-;,neither,0.02927985202803892,0.43359335802212434,0.5371267899498368
@CarolineTheGeek yeah I'm defiinitely not gonna watercolor tonight lol,offensive_language,0.01644982799226382,0.49426596662615924,0.4892842053815771
Hi guys,neither,0.03930687933907141,0.3328596748352989,0.6278334458256297
gather your pencils?,neither,0.06524029444393677,0.3232213912842776,0.6115383142717856
whats goin on? how does thus stream work?,neither,0.029229608451600265,0.41892927782343686,0.5518411137249629
This adrawing show,neither,0.07072302385504221,0.19828210188316853,0.7309948742617893
I don’t draw... can I Gather My Drink and Drink?,neither,0.03235685400060337,0.3532408337582363,0.6144023122411604
Hello everyone,neither,0.03269494828970791,0.4450814005079928,0.5222236512022994
Can I drunk and spiralgraph?,neither,0.038741428291900956,0.26711619810750004,0.6941423736005989
Gather Your Artists?,neither,0.06709928091976672,0.3227025009407749,0.6101982181394584
,neither,0.03945320844208391,0.33037608806864915,0.630170703489267
not sure i follow,offensive_language,0.0315540845553183,0.4881227817125351,0.4803231337321466
!wtfisthis,neither,0.03945320844208391,0.33037608806864915,0.630170703489267
"This is Gather Your Party! It’s Friday night, and you know what that means… Party time! Join us for a weekly themed party, where anything can happen, with all your favorite people. Gather Your Party is a must-watch show for your Friday night.",neither,0.10380257106743707,0.30547507527859313,0.5907223536539699
"@N1nt3nBrO this is Gather your party, every friday the GnS twich crew thows a theme party",neither,0.058842555171031895,0.3166043505869742,0.6245530942419939
I should have poured myself a drink,neither,0.052514237934882864,0.3805678153502362,0.566917946714881
Kathe Kollwitz is my girl for charcoal,neither,0.02510753974213996,0.42985316877386165,0.5450392914839984
@misssunflower94 Carefulness is for chumps! (err... except when it's a matter of safety),neither,0.03203468431062814,0.34228110339660806,0.6256842122927639
"@BrennanOnMyShoulder42 Well, I mean... THEY'RE drinking while drawing, so I don't see why you couldn't just skip the drawing part if you want lol",neither,0.038417742570407636,0.43234813882676687,0.5292341186028255
I have el cheapo beer and my pencil at the ready,neither,0.029995525842088706,0.37042597423862644,0.5995784999192848
Wud uuuuuuuuup!!!!,neither,0.03945320844208391,0.33037608806864915,0.630170703489267
@N1nt3nBrO from the sounds of it its an arty party this week,neither,0.03401126054111474,0.30291974537018346,0.6630689940887019
ohhh......excited,neither,0.03945320844208391,0.33037608806864915,0.630170703489267
i always enjoy this interlude music,neither,0.037540035321996304,0.388589814772669,0.5738701499053348
I should get back into charcoal drawings sometime,neither,0.048252367138744104,0.364317282857748,0.587430350003508
hello friends,neither,0.03945320844208391,0.33037608806864915,0.630170703489267
lol I have a nice kolch ale,neither,0.028620300612633855,0.41877467747613323,0.5526050219112328
I have coffee,neither,0.05152702985943524,0.12545182845321792,0.8230211416873469
I haven't really done any experimenting with art since I was in school,neither,0.03249858504454675,0.36050613608494086,0.6069952788705123
@diggy305 No it's a party show with a different theme every week. This week just happens to be drawing related.,neither,0.04965559774718245,0.32647646963579946,0.6238679326170181
I miss it,neither,0.027177522454297595,0.33459825938882626,0.6382242181568761
Not the same but its a drink,neither,0.029442858264243928,0.3379463271038329,0.6326108146319233
I wish past shows were on Alpha,neither,0.03761083703008149,0.3244903324698577,0.6378988305000609
i like charcoal but boy is it a mess,neither,0.05108122667304489,0.34951796835014437,0.5994008049768107
Hey @shidareAKI ! HeyGuys,neither,0.03945320844208391,0.33037608806864915,0.630170703489267
kolsch,neither,0.03945320844208391,0.33037608806864915,0.630170703489267
"I'm sooooo excited, I'm streaming Pokemon Yellow again tomorrow. I'M GONNA FIND THAT SQUIRTLE! :D",neither,0.01876793581633172,0.10627388408888641,0.8749581800947819
"My uni has a life-drawing club, I wish i could attend more often",neither,0.03273849078908373,0.39709511130876407,0.5701663979021522
does anyone know what this music is?,neither,0.03646832012213977,0.44016264876603756,0.5233690311118228
@misssunflower94 jusy started,neither,0.03945320844208391,0.33037608806864915,0.630170703489267
Alas I am only drinking water tonight,neither,0.037383585801555784,0.31420466019969184,0.6484117539987523
"@misssunflower94 I never could get into charcoal.... Chalk Pastels, on the other hand. Now THAT'S my jam. Which is really funny when you think about the fact that they're similar XD",neither,0.037388898666612165,0.4419336026581546,0.5206774986752332
I suppose I'll try some art.,neither,0.03267625301037405,0.34204939053351846,0.6252743564561075
@misssunflower94 same,neither,0.04148851938089603,0.3488915597363099,0.609619920882794
I have D&D early in the morning and that would be no fun hungover lol,neither,0.03560519737101551,0.26276467880134263,0.7016301238276418
@DragnFeathers do you not get vods on Alpha?,neither,0.05218293626513148,0.40745862156190743,0.540358442172961
"@misssunflower94 nope! Right there with you on the water bit, lol",neither,0.03173288432177719,0.4099377657642723,0.5583293499139506
"It’s settled, I’ve got my bottle of Monty Python’s Holy Ale and I’m so excited!",neither,0.018896061692327874,0.3959831671273469,0.5851207711803252
I need to get a proper lap desk/drawing board at some point... my hands have charcoal on them just from getting my other supplies out of the box,neither,0.028261185998251847,0.4409865964926358,0.5307522175091123
hello all 👋,neither,0.04217753453783664,0.43734383323855475,0.5204786322236087
I'm really excited for this!,neither,0.03275056116970451,0.2991475572636237,0.6681018815666717
I drew once...best darn stick figure I ever made.,neither,0.03893106870598932,0.3260037571417651,0.6350651741522456
I enjoyed charcoal drawings the brief time I had with them.,neither,0.038425705538836716,0.3507456308121676,0.6108286636489957
Hello Partygoers? Party People? What should we call ourselves,neither,0.08787114302540087,0.35521186491927187,0.5569169920553272
hip hip hip hop anonymous,neither,0.03945320844208391,0.33037608806864915,0.630170703489267
im sketch and SO much bärenjäger,neither,0.034406559796698266,0.3630809744202511,0.6025124657830506
Now I wanna draw with charcoal,neither,0.030589931761340082,0.36061627483626746,0.6087937934023924
@YesLittleHummingbird I couldn't get into chalk pastels! lol,neither,0.03260184360839576,0.3837349667672191,0.5836631896243851
What's the theeeme tonight?,neither,0.04314741241580364,0.2756748706881851,0.6811777168960114
@ThomasTeaLights someone earlier said they use OverClocked Remix for their music,neither,0.017744413565816578,0.3721133139084283,0.6101422725257551
whens critical role on next,neither,0.03692301100463976,0.34900544927284427,0.6140715397225159
"!rbschedule The next rebroadcast of CR follows the end of today's live shows. Additional replays during the weekend, before it is up on the web site Monday.",neither,0.037832014431683825,0.3486591932513669,0.6135087923169492
Find the unfinished rebroadcast schedule for the weekend here: http://bit.ly/WeekRebroadcast,neither,0.05904738035105781,0.17020024858160615,0.7707523710673361
Why you guys made me refesh T_T,neither,0.03282216665938437,0.45920780820045404,0.5079700251401615
guyyyyys my Madness shirt came,neither,0.02994238814667342,0.4030270265435139,0.5670305853098128
HELLO GATHER YOUR PEEPS,neither,0.0625747882331907,0.32396424133942964,0.6134609704273797
!clock,neither,0.03945320844208391,0.33037608806864915,0.630170703489267
It is currently Friday 9:01 PM at the Geek & Sundry studio in California.,neither,0.0512567427375408,0.32962958120431557,0.6191136760581436
I'm gonna try to draw. I'm not good at it but I'm doing it anyway,neither,0.03703571102202516,0.3850183828389883,0.5779459061389866
Gonna be mostly lurking but thought I’d say hi anyway! .o/,neither,0.039074491842018,0.30544140953634713,0.6554840986216348
Hi @cinphoria,neither,0.03945320844208391,0.33037608806864915,0.630170703489267
Gypeepers?,neither,0.03945320844208391,0.33037608806864915,0.630170703489267
"No charcoal in First Gen of pokemon, that's not until Gen II ;)",neither,0.03389835004056692,0.3575875203976773,0.6085141295617558
ooh Taliesin will be joined by Satine Phoenix!,neither,0.041672736179628196,0.34811230430587725,0.6102149595144946
HI CIN,neither,0.03945320844208391,0.33037608806864915,0.630170703489267
"@misssunflower94 that's funny! I wonder why we have that issue. I mean, in theory you draw the same with them. But everyone I know is either in one camp or the other, lol",neither,0.031961513204696125,0.47389789447135255,0.4941405923239513
lol,neither,0.020706217963973744,0.4882283491876925,0.4910654328483337
@ladyamphy we are Gatherers,neither,0.10919184720806327,0.2383917025513002,0.6524164502406365
"I've been teaching myself digital art recently, but mostly I just sketch.",neither,0.024807210706554506,0.3375787398738721,0.6376140494195734
Hi Cin!,neither,0.03945320844208391,0.33037608806864915,0.630170703489267
Hi Cin!,neither,0.03945320844208391,0.33037608806864915,0.630170703489267
Hugs for the hug inclined!,neither,0.03454421066142405,0.2978767114667817,0.6675790778717943
@Slippydude They don't show this on Alpha at all.,neither,0.05130050938334597,0.3609400278466838,0.5877594627699703
"Evening, folks",neither,0.03945320844208391,0.33037608806864915,0.630170703489267
1,neither,0.03945320844208391,0.33037608806864915,0.630170703489267
"Same @mathemagician_ , I haven't drawn since high school, and even then I wasn't good haha",neither,0.033823206424209114,0.41413799943133744,0.5520387941444533
Ello @cinphoria !,neither,0.03945320844208391,0.33037608806864915,0.630170703489267
a NJ,neither,0.03945320844208391,0.33037608806864915,0.630170703489267
Wait... neither one has an adult oh no,neither,0.04247409430717241,0.31877127804483174,0.638754627647996
@YesLittleHummingbird I wonder too! Maybe it's monochrome vs color,neither,0.039166458941438505,0.33383975204781074,0.6269937890107508
Hello!,neither,0.03945320844208391,0.33037608806864915,0.630170703489267
We live!,neither,0.04675156173251523,0.3319383047908141,0.6213101334766706
gandsClassic gandsClassic gandsClassic gandsSubHype gandsSubHype gandsSubHype,neither,0.03945320844208391,0.33037608806864915,0.630170703489267
HI TALIESIN HI SAT,neither,0.03945320844208391,0.33037608806864915,0.630170703489267
"Remember kids, if you drink draw responsibly. :p",neither,0.03454588633271913,0.4164467427815148,0.5490073708857661
Hi Satine and Taliesin!,neither,0.038358606956405694,0.2721397086643902,0.6895016843792041
:D,neither,0.03945320844208391,0.33037608806864915,0.630170703489267
Hey Taliesin!,neither,0.03945320844208391,0.33037608806864915,0.630170703489267
YAY,neither,0.03945320844208391,0.33037608806864915,0.630170703489267
OH SHIT WE LIVE!!,offensive_language,0.054043464377324116,0.9455029562318245,0.00045357939085141104
OOH Satine and Talesin,neither,0.03845605498945456,0.27826085962284464,0.6832830853877009
Dranks and Draws :D,neither,0.03852460340978638,0.282397176840787,0.6790782197494266
Hi!,neither,0.03945320844208391,0.33037608806864915,0.630170703489267
SATINE!!!!!!!,neither,0.03945320844208391,0.33037608806864915,0.630170703489267
I so love Tal and Satine,neither,0.035704045398924314,0.3459908193257277,0.618305135275348
HELLO,neither,0.03945320844208391,0.33037608806864915,0.630170703489267
Taliesin playing the part of the starving artist,neither,0.03823221763772235,0.30782337659179115,0.6539444057704866
Wooo!!! <3,neither,0.03945320844208391,0.33037608806864915,0.630170703489267
hiya!,neither,0.03945320844208391,0.33037608806864915,0.630170703489267
"@misssunflower94 ... Huh. I wonder if it might be, actually. Because that's a really good point I'd never thought about",neither,0.02553961866468594,0.36955743752873044,0.6049029438065836
#Sartsy,neither,0.03945320844208391,0.33037608806864915,0.630170703489267
gandsSubHype gandsSubHype gandsSubHype gandsSubHype gandsSubHype gandsSubHype gandsSubHype gandsSubHype gandsSubHype gandsSubHype gandsSubHype gandsSubHype gandsSubHype gandsSubHype,neither,0.03945320844208391,0.33037608806864915,0.630170703489267
HI TALIESIN!,neither,0.03945320844208391,0.33037608806864915,0.630170703489267
Hihi everyone <3,offensive_language,0.02988896790634741,0.4927062106388782,0.4774048214547744
Hi Tal!,neither,0.03945320844208391,0.33037608806864915,0.630170703489267
@GeekandSundry Hey Satine/Tal!,neither,0.03945320844208391,0.33037608806864915,0.630170703489267
taliesins got this bob ross vibe going,neither,0.03723610402786417,0.38532572626985745,0.5774381697022785
Hey guys!,neither,0.03929207127355727,0.33311100635304525,0.6275969223733975
"Hi Taliesin, Satine and Griends!",neither,0.038358606956405694,0.2721397086643902,0.6895016843792041
I love you talesin,offensive_language,0.079837142191777,0.5038574454704381,0.4163054123377849
#MyPalTal,neither,0.03945320844208391,0.33037608806864915,0.630170703489267
https://clips.twitch.tv/AuspiciousDistinctSardineRedCoat,neither,0.03945320844208391,0.33037608806864915,0.630170703489267
Hi Taliesin~,neither,0.03945320844208391,0.33037608806864915,0.630170703489267
"Hi Doctor Nick, er Taliesin",neither,0.03945320844208391,0.33037608806864915,0.630170703489267
good evening everyone,neither,0.03308870833616604,0.42926799388711456,0.5376432977767195
I love both of your hair choices so much,neither,0.055122541660605734,0.3711954409227149,0.5736820174166795
I'm really loving Tal's necklace. I wonder where he got it,neither,0.04255952548917259,0.3390550543475465,0.6183854201632809
Oh hell yes Drink and Draws,offensive_language,0.044273460823651675,0.5818581961631145,0.3738683430132339
*Friends,neither,0.03945320844208391,0.33037608806864915,0.630170703489267
They have such pretty hair,neither,0.039158614737635634,0.3353761120614401,0.6254652732009243
"Totally hippy Bob Ross vibes, for sure.",neither,0.032300417643174775,0.3947032872553845,0.5729962951014407
THE GODDESS AND THE IMP,neither,0.0372458599157261,0.26038512893315885,0.7023690111511152
hello Taliesin and Satine,neither,0.03840264189818727,0.2749437060729204,0.6866536520288923
Haloo Staine and Talisen :D,neither,0.03763944115734239,0.1918412352459551,0.7705193235967025
Taliesin how many paintbrushes are in your pocket?,neither,0.09002103592702004,0.2871049007357706,0.6228740633372093
"Pfft, hanging out :P",neither,0.03556685000006167,0.3452295938999967,0.6192035560999417
I need this in my life outside of drawing class,neither,0.028842391931544836,0.4334197384629005,0.5377378696055546
they’re both so prettyyyy,neither,0.06509111204905309,0.35082415627451935,0.5840847316764276
aww with their hair together sat and tal are the bi flag,neither,0.04330268943000601,0.29832991812558646,0.6583673924444075
I loe Tal's necklace!,neither,0.03945320844208391,0.33037608806864915,0.630170703489267
Im busting out the fancy drink for tonight,neither,0.030363131488774803,0.31936320454811645,0.6502736639631087
We have wine and painting here.,neither,0.07247450378385913,0.2800688678913695,0.6474566283247714
Satine has the best hair on the planet,neither,0.035338355534625866,0.30369693944125864,0.6609647050241155
Woot,neither,0.03945320844208391,0.33037608806864915,0.630170703489267
Organized Hangouts,neither,0.03945320844208391,0.33037608806864915,0.630170703489267
"so like, this is the ultimate Taliesin Gathers His Friends to Hang Out :D",neither,0.08158695669017488,0.3705641712128959,0.5478488720969292
Pretty much,neither,0.03384839909176227,0.33230383901613453,0.6338477618921031
"First time being able to catch this show, pretty stoked!",neither,0.04345685844252249,0.31250503696087634,0.6440381045966013
You're not a real artist until you've cut your ear off and sent it to your lover,neither,0.08191729143677791,0.38278619635177247,0.5352965122114497
Is it okay if I'm not drinking and drawing but rather sipping and knitting?,neither,0.02893991194603041,0.322987225442513,0.6480728626114565
So it was Gather Your Party but IN REAL LIFE,offensive_language,0.04634088362069027,0.4935981743004759,0.46006094207883375
"@particularlyexistence i mean... Pretty much, lol",neither,0.027654878115182014,0.39263920179140843,0.5797059200934095
Hey Satine! Hey Taliesin!,neither,0.03945320844208391,0.33037608806864915,0.630170703489267
"I don't like alcohol, but I have fancy chocolate I bought from the mall today~",neither,0.0421290990961319,0.31671734922551265,0.6411535516783553
we have paint nights at bars in town. They normally do scenes not people.,neither,0.05221478546668879,0.34960684894854,0.5981783655847712
that girl is super cute,neither,0.038352817698257664,0.40014346091271186,0.5615037213890304
the pink-hair-black-clothes vs blue-hair-white-clothes thing is great,neither,0.2316569530656737,0.2403151039662301,0.5280279429680962
did you mean me?,neither,0.04950730293857585,0.4554963694221288,0.49499632763929546
!wtfisthis,neither,0.03945320844208391,0.33037608806864915,0.630170703489267
He has many friends from every walk of life it seems lik,neither,0.040456164461217456,0.35040262335126576,0.6091412121875168
"This is Gather Your Party! It’s Friday night, and you know what that means… Party time! Join us for a weekly themed party, where anything can happen, with all your favorite people. Gather Your Party is a must-watch show for your Friday night.",neither,0.10380257106743707,0.30547507527859313,0.5907223536539699
"@YesLittleHummingbird that's like ... every week, but this week especially",neither,0.04109197457909648,0.3783329395092121,0.5805750859116914
"Well there is drawing for work, and then drawing for self",neither,0.03693465622307972,0.2623728468562601,0.7006924969206602
D&D Taliesin,neither,0.03945320844208391,0.33037608806864915,0.630170703489267
Satine Burn!!!,neither,0.04811058060817789,0.1834378884691025,0.7684515309227197
"@particularlyexistence Yeah, lol",offensive_language,0.011806779804805862,0.5514052530606893,0.43678796713450474
HAHAHHA MASTER OF FLIRTING !,neither,0.03945320844208391,0.33037608806864915,0.630170703489267
From Malcom Gladwell,neither,0.04228451509352876,0.2823214250720796,0.6753940598343917
LUL,neither,0.03945320844208391,0.33037608806864915,0.630170703489267
GO GET EM TALI!,neither,0.04041797737781836,0.3497277339699733,0.6098542886522083
"I love this show, but it makes me feel lonely. I wish I was friends with these folks.",neither,0.03587938774627767,0.39056129521847816,0.5735593170352442
"Question Sat: If youre paying models to pose for art, do you have to pay yourself if you pose? X)",neither,0.04069465916783644,0.394338475695885,0.5649668651362786
lol,neither,0.020706217963973744,0.4882283491876925,0.4910654328483337
tal is cosplaying as one of my high school art teachers,neither,0.033062849549629736,0.46374078165348187,0.5031963687968884
Oh Tal,neither,0.0450478101092574,0.2772031091301225,0.6777490807606199
"10,000 hrs. I need to choose something to be a master of!",neither,0.04770925135932113,0.3269728464088221,0.6253179022318568
@Permacrete_Juno SAME,neither,0.04148851938089603,0.3488915597363099,0.609619920882794
aw Taliesin,neither,0.03945320844208391,0.33037608806864915,0.630170703489267
Is Sam there?,neither,0.04973378820580344,0.276029654407395,0.6742365573868017
"Doubtful, Tal.",neither,0.03945320844208391,0.33037608806864915,0.630170703489267
challenge accepted/,neither,0.03945320844208391,0.33037608806864915,0.630170703489267
Secrets Revealed :P,neither,0.03945320844208391,0.33037608806864915,0.630170703489267
Dear lord,neither,0.03945320844208391,0.33037608806864915,0.630170703489267
@Permacrete_Juno But that's ol because we have the G&S and GYP community <3,neither,0.033471319085563125,0.33497128788019837,0.6315573930342384
I don't find drawing my outlet but I enjoy others drawing. I like to draw out my schedule.,neither,0.03420008059525473,0.384465206150787,0.5813347132539581
Just Begin,neither,0.033990842738804386,0.35639123495004443,0.6096179223111511
Taliesin is the worst <3,neither,0.05258110336964974,0.27568066403425573,0.6717382325960947
master flirt!,neither,0.03945320844208391,0.33037608806864915,0.630170703489267
Who are our other guests,neither,0.0755445752752806,0.3524572530209257,0.5719981717037936
"I did a couple of pictures of Tal, actually.",neither,0.03945320844208391,0.33037608806864915,0.630170703489267
So... I’m a master at building walkways under waterfalls.... 10 years,neither,0.03886072174631113,0.37856950918643556,0.5825697690672532
Everyone starts somwhere Tal@,neither,0.03523336752783453,0.40199780129067225,0.5627688311814931
Oh don’t worry taliesin,neither,0.04586210082030031,0.269821660360553,0.6843162388191468
"We *HAVE* a worst, Taliesin!",neither,0.04001074552045627,0.3209132287928433,0.6390760256867004
(X) Doubt,neither,0.03945320844208391,0.33037608806864915,0.630170703489267
something Tal isn't amazing at?,neither,0.038853053417560304,0.3486614525469689,0.6124854940354708
"i am such a ""great"" artist that i had to create my own superhero to draw: Protonman!",neither,0.048565825219558476,0.3703570114463715,0.58107716333407
its about fun or practice or something,neither,0.03401931179627281,0.3513423518040688,0.6146383363996584
Does Taliesin have hand tremors?,neither,0.023904027211128477,0.4803870812294376,0.49570889155943393
I'm absolutely planning to show off doodles,neither,0.0591350401910849,0.2639693925143775,0.6768955672945376
"This is going to be a competition for worst, me vs Taliesin",neither,0.0392388178781898,0.34110418319268626,0.6196569989291238
Sucking at something is the first step to being really good at it.,neither,0.03735766941012748,0.36593749008527354,0.596704840504599
I feel ya Taliesin!,offensive_language,0.02123168413070138,0.6800300307949494,0.29873828507434924
"Everyone can Draw Tal, Quality is subjective in art, if $27000 in an art degree has taught me anything",neither,0.03012063714165688,0.40079773090339316,0.56908163195495
Yep @Aveneg,neither,0.03945320844208391,0.33037608806864915,0.630170703489267
I do Stickmen & Serpents.,neither,0.04358573029058539,0.32895472430567013,0.6274595454037444
does the planetoid have a Car orbiting it?,neither,0.022735194045459255,0.45975632587293,0.5175084800816107
Hi Lauryn!!,neither,0.03945320844208391,0.33037608806864915,0.630170703489267
@Aveneg he does but it's nothing to worry about,neither,0.029720651326186908,0.48357066128118825,0.48670868739262485
TESS!!,neither,0.03945320844208391,0.33037608806864915,0.630170703489267
SAM,neither,0.03945320844208391,0.33037608806864915,0.630170703489267
SAM!!!,neither,0.03945320844208391,0.33037608806864915,0.630170703489267
"Hello, Lauryn",neither,0.03945320844208391,0.33037608806864915,0.630170703489267
HI,neither,0.03945320844208391,0.33037608806864915,0.630170703489267
hi lauren!,neither,0.03945320844208391,0.33037608806864915,0.630170703489267
!whodat,neither,0.03945320844208391,0.33037608806864915,0.630170703489267
"Taliesin Jaffe ( twitter.com/executivegoth ), with Satine Phoenix ( twitter.com/satinephoenix ), Lauryn Ipsum ( twitter.com/LaurynIpsum ), Geoffry Thorne ( twitter.com/GeoffThorne ), Brittney Irving ( twitter.com/Brttnymchlle ), Tess Fowler ( twitter.com/TessFowler ), Alex Ward ( twitter.com/AlexWard777 ), Sam de Leve ( twitter.com/ChaiKovsky )",neither,0.03689842461692503,0.47614110440794927,0.4869604709751257
*Waves back*,neither,0.03945320844208391,0.33037608806864915,0.630170703489267
"Gods, Lauren's so gorgeous",neither,0.03941302587762547,0.3714259541780684,0.5891610199443061
HI Sam Hi Lauren :D,neither,0.03945320844208391,0.33037608806864915,0.630170703489267
hi Lauryn!,neither,0.03945320844208391,0.33037608806864915,0.630170703489267
Tess!,neither,0.03945320844208391,0.33037608806864915,0.630170703489267
Hi Lauryn,neither,0.03945320844208391,0.33037608806864915,0.630170703489267
SAM! <3,neither,0.03945320844208391,0.33037608806864915,0.630170703489267
HI TESS,neither,0.03945320844208391,0.33037608806864915,0.630170703489267
"@shidareAKI Oh that's good, I've never noticed it before",neither,0.018242697309960955,0.38732464666058053,0.5944326560294585
that necklace on tal is so cool,neither,0.040008424918559236,0.4148792327878371,0.5451123422936037
oh and Sam is here!,neither,0.11730750701607544,0.19989597723248428,0.6827965157514402
Sam!,neither,0.03945320844208391,0.33037608806864915,0.630170703489267
Hi Sam!,neither,0.03945320844208391,0.33037608806864915,0.630170703489267
OMG TESS FOWLER,neither,0.03945320844208391,0.33037608806864915,0.630170703489267
Lauryn what happed,neither,0.057770773616808734,0.3180719994247239,0.6241572269584672
How's your foot doing Lauryn?,neither,0.07426889917049337,0.32069464370273537,0.6050364571267711
"Yassss, return of the gothy rocky gurl",neither,0.038862001699369736,0.3196502716971848,0.6414877266034456
yassss@,neither,0.03945320844208391,0.33037608806864915,0.630170703489267
:D,neither,0.03945320844208391,0.33037608806864915,0.630170703489267
Sam! Lauryn! TESS! SO MANY COOL FOLKS!,neither,0.03941459642167367,0.36836251859863467,0.5922228849796917
hiiiii tess and lauryn and sam and tal and sat ~,neither,0.037937779502560866,0.2402673427740176,0.7217948777234217
!whodat,neither,0.03945320844208391,0.33037608806864915,0.630170703489267
TYPOGRAPHY IS MY JAM,neither,0.033558963455606924,0.4341278189808811,0.532313217563512
"Taliesin Jaffe ( twitter.com/executivegoth ), with Satine Phoenix ( twitter.com/satinephoenix ), Lauryn Ipsum ( twitter.com/LaurynIpsum ), Geoffry Thorne ( twitter.com/GeoffThorne ), Brittney Irving ( twitter.com/Brttnymchlle ), Tess Fowler ( twitter.com/TessFowler ), Alex Ward ( twitter.com/AlexWard777 ), Sam de Leve ( twitter.com/ChaiKovsky )",neither,0.03689842461692503,0.47614110440794927,0.4869604709751257
It's the loveliest name,neither,0.035727320779703885,0.3046634875710657,0.6596091916492304
That art book was the bomb and is one of my favorite things I own tbh,neither,0.04540452804885768,0.3789856332846564,0.575609838666486
"ooh, Lauryn your work on the Artbook was amazing",neither,0.06029494543168182,0.32244617874320797,0.6172588758251101
Hi Lauryn!,neither,0.03945320844208391,0.33037608806864915,0.630170703489267
~eyeballs~,neither,0.03945320844208391,0.33037608806864915,0.630170703489267
i dig Lauryn's hair,neither,0.03945320844208391,0.33037608806864915,0.630170703489267
oh god the art book,neither,0.042964070626414386,0.27503300987128004,0.6820029195023054
oooohhh! secrets!,neither,0.03945320844208391,0.33037608806864915,0.630170703489267
submit questions here for Tuesday's Talks Machina https://www.reddit.com/r/criticalrole/comments/7wjawa/spoilers_c2e5_submit_questions_here_for_tuesdays/,neither,0.05672506505687793,0.2949443454086905,0.6483305895344316
lol,neither,0.020706217963973744,0.4882283491876925,0.4910654328483337
"""i'm a bad occultist, i haven't been showing you anything""",neither,0.04946797116686775,0.37648089493243303,0.5740511339006991
Hi Jeff!,neither,0.03945320844208391,0.33037608806864915,0.630170703489267
I love Tess Fowler's art,neither,0.03590019277228542,0.3470259104819143,0.6170738967458003
"HI JEFF, YOU'RE ON THE INTERNET!",neither,0.06588449251194432,0.3385815702063173,0.5955339372817384
TheIlluminati TheIlluminati TheIlluminati TheIlluminati TheIlluminati TheIlluminati,neither,0.03945320844208391,0.33037608806864915,0.630170703489267
"""I'm a bad occultist"" HAH I call bull. Taliesin is PURE MAGIC. It's ridiculous.",neither,0.04104038190738337,0.3298301863331371,0.6291294317594796
HELLYEAH,neither,0.03945320844208391,0.33037608806864915,0.630170703489267
i thought this channel would play d&d,neither,0.04163982941975412,0.24002002212387571,0.7183401484563702
The ladies have cool hair styles.,neither,0.03833673330740091,0.3256052705488978,0.6360579961437013
it's a good theme,neither,0.03725424426083596,0.3311324126854078,0.6316133430537563
More secrets?,neither,0.04166920844275053,0.3188543074992032,0.6394764840580464
