text,top_class,hate_speech,offensive_language,neither
Hugs for the hug inclined!,neither,0.03454421066142405,0.2978767114667817,0.6675790778717943
@Slippydude They don't show this on Alpha at all.,neither,0.05130050938334597,0.3609400278466838,0.5877594627699703
"Evening, folks",neither,0.03945320844208391,0.33037608806864915,0.630170703489267
1,neither,0.03945320844208391,0.33037608806864915,0.630170703489267
"Same @mathemagician_ , I haven't drawn since high school, and even then I wasn't good haha",neither,0.033823206424209114,0.41413799943133744,0.5520387941444533
Ello @cinphoria !,neither,0.03945320844208391,0.33037608806864915,0.630170703489267
a NJ,neither,0.03945320844208391,0.33037608806864915,0.630170703489267
Wait... neither one has an adult oh no,neither,0.04247409430717241,0.31877127804483174,0.638754627647996
@YesLittleHummingbird I wonder too! Maybe it's monochrome vs color,neither,0.039166458941438505,0.33383975204781074,0.6269937890107508
Hello!,neither,0.03945320844208391,0.33037608806864915,0.630170703489267
We live!,neither,0.04675156173251523,0.3319383047908141,0.6213101334766706
gandsClassic gandsClassic gandsClassic gandsSubHype gandsSubHype gandsSubHype,neither,0.03945320844208391,0.33037608806864915,0.630170703489267
HI TALIESIN HI SAT,neither,0.03945320844208391,0.33037608806864915,0.630170703489267
"Remember kids, if you drink draw responsibly. :p",neither,0.03454588633271913,0.4164467427815148,0.5490073708857661
Hi Satine and Taliesin!,neither,0.038358606956405694,0.2721397086643902,0.6895016843792041
:D,neither,0.03945320844208391,0.33037608806864915,0.630170703489267
Hey Taliesin!,neither,0.03945320844208391,0.33037608806864915,0.630170703489267
YAY,neither,0.03945320844208391,0.33037608806864915,0.630170703489267
OH SHIT WE LIVE!!,offensive_language,0.054043464377324116,0.9455029562318245,0.00045357939085141104
OOH Satine and Talesin,neither,0.03845605498945456,0.27826085962284464,0.6832830853877009
Dranks and Draws :D,neither,0.03852460340978638,0.282397176840787,0.6790782197494266
Hi!,neither,0.03945320844208391,0.33037608806864915,0.630170703489267
SATINE!!!!!!!,neither,0.03945320844208391,0.33037608806864915,0.630170703489267
I so love Tal and Satine,neither,0.035704045398924314,0.3459908193257277,0.618305135275348
HELLO,neither,0.03945320844208391,0.33037608806864915,0.630170703489267
Taliesin playing the part of the starving artist,neither,0.03823221763772235,0.30782337659179115,0.6539444057704866
Wooo!!! <3,neither,0.03945320844208391,0.33037608806864915,0.630170703489267
hiya!,neither,0.03945320844208391,0.33037608806864915,0.630170703489267
"@misssunflower94 ... Huh. I wonder if it might be, actually. Because that's a really good point I'd never thought about",neither,0.02553961866468594,0.36955743752873044,0.6049029438065836
#Sartsy,neither,0.03945320844208391,0.33037608806864915,0.630170703489267
gandsSubHype gandsSubHype gandsSubHype gandsSubHype gandsSubHype gandsSubHype gandsSubHype gandsSubHype gandsSubHype gandsSubHype gandsSubHype gandsSubHype gandsSubHype gandsSubHype,neither,0.03945320844208391,0.33037608806864915,0.630170703489267
HI TALIESIN!,neither,0.03945320844208391,0.33037608806864915,0.630170703489267
Hihi everyone <3,offensive_language,0.02988896790634741,0.4927062106388782,0.4774048214547744
Hi Tal!,neither,0.03945320844208391,0.33037608806864915,0.630170703489267
@GeekandSundry Hey Satine/Tal!,neither,0.03945320844208391,0.33037608806864915,0.630170703489267
taliesins got this bob ross vibe going,neither,0.03723610402786417,0.38532572626985745,0.5774381697022785
Hey guys!,neither,0.03929207127355727,0.33311100635304525,0.6275969223733975
"Hi Taliesin, Satine and Griends!",neither,0.038358606956405694,0.2721397086643902,0.6895016843792041
I love you talesin,offensive_language,0.079837142191777,0.5038574454704381,0.4163054123377849
#MyPalTal,neither,0.03945320844208391,0.33037608806864915,0.630170703489267
https://clips.twitch.tv/AuspiciousDistinctSardineRedCoat,neither,0.03945320844208391,0.33037608806864915,0.630170703489267
Hi Taliesin~,neither,0.03945320844208391,0.33037608806864915,0.630170703489267
"Hi Doctor Nick, er Taliesin",neither,0.03945320844208391,0.33037608806864915,0.630170703489267
good evening everyone,neither,0.03308870833616604,0.42926799388711456,0.5376432977767195
I love both of your hair choices so much,neither,0.055122541660605734,0.3711954409227149,0.5736820174166795
I'm really loving Tal's necklace. I wonder where he got it,neither,0.04255952548917259,0.3390550543475465,0.6183854201632809
Oh hell yes Drink and Draws,offensive_language,0.044273460823651675,0.5818581961631145,0.3738683430132339
*Friends,neither,0.03945320844208391,0.33037608806864915,0.630170703489267
They have such pretty hair,neither,0.039158614737635634,0.3353761120614401,0.6254652732009243
"Totally hippy Bob Ross vibes, for sure.",neither,0.032300417643174775,0.3947032872553845,0.5729962951014407
THE GODDESS AND THE IMP,neither,0.0372458599157261,0.26038512893315885,0.7023690111511152
hello Taliesin and Satine,neither,0.03840264189818727,0.2749437060729204,0.6866536520288923
Haloo Staine and Talisen :D,neither,0.03763944115734239,0.1918412352459551,0.7705193235967025
Taliesin how many paintbrushes are in your pocket?,neither,0.09002103592702004,0.2871049007357706,0.6228740633372093
"Pfft, hanging out :P",neither,0.03556685000006167,0.3452295938999967,0.6192035560999417
I need this in my life outside of drawing class,neither,0.028842391931544836,0.4334197384629005,0.5377378696055546
they’re both so prettyyyy,neither,0.06509111204905309,0.35082415627451935,0.5840847316764276
aww with their hair together sat and tal are the bi flag,neither,0.04330268943000601,0.29832991812558646,0.6583673924444075
I loe Tal's necklace!,neither,0.03945320844208391,0.33037608806864915,0.630170703489267
Im busting out the fancy drink for tonight,neither,0.030363131488774803,0.31936320454811645,0.6502736639631087
We have wine and painting here.,neither,0.07247450378385913,0.2800688678913695,0.6474566283247714
Satine has the best hair on the planet,neither,0.035338355534625866,0.30369693944125864,0.6609647050241155
Woot,neither,0.03945320844208391,0.33037608806864915,0.630170703489267
Organized Hangouts,neither,0.03945320844208391,0.33037608806864915,0.630170703489267
"so like, this is the ultimate Taliesin Gathers His Friends to Hang Out :D",neither,0.08158695669017488,0.3705641712128959,0.5478488720969292
Pretty much,neither,0.03384839909176227,0.33230383901613453,0.6338477618921031
"First time being able to catch this show, pretty stoked!",neither,0.04345685844252249,0.31250503696087634,0.6440381045966013
You're not a real artist until you've cut your ear off and sent it to your lover,neither,0.08191729143677791,0.38278619635177247,0.5352965122114497
Is it okay if I'm not drinking and drawing but rather sipping and knitting?,neither,0.02893991194603041,0.322987225442513,0.6480728626114565
So it was Gather Your Party but IN REAL LIFE,offensive_language,0.04634088362069027,0.4935981743004759,0.46006094207883375
"@particularlyexistence i mean... Pretty much, lol",neither,0.027654878115182014,0.39263920179140843,0.5797059200934095
Hey Satine! Hey Taliesin!,neither,0.03945320844208391,0.33037608806864915,0.630170703489267
"I don't like alcohol, but I have fancy chocolate I bought from the mall today~",neither,0.0421290990961319,0.31671734922551265,0.6411535516783553
we have paint nights at bars in town. They normally do scenes not people.,neither,0.05221478546668879,0.34960684894854,0.5981783655847712
that girl is super cute,neither,0.038352817698257664,0.40014346091271186,0.5615037213890304
the pink-hair-black-clothes vs blue-hair-white-clothes thing is great,neither,0.2316569530656737,0.2403151039662301,0.5280279429680962
did you mean me?,neither,0.04950730293857585,0.4554963694221288,0.49499632763929546
!wtfisthis,neither,0.03945320844208391,0.33037608806864915,0.630170703489267
He has many friends from every walk of life it seems lik,neither,0.040456164461217456,0.35040262335126576,0.6091412121875168
"This is Gather Your Party! It’s Friday night, and you know what that means… Party time! Join us for a weekly themed party, where anything can happen, with all your favorite people. Gather Your Party is a must-watch show for your Friday night.",neither,0.10380257106743707,0.30547507527859313,0.5907223536539699
"@YesLittleHummingbird that's like ... every week, but this week especially",neither,0.04109197457909648,0.3783329395092121,0.5805750859116914
"Well there is drawing for work, and then drawing for self",neither,0.03693465622307972,0.2623728468562601,0.7006924969206602
D&D Taliesin,neither,0.03945320844208391,0.33037608806864915,0.630170703489267
Satine Burn!!!,neither,0.04811058060817789,0.1834378884691025,0.7684515309227197
"@particularlyexistence Yeah, lol",offensive_language,0.011806779804805862,0.5514052530606893,0.43678796713450474
HAHAHHA MASTER OF FLIRTING !,neither,0.03945320844208391,0.33037608806864915,0.630170703489267
From Malcom Gladwell,neither,0.04228451509352876,0.2823214250720796,0.6753940598343917
LUL,neither,0.03945320844208391,0.33037608806864915,0.630170703489267
GO GET EM TALI!,neither,0.04041797737781836,0.3497277339699733,0.6098542886522083
"I love this show, but it makes me feel lonely. I wish I was friends with these folks.",neither,0.03587938774627767,0.39056129521847816,0.5735593170352442
"Question Sat: If youre paying models to pose for art, do you have to pay yourself if you pose? X)",neither,0.04069465916783644,0.394338475695885,0.5649668651362786
lol,neither,0.020706217963973744,0.4882283491876925,0.4910654328483337
tal is cosplaying as one of my high school art teachers,neither,0.033062849549629736,0.46374078165348187,0.5031963687968884
Oh Tal,neither,0.0450478101092574,0.2772031091301225,0.6777490807606199
"10,000 hrs. I need to choose something to be a master of!",neither,0.04770925135932113,0.3269728464088221,0.6253179022318568
@Permacrete_Juno SAME,neither,0.04148851938089603,0.3488915597363099,0.609619920882794
aw Taliesin,neither,0.03945320844208391,0.33037608806864915,0.630170703489267
Is Sam there?,neither,0.04973378820580344,0.276029654407395,0.6742365573868017
"Doubtful, Tal.",neither,0.03945320844208391,0.33037608806864915,0.630170703489267
challenge accepted/,neither,0.03945320844208391,0.33037608806864915,0.630170703489267
Secrets Revealed :P,neither,0.03945320844208391,0.33037608806864915,0.630170703489267
Dear lord,neither,0.03945320844208391,0.33037608806864915,0.630170703489267
@Permacrete_Juno But that's ol because we have the G&S and GYP community <3,neither,0.033471319085563125,0.33497128788019837,0.6315573930342384
I don't find drawing my outlet but I enjoy others drawing. I like to draw out my schedule.,neither,0.03420008059525473,0.384465206150787,0.5813347132539581
Just Begin,neither,0.033990842738804386,0.35639123495004443,0.6096179223111511
Taliesin is the worst <3,neither,0.05258110336964974,0.27568066403425573,0.6717382325960947
master flirt!,neither,0.03945320844208391,0.33037608806864915,0.630170703489267
Who are our other guests,neither,0.0755445752752806,0.3524572530209257,0.5719981717037936
"I did a couple of pictures of Tal, actually.",neither,0.03945320844208391,0.33037608806864915,0.630170703489267
So... I’m a master at building walkways under waterfalls.... 10 years,neither,0.03886072174631113,0.37856950918643556,0.5825697690672532
Everyone starts somwhere Tal@,neither,0.03523336752783453,0.40199780129067225,0.5627688311814931
Oh don’t worry taliesin,neither,0.04586210082030031,0.269821660360553,0.6843162388191468
"We *HAVE* a worst, Taliesin!",neither,0.04001074552045627,0.3209132287928433,0.6390760256867004
(X) Doubt,neither,0.03945320844208391,0.33037608806864915,0.630170703489267
something Tal isn't amazing at?,neither,0.038853053417560304,0.3486614525469689,0.6124854940354708
"i am such a ""great"" artist that i had to create my own superhero to draw: Protonman!",neither,0.048565825219558476,0.3703570114463715,0.58107716333407
its about fun or practice or something,neither,0.03401931179627281,0.3513423518040688,0.6146383363996584
Does Taliesin have hand tremors?,neither,0.023904027211128477,0.4803870812294376,0.49570889155943393
I'm absolutely planning to show off doodles,neither,0.0591350401910849,0.2639693925143775,0.6768955672945376
"This is going to be a competition for worst, me vs Taliesin",neither,0.0392388178781898,0.34110418319268626,0.6196569989291238
Sucking at something is the first step to being really good at it.,neither,0.03735766941012748,0.36593749008527354,0.596704840504599
I feel ya Taliesin!,offensive_language,0.02123168413070138,0.6800300307949494,0.29873828507434924
"Everyone can Draw Tal, Quality is subjective in art, if $27000 in an art degree has taught me anything",neither,0.03012063714165688,0.40079773090339316,0.56908163195495
Yep @Aveneg,neither,0.03945320844208391,0.33037608806864915,0.630170703489267
I do Stickmen & Serpents.,neither,0.04358573029058539,0.32895472430567013,0.6274595454037444
does the planetoid have a Car orbiting it?,neither,0.022735194045459255,0.45975632587293,0.5175084800816107
Hi Lauryn!!,neither,0.03945320844208391,0.33037608806864915,0.630170703489267
@Aveneg he does but it's nothing to worry about,neither,0.029720651326186908,0.48357066128118825,0.48670868739262485
TESS!!,neither,0.03945320844208391,0.33037608806864915,0.630170703489267
SAM,neither,0.03945320844208391,0.33037608806864915,0.630170703489267
SAM!!!,neither,0.03945320844208391,0.33037608806864915,0.630170703489267
"Hello, Lauryn",neither,0.03945320844208391,0.33037608806864915,0.630170703489267
HI,neither,0.03945320844208391,0.33037608806864915,0.630170703489267
hi lauren!,neither,0.03945320844208391,0.33037608806864915,0.630170703489267
!whodat,neither,0.03945320844208391,0.33037608806864915,0.630170703489267
"Taliesin Jaffe ( twitter.com/executivegoth ), with Satine Phoenix ( twitter.com/satinephoenix ), Lauryn Ipsum ( twitter.com/LaurynIpsum ), Geoffry Thorne ( twitter.com/GeoffThorne ), Brittney Irving ( twitter.com/Brttnymchlle ), Tess Fowler ( twitter.com/TessFowler ), Alex Ward ( twitter.com/AlexWard777 ), Sam de Leve ( twitter.com/ChaiKovsky )",neither,0.03689842461692503,0.47614110440794927,0.4869604709751257
*Waves back*,neither,0.03945320844208391,0.33037608806864915,0.630170703489267
"Gods, Lauren's so gorgeous",neither,0.03941302587762547,0.3714259541780684,0.5891610199443061
HI Sam Hi Lauren :D,neither,0.03945320844208391,0.33037608806864915,0.630170703489267
hi Lauryn!,neither,0.03945320844208391,0.33037608806864915,0.630170703489267
Tess!,neither,0.03945320844208391,0.33037608806864915,0.630170703489267
Hi Lauryn,neither,0.03945320844208391,0.33037608806864915,0.630170703489267
SAM! <3,neither,0.03945320844208391,0.33037608806864915,0.630170703489267
HI TESS,neither,0.03945320844208391,0.33037608806864915,0.630170703489267
"@shidareAKI Oh that's good, I've never noticed it before",neither,0.018242697309960955,0.38732464666058053,0.5944326560294585
that necklace on tal is so cool,neither,0.040008424918559236,0.4148792327878371,0.5451123422936037
oh and Sam is here!,neither,0.11730750701607544,0.19989597723248428,0.6827965157514402
Sam!,neither,0.03945320844208391,0.33037608806864915,0.630170703489267
Hi Sam!,neither,0.03945320844208391,0.33037608806864915,0.630170703489267
OMG TESS FOWLER,neither,0.03945320844208391,0.33037608806864915,0.630170703489267
Lauryn what happed,neither,0.057770773616808734,0.3180719994247239,0.6241572269584672
How's your foot doing Lauryn?,neither,0.07426889917049337,0.32069464370273537,0.6050364571267711
"Yassss, return of the gothy rocky gurl",neither,0.038862001699369736,0.3196502716971848,0.6414877266034456
yassss@,neither,0.03945320844208391,0.33037608806864915,0.630170703489267
:D,neither,0.03945320844208391,0.33037608806864915,0.630170703489267
Sam! Lauryn! TESS! SO MANY COOL FOLKS!,neither,0.03941459642167367,0.36836251859863467,0.5922228849796917
hiiiii tess and lauryn and sam and tal and sat ~,neither,0.037937779502560866,0.2402673427740176,0.7217948777234217
!whodat,neither,0.03945320844208391,0.33037608806864915,0.630170703489267
TYPOGRAPHY IS MY JAM,neither,0.033558963455606924,0.4341278189808811,0.532313217563512
"Taliesin Jaffe ( twitter.com/executivegoth ), with Satine Phoenix ( twitter.com/satinephoenix ), Lauryn Ipsum ( twitter.com/LaurynIpsum ), Geoffry Thorne ( twitter.com/GeoffThorne ), Brittney Irving ( twitter.com/Brttnymchlle ), Tess Fowler ( twitter.com/TessFowler ), Alex Ward ( twitter.com/AlexWard777 ), Sam de Leve ( twitter.com/ChaiKovsky )",neither,0.03689842461692503,0.47614110440794927,0.4869604709751257
It's the loveliest name,neither,0.035727320779703885,0.3046634875710657,0.6596091916492304
That art book was the bomb and is one of my favorite things I own tbh,neither,0.04540452804885768,0.3789856332846564,0.575609838666486
"ooh, Lauryn your work on the Artbook was amazing",neither,0.06029494543168182,0.32244617874320797,0.6172588758251101
Hi Lauryn!,neither,0.03945320844208391,0.33037608806864915,0.630170703489267
~eyeballs~,neither,0.03945320844208391,0.33037608806864915,0.630170703489267
i dig Lauryn's hair,neither,0.03945320844208391,0.33037608806864915,0.630170703489267
oh god the art book,neither,0.042964070626414386,0.27503300987128004,0.6820029195023054
oooohhh! secrets!,neither,0.03945320844208391,0.33037608806864915,0.630170703489267
submit questions here for Tuesday's Talks Machina https://www.reddit.com/r/criticalrole/comments/7wjawa/spoilers_c2e5_submit_questions_here_for_tuesdays/,neither,0.05672506505687793,0.2949443454086905,0.6483305895344316
lol,neither,0.020706217963973744,0.4882283491876925,0.4910654328483337
"""i'm a bad occultist, i haven't been showing you anything""",neither,0.04946797116686775,0.37648089493243303,0.5740511339006991
Hi Jeff!,neither,0.03945320844208391,0.33037608806864915,0.630170703489267
I love Tess Fowler's art,neither,0.03590019277228542,0.3470259104819143,0.6170738967458003
"HI JEFF, YOU'RE ON THE INTERNET!",neither,0.06588449251194432,0.3385815702063173,0.5955339372817384
TheIlluminati TheIlluminati TheIlluminati TheIlluminati TheIlluminati TheIlluminati,neither,0.03945320844208391,0.33037608806864915,0.630170703489267
"""I'm a bad occultist"" HAH I call bull. Taliesin is PURE MAGIC. It's ridiculous.",neither,0.04104038190738337,0.3298301863331371,0.6291294317594796
HELLYEAH,neither,0.03945320844208391,0.33037608806864915,0.630170703489267
i thought this channel would play d&d,neither,0.04163982941975412,0.24002002212387571,0.7183401484563702
The ladies have cool hair styles.,neither,0.03833673330740091,0.3256052705488978,0.6360579961437013
it's a good theme,neither,0.03725424426083596,0.3311324126854078,0.6316133430537563
More secrets?,neither,0.04166920844275053,0.3188543074992032,0.6394764840580464
PogChamp,neither,0.03945320844208391,0.33037608806864915,0.630170703489267
NICEE!,neither,0.03945320844208391,0.33037608806864915,0.630170703489267
He’s talking about a beholder!,neither,0.04517160497111835,0.3673887932745686,0.5874396017543131
writer of what?,neither,0.045410733014425726,0.3261170445028708,0.6284722224827035
!ears,neither,0.03945320844208391,0.33037608806864915,0.630170703489267
Black Panther HYPE,neither,0.06812692948485326,0.3079143196311721,0.6239587508839748
Black Panther hype!!!!!!,neither,0.06812692948485326,0.3079143196311721,0.6239587508839748
mic pop,neither,0.041035194788814615,0.3035256511092604,0.6554391541019251
Good theme,neither,0.03872947641674942,0.3306250126993298,0.6306455108839208
wooot!,neither,0.03945320844208391,0.33037608806864915,0.630170703489267
"Hello, Geoff",neither,0.03945320844208391,0.33037608806864915,0.630170703489267
Muh ears,neither,0.03945320844208391,0.33037608806864915,0.630170703489267
Oh my God WHAT? Black Panther cartoon???,neither,0.055228899430469096,0.34495713062978467,0.5998139699397462
@N1nt3nBrO this is a variety channel,neither,0.04631796138632696,0.32933790644259603,0.6243441321710769
OH DAMN,offensive_language,0.05096471030591599,0.9063512536062347,0.04268403608784929
welcome Geoff!,neither,0.03945320844208391,0.33037608806864915,0.630170703489267
All the hype,neither,0.04038810299713409,0.40115825671428396,0.5584536402885819
That's amaaazing,neither,0.026110925149043836,0.4791292047641166,0.4947598700868395
thank you whoever you are.,neither,0.13325181247346102,0.3879314226832029,0.4788167648433361
Wait! Black panhter cartoon? where can i find this!,neither,0.06267285236475385,0.2153136231817513,0.7220135244534949
Evening :),neither,0.03945320844208391,0.33037608806864915,0.630170703489267
HI GEOFF,neither,0.03945320844208391,0.33037608806864915,0.630170703489267
legend,neither,0.03945320844208391,0.33037608806864915,0.630170703489267
He wrote for Leverage according to his twitter. @Fu4ow,neither,0.06479549357859594,0.38751892670720184,0.5476855797142023
Awesome!,neither,0.03945320844208391,0.33037608806864915,0.630170703489267
oh REALLY? Wednesday Origins!,neither,0.04489799817621135,0.2785715045324817,0.6765304972913069
@JerrodOwex he said it's on Amazon for 99 cents,neither,0.035339677070326335,0.31633609890871467,0.648324224020959
"wha-??? thank you for Wednesday Club, Geoff!",neither,0.044825258177094596,0.3419971566745139,0.6131775851483915
"!schedule @N1nt3nBrO we have a variety of shows, including DnD!",neither,0.039063234123865594,0.3369949700006838,0.6239417958754505
Current Schedule ( as of February 2018 ): http://bit.ly/GnSQ12018 - more info about shows at: https://geekandsundry.com/twitch/,neither,0.03693542474345946,0.31252428244666686,0.6505402928098738
@harberst ooooh high caliver,neither,0.033145104355715105,0.48079866637856256,0.4860562292657223
caliber*,neither,0.03945320844208391,0.33037608806864915,0.630170703489267
We LOVE the Wednesday Club,neither,0.03595265511093548,0.3299322783830772,0.6341150665059874
Leverage was VERY cool.,neither,0.03931073211621925,0.33279428315215287,0.6278949847316279
thank you for Taliesin and the Wednesday club,neither,0.0442829589174151,0.2962940415157288,0.6594229995668561
Geoff Thorne is the Stan Lee of the Wednesday Club?!?!?!?!,neither,0.04427920859131945,0.3039854623836525,0.6517353290250282
<3,neither,0.03945320844208391,0.33037608806864915,0.630170703489267
I have a piece of paper and I'm ready to ruin it!,neither,0.04210209329440137,0.30570524216638145,0.652192664539217
The Wednesday Club: Origins...,neither,0.038534153511288596,0.3135539771247744,0.647911869363937
Guys i think Sam is excited,neither,0.04702045100473062,0.3218167832035025,0.6311627657917669
Sam looks excited.,neither,0.03945320844208391,0.33037608806864915,0.630170703489267
Heya Sam!,neither,0.03945320844208391,0.33037608806864915,0.630170703489267
Hi Sam!,neither,0.03945320844208391,0.33037608806864915,0.630170703489267
We love Sam~ <3,neither,0.035897014107389484,0.3493061217149179,0.6147968641776925
Hi Sam!,neither,0.03945320844208391,0.33037608806864915,0.630170703489267
HI SAM,neither,0.03945320844208391,0.33037608806864915,0.630170703489267
"Yay, hi Sam",neither,0.03945320844208391,0.33037608806864915,0.630170703489267
HI Sam!!!!!,neither,0.03945320844208391,0.33037608806864915,0.630170703489267
lovely sam,neither,0.03945320844208391,0.33037608806864915,0.630170703489267
yeah the ladies all have cool hair,neither,0.025684611765729202,0.4723528698896918,0.5019625183445792
Sam is always excited,neither,0.045327733094407026,0.37987496625568645,0.5747973006499065
"@UncleOok Sam's always excited, lol. She's a glorious ball of energy and I love her",offensive_language,0.027359132042121582,0.566216686449601,0.40642418150827736
Hi Sam <3,neither,0.03945320844208391,0.33037608806864915,0.630170703489267
Hi Sam!!!,neither,0.03945320844208391,0.33037608806864915,0.630170703489267
!nonbinary,neither,0.03945320844208391,0.33037608806864915,0.630170703489267
"Just your weekly reminder that Sam/Junil Rue is non-binary and uses they/them/their pronouns. Non-binary people, such as Sam, do not identify as male or female. For more information about people who identify as non-binary, check out this helpful link: https://goo.gl/yiBWJP",neither,0.05767622204307906,0.37610167259611094,0.56622210536081
Sam <3,neither,0.03945320844208391,0.33037608806864915,0.630170703489267
Hi Sam!!!,neither,0.03945320844208391,0.33037608806864915,0.630170703489267
That intro for Sam though,neither,0.03189383903866376,0.3392307730969158,0.6288753878644204
I LOVE SAM,neither,0.035714521531851555,0.34792756620297893,0.6163579122651696
so happy sams here!!! love themmmm,neither,0.09846928980388427,0.35193972602403645,0.5495909841720793
hi sam!,neither,0.03945320844208391,0.33037608806864915,0.630170703489267
HI SAM,neither,0.03945320844208391,0.33037608806864915,0.630170703489267
I wish I had a tenth of Sam's awesomeness. They are so awesome,neither,0.05557491306618618,0.32964428274997715,0.6147808041838367
@YesLittleHummingbird Sam is not female,neither,0.04403180329715663,0.36889385159296445,0.5870743451098788
Sam’s excitement is contagious,neither,0.045524733458051476,0.32828781220222003,0.6261874543397284
finger spelling lol,neither,0.03210013622310524,0.3834392597782812,0.5844606039986135
TESS: I and many many people in this chat credit you for (re)invigorating our enthusiasm about watercolours lately. Thank you and good to see you here!,neither,0.12382888377741318,0.3100830211167926,0.5660880951057943
Squid3,neither,0.03945320844208391,0.33037608806864915,0.630170703489267
oooh Sam's gonna model!!,neither,0.038667600047283104,0.3665682270927849,0.5947641728599321
Sam is the patron saint of accessibility,neither,0.04471041015889886,0.31633982653370274,0.6389497633073983
HI SAM,neither,0.03945320844208391,0.33037608806864915,0.630170703489267
MODEL SAM?!,neither,0.03945320844208391,0.33037608806864915,0.630170703489267
Who is that blue haired man!?,neither,0.043423445572214184,0.47517419793722676,0.48140235649055896
YES,neither,0.03945320844208391,0.33037608806864915,0.630170703489267
"Sam is always impressive, just like Amy Dallen and JCVIM!",neither,0.046826851081148174,0.3619086626668766,0.5912644862519754
Sam is my favorite person!! I love SO MUCH!!!,neither,0.030931929029474232,0.4414305666230353,0.5276375043474905
@shidareAKI Thank you! I didn't know that. I appreciate the correction!,neither,0.034002006880385696,0.4185926848556509,0.5474053082639634
ayy sunflower,neither,0.03945320844208391,0.33037608806864915,0.630170703489267
this is fantastic!,neither,0.0492744971941354,0.32883091238994555,0.6218945904159191
"I didn't know Sam enough to love her, but after that display, I'm intrigued.",offensive_language,0.02373233526789213,0.5229803316687889,0.453287333063319
@YesLittleHummingbird no problem!,neither,0.03816155161732251,0.3522988753405446,0.6095395730421328
You're all so amazing.,offensive_language,0.09836147007553112,0.5133196849744568,0.3883188449500122
@misssunflower94 No one knows....,neither,0.03722430012865475,0.39018964054682165,0.5725860593245237
#ProfessionalTiefling,neither,0.03945320844208391,0.33037608806864915,0.630170703489267
"""professional tiefling""",neither,0.03945320844208391,0.33037608806864915,0.630170703489267
Professional Tiefling,neither,0.03945320844208391,0.33037608806864915,0.630170703489267
#ProfessionalTiefling,neither,0.03945320844208391,0.33037608806864915,0.630170703489267
"them, Sam is non-binary.",neither,0.06376191197790017,0.3190804106714612,0.6171576773506386
my stream keeps buffering : (,neither,0.028972306121373616,0.41131481276367726,0.5597128811149491
I <3 Taliesin so much!,neither,0.03263919147166354,0.4173937179957508,0.5499670905325856
Sam's promouns are they/them,neither,0.09899259566682646,0.26523159189822376,0.6357758124349496
@misssunflower94 He is a mysterious stranger whose name is known to nobody.,neither,0.05348988436632047,0.41492452629384385,0.5315855893398356
#ProfessionalTiefling,neither,0.03945320844208391,0.33037608806864915,0.630170703489267
DarkMode Finally a job we can all get behind,neither,0.04058428275309324,0.3974116843077729,0.5620040329391338
!whodat,neither,0.03945320844208391,0.33037608806864915,0.630170703489267
"Taliesin Jaffe ( twitter.com/executivegoth ), with Satine Phoenix ( twitter.com/satinephoenix ), Lauryn Ipsum ( twitter.com/LaurynIpsum ), Geoffry Thorne ( twitter.com/GeoffThorne ), Tess Fowler ( twitter.com/TessFowler ), Sam de Leve ( twitter.com/ChaiKovsky )",neither,0.03633388165675596,0.4774834151150039,0.48618270322824003
!nonbinary @Darastrygat Sam is not female.,neither,0.04403180329715663,0.36889385159296445,0.5870743451098788
"Just your weekly reminder that Sam/Junil Rue is non-binary and uses they/them/their pronouns. Non-binary people, such as Sam, do not identify as male or female. For more information about people who identify as non-binary, check out this helpful link: https://goo.gl/yiBWJP",neither,0.05767622204307906,0.37610167259611094,0.56622210536081
Hi Satine!,neither,0.03945320844208391,0.33037608806864915,0.630170703489267
@Darastrygat i dont either but i do anyway!,neither,0.03754656986537883,0.33939897785113016,0.623054452283491
Satine is kickass DM,neither,0.052578380808288645,0.3258617394292242,0.6215598797624872
@Darastrygat Sam uses the pronouns they and them,neither,0.048018224733566296,0.28529112921037686,0.6666906460560569
Taliesin the man the myth the tiefling,neither,0.037095627769895334,0.33987782675960754,0.6230265454704972
all I got is a box of gel pens and a bag of crayons!!! lets go!,neither,0.04582002606689861,0.35203553611837374,0.6021444378147276
*pronouns,neither,0.03945320844208391,0.33037608806864915,0.630170703489267
"""Professional Tiefling"" would be such an awesome line on business cards.",neither,0.037982400174317955,0.3317143724208595,0.6303032274048226
It's the Internet's Satine Phoenix!!!,neither,0.03731282803884124,0.31565065920464985,0.647036512756509
Playing Disney in Dungeonland sounds like something Satine would do,neither,0.04787234402259365,0.33721239981002293,0.6149152561673833
I am so jealous of her life.,offensive_language,0.02863004396711244,0.6179427508247572,0.35342720520813037
"I don't know, he passes himself off as a very UNprofessional Tiefling...",neither,0.04173918818566475,0.3533653099031369,0.6048955019111983
Lavender Tiefling in fact,neither,0.03945320844208391,0.33037608806864915,0.630170703489267
Satine lives the dream!,neither,0.03848655942159051,0.31265857417098225,0.6488548664074273
d&d at disney? AWESOME,neither,0.03871445575711474,0.3528663881920573,0.6084191560508281
that sounds fun AF,neither,0.035657187960082465,0.3716487187280095,0.592694093311908
@stargazer1977 / @ThomasTeaLights Ty ^_^,neither,0.03945320844208391,0.33037608806864915,0.630170703489267
24 hours of dnd <3,neither,0.03945320844208391,0.33037608806864915,0.630170703489267
"that sounds amazingly fun, satine!",neither,0.03499898126042127,0.3789468119090193,0.5860542068305594
Is DM tips coming back?,neither,0.046298695671795974,0.32802161110640965,0.6256796932217944
I bet there are Dungeons at Disneyland.,neither,0.07238294841055969,0.2516937694722164,0.675923282117224
HI TELL!,neither,0.03945320844208391,0.33037608806864915,0.630170703489267
"You all got the part where I didn't know anything about them, yeah? One correction was enough.",offensive_language,0.03389342568797353,0.5130119433749446,0.4530946309370818
*TESS,neither,0.03945320844208391,0.33037608806864915,0.630170703489267
Whoo Tess!,neither,0.03945320844208391,0.33037608806864915,0.630170703489267
TESS! <3 <3 <3,neither,0.03945320844208391,0.33037608806864915,0.630170703489267
Good evening everyone! Hi Satine and Tal!,neither,0.03452074119915957,0.3741949683042545,0.591284290496586
"also, what are we drawing today?",neither,0.06587269391338736,0.27213050039213493,0.6619968056944776
WOW,neither,0.03945320844208391,0.33037608806864915,0.630170703489267
Because Addictions,neither,0.03945320844208391,0.33037608806864915,0.630170703489267
TESS!!,neither,0.03945320844208391,0.33037608806864915,0.630170703489267
LOLOL,neither,0.03945320844208391,0.33037608806864915,0.630170703489267
Ahhhhhh HI TESS,neither,0.03945320844208391,0.33037608806864915,0.630170703489267
"Hello, Tess",neither,0.03945320844208391,0.33037608806864915,0.630170703489267
"Not going to lie, I would prefer playing Disney in Dungeonland... but I'm a huge BDSM fan, lol.",neither,0.034761972451557266,0.3779146903186512,0.5873233372297915
TESSSSSSSS!!!!!!!,neither,0.03945320844208391,0.33037608806864915,0.630170703489267
tess!,neither,0.03945320844208391,0.33037608806864915,0.630170703489267
TESS!!!!,neither,0.03945320844208391,0.33037608806864915,0.630170703489267
Oh my goodness Tess Fowler you're an amazing artist!!!,neither,0.05878198876860704,0.36572773720108076,0.5754902740303122
Damn... Satine is a goddess,offensive_language,0.05490492885393518,0.8082211695522408,0.1368739015938241
HI TEsssss,neither,0.03945320844208391,0.33037608806864915,0.630170703489267
No pressure Tess!,neither,0.03841525844964217,0.3479928082740095,0.6135919332763483
LUCHA LIBRE,neither,0.03945320844208391,0.33037608806864915,0.630170703489267
hi,neither,0.03945320844208391,0.33037608806864915,0.630170703489267
<3 Tess!,neither,0.03945320844208391,0.33037608806864915,0.630170703489267
HI TESS ~,neither,0.03945320844208391,0.33037608806864915,0.630170703489267
TESS!!! yay!,neither,0.03945320844208391,0.33037608806864915,0.630170703489267
Tess!!!!!,neither,0.03945320844208391,0.33037608806864915,0.630170703489267
TESSSSSSSSSSSS,neither,0.03945320844208391,0.33037608806864915,0.630170703489267
WOOO,neither,0.03945320844208391,0.33037608806864915,0.630170703489267
woooo tess,neither,0.03945320844208391,0.33037608806864915,0.630170703489267
Hello,neither,0.03945320844208391,0.33037608806864915,0.630170703489267
Tess is the best,neither,0.05135998456280659,0.2889087219359037,0.6597312935012896
TESS!,neither,0.03945320844208391,0.33037608806864915,0.630170703489267
woo tess,neither,0.03945320844208391,0.33037608806864915,0.630170703489267
#CritterNation,neither,0.03945320844208391,0.33037608806864915,0.630170703489267
Hi Tess!,neither,0.03945320844208391,0.33037608806864915,0.630170703489267
YAY! Hihi Tess!!!,neither,0.03945320844208391,0.33037608806864915,0.630170703489267
HI TESS!,neither,0.03945320844208391,0.33037608806864915,0.630170703489267
Tess makes my twitter feed so pretty!!!,offensive_language,0.02939298430237151,0.5447109565837516,0.42589605911387696
Wooo!,neither,0.03945320844208391,0.33037608806864915,0.630170703489267
Wooo!!!,neither,0.03945320844208391,0.33037608806864915,0.630170703489267
Hi Tess!,neither,0.03945320844208391,0.33037608806864915,0.630170703489267
Woo,neither,0.03945320844208391,0.33037608806864915,0.630170703489267
TESSSSS,neither,0.03945320844208391,0.33037608806864915,0.630170703489267
woop,neither,0.03945320844208391,0.33037608806864915,0.630170703489267
ArTESSt,neither,0.03945320844208391,0.33037608806864915,0.630170703489267
TESS: I and many many people in this chat credit you for (re)invigorating our enthusiasm about watercolours lately. Thank you and good to see you here!,neither,0.12382888377741318,0.3100830211167926,0.5660880951057943
LOVE TESS!!!!,neither,0.03217296676969875,0.3657703709031763,0.602056662327125
HELLO TESS,neither,0.03945320844208391,0.33037608806864915,0.630170703489267
Hi Tess!,neither,0.03945320844208391,0.33037608806864915,0.630170703489267
hey Tess!,neither,0.03945320844208391,0.33037608806864915,0.630170703489267
"Tess, if you can read this, I loved your run on Rat Queens!!!",neither,0.05032723571455793,0.3977768018308819,0.5518959624545602
HI TESS!,neither,0.03945320844208391,0.33037608806864915,0.630170703489267
Love your work Tess!,neither,0.0862151720557387,0.3358418423559211,0.5779429855883402
Yay Tess,neither,0.03945320844208391,0.33037608806864915,0.630170703489267
Lots of Flowers,neither,0.03945320844208391,0.33037608806864915,0.630170703489267
Criter for life,neither,0.02522931482244852,0.38327772064729315,0.5914929645302583
Tess! Everyone read her comic,offensive_language,0.025416955053560498,0.6427899705197683,0.3317930744266712
woo,neither,0.03945320844208391,0.33037608806864915,0.630170703489267
Tess gandsLessthanthree gandsLessthanthree gandsLessthanthree gandsLessthanthree,neither,0.03945320844208391,0.33037608806864915,0.630170703489267
TESSSS!! <3,neither,0.03945320844208391,0.33037608806864915,0.630170703489267
Tess Fowler critter hype :D,neither,0.03945320844208391,0.33037608806864915,0.630170703489267
hi tess!!!,neither,0.03945320844208391,0.33037608806864915,0.630170703489267
We LOVE you tho Tess,neither,0.05130250437052084,0.44105883291523257,0.5076386627142466
We all love Auntie Tess!,neither,0.03807330142863972,0.42018345740280966,0.5417432411685505
Hi talisan,neither,0.03945320844208391,0.33037608806864915,0.630170703489267
Deliberately distracting Tess?,neither,0.03945320844208391,0.33037608806864915,0.630170703489267
Kid Lobotomy,neither,0.03875993150207,0.34214280704932193,0.619097261448608
like?,neither,0.10032665912632961,0.39589500941497124,0.5037783314586992
Citter for life,neither,0.02522931482244852,0.38327772064729315,0.5914929645302583
Professional Critter,neither,0.03945320844208391,0.33037608806864915,0.630170703489267
Hi Tess!!!,neither,0.03945320844208391,0.33037608806864915,0.630170703489267
We love everyone on those couches!,neither,0.049666148127753745,0.3979384828277792,0.5523953690444672
i am so out of practice right now btw,neither,0.03535286130703672,0.38977036132036186,0.5748767773726015
Yay Tess!,neither,0.03945320844208391,0.33037608806864915,0.630170703489267
hello!!,neither,0.03945320844208391,0.33037608806864915,0.630170703489267
kid lobotomy is so fucking good!!!!!,offensive_language,0.11992535914607816,0.8797445284936809,0.00033011236024102166
Oooooooohhhhhhhhh,neither,0.03945320844208391,0.33037608806864915,0.630170703489267
I want to hang out with Tess,neither,0.029335347180136754,0.38197994090618653,0.5886847119136768
This is such a fabulous cast tonight!,neither,0.04321023405490791,0.31024498060374844,0.6465447853413437
yay Tess,neither,0.03945320844208391,0.33037608806864915,0.630170703489267
that is an awesome title and i need to read it,neither,0.04568908552137911,0.3220349864339661,0.6322759280446547
KL is fantastic!,neither,0.05005952611256733,0.3267280890626825,0.6232123848247502
Hello.,neither,0.03945320844208391,0.33037608806864915,0.630170703489267
https://www.idwpublishing.com/product-category/black-crown/kid-lobotomy/,neither,0.04974225053785121,0.3247231724481895,0.6255345770139593
Satine's makeup stays being goals,neither,0.03566214435113553,0.3520400862731019,0.6122977693757625
this is such a fantastic crew tonight :D,neither,0.04350117409367896,0.3089709282448828,0.6475278976614381
"Tess, what paper do you use with your watercolor work?",offensive_language,0.0335300350363557,0.48449087055742046,0.4819790944062237
Hello everyone!,neither,0.03269494828970791,0.4450814005079928,0.5222236512022994
Tess shares Peter's nightmares with the world,neither,0.027479783236057438,0.3522983404192827,0.6202218763446599
You may or may not see Taliesin and Erika in Kid Lobotomy...,neither,0.05046470707850162,0.3046979751781667,0.6448373177433316
Share the nightmare. spread the love. Suffer together!,neither,0.036363739239521506,0.3175457609981049,0.6460904997623736
OH MY GODDDD,neither,0.02748693229954249,0.40236076101129065,0.5701523066891669
