text,top_class,hate_speech,offensive_language,neither
hooray!,neither,0.03945320844208391,0.33037608806864915,0.630170703489267
"I think next week is their season finale, then AYBGF is back, if I remember correctly.",neither,0.03657978214107504,0.35740357337643375,0.6060166444824913
gandsClassic gandsClassic gandsClassic gandsSubHype gandsSubHype gandsSubHype,neither,0.03945320844208391,0.33037608806864915,0.630170703489267
jcvimHi Trisha jcvimHi Erika,neither,0.03945320844208391,0.33037608806864915,0.630170703489267
<3,neither,0.03945320844208391,0.33037608806864915,0.630170703489267
Hi Trisha and EKbot!,neither,0.038358606956405694,0.2721397086643902,0.6895016843792041
hello Trisha and not Kate,neither,0.03758258652022321,0.2988841083091719,0.6635333051706048
doogHi,neither,0.03945320844208391,0.33037608806864915,0.630170703489267
Welcome back Erika!!,neither,0.03945320844208391,0.33037608806864915,0.630170703489267
Is it Tuesday yet?,neither,0.04622963414751951,0.32804536453146615,0.6257250013210144
jcvimHi ek jcvimHi trish,neither,0.03945320844208391,0.33037608806864915,0.630170703489267
WE MISSED YOU ERIKA IT WAS SO QUIET IN HERE,neither,0.0969920319869524,0.37676499046987916,0.5262429775431684
It is nice to have Erika back. <3,neither,0.0559415401859895,0.332981047196792,0.6110774126172185
Erika gandsLessthanthree Trisha gandsLessthanthree,neither,0.03945320844208391,0.33037608806864915,0.630170703489267
"Your Square Bowl marathon was super fun, Erika!",neither,0.05835200701884418,0.3264337357293996,0.6152142572517564
Erika gandsSubHype tinytatoPotato tinytatoHeart,neither,0.03945320844208391,0.33037608806864915,0.630170703489267
Without Erika we had to play Dream Daddy and cry into our ice cream.,neither,0.042602146144546674,0.3068197177735385,0.6505781360819148
"Valentine's day? Don't you mean ""Day before Discount Chocolate day?""",neither,0.04672462803578032,0.3676458703383995,0.5856295016258203
Mario should visit every week ramaThump,neither,0.05181158880121131,0.36639653182773363,0.581791879371055
gandsSubHype gandsSubHype gandsSubHype gandsSubHype,neither,0.03945320844208391,0.33037608806864915,0.630170703489267
(although it's still the day before the day before...),neither,0.03348224469040989,0.37884062375887817,0.5876771315507119
@harberst pretty much,neither,0.03384839909176227,0.33230383901613453,0.6338477618921031
Hello Erika! We missed you!,neither,0.05660512060941964,0.3819595766409555,0.5614353027496249
"Trisha, you will beat Lasercorn in Magic next time!",neither,0.053376132613151855,0.37899361275537313,0.5676302546314749
Mmm discount chocolate day. :p,neither,0.039923915835405645,0.31648742064287505,0.6435886635217192
Kabillion is a scientific measurement that means a billion times a kajillion.,neither,0.042139326281391755,0.3578865894935412,0.5999740842250669
We love you too. <3 <3,neither,0.05987235140481781,0.439487593510106,0.5006400550850761
No cheating ? So how is Becca supposed to get to play then ? :(,neither,0.05595910983877598,0.3714897855918466,0.5725511045693773
and also have 10 million hours of total gameplay.,neither,0.03852249676431668,0.3083381129647297,0.6531393902709536
Hello Everyone... sorry i'm late TwitchUnity TwitchUnity TwitchUnity,neither,0.0343069362337006,0.41772175814513857,0.5479713056211609
when can we get our official Game Engine gaming licenses?,neither,0.03355586801672968,0.3372227290797811,0.6292214029034893
"Game Engine sponsored pros must be the very best, like no one ever was.",neither,0.04305857663720326,0.32190437670083355,0.6350370466619633
@badgern14 Very true,neither,0.03945320844208391,0.33037608806864915,0.630170703489267
@badgern14 She just can't get caught.,neither,0.035488744332278235,0.4589340939152819,0.5055771617524398
We have a subscriber-only Discord server! Join here: https://discord.gg/geekandsundry (you'll need to sub and link it to your Twitch) and be a part of the fun!...Warning: It can take up to an hour for the server to update and give you access to the channels,neither,0.08464076273808444,0.286394834032893,0.6289644032290227
hey @Leigh574,neither,0.03945320844208391,0.33037608806864915,0.630170703489267
Hi @Leigh574,neither,0.03945320844208391,0.33037608806864915,0.630170703489267
@badgern14 no becca's allowed :),neither,0.03831339492610202,0.3497216981110983,0.6119649069627997
Game Engine League: WE ALL GEL TOGETHER!,neither,0.03990276480158391,0.34944095840370515,0.610656276794711
Hey @danaclay Hey @chaoticloony,neither,0.03945320844208391,0.33037608806864915,0.630170703489267
"Finally? This is trailer #3, if memory serves.",neither,0.12258095346717522,0.4010937796759328,0.47632526685689197
"Hi, @Leigh574",neither,0.03945320844208391,0.33037608806864915,0.630170703489267
It's just that there is a long time between trailers.,neither,0.0362207586619884,0.36094841878993583,0.6028308225480757
hi @JeffM0307,neither,0.03945320844208391,0.33037608806864915,0.630170703489267
i bought a ps3 for KH3....many years ago,neither,0.0351433126422142,0.3088390967090124,0.6560175906487734
Green goofy with crazy eyes,neither,0.02521493748839871,0.4038363069417238,0.5709487555698775
We know :D,neither,0.03914817603122934,0.3355532841520078,0.6252985398167629
"Help G&S make great content! $4.99/month gets you emotes, Minecraft server access, sub-only VODs, and more! Every sub keeps the channel alive! twitch.tv/geekandsundry/subscribe",neither,0.043907990691603095,0.31135964332838284,0.644732365980014
man they've been talking about this game for years now i'm wondering if its ever coming,neither,0.0150433183755246,0.3600270347267362,0.6249296468977392
@Seango1220 I feel ya,offensive_language,0.02123168413070138,0.6800300307949494,0.29873828507434924
Soon (TM),neither,0.03945320844208391,0.33037608806864915,0.630170703489267
lol,neither,0.020706217963973744,0.4882283491876925,0.4910654328483337
"Don't forget ""Pixels"" :P",neither,0.03945320844208391,0.33037608806864915,0.630170703489267
"I'll believe in Kingdom Hearts 3, when i see the actual game!",neither,0.032712832877345346,0.3248698629990229,0.6424173041236317
LUL,neither,0.03945320844208391,0.33037608806864915,0.630170703489267
haha,neither,0.03186685585600258,0.45913629025701075,0.5089968538869867
"See... Erika flips tables, you all thought we were kidding.",neither,0.05399043223259114,0.32565427089031157,0.6203552968770973
"A legendary moment, Erika. *standing ovation*",neither,0.03945320844208391,0.33037608806864915,0.630170703489267
We need to warn theater chains in LA...,neither,0.04329200906753896,0.3286569637636278,0.6280510271688332
"Ah, calssic Scaredy Cats!",neither,0.04298950177265355,0.16343756721836344,0.7935729310089831
TableHere FlipThis,neither,0.03945320844208391,0.33037608806864915,0.630170703489267
*classic,neither,0.03945320844208391,0.33037608806864915,0.630170703489267
!schedule,neither,0.03945320844208391,0.33037608806864915,0.630170703489267
Current Schedule ( as of February 2018 ): http://bit.ly/GnSQ12018 - more info about shows at: https://geekandsundry.com/twitch/,neither,0.03693542474345946,0.31252428244666686,0.6505402928098738
I mean its all you can do,offensive_language,0.05630178221849287,0.49050204649217277,0.4531961712893344
Can Erika appear in the film so we can see that in the movie,neither,0.037510679086731606,0.3348712738390476,0.6276180470742209
"Kingdom Hearts 3 - Half-Life 3, confirmed!",neither,0.037172500318341385,0.36945265334048366,0.593374846341175
LOL,neither,0.020706217963973744,0.4882283491876925,0.4910654328483337
man this is going so well,offensive_language,0.04661939502309003,0.4795558737761855,0.47382473120072444
that was bad,neither,0.027978731809837416,0.40671251491605975,0.5653087532741028
I'm sure KH3 will happen in time for Playstation 6,neither,0.03142147407156071,0.40147149886157407,0.5671070270668651
danGasm danGasm danGasm,neither,0.03945320844208391,0.33037608806864915,0.630170703489267
@harberst right? lol,neither,0.025203731261364645,0.46175640657793826,0.5130398621606972
You ladies are always so wonderful!,neither,0.08186350516862181,0.42679879768974316,0.49133769714163505
well its wednesday hereso happy birthday me,neither,0.02945948726111373,0.36292562765015085,0.6076148850887354
KH3 better not have lightsaber keyblades,neither,0.036631145596429764,0.35200978328601923,0.6113590711175511
Koopacurrency.,neither,0.03945320844208391,0.33037608806864915,0.630170703489267
I once rode on a yacht during my middle school graduation,neither,0.03159728633331649,0.38557986603602157,0.582822847630662
FailFish lol,neither,0.020706217963973744,0.4882283491876925,0.4910654328483337
who wrote that?,neither,0.03545451024321566,0.4589962136159766,0.5055492761408076
She'll be able to afford her cybernetics!,offensive_language,0.038295933006359036,0.5927812021700664,0.3689228648235746
gandsHR gandsHR gandsHR,neither,0.03945320844208391,0.33037608806864915,0.630170703489267
@paladinish421 Happy birthday then!,neither,0.03945320844208391,0.33037608806864915,0.630170703489267
These writers need a raise. :D,neither,0.04712507483408641,0.39147122243681687,0.5614037027290967
100 points for that,neither,0.030130135551438883,0.3421117813236427,0.6277580831249184
gandsHR,neither,0.03945320844208391,0.33037608806864915,0.630170703489267
all the staplers,offensive_language,0.041785587507551285,0.49387059749283524,0.46434381499961347
Naked Truth vlog reference I heard!,neither,0.03945320844208391,0.33037608806864915,0.630170703489267
gandsApplaud ramaFacepalm gandsApplaud ramaFacepalm gandsApplaud ramaFacepalm,neither,0.03945320844208391,0.33037608806864915,0.630170703489267
shishNONO,neither,0.03945320844208391,0.33037608806864915,0.630170703489267
haHAA,neither,0.03945320844208391,0.33037608806864915,0.630170703489267
Puritans. TableHere,neither,0.03945320844208391,0.33037608806864915,0.630170703489267
kailDerp kailDerp,neither,0.03945320844208391,0.33037608806864915,0.630170703489267
a tyre is not appropriate attire,neither,0.04478263951913871,0.3321178172269559,0.6230995432539053
"Man, Singapore will be a WHOLE new place if all the officials carried Nintendo Switches...",neither,0.03430106886813138,0.3323549131536682,0.6333440179782004
!respect,neither,0.03945320844208391,0.33037608806864915,0.630170703489267
"If you would like to share opinions on our hosts, guests or fellow viewers, please do so in a respectful manner. Don't make them feel uncomfortable.",neither,0.04843323757214918,0.39559142321184637,0.5559753392160044
huh i guess it IS almost valentines day,neither,0.0443315954732531,0.32195218146263826,0.6337162230641088
"this is so funny, I think imma drink bleach",neither,0.044771703630047975,0.36827278590121165,0.5869555104687404
girl on the left whats her name?,offensive_language,0.025218510538234026,0.5423605700252193,0.43242091943654676
Erika ish my Valentine then? <3,neither,0.029764433709713597,0.40453409793330913,0.5657014683569771
How ironic on the timing,neither,0.036582383401516504,0.3281345888218221,0.6352830277766615
Trisha Hershberger,neither,0.03945320844208391,0.33037608806864915,0.630170703489267
!whodat,neither,0.03945320844208391,0.33037608806864915,0.630170703489267
"Erika Ishii ( twitter.com/erikaishii ), and Trisha Hershberger ( twitter.com/thatgrltrish ).",neither,0.037990275070434426,0.44411970283059166,0.5178900220989738
No bad dragon? Sorry Iffy :D,neither,0.03613534354421007,0.3427018141885155,0.6211628422672745
Want the inside scoop? Join the cast of Critical Role and discuss this episode right here on Talks Machina. Tuesdays 7pm Pacific at twitch.tv/geekandsundry and projectalpha.com,neither,0.04630302093207864,0.22484473131932575,0.7288522477485957
Unless the couple plays battle mode in Mario Kart. ;),neither,0.038929909600009034,0.32089856936042815,0.6401715210395628
How do they know what I wear to the mall? *checks for hidden cameras,neither,0.042786391407264764,0.30125019807466186,0.6559634105180734
oh that married life,neither,0.03693691443836217,0.384803451719285,0.5782596338423528
Overcooked.,neither,0.03945320844208391,0.33037608806864915,0.630170703489267
name of these two?,neither,0.05385451933881994,0.41975231265928986,0.5263931680018902
!whodat,neither,0.03945320844208391,0.33037608806864915,0.630170703489267
"Erika Ishii ( twitter.com/erikaishii ), and Trisha Hershberger ( twitter.com/thatgrltrish ).",neither,0.037990275070434426,0.44411970283059166,0.5178900220989738
Left is Trisha,neither,0.05451406670164796,0.32519596828845504,0.6202899650098971
thanks! :),neither,0.035884468650613,0.3004919205142699,0.6636236108351171
"WOW, I totally zoned out on the time and missed 18 minutes...",neither,0.034036364210890686,0.326536151113289,0.6394274846758202
Double date in Left 4 Dead 2?,neither,0.03945320844208391,0.33037608806864915,0.630170703489267
