text,top_class,hate_speech,offensive_language,neither
"The channel has gone live. If you cannot see the folks in the studio , please refresh.",neither,0.03723955741942503,0.3496909644204777,0.6130694781600973
lol,neither,0.020706217963973744,0.4882283491876925,0.4910654328483337
LUL,neither,0.03945320844208391,0.33037608806864915,0.630170703489267
Boom,neither,0.03945320844208391,0.33037608806864915,0.630170703489267
lol,neither,0.020706217963973744,0.4882283491876925,0.4910654328483337
LUL,neither,0.03945320844208391,0.33037608806864915,0.630170703489267
I really love getting to see Travis flex his voice acting muscles,neither,0.05222533081311306,0.3748352663137527,0.5729394028731342
omg,neither,0.03945320844208391,0.33037608806864915,0.630170703489267
"he talks like a seaman, looks like a seaman, tastes like a seaman",neither,0.07392530942897602,0.3642362253159462,0.5618384652550777
"repeat The channel has gone live. If you cannot see the folks in the studio , please refresh.",neither,0.0373634929483334,0.34859131571055346,0.6140451913411132
omg,neither,0.03945320844208391,0.33037608806864915,0.630170703489267
LOL!!,neither,0.020706217963973744,0.4882283491876925,0.4910654328483337
LMFAO!,neither,0.05470637918084239,0.32512982320825545,0.6201637976109021
lol,neither,0.020706217963973744,0.4882283491876925,0.4910654328483337
"Jesus, that is a young looking Travis.",neither,0.03995423372846634,0.3967167896148503,0.5633289766566835
Dawww.,neither,0.03945320844208391,0.33037608806864915,0.630170703489267
beardless Brian DansGame,neither,0.03945320844208391,0.33037608806864915,0.630170703489267
@walrus_fist So what you're saying is he's a duck?,neither,0.09339691333332636,0.38153600685264855,0.5250670798140249
Phew/ Thought that Overwatch hosting was cutting it a bit fine.,neither,0.038086045082598365,0.2940035503865753,0.6679104045308264
"Bidet from the US, Minnesota :)",neither,0.08184980664751987,0.2884089622958246,0.6297412310566556
it's the hat,neither,0.03634856686349006,0.3089767141713174,0.6546747189651926
"yay! first talks, excited!",neither,0.033797210197904035,0.33232144522402995,0.6338813445780659
Lmao that travis valentine,neither,0.03553050827066932,0.3780298277080966,0.5864396640212339
heeeeeeeeeee,neither,0.03945320844208391,0.33037608806864915,0.630170703489267
Loved Travis as Grog but hes rocking it as Fjord,neither,0.034507745965841136,0.37581322374959614,0.5896790302845627
BWF with no beard is unsettling,neither,0.033627566241659905,0.38560673887574765,0.5807656948825924
lol,neither,0.020706217963973744,0.4882283491876925,0.4910654328483337
She could do so much better.,neither,0.03828955268384635,0.4742868556994721,0.48742359161668136
CharacterStigma -> ONLY HULK CAPSLOCKS [warning],neither,0.03945320844208391,0.33037608806864915,0.630170703489267
ps4 twitch lags behind by so much..,neither,0.037515049823248915,0.3967908298558014,0.5656941203209498
live for talks. Will we start on time PogChamp,neither,0.03584537993616002,0.3145294815341288,0.649625138529711
"Thus, Insane theory.",neither,0.03945320844208391,0.33037608806864915,0.630170703489267
I will take the one of 'sailor' travis.,neither,0.03918883382877665,0.32377305050465294,0.6370381156665703
bidet ya'll,offensive_language,0.020730940077770262,0.6929551195008575,0.2863139404213722
Beardless Brian looks kinda strange tbh. Still *hawt* but different.,neither,0.037162324067784074,0.3438836199905187,0.6189540559416973
Welcome @Left4Jenga,neither,0.03945320844208391,0.33037608806864915,0.630170703489267
Travis!!!!!!!!!,neither,0.03945320844208391,0.33037608806864915,0.630170703489267
travis is so cute,neither,0.049520216278163456,0.3406559526542843,0.6098238310675523
Talks Machina is being sponsored tonight by Hallmark :P,neither,0.03993858962554255,0.36231473082867044,0.597746679545787
Do you regret typing a sentence?,neither,0.05320751193679703,0.36526586303302655,0.5815266250301764
The Anchor is too much,neither,0.04195106322704624,0.31715296925893705,0.6408959675140168
he looks better without the beard,neither,0.0432459403659643,0.31510028514947636,0.6416537744845594
holy shit bryan has no beard!!!,offensive_language,0.04830811904103136,0.9392337954714108,0.01245808548755782
LUL LUL LUL LUL LUL LUL LUL LUL LUL,neither,0.03945320844208391,0.33037608806864915,0.630170703489267
howdy all,offensive_language,0.046917543854519406,0.6277741405869331,0.3253083155585475
like a completely different person,neither,0.049416946175265736,0.34492884148889363,0.6056542123358406
Time for talks,neither,0.031480367819626764,0.3189862128337732,0.6495334193465999
hahaah I love it,neither,0.030831260484157012,0.3601344986151421,0.609034240900701
#TheLandThatBeardsForgot,neither,0.03945320844208391,0.33037608806864915,0.630170703489267
I kinda like beardless Brian.,neither,0.05120765882697652,0.3473192079433942,0.6014731332296291
Any comments on the theory?,neither,0.03632366398023077,0.32795290992543047,0.6357234260943386
Lmao I'll definitely be using those Valentines,neither,0.05294839377804798,0.3425206753295495,0.6045309308924026
"Correction @lil_paulie1988, Ashley is his beard",neither,0.06651032469143962,0.3291279859316728,0.6043616893768876
seaman Kreygasm,neither,0.03945320844208391,0.33037608806864915,0.630170703489267
Travis hahaha,neither,0.03945320844208391,0.33037608806864915,0.630170703489267
I'm curious is any critter art is out there featuring the CR intro only with the actual characters,neither,0.0381040310939137,0.31933429206909436,0.642561676836992
Bidet all!,offensive_language,0.046917543854519406,0.6277741405869331,0.3253083155585475
"Look at that jaw. That is a good jaw,",neither,0.039470446488983894,0.38936768327872145,0.5711618702322946
"Beardless Brian is hot AF. Though, bearded Brian is hot, too. lol",neither,0.04260786521964147,0.3548477120792753,0.6025444227010832
What theory?,neither,0.04644688196614929,0.325405590977308,0.6281475270565426
gandsCrit Critical Love TwitchUnity,neither,0.0360053414055849,0.3465167256147498,0.6174779329796654
#It'sAStrongJaw :),neither,0.034373745257138544,0.33212314837979673,0.6335031063630647
Bidet from Iowa!,neither,0.04069404815304118,0.30931579984010865,0.6499901520068502
KomodoHype,neither,0.03945320844208391,0.33037608806864915,0.630170703489267
Bidet from Maine!,neither,0.04069404815304118,0.30931579984010865,0.6499901520068502
That there is a jawline that could break bricks.,neither,0.03929370523675952,0.3596603684584764,0.6010459263047642
!sub,neither,0.03945320844208391,0.33037608806864915,0.630170703489267
Help support the #GnSLive twitch channel! $4.99/month gets you exclusive sub-only benefits and helps keep the channel alive! Thanks! twitch.tv/geekandsundry/subscribe or for MOBILE https://secure.twitch.tv/products/geekandsundry/ticket/new,neither,0.047564760200365624,0.28780811278399754,0.6646271270156369
LUL,neither,0.03945320844208391,0.33037608806864915,0.630170703489267
bidet from minnesota,neither,0.04071751644889743,0.3089174816120565,0.6503650019390461
who is that man next to Ashley on that picture?,offensive_language,0.041805085797306664,0.4897836311803551,0.4684112830223382
10/10 travis,neither,0.03945320844208391,0.33037608806864915,0.630170703489267
penis,neither,0.03945320844208391,0.33037608806864915,0.630170703489267
"Wow, just look at those beautiful people there",neither,0.08698485888475528,0.269769483952458,0.6432456571627867
bidet from illinois,neither,0.04069404815304118,0.30931579984010865,0.6499901520068502
Beep Beep from IL,neither,0.04066490145509902,0.30981049537100724,0.6495246031738937
Bidet!,neither,0.03945320844208391,0.33037608806864915,0.630170703489267
oima taco,neither,0.03945320844208391,0.33037608806864915,0.630170703489267
Best Valentines.,neither,0.03843307524373097,0.32183362400326015,0.6397333007530089
That theory,neither,0.03462336300107231,0.3831274915853991,0.5822491454135285
beardless Brian looks like a bond villain,neither,0.048560644889466646,0.3437637169292384,0.6076756381812949
bidet from quebec1,neither,0.04228451509352876,0.2823214250720796,0.6753940598343917
"3 o clock in the morning while watching this, I'm not looking forward to tomorrow",neither,0.04719992844814217,0.23770538389077137,0.7150946876610863
is there a sub count somewhere?,neither,0.04607359197589226,0.2934175683186925,0.6605088397054154
ooo,neither,0.03945320844208391,0.33037608806864915,0.630170703489267
Bidet folks,neither,0.03945320844208391,0.33037608806864915,0.630170703489267
Its sad that he hides that fabulous jaw under the fur of his beard.,neither,0.0451373151274934,0.36307082718756384,0.5917918576849426
bidet,neither,0.03945320844208391,0.33037608806864915,0.630170703489267
Bidet from jacksonville!,neither,0.04228451509352876,0.2823214250720796,0.6753940598343917
Bidet chat,neither,0.03945320844208391,0.33037608806864915,0.630170703489267
maybe it's Brian's good twin,neither,0.037799091825680184,0.3309450146235445,0.6312558935507754
Be pleased from Oregon,neither,0.04077708518736608,0.31804296553836,0.6411799492742741
bidet from UK,neither,0.04079557052152802,0.30759270029461827,0.6516117291838538
bidet from germany frankfurt,neither,0.04069404815304118,0.30931579984010865,0.6499901520068502
@Ye_Old_Dwarf_Fighter GO TO BED. Watch it later!! :),neither,0.05149143582167803,0.3288835370937058,0.6196250270846162
"Our guests this Tuesday are Matt and Travis, discussing episode 5!",neither,0.05179644583909327,0.28484179359324424,0.6633617605676625
It's mirror-verse BWF,neither,0.0380857963016593,0.3308464038072487,0.6310677998910919
Bidet from middle of nowhere south georgia,neither,0.04018520086211311,0.3179522663527654,0.6418625327851215
Bidet from Savannah Ga,neither,0.040737273169946825,0.30858215849491494,0.6506805683351382
"Inquiring minds wonder: Why do y'all greet with ""bidet""?",neither,0.026297966692486116,0.41970773144302553,0.5539943018644884
does anyone know if titans grave is ever going to startup?,neither,0.02671738328727524,0.4516234814466744,0.5216591352660503
Bidet from Ohio!,neither,0.040754399270683486,0.3082914838698526,0.650954116859464
Beards make everything better though,neither,0.03945320844208391,0.33037608806864915,0.630170703489267
bidet from nj,neither,0.04069404815304118,0.30931579984010865,0.6499901520068502
@Dragonchrome is there a sub counter somewhere?,neither,0.045630109709117905,0.2956570840275618,0.6587128062633203
again?,neither,0.0358555699129713,0.3914374029960717,0.5727070270909569
Bidet from Kentucky!!!,neither,0.04071751644889743,0.3089174816120565,0.6503650019390461
@bcrane3424 Blessed Be!,neither,0.04006607617620032,0.3355081635701411,0.6244257602536586
Bidet from Chicago!,neither,0.04078317879478948,0.307803020237201,0.6514138009680096
bidet from the uk,neither,0.039613273355342184,0.2892653269430044,0.6711213997016535
Bidet from Texas.,neither,0.040937266849991,0.30518774380265185,0.6538749893473571
I'll be your Seaman LOL,neither,0.07343879850719921,0.41035840188494177,0.516202799607859
"Bidet from Sacramento, CA",neither,0.04039749100449293,0.314349148603457,0.6452533603920501
@c1mccarthy2019 not as far as I know,neither,0.0347429374928463,0.39567225255889654,0.569584809948257
Bidet from Wisconsin,neither,0.04071751644889743,0.3089174816120565,0.6503650019390461
Bidet from Australia,neither,0.04062582848913359,0.31047366557575606,0.6489005059351104
paladyn its a campaign 1 referance,neither,0.032313641618613755,0.332831712488379,0.6348546458930073
Bidet from Brisbane Australia,neither,0.04062582848913359,0.31047366557575606,0.6489005059351104
bidet from oregon,neither,0.04071751644889743,0.3089174816120565,0.6503650019390461
gandsMatt Valentines. How do you want to do this?,neither,0.06421777007791865,0.36205893972553027,0.573723290196551
Bidet from WV!!,neither,0.04069404815304118,0.30931579984010865,0.6499901520068502
@Dragonchrome ok thank you,neither,0.06231604569969433,0.4066004401143086,0.531083514185997
Bidet fron Seattle WA folks rooLove,neither,0.03945320844208391,0.33037608806864915,0.630170703489267
LUL,neither,0.03945320844208391,0.33037608806864915,0.630170703489267
Bidet from Michigan!,neither,0.040769555981420263,0.3080342349327864,0.6511962090857933
Bidet from CO,neither,0.04181741232017598,0.2902493781769742,0.6679332095028498
Texblades assemble! Bidet from Texas!,neither,0.040937266849991,0.30518774380265185,0.6538749893473571
"@ethric_ i dont think so, they did that A LONG time ago now",neither,0.03583223281609858,0.4018230687259108,0.5623446984579906
"Bidet from Hamilton, ON",neither,0.03565618507881084,0.3206728838469784,0.6436709310742107
bidet from Florida gandsLessthanthree gandsLessthanthree gandsLessthanthree,neither,0.0408948396164547,0.30590784468201904,0.6531973157015263
Bidet my internet Valentine,neither,0.02852151224222199,0.415227122263194,0.556251365494584
I am about to eat my latest culinary experiment: chicken and kale casserole. Wish me luck!,neither,0.030890610458198395,0.3892226389200256,0.5798867506217759
Bidet from LA,neither,0.04094187055022747,0.3051096069949388,0.6539485224548338
@Paladyn84 Its a campaign 1 reference that Grog made,neither,0.03182375419071855,0.36535777438048433,0.6028184714287971
bidet from philly! This is like when your dad shaves his beard and you don't recognize him so you cry and cry and cry,neither,0.08158536614886776,0.3463235846633788,0.5720910491877534
Bidet from Perth Australia,neither,0.04062582848913359,0.31047366557575606,0.6489005059351104
Bidet all!,offensive_language,0.046917543854519406,0.6277741405869331,0.3253083155585475
Bidet from Northwest Arkansas!,neither,0.04066490145509902,0.30981049537100724,0.6495246031738937
does anyone know if titans grave is ever going to start up again?,neither,0.026041046153674977,0.4785526191974872,0.49540633464883777
Bidet from the CIA,neither,0.039779025773403386,0.2539611253407979,0.7062598488857987
Bidet from Flint MI,neither,0.04081748366884477,0.3072207769958956,0.6519617393352596
Good luck @TheDiMono,neither,0.038607236521895655,0.330667056604554,0.6307257068735503
"Whats that white stuff on Travis' head... Oh, nm, I didn't read the caption.",offensive_language,0.21998081713061557,0.5149809212431439,0.2650382616262405
"Bidet from Philadelphia, PA, USA.",neither,0.04022135297240217,0.31733867069167054,0.6424399763359273
bidet from Argentina!,neither,0.04062582848913359,0.31047366557575606,0.6489005059351104
"@Paladyn84 It's a joke from the first season of Critical Role, something Grog said",neither,0.03444687586911558,0.3085780271878636,0.6569750969430208
Bidet from Iowa,neither,0.04069404815304118,0.30931579984010865,0.6499901520068502
@rynchirr1 #TEXBLADES SOUND OFF!,neither,0.03945320844208391,0.33037608806864915,0.630170703489267
Bidet from Sac,neither,0.04062582848913359,0.31047366557575606,0.6489005059351104
so excited about the ACCENT CHANGE!! ahhhh,neither,0.03771717958390173,0.3665265084372598,0.5957563119788385
Heeyyooo hugsShaka,neither,0.03945320844208391,0.33037608806864915,0.630170703489267
God it's so weird seeing a clean shaven Brian again,neither,0.037491170239620036,0.3754042929124944,0.5871045368478857
BIDET,neither,0.03945320844208391,0.33037608806864915,0.630170703489267
Bidet from PA,neither,0.04069404815304118,0.30931579984010865,0.6499901520068502
"Bidet from St. Louis, MO.",neither,0.040325751892290734,0.3155667485616919,0.6441074995460174
From Florida!,neither,0.0408948396164547,0.30590784468201904,0.6531973157015263
hey all,neither,0.04285346742239823,0.46255625023407465,0.49459028234352725
@arsequeef Shut up,neither,0.06265639021040895,0.38499471102054117,0.5523488987690499
Bidet from Sacramento!,neither,0.04062582848913359,0.31047366557575606,0.6489005059351104
It moved,neither,0.03763529989067434,0.33100135018077087,0.6313633499285548
@sebulasenathun arkansas! i grew up in Mtn. Home!!,neither,0.03768801789218251,0.36529330391503045,0.597018678192787
What is your guys' favorite comfort food??,neither,0.09236760847386156,0.3140077086580236,0.5936246828681148
i thought i missed talks! <3 just in time gandsNatTwenty gandsSubHype gandsSubHype gandsSubHype,neither,0.03738441342181658,0.28038968919290946,0.6822258973852741
@knightly2u Wootwoot!,neither,0.03945320844208391,0.33037608806864915,0.630170703489267
LUL,neither,0.03945320844208391,0.33037608806864915,0.630170703489267
It moved...,neither,0.03763529989067434,0.33100135018077087,0.6313633499285548
"Bidet all! For those not in to Valentines, tomorrow is also Batman Sticker Day - The Action-Packed Alternative!",neither,0.05517045167296607,0.2959849544446664,0.6488445938823676
Bidet from Atlanta,neither,0.04078317879478948,0.307803020237201,0.6514138009680096
bidet from Australia!,neither,0.04062582848913359,0.31047366557575606,0.6489005059351104
everyone else saw that right?,neither,0.03037686073383886,0.4675627604021427,0.5020603788640186
Bidet from Canada yall!!,neither,0.039037643197845265,0.3374293148022438,0.623533041999911
It’s moving,neither,0.037459284651233826,0.3310618898928993,0.6314788254558669
lol that picture,neither,0.025240195679516342,0.4580721204721134,0.5166876838483703
bidet and beep beep from Fayetteville AR!,neither,0.03993872663407561,0.2110020514151397,0.7490592219507847
!whenistm,neither,0.03945320844208391,0.33037608806864915,0.630170703489267
Why'd it move?,neither,0.02396071886627991,0.3518113465503246,0.6242279345833954
"Talks Machina is on at 7 PM PST, it is currently 6:52 PM PST. There is 7 Minutes, 14 Seconds until the next episode of Talks Machina. This has command has been run 139 times but has probably been asked about way more.",neither,0.043025877885947784,0.33674070693171243,0.6202334151823398
@BrianWFoster who's that creepy guy in the picture with Ashley?,neither,0.029068195981149864,0.41970430132047326,0.551227502698377
Bidet from Brooklyn! o/,neither,0.04079557052152802,0.30759270029461827,0.6516117291838538
hey all form the Saskatchewan,neither,0.04015564182995948,0.38476066304368206,0.5750836951263584
both Bidet and Beep Beep were straight from the mind of Travis Willingham...what a saint,neither,0.042473168403107005,0.27260174821050265,0.6849250833863904
Bidet from New Jersey,neither,0.04458029923653559,0.209841401288464,0.7455782994750004
"Dasbif I can't, I amn't subscribed so live is the only way to see this amazingness",neither,0.05869788446119117,0.344509564376629,0.5967925511621798
it moved,neither,0.03763529989067434,0.33100135018077087,0.6313633499285548
"okay good, i thought the spice might be kicking in",neither,0.040849272817177706,0.2553807596241969,0.7037699675586254
I usually miss Talks. I'm happy I made it on time this time.,neither,0.03134413856426727,0.36630787110645124,0.6023479903292815
bidet from atlanta!,neither,0.04078317879478948,0.307803020237201,0.6514138009680096
bidet from iowa,neither,0.04069404815304118,0.30931579984010865,0.6499901520068502
@gracelessloki Red Vines,neither,0.039267074001715356,0.3288174222289854,0.6319155037692993
you spice?,neither,0.06371933836109143,0.39692838513161777,0.5393522765072908
Spice?,neither,0.03945320844208391,0.33037608806864915,0.630170703489267
Bidet and beep beep from the Home of Beer,neither,0.03887055677248722,0.25724848265136724,0.7038809605761456
@jackyrackem I need to go there and see the Ozark history museum,neither,0.04379094020662074,0.26227016189092667,0.6939388979024527
Brian writing a card to himself Kappa,neither,0.0435349948358538,0.3279616315898591,0.6285033735742871
Can photoshopped screenshots go towards fanart of the week or does it have to be 100% hand drawn?,neither,0.03414249176456244,0.39612116292244887,0.5697363453129887
Spice?,neither,0.03945320844208391,0.33037608806864915,0.630170703489267
and bidet(?) form the great northern land of Canadia!,neither,0.03730166318785814,0.27889515245588115,0.6838031843562606
spice?,neither,0.03945320844208391,0.33037608806864915,0.630170703489267
You spice?,neither,0.06371933836109143,0.39692838513161777,0.5393522765072908
"Huh, beardless BWF looks weirdly professional. It doesn't fit at all! :P",neither,0.03908298522111293,0.3954565966503964,0.5654604181284908
i can't sleep so it's talks time,neither,0.03724784949730746,0.38732815009814126,0.5754240004045513
!tmsubmit,neither,0.03945320844208391,0.33037608806864915,0.630170703489267
The email to submit your Fan Art and Gif of the Week submissions is ‘ submit@talksmachina.com '. Before 9 AM Pacific next Tuesday. Submit away!,neither,0.05727310753668434,0.3147331773433212,0.6279937151199946
"@Ye_Old_Dwarf_Fighter godspeed to you, then, fair traveler!",neither,0.07388957234368813,0.38401288746841433,0.5420975401878975
bidet from texas!,neither,0.040937266849991,0.30518774380265185,0.6538749893473571
Ooh! Redvines are great!,neither,0.06503782336143044,0.2565411883780021,0.6784209882605675
OMG.....tastes like seamen.,neither,0.05178907168483156,0.34808228090814347,0.600128647407025
do you spice?,neither,0.06340458516664035,0.38876294420848057,0.5478324706248792
!fanart,neither,0.03945320844208391,0.33037608806864915,0.630170703489267
"Like what you see, and are a member of the art community? Why not make some fan art for us? Remember to tweet it out to the cast/crew and tag it #GNSLive!",neither,0.06273130845716304,0.2943326953346935,0.6429359962081436
yes,neither,0.03945320844208391,0.33037608806864915,0.630170703489267
"Bidet from Montréal, Québec!",neither,0.04228451509352876,0.2823214250720796,0.6753940598343917
Tastes like a Seaman?,neither,0.05523543502272102,0.3524808385036451,0.5922837264736338
it is valentines in Australia. Critical Role is on Friday. it's hilarious.,neither,0.04457660039382924,0.3350500676985204,0.6203733319076504
Bidet from Oklahoma!,neither,0.04066490145509902,0.30981049537100724,0.6495246031738937
bidet from Brazil!,neither,0.04079557052152802,0.30759270029461827,0.6516117291838538
My Cabbages!!!,offensive_language,0.011017215557639733,0.6062201221254095,0.3827626623169507
They call me... The meat man.,neither,0.03154784295894441,0.41163616374216006,0.5568159932988955
"Bidet from Plainsboro, New Jersey!! :)",neither,0.04458029923653559,0.209841401288464,0.7455782994750004
gandsTrinketArmor this Valentines I only Bear you LUL,neither,0.05123615648285661,0.3655783440859388,0.5831854994312046
@BrianWFoster You without a beard reminds me of my uncle. Only a few more years to his sentence after what he did to me :D,neither,0.11105891246327469,0.3511242706936678,0.5378168168430576
Bidet my fellow Critters. How is everyone doing tonight ?,neither,0.029959380668856724,0.4441056487187135,0.5259349706124297
"Ayyy bidet from Québec, Quebec!",neither,0.04069404815304118,0.30931579984010865,0.6499901520068502
@wizartsy ayyyy same my man!,offensive_language,0.025283176279076773,0.5709958009114009,0.4037210228095223
Lol,neither,0.020706217963973744,0.4882283491876925,0.4910654328483337
bidet from oregon,neither,0.04071751644889743,0.3089174816120565,0.6503650019390461
"Anyone who is in Oklahoma but not in our Discord, whisper me please!",neither,0.03683438049913594,0.399221713124672,0.5639439063761921
you didnt meet the meat man,neither,0.05292922797126783,0.4128443406811396,0.5342264313475926
yall spice?,neither,0.037807570626255525,0.35830685657572264,0.6038855727980218
Bidet from Uruguay,neither,0.04228451509352876,0.2823214250720796,0.6753940598343917
Somebody behind the scenes must have a death wish for the Travis Valentine,neither,0.035771680637782875,0.29654189341326914,0.6676864259489481
Bidet from CT!,neither,0.04066490145509902,0.30981049537100724,0.6495246031738937
"@sebulasenathun there was a tower we went to all the time called The Tower of the Ozarks, in Bull Shoals. Don't know if it's still there or not.",neither,0.03176816508280389,0.3407747890513492,0.6274570458658469
ayyyy,neither,0.03945320844208391,0.33037608806864915,0.630170703489267
lol travis the salty sailor,neither,0.033323407026202,0.3570297005626896,0.6096468924111084
screw valentines day,neither,0.03989837042664075,0.3172441312784618,0.6428574982948975
Anyone playing D&D right now?,neither,0.03845881778901683,0.34977644214526743,0.6117647400657158
@wizartsy Bidet Kingston Ontario,neither,0.03945320844208391,0.33037608806864915,0.630170703489267
moar valentines puns: https://twitter.com/MoxReuby/status/963588162080489474,neither,0.038992638571400305,0.40278308679520525,0.5582242746333944
HeyGuys,neither,0.03945320844208391,0.33037608806864915,0.630170703489267
Bidet from Central Kentucky,neither,0.040394171658393964,0.31440548656955947,0.6452003417720467
"nice weather today, spice?`, dont you think?",neither,0.050458760092518755,0.33794747376350787,0.6115937661439733
Bidet from Canada!,neither,0.04071751644889743,0.3089174816120565,0.6503650019390461
bidet from NJ,neither,0.04069404815304118,0.30931579984010865,0.6499901520068502
i'm not playing but i'm drawing a character for D&D!,neither,0.03154106583039709,0.31800817135522663,0.6504507628143762
gandsSCANLAN I saved my last wish for you this time LUL,neither,0.035284439788859714,0.41092352437041946,0.5537920358407208
Travis without a beard looks to weird and naked. Cover that chin up.,neither,0.038854474904984955,0.3543554019102957,0.6067901231847194
What the hell is Brian doing covering up that magnificent square jaw with a beard?!,offensive_language,0.03685568387074194,0.5910387184410182,0.3721055976882399
gandsGandsPoo,neither,0.03945320844208391,0.33037608806864915,0.630170703489267
"Thank you for the answers, btw",neither,0.044902726507585894,0.3296813256931245,0.6254159477992897
Ashley could do better...,neither,0.04079177329768636,0.3299156942341095,0.6292925324682042
"man they need to use different music for this, makes me want to play Morrowind!",neither,0.019312027308215362,0.42382191806149266,0.5568660546302919
bidet from ohio!,neither,0.040754399270683486,0.3082914838698526,0.650954116859464
Valentines Day is properly spent watching reruns of critical role and attempting not to cry in your ice cream too much.,neither,0.05541967506344513,0.3051078275093787,0.6394724974271762
Bidet from FL anne7,neither,0.04066490145509902,0.30981049537100724,0.6495246031738937
@jackyrackem it sounds familiar. I’ll look for it when I go. I’m in Eureka.,neither,0.028833404327000035,0.34557772176782453,0.6255888739051755
"@bcrane3424 focus on yer game, don't be on yer phone like a damned Sam Reigel.",neither,0.04119531413893108,0.33154799528160867,0.6272566905794602
"Bidet, everyone.",offensive_language,0.02988896790634741,0.4927062106388782,0.4774048214547744
Bidet from PA,neither,0.04069404815304118,0.30931579984010865,0.6499901520068502
Am I on the internet?,neither,0.034986296478552524,0.3272779137983607,0.6377357897230868
Bidet from Phoenix!,neither,0.04066490145509902,0.30981049537100724,0.6495246031738937
Bidet from Kentucky,neither,0.04071751644889743,0.3089174816120565,0.6503650019390461
After finally catching up with the show and watching my first live episode it’s time for my first live Talks episode,neither,0.02555399704409089,0.3729420252453888,0.6015039777105203
"thats what I said, @geehump",neither,0.04725428718675893,0.32485656298046545,0.6278891498327756
Bidet from Minnesota dontcha know,neither,0.04061879649066129,0.3105930169418846,0.6487881865674542
gandsSCANLAN,neither,0.03945320844208391,0.33037608806864915,0.630170703489267
Travis the salty Seaman,neither,0.03864064186718114,0.3155474467242174,0.6458119114086016
Bidet From Ohio,neither,0.040754399270683486,0.3082914838698526,0.650954116859464
"bidet from penticton, BC",neither,0.041095261662497835,0.30250615950080734,0.6563985788366947
"Ohhh, a shaven travis",neither,0.03945320844208391,0.33037608806864915,0.630170703489267
a body!,neither,0.03945320844208391,0.33037608806864915,0.630170703489267
"""I'll be your seaman"" holy shit",offensive_language,0.08115263428253452,0.9181982792839564,0.00064908643350899
gasp! person! people!,neither,0.06798221105196278,0.32756810971556377,0.6044496792324734
"Awesome, @hydroangea !",neither,0.03945320844208391,0.33037608806864915,0.630170703489267
why is there so many people named Bidet on here? Its a little weird.,neither,0.07844280877924235,0.326022043268453,0.5955351479523046
hi,neither,0.03945320844208391,0.33037608806864915,0.630170703489267
!whodat,neither,0.03945320844208391,0.33037608806864915,0.630170703489267
"Brian Wayne Foster ( twitter.com/BrianWFoster ), Travis Willingham ( twitter.com/WillingBlam ), Matthew Mercer ( twitter.com/matthewmercer ).",neither,0.03875919464747324,0.44821175087414067,0.513029054478386
"I like the offer but I have plenty of me own seamen, thx",neither,0.053289361108145895,0.3608489457679588,0.5858616931238954
#CleanShavenAppreciation,neither,0.03945320844208391,0.33037608806864915,0.630170703489267
Cute valentines! <3,neither,0.04158039214896191,0.294272229055832,0.664147378795206
Seamen hype,neither,0.03945320844208391,0.33037608806864915,0.630170703489267
Minnesota has the best bidets,neither,0.03816176054522109,0.3014625575589927,0.6603756818957862
@jerrodowex but thats a good thing! that game is awesome,neither,0.03866048972328179,0.33566743075632827,0.6256720795203901
Bidet critters!,neither,0.03945320844208391,0.33037608806864915,0.630170703489267
Bidet!,neither,0.03945320844208391,0.33037608806864915,0.630170703489267
"@h0thead0 Yay, PA! I'm in Philly.",neither,0.03945320844208391,0.33037608806864915,0.630170703489267
"@geehump since in California, it can't be for warmth, so... trying to look more manly :P",neither,0.053878057883948956,0.32408566761411,0.622036274501941
Bidet from aus!!,neither,0.04228451509352876,0.2823214250720796,0.6753940598343917
gandsNatTwenty,neither,0.03945320844208391,0.33037608806864915,0.630170703489267
Bidet from PA,neither,0.04069404815304118,0.30931579984010865,0.6499901520068502
I think that was a Matt torso!,neither,0.03580609764669705,0.3673796350210689,0.596814267332234
A people revealed!,neither,0.14951785572896326,0.3104819409446625,0.5400002033263742
"Bidet from Texas, home of the Willinghams.",neither,0.039592028660114506,0.2942328101515663,0.6661751611883191
bidet from California,neither,0.06971251856910227,0.2972619859879888,0.633025495442909
"True, Brian DOES need to show off the jaw better",neither,0.041162319939250853,0.35794379862161585,0.6008938814391332
that's a rare pic of travis,neither,0.033971016696742094,0.4063110078624061,0.5597179754408519
@snowsweep i can't eat ice cream but im with you on ther rest,neither,0.03600196591546898,0.4341348154524214,0.5298632186321096
Is there distortion in the music?,neither,0.04896183292373817,0.25798944922518513,0.6930487178510767
@Von_Falcon You betcha,neither,0.06070030064870593,0.38926782493489026,0.5500318744164038
Bidet from Erie PA,neither,0.04069404815304118,0.30931579984010865,0.6499901520068502
specter213 its a campaign 1 referance,neither,0.032313641618613755,0.332831712488379,0.6348546458930073
Bidet from Omaha,neither,0.04228451509352876,0.2823214250720796,0.6753940598343917
bidet from western australia,neither,0.040334677536117594,0.315415257091876,0.6442500653720065
is this the break?,neither,0.05013878243938007,0.30604250909476505,0.6438187084658549
Lol @Von_Falcon I meant in general have a game they attend. Don't worry I wouldn't do that to my DM ;),neither,0.03071544633909209,0.40350590839235956,0.5657786452685484
Doncha know,neither,0.03945320844208391,0.33037608806864915,0.630170703489267
Bidet from Georgia,neither,0.04066490145509902,0.30981049537100724,0.6495246031738937
So is texblade fjord faking the accent?,neither,0.04539857148804638,0.3510298579555095,0.6035715705564441
this is the break before the show,neither,0.05759648571701938,0.2885324417136289,0.6538710725693516
yay!!,neither,0.03945320844208391,0.33037608806864915,0.630170703489267
Bidet from California,neither,0.06971251856910227,0.2972619859879888,0.633025495442909
@aceofred15 pre-show,neither,0.05855876154015488,0.24004248641164308,0.701398752048202
its Matt and Travis tonight,neither,0.03265711958841494,0.2873335307351833,0.6800093496764018
Will he be my seaman?,neither,0.03179671624467611,0.4313886575089421,0.5368146262463818
Matt's on tonight. Oooh secrets!!!!!,neither,0.03572263117663644,0.3237094045060149,0.6405679643173487
There is no break in Talks Machina,neither,0.04627469646528748,0.30133482240634335,0.6523904811283692
Bidet from Las Vegas,neither,0.040400041164603724,0.3143058657309893,0.6452940931044071
bidet from Alabama,neither,0.04078317879478948,0.307803020237201,0.6514138009680096
It has not started yet,neither,0.03711917482674788,0.32893363575926476,0.6339471894139872
5 misn folks,neither,0.03945320844208391,0.33037608806864915,0.630170703489267
@aceofred15 there is no break on talks machina.. it is just about to start :),neither,0.04740440377651365,0.34687255687565743,0.6057230393478288
Oh YES,neither,0.047325668310698794,0.256798057524554,0.6958762741647472
"@GrogsWeakJaw its not a goo thing right NOW, Talks Machina will be on shortly!",neither,0.03231691207015985,0.3454427048841037,0.6222403830457364
Bidet from RI! gandsLessthanthree,neither,0.04069404815304118,0.30931579984010865,0.6499901520068502
amazing valentine cards,neither,0.03945320844208391,0.33037608806864915,0.630170703489267
cuz remember perfect jawlines need to be hit >:3,neither,0.04564519408911941,0.32884524834128376,0.6255095575695968
Anyone want to play duck duck gray duck with me?,neither,0.03405099914309539,0.35989270716233945,0.6060562936945652
I wish I could sit down with them and just ask if I was right or not.,neither,0.02427494073706375,0.38750023019836244,0.5882248290645736
Bidet from Brunei,neither,0.04228451509352876,0.2823214250720796,0.6753940598343917
anyone else think beardless Brian looks like a young Howie Long 🤔,neither,0.04456117356272707,0.3686754306484161,0.5867633957888567
Love from Canada!,neither,0.037465898837264464,0.32524320720599204,0.6372908939567434
Bidet from Vancouver :),neither,0.04228451509352876,0.2823214250720796,0.6753940598343917
What's this show about?,neither,0.06975411892000646,0.25944081180162953,0.670805069278364
I'm so excited for Mr Foster KappaPride,neither,0.034669594941955754,0.3393355260932433,0.625994878964801
Grats @AzulDrake,neither,0.03945320844208391,0.33037608806864915,0.630170703489267
@jerrodowex i wonder if we'll meet another GOO warlock this campaign,neither,0.05103164699064732,0.3215022161350658,0.627466136874287
"Wish there was a way to both have a beard and show off a jawline, just for Brian",neither,0.04431126930088805,0.24071990945614197,0.7149688212429699
oh man travis is going to kill someone for this LUL,neither,0.22949700512316432,0.24411262360255273,0.5263903712742829
"it's duck duck goose, ya wacko",neither,0.030212703676618158,0.47552336800423994,0.4942639283191419
"Bidet from 7 AM in Dubai, solving Physics assignments. NotLikeThis",neither,0.04030114418704294,0.31272751233383245,0.6469713434791245
Anyone know who’s on tonight?,neither,0.034121122783610854,0.38155440948680575,0.5843244677295834
"Matt, Travis, and Brian. The two sexiest men, and the third wheel. ;)",neither,0.038268739629219214,0.2741650940574442,0.6875661663133366
Bidet from Phoenix,neither,0.04066490145509902,0.30981049537100724,0.6495246031738937
"Holy fuck this is good casserole. Took a few tries to get here, but god damn",offensive_language,0.15200913217780626,0.8380821098632679,0.009908757958925804
I can see it @AWaterType,neither,0.03745896939862521,0.32301103211150195,0.6395299984898729
Bidet from Toronto,neither,0.04066490145509902,0.30981049537100724,0.6495246031738937
Bidet from Philly,neither,0.040769555981420263,0.3080342349327864,0.6511962090857933
Thanks @Dragonchrome <3,neither,0.035884468650613,0.3004919205142699,0.6636236108351171
do you spice?,neither,0.06340458516664035,0.38876294420848057,0.5478324706248792
Bidet from Ontario,neither,0.04062582848913359,0.31047366557575606,0.6489005059351104
Anyone know the name of the song?,neither,0.037551701583677835,0.30865726784683933,0.653791030569483
Bidet from Cali!,neither,0.04079557052152802,0.30759270029461827,0.6516117291838538
LOL Are you kidding? Brian needs to keep the beard so people know he's a dude and not some 12 year old LOL,neither,0.0645419843863114,0.38017399154546255,0.5552840240682262
lol love the card,neither,0.027262483505561895,0.38821664575868364,0.5845208707357544
oh no,neither,0.04751210705993949,0.26629718932274826,0.6861907036173122
@TheDiMono what's in it?,neither,0.047691592994258104,0.323420685807662,0.62888772119808
Beep beep,neither,0.03945320844208391,0.33037608806864915,0.630170703489267
AHAHA drawing the beard in,neither,0.03875856793298418,0.3177397876555134,0.6435016444115024
Bidet from NYC!!,neither,0.04081748366884477,0.3072207769958956,0.6519617393352596
I spice!!!,neither,0.03945320844208391,0.33037608806864915,0.630170703489267
Brian w.o a beard is scary,neither,0.046327229457492604,0.3280117970290747,0.6256609735134327
PogChamp LUL,neither,0.03945320844208391,0.33037608806864915,0.630170703489267
lol,neither,0.020706217963973744,0.4882283491876925,0.4910654328483337
NOOOOOOO,neither,0.03945320844208391,0.33037608806864915,0.630170703489267
hands,neither,0.03945320844208391,0.33037608806864915,0.630170703489267
hahhahahaha theres the beard,neither,0.038571403225468946,0.3142528310370513,0.6471757657374797
THE BEARD!!!!!,neither,0.03826739049100925,0.3084973326782542,0.6532352768307366
Hands,neither,0.03945320844208391,0.33037608806864915,0.630170703489267
LOl a beard,neither,0.029937617491451282,0.4009530660730923,0.5691093164354565
NOOOO! BEARD!!!!,neither,0.03945320844208391,0.33037608806864915,0.630170703489267
There's the beard,neither,0.038484934558284216,0.26403529902490347,0.6974797664168123
nuuu,neither,0.03945320844208391,0.33037608806864915,0.630170703489267
NOOOOOOO!!!!!,neither,0.03945320844208391,0.33037608806864915,0.630170703489267
"Not in a judgey way, but I wonder how much time Travis has spent on a poop deck.",neither,0.033501295639744806,0.3525704373890963,0.6139282669711588
nooooooo,neither,0.03945320844208391,0.33037608806864915,0.630170703489267
LOL,neither,0.020706217963973744,0.4882283491876925,0.4910654328483337
bidet from omaha,neither,0.04228451509352876,0.2823214250720796,0.6753940598343917
@JollyGreen1881 Not it's duck duck grey duck dontcha know,neither,0.03818966311515337,0.33288179060124923,0.6289285462835975
lol,neither,0.020706217963973744,0.4882283491876925,0.4910654328483337
theyre drawing the beard,neither,0.0387537599927549,0.31765070519170435,0.6435955348155408
hell ye,offensive_language,0.0416429583279829,0.7664314945416981,0.191925547130319
LUL,neither,0.03945320844208391,0.33037608806864915,0.630170703489267
ever notice how Brian Foster looks like the pilot from Fire Fly,neither,0.04485141966159839,0.32031205669052126,0.6348365236478802
LUL,neither,0.03945320844208391,0.33037608806864915,0.630170703489267
Bwahahaha. He's putting the beard on!,neither,0.040795753164219184,0.32612283763306815,0.6330814092027126
defacing!,neither,0.03945320844208391,0.33037608806864915,0.630170703489267
lmao is brian adding more beard?,neither,0.04585220120815756,0.3336480566129016,0.6204997421789408
WHYYYY,neither,0.03945320844208391,0.33037608806864915,0.630170703489267
Talks Machina is where some of the Critical Folks come on and answer questions abotu the previous weeks Critical Role epiosde,neither,0.036873018659654526,0.30878975299008554,0.6543372283502598
gandsLessthanthree,neither,0.03945320844208391,0.33037608806864915,0.630170703489267
