text,top_class,hate_speech,offensive_language,neither
!awdisclaimer,neither,0.03945320844208391,0.33037608806864915,0.630170703489267
"The views expressed here are those of the hosts only (and possibly not even that), and do not represent the views of Geek & Sundry, Project Alpha, Legendary, or any reasonable person.",neither,0.06689411280286887,0.2618099974894438,0.6712958897076874
gandsSubHype gandsSubHype gandsSubHype gandsSubHype gandsSubHype gandsSubHype gandsSubHype gandsSubHype gandsSubHype gandsSubHype gandsSubHype gandsSubHype gandsSubHype gandsSubHype,neither,0.03945320844208391,0.33037608806864915,0.630170703489267
Hey Chat!,neither,0.03945320844208391,0.33037608806864915,0.630170703489267
Hi @Holrend,neither,0.03945320844208391,0.33037608806864915,0.630170703489267
#DoNotWatchThisShow,neither,0.03945320844208391,0.33037608806864915,0.630170703489267
LOL,neither,0.020706217963973744,0.4882283491876925,0.4910654328483337
@Holrend Welcome!,neither,0.03945320844208391,0.33037608806864915,0.630170703489267
We have a subscriber-only Discord server! Join here: https://discord.gg/geekandsundry (you'll need to sub and link it to your Twitch) and be a part of the fun!...Warning: It can take up to an hour for the server to update and give you access to the channels,neither,0.08464076273808444,0.286394834032893,0.6289644032290227
!wtf is this,offensive_language,0.05875134067276458,0.7027317341486384,0.23851692517859707
!wtfisthis,neither,0.03945320844208391,0.33037608806864915,0.630170703489267
Asinine Wisdom is where common sense and civil discourse go to die. Two idiots (Jake Bennett and Daryl Crittenden) and one unfortunate guest get to the bottom of the issues no one is talking about.,neither,0.08447096936480233,0.23498343136853395,0.6805455992666638
that was one of the best intros ever,neither,0.03284807793073427,0.38304941768913875,0.5841025043801269
You're on,neither,0.14733153449781317,0.3918071258171185,0.46086133968506826
"heeeey guys, you're live XD",neither,0.0824016449892466,0.3429540423210139,0.5746443126897395
this is such a cool intro!,neither,0.04684991630589634,0.3256368551684117,0.627513228525692
I always hate boxes that don't actually label everything.,neither,0.1299564380402157,0.3357976263492564,0.5342459356105278
Jake looks good in a button-up shirt!,neither,0.037153691319914355,0.3674825566223737,0.595363752057712
Are we on the internet,neither,0.06455044260466253,0.27765074222486363,0.6577988151704739
is this on the YouTube for previous episodes of this,neither,0.03758593093102807,0.30707348606555823,0.6553405830034137
"Hosts Jake Bennett ( twitter.com/jakegbennett ) Daryl Crittenden ( twitter.com/irdaryl ),",neither,0.038750876447698784,0.4500341193059327,0.5112150042463687
!whodat,neither,0.03945320844208391,0.33037608806864915,0.630170703489267
"Hehehhehehhe, I LOVE it!",neither,0.030831260484157012,0.3601344986151421,0.609034240900701
"Asinine Wisdom ( twitter.com/AsinineWisdom ), Jake Bennett ( twitter.com/jakegbennett ) and Daryl Crittenden ( twitter.com/irdaryl ) with guest Becca Scott ( twitter.com/thebeccascott )",neither,0.035305688102631856,0.4536263936956173,0.5110679182017509
"There we go, it only took three refreshes to get the stream to work after the hosting ended. Ugh twitch, why are you like this?",neither,0.06174015293607135,0.31239842222459957,0.625861424839329
"Download the new Critical Role theme song for Campaign Two! http://itunes.apple.com/album/id1331550250?ls=1&app=itunes Sales of the song support the musician, Jason Charles Miller.",neither,0.04445767596344001,0.2510827790306858,0.7044595450058742
Achin'foraJakein!,neither,0.03945320844208391,0.33037608806864915,0.630170703489267
Nice hat.,neither,0.03945320844208391,0.33037608806864915,0.630170703489267
looking good tonight jake matching that shirt with the shoes,neither,0.02868898494912692,0.35392160681532725,0.6173894082355459
wait becca's on tonight??,neither,0.03293643825859163,0.32002053962499777,0.6470430221164106
HAHAHA,neither,0.03945320844208391,0.33037608806864915,0.630170703489267
Jeeeeze RYAN!,neither,0.03945320844208391,0.33037608806864915,0.630170703489267
love these guys!,offensive_language,0.048852882446699906,0.4795186339532859,0.4716284836000141
It's Palentine's Day,neither,0.03759185012650978,0.3018327880873846,0.6605753617861057
Hi guys! How do we think Becca will cheat at answering questions?,neither,0.04086574167522699,0.32740630912941643,0.6317279491953567
LUL,neither,0.03945320844208391,0.33037608806864915,0.630170703489267
@Shadowstorm_0 yes!,neither,0.03945320844208391,0.33037608806864915,0.630170703489267
haaaaappy Palentine's Day <3,neither,0.04062343770405816,0.29560591037067285,0.663770651925269
Galentine's Day,neither,0.04062343770405816,0.29560591037067285,0.663770651925269
hey,neither,0.03945320844208391,0.33037608806864915,0.630170703489267
I thought it was someone else !Im excited1!,neither,0.04026435857913996,0.2676949389328437,0.6920407024880163
Hat and glasses!!! Hawt,neither,0.03881865034049704,0.29892883040749274,0.6622525192520101
"Help G&S make great content! $4.99/month gets you emotes, Minecraft server access, sub-only VODs, and more! Every sub keeps the channel alive! twitch.tv/geekandsundry/subscribe",neither,0.043907990691603095,0.31135964332838284,0.644732365980014
@LegendsofAvantris @John_Sparks_Jr I believe the Donkey Kong mix was this. https://ocremix.org/remix/OCR03654,neither,0.03880854093959618,0.32298434058543213,0.6382071184749718
becca perfect for this show,neither,0.04831757361575124,0.21402960700012905,0.7376528193841198
Where is Fizz?,neither,0.05133766191043748,0.291379348673319,0.6572829894162435
LUL Mistakes were made,neither,0.03968827717637848,0.3141354155708611,0.6461763072527605
I love this show so much,neither,0.04798001537335284,0.3122537792619416,0.6397662053647055
those are some real fancy shoes,neither,0.06677908702276934,0.3453878101535007,0.5878331028237299
@Zismarith Haha nice. I just really thought I heard elements of an older Castlevania song and I LOVED the soundtracks of all those games.,neither,0.0471625107945049,0.297838902863923,0.654998586341572
Sanity is not required for this show!,neither,0.053020287484618484,0.2415677933291738,0.7054119191862077
@ybzptww I'm gonna bet Fizz stayed home in case Oshi showed up,neither,0.037281068650835664,0.39023981801453894,0.5724791133346253
omg where did you get them and how can I get a pair,neither,0.06352343633740923,0.31063690722812076,0.62583965643447
those are awesome,neither,0.12161937021898744,0.19396221454156265,0.68441841523945
@Zismarith hmm doesn't sound quite the same.,neither,0.03938899891873443,0.3237537453702753,0.6368572557109903
It is now Valentine's Day here,neither,0.09599725381578934,0.277845518756035,0.6261572274281757
Einstein Twain LUL,neither,0.03945320844208391,0.33037608806864915,0.630170703489267
Albert Twain,neither,0.03945320844208391,0.33037608806864915,0.630170703489267
sanity really only holds you back here,neither,0.09134618369980384,0.3326795337337789,0.5759742825664174
i love this show... i don't think I can stress that enough,neither,0.045822501307030465,0.3039692373882297,0.65020826130474
those are like the back to the future shoes.....,neither,0.11567160811823468,0.21460080195941333,0.6697275899223519
its valentines day on the east coast,neither,0.033006316989903486,0.3193530867663072,0.6476405962437893
lol,neither,0.020706217963973744,0.4882283491876925,0.4910654328483337
more than halfway through the 14th here,neither,0.06971866133780974,0.2926405549551511,0.6376407837070391
"Feb 15 is the best day, 1/2 price candy day!",neither,0.04363561937761591,0.29839403045773244,0.6579703501646518
@LegendsofAvantris I'll keep looking. I like finding these songs they throw at us sometimes.,neither,0.08047988175354107,0.39679427870606543,0.5227258395403934
What!?!? second to last show!??,neither,0.07358390487380634,0.24383446849602877,0.682581626630165
Einstwain?,neither,0.03945320844208391,0.33037608806864915,0.630170703489267
What?,neither,0.057770773616808734,0.3180719994247239,0.6241572269584672
The cards are red too!,neither,0.06350584028507196,0.27336148408610206,0.663132675628826
Why????,neither,0.016768318525353994,0.3685911158159394,0.6146405656587067
we already know,neither,0.03777270782769054,0.3588985692520246,0.6033287229202848
OSI?,neither,0.03945320844208391,0.33037608806864915,0.630170703489267
Explain please!,neither,0.03945320844208391,0.33037608806864915,0.630170703489267
becca AND scott,neither,0.03838199783767558,0.27363736312101417,0.6879806390413102
second to last show ? a season 2 coming ?,neither,0.05956898401424174,0.2601710956744649,0.6802599203112935
no! we need you guys!,neither,0.058861409791360404,0.411901263285868,0.5292373269227717
PogChamp FrankerZ,neither,0.03945320844208391,0.33037608806864915,0.630170703489267
beccaOshibaby better be here or I'm out,neither,0.09240273331796377,0.30765444604289877,0.5999428206391375
pupper,neither,0.03945320844208391,0.33037608806864915,0.630170703489267
@chuckytheclown11 I hope so,neither,0.12463897626450345,0.20298967407480611,0.6723713496606905
or at least becca and ...that dog... whatshisname,neither,0.03427957588686535,0.3547201003029505,0.6110003238101842
#TeamFizz,neither,0.03945320844208391,0.33037608806864915,0.630170703489267
"Chatsworth, the Valentine of chat. <3",neither,0.038614935621756545,0.315067451398371,0.6463176129798726
does becca have oshi?,offensive_language,0.020232950766942835,0.515507533456731,0.4642595157763263
Battlefield Earth dutch angle!,neither,0.03945320844208391,0.33037608806864915,0.630170703489267
That bear tho,neither,0.030733208817332252,0.38972611391514717,0.5795406772675206
2018's Beavis and Butthesd?,neither,0.03854442882677734,0.28357035124239044,0.6778852199308323
jcvimHi Chatsworth,neither,0.03945320844208391,0.33037608806864915,0.630170703489267
that's what she said,offensive_language,0.043558236167372144,0.5113306103275629,0.44511115350506514
@JeffM0307 MY THOUGHTS EXACTLY,neither,0.02837840078797698,0.41647736631880433,0.5551442328932187
is that level?,neither,0.04493550223593201,0.38318854470375174,0.5718759530603162
Drop that pole in,neither,0.044365365531347005,0.3681333001654673,0.5875013343031857
"don't lie, she didn't write that, that's just what you totally believe",offensive_language,0.03431289846294144,0.5078184348954278,0.4578686666416306
!whodat,neither,0.03945320844208391,0.33037608806864915,0.630170703489267
"Asinine Wisdom ( twitter.com/AsinineWisdom ), Jake Bennett ( twitter.com/jakegbennett ) and Daryl Crittenden ( twitter.com/irdaryl ) with guest Becca Scott ( twitter.com/thebeccascott )",neither,0.035305688102631856,0.4536263936956173,0.5110679182017509
welcome becca scott!,neither,0.03945320844208391,0.33037608806864915,0.630170703489267
gandsBeccasaurus,neither,0.03945320844208391,0.33037608806864915,0.630170703489267
(She totally wrote that.),neither,0.0369440852360359,0.45077241753579994,0.5122834972281641
!poll new The Big Question | Executive Order | One Life To Live,neither,0.034483228671975154,0.3543023392237122,0.6112144321043126
"Danoba started a new poll: ""The Big Question"" - Head to https://www.strawpoll.me/15070299 to vote!",neither,0.03330330226880974,0.3393523930847806,0.6273443046464097
this show is the best. don't leave us i need more asinine wisdom in my life!,neither,0.06707894293206157,0.3450756276048675,0.5878454294630711
"hey it's Becca, i like Becca",neither,0.05505334883445642,0.35729369713418174,0.5876529540313618
what happened to Phil Lamarr?,neither,0.05202807818632117,0.3225273373623821,0.6254445844512966
"Russell Brand chocolates, when you can't get over Katy Perry",neither,0.03954972377996354,0.39386335971268926,0.5665869165073472
"Thats a dungeon not a wine cellar, don't believe Becca when she asks you to visit her wine cellar",offensive_language,0.03950678262030874,0.49015684645984825,0.47033637091984304
I WANT CHOCOLATE SAVE ME SOME,neither,0.026246143558498043,0.3767929332631769,0.596960923178325
and the half eaten snacking continues!,neither,0.03816591189074944,0.28556836921421985,0.6762657188950307
gandsTrinketArmor Bear Claw,neither,0.03945320844208391,0.33037608806864915,0.630170703489267
hi @ErikaIshii,neither,0.03945320844208391,0.33037608806864915,0.630170703489267
"Hey, @ErikaIshii",neither,0.03945320844208391,0.33037608806864915,0.630170703489267
Oh hey,neither,0.04724942694866229,0.25746865428102644,0.6952819187703113
@ErikaIshii hahaha hi,neither,0.03945320844208391,0.33037608806864915,0.630170703489267
There's never been a camera over there...?,neither,0.03401595310537889,0.30294060945245843,0.6630434374421628
@Andyinsomnia It can be both.,neither,0.038480107685391826,0.32986969075843137,0.6316502015561768
"@ErikaIshii Hi Erika, you were grear today!",neither,0.05598118340961371,0.3266599942872476,0.6173588223031387
Hi @ErikaIshii,neither,0.03945320844208391,0.33037608806864915,0.630170703489267
@ErikaIshii Hi,neither,0.03945320844208391,0.33037608806864915,0.630170703489267
jcvimHi @ErikaIshii,neither,0.03945320844208391,0.33037608806864915,0.630170703489267
hey @ErikaIshii,neither,0.03945320844208391,0.33037608806864915,0.630170703489267
Hey @ErikaIshii !,neither,0.03945320844208391,0.33037608806864915,0.630170703489267
LUL,neither,0.03945320844208391,0.33037608806864915,0.630170703489267
@andyinsomnia but i what to go down and try her Amontillado,offensive_language,0.037758357733016265,0.5065743281051123,0.45566731416187145
Heyy @ErikaIshii !,neither,0.03945320844208391,0.33037608806864915,0.630170703489267
Hi Erika! foxxHeart,neither,0.03945320844208391,0.33037608806864915,0.630170703489267
want,neither,0.04006735011429477,0.3199525011091858,0.6399801487765195
@ErikaIshii HeyGuys,neither,0.03945320844208391,0.33037608806864915,0.630170703489267
this is amazing.,neither,0.050638740814203484,0.3285866302672563,0.6207746289185402
was that katers?,neither,0.030667155429851628,0.4292504569866666,0.5400823875834818
Wow,neither,0.03945320844208391,0.33037608806864915,0.630170703489267
ohai @ErikaIshii,neither,0.03945320844208391,0.33037608806864915,0.630170703489267
@Quaraxkad1 sounded like,neither,0.054029609020280575,0.3509655179978939,0.5950048729818256
Hey friends. Tell the guys to save me chocolate,neither,0.03770977829072931,0.3455390631987055,0.6167511585105652
what,neither,0.057770773616808734,0.3180719994247239,0.6241572269584672
Dragonchrome i meant the picture,neither,0.03847153218693983,0.31237527446889785,0.6491531933441622
Are your heads cut off when you stand up?,neither,0.09868753537767419,0.4088329331520196,0.4924795314703061
NICE SHOES DARYL,neither,0.03945320844208391,0.33037608806864915,0.630170703489267
@ErikaIshii I did.,neither,0.03945320844208391,0.33037608806864915,0.630170703489267
henlo friends on rabbit xD,neither,0.0366525756881331,0.3438238266974945,0.6195235976143725
"@ErikaIshii It's not easy to save chocolate. It's the kinda thing when one sees it, it goes away. You know how it is.",neither,0.0432810309953595,0.36745590108504167,0.5892630679195989
is someone having a stroke?,neither,0.0473470381975236,0.32766103803943375,0.6249919237630426
Save Erika Chocolate....even if it apparently is low quality chocolate... :),neither,0.03195959636817441,0.36658116401882085,0.6014592396130048
Not crazy,offensive_language,0.02278661862181865,0.4913654395676581,0.48584794181052327
becca > phil,neither,0.03945320844208391,0.33037608806864915,0.630170703489267
JOYSTICK,neither,0.03945320844208391,0.33037608806864915,0.630170703489267
"SeriousSloth Tomato, tomad*ck",neither,0.03945320844208391,0.33037608806864915,0.630170703489267
"Becca, you getting ready for #WeaveSociety tomorrow? Same characters or new ones? :) <3",neither,0.04485523805236428,0.32887794809873844,0.6262668138488972
LUL,neither,0.03945320844208391,0.33037608806864915,0.630170703489267
Joystick,neither,0.03945320844208391,0.33037608806864915,0.630170703489267
"its russell brand chocolate its probabyl full of tea, crumpets, and disappointment",neither,0.04116415606316384,0.30625438322956156,0.6525814607072746
joy's dick,offensive_language,0.059142102979850196,0.9038383318634915,0.03701956515665826
Joy's Dick? What?,offensive_language,0.0694472853006595,0.8789580499826702,0.05159466471667036
Save Erika chocolate...please,neither,0.03945320844208391,0.33037608806864915,0.630170703489267
its joystick not joys stick,neither,0.03323051363766701,0.3363989413335159,0.6303705450288172
does anyone smell toast,neither,0.02810920637176685,0.43582174452806627,0.5360690491001668
i have a question i love you Becca.,neither,0.05489416054352943,0.41815972764544057,0.52694611181103
The lightning round always comes before the thunder round,neither,0.03529785677882205,0.37990552885362866,0.5847966143675494
Joyce Tick,neither,0.03945320844208391,0.33037608806864915,0.630170703489267
"LOL Becca is a savage.... ""ITS MY SET"" ... i love it",neither,0.02367506743169389,0.45170498082455074,0.5246199517437554
!beccawins,neither,0.03945320844208391,0.33037608806864915,0.630170703489267
Poor Becca,neither,0.03945320844208391,0.33037608806864915,0.630170703489267
Yeah no im glad im not the only one hearing Joy's Dick,offensive_language,0.03702370823728799,0.7520741162927072,0.21090217547000484
oh no its Yogabot,neither,0.03635788243749877,0.2825471967322929,0.6810949208302084
beccaWIN beccaWIN beccaWIN,neither,0.03945320844208391,0.33037608806864915,0.630170703489267
Joist Stick?,neither,0.03945320844208391,0.33037608806864915,0.630170703489267
Becca bot has malfunctioned,neither,0.0398838597670735,0.3230668111731776,0.637049329059749
Jake & Daryl > Becca,neither,0.03945320844208391,0.33037608806864915,0.630170703489267
Becca 5000?,neither,0.03945320844208391,0.33037608806864915,0.630170703489267
"lies, loony!",neither,0.03945320844208391,0.33037608806864915,0.630170703489267
THAT IS TRUE BECCA,neither,0.045422752526274854,0.38723307181673444,0.5673441756569907
jake + daryl < becca / 2,neither,0.03945320844208391,0.33037608806864915,0.630170703489267
those rock candies,neither,0.07665141308273593,0.234951198375922,0.6883973885413421
WutFace Don't let the dog eat chocolate,neither,0.02528751007173721,0.34417063143266113,0.6305418584956015
Diet Meth tastes like regular meth,neither,0.04487621215280506,0.33857729618325355,0.6165464916639413
Because she can!,neither,0.04256630232269325,0.47048242231367626,0.48695127536363053
Ya gotta do Biker Meth.,offensive_language,0.02834141727889969,0.5355868869690998,0.43607169575200044
Diet Coke is really addicting,neither,0.045369217475770295,0.3283413012798056,0.6262894812444241
