text,top_class,hate_speech,offensive_language,neither
"I hope they mention a great graphic novel about first love, ""Blankets"". Anybody else read it?",neither,0.04660711088892153,0.28006791792873365,0.6733249711823449
I'm very into it,neither,0.03764597500955447,0.33099767851787393,0.6313563464725716
"Hey, everyone!",neither,0.031959242684595296,0.4575682446653829,0.5104725126500218
bidet,neither,0.03945320844208391,0.33037608806864915,0.630170703489267
I like the music.,neither,0.05615253682119389,0.32735757950666117,0.616489883672145
"How about Malettine's Day? No, that sounds like a blunt instrument.",neither,0.042853868365464155,0.399998691157764,0.5571474404767719
woot,neither,0.03945320844208391,0.33037608806864915,0.630170703489267
Eyyyyy!,neither,0.03945320844208391,0.33037608806864915,0.630170703489267
ahhh... to late music is gone,neither,0.052212462806780935,0.32587971470695287,0.6219078224862661
@philbe63 That game is awesome,neither,0.04317059123913243,0.3271652526548971,0.6296641561059705
yaaaaaaaaaaaaaaaaaaaaaaay,neither,0.03945320844208391,0.33037608806864915,0.630170703489267
Greetings all,offensive_language,0.046917543854519406,0.6277741405869331,0.3253083155585475
"Help G&S make great content! $4.99/month gets you emotes, Minecraft server access, sub-only VODs, and more! Every sub keeps the channel alive! twitch.tv/geekandsundry/subscribe",neither,0.043907990691603095,0.31135964332838284,0.644732365980014
gandsLessthanthree gandsLessthanthree gandsLessthanthree gandsLessthanthree,neither,0.03945320844208391,0.33037608806864915,0.630170703489267
Hello lovely hosts!!!,neither,0.03945320844208391,0.33037608806864915,0.630170703489267
We're live!,neither,0.07702019449600846,0.29035571652515796,0.6326240889788335
gandsSubHype gandsSubHype gandsSubHype gandsSubHype gandsSubHype gandsSubHype gandsSubHype gandsSubHype gandsSubHype gandsSubHype gandsSubHype gandsSubHype gandsSubHype gandsSubHype gandsSubHype gandsSubHype,neither,0.03945320844208391,0.33037608806864915,0.630170703489267
Yay its wednesday!,neither,0.034109264863798505,0.33221411531497413,0.6336766198212274
Taliesin why hat?,neither,0.02553233908288884,0.35085026131995334,0.6236173995971579
Evening you three and HAPPY Valentine',neither,0.0505606971909913,0.3306870598149621,0.6187522429940465
Evening Wednesdaisies!,neither,0.03945320844208391,0.33037608806864915,0.630170703489267
is Tail,neither,0.05075285117343298,0.3264896227814124,0.6227575260451547
Eyyy Happy Talentines Day!,neither,0.04023417877537722,0.3072658275026805,0.6524999937219423
s Day,neither,0.04062343770405816,0.29560591037067285,0.663770651925269
"Tal, why hat.",neither,0.02956695354971797,0.34421925235055634,0.6262137940997257
"Oooooooo, what are you hiding under your hat Taliesin?",neither,0.13531678741589184,0.31043586575202503,0.554247346832083
new color?,neither,0.04602842628476365,0.2136720325383636,0.7402995411768728
is tail's in everything?,neither,0.04817399434245337,0.32737660990062006,0.6244493957569265
Hi!,neither,0.03945320844208391,0.33037608806864915,0.630170703489267
WHHHAAAATT MICHEEEELLLEEEE,neither,0.03945320844208391,0.33037608806864915,0.630170703489267
hello Taliesin! Amy! and Guest!,neither,0.03883588857206956,0.29984840161958504,0.6613157098083454
"Yay, I made it in time! :D",neither,0.0369643324318579,0.35001123152687547,0.6130244360412666
"Oh, my",neither,0.02748693229954249,0.40236076101129065,0.5701523066891669
HELLO PEOPLE :),neither,0.08342635347872217,0.3250217469284455,0.5915518995928324
Ah! Surprise Michelle Chubbybunny!,neither,0.03945320844208391,0.33037608806864915,0.630170703489267
his hair is Hearts beneath?,neither,0.0791915234802123,0.3276092362360219,0.5931992402837658
LUL,neither,0.03945320844208391,0.33037608806864915,0.630170703489267
Hey @ErikaIshii!,neither,0.03945320844208391,0.33037608806864915,0.630170703489267
gandsSubHype gandsSubHype gandsSubHype,neither,0.03945320844208391,0.33037608806864915,0.630170703489267
Huzzah! Hihi everyone,offensive_language,0.02988896790634741,0.4927062106388782,0.4774048214547744
Happy Dallen-tines day,neither,0.04023417877537722,0.3072658275026805,0.6524999937219423
Taliesin is especially goth,neither,0.047657424696228315,0.3275542818895693,0.6247882934142024
"cool hat, Taliesin :D",neither,0.03945320844208391,0.33037608806864915,0.630170703489267
Ahhhh,neither,0.03945320844208391,0.33037608806864915,0.630170703489267
aw Taliesin.,neither,0.03945320844208391,0.33037608806864915,0.630170703489267
"Hi Taliesin, Michelle and GM Amy!",neither,0.03887527366382715,0.3019321729718841,0.6591925533642887
She's so pink..,offensive_language,0.0415994246925938,0.515546287383926,0.44285428792348014
is tal in a Juggy bini?,neither,0.048704470872248815,0.3271941546967026,0.6241013744310487
i want the peach hair!,neither,0.038504849989133366,0.3009640907049341,0.6605310593059326
oh nooo,neither,0.0456283565223502,0.2719307315164877,0.6824409119611621
!whodat,neither,0.03945320844208391,0.33037608806864915,0.630170703489267
"Amy Dallen ( twitter.com/enthusiamy ), Taliesin Jaffe ( twitter.com/executivegoth ), and Michelle Nguyen ( twitter.com/iamchubbybunny ). Chalk art by Ken Nguyen ( twitter.com/minhwind ).",neither,0.03877508795285701,0.45866146033990657,0.5025634517072364
Tals hiding his beautiful hair tho,neither,0.05656132536120421,0.3400092758536074,0.6034293987851883
I started watching it,neither,0.03774337145408817,0.3309641794144262,0.6312924491314857
Talesin are you weird and always going to be weird?,neither,0.07505376897580428,0.35572672136124134,0.5692195096629542
Squid1 TheIlluminati Squid4,neither,0.03945320844208391,0.33037608806864915,0.630170703489267
i gotta catch up on riverdale,neither,0.03121343835211733,0.44413670649744186,0.5246498551504408
Serpents Ya'll!,offensive_language,0.020730940077770262,0.6929551195008575,0.2863139404213722
I just got that hat from my kids for Christmas!!,neither,0.022560780751771575,0.43179090770016343,0.5456483115480651
Good evening all!,neither,0.0407757687943942,0.4132731801052576,0.545951051100348
taliesin is perfect looking as ALWAYS,neither,0.043399769046315456,0.41418555707179266,0.5424146738818919
!whodat,neither,0.03945320844208391,0.33037608806864915,0.630170703489267
HAHAHA I love Riverdale so much!,neither,0.03210151804194835,0.39876028550093795,0.5691381964571136
Happy Valentine's Day!,neither,0.039968826230046654,0.31515617697698495,0.6448749967929683
Hi @The_TBoyce,neither,0.03945320844208391,0.33037608806864915,0.630170703489267
"I'm still trying to understand ""hot Archie""",neither,0.04519567531369168,0.34108774599937874,0.6137165786869295
Taliesin we want to see your florescent hairs,neither,0.08015430728864228,0.31561034310756864,0.6042353496037891
Who's got the Jingle Jangle? JJ?,neither,0.03762419250350285,0.43204830150150536,0.5303275059949919
"Welcome, Michelle!",neither,0.03945320844208391,0.33037608806864915,0.630170703489267
HI MICHELLE!,neither,0.03945320844208391,0.33037608806864915,0.630170703489267
Well damn now I gave to watch. Sleezy sold it.,offensive_language,0.054253219452860844,0.7043300826240773,0.24141669792306197
I want nothing to do with Riverdale,neither,0.03188863946479534,0.415634108759576,0.5524772517756286
"I HATE Riverdale, completely shits on the comics",neither,0.1440764931390485,0.2532565808419744,0.6026669260189771
"Damn, should've expected this theme.",offensive_language,0.03131097026276668,0.7067901318484879,0.2618988978887453
Is that Matt and Brittany on the chalkboard? <3 <3,neither,0.03894697831185063,0.3281518730632629,0.6329011486248864
Love that hair!,neither,0.030395940094681946,0.4077962684040066,0.5618077915013114
that outfit is extremely fab,neither,0.042243384927803516,0.35889119608479597,0.5988654189874005
there's the pretty blue hairs,neither,0.038705971531876146,0.2819843025438793,0.6793097259242447
Hello Michelle and you have AWESOME HAIR!,neither,0.05020090719838825,0.3376608154811227,0.612138277320489
PogChamp,neither,0.03945320844208391,0.33037608806864915,0.630170703489267
it's a delightful train wreck that you can't turn away from Riverdale is so FUN! Talk about guilty pleasures~!,neither,0.037793365056593885,0.4001767801451796,0.5620298547982266
"I don't watch TV, i watch G&S and HyperRPG!",neither,0.048261157475379464,0.2949198687724238,0.6568189737521968
I love her hair,offensive_language,0.02513992278012551,0.642094385655478,0.33276569156439645
its bad and erased jughead's asexuality,neither,0.030323012574252076,0.29496954313288126,0.6747074442928666
but where are the crown jaggeds on the hat?,neither,0.05296576718475664,0.2630370544253494,0.683997178389894
Bad influence or not we love you Taliesin,neither,0.045899796981569964,0.39569053422559286,0.5584096687928373
So many spider accessories!,neither,0.039415459684015254,0.36684255439224756,0.5937419859237371
#teamcheryl,neither,0.03945320844208391,0.33037608806864915,0.630170703489267
!guest,neither,0.03945320844208391,0.33037608806864915,0.630170703489267
Who is Taliesin if not a bad influence,neither,0.02561470468546433,0.44708822885885946,0.5272970664556762
!guests,neither,0.03945320844208391,0.33037608806864915,0.630170703489267
@chaoticloony you gotta add maze arcana to that too,neither,0.057975676485050996,0.45409435912625407,0.48792996438869507
Tallesin is the best influence,neither,0.04636862377065073,0.3032494049852459,0.6503819712441034
It's Matt Key and Brittany :D,neither,0.0377440587627392,0.29983323726202904,0.6624227039752317
!whodat,neither,0.03945320844208391,0.33037608806864915,0.630170703489267
"Amy Dallen ( twitter.com/enthusiamy ), Taliesin Jaffe ( twitter.com/executivegoth ), and Michelle Nguyen ( twitter.com/iamchubbybunny ). Chalk art by Ken Nguyen ( twitter.com/minhwind ).",neither,0.03877508795285701,0.45866146033990657,0.5025634517072364
love the cosplay Taliesin <3 hat show sucked me in xD,neither,0.040883824292017305,0.30290751111248987,0.6562086645954928
MAtt and Brittany,neither,0.03872142694552358,0.29364995466965227,0.6676286183848241
@Danoba I hope that you and everyone in studio are having great weeks! And that the sound stops giving you all problems,neither,0.07939369874756837,0.35271971667481805,0.5678865845776137
the jagged edge thing on original jughead is because people used to cut the brims off of bowler hats,neither,0.06146744119543206,0.31468639900014805,0.6238461598044199
,neither,0.03945320844208391,0.33037608806864915,0.630170703489267
the best worst influence,neither,0.03883404213397616,0.2915169834865011,0.6696489743795228
I thought for sure it was a Delsin Rowe cosolay,neither,0.02935512041147826,0.3444896766518439,0.6261552029366779
is it from a pattsy walker comic?,neither,0.0476678890187977,0.3091103101115192,0.6432218008696833
Where is the other host,neither,0.048502011881257336,0.28153032701439157,0.669967661104351
LUL,neither,0.03945320844208391,0.33037608806864915,0.630170703489267
@rasnac_khan That's what I was saying! That's my head-canon.,offensive_language,0.020646204072458273,0.4982684209388747,0.48108537498866705
please tell me they're gonna bring up patsy,neither,0.04322992402472174,0.42707871420404997,0.5296913617712283
So how long until Taliesin greets @misssunflower94 ? :D,neither,0.039126711561538845,0.37971441377026627,0.5811588746681949
*playing organ music*,neither,0.03945320844208391,0.33037608806864915,0.630170703489267
Have you guys read Young Monsters in Love yet?,neither,0.04611088977558553,0.43066979791931104,0.5232193123051035
oh this is gonna be a fun episode,neither,0.051113413058973746,0.3307607941161551,0.618125792824871
They were pretty soapy:D,neither,0.0398605830829434,0.3022197014014852,0.6579197155155715
@japenrose Thanks! We're working on it.,neither,0.049265125921864716,0.30189463903431857,0.6488402350438166
YAY,neither,0.03945320844208391,0.33037608806864915,0.630170703489267
"Roderick, Nooo!",neither,0.03945320844208391,0.33037608806864915,0.630170703489267
@Zethma Presumably having a nice night out with his wife,neither,0.036609595643801285,0.37921649655246464,0.584173907803734
Reframed. lol,neither,0.020706217963973744,0.4882283491876925,0.4910654328483337
michelle is wearing a sailor moon necklace!! so awesome,neither,0.04454688151272152,0.3572806116067367,0.5981725068805418
Calculon LUL,neither,0.03945320844208391,0.33037608806864915,0.630170703489267
I thought weave was going to be on?,neither,0.044835712747023644,0.27762830087691376,0.6775359863760625
"tal's hair, as alwayse, is so on point",neither,0.04146772858005285,0.3994761894270693,0.5590560819928778
Thanks @JeffM0307,neither,0.035884468650613,0.3004919205142699,0.6636236108351171
"As Porco Rosso said to the pirates in an old subtitled version, ""You are a special kind of trash.""",neither,0.10121748287948322,0.20192287877812096,0.696859638342396
LUL All my circuits,offensive_language,0.02915696950178159,0.5054756271523954,0.465367403345823
"@Danoba It's sounding better so far. Just down to the static but less crackling, if that helps",neither,0.026628385373899808,0.4073197778744101,0.5660518367516901
@CharacterStigma Points for that reference,neither,0.03104950118382575,0.3405627875832918,0.6283877112328825
Like all pop culture - new trends and getting obsessed,neither,0.047179570232797625,0.32876306467139355,0.6240573650958089
i love Wednesday club.,neither,0.036619336196227086,0.34356401558588245,0.6198166482178904
"@japenrose That's good to know, thanks.",neither,0.039222119594152005,0.35365259275866784,0.6071252876471802
Audio is really low for me.,neither,0.034400127616338136,0.33549961027412073,0.6301002621095412
"@The_TBoyce If it's not, it should be :)",neither,0.026862776042220503,0.45611483501913896,0.5170223889386404
@Googbro It's after this.,neither,0.03698146784054978,0.33382328606716116,0.629195246092289
Love Michelle's Sailor Moon choker,neither,0.03724777356463028,0.3405777663816165,0.6221744600537531
"@JerrodOwex I haven't watch maze Arcana, but i do also watch CaveGeekArt",neither,0.04626506152107214,0.334298387549413,0.6194365509295148
He would have been someone we'd talk about even if he quit after Captain America.,neither,0.0768752330529113,0.33903995323028246,0.5840848137168062
im just gonna lurk now soco too strong for coherency,neither,0.02890212475034524,0.3930203983449613,0.5780774769046936
FBtouchdown @japenrose,neither,0.03945320844208391,0.33037608806864915,0.630170703489267
#humbledab,neither,0.03945320844208391,0.33037608806864915,0.630170703489267
Weabtrash Unite!,neither,0.03945320844208391,0.33037608806864915,0.630170703489267
oh I already love you Michelle,neither,0.05770154970004746,0.3586466728358594,0.5836517774640932
gosh I love Michelle's sweater,neither,0.037285521292186125,0.340399536925369,0.6223149417824448
Hey Wednesdaisies! :D,neither,0.03945320844208391,0.33037608806864915,0.630170703489267
Michelle is already amazing,neither,0.045878484306153836,0.3441689276053538,0.6099525880884923
"QUESTION: weren't ben-day dot style used a lot in romance comics back when, and led to a larger art movement using that dot syle?",neither,0.035448287475313534,0.3627614269110159,0.6017902856136705
When is weave playing?,neither,0.0362599548597546,0.3790161252904808,0.5847239198497646
Hey folks. It's been a while for me. No Matt Key? Who will mention Dr. Strange every 5-10 minutes or their gorgeous wife Britney?,neither,0.03401851502123951,0.3550664524977464,0.6109150324810141
!twc,neither,0.03945320844208391,0.33037608806864915,0.630170703489267
"Here are some handy The Wednesday Club resources! TWC Reddit: reddit.com/r/WednesdayClub/ | Discord: https://discord.gg/6QK9fVB | Wednesday Club Fanclub on Facebook: facebook.com/groups/1945232949091586/ | Send in your thoughts, comic recommendations, questions, and more to Matt, Amy, and Taliesin at thewednesdayclub@geekandsundry.com",neither,0.05001524745118048,0.31503641584425707,0.6349483367045624
PogChamp,neither,0.03945320844208391,0.33037608806864915,0.630170703489267
I think you broke Amy.,neither,0.05733486159238199,0.36916956422941644,0.5734955741782015
recovery of a mmo junkie,neither,0.03945320844208391,0.33037608806864915,0.630170703489267
Classy Sailor Moon Wedding is GOALS,neither,0.044477067627847505,0.328648152522575,0.6268747798495773
That sounds amazing,neither,0.035346433208694863,0.3750897675579955,0.5895637992333097
!whodat,neither,0.03945320844208391,0.33037608806864915,0.630170703489267
"Amy Dallen ( twitter.com/enthusiamy ), Taliesin Jaffe ( twitter.com/executivegoth ), and Michelle Nguyen ( twitter.com/iamchubbybunny ). Chalk art by Ken Nguyen ( twitter.com/minhwind ).",neither,0.03877508795285701,0.45866146033990657,0.5025634517072364
So....Is it Strangers in Paradise day yet?,neither,0.044443206363535305,0.35028112500916725,0.6052756686272974
"@chaoticloony aww, gotta watch satine!(even though i don't watch much myself there just isn't enough time in the day)",neither,0.03836541815723561,0.3352127482311524,0.6264218336116121
sup chat anneCool,neither,0.03945320844208391,0.33037608806864915,0.630170703489267
Okay so the best wedding?!?!,neither,0.03769434170064485,0.3483998251579964,0.6139058331413588
I'm back!,neither,0.03945320844208391,0.33037608806864915,0.630170703489267
BEST wedding EVER,neither,0.038519333392128305,0.3225559386325859,0.6389247279752859
must find wedding photos lol,neither,0.037212642439637324,0.28756379234091495,0.6752235652194477
I used to DJ weddings and a sailor moon theme sounds like a nightmare,neither,0.04913716610281622,0.31288686544579064,0.6379759684513931
"When I get married, I might get a Whitestone-themed wedding. Because Perc'ahlia.",neither,0.03159512962656537,0.37862366766879246,0.5897812027046422
@Misty_Crom Oh something tells me it'll still happen.,neither,0.03574848560195165,0.33425107341652577,0.6300004409815226
I was sick yesterday and missed Talks Machina D:,neither,0.0387430699502366,0.3011108976582597,0.6601460323915037
Wow!,neither,0.03945320844208391,0.33037608806864915,0.630170703489267
ZOOM,neither,0.03945320844208391,0.33037608806864915,0.630170703489267
I need links to photos of that wedding please :)7,neither,0.04100123265816201,0.3547047513000044,0.6042940160418336
Michelle you are aesthetic goals wow,neither,0.07342894364428945,0.32831567280289053,0.59825538355282
Hawt mother fucking romance,offensive_language,0.10555602571989679,0.8919823184595633,0.0024616558205398154
*cough* http://www.defectivegeeks.com/2014/12/18/sailormoonwedding/,neither,0.0373548022310426,0.2634777085745383,0.6991674891944191
COME ON AND ZOOM,neither,0.034389173855541764,0.33077780703502724,0.634833019109431
The Best Trash,neither,0.041219463314101715,0.07096770055647615,0.8878128361294222
zfgzybps -> Only those that we deem worthy shall possess the power of the Hyperlink [warning],neither,0.048140585852785724,0.2990817588418225,0.6527776553053918
"Romance, motherfuckers! --G&S channel hosts",neither,0.03945320844208391,0.33037608806864915,0.630170703489267
We don't let garden-variety nerds on this show. Only deep ones.,neither,0.03571571197986093,0.31602760934401736,0.6482566786761218
"So much Sailor Moon, I love it",neither,0.033249269472062436,0.3777568685857943,0.5889938619421433
@cinphoria thank you :),neither,0.07325166854587051,0.43632638485078484,0.49042194660334476
"@Misty_Crom They're contractually obligated to mention ""lovely wife Brittany"" in each episode at least once",neither,0.05201856335449749,0.3257653239249791,0.6222161127205235
love me some vintage ROMANCE COMICS!ready to hear them talk about some mothafuckin STERENKO!,neither,0.025795601396453663,0.38264967832724023,0.5915547202763061
just lovin' stuff - the G&S motto,neither,0.035259395508887605,0.33403606359032023,0.6307045409007922
it,neither,0.034373745257138544,0.33212314837979673,0.6335031063630647
If I ever get married it will be a wedding themed wedding,neither,0.02912064596185258,0.3553090021896894,0.6155703518484581
how,neither,0.03945320844208391,0.33037608806864915,0.630170703489267
are those poptarts cushions?? OMG,neither,0.1360366464018098,0.17939462078499532,0.6845687328131949
it's my dogs birthday!,neither,0.02656567332836466,0.4230447686394346,0.5503895580322007
No one but Prof. Dallen is a true expert here,neither,0.09848771888430534,0.3412469954774842,0.5602652856382104
!subcount,neither,0.03945320844208391,0.33037608806864915,0.630170703489267
"I'm a regular nerd, regular nerd...",neither,0.03945320844208391,0.33037608806864915,0.630170703489267
saaaaaaaaaame,neither,0.03945320844208391,0.33037608806864915,0.630170703489267
Michelle strikes me as a person who would break out the Hom HoHoHo,neither,0.03144658088591299,0.40229145210030126,0.5662619670137856
@tomservo544 Does this mean your guests will have to plan a wedding at your wedding?,neither,0.06461019673946117,0.39576445133801674,0.5396253519225221
whats going on with GeeknSundry audio... it's so lowwww,neither,0.027416017882175108,0.42331119153088576,0.549272790586939
"Same Tal, same.",neither,0.040928776161194454,0.3438109214932172,0.6152603023455884
goth teen Taliesin was against Valentine's Day? You DON'T SAY,neither,0.051321307685912046,0.3351400091588477,0.6135386831552403
"Indeed, just because you don't like Valentine's Day doesn't mean you have to be a dick and ruin it for other people.",offensive_language,0.10710045782467716,0.6405800910459936,0.2523194511293293
@flathless OVER 9000 Kappa,neither,0.036211299241233084,0.3323553207975763,0.6314333799611908
I feel ya,offensive_language,0.02123168413070138,0.6800300307949494,0.29873828507434924
That doesn't surprise me at all...,offensive_language,0.030086377398753406,0.4930421742475212,0.47687144835372536
I like Valentines Day so much more now that I've stopped watching TV or paying attention to heteronormative holiday expectations >.>,neither,0.03178537419635374,0.35417043747542576,0.6140441883282205
I agree with what Tal just said,neither,0.031173520033577422,0.3728846634069708,0.5959418165594518
HSWP LUL,neither,0.03945320844208391,0.33037608806864915,0.630170703489267
too relatable,neither,0.038798963802794226,0.34148032703984427,0.6197207091573615
"@timelordnephilim They are, Gina, Amy and Stef made it on an episode of Mines N' Crafts.",neither,0.05111842509863316,0.28130612985487263,0.6675754450464944
Taliesin Presents the 5 stages of Valentine's Day,neither,0.039121324784309235,0.3050368474069249,0.655841827808766
lmao also guilty,neither,0.03843201092742056,0.34770847500562707,0.6138595140669524
"Big Mood, Michelle. Big Mood",neither,0.022979755756777822,0.3989305710839682,0.578089673159254
We had a momentous Valentine's Day: did absolutely nothing. jenHeart,neither,0.03784856908200186,0.353288005333696,0.6088634255843023
"Wait a second, so it's Valentine's Day and no one's yet mentioned Matt's lovely wife?",neither,0.03768252854350327,0.3472732962763617,0.6150441751801351
Valentine goth arc,neither,0.03945320844208391,0.33037608806864915,0.630170703489267
"I got stood up by a date on Valentine's Day, and I still love the holiday.",neither,0.03344301962000965,0.39350011167517557,0.5730568687048148
"I hate Christmas, but I don't go around trying to rain on other people when it's here, same goes for this holiday.",neither,0.16300815216851422,0.2751509136392965,0.5618409341921893
so Tal's past romance life is a bad Hallmark movie??,neither,0.0415692850583919,0.37773631321368695,0.5806944017279212
"I love you, chat",neither,0.05692905594716782,0.4118250936126231,0.531245850440209
i kinda forgot to make valentines gifts for my friends. woops,neither,0.03226718812248864,0.36040985346975857,0.6073229584077529
I was also that anti valentine teen but I was also anti human so no one but me got hurt.,neither,0.06621857713634201,0.3636542448219334,0.5701271780417245
Happy General Love Day!,neither,0.03706843709578507,0.3289223411992459,0.6340092217049691
gandsLessthanthree,neither,0.03945320844208391,0.33037608806864915,0.630170703489267
"I love you, Wednesday Club hosts",neither,0.052462803141063385,0.3919815803015605,0.5555556165573762
<3 <3,neither,0.03945320844208391,0.33037608806864915,0.630170703489267
HI AMY YES WE ARE HERE,neither,0.1080229185056066,0.2639599507830698,0.6280171307113236
My hubby & I dont celebrate Valentines Day.,neither,0.031814286117111894,0.37984103783899986,0.5883446760438883
@cinphoria My family has some how turned it into a hedgehog themed holiday. I don't know how to explain it,neither,0.030890289410840654,0.3794358312206859,0.5896738793684734
"Small spuds, lol",neither,0.029068264864247538,0.40827028370723706,0.5626614514285154
february 15th is Cheap Candy Day,neither,0.046019164418625434,0.3171597939488009,0.6368210416325737
tinytatoPotato tinytatoPotato tinytatoPotato tinytatoPotato tinytatoHeart tinytatoHeart tinytatoHeart,neither,0.03945320844208391,0.33037608806864915,0.630170703489267
#SmolSpuds,neither,0.03945320844208391,0.33037608806864915,0.630170703489267
Hello Taliesin dear!,neither,0.03945320844208391,0.33037608806864915,0.630170703489267
<3 <3 <3,neither,0.03945320844208391,0.33037608806864915,0.630170703489267
ba-dum-dum,neither,0.03945320844208391,0.33037608806864915,0.630170703489267
checking out wedding photos and they are awesome! Though I am a little disappointed that the groom did not wear a top hat. :D,neither,0.04340848431808694,0.31677876708648306,0.6398127485954299
rofl,neither,0.03945320844208391,0.33037608806864915,0.630170703489267
Hello all,neither,0.04217753453783664,0.43734383323855475,0.5204786322236087
@japenrose that sounds wonderful,neither,0.035580955968815546,0.3724920795683786,0.5919269644628059
#TinyTaters,neither,0.03945320844208391,0.33037608806864915,0.630170703489267
*slow clap for Taliesin*,neither,0.03365138620711974,0.3014015584304298,0.6649470553624505
@crthemighty One of my favorite days!,neither,0.027068140708465697,0.4544738941758673,0.5184579651156671
Taliesin no,neither,0.036918905254960256,0.37338982715841207,0.5896912675866277
Did someone say Archie and the Killer Spuds?,neither,0.038038442377953965,0.28049497437264775,0.6814665832493983
Taliesin...mashed it!,neither,0.03769120445960379,0.3309821220359783,0.6313266735044178
tinytatoPotato tinytatoPotato tinytatoPotato tinytatoPotato tinytatoHeart tinytatoHeart tinytatoHeart,neither,0.03945320844208391,0.33037608806864915,0.630170703489267
ohohoh I can still do the thing tinytatoPotato tinytatoPotato tinytatoPotato tinytatoHeart tinytatoHeart tinytatoHeart tinytatoPotato tinytatoHeart,neither,0.03938124434519745,0.32265331518824275,0.6379654404665598
puntastic Taliesin,neither,0.03945320844208391,0.33037608806864915,0.630170703489267
#LovelyWifeGoals,neither,0.03945320844208391,0.33037608806864915,0.630170703489267
@japenrose So instead of a valentine's snail you get visited by a valentine's hedgehog?,neither,0.048345785938649403,0.4126537316812073,0.5390004823801434
LUL,neither,0.03945320844208391,0.33037608806864915,0.630170703489267
(with his lovely wife Britney?),neither,0.04737878080686008,0.36282105473800147,0.5898001644551385
To his lovely wife Britney?,neither,0.06834298604699778,0.32802172234756294,0.6036352916054393
Oh jesus xD,neither,0.04663970134003505,0.26286277910614453,0.6904975195538203
#LovelyWifeBritney,neither,0.03945320844208391,0.33037608806864915,0.630170703489267
He's with the lovely wife (trademark),neither,0.03245474900691822,0.34878884155976475,0.6187564094333171
Addicted to Spuds? tinytatoPotato tinytatoHeart,neither,0.049246613201383814,0.32472994266395866,0.6260234441346576
@harberst You could say that?,neither,0.05786652420770749,0.46779734068163026,0.4743361351106623
"""Other obligations"" is an interesting euphemism for ""wife"". :D",neither,0.040921219522160025,0.2976102425287379,0.6614685379491021
"You know, we literally just came over here from Erika playing Dream Daddy, with all the dad jokes, dating goth dad, and now we're here getting potato puns made at us by the real life goth dad.",neither,0.075022679684131,0.41234185601478707,0.512635464301082
Quite the potato pun mashups.,neither,0.03876211226891844,0.31780544177826586,0.6434324459528158
Oh lordy,neither,0.051363287716059566,0.22255663153133606,0.7260800807526044
love obligations coolLOVE,neither,0.03217296676969875,0.3657703709031763,0.602056662327125
Jesus Taliesin,neither,0.03945320844208391,0.33037608806864915,0.630170703489267
"I just assume he’s with his lovely wife, Brittany.",neither,0.04630180757299219,0.36978604291782824,0.5839121495091796
damn,offensive_language,0.042479326866149344,0.9516554255713155,0.005865247562535126
@cinphoria best valentine's day? best valentine's day.,neither,0.039038585254663215,0.3077313893890982,0.6532300253562385
"hey guys, fun tip:instead of wasting up to $10 on a shitty one time use card, instead, get the person a comic book, or if its a holiday, a holiday related one (christmas/holiday issue for christmas, romance for valentines day, etc) and stick a from/to postit on the bag",neither,0.025303926236127663,0.43619111438393937,0.538504959379933
:p,neither,0.03945320844208391,0.33037608806864915,0.630170703489267
we need more excuses to buy each other food,neither,0.045107796496939905,0.3218456475302171,0.6330465559728431
@stargazer1977 same thing with animals. Cats and dogs specifically. People who hate them are so annoying and idiotic when they feel the need to chime in about how they hate a puppy when everyone else is enjoying it.,neither,0.17936024036267498,0.27284710197571427,0.5477926576616108
Western CULTURE has a lot of baggage. US culture in particular can never fully escape the puritans.,neither,0.05142618623012524,0.3335511695098977,0.615022644259977
I'm counting the Legend of Korra comics as romance because Korrasami. <3,neither,0.03753292129316739,0.3423186095660599,0.6201484691407726
I hope they talk about Gengoroh Tagame!,neither,0.04763727120434774,0.22933965306916076,0.7230230757264915
"But no matter what, you know what they say: ""mmmm. facecake."" -- @cinphoria",neither,0.05622023999965804,0.37318279551503736,0.5705969644853046
teadafadfadf,neither,0.03945320844208391,0.33037608806864915,0.630170703489267
saf\,neither,0.03945320844208391,0.33037608806864915,0.630170703489267
"@ToonEzon I second that, especially if it's a book/comic you know they've been wanting but just haven't gotten for one reason or another.",neither,0.030183860235075497,0.3683746561662115,0.601441483598713
a comic and chocolate,neither,0.038361649835490494,0.2723356188092971,0.6893027313552125
@Darastrygat dammit I don't even remember why I said that,neither,0.027266387391164798,0.38885739326321495,0.5838762193456202
why,neither,0.016768318525353994,0.3685911158159394,0.6146405656587067
"My husband is basically Damien from Dream Daddy. Tall, dark, and mysterious and his Valentine's surprises are so much fun.",neither,0.05685044372695207,0.32310123121445555,0.6200483250585924
Baggage - but different baggage,neither,0.034523189428300384,0.3453001433424815,0.620176667229218
"Yo,I'm new here.. was up? :)",neither,0.10713082786134595,0.32116012079901124,0.5717090513396429
nooooooooooooooooo,neither,0.03945320844208391,0.33037608806864915,0.630170703489267
A comic cover made of chocolate.,neither,0.03945320844208391,0.33037608806864915,0.630170703489267
"@ThePunkDude Welcome aboard, friend!",neither,0.03945320844208391,0.33037608806864915,0.630170703489267
@MissNayoung lucky you!,neither,0.07123512141260756,0.41527157680264026,0.5134933017847522
@ThePunkDude talking romance comics for the holiday!,neither,0.034134711558281496,0.29516624968279825,0.6706990387589201
"Doesn't the sexual repression of Japan steer pretty 'young""?",neither,0.03712395501791748,0.35126458933083826,0.6116114556512443
@thepunkdude we talkin comic.,neither,0.03921858294959291,0.33435829499996317,0.626423122050444
@ThePunkDude Comics!,neither,0.03945320844208391,0.33037608806864915,0.630170703489267
"I mean on the plus side, we're on the front page?",neither,0.041189282607975795,0.3344383324110446,0.6243723849809796
ah man i loved kare kano way back,neither,0.03965968732046046,0.3866736916968336,0.5736666209827059
@PauladinWon yum,neither,0.03945320844208391,0.33037608806864915,0.630170703489267
oh man i LOVED kare kano as a kid,neither,0.04195501720605652,0.3784280897286272,0.5796168930653164
