text,top_class,hate_speech,offensive_language,neither
is there a poll for tonight?,neither,0.039178824742407165,0.2544935068401742,0.7063276684174187
LETS GET TO IT,neither,0.044501043856726534,0.354884941989243,0.6006140141540306
Animated today,neither,0.037958996135523816,0.3073705101606052,0.654670493703871
"@amajarama No guest, just animated!",neither,0.03519514571668904,0.3586142250461455,0.6061906292371655
Thanks that worked,neither,0.033348578463744165,0.3551926382872551,0.6114587832490007
Yesssss,neither,0.03945320844208391,0.33037608806864915,0.630170703489267
Thanks!,neither,0.035884468650613,0.3004919205142699,0.6636236108351171
animated episode hyyyype!,neither,0.03945320844208391,0.33037608806864915,0.630170703489267
lol hey @thomaswdyoung !!,neither,0.02786768098384096,0.41865113202475085,0.5534811869914081
gandsSubHype gandsSubHype gandsSubHype gandsSubHype gandsSubHype gandsSubHype gandsSubHype gandsSubHype gandsSubHype gandsSubHype,neither,0.03945320844208391,0.33037608806864915,0.630170703489267
WHO THE FUCK SENT YOU,offensive_language,0.19495967024741376,0.804900827039589,0.00013950271299726185
OHNO,neither,0.03945320844208391,0.33037608806864915,0.630170703489267
Live animation! WOOOOOOO!!!,neither,0.04891340716200846,0.3271222919257548,0.6239643009122369
Heya YebbaDebba!!,neither,0.03945320844208391,0.33037608806864915,0.630170703489267
y'all ever heard of FLIPS,neither,0.040998468750771955,0.392898409762169,0.5661031214870591
LUL,neither,0.03945320844208391,0.33037608806864915,0.630170703489267
"Wait, Dick isn't here?!?",offensive_language,0.1398526580287319,0.7953973719695041,0.0647499700017639
<3 <3 <3 thanks for that crazy resub!!,neither,0.019644833660883845,0.4340404247202828,0.5463147416188333
Who sent us EVERYone.,offensive_language,0.06954836270000177,0.47463895533264855,0.4558126819673497
LOL,neither,0.020706217963973744,0.4882283491876925,0.4910654328483337
So many hearts!,neither,0.03941005002792468,0.3792007133975946,0.5813892365744807
those hearts,neither,0.07059812191325836,0.24718395566167975,0.682217922425062
LOL is Hector on a date?!?!,neither,0.03490824047662097,0.4154206295348005,0.5496711299885786
This episode is getting Flighty!,neither,0.042203272297575735,0.3853875816399068,0.5724091460625175
y'all ever heard of flaps,neither,0.0410339987294908,0.39425988434718584,0.5647061169233233
PogChamp gandsOwl,neither,0.03945320844208391,0.33037608806864915,0.630170703489267
hello,neither,0.03945320844208391,0.33037608806864915,0.630170703489267
jcvimHearts jcvimHearts jcvimHearts jcvimHearts,neither,0.03945320844208391,0.33037608806864915,0.630170703489267
Hi @lightyagami777,neither,0.03945320844208391,0.33037608806864915,0.630170703489267
r00d,neither,0.03945320844208391,0.33037608806864915,0.630170703489267
LUL,neither,0.03945320844208391,0.33037608806864915,0.630170703489267
LOL,neither,0.020706217963973744,0.4882283491876925,0.4910654328483337
We've gone back in time!,neither,0.01769376532341585,0.33425067477284154,0.6480555599037426
Hahah,neither,0.03945320844208391,0.33037608806864915,0.630170703489267
It's a magical eagle is from the past!,neither,0.04437840553153119,0.30339776914078703,0.6522238253276819
This episode is full of Hearts!,neither,0.064225477961744,0.3231023054029021,0.6126722166353539
hector is on a date!!,neither,0.046968753658342396,0.34607689213247644,0.6069543542091813
a heart-filled heart-to-heart!,neither,0.043118261772693026,0.328203759893541,0.628677978333766
"@GeekandSundry I think there might be a bad cable, I have been hearing a bit of crackling since yesterday rather regularly.",neither,0.03793724385995813,0.3154828017119905,0.6465799544280515
SO JEALOUS OF HECTORS GF,neither,0.039411132765559596,0.3759116074750531,0.5846772597593873
I think those bottom right hearts are made of fried baloney,neither,0.0764248295324375,0.25840653354439375,0.6651686369231689
mm baloney,neither,0.03945320844208391,0.33037608806864915,0.630170703489267
they are aliens that resemble hearts :(,neither,0.05696135473900216,0.32699292490340337,0.6160457203575944
what did i just walk into,neither,0.040002801696454766,0.34822563468567025,0.611771563617875
!wtfisthis,neither,0.03945320844208391,0.33037608806864915,0.630170703489267
"This is Dick & Johnson! An improvised RPG using the ""All Outta Bubblegum"" system and the adventure is determined by YOU!",offensive_language,0.06934293956297523,0.6551074395412864,0.2755496208957385
So much hearts,neither,0.0352256452674854,0.38136726959348877,0.583407085139026
Codeine?,neither,0.03945320844208391,0.33037608806864915,0.630170703489267
It's Dick and Johnson!,offensive_language,0.060024645725811156,0.8677483382085753,0.07222701606561352
@Ormaugus something you probably won't be able to walk out of... at least for a while,neither,0.04454358706994891,0.37365643263892484,0.5817999802911262
"So, it's Bitcoin?",neither,0.036059904940826074,0.4466212236479848,0.5173188714111893
PowerUpL gandsOwl PowerUpR,neither,0.03945320844208391,0.33037608806864915,0.630170703489267
He does it for the Heartcoins!,neither,0.021189038595972078,0.4319797773267227,0.5468311840773052
it sounds okay on my end @John_Sparks_Jr,neither,0.026345603687311363,0.42042021645228483,0.5532341798604038
its Johnson sans Dick,offensive_language,0.053127521861350585,0.7947111423201092,0.15216133581854027
This isn't weird. Just an ordinary day.,neither,0.03661832559360756,0.33231180008585065,0.6310698743205418
it's like grubhub except for love,neither,0.03827363120455012,0.32734172205094475,0.6343846467445052
ewwwww,neither,0.03945320844208391,0.33037608806864915,0.630170703489267
:(,neither,0.03945320844208391,0.33037608806864915,0.630170703489267
"Missed 10 minutes, i miss much?",neither,0.03128737504796229,0.333184692622098,0.6355279323299398
This is the Saxiest Bird i have ever seen!,neither,0.0030624048458439143,0.056356057263007305,0.9405815378911487
Codeine? He's making sizzurp?,neither,0.05028293370891723,0.3062808357212764,0.6434362305698064
@cedon about a million hearts,neither,0.03790850063134526,0.35659381098302645,0.6054976883856283
We have a subscriber-only Discord server! Join here: https://discord.gg/geekandsundry (you'll need to sub and link it to your Twitch) and be a part of the fun!...Warning: It can take up to an hour for the server to update and give you access to the channels,neither,0.08464076273808444,0.286394834032893,0.6289644032290227
"@YebbaDebba Really? You don't hear it? It's kind of at the top of the audio spikes, crackling in certain wording.",neither,0.043968867451285726,0.3475200656360094,0.608511066912705
almost up to 2 million now!,neither,0.04335104069456547,0.3793887857648201,0.5772601735406143
XD @chaoticloony,neither,0.03945320844208391,0.33037608806864915,0.630170703489267
Cool,neither,0.03945320844208391,0.33037608806864915,0.630170703489267
LUL,neither,0.03945320844208391,0.33037608806864915,0.630170703489267
"Now I really want to see the Mexican eagle with the snake in its talons, because that would be badass!",neither,0.03256507525461016,0.3498335580133441,0.6176013667320457
"Canadian Beaver doesn't help with romance stuff, too many innuendos with his name.",neither,0.03749130386744963,0.38107137488887144,0.581437321243679
"Help G&S make great content! $4.99/month gets you emotes, Minecraft server access, sub-only VODs, and more! Every sub keeps the channel alive! twitch.tv/geekandsundry/subscribe",neither,0.043907990691603095,0.31135964332838284,0.644732365980014
had to get his jetpack from the jetpack room,neither,0.07732117190288848,0.3007987081726662,0.6218801199244454
"Definitely not, I would try some adjustments on your end and see if that helps? I don't usually go above 50% on my speakers here and i am at 100 now and nothing is crackling. sorry that's happening @John_Sparks_Jr !",neither,0.040648911861729226,0.38451474565645255,0.5748363424818183
HSWP LUL,neither,0.03945320844208391,0.33037608806864915,0.630170703489267
sounds legit @starpilotsix,neither,0.03945320844208391,0.33037608806864915,0.630170703489267
jatpack room XD :D,neither,0.03945320844208391,0.33037608806864915,0.630170703489267
"@YebbaDebba I can hear it too, it's just pretty quiet",neither,0.03394289125180264,0.34725856446180925,0.618798544286388
really?!? your ears are better than mine then.,neither,0.09166302911998798,0.29145649373026183,0.6168804771497501
@YebbaDebba There's really no adjustment to make. I pretty much have to be at 75% or higher volume for this channel as a whole.,neither,0.03880088336131794,0.33306469687825396,0.6281344197604282
"I just hear ""exhaust"" ;)",neither,0.03264082992396367,0.3632594837187916,0.6040996863572448
"@YebbaDebba I leaned near my speakers to confirm, but yeah. It's slight",neither,0.024859597430615204,0.445069291037263,0.5300711115321218
This is the 2nd most Chaotic show on the channel! :),neither,0.053382213656182356,0.2605110321196381,0.6861067542241797
i'm at 100% everything and still don't really hear it :-/,neither,0.03645163215950487,0.32919411789046404,0.6343542499500312
I can also hear the faint crackling noise,neither,0.03900256475157924,0.31544101220013027,0.6455564230482905
hi,neither,0.03945320844208391,0.33037608806864915,0.630170703489267
"You would know, @chaoticloony",neither,0.07192466340778039,0.4073731877760754,0.5207021488161442
Hi @goldrif,neither,0.03945320844208391,0.33037608806864915,0.630170703489267
well if Japenrose hears it @John_Sparks_Jr - we'll see what we can do!,neither,0.030326214521521188,0.3642696956483609,0.605404089830118
LUL,neither,0.03945320844208391,0.33037608806864915,0.630170703489267
"listen, if the jetpack alone doesnt help you romance ladies, idk what to tell you",neither,0.052608250055903985,0.40951479807933544,0.5378769518647606
Wow...Romance Eagle is really bad at his job.,neither,0.0624197541396116,0.3486315885813128,0.5889486572790755
@The_TBoyce he's new,neither,0.05739939796101986,0.1718843713126936,0.7707162307262865
f-list,neither,0.03945320844208391,0.33037608806864915,0.630170703489267
Apparently Tinder is getting the Bumble-style selection in a future update. Johnson might appreciate that more.,neither,0.039630810438746486,0.36545702608485336,0.5949121634764002
send Johnson to f- list,neither,0.045481287887484546,0.3268428299957488,0.6276758821167667
sounds perfect to me,neither,0.03787634468740265,0.36909188302946777,0.5930317722831296
Johnson is moon walking,neither,0.046459155246124026,0.3279664217008278,0.6255744230530482
"Hehhehe, Johnson's boots have no soul!",neither,0.03836520339268696,0.3488423732238285,0.6127924233834846
hahaha!,neither,0.03945320844208391,0.33037608806864915,0.630170703489267
LUL If the eagle uses Harem-Jutsu i'm gonna lose it lol,neither,0.023450223850276168,0.4140131214584219,0.5625366546913019
just imagine what this show could do with blockbuster-scale budgets,neither,0.042006514919863056,0.3155658753208696,0.6424276097592674
mznjcsnm -> Only those that we deem worthy shall possess the power of the Hyperlink [warning],neither,0.048140585852785724,0.2990817588418225,0.6527776553053918
"It would be like a transformers movie, but entertaining",neither,0.044911302480891827,0.31977485711042714,0.635313840408681
gandsGandsModAlert,neither,0.03945320844208391,0.33037608806864915,0.630170703489267
@101deadpool1017 100 points for that!,neither,0.030130135551438883,0.3421117813236427,0.6277580831249184
XD,neither,0.03945320844208391,0.33037608806864915,0.630170703489267
wtf,offensive_language,0.04410695246022759,0.7898861884776351,0.16600685906213722
"@YebbaDebba Just to be sure I wasn't insane, I tested the audio from my Corsair headset, I still hear it in the background at high volume. I still think G&S might have a bad piece of audio equipment somewhere, or the chaining of audio through various sources weakens it somewhere.",neither,0.032382836497319725,0.4073025272444497,0.5603146362582306
Does Valentines Eagle know The Eagles?,neither,0.02898048823976482,0.41189634865064007,0.5591231631095952
we're looking into it @John_Sparks_Jr - thanks :D,neither,0.05262624244231632,0.2892175257308519,0.6581562318268318
LUL America,neither,0.23190377122837613,0.21472851417881067,0.5533677145928132
@John_Sparks_Jr We've let Danoba know and they're going to try and figure it out,neither,0.022311601070499548,0.3013647510297665,0.676323647899734
@bastienfils the band or the football team?,neither,0.038032669917662555,0.30396463364493664,0.6580026964374008
"Yup, we're working on it. Thanks for letting us know.",neither,0.06629695424530617,0.28928559777902557,0.6444174479756684
"Johnson just texting away all through his ""date""",neither,0.05591927611239442,0.3817736394845105,0.5623070844030952
they're different?,neither,0.06595432685536662,0.2914055506190481,0.6426401225255853
BlessRNG Ride the Lightning,neither,0.038062196042521874,0.30453951790781025,0.6573982860496679
