text,top_class,hate_speech,offensive_language,neither
@pioro13 what are you having trouble with? we don't work with the podcast ourselves but maybe we can answer some questions,neither,0.041036705054587785,0.3719325181307726,0.5870307768146396
@shiver2 ^ the link,neither,0.03831673657550799,0.3094399058884286,0.6522433575360634
Hi!,neither,0.03945320844208391,0.33037608806864915,0.630170703489267
:D,neither,0.03945320844208391,0.33037608806864915,0.630170703489267
Woohoo!,neither,0.03945320844208391,0.33037608806864915,0.630170703489267
sounded like Ocarina,neither,0.054029609020280575,0.3509655179978939,0.5950048729818256
gandsSubHype gandsSubHype gandsSubHype gandsSubHype gandsSubHype gandsSubHype gandsSubHype gandsSubHype gandsSubHype gandsSubHype gandsSubHype,neither,0.03945320844208391,0.33037608806864915,0.630170703489267
Hi Weave.... fans?,neither,0.03945320844208391,0.33037608806864915,0.630170703489267
Hey Chat!,neither,0.03945320844208391,0.33037608806864915,0.630170703489267
theme song?,neither,0.038986740485419176,0.33829326667760806,0.6227199928369729
Hello!,neither,0.03945320844208391,0.33037608806864915,0.630170703489267
lol,neither,0.020706217963973744,0.4882283491876925,0.4910654328483337
is this the new axyb,neither,0.05881778197321744,0.16857107800779245,0.7726111400189901
yay,neither,0.03945320844208391,0.33037608806864915,0.630170703489267
Weave returned.,neither,0.03945320844208391,0.33037608806864915,0.630170703489267
gandsSubHype gandsSubHype gandsSubHype gandsSubHype,neither,0.03945320844208391,0.33037608806864915,0.630170703489267
Weave Society HYPE!!!!,neither,0.03945320844208391,0.33037608806864915,0.630170703489267
LOL,neither,0.020706217963973744,0.4882283491876925,0.4910654328483337
@misssunflower94 I vote Weavers,neither,0.03945320844208391,0.33037608806864915,0.630170703489267
@zismarith thank you!,neither,0.07325166854587051,0.43632638485078484,0.49042194660334476
The GM seems to have a ton of leeway in how strict they are in allowing extra dice - is that intended? Seems to also require adults to not get angry at the DM if they are strict.,neither,0.05444380581732315,0.33188211569864073,0.6136740784840361
Hey Weavers!!!,neither,0.03945320844208391,0.33037608806864915,0.630170703489267
someone animate it,neither,0.03684740210525904,0.33127234435870284,0.631880253536038
Hi @Holrend,neither,0.03945320844208391,0.33037608806864915,0.630170703489267
jcvimHi all the skull crushing immortals,neither,0.040003531915601596,0.3737107607197588,0.5862857073646396
"The theme is ""Eye To Eye"" from ""A Goofy Movie"" :P",neither,0.06141764863186794,0.28259250321402885,0.6559898481541031
Wavers Yeah I was thining that too @japenrose,offensive_language,0.01773900945897197,0.50547963742352,0.476781353117508
this is like if AXYB and MnC got mooshed together into one super cool show,neither,0.045017282923331764,0.350945058980885,0.6040376580957832
@japenrose I'm here for that,neither,0.10700436423702912,0.28839926189611903,0.6045963738668518
best theme on the internet right there,neither,0.03549333292356508,0.3060585455969285,0.6584481214795064
@DanManMtn Hey!,neither,0.03945320844208391,0.33037608806864915,0.630170703489267
They'll fix it in post. :p,neither,0.0381734561149746,0.33081625357775607,0.6310102903072693
WeaveSoc!,neither,0.03945320844208391,0.33037608806864915,0.630170703489267
Imma have to mis CR live tomorrow cause of the the panther. Best trade off though,neither,0.042511597937022735,0.327872166483222,0.6296162355797553
Bah! V-Day.,neither,0.04062343770405816,0.29560591037067285,0.663770651925269
Weave. So.Ciety. I got all my sisters and me :P,offensive_language,0.0249586435654651,0.5276728883058127,0.4473684681287222
gandsLessthanthree gandsLessthanthree gandsLessthanthree gandsLessthanthree gandsLessthanthree gandsLessthanthree,neither,0.03945320844208391,0.33037608806864915,0.630170703489267
@FernsMansion Points for that!,neither,0.028245309749640624,0.3456412176375736,0.6261134726127857
Happy Valentine's Day everyone! gandsLessthanthree,neither,0.034502616223371675,0.4094788136028206,0.5560185701738076
@Slippydude heya!,neither,0.03945320844208391,0.33037608806864915,0.630170703489267
PogChamp PogChamp PogChamp PogChamp PogChamp PogChamp,neither,0.03945320844208391,0.33037608806864915,0.630170703489267
@japenrose Thanks :D,neither,0.035884468650613,0.3004919205142699,0.6636236108351171
Careful Becca...,neither,0.03945320844208391,0.33037608806864915,0.630170703489267
LUL,neither,0.03945320844208391,0.33037608806864915,0.630170703489267
Happy Valentines Day Weavers,neither,0.039968826230046654,0.31515617697698495,0.6448749967929683
jcvimHearts stefHeart tinytatoHeart,neither,0.03945320844208391,0.33037608806864915,0.630170703489267
"Hopefully Becca saw my fanart, I know the other three did. xD",neither,0.030536554759931608,0.3803199669968678,0.5891434782432006
That's almost 50 SECONDS,neither,0.03595693597707191,0.3683375542646478,0.5957055097582804
Phrasing LUL,neither,0.03945320844208391,0.33037608806864915,0.630170703489267
"Is not a problem, I just wish to know what time is it up, so I can downlad it before I leave for school haha",neither,0.03939893312673309,0.44484035362514435,0.5157607132481224
Though it is definitely not as nice at the peson whos handle she just said,neither,0.03794014637943273,0.41661277501035404,0.5454470786102131
as*,neither,0.03452293158275801,0.4140557533686924,0.5514213150485496
@KBTibbs my god that's nearly a minute!,neither,0.02723109422026256,0.4365527567459472,0.5362161490337902
10/10,neither,0.03945320844208391,0.33037608806864915,0.630170703489267
do other people randomly hand out their phones,neither,0.056006171474684736,0.34001176396330696,0.6039820645620083
"@cinphoria Is not a problem, I just wish to know what time is it up, so I can downlad it before I leave for school haha",neither,0.03939893312673309,0.44484035362514435,0.5157607132481224
"Happy Less Than Three Day! And discount chocolate day, depending on timezones.",neither,0.03766760060192967,0.3026644966702923,0.6596679027277781
https://clips.twitch.tv/UglyPricklyLegBabyRage,neither,0.03945320844208391,0.33037608806864915,0.630170703489267
I love exciting news.,neither,0.036850519132655676,0.342461275293847,0.6206882055734972
@misssunflower94 I KNOW,neither,0.03945320844208391,0.33037608806864915,0.630170703489267
:-D,neither,0.03945320844208391,0.33037608806864915,0.630170703489267
PogChamp PogChamp PogChamp PogChamp PogChamp PogChamp PogChamp PogChamp PogChamp PogChamp PogChamp PogChamp,neither,0.03945320844208391,0.33037608806864915,0.630170703489267
here we go!,neither,0.13156755280784707,0.2765461283225309,0.5918863188696221
GnS Playset?,neither,0.03945320844208391,0.33037608806864915,0.630170703489267
what am i watching...,neither,0.046402523336255365,0.3253363894887553,0.6282610871749894
@pioro13 ah! It comes out the Thursday morning the week after the live show. So last Thursday's episode should be up tomorrow morning California time,neither,0.06258427688927648,0.23736069402693666,0.7000550290837869
Umbral,neither,0.03945320844208391,0.33037608806864915,0.630170703489267
Where can I buy the game?,neither,0.03998744339868108,0.23077198062525253,0.7292405759760663
ohhhhh I'm here for this,neither,0.07688201339175857,0.26710238992656504,0.6560155966816764
Computers on YOUR DESK?,neither,0.07410721246110512,0.3358677710558992,0.5900250164829958
loving this idea already,neither,0.03840667779049244,0.3481384444535164,0.6134548777559912
@DungeonMasterVaeris weave.game,neither,0.03863913812233037,0.2791191655206226,0.6822416963570471
"@pioro13 Not sure about the exact hour, sorry :(",neither,0.032886028977102286,0.43458098579632154,0.5325329852265761
ayyy im here,neither,0.08880950207584422,0.32304264321216464,0.5881478547119912
!weave,neither,0.03945320844208391,0.33037608806864915,0.630170703489267
"Weave is a 21st century storytelling platform for everyone. With just two decks of cards and a handful of dice, you and your friends can create adventures in any genre, from sci-fi to high school comedy. When combined with the free companion app, Weave provides all the power you'll need to discover new worlds, imagine amazing characters, and save your stories online in minutes. You can find more information at: https://weave.game/",neither,0.05424416382335852,0.3425299335395282,0.6032259026371134
"I’m just happy to have this to watch while I have to work, makes the day a little faster",neither,0.05081120911566123,0.3305887410921652,0.6186000497921736
Thank you!,neither,0.07325166854587051,0.43632638485078484,0.49042194660334476
"cheer1 Amy, will you be my valentine? cheer1",neither,0.042953884734086324,0.4315635009941573,0.5254826142717564
!ido,neither,0.03945320844208391,0.33037608806864915,0.630170703489267
"We would like to remind everyone that marriage takes communication and work, and is not just about physical appearance. In order to love someone enough to marry them, knowing them in person is important. You can definitely #LessThanThree everyone here classily though, and they will #LessThanThree you back!",neither,0.08160178472055236,0.3814592929677277,0.5369389223117199
1978. Start blasting Fat Bottomed Girls then,neither,0.08168585576005423,0.3086909942609576,0.6096231499789883
!respecy,neither,0.03945320844208391,0.33037608806864915,0.630170703489267
!respect,neither,0.03945320844208391,0.33037608806864915,0.630170703489267
Indeed Rad Stef,neither,0.03945320844208391,0.33037608806864915,0.630170703489267
"If you would like to share opinions on our hosts, guests or fellow viewers, please do so in a respectful manner. Don't make them feel uncomfortable.",neither,0.04843323757214918,0.39559142321184637,0.5559753392160044
!respect,neither,0.03945320844208391,0.33037608806864915,0.630170703489267
#GetAwoken,neither,0.03945320844208391,0.33037608806864915,0.630170703489267
Where can we get Weave?,neither,0.0410003893759793,0.3041163897999647,0.6548832208240559
Cheers! <3,neither,0.03945320844208391,0.33037608806864915,0.630170703489267
Get ready for disco references!,neither,0.03365436567963957,0.31135024463517585,0.6549953896851846
!weave,neither,0.03945320844208391,0.33037608806864915,0.630170703489267
"Weave is a 21st century storytelling platform for everyone. With just two decks of cards and a handful of dice, you and your friends can create adventures in any genre, from sci-fi to high school comedy. When combined with the free companion app, Weave provides all the power you'll need to discover new worlds, imagine amazing characters, and save your stories online in minutes. You can find more information at: https://weave.game/",neither,0.05424416382335852,0.3425299335395282,0.6032259026371134
LOL Dang Typo,neither,0.020706217963973744,0.4882283491876925,0.4910654328483337
@JeffM0307 I'm here for the platform shoes,neither,0.0685564057840804,0.2645787420316555,0.6668648521842641
nothing escape's Becca's keen eye,neither,0.04448447658549143,0.3660751810435085,0.5894403423710002
Down with the Magical Orthodoxy!,neither,0.027655120971120765,0.3519271052055541,0.6204177738233251
I'm here for the giant hair,neither,0.07516296069022121,0.2544294641137916,0.6704075751959873
"@cinphoria no worries, I just wanted to download next weeks episode to ensure I'd be able to watch tomorrows episode live",neither,0.05029449188761166,0.3453557549600462,0.6043497531523421
"Oh, Shadowrun",neither,0.051363287716059566,0.22255663153133606,0.7260800807526044
Gina's shirt is awesome. Where can I buy one for myself?,neither,0.0412568435608579,0.3027841805101631,0.6559589759289791
quick and painful. it's one way to go I suppose,neither,0.042733019127293444,0.3244230372536066,0.6328439436191
shaddow run...,neither,0.03945320844208391,0.33037608806864915,0.630170703489267
Improv!,neither,0.03945320844208391,0.33037608806864915,0.630170703489267
LUL,neither,0.03945320844208391,0.33037608806864915,0.630170703489267
things kinda quiet or just me?,neither,0.03006876865225734,0.3802467604379311,0.5896844709098116
volume??,neither,0.03945320844208391,0.33037608806864915,0.630170703489267
Gina xD don't troll your friends xD,neither,0.07306893064167505,0.321031451585621,0.605899617772704
@Skarrowed Can always tweet at her and ask.,offensive_language,0.028549455275418904,0.5541751169044523,0.4172754278201288
Woot!,neither,0.03945320844208391,0.33037608806864915,0.630170703489267
"Oh, Nate!",neither,0.04535734983354261,0.27438591475104485,0.6802567354154126
"@arulian created by Nate Weisman, the son of Jordan Weisman who crated Shadow Run",neither,0.03990329999029768,0.3830425330595157,0.5770541669501867
Good meme gina,neither,0.03872947641674942,0.3306250126993298,0.6306455108839208
Weave Advanced,neither,0.03945320844208391,0.33037608806864915,0.630170703489267
Niiiiice,neither,0.03945320844208391,0.33037608806864915,0.630170703489267
jcvimLol,neither,0.03945320844208391,0.33037608806864915,0.630170703489267
"Weave advanced, people!",neither,0.06742911427003331,0.32764938643063124,0.6049214992993355
"@cinphoria So, anyway, thank you so much, I'll guess I better catch up",neither,0.04438500774153105,0.4763150452254593,0.4792999470330096
@anniedisaster09 Volume seems fine to me.,neither,0.03831144781756509,0.35847446459011295,0.6032140875923221
This is Advanced!Weave!,neither,0.046995547777347185,0.32922455677483387,0.6237798954478189
@MonocleSociety And Battletech,neither,0.03763944115734239,0.1918412352459551,0.7705193235967025
ON TWITCH,neither,0.03624652138519213,0.34583338835094446,0.6179200902638634
@MonocleSociety nice haha,neither,0.03394289335757385,0.42390051582920835,0.5421565908132179
Weave Extreme NEXT WEEK!,neither,0.03883368959403353,0.3408909397354199,0.6202753706705466
"""BEWEAVE IT OR NOT""",neither,0.03477779955137541,0.33997885693605756,0.625243343512567
well that's a thing,neither,0.03422267880570109,0.3875990792716894,0.5781782419226095
I can hardly beWEAVE it.,neither,0.0380529182821158,0.3252537723468188,0.6366933093710655
its UnbeWeavable,neither,0.02700859978372578,0.3346563596412867,0.6383350405749875
"audio needs fixing, had to turn tv up 5x of normal",neither,0.04159263516107483,0.35759887304023824,0.6008084917986869
@Danoba Yeah the volume just went zooming up,neither,0.02171256154132255,0.4595183586943058,0.5187690797643717
!respect,neither,0.03945320844208391,0.33037608806864915,0.630170703489267
"If you would like to share opinions on our hosts, guests or fellow viewers, please do so in a respectful manner. Don't make them feel uncomfortable.",neither,0.04843323757214918,0.39559142321184637,0.5559753392160044
"The puns are good, but you need to weave now.",neither,0.08907391394394966,0.3130868860891868,0.5978391999668636
LUL Be-Weave it or not,neither,0.03759317506630768,0.33795674736783665,0.6244500775658558
Take it or Weave it,neither,0.03669808989832554,0.33132369967346853,0.631978210428206
@ChiefCrippin You mean these unbelievably talented actors and RPG players.,neither,0.058240328672831305,0.384897444154934,0.5568622271722347
"@japenrose Oh okay, my headphones aren't on.",neither,0.03190086989147288,0.37075678702644504,0.5973423430820822
prepare for the dad puns,neither,0.03332719937434052,0.28982393311227367,0.6768488675133859
duuuuude,neither,0.03945320844208391,0.33037608806864915,0.630170703489267
"Volume on set has to be low today due to technical issues today, sorry about that.",neither,0.04060536327470268,0.3427642402790861,0.6166303964462112
@odiledoddz Nice!,neither,0.03945320844208391,0.33037608806864915,0.630170703489267
Weave Advanced 2nd Edition next week?,neither,0.03899214023110579,0.338201618901093,0.6228062408678013
ahhhhh GENCON!!,neither,0.03945320844208391,0.33037608806864915,0.630170703489267
,neither,0.03945320844208391,0.33037608806864915,0.630170703489267
"Can weave the puns alone, it’s distracting",neither,0.03739829133149143,0.30974092402632586,0.6528607846421827
!frontpage,neither,0.03945320844208391,0.33037608806864915,0.630170703489267
"We are on the front page, which means we have an influx of new people coming in here. Some are polite, some are not. Please let the mods handle those who are not. Sit back, enjoy the show, and DON'T FEED THE TROLLS.",neither,0.10504481977893397,0.20508308154005317,0.6898720986810128
@Danoba Yeah I can put it at my normal 70% ish,neither,0.02231441266969535,0.46324254359404854,0.5144430437362562
Whitney's Be-Weave it or not!,neither,0.03756042220897373,0.3380947213045932,0.624344856486433
Oh the wondrous,neither,0.047787162185831934,0.2047922699163975,0.7474205678977706
AUGUST,neither,0.03945320844208391,0.33037608806864915,0.630170703489267
So they're making a big universe instead of small settings?,neither,0.037916669818298686,0.3769021468580237,0.5851811833236777
"Oh, Nate Weisman is associated with Weave? I met Nate years ago, when I worked as a convention GM for FanPro/Shadowrun.",neither,0.03222911895598748,0.34582893424621997,0.6219419467977925
"@Morphineus Sorry, love it or Weave it :P",neither,0.034524226495431284,0.3431095805249751,0.6223661929795936
!weknow,neither,0.03945320844208391,0.33037608806864915,0.630170703489267
Puns,neither,0.03945320844208391,0.33037608806864915,0.630170703489267
Hmmmm..... an early play of Umbral and Weave Advanced?,neither,0.04003297759919197,0.2850230193970395,0.6749440030037686
haHAA HotPokket Clap,neither,0.03945320844208391,0.33037608806864915,0.630170703489267
the internet is totally magic,neither,0.04549044116393296,0.3144585627348336,0.6400509961012334
"The Internet is made of magic... and aliens, Becca",neither,0.044122166476797,0.2883541323110897,0.6675237012121134
Amy the internet is ABSOLUTELY made of magic,neither,0.044124807737380096,0.3177832128774945,0.6380919793851253
"Aw, Gen Con...why must you be in Indianapolis?",neither,0.04150512162683297,0.3609800279324068,0.5975148504407604
Hold up. Is the internet *not* made of magic?,neither,0.04145409962407493,0.3575663208707351,0.60097957950519
"Morphineus come on man, weave them alone and let them have their fun",neither,0.04032410951799689,0.3835547466702093,0.5761211438117938
"In that universe, the internet is probably magic.",neither,0.04064822027866795,0.36003932936709443,0.5993124503542377
CRYSTALS,neither,0.03945320844208391,0.33037608806864915,0.630170703489267
Want the inside scoop? Join the cast of Critical Role and discuss this episode right here on Talks Machina. Tuesdays 7pm Pacific at twitch.tv/geekandsundry and projectalpha.com,neither,0.04630302093207864,0.22484473131932575,0.7288522477485957
Magitek reminds me of Final Fantasy VI,neither,0.034579240961137264,0.3561942794239254,0.6092264796149375
Who will I see at GenCon?,neither,0.04137103161597351,0.42239277348682885,0.5362361948971976
MORE INFO ABOUT WEAVE ADVANCED AND UMBRAL: https://monoclesociety.com/blogs/news/a-very-special-birthday,neither,0.05454987616552422,0.30920802078983256,0.6362421030446432
Internet was the Magic tome,neither,0.03845468207687333,0.3162592759745141,0.6452860419486125
Flavor crystals,neither,0.03945320844208391,0.33037608806864915,0.630170703489267
Machina you mean?,neither,0.08074110716318905,0.43704206053036015,0.4822168323064508
LUL,neither,0.03945320844208391,0.33037608806864915,0.630170703489267
"""we are playing DND"" = "" HotPokket Clap """,neither,0.05842369066548284,0.2976134941807703,0.6439628151537469
"It's made of TUBES, ok? TUBES.",neither,0.03862202398280488,0.33113717216194066,0.6302408038552545
Magi-Tech. Obviously they'll be playing in FFVI,neither,0.03979466029466043,0.3332353619217154,0.6269699777836243
!notdnd,neither,0.03945320844208391,0.33037608806864915,0.630170703489267
"Twitch doesn't have a generic RPG tag, so all RPGs get identified as D&D. It is a limitation of the platform.",neither,0.04106306835436559,0.395849038728528,0.5630878929171065
@MonocleSociety If you let them have an early version and deliver it in person you can probably play with Oshi beccaOshibaby,neither,0.03370823544881002,0.41938787609680556,0.5469038884543845
"I will, Paladin356 ;) I'll bewave now Kappa",neither,0.04078488540115263,0.3077740546733306,0.6514410599255167
Dark Crystal Magic huhuh,neither,0.03945320844208391,0.33037608806864915,0.630170703489267
I totally met the internet at a con a few years back. he was totally cool.,neither,0.041063886147795776,0.3339410667918494,0.6249950470603548
@cinphoria Beat me to it,neither,0.03528468243923446,0.383420382677509,0.5812949348832565
,neither,0.03945320844208391,0.33037608806864915,0.630170703489267
... ok that's legit,neither,0.03532235025382896,0.3756833814633175,0.5889942682828535
Crystals are for quantum computing.,neither,0.08951834997933025,0.17935950797454261,0.7311221420461271
what the fuck ins gencon,offensive_language,0.1905037906478854,0.808307339042281,0.0011888703098335692
"Man, if that's how it works, I need to upgrade my refraction tools. Where do I go for good Crystal deals? :D",neither,0.025590339991219596,0.4117366877194646,0.5626729722893158
Morphineus are you a beweaver now?!,neither,0.18705409234074624,0.315952755242158,0.49699315241709574
vr is overrated,neither,0.05044627423290362,0.3265950686495308,0.6229586571175656
@harberst OMG! That is my favorite FF game!!!!,neither,0.032576474787447705,0.3911329365686537,0.5762905886438985
ShandraVdeG i'll be there,neither,0.03997413476452681,0.270540446422994,0.6894854188124793
gender con? is that a joke?,neither,0.042352438747848616,0.3599389059497174,0.597708655302434
Dammit now I gotta go to Disney,neither,0.04415894417479363,0.3531091214544437,0.6027319343707627
ITS A SERIES OF TUBES,neither,0.034244785249367804,0.33216750364000797,0.6335877111106243
@SG_West it's a very large game/comic convention.,neither,0.0375037673291406,0.29191567101438337,0.670580561656476
@SG_West The largest gaming convention in the country.,neither,0.04225233012572128,0.3062104826736911,0.6515371872005875
"Hey @nightbot, there happens to be a Roll20 tag but its hardly ever used.",neither,0.05015071545911172,0.307069061022038,0.6427802235188502
@SG_West you should google it,neither,0.07931680945705191,0.4451890354224836,0.47549415512046445
I really want to try it out. I need an excuse to head south to Disneyland.,neither,0.04762663207214635,0.3443246033777714,0.6080487645500823
"I beweaved before, so I guess I'll continue to beweave now, Paladin356",neither,0.04107263749139841,0.4197988882526712,0.5391284742559304
Darth Vader TriHard,neither,0.03945320844208391,0.33037608806864915,0.630170703489267
all fear the bandwitch! NotLikeThis,neither,0.04041807779725145,0.40323698592745977,0.5563449362752888
THAT'S COOL,neither,0.0331105145141573,0.4000689531361105,0.5668205323497322
!roll,neither,0.03945320844208391,0.33037608806864915,0.630170703489267
1,neither,0.03945320844208391,0.33037608806864915,0.630170703489267
"Wait, what's new at Disney?",neither,0.04721552535611858,0.2676681996920224,0.6851162749518591
OUCH,neither,0.03945320844208391,0.33037608806864915,0.630170703489267
@SG_West gencon.com,neither,0.03945320844208391,0.33037608806864915,0.630170703489267
no one ever needs an excuse to go to Disneyland,neither,0.05063190054440543,0.3592293750556527,0.5901387243999419
i just rolled a natural 1,neither,0.03508760549257672,0.3509448699399154,0.6139675245675078
@Paladin356 My word.,neither,0.022779120254522084,0.46871883316986057,0.5085020465756174
Void?,neither,0.03945320844208391,0.33037608806864915,0.630170703489267
!roll,neither,0.03945320844208391,0.33037608806864915,0.630170703489267
"they can store data into a special crystal now, no joke",neither,0.07763560073584916,0.3176123397087718,0.6047520595553789
@Paladin356 that's tough luck,neither,0.03552718286626901,0.37308727945534054,0.5913855376783905
Quantum mechanics is like a kind of magic -- From a certain point of view.,neither,0.05259163455558888,0.32689053022748604,0.6205178352169252
that's also a thing,neither,0.034591690820472976,0.38348051027525426,0.5819277989042727
Free kisses at the end. I don't believe it.,neither,0.03712648531297942,0.3363327502879673,0.6265407643990533
"So the theme song should actually be ""Do you be-weave in magic""",neither,0.05888267548701931,0.4120010834850678,0.5291162410279129
That was just a lady that liked Whitney,neither,0.0310763385417404,0.4050660259656951,0.5638576354925646
does this mean i get a time out now?,neither,0.022919400413410174,0.4810993669511701,0.4959812326354197
"Now, I wanna go! :D",neither,0.04122427224909253,0.33652938253377623,0.6222463452171313
"@harberst ooooooh, nice.",neither,0.03945320844208391,0.33037608806864915,0.630170703489267
"@shidareAKI Well, when it's a 2 hour drive, an excuse doesn't hurt. LOL",neither,0.025065760486541307,0.4602914990825368,0.5146427404309217
@Paladin356 Don't juggle knives tonight k?,neither,0.0368342513624541,0.3084452786629214,0.6547204699746245
"@shidareAKI At the new increased prices, eh.....",neither,0.04081739427779191,0.2729796415579323,0.6862029641642757
PogChamp,neither,0.03945320844208391,0.33037608806864915,0.630170703489267
WEAVE DERAILED,neither,0.03945320844208391,0.33037608806864915,0.630170703489267
LUL puns for dayz,neither,0.03296554473014691,0.29799019813725613,0.669044257132597
"More Information about WEAVE Advanced and Umbral is coming soon, but if you want to read about what other major news we have: https://monoclesociety.com/blogs/news/a-very-special-birthday",neither,0.052638040770255516,0.3609007106585197,0.5864612485712247
"Thanks @Danoba, I may do that",neither,0.0360399941181001,0.32929995906033344,0.6346600468215665
I dig the vocabulary,neither,0.03864290436906888,0.3155896562252275,0.6457674394057037
lol JOKES,neither,0.02937024888902499,0.4057099051483486,0.5649198459626265
Becca bringing her pun A-game.,neither,0.03128934698157218,0.4671166117868532,0.5015940412315745
Weave! PogChamp,neither,0.03945320844208391,0.33037608806864915,0.630170703489267
@japenrose I think it's waaay cheaper in Japan,neither,0.03883028923914841,0.3245519303706729,0.6366177803901786
I want to go to GenCon this year with my fiance/wife...but I need to know when CR is doing autographs to make sure I know how much time to take off.,neither,0.03562463786236074,0.458062522533875,0.5063128396037643
"@Paladin356 in Star Trek adventures terms, that's a critical success",neither,0.03715837016747575,0.3551498863038743,0.60769174352865
okay time to play!,neither,0.04602030146902634,0.3484298863816919,0.6055498121492817
NOTE: We definitely have an advanced look at Umbral coming... shhhhh don't tell the girls.,neither,0.03135368604958345,0.3819138505497508,0.5867324634006656
this is awesome,neither,0.050512911114032236,0.32860941969445295,0.6208776691915148
so damn punny,offensive_language,0.04446588166726322,0.8308424014461385,0.12469171688659829
Gloom is BAE?,neither,0.04774802271121307,0.40523027171091003,0.5470217055778768
hopefully no one dies,neither,0.03793314245359251,0.37124383750680606,0.5908230200396014
You weave what you sow,offensive_language,0.11064309037626283,0.45883946254357083,0.4305174470801663
Do we get free kisses at the end of this episode? Kappa,neither,0.03883374718901074,0.3419106353683018,0.6192556174426874
10 points for each of those puns,neither,0.05298871171181173,0.24796955594070147,0.6990417323474869
JAZZ HANDS,neither,0.03945320844208391,0.33037608806864915,0.630170703489267
!uptime,neither,0.03945320844208391,0.33037608806864915,0.630170703489267
"Gloom Bay, Oregon",neither,0.03945320844208391,0.33037608806864915,0.630170703489267
@shidareAKI Probably. Anaheim has a crowd issue so they keep increasing the price in order to decrease crowds,neither,0.04195687968052912,0.3498526415150904,0.6081904788043806
silence jazz hands phwoooo,neither,0.03945320844208391,0.33037608806864915,0.630170703489267
"are RPGs ever on rails? Do the rails even exist? If they do, who uses them? Are they loved?",neither,0.05849759071321854,0.34505018513411073,0.5964522241526709
"idk why, but for some reason i just noticed that Whitney has some very defined cheekbones",neither,0.019744310467698447,0.3704552807301481,0.6098004088021534
!clock,neither,0.03945320844208391,0.33037608806864915,0.630170703489267
It is currently Wednesday 9:42 PM at the Geek & Sundry studio in California.,neither,0.05099674081407455,0.32965433924134396,0.6193489199445814
@Salty_Communist we've been live for about 10 minutes,neither,0.02069298938343112,0.3215101135837537,0.6577968970328152
jazz hands,neither,0.03945320844208391,0.33037608806864915,0.630170703489267
Rakshasas in the house?,neither,0.03803978903713722,0.3041033750396491,0.6578568359232138
!schedule,neither,0.03945320844208391,0.33037608806864915,0.630170703489267
Current Schedule ( as of February 2018 ): http://bit.ly/GnSQ12018 - more info about shows at: https://geekandsundry.com/twitch/,neither,0.03693542474345946,0.31252428244666686,0.6505402928098738
The most awesome chixorz of G&S playing Weave! danYay,neither,0.03871931891828269,0.3170118365034797,0.6442688445782377
Jazz hands are the universal sign of quiet,neither,0.05350121789651671,0.292978745655269,0.6535200364482143
It's like Pitch perfect. We just add the word Weave in front of everything!,neither,0.04089181437645706,0.3431069662978036,0.6160012193257394
@Morphineus Gloom is for sure Bae,neither,0.032399804810882026,0.473219449439392,0.49438074574972596
the rails are ill maintained,neither,0.08159098266536792,0.23951312792287738,0.6788958894117547
Not so Secret Vampires,neither,0.038216605809232536,0.3758588319299265,0.585924562260841
INTRODUCTIONS,neither,0.03945320844208391,0.33037608806864915,0.630170703489267
y'all look up Eisenhower's speech about that Military Industrial Complex,neither,0.036266775731597416,0.4583908547022676,0.505342369566135
!respect,neither,0.03945320844208391,0.33037608806864915,0.630170703489267
"If you would like to share opinions on our hosts, guests or fellow viewers, please do so in a respectful manner. Don't make them feel uncomfortable.",neither,0.04843323757214918,0.39559142321184637,0.5559753392160044
OVER 5000,neither,0.036112134425266444,0.3324170436434458,0.6314708219312877
The more people know about computers the less they tend to like them :j,neither,0.09459184283991813,0.31462795086177026,0.5907802062983116
sally 5000 PogChamp,neither,0.03945320844208391,0.33037608806864915,0.630170703489267
@shidareAKI i think i am on the rails for about 3.475 seconds and then I get the books open,neither,0.03198465332740969,0.2960348418393332,0.6719805048332571
"Woo, just enough sidetrack time for me to get home apparently.",neither,0.030935570360943618,0.36513109995176524,0.6039333296872911
Lol Whitney,neither,0.03086375243375458,0.3933351323513132,0.5758011152149323
I'd love to have a gaming group as awesome as this!,neither,0.03863850692344762,0.3852615772936654,0.5760999157828869
"""i didnt"" lmao",neither,0.038096485491722315,0.3534032173010364,0.6085002972072414
I -just- thought of something .. @GeekandSundry might in fact be Taliesin sometimes? :O,neither,0.038687339480179675,0.2714083726460547,0.6899042878737656
also that was a completely random number!,neither,0.03643565339867391,0.36362701583776685,0.5999373307635593
this is some kind of weird inside joke right?,neither,0.03415877132122387,0.20851567024447548,0.7573255584343006
I mean a robot would make a good vampire hunter,neither,0.03865211156655864,0.32715419238940346,0.6341936960440379
So... you're a cereal... and a killer?,neither,0.07206998976915871,0.3443993759618958,0.5835306342689456
cereal is so good though,neither,0.04619314378454228,0.36904587166086783,0.5847609845545898
Sally 5000 is wearing real Sally's skin. :(,neither,0.03956394507121838,0.4251253127343224,0.5353107421944593
@shidareaki I like to imagine you see the train on the rails going by at a distance but don’t do much besides use it as a point of reference,neither,0.029120163824116738,0.453816572175859,0.5170632640000243
!whodat,neither,0.03945320844208391,0.33037608806864915,0.630170703489267
"Amy Dallen ( twitter.com/enthusiamy ), Gina DeVivo ( twitter.com/pocketgina ), Becca Scott ( twitter.com/thebeccascott ), Stef Woodburn ( twitter.com/StefWoodburn ), Whitney Moore ( twitter.com/TweetneyMoore ) with Oshi ( instagram.com/oshipup/ ).",neither,0.036025592057072696,0.46286352840207934,0.501110879540848
@Chovexani if I could be Taliesin all the time I would be.,neither,0.02333013160086752,0.450920166064076,0.5257497023350564
Rakshasas! danRE,neither,0.03945320844208391,0.33037608806864915,0.630170703489267
HA,neither,0.03945320844208391,0.33037608806864915,0.630170703489267
