text,top_class,hate_speech,offensive_language,neither
HYPE!,neither,0.03945320844208391,0.33037608806864915,0.630170703489267
here we go,neither,0.13156755280784707,0.2765461283225309,0.5918863188696221
Bidet from California!,neither,0.06971251856910227,0.2972619859879888,0.633025495442909
how do you subsribe with amazon prime?,neither,0.0433803292806524,0.42047294450626704,0.5361467262130806
Bidet from the yukon,neither,0.039779025773403386,0.2539611253407979,0.7062598488857987
gandsCrit,neither,0.03945320844208391,0.33037608806864915,0.630170703489267
I haz atream!,neither,0.03945320844208391,0.33037608806864915,0.630170703489267
here we go,neither,0.13156755280784707,0.2765461283225309,0.5918863188696221
PogChamp !,neither,0.03945320844208391,0.33037608806864915,0.630170703489267
gandsSubHype gandsSubHype gandsSubHype gandsSubHype gandsSubHype gandsSubHype gandsSubHype,neither,0.03945320844208391,0.33037608806864915,0.630170703489267
yay art!,neither,0.03945320844208391,0.33037608806864915,0.630170703489267
gandsNatTwenty gandsNatTwenty gandsNatTwenty gandsNatTwenty gandsNatTwenty gandsNatTwenty gandsNatTwenty gandsNatTwenty gandsNatTwenty gandsNatTwenty,neither,0.03945320844208391,0.33037608806864915,0.630170703489267
????????,neither,0.03945320844208391,0.33037608806864915,0.630170703489267
Woo! Here we go!,neither,0.08788874066493838,0.298919475072031,0.6131917842630307
And so it begins!!!,neither,0.03702075117330028,0.3334064572415291,0.6295727915851705
Random ad?,neither,0.03945320844208391,0.33037608806864915,0.630170703489267
lets go!!!,neither,0.039984317429425154,0.35542799280679366,0.6045876897637812
IS IT 7PM YET,neither,0.04570248480986253,0.3282266753614369,0.6260708398287006
Bidet from Maryland,neither,0.04066490145509902,0.30981049537100724,0.6495246031738937
PogChamp,neither,0.03945320844208391,0.33037608806864915,0.630170703489267
OH YEAH,neither,0.022533380315967178,0.4254575626619046,0.5520090570221282
Bidet from Phoenix!!!!,neither,0.04066490145509902,0.30981049537100724,0.6495246031738937
it starts in about nein minutes,neither,0.03664461043015664,0.35639760366390677,0.6069577859059367
YAS,neither,0.03945320844208391,0.33037608806864915,0.630170703489267
noice,neither,0.03945320844208391,0.33037608806864915,0.630170703489267
bidet from madison wisconsin!,neither,0.040394171658393964,0.31440548656955947,0.6452003417720467
It's time!,neither,0.034389982057555904,0.3710596410554468,0.5945503768869974
burkeHype burkeHype,neither,0.03945320844208391,0.33037608806864915,0.630170703489267
"don't forget to check out ""There will be Brawl"" if you like Matt Mercer and Super Mario-Nintendo action",neither,0.042489125929898404,0.34030144982926497,0.6172094242408368
bidet from penticton bc,neither,0.041095261662497835,0.30250615950080734,0.6563985788366947
OHYUS,neither,0.03945320844208391,0.33037608806864915,0.630170703489267
woo,neither,0.03945320844208391,0.33037608806864915,0.630170703489267
Dafzes -> SOMEONE CALL ROBERT LANGDON [warning],neither,0.03945320844208391,0.33037608806864915,0.630170703489267
hype,neither,0.03945320844208391,0.33037608806864915,0.630170703489267
gandsTrinket,neither,0.03945320844208391,0.33037608806864915,0.630170703489267
"Quick question. Does anyone watch on PS4? If so, is Youtube or Twitch better?",neither,0.027783126727668975,0.44735997118323956,0.5248569020890914
PogChamp,neither,0.03945320844208391,0.33037608806864915,0.630170703489267
gandsSubHype,neither,0.03945320844208391,0.33037608806864915,0.630170703489267
Bidet from Boston!,neither,0.040769555981420263,0.3080342349327864,0.6511962090857933
bidet from japan,neither,0.04069404815304118,0.30931579984010865,0.6499901520068502
It BEGINS!!!!,neither,0.037828236809968684,0.3309349903269868,0.6312367728630445
oooo,neither,0.03945320844208391,0.33037608806864915,0.630170703489267
PowerUpL HeyGuys,neither,0.03945320844208391,0.33037608806864915,0.630170703489267
HERE WE GO!!,neither,0.13156755280784707,0.2765461283225309,0.5918863188696221
@theFayeling Whoo!,neither,0.03945320844208391,0.33037608806864915,0.630170703489267
gandsSubHype gandsSubHype gandsSubHype,neither,0.03945320844208391,0.33037608806864915,0.630170703489267
"The channel has gone live, if you cannot see fan art please refresh.",neither,0.03806528570573744,0.3693331668636201,0.5926015474306424
stream is live,neither,0.05380992942542735,0.3254381533863863,0.6207519171881862
fan art!,neither,0.03945320844208391,0.33037608806864915,0.630170703489267
@MediocrePaladin Bidet from Saint John NB,neither,0.040439121677047545,0.3136425674428074,0.6459183108801451
Bidet from Denver!,neither,0.04069404815304118,0.30931579984010865,0.6499901520068502
YEEEEET,neither,0.03945320844208391,0.33037608806864915,0.630170703489267
art is up,neither,0.045991427074099804,0.39187272382964855,0.5621358490962516
I was lied tooo,neither,0.039346000213265016,0.3321956915028875,0.6284583082838474
HYPE,neither,0.03945320844208391,0.33037608806864915,0.630170703489267
13 minutes,neither,0.03945320844208391,0.33037608806864915,0.630170703489267
gandsSubHype gandsSubHype gandsSubHype gandsSubHype,neither,0.03945320844208391,0.33037608806864915,0.630170703489267
ooo things are happening,neither,0.05927085132761168,0.29454585328138244,0.6461832953910058
I'm ready,neither,0.03945320844208391,0.33037608806864915,0.630170703489267
yessssshhhh,neither,0.03945320844208391,0.33037608806864915,0.630170703489267
"Bidet from Oswego, NY",neither,0.04084513770590474,0.30675141581570226,0.6524034464783931
woot woot,neither,0.03945320844208391,0.33037608806864915,0.630170703489267
oooh bois,neither,0.03945320844208391,0.33037608806864915,0.630170703489267
Bidet from canada! Sorry,neither,0.04053432307059031,0.312026751338548,0.6474389255908616
FANART,neither,0.03945320844208391,0.33037608806864915,0.630170703489267
*grabs unconscious guard* Pee on him!!!,neither,0.03757470094994252,0.3403770870569179,0.6220482119931395
gandsSubHype gandsSubHype gandsSubHype gandsSubHype gandsSubHype gandsSubHype gandsSubHype gandsLessthanthree gandsLessthanthree gandsLessthanthree gandsLessthanthree gandsLessthanthree gandsLessthanthree gandsLessthanthree,neither,0.03945320844208391,0.33037608806864915,0.630170703489267
Preroll is up,neither,0.053823407769846156,0.4564160934029835,0.48976049882717027
woooooo,neither,0.03945320844208391,0.33037608806864915,0.630170703489267
omggggggggg,neither,0.03945320844208391,0.33037608806864915,0.630170703489267
WOOOT WOOOT,neither,0.03945320844208391,0.33037608806864915,0.630170703489267
PS4,neither,0.03945320844208391,0.33037608806864915,0.630170703489267
"Bidet from Toronto, Canada!",neither,0.040371808140217125,0.31478505383715205,0.6448431380226308
YES,neither,0.03945320844208391,0.33037608806864915,0.630170703489267
"repeat The channel has gone live, if you cannot see fan art please refresh.",neither,0.038150731619647,0.36679518278224515,0.5950540855981077
Bidet from MISSOURI,neither,0.04071751644889743,0.3089174816120565,0.6503650019390461
BIDET FROM PHILLY,neither,0.040769555981420263,0.3080342349327864,0.6511962090857933
gandsSubHype gandsSubHype gandsSubHype gandsSubHype gandsSubHype,neither,0.03945320844208391,0.33037608806864915,0.630170703489267
It Bedts,neither,0.034373745257138544,0.33212314837979673,0.6335031063630647
@onlytwentysallowed I got what your looking for but its hard to come by,offensive_language,0.047051808888228575,0.5459737424724783,0.4069744486392931
sweet art,neither,0.03945320844208391,0.33037608806864915,0.630170703489267
Bidet from SC,neither,0.040737273169946825,0.30858215849491494,0.6506805683351382
Yay its thursday!,neither,0.03388253030379471,0.3322920997272093,0.633825369968996
ooooh like that one,offensive_language,0.05063237675071256,0.49780737609250997,0.45156024715677745
"Sweet, it's time for the Frumpkin show!",neither,0.04364591145420885,0.2321959370553692,0.7241581514904218
wahoo! music & art!,neither,0.03945320844208391,0.33037608806864915,0.630170703489267
gandsSubHype gandsSubHype,neither,0.03945320844208391,0.33037608806864915,0.630170703489267
So many bidets from Canada!,neither,0.04051623990776395,0.3574945239766058,0.6019892361156304
Bidet from Australia!,neither,0.04062582848913359,0.31047366557575606,0.6489005059351104
!tmsubmit,neither,0.03945320844208391,0.33037608806864915,0.630170703489267
Kreygasm IM READY,neither,0.03818232412599748,0.37856242343539415,0.5832552524386084
The email to submit your Fan Art and Gif of the Week submissions is ‘ submit@talksmachina.com '. Before 9 AM Pacific next Tuesday. Submit away!,neither,0.05727310753668434,0.3147331773433212,0.6279937151199946
crit ART!!! WHOOO,neither,0.03945320844208391,0.33037608806864915,0.630170703489267
Such hype!,neither,0.03975017390892685,0.325335809078214,0.6349140170128591
H Y P E,neither,0.03945320844208391,0.33037608806864915,0.630170703489267
haza,neither,0.03945320844208391,0.33037608806864915,0.630170703489267
!!!!!!,neither,0.03945320844208391,0.33037608806864915,0.630170703489267
hype,neither,0.03945320844208391,0.33037608806864915,0.630170703489267
gandsSubHype gandsCrit gandsSubHype gandsCrit gandsSubHype,neither,0.03945320844208391,0.33037608806864915,0.630170703489267
YAY ARTISTS!!!!,neither,0.03945320844208391,0.33037608806864915,0.630170703489267
fan art is amazing,neither,0.04656089059065136,0.3279314302507093,0.6255076791586394
whoot beep beep and bidet,neither,0.03763944115734239,0.1918412352459551,0.7705193235967025
fanart! :D,neither,0.03945320844208391,0.33037608806864915,0.630170703489267
Elderly drug dealers in Ank'Arelle = Old Spice ...,neither,0.03945320844208391,0.33037608806864915,0.630170703489267
!fanart,neither,0.03945320844208391,0.33037608806864915,0.630170703489267
"Like what you see, and are a member of the art community? Why not make some fan art for us? Remember to tweet it out to the cast/crew and tag it #GNSLive!",neither,0.06273130845716304,0.2943326953346935,0.6429359962081436
BIDET FROM MARYLANNDDD~,neither,0.04228451509352876,0.2823214250720796,0.6753940598343917
Bidet from NYC,neither,0.04081748366884477,0.3072207769958956,0.6519617393352596
BIDET,neither,0.03945320844208391,0.33037608806864915,0.630170703489267
I can't wait for it to start!,neither,0.03832410342935288,0.2901789383806583,0.6714969581899888
Bidet from Texas!,neither,0.040937266849991,0.30518774380265185,0.6538749893473571
It's Art time!,neither,0.03650373622891289,0.3537229319316513,0.6097733318394358
MY BODY IS READY,neither,0.03405984045513004,0.42505863100050806,0.540881528544362
We live! gandsSubHype gandsSubHype gandsSubHype gandsSubHype gandsSubHype,neither,0.04675156173251523,0.3319383047908141,0.6213101334766706
I love the art portions.,neither,0.035061522170994064,0.3268220444054327,0.6381164334235732
"Bidet from Little Rock, Arkansas",neither,0.04011630566331212,0.3191215976785594,0.6407620966581284
YEEEEEESSSS!!!!,neither,0.03945320844208391,0.33037608806864915,0.630170703489267
I like it,neither,0.06953449037813421,0.37815048807863416,0.5523150215432316
bidet,neither,0.03945320844208391,0.33037608806864915,0.630170703489267
SPIIIIIIIIIIIIIIIIICE,neither,0.03945320844208391,0.33037608806864915,0.630170703489267
"@Evictor no way, I'm from Oswego",neither,0.03994069862435095,0.32595991563133647,0.6340993857443127
"Bidet from Napa, Ca",neither,0.04039749100449293,0.314349148603457,0.6452533603920501
First time watching live!,neither,0.03513206370154816,0.3516282956383994,0.6132396406600524
I can't beleive it's thursday already,neither,0.03714449201113588,0.345019526503392,0.6178359814854721
hype!!!,neither,0.03945320844208391,0.33037608806864915,0.630170703489267
woot woot lets do this,neither,0.03973753626523468,0.33833247961904633,0.6219299841157189
ayyyyyy,neither,0.03945320844208391,0.33037608806864915,0.630170703489267
YESSsss Arrtiiissstttts <3,neither,0.03945320844208391,0.33037608806864915,0.630170703489267
"greetings fellow adventurers from Puyallup, WA",neither,0.04041510871920598,0.31405013000620496,0.645534761274589
i love this bit!,neither,0.035660585099115,0.34969471813151154,0.6146446967693735
Bidet from Estonia!,neither,0.04228451509352876,0.2823214250720796,0.6753940598343917
Bidet From Maryland!,neither,0.04066490145509902,0.30981049537100724,0.6495246031738937
Bidet from the EU. Finally get to watch one of these live.,neither,0.06297564993922547,0.385121479252207,0.5519028708085675
HYPE,neither,0.03945320844208391,0.33037608806864915,0.630170703489267
Bidet from NY,neither,0.04084513770590474,0.30675141581570226,0.6524034464783931
"@ubertrance youtube is released on monday, twitch is live tonight.",neither,0.048548087981831,0.32028786173069473,0.6311640502874744
gandsTrinket gandsTrinket gandsTrinket gandsTrinket gandsTrinket gandsGandsPoo gandsGandsPoo gandsGandsPoo gandsGandsPoo,neither,0.03945320844208391,0.33037608806864915,0.630170703489267
Bidet from Claremont CA!,neither,0.04084513770590474,0.30675141581570226,0.6524034464783931
"Bidet from La Verne, Ca",neither,0.04054123032143904,0.31190951726515675,0.6475492524134041
yaay,neither,0.03945320844208391,0.33037608806864915,0.630170703489267
bidet from Philadelphia!,neither,0.04066490145509902,0.30981049537100724,0.6495246031738937
"Wow, I might be the oldest D&D player in here.. LOL",neither,0.05817722317487708,0.4107526433755654,0.5310701334495576
NEIN its starting soon!,neither,0.03323750972854093,0.33251395188084615,0.6342485383906128
"I get so amped with this music starts. It seems counter intuitive, but it works.",neither,0.030498282255106746,0.3840285505507932,0.5854731671941
PogChamp,neither,0.03945320844208391,0.33037608806864915,0.630170703489267
Allo,neither,0.03945320844208391,0.33037608806864915,0.630170703489267
Bidet from Italy !!!!!!,neither,0.04066490145509902,0.30981049537100724,0.6495246031738937
woo! Art!,neither,0.03945320844208391,0.33037608806864915,0.630170703489267
Howdy all,offensive_language,0.046917543854519406,0.6277741405869331,0.3253083155585475
why are we Bidet from places,neither,0.04972525985104743,0.2863960727548632,0.6638786673940894
Bidet From MD,neither,0.04062582848913359,0.31047366557575606,0.6489005059351104
Yo!!!!,offensive_language,0.04010381111145228,0.5271105317972344,0.4327856570913131
It's on soon!!!!,neither,0.03359958714287079,0.3505048377423001,0.6158955751148291
"OK OK.. I GOTTA GO BACK TO WORK, But Ill be Listening.... Todays word is...",neither,0.04514474173246684,0.35216579623046795,0.6026894620370653
there was some good art this week,neither,0.03203894585661178,0.3093406672953322,0.658620386848056
First Time being live with you guys (just got caught up this week).,offensive_language,0.029858712399070852,0.5000816111144194,0.47005967648650965
gandsSubHype gandsSubHype gandsSubHype,neither,0.03945320844208391,0.33037608806864915,0.630170703489267
@natehawkes LOL,neither,0.020706217963973744,0.4882283491876925,0.4910654328483337
Bidet from Brazil Critters! :),neither,0.04079557052152802,0.30759270029461827,0.6516117291838538
Bidet from Australia,neither,0.04062582848913359,0.31047366557575606,0.6489005059351104
"Bidet and Beep Beep from Canton, Ohio.",neither,0.039681603862927066,0.26414184792613987,0.6961765482109331
bidet from texas,neither,0.040937266849991,0.30518774380265185,0.6538749893473571
HYPE!!!!,neither,0.03945320844208391,0.33037608806864915,0.630170703489267
greetings organics and/or automatons!,neither,0.03801617891393975,0.24722059694032422,0.7147632241457361
Bidet from Georgia!!!!,neither,0.04066490145509902,0.30981049537100724,0.6495246031738937
bidet from shippensburg pa!!,neither,0.04069404815304118,0.30931579984010865,0.6499901520068502
BIDET from Arkansas!,neither,0.04066490145509902,0.30981049537100724,0.6495246031738937
Bidet From Madison WI,neither,0.040402255548430084,0.3142682818583747,0.6453294625931952
"twin elms, one of my favorite songs now",neither,0.030167313968378455,0.4205198929356925,0.5493127930959291
#HYPE!,neither,0.03945320844208391,0.33037608806864915,0.630170703489267
LETS GOOOO STREAM HYPE gandsCrit gandsNatTwenty gandsCrit gandsNatTwenty,neither,0.03890830506051545,0.3396245205383716,0.621467174401113
Bidet,neither,0.03945320844208391,0.33037608806864915,0.630170703489267
"The art is so amazing, critter rock",neither,0.045196071584162105,0.35037986311038555,0.6044240653054523
gandsSubHype gandsRaid gandsSubHype gandsRaid gandsSubHype gandsRaid,neither,0.03945320844208391,0.33037608806864915,0.630170703489267
this is only for subscribers lol,neither,0.03059507843399533,0.35983337141279614,0.6095715501532085
Bidet from MN!,neither,0.040737273169946825,0.30858215849491494,0.6506805683351382
"Fjord, as Travis can RP and do a lot of things he couldn't as Grog. Also, can't wait to see more on his Patron (I have some theories)",neither,0.04922323043300827,0.3485638648956494,0.6022129046713424
FIRST LIVE STREAM,neither,0.03645072026845664,0.33140878143246383,0.6321404982990795
first live in a long time woo woo,neither,0.03705424668038208,0.3403517104325098,0.6225940428871083
I need Calebs spice,neither,0.039240398655180794,0.32859404631143735,0.6321655550333818
Same as some of the pcs here,neither,0.07385642178905327,0.3326739625947972,0.5934696156161495
Jester is me. fight me.,neither,0.03037735088740875,0.42117977350451596,0.5484428756080753
I'm hyped!,neither,0.03945320844208391,0.33037608806864915,0.630170703489267
bidet critters,neither,0.03945320844208391,0.33037608806864915,0.630170703489267
bidet from nj,neither,0.04069404815304118,0.30931579984010865,0.6499901520068502
Bidet from STL MO,neither,0.040912083971464244,0.30561516297332675,0.653472753055209
"Bidet from Missouri,USA",neither,0.040402255548430084,0.3142682818583747,0.6453294625931952
Hi,neither,0.03945320844208391,0.33037608806864915,0.630170703489267
The stream started!,neither,0.038560127099713785,0.31404145307935183,0.6473984198209344
wheee!,neither,0.03945320844208391,0.33037608806864915,0.630170703489267
Bidet from Sweden! Scandinavian hyyYYYPE,neither,0.04228451509352876,0.2823214250720796,0.6753940598343917
hi,neither,0.03945320844208391,0.33037608806864915,0.630170703489267
Bidet from Toronto!,neither,0.04066490145509902,0.30981049537100724,0.6495246031738937
Cananadians rock!,neither,0.03945320844208391,0.33037608806864915,0.630170703489267
Oh they all are great. Laura just stands out more for me.,neither,0.042406937624738704,0.3158432783960946,0.6417497839791668
Bidet form NY,neither,0.03945320844208391,0.33037608806864915,0.630170703489267
i am absolutely gonna cosplay Caleb,neither,0.038612374440838156,0.3630773419081598,0.5983102836510019
wombleEmote wombleEmote wombleEmote,neither,0.03945320844208391,0.33037608806864915,0.630170703489267
Howdy,neither,0.03945320844208391,0.33037608806864915,0.630170703489267
I hope we catch whoever's screwing with matt at the start of the show tonight that's always funny,neither,0.05050926565083118,0.29337259090309215,0.6561181434460766
Is it 4am already?,neither,0.048391931452999054,0.3548887611780437,0.5967193073689572
bidet from Orlando!!,neither,0.04062582848913359,0.31047366557575606,0.6489005059351104
Woohoo!,neither,0.03945320844208391,0.33037608806864915,0.630170703489267
bidet from hong kong!,neither,0.040334677536117594,0.315415257091876,0.6442500653720065
You guys are so not hype enough. WHO'S HYPE?,neither,0.06645431912771077,0.40628089671303197,0.5272647841592573
gandsSubHype gandsSubHype,neither,0.03945320844208391,0.33037608806864915,0.630170703489267
hypeee,neither,0.03945320844208391,0.33037608806864915,0.630170703489267
bidet everyone,offensive_language,0.02988896790634741,0.4927062106388782,0.4774048214547744
fanart is the best art,neither,0.046486236496697406,0.3028706150055626,0.6506431484977401
nice Card- Catlin Stage East,neither,0.03945320844208391,0.33037608806864915,0.630170703489267
@KuraiTenshi2012 They live stream it on YT at the same time as Twitch,neither,0.03723256177605966,0.3750540284686891,0.5877134097552513
Bidet from Alabama,neither,0.04078317879478948,0.307803020237201,0.6514138009680096
gandsSubHype gandsSubHype gandsSubHype gandsSubHype,neither,0.03945320844208391,0.33037608806864915,0.630170703489267
The art is beautiful.,neither,0.04697512263271777,0.3110014216400325,0.6420234557272497
Time to make popcorn!,neither,0.045350284348540736,0.34674932582741824,0.607900389824041
so excited!,neither,0.03940839469474773,0.3948270312238364,0.565764574081416
ji,neither,0.03945320844208391,0.33037608806864915,0.630170703489267
hi,neither,0.03945320844208391,0.33037608806864915,0.630170703489267
Bidet,neither,0.03945320844208391,0.33037608806864915,0.630170703489267
Long live the Meat Man!,neither,0.04258860808806583,0.36777355773623394,0.5896378341757004
Bidet from cincinnati OH,neither,0.050416241482135554,0.21698369937451742,0.732600059143347
gandsSubHype,neither,0.03945320844208391,0.33037608806864915,0.630170703489267
Bidet from Keene NH,neither,0.04066490145509902,0.30981049537100724,0.6495246031738937
Bidet from California,neither,0.06971251856910227,0.2972619859879888,0.633025495442909
bidet from maryland!,neither,0.04066490145509902,0.30981049537100724,0.6495246031738937
Bidet from Cali!!!!,neither,0.04079557052152802,0.30759270029461827,0.6516117291838538
Yes,neither,0.03945320844208391,0.33037608806864915,0.630170703489267
Bidet from Western Kentucky !,neither,0.040371808140217125,0.31478505383715205,0.6448431380226308
lets do this gandsSubHype,neither,0.040148419443759686,0.3496283523875733,0.610223228168667
Sup all,neither,0.042007796308410617,0.4310059871578024,0.526986216533787
So good!,neither,0.03814044697628118,0.4245687317089837,0.5372908213147352
this art is amazing,neither,0.04738217208941555,0.3291591027958621,0.6234587251147223
hahahaha,neither,0.03945320844208391,0.33037608806864915,0.630170703489267
Bidet from KCMO,neither,0.04228451509352876,0.2823214250720796,0.6753940598343917
Bidet everyone!,offensive_language,0.02988896790634741,0.4927062106388782,0.4774048214547744
Bidet bidet,neither,0.03945320844208391,0.33037608806864915,0.630170703489267
hay yall,neither,0.03785695086163016,0.3574687451092701,0.6046743040290997
Moehawa you're gonna have a blast with the live show rooHappy,neither,0.07653603113039047,0.34105536452670987,0.5824086043428996
Bidet from Findlay Ohio!,neither,0.040754399270683486,0.3082914838698526,0.650954116859464
@natehawkes There are old tales in the underground about a man.... made of MEAT apparently?,neither,0.050980077893220475,0.32031187177964143,0.628708050327138
aww yeah,neither,0.022346728609887307,0.4503409749825554,0.5273122964075573
Beep Beep from Canada ey!!,neither,0.040354386843928725,0.3150807387011266,0.6445648744549448
I'm so hyped !!!!!!!!! can't wait,neither,0.03968769963854698,0.3694117993097705,0.5909005010516825
canada represent!,neither,0.03945320844208391,0.33037608806864915,0.630170703489267
Bidet from Toronto!,neither,0.04066490145509902,0.30981049537100724,0.6495246031738937
"Aye, I finally caught the live stream!",neither,0.041992638598384015,0.3177426801800591,0.6402646812215568
gandsCrit gandsCrit gandsCrit,neither,0.03945320844208391,0.33037608806864915,0.630170703489267
bidet from Charlotte NC!,neither,0.040371808140217125,0.31478505383715205,0.6448431380226308
gandsSubHype gandsSubHype gandsSubHype gandsSubHype,neither,0.03945320844208391,0.33037608806864915,0.630170703489267
BUTT,neither,0.04895097686417551,0.40990917803974275,0.5411398450960817
sfhHI sfhHI sfhHI sfhHI sfhHI sfhHI sfhHI sfhHI sfhHI sfhHI,neither,0.03945320844208391,0.33037608806864915,0.630170703489267
Bidet from Germany!,neither,0.04069404815304118,0.30931579984010865,0.6499901520068502
Ayyyyyyyyyyyy!!!,neither,0.03945320844208391,0.33037608806864915,0.630170703489267
Is it just now starting,neither,0.04112428220228288,0.351722894063858,0.607152823733859
bidet,neither,0.03945320844208391,0.33037608806864915,0.630170703489267
gandsTrinket gandsTrinket gandsTrinket gandsTrinket gandsTrinket gandsTrinket gandsTrinket gandsTrinket gandsTrinket gandsTrinket,neither,0.03945320844208391,0.33037608806864915,0.630170703489267
dat ass tho,offensive_language,0.10549739371169327,0.8943082786123259,0.0001943276759809373
bidet from troy IL,neither,0.040334677536117594,0.315415257091876,0.6442500653720065
Caleb and Nott are the cutest family unit,neither,0.053913923818622,0.2659816432379329,0.6801044329434451
"Bidet from Oswego, NY",neither,0.04084513770590474,0.30675141581570226,0.6524034464783931
2:47 in uk,neither,0.03945320844208391,0.33037608806864915,0.630170703489267
bidet from brazil,neither,0.04079557052152802,0.30759270029461827,0.6516117291838538
Bidet from Kansas,neither,0.04071751644889743,0.3089174816120565,0.6503650019390461
NEKKED FJORD,neither,0.03945320844208391,0.33037608806864915,0.630170703489267
bidet from the uk! :D,neither,0.039613273355342184,0.2892653269430044,0.6711213997016535
Dat booty,neither,0.03243151117111792,0.4495526159265589,0.5180158729023232
Omg I actually made it today,neither,0.036748932906637714,0.3096334860061736,0.6536175810871887
hi all,neither,0.0423466876598404,0.4436528871510691,0.5140004251890904
fjord butt ;),neither,0.04895097686417551,0.40990917803974275,0.5411398450960817
bidet from ph !!,neither,0.04062582848913359,0.31047366557575606,0.6489005059351104
Bidet is an inside joke from the last campaign,neither,0.04132990407409825,0.1687480348223954,0.7899220611035064
BIDET FROM DALLAS!,neither,0.04081748366884477,0.3072207769958956,0.6519617393352596
bidet from charlotte nc!,neither,0.040371808140217125,0.31478505383715205,0.6448431380226308
art time!,neither,0.03804240160507918,0.3543211620050669,0.6076364363898539
Bidet from shady KATY TEXAS y'all,neither,0.0417907031468284,0.3727123633777925,0.5854969334753791
bidet from ca,neither,0.04084513770590474,0.30675141581570226,0.6524034464783931
wooo,neither,0.03945320844208391,0.33037608806864915,0.630170703489267
So are the giveaways subscriber only,neither,0.08519167886861605,0.29869430491815935,0.6161140162132247
First time actually online,neither,0.03197780925912926,0.3509117827632334,0.6171104079776373
dat orc butt,neither,0.046754325079472886,0.39151469880380413,0.561730976116723
Bidet from Dallas. #Texblades represent!,neither,0.040442547282471694,0.31358442597864195,0.6459730267388865
gandsSubHype,neither,0.03945320844208391,0.33037608806864915,0.630170703489267
Woohh Hype!!! gandsSubHype gandsSubHype gandsSubHype,neither,0.03945320844208391,0.33037608806864915,0.630170703489267
gandsCrit gandsCrit gandsCrit,neither,0.03945320844208391,0.33037608806864915,0.630170703489267
WOOOO,neither,0.03945320844208391,0.33037608806864915,0.630170703489267
I MADE ITY EARLY,neither,0.04156710404942876,0.29449776278408596,0.6639351331664852
good evening,neither,0.03869882722860525,0.3306355543605695,0.6306656184108252
phew,neither,0.03945320844208391,0.33037608806864915,0.630170703489267
sooo good art <3,neither,0.03882921388998822,0.33059070840876104,0.6305800777012508
did it start yet? am i late?,neither,0.038071789869255156,0.3308512212616259,0.6310769888691189
yes,neither,0.03945320844208391,0.33037608806864915,0.630170703489267
omg it is so goog!,neither,0.048797700533337166,0.39026027917763806,0.5609420202890247
BIDETASS,neither,0.03945320844208391,0.33037608806864915,0.630170703489267
Bidet from Colorado!,neither,0.04066490145509902,0.30981049537100724,0.6495246031738937
Munchkin CCG comes out next week! WOOO!!!,neither,0.03434358133063888,0.36022764056260576,0.6054287781067553
Bidet from Australia,neither,0.04062582848913359,0.31047366557575606,0.6489005059351104
"I keep saying I'm gonna make fanart, but I'm just so daunted by everyone elses talent.",offensive_language,0.027635903058092076,0.4879203367091891,0.4844437602327189
Esben! Skype!,neither,0.03945320844208391,0.33037608806864915,0.630170703489267
This is my first time watching on a TV y'all I'm EXCITED gandsSubHype gandsSubHype gandsSubHype gandsSubHype gandsSubHype gandsSubHype gandsSubHype gandsSubHype,neither,0.029607089224914115,0.47031560087817614,0.5000773098969097
bidet from Alabama!,neither,0.04078317879478948,0.307803020237201,0.6514138009680096
gandsNatTwenty gandsNatTwenty,neither,0.03945320844208391,0.33037608806864915,0.630170703489267
Bidet from Exeter!,neither,0.04228451509352876,0.2823214250720796,0.6753940598343917
vissHi vissHi vissHi,neither,0.03945320844208391,0.33037608806864915,0.630170703489267
13 minutes,neither,0.03945320844208391,0.33037608806864915,0.630170703489267
yaaay 4am!,neither,0.03945320844208391,0.33037608806864915,0.630170703489267
Hello Everyone :D,neither,0.03269494828970791,0.4450814005079928,0.5222236512022994
Bidet from NorCal!!,neither,0.04228451509352876,0.2823214250720796,0.6753940598343917
Beep beep from Denmark,neither,0.04228451509352876,0.2823214250720796,0.6753940598343917
"Just finished episode 5, now to watch 6 :)",neither,0.04561266754613314,0.3428560254188265,0.6115313070350403
heyyo,neither,0.03945320844208391,0.33037608806864915,0.630170703489267
Bidet from Texas!,neither,0.040937266849991,0.30518774380265185,0.6538749893473571
ey! cryFriend,neither,0.03945320844208391,0.33037608806864915,0.630170703489267
Bidet from WA <3,neither,0.04071751644889743,0.3089174816120565,0.6503650019390461
"bidet from Rochester, NY",neither,0.04084513770590474,0.30675141581570226,0.6524034464783931
"ITs so weird watching the fan art live!,",neither,0.0373440753902894,0.34992223976532644,0.6127336848443842
Bidet from Central Texas,neither,0.04047527847633896,0.31302889219710534,0.6464958293265558
nani,neither,0.03945320844208391,0.33037608806864915,0.630170703489267
Can’t believe I’m actually able to watch it live!!!,neither,0.05210053336823708,0.32142092857891946,0.6264785380528436
TEXBLADE IS FAKE,neither,0.054825822899762844,0.325088741036155,0.6200854360640821
SPICE,neither,0.03945320844208391,0.33037608806864915,0.630170703489267
gandsCrit gandsCrit,neither,0.03945320844208391,0.33037608806864915,0.630170703489267
gandsSubHype gandsSubHype gandsSubHype gandsSubHype gandsSubHype gandsSubHype,neither,0.03945320844208391,0.33037608806864915,0.630170703489267
hehe orc butt,neither,0.044425489353456485,0.3720133282613994,0.5835611823851442
why are people saying bidet,neither,0.07903418621511359,0.2948555693198609,0.6261102444650255
"hello, friends!",neither,0.03945320844208391,0.33037608806864915,0.630170703489267
Bidet!,neither,0.03945320844208391,0.33037608806864915,0.630170703489267
Hi Everyone,neither,0.032490659208996964,0.4485487193596734,0.5189606214313296
giveaways are for everyone,neither,0.05452322582500923,0.3726458069907343,0.5728309671842565
Bidet from the UK!,neither,0.039613273355342184,0.2892653269430044,0.6711213997016535
When does it start?,offensive_language,0.016657143906209267,0.5095962980709364,0.4737465580228543
bidet from SoCal,neither,0.04062582848913359,0.31047366557575606,0.6489005059351104
Bidet from Oregon,neither,0.04071751644889743,0.3089174816120565,0.6503650019390461
Bidet from barrie ontario,neither,0.04062582848913359,0.31047366557575606,0.6489005059351104
Bidet from North TX!,neither,0.04046855900309421,0.31314293919449654,0.6463885018024093
why the fuck was fjord naked,offensive_language,0.1258150689474005,0.873584155421976,0.0006007756306235453
when did they start streaming in YouTube?,neither,0.032165325734626035,0.36654318450568135,0.6012914897596925
Let's hope for a lot of 20s and a lot of NEINs!,neither,0.041652123347551445,0.23852500606387195,0.7198228705885766
Bidet from Boston :),neither,0.040769555981420263,0.3080342349327864,0.6511962090857933
bidet from australia,neither,0.04062582848913359,0.31047366557575606,0.6489005059351104
How long till we go live?,neither,0.04433017179537432,0.33318078517683003,0.6224890430277956
Bidet from SLC!,neither,0.04228451509352876,0.2823214250720796,0.6753940598343917
looked just in time to see half-orc booty,neither,0.035556716586980223,0.42925507956344944,0.5351882038495703
im going to give my opinion throughout the show when no one reads or cares about it!!!,neither,0.03344114348695097,0.42405337687735034,0.5425054796356987
woohoo from SLC Utah!!!,neither,0.040334677536117594,0.315415257091876,0.6442500653720065
"@Burch1864 Just started the artwork reel, maybe 2m in",neither,0.035148959627252535,0.3341440809763523,0.6307069593963951
"Bidet from Olympia, Washington!!!",neither,0.04080695066346891,0.3073995495860776,0.6517934997504536
Bidet from Calgary Canada!!,neither,0.04071751644889743,0.3089174816120565,0.6503650019390461
Bidet from NC,neither,0.04066490145509902,0.30981049537100724,0.6495246031738937
bidet from Canada,neither,0.04071751644889743,0.3089174816120565,0.6503650019390461
First time catching it live from the UK!,neither,0.03547341018273908,0.320690899540289,0.6438356902769719
Bidet from Michigan,neither,0.040769555981420263,0.3080342349327864,0.6511962090857933
My body is ready fragLove fragFire,neither,0.03405984045513004,0.42505863100050806,0.540881528544362
4 am in holland and determined to wathc,neither,0.04514358780261066,0.287514234776105,0.6673421774212842
hype!,neither,0.03945320844208391,0.33037608806864915,0.630170703489267
hahaha,neither,0.03945320844208391,0.33037608806864915,0.630170703489267
hey,neither,0.03945320844208391,0.33037608806864915,0.630170703489267
"bidet from Portland, OR!",neither,0.040570124267008914,0.3114191116016469,0.6480107641313441
Have you SEMEN today?,neither,0.05302155566618835,0.3584941283847273,0.5884843159490845
bwah,neither,0.03945320844208391,0.33037608806864915,0.630170703489267
might be finishing episode 5 as I wait,neither,0.03826342042644869,0.3589004037310681,0.6028361758424833
I can't hear you guys! Who's hype?!,neither,0.05599210729608566,0.43817693505888433,0.50583095764503
Brb refeshing,neither,0.03945320844208391,0.33037608806864915,0.630170703489267
enjoy the show everyone <3,neither,0.046639221128671166,0.3459396695621302,0.6074211093091987
HYPE!!!,neither,0.03945320844208391,0.33037608806864915,0.630170703489267
THE MUSIC AND ART THOUGH!!!!!,neither,0.03803563152428477,0.28038105460209967,0.6815833138736156
Bidet from CO,neither,0.04181741232017598,0.2902493781769742,0.6679332095028498
WOO!,neither,0.03945320844208391,0.33037608806864915,0.630170703489267
NEIN,neither,0.03945320844208391,0.33037608806864915,0.630170703489267
It's happening!,neither,0.037828236809968684,0.3309349903269868,0.6312367728630445
7 pm PST,neither,0.03945320844208391,0.33037608806864915,0.630170703489267
Bidet from Brooklyn!,neither,0.04079557052152802,0.30759270029461827,0.6516117291838538
bidet from the OK,neither,0.0395817642342062,0.28176558341017327,0.6786526523556206
Bidet!,neither,0.03945320844208391,0.33037608806864915,0.630170703489267
6:48 on the west coast!!,neither,0.036553431914030286,0.32811407438222956,0.6353324937037401
I'm ready to Role! tangPlot,neither,0.0469266015363162,0.3260241408267416,0.6270492576369422
Bidet from Colorado!,neither,0.04066490145509902,0.30981049537100724,0.6495246031738937
"I love all this fan art so much. There are some talented, TALENTED people out there.",neither,0.052511493599896576,0.3413668584234583,0.606121647976645
Bidet for Wisconsin,neither,0.03249517366167782,0.29565414420004343,0.6718506821382788
THIS IS WHY I LOVE THURSDAYS!!,neither,0.032178451829137845,0.3581177846447399,0.6097037635261223
Bidet friends!,neither,0.03945320844208391,0.33037608806864915,0.630170703489267
bidet from stg utah,neither,0.04066490145509902,0.30981049537100724,0.6495246031738937
Anyone else here a Matt Colville fan?,neither,0.07438824069436804,0.3010092723320329,0.6246024869735992
@ubertrance Ahhh then no clue.,neither,0.038744940204901,0.342397248486448,0.6188578113086511
Bidet from iowa!,neither,0.04069404815304118,0.30931579984010865,0.6499901520068502
gnoll purge!!,neither,0.03945320844208391,0.33037608806864915,0.630170703489267
hello from Oklahoma,neither,0.04042754080715299,0.31383912502858,0.6457333341642669
welcome first time viewers woot woot,neither,0.03538285928914611,0.3411458854373945,0.6234712552734595
Bidet from Harlem!,neither,0.040754399270683486,0.3082914838698526,0.650954116859464
Full screen time,neither,0.0596397514211712,0.34343921699982805,0.5969210315790007
NEIN,neither,0.03945320844208391,0.33037608806864915,0.630170703489267
Bidet from Wisconsin,neither,0.04071751644889743,0.3089174816120565,0.6503650019390461
"somebody, find Sam's wine!",neither,0.0430477209533573,0.25260104210520856,0.7043512369414342
"Best moment from the campaign so far: Fjord's Mustang, Shelby.",neither,0.038956818584322074,0.331294107959501,0.629749073456177
Bidet from Vermont,neither,0.04228451509352876,0.2823214250720796,0.6753940598343917
first time watching live! so sxcited!!!,neither,0.03525213901744195,0.3950560348216901,0.569691826160868
wwoooootttt,neither,0.03945320844208391,0.33037608806864915,0.630170703489267
yay,neither,0.03945320844208391,0.33037608806864915,0.630170703489267
Beset from Canada,neither,0.04071751644889743,0.3089174816120565,0.6503650019390461
Refreshing oh there,neither,0.04731718652628423,0.1888125876055899,0.7638702258681258
gandsFail gandsFail gandsFail gandsFail gandsFail gandsFail gandsFail gandsFail gandsFail gandsFail gandsFail gandsSubHype gandsSubHype gandsSubHype gandsSubHype gandsSubHype gandsSubHype gandsSubHype gandsSubHype gandsSubHype gandsSubHype gandsSubHype,neither,0.03945320844208391,0.33037608806864915,0.630170703489267
OMG love that frog head picture,neither,0.033357686354530215,0.3920276519971671,0.5746146616483028
Bidet from WY,neither,0.04062582848913359,0.31047366557575606,0.6489005059351104
bidet from FL!,neither,0.04066490145509902,0.30981049537100724,0.6495246031738937
Guten Morgen! *in bad Xemnian Accent*,neither,0.03568434152666507,0.33167237422452495,0.63264328424881
Bidet from Utah!,neither,0.04066490145509902,0.30981049537100724,0.6495246031738937
Bidet from Vancouver Canada,neither,0.04071751644889743,0.3089174816120565,0.6503650019390461
bidet crom Columbus Ohio!,neither,0.03945320844208391,0.33037608806864915,0.630170703489267
NIEN,neither,0.03945320844208391,0.33037608806864915,0.630170703489267
early gang,neither,0.04124693505414197,0.29993186620859696,0.6588211987372611
Bidet!!!,neither,0.03945320844208391,0.33037608806864915,0.630170703489267
east coast here,neither,0.0851692492502748,0.2935992403910196,0.6212315103587056
Colville is awesome,neither,0.051604876223397336,0.3261965722966076,0.622198551479995
bidet from Pennsylvania,neither,0.04069404815304118,0.30931579984010865,0.6499901520068502
I'm here!!!,neither,0.22097653003277068,0.2221615150675793,0.55686195489965
Here we go,neither,0.13156755280784707,0.2765461283225309,0.5918863188696221
Yes my daily SEMEN very well thank you,neither,0.040395639183566194,0.424951984188484,0.53465237662795
any new T-shirts in store yet for the season?,neither,0.05447839077369737,0.2339918036425395,0.711529805583763
bidet from Tempe AZ,neither,0.04078317879478948,0.307803020237201,0.6514138009680096
IMERSION TIME,neither,0.036668274527354654,0.377643684699956,0.5856880407726893
badass beau,neither,0.03945320844208391,0.33037608806864915,0.630170703489267
NEIN,neither,0.03945320844208391,0.33037608806864915,0.630170703489267
how I win the things?,neither,0.03845091841364924,0.3119861891792347,0.6495628924071161
Bidet from MA,neither,0.031816597323666866,0.4599893087150652,0.5081940939612679
Bidet from Kansas City!,neither,0.04050054910234117,0.3125999837227694,0.6468994671748894
