text,top_class,hate_speech,offensive_language,neither
Enthusiarmy raid!,neither,0.03945320844208391,0.33037608806864915,0.630170703489267
#EnthusiArmyRaid,neither,0.03945320844208391,0.33037608806864915,0.630170703489267
#EnthusiArmy RAID!,neither,0.03945320844208391,0.33037608806864915,0.630170703489267
"Hello, Amy and the EnthusiArmy",neither,0.03802815756195444,0.2800776908400642,0.6818941515979814
jcvimHi Enthusiarmy,neither,0.03945320844208391,0.33037608806864915,0.630170703489267
Hello Amy and raiders.,neither,0.03883006292789516,0.2995381576772401,0.6616317793948648
oh lawd!,neither,0.045695983327835026,0.2713197213800484,0.6829842952921167
Just reaf Ryan's tweet. Twist my arm. :D,neither,0.028551501624071073,0.4066730735363784,0.5647754248395506
Enthusiarmy Raid!!,neither,0.03945320844208391,0.33037608806864915,0.630170703489267
The EnthusiArmy has always been at war with East Apathy!,neither,0.028846968739287486,0.4042861001912512,0.5668669310694612
gandsSubHype gandsSubHype gandsSubHype gandsRage gandsRage gandsRage,neither,0.03945320844208391,0.33037608806864915,0.630170703489267
*read FailFish,neither,0.03945320844208391,0.33037608806864915,0.630170703489267
Enthusiarmy Raid!!,neither,0.03945320844208391,0.33037608806864915,0.630170703489267
Lore Me Sempai!,neither,0.018491955366437673,0.460246435692358,0.5212616089412043
gandsSubHype gandsSubHype gandsSubHype gandsSubHype gandsSubHype gandsSubHype gandsSubHype gandsSubHype gandsSubHype gandsSubHype gandsSubHype gandsSubHype gandsSubHype gandsSubHype gandsSubHype gandsSubHype gandsSubHype,neither,0.03945320844208391,0.33037608806864915,0.630170703489267
Hello Ryan! You're looking dashing today.,neither,0.06924219500975566,0.3209653415539966,0.6097924634362477
@Triamas Whoa! Way to go!,neither,0.048311651426262966,0.3313279015420642,0.6203604470316729
Enthusiarmy Raid!,neither,0.03945320844208391,0.33037608806864915,0.630170703489267
!wtfisthis,neither,0.03945320844208391,0.33037608806864915,0.630170703489267
Ryan Green and a guest spend 90 minutes going deeper into a fandom then you may have thought possible. From Magic: The Gathering to Street Fighter we’re examining the stories and worldbuilding that makes these properties so enchanting. The guests and subjects are as varied as can be but the one thing that brings them together is passion.,neither,0.06281962001923072,0.30912234923769066,0.6280580307430785
Greeting Amy and Raiders,neither,0.03874561192742724,0.2949784511471569,0.666275936925416
We have a subscriber-only Discord server! Join here: https://discord.gg/geekandsundry (you'll need to sub and link it to your Twitch) and be a part of the fun!...Warning: It can take up to an hour for the server to update and give you access to the channels,neither,0.08464076273808444,0.286394834032893,0.6289644032290227
started? with spongebob?,neither,0.028734474739136942,0.36775135682646654,0.6035141684343965
GivePLZ V TakeNRG,neither,0.03945320844208391,0.33037608806864915,0.630170703489267
"our dapperlord looks fantastic, as usual",neither,0.038004116541581645,0.35497095944867385,0.6070249240097445
Go Team Venture!,neither,0.04131192095826213,0.336834971603905,0.621853107437833
Venture Brothers!,neither,0.03945320844208391,0.33037608806864915,0.630170703489267
I've never heard of this show at all. Venture bros?,neither,0.027003771211285037,0.35801336565419256,0.6149828631345223
It's on my bucket list as well.,neither,0.026472441199554636,0.43485558615091574,0.5386719726495297
Is it still on USA Netflix?,neither,0.04147911353322103,0.352266809380314,0.606254077086465
adult johnny quest,neither,0.03945320844208391,0.33037608806864915,0.630170703489267
"Download the new Critical Role theme song for Campaign Two! http://itunes.apple.com/album/id1331550250?ls=1&app=itunes Sales of the song support the musician, Jason Charles Miller.",neither,0.04445767596344001,0.2510827790306858,0.7044595450058742
"Ha, that's funny, I actually use the full word ""Venture Brothers"". @GeekandSundry First time I've heard just ""bros"".",neither,0.01483458573483618,0.4053007149494709,0.5798646993156928
"I have a watch list like that too, its LONG af!",neither,0.042252500747615204,0.38145368094479154,0.5762938183075932
!whodat,neither,0.03945320844208391,0.33037608806864915,0.630170703489267
"Ryan Green ( twitter.com/HydroSnail ), with guest Matt Key ( twitter.com/themattkey ).",neither,0.034297476744365216,0.43732897438583423,0.5283735488698006
Hi Key!,neither,0.03945320844208391,0.33037608806864915,0.630170703489267
👌,neither,0.03945320844208391,0.33037608806864915,0.630170703489267
It is a massive parody of Johny Quest,neither,0.04493521897716754,0.32849057326473774,0.6265742077580947
@imsylien are yoi familiar with Johnny Quest?,neither,0.04543891459659783,0.32581327226147233,0.6287478131419298
Never watched. Meant to. Really.,neither,0.04151077649726477,0.3633226567924327,0.5951665667103025
"liquid television kicked of beavis and butthead, aeon flux and i believe featured bill plimpton",neither,0.03867919217595014,0.2913038522391469,0.670016955584903
Oh snap it's Matt,neither,0.042758316725675614,0.28569164676442155,0.6715500365099027
"I've watched a handful of Venture Brothers, it's pretty funny.",neither,0.023181259704578124,0.32887598370514015,0.6479427565902817
I have watched 4 or 5 episodes when I have been at my best friends around the time new episodes are out but I've never got around to watching the whole thing. I really should do,neither,0.03043461814626366,0.3806208310709985,0.5889445507827378
@KBTibbs Not at all ?,offensive_language,0.0389307286712872,0.527284364978658,0.43378490635005473
beavis and butthead was my gateway drug,neither,0.03188202271877323,0.358201094316134,0.6099168829650927
I didn't know Doctor Strange was in Venture Bros,neither,0.029130519345217723,0.36232222688408605,0.6085472537706962
When I was a kid I loved He-Man and She-Ra. I tried to watch them a year ago with my kids. It - hasn't aged well.,neither,0.0362771939244802,0.44368196654896386,0.5200408395265559
@imsylien Then there is little common touchstone. Sorry,neither,0.04629933612692219,0.29529435971916906,0.6584063041539088
"I have seen it, but don't like any of the characters. ATHF is more likeable to me!",neither,0.04838043206001218,0.35863992442060144,0.5929796435193865
"Help G&S make great content! $4.99/month gets you emotes, Minecraft server access, sub-only VODs, and more! Every sub keeps the channel alive! twitch.tv/geekandsundry/subscribe",neither,0.043907990691603095,0.31135964332838284,0.644732365980014
@johnhummel not much has honestly,neither,0.034442337960658057,0.32972961409974844,0.6358280479395936
@Triamas I mean...he kinda is. Doctor Orpheus is a really blatant parody version of Strange.,neither,0.0536296845572492,0.3255001478617898,0.6208701675809609
can't wait for critical role,neither,0.03478418542561188,0.30235785548166094,0.6628579590927273
"Some Saturday morning cartoons aged better than others, of course Looney Tunes is timeless. But even stuff like Beatlejuice has aged surprisingly well.",neither,0.04404593338901971,0.29998688272206725,0.6559671838889132
@johnhummel No they haven't but at least they taught morals.,neither,0.036285396708768375,0.3613769561766778,0.6023376471145537
!scedule,neither,0.03945320844208391,0.33037608806864915,0.630170703489267
!scluedueel,neither,0.03945320844208391,0.33037608806864915,0.630170703489267
beetlejuice is nightmare fuel,neither,0.0495192247997867,0.32691392345999004,0.6235668517402233
"@KBTibbs fair enough xD I'm very danish in some things, especially in context of my knowledge of adult humor cartoons, since those aren't really known here.",neither,0.05391073124465715,0.3275462466529773,0.6185430221023657
!thursday,neither,0.03945320844208391,0.33037608806864915,0.630170703489267
"THURSDAY (All Times Pacific) - LOREMASTERS: 4-5:30pm, Ryan Green and a guest go deeper into a fandom than you may have ever thought possible! | MOTHERSHIP: 5:30-6:30pm, This variety show unites the personalities, topics, and interests of both Nerdist and Geek & Sundry | CRITICAL ROLE: 7pm-? Pacific | Voice Actors play Dungeons and Dragons 5e!",neither,0.04765500963294138,0.260966978800082,0.6913780115669766
!cr,neither,0.03945320844208391,0.33037608806864915,0.630170703489267
Hi everyone!,neither,0.032490659208996964,0.4485487193596734,0.5189606214313296
http://www.wheniscriticalrole.com/ <<< A useful website to bookmark so you never miss an episode of Critical Role,neither,0.04186757037696769,0.3284563471785151,0.6296760824445172
Matt was a great pick for this episode considering he does resemble Dr Orpheus to a degree.,neither,0.035352261916340014,0.3346131581726695,0.6300345799109905
Hi @misssunflower94,neither,0.03945320844208391,0.33037608806864915,0.630170703489267
!schedule,neither,0.03945320844208391,0.33037608806864915,0.630170703489267
I love Venture Bros!!!!!!!,neither,0.03561763946537224,0.3483993359624259,0.6159830245722019
Venture Bros. rewards attention,neither,0.03945320844208391,0.33037608806864915,0.630170703489267
!time,neither,0.036668274527354654,0.377643684699956,0.5856880407726893
jcvimHi @Chix_with_Joystix,neither,0.03945320844208391,0.33037608806864915,0.630170703489267
Critical role?,neither,0.03945320844208391,0.33037608806864915,0.630170703489267
So I s,offensive_language,0.039501631330860744,0.48329170807269783,0.4772066605964413
so clever and sarcastic,neither,0.03861355294734637,0.33252105508770163,0.6288653919649521
HI @misssunflower94,neither,0.03945320844208391,0.33037608806864915,0.630170703489267
Venture Bros is amazing,neither,0.04829518866520598,0.3273349256155868,0.6243698857192072
!wheniscr,neither,0.03945320844208391,0.33037608806864915,0.630170703489267
"Real talk, The Venture Bros is one of the best shows EVER made. Like...Top 10 of all time, no contest.",neither,0.03262131909547884,0.4441067072489818,0.5232719736555393
"Critical Role is on at 7 PM PST on Thursdays, it is currently 4:07 PM PST on Thursday. There is 2 Hours, 52 Minutes, 33 Seconds until the next episode of Critical Role. This command has been run 788 times but has probably been asked about way more.",neither,0.040920106729605284,0.3439261240176702,0.6151537692527246
Opps!,neither,0.03945320844208391,0.33037608806864915,0.630170703489267
@robogames497 In about 3 hours,neither,0.03739236851081592,0.3653539200659071,0.5972537114232771
hey @Andyinsomnia,neither,0.03945320844208391,0.33037608806864915,0.630170703489267
@robogames497 in 3 hours,neither,0.03945320844208391,0.33037608806864915,0.630170703489267
@chaoticloony What's the time command >.<,neither,0.0456576098994581,0.32974939770546496,0.624592992395077
like... it',neither,0.06953449037813421,0.37815048807863416,0.5523150215432316
@Chix_with_Joystix I think it's genius,neither,0.038416168409722104,0.3206145537345622,0.6409692778557158
its alright,neither,0.0318254011087983,0.33299964078826727,0.6351749581029343
Definitely! Venture Bros is one of those shows that will reeal something early and have a payoff for it a few seasons down the line.,neither,0.04816599633008219,0.2710117095753341,0.6808222940945836
it's so clever,neither,0.03776551217594867,0.3841761527365577,0.5780583350874936
i watched it. its not for me,neither,0.02130900330479,0.345606878816587,0.633084117878623
I'm totally keyboard failing today.,neither,0.0384123288270262,0.3145132199584699,0.6470744512145039
"I'm not a fan of Venture Brothers, the characters are all unlikable to me!",neither,0.05555986796999466,0.36359316336260705,0.5808469686673983
WHICH EPISODE??,neither,0.03945320844208391,0.33037608806864915,0.630170703489267
Doctor Girlfriend is a truly great character.,neither,0.04047859335649745,0.3590601420908022,0.6004612645527004
remember to wash your walking eye,neither,0.0834751552952953,0.3155536495024754,0.6009711952022294
ooooooh damn good outfit on Jyan,offensive_language,0.04096918580029943,0.8220034768644809,0.13702733733521952
Ryan sdfasdfkjh,neither,0.03945320844208391,0.33037608806864915,0.630170703489267
Why is cr so early,neither,0.036491393723696836,0.3601263540514166,0.6033822522248866
@chaoticloony they are unlikableness incarnate,neither,0.11748381152333764,0.22608295668333075,0.6564332317933317
Thank you guys I live on the east coast,neither,0.05114332857226235,0.3654280421514111,0.5834286292763265
Ryan should do Archer lore.,neither,0.056519440971084176,0.3730305524457967,0.5704500065831192
Where can you watch Venture bros legally?,neither,0.06061252540376763,0.3353034724905449,0.6040840021056875
Ryan's tie knots are getting even more fab,neither,0.052878084448537616,0.3509628388836388,0.5961590766678236
@stargazer1977 you mean Dr. Mrs. The Monarch?,neither,0.053188345712258445,0.35497321602646775,0.5918384382612737
I've never noticed how many rings Ryan wears (or how many he's wearing today) - he looks fabulous,neither,0.030543327287717158,0.32883725832891236,0.6406194143833704
@Curry2386 adult swim OL,neither,0.03945320844208391,0.33037608806864915,0.630170703489267
!helpo,neither,0.03945320844208391,0.33037608806864915,0.630170703489267
drink,neither,0.03945320844208391,0.33037608806864915,0.630170703489267
"But, yeah, that is my largest complaint about the show. I'm with @chaoticloony that there are too many assholes in the show. I would like it a lot more if there was someone I could identify with.",neither,0.030536652243736126,0.38176744815710567,0.5876958995991581
#LovelyWifeBrittany,neither,0.03945320844208391,0.33037608806864915,0.630170703489267
"Venture Bros gets better and better the longer it goes, and the whole series gets better and better with every new episode. New episodes make old episodes better. The depth and complexity of the series is BONKERS",neither,0.03820920242596867,0.24253335204827842,0.7192574455257529
"@FuffyButt Oh I did, in real time.",neither,0.03578572770887571,0.4337038744735876,0.5305103978175366
!help,neither,0.03945320844208391,0.33037608806864915,0.630170703489267
@curry2386 Adult Swim app.,neither,0.03945320844208391,0.33037608806864915,0.630170703489267
@Curry2386 possibly wit cable subscription and or free,neither,0.041752288264540346,0.43292481521868625,0.5253228965167733
!helpo,neither,0.03945320844208391,0.33037608806864915,0.630170703489267
LUL,neither,0.03945320844208391,0.33037608806864915,0.630170703489267
I love when Dermot called himself Flying Sidekick and the cops that captured thought he was literally a flying sidekick.,neither,0.035682984099953456,0.3114484212258844,0.6528685946741623
"ah, I don't have cable, but I'll check their site",neither,0.03699630822652034,0.3424055236848909,0.6205981680885887
I am just pregaming at this point,neither,0.03338386049804885,0.3823450340045732,0.5842711054973779
"everybody take a drink.. he said ""My lovely wife Whitney"" !!!!",neither,0.03510355296039966,0.38238824916123754,0.5825081978783628
!clock,neither,0.03945320844208391,0.33037608806864915,0.630170703489267
It is currently Thursday 4:10 PM at the Geek & Sundry studio in California.,neither,0.051811508348055264,0.3295756991195407,0.6186127925324041
Britney you mean?,neither,0.05919967862820023,0.3853964154442248,0.5554039059275749
this show gives me hope there will be a loremasters: metalacylpse,neither,0.07959355842277765,0.16172867660388396,0.7586777649733384
Oh it's on Hulu,neither,0.0405488265494283,0.26952377898531726,0.6899273944652545
sorry yes Britney lol,neither,0.03246576552523735,0.38057095870392743,0.5869632757708353
"Aww, my Stanza!",neither,0.02599668485181669,0.43788423367852514,0.5361190814696583
@cabezadecervez I would love that,neither,0.02880247130673935,0.4064069996387545,0.5647905290545061
stop saying LIKE matt,neither,0.04059596320890362,0.4294232139794902,0.5299808228116062
Seems like there's only limited episodes on Adult Swim,neither,0.04347286986475453,0.32191810499113416,0.6346090251441113
@kbtibbs LMFAO!,neither,0.05470637918084239,0.32512982320825545,0.6201637976109021
that recap convinced me to watch the show,neither,0.049866850914043394,0.3176815374348387,0.632451611651118
gandsTrinketArmor Trinket would be Henchmen 21 lol,neither,0.030784581077393798,0.3900986850899127,0.5791167338326935
LUL,neither,0.03945320844208391,0.33037608806864915,0.630170703489267
"Hoping for a Loremasters: Tokusatsu. Specifically Ultraman, Kamen Rider and Super Sentai.",neither,0.03504656559753242,0.2855569821944081,0.6793964522080594
hahaha,neither,0.03945320844208391,0.33037608806864915,0.630170703489267
Best scene: Hate Floats with the suiting up to Mars by Holst,neither,0.11494534842622323,0.34427707063049634,0.5407775809432803
┴┬┴┤( ͡° ͜ʖ├┬┴┬ HEY KIDS DO YOU WANT SOME DANK MEMES?,neither,0.044549576718248544,0.3682090263424907,0.5872413969392608
Monarch is all skinny but ripped,neither,0.04539461734936148,0.4052595864310124,0.5493457962196261
24 is hilarious,neither,0.048466168891119155,0.32727611767549397,0.6242577134333869
dang that's a good 24,neither,0.033674536494193684,0.385470284189168,0.5808551793166382
^^^^,neither,0.03945320844208391,0.33037608806864915,0.630170703489267
anyone got a chimichanga,neither,0.037492686619940235,0.40125194864654545,0.5612553647335142
didnt they all die like the finale of the previous season?,neither,0.15089333307774452,0.21016316487590753,0.6389435020463479
the henchmen,neither,0.03613032604487659,0.2619290779399786,0.7019405960151449
That scene is so amazing,neither,0.04292384645783066,0.40796969185732657,0.5491064616848428
Season 2 opener is one of my favorites.,neither,0.035511917552601434,0.41139544367239184,0.5530926387750067
LUL,neither,0.03945320844208391,0.33037608806864915,0.630170703489267
the henchman becoming more predominate characters in later seasons was wonderful,neither,0.03990695037666617,0.3168039412440618,0.643289108379272
I agree!,neither,0.03945320844208391,0.33037608806864915,0.630170703489267
can you explain the premise of the show and the characters? kind of just dove in here without giving the audience something to grasp,neither,0.07401424824850225,0.2575414514920799,0.6684443002594179
Would like more seasons though Kappa,neither,0.04785760300578511,0.33042174784920453,0.6217206491450104
lol yeah,offensive_language,0.011806779804805862,0.5514052530606893,0.43678796713450474
I thought comedy 101 was tregedy+time=comedy? forgot where i heard that,neither,0.0394601844136103,0.29427077771996524,0.6662690378664244
tragedy plus you minus me =comedy,neither,0.04381813788203609,0.38601489630155283,0.5701669658164111
"@Chix_with_Joystix agreed Liz, especially because they are pretty much the only really likeable people in the show, lol. Their bosses are total assholes. :)",neither,0.08547729041813865,0.25684469576044294,0.6576780138214186
"Yeah, they've managed to cram 5 seasons of tv into 10 years.",neither,0.019870165807156313,0.38487605181562345,0.5952537823772202
Mecha Shiva!,neither,0.03945320844208391,0.33037608806864915,0.630170703489267
"Okay, I am going to have to actually marathon Venture Bros.",neither,0.046857860905383686,0.34922549430036964,0.6039166447942467
We have a subscriber-only Discord server! Join here: https://discord.gg/geekandsundry (you'll need to sub and link it to your Twitch) and be a part of the fun!...Warning: It can take up to an hour for the server to update and give you access to the channels,neither,0.08464076273808444,0.286394834032893,0.6289644032290227
"@Chix_with_Joystix agreed, 21 becoming a legit badass over the course of the show was the last thing I expected and I LOVE IT XD",neither,0.04059419631826544,0.26737258606082825,0.6920332176209063
"gandsRage You are no longer Butterflies, Today you are Murder Flies gandsPitCrew",neither,0.11408636506561137,0.3156911081840092,0.5702225267503794
YES! @HessianX - a glorious moment and gif for the ages,neither,0.03455317658567716,0.2756920048782453,0.6897548185360775
@cuzimhood Add Question before it to increase the chance of it being seen,neither,0.035957881726289664,0.3716163221335284,0.5924257961401819
you'll love it @John_Sparks_Jr ! :D,neither,0.05890323691011208,0.435905540817509,0.505191222272379
you have to have the assholes to love them even more and them contemplating what they have been ordered to do AMAZING,neither,0.07824936649950552,0.3285892525351999,0.5931613809652947
QWESCHIN: can you explain the premise of the show and the characters? kind of just dove in here without giving the audience something to grasp,neither,0.07401424824850225,0.2575414514920799,0.6684443002594179
"Help G&S make great content! $4.99/month gets you emotes, Minecraft server access, sub-only VODs, and more! Every sub keeps the channel alive! twitch.tv/geekandsundry/subscribe",neither,0.043907990691603095,0.31135964332838284,0.644732365980014
@chaoticloony trolled,neither,0.03945320844208391,0.33037608806864915,0.630170703489267
I loved how they progressed with Sphinx and used gi joe,neither,0.03141941290250072,0.3279796906994946,0.6406008963980045
"Yeah, a base coat of genre and characters woukd be good.",neither,0.029069271479066572,0.37513453096365734,0.5957961975572762
I just noticed Ryan is a few rings short of being the Mandarin. Kappa,neither,0.03783642725258837,0.346294930314708,0.6158686424327037
@cuzimhood so!,offensive_language,0.039501631330860744,0.48329170807269783,0.4772066605964413
does the critical role episode start in 45 minutes?,neither,0.030631472696189425,0.39843538971669307,0.5709331375871175
