text,top_class,hate_speech,offensive_language,neither
!rbshedule,neither,0.03945320844208391,0.33037608806864915,0.630170703489267
!rbschedule,neither,0.03945320844208391,0.33037608806864915,0.630170703489267
Find the unfinished rebroadcast schedule for the weekend here: http://bit.ly/WeekRebroadcast,neither,0.05904738035105781,0.17020024858160615,0.7707523710673361
woooot!,neither,0.03945320844208391,0.33037608806864915,0.630170703489267
!clock,neither,0.03945320844208391,0.33037608806864915,0.630170703489267
It is currently Friday 3:03 PM at the Geek & Sundry studio in California.,neither,0.05257364532538693,0.3294993765834879,0.6179269780911252
!wtfisthis,neither,0.03945320844208391,0.33037608806864915,0.630170703489267
"Welcome to Because Science! Nerdist Science Editor Kyle Hill uses real-world math and science concepts to solve, measure, and make sense of pop culture quandaries in comics, video games, movies, and TV.",neither,0.04204804754431583,0.2962058578472651,0.6617460946084192
"BECAUSE SCIENCE: 3-4pm, Kyle takes your scientific questions ...Then the new ..episode of | SHIELD OF TOMORROW: 4-7p 9-11 pm GYP",neither,0.05240978883956393,0.2823968150603711,0.665193396100065
!questions,neither,0.03945320844208391,0.33037608806864915,0.630170703489267
"To make it easier to read questions in chat, please preface your questions with the word question in all caps. For example, QUESTION: How are you today?",neither,0.06209713493468228,0.3342013724685751,0.6037014925967426
isn't this a Nerdist show?,neither,0.06062713134196404,0.23335993540801758,0.7060129332500185
,neither,0.03945320844208391,0.33037608806864915,0.630170703489267
!friday,neither,0.03945320844208391,0.33037608806864915,0.630170703489267
"FRIDAY (All Times Pacific) - BECAUSE SCIENCE: 3-4pm, Kyle takes your scientific questions and answers them using equations, pop culture, and more! | SHIELD OF TOMORROW: 4-7pm, Eric GMs our crew through wonderous adventures and exploration in space. | GATHER YOUR PARTY: 9-11pm, Erika Ishii hosts an awesome party! Party games, dancing, Rock Band with all your favorite people, and other crazy awesome stuff!",neither,0.06284356788348744,0.35404125162312045,0.5831151804933921
!Rebroadcast,neither,0.03945320844208391,0.33037608806864915,0.630170703489267
did I do that wrong?,neither,0.03639912327537014,0.3804857343644576,0.5831151423601723
!rbschedule,neither,0.03945320844208391,0.33037608806864915,0.630170703489267
Find the unfinished rebroadcast schedule for the weekend here: http://bit.ly/WeekRebroadcast,neither,0.05904738035105781,0.17020024858160615,0.7707523710673361
"@constructman2 yes, it’s a Nerdist show, but GnS and Nerdist have been partnered now for few years.",neither,0.04006831044125003,0.24542178628389172,0.7145099032748582
when does critical role start?,neither,0.02310908907152434,0.46050048231472435,0.5163904286137513
rbschedule,neither,0.03945320844208391,0.33037608806864915,0.630170703489267
"Hey.... Twitch is acting up again, didnt show me the channel as online",neither,0.04272795331237254,0.36194393201694874,0.5953281146706787
Critical Role was yesterday,neither,0.03935532028743278,0.3320375055208052,0.6286071741917619
jcvimHi @Ossborn,neither,0.03945320844208391,0.33037608806864915,0.630170703489267
next one at 11:30pm tonight,neither,0.03569851516198947,0.36197816761998564,0.602323317218025
hullo all,offensive_language,0.046917543854519406,0.6277741405869331,0.3253083155585475
We also just started live broadcasting for Friday and our next rebroadcast will not begin until that ends.,neither,0.03383472161575064,0.32422071474568054,0.6419445636385689
You mean like Gravitonium in Agents Of S.H.I.E.L.D.?,neither,0.09651693089916996,0.43740194729201876,0.4660811218088112
!rbschedule,neither,0.03945320844208391,0.33037608806864915,0.630170703489267
Find the unfinished rebroadcast schedule for the weekend here: http://bit.ly/WeekRebroadcast,neither,0.05904738035105781,0.17020024858160615,0.7707523710673361
!questions,neither,0.03945320844208391,0.33037608806864915,0.630170703489267
"To make it easier to read questions in chat, please preface your questions with the word question in all caps. For example, QUESTION: How are you today?",neither,0.06209713493468228,0.3342013724685751,0.6037014925967426
!rbschedule,neither,0.03945320844208391,0.33037608806864915,0.630170703489267
Find the unfinished rebroadcast schedule for the weekend here: http://bit.ly/WeekRebroadcast,neither,0.05904738035105781,0.17020024858160615,0.7707523710673361
QUESTION: How did you learn how to write backwards?,neither,0.05463995027034139,0.35639066822586574,0.588969381503793
!rbschedule,neither,0.03945320844208391,0.33037608806864915,0.630170703489267
Find the unfinished rebroadcast schedule for the weekend here: http://bit.ly/WeekRebroadcast,neither,0.05904738035105781,0.17020024858160615,0.7707523710673361
"Uhh, yeah, this is great. :D",neither,0.028950734749222322,0.4033780827610214,0.5676711824897563
mavsPizza mavsPizza mavsPizza,neither,0.03945320844208391,0.33037608806864915,0.630170703489267
gandsLessthanthree Because Science!,neither,0.03945320844208391,0.33037608806864915,0.630170703489267
QUESTION: How does the discovery of Dark Matter & Energy effect science?,neither,0.03081565461113678,0.3969443954260314,0.5722399499628319
Oh daymn! I didn’t know Because Science was on twitch now! Awesome,neither,0.031473465768173454,0.33614282012126,0.6323837141105665
To infiniry and beyond!,neither,0.04743345543423827,0.27500259634240615,0.6775639482233557
can we talk about how purple isn't a real color... because that's awesome,neither,0.023643066609949276,0.44467620947857833,0.5316807239114725
@lordtakahiro Today is the first day.,neither,0.037555975449049345,0.2729366911874426,0.689507333363508
The twitch stream looks so much better.,neither,0.03606853987790223,0.3502628059476492,0.6136686541744487
"@lordtakahiro, This is our first broadcast of it, let people know on social media that you enjoy it",neither,0.045503991800093783,0.406538005791748,0.5479580024081583
who is this guy? and where does all his knowledge come from?!,neither,0.05049032537470456,0.4731337887795157,0.4763758858457799
!whodat,neither,0.03945320844208391,0.33037608806864915,0.630170703489267
Kyle Hill ( twitter.com/Sci_Phile ).,neither,0.038926398775368944,0.4147662855164059,0.5463073157082252
magical places- science places!,neither,0.03945320844208391,0.33037608806864915,0.630170703489267
Oh I love Because Science. I was on twitter and saw the post about this. I’ll have to make sure to catch this every week! Thanks!,neither,0.038823348480549004,0.4104581543234912,0.5507184971959598
Np!,neither,0.03945320844208391,0.33037608806864915,0.630170703489267
AI!,neither,0.03945320844208391,0.33037608806864915,0.630170703489267
Wouldn’t the Wakandan invisible shield also have to hide heat signatures?,neither,0.04293302498737045,0.32278180169532844,0.634285173317301
QUESTION: How dead would Chris Pratt's character be when the ash cloud from the erupting volcano over takes him in the Jurassic World 2 trailer?,neither,0.07841656955651875,0.34280274290080803,0.5787806875426731
!rbschdule,neither,0.03945320844208391,0.33037608806864915,0.630170703489267
autonomous vehicles go against the values factor of social economics in the united states,neither,0.03981450669943374,0.3046561680162796,0.6555293252842866
