text,top_class,hate_speech,offensive_language,neither
hi,neither,0.03945320844208391,0.33037608806864915,0.630170703489267
Oh good I'm on time. Had to finish my race in Mario Kart. :D,neither,0.183827509834729,0.13643955243544456,0.6797329377298265
@Capencowl prom doesnt need to help that out,neither,0.037693547816435725,0.37111163260652913,0.5911948195770351
gandsSubHype gandsSubHype gandsSubHype gandsSubHype,neither,0.03945320844208391,0.33037608806864915,0.630170703489267
I don't even know what our Prom theme was since I didn't have a date to go. But they didn't do movie themes for ours. Too conservative and traditional where I'm from.,neither,0.030548297753353475,0.3167800311778144,0.6526716710688322
gandsLessthanthree gandsLessthanthree gandsLessthanthree,neither,0.03945320844208391,0.33037608806864915,0.630170703489267
XD so silly <3,neither,0.03940834892280069,0.3941640773857597,0.5664275736914396
Lol,neither,0.020706217963973744,0.4882283491876925,0.4910654328483337
@misssunflower94 the science of water resist and stuff,neither,0.038309919859695125,0.2911045015498186,0.6705855785904862
Woo!!! <3,neither,0.03945320844208391,0.33037608806864915,0.630170703489267
wow! you guys are fabulous! :),neither,0.08585140280080095,0.3293304973696154,0.5848180998295837
@capencowl LOL that’s some special Prom night souvenir,neither,0.03748811991691825,0.39308375318868255,0.5694281268943993
gandsLessthanthree gandsLessthanthree stefHeart stefHeart stefHeart feliciaHeart feliciaHeart,neither,0.03945320844208391,0.33037608806864915,0.630170703489267
of course you made it the gothest as possible,neither,0.04841978673860329,0.38292903755571434,0.5686511757056824
omg I love Taliesin's spider pin!,neither,0.03716063079925849,0.340989711133478,0.6218496580672636
"You lost me, then you had me at the heart eating, then you lost me again. XD",offensive_language,0.04833062701894723,0.4862759738141504,0.4653933991669024
cute,neither,0.04322311181158326,0.266390989224455,0.6903858989639619
Gather Your Prom-entines?,neither,0.0677970772967185,0.3225075506250962,0.6096953720781854
Are you eating hearts to gain their spirit!?,neither,0.07913622540752199,0.3246009003247749,0.5962628742677031
gung hay fat choy everyone,neither,0.10470989812692313,0.3166003745074062,0.5786897273656706
Happy year of the doggos!,neither,0.03832498348727248,0.3095971013566951,0.6520779151560325
It's belated discount chocolate day! :P,neither,0.0386361938704924,0.31792597605394296,0.6434378300755647
gandsLessthanthree,neither,0.03945320844208391,0.33037608806864915,0.630170703489267
We have a subscriber-only Discord server! Join here: https://discord.gg/geekandsundry (you'll need to sub and link it to your Twitch) and be a part of the fun!...Warning: It can take up to an hour for the server to update and give you access to the channels,neither,0.08464076273808444,0.286394834032893,0.6289644032290227
@stargazer1977 oh im so sorry,neither,0.04484374519449943,0.3657742143043684,0.5893820405011322
Hello Tal & Erikii,neither,0.03945320844208391,0.33037608806864915,0.630170703489267
same @LavenderTownsGhost,neither,0.04148851938089603,0.3488915597363099,0.609619920882794
Happy Talentine's Day,neither,0.04023417877537722,0.3072658275026805,0.6524999937219423
<3 <3 <3,neither,0.03945320844208391,0.33037608806864915,0.630170703489267
this year will be a good boy :),neither,0.04066170091039191,0.31074135847062145,0.6485969406189867
"Hi Taleisin, Ekbot and Friends!",neither,0.03853598642368283,0.2830719766119722,0.678392036964345
I was born in the year of the dog!,neither,0.03791204835509398,0.30521217522861405,0.656875776416292
Snake is 77.,neither,0.05044627423290362,0.3265950686495308,0.6229586571175656
Year of the snake,neither,0.038523555503984126,0.3133548358255902,0.6481216086704258
I showed you in that picture Tal,neither,0.04847269110772198,0.40138877566222014,0.5501385332300578
XD,neither,0.03945320844208391,0.33037608806864915,0.630170703489267
1677?,neither,0.03945320844208391,0.33037608806864915,0.630170703489267
Im a rat,neither,0.038429374862891844,0.3692140081549559,0.5923566169821523
Happy Lunar New Year! Kung Hei Fat Choi!,neither,0.17703817325212812,0.12346762718878035,0.6994941995590914
Snake is very Slyetherin of you,neither,0.067531348525581,0.3736718796449734,0.5587967718294455
I'm year of the wood ox,neither,0.038515973257080914,0.31321227724578493,0.6482717494971342
we need to know year and month though,neither,0.04411195087852323,0.29485593562339174,0.6610321134980851
Snake,neither,0.03945320844208391,0.33037608806864915,0.630170703489267
Im a monkey,neither,0.044630756553863636,0.08156879320573004,0.8738004502404063
Tallesin is a mystery!,neither,0.081172750358939,0.3160268245287109,0.60280042511235
"January 1977 is Fire Dragon, like me",neither,0.04752778160778456,0.37076609803477195,0.5817061203574435
"1978 is the year of the Horse, which is all I remember.",neither,0.04971175780927772,0.3472496141206847,0.6030386280700376
I was rabbit I'm pretty sure,neither,0.03443197111871583,0.44604995811912174,0.5195180707621625
YEY SAM,neither,0.03945320844208391,0.33037608806864915,0.630170703489267
MORE SAM!!!!,neither,0.041888912612115824,0.3177367661108076,0.6403743212770765
Im a Horse,neither,0.03837574265961375,0.37124290104468355,0.5903813562957027
Year of the Snake IIRC for me,neither,0.02741153577891697,0.3255719246501191,0.6470165395709639
I’m a rooster,neither,0.03945320844208391,0.33037608806864915,0.630170703489267
SAM !!!!!!!!!!!!!!,neither,0.03945320844208391,0.33037608806864915,0.630170703489267
"You don't have to apologize, I'm not the type to be bitter about things that I wasn't able to participate in. And I'm rather tragically romantic at heart, lol. So always been a fan of the idea of Prom.",neither,0.04423343018361135,0.41278802075468674,0.542978549061702
"Ok so @misssunflower94 I got asked by a friend and I panicked and said yes, but I really wanted to go with another who I had a ""if we both don't have dates lets go together"" and now I dont know!!!",neither,0.040750373090282496,0.38248427763950454,0.576765349270213
I was born in 1977 as well so we are the year of the snake,neither,0.05212304578572744,0.3330988111485621,0.6147781430657103
I have no idea,neither,0.037736922608369756,0.35950593781587864,0.6027571395757516
I was born in the year of monkey.,neither,0.04301809374165718,0.13324486696027418,0.8237370392980685
Year of Snake for 1977,neither,0.03347326712568397,0.30051505352001995,0.6660116793542961
TALIESIN: You're a dragon,neither,0.09907792640288733,0.3495612297399805,0.5513608438571322
I'm a rabbit,neither,0.03945320844208391,0.33037608806864915,0.630170703489267
I'm a rat,neither,0.03945320844208391,0.33037608806864915,0.630170703489267
"Year of the Snake, Taliesin",neither,0.038523555503984126,0.3133548358255902,0.6481216086704258
Sam 😆,neither,0.03945320844208391,0.33037608806864915,0.630170703489267
"Download the new Critical Role theme song for Campaign Two! http://itunes.apple.com/album/id1331550250?ls=1&app=itunes Sales of the song support the musician, Jason Charles Miller.",neither,0.04445767596344001,0.2510827790306858,0.7044595450058742
I’m a manatee,neither,0.03945320844208391,0.33037608806864915,0.630170703489267
Cheeep chocolates huzzah!,neither,0.03945320844208391,0.33037608806864915,0.630170703489267
those nips hella close to slippin girl,neither,0.0575899734969426,0.43433989356881003,0.5080701329342473
SURPRISE SAM,neither,0.03945320844208391,0.33037608806864915,0.630170703489267
Happy discount candy day,neither,0.040001640757282755,0.31418274400909385,0.6458156152336234
"Oh man I managed to make it tonight, even for a little bit!",neither,0.03916765009574114,0.3107726678869466,0.6500596820173122
OH THERE'S A DOG,neither,0.04547994775552934,0.2203352506421703,0.7341848016023003
What flavor is Star Wars?,neither,0.05035641837968223,0.32506277919629034,0.6245808024240275
Hello everybody!,neither,0.03945320844208391,0.33037608806864915,0.630170703489267
@ViroValkyrie he was born before the new year in '77,neither,0.043106822841543074,0.29655033127929625,0.6603428458791607
PUPPER,neither,0.03945320844208391,0.33037608806864915,0.630170703489267
I was born in 1970,neither,0.039345798115128526,0.33219912163569787,0.6284550802491736
yeah but the year starts in Feb and he was born in Jan,neither,0.030167302737477673,0.3669151585562071,0.6029175387063153
What is Star Wars Flavor?,neither,0.05035641837968223,0.32506277919629034,0.6245808024240275
"Yup, Tal is a Snake with me.",neither,0.031437451662484,0.3822365835741524,0.5863259647633636
eyyyy jake and daryl!,neither,0.038870228934022116,0.3016665744435858,0.6594631966223921
Mmmm I love turtles,neither,0.037088605390832786,0.3413307117081081,0.6215806829010591
oh god even the chat doesn't know what you are,neither,0.08818841119458858,0.28289365809034,0.6289179307150714
!whodat,neither,0.03945320844208391,0.33037608806864915,0.630170703489267
"Erika Ishii ( twitter.com/erikaishii ), Taliesin Jaffe ( twitter.com/executivegoth ), with Jared Rosen ( twitter.com/notquitefrodo ), Daryl Crittenden ( twitter.com/irdaryl ), Jake Bennett ( twitter.com/jakegbennett ), Kelly Lynne ( twitter.com/kahlanrock )",neither,0.036384025479090025,0.474815407326721,0.48880056719418913
@stargazer1977 yay snakes! I'm a 1990 birthday :),neither,0.03945320844208391,0.33037608806864915,0.630170703489267
How very Slytherin of you Taliesin,neither,0.06392789439623744,0.3974513093706957,0.5386207962330669
Oh Sam's there :),neither,0.04494562742913097,0.2297093285170924,0.7253450440537765
"Whoop, there's a puppy and now that's all I see",neither,0.03695448643259146,0.34739236921205724,0.6156531443553512
@CanHazBurritos wookiee,neither,0.03945320844208391,0.33037608806864915,0.630170703489267
"@cinphoria Aw man, that means I'm the year before dog? But...but dog....",neither,0.03140466252171549,0.42306778914837656,0.5455275483299081
OY TALIESIN IS A DRAGON NOT A SNAKE TAKE IT FROM THE HEAD OF HIS FANCLUB WHO ALSO HAPPENS TO BE CHINESE,neither,0.07270988634357294,0.3546075842481449,0.5726825294082821
taliesin has a strong brow game today,neither,0.037936836993032776,0.26341606900045217,0.6986470940065149
doggo,neither,0.03945320844208391,0.33037608806864915,0.630170703489267
i think I'm year of the Ox?,neither,0.038944499250184936,0.2959545041580954,0.6651009965917197
So many lovely people here tonight for the party.,neither,0.0905916057462069,0.2831947251603951,0.626213669093398
I bet Star Wars would have Darth Chocolate~,neither,0.038716132569329334,0.33268010097404044,0.6286037664566302
So it’s dragon then,neither,0.03781532402661614,0.38247644404500886,0.5797082319283748
"Sam, looking lovely tonight! <3",neither,0.03722818622914656,0.3117440385192396,0.6510277752516138
Sam ey <3,neither,0.03945320844208391,0.33037608806864915,0.630170703489267
Hi Sam!,neither,0.03945320844208391,0.33037608806864915,0.630170703489267
"Help G&S make great content! $4.99/month gets you emotes, Minecraft server access, sub-only VODs, and more! Every sub keeps the channel alive! twitch.tv/geekandsundry/subscribe",neither,0.043907990691603095,0.31135964332838284,0.644732365980014
Hey Sam!,neither,0.03945320844208391,0.33037608806864915,0.630170703489267
TALIESIN: you're a dragon not a snek,neither,0.08951146222453735,0.3547876700801984,0.5557008676952643
"72, but before the lunar new year so am year of the pig (rest was year of the rat)",neither,0.03678831024905758,0.3226273497014149,0.6405843400495276
It's Sams-day!,neither,0.03759185012650978,0.3018327880873846,0.6605753617861057
"I LOVE SAM, HI DARLING",neither,0.03717377002350893,0.3409275548686453,0.6218986751078457
Yo Sam,neither,0.03966685255139085,0.4257408989306665,0.5345922485179427
Yay Sam <3,neither,0.03945320844208391,0.33037608806864915,0.630170703489267
Happy Sam's Day!,neither,0.039999806019213276,0.31423718759509545,0.6457630063856912
Rue flirts with Klingons ;),neither,0.027072630815677467,0.37442836712082755,0.598499002063495
Wait!!,neither,0.03945320844208391,0.33037608806864915,0.630170703489267
@Capencowl wait really he is a dragon? thats amazing!,neither,0.05024294360678818,0.3266650033757002,0.6230920530175115
you have an excellent shirt sir,neither,0.0517536180349519,0.3690053428886411,0.579241039076407
"Yeah, Tal is a dragon, at the end of the dragon",neither,0.03257651896637508,0.3833607763116026,0.5840627047220223
"Worked on Dream Daddy, nice.",neither,0.0371877779113347,0.34119872843030685,0.6216134936583585
hahahahahahaha,neither,0.03945320844208391,0.33037608806864915,0.630170703489267
Hehhehe,neither,0.03945320844208391,0.33037608806864915,0.630170703489267
harry potter!!,neither,0.03945320844208391,0.33037608806864915,0.630170703489267
odd why can't I prime sub,neither,0.03135407975678638,0.33831932298616446,0.6303265972570492
!timer,neither,0.03945320844208391,0.33037608806864915,0.630170703489267
My B day's in March so I think I'm def in Snake ('65),neither,0.03304515615806562,0.3952159515262341,0.5717388923157002
@cinphoria Is he in the month that sneaks over from one year to the next? Or does he just not know when he was born?,neither,0.03407609488169518,0.4301735027609492,0.5357504023573557
lol,neither,0.020706217963973744,0.4882283491876925,0.4910654328483337
perfect just perfect,neither,0.03570371503114951,0.34793627943157435,0.6163600055372762
THEY WENT TO JARED,neither,0.04597565077779705,0.32656167790666113,0.6274626713155417
So dream daddy is partly his fault,neither,0.07067622983446768,0.36614124375004126,0.563182526415491
Dragon year is very very lucky,neither,0.04454203309685805,0.3286258079187516,0.6268321589843904
:D,neither,0.03945320844208391,0.33037608806864915,0.630170703489267
"@Zismarith nah, NY was February that year",neither,0.036455988078958036,0.3633998598459934,0.6001441520750485
And you believed them?,neither,0.07827509117903654,0.320596002445743,0.6011289063752205
this is going to be a very giffable night,neither,0.044200727444728166,0.3562857144312891,0.5995135581239828
Seems like a NormalGuy,neither,0.05591389629331016,0.35332262699799066,0.5907634767086992
gandsSubHype gandsSubHype,neither,0.03945320844208391,0.33037608806864915,0.630170703489267
Goth dad is the best dad,neither,0.043576201470126884,0.3129564236212862,0.6434673749085871
come to me and get rings!!,neither,0.035500896331164454,0.3597520748393776,0.604747028829458
!rbschedule,neither,0.03945320844208391,0.33037608806864915,0.630170703489267
Find the unfinished rebroadcast schedule for the weekend here: http://bit.ly/WeekRebroadcast,neither,0.05904738035105781,0.17020024858160615,0.7707523710673361
That filter!,neither,0.0349751205147877,0.3792120518198444,0.5858128276653679
Dude looks like a poor mans harry potter,neither,0.04612874890958637,0.34037301252862584,0.6134982385617879
lol jake,neither,0.030180287398268595,0.39893956378812934,0.570880148813602
PokPikachu,neither,0.03945320844208391,0.33037608806864915,0.630170703489267
"Did someone say ""situational awaresness""? Ah, that fateful 2 words. You know, many a young boys, yours truly included suffered during our military conscription days due to our deficiency in that attribute. Many a times I had to jog behind the safety rover from training ground back to the barracks, while my undies fluttered on said rover's antenna. Good days!",neither,0.04081411773242717,0.3838457519122386,0.5753401303553342
Tal is a Fire Dragon Capricorn Flower No Moon,neither,0.04327855957757018,0.33654771316111287,0.6201737272613169
!clock,neither,0.03945320844208391,0.33037608806864915,0.630170703489267
It is currently Friday 9:04 PM at the Geek & Sundry studio in California.,neither,0.05257364532538693,0.3294993765834879,0.6179269780911252
Pretty much everyone thinks that Damien is best dad in Dream Daddy.,neither,0.03501547793415494,0.4115034526985813,0.5534810693672636
You've rendered Taliesin speechless lmao,neither,0.026569430606799508,0.366426235749764,0.6070043336434365
Yas Goth Dad Tal,neither,0.03945320844208391,0.33037608806864915,0.630170703489267
"@TRM81 nah, Chief is our poor man's Harry Potter",neither,0.04438733364046773,0.36637670463912153,0.5892359617204107
I think we all cast a wide net on AOL,neither,0.038881739747916345,0.3837242839039677,0.5773939763481158
!wtfisthis,neither,0.03945320844208391,0.33037608806864915,0.630170703489267
"This is Gather Your Party! It’s Friday night, and you know what that means… Party time! Join us for a weekly themed party, where anything can happen, with all your favorite people. Gather Your Party is a must-watch show for your Friday night.",neither,0.10380257106743707,0.30547507527859313,0.5907223536539699
!!puppy!!,neither,0.03945320844208391,0.33037608806864915,0.630170703489267
Robots are cool.,neither,0.09021379054886734,0.25380799442196605,0.6559782150291666
!whodat,neither,0.03945320844208391,0.33037608806864915,0.630170703489267
"Erika Ishii ( twitter.com/erikaishii ), Taliesin Jaffe ( twitter.com/executivegoth ), with Jared Rosen ( twitter.com/notquitefrodo ), Daryl Crittenden ( twitter.com/irdaryl ), Jake Bennett ( twitter.com/jakegbennett ), Kelly Lynne ( twitter.com/kahlanrock ), Sam de Leve ( twitter.com/ChaiKovsky ), Alex Cole ( twitter.com/TheAlexicon )",neither,0.03693820307772012,0.4735505205765336,0.4895112763457463
The pupper is so cute,neither,0.05404260835384313,0.31973618028646256,0.6262212113596943
are the robots sexy?,neither,0.08063201145432954,0.24103109360117478,0.6783368949444958
https://clips.twitch.tv/ComfortableFurryAsteriskOneHand,neither,0.03945320844208391,0.33037608806864915,0.630170703489267
Dream Daddy Damien is just so solidly wonderful,neither,0.04177651190150277,0.3813851513289237,0.5768383367695735
Goth dad is good dad,neither,0.044546365010285284,0.3286243179750815,0.6268293170146333
stefBelle stefBelle,neither,0.03945320844208391,0.33037608806864915,0.630170703489267
there is a doggie!,neither,0.04801959467007171,0.2839386532701362,0.6680417520597921
Awww Fizz <3,neither,0.03945320844208391,0.33037608806864915,0.630170703489267
Robuts :D,neither,0.03945320844208391,0.33037608806864915,0.630170703489267
Fizzgig is a good doggo.,neither,0.057176020302150646,0.32428040037975586,0.6185435793180933
yee TF shoutout,neither,0.03945320844208391,0.33037608806864915,0.630170703489267
As for Prom - I borrowed a class mates boyfriend for the pictures but I went. Small town everyone use to go. I take it this was not true everywhere. My ex didn't go to his prom because you HAD to have a date and I hear many place these days do that,neither,0.02913200454482777,0.45066023280778816,0.520207762647384
there is a dog!!! best show ever!!!,neither,0.06218831938065658,0.21556025300371764,0.7222514276156258
that's stupid IMO,neither,0.1445971653504836,0.23701197858977618,0.6183908560597402
pupper!,neither,0.03945320844208391,0.33037608806864915,0.630170703489267
Taliesin is looking mighty sharp this evening.,neither,0.04571879379436006,0.32943665758969554,0.6248445486159443
Whose dog is that and what breed is he?!,neither,0.05775867994900611,0.3223089081325594,0.6199324119184345
dog dog dog dog,neither,0.03945320844208391,0.33037608806864915,0.630170703489267
Puppy!,neither,0.03945320844208391,0.33037608806864915,0.630170703489267
competitive? erotic? fanfiction?,neither,0.03945320844208391,0.33037608806864915,0.630170703489267
OH BOY,neither,0.04768565599480007,0.25364348607606696,0.698670857929133
"Oh man. I'm so excited for your birthday stream this year, Erika",neither,0.057896349066367044,0.34152472770663933,0.6005789232269937
We need a pupper cam,neither,0.03909061891808492,0.3315870869873172,0.629322294094598
"Sorry doggy, no chocolate for your safety.",neither,0.05540210154623379,0.31062114173816086,0.6339767567156054
Gods does Taliesin look good,neither,0.023939376601063704,0.4849060845383312,0.491154538860605
Taliesin in guyliner is my happy place lol!,neither,0.02974227504291859,0.42609048254420634,0.5441672424128751
O_o :D,neither,0.03945320844208391,0.33037608806864915,0.630170703489267
Erika's charity birthday stream is always so Fabulous!,neither,0.04331507579494459,0.39347442904145347,0.5632104951636019
@misssunflower94 Hearing the call of our people,neither,0.06621761516117894,0.31249053261976384,0.6212918522190571
Shrek and Prince Charmng ship? :O,neither,0.03887200967270522,0.3017603711398751,0.6593676191874197
"@MeggieMay328 I'm from a very rural place, and I'm old, so you were required to have an opposite gender'd date to attend my Prom as well.",neither,0.04668620952669394,0.36061494962422364,0.5926988408490824
And when is this stream?,neither,0.03563304774849914,0.33836502110269745,0.6260019311488034
The real winner here are the folks at home.,neither,0.08540482601236586,0.3465109772847915,0.5680841967028425
I don't know if I can take the attractiveness that is Taliesin Jaffe.,neither,0.02365846155785846,0.40670132174098833,0.5696402167011532
Me too @ravendemonslayer He rocks the guyliner,neither,0.03575541576743808,0.3561072534625957,0.6081373307699662
YEup,neither,0.03945320844208391,0.33037608806864915,0.630170703489267
competitive erotic fan fiction? I need this in my life,neither,0.029946740312903224,0.42203362698758473,0.5480196326995119
!subcount,neither,0.03945320844208391,0.33037608806864915,0.630170703489267
@rosewaterwitch .... truth,neither,0.03945320844208391,0.33037608806864915,0.630170703489267
WutFace,neither,0.03945320844208391,0.33037608806864915,0.630170703489267
........ what.,neither,0.057770773616808734,0.3180719994247239,0.6241572269584672
WHAT,neither,0.057770773616808734,0.3180719994247239,0.6241572269584672
Red,neither,0.03912818114834599,0.32765435135670834,0.6332174674949457
Erika's birthday stream will be March 3rd this year.,neither,0.040605577797462,0.3182929838895805,0.6411014383129576
!subs,neither,0.03945320844208391,0.33037608806864915,0.630170703489267
Truth Sam,neither,0.03945320844208391,0.33037608806864915,0.630170703489267
this ... is my favorite thing,neither,0.03398252399073413,0.4263436785420754,0.5396737974671904
I'm old as well but we just let anyone go and never thought anything of it,neither,0.024067676610370056,0.33284715073001253,0.6430851726596175
@Mortem_Interitum same,neither,0.04148851938089603,0.3488915597363099,0.609619920882794
wow that is true love,neither,0.04023143773564599,0.3847210618165144,0.5750475004478397
Oooohhh yeaahhh.,neither,0.03945320844208391,0.33037608806864915,0.630170703489267
Tal's mind = blown,neither,0.03945320844208391,0.33037608806864915,0.630170703489267
When is Erika's birthday?,neither,0.03513025456958225,0.39629801415406596,0.5685717312763519
I'm totally in for competitive erotic fan fiction.,neither,0.035493712290685694,0.3105884002139447,0.6539178874953695
Tom and Jerry :O,neither,0.03866510174902976,0.2905134387627082,0.6708214594882622
I think you broke Taliesin.,neither,0.07053188133880002,0.3952525423832767,0.5342155762779234
their girlfriend..,neither,0.03382347645222991,0.42592733236618346,0.5402491911815867
That's amazing.,neither,0.03413659802039229,0.3885612680816893,0.5773021338979183
@AlphaHc Between a bunch and a billion,neither,0.04044298577299886,0.4036251659540774,0.5559318482729237
Coming up again next month folks. Watch Erika's channel for more.,neither,0.03674150845937456,0.36042700308288733,0.6028314884577382
Excellent.,neither,0.03945320844208391,0.33037608806864915,0.630170703489267
it was real cute >3,neither,0.031271753588696605,0.45291838900416703,0.5158098574071363
There's so much to unpack in that sentence,neither,0.03773046004675374,0.3677147432479877,0.5945547967052585
Tom and Jerry smut is wrong,neither,0.04585033022918928,0.29326816010411183,0.6608815096666989
I love smut dedicated to cocktails.,neither,0.04327709018928598,0.34035376702613357,0.6163691427845805
oh my god they were roomates!,neither,0.03237842824351832,0.3461522609674965,0.6214693107889852
Wow Jared xD,neither,0.03945320844208391,0.33037608806864915,0.630170703489267
And Competive Erotic Fanfiction needs to be an Olympic sport.,neither,0.043547209784356104,0.30139577889995434,0.6550570113156896
@jeffm0307 are they the highest subbed channel ?,neither,0.056028923694949356,0.28721358337802155,0.6567574929270291
"2 years ago, it almost ruined my love of Rockapella!",neither,0.028511236932960968,0.4033462403219888,0.5681425227450502
"i am gonna go nuts in this one, i keep hearing Jared and its throwing me off!",neither,0.03155548860111666,0.3748654701422232,0.5935790412566602
this is turning into Gather Your Smut,neither,0.07446416749758872,0.3212303770314148,0.6043054554709963
"OMG. Please, no.",neither,0.03841986599854762,0.3479146061443398,0.6136655278571127
"@AlphaHc that isn't a command, we have subs yes, more than most, not always as many as claimed",neither,0.03446673765470876,0.41731764639684366,0.5482156159484476
Is something supposed to be happening?,neither,0.05303723596903982,0.32758044326457536,0.6193823207663849
OMG,neither,0.03945320844208391,0.33037608806864915,0.630170703489267
Did this just start? I don't understand time zones,neither,0.03533015557864866,0.36077399565217305,0.6038958487691782
@AlphaHc Yes. That is all we've been told.,neither,0.02225401332098554,0.4096794234630692,0.5680665632159453
"@chaoticloony Do it, Rockapella!",neither,0.039361844991312706,0.33040751214889547,0.6302306428597919
@Lily_habiba yep :D,neither,0.03945320844208391,0.33037608806864915,0.630170703489267
@alphahc by quite a bit,neither,0.04065375445811049,0.37600317050895526,0.5833430750329341
!clock,neither,0.03945320844208391,0.33037608806864915,0.630170703489267
It is currently Friday 9:07 PM at the Geek & Sundry studio in California.,neither,0.0512567427375408,0.32962958120431557,0.6191136760581436
"@misssunflower94 Please, coffeeshop AU or bust.",neither,0.03945320844208391,0.33037608806864915,0.630170703489267
"@Lily_habiba yeah, just started",neither,0.018399885176494178,0.4759642089894909,0.5056359058340151
@harberst bless you <3,neither,0.06637703555667432,0.4035321832267536,0.5300907812165722
I think y'all broke Taliesin,neither,0.043201368026747435,0.4275841055511075,0.5292145264221451
these guys are soo cool. I wish I was with them...,neither,0.06909888222321561,0.375630171392532,0.5552709463842523
hi,neither,0.03945320844208391,0.33037608806864915,0.630170703489267
#BringBackAsinineWisdom,neither,0.03945320844208391,0.33037608806864915,0.630170703489267
I don't know these boys but I'm love them,neither,0.05764876100568853,0.42741845378749377,0.5149327852068177
Gather Your Smut sounds great,neither,0.06299211797467891,0.30081066629197617,0.6361972157333449
"He's tire, tire fire. lol",neither,0.037686879327687155,0.3609727782097417,0.6013403424625711
Thanks Selina xD,neither,0.035884468650613,0.3004919205142699,0.6636236108351171
perfect,neither,0.03945320844208391,0.33037608806864915,0.630170703489267
"""Hi tired, I'm dad.""",neither,0.03945320844208391,0.33037608806864915,0.630170703489267
Hello Tired,neither,0.03945320844208391,0.33037608806864915,0.630170703489267
I see nothing,neither,0.03552390303723576,0.39706665545887476,0.5674094415038894
#SAVEMOTHERSHIP,neither,0.03945320844208391,0.33037608806864915,0.630170703489267
Who's the pupper?,neither,0.0385056899712525,0.443793236948424,0.5177010730803235
@phoenixgoth that's Fizzgig!,neither,0.026110925149043836,0.4791292047641166,0.4947598700868395
Asinine Wisdom need a season 2 on gns,neither,0.0369782726429345,0.33751831438866375,0.6255034129684017
You're our Valentine,neither,0.084416333897142,0.3461845230142129,0.5693991430886451
Taliesin is killing me here,neither,0.0999547429874793,0.32469261360958046,0.5753526434029401
the chat's Valentine,neither,0.038588457704863265,0.3145722385870658,0.646839303708071
More asinine wisdom!,neither,0.04148097430408516,0.3198152807841912,0.6387037449117237
"Welcome, camera person with opinions.",neither,0.03126514111314078,0.35809780901203964,0.6106370498748196
@Mortem_Interitum goth* dad,neither,0.03945320844208391,0.33037608806864915,0.630170703489267
She's a GOOD doggo,offensive_language,0.04134634975772096,0.5153633270029389,0.4432903232393401
Fizzgig!? FIZZGIG!!,neither,0.03945320844208391,0.33037608806864915,0.630170703489267
#TeamAsinineWisdom,neither,0.03945320844208391,0.33037608806864915,0.630170703489267
i loooove her,offensive_language,0.0199685364123741,0.8647970423070757,0.11523442128055034
SHES SO CUTE,neither,0.0416432023950662,0.34600976232457786,0.6123470352803561
She's so cute!,offensive_language,0.045581344512405135,0.5027169289701592,0.4517017265174356
They cancel sinine?,neither,0.03945320844208391,0.33037608806864915,0.630170703489267
Hey he stole my name!,neither,0.03304772120237762,0.4082564181251411,0.5586958606724813
Good pupper!,neither,0.037820165765928906,0.33093776632913474,0.6312420679049364
SHE IS AMAZING,neither,0.05299653639697762,0.44078644997412597,0.5062170136288964
that's ADORABLE,neither,0.0343714251695459,0.38593769553176943,0.5796908792986846
no fizgig you stay here!,neither,0.16695813090718536,0.3442210629187799,0.48882080617403467
Fizzgig was Amy's date in the test stream,neither,0.03875647241994997,0.32057610814564186,0.6406674194344083
"I like Fizzgig from Dark Crystal, but hate dogs, so I'm torn.",neither,0.1505995799151181,0.30429703673615444,0.5451033833487274
"Yeah, she looks like a real headcase chilling there on the carpet",offensive_language,0.0281662350285228,0.5095377386207757,0.4622960263507014
GnS does need more claymation...,neither,0.024534290428217302,0.4730266294736161,0.5024390800981665
awww Fizz cam,neither,0.03945320844208391,0.33037608806864915,0.630170703489267
tinytatoHeart tinytatoHeart tinytatoHeart tinytatoHeart,neither,0.03945320844208391,0.33037608806864915,0.630170703489267
she's a sweety,offensive_language,0.04464246123220158,0.6296812740735797,0.32567626469421873
Awwww,neither,0.03945320844208391,0.33037608806864915,0.630170703489267
daww,neither,0.03945320844208391,0.33037608806864915,0.630170703489267
awwwwwwwwwwwwww,neither,0.03945320844208391,0.33037608806864915,0.630170703489267
:D,neither,0.03945320844208391,0.33037608806864915,0.630170703489267
tired pupper,neither,0.03945320844208391,0.33037608806864915,0.630170703489267
awwww,neither,0.03945320844208391,0.33037608806864915,0.630170703489267
<3,neither,0.03945320844208391,0.33037608806864915,0.630170703489267
Dawwww,neither,0.03945320844208391,0.33037608806864915,0.630170703489267
Look at that snoot <3,neither,0.03462669956333865,0.43629998392063896,0.5290733165160223
Awwwwwww,neither,0.03945320844208391,0.33037608806864915,0.630170703489267
such a sweet babyyyyy,neither,0.03977615218842337,0.3248948898772513,0.6353289579343254
FizzGig is my Valentine,neither,0.033813265170576784,0.4295167608820263,0.536669973947397
Doggy! :D,neither,0.03945320844208391,0.33037608806864915,0.630170703489267
😘😘😘,neither,0.03945320844208391,0.33037608806864915,0.630170703489267
Puppy!,neither,0.03945320844208391,0.33037608806864915,0.630170703489267
pupper!,neither,0.03945320844208391,0.33037608806864915,0.630170703489267
DOG!!!!!!,neither,0.03945320844208391,0.33037608806864915,0.630170703489267
Gather your Puppers.,neither,0.0780690733417637,0.3196259537601841,0.6023049728980522
puppy love,neither,0.03609969109667712,0.3460607163663087,0.6178395925370141
would have been better if it was a cat,neither,0.022947032152918205,0.3865266477632189,0.590526320083863
gandsLessthanthree gandsLessthanthree gandsLessthanthree gandsLessthanthree gandsLessthanthree gandsLessthanthree,neither,0.03945320844208391,0.33037608806864915,0.630170703489267
those puppy eys BibleThump,neither,0.07005368918916331,0.2483318596042251,0.6816144512066116
i showed up at jsut the right time,neither,0.033383786701418366,0.42211095384135655,0.5445052594572252
Keep fizzy away from the chocolate!,neither,0.040903778121416406,0.27347268494387206,0.6856235369347115
Such a good doggo.,neither,0.03880879515499375,0.32401833602335794,0.6371728688216483
Who's the bestest valentine. Whosit? Is it FizzGiG? IZZIT?,neither,0.046168303251355285,0.3779993701249389,0.5758323266237058
it's Taliesin,neither,0.034373745257138544,0.33212314837979673,0.6335031063630647
Taleisin's the murderer,neither,0.03843498882663835,0.31168514531390124,0.6498798658594604
Fizzgig is so cute,neither,0.05720420617015732,0.3478199001416053,0.5949758936882373
The murder is in the chat room!,neither,0.04453004253622369,0.30281271802480536,0.6526572394389709
Thanks for the offer dude. But I'm good over here.,neither,0.05459171097318745,0.27240648351141894,0.6730018055153936
They're all the murder,neither,0.0626335316005891,0.35601796953443976,0.5813484988649713
Multiple of you may be murderer(s).,neither,0.054206973718675965,0.3507467319185495,0.5950462943627746
@halfaringcircus ITIZ!,neither,0.03945320844208391,0.33037608806864915,0.630170703489267
its me I did it,neither,0.022717497338884438,0.3851325175818466,0.592149985079269
Singles Appreciation Day,neither,0.03986632208376834,0.31819295670332226,0.6419407212129093
@misssunflower94 was he the murderer? Or was he the weapon?,neither,0.04498103104525351,0.31089203675694815,0.6441269321977984
Definitely Taliesin,neither,0.03945320844208391,0.33037608806864915,0.630170703489267
"@misssunflower94 I dunno I think he's just been an accessory after the fact many, many times.",neither,0.039517497916675894,0.3266404202106574,0.6338420818726667
<3,neither,0.03945320844208391,0.33037608806864915,0.630170703489267
it's probably sam,neither,0.03656766957632752,0.35349210670648135,0.6099402237171911
The pigeon dating sim is still ongoing xD,neither,0.04709030161732274,0.32559998751173214,0.6273097108709451
@harberst he killed people with his existence so both?,neither,0.07800809800367148,0.38821825944558386,0.5337736425507447
hateful/heartful boyfriend,neither,0.03945320844208391,0.33037608806864915,0.630170703489267
I so love Erika's Birthday Charity Stream!,neither,0.03719829255960826,0.37524389907103173,0.58755780836936
oh Japan and it's puns,neither,0.04213782645627281,0.23996986487483493,0.7178923086688923
"Oh, it's a japanese alliteration thing. Didn't know.",neither,0.02948654153062561,0.3252369767645866,0.6452764817047877
tako tako taco >.>,neither,0.03945320844208391,0.33037608806864915,0.630170703489267
"I have to be honest, I'm fine with people making Valentine's Day what they want. But I'll never make it anything but Romantic Love because we don't have any other holidays about that. And regardless of the commercial takeover of every holiday, romantic love is also important to the human experience for most people.",neither,0.07581759752318312,0.30476492383445875,0.6194174786423582
But I'll take the doggo though.,neither,0.03480950393933493,0.3230247309499824,0.6421657651106828
I've watched way more Hatoful Boyfriend than any sane person.,neither,0.025503131247457737,0.3174291566695467,0.6570677120829955
is Shield of Tomorrow playing again after this?,neither,0.04474193379532099,0.35662698229976125,0.5986310839049178
Wasn't there that Cowpiss japanese milk or something?,neither,0.03656996356970068,0.3294658363597643,0.633964200070535
!timer,neither,0.03945320844208391,0.33037608806864915,0.630170703489267
gather your party is ... just ... candy & sugar,neither,0.06293518789735994,0.3369513409930728,0.6001134711095673
awwww this is too cute 4 me,neither,0.040648708118273716,0.3405190774719292,0.6188322144097972
@Gunnerblaster yeeep,neither,0.03945320844208391,0.33037608806864915,0.630170703489267
I didn’t think that game could get worse and now there’s puns involved,neither,0.03099390150356828,0.22114839065107408,0.7478577078453575
!clock @Terraskye7,neither,0.03945320844208391,0.33037608806864915,0.630170703489267
It is currently Friday 9:10 PM at the Geek & Sundry studio in California.,neither,0.052016040391522675,0.32955547554272563,0.6184284840657517
@Terraskye7 Only been on for 10 minutes,neither,0.03155716103315674,0.32028629532659,0.6481565436402533
"@Gunnerblaster Calpis, yeah",offensive_language,0.013968601452186464,0.5182923869769311,0.4677390115708824
!rbschedule,neither,0.03945320844208391,0.33037608806864915,0.630170703489267
Find the unfinished rebroadcast schedule for the weekend here: http://bit.ly/WeekRebroadcast,neither,0.05904738035105781,0.17020024858160615,0.7707523710673361
!clock,neither,0.03945320844208391,0.33037608806864915,0.630170703489267
i want to steal the nasa posters,neither,0.047385471629889604,0.3002139341467491,0.6524005942233613
