text,top_class,hate_speech,offensive_language,neither
@piperstwin I run mine directly in the browser,neither,0.038688065619311686,0.3164309651648971,0.6448809692157911
"Sam, Hector, Bonnie, Amy, Aliza and Eric.",neither,0.03881972003657001,0.2989860302573031,0.6621942497061268
space rock is where it's at,neither,0.04620171918369942,0.3215947487758092,0.6322035320404913
@John_Sparks_Jr I have Symphony on the Vita. Still holds up.,neither,0.03373976932931276,0.38411390323344075,0.5821463274372465
Nothing says they can't pick up with the Pull storyline this much later,neither,0.028880874290876633,0.35584433465166937,0.615274791057454
So wait this upcoming show is Star Trek and not Comic Book Related? - JD VP @ Stage East?,neither,0.048095734754354746,0.300878651671199,0.6510256135744462
what? this is from sotn?,neither,0.06738931577404107,0.29262366742824225,0.6399870167977167
watched the first episode 3 weeks ago and am now up to date and first time live. I'M EXCITED!,neither,0.03450593448622632,0.3173491534341857,0.648144912079588
TwitchUnity hello all,neither,0.04217753453783664,0.43734383323855475,0.5204786322236087
"no voice from me though, chat only @shidareAKI",neither,0.0337355678334894,0.3588084432844957,0.6074559888820149
I made it just in time!,neither,0.031060641225712168,0.38162676136525026,0.5873125974090375
Hello!,neither,0.03945320844208391,0.33037608806864915,0.630170703489267
hiii peoples,neither,0.03945320844208391,0.33037608806864915,0.630170703489267
gandsClassic gandsClassic gandsClassic gandsClassic,neither,0.03945320844208391,0.33037608806864915,0.630170703489267
time to turn the volume up 5 notches,neither,0.04082630936551703,0.37357349112664207,0.5856001995078409
Yay,neither,0.03945320844208391,0.33037608806864915,0.630170703489267
Hailing Frequencies Open!,neither,0.03945320844208391,0.33037608806864915,0.630170703489267
"Hi everybody! [Hi, Doctor Nick!]",neither,0.03945320844208391,0.33037608806864915,0.630170703489267
Hi Crew!,neither,0.03945320844208391,0.33037608806864915,0.630170703489267
Hiiiii,neither,0.03945320844208391,0.33037608806864915,0.630170703489267
Prayer circle for the Sally Ride! and her crew!,neither,0.028663265961888996,0.40344380295332577,0.5678929310847853
@VascoDaGame Wow! You binged hard. Impressive!,offensive_language,0.043358583967440883,0.5767275486030987,0.37991386742946043
!whodat,neither,0.03945320844208391,0.33037608806864915,0.630170703489267
now I just want peanut butter,neither,0.03586789791769353,0.34473187096608626,0.6194002311162201
"GM Eric Campbell ( twitter.com/16BitEric ), with Amy Dallen ( twitter.com/enthusiamy ), Hector Navarro ( twitter.com/Hectorisfunny ), Sam de Leve ( twitter.com/ChaiKovsky ), Bonnie Gordon ( twitter.com/BonnieBellG ), and Gina DeVivo ( twitter.com/PocketGina ).",neither,0.036256870372399295,0.4617424034006301,0.5020007262269707
Yay I'm caught up,neither,0.036820320441308924,0.3836392965814698,0.5795403829772212
Is that a Raspberry Pi on his desk?,neither,0.06083858919031152,0.37236665596413493,0.5667947548455535
"Sally Ride getting blowing into chunks, maybe?",neither,0.03614889313065934,0.3864589424793082,0.5773921643900324
because I'm so jelly,neither,0.03941039033041403,0.3780790482519995,0.5825105614175866
,neither,0.03945320844208391,0.33037608806864915,0.630170703489267
Aliza! Guess what they did with your character in your absence!,neither,0.08603924511011468,0.34587845040177756,0.5680823044881078
HI everyone! First time getting to watch live since the new schedule!,neither,0.03933420708250582,0.3794710114490725,0.5811947814684216
And Gina!,neither,0.03763944115734239,0.1918412352459551,0.7705193235967025
"Shield Of Tomorrow, Chunky Style",neither,0.04021080159588634,0.29778084564931734,0.6620083527547963
Berry pie would be nice...,neither,0.03925108805669976,0.3286835579835442,0.6320653539597562
Fascinating,neither,0.03945320844208391,0.33037608806864915,0.630170703489267
chunky klingon lovin,neither,0.04036125621644156,0.29121422821863097,0.6684245155649275
Shhhhh @Zismarith let her find out >>,neither,0.02099316136376949,0.48599896912699836,0.49300786950923214
Sounds delicious,neither,0.03945320844208391,0.33037608806864915,0.630170703489267
glaze combat,neither,0.03945320844208391,0.33037608806864915,0.630170703489267
We have a subscriber-only Discord server! Join here: https://discord.gg/geekandsundry (you'll need to sub and link it to your Twitch) and be a part of the fun!...Warning: It can take up to an hour for the server to update and give you access to the channels,neither,0.08464076273808444,0.286394834032893,0.6289644032290227
Nope,neither,0.03945320844208391,0.33037608806864915,0.630170703489267
Can I get 2?,neither,0.038895114474848065,0.3398483992018324,0.6212564863233194
like L'Rell,neither,0.10032665912632961,0.39589500941497124,0.5037783314586992
"The regular spelling, folks",neither,0.03870618047311834,0.3167677790547853,0.6445260404720963
"Shadowrun's got a ""chunky salsa"" rule",neither,0.03912556329196174,0.33737718108435233,0.623497255623686
"@Zismarith I have the original PSX version, PSP disc remake that was on the Chronicles game, and a downloaded copy on my PS3",neither,0.02958896193918117,0.3511163992193887,0.6192946388414302
It's chunky. Like salsa. A state hopefully the crew will avoid...,neither,0.06403908141992798,0.23763062647744296,0.6983302921026291
T H I C C Klingons,neither,0.03945320844208391,0.33037608806864915,0.630170703489267
!section31,neither,0.03945320844208391,0.33037608806864915,0.630170703489267
<message deleted>,neither,0.03945320844208391,0.33037608806864915,0.630170703489267
T H I C C Klingons Kappa,neither,0.03945320844208391,0.33037608806864915,0.630170703489267
YAY time for best part of fridays,neither,0.0341706951807388,0.3186199147549789,0.6472093900642824
@Zismarith I LOVE that game so MUCH,neither,0.027611218679141798,0.39405443125556805,0.5783343500652902
@DeathByFugu killer ending for Discovery eh?,neither,0.034657525177967434,0.30641526214271525,0.6589272126793174
"the ""Chuncky"" candy bar was great.",neither,0.03706921687851358,0.29741363910174123,0.6655171440197452
WHAT?!,neither,0.057770773616808734,0.3180719994247239,0.6241572269584672
ohhhh,neither,0.03945320844208391,0.33037608806864915,0.630170703489267
Is this live or rebroadcast ?,neither,0.05891522972578258,0.32576906797958016,0.6153157022946373
!highfive @Nanosphere5,neither,0.03945320844208391,0.33037608806864915,0.630170703489267
PDF I WANT WANT WANT,neither,0.04006735011429477,0.3199525011091858,0.6399801487765195
derekleeketchum reaches up and delivers @Nanosphere5 a crisp high five,neither,0.03487086915675038,0.3916874527896188,0.5734416780536309
cool!,neither,0.03945320844208391,0.33037608806864915,0.630170703489267
"@John_Sparks_Jr Yes, I think I do have the original disk. I'd be disappointed with myself if I didn't.",neither,0.018199167075525678,0.40079860274175944,0.5810022301827148
pdfs. is that some kind of drug eric,neither,0.03556585917733129,0.3716541810816445,0.5927799597410243
Awwwww yiss,neither,0.03945320844208391,0.33037608806864915,0.630170703489267
That's very neat :o,neither,0.03583181145451442,0.36971876858741604,0.5944494199580694
oooooooo,neither,0.03945320844208391,0.33037608806864915,0.630170703489267
"Download the new Critical Role theme song for Campaign Two! http://itunes.apple.com/album/id1331550250?ls=1&app=itunes Sales of the song support the musician, Jason Charles Miller.",neither,0.04445767596344001,0.2510827790306858,0.7044595450058742
"shut up hector, jerz",neither,0.06265639021040895,0.38499471102054117,0.5523488987690499
@nanosphere5 THICC klingons two work I never heard before together,neither,0.03382404743015527,0.4049089047899623,0.5612670477798823
"which article, the one from today?",neither,0.03770816635710015,0.30988496453599584,0.652406869106904
can they turn thier mics up a tad??????,neither,0.03773232093765642,0.3651620528159211,0.5971056262464225
Rebroadcast,neither,0.03945320844208391,0.33037608806864915,0.630170703489267
"NEXT the new episode of SHIELD OF TOMORROW: 4-7 pm ... then at 9-11 pm Gather Your Party, the next rebroadcast of the newest Critical Role(C2ep6), will be following GYP at 11:30 pm Pacific time.",neither,0.046143628501299376,0.3103018272501492,0.6435545442485514
levar burton is awesome,neither,0.0453600291958368,0.32834446155060887,0.6262955092535545
Happy Birthday Levar! We adore you!,neither,0.05368904514958611,0.3736496229175808,0.5726613319328331
"Help G&S make great content! $4.99/month gets you emotes, Minecraft server access, sub-only VODs, and more! Every sub keeps the channel alive! twitch.tv/geekandsundry/subscribe",neither,0.043907990691603095,0.31135964332838284,0.644732365980014
take a look,neither,0.04257825848399213,0.3293012400581843,0.6281205014578236
it's in a book,neither,0.03759255354980532,0.3310160526075549,0.6313913938426396
it's in a book,neither,0.03759255354980532,0.3310160526075549,0.6313913938426396
moon2WOW,neither,0.03945320844208391,0.33037608806864915,0.630170703489267
"If you don’t listen to Levar Burton Reads, you should!",neither,0.05885958268432827,0.45476960050661497,0.48637081680905675
uh gandsHR ?,neither,0.03945320844208391,0.33037608806864915,0.630170703489267
"@Zismarith Hahaha, I totally get that. Yeah I put away my PS1 version because I ended up rebuying it for $10 on PSN/PS3",neither,0.021337664448977094,0.4463564531458946,0.5323058824051283
reading rainbow,neither,0.03945320844208391,0.33037608806864915,0.630170703489267
Levar is awesome.,neither,0.04699931577157874,0.3277806357267375,0.6252200485016837
A Reading KappaPride,neither,0.03945320844208391,0.33037608806864915,0.630170703489267
!rbschedule,neither,0.03945320844208391,0.33037608806864915,0.630170703489267
Find the unfinished rebroadcast schedule for the weekend here: http://bit.ly/WeekRebroadcast,neither,0.05904738035105781,0.17020024858160615,0.7707523710673361
"dude, I love her hair",offensive_language,0.027092438543749642,0.590432340895796,0.38247522056045447
"The only time you shouldn't listen to Levar Burton, it was when he'd tell you that you didn't have to take his word for it",neither,0.060675270462978374,0.4409871835664358,0.49833754597058566
Whoever does the Sets do an Awesome Job. That had to take a lot of paint. - JD Vp @ Stage East.,neither,0.034354534691747526,0.3925925507455606,0.573052914562692
Virginia!,neither,0.03945320844208391,0.33037608806864915,0.630170703489267
so sage is going to die this episode confirmed,neither,0.13865403847715665,0.23523351219939018,0.6261124493234531
Bonnie's streak is ending BibleThump,neither,0.046897731963301346,0.32781557505659087,0.6252866929801078
at least she has the comfort targ right next to her,offensive_language,0.0354155014261124,0.6079144644550658,0.3566700341188218
whaaaaaaaaat,neither,0.03945320844208391,0.33037608806864915,0.630170703489267
mass freak out,neither,0.0352046483876397,0.3466743557710099,0.6181209958413504
omg what that is awesome,neither,0.049489068191967446,0.3647782805683282,0.5857326512397043
oh damn,offensive_language,0.05096471030591599,0.9063512536062347,0.04268403608784929
that's sooooo cool,neither,0.03531671955722699,0.37541922458145405,0.5892640558613188
Crew.exe has stopped working,neither,0.03973372569411894,0.32561497820992447,0.6346512960959567
*glass shattering scream*,neither,0.03945320844208391,0.33037608806864915,0.630170703489267
Niiiiiiice,neither,0.03945320844208391,0.33037608806864915,0.630170703489267
BONNIE,neither,0.03945320844208391,0.33037608806864915,0.630170703489267
hahaha<4,neither,0.03945320844208391,0.33037608806864915,0.630170703489267
Easy. EASY. Nope. Too late.,neither,0.03928535288127387,0.33322503500370126,0.6274896121150247
Crutch Mini!!!,neither,0.03945320844208391,0.33037608806864915,0.630170703489267
the hyperventilating squeah of commander rue!,neither,0.03844687795248065,0.3119098617826864,0.6496432602648329
I think Sam is excited :-D,neither,0.048066633449207086,0.31894341513926117,0.6329899514115317
happy happy Joy joy,neither,0.03945320844208391,0.33037608806864915,0.630170703489267
Those reactions though,neither,0.06347827646556395,0.2628826502104112,0.6736390733240248
Sam loses aaaaaaaaall their shit,offensive_language,0.046464060009006346,0.9489972087910782,0.004538731199915499
post SO MANY PICS,neither,0.03941093670412406,0.37645333785756785,0.584135725438308
and the episode is postponed because the crew collectively stops breathing,neither,0.042424441745984254,0.2903640600352514,0.6672114982187645
"on this episode of ""Sam Loses Their Sh*t"" THE ENTIRE CREW LOSES THEIR SHIT Kappa",offensive_language,0.05155932954895386,0.796793727692085,0.15164694275896115
someone gift me subs plsssss,neither,0.033248104208356756,0.36366104058362436,0.6030908552080189
Ultimate shit losing,offensive_language,0.044946355754871437,0.953357635406872,0.0016960088382565524
Oh my goodness,neither,0.03223854755348843,0.3699768092684252,0.5977846431780863
Sam takes to the sky with their excite powers,neither,0.03572184512310923,0.3403041934176963,0.6239739614591944
it's always better than you think. until it isn't,neither,0.047966185780145526,0.4144874374817108,0.5375463767381436
aaaaaaaaaaa,neither,0.03945320844208391,0.33037608806864915,0.630170703489267
"No show this week, just everyone screaming in joy for 3h. :D",neither,0.03653371626877306,0.3549844732279035,0.6084818105033235
LOL,neither,0.020706217963973744,0.4882283491876925,0.4910654328483337
sam broke!,neither,0.03945320844208391,0.33037608806864915,0.630170703489267
Sam just EXPLODES,neither,0.033432421522220895,0.35920988021550637,0.6073576982622726
"OK, now you have to not die til at least next week...",neither,0.15674409744129422,0.24297395558697293,0.6002819469717328
sam went black alert,neither,0.05708508794755646,0.315596853120314,0.6273180589321297
Did they break Sam?,neither,0.03945320844208391,0.33037608806864915,0.630170703489267
Agh! My Internet fought me! What happened!?,neither,0.028985203667385797,0.42311115345827827,0.547903642874336
they died as they lived: excited,neither,0.037962571307908734,0.35567609048852333,0.6063613382035681
Now he needs to make maps like Matt.,neither,0.05728485279658672,0.33664528028408486,0.6060698669193283
"How to break the crew of Shield of Tomorrow, Give them painted minis!",neither,0.052158495689344025,0.3126926178786406,0.6351488864320154
all the dquee,offensive_language,0.041785587507551285,0.49387059749283524,0.46434381499961347
Sam died to losing too much of their $@!$.,neither,0.04096705759458325,0.3317677743107483,0.6272651680946685
The crew has officially lost their ability to can,neither,0.043685579352238574,0.3094971738521229,0.6468172467956385
!respect,neither,0.03945320844208391,0.33037608806864915,0.630170703489267
"If you would like to share opinions on our hosts, guests or fellow viewers, please do so in a respectful manner. Don't make them feel uncomfortable.",neither,0.04843323757214918,0.39559142321184637,0.5559753392160044
squee*,neither,0.03945320844208391,0.33037608806864915,0.630170703489267
Excitement OVERLOAD larsfestGasm,neither,0.03945320844208391,0.33037608806864915,0.630170703489267
WE ALL ARE! :D,neither,0.10629901295492546,0.3812499397304359,0.5124510473146386
Woah,neither,0.03945320844208391,0.33037608806864915,0.630170703489267
she broke my sound bar,offensive_language,0.03015910668116886,0.49237833489831834,0.4774625584205127
"I don't know what this is, but I'm curious.",neither,0.04895111272725086,0.3345136374164971,0.6165352498562521
!subcount,neither,0.03945320844208391,0.33037608806864915,0.630170703489267
!nonbinary @wrath77x,neither,0.03945320844208391,0.33037608806864915,0.630170703489267
"Just your weekly reminder that Sam/Junil Rue is non-binary and uses they/them/their pronouns. Non-binary people, such as Sam, do not identify as male or female. For more information about people who identify as non-binary, check out this helpful link: https://goo.gl/yiBWJP",neither,0.05767622204307906,0.37610167259611094,0.56622210536081
hm this seens cool,neither,0.03935643988016749,0.332018503110193,0.6286250570096394
what,neither,0.057770773616808734,0.3180719994247239,0.6241572269584672
!sotwiki,neither,0.03945320844208391,0.33037608806864915,0.630170703489267
@Wrath77x *They,neither,0.03945320844208391,0.33037608806864915,0.630170703489267
"Go on an adventure, and explore the Shield of Tomorrow Wiki! - http://shield-of-tomorrow.wikia.com/wiki/Shield_of_Tomorrow_Wiki",neither,0.03697831220660964,0.2705621833882883,0.692459504405102
nobody can even :D @derekleeketchum,offensive_language,0.030327625114536433,0.5095536677458654,0.460118707139598
"Sam is broken, please reboot and give snacks",neither,0.04383717619927154,0.30388308216394677,0.6522797416367817
I can't recall the last time I saw a group of people collectively loose their minds like that. Awesome.,neither,0.0544614901097068,0.35475503377367307,0.5907834761166201
is this the wierd part of twitch?,neither,0.04438871710507124,0.31807198586704905,0.6375392970278796
Sam always wins the excitement game,neither,0.03715535340071776,0.3277106503066841,0.6351339962925981
@JLangers151 between 1 and 1billion,neither,0.03833210065483208,0.27041893976330594,0.691248959581862
!wtfisthis,neither,0.03945320844208391,0.33037608806864915,0.630170703489267
"This is Shield of Tomorrow, join our crew aboard the USS Sally Ride for adventures and exploration in space! Playing the STAR TREK Adventures RPG by Modiphius.",neither,0.03932222945167215,0.30238585689052805,0.6582919136577997
!Hyperactive,neither,0.03945320844208391,0.33037608806864915,0.630170703489267
This is the geeky part of Twitch,neither,0.04564635795213606,0.31525459883837703,0.639099043209487
I stand corrected,neither,0.03945320844208391,0.33037608806864915,0.630170703489267
"@OddityBloggity Star Trek RPG system, by Modiphius.",neither,0.040385550590873585,0.3661859755462671,0.5934284738628594
now we just build a tiny tiny bridge to scale for the minis,neither,0.03675602642762273,0.3174833739241221,0.6457605996482552
"This is imho the best RPG show on G&S.... but I am way more a Trekkie than I am a D&D fan, so I may be a bit biased ^^",neither,0.04809105770289029,0.30220912752489343,0.6496998147722162
Holy shit,offensive_language,0.04257650662097627,0.9573463282193174,7.716515970639687e-05
that opening,neither,0.034331915392564236,0.38637883177222937,0.5792892528352064
this is the only part of twitch I want to be a part of,neither,0.0480420040518377,0.31769371448643435,0.6342642814617279
@stonedandblazed No this is the nerdy side of Twitch,neither,0.03973591916870369,0.3540982981476181,0.6061657826836782
!nonbinary,neither,0.03945320844208391,0.33037608806864915,0.630170703489267
"Just your weekly reminder that Sam/Junil Rue is non-binary and uses they/them/their pronouns. Non-binary people, such as Sam, do not identify as male or female. For more information about people who identify as non-binary, check out this helpful link: https://goo.gl/yiBWJP",neither,0.05767622204307906,0.37610167259611094,0.56622210536081
latino rping a latino. Hector. Man....,neither,0.03952465234819501,0.37109969771177287,0.5893756499400322
!uptime,neither,0.03945320844208391,0.33037608806864915,0.630170703489267
@Ossborn I stand firmly by your heavily biased opinion.,neither,0.0605519379473027,0.35622162572987853,0.5832264363228187
"so people come to ""geek"" and sundry to complain about geekiness. Fun",neither,0.06742876325941832,0.35905078387436506,0.5735204528662166
Um time,neither,0.03801074218570214,0.354858504976396,0.607130752837902
I love how excited the cast is!!!,neither,0.04266942558126173,0.32569782161506305,0.6316327528036751
BRB in two hours Fam,neither,0.03994285757150865,0.3220654644599128,0.6379916779685785
Everyone is pkaying with themselves.. sorta,neither,0.03151182139439356,0.43661547188388683,0.5318727067217196
We just started,neither,0.03339900597025443,0.36187862205418875,0.6047223719755569
#HyperActiveHappy,neither,0.03945320844208391,0.33037608806864915,0.630170703489267
!sotauxdiscord,neither,0.03945320844208391,0.33037608806864915,0.630170703489267
USS Sally Ride Aux Crew Discord: https://discord.gg/zxt2TeH,neither,0.03945320844208391,0.33037608806864915,0.630170703489267
"@Ossborn This is currently my favorite RPG show on the channel, but next week, Weave may take over!",neither,0.0389573073497848,0.33310643367687287,0.6279362589733424
weave is too chaotic to be better than this,neither,0.05376171405888414,0.33959517115156307,0.6066431147895528
!uptime,neither,0.03945320844208391,0.33037608806864915,0.630170703489267
I think he meant stalemate,neither,0.04683326543314598,0.31734691601839876,0.6358198185484554
All our RPGs are good RPGs <3,neither,0.053492481519858096,0.3434492198113426,0.6030582986687993
@chaoticloony @Ossborn Don't make me choose.,neither,0.03158855463956459,0.3732347265023804,0.5951767188580549
I think he meant yahtzee,neither,0.04683326543314598,0.31734691601839876,0.6358198185484554
!subscribe,neither,0.03945320844208391,0.33037608806864915,0.630170703489267
!schedule,neither,0.03945320844208391,0.33037608806864915,0.630170703489267
Current Schedule ( as of February 2018 ): http://bit.ly/GnSQ12018 - more info about shows at: https://geekandsundry.com/twitch/,neither,0.03693542474345946,0.31252428244666686,0.6505402928098738
!sub,neither,0.03945320844208391,0.33037608806864915,0.630170703489267
Help support the #GnSLive twitch channel! $4.99/month gets you exclusive sub-only benefits and helps keep the channel alive! Thanks! twitch.tv/geekandsundry/subscribe or for MOBILE https://secure.twitch.tv/products/geekandsundry/ticket/new,neither,0.047564760200365624,0.28780811278399754,0.6646271270156369
of course to be really accurate rue's mini should be standing over the body of a conquered foe,neither,0.04747611067636541,0.34211515337386356,0.6104087359497711
,neither,0.03945320844208391,0.33037608806864915,0.630170703489267
did i miss an episode?,neither,0.03330657675559691,0.3274086704560848,0.6392847527883183
Klingon VS Spartan (no not halo spartan) who wins?,neither,0.03826070195490374,0.3926640577317969,0.5690752403132995
I finally remembered and didnt catch the program half way through!,neither,0.03847532190620065,0.2956828733625374,0.6658418047312621
"Darn, I have to recap on these ST vids",neither,0.046725797554476346,0.38451227676237204,0.5687619256831516
"Weave is to close to ""The Weaver"".... an evil entity in WereWolf- The Apocalypse :-P",neither,0.05141349037787269,0.30347736748783316,0.6451091421342942
This was to explain Aliza's absence last week,neither,0.04538540588471718,0.33006626285458224,0.6245483312607005
the viewers @angelus2141,neither,0.03843498882663835,0.31168514531390124,0.6498798658594604
@geddon_shrug depends what your up to?,neither,0.09217515354507376,0.36503077401282646,0.5427940724420997
@geddon_shrug were you able to watch last week?,neither,0.06659170166610649,0.342822869111746,0.5905854292221475
300 psartan or halo spartan? @angelus2141,neither,0.03945320844208391,0.33037608806864915,0.630170703489267
@megjane42 I would go for no less than them sitting on a throne of foes,neither,0.04112240738999324,0.32745111912267705,0.6314264734873296
"Whew, still recapping. Hi everyone!",neither,0.032375689412464485,0.4505000568540888,0.5171242537334466
@PipersTwin Aaaaaaaaaaaaa,neither,0.03945320844208391,0.33037608806864915,0.630170703489267
r6salute,neither,0.03945320844208391,0.33037608806864915,0.630170703489267
they just finished the pull,neither,0.03424591987996337,0.33505257805044575,0.6307015020695909
"PipersTwin ""best show"", I agree, but MnC is no RPG ;-)",neither,0.05729580796810535,0.2717977415942026,0.670906450437692
Squid3,neither,0.03945320844208391,0.33037608806864915,0.630170703489267
@PipersTwin 300,neither,0.03945320844208391,0.33037608806864915,0.630170703489267
bundaberg rum,neither,0.03945320844208391,0.33037608806864915,0.630170703489267
@pfwscott hiiiiiii buddy!,neither,0.03945320844208391,0.33037608806864915,0.630170703489267
i miss much?,neither,0.02607816503152896,0.33497637881821335,0.6389454561502576
who really wants flashbacks though,neither,0.039950562953641855,0.38305099295020134,0.576998444096157
first time catching live,neither,0.03546075061880452,0.3499498067714455,0.61458944260975
any dallen is Kreygasm,neither,0.05600462551784089,0.3246832967610936,0.6193120777210654
@geddon_shrug that is 1st season this is third season,neither,0.04735090686667267,0.34863848903326555,0.6040106041000618
@geddon_shrug Welcome and enjoy!,neither,0.03860730184226345,0.28722824611601955,0.6741644520417169
amy*,neither,0.03945320844208391,0.33037608806864915,0.630170703489267
@geddon_shrug are you watching on YouTube? Because that’s two seasons behind,neither,0.06315777818557115,0.35910170813529513,0.5777405136791337
!rbschedule,neither,0.03945320844208391,0.33037608806864915,0.630170703489267
Find the unfinished rebroadcast schedule for the weekend here: http://bit.ly/WeekRebroadcast,neither,0.05904738035105781,0.17020024858160615,0.7707523710673361
!section31,neither,0.03945320844208391,0.33037608806864915,0.630170703489267
<message deleted>,neither,0.03945320844208391,0.33037608806864915,0.630170703489267
1 v 1 a klingon would win but as a unit the spartans would win @angelus2141,neither,0.035205663638285895,0.3406392252085971,0.624155111153117
"Sentinel1_9 You just missed a massive outbreak of joy and excitement... by all the crew, not just Sam only",neither,0.041573071902880766,0.4007676410448732,0.5576592870522459
"With her stats, it is really difficult to Throlo Dr. Sh'shiros off",neither,0.03414127132498003,0.47029500294203364,0.49556372573298635
i was lol,neither,0.02486608677195508,0.44819051227453544,0.5269434009535094
