text,top_class,hate_speech,offensive_language,neither
Oh no!,neither,0.04751210705993949,0.26629718932274826,0.6861907036173122
"@Ripartist I appreciate the sentiment, but my day has been hot garbage from beginning to end.",neither,0.03460088897217302,0.35392053600584966,0.6114785750219772
LOL OMG,neither,0.028153223926309316,0.41615248093853685,0.5556942951351538
I hope you had a fantastic day @Ripartist,neither,0.10351515054716195,0.24435201151879346,0.6521328379340445
"Noooo, hope Marisha feels better",neither,0.07101042731052624,0.2319457646793722,0.6970438080101016
i wonder where she went,neither,0.04346370727666109,0.39011635665536304,0.5664199360679759
beep beep!,neither,0.03945320844208391,0.33037608806864915,0.630170703489267
"The channel has gone live. If you cannot see the folks in the studio , please refresh.",neither,0.03723955741942503,0.3496909644204777,0.6130694781600973
ohhhhh noooo,neither,0.03945320844208391,0.33037608806864915,0.630170703489267
Bidet from Phoenix!,neither,0.04066490145509902,0.30981049537100724,0.6495246031738937
that poster... funny,neither,0.03455342152768784,0.39018928552233123,0.5752572929499808
Aww poor Marisha get well soon,neither,0.03903322872977084,0.3375042398463104,0.6234625314239187
"lol, great poster",neither,0.030304458249918845,0.356714281118063,0.6129812606320181
"Aw, everyone misses her.",offensive_language,0.028061885100522165,0.5717808654554456,0.4001572494440322
"I hope she's better by Thursday, she's never missed a campaign episode before",neither,0.05587648083240225,0.4511341640383364,0.49298935512926134
beep boop,neither,0.03945320844208391,0.33037608806864915,0.630170703489267
Best Poster yet,neither,0.03860212204339016,0.3232492001395815,0.6381486778170283
I hope marisha gets better soon 😔,neither,0.0777895091394341,0.2163062558440197,0.7059042350165462
"repeat The channel has gone live. If you cannot see the folks in the studio , please refresh.",neither,0.0373634929483334,0.34859131571055346,0.6140451913411132
:( Poor Marisha! I hope she feels better soon!,neither,0.07083611793857492,0.3013445092618841,0.627819372799541
I love GS humor,neither,0.03695568432102715,0.34196125682243217,0.6210830588565408
gandsSCANLAN,neither,0.03945320844208391,0.33037608806864915,0.630170703489267
Bidet from PA,neither,0.04069404815304118,0.30931579984010865,0.6499901520068502
The glue got the flu,neither,0.036922133185936235,0.34064594770877205,0.6224319191052917
We need to send her some chicken soup!,offensive_language,0.030770078502354765,0.5006263702480481,0.468603551249597
;( awww Marishaaa,neither,0.03945320844208391,0.33037608806864915,0.630170703489267
Just waiting over her,offensive_language,0.023237657611983747,0.6017755398899136,0.3749868024981026
ahahahaha that picture of marisha,neither,0.033994664920416306,0.3901489073896502,0.5758564276899335
Hey chat,neither,0.03945320844208391,0.33037608806864915,0.630170703489267
Yo,offensive_language,0.04010381111145228,0.5271105317972344,0.4327856570913131
I can not watch cr on Thursday without Bou!,neither,0.040306164057199646,0.3377841583004515,0.6219096776423488
bidet from Oregon!,neither,0.04071751644889743,0.3089174816120565,0.6503650019390461
RIP Marisha Ray,neither,0.03945320844208391,0.33037608806864915,0.630170703489267
Bidet from MI,neither,0.04081748366884477,0.3072207769958956,0.6519617393352596
chicken soup? or greater restoration?,neither,0.03945320844208391,0.33037608806864915,0.630170703489267
oh shit whatup!?,offensive_language,0.0490593165132749,0.9490641430805331,0.0018765404061920378
Poor Marisha. Hope she feels better soon.,neither,0.07083611793857492,0.3013445092618841,0.627819372799541
this is gonna be my first talks machina live,neither,0.03255740145814578,0.44529889125105665,0.5221437072907975
is that her ... what do you call it? actors resume photo?,offensive_language,0.05077166625379827,0.5615855672034044,0.38764276654279745
@Darastrygat so sorry to hear that hope it gets better now that you are here to watch TM with all of us =),neither,0.1746927119308654,0.3460391785684411,0.47926810950069354
headshot?,neither,0.03945320844208391,0.33037608806864915,0.630170703489267
NOt highe enough lvl for GR,neither,0.033042539241929694,0.3078997763116961,0.6590576844463742
@cabezadecervez Headshot?,neither,0.03945320844208391,0.33037608806864915,0.630170703489267
Beep beep bidet from a critter in cali,neither,0.040732658327453514,0.3086604844158057,0.650606857256741
headshot,neither,0.03945320844208391,0.33037608806864915,0.630170703489267
Marisha is out rock BibleThump,neither,0.04381393883653656,0.3490136575619317,0.6071724036015317
@Ripartist That's the idea. :),neither,0.03326715928019587,0.36485081398524,0.6018820267345641
"this is gonna be weird, never seen an episode of TM that only had one person, but i also have only been watching since the end of the last campaign",neither,0.036495825476027546,0.38681867436404666,0.5766855001599258
She'll be missed,neither,0.041823609461326,0.4380761235060135,0.5201002670326604
our lol,neither,0.027687757149604336,0.4202352672773118,0.5520769755730838
That poster is great,neither,0.04135404843020637,0.3429774939373913,0.6156684576324023
welcome @Luxordtimet,neither,0.03945320844208391,0.33037608806864915,0.630170703489267
Hi,neither,0.03945320844208391,0.33037608806864915,0.630170703489267
Funny,neither,0.03743087889716943,0.36470029830538836,0.5978688227974422
"Help G&S make great content! $4.99/month gets you emotes, Minecraft server access, sub-only VODs, and more! Every sub keeps the channel alive! twitch.tv/geekandsundry/subscribe",neither,0.043907990691603095,0.31135964332838284,0.644732365980014
second,neither,0.03945320844208391,0.33037608806864915,0.630170703489267
bidet from scotland,neither,0.04062582848913359,0.31047366557575606,0.6489005059351104
@cyancrusader254 thank you been good so far and about to get better =D,neither,0.054061270441735323,0.40236082438991266,0.543577905168352
It'll be tragic if the karekareo gif doesnt win gif/fanart of the week,neither,0.02993773231023274,0.34206684842658147,0.6279954192631858
bidet from tennessee,neither,0.04071751644889743,0.3089174816120565,0.6503650019390461
good luck Taliesin lmfao,neither,0.04669633877163864,0.3278848434102098,0.6254188178181515
"Has anyone checked Black Rock City, NV???",neither,0.05455118484890417,0.31280958150779914,0.6326392336432968
"Bidet from Long Beach, CA",neither,0.04016627722257912,0.3131715446852106,0.6466621780922104
Who's going 1 on 1 with Brian?,neither,0.02590153472680237,0.4684354003679018,0.5056630649052959
,neither,0.03945320844208391,0.33037608806864915,0.630170703489267
who's the guest?,neither,0.03899337485998115,0.381895809265938,0.5791108158740808
Hello from Fresno California,neither,0.06103588589670948,0.3055696020229976,0.6333945120802931
"I see what you did there @ModestHandsomeDevil , wrong time of year",neither,0.05778819373401408,0.34249047602125304,0.599721330244733
@dezward the 90s cartoon style one?,neither,0.038144703993415206,0.3414003452218554,0.6204549507847293
wjen you havent seen the last episode,neither,0.05174825071815232,0.3525419882604247,0.5957097610214229
Bidet from tx,neither,0.04081748366884477,0.3072207769958956,0.6519617393352596
@MisterNate42 Talieson,neither,0.03945320844208391,0.33037608806864915,0.630170703489267
Bidet from Ohio.,neither,0.040754399270683486,0.3082914838698526,0.650954116859464
hello,neither,0.03945320844208391,0.33037608806864915,0.630170703489267
@GeekandSundry Love this week's poster,neither,0.03666739756934014,0.34443242575130545,0.6189001766793543
"bidet from austin, tx!\",neither,0.0404991143919742,0.31262433450199256,0.6468765511060333
Bidet from KY,neither,0.04062582848913359,0.31047366557575606,0.6489005059351104
"Our guest this Tuesday is Taliesin, discussing episode 6!",neither,0.044256148912873154,0.3296716523674254,0.6260721987197014
Bidet from Central Kentucky,neither,0.040394171658393964,0.31440548656955947,0.6452003417720467
bidet from tennessee,neither,0.04071751644889743,0.3089174816120565,0.6503650019390461
Good evening everyone,neither,0.03308870833616604,0.42926799388711456,0.5376432977767195
yur the only 10 I see,neither,0.03835842252938375,0.3102335325274025,0.6514080449432137
bidet from garden grove California,neither,0.05973421983411923,0.3068804373496683,0.6333853428162125
Grats @Scribjerky,neither,0.03945320844208391,0.33037608806864915,0.630170703489267
"@Scribjerky i miss those guys, we got mudcrabs in Skyrim but no scrib, wtf?",offensive_language,0.04719503098689068,0.4959486800179859,0.4568562889951234
omg the poster,neither,0.038542545499220184,0.3137115688132486,0.6477458856875313
Is Marisha still sick? Guessing thats the reason for the poster? lol,neither,0.034075074752442834,0.3327679152506272,0.6331570099969298
i used my free prime account,neither,0.0305706139955014,0.39775358945317857,0.57167579655132
bidet from nj,neither,0.04069404815304118,0.30931579984010865,0.6499901520068502
bidet from North Carolina,neither,0.04040057148408362,0.31429686482539193,0.6453025636905245
gandsCrit gandsCrit gandsCrit gandsCrit gandsCrit,neither,0.03945320844208391,0.33037608806864915,0.630170703489267
Grats @Biggsygc,neither,0.03945320844208391,0.33037608806864915,0.630170703489267
"Yo, who’s on tonight?",neither,0.03309423307262871,0.4775237040106039,0.48938206291676734
Bidet from Nashvegas!,neither,0.04228451509352876,0.2823214250720796,0.6753940598343917
"rip Tal, all alonw",neither,0.04109723292124028,0.3966780680863789,0.5622246989923809
is this open for people who aren't subbed to the channel yet?,neither,0.062050502263800385,0.3327265368395988,0.6052229608966008
Thanks JerrodOwex!,neither,0.035884468650613,0.3004919205142699,0.6636236108351171
@Fallendragon41 yes,neither,0.03945320844208391,0.33037608806864915,0.630170703489267
The poster rocks,neither,0.03863707841191885,0.3154809545033296,0.6458819670847515
"no random folks wandering about the set? i feel cheated. oh, there we go.",neither,0.04108742783330418,0.2934776111496793,0.6654349610170166
"Our guest this Tuesday is Taliesin, discussing episode 6!",neither,0.044256148912873154,0.3296716523674254,0.6260721987197014
I'm so used to Critical Role chat. It's nice to be able to actually read this.,neither,0.0495633778339667,0.34991210552413915,0.6005245166418942
Bidet from St.L,neither,0.0408948396164547,0.30590784468201904,0.6531973157015263
Talks Machina live is open to everyone,neither,0.050817302212267774,0.4076550548656544,0.5415276429220778
@SunshineRei yes,neither,0.03945320844208391,0.33037608806864915,0.630170703489267
hello!,neither,0.03945320844208391,0.33037608806864915,0.630170703489267
Bidet!,neither,0.03945320844208391,0.33037608806864915,0.630170703489267
"cool, thanks",neither,0.0367426274230533,0.3076780315905544,0.6555793409863925
"@breakingthedawn think so yeah, the ink looking one",neither,0.02561191321608847,0.4548770858374025,0.5195110009465089
Bidet from Florida!,neither,0.0408948396164547,0.30590784468201904,0.6531973157015263
I love these little posters they put in!,neither,0.046075648121430134,0.44426829426371317,0.5096560576148567
Is that Travis back there?,neither,0.04304274499214552,0.32697810504038183,0.6299791499674726
is that travis on the couch?,neither,0.03939088448108508,0.35995227300309296,0.6006568425158221
starts at 7 on the dot right?,neither,0.03504906920315358,0.3625846984789451,0.6023662323179014
!subcount,neither,0.03945320844208391,0.33037608806864915,0.630170703489267
Bidet from Indiana,neither,0.0408364874901429,0.30689823255244486,0.6522652799574122
"Marisha, Matt, we Love you Guys",neither,0.051782154393985036,0.39506477144235214,0.5531530741636628
lmfao the sign is pure gold,neither,0.051454587503139686,0.31340697894269376,0.6351384335541665
"i haven't watched this yet, and i wasn't sure when it started",neither,0.02859573897321617,0.4218550444734405,0.5495492165533433
And hiding,neither,0.038448419023825814,0.277791940581765,0.6837596403944092
@Noll_Keegan but what will they draw on it?,neither,0.038406519502530635,0.3263792819565969,0.6352141985408726
bidet from indiana as well,neither,0.0384649559019051,0.3471493128090925,0.6143857312890024
"Bidet from Quebec, QC, Canada!",neither,0.04071751644889743,0.3089174816120565,0.6503650019390461
Bidet from Canada,neither,0.04071751644889743,0.3089174816120565,0.6503650019390461
Dat sign tho'...,neither,0.035143966721293086,0.3400667469297433,0.6247892863489636
Talks Machina started around ep 70+ of C1 I think?,neither,0.03979873531689835,0.324511595249762,0.6356896694333397
Bidet from Brazil,neither,0.04079557052152802,0.30759270029461827,0.6516117291838538
Is it Eminem tonight?,neither,0.04300792173051823,0.30687206862540134,0.6501200096440805
Travis Willingham is my spirit animal.,neither,0.03585996974318418,0.39287308354895867,0.571266946707857
Bidet from Montreal! :D,neither,0.04062582848913359,0.31047366557575606,0.6489005059351104
"Bidet, everyone!",offensive_language,0.02988896790634741,0.4927062106388782,0.4774048214547744
Surprise,neither,0.03945320844208391,0.33037608806864915,0.630170703489267
So what ragamuffins are on tonights show,neither,0.12029486355170073,0.23721932789584738,0.6424858085524519
Poor Marisha being sick this week. :( Hope she gets better soon.,neither,0.059457948776515154,0.32655470603109826,0.6139873451923865
bidet from virginia!,neither,0.04079557052152802,0.30759270029461827,0.6516117291838538
bidet from Detroit!,neither,0.04080695066346891,0.3073995495860776,0.6517934997504536
Bidet!,neither,0.03945320844208391,0.33037608806864915,0.630170703489267
Bidet from NYC,neither,0.04081748366884477,0.3072207769958956,0.6519617393352596
Guess not.,neither,0.036609048414401435,0.3475168111539178,0.6158741404316807
Hopefully they draw a gotee,neither,0.03945320844208391,0.33037608806864915,0.630170703489267
Bidet from the UK!,neither,0.039613273355342184,0.2892653269430044,0.6711213997016535
And hiding,neither,0.038448419023825814,0.277791940581765,0.6837596403944092
@cabezadecervez I forgot that they draw on them! that makes it better,neither,0.03965707664711075,0.39324143242884363,0.5671014909240456
The sign could really use a few apostrophes... 8/9.,neither,0.01590544374536143,0.39544551172121617,0.5886490445334225
Bidet from Michigan,neither,0.040769555981420263,0.3080342349327864,0.6511962090857933
Bidet from Maine up in northeast US!,neither,0.06606706744842299,0.3510851586089007,0.5828477739426763
Bidet from Vancouver~,neither,0.04228451509352876,0.2823214250720796,0.6753940598343917
the sign is hilarious,neither,0.04677867685626793,0.31144991120769655,0.6417714119360356
bidet from obscure place in canada,neither,0.04353230501416712,0.26114317364664913,0.6953245213391838
"@VermillionCrimson that man can STAY AWAY from my D&D, don't need him fouling up that too",offensive_language,0.026792284693493307,0.4995717231099552,0.4736359921965516
Who is on tonight? I didn't bother reading the reddit question thread because I was too busy playing Overwtch.,neither,0.03177738920018779,0.37288250360659986,0.5953401071932124
I love this sign,neither,0.03579824994227182,0.3489693054672223,0.615232444590506
Bidet from West by God Virginia,neither,0.04140590707443514,0.35366034870025037,0.6049337442253147
Bidet from Northern Ontario,neither,0.04031924518627951,0.315677184343852,0.6440035704698686
bidet from mildly warm scotland!,neither,0.04023677345753219,0.3170769448147549,0.642686281727713
bidet from Toronto,neither,0.04066490145509902,0.30981049537100724,0.6495246031738937
hail fellow Brits,neither,0.03945320844208391,0.33037608806864915,0.630170703489267
Bidet from Michigan!,neither,0.040769555981420263,0.3080342349327864,0.6511962090857933
"Our guest this Tuesday is Taliesin, discussing episode 6!",neither,0.044256148912873154,0.3296716523674254,0.6260721987197014
Just Taliesin tonight,neither,0.029016361683669833,0.33049854403268886,0.6404850942836413
bidet Mainer from Mass!,neither,0.04078317879478948,0.307803020237201,0.6514138009680096
Tonight its all Taliesin all the time! one night and one night only!,neither,0.025561243917637106,0.4102545432437098,0.564184212838653
lol,neither,0.020706217963973744,0.4882283491876925,0.4910654328483337
Is Marisha still sick?,neither,0.049761183009979726,0.34667692633931924,0.6035618906507011
sucks to hear that Marisha is sick,neither,0.04984282031303144,0.3618902883520871,0.5882668913348816
Lol guy in the back,neither,0.02888489759909317,0.3853141937969045,0.5858009086040024
Bidet from UTAH!!!!,neither,0.04066490145509902,0.30981049537100724,0.6495246031738937
#MollyCoddling,neither,0.03945320844208391,0.33037608806864915,0.630170703489267
Was supposed to have Marisha too but she's sick,neither,0.04247470075132811,0.4233958338311305,0.5341294654175414
@JerrodOwex It was a joke man. Calm down. I mean Eminem as in Matt and Marisha.,neither,0.03696704256650798,0.36204739932559743,0.6009855581078947
@VermillionCrimson just tal,neither,0.03446215123834754,0.35403638765649625,0.6115014611051561
"Bidet from Long Island NY, that sign is great",neither,0.041263629319032144,0.3259009530446216,0.6328354176363463
Buahahah hello floating picture of Marisha,neither,0.03945320844208391,0.33037608806864915,0.630170703489267
"@aldermeer Bidet from Maine, neighbor",neither,0.04038434874462851,0.31457220705192124,0.6450434442034502
Sam should make that sign into a shirt,neither,0.04524709831198227,0.38976358700106134,0.5649893146869563
"Get well Marisha, that's what is important!!",neither,0.04867897058893765,0.37258845820656605,0.5787325712044963
@TheOpalescentOne I love that place!,neither,0.034395096209839285,0.3338322160992777,0.6317726876908829
wew lad,neither,0.03945320844208391,0.33037608806864915,0.630170703489267
Bidet from michigan,neither,0.040769555981420263,0.3080342349327864,0.6511962090857933
"RIP in Pepperoni, Marisha",neither,0.03945320844208391,0.33037608806864915,0.630170703489267
who are the guests tonight?,neither,0.0716508724285496,0.29606432262804516,0.6322848049434052
hmmw22 -> ONLY HULK CAPSLOCKS [warning],neither,0.03945320844208391,0.33037608806864915,0.630170703489267
Bidet from Toronto!,neither,0.04066490145509902,0.30981049537100724,0.6495246031738937
Bidet from Texas,neither,0.040937266849991,0.30518774380265185,0.6538749893473571
Eyyy @Iron_Yokai !,neither,0.03945320844208391,0.33037608806864915,0.630170703489267
Bummer #queenkey,neither,0.03945320844208391,0.33037608806864915,0.630170703489267
My first Talks raeAw raeAw,neither,0.02123965202781195,0.43189460448685485,0.5468657434853332
bidet from Chicago,neither,0.04078317879478948,0.307803020237201,0.6514138009680096
feel better marisha &Bidet frm Seattle ❤⚔,neither,0.03945320844208391,0.33037608806864915,0.630170703489267
Haha that sign,neither,0.03100585682975823,0.44998463334726063,0.5190095098229812
"Bidet from New Braunfels, Texas!",neither,0.04481853554993072,0.2038828515396723,0.751298612910397
"Bidet from Fort Lauderdale, Florida woo",neither,0.04023244727802156,0.31715037137147906,0.6426171813504994
Bidet from AZ,neither,0.04078317879478948,0.307803020237201,0.6514138009680096
yo~,offensive_language,0.04010381111145228,0.5271105317972344,0.4327856570913131
bidet from Nova Scotia,neither,0.04228451509352876,0.2823214250720796,0.6753940598343917
beep beep from Philly,neither,0.040769555981420263,0.3080342349327864,0.6511962090857933
"@VermillionCrimson oh i see, then thats ok! not a fan white rapper man",offensive_language,0.3860293731147839,0.4656671766408122,0.14830345024440383
Hi @DomoDomsta,neither,0.03945320844208391,0.33037608806864915,0.630170703489267
How long till this starts?? First time watching,neither,0.033357792767378866,0.34600054003882114,0.6206416671938001
Bidet from Georgia!,neither,0.04066490145509902,0.30981049537100724,0.6495246031738937
Bidet from Portland!,neither,0.04066490145509902,0.30981049537100724,0.6495246031738937
@snarkyrogue just Tal tonight,neither,0.03284417089001808,0.3288165116623536,0.6383393174476282
Bidet from Kansas,neither,0.04071751644889743,0.3089174816120565,0.6503650019390461
!whenistm,neither,0.03945320844208391,0.33037608806864915,0.630170703489267
"yeah, feel better marisha!",neither,0.02110445668320809,0.46022310623920754,0.5186724370775844
"Talks Machina is on at 7 PM PST, it is currently 6:53 PM PST. There is 6 Minutes, 53 Seconds until the next episode of Talks Machina. This has command has been run 148 times but has probably been asked about way more.",neither,0.04279341447548687,0.3363503114874927,0.6208562740370205
"I work at a hotel, had someone come to check in wearing a Criticalrole tee shirt, gave the $50 off, Critical Role pays off",neither,0.04070762826429196,0.3426315049612196,0.6166608667744885
Time fror Talks Machina... Alslo ale.,neither,0.03796284549453367,0.35567143682592783,0.6063657176795384
Bidet from Washington,neither,0.04080695066346891,0.3073995495860776,0.6517934997504536
Theres a picture of marisha for the couch,neither,0.03405813986432013,0.29465951086891196,0.671282349266768
lol,neither,0.020706217963973744,0.4882283491876925,0.4910654328483337
bidet from ontario,neither,0.04062582848913359,0.31047366557575606,0.6489005059351104
Buffalo. Beep beep and bidet,neither,0.03852460340978638,0.282397176840787,0.6790782197494266
Bidet from New Hampshire,neither,0.04402155579737495,0.2236345274837781,0.7323439167188469
Is it about to start,neither,0.05697178626207985,0.3569595991055425,0.5860686146323776
Bidet from St. Louis.,neither,0.040470992782370326,0.313101631608523,0.6464273756091067
@elianathedruid 7 to 10 mins,neither,0.047569599502481213,0.3256630565698422,0.6267673439276767
Bidet from California and get better soon Marisha,neither,0.056597504955699526,0.2817377065936207,0.6616647884506798
"Bidet from Ottawa, Ontario, Canada!",neither,0.040354386843928725,0.3150807387011266,0.6445648744549448
bidet!!!!! cedar city utah!!!!,neither,0.03945320844208391,0.33037608806864915,0.630170703489267
"Wonder if Marisha is watching tonight, or if she's too sick to do anything but have Matt wait on her. Cause I'd pretend to be sick to have him wait on - Uh, never mind.",offensive_language,0.027178021024205832,0.4921761720558242,0.4806458069199701
Where's our Goth boss?,neither,0.04107812273440106,0.3027970518396478,0.6561248254259512
"Poor taliesin, having to endure Brian Alone",neither,0.04502141156011007,0.32710544606253256,0.6278731423773575
gandsOwl,neither,0.03945320844208391,0.33037608806864915,0.630170703489267
Eyyyyyy Bidet from PA! Who are our guests tonight?,neither,0.05886416770596589,0.3081477507540177,0.6329880815400164
starts at 9 cst,neither,0.0383953738341502,0.36252923261795894,0.5990753935478909
LUL the image,neither,0.03866446523013375,0.3159916032197419,0.6453439315501244
Wait what happens raeS raeS,neither,0.07686243566659429,0.3152352608416988,0.6079023034917069
Bidet from Vancouver,neither,0.04228451509352876,0.2823214250720796,0.6753940598343917
bidet from germany as well!,neither,0.03853111044664915,0.34602649753518194,0.615442392018169
Who's on tonight?,neither,0.03219449630939791,0.40065554799937175,0.5671499556912303
@Yarragon LOL,neither,0.020706217963973744,0.4882283491876925,0.4910654328483337
You can also bookmark the link http://www.wheniscriticalrole.com/talksmachina <<< Talks Machina countdown clock.,neither,0.045109175559846365,0.2729219513713529,0.6819688730688008
Woo another Ottawanian!,neither,0.09688963557873367,0.24947566655618217,0.6536346978650842
Happened,neither,0.03945320844208391,0.33037608806864915,0.630170703489267
NEIN NEIN NEIN,neither,0.03945320844208391,0.33037608806864915,0.630170703489267
"Our guest this Tuesday is Taliesin, discussing episode 6!",neither,0.044256148912873154,0.3296716523674254,0.6260721987197014
@Pedrox200Junior how do you think Ashley feels? ;),neither,0.05544023228195616,0.3613912809043276,0.5831684868137162
@DomoDomsta Marisha is sick.,neither,0.053969607134207245,0.32538323290021937,0.6206471599655734
314 Representin in here,neither,0.09102445852274228,0.28977292200743104,0.6192026194698266
stop it. brians cool,neither,0.037468577435791156,0.43891292443740687,0.5236184981268021
bidet,neither,0.03945320844208391,0.33037608806864915,0.630170703489267
lots of fellow canucks tonight!,neither,0.03754179044796755,0.31437011987249625,0.6480880896795362
just tal? really?,neither,0.03488913225384834,0.3519217880398617,0.6131890797062899
Bidet everyone,offensive_language,0.02988896790634741,0.4927062106388782,0.4774048214547744
Thank you @grimmofsparta,neither,0.07325166854587051,0.43632638485078484,0.49042194660334476
I hope Fan Art/Gif of the week is that SIIIIIIIICK animated intro someone did of the campaign one crew.,neither,0.05425825362251807,0.2965549539281011,0.6491867924493808
lol Bidet from,neither,0.027339793863606274,0.40458042622802814,0.5680797799083656
PA,neither,0.03945320844208391,0.33037608806864915,0.630170703489267
Brian Foster RPG Ryan Seacrest,neither,0.03945320844208391,0.33037608806864915,0.630170703489267
raeCRY @reyrhad,neither,0.03945320844208391,0.33037608806864915,0.630170703489267
"@Ceradwynn ;) jokes aside, get well Marisha!",neither,0.038984631016830605,0.33832906986483047,0.6226862991183391
T-6 minutes,neither,0.03945320844208391,0.33037608806864915,0.630170703489267
Beep beep all,offensive_language,0.046917543854519406,0.6277741405869331,0.3253083155585475
bidet from ca,neither,0.04084513770590474,0.30675141581570226,0.6524034464783931
Bidet from Canada!,neither,0.04071751644889743,0.3089174816120565,0.6503650019390461
!whodat,neither,0.03945320844208391,0.33037608806864915,0.630170703489267
Meep meep,neither,0.03945320844208391,0.33037608806864915,0.630170703489267
"Brian Wayne Foster ( twitter.com/BrianWFoster ), Taliesin Jaffe ( twitter.com/executivegoth ).",neither,0.03877781535448177,0.4441977829607965,0.5170244016847217
"Aw, poor Marisha, hopefully she feels better soon.",neither,0.04035078159631534,0.38574214840296506,0.5739070700007195
"it's Skyrim music, right?",neither,0.037330100074710625,0.3476019969237092,0.6150679030015802
where is this music from?,neither,0.053110998678488924,0.2712083199145282,0.6756806814069827
Sup nerds B),neither,0.03945320844208391,0.33037608806864915,0.630170703489267
i want the group to be the Ka-Tet of NEIN,neither,0.04544877768293845,0.29282820281736505,0.6617230194996965
"@elianathedruid np ;3 welcome to the party, enjoy your stay",neither,0.06592222375098515,0.309600955725845,0.6244768205231697
bidet from so cal! so excited to be hereee,neither,0.04601492645311203,0.3882894532030051,0.5656956203438828
Is Marisha sick ? aww,neither,0.04823829940384868,0.32735449244125897,0.6244072081548924
It's Elder Scrolls music.,neither,0.03800123975003107,0.3308754866827453,0.6311232735672235
@Hostik_ Music is from Morrowind.,neither,0.05365363993233822,0.30046285094011643,0.6458835091275456
gandsSubHype gandsSubHype gandsSubHype,neither,0.03945320844208391,0.33037608806864915,0.630170703489267
Bidet from chult!,neither,0.04228451509352876,0.2823214250720796,0.6753940598343917
"oh noes, it's @ArseQueef the ascended!",neither,0.04394433077103842,0.2188548435239737,0.7372008257049879
arsequeef!!!!!!!!!,neither,0.03945320844208391,0.33037608806864915,0.630170703489267
Bidet from MI,neither,0.04081748366884477,0.3072207769958956,0.6519617393352596
Bidet!,neither,0.03945320844208391,0.33037608806864915,0.630170703489267
Bidet from Alabama!!!,neither,0.04078317879478948,0.307803020237201,0.6514138009680096
exbcFeelsbad exbcFeelsbad exbcFeelsbad,neither,0.03945320844208391,0.33037608806864915,0.630170703489267
"ah, good old morrowind",neither,0.038681281460764154,0.3306415891547019,0.6306771293845341
bidet bidet bidet,neither,0.03945320844208391,0.33037608806864915,0.630170703489267
"ay-oh-ay, nerds",neither,0.0425009148262747,0.3008935126687704,0.6566055725049549
@ArseQueef heya,neither,0.03945320844208391,0.33037608806864915,0.630170703489267
"if she's still sick on Thursday, we might be short one monk for the adventure :-/",neither,0.024745452186773806,0.4134657086484398,0.5617888391647864
WHo is on ?,offensive_language,0.05102560189213312,0.4788180311605104,0.47015636694735646
Marisha raeCRY raeCRY,neither,0.03945320844208391,0.33037608806864915,0.630170703489267
Bidet!,neither,0.03945320844208391,0.33037608806864915,0.630170703489267
@ArseQueef Best name Talks Machina award winner,neither,0.038811169375375126,0.32499973558370815,0.6361890950409168
Let's storm the set with chicken soup for Mirisha,neither,0.021037994676079023,0.34403745811718905,0.6349245472067319
The song is Peaceful Waters by Jeremy Soule from The Elder Scrolls III: Morrowindhttps://www.youtube.com/watch?v=7AuAv4uYcHU,neither,0.045125768960296464,0.3283828846939078,0.6264913463457956
bidet from atlanta!,neither,0.04078317879478948,0.307803020237201,0.6514138009680096
@ArseQueef Oh fug,neither,0.0450478101092574,0.2772031091301225,0.6777490807606199
wait is marisha ok?,neither,0.05034255502269195,0.32770927690089396,0.6219481680764142
bidet from texas!,neither,0.040937266849991,0.30518774380265185,0.6538749893473571
"Fantastic poster, but get well soon Marisha!",neither,0.03669992423836445,0.34380355095061926,0.6194965248110164
Bidet,neither,0.03945320844208391,0.33037608806864915,0.630170703489267
Greetings from Saskatcoon,neither,0.04228451509352876,0.2823214250720796,0.6753940598343917
@vladd27 Tal is,neither,0.04912624121044723,0.3270490885368631,0.6238246702526896
@arsequeef so what will you have Jester draw next?,neither,0.06194659853389303,0.4138625394178153,0.5241908620482917
"@dsmounts yeah, she is! she was talking about it on twitter :(",offensive_language,0.02947803731196852,0.6527043605972177,0.3178176020908137
Bidet form Io-way,neither,0.03953921865256486,0.331096326497784,0.6293644548496513
Get well soon Marisha!,neither,0.038805782438217785,0.341364597001486,0.6198296205602962
I think she has the flu,neither,0.04081943223824116,0.3816883690136409,0.577492198748118
Seriously that's a great heads hot of Marisha.,neither,0.03488117905993654,0.3430073122151262,0.6221115087249373
bidet,neither,0.03945320844208391,0.33037608806864915,0.630170703489267
Just Tal nad thats it :D,neither,0.03397334673437623,0.3508666334414637,0.6151600198241599
shot*,neither,0.03945320844208391,0.33037608806864915,0.630170703489267
Bidet from Omaha,neither,0.04228451509352876,0.2823214250720796,0.6753940598343917
Who are the guests tonight?,neither,0.0716508724285496,0.29606432262804516,0.6322848049434052
bidet from the geek and sundry offices. im right behind you mr foster,neither,0.04704703090342244,0.34059330125929604,0.6123596678372816
"Bidet from Raleigh, North Cackalacky~",neither,0.04079557052152802,0.30759270029461827,0.6516117291838538
BRIAN,neither,0.03945320844208391,0.33037608806864915,0.630170703489267
Just Tal tonight,neither,0.03284417089001808,0.3288165116623536,0.6383393174476282
Brian you silly man,neither,0.0564494286221808,0.44633275653963733,0.4972178148381818
oh yeah brian give me more of that dancing,neither,0.025487480034371537,0.42149137024677574,0.5530211497188527
"@bunrer2121 she was sick earlier today, apparently",neither,0.039048835688006454,0.376934928838166,0.5840162354738275
bidet from Missouri!,neither,0.04071751644889743,0.3089174816120565,0.6503650019390461
"Our guest this Tuesday is Taliesin, discussing episode 6!",neither,0.044256148912873154,0.3296716523674254,0.6260721987197014
lol brian,neither,0.030011385417585263,0.4003396692418452,0.5696489453405696
The Cabbage Man Dance.,neither,0.0383064472293294,0.38811248785374025,0.5735810649169303
"@arsequeef Hail the legend, Scourge of Brian W. Foster!",neither,0.03887293820811627,0.3198516239347745,0.6412754378571094
LOL Brian nice dancing,neither,0.032957876709467836,0.37675127234718897,0.5902908509433433
nice,neither,0.03945320844208391,0.33037608806864915,0.630170703489267
@hostik_ @reyrhad track is originally from Morrowind but appears in Skyrim Complete Edition as well as the DLC.,neither,0.03957264779043068,0.3477640131550877,0.6126633390544817
good evening you wonderful people,neither,0.08447914654234351,0.36629011246036214,0.5492307409972943
nice moves,neither,0.03945320844208391,0.33037608806864915,0.630170703489267
Brian,neither,0.03945320844208391,0.33037608806864915,0.630170703489267
Brian no,neither,0.03838080009002885,0.3485776565658,0.6130415433441712
DAnce Brian dance!,neither,0.03945320844208391,0.33037608806864915,0.630170703489267
suddenly dancing,neither,0.03945320844208391,0.33037608806864915,0.630170703489267
a wild brain appears!,neither,0.03945320844208391,0.33037608806864915,0.630170703489267
that dancing xD,neither,0.03450886227439651,0.3844040801407027,0.5810870575849008
Dance party,neither,0.03945320844208391,0.33037608806864915,0.630170703489267
lol,neither,0.020706217963973744,0.4882283491876925,0.4910654328483337
lol nice dance moves brian!!,neither,0.03367136591704872,0.3712949692272938,0.5950336648556575
well she is hot,neither,0.052413776381586244,0.43637233447765056,0.511213889140763
"gotta say, that joke is pretty poor taste",neither,0.04090120492249427,0.3797978736730846,0.5793009214044212
Break it down Brian!,neither,0.038061072006836984,0.33085490762598563,0.6310840203671775
Bidet from the watermelon capital of Texas critters,neither,0.03954759513296356,0.30504244495931904,0.6554099599077173
Bidet from Connecticut,neither,0.04062582848913359,0.31047366557575606,0.6489005059351104
BRIAN DANCE!!!,neither,0.03945320844208391,0.33037608806864915,0.630170703489267
She won't be sick for a week... maybe for a day or 2,neither,0.032341352309850836,0.33292290972133637,0.6347357379688129
jaming,neither,0.03945320844208391,0.33037608806864915,0.630170703489267
just hope Matt doesnt catch it,neither,0.06067346861504463,0.256499596280004,0.6828269351049514
<3 Dancing Brian,neither,0.03945320844208391,0.33037608806864915,0.630170703489267
Hullooo there from WNY,neither,0.04100780456381796,0.2266257075640505,0.7323664878721314
"if talks doesn't start until 9, why does the alpha schedule say it starts at 8:45?",neither,0.020239820501756402,0.42908474501422267,0.5506754344840208
GIF IT!,neither,0.03772653554390317,0.33096997005595963,0.6313034944001372
bidet from minnesota,neither,0.04071751644889743,0.3089174816120565,0.6503650019390461
nidet from UK,neither,0.04079557052152802,0.30759270029461827,0.6516117291838538
There's our goth boss,neither,0.03938505908171007,0.2938463132772453,0.6667686276410446
mods are you ready to ban me because im about to say that brian is my waifu,neither,0.061735197719904725,0.46121231352522624,0.47705248875486905
Is he dancing to this music or the music in his head? :P,neither,0.07028060558868214,0.33248072477833435,0.5972386696329834
Hey Talison!!,neither,0.03945320844208391,0.33037608806864915,0.630170703489267
lookin fresh brian!,neither,0.03945320844208391,0.33037608806864915,0.630170703489267
Can that be a new ESO emote?,neither,0.03990945352767424,0.2826419213075583,0.6774486251647674
