text,top_class,hate_speech,offensive_language,neither
(wished),neither,0.03945320844208391,0.33037608806864915,0.630170703489267
Talkin' Comics with Amy Dallen was my fore into things Amy Dallen,neither,0.02886998655880834,0.39070410207923484,0.5804259113619568
When is talks machina?,neither,0.035631696818318445,0.38862422546009456,0.5757440777215871
!whenistm,neither,0.03945320844208391,0.33037608806864915,0.630170703489267
"Talks Machina is on at 7 PM PST, it is currently 4:06 PM PST. There is 2 Hours, 53 Minutes, 57 Seconds until the next episode of Talks Machina. This has command has been run 141 times but has probably been asked about way more.",neither,0.0429331812766831,0.33658541036165346,0.6204814083616634
"Anything with Taliesin brings me back to that Thursday by night One Shot that he ran, some sexy vampires in that piece",neither,0.025786496206945793,0.45020470018366704,0.5240088036093873
"PipersTwin Can´t remember that..... There also was thenTableTop episode with Ticket To Ride,,, can´t tell which was first, Table Top or the SPH Tallkin Comics",neither,0.03246908235155598,0.3359044648049705,0.6316264528434734
Well if there isnt something sexy soon I'm out.,neither,0.02489790932505612,0.34943313316463726,0.6256689575103065
this aint it,neither,0.039050384116501025,0.4683871846652817,0.49256243121821724
Thank you,neither,0.07325166854587051,0.43632638485078484,0.49042194660334476
@derekleeketchum @ShandraVdeG @Andyinsomnia yeh I know but its so rare that I stay up for the american time zone I often watch reruns of videos later during GMT day time live is so much better,neither,0.03588297425783188,0.37137070604030836,0.5927463197018599
well kind of sexy lol,neither,0.03211191344572122,0.3833464620251127,0.5845416245291661
WAIT? did the insomnia dude said people need sleep?? nice Andyinsomnia,neither,0.05625218706313276,0.31763851739119253,0.6261092955456747
This show wasn't on that long at all,neither,0.047026763925397265,0.40026525494561305,0.5527079811289896
Alledgedly,neither,0.03945320844208391,0.33037608806864915,0.630170703489267
and Dolph,neither,0.03854442882677734,0.28357035124239044,0.6778852199308323
@Krimsonwolf Well,neither,0.03945320844208391,0.33037608806864915,0.630170703489267
DOLPH gandsSubHype,neither,0.03945320844208391,0.33037608806864915,0.630170703489267
picklREE,neither,0.03945320844208391,0.33037608806864915,0.630170703489267
Only Ivan is allowed to set things on fire at Geek and Sundry,neither,0.04572061514627795,0.3241262802337909,0.6301531046199312
@timelordnephilim yeah I'm out lol.,offensive_language,0.01164576361781952,0.5430719016866131,0.4452823346955674
"@dupke87, I speak from experience",neither,0.04054360652348907,0.31186918691497467,0.6475872065615362
"wait, season Finale already?",neither,0.03876980038621729,0.3419753063296073,0.6192548932841755
doogHi,neither,0.03945320844208391,0.33037608806864915,0.630170703489267
gandsClassic gandsClassic gandsSubHype gandsSubHype tinytatoPotato tinytatoPotato,neither,0.03945320844208391,0.33037608806864915,0.630170703489267
jcvimHi Trisha jcvimHi Erika,neither,0.03945320844208391,0.33037608806864915,0.630170703489267
that was an Iron...,neither,0.03568055191148323,0.37014414655242034,0.5941753015360965
hrpgHeyo Trish hrpgHeyo Erika,neither,0.03945320844208391,0.33037608806864915,0.630170703489267
i figured Andyinsomnia,neither,0.03945320844208391,0.33037608806864915,0.630170703489267
oh the irony,neither,0.043995491774744454,0.25941053461495855,0.6965939736102968
"Oh, Hi Erika",neither,0.04645180976672622,0.26453612080258093,0.689012069430693
"Erika, ""lost"" her save file?",offensive_language,0.02952014423985342,0.5810818531391283,0.38939800262101815
Doki Doki literature club is Erika's new Bioshock,neither,0.05698285590929094,0.2076740633551625,0.7353430807355466
I LOVE MONKEY ISLAND :(,neither,0.04121862743977295,0.12300941833018258,0.8357719542300445
Monkey Island is awesome!,neither,0.05222201339271712,0.13943202854359113,0.8083459580636917
My favorite game of all time,neither,0.027790600281051073,0.46311909772345927,0.5090903019954897
Monkey Island icyL,neither,0.044444933187090765,0.100344751774417,0.8552103150384922
@Andyinsomnia That's a great idea. DOKI DOKI 2018!!,neither,0.03332814622776334,0.3482559219635966,0.6184159318086401
Guybrush can´t talk a single straight sentence to women / Elaine.... now onder ^^,neither,0.035528186774080574,0.374677627430906,0.5897941857950135
!uptime,neither,0.03945320844208391,0.33037608806864915,0.630170703489267
Guybrush and LeChuck?,neither,0.03763944115734239,0.1918412352459551,0.7705193235967025
Monkey Island is great. Elaine can do better.,neither,0.05096674497264347,0.14030348913233423,0.8087297658950222
Shepard and Liara?,neither,0.03763944115734239,0.1918412352459551,0.7705193235967025
I know none of these people.,neither,0.09803526406333067,0.4166724647749183,0.485292271161751
Cloud and Aerith were never a couple.,neither,0.0356826083004496,0.3129092634384614,0.651408128261089
Tifa really?,neither,0.03945320844208391,0.33037608806864915,0.630170703489267
cloud and barret?,neither,0.03845605498945456,0.27826085962284464,0.6832830853877009
out of focus?,neither,0.03417585520187458,0.3508380371806528,0.6149861076174725
Needs more Cecil and Rosa,neither,0.04018133132591428,0.29424994627281315,0.6655687224012725
"also, Locke and Celes is a better relationship",neither,0.04710113510654083,0.28708822420312247,0.6658106406903368
@Paladin356 NICE.,neither,0.03945320844208391,0.33037608806864915,0.630170703489267
anybody else get the points to have the cloud/barret date?,neither,0.04186140331440659,0.31874577696039263,0.6393928197252008
"Mario and Toad, power couple from the START",neither,0.03891587352755024,0.2652068681011644,0.6958772583712853
I would of Chosen Fang and Vannile from FF13,neither,0.03909239461483707,0.27047017812078294,0.6904374272643801
no Nate and Elena from Uncharted?,neither,0.038854455823857194,0.2850698940591363,0.6760756501170065
why someone wants to date their windows 10 computer.... ;),neither,0.035731024996914336,0.3379271851360494,0.6263417898670361
"Yeah, Locke and Celes was my choice for that poll.",neither,0.016995277979226647,0.44171731239811346,0.5412874096226599
#SexyHorror,neither,0.03945320844208391,0.33037608806864915,0.630170703489267
,neither,0.03945320844208391,0.33037608806864915,0.630170703489267
banjo and kazooie,neither,0.03877406619239607,0.29652817042778334,0.6646977633798206
do you like horror in your sexy?,neither,0.11749750693169313,0.3780400047402875,0.5044624883280193
Sexy Horror with Taliesin and Becca sounds like it needs to be a spin off show,neither,0.04978670065772133,0.29194240658966486,0.6582708927526139
#SexyHorror should be the name of a Twitch Room in chat.,neither,0.047472960334370075,0.3450556370030184,0.6074714026626116
thats not possible,neither,0.03800678254516084,0.33581698679605965,0.6261762306587795
:P,neither,0.03945320844208391,0.33037608806864915,0.630170703489267
oh snap,neither,0.04610041286253887,0.2676795543969371,0.6862200327405242
Omg,neither,0.03945320844208391,0.33037608806864915,0.630170703489267
90k people is a lot of words per second,neither,0.06985933836582006,0.3254418889754628,0.6046987726587171
Maybe now the Dragons can actually win a game,neither,0.03857971104152144,0.2872759869268847,0.6741443020315938
A Squee room for whenever anyone wants to relieve a loud Erika moment,neither,0.039446923281652446,0.310599743473178,0.6499533332451697
"@PipersTwin Oh man, last night . . .",neither,0.03651343027722383,0.3445552243436872,0.618931345379089
lol,neither,0.020706217963973744,0.4882283491876925,0.4910654328483337
SCIENCE!,neither,0.03945320844208391,0.33037608806864915,0.630170703489267
gandsFail,neither,0.03945320844208391,0.33037608806864915,0.630170703489267
"speaking of Ovverwatch, I got my brother to buy the game",neither,0.032852915167908434,0.38115245781529666,0.5859946270167949
I have no problems reading the CR chat <cough> 2nd rebroadcast <cough>,neither,0.038449739451261324,0.33330335922235865,0.6282469013263801
She is not ranked one of the best players in the world. She might crack the top 10 of South Korea.,neither,0.041325128558916645,0.3933063344601309,0.5653685369809524
🤔 indeed,neither,0.03945320844208391,0.33037608806864915,0.630170703489267
lol @Zismarith,neither,0.020706217963973744,0.4882283491876925,0.4910654328483337
Erika's face gives me life,neither,0.029218378272938945,0.426148472572241,0.5446331491548202
O.o,neither,0.03945320844208391,0.33037608806864915,0.630170703489267
A Squee Room might be a kind of #sexyhorror,neither,0.039894766247826514,0.3340736362853313,0.6260315974668422
"I agree that representation is nice, but it's still a sport and talent matters.",neither,0.03783391627467704,0.3438152682680181,0.618350815457305
D:,neither,0.03945320844208391,0.33037608806864915,0.630170703489267
"bah, anyone can be a president these days, even some reality tv host",neither,0.03897329105731166,0.3898120943728784,0.57121461456981
That'd... actually sound kinda fun,neither,0.03612253807706254,0.36651169841876047,0.597365763504177
"Guys John Oliver basically said Erika is America, did anyone else see this?",neither,0.14428579994056054,0.26218616828539354,0.593528031774046
Booby traps wasn't salacious?,neither,0.03945320844208391,0.33037608806864915,0.630170703489267
...not riding a unicorn?,neither,0.0382288057267131,0.33497175887209774,0.6267994354011892
Barbie's Dream House will include a panic room and hi-tech security system.,neither,0.039691031062882624,0.30105545113616905,0.6592535178009483
holy neck vein,neither,0.03945320844208391,0.33037608806864915,0.630170703489267
Where's the chill?? Oh god! There isn't any! MoinkaS,neither,0.04390683854484803,0.2244609917595833,0.7316321696955687
lol,neither,0.020706217963973744,0.4882283491876925,0.4910654328483337
@stargazer1977 let's agree that a single female player is real bad though,offensive_language,0.022931564793531388,0.5125013803125866,0.4645670548938819
"meh, it's no Nightwing statue",neither,0.03763017998382894,0.3423008312565454,0.6200689887596256
Yeah! Equality!,neither,0.022495833743094003,0.44916347463076906,0.5283406916261368
Heck yeah,neither,0.023144578457473645,0.4440631255406231,0.5327922960019034
monkaS I mean FailFish,neither,0.03945320844208391,0.33037608806864915,0.630170703489267
XD,neither,0.03945320844208391,0.33037608806864915,0.630170703489267
Amen,neither,0.03945320844208391,0.33037608806864915,0.630170703489267
ACTING!,neither,0.03945320844208391,0.33037608806864915,0.630170703489267
well the overwatch player in question is suppose to be true top tier - they aren't picking out random players,neither,0.04085632884155422,0.37312714524061474,0.586016525917831
As god intended,neither,0.037523426463041985,0.3631295245826308,0.5993470489543272
"Amen, Erika.",neither,0.03945320844208391,0.33037608806864915,0.630170703489267
"Whatever, I apparently can't meme EleGiggle",neither,0.03968215691345621,0.3264902350015639,0.6338276080849798
And now we understand Erika's platform for getting elected to everything.,neither,0.03664088044177413,0.3310095305196547,0.6323495890385712
spethHi spethEEE,neither,0.03945320844208391,0.33037608806864915,0.630170703489267
Well we know what to get Erika for Chritsmas this year,neither,0.04399897319172759,0.30809963790576933,0.647901388902503
"@Fu4ow I don't care about forced demographics for sports. If not enough females are able to compete with the males, make a female league.",neither,0.02978067686069276,0.4157880816882628,0.5544312414510445
one team said they wouldn't look at her because they used a dorm? really?!,offensive_language,0.03339136622104466,0.5077575871434021,0.45885104663555326
"...yeah, that happened",neither,0.019582397456069375,0.4868421805302121,0.49357542201371846
@Compel_Bast ikr? gimme some more of dat sweet sweet NightButt Kappa,neither,0.03568460092645651,0.33280426582621536,0.6315111332473282
Hello Erika and Trish!,neither,0.03840264189818727,0.2749437060729204,0.6866536520288923
It's really funny hearing Erika be glad about... risque content. XD,neither,0.03699012050550122,0.3639913202912721,0.5990185592032266
atari still exists?,neither,0.03727668703704674,0.36731733658035887,0.5954059763825943
"Erika, NO!!! Don't buy cryptocurrency!",neither,0.038230573948660286,0.35112738624381207,0.6106420398075277
"So, Atari saw the trailer of Ready Player One....",offensive_language,0.14763734708326692,0.4742393206130853,0.37812333230364764
@GeekandSundry HAHAHA,neither,0.03945320844208391,0.33037608806864915,0.630170703489267
Now we wait for Sega's currency right?,neither,0.03206424540865803,0.3210836491448733,0.6468521054464687
Critter,neither,0.03945320844208391,0.33037608806864915,0.630170703489267
@Danoba https://twitter.com/ChovexaniArt/status/966086664299917312 minute 17 it starts,neither,0.03813178453425065,0.40175441819885377,0.5601137972668956
"Sorry Erika, I am the worst at investing your money",neither,0.06663836412455877,0.3120596500449767,0.6213019858304646
Erika no think of all the nerf guns you could buy with that money,neither,0.0384928410014503,0.4506055269301661,0.5109016320683837
lol Love this,neither,0.023600127124158547,0.44760990791338723,0.5287899649624542
let's make erika play,neither,0.021160246588757557,0.3722650041794103,0.6065747492318322
gandsNopeNopeNope No horror games.,neither,0.038610223263575875,0.3446837465639358,0.6167060301724883
You know why it´s called Bitcoin? because it will crash into bits and pieces one day,neither,0.038844936679272454,0.3370194145349595,0.624135648785768
"Ahahaha! This reminds me of the ""life in a game"" series on youtube. At least Gendo Atari isn't sucking people inside of a virtual world!",neither,0.03985285191839504,0.2623918166006121,0.6977553314809929
"Erika using her new iphone X for bad, stick to portrait mode not investment gags",neither,0.03197918835495423,0.4099239999509787,0.5580968116940669
RIP Headphone users,neither,0.03945320844208391,0.33037608806864915,0.630170703489267
Hi chat!!,neither,0.03945320844208391,0.33037608806864915,0.630170703489267
BETRAYAL!,neither,0.03945320844208391,0.33037608806864915,0.630170703489267
Nightwing statue: http://news.toyark.com/wp-content/uploads/sites/4/2017/09/Koto-Nightwing-Ikemen-Statue-001.jpg,neither,0.037867547138699754,0.2808029358669595,0.6813295169943409
We have a subscriber-only Discord server! Join here: https://discord.gg/geekandsundry (you'll need to sub and link it to your Twitch) and be a part of the fun!...Warning: It can take up to an hour for the server to update and give you access to the channels,neither,0.08464076273808444,0.286394834032893,0.6289644032290227
THEBECCA,neither,0.03945320844208391,0.33037608806864915,0.630170703489267
"Next time, on Scaredy Cats . . .",neither,0.038232711419515314,0.21861224425016348,0.7431550443303211
Plot twist: it was Oshi. LOL,neither,0.03157108621270823,0.3807578444990378,0.587671069288254
Yep. Evil Becca.,neither,0.03945320844208391,0.33037608806864915,0.630170703489267
Really you're an awesome nerd,neither,0.07220996805195458,0.3381024404016261,0.5896875915464191
happy B-Day Becca,neither,0.04023417877537722,0.3072658275026805,0.6524999937219423
nothing new there then,neither,0.04058833635663118,0.23202505521619196,0.7273866084271767
@GeekandSundry How about starting a Critter Coin?,neither,0.03750887799461272,0.36337645006035235,0.599114671945035
"Happy birthday, Becca!",neither,0.03945320844208391,0.33037608806864915,0.630170703489267
Bectre,neither,0.03945320844208391,0.33037608806864915,0.630170703489267
"Hey, the Winkelvoss twins can't be wrong, bitcoin is the future.",neither,0.04462575401740015,0.30376466958731607,0.6516095763952837
XD,neither,0.03945320844208391,0.33037608806864915,0.630170703489267
HAHAHAHA,neither,0.03945320844208391,0.33037608806864915,0.630170703489267
beccaWIN beccaWIN beccaWIN beccaWIN beccaWIN beccaWIN beccaWIN,neither,0.03945320844208391,0.33037608806864915,0.630170703489267
Oh! :D,neither,0.051363287716059566,0.22255663153133606,0.7260800807526044
Becca is always the traitor,neither,0.04516468551729204,0.368123971211278,0.5867113432714299
jcvimHi Becca,neither,0.03945320844208391,0.33037608806864915,0.630170703489267
"Brava, Becca!",neither,0.03945320844208391,0.33037608806864915,0.630170703489267
Merry birthday Becca,neither,0.03945320844208391,0.33037608806864915,0.630170703489267
HAPPY BIRTHDAY BECCA,neither,0.03945320844208391,0.33037608806864915,0.630170703489267
Yessss,neither,0.03945320844208391,0.33037608806864915,0.630170703489267
gandsBeccasaurus,neither,0.03945320844208391,0.33037608806864915,0.630170703489267
LUL,neither,0.03945320844208391,0.33037608806864915,0.630170703489267
Lmao,neither,0.03705015143476208,0.3711622369619404,0.5917876116032975
Happy Birthday Becca!,neither,0.03945320844208391,0.33037608806864915,0.630170703489267
happy B-Day Becca,neither,0.04023417877537722,0.3072658275026805,0.6524999937219423
I like this trio,neither,0.0747439052770635,0.37880417699109886,0.5464519177318375
Happy birthday Becca,neither,0.03945320844208391,0.33037608806864915,0.630170703489267
Becca IS the agent of mayhem,neither,0.04776561993727717,0.3092231205060549,0.6430112595566679
"Happy Birthday, Becca! gandsGandsRobotParty",neither,0.03945320844208391,0.33037608806864915,0.630170703489267
"Help G&S make great content! $4.99/month gets you emotes, Minecraft server access, sub-only VODs, and more! Every sub keeps the channel alive! twitch.tv/geekandsundry/subscribe",neither,0.043907990691603095,0.31135964332838284,0.644732365980014
Happy Birthday Becca,neither,0.03945320844208391,0.33037608806864915,0.630170703489267
what the hecca,neither,0.052193750385548,0.28272826532966666,0.6650779842847853
Happy bday Becca!,neither,0.03945320844208391,0.33037608806864915,0.630170703489267
Happy Birthday Becca!,neither,0.03945320844208391,0.33037608806864915,0.630170703489267
agents of mayhem was trash,neither,0.04244806076162902,0.06434494010265496,0.893206999135716
Hecca Becca? I can dig it.,neither,0.03809846777731479,0.3254240142103202,0.636477518012365
Happy birthday Becca!,neither,0.03945320844208391,0.33037608806864915,0.630170703489267
this is trippy,neither,0.0492744971941354,0.32883091238994555,0.6218945904159191
Happy birthday Becca,neither,0.03945320844208391,0.33037608806864915,0.630170703489267
English only in chat please,neither,0.03945320844208391,0.33037608806864915,0.630170703489267
https://clips.twitch.tv/CrowdedPowerfulCatDoritosChip,neither,0.03945320844208391,0.33037608806864915,0.630170703489267
