text,top_class,hate_speech,offensive_language,neither
Wonder if a Twitter already exists.,offensive_language,0.021185234068625304,0.5191120115581205,0.45970275437325414
Yeah that would be cool haha,offensive_language,0.020340096829833603,0.5039641732112643,0.475695729958902
That would stellar,neither,0.031040374765849452,0.401023852345546,0.5679357728886046
Hahaha,neither,0.03945320844208391,0.33037608806864915,0.630170703489267
This is the Bowser Show!,neither,0.08315757657100173,0.1909915185649315,0.7258509048640668
Jessica?,neither,0.03945320844208391,0.33037608806864915,0.630170703489267
Wooooo,neither,0.03945320844208391,0.33037608806864915,0.630170703489267
!whodat,neither,0.03945320844208391,0.33037608806864915,0.630170703489267
"Andrew Bowser ( twitter.com/andrewbowser ), Olivia Taylor Dudley ( twitter.com/OliviaDudley ).",neither,0.038785093793506475,0.4426522442302709,0.5185626619762227
wooo!,neither,0.03945320844208391,0.33037608806864915,0.630170703489267
"I love Jessica, but Bowser is the real star of the show!",neither,0.04378140762809359,0.3522298882068456,0.6039887041650609
woooo!,neither,0.03945320844208391,0.33037608806864915,0.630170703489267
"lol, don't start out with don't be disappointed",neither,0.024051549022112075,0.41576275893087056,0.5601856920470175
@danoba sup buddy,neither,0.03945320844208391,0.33037608806864915,0.630170703489267
@tenostark Oh hey.,neither,0.04724942694866229,0.25746865428102644,0.6952819187703113
Love ya Olivia!,offensive_language,0.023492868750266054,0.5910097655844201,0.38549736566531373
own it,neither,0.08981350349223953,0.31305487329922765,0.5971316232085327
it comes on to night,neither,0.03289005882308554,0.34216575754093503,0.6249441836359794
<3 <3 <3 <3,neither,0.03945320844208391,0.33037608806864915,0.630170703489267
I encourage Weird!,neither,0.03945320844208391,0.33037608806864915,0.630170703489267
"Felicia day is on Magicians or, will be on, yeah?",neither,0.02737012625621166,0.42396368629854003,0.5486661874452482
@danoba can it be a haaaaaaaiiiii,neither,0.038061612146861885,0.32970369149705986,0.6322346963560782
Lol,neither,0.020706217963973744,0.4882283491876925,0.4910654328483337
@jimmy_eat_meatloaf that is correct :),neither,0.044361748312246936,0.3782867918943173,0.5773514597934356
She premiered last week @jimmy_eat_meatloaf,neither,0.041387704415798234,0.4433579050972071,0.5152543904869946
@tenostark it's more like HAAAAAAIIIII,neither,0.06251376802530215,0.3427886813884096,0.5946975505862883
Daisy looks extra lovely today. Hello!,neither,0.03836194190204029,0.3137276042463289,0.6479104538516308
!whodat,neither,0.03945320844208391,0.33037608806864915,0.630170703489267
"Andrew Bowser ( twitter.com/andrewbowser ), Olivia Taylor Dudley ( twitter.com/OliviaDudley ) and Daisy.",neither,0.03829183069086175,0.4190927688036096,0.5426154005055285
@jimmy_eat_meatloaf On this week's episode and next week's,neither,0.03643433269624693,0.32165518329925435,0.6419104840044988
I miss Felicia. :-<,neither,0.02789410451089843,0.33435179396025927,0.6377541015288424
Wooo! Added Daisy!,neither,0.03945320844208391,0.33037608806864915,0.630170703489267
Daisy is looking great today,neither,0.04499963876874842,0.280429569183163,0.6745707920480887
"Wow, the guest is really lovely.",neither,0.044865021247516096,0.3159632390218602,0.6391717397306238
Daisy HYPE!!!!,neither,0.03945320844208391,0.33037608806864915,0.630170703489267
!schedule,neither,0.03945320844208391,0.33037608806864915,0.630170703489267
Current Schedule ( as of 15th February 2018 ): http://bit.ly/GnS2018Q1 - more info about shows at: https://geekandsundry.com/twitch/,neither,0.03693542474345946,0.31252428244666686,0.6505402928098738
gandsNatTwenty,neither,0.03945320844208391,0.33037608806864915,0.630170703489267
what time does this start?,neither,0.028462089410004734,0.4747482002348254,0.49678971035516983
7pm est,neither,0.03945320844208391,0.33037608806864915,0.630170703489267
idontknow,neither,0.03945320844208391,0.33037608806864915,0.630170703489267
Holes are cool,neither,0.06796769593597665,0.2817027508738014,0.6503295531902218
#TeamBowser,neither,0.03945320844208391,0.33037608806864915,0.630170703489267
idontknow,neither,0.03945320844208391,0.33037608806864915,0.630170703489267
!wednesday,neither,0.03945320844208391,0.33037608806864915,0.630170703489267
"WEDNESDAY (All Times Pacific) - BIZARRE STATES: 4-5pm, Andrew Bowser and Jessica Chobot go deep into the unknown, focusing on weird happenings, unexplained cases, the occult and other supernatural topics.. | DICK & JOHNSON: 5-6pm, Everyone's favorite dynamic duo return to chew bubblegum and have epic adventures! | THE WEDNESDAY CLUB: 7-9pm, Amy, Taliesin and Matt talk about comics old and new. | WEAVE SOCIETY 9.30-11pm, Hosts jump into one of the many fantastical worlds of the Weave RPG",neither,0.03764878206809464,0.3829613506276117,0.5793898673042936
"yeah, little kids ignore deadly injuries on the regular",neither,0.027219087788303228,0.4050965224638275,0.5676843897478693
"Oh, this dream. Yeah that would make me quit the guitar.",neither,0.02483903671059669,0.4077021614076629,0.5674588018817405
theremin is totally a scifi instrument,neither,0.05133238316897197,0.32629029515335767,0.6223773216776702
Star Trek theme used a Theramin didn't they?,neither,0.029848733665939153,0.35874686709970977,0.6114043992343512
"Olivia Taylor Dudley! Nice! A fan of The Magicians, so this is pretty cool.",neither,0.043683654116366856,0.34661034137755636,0.6097060045060768
Theruman isn't as weird as a Nykelharpa! ;P,neither,0.03593035066397377,0.39016817848935154,0.5739014708466748
it's the ghost instrument. that and musical saw,neither,0.03455264983400637,0.3204330647562388,0.6450142854097547
"those that know, thermin!",neither,0.07596060016750131,0.28103135610074803,0.6430080437317507
This is amazing theramin talk. Be proud to be a theramin geek <3,neither,0.03555486778266734,0.3371911296933882,0.6272540025239445
Thermin life,neither,0.03238624993753793,0.45143259807257424,0.5161811519898878
I need to look up that instrument.,neither,0.0412881657410815,0.44652076189732437,0.5121910723615942
!questions,neither,0.03945320844208391,0.33037608806864915,0.630170703489267
"To make it easier to read questions in chat, please preface your questions with the word question in all caps. For example, QUESTION: How are you today?",neither,0.06209713493468228,0.3342013724685751,0.6037014925967426
"With the Magicians being special effects heavy, is there any process/method that is most difficult?",neither,0.05019467774786287,0.3415735940001023,0.6082317282520348
I don't get SyFy. ðŸ˜Ÿ,neither,0.03826773538215842,0.3504966597337354,0.6112356048841062
QUESTION: do you believe in anything supernatural?,neither,0.05273433097877986,0.36412845961081874,0.5831372094104015
"QUESTION: With the Magicians being special effects heavy, is there any process/method that is most difficult?",neither,0.049626474895067385,0.34107467745254905,0.6092988476523836
@pauladinwon seasons 1 and 2 are on Netflix now,neither,0.05566292439587943,0.2734241217486685,0.670912953855452
No@greentea_leaf Not on Netflix Canada.,neither,0.03529536931713082,0.3581337418513943,0.6065708888314748
"Heh, ""the people.""",neither,0.07110876253595814,0.3096311959495045,0.6192600415145373
Sad Canada lives,neither,0.03945320844208391,0.33037608806864915,0.630170703489267
Oh no!,neither,0.04751210705993949,0.26629718932274826,0.6861907036173122
none for you!,neither,0.05261703270742256,0.344784331908545,0.6025986353840324
"no magic, you r cut off",neither,0.05541156661402333,0.3932969831557111,0.5512914502302656
Question: Do you think the show will try to introduce a kind of magic more directed to religion and gods powers or they will try to make magic more directed in Filorys mysticism?,neither,0.0625267313311312,0.265552102154346,0.6719211665145228
Hey @zismarith :),neither,0.03945320844208391,0.33037608806864915,0.630170703489267
Ah hi teno!,neither,0.03945320844208391,0.33037608806864915,0.630170703489267
Question: How's the process of constantly traveling back and forth for filming and press tours then heading back to LA?,neither,0.0386112088912044,0.27833489849627885,0.6830538926125168
PogChamp,neither,0.03945320844208391,0.33037608806864915,0.630170703489267
How about a Magicians/Librarians crossover.,neither,0.03638591120153141,0.3824361272487355,0.5811779615497331
"@pauladinwon that would be amazing, I would watch seven seasons of that",neither,0.037563102673204354,0.37208238453064274,0.5903545127961528
Whirlwind on paper? Seem like paper cuts galore. friskkSURE,neither,0.043503798129855366,0.3469278390681052,0.6095683628020393
"QUESTION: Who do you relate to the most? Season 1,2, or 3 Alice. If you weren't casted as Alice, which character could you see yourself as? (ps you're wonderful)",neither,0.06410124604177539,0.44939550576850845,0.4865032481897161
Good day Mr. @ElRoboRick,neither,0.0392733652644204,0.3130886280022264,0.6476380067333533
@Danoba you beautiful man! What is up homie?,offensive_language,0.07034750191337533,0.48933460381469296,0.4403178942719317
"@ElRoboRick Oh you know, the usual, how are things?",neither,0.08434630624366832,0.272090304447789,0.6435633893085427
Saving the world one line of code at a time,neither,0.03688736838185083,0.37068314002573133,0.5924294915924179
Building the new chat for Project Alpha :D,neither,0.037147302357445074,0.24470863522443528,0.7181440624181197
@ElRoboRick Sounds like fun.,neither,0.05289921068692755,0.34952207733838453,0.597578711974688
Running for Congress,neither,0.03363608501542185,0.30132538975101847,0.6650385252335597
LUL,neither,0.03945320844208391,0.33037608806864915,0.630170703489267
Figment!,neither,0.03945320844208391,0.33037608806864915,0.630170703489267
The usual stuff :D,neither,0.03861919018074466,0.3151469470104041,0.6462338628088512
Pete's Dragon,neither,0.03945320844208391,0.33037608806864915,0.630170703489267
HBU? How is keeping the internet safe?,neither,0.0451830164488063,0.31519447924790134,0.6396225043032924
Figment,neither,0.03945320844208391,0.33037608806864915,0.630170703489267
LUL,neither,0.03945320844208391,0.33037608806864915,0.630170703489267
gandsSubHype gandsSubHype gandsSubHype gandsSubHype gandsSubHype gandsSubHype gandsSubHype gandsSubHype gandsSubHype gandsSubHype gandsSubHype,neither,0.03945320844208391,0.33037608806864915,0.630170703489267
Figment,neither,0.03945320844208391,0.33037608806864915,0.630170703489267
I was thinking Pete's Dragon ðŸ‰,neither,0.03935435325174321,0.33205391864021927,0.6285917281080375
"@ElRoboRick Indeed, from several trolls at a time. It hasn't been too bad so far this week.",neither,0.03629512458522023,0.3723997182229544,0.5913051571918253
Puff?,neither,0.03945320844208391,0.33037608806864915,0.630170703489267
!questions,neither,0.03945320844208391,0.33037608806864915,0.630170703489267
"To make it easier to read questions in chat, please preface your questions with the word question in all caps. For example, QUESTION: How are you today?",neither,0.06209713493468228,0.3342013724685751,0.6037014925967426
Puff was a green dragon.,neither,0.04027113204032399,0.31063734845374014,0.6490915195059359
"Sorry, was thinking of Pete's dragon.",neither,0.03936380431916127,0.33189350936081435,0.6287426863200244
"Yeah, right after i heard the pink one i knew i was wrong",neither,0.026933842445233867,0.42489152684562914,0.5481746307091371
You are the real hero @Danoba .... You need your own show! I'd watch that!,neither,0.20013494467472745,0.3768117147900204,0.42305334053525223
Puff in Stuff?,neither,0.03945320844208391,0.33037608806864915,0.630170703489267
"QUESTION: If you could stay at any haunted location, which and why",neither,0.02802545417567574,0.3920442121585616,0.5799303336657627
renayAd,neither,0.03945320844208391,0.33037608806864915,0.630170703489267
Lol,neither,0.020706217963973744,0.4882283491876925,0.4910654328483337
scientology is the new wicca,neither,0.06163060774847355,0.15030644793134892,0.7880629443201774
Sparkly vampires? Kappa,neither,0.03945320844208391,0.33037608806864915,0.630170703489267
lol,neither,0.020706217963973744,0.4882283491876925,0.4910654328483337
flat earthists are the new witches,neither,0.06392897882391899,0.207223173527714,0.728847847648367
hello everyone <3,neither,0.03269494828970791,0.4450814005079928,0.5222236512022994
"see, i just watched sabrina :D",neither,0.034085209915482854,0.3559179839320004,0.6099968061525168
Hi @Leigh574,neither,0.03945320844208391,0.33037608806864915,0.630170703489267
@chaoticloony hi,neither,0.03945320844208391,0.33037608806864915,0.630170703489267
As girls do in the bathroom.,neither,0.02529430922707568,0.4218535621488485,0.5528521286240758
Hahaha,neither,0.03945320844208391,0.33037608806864915,0.630170703489267
