text,top_class,hate_speech,offensive_language,neither
Talks could've been at a coffeehouse or something,neither,0.02095597794237649,0.33732038647672075,0.6417236355809028
@claptrap2473 not tonight - tonight is comics!,neither,0.04036194380564821,0.3023907599031415,0.6572472962912103
"Weave is after The Wednesday Club, so not quite D&D.",neither,0.043022729828457056,0.3496103892856274,0.6073668808859156
@owifig night friends!,neither,0.029202253950315057,0.3298827374763163,0.6409150085733686
HOORAY,neither,0.03945320844208391,0.33037608806864915,0.630170703489267
@owifig oh god! I'm sorry - for you and the bats,neither,0.049010477575865595,0.2518819086724521,0.6991076137516823
@owifig tf?,neither,0.03945320844208391,0.33037608806864915,0.630170703489267
"I recently discovered my local library has a big Fables collection, which I find exciting, but intimidating. I'm hoping for a bit of guidance on where to start :)",neither,0.029125068557923368,0.3321052501008824,0.6387696813411943
Hi @owifig,neither,0.03945320844208391,0.33037608806864915,0.630170703489267
,neither,0.03945320844208391,0.33037608806864915,0.630170703489267
Happy Wednesday fellow daisies,neither,0.03945320844208391,0.33037608806864915,0.630170703489267
Eyyyyyyy!!!!!,neither,0.03945320844208391,0.33037608806864915,0.630170703489267
eyyy!!!!,neither,0.03945320844208391,0.33037608806864915,0.630170703489267
Weave is so much fun <3 <3,neither,0.04292341777225204,0.37279523247531965,0.5842813497524283
Become batman,neither,0.03945320844208391,0.33037608806864915,0.630170703489267
"@jerrodowex it did feel faster, but I love Taliesin and love listening to him talk",neither,0.025931281011816115,0.3304755239171925,0.6435931950709913
hello pile of comics,neither,0.03945320844208391,0.33037608806864915,0.630170703489267
"@GreenTea_Leaf There's actually a ""TWC tea company"" in my country, so seeing you say that is amusing. It's good tea too",neither,0.043363657014779795,0.4097863307369117,0.5468500122483085
HEEEYYYY!!,neither,0.03945320844208391,0.33037608806864915,0.630170703489267
Happy Wednesday!,neither,0.03945320844208391,0.33037608806864915,0.630170703489267
Yay!,neither,0.03945320844208391,0.33037608806864915,0.630170703489267
<3,neither,0.03945320844208391,0.33037608806864915,0.630170703489267
Wooo!!! BloodTrail,neither,0.03945320844208391,0.33037608806864915,0.630170703489267
@owifig least they aren't in your belfrey,neither,0.07466665118734522,0.32058293407145866,0.6047504147411961
We can hear you now!,neither,0.06115432797229624,0.387262383942502,0.5515832880852017
Hello everyone.,neither,0.03269494828970791,0.4450814005079928,0.5222236512022994
hello wednesdaisies!,neither,0.03945320844208391,0.33037608806864915,0.630170703489267
whoot!!,neither,0.03945320844208391,0.33037608806864915,0.630170703489267
Looks like Tal brought in all his trades.,neither,0.0672548238645922,0.3908255215630686,0.5419196545723394
yay!,neither,0.03945320844208391,0.33037608806864915,0.630170703489267
:),neither,0.03945320844208391,0.33037608806864915,0.630170703489267
Hello darling hosts!!!,neither,0.03945320844208391,0.33037608806864915,0.630170703489267
,neither,0.03945320844208391,0.33037608806864915,0.630170703489267
yay,neither,0.03945320844208391,0.33037608806864915,0.630170703489267
Ya Wendesday!,offensive_language,0.017331157930923866,0.7872544665869478,0.19541437548212848
"Download the new Critical Role theme song for Campaign Two! http://itunes.apple.com/album/id1331550250?ls=1&app=itunes Sales of the song support the musician, Jason Charles Miller.",neither,0.04445767596344001,0.2510827790306858,0.7044595450058742
Amy teehee,neither,0.03945320844208391,0.33037608806864915,0.630170703489267
hey,neither,0.03945320844208391,0.33037608806864915,0.630170703489267
gandsSubHype,neither,0.03945320844208391,0.33037608806864915,0.630170703489267
"Hi Amy, Taliesin and Matt!",neither,0.0388100252782571,0.29846695177565247,0.6627230229460904
Hi!,neither,0.03945320844208391,0.33037608806864915,0.630170703489267
YAY!,neither,0.03945320844208391,0.33037608806864915,0.630170703489267
gandsApplaud gandsApplaud gandsApplaud,neither,0.03945320844208391,0.33037608806864915,0.630170703489267
you silly lady,neither,0.059642944323039467,0.38654441675572465,0.5538126389212359
"there WAS a table, once",neither,0.0392687031048567,0.29091353317334073,0.6698177637218027
I hope they talk about Titania and Oberon,neither,0.04556340234132515,0.19276960539145183,0.761666992267223
We hear you lovely people. <3,neither,0.09338178881757832,0.37264677168431254,0.5339714394981093
awwww,neither,0.03945320844208391,0.33037608806864915,0.630170703489267
We can hear you. No Warehouse necessary.,neither,0.05080322466807113,0.3740498801477024,0.5751468951842265
That is a delicious table you all have there.,neither,0.057701714945131335,0.42962900296448425,0.5126692820903844
sweet I nearly had a heart attack and oh really what does comics include ?,neither,0.03609336402387425,0.3540762845788024,0.6098303513973233
@Stormaggeden oh yeah taliesin is awesome!,neither,0.033095288321595986,0.39468254519869217,0.5722221664797118
Good evening dear hosts!,neither,0.03885427573726051,0.33058208849025794,0.6305636357724815
Such a pretty Bigby on the chalkboard.,neither,0.03514493709728415,0.3217624473435283,0.6430926155591875
the BEST fanart!,neither,0.03652221034163643,0.28968136375604325,0.6737964259023204
"we aren’t real, that’s deffo true",offensive_language,0.029432121992901867,0.4854894670768835,0.4850784109302146
My first live WC! Hi everyone!,neither,0.026204681004414768,0.45877357110051,0.5150217478950753
resub hype gandsLessthanthree gandsLessthanthree gandsLessthanthree,neither,0.03945320844208391,0.33037608806864915,0.630170703489267
I just saw it online...dying!,neither,0.034436668544445215,0.34904293169181794,0.6165203997637368
I feel like everyday is better when you have blue hair,neither,0.05838250331607442,0.42344465286812183,0.5181728438158038
LMAO CHIEF!,neither,0.038199304209645034,0.35165811532241664,0.6101425804679383
thats a massive explosion of comics on the table,neither,0.03725990912152464,0.32862749466124097,0.6341125962172345
It was great fanart!! <3,neither,0.034759074972695626,0.29881834305207455,0.6664225819752297
"You are talking to empty air, you ARE in a warehouse, but also, you are on the Internet! :)",neither,0.1365328117828938,0.3220620121351468,0.5414051760819594
"Oh Chief, you trickster",neither,0.07106675810014611,0.3257005017212469,0.603232740178607
LUL,neither,0.03945320844208391,0.33037608806864915,0.630170703489267
LUL,neither,0.03945320844208391,0.33037608806864915,0.630170703489267
2 minutes in and Amy's dead.,neither,0.038779141341482956,0.29680311353492994,0.6644177451235872
Chief lmao,neither,0.038199304209645034,0.35165811532241664,0.6101425804679383
Chiefs got TO MUCH POWER!,neither,0.04031631419017769,0.36768609027959087,0.5919975955302313
CHIEF,neither,0.03945320844208391,0.33037608806864915,0.630170703489267
:),neither,0.03945320844208391,0.33037608806864915,0.630170703489267
oh no Chiefff,neither,0.04751210705993949,0.26629718932274826,0.6861907036173122
Chief muhahahahah,neither,0.03945320844208391,0.33037608806864915,0.630170703489267
WHA,neither,0.03945320844208391,0.33037608806864915,0.630170703489267
Chief!,neither,0.03945320844208391,0.33037608806864915,0.630170703489267
Oh my gosh! I love the Phantom shirt!,neither,0.03237102235819783,0.35236391744331863,0.6152650601984835
aww,neither,0.03945320844208391,0.33037608806864915,0.630170703489267
heh,neither,0.03945320844208391,0.33037608806864915,0.630170703489267
This is my first ever Wednesday Club,neither,0.030272480142694836,0.4008016423910333,0.5689258774662719
reading all new xmen while listening to this,neither,0.04835711556314369,0.3121997394161975,0.6394431450206587
Chief you silly,neither,0.05764567261620845,0.3813422293838802,0.5610120979999115
"Hello, Wednesdaisies! Just arrived from Alpha Book Club!",neither,0.0372503504470861,0.33236023711150275,0.6303894124414112
"Amy, i wish you luck on Weave tonight, Don't let Becca kill you!",neither,0.22516715580781513,0.32041135602946597,0.45442148816271893
"Help G&S make great content! $4.99/month gets you emotes, Minecraft server access, sub-only VODs, and more! Every sub keeps the channel alive! twitch.tv/geekandsundry/subscribe",neither,0.043907990691603095,0.31135964332838284,0.644732365980014
Chief... :p,neither,0.03945320844208391,0.33037608806864915,0.630170703489267
Lol Chief,neither,0.029869404313338878,0.4015213065569965,0.5686092891296647
its soooo gooooood,neither,0.032172426933007474,0.33288028269424347,0.634947290372749
bleep boop blrep,neither,0.03945320844208391,0.33037608806864915,0.630170703489267
:D,neither,0.03945320844208391,0.33037608806864915,0.630170703489267
I'm so jelly *said small like*,neither,0.04888220719729059,0.38508068591300454,0.566037106889705
Matt does look like dr strange...!,neither,0.036172095709035144,0.43344425529493597,0.530383648996029
"OMG, the Kid Lobotomy cameos! <3",neither,0.037923927032588615,0.31892420136972344,0.643151871597688
Taliesin Jaffe: Saga Adjacent,neither,0.03945320844208391,0.33037608806864915,0.630170703489267
"sometimes I wonder if ""reality"" really is just a really big warehouse @DeLevely",neither,0.022814831144231495,0.40641830613746593,0.5707668627183026
I <3 Chief.,neither,0.03945320844208391,0.33037608806864915,0.630170703489267
it's crazy gorgeous.,neither,0.027169060476389475,0.44325894608482264,0.529571993438788
ohhh that’s so cool oh man!!!,neither,0.04099892079291063,0.44933769408605173,0.5096633851210376
UGH. Fiona's making the rest of us look bad. Wish this was news.,neither,0.06105718460427348,0.31070459610394024,0.6282382192917862
Don't worry Tal! We'll throw it around twitter for you!,neither,0.04303509050108764,0.41562448789196493,0.5413404216069474
"Chief, you know there is a rule in the drinking game for every time you make a post like that, right? ;)",neither,0.05993426191846705,0.3503975583707169,0.5896681797108161
uh oh...,neither,0.04643193976314166,0.26471338503087416,0.6888546752059841
LUL,neither,0.03945320844208391,0.33037608806864915,0.630170703489267
i'm so glad i picked up the new kid lobotomy now!!,neither,0.03923441662173001,0.3260038480452191,0.6347617353330509
Chief was snarky,neither,0.03929488606946622,0.33306323192043863,0.6276418820100952
ahahaha Chief,neither,0.03945320844208391,0.33037608806864915,0.630170703489267
"@Deathstar_Taco Of course it is, but don't let it bother you ;)",neither,0.03784137825698367,0.39848896635084363,0.5636696553921726
Dangit. I wish I was as pretty as Amy.,neither,0.03644644356833847,0.381408735007131,0.5821448214245306
chief is great,neither,0.04623590730475877,0.30029862234996607,0.6534654703452752
I'M GAY,hate_speech,0.6637135133068858,0.05619448739973522,0.280091999293379
Everything's fine. Pay no attention to Chief.,neither,0.04374021777835658,0.337884914873538,0.6183748673481054
that is A LOT of comics,neither,0.04299853590954933,0.36603765542016997,0.5909638086702806
Amy gives good Mom-eye,neither,0.04523201732057235,0.32838849070457393,0.6263794919748537
This channel is always so quiet :(,neither,0.044401304569309616,0.4126874202118537,0.5429112752188368
i just want someone to know that,neither,0.03707544222599747,0.3938610696324593,0.5690634881415432
it's almost like this is a comics show!,neither,0.07137389023485301,0.27796888578869766,0.6506572239764494
livin for all those comics,neither,0.05410210277731479,0.29946844242032056,0.6464294548023646
"And don't forget, Wednesday Club advertisement on the back of a Dark Horse Comic at ECCC",neither,0.036336472685371234,0.3188964594524113,0.6447670678622175
Chiefs the best,neither,0.037667011752565656,0.30624243054219924,0.6560905577052351
I'm so excited for this episode!,neither,0.03365782411588628,0.3427223035695308,0.6236198723145829
at least it is roomy... @DeLevely,neither,0.047221970364455045,0.35921313816505407,0.5935648914704909
"Matt looking like Dr. Strange, what else is new Chief?",neither,0.05763108210256488,0.2818557661666462,0.660513151730789
"Wait, hold on a second. *sets my love of ""The Wolf Among Us"" on the table* Now, let us begin...",neither,0.0478836994610234,0.3773288041241766,0.5747874964148
Hey Chat!,neither,0.03945320844208391,0.33037608806864915,0.630170703489267
@bozzylumpkins welcome to the club we have membership perks,neither,0.04335200151132028,0.3237123332524751,0.6329356652362046
the table looks like the inside of Amy's Brain,neither,0.040543945362869094,0.19382779994926214,0.7656282546878688
https://clips.twitch.tv/HardHonorableElkAMPEnergy,neither,0.03945320844208391,0.33037608806864915,0.630170703489267
James Jean does amazing cover art for Fables,neither,0.027905958015846402,0.3919932499234524,0.5801007920607011
@DeLevely Hi Sam!,neither,0.03945320844208391,0.33037608806864915,0.630170703489267
@chaoticloony o hai!,neither,0.03945320844208391,0.33037608806864915,0.630170703489267
"I bought the first trade for this a long time ago, and I can't remember if I ever read it.",neither,0.022633754405311995,0.32337696781196296,0.653989277782725
I still need to play The Wolf Among Us. Hoping for a Switch version.,neither,0.05681259326104166,0.30831872989319603,0.6348686768457624
Someone link me to what I have to do to impress Talisin,neither,0.05342280747048215,0.35173035060300656,0.5948468419265114
Hullo all!,offensive_language,0.046917543854519406,0.6277741405869331,0.3253083155585475
"@DeLevely Hey, Sam. Congrats on the comic book cameo",neither,0.03708037397295632,0.3284945287698369,0.6344250972572069
!twc,neither,0.03945320844208391,0.33037608806864915,0.630170703489267
"Here are some handy The Wednesday Club resources! TWC Reddit: reddit.com/r/WednesdayClub/ | Discord: https://discord.gg/6QK9fVB | Wednesday Club Fanclub on Facebook: facebook.com/groups/1945232949091586/ | Send in your thoughts, comic recommendations, questions, and more to Matt, Amy, and Taliesin at thewednesdayclub@geekandsundry.com",neither,0.05001524745118048,0.31503641584425707,0.6349483367045624
oh hai @DeLevely <3,neither,0.051363287716059566,0.22255663153133606,0.7260800807526044
"@DeLevely Come chat with us, Sam. Forever.",neither,0.05313880375665522,0.37407767663029456,0.5727835196130502
Hello @DeLevely ! You're in a comic book!!! <3,neither,0.08027595299658295,0.3450952262408632,0.5746288207625538
!amy,neither,0.03945320844208391,0.33037608806864915,0.630170703489267
"Internet Sensation Amy Dallen is a comic enthusiast, a Geek & Sundry host, and a wonderfully thoughtful and charming fan-centric person! She plays 'Curie' in the Future Girl webseries! Find her at twitter.com/enthusiamy and check out Future Girl here, http://bit.ly/1U6LQdy",neither,0.04242970691477908,0.3812436685823175,0.5763266245029034
a wild Sam appears :D,neither,0.03945320844208391,0.33037608806864915,0.630170703489267
Question: Matt did you get the new Doctor Strange: Damnation?,neither,0.05106783365285393,0.29394826407822067,0.6549839022689254
wtf i didnt get a notification,offensive_language,0.04125123827529757,0.5399111249301475,0.4188376367945548
Vox machina Comics is Awesome,neither,0.04699931577157874,0.3277806357267375,0.6252200485016837
PogChamp PogChamp PogChamp PogChamp PogChamp PogChamp PogChamp PogChamp PogChamp PogChamp PogChamp,neither,0.03945320844208391,0.33037608806864915,0.630170703489267
oh Amy you're quite excite about this lol,neither,0.05891108758365663,0.3639366471180236,0.5771522652983198
And a novel. Novel's not bad.,neither,0.030702006993980808,0.27268475003188253,0.6966132429741367
"@delevely aww thought you were on with them, you are awesome",neither,0.09654384689953222,0.30069056613873785,0.60276558696173
that table is loaded,neither,0.04304732184288694,0.3664905704683062,0.5904621076888069
@DeLevely Hey there.,neither,0.039367870622775906,0.26767823129172763,0.6929538980854965
Never heard of this one.,neither,0.033959346543226264,0.41233534501113006,0.5537053084456436
i cant wait till I have money so I can afford comicz,neither,0.0392197500284294,0.3670531249589565,0.5937271250126142
#FancyW,neither,0.03945320844208391,0.33037608806864915,0.630170703489267
what are they talking about tonight?,neither,0.06968369833740952,0.2839324050536158,0.6463838966089748
That W is so pretty,neither,0.04495171482084668,0.4469679792097139,0.5080803059694394
KappaHD,neither,0.03945320844208391,0.33037608806864915,0.630170703489267
@JeffM0307 @The_TBoyce why thank you! Tess told me about the same time as Gotham City Garage revealed that I was an influence for their take on Jimmy Olsen. I take over all the comics MWAHAHAHA,neither,0.030037120409266017,0.42281817981322084,0.5471446997775132
#FancyW,neither,0.03945320844208391,0.33037608806864915,0.630170703489267
Fables and fairy tales,neither,0.04564559055186441,0.15583797137966077,0.7985164380684748
"And Ive never heard of Fables, so this is going to be an educational episode.",neither,0.045030168819405136,0.3718637188583993,0.5831061123221956
hi @Danoba hi crew!,neither,0.03945320844208391,0.33037608806864915,0.630170703489267
fancy W,neither,0.03945320844208391,0.33037608806864915,0.630170703489267
That's so cool.,neither,0.03370500952970764,0.45829613352409315,0.5079988569461991
the blackboard art is always so lovely <3,neither,0.042865203634059386,0.38486055030973687,0.5722742460562038
hi,neither,0.03945320844208391,0.33037608806864915,0.630170703489267
Like the W on the table that is currently buried under comics,neither,0.04543383978276019,0.3518632664141425,0.6027028938030974
who is in charge of wiping the blackboard each week? that job should come with anxiety medication,neither,0.03967406332386855,0.41455553191526523,0.5457704047608664
"Oh man, that wolf <3",neither,0.040772153568729985,0.3869775606433688,0.572250285787901
"i saw one of the fables books at the bookstore once, years ago. thought it looked interesting. never did anything about it :D",neither,0.03552076296523951,0.3264934354076001,0.6379858016271603
I wonder if they talk about Astro City at some point,neither,0.013602011757883722,0.42106202181140107,0.5653359664307152
Hi @Nyna_of_time,neither,0.03945320844208391,0.33037608806864915,0.630170703489267
"@DeLevely In that case, I can't wait for your cameo in the Star Trek comic!",neither,0.04795206599259578,0.32037417076532654,0.6316737632420778
@Stormaggeden Awesome name! You're making me feel old though.,neither,0.06015231133100481,0.36273946925593226,0.577108219413063
I've only heard of fables peripherally so this should be super interesting,neither,0.02862364157242999,0.3747828819823551,0.596593476445215
@The_TBoyce from your lips...,neither,0.08803015997440093,0.29414741035217823,0.6178224296734209
Deep Dive into that pile of comics!!,neither,0.03704991110603879,0.3563346358542939,0.6066154530396674
we always go deep in TWC x),neither,0.038617649167136045,0.39702521143767605,0.5643571393951878
Hello all!,neither,0.04217753453783664,0.43734383323855475,0.5204786322236087
anyone found that mollymauk fanart. ama searching,neither,0.03608027617891331,0.3669774215625727,0.5969423022585141
I really only now of Fables from The Wolf Among Us.,neither,0.06572259090935202,0.3021350177493171,0.6321423913413308
hello everyone! happy one year anniversary for TWC!,neither,0.03108512354399655,0.39961570987947986,0.5692991665765236
@misssunflower94 right?? I want to Scrooge McDuck into it,neither,0.0450408976549387,0.34423549264009046,0.6107236097049709
it is The Wednesday Club's 1 year anniversary. Go on twitter and use #ThankYouTWC and let the hosts know how much you love the show,neither,0.024204577936843368,0.38129702608503474,0.5944983959781219
know*,neither,0.03945320844208391,0.33037608806864915,0.630170703489267
Need to actually read Fables. Played The Wolf Among Us and loved it. Let's go!,neither,0.04895197275598647,0.31446871368691803,0.6365793135570956
I wonder who had all those on their shelf.,neither,0.05784880147825507,0.39169729455432123,0.5504539039674237
Hi @meaningofnightt,neither,0.03945320844208391,0.33037608806864915,0.630170703489267
@DeLevely Same! or ball-bit!,neither,0.04032059024205486,0.33828171220085734,0.6213976975570878
"The art is on Matt Mercer's twitter, Tess Fowler linked it to him.",neither,0.04469775634114208,0.3976556958962014,0.5576465477626565
*pit,neither,0.03945320844208391,0.33037608806864915,0.630170703489267
is there a time-lapse art roll of all the chalk art over the history of TWC?,neither,0.040802588370033845,0.3340937978283713,0.6251036138015947
"@halfaringcircus Haha, thnx. I love Doctor Who do much. why do I make you feel old? im 26 if that helps? :D",neither,0.026964212782182063,0.4839472123155669,0.4890885749022511
"Amy must make fun of herself, because she is too wholesome for anyone else to do that to her",neither,0.04085543734421994,0.4660630528680631,0.4930815097877169
LUL,neither,0.03945320844208391,0.33037608806864915,0.630170703489267
Is Taliesin's shirt an homage to Phantom of the Paradise?,neither,0.04992642178379237,0.3104015317811257,0.6396720464350819
@SprlngheelJack Check GNS Twitter history,neither,0.03876144202521262,0.44772256484550177,0.5135159931292858
It's beautiful.,neither,0.03724568914859857,0.331135355180806,0.6316189556705953
"Evening from very rainy Fort Worth, Texas",neither,0.040251814571138474,0.31682165786267774,0.6429265275661838
PogChamp PogChamp PogChamp PogChamp PogChamp PogChamp PogChamp PogChamp PogChamp PogChamp PogChamp PogChamp PogChamp,neither,0.03945320844208391,0.33037608806864915,0.630170703489267
oh Amy wow,neither,0.04447796403149333,0.28242513726708895,0.6730968987014176
#ThankyouTWC,neither,0.03945320844208391,0.33037608806864915,0.630170703489267
Ahh I'm late!! But I'm here now B) Hello chat.,neither,0.0650194005151908,0.31211139473690597,0.6228692047479032
"Well done, Amy xD",neither,0.03872359234833914,0.3427595773257686,0.6185168303258922
Amy is good at mapping,neither,0.046319331823758636,0.3525225405558038,0.6011581276204375
Amy you are magical,neither,0.08469658839333741,0.32758030402339455,0.5877231075832681
@Stormaggeden Just because I'm picturing little baby in chat.,neither,0.03515653765620847,0.3539176416046065,0.6109258207391851
Amy's mapmaking skill is well known,neither,0.04533401311823992,0.3283534096726773,0.6263125772090827
this looks like a dungeon map tho,neither,0.04483937156373507,0.35437646880752316,0.6007841596287417
Yay! Amy's crazy conspiracy theory scratchings!,neither,0.03172958859298302,0.40742318355957235,0.5608472278474446
Good job amy,neither,0.03881830569343248,0.3305944602377584,0.630587234068809
Anyone else introduced to Fables by The Wolf Among Us? *raises hand*,neither,0.06512674741925252,0.33961287134757406,0.5952603812331733
#ThankYouTWC,neither,0.03945320844208391,0.33037608806864915,0.630170703489267
TIL wolf among us is a part of fables,neither,0.07272285792495375,0.32317784933405946,0.604099292740987
Yet her King's Quest II map is on a piece of old mail...,neither,0.036787569107810066,0.4419918352629277,0.5212205956292623
Amy. You understand that that looks like the scrabblings of a half-unhinged time traveler.,neither,0.0486655804091938,0.4179370465438742,0.5333973730469319
@meaningofnightt Black ink!,neither,0.06459800827910724,0.3102741897694187,0.6251278019514741
My interest decreased greatly after Bill Willingham chose to act like a sexist jerk.,neither,0.04052834922152851,0.39160444452963006,0.5678672062488413
Hello i am here and slightly loopy from being sick but yay wednesday!,neither,0.0557070894981678,0.2992998919792841,0.644993018522548
"Wait, Wolf Among Us is part of Fables?!",neither,0.07390619518019857,0.3228852596104302,0.6032085452093712
BlessRNG Did her Homework,offensive_language,0.02971375436233008,0.5752079139357562,0.39507833170191375
Slightly less confusing than Amy's Kings Quest map,neither,0.03922891832906057,0.334182876637206,0.6265882050337336
I totally approve of this complex mathematics looking chart. <3,neither,0.039388618576714954,0.33147234665007647,0.6291390347732085
wait this is where Wolf Among us Comes form? my mind is blown,neither,0.06026966500737327,0.3522141592554393,0.5875161757371874
"Damn, evolutionary biologists would be proud of this timeline",offensive_language,0.043748824977842396,0.6700278803867994,0.2862232946353581
Can't make it out. Looks Uncharted. :p,neither,0.033160072622679185,0.3450838109498604,0.6217561164274605
that chart is great,neither,0.04125968721540567,0.3424250925001056,0.6163152202844887
NERD ALERT!,neither,0.03945320844208391,0.33037608806864915,0.630170703489267
@igilboa1 is Amy NOT a half-unhinged time traveler?,neither,0.04330781429637393,0.34600783703584337,0.6106843486677827
@KBTibbs we'll have to remind her tomorrow,offensive_language,0.0358776639786164,0.5217716112879036,0.44235072473347997
"Yes, Wolf Among Us is a part of the Fables universe.",neither,0.06785432756054957,0.31431964010267166,0.6178260323367788
"@DeLevely Hey Sam-san, whatchoo drawing duder?",neither,0.03945320844208391,0.33037608806864915,0.630170703489267
"""failed"" attempts",neither,0.03945320844208391,0.33037608806864915,0.630170703489267
Nobody is cooler than Amy.,neither,0.039033284208342095,0.4425696968308033,0.5183970189608544
I wasnt actually sure whether you were going to be talking about the specific series or just general fables and fairytale comics,neither,0.041845091234813316,0.40671188817095266,0.5514430205942339
"damn, 150 issues in 13 years?",offensive_language,0.04406487953914952,0.6785910154733307,0.27734410498751977
hi everyone,neither,0.032490659208996964,0.4485487193596734,0.5189606214313296
YAY Daily Wednesday!,neither,0.03945320844208391,0.33037608806864915,0.630170703489267
TOPIC: introduce a modern peice of culture to fabletown. who do you show and who opposes it.,neither,0.0606438293350406,0.35598848362411206,0.5833676870408474
that FABLES map looks kinda similar to the map of King's Quest II,neither,0.040099482830142884,0.3392241877904705,0.6206763293793868
Hi @engineerbudy,neither,0.03945320844208391,0.33037608806864915,0.630170703489267
Woot Fables :),neither,0.03945320844208391,0.33037608806864915,0.630170703489267
so one year for free comicbook day they passed out fable comics to 6yr old,neither,0.03641238571956572,0.35532192405274654,0.6082656902276877
yayyy Letters!!,neither,0.03945320844208391,0.33037608806864915,0.630170703489267
"@Chovexani I started a warmup drawing the other day, and it kinda turned into a drawing-I-put-effort-into :D",neither,0.03831572460300634,0.29998637925922694,0.6616978961377666
I love how passionate you guys are!,neither,0.07874475028596153,0.3420881478757178,0.5791671018383207
@ravensburgermaster that's slightly fewer than 1 issue per month,neither,0.03694370360859388,0.3591224030118326,0.6039338933795735
not a great idea XD,neither,0.03598603531308427,0.30796731585535986,0.6560466488315558
"I want to draw like James Jean, one day soon!",neither,0.05110255930602124,0.3463300400363687,0.60256740065761
Holy shit! I got the video game for my b-day & didn't realize it was related to this comic series!!,offensive_language,0.0359738017255378,0.8993355380244134,0.06469066025004884
Does anyone know what Taliesin's shirt is from?,neither,0.0374214645747004,0.4226000462988457,0.539978489126454
Taliesin and Amy are cool nerds.,neither,0.058507859700697315,0.2636095692396916,0.6778825710596111
It's Wednesday somewhere,neither,0.038071494092973265,0.3308513229926523,0.6310771829143744
:D,neither,0.03945320844208391,0.33037608806864915,0.630170703489267
"letters, we get letters",neither,0.03906188436653762,0.33701787890512563,0.6239202367283367
https://clips.twitch.tv/EvilIncredulousMooseBCouch,neither,0.03945320844208391,0.33037608806864915,0.630170703489267
I love these nerds,neither,0.0464200541845888,0.4359337245348134,0.5176462212805978
ooooh nice!,neither,0.03945320844208391,0.33037608806864915,0.630170703489267
I kinda love those @DeLevely I've got a nude dwarf I drew just because of something like that,neither,0.033731285622046414,0.3542024626137732,0.6120662517641804
"Valient Attempt, Chief",neither,0.03945320844208391,0.33037608806864915,0.630170703489267
Well done Chief,neither,0.038675715338710843,0.3435721751281993,0.6177521095330899
"Wait, we can send letters?",neither,0.03955225521860416,0.3286950057796119,0.6317527390017839
"""act out the calendar"", bless",neither,0.032737356970012906,0.3564878664337076,0.6107747765962794
:D,neither,0.03945320844208391,0.33037608806864915,0.630170703489267
Bill Gaines was right,neither,0.03816396637924129,0.35514849026509077,0.606687543355668
Chief extra sassy tonight,neither,0.03739311246820779,0.3131251096116176,0.6494817779201746
I love you nerds in chat too,neither,0.05000219122017762,0.3858282690429793,0.564169539736843
@DeLevely Hi Sam! Good to see you! :D,neither,0.06261945895755985,0.370135667326275,0.567244873716165
so i saw the Netflix Full Metal Alchemist movie,neither,0.05381988776087575,0.3179918016148687,0.6281883106242556
#Intro W W W W W,neither,0.03945320844208391,0.33037608806864915,0.630170703489267
"@Chovexani ooooh! Mine is RPG art, because EVERYTHING I do is RPG art lol",neither,0.044305363544951175,0.3572228582757128,0.5984717781793361
holy hell that's an awesome story,offensive_language,0.03830992873117794,0.6683638541206216,0.2933262171482005
not bad not bad,neither,0.03093736735434532,0.342257617320274,0.6268050153253806
hi @phoenixgoth what up? :),neither,0.04293890686682951,0.39425450005285023,0.5628065930803202
Backup credits.,neither,0.03945320844208391,0.33037608806864915,0.630170703489267
love you in TWC!,offensive_language,0.07221049643019836,0.474987337579975,0.4528021659898266
#BillGainesWasRight,neither,0.03945320844208391,0.33037608806864915,0.630170703489267
that's SO GREAT,neither,0.03131592748518165,0.41140401576685603,0.5572800567479623
Awww. <3,neither,0.03945320844208391,0.33037608806864915,0.630170703489267
Great story.,neither,0.03716354239707708,0.29963402246261994,0.663202435140303
Sounds legit @DeLevely it's -such- a rich place for influence and inspiration,neither,0.036491215593024456,0.26038883883374186,0.7031199455732337
Lobstah,neither,0.03945320844208391,0.33037608806864915,0.630170703489267
Also apparently super generous.,neither,0.03945320844208391,0.33037608806864915,0.630170703489267
"Matt, you can be my mom",neither,0.04227986682827855,0.46916774641511005,0.48855238675661145
So cool,neither,0.03941094976918481,0.4067560025575799,0.5538330476732353
Lobstah,neither,0.03945320844208391,0.33037608806864915,0.630170703489267
#LOBSTAH!,neither,0.03945320844208391,0.33037608806864915,0.630170703489267
All great stories end with lobster,neither,0.031193449962895085,0.3848154507661423,0.5839910992709626
xD,neither,0.03945320844208391,0.33037608806864915,0.630170703489267
Hehehe,neither,0.03945320844208391,0.33037608806864915,0.630170703489267
oh Taliesin oh Taliesin no,neither,0.049742116430629285,0.2424292245215346,0.7078286590478361
LOBSTAH!,neither,0.03945320844208391,0.33037608806864915,0.630170703489267
