text,top_class,hate_speech,offensive_language,neither
"Hi @The_TBoyce I always am ready for D&J, add B Dave and i expect so much entertainment!",neither,0.03292514593057484,0.34448113375101325,0.6225937203184121
They explain at the beginning of the show it's super simple,neither,0.0458555396904948,0.27795476737124064,0.6761896929382646
All,offensive_language,0.046917543854519406,0.6277741405869331,0.3253083155585475
dick n johnsn is semi themed creative bsing class 101,offensive_language,0.06842539797157761,0.7454013875216021,0.18617321450682042
Oops,neither,0.03945320844208391,0.33037608806864915,0.630170703489267
YO,offensive_language,0.04010381111145228,0.5271105317972344,0.4327856570913131
"Farts indeed, Johnson.",neither,0.03945320844208391,0.33037608806864915,0.630170703489267
SAX,neither,0.03945320844208391,0.33037608806864915,0.630170703489267
"if you don't know, make it up",offensive_language,0.028639132805511974,0.5335784278791071,0.43778243931538086
@cabezadecervez some may even say it is a Masterclass in bs'ing,neither,0.037940942160337304,0.332784749718246,0.6292743081214166
It's good to see your face,neither,0.08885714345821862,0.3140854813589325,0.597057375182849
Hello Dave!,neither,0.03945320844208391,0.33037608806864915,0.630170703489267
BDave Hype <3,neither,0.03945320844208391,0.33037608806864915,0.630170703489267
Weave is trying to overtake D&J as the most CHAOTIC RPG!,neither,0.050816388364095855,0.3400507395707925,0.6091328720651116
Yay Sax,neither,0.03945320844208391,0.33037608806864915,0.630170703489267
what is this?,neither,0.07282678549990032,0.31792604547631814,0.6092471690237815
Hey man,neither,0.039706915135239045,0.43074372746631245,0.5295493573984484
B Dave HYPE!!!!!!!!!!!!,neither,0.03945320844208391,0.33037608806864915,0.630170703489267
Dave won me at Yoda Gifs,neither,0.033979466742558716,0.3728469953996276,0.5931735378578137
The Return of AYBGF!!!,neither,0.038353223192269734,0.3101346756120217,0.6515121011957086
Sax's notebook is more analog than usual,neither,0.04887442745488248,0.32567670629596224,0.6254488662491552
"Uh, that's awesome news...",neither,0.036061242456108,0.3671872252923017,0.5967515322515903
All Outta Bubblegum,neither,0.04122285906026634,0.40146497100531636,0.5573121699344173
um hi,neither,0.03945320844208391,0.33037608806864915,0.630170703489267
@rotten2thecore5 2 real Muricans saving the world!,neither,0.03150898631774977,0.43498749320711483,0.5335035204751355
O.o,neither,0.03945320844208391,0.33037608806864915,0.630170703489267
really,neither,0.03945320844208391,0.33037608806864915,0.630170703489267
!wtfisthis,neither,0.03945320844208391,0.33037608806864915,0.630170703489267
"Join Jessica Chobot and Andrew Bowser as they lift the veil and showcase the hauntings, urban myths, unsolved murders and general oddities that everyone has experienced but no one wants to talk about.",neither,0.027985628766723055,0.3687579232989117,0.6032564479343653
that's happened?,neither,0.03410914153911957,0.3888682808117829,0.5770225776490976
OH GODS,neither,0.051363287716059566,0.22255663153133606,0.7260800807526044
muricans?,neither,0.03945320844208391,0.33037608806864915,0.630170703489267
Hahaha not for the white girls,offensive_language,0.45740099859705735,0.4834127196506951,0.059186281752247445
XD,neither,0.03945320844208391,0.33037608806864915,0.630170703489267
LOL Daaayum,neither,0.020706217963973744,0.4882283491876925,0.4910654328483337
OH NO! :D,neither,0.04751210705993949,0.26629718932274826,0.6861907036173122
Keep away,neither,0.041519788745712896,0.29530082697124715,0.6631793842830401
I mean wear the costume all day but.. the flesh make up nawww,neither,0.035730616218515907,0.3833892718373298,0.5808801119441543
XD THe Dark Side,neither,0.03240206572763489,0.35528332303730564,0.6123146112350595
YEEEEESSSSS!!!!,neither,0.03945320844208391,0.33037608806864915,0.630170703489267
!wtfisthis,neither,0.03945320844208391,0.33037608806864915,0.630170703489267
"This is Dick & Johnson! An improvised RPG using the ""All Outta Bubblegum"" system and the adventure is determined by YOU!",offensive_language,0.06934293956297523,0.6551074395412864,0.2755496208957385
@chovexani yeah lol,offensive_language,0.011806779804805862,0.5514052530606893,0.43678796713450474
!djwiki,neither,0.03945320844208391,0.33037608806864915,0.630170703489267
"""The Dick and Johnson wikia, the most unsatisfying misclick on the Internet."" -Sax Carr 2017 #PutItInTheWiki http://dickandjohnson.wikia.com/wiki/The_Dick_and_Johnson_Wiki",neither,0.04705533552773973,0.46992134562560794,0.48302331884665234
yesyesyes,neither,0.03945320844208391,0.33037608806864915,0.630170703489267
!whodat,neither,0.03945320844208391,0.33037608806864915,0.630170703489267
"GM Sax Carr ( twitter.com/SaxCarr ), Hector Navarro ( twitter.com/Hectorisfunny ), Keller Knoblock ( twitter.com/KellerKnoblock ), with guest B. Dave Walters ( twitter.com/BDaveWalters ).",neither,0.035492111349151687,0.47002183742564,0.49448605122520833
:D,neither,0.03945320844208391,0.33037608806864915,0.630170703489267
!bubblegum,neither,0.03945320844208391,0.33037608806864915,0.630170703489267
"You came here to chew Bubblegum and watch an RPG. Check out the rules for Dick & Johnson's RPG system here, https://gist.github.com/anonymous/2e00cd265c8628d4fb13",offensive_language,0.10878855305517567,0.46746033330792874,0.42375111363689555
Vader says Hail Hydra?,neither,0.03945320844208391,0.33037608806864915,0.630170703489267
I feel like Dave would think Vader's style is too tame and inefficient...,neither,0.05075220405724645,0.3061115241986899,0.6431362717440637
#PutItInTheWiki,neither,0.03945320844208391,0.33037608806864915,0.630170703489267
YES,neither,0.03945320844208391,0.33037608806864915,0.630170703489267
XD @darkofnate,neither,0.03945320844208391,0.33037608806864915,0.630170703489267
sounds legit,neither,0.03945320844208391,0.33037608806864915,0.630170703489267
so sauron...but vader?,neither,0.03590171487723718,0.38932919275260275,0.57476909237016
does vader speak elvish?,neither,0.027426340653683767,0.44247212424866234,0.5301015350976539
I admire the people on the D&J Wiki. It's like trying to make a map of the Labyrinth: you can't help but admire the effort. LOL,neither,0.06016432759698705,0.3584441066957643,0.5813915657072486
thanks to B Dave Walters for the effective modeling job,neither,0.03777516459130706,0.2869297135196198,0.675295121889073
"I really want to do a Mass Effect version of ""All Outta Bubblegum"". I mean, this system was made for Blasto the Hanar Spectre. :D",neither,0.04033883495208606,0.3362930005426885,0.6233681645052254
I am eating one right now! It's blue raspberry,neither,0.03707574617202419,0.3659557110453199,0.596968542782656
"its a punishment, you fail and have too eat one of those candies lol",neither,0.052690939616661596,0.3519127427406821,0.5953963176426563
it just gave up...lol,neither,0.02299690878461815,0.4830112356890567,0.49399185552632524
i love the chalky taste of those candies,neither,0.06278783375316065,0.24785725384318447,0.6893549124036549
Dick & Johnson vs Asinine Wisdom!,offensive_language,0.060051056403179204,0.7671870759582508,0.17276186763857
put usa flags everywhere,neither,0.03945320844208391,0.33037608806864915,0.630170703489267
There's something wonderful about the horribleness of candy hearts...,neither,0.037822501201459455,0.30938703249013455,0.6527904663084059
lol,neither,0.020706217963973744,0.4882283491876925,0.4910654328483337
@chaoticloony That would be very fun.,neither,0.03538223073962943,0.3708382253055818,0.5937795439547888
We have a subscriber-only Discord server! Join here: https://discord.gg/geekandsundry (you'll need to sub and link it to your Twitch) and be a part of the fun!...Warning: It can take up to an hour for the server to update and give you access to the channels,neither,0.08464076273808444,0.286394834032893,0.6289644032290227
XD,neither,0.03945320844208391,0.33037608806864915,0.630170703489267
"OMG, I love Dave's Vader!",neither,0.03722152366529689,0.3407017836524144,0.6220766926822886
"all my hearts taste like fruit, cotton candy, or mint",neither,0.038936678435333265,0.42997345571606155,0.5310898658486053
why has no one ever made valentines candy that doesn't taste like death? seems like an easy sell,neither,0.04046487553192579,0.3888658618744519,0.5706692625936223
lol,neither,0.020706217963973744,0.4882283491876925,0.4910654328483337
great voice,neither,0.0371246027790529,0.29908419609877834,0.6637912011221686
XD hehehehe,neither,0.03945320844208391,0.33037608806864915,0.630170703489267
this is v good,neither,0.05408008597286899,0.3281895969824268,0.6177303170447042
"Help G&S make great content! $4.99/month gets you emotes, Minecraft server access, sub-only VODs, and more! Every sub keeps the channel alive! twitch.tv/geekandsundry/subscribe",neither,0.043907990691603095,0.31135964332838284,0.644732365980014
XD hahaha,neither,0.03945320844208391,0.33037608806864915,0.630170703489267
He's not wrong,neither,0.045406618975744786,0.3347852449546782,0.6198081360695771
"""@RealDarthVader""",neither,0.03945320844208391,0.33037608806864915,0.630170703489267
"""I hate Twitter...it's just a bunch of Kylos complaining."" *standing ovation*",offensive_language,0.15871813590595218,0.5067082870875355,0.3345735770065122
lol I should NOT have gotten food right when this came on,neither,0.030875718304886446,0.4613246291388784,0.5077996525562352
XD truth @Leigh574,neither,0.03945320844208391,0.33037608806864915,0.630170703489267
Nice work fellas,neither,0.03945320844208391,0.33037608806864915,0.630170703489267
This is the room where they keep all the smelt fish?,neither,0.04673137293818965,0.31858646055783224,0.6346821665039782
We've done some of our best smelting in that room,neither,0.016743929521192687,0.36137493282422656,0.6218811376545808
"So, Dick and Johnson managed to figure out gun control? Put it in the wiki!",offensive_language,0.05406589259151676,0.63238274240607,0.31355136500241326
FunRun,neither,0.03945320844208391,0.33037608806864915,0.630170703489267
lol,neither,0.020706217963973744,0.4882283491876925,0.4910654328483337
XD he just called D&J hobbits oh man,neither,0.04443218770528405,0.3569731810866943,0.5985946312080217
100 points to B Dave for that!,neither,0.036490833275380476,0.3363118125965739,0.6271973541280457
here at the compound. ok. shortest eps ever. case closed,neither,0.061764629584061585,0.3141867018349079,0.6240486685810305
Wait did we just figure out who Anakin's father is?,neither,0.03852947843044218,0.40323450794424165,0.5582360136253164
Librynthian,neither,0.03945320844208391,0.33037608806864915,0.630170703489267
B D Vader,neither,0.03945320844208391,0.33037608806864915,0.630170703489267
Midochlorians = a secret one-night-stand with a wookie.,neither,0.023967922889070667,0.3914831904470447,0.5845488866638846
LOL,neither,0.020706217963973744,0.4882283491876925,0.4910654328483337
"I still think Vader's castle should've been on Vjun, like it was in the original canon.",neither,0.03208255495003913,0.35126625085484164,0.6166511941951192
d&j compound is like dr who tardis it has everything,neither,0.05363084529410431,0.3830869134678568,0.5632822412380389
UnSane,neither,0.03945320844208391,0.33037608806864915,0.630170703489267
ewww XD,neither,0.03945320844208391,0.33037608806864915,0.630170703489267
So Vader is also into Dune as well as LOTR? Awesome.,neither,0.04134751659526197,0.3901465187336073,0.5685059646711307
@The_TBoyce That's what I thought it was when I saw it in Rogue One,neither,0.03319272532086397,0.3446720693416952,0.6221352053374409
Who is Vader’s father ?,neither,0.047173051034586556,0.38414472198687205,0.5686822269785413
the boys just pop a squat in the middle of the room? ewww,neither,0.03583238587872879,0.29854485923839885,0.6656227548828725
420 viewer,neither,0.03945320844208391,0.33037608806864915,0.630170703489267
FailFish,neither,0.03945320844208391,0.33037608806864915,0.630170703489267
:O,neither,0.03945320844208391,0.33037608806864915,0.630170703489267
#RoomByRoomba,neither,0.03945320844208391,0.33037608806864915,0.630170703489267
Want the inside scoop? Join the cast of Critical Role and discuss this episode right here on Talks Machina. Tuesdays 7pm Pacific at twitch.tv/geekandsundry and projectalpha.com,neither,0.04630302093207864,0.22484473131932575,0.7288522477485957
nice,neither,0.03945320844208391,0.33037608806864915,0.630170703489267
"@ClownPrince220 Also, Vjun would have been an interesting, scary, new world. Nearly lifeless, acid rainfall...what a complimentary location for Vader.",neither,0.04002110631425552,0.279612676095823,0.6803662175899214
LMAO,neither,0.03705015143476208,0.3711622369619404,0.5917876116032975
