text,top_class,hate_speech,offensive_language,neither
@TiralusBC Thanks! I definitely will!,neither,0.03858309126718868,0.2852707345228215,0.6761461742099898
here we go!,neither,0.13156755280784707,0.2765461283225309,0.5918863188696221
Woooooo,neither,0.03945320844208391,0.33037608806864915,0.630170703489267
"Woo, we're live!",neither,0.06229060700424496,0.3040478894771965,0.6336615035185585
oh the chaos begins.,neither,0.042728675905477784,0.27864064317224385,0.6786306809222782
"Since Becca is GM tonight, she doesn't really win or lose. Which means the delay is her trying to find a way to win.",neither,0.04892625595342932,0.3940508782171176,0.5570228658294532
Weirdly I get Critical Role notifications on YouTube.,neither,0.03724022057495017,0.34514805195402315,0.6176117274710266
Hey Chat!,neither,0.03945320844208391,0.33037608806864915,0.630170703489267
good morning folks~!,neither,0.04734014495959342,0.18233554661159462,0.770324308428812
"@brewsterthemonkey welcome aboard, friend!",neither,0.03945320844208391,0.33037608806864915,0.630170703489267
Is everyone ready?,neither,0.041262036450053476,0.4450965041340042,0.5136414594159423
First time on here can wait to check it out,neither,0.061529015523199136,0.3366071247452914,0.6018638597315095
Oh my!,neither,0.02748693229954249,0.40236076101129065,0.5701523066891669
,neither,0.03945320844208391,0.33037608806864915,0.630170703489267
I think they're doing Solar Age,neither,0.05364690945631186,0.30158475449716704,0.6447683360465211
,neither,0.03945320844208391,0.33037608806864915,0.630170703489267
Hi @Holrend,neither,0.03945320844208391,0.33037608806864915,0.630170703489267
this sounds pretty cool,neither,0.03935667456296089,0.33201451993071585,0.6286288055063234
"The lighting and colours of this show are REALLY nice. Kudos, crew!",neither,0.06782320457161431,0.21432899522106305,0.7178478002073226
!whodat,neither,0.03945320844208391,0.33037608806864915,0.630170703489267
"Amy Dallen ( twitter.com/enthusiamy ), Gina DeVivo ( twitter.com/pocketgina ), Becca Scott ( twitter.com/thebeccascott ), Stef Woodburn ( twitter.com/StefWoodburn ), Whitney Moore ( twitter.com/TweetneyMoore ).",neither,0.038670787156984035,0.46867677677003794,0.49265243607297804
I wonder what the setting is this time.,neither,0.049703798190219674,0.32852537561087597,0.6217708261989043
gandsSubHype gandsSubHype gandsSubHype gandsSubHype gandsSubHype gandsSubHype gandsSubHype gandsSubHype gandsSubHype gandsSubHype gandsSubHype gandsSubHype,neither,0.03945320844208391,0.33037608806864915,0.630170703489267
yay!!!,neither,0.03945320844208391,0.33037608806864915,0.630170703489267
beccaWIN beccaWIN beccaWIN beccaWIN beccaWIN beccaWIN beccaWIN,neither,0.03945320844208391,0.33037608806864915,0.630170703489267
Becca's top is spectacular.,neither,0.054490441010454,0.32520409424702695,0.6203054647425191
!beccawins,neither,0.03945320844208391,0.33037608806864915,0.630170703489267
"Solar Age? Like, Sci Fi?",neither,0.04616241850585342,0.3404208090705648,0.6134167724235818
gandsLessthanthree gandsLessthanthree gandsLessthanthree gandsLessthanthree gandsLessthanthree gandsLessthanthree gandsLessthanthree gandsLessthanthree,neither,0.03945320844208391,0.33037608806864915,0.630170703489267
Ooh,neither,0.03945320844208391,0.33037608806864915,0.630170703489267
@shidareAKI did you see her nails??,offensive_language,0.04456281742087802,0.6236463113813574,0.3317908711977647
@shidareaki its so true though. not that i miss CR but still,neither,0.026259084477445346,0.4096893439060812,0.5640515716164735
Hi everyone!!!,neither,0.032490659208996964,0.4485487193596734,0.5189606214313296
Sci-Fi,neither,0.03945320844208391,0.33037608806864915,0.630170703489267
Becca is boss,neither,0.05282228103668591,0.3257778509564865,0.6213998680068277
Amy your drink is so close to the edge!,neither,0.07273113786127185,0.33694234324456473,0.5903265188941635
@Zismarith that command has been sent into the ether,neither,0.03519394577460837,0.35270393250696475,0.6121021217184269
NotLikeThis Can we still be Chat tho,neither,0.03548922325057187,0.3543949511408925,0.6101158256085356
"Oh hello, new person!",neither,0.04779442567889047,0.19999164065712016,0.7522139336639894
Next week: Becca Jones.,neither,0.0387121789851387,0.3429532918857845,0.6183345291290767
freaking YAY!,neither,0.03945320844208391,0.33037608806864915,0.630170703489267
"not sure how, but i think becca already won",neither,0.030556758468372112,0.4638715850878165,0.5055716564438114
hi @RonTheRBDM,neither,0.03945320844208391,0.33037608806864915,0.630170703489267
@cinphoria haven't seen them yet,neither,0.053798799511471734,0.3223978952780048,0.6238033052105235
awwwwwww,neither,0.03945320844208391,0.33037608806864915,0.630170703489267
OMFG!!!!,neither,0.03945320844208391,0.33037608806864915,0.630170703489267
YAY! Hello lovelies! <3,neither,0.03945320844208391,0.33037608806864915,0.630170703489267
Oh! wonderful!,neither,0.0456283565223502,0.2719307315164877,0.6824409119611621
"I will say a prayer for you, Gina, Whitney, Stef and Amy! Good luck ladies, don't allow Becca TPK you!",neither,0.05153529565514411,0.323724084688925,0.624740619655931
@shidareAKI Because it doesn't apply anymore?,neither,0.0382602695928753,0.3307863944418217,0.6309533359653029
PogChamp PogChamp PogChamp PogChamp PogChamp PogChamp PogChamp PogChamp PogChamp PogChamp PogChamp PogChamp PogChamp PogChamp PogChamp,neither,0.03945320844208391,0.33037608806864915,0.630170703489267
awesome!!!!,neither,0.03945320844208391,0.33037608806864915,0.630170703489267
GO TRISTAN!,neither,0.04276165647058889,0.34190019769565555,0.6153381458337556
Oooooooo,neither,0.03945320844208391,0.33037608806864915,0.630170703489267
WOW!,neither,0.03945320844208391,0.33037608806864915,0.630170703489267
OOOOOOOOOO,neither,0.03945320844208391,0.33037608806864915,0.630170703489267
ooooooo,neither,0.03945320844208391,0.33037608806864915,0.630170703489267
O_o O_o O_o O_o O_o SSSsss,neither,0.03945320844208391,0.33037608806864915,0.630170703489267
That is beautiful jcvimLove,neither,0.04520434516009953,0.38543353981727396,0.5693621150226265
@Zismarith indeed xD,neither,0.03945320844208391,0.33037608806864915,0.630170703489267
<3 <3 <3 <3 <3 <3,neither,0.03945320844208391,0.33037608806864915,0.630170703489267
So pretty!,neither,0.03941169583590683,0.40875358050654265,0.5518347236575505
WOWSERS!,neither,0.03945320844208391,0.33037608806864915,0.630170703489267
Oh how lovely!,neither,0.045173769973904855,0.27605506141780856,0.6787711686082866
gorgeous,neither,0.03945320844208391,0.33037608806864915,0.630170703489267
:D,neither,0.03945320844208391,0.33037608806864915,0.630170703489267
Holy SHIT that's amazing!,offensive_language,0.042323331179276454,0.9561407755783322,0.001535893242391342
awwwww,neither,0.03945320844208391,0.33037608806864915,0.630170703489267
PogChamp,neither,0.03945320844208391,0.33037608806864915,0.630170703489267
<3,neither,0.03945320844208391,0.33037608806864915,0.630170703489267
"Wow, you rock!",neither,0.061232496406715686,0.390630614804074,0.5481368887892104
Weave Screen,neither,0.03945320844208391,0.33037608806864915,0.630170703489267
omggggooooodness,neither,0.03945320844208391,0.33037608806864915,0.630170703489267
"ok, that's going straight to Becca's head.",neither,0.0386249146973397,0.4155735077551435,0.5458015775475167
so cool,neither,0.03941094976918481,0.4067560025575799,0.5538330476732353
"Holy shit, that's amazing!!!",offensive_language,0.042323331179276454,0.9561407755783322,0.001535893242391342
geez that's awesome!!!,neither,0.03584397987768462,0.3695843831859397,0.5945716369363756
SeriousSloth Wife him up Ladies,neither,0.03653231395835995,0.3888675670679437,0.5746001189736964
wow that's Awesome,neither,0.03523658615063674,0.37630809193425596,0.5884553219151074
"that's a REALLY nice inlay, Tristan.",neither,0.03421880360488431,0.3876423838272512,0.5781388125678645
nice,neither,0.03945320844208391,0.33037608806864915,0.630170703489267
Hi Tristan,neither,0.03945320844208391,0.33037608806864915,0.630170703489267
Woodweaving?,neither,0.03945320844208391,0.33037608806864915,0.630170703489267
I want one now,neither,0.03848670125530574,0.3731516676774293,0.588361631067265
Wow!,neither,0.03945320844208391,0.33037608806864915,0.630170703489267
Becca what xD,neither,0.057770773616808734,0.3180719994247239,0.6241572269584672
lol,neither,0.020706217963973744,0.4882283491876925,0.4910654328483337
That is great,neither,0.04282374351010199,0.3509192519777347,0.6062570045121632
SCORE!,neither,0.03945320844208391,0.33037608806864915,0.630170703489267
@CharacterStigma that's a little inappropriate,neither,0.03167164589316837,0.41963411276299467,0.548694241343837
lol,neither,0.020706217963973744,0.4882283491876925,0.4910654328483337
Becca lies haha,neither,0.034474696061734034,0.4148744360451479,0.550650867893118
*smells like wood* ...,neither,0.05013785116678763,0.34589855593202695,0.6039635929011855
Gorgeous!,neither,0.03945320844208391,0.33037608806864915,0.630170703489267
!phrasing,neither,0.03945320844208391,0.33037608806864915,0.630170703489267
Danger Zoooooonnnneee!,neither,0.03945320844208391,0.33037608806864915,0.630170703489267
that is dope. but it'll just enable Becca to cheap better,neither,0.039811917911881205,0.38069638549219953,0.5794916965959191
Becca is on #TeamNoPants,neither,0.05411543891717976,0.358108051247265,0.5877765098355552
wait is every week a different campaign?,neither,0.04579903614984353,0.32819346692819756,0.6260074969219589
you cant make becca wear pants,neither,0.05541910209188572,0.37545284069798374,0.5691280572101304
#TeamNoSleep FTW!,neither,0.03945320844208391,0.33037608806864915,0.630170703489267
"@swiftbeard nah, it follows story arc",neither,0.03843297332806963,0.3307269937078546,0.6308400329640759
oh cool,neither,0.04720127955179003,0.2578925924460871,0.6949061280021229
"The W looks like the Wonder Woman symbol, that's totally coincidence. ;)",neither,0.04070861940661766,0.3689694040137863,0.590321976579596
#teamnosleep #teamnopants,neither,0.03945320844208391,0.33037608806864915,0.630170703489267
"Dead Earth,",neither,0.03945320844208391,0.33037608806864915,0.630170703489267
@swiftbeard Every two is a different set.,neither,0.0477985463524921,0.31787293326863286,0.634328520378875
NotLikeThis @shidareAKI but it means he's a keeper lol,neither,0.032910063536028565,0.38610220508078186,0.5809877313831896
If you think Tristan's wood smells good you should try his aftershave... (Thanks Tristan great job!),neither,0.06648819848449188,0.40879575225520814,0.5247160492603001
Becca KILLED the EARTH!!!!,neither,0.038460093866579205,0.3121594428683265,0.6493804632650944
"Is the ""Is Becca Cheating"" cam enabled?",neither,0.05444505545686182,0.3105896740370047,0.6349652705061334
"No Pants, no problem.",neither,0.03790157282152184,0.3567113939958728,0.6053870331826053
"danoba, can i make a suggestion for whoever is doing the overlay for weave? label the dice icons in the overlay to say Brooks/Flames/Gales/Stones on the top, and on the bottom Strength/Perception/etc, a quick reference for us nerds that can't remember which is which",neither,0.045269756226279205,0.29038314571347457,0.6643470980602464
XD,neither,0.03945320844208391,0.33037608806864915,0.630170703489267
Colonization...of Sunlight!,neither,0.03945320844208391,0.33037608806864915,0.630170703489267
How very SoT.,neither,0.03945320844208391,0.33037608806864915,0.630170703489267
"@harberst No, we don't do that anymore.",neither,0.035801226043762756,0.3908846531728726,0.5733141207833646
@danoba thank you!,neither,0.07325166854587051,0.43632638485078484,0.49042194660334476
What is this? I've never heard of Weave Society.,neither,0.027319545551984955,0.34204314104571965,0.6306373134022953
Want the inside scoop? Join the cast of Critical Role and discuss this episode right here on Talks Machina. Tuesdays 7pm Pacific at twitch.tv/geekandsundry and projectalpha.com,neither,0.04630302093207864,0.22484473131932575,0.7288522477485957
"@CharacterStigma well, you're not wrong about that (but still XD)",neither,0.06045849882987695,0.43586376439794067,0.5036777367721824
LUL,neither,0.03945320844208391,0.33037608806864915,0.630170703489267
little bit of Firefly,neither,0.039073756696080666,0.33681637448846896,0.6241098688154504
Fraught is a good word,neither,0.050465963531431554,0.3265882965969024,0.6229457398716661
Space pirates!,neither,0.03945320844208391,0.33037608806864915,0.630170703489267
gina and amy should feel right at home,neither,0.04671575728376821,0.3578641734221467,0.595420069294085
#BRINGBACKASININEWISDOM,neither,0.03945320844208391,0.33037608806864915,0.630170703489267
half this crew are professionals at spaceship!,neither,0.057947675047714156,0.3148581017262981,0.6271942232259878
darkness worshiping cults? that's a new one.,neither,0.038634422918672987,0.31661656620716183,0.6447490108741651
or Space balls heh,neither,0.04523659523683766,0.4543501374011615,0.500413267362001
@Quaraxkad1 I'll pass that note along.,neither,0.036315122755832034,0.364391518187278,0.59929335905689
So that elephant graveyard we haven't colonized,neither,0.036466958491715294,0.3950524965605057,0.5684805449477791
lol,neither,0.020706217963973744,0.4882283491876925,0.4910654328483337
@Danoba Sad days :( (but totally understandable).,neither,0.03635147148420127,0.3395859246707004,0.6240626038450983
#BringBackAsinineWisdom,neither,0.03945320844208391,0.33037608806864915,0.630170703489267
I know right @DeLevely,neither,0.03772648452600981,0.3640217083279442,0.598251807146046
It's not cheating when the GM does it,neither,0.021069754692832798,0.4501199953128947,0.5288102499942725
ty Danoba,neither,0.03945320844208391,0.33037608806864915,0.630170703489267
"Becca is the storyteller, she literally can't cheat this week beccaNoCheating",neither,0.047102028188067156,0.38192829128146694,0.5709696805304658
Space? Surely none of our players have ANY experience with space RPGs Kappa,neither,0.03458995952452609,0.3492169359278768,0.6161931045475971
#Crowning,neither,0.03945320844208391,0.33037608806864915,0.630170703489267
What is Weave Society? This is my first time watching.,neither,0.03878110786059957,0.3970203457151216,0.5641985464242788
Planet crack?,neither,0.03945320844208391,0.33037608806864915,0.630170703489267
is this just within the sol system? or are we dealing with a type 2 civ?,neither,0.04664494017828804,0.32964092060238354,0.6237141392193285
"@harberst Well as fun as that was for chat, it had its moment.",neither,0.027841695919445793,0.3786035946872333,0.5935547093933209
!rbschedule,neither,0.03945320844208391,0.33037608806864915,0.630170703489267
!wtfisthis,neither,0.03945320844208391,0.33037608806864915,0.630170703489267
"Weave Society is the RPG tale for the digital age. Storytellers Amy Dallen, Whitney Moore, Becca Scott, Stef Woodburn, and Gina DeVivo come together to jump into one of the many fantastical worlds of Weave. Where will they end up next?",neither,0.03997484976940308,0.3113440925008771,0.6486810577297198
is Becca aware that Amy is in charge of space?,neither,0.04705834285041818,0.3525269895538625,0.6004146675957193
Elon Musk's head in a jar,neither,0.03770247733298015,0.3600905640342458,0.6022069586327742
Wait @Andyinsomnia GMing is all about cheating ;),neither,0.04825212927241874,0.4310563762306534,0.5206914944969279
I want a cult worshiping elon's car,neither,0.039682301695186835,0.326487777677745,0.6338299206270681
@DeLevely Just Space?,neither,0.03391818386094976,0.35675622077369323,0.6093255953653569
#BeccaBun,neither,0.03945320844208391,0.33037608806864915,0.630170703489267
@DeLevely oh hai space friend,neither,0.04464958068004266,0.2808476089556623,0.6745028103642949
"@KBTibbs Well, strictly speaking, also time ;)",neither,0.03857898051187434,0.34521401759739545,0.6162070018907303
XD @DeLevely I know right,neither,0.03772648452600981,0.3640217083279442,0.598251807146046
@danoba so what you are saying is the time cam and went,neither,0.07711532445472606,0.32700629869289033,0.5958783768523835
wait she stood up..,neither,0.03834506110554201,0.47597692296295185,0.4856780159315061
@shidareAKI Keepo Alright I'll play nice,neither,0.03945320844208391,0.33037608806864915,0.630170703489267
@DeLevely I'll say yes :P,neither,0.03945320844208391,0.33037608806864915,0.630170703489267
Becca is a standing DM,neither,0.04838813942602774,0.3273029555866271,0.6243089049873453
@shidareAKI spaaaaace!,neither,0.03945320844208391,0.33037608806864915,0.630170703489267
!rbschedule,neither,0.03945320844208391,0.33037608806864915,0.630170703489267
@DeLevely That seems appropriate.,neither,0.035975986497017,0.36812738462949385,0.5958966288734892
rainbow??,neither,0.03945320844208391,0.33037608806864915,0.630170703489267
Stag party! in space!,neither,0.03945320844208391,0.33037608806864915,0.630170703489267
"Becca never cheats, she's just really good at finding loopholes",neither,0.03329629195460124,0.4522304084918111,0.5144732995535877
"""What is its mission?!?""",neither,0.04658409823404014,0.32577546927643924,0.6276404324895206
@DeLevely the final and best frontier,neither,0.03709411038289298,0.2655845926606211,0.697321296956486
"@harberst I suspect that what with the 3 cams and the phone app image in between, there simply isn't room for yet another screen image.",neither,0.045913304170968575,0.27969065426515044,0.674396041563881
Becca is GM (God Mode),neither,0.04622578405365662,0.3280466887552939,0.6257275271910493
whoa,neither,0.03945320844208391,0.33037608806864915,0.630170703489267
it was gina... ;),neither,0.03593062006447523,0.3363165027571517,0.627752877178373
one piece ...IN SSSSPPPAAAACCCCCEEEEE!!!!!!,neither,0.038299371557553814,0.3727228063101593,0.5889778221322869
LUL,neither,0.03945320844208391,0.33037608806864915,0.630170703489267
"Aww, Stag is cute",neither,0.0509990069791213,0.29276695396595526,0.6562340390549234
I did not kill him!,hate_speech,0.5008547688329826,0.15633364510110992,0.3428115860659074
gandsAJinSpace gandsAJinSpace gandsAJinSpace gandsAJinSpace gandsAJinSpace gandsAJinSpace gandsAJinSpace gandsAJinSpace gandsAJinSpace gandsAJinSpace gandsAJinSpace,neither,0.03945320844208391,0.33037608806864915,0.630170703489267
"I didn't run away with all of the Earth's riche--I mean, nothing.",neither,0.022837561984573197,0.4358560236202862,0.5413064143951407
suuuure @chaoticloony,neither,0.03945320844208391,0.33037608806864915,0.630170703489267
SPACE TREASURE,neither,0.03945320844208391,0.33037608806864915,0.630170703489267
@Therealwyldride Blaze! I knew it!,neither,0.03806430966080478,0.3308537940483215,0.6310818962908737
Sounds like the Katana Fleet.,neither,0.05467424613810596,0.3276542513616759,0.6176715025002182
How longs it been on today,neither,0.032670925278510295,0.3270734917430651,0.6402555829784246
beccaRIP Uh Oh Storms!,neither,0.04643193976314166,0.26471338503087416,0.6888546752059841
@chaoticloony He ran into your knife.,neither,0.07297387248187182,0.3205864347459603,0.6064396927721678
"Oh boy, we're gonna find Space One Piece!",neither,0.058396273045357154,0.2677640235554767,0.6738397033991662
"i like that ""dont peek"" became ""staring contest""",neither,0.04321124566098612,0.365946988181929,0.5908417661570848
ten times,neither,0.03945320844208391,0.33037608806864915,0.630170703489267
"Not ""yet"".",neither,0.03736749249345169,0.3382716119106542,0.624360895595894
"@KBTibbs Too bad its a sign of DOOOOOMM (jk, i dont actually know what the stag means in tarot)",neither,0.035927826369276696,0.32243490023759613,0.6416372733931273
@naveator795 just started,neither,0.032803472495977,0.36242220823605287,0.6047743192679701
oh fun times,neither,0.04530564678959072,0.2748555201222847,0.6798388330881245
"Ok just remembered the first card was the stag, now im picturing this treasure finding guy bursting into a Stag Party with his silver dollars and getting killed",neither,0.03474550543640258,0.37484652831904813,0.5904079662445494
Hargen's Bargains,neither,0.03945320844208391,0.33037608806864915,0.630170703489267
"@harberst Yep, whoever pushed him is the killer!",neither,0.04404955077895734,0.3192672599536018,0.6366831892674409
@ToonEzon It means anything you want,neither,0.057049955719986875,0.38089585543056664,0.5620541888494465
Oh lord,neither,0.046192855847311955,0.26685084782252855,0.6869562963301595
Stag would be like the Green Man,neither,0.051711111702388894,0.3663342163219815,0.5819546719756297
melody pond?,neither,0.03945320844208391,0.33037608806864915,0.630170703489267
Check out that cool weave DM screen!,neither,0.0338348723045659,0.37107243577247756,0.5950926919229564
We have a subscriber-only Discord server! Join here: https://discord.gg/geekandsundry (you'll need to sub and link it to your Twitch) and be a part of the fun!...Warning: It can take up to an hour for the server to update and give you access to the channels,neither,0.08464076273808444,0.286394834032893,0.6289644032290227
Dogger La Peu,neither,0.03945320844208391,0.33037608806864915,0.630170703489267
At least Cho got the reference :P,neither,0.03720295731872995,0.3699556767141613,0.5928413659671087
@yaritstony It was so much fun to give it to them!,neither,0.057062031444800834,0.35767503842628406,0.5852629301289151
River from Firefly is the boss?!?,neither,0.047321298507487175,0.2960624694068405,0.6566162320856722
cheer100 Love you ladies! Can I get a shout out?,neither,0.04584428235145229,0.40680540984499275,0.547350307803555
In space it would be Dogger La Pew Pew,neither,0.03802480520483161,0.32930039718767096,0.6326747976074975
"someone deploy the Amy ""we've got the real pew-pews"" GIF :P",neither,0.019739387478809343,0.40054668899065254,0.5797139235305381
:3,neither,0.03945320844208391,0.33037608806864915,0.630170703489267
i wonder if this ships has pewpews and boombooms,neither,0.02485017980480996,0.33732470137369336,0.6378251188214967
lol,neither,0.020706217963973744,0.4882283491876925,0.4910654328483337
Gurren Lagann,neither,0.03945320844208391,0.33037608806864915,0.630170703489267
"Help G&S make great content! $4.99/month gets you emotes, Minecraft server access, sub-only VODs, and more! Every sub keeps the channel alive! twitch.tv/geekandsundry/subscribe",neither,0.043907990691603095,0.31135964332838284,0.644732365980014
LAND IT,neither,0.03750910659539627,0.3310447538416866,0.6314461395629172
becca as GM. i guess she figured out its not cheating if youre in charge.. :/,neither,0.027616186239893422,0.43656749923328525,0.5358163145268213
all of the pew pews and the boom booms,neither,0.038205070121523625,0.32160571703938357,0.6401892128390929
Are they adults this time? That's the real question.,neither,0.04553198820988216,0.4189503955817305,0.5355176162083874
Amy first!,neither,0.03183144858848599,0.3329975607826918,0.6351709906288221
I cannot un-hear Bonnie saying pew pews and boom booms in her haughty accent.,neither,0.02912572021822305,0.4317730895687364,0.5391011902130407
Pepe Le Pew-Pew,neither,0.03945320844208391,0.33037608806864915,0.630170703489267
yay!!! will she be andorian?,neither,0.04355492516521986,0.4054595947465252,0.550985480088255
Space Cats?,neither,0.04269829884491973,0.17998182443355684,0.7773198767215234
We need another Galaxy Quest episode.,neither,0.06996332101743623,0.2811936143523028,0.6488430646302611
@harberst In age maybe.,neither,0.03945320844208391,0.33037608806864915,0.630170703489267
"yay, the show worth losing all my wednesday night sleep!",neither,0.03595350079576994,0.36818380126922495,0.5958626979350052
online pajamas is fine for this time of night,neither,0.034362809868694597,0.3225363493607178,0.6431008407705877
"lol pajama pants, even better!",neither,0.03268424821617988,0.385946861320487,0.5813688904633332
Blue Waves = Brooks,neither,0.03945320844208391,0.33037608806864915,0.630170703489267
@cardinaliron it was a ref to shield of tomorrows oneshot of Lasers and Feelings,neither,0.04297108695749946,0.2956577885390293,0.6613711245034714
Leaf on the wind.,neither,0.0361563254445048,0.32783740015469626,0.636006274400799
gina is always a strong woman <3,neither,0.043464000276609745,0.4204308544771243,0.5361051452462661
gina stronk,neither,0.03945320844208391,0.33037608806864915,0.630170703489267
watch me saor,neither,0.03528821983255551,0.39414097168656653,0.5705708084808779
soar,neither,0.03945320844208391,0.33037608806864915,0.630170703489267
