text,top_class,hate_speech,offensive_language,neither
good to now,neither,0.05042878061725811,0.3237930496299595,0.6257781697527824
know,neither,0.03945320844208391,0.33037608806864915,0.630170703489267
thuluJACK gandsClassic,neither,0.03945320844208391,0.33037608806864915,0.630170703489267
:(,neither,0.03945320844208391,0.33037608806864915,0.630170703489267
#savemothership,neither,0.03945320844208391,0.33037608806864915,0.630170703489267
"Sorry folks, I'm new here. What time does Critical Role start?",neither,0.056825205793642634,0.34831143890403427,0.5948633553023231
Greetings folks,neither,0.03945320844208391,0.33037608806864915,0.630170703489267
3 hours,neither,0.03945320844208391,0.33037608806864915,0.630170703489267
Hello,neither,0.03945320844208391,0.33037608806864915,0.630170703489267
7 pacific,neither,0.03945320844208391,0.33037608806864915,0.630170703489267
aye,neither,0.03945320844208391,0.33037608806864915,0.630170703489267
thank you gianni,neither,0.07325166854587051,0.43632638485078484,0.49042194660334476
hey,neither,0.03945320844208391,0.33037608806864915,0.630170703489267
http://www.wheniscriticalrole.com/ <<< Critical Role countdown clock (as well as other links) at this site. @cabaker513,neither,0.035812998755080046,0.31957875624326937,0.6446082450016506
Anyone else hyped/scared for tonight?,neither,0.033690796741805924,0.2960912955793384,0.6702179076788556
what part of tonight?,neither,0.042437467493070015,0.3023260290738815,0.6552365034330485
CR,neither,0.03945320844208391,0.33037608806864915,0.630170703489267
#sohyped,neither,0.03945320844208391,0.33037608806864915,0.630170703489267
PowerUpL HSVoid PowerUpR,neither,0.03945320844208391,0.33037608806864915,0.630170703489267
I’m in eastern time zone... wishing critical role started a bit earlier haha. I fall asleep too easily. Currently watching episode 33 of the first season☺️,neither,0.034856005806150864,0.35728599721123977,0.6078579969826094
"Eh, I've gotten used to it :P",neither,0.024165414497269545,0.31282987047952693,0.6630047150232036
chariLURK can't wait to get to see my first crit role actually on thursday,neither,0.03316981187415157,0.3926477457138771,0.5741824424119714
lol i hear ya there elia,offensive_language,0.019262371906326927,0.5971694222279155,0.38356820586575757
"I'm with you on that. Pittsburgh time, ouch",neither,0.03502490494882141,0.45059462420881813,0.5143804708423605
mine 2! i bibge watched all 6 episodes ovee the weekend,neither,0.039945567241150996,0.36941878814380374,0.5906356446150453
gandsSubHype 'd for Ivan on Loremasters,neither,0.022354216603160015,0.30052927576438154,0.6771165076324585
welcome Miss,neither,0.031411595439843405,0.3331419675331292,0.6354464370270275
Hello everyone gandsLessthanthree,neither,0.03269494828970791,0.4450814005079928,0.5222236512022994
I just hope the party doesn't go in guns blazing and wind up coming out bruised and battered.....or worse.,neither,0.052202260404463345,0.20298877672699944,0.7448089628685371
When does critical role rebroadcast?,neither,0.022153103917008983,0.46876825070979217,0.5090786453731988
Hopefully the guest tonight helps out.,neither,0.03435621513521647,0.31604968598789784,0.6495940988768857
yeah for sure!,offensive_language,0.014791395976179535,0.5212344140184797,0.4639741900053408
!thursday,neither,0.03945320844208391,0.33037608806864915,0.630170703489267
"THURSDAY (All Times Pacific) - LOREMASTERS: 4-5:30pm, Ryan Green and a guest go deeper into a fandom than you may have ever thought possible! | MOTHERSHIP: 5:30-6:30pm, This variety show unites the personalities, topics, and interests of both Nerdist and Geek & Sundry | CRITICAL ROLE: 7pm-? Pacific | Voice Actors play Dungeons and Dragons 5e!",neither,0.04765500963294138,0.260966978800082,0.6913780115669766
i cant wait to see how matt will bring him in,neither,0.045082678196503544,0.3124419073080671,0.6424754144954293
is critical role coming on soon ?,neither,0.043081673230341344,0.3384060806630238,0.6185122461066348
http://www.wheniscriticalrole.com/,neither,0.0364481805509037,0.2303424311669227,0.7332093882821735
not for another 3 hrs,neither,0.0757563695159734,0.23729617404194903,0.6869474564420774
@imachmedhillo the first is shortly after the live show ends,neither,0.05320396446511195,0.2496681285723781,0.6971279069625098
Is last Mothership today or did that sail already?,neither,0.04065283949744997,0.36072368382249054,0.5986234766800596
Hello Everyone <3,neither,0.03269494828970791,0.4450814005079928,0.5222236512022994
I'm just talking about CR because tonight is whether we see if the party plays out the next series of encounters well enough or not.,neither,0.027923886030219367,0.3648036755881369,0.6072724383816438
@DCChambers03 in approx 3 houts,neither,0.03945320844208391,0.33037608806864915,0.630170703489267
matt is such an inspirational DM...like seriously,neither,0.05271096907881872,0.3322400251780522,0.6150490057431289
oh dang thank you @CaptianTrips88,neither,0.07665879753716509,0.33619386616006813,0.5871473363027667
http://www.wheniscriticalrole.com/ <<< Critical Role countdown clock (as well as other links) at this site. @DCChambers03,neither,0.035812998755080046,0.31957875624326937,0.6446082450016506
thank you! @Deathstar_Taco,neither,0.07325166854587051,0.43632638485078484,0.49042194660334476
I feel like Matt's too good of a DM,neither,0.047248103163097965,0.346893251754192,0.6058586450827099
Is this music from Chrono Trigger? It sure sounds similar....,neither,0.04008862031400101,0.4067123739535492,0.5531990057324497
Thank you everyone,offensive_language,0.05005704696736268,0.5225205948056224,0.4274223582270148
It's upsetting.,neither,0.034373745257138544,0.33212314837979673,0.6335031063630647
wats todays lore on,neither,0.036904491006286545,0.3425848887424331,0.6205106202512803
i wonder if marisha will be there,neither,0.023026941114051458,0.31974485949709835,0.6572281993888502
"with you on the eastern time, 5am comes way to early to watch late. try to catch the start and watch the rest on friday",neither,0.049510717335538086,0.3277935887392917,0.6226956939251701
who is the special guest,neither,0.08182908981091057,0.3480308073130812,0.5701401028760081
"jimmy_eat_meatloaf i think tonight is the final mothership, yeah",neither,0.02836958336634868,0.38555261789208006,0.5860777987415713
talking about We're Alive: Frontier today i believe,neither,0.05086757389267848,0.3133119775050522,0.6358204486022694
"if not this week, then next",neither,0.021573583280453376,0.4025210263650944,0.5759053903544522
!whodat,neither,0.03945320844208391,0.33037608806864915,0.630170703489267
"Ryan Green ( twitter.com/HydroSnail ), Ivan Van Norman ( twitter.com/Hydra_Lord ).",neither,0.03935058628301671,0.4361033384611178,0.5245460752558654
@Loyalbluefox28 if she isn't maybe the guest will DM for Matt...,neither,0.02628514831320461,0.3668479450736134,0.606866906613182
Is BTTV not working for anybody else?,neither,0.039462269469916045,0.306708475112368,0.6538292554177159
ooooo,neither,0.03945320844208391,0.33037608806864915,0.630170703489267
@postdataest when is the second and thanks for the help,neither,0.030780931021768272,0.2872189323176884,0.6820001366605434
its king ezekiel from twd,neither,0.03356970696143832,0.31143908217549743,0.6549912108630642
:O,neither,0.03945320844208391,0.33037608806864915,0.630170703489267
"imachmedhillo CR runs again right after live ends, and then once more during the day tomorrow",neither,0.040590716014733866,0.3149542645129626,0.6444550194723037
AKA the voice of Cyborg from Teen Titans ;),neither,0.03954092499572724,0.3067190310223896,0.6537400439818832
@imachmedhillo the 2nd is Friday AM Pacific time after the other Thursday show have been replayed,neither,0.05107134456810856,0.2847183178964485,0.664210337535443
Shoutout to all my EST. We're all troopers for staying up till 1 just to keep up < gandsLessthanthree gandsCrit gandsLessthanthree,offensive_language,0.040937593985481004,0.49952443524917495,0.45953797076534403
EST represent @mev200 LOL,neither,0.030390423329749658,0.3972060592599654,0.5724035174102851
Thank very much,neither,0.034828552088540805,0.339430653290264,0.6257407946211954
You *,offensive_language,0.21217306638279385,0.6099082758190073,0.17791865779819876
do we get a guest today on loremaster,neither,0.03638929696181875,0.3320572165028406,0.6315534865353407
hell yeah mev :),offensive_language,0.024014075456083226,0.8806496383571902,0.0953362861867266
!whodat,neither,0.03945320844208391,0.33037608806864915,0.630170703489267
"Ryan Green ( twitter.com/HydroSnail ), Ivan Van Norman ( twitter.com/Hydra_Lord ).",neither,0.03935058628301671,0.4361033384611178,0.5245460752558654
"@imachmedhillo th 3red has a definite time at 11:30 pm Fridays night Pacific time after live show end for the day , additional replays during the weekend",neither,0.039337946158040364,0.29223527716648207,0.6684267766754775
!wtfisthis,neither,0.03945320844208391,0.33037608806864915,0.630170703489267
Ryan Green and a guest spend 90 minutes going deeper into a fandom then you may have thought possible. From Magic: The Gathering to Street Fighter we’re examining the stories and worldbuilding that makes these properties so enchanting. The guests and subjects are as varied as can be but the one thing that brings them together is passion.,neither,0.06281962001923072,0.30912234923769066,0.6280580307430785
Lore me Sempai!,neither,0.018491955366437673,0.460246435692358,0.5212616089412043
Hey all you lovers of Lore!,neither,0.05995048719597445,0.46534769910768325,0.4747018136963423
ooo never saw this one,neither,0.03510233718952695,0.3950617846312061,0.569835878179267
gandsSubHype,neither,0.03945320844208391,0.33037608806864915,0.630170703489267
whoa i sense a high amount of swagger,neither,0.03684070938035187,0.3922802060047893,0.5708790846148587
I'm a lumber jack and im ok,neither,0.03770715144198128,0.32273320875853295,0.6395596397994859
Ryan is vest-less I feel wrong,neither,0.04641237476608865,0.32798251165305903,0.6256051135808522
Hugs for the Hug inclined!! !,neither,0.03454421066142405,0.2978767114667817,0.6675790778717943
Hugs for the Hugs Inclined!,neither,0.03542907399106771,0.3037356387767809,0.6608352872321515
Yay raiding.,neither,0.03945320844208391,0.33037608806864915,0.630170703489267
#EnthusiArmy Raid!,neither,0.03945320844208391,0.33037608806864915,0.630170703489267
Hellooooooo Ryan Green,neither,0.040667229915220565,0.3019452913456484,0.6573874787391311
Ryan Drake? Nathan Green?,neither,0.04027067279795967,0.3112774682245795,0.6484518589774607
I love it,neither,0.030831260484157012,0.3601344986151421,0.609034240900701
Welcome Amy and Raiders!,neither,0.038822933363010945,0.2991577467117473,0.6620193199252418
#EnthusiArmy RAID!,neither,0.03945320844208391,0.33037608806864915,0.630170703489267
smoooooooth,neither,0.03945320844208391,0.33037608806864915,0.630170703489267
lol @XiphiqiX,neither,0.020706217963973744,0.4882283491876925,0.4910654328483337
I was not ready to raid this *fans self*,neither,0.04304078504420696,0.33370378961928576,0.6232554253365074
"Wow dude, you’re looking studly",neither,0.0707688928745247,0.3423440887864411,0.5868870183390342
WELCOME ENTHUSIARMY! <3,neither,0.03945320844208391,0.33037608806864915,0.630170703489267
why did Ryan steal Travis's Halloween Costume?,neither,0.03255503993452146,0.339724578698699,0.6277203813667795
Hi Ryan and Ivan!,neither,0.03865039986561582,0.28968446037165835,0.6716651397627258
I dont know what raiding is???,neither,0.06183144914809581,0.3197998831027385,0.6183686677491657
"Welcome, EnthusiArmy!",neither,0.03945320844208391,0.33037608806864915,0.630170703489267
#EnthusiArmy RAID!,neither,0.03945320844208391,0.33037608806864915,0.630170703489267
hi,neither,0.03945320844208391,0.33037608806864915,0.630170703489267
That's a great set of people on that couch,neither,0.048965509369450336,0.38010943345919956,0.5709250571713501
"loving the ensemble today Ryan, and Ivan looking snazzy too. Hello gentlemen!",neither,0.03739912752843332,0.2829050714477291,0.6796958010238375
HOT DAMN Ryan!! <3 <3,offensive_language,0.04487627700806125,0.8063953315891454,0.1487283914027932
Greenlighting this project now,neither,0.03934254790700734,0.3322542861498816,0.6284031659431111
Welcome Amy and Raiders!,neither,0.038822933363010945,0.2991577467117473,0.6620193199252418
it's a great outfit=it is an outfit on Ryan Green,neither,0.0400956984662587,0.3066699670401156,0.6532343344936257
Welcome to the Enthusiarmy!,neither,0.04828521949961754,0.3017179234363179,0.6499968570640645
hi Ryan and Ivan and people in the chat,neither,0.058299358781930925,0.2621879320197615,0.6795127091983075
Those leggings XD,neither,0.07281816039262404,0.2425869159261622,0.6845949236812139
"Ivan, I was drinking from the same mug this morning (I mean my own, not yours...)",neither,0.050189485502404575,0.2839863321326339,0.6658241823649615
