text,top_class,hate_speech,offensive_language,neither
It's Art time!,neither,0.03650373622891289,0.3537229319316513,0.6097733318394358
YAY!!!,neither,0.03945320844208391,0.33037608806864915,0.630170703489267
Houston in the house!,neither,0.0384640004547598,0.31223317564329345,0.6493028239019468
Yay,neither,0.03945320844208391,0.33037608806864915,0.630170703489267
Bidet,neither,0.03945320844208391,0.33037608806864915,0.630170703489267
yay!,neither,0.03945320844208391,0.33037608806864915,0.630170703489267
mangoPog,neither,0.03945320844208391,0.33037608806864915,0.630170703489267
LIVE,neither,0.04891340716200846,0.3271222919257548,0.6239643009122369
wooooooooooooooooooo,neither,0.03945320844208391,0.33037608806864915,0.630170703489267
🙂🙂🙂🙂🙂🙂🙂🙂🙂⚔⚔⚔⚔⚔⚔,neither,0.03945320844208391,0.33037608806864915,0.630170703489267
spice?,neither,0.03945320844208391,0.33037608806864915,0.630170703489267
sexual harrassment panda,neither,0.03945320844208391,0.33037608806864915,0.630170703489267
fan art is up :),neither,0.044655013674224156,0.3798475357813299,0.575497450544446
AHHHH,neither,0.03945320844208391,0.33037608806864915,0.630170703489267
Is fanart up? I can't see anything.,neither,0.04625270672690952,0.3851034105531908,0.5686438827198997
PogChamp,neither,0.03945320844208391,0.33037608806864915,0.630170703489267
bidet from so cal!,neither,0.04061893750040714,0.3600390765880909,0.5993419859115019
gettin ready fjord a good time,neither,0.03760605660137529,0.35089787522230637,0.6114960681763184
ART SCROLL,neither,0.03945320844208391,0.33037608806864915,0.630170703489267
SOON!,neither,0.03945320844208391,0.33037608806864915,0.630170703489267
huzzahh,neither,0.03945320844208391,0.33037608806864915,0.630170703489267
Oh hot dang here we go,neither,0.10567698946968522,0.24336291261622786,0.6509600979140869
bidet from Texas!,neither,0.040937266849991,0.30518774380265185,0.6538749893473571
Bidet from Phoenix.,neither,0.04066490145509902,0.30981049537100724,0.6495246031738937
yaya art,neither,0.03945320844208391,0.33037608806864915,0.630170703489267
yay fan art,neither,0.03945320844208391,0.33037608806864915,0.630170703489267
AHHHHHHHHHHHH,neither,0.03945320844208391,0.33037608806864915,0.630170703489267
Bidet also from NZ,neither,0.04106389839533116,0.30303847599623085,0.655897625608438
AYYYY,neither,0.03945320844208391,0.33037608806864915,0.630170703489267
Or is that driven?,neither,0.04369450453930811,0.3723969614038574,0.5839085340568345
Bidet from Phoenix!,neither,0.04066490145509902,0.30981049537100724,0.6495246031738937
FAN ART!!!!!!!!!!,neither,0.03945320844208391,0.33037608806864915,0.630170703489267
Tj from Texas,neither,0.040446819126485664,0.3135119216371003,0.6460412592364141
yay art,neither,0.03945320844208391,0.33037608806864915,0.630170703489267
gandsSubHype gandsSubHype gandsSubHype,neither,0.03945320844208391,0.33037608806864915,0.630170703489267
BIDET FROM PORTUGAL !!!,neither,0.04062582848913359,0.31047366557575606,0.6489005059351104
Bidet from Tempe!,neither,0.04228451509352876,0.2823214250720796,0.6753940598343917
bidet,neither,0.03945320844208391,0.33037608806864915,0.630170703489267
Bidit from Houston,neither,0.040875471929787875,0.3062365648703896,0.6528879631998226
Bidet from Ohio,neither,0.040754399270683486,0.3082914838698526,0.650954116859464
Bidet from Louisiana! It's time!,neither,0.037986661445285654,0.3324389842575938,0.6295743542971205
yay,neither,0.03945320844208391,0.33037608806864915,0.630170703489267
Ayyyyyyyyyyy,neither,0.03945320844208391,0.33037608806864915,0.630170703489267
woooo,neither,0.03945320844208391,0.33037608806864915,0.630170703489267
yay! artr time!,neither,0.03806843090552206,0.35387937684549026,0.6080521922489877
yu... you spice,neither,0.05787615390390558,0.3819464317576402,0.5601774143384542
YESSSSS,neither,0.03945320844208391,0.33037608806864915,0.630170703489267
WOOOOO,neither,0.03945320844208391,0.33037608806864915,0.630170703489267
Do you spice?,neither,0.06340458516664035,0.38876294420848057,0.5478324706248792
Here we go!!!!,neither,0.13156755280784707,0.2765461283225309,0.5918863188696221
here we go!,neither,0.13156755280784707,0.2765461283225309,0.5918863188696221
"The channel has gone live, if you cannot see fan art please refresh.",neither,0.03806528570573744,0.3693331668636201,0.5926015474306424
She just pre rotated her triple lutz,offensive_language,0.029629184930892203,0.6136816082367421,0.35668920683236566
lets go,neither,0.039984317429425154,0.35542799280679366,0.6045876897637812
Music!,neither,0.03945320844208391,0.33037608806864915,0.630170703489267
woot,neither,0.03945320844208391,0.33037608806864915,0.630170703489267
UNNNGH,neither,0.03945320844208391,0.33037608806864915,0.630170703489267
Bidet from Houston Tx.,neither,0.040501953574932,0.3125761461575217,0.6469219002675464
Bidet yall,neither,0.03639464868045676,0.3822878294283694,0.5813175218911739
"Bidet from Smashville, TN",neither,0.040769555981420263,0.3080342349327864,0.6511962090857933
yay,neither,0.03945320844208391,0.33037608806864915,0.630170703489267
amazing!,neither,0.03945320844208391,0.33037608806864915,0.630170703489267
gandsNatTwenty,neither,0.03945320844208391,0.33037608806864915,0.630170703489267
YEYEYEYEYEYEYE!,neither,0.03945320844208391,0.33037608806864915,0.630170703489267
gandsTrinketArmor gandsApplaud gandsCrit,neither,0.03945320844208391,0.33037608806864915,0.630170703489267
does anyone know what day it is?,neither,0.035578481375130554,0.4330110365110494,0.53141048211382
I can't see anything BibleThump,neither,0.0398362398562183,0.3238750453384544,0.6362887148053273
Bidet from Minnesota,neither,0.04071751644889743,0.3089174816120565,0.6503650019390461
Bidet from Arkansas,neither,0.04066490145509902,0.30981049537100724,0.6495246031738937
Mitch Nick Jacque and Audra mae from texas!!,neither,0.03963926147058555,0.2744741801670997,0.6858865583623148
bidet from Cary NC,neither,0.040334677536117594,0.315415257091876,0.6442500653720065
yyyyyaaaaa,neither,0.03945320844208391,0.33037608806864915,0.630170703489267
Love le fan art,neither,0.037174292476794844,0.3409250836802867,0.6219006238429186
"Bidet from Marana, AZ",neither,0.04078317879478948,0.307803020237201,0.6514138009680096
OH YEAH,neither,0.022533380315967178,0.4254575626619046,0.5520090570221282
bidet,neither,0.03945320844208391,0.33037608806864915,0.630170703489267
WHOOO,neither,0.03945320844208391,0.33037608806864915,0.630170703489267
eeeyyyyyy,neither,0.03945320844208391,0.33037608806864915,0.630170703489267
d'aww,neither,0.03945320844208391,0.33037608806864915,0.630170703489267
bidet from Wyoming Michigan,neither,0.040404624654160594,0.31422807195125474,0.6453673033945848
bidet from VANCOUVER,neither,0.04228451509352876,0.2823214250720796,0.6753940598343917
"repeat The channel has gone live, if you cannot see fan art please refresh.",neither,0.038150731619647,0.36679518278224515,0.5950540855981077
Hi,neither,0.03945320844208391,0.33037608806864915,0.630170703489267
bidet from Minnesota,neither,0.04071751644889743,0.3089174816120565,0.6503650019390461
hello all,neither,0.04217753453783664,0.43734383323855475,0.5204786322236087
bidet from MI,neither,0.04081748366884477,0.3072207769958956,0.6519617393352596
Bidet from a first time live viewer!,neither,0.03585842407811999,0.3334262581833095,0.6307153177385705
BIDET,neither,0.03945320844208391,0.33037608806864915,0.630170703489267
Bidet from the UK,neither,0.039613273355342184,0.2892653269430044,0.6711213997016535
PogChamp,neither,0.03945320844208391,0.33037608806864915,0.630170703489267
YEAH first time live!,neither,0.020595932865801806,0.4596082020722892,0.5197958650619089
@arisbranwin a Fjord is a type of river crossing xd,neither,0.04606025509651551,0.32810362175408486,0.6258361231493996
FAN ART,neither,0.03945320844208391,0.33037608806864915,0.630170703489267
im so ready for this! just built a new rig and downloading everything is taking forever.,neither,0.03863335240988551,0.29747235815124806,0.6638942894388665
Woooooo,neither,0.03945320844208391,0.33037608806864915,0.630170703489267
gandsRaid gandsClassic gandsNatTwenty gandsReadyBetGo gandsGandSDenise gandsClassic gandsBrooklynCop gandsTrinket gandsGnSBigsby,neither,0.03945320844208391,0.33037608806864915,0.630170703489267
I heard the mUSIC!!!,neither,0.03836574499768789,0.3103726954348651,0.651261559567447
death saving throws Incoming,neither,0.03945320844208391,0.33037608806864915,0.630170703489267
here,neither,0.22097653003277068,0.2221615150675793,0.55686195489965
The,neither,0.03613032604487659,0.2619290779399786,0.7019405960151449
Bidet from Germany! It's 4 in the morning and it's the best time of the week!,neither,0.039458781499670706,0.19581159586185673,0.7647296226384726
the art is amazing,neither,0.04661271778792463,0.31183087964097417,0.6415564025711011
Bidet,neither,0.03945320844208391,0.33037608806864915,0.630170703489267
How long do you think it will be until we get a 9 to go with the 1 and 20?,neither,0.04603315489937968,0.33138367007156,0.6225831750290602
Bidet from Texas!,neither,0.040937266849991,0.30518774380265185,0.6538749893473571
Bidet from AUS,neither,0.04228451509352876,0.2823214250720796,0.6753940598343917
Bidet from AZ!,neither,0.04078317879478948,0.307803020237201,0.6514138009680096
Bidet from England. So soooooon :D,neither,0.0406673817540739,0.3612358353188989,0.5980967829270271
@shinirei STATE BUDDIES!!,neither,0.07533289535148288,0.22265910210986126,0.7020080025386558
THURSDAAAAY,neither,0.03945320844208391,0.33037608806864915,0.630170703489267
bidet!,neither,0.03945320844208391,0.33037608806864915,0.630170703489267
"SunkistSheik -> THE EMOTES, THEY`RE TOO MANY [warning]",neither,0.055080314918249766,0.29325628621143124,0.651663398870319
bidet from VA,neither,0.04066490145509902,0.30981049537100724,0.6495246031738937
bidet from Minnesota!!,neither,0.04071751644889743,0.3089174816120565,0.6503650019390461
Bidet from Indiana,neither,0.0408364874901429,0.30689823255244486,0.6522652799574122
IM SO READY,neither,0.03825507282807366,0.4360679818410094,0.525676945330917
bidet from cincy,neither,0.04062582848913359,0.31047366557575606,0.6489005059351104
more nott,neither,0.044084690295906365,0.306805713525994,0.6491095961780997
that art,neither,0.0344593389074749,0.38495653232369687,0.5805841287688283
AZ hype!!,neither,0.03945320844208391,0.33037608806864915,0.630170703489267
"Bidet from Queensland, AUS",neither,0.04228451509352876,0.2823214250720796,0.6753940598343917
bidget from Richmond VA,neither,0.04066490145509902,0.30981049537100724,0.6495246031738937
Panda,neither,0.03945320844208391,0.33037608806864915,0.630170703489267
w00t,neither,0.03945320844208391,0.33037608806864915,0.630170703489267
wow the volume is actually set loud,neither,0.04431215231265245,0.31731848500834214,0.6383693626790055
TPK TPK TPK,neither,0.03945320844208391,0.33037608806864915,0.630170703489267
Bidet,neither,0.03945320844208391,0.33037608806864915,0.630170703489267
bidet from Minnesota,neither,0.04071751644889743,0.3089174816120565,0.6503650019390461
bidet from Ohio,neither,0.040754399270683486,0.3082914838698526,0.650954116859464
Did a simgle on her triple sal pal,offensive_language,0.03144949349570276,0.4860877672943659,0.4824627392099312
Bidet from Iowa (also Hi Jenna!),neither,0.04021405559638789,0.31746252620726667,0.6423234181963454
Hello friends,neither,0.03945320844208391,0.33037608806864915,0.630170703489267
Yeah!,offensive_language,0.013968601452186464,0.5182923869769311,0.4677390115708824
"Bidet from Montréal, Canada! :D",neither,0.04071751644889743,0.3089174816120565,0.6503650019390461
Fan Art is running folks,neither,0.04579426656862859,0.32819510740588936,0.6260106260254821
bidet from florida,neither,0.0408948396164547,0.30590784468201904,0.6531973157015263
first time live watching O.o,neither,0.03513206370154816,0.3516282956383994,0.6132396406600524
"outstanding. were here, lets have a good time everyone.",neither,0.05929849465008694,0.38791173961771486,0.5527897657321982
First episode of the new season that I am catching live,neither,0.03668242821513183,0.28593194328956617,0.6773856284953019
GET HYPE!,neither,0.038748607996866635,0.3423349964846169,0.6189163955185166
Hooray! Art,neither,0.03945320844208391,0.33037608806864915,0.630170703489267
"bidet from spring city, tn",neither,0.04032792725584078,0.3155298269650013,0.644142245779158
gandsNatTwenty gandsCrit,neither,0.03945320844208391,0.33037608806864915,0.630170703489267
Let’s gooooooooooopoo!!!!!!!!!!!,neither,0.01259774405356427,0.402817721707079,0.5845845342393566
yeeeeeee,neither,0.03945320844208391,0.33037608806864915,0.630170703489267
Slow down,neither,0.03945320844208391,0.33037608806864915,0.630170703489267
BIDET!!!!!,neither,0.03945320844208391,0.33037608806864915,0.630170703489267
bidet from southern california,neither,0.05973421983411923,0.3068804373496683,0.6333853428162125
Bidet,neither,0.03945320844208391,0.33037608806864915,0.630170703489267
First live stream on my new computer <3 <3,neither,0.0299255072090274,0.33691261082313595,0.6331618819678366
Wooo fanart!,neither,0.03945320844208391,0.33037608806864915,0.630170703489267
Bidet from Houston!,neither,0.040875471929787875,0.3062365648703896,0.6528879631998226
bidetˈbiːdeɪ/nounnoun: bidet; plural noun: bidets a low oval basin used for washing one's genital and anal area.,neither,0.035574540979253326,0.3106051121485064,0.6538203468722403
many secrets,neither,0.03945320844208391,0.33037608806864915,0.630170703489267
Howdy all,offensive_language,0.046917543854519406,0.6277741405869331,0.3253083155585475
those cards are sweet and I want them,neither,0.11110427417895277,0.19298078853928133,0.695914937281766
here we go!!!,neither,0.13156755280784707,0.2765461283225309,0.5918863188696221
Bidet from Texas,neither,0.040937266849991,0.30518774380265185,0.6538749893473571
Fanart is so gorgeous,neither,0.04985671822282807,0.38282043512770675,0.5673228466494651
Bidet from Colorado!,neither,0.04066490145509902,0.30981049537100724,0.6495246031738937
BIDET yo,offensive_language,0.04010381111145228,0.5271105317972344,0.4327856570913131
"I think the real question is, how tough was Fjord built?",neither,0.039156898096695744,0.3961427002873412,0.5647004016159631
omg so excited,neither,0.039409432833857734,0.38155524175408273,0.5790353254120596
YAY first episode im watching live ;D,neither,0.03657716254724585,0.35498414354521496,0.6084386939075392
bidet from columbus ohio!,neither,0.040417606421261354,0.3140077374838422,0.6455746560948964
do you spice?,neither,0.06340458516664035,0.38876294420848057,0.5478324706248792
bidet from Pittsburgh,neither,0.04066490145509902,0.30981049537100724,0.6495246031738937
SO EXCITED!!!!!,neither,0.03940839469474773,0.3948270312238364,0.565764574081416
such talent among critters,neither,0.03965989413513445,0.32686809245090565,0.6334720134139598
Bidet everyone!,offensive_language,0.02988896790634741,0.4927062106388782,0.4774048214547744
that's so cool to show artwork,neither,0.06366577566491305,0.33711844546819775,0.5992157788668891
AZ hype train,neither,0.03945320844208391,0.33037608806864915,0.630170703489267
here we go!,neither,0.13156755280784707,0.2765461283225309,0.5918863188696221
Bidet from Montreal!,neither,0.04062582848913359,0.31047366557575606,0.6489005059351104
yessss first time ever wtching live,neither,0.03604007187299301,0.34701700431242394,0.616942923814583
Meat man cometh,neither,0.039562130274712795,0.385986241612066,0.5744516281132213
PopCorn,neither,0.03945320844208391,0.33037608806864915,0.630170703489267
"@arisbranwin Fjord Crown Vic, Fjord Flexx and Fjord Mustang are all in my garage",neither,0.0453347612238763,0.3705900872350878,0.584075151541036
we're on bois,neither,0.054270466021017,0.31763115080100784,0.6280983831779752
yay,neither,0.03945320844208391,0.33037608806864915,0.630170703489267
is it Thursday yet?,neither,0.04651135664277627,0.32794846724679255,0.6255401761104311
Bidet from Baltimore,neither,0.04079557052152802,0.30759270029461827,0.6516117291838538
sweet almost time,neither,0.038193516045166465,0.3517563555795235,0.6100501283753101
bidet from cali!!,neither,0.04079557052152802,0.30759270029461827,0.6516117291838538
7 long days I have waited for the return of CR.,neither,0.03489255725104535,0.30727730478297505,0.6578301379659797
Bidet from Tennessee!,neither,0.04071751644889743,0.3089174816120565,0.6503650019390461
I love the art,neither,0.035061522170994064,0.3268220444054327,0.6381164334235732
gandsGandsVaxSigil DOWN WITH NIGHTBOT,neither,0.02141531006484078,0.39956372912019134,0.5790209608149679
I always enjoy hearing this music come on.,neither,0.03474941869617967,0.40382492387287144,0.5614256574309487
Bidet from AZ,neither,0.04078317879478948,0.307803020237201,0.6514138009680096
bidet from NC,neither,0.04066490145509902,0.30981049537100724,0.6495246031738937
Bidet gang,neither,0.03945320844208391,0.33037608806864915,0.630170703489267
Bidet from Nevada,neither,0.04066490145509902,0.30981049537100724,0.6495246031738937
the anticipa....................................,neither,0.03613032604487659,0.2619290779399786,0.7019405960151449
"Bidet my friends, How are we all?",neither,0.05309395163841683,0.4701084913894399,0.47679755697214316
HYPE FOR THE MISFITS!,neither,0.033712592638722415,0.29237312550108796,0.6739142818601896
whoop whoot,neither,0.03945320844208391,0.33037608806864915,0.630170703489267
I need to finish my worldscape at some point...,neither,0.027318132573387357,0.432746436119805,0.5399354313068075
Yes Art,neither,0.03945320844208391,0.33037608806864915,0.630170703489267
YAY,neither,0.03945320844208391,0.33037608806864915,0.630170703489267
Bidet from Alaska!!!!,neither,0.04066490145509902,0.30981049537100724,0.6495246031738937
Bidet from Louisiana!,neither,0.04062582848913359,0.31047366557575606,0.6489005059351104
Bidet from Katy Texas,neither,0.04048565456685946,0.312852782861534,0.6466615625716066
bring on the fan art!!!!!!!!,neither,0.03615777717576376,0.32783839539813353,0.6360038274261027
lets go,neither,0.039984317429425154,0.35542799280679366,0.6045876897637812
how many 9 will be rolled tonight,neither,0.03859369736248382,0.29370845629502446,0.6676978463424917
Beep beep from Berkeley!,neither,0.04228451509352876,0.2823214250720796,0.6753940598343917
started yet?,neither,0.03945320844208391,0.33037608806864915,0.630170703489267
BIDET FROM FLORIDA,neither,0.0408948396164547,0.30590784468201904,0.6531973157015263
Beep Beep and Bidet from Northern California,neither,0.05668060496062114,0.27534695494653233,0.6679724400928466
Whoop whoop CorgiDerp Gnolls Gnolls Gnolls CorgiDerp CorgiDerp CorgiDerp,neither,0.03945320844208391,0.33037608806864915,0.630170703489267
Bidet from Coal County!,neither,0.04036750444974338,0.31485809869622855,0.644774396854028
bidet,neither,0.03945320844208391,0.33037608806864915,0.630170703489267
Huzzzah,neither,0.03945320844208391,0.33037608806864915,0.630170703489267
HERE WE GOOOOO~~~~,neither,0.09154844660801302,0.2919375864367539,0.6165139669552331
fjord is too handsome,neither,0.04878917704630249,0.3320266615265788,0.6191841614271187
Reppin the boot!,neither,0.038669717214372894,0.31608943256376787,0.6452408502218593
bidet from england,neither,0.04071751644889743,0.3089174816120565,0.6503650019390461
bidet from NorCal,neither,0.04228451509352876,0.2823214250720796,0.6753940598343917
Bidet from Kentucky,neither,0.04071751644889743,0.3089174816120565,0.6503650019390461
i have a question . there has been a lot of confusion about yhe break gift. how do we know when to say the word when chat is going so fast we cant see the promt?,neither,0.03511058339047295,0.37733841319816475,0.5875510034113625
I cast hello,neither,0.03945320844208391,0.33037608806864915,0.630170703489267
Bidet everyone!!!,offensive_language,0.02988896790634741,0.4927062106388782,0.4774048214547744
Beep Beep!,neither,0.03945320844208391,0.33037608806864915,0.630170703489267
Bidet from Ontario! Miss you 🐝!,neither,0.0481074177796296,0.3611822792449371,0.5907103029754333
Bidet from Montreal!,neither,0.04062582848913359,0.31047366557575606,0.6489005059351104
texblade y u so handsome,neither,0.03940840016725221,0.3881618993133147,0.5724297005194332
BIDET from MA!,neither,0.031816597323666866,0.4599893087150652,0.5081940939612679
Bidet from VA,neither,0.04066490145509902,0.30981049537100724,0.6495246031738937
Bidet and beep beep from Minneapolis Minnesota (and from my cat familiar who is jumping on the keyboard)!,neither,0.03568200245606272,0.34163789069858724,0.6226801068453501
Greetings and Salutations critters!!,neither,0.03763944115734239,0.1918412352459551,0.7705193235967025
Bidet from Western Kentucky!,neither,0.040371808140217125,0.31478505383715205,0.6448431380226308
indiana,neither,0.03945320844208391,0.33037608806864915,0.630170703489267
...........tion,neither,0.03945320844208391,0.33037608806864915,0.630170703489267
Hey all!!!,neither,0.04285346742239823,0.46255625023407465,0.49459028234352725
nein,neither,0.03945320844208391,0.33037608806864915,0.630170703489267
gandsMatt,neither,0.03945320844208391,0.33037608806864915,0.630170703489267
Excitement Level: High,neither,0.03633017137496474,0.40432860275224897,0.5593412258727863
almost caught up im finishing episode 5 now,neither,0.03706580836487128,0.3891492647911158,0.5737849268440129
Says 0 viewers,neither,0.03945320844208391,0.33037608806864915,0.630170703489267
Bidet from Vermont,neither,0.04228451509352876,0.2823214250720796,0.6753940598343917
those cards really should be sold,neither,0.07603666978563137,0.3012720710622352,0.6226912591521334
Bidet from OK!,neither,0.04104157946423444,0.3034172865047108,0.6555411340310547
Bidet from VEGAS BABY,neither,0.04063623156703564,0.3102970981938883,0.649066670239076
bidet!!,neither,0.03945320844208391,0.33037608806864915,0.630170703489267
L9ve Nott,neither,0.03945320844208391,0.33037608806864915,0.630170703489267
I hear theres a special guest tonight,neither,0.0593049460173415,0.3014659503912648,0.6392291035913937
!tmsubmit,neither,0.03945320844208391,0.33037608806864915,0.630170703489267
The email to submit your Fan Art and Gif of the Week submissions is ‘ submit@talksmachina.com '. Before 9 AM Pacific next Tuesday. Submit away!,neither,0.05727310753668434,0.3147331773433212,0.6279937151199946
Bidet from Alberta Canada :D,neither,0.040354386843928725,0.3150807387011266,0.6445648744549448
bidet from ohio!,neither,0.040754399270683486,0.3082914838698526,0.650954116859464
the fan art is fantastic!!,neither,0.04523541049578558,0.31506855488563523,0.6396960346185793
BOOOYAAAAA!!!!,neither,0.03945320844208391,0.33037608806864915,0.630170703489267
First time on the live stream! I'm really excited for this!,neither,0.030639380173684942,0.32366488470627086,0.6456957351200442
I got some *cough spice,neither,0.0316545837567792,0.3811359955295238,0.5872094207136971
"Ugh, such good art!!!",neither,0.039094464752672135,0.3268534534448501,0.6340520818024779
orc butt again?,neither,0.04324218818841408,0.4298690545403891,0.526888757271197
bidet from yorkshire uk,neither,0.04079557052152802,0.30759270029461827,0.6516117291838538
!fanart,neither,0.03945320844208391,0.33037608806864915,0.630170703489267
"yay, nott and jester!",neither,0.03847354642549547,0.27932863474708153,0.682197818827423
bidet from,neither,0.04228451509352876,0.2823214250720796,0.6753940598343917
"Like what you see, and are a member of the art community? Why not make some fan art for us? Remember to tweet it out to the cast/crew and tag it #GNSLive!",neither,0.06273130845716304,0.2943326953346935,0.6429359962081436
haha nice Caleb art with that t shirt,neither,0.02760190815060376,0.42700487560875033,0.5453932162406461
Dilly dilly,neither,0.03945320844208391,0.33037608806864915,0.630170703489267
bidet,neither,0.03945320844208391,0.33037608806864915,0.630170703489267
Bidet from Florida,neither,0.0408948396164547,0.30590784468201904,0.6531973157015263
Bidet from Alabama!,neither,0.04078317879478948,0.307803020237201,0.6514138009680096
Hey everyone!,neither,0.031959242684595296,0.4575682446653829,0.5104725126500218
first time watching live I'm so excited,neither,0.03587641250807106,0.38499492490635284,0.5791286625855762
Bidet from Las Vegas,neither,0.040400041164603724,0.3143058657309893,0.6452940931044071
woo vermont,neither,0.03945320844208391,0.33037608806864915,0.630170703489267
Bidet from Indy Indiana,neither,0.04039476597904064,0.31439539939713196,0.6452098346238274
BIDET from Vancouver,neither,0.04228451509352876,0.2823214250720796,0.6753940598343917
"Bidet from Burnaby, BC!",neither,0.041095261662497835,0.30250615950080734,0.6563985788366947
"Bidet from British Columbia, Canada",neither,0.040429461139510084,0.31380653197681213,0.6457640068836779
"bidet from vancouver, bc everyone!!",neither,0.03365927807315302,0.4287142073827403,0.5376265145441067
"Hong Kong, finally made it",neither,0.03843919278969618,0.330724854549804,0.6308359526604999
Guy from walking dead,neither,0.04005209976387838,0.3202113393559949,0.6397365608801266
bidet from MI,neither,0.04081748366884477,0.3072207769958956,0.6519617393352596
Bidet from Victoria BC!,neither,0.04052303010603489,0.3122184224193425,0.6472585474746226
Bidet from NoVA,neither,0.04228451509352876,0.2823214250720796,0.6753940598343917
Bidet from Ephrata PA!,neither,0.04069404815304118,0.30931579984010865,0.6499901520068502
plainsboro new jersey,neither,0.04387515076808845,0.21895888191130883,0.7371659673206027
Also love seeing all the art.,neither,0.03753719941711953,0.3854987307222909,0.5769640698605897
BIDET,neither,0.03945320844208391,0.33037608806864915,0.630170703489267
Bidet from Eastern Kentucky.,neither,0.04038434874462851,0.31457220705192124,0.6450434442034502
bidet from Minnesota!,neither,0.04071751644889743,0.3089174816120565,0.6503650019390461
bidet,neither,0.03945320844208391,0.33037608806864915,0.630170703489267
spice?,neither,0.03945320844208391,0.33037608806864915,0.630170703489267
Bidet from Texas,neither,0.040937266849991,0.30518774380265185,0.6538749893473571
@TheRavenfeeder you heard correct,neither,0.05890581985037816,0.38463330369080756,0.5564608764588143
Bidet from Boston!,neither,0.040769555981420263,0.3080342349327864,0.6511962090857933
#NottAllGoblins,neither,0.03945320844208391,0.33037608806864915,0.630170703489267
hewwo chat,neither,0.03945320844208391,0.33037608806864915,0.630170703489267
KING EZEKIEL FROM WALKING DEAD! gonna be on here tonight,neither,0.06479790377303372,0.31954781214046757,0.6156542840864987
bidet,neither,0.03945320844208391,0.33037608806864915,0.630170703489267
Late night Bidet from Denmark!,neither,0.0319693413300391,0.3088065450068983,0.6592241136630625
Bidet from South Carolina!,neither,0.04043176250036363,0.31376747187705417,0.6458007656225822
Bidet from Alaska,neither,0.04066490145509902,0.30981049537100724,0.6495246031738937
bidet <3 by any chance is the special guest tonight going to be ashley,neither,0.06554742793330731,0.3334325668535515,0.6010200052131413
SPeCIaL GuESt,neither,0.074917375545421,0.3098007757950765,0.6152818486595026
"Bidet from South Bend, Indiana",neither,0.04031235592036447,0.3157941131659815,0.6438935309136541
art is still amazing!,neither,0.046205201656213564,0.34161654039771405,0.6121782579460723
Cyborg!,neither,0.03945320844208391,0.33037608806864915,0.630170703489267
@theravenfeeder yeah one of the guys from the walking dead,neither,0.025921730622084742,0.4023372295623856,0.5717410398155298
ugh I don't wanna have to watch on Alpha or youtube,neither,0.04538430119438792,0.34151450143537176,0.6131011973702404
Bidet from Seattle,neither,0.040754399270683486,0.3082914838698526,0.650954116859464
what music is this from,neither,0.05962658373092865,0.301761012982407,0.6386124032866644
Bidet from Massachusetts!,neither,0.04069404815304118,0.30931579984010865,0.6499901520068502
"Bidet from Melbourne, Australia!",neither,0.04062582848913359,0.31047366557575606,0.6489005059351104
fishcandy501 -> ONLY HULK CAPSLOCKS [warning],neither,0.03945320844208391,0.33037608806864915,0.630170703489267
"Bidet from Lincoln, NE!",neither,0.04037932620557306,0.31465745264747463,0.6449632211469523
"Bidet from Burnaby, BC as well!",neither,0.038363058074450326,0.3488787848731385,0.6127581570524111
"Bidet from Opp, Alabama",neither,0.04040974714285343,0.31414112994950705,0.6454491229076396
Bidet from Nova!,neither,0.04228451509352876,0.2823214250720796,0.6753940598343917
bidet from Arizona!,neither,0.04078317879478948,0.307803020237201,0.6514138009680096
Bidet from Worcester England! :D,neither,0.04071751644889743,0.3089174816120565,0.6503650019390461
bidet from milwaukee,neither,0.04066490145509902,0.30981049537100724,0.6495246031738937
hi,neither,0.03945320844208391,0.33037608806864915,0.630170703489267
"Bidet from Pará, Brazil",neither,0.04079557052152802,0.30759270029461827,0.6516117291838538
Bidet!,neither,0.03945320844208391,0.33037608806864915,0.630170703489267
woo feed is up!,neither,0.044175493548513065,0.3754623174888017,0.5803621889626853
:P,neither,0.03945320844208391,0.33037608806864915,0.630170703489267
@LADrs76 Bidet from Nashua!,neither,0.04228451509352876,0.2823214250720796,0.6753940598343917
Hello world,neither,0.03945320844208391,0.33037608806864915,0.630170703489267
BIDEEEEEEEEEEEET from Boston!,neither,0.040769555981420263,0.3080342349327864,0.6511962090857933
so I'm assuming they start at exactly 7?,neither,0.038741790102966654,0.38853384201829,0.5727243678787434
"bidet fron Vienna, Austria",neither,0.03945320844208391,0.33037608806864915,0.630170703489267
Full screen time,neither,0.0596397514211712,0.34343921699982805,0.5969210315790007
bidet from SF,neither,0.04062582848913359,0.31047366557575606,0.6489005059351104
Man I wish,neither,0.0397101354421453,0.4316052736306072,0.5286845909272476
"Odds for tonite's game... Knott makes a Fjord car reference 2-1, Caleb will say Nein at least 1 time 4-1, The Guest will get the HDYWTDT in the fight tonite 4-5",neither,0.036298570128044265,0.2899217639567239,0.6737796659152319
Bidet from Portlandia!,neither,0.04062582848913359,0.31047366557575606,0.6489005059351104
Hype Level = OVER 9000!!!!!!!!!!!!!!!!!!!!!!,neither,0.03643283265606285,0.33221769933271567,0.6313494680112214
Bidet from Missouri!,neither,0.04071751644889743,0.3089174816120565,0.6503650019390461
Why gobo always gotta be so darn cute!,neither,0.029910853880938372,0.42354746493607526,0.5465416811829864
bidet from minneapolis,neither,0.04228451509352876,0.2823214250720796,0.6753940598343917
bidet from Kansas,neither,0.04071751644889743,0.3089174816120565,0.6503650019390461
"Bidet Florida, Gulf Side",neither,0.03498247202519485,0.3622983405817464,0.6027191873930587
Jester is my Favorite so far.,neither,0.034467506576736785,0.4650947271484502,0.500437766274813
Good evening all,neither,0.0407757687943942,0.4132731801052576,0.545951051100348
So much BC! Anybody coming down for ECCC next weekend?,neither,0.032307219329241965,0.34773586091115183,0.6199569197596061
hola,neither,0.03945320844208391,0.33037608806864915,0.630170703489267
donuts!,neither,0.03945320844208391,0.33037608806864915,0.630170703489267
bidet everyone! i hope you're having a great thursday,neither,0.09928013105343586,0.30761656388334424,0.59310330506322
bidet from Kansas City!,neither,0.04050054910234117,0.3125999837227694,0.6468994671748894
Bidet from San Diego!,neither,0.040446282760733435,0.31352102516371877,0.6460326920755478
oh yeah! special guest!!,neither,0.050674246215543554,0.36974213055670546,0.5795836232277511
Yay I get to catch a show finally!,neither,0.05816665057965378,0.2722643172717031,0.6695690321486432
"Bidet from Pipestone, Minnesota!",neither,0.04071751644889743,0.3089174816120565,0.6503650019390461
Bidet from Tupelo Mississippi!,neither,0.040754399270683486,0.3082914838698526,0.650954116859464
Bidet from PA,neither,0.04069404815304118,0.30931579984010865,0.6499901520068502
nearly 9k watching,neither,0.03945320844208391,0.33037608806864915,0.630170703489267
Bidet!,neither,0.03945320844208391,0.33037608806864915,0.630170703489267
Woooooooo crit role!!!,neither,0.03945320844208391,0.33037608806864915,0.630170703489267
bidet,neither,0.03945320844208391,0.33037608806864915,0.630170703489267
"Bidet from Apple Valley, CA",neither,0.04029345240861068,0.31611495509467774,0.6435915924967117
Bidet from Minnesota,neither,0.04071751644889743,0.3089174816120565,0.6503650019390461
bidet from california,neither,0.06971251856910227,0.2972619859879888,0.633025495442909
Bidet from Cologne!,neither,0.04066490145509902,0.30981049537100724,0.6495246031738937
!howlong,neither,0.03945320844208391,0.33037608806864915,0.630170703489267
This is so cool im catching up finally,neither,0.042676943480999555,0.4340354745233424,0.5232875819956581
Bidet from Nebraka,neither,0.04228451509352876,0.2823214250720796,0.6753940598343917
Bidet from Indiana!,neither,0.0408364874901429,0.30689823255244486,0.6522652799574122
"bidet from dallas (texas, of course)",neither,0.04034376476783355,0.31526102305387127,0.6443952121782953
Bidet from Iowa!,neither,0.04069404815304118,0.30931579984010865,0.6499901520068502
OMG CR YEAHHHHHHHHHHHHH,neither,0.03945320844208391,0.33037608806864915,0.630170703489267
Caleb is my favorite,neither,0.03486531408837289,0.4105804573562558,0.5545542285553713
"i love you people! Bidet from Michigan, USA",neither,0.08085321461643774,0.36165125792134395,0.5574955274622184
Bidet from Maryland!,neither,0.04066490145509902,0.30981049537100724,0.6495246031738937
"Bidet from Sao Paulo, Brazil!",neither,0.04079557052152802,0.30759270029461827,0.6516117291838538
Thank God for Dasbif. I almost forgot it was thursday!,neither,0.033911577755030356,0.31550536227508685,0.6505830599698827
Bidet from Vashon Island Washington USA,neither,0.04028906282609389,0.31618945776588525,0.643521479408021
bidet,neither,0.03945320844208391,0.33037608806864915,0.630170703489267
BIdet from Indianapolis Indiana,neither,0.04039476597904064,0.31439539939713196,0.6452098346238274
Perfect timing! My food just arrived :),neither,0.029121854706157652,0.40223260277949124,0.5686455425143512
Later Critters,neither,0.03945320844208391,0.33037608806864915,0.630170703489267
Who's everyone's fav character? Mine is Jester <3,neither,0.04072261781992733,0.45033805879772826,0.5089393233823444
Bidet,neither,0.03945320844208391,0.33037608806864915,0.630170703489267
Special guest is from the walking dead,neither,0.07237432571153851,0.28883727132887205,0.6387884029595894
beep,neither,0.03945320844208391,0.33037608806864915,0.630170703489267
Bidet from Tucson,neither,0.04228451509352876,0.2823214250720796,0.6753940598343917
"so torn, watch CR or read Way of the Shaman.....guess I'll do both",neither,0.04249739754337097,0.34764628044789986,0.6098563220087292
bidet,neither,0.03945320844208391,0.33037608806864915,0.630170703489267
Yay,neither,0.03945320844208391,0.33037608806864915,0.630170703489267
bidet from liverpool uk 🎉,neither,0.04079557052152802,0.30759270029461827,0.6516117291838538
!howfar,neither,0.03945320844208391,0.33037608806864915,0.630170703489267
@TaelanGracey City buddies,neither,0.03945320844208391,0.33037608806864915,0.630170703489267
Bidet from Northern Ohio,neither,0.04036750444974338,0.31485809869622855,0.644774396854028
bidet from Portland,neither,0.04066490145509902,0.30981049537100724,0.6495246031738937
Bidet from Seattle!,neither,0.040754399270683486,0.3082914838698526,0.650954116859464
"bidet from charlotte, nc!",neither,0.040371808140217125,0.31478505383715205,0.6448431380226308
PICKLES,neither,0.03945320844208391,0.33037608806864915,0.630170703489267
Nebraska*,neither,0.03945320844208391,0.33037608806864915,0.630170703489267
first time in the chat,neither,0.03065230533993513,0.33601638221157265,0.6333313124484922
Bidet from Bama!!!,neither,0.04069404815304118,0.30931579984010865,0.6499901520068502
Bidet fellow Critters!,neither,0.03945320844208391,0.33037608806864915,0.630170703489267
yea guest tonight!,neither,0.03686111288039419,0.3130284059897428,0.650110481129863
"Wait, did I see Larkin?",neither,0.03945320844208391,0.33037608806864915,0.630170703489267
soo excited!,neither,0.03945320844208391,0.33037608806864915,0.630170703489267
bidet friends,neither,0.03945320844208391,0.33037608806864915,0.630170703489267
nein,neither,0.03945320844208391,0.33037608806864915,0.630170703489267
How are all the critters doing on this lovely day/evening?,neither,0.05537735317334451,0.3342546075387256,0.6103680392879299
bidet from soflo,neither,0.04228451509352876,0.2823214250720796,0.6753940598343917
gandsSCANLAN,neither,0.03945320844208391,0.33037608806864915,0.630170703489267
Kappa 123 In the chat,neither,0.038662752557152014,0.3159596942641586,0.6453775531786894
holy crap that caleb art WTF SO GOOD,offensive_language,0.03809753077846076,0.5304227108901935,0.43147975833134583
bidet from pittsburgh,neither,0.04066490145509902,0.30981049537100724,0.6495246031738937
Bidet and beep beep from Ft Worth TX,neither,0.039598514066236684,0.2850450482111099,0.6753564377226535
bidet fron Kentucky?,neither,0.03945320844208391,0.33037608806864915,0.630170703489267
Bidet from East PA,neither,0.04044695603955711,0.31350959786496335,0.6460434460954796
Bidet from Michigan State University!!,neither,0.06670532368903317,0.23219639776792114,0.7010982785430457
Video from the Bay!,neither,0.044615675836027435,0.20778337358519716,0.7476009505787754
Bidet from Ontario Canada.,neither,0.040354386843928725,0.3150807387011266,0.6445648744549448
its time,neither,0.028403263479439233,0.36615975061363926,0.6054369859069215
It’s not Ashley. It’s someone that was at Planet comicon,neither,0.03332466969627227,0.38288950683735407,0.5837858234663735
Bidet from Wisconsin!,neither,0.04071751644889743,0.3089174816120565,0.6503650019390461
My cat familiar is nowhere near as helpful as Frumpkin. :(,neither,0.03470852645911574,0.41176033579224824,0.553531137748636
Bidet from Canada,neither,0.04071751644889743,0.3089174816120565,0.6503650019390461
Bidet from New York,neither,0.044690599332616286,0.20708884905532376,0.7482205516120599
the pecial guest is from walking dead,neither,0.04619728218144095,0.300533777286838,0.6532689405317211
bidet from ohio,neither,0.040754399270683486,0.3082914838698526,0.650954116859464
did i miss it???,neither,0.02930674603096735,0.33386592176397956,0.6368273322050533
Will Khary Payton be a ranger with a tiger? :O,neither,0.03298878373208917,0.3420802114002707,0.6249310048676402
Bidet from Trinidad and Tobago!,neither,0.039665017157423446,0.26811748049299106,0.6922175023495856
bidet,neither,0.03945320844208391,0.33037608806864915,0.630170703489267
This fan art is getting better and better.,neither,0.04131959225628314,0.350329440821543,0.6083509669221738
the season 2 art has been out of this world,neither,0.035704120911771595,0.3276267071029888,0.6366691719852396
"Bidet from Somerset, UK",neither,0.04079557052152802,0.30759270029461827,0.6516117291838538
Bidet from Oregon,neither,0.04071751644889743,0.3089174816120565,0.6503650019390461
Greetings all from Berlin :),neither,0.042808078011918105,0.39053103227606023,0.5666608897120217
Bidet everyone!,offensive_language,0.02988896790634741,0.4927062106388782,0.4774048214547744
My fav is knott,neither,0.03351958092934078,0.4348431334349732,0.531637285635686
Hi,neither,0.03945320844208391,0.33037608806864915,0.630170703489267
Wooo bidet fellow critters,neither,0.03945320844208391,0.33037608806864915,0.630170703489267
