text,top_class,hate_speech,offensive_language,neither
"@imachmedhillo th 3red has a definite time at 11:30 pm Fridays night Pacific time after live show end for the day , additional replays during the weekend",neither,0.039337946158040364,0.29223527716648207,0.6684267766754775
!wtfisthis,neither,0.03945320844208391,0.33037608806864915,0.630170703489267
Ryan Green and a guest spend 90 minutes going deeper into a fandom then you may have thought possible. From Magic: The Gathering to Street Fighter we’re examining the stories and worldbuilding that makes these properties so enchanting. The guests and subjects are as varied as can be but the one thing that brings them together is passion.,neither,0.06281962001923072,0.30912234923769066,0.6280580307430785
Lore me Sempai!,neither,0.018491955366437673,0.460246435692358,0.5212616089412043
Hey all you lovers of Lore!,neither,0.05995048719597445,0.46534769910768325,0.4747018136963423
ooo never saw this one,neither,0.03510233718952695,0.3950617846312061,0.569835878179267
gandsSubHype,neither,0.03945320844208391,0.33037608806864915,0.630170703489267
whoa i sense a high amount of swagger,neither,0.03684070938035187,0.3922802060047893,0.5708790846148587
I'm a lumber jack and im ok,neither,0.03770715144198128,0.32273320875853295,0.6395596397994859
Ryan is vest-less I feel wrong,neither,0.04641237476608865,0.32798251165305903,0.6256051135808522
Hugs for the Hug inclined!! !,neither,0.03454421066142405,0.2978767114667817,0.6675790778717943
Hugs for the Hugs Inclined!,neither,0.03542907399106771,0.3037356387767809,0.6608352872321515
Yay raiding.,neither,0.03945320844208391,0.33037608806864915,0.630170703489267
#EnthusiArmy Raid!,neither,0.03945320844208391,0.33037608806864915,0.630170703489267
Hellooooooo Ryan Green,neither,0.040667229915220565,0.3019452913456484,0.6573874787391311
Ryan Drake? Nathan Green?,neither,0.04027067279795967,0.3112774682245795,0.6484518589774607
I love it,neither,0.030831260484157012,0.3601344986151421,0.609034240900701
Welcome Amy and Raiders!,neither,0.038822933363010945,0.2991577467117473,0.6620193199252418
#EnthusiArmy RAID!,neither,0.03945320844208391,0.33037608806864915,0.630170703489267
smoooooooth,neither,0.03945320844208391,0.33037608806864915,0.630170703489267
lol @XiphiqiX,neither,0.020706217963973744,0.4882283491876925,0.4910654328483337
I was not ready to raid this *fans self*,neither,0.04304078504420696,0.33370378961928576,0.6232554253365074
"Wow dude, you’re looking studly",neither,0.0707688928745247,0.3423440887864411,0.5868870183390342
WELCOME ENTHUSIARMY! <3,neither,0.03945320844208391,0.33037608806864915,0.630170703489267
why did Ryan steal Travis's Halloween Costume?,neither,0.03255503993452146,0.339724578698699,0.6277203813667795
Hi Ryan and Ivan!,neither,0.03865039986561582,0.28968446037165835,0.6716651397627258
I dont know what raiding is???,neither,0.06183144914809581,0.3197998831027385,0.6183686677491657
"Welcome, EnthusiArmy!",neither,0.03945320844208391,0.33037608806864915,0.630170703489267
#EnthusiArmy RAID!,neither,0.03945320844208391,0.33037608806864915,0.630170703489267
hi,neither,0.03945320844208391,0.33037608806864915,0.630170703489267
That's a great set of people on that couch,neither,0.048965509369450336,0.38010943345919956,0.5709250571713501
"loving the ensemble today Ryan, and Ivan looking snazzy too. Hello gentlemen!",neither,0.03739912752843332,0.2829050714477291,0.6796958010238375
HOT DAMN Ryan!! <3 <3,offensive_language,0.04487627700806125,0.8063953315891454,0.1487283914027932
Greenlighting this project now,neither,0.03934254790700734,0.3322542861498816,0.6284031659431111
Welcome Amy and Raiders!,neither,0.038822933363010945,0.2991577467117473,0.6620193199252418
it's a great outfit=it is an outfit on Ryan Green,neither,0.0400956984662587,0.3066699670401156,0.6532343344936257
Welcome to the Enthusiarmy!,neither,0.04828521949961754,0.3017179234363179,0.6499968570640645
hi Ryan and Ivan and people in the chat,neither,0.058299358781930925,0.2621879320197615,0.6795127091983075
Those leggings XD,neither,0.07281816039262404,0.2425869159261622,0.6845949236812139
"Ivan, I was drinking from the same mug this morning (I mean my own, not yours...)",neither,0.050189485502404575,0.2839863321326339,0.6658241823649615
We have a subscriber-only Discord server! Join here: https://discord.gg/geekandsundry (you'll need to sub and link it to your Twitch) and be a part of the fun!...Warning: It can take up to an hour for the server to update and give you access to the channels,neither,0.08464076273808444,0.286394834032893,0.6289644032290227
Every time,neither,0.03754065921207648,0.36283703985762417,0.5996223009302993
@DeLevely Indeed.,neither,0.03945320844208391,0.33037608806864915,0.630170703489267
@DeLevely Hi Sam!,neither,0.03945320844208391,0.33037608806864915,0.630170703489267
Oooh survival horror,neither,0.03945320844208391,0.33037608806864915,0.630170703489267
"@DeLevely Hey, Sam",neither,0.03945320844208391,0.33037608806864915,0.630170703489267
"@DeLevely I don't think that Ryan is capable of a bad ""look"".",neither,0.041750356051770944,0.35740562344429766,0.6008440205039314
I miss seing Ivan on stream!!!,neither,0.032201163103161005,0.34267004335645984,0.6251287935403791
"hahaha ""swaggering undead""",neither,0.03945320844208391,0.33037608806864915,0.630170703489267
Hey crew!,neither,0.03945320844208391,0.33037608806864915,0.630170703489267
@shidareAKI I concur,neither,0.03945320844208391,0.33037608806864915,0.630170703489267
<3,neither,0.03945320844208391,0.33037608806864915,0.630170703489267
So would infected tacos make undead zombie taco brain eaters?,neither,0.03907773672118388,0.350595800640643,0.6103264626381733
"I'm only here for a little while before I leave, but I'm gonna listen a chat a bit while I draw",neither,0.04966746129826956,0.3587121691043296,0.5916203695974008
"Download the new Critical Role theme song for Campaign Two! http://itunes.apple.com/album/id1331550250?ls=1&app=itunes Sales of the song support the musician, Jason Charles Miller.",neither,0.04445767596344001,0.2510827790306858,0.7044595450058742
Hey @delevely,neither,0.03945320844208391,0.33037608806864915,0.630170703489267
"Hmmm that would be a fun Halloween food. ""Brains"" tacos",neither,0.037065139515161084,0.3539084229177493,0.6090264375670895
i thought that was a vampire movie lol....,neither,0.0342373591136255,0.2957011860358012,0.6700614548505733
Hey Commander @DeLevely :),neither,0.03945320844208391,0.33037608806864915,0.630170703489267
"Slow zombies are terrifying because you can imagine potentially dealing with it. Fast zombies, my mind instantly goes ""Oh, okay, here's exactly where I die,"" but with slow zombies I'm forced to imagine being in that situation and trying to make my way out of it, because I MIGHT be able to do it, it'd just be terrifying.",neither,0.06393775810829455,0.328423142814358,0.6076390990773474
@DeLevely what are you drawing right now?,neither,0.0990261676889634,0.34004292424531013,0.5609309080657265
Cow brain tacos are tasty,neither,0.05597560370612383,0.2997911337827023,0.6442332625111741
Hello everyone gandsRyanHype,neither,0.03269494828970791,0.4450814005079928,0.5222236512022994
Who’s excited to learn about the survival horror genre of film tv and games,neither,0.04116562721662307,0.3432040394120036,0.6156303333713733
Hi @Nijaansh,neither,0.03945320844208391,0.33037608806864915,0.630170703489267
https://clips.twitch.tv/TangibleCooperativeJaguarBloodTrail,neither,0.03945320844208391,0.33037608806864915,0.630170703489267
"@Triamas RPG art, as always ;) It started out as a warmup drawing, and then it accidentally a real drawing :D",neither,0.03086789042444336,0.4230384061371888,0.5460937034383679
"Help G&S make great content! $4.99/month gets you emotes, Minecraft server access, sub-only VODs, and more! Every sub keeps the channel alive! twitch.tv/geekandsundry/subscribe",neither,0.043907990691603095,0.31135964332838284,0.644732365980014
How're you :) @chaoticloony,neither,0.14576002265838042,0.3562307589488177,0.4980092183928018
So which zombies are scarier? Resident evil zombies? Romero zombies? Or walking dead zombies?,neither,0.04580375851568832,0.33016391887286733,0.6240323226114444
@DeLevely sounds cool :),neither,0.03945320844208391,0.33037608806864915,0.630170703489267
yeah fast zombies freak me out.,neither,0.02161301485982161,0.4454540964617527,0.5329328886784256
"""The apocalyptic state"" so...New Jersey?",neither,0.07426255631867126,0.17844417934994866,0.7472932643313801
"@Nijaansh Ok, and yourself?",neither,0.03845405930435375,0.28266133942546956,0.6788846012701767
#newb what is raif?,neither,0.08191733112755817,0.31109320414220176,0.6069894647302402
brb,neither,0.03945320844208391,0.33037608806864915,0.630170703489267
im fine ty! @chaoticloony,neither,0.03860787376978744,0.3624615255894609,0.5989306006407517
raid*,neither,0.03945320844208391,0.33037608806864915,0.630170703489267
@delevely you’re amazing and always love when you’re in chat,neither,0.0820794789737333,0.40575160975024455,0.5121689112760222
whoop whoop this is the sound of the police!!,neither,0.04280986364776446,0.3118143745403643,0.6453757618118713
Is it blurry and lower quality for anyone else?,neither,0.03897268793020751,0.2880719991833891,0.6729553128864034
"Zombies aren't characters, narratively. Zombies are a natural disaster",neither,0.05042156152497664,0.30919363098665464,0.6403848074883687
"I figure that as long as zombies are slow and dumb, they aren't scary. But if they move quickly and strategically that's a whole other level of nop.",neither,0.033374112730947134,0.3645165650877354,0.6021093221813175
"@potterboi111 Aww, thank you!",neither,0.057780898325302935,0.39134854824816984,0.5508705534265272
Boring zombies? Original RE would like to have a brain with you,neither,0.06545620013288185,0.3737588374005884,0.5607849624665298
walking dead because when you die everyone becomes zombies,neither,0.11090625825862392,0.3221693882822899,0.5669243534590861
@Loyalbluefox28 Raids are when one channel sends its viewers to another channel!,neither,0.06701660428981941,0.31079563655564796,0.6221877591545327
ooooooooo,neither,0.03945320844208391,0.33037608806864915,0.630170703489267
!commands,neither,0.03945320844208391,0.33037608806864915,0.630170703489267
Nijaansh -> The bot commands for this channel are available at https://beta.nightbot.tv/t/geekandsundry/commands,neither,0.04695462833040224,0.29561718809185006,0.6574281835777477
"sorry i'm late, we talkin zombies? neat!",neither,0.03935300572875765,0.33207678962203907,0.6285702046492033
"Zombies are the inevitability of death. Their interest is in the psychological pressure they impose, not themselves.",neither,0.05423657542851659,0.29282627365724523,0.6529371509142382
Hi @crthemighty,neither,0.03945320844208391,0.33037608806864915,0.630170703489267
!clock,neither,0.03945320844208391,0.33037608806864915,0.630170703489267
It is currently Thursday 4:07 PM at the Geek & Sundry studio in California.,neither,0.0510853560815634,0.32964593687365445,0.6192687070447822
"the problem is zombies are pretty unstoppable, even if they are slow, they keep coming.",neither,0.0574179895400206,0.3089449835786277,0.6336370268813518
howdy loony,neither,0.03945320844208391,0.33037608806864915,0.630170703489267
I’m waiting for someone to do zombie ninjas,neither,0.04069179222753315,0.30260536031178004,0.6567028474606869
"you shoot it, it keeps coming. you chop off its legs, it crawls on hands. chop off their legs and arms, the use their jaw to move... they simply don't stop.",neither,0.038057439762469766,0.38034343803881604,0.5815991221987141
"the fun part of zombie stories isnt the zombies, it's the dealing with the aftermath",neither,0.032559897995762276,0.31911208482975817,0.6483280171744795
@delevely no problems you are always a delight on any show you’re in on here,neither,0.17327395554244973,0.31369753048053,0.5130285139770202
can you do all of them at once?,offensive_language,0.0851046476904196,0.4830088026487352,0.43188654966084516
@chaoticloony so then people went from this one .,neither,0.07034490873391286,0.38871831784868743,0.5409367734173998
Zombie ninjas is an oxymoron though,neither,0.04574910590272369,0.324277865777652,0.6299730283196243
to another or give versa?,neither,0.09788100530604744,0.2566000852696462,0.6455189094243063
@arisbranwin That would actually make zombie horror interesting. XD,neither,0.03657780783243549,0.3537355533928516,0.6096866387747127
@arisbranwin perhaps zombie nijas ALREADY exist... we just havn't detected them,neither,0.0440537143129349,0.3528141879543218,0.6031320977327433
is it thursday yet?,neither,0.04651135664277627,0.32794846724679255,0.6255401761104311
@littlepinkbowser YEP,neither,0.03945320844208391,0.33037608806864915,0.630170703489267
"@Loyalbluefox28 One of the hosts on this channel, Amy ended her stream and sent the people watching her over here.",offensive_language,0.05413813698409822,0.49519009550529636,0.4506717675106054
Indeed it is.,neither,0.04752923182148506,0.327598373297555,0.6248723948809599
yes yes it is!!!! finalky!,neither,0.04554890407683611,0.32827949881806173,0.6261715971051023
When is critical role,neither,0.036731799512772056,0.3718062288360914,0.5914619716511365
!wheniscr,neither,0.03945320844208391,0.33037608806864915,0.630170703489267
"Critical Role is on at 7 PM PST on Thursdays, it is currently 4:09 PM PST on Thursday. There is 2 Hours, 50 Minutes, 7 Seconds until the next episode of Critical Role. This command has been run 804 times but has probably been asked about way more.",neither,0.040965864640436576,0.34432478155128393,0.6147093538082795
ooooooo,neither,0.03945320844208391,0.33037608806864915,0.630170703489267
@jimmy_eat_meatloaf So you're saying they don't stop coming and they don't stop coming? :P,neither,0.05250811927879653,0.43383925323119554,0.5136526274900081
3 hours till critical role,neither,0.03945320844208391,0.33037608806864915,0.630170703489267
http://www.wheniscriticalrole.com/ <<< Critical Role countdown clock (as well as other links) at this site. @sagebrush72,neither,0.035812998755080046,0.31957875624326937,0.6446082450016506
50 minutes I guess,neither,0.038991104398199763,0.335928031954461,0.6250808636473392
!criticalrole,neither,0.03945320844208391,0.33037608806864915,0.630170703489267
gandsGandsBeardedMen,neither,0.03945320844208391,0.33037608806864915,0.630170703489267
WOO! Its Ivan!,neither,0.03290907704091701,0.33262691494259883,0.6344640080164842
"I think post apocalyptic zombie kind of things were kind of unappealing. I know I would NEVER be able to survive in a world where people are reduced to basic instincts, I'm too dependent on technology. XD",neither,0.06198130711737951,0.30886186159114126,0.6291568312914791
oh wait I'm in central,neither,0.0444604565983248,0.2825863021525991,0.672953241249076
haha they do seem to keep coming,neither,0.04248044290323285,0.38632491908389605,0.5711946380128711
"Outlast is the only horror game that won't give you weapons. You have limited batteries, a camera and that's it.",neither,0.052151014884461146,0.364675892663784,0.5831730924517549
That's why I love it so much.,neither,0.018293709114765914,0.46099922417406247,0.5207070667111715
zombies are the not scifi zerg,neither,0.06449150082519864,0.27055607500532225,0.6649524241694791
aw i loved warm bodies,neither,0.03945320844208391,0.33037608806864915,0.630170703489267
Thoughts on outlast as a survival horror game,neither,0.036232845136757744,0.33340750107418665,0.6303596537890556
@Loyalbluefox28 Raids are a good way to introduce your viewers to new channels. A raid from Erika's stream introduced me to the fabulous CaveGeekArt channel!,neither,0.07057784434281339,0.2704793755217628,0.6589427801354237
Hopefully walking dead is good again soon,neither,0.04328773610150523,0.3509983228482349,0.6057139410502598
I can’t play it in the dark,neither,0.03731272020719582,0.30887438543812795,0.6538128943546763
@potterboi111 Love it. Would play again.,neither,0.032632264440921724,0.3720651477859346,0.5953025877731436
walking dead turns its characters,neither,0.03494960942956693,0.3319250822843,0.6331253082861331
"You can humanize what zombies *had* been, but you don't humanize what they become",neither,0.07097823214572505,0.39726444338658895,0.531757324467686
Would anyone else count The Borg as Zomboes?,neither,0.03659563909014188,0.34127457984606985,0.6221297810637882
"It's interesting that zombies made the jump from fantasy to sci-fi (they used to be exclusively magic based, now they're virus or technology)",neither,0.04857563304126801,0.32158423956777465,0.6298401273909573
"Uh, I see your lack of ""humanized zombies"" and would like to point out. IZombie",neither,0.06692239978214541,0.31247329935617446,0.6206043008616802
@shinykiiwii yes agreed it is a great game and would play again,neither,0.04026741619911899,0.28013471518582106,0.6795978686150599
I remember those zombie romance books,neither,0.05929739004687635,0.2728573198657734,0.6678452900873504
i still have a zombie story i want to write,neither,0.043429305221419565,0.3421095058057135,0.614461188972867
ooooooooo OK thanks for the explanation @chaoticloony,neither,0.03271727269916477,0.2843651949785679,0.6829175323222674
nazi zombies.,neither,0.03945320844208391,0.33037608806864915,0.630170703489267
And Nazi Zombies,neither,0.038754217059340755,0.29544860789974065,0.6657971750409186
master D?,neither,0.03945320844208391,0.33037608806864915,0.630170703489267
"""I am Legend"" did it a little bit, although were those zombies..?",neither,0.05153528910478038,0.2810893666890656,0.667375344206154
and robots,neither,0.03763944115734239,0.1918412352459551,0.7705193235967025
What about Shaun of the dead??,neither,0.04310802534032808,0.33882988008883286,0.618062094570839
And I know Felicia talked about one on Vaginal Fantasy,neither,0.03538574598435825,0.35131838958640443,0.6132958644292373
I must be one of the few who dislike zombies,neither,0.03955315945754885,0.37523405144404104,0.5852127890984102
(Sorry Philip),neither,0.03945320844208391,0.33037608806864915,0.630170703489267
we are also allowed to kill each other,neither,0.35882805187044364,0.17836129419382993,0.46281065393572635
@potterboi111 Haven't been able to play the second game. I want to play it but I'm not a fan of a tentacle woman chasing me through out the game.,neither,0.03519888878863699,0.3250777588106488,0.6397233524007143
"""They were once us, they are now shells of us..."" is he talking about the zombies or the Nazis?",neither,0.11054087482658072,0.2819468332794429,0.6075122918939764
hortabelmi -> Only those that we deem worthy shall possess the power of the Hyperlink [warning],neither,0.048140585852785724,0.2990817588418225,0.6527776553053918
"I don't like the zombie genre either, @renson_arcalian",neither,0.04654884234533431,0.32919179925430614,0.6242593584003596
we can also kill aliens,neither,0.34902904036935944,0.1985498868932332,0.45242107273740734
@delevely Oh dear...,neither,0.0461327075271576,0.2673899063118408,0.6864773861610016
BOO,neither,0.03945320844208391,0.33037608806864915,0.630170703489267
the horror in zombie movies is usually from the humans behaviour not the zombies lol,neither,0.03770240833652057,0.3252633022410286,0.6370342894224508
@delevely why not both?,neither,0.024054908284581792,0.3579208304213377,0.6180242612940805
"@DeLevely Hehhehehhe, well said!",neither,0.03945320844208391,0.33037608806864915,0.630170703489267
@delevely my thoughts too,neither,0.0267021566893569,0.43393341872680874,0.5393644245838344
@LittlePinkBowser But it's hard.... stupid XCom,offensive_language,0.11969357365946322,0.5039282269678025,0.37637819937273437
oooo...burn! @DeLevely :D lol,neither,0.03659447623114395,0.2658628856217588,0.6975426381470973
"also, i know ryan had to steal that shirt, because he is too dapper to closet cosplay joel :P",neither,0.050774554351894714,0.3457175686419641,0.6035078770061412
like a ghost,neither,0.05471312540536932,0.35182751909805726,0.5934593554965734
"Zombies are more advanced intellectually. No racism, everyone is equal great team work.....",neither,0.05079082311740648,0.34743544807662785,0.6017737288059656
I have a novel that consists of short stories about zombies. One of my favorites is one about a pill that effectively temporarily turns you into a zombie.,neither,0.03781109514662945,0.45961666482272506,0.5025722400306455
"Guys, I worked your twitch launch and I'm so impressed at the quality and caliber of work that has come out of this channel. A+++",neither,0.04492866653527614,0.3495214043366278,0.6055499291280959
"""are we the baddies..?""",neither,0.09751183035214242,0.2203599499860046,0.682128219661853
Although house of the dead zombies were insane,neither,0.039097856711195526,0.3073551279619122,0.6535470153268924
@XiphiqiX its like how progressive the mongol empire was,neither,0.04162245474457903,0.3331108902092124,0.6252666550462086
And Marvel zombies was odd,neither,0.03879676320401111,0.30346038062239644,0.6577428561735925
so... the borg is basically alien nazi robot zombies. they wrap up all the enemy architypes into one,neither,0.041150392145695595,0.4042315335834521,0.5546180742708524
