text,top_class,hate_speech,offensive_language,neither
BS on GnS?,neither,0.03563131143190696,0.34890793365427614,0.6154607549138168
!rbschedule,neither,0.03945320844208391,0.33037608806864915,0.630170703489267
Find the unfinished rebroadcast schedule for the weekend here: http://bit.ly/WeekRebroadcast,neither,0.05904738035105781,0.17020024858160615,0.7707523710673361
Hi @Danoba,neither,0.03945320844208391,0.33037608806864915,0.630170703489267
Mhmmm ^^,neither,0.03945320844208391,0.33037608806864915,0.630170703489267
Hey @maris_lyn,neither,0.03945320844208391,0.33037608806864915,0.630170703489267
!questions,neither,0.03945320844208391,0.33037608806864915,0.630170703489267
"To make it easier to read questions in chat, please preface your questions with the word question in all caps. For example, QUESTION: How are you today?",neither,0.06209713493468228,0.3342013724685751,0.6037014925967426
backwards,neither,0.03945320844208391,0.33037608806864915,0.630170703489267
"Forwards, technically. Kappa",neither,0.03945320844208391,0.33037608806864915,0.630170703489267
LOL,neither,0.020706217963973744,0.4882283491876925,0.4910654328483337
so now we know he ain't left-handed,offensive_language,0.025459856584262322,0.5321114188976115,0.44242872451812615
:),neither,0.03945320844208391,0.33037608806864915,0.630170703489267
That transition tho! Haha,neither,0.025643025981998076,0.47682688608567037,0.49753008793233144
hey everyone,neither,0.031959242684595296,0.4575682446653829,0.5104725126500218
sdrawkcab gnitirw si elyK,neither,0.03945320844208391,0.33037608806864915,0.630170703489267
QUESTION: If Ivy's kiss was that bad what about Black Widow/Romanov's be,neither,0.03589675904684934,0.3938025502237832,0.5703006907293675
Thousands of degrees yeah,neither,0.025896048343419208,0.42287716032744316,0.5512267913291377
PogChamp Early show,neither,0.06470869914318604,0.19384523858908712,0.7414460622677268
QUESTION: do pilots have to take into consideration the curvature of the earth when flying long distances,neither,0.037011216353940876,0.3392942081630291,0.62369457548303
rebroadcast schedule?,neither,0.03945320844208391,0.33037608806864915,0.630170703489267
"... so we can stare at a light saber, just like the sun",neither,0.04192064845728634,0.3919492271866081,0.5661301243561055
Thor Lite!,neither,0.03945320844208391,0.33037608806864915,0.630170703489267
"Correct, you do not need anything to look at lasers either, it's condensed heat in a beam that cannot go outside its projected paragon",neither,0.04506818990296063,0.3882799797276381,0.5666518303694013
IT's also a MUCH smaller amount of light,neither,0.03581004690583715,0.3316291383803317,0.6325608147138311
"Well that's obvious. Infinity Stones are pure, raw power older than the universe.",neither,0.04733256616087511,0.3248294259746754,0.6278380078644495
KappaHD Black Hole Radiation also,neither,0.061905366924796576,0.31213194736204825,0.6259626857131552
"Download the new Critical Role theme song for Campaign Two! http://itunes.apple.com/album/id1331550250?ls=1&app=itunes Sales of the song support the musician, Jason Charles Miller.",neither,0.04445767596344001,0.2510827790306858,0.7044595450058742
Kyle's on Twitch! Sweet.,neither,0.03730575914230362,0.34062362385380857,0.6220706170038878
"they belong to a celestial of unmentionable power, that died of loneliness",neither,0.041081384313325205,0.3551465764191613,0.6037720392675135
"sorry, belonged* it was part of it",neither,0.036660141664453534,0.3332709343074705,0.6300689240280759
"Help G&S make great content! $4.99/month gets you emotes, Minecraft server access, sub-only VODs, and more! Every sub keeps the channel alive! twitch.tv/geekandsundry/subscribe",neither,0.043907990691603095,0.31135964332838284,0.644732365980014
@GeekandSundry I'd suggest he's resistant/it might be nonlethal.,neither,0.042750325154223355,0.3322518600223495,0.6249978148234273
rebroadcast schedule?,neither,0.03945320844208391,0.33037608806864915,0.630170703489267
don't benzene rings have 6 sides?,neither,0.03898911238561345,0.3382530093411449,0.6227578782732417
!rbschedule,neither,0.03945320844208391,0.33037608806864915,0.630170703489267
Find the unfinished rebroadcast schedule for the weekend here: http://bit.ly/WeekRebroadcast,neither,0.05904738035105781,0.17020024858160615,0.7707523710673361
thank you very much,neither,0.0517609983293255,0.3932210226596965,0.5550179790109779
Wolvie would heal back the damage from a toxin as fast as it harms him.,neither,0.03608927203082137,0.34852671875772767,0.6153840092114509
!clock,neither,0.03945320844208391,0.33037608806864915,0.630170703489267
It is currently Friday 3:08 PM at the Geek & Sundry studio in California.,neither,0.0512567427375408,0.32962958120431557,0.6191136760581436
"Kyle, could the Hulk be killed by Aids, in banner or hulk form?",neither,0.039712159573070276,0.34347271629817683,0.6168151241287528
!questions,neither,0.03945320844208391,0.33037608806864915,0.630170703489267
"To make it easier to read questions in chat, please preface your questions with the word question in all caps. For example, QUESTION: How are you today?",neither,0.06209713493468228,0.3342013724685751,0.6037014925967426
!timer,neither,0.03945320844208391,0.33037608806864915,0.630170703489267
!rbschedule,neither,0.03945320844208391,0.33037608806864915,0.630170703489267
Find the unfinished rebroadcast schedule for the weekend here: http://bit.ly/WeekRebroadcast,neither,0.05904738035105781,0.17020024858160615,0.7707523710673361
!clock,neither,0.03945320844208391,0.33037608806864915,0.630170703489267
It is currently Friday 3:08 PM at the Geek & Sundry studio in California.,neither,0.0512567427375408,0.32962958120431557,0.6191136760581436
"!question Kyle, could Hulk die by aids? Even if he's hulk or banner?",neither,0.07132628472221937,0.2918650000767602,0.6368087152010206
"The next Critical Role replay will be the one at 11:30 pm Pacific time, that begins the weekend rebroadcast schedule, after live shows end for the day.",neither,0.035873853434121264,0.3298736675097993,0.6342524790560794
He's not immune to anything. He just regenerates the damage done by it all.,neither,0.04598434468876976,0.40792271069775,0.5460929446134802
!rbschedule,neither,0.03945320844208391,0.33037608806864915,0.630170703489267
Find the unfinished rebroadcast schedule for the weekend here: http://bit.ly/WeekRebroadcast,neither,0.05904738035105781,0.17020024858160615,0.7707523710673361
Only when plotting flight paths,neither,0.03131843137143382,0.3710893910471945,0.5975921775813717
@intoxable use QUESTION: “Then put your question in here”,neither,0.051511398358819564,0.3669149657006831,0.5815736359404973
!clock,neither,0.03945320844208391,0.33037608806864915,0.630170703489267
It is currently Friday 3:09 PM at the Geek & Sundry studio in California.,neither,0.051344039320626145,0.3296211973671989,0.619034763312175
very few things can penetrate the hulks skin,neither,0.03901921392992346,0.3160073533779837,0.644973432692093
fuel consumption equations do take curvature into account,neither,0.04040179542009808,0.3300498255088826,0.6295483790710192
In answer to that question: Yes. That's why flights between the U.S. and Europe go over Iceland.,neither,0.031071067314198397,0.352956907892717,0.6159720247930847
Earth is flat tho,neither,0.042968887651137655,0.3362464157634638,0.6207846965853985
The earth's curvature compared to a flight path is so miniscule it's practically millimeters of adjustment.,neither,0.045854124688799784,0.34126532775938995,0.6128805475518103
QUESTION: Could a Jedi be killed by a sniper firing a solid projectile from a range beyond their ability to perceive incoming threats?,neither,0.04379963272214412,0.34286794618771504,0.613332421090141
You're forgetting that the plane would have to use more energy to change altitiude,neither,0.03801153974866589,0.4029307271271242,0.5590577331242099
Gravity would keep them at the same Elevation until more lift force was introduced into the system,neither,0.045302981873335264,0.32012965291958,0.6345673652070847
"QUESTION: Regarding Poison Ivy kiss, what her pheromone dust? Can the right amount make someone hypnotized?",neither,0.03664720333109107,0.41813472409612995,0.5452180725727791
"QUESTION: KYle, Can the hulk or banner die by aids or would his damage immunity allow him to fight or eliminate the virus?",neither,0.09257719239824366,0.2557083541846857,0.6517144534170707
gandsSubHype gandsSubHype gandsSubHype gandsSubHype gandsSubHype,neither,0.03945320844208391,0.33037608806864915,0.630170703489267
he literally just talked about how gravity works in the previous question....,neither,0.03827726218486897,0.3478779128709888,0.6138448249441422
"Dang it, missing a few words. Disregard question.",neither,0.03831678877465664,0.33076695490348595,0.6309162563218574
Lol I was just watching these videos and look what I find,neither,0.04384908684650615,0.3314591306728776,0.6246917824806162
!rbscedule,neither,0.03945320844208391,0.33037608806864915,0.630170703489267
!rbschedule,neither,0.03945320844208391,0.33037608806864915,0.630170703489267
Find the unfinished rebroadcast schedule for the weekend here: http://bit.ly/WeekRebroadcast,neither,0.05904738035105781,0.17020024858160615,0.7707523710673361
!clock,neither,0.03945320844208391,0.33037608806864915,0.630170703489267
It is currently Friday 3:12 PM at the Geek & Sundry studio in California.,neither,0.0518458302893663,0.3295723188359369,0.6185818508746969
QUESTION: Could you measure how fast the Flash or Quicksilver could run across the Earth? And who would win in that race? :),neither,0.13160309282274701,0.194189197070461,0.6742077101067919
I just want him to explain why his hair is magical.,neither,0.05374185209309106,0.35178489855470185,0.5944732493522071
Question: Have you ever looked at nonthermal (Cold) plasma when looking at construction for lightsabers?,neither,0.03646596142951204,0.39624154506698156,0.5672924935035064
!rbschedule,neither,0.03945320844208391,0.33037608806864915,0.630170703489267
Find the unfinished rebroadcast schedule for the weekend here: http://bit.ly/WeekRebroadcast,neither,0.05904738035105781,0.17020024858160615,0.7707523710673361
"QUESTION: How many squirrels would it take to overpower a human being, like, say, Doctor Doom?",neither,0.1170458161332066,0.2549239226524431,0.6280302612143502
Why do pickles have bumps? Is it from when they had limbs and were our overlords?,neither,0.03253152658360022,0.3260205653894117,0.641447908026988
#squirrelgirl,neither,0.03945320844208391,0.33037608806864915,0.630170703489267
@steelneko 1 Squirrel Girl. :p,neither,0.03291264244059879,0.39483770895672,0.5722496486026812
WIth the first method i think it more likely relies on an outside forward impetus. It would theoretically be using the earth's geomagnetic field as the required magnetic field once he is over water he no longer has a solid surface to generate forward thrust.,neither,0.036397176517498915,0.35339034212916376,0.6102124813533373
"@PauladinWon Well yes, obviously, but when she's out of range. ;)",neither,0.028695721278262483,0.44132500469050756,0.5299792740312299
gandsSubHype gandsSubHype gandsSubHype gandsSubHype gandsSubHype gandsSubHype,neither,0.03945320844208391,0.33037608806864915,0.630170703489267
He remembers my name? Oh dear.,neither,0.03771320858444048,0.3583085586318768,0.6039782327836827
"the force has no outer limit, it's whether the jedi is paying attention to that particular event, or if the event is enough to modify the force balance",neither,0.038887828063754175,0.3385788820677546,0.6225332898684912
"QUESTION: (simple question o.0) In neurochemical signal position and direction, is it more correct to use equations similar to electrical signals in wire or can simplified Psi (density probabilities) be used?",neither,0.03316125559418012,0.34362833178349317,0.6232104126223268
"Of course they could, because the Force automatically guides them, that's the design. Not scientific per say, but...",neither,0.04038603201922084,0.3373078181705155,0.6223061498102636
I love Kyle. <3,neither,0.036234544398670354,0.3454103886020359,0.6183550669992937
"How did you decide on the marker and clear board setup, and have you considered mirroring the video to make writing easier?",neither,0.05518401599188085,0.28514796110793095,0.6596680229001881
LOL that's complicated,offensive_language,0.018496535933431132,0.5293998466691625,0.4521036173974064
Swamp Thing is inherently magical...,neither,0.0461116889075617,0.3280859313079377,0.6258023797845006
gandsSubHype gandsSubHype gandsSubHype gandsSubHype gandsSubHype,neither,0.03945320844208391,0.33037608806864915,0.630170703489267
Is this Thor Sciencerog?,neither,0.048827387017930185,0.3289095995902385,0.6222630133918313
Some cross between humanoid and powerfully evolving plants,neither,0.03365008637327471,0.31309460588367516,0.6532553077430502
is this guy Thor's brother? :O,neither,0.045845566808541544,0.3358499814757446,0.6183044517157138
Magic... duh lol,neither,0.03196910321965754,0.3844735650950267,0.5835573316853157
this dude is the man,neither,0.049049822628910555,0.3859946771002649,0.5649555002708244
QUESTION: In regards to Sci-Fi faster than light propulsion Systems which form is the most probable for use in the not too distant future,neither,0.027452260125368597,0.3482545970198633,0.6242931428547681
symbiosys nor hybrid,neither,0.03945320844208391,0.33037608806864915,0.630170703489267
Question: What are methods of improving memory without harmful items or consumables?,neither,0.05743737660877614,0.3016082095150228,0.6409544138762011
"Correct, Swampthing is magic, the 1980's movie is a huge misinterpretation",neither,0.050844654389954586,0.2932732187834187,0.6558821268266267
*not,neither,0.03554889144452836,0.3454295093440936,0.619021599211378
good movie though,neither,0.0413405868405329,0.2851389332102291,0.673520479949238
brollH becausescience,neither,0.03945320844208391,0.33037608806864915,0.630170703489267
Question: What's the best way to reduce bump steer?,neither,0.04664719846994167,0.3100696148586836,0.6432831866713747
"QUESTION: Where is your plane, from the previous question about the curvature of the earth, getting the extra force to gain altitude as it flies",neither,0.05237276420691388,0.331590734960115,0.6160365008329712
"is there an epistemic responsibility for any superpowered being to act in a benificial way, or would it require them to act as benignly as possible?",neither,0.04602779385384273,0.35036161275324784,0.6036105933929095
Kyle is obviously Thor and Jane Foster's love child,neither,0.04151242583470248,0.3146797901869982,0.6438077839782994
Do I really need to take out my ribs to suck my own willie?,neither,0.062189534161646055,0.4586726527931519,0.4791378130452021
what day does the CR episode go up on geeknsundry website? any1 know?,neither,0.03066915311518597,0.4307109688076699,0.5386198780771441
"But they broke up and now Thor pays an Asgard amount of child support, which sucks",neither,0.04937136407282591,0.3323403239607795,0.6182883119663944
"Answer, With life support you could leave Earth's Magneto sphere and be fried by radiation.",neither,0.054973207976199444,0.4064441692887873,0.5385826227350133
