text,top_class,hate_speech,offensive_language,neither
Commodore was my first system as well,neither,0.023354134820445904,0.4382161742122439,0.5384296909673102
Anyone ever play Mystical Ninja?,neither,0.03945320844208391,0.33037608806864915,0.630170703489267
"perfect dark > goldeneye, fite me",neither,0.03340603366875296,0.3627654141408299,0.6038285521904171
!highfive @shidareAKI instead,neither,0.03945320844208391,0.33037608806864915,0.630170703489267
cinphoria reaches up and delivers @shidareAKI a crisp high five,neither,0.03487086915675038,0.3916874527896188,0.5734416780536309
Sega Genesis for me. I knew people who had an Atari 2600 prior to that.,neither,0.04961602992031784,0.39894672568272355,0.5514372443969585
N64 was the first my family had (technically my brothers) MY first was Gameboy Color,neither,0.019686831497117994,0.44955327031196723,0.5307598981909148
AHAHAHAHAHHAHAA,neither,0.03945320844208391,0.33037608806864915,0.630170703489267
"@Zismarith yup, same here, Pong and Atari 2600 were my first systems.",neither,0.04978056699460612,0.32879731918560606,0.6214221138197878
And bets on when the first miss sunflower call out will be,neither,0.01886324438294877,0.3346952607615208,0.6464414948555305
Commador 64,neither,0.03945320844208391,0.33037608806864915,0.630170703489267
gandsSubHype gandsSubHype gandsSubHype gandsSubHype gandsSubHype gandsSubHype gandsSubHype gandsSubHype gandsSubHype gandsSubHype gandsSubHype gandsSubHype gandsSubHype gandsSubHype gandsSubHype gandsSubHype gandsSubHype gandsSubHype gandsSubHype gandsSubHype gandsSubHype,neither,0.03945320844208391,0.33037608806864915,0.630170703489267
"hehe the horrible Oni game that was the first one for Ps2, gods that game was terrible",neither,0.02848803706388887,0.3211436400842011,0.65036832285191
Wow!,neither,0.03945320844208391,0.33037608806864915,0.630170703489267
theeeere we go XD,neither,0.04147345988742768,0.3436210257558678,0.6149055143567045
Wooo!,neither,0.03945320844208391,0.33037608806864915,0.630170703489267
Anyone here remember the Turbo Graphics 16,neither,0.07013951139626098,0.29214145650190193,0.6377190321018371
hrpgHeyo hrpgHeyo hrpgHeyo gandsSubHype,neither,0.03945320844208391,0.33037608806864915,0.630170703489267
HEEEYYY,neither,0.03945320844208391,0.33037608806864915,0.630170703489267
omg,neither,0.03945320844208391,0.33037608806864915,0.630170703489267
jcvimHi gandsReally jcvimHi gandsReally,neither,0.03945320844208391,0.33037608806864915,0.630170703489267
the costumes are amazing!!,neither,0.06279749519085365,0.2728745469851354,0.664327957824011
Hello,neither,0.03945320844208391,0.33037608806864915,0.630170703489267
TAL WHAT,neither,0.04568673754512718,0.3259267583143808,0.628386504140492
Hey all,neither,0.04285346742239823,0.46255625023407465,0.49459028234352725
I still have an Atari 2600 in perfect working order. Oughta bust it out at some point.,neither,0.030402701322641727,0.3745968647653071,0.595000433912051
oh god,neither,0.047523175703714664,0.25506489023357065,0.6974119340627147
megahal?,neither,0.03945320844208391,0.33037608806864915,0.630170703489267
hello guys!,neither,0.0393123287649956,0.33276718385549703,0.6279204873795073
Taliesin you're a delight,neither,0.09007156158838098,0.34757279822856735,0.5623556401830517
WOW. A giant Megaman helmet.,neither,0.03945320844208391,0.33037608806864915,0.630170703489267
It's MegaTal!,neither,0.034373745257138544,0.33212314837979673,0.6335031063630647
I remember my neighbor having one of those dedicated Pong games.,neither,0.043813737590088414,0.35640504421749153,0.59978121819242
oh my god ITS MEGA MAN!!,neither,0.029402045919964807,0.4181946054232227,0.5524033486568125
why is the sound level so low,neither,0.03463711745763463,0.3649015860237671,0.6004612965185984
WhAT NeRDS!,neither,0.04622678436787283,0.32555606078567784,0.6282171548464492
omggggggg,neither,0.03945320844208391,0.33037608806864915,0.630170703489267
AND CHUN LI!,neither,0.03852460340978638,0.282397176840787,0.6790782197494266
Taliesin is so much the best.,neither,0.041517967706561125,0.3528399284922697,0.6056421038011692
Omg i love their costumes,neither,0.036826087492099036,0.342577582571074,0.620596329936827
everyone looks amazing,neither,0.033540181572040424,0.43073558582372107,0.5357242326042384
What is Jo?,neither,0.0561560381624104,0.3223690680328575,0.6214748938047321
video isnt loading for me :(,neither,0.03124669451078187,0.2462097984202251,0.722543507068993
There is so much happening here,neither,0.08368865212353228,0.2967441282117803,0.6195672196646873
Hi,neither,0.03945320844208391,0.33037608806864915,0.630170703489267
You guys look amazing,neither,0.061035072105825,0.38455699727944403,0.5544079306147308
I love this already!,neither,0.03384949934339445,0.3772782993026663,0.5888722013539391
PogChamp PogChamp PogChamp PogChamp PogChamp PogChamp PogChamp PogChamp PogChamp PogChamp PogChamp PogChamp PogChamp PogChamp PogChamp PogChamp PogChamp PogChamp PogChamp,neither,0.03945320844208391,0.33037608806864915,0.630170703489267
Vamp it looks like,neither,0.05512309142879263,0.35740254442668296,0.5874743641445244
this is already a treat wow,neither,0.0462283515114423,0.34658067121136754,0.6071909772771901
!whodat,neither,0.03945320844208391,0.33037608806864915,0.630170703489267
yay!,neither,0.03945320844208391,0.33037608806864915,0.630170703489267
Taliesin is my spirit animal,neither,0.034875889139763326,0.41039121619989083,0.5547328946603459
"Erika Ishii ( twitter.com/erikaishii ), Taliesin Jaffe ( twitter.com/executivegoth ), with Amy Dallen ( twitter.com/enthusiamy ), Gina DeVivo ( twitter.com/PocketGina ), Aliza Pearl ( twitter.com/AlizaPearl ), Josephine McAdam ( twitter.com/JCVIM ), Trisha Hershberger ( twitter.com/thatgrltrish ), Wes Johnson ( twitter.com/Wes_IRL ), Leo Camacho ( twitter.com/MrLeoZombie )",neither,0.037082309414228264,0.4761626857780673,0.48675500480770434
@Salbastro refresh! Sometimes you ahve to do that when the stream finally starts,neither,0.04289804713400161,0.39015144543232055,0.5669505074336779
I already love everything about this XD,neither,0.03375523081342575,0.3922337316527072,0.574011037533867
@piperstwin Castlevania?,neither,0.03945320844208391,0.33037608806864915,0.630170703489267
You guys are all adorable,neither,0.10293359296991525,0.4170402262080122,0.48002618082207266
I can't believe taliesin,neither,0.03989674389200575,0.32284813394819056,0.6372551221598036
gandsReally spoopy,neither,0.03945320844208391,0.33037608806864915,0.630170703489267
I wonder if they're going to talk about Castle Adventure,neither,0.027476522980130293,0.3819904476260553,0.5905330293938144
"@YesLittleHummingbird I have, multiple times",neither,0.03891302434737636,0.33954442192398454,0.6215425537286391
Gather Your Party: here to let you make a fool out of yourself on live internet tv,neither,0.08295531222719965,0.35899731969580834,0.5580473680769921
oh gosh i feel bad now the most old school my gaming has gotten is gameboy color,neither,0.03822482306078329,0.33566381244128757,0.6261113644979291
speed run castlevaina now that hardcore,neither,0.03641768454657355,0.36326382104872945,0.6003184944046971
Hi friends!,neither,0.03945320844208391,0.33037608806864915,0.630170703489267
So many fabulous people here today!,neither,0.11658667592023159,0.3073957678910279,0.5760175561887406
Super Fighting Robot.. Mega Tal!,neither,0.03945320844208391,0.33037608806864915,0.630170703489267
hell yeah at the shovel knight shirt. You are a men amongst men,offensive_language,0.048322621056955575,0.5923689869706626,0.35930839197238174
PAPERBOY,neither,0.03945320844208391,0.33037608806864915,0.630170703489267
is that a low-key weekend vampire in the back???????,neither,0.04143188458162113,0.3456755820716962,0.6128925333466827
IMPERIALISM the granddaddy of nation building,neither,0.03858052124400923,0.3144236424643957,0.6469958362915951
"I remember when my parents got the snes, it was meant to be a christmas present, but I had chicken pox so they let me open it early to keep me distracted.",neither,0.022948112791417254,0.4481975459937448,0.5288543412148379
Geek and Sundry plays videogames? Silly!,neither,0.03881409159276884,0.2986848551005375,0.6625010533066936
<3 Paperboy! <3,neither,0.03945320844208391,0.33037608806864915,0.630170703489267
How much did I miss?,neither,0.028681825548724945,0.3340808605739279,0.6372373138773472
Taliesin can you see? at all?,offensive_language,0.07080244506327246,0.5719431290849939,0.3572544258517337
"Trish, you should have dressed Logan as Mario and bring him with you! that would be so adorable :)",offensive_language,0.05235508801469435,0.4833756043078524,0.4642693076774532
"Yay, they have the same 2600 that I have. :)",neither,0.035343361584653295,0.37245318612568934,0.5922034522896574
I've been trying to convince people to do a similar theme for a camp I go to,neither,0.04466557512768904,0.30462953316037444,0.6507048917119365
"@Salbastro try closing the browser and re-opening it. I've had to do that before, too",neither,0.03083367111279081,0.33523663372329415,0.6339296951639151
"Aliza, and Sam, and B Dave! HYPE",neither,0.038337357214780154,0.2707622550319134,0.6909003877533065
oh man paperboy,neither,0.0497452509521963,0.354443561064239,0.5958111879835646
The stick and one red button.,neither,0.03732649360821049,0.3090783027556071,0.6535952036361824
HYPE HYPE HYPE,neither,0.03945320844208391,0.33037608806864915,0.630170703489267
GUESTS!!,neither,0.03945320844208391,0.33037608806864915,0.630170703489267
who is Jo cosplaying?,neither,0.04946771713384669,0.3990510703209729,0.5514812125451805
,neither,0.03945320844208391,0.33037608806864915,0.630170703489267
Genesis more like Jam-esis,neither,0.05080925742446592,0.33550479516902354,0.6136859474065105
gandsSubHype gandsSubHype gandsSubHype gandsSubHype,neither,0.03945320844208391,0.33037608806864915,0.630170703489267
Leo,neither,0.03945320844208391,0.33037608806864915,0.630170703489267
gandsSubHype gandsSubHype gandsSubHype gandsSubHype gandsSubHype gandsSubHype gandsSubHype gandsSubHype gandsSubHype,neither,0.03945320844208391,0.33037608806864915,0.630170703489267
"oh, I guess they'll be telling us",neither,0.0810259510066249,0.2892509007835575,0.6297231482098176
My first game systen was my dad's old NES,neither,0.01858496514597758,0.4358070805502492,0.5456079543037733
such a good crew tonight <3,neither,0.03656729754229583,0.30568576082221294,0.6577469416354913
mikey!,neither,0.03945320844208391,0.33037608806864915,0.630170703489267
He has fabulous hair,neither,0.044999050262348315,0.3222113344461196,0.6327896152915322
I have love for Excite Bike and Ice Climbers.,neither,0.03270114479983172,0.29842932473865885,0.6688695304615094
Ahhh! Everyone looks great! :D,neither,0.03315177037936784,0.394042083681488,0.5728061459391441
Mikey is all the way,neither,0.04885465744748995,0.3815038818000275,0.5696414607524826
Raph all the way!,neither,0.04095682365783752,0.427359508178002,0.5316836681641606
I love Sam's shirt.,neither,0.036490534704166674,0.344180528347298,0.6193289369485353
Angsty Raph,neither,0.03945320844208391,0.33037608806864915,0.630170703489267
Taliesin gives me life,neither,0.02793254402205894,0.43876264359893336,0.5333048123790077
i likes donnie and leo,neither,0.043804407535388334,0.327335965477013,0.6288596269875987
yes! Donatello!,neither,0.03945320844208391,0.33037608806864915,0.630170703489267
B. DAVE!!! HI MY BGF!!! :) <3,neither,0.0284735807694131,0.41564541561934404,0.5558810036112429
Gotta love the moody bad boys,neither,0.032713525946378615,0.3521721337627961,0.6151143402908252
!whodat,neither,0.03945320844208391,0.33037608806864915,0.630170703489267
"Erika Ishii ( twitter.com/erikaishii ), Taliesin Jaffe ( twitter.com/executivegoth ), with Amy Dallen ( twitter.com/enthusiamy ), Gina DeVivo ( twitter.com/PocketGina ), Aliza Pearl ( twitter.com/AlizaPearl ), Josephine McAdam ( twitter.com/JCVIM ), Trisha Hershberger ( twitter.com/thatgrltrish ), Wes Johnson ( twitter.com/Wes_IRL ), Leo Camacho ( twitter.com/LeoZombie )",neither,0.037082309414228264,0.4761626857780673,0.48675500480770434
Raph was sarcastic...sarcasm makes everything cooler....,neither,0.0393499730600187,0.33185458765541986,0.6287954392845615
mikey is Best Turtle,neither,0.04556783379114699,0.3216166185961078,0.6328155476127453
"I see the Atari, So there is a chance of something from my childhood.",neither,0.03612894253284171,0.36387946087615985,0.5999915965909985
lets hope they have all the converter cables to hook up all those systems,neither,0.1022511808034594,0.33099869630240425,0.5667501228941364
Leo is best,neither,0.047664724658240155,0.3189386067614791,0.6333966685802808
why is the chat posting everything twice?,neither,0.03537388008231676,0.32798832758650215,0.6366377923311812
I love that Aliza is wearing a NASA shirt!! tinytatoHeart,neither,0.04020586594410574,0.38313780228779803,0.5766563317680963
Our greek tortoise is called Leonardo for a reason ^^,neither,0.04030833995451214,0.3084693232987489,0.6512223367467391
Donnie is the official Nerdist/G&S Turtle.,neither,0.04632272988869204,0.3125011933570156,0.6411760767542922
Mikey and Donnie for life!,neither,0.030392004241953194,0.3244874288878881,0.6451205668701588
"Mikey all the way, we shared a common obsession with pizza",neither,0.033481276531909264,0.38129828223011897,0.5852204412379719
super star wars was butt friggin hard,offensive_language,0.035517899887666037,0.5092444492700297,0.4552376508423043
it all about that leo,neither,0.03391409346519805,0.4794359613447675,0.48664994519003446
Megaman Talisan..,neither,0.03945320844208391,0.33037608806864915,0.630170703489267
I had a version of paperboy for the N64,neither,0.03272417475927517,0.2858373124305862,0.6814385128101387
99 lives spot,neither,0.03945320844208391,0.33037608806864915,0.630170703489267
raph for life!,neither,0.02522931482244852,0.38327772064729315,0.5914929645302583
...I just realised Taliesin's hair matches,neither,0.03588522324440748,0.3470567942194412,0.6170579825361514
"His hair matches, and I love it",neither,0.05622638021315316,0.3084174401757564,0.6353561796110905
dave!!!!!,neither,0.03945320844208391,0.33037608806864915,0.630170703489267
oh my gosh look at all those relics,neither,0.055649825920436144,0.38381013017341353,0.5605400439061503
look at all those consoless,neither,0.08656871788484918,0.3610288938692047,0.5524023882459461
"Ah, the old ""tape the shooty button down while enemies run into your lasers"" trick. Classic.",neither,0.052037422109386715,0.31049786174923694,0.6374647161413763
Are we only doing console games?,neither,0.05920480865749433,0.29644930950744874,0.6443458818350568
ITS DAVE,neither,0.03249885153445373,0.3327680103054093,0.6347331381601369
(since Sam RIegel & Rob Paulsen both voiced Donatello),neither,0.03945320844208391,0.33037608806864915,0.630170703489267
DAVE!,neither,0.03945320844208391,0.33037608806864915,0.630170703489267
it was B Dave all along!!,neither,0.03962386674599168,0.3979082010944578,0.5624679321595505
HELLO MY TWITTER HUSBAND!,offensive_language,0.02895877521658622,0.5112056357043537,0.4598355890790601
He's been Dick AND Johnsoning,offensive_language,0.07091851115389342,0.8984195458868687,0.030661942959237926
Her hair is fabulous ;-;,offensive_language,0.03719005365639925,0.5438085743276969,0.4190013720159039
I love Aliza's hair,neither,0.035023351694869836,0.35131278149809764,0.6136638668070324
B Dave was very Trilling on Shield of Tomorrow today!,neither,0.0361150371104723,0.3249600006717782,0.6389249622177494
lol,neither,0.020706217963973744,0.4882283491876925,0.4910654328483337
it's not a show without aliza,neither,0.054409481142045454,0.2449111431154369,0.7006793757425176
All about Leo. #katanas,neither,0.03952281242371972,0.4494383378125078,0.5110388497637725
I can't wait for the Black Panther special.,neither,0.09308769375948156,0.24546021368418686,0.6614520925563315
Dammit BDave xD,neither,0.03945320844208391,0.33037608806864915,0.630170703489267
KappaRoss,neither,0.03945320844208391,0.33037608806864915,0.630170703489267
dats hot Dave,neither,0.03945320844208391,0.33037608806864915,0.630170703489267
i have seen the pictures! he DID have hair like that,neither,0.04672015153090241,0.37133976260102103,0.5819400858680766
Great hair.,neither,0.03701917172808522,0.2975889482071001,0.6653918800648148
Aliza and B Dave are the bestest and give me life,neither,0.046915197667432185,0.3000129904724277,0.6530718118601402
You're only as old as you feel,neither,0.08956011841357564,0.44641877647363265,0.4640211051127917
My favorite 2600 games are Maze Craze and Yars Revenge!,neither,0.046670870002533955,0.3296032611571897,0.6237258688402764
BDave is such a wonderful person @RonTheRBDM ;-;,neither,0.04749782341513922,0.32379701895343005,0.6287051576314309
,neither,0.03945320844208391,0.33037608806864915,0.630170703489267
Saaaame B Dave!,neither,0.03945320844208391,0.33037608806864915,0.630170703489267
"""We are older than we look"" listen Taliesin we all know your're either a vampire or a dragon",neither,0.08393703351552648,0.3284343802633309,0.5876285862211426
I feel so young rn,neither,0.03639722439257031,0.42397318404775514,0.5396295915596746
@feathersflight only young people say that :/,neither,0.06230753606162501,0.4216112617331833,0.5160812022051917
miner 2049er,neither,0.03945320844208391,0.33037608806864915,0.630170703489267
I feel older than I am. Does that count?,neither,0.026499596014202518,0.457169258873074,0.5163311451127236
TJ Max's existed back then?,neither,0.03945320844208391,0.33037608806864915,0.630170703489267
Yars Revenge and Phoenix are my favorite 2600 games.,neither,0.045308007250928276,0.32975648646591066,0.6249355062831611
The single screen arcade game or the NES launch title?,neither,0.03801838496059135,0.28487000552964603,0.6771116095097626
Favorite old school game of mine was Street Fighter 2,neither,0.0389163460802274,0.30434067671969156,0.6567429772000811
https://clips.twitch.tv/ExcitedPatientRabbitFreakinStinkin,neither,0.03945320844208391,0.33037608806864915,0.630170703489267
loved 4 player warlords on the 2600,neither,0.03090011539878617,0.41917115071246447,0.5499287338887494
Idk when I thought TJ Max existed,neither,0.03520390931992198,0.2989264864951147,0.6658696041849632
enduro is the best river raid maybe 2 or ...,neither,0.04380754693487898,0.3120961175910203,0.6440963354741008
The only console I ever had was a TurboGrafx 16 :P,neither,0.038699442131337476,0.31976405639540106,0.6415365014732615
is Jo being method?,neither,0.04153493085431518,0.3502323142660763,0.6082327548796085
"@chaoticloony I was *horrible* at Yars Revenge, but i could play the crap out of 2600 Pac Man",neither,0.0342392664981712,0.3847012387502931,0.5810594947515356
Taliesin has yet to reveal the location of the Fountain of Youth he constantly drinks from,neither,0.045449081640067605,0.29899804615808834,0.6555528722018441
yars was good also,neither,0.038438511347190556,0.33341099545865266,0.628150493194157
god i feel like a baby my oldest console was a ps2,neither,0.037282098438215415,0.41323408211791196,0.5494838194438727
Streets of Rage all day!,neither,0.04145616939094556,0.37915512158182296,0.5793887090272315
get arthritic - then say that - I swear I'm still only 22,neither,0.03532714601277703,0.38200236910193297,0.5826704848852899
"Mine is probably a choice between Sonic 3, NBA Jam, or Puggsy for the Sega Genesis.",neither,0.03909847247375754,0.31612938712042454,0.6447721404058179
I love Aliza's jacket!,neither,0.03587115980076533,0.3471666862074725,0.6169621539917622
T'Lan HYPE!!!!!!!,neither,0.03945320844208391,0.33037608806864915,0.630170703489267
@XanderInvictus Love that game.,neither,0.02947659881066755,0.35002026846046286,0.6205031327288696
jcvimHi,neither,0.03945320844208391,0.33037608806864915,0.630170703489267
"Facts: The Basic Set retailed at US$89.99 with no game, and US$99.99 bundled with Super Mario Bros. The Action Set, retailing in November 1988 for US$149.99, came with the Control Deck, two game controllers, an NES Zapper, and a dual Game Pak containing both Super Mario Bros. and Duck Hunt.",neither,0.04888621658964174,0.29004045075454477,0.6610733326558135
The NES was my first game system,neither,0.023095866546887205,0.3576578283343789,0.6192463051187339
...my old school game that I wasted...SOOO...much of my childhood on was Commander Keen... LOL,neither,0.02159778990655056,0.44549700834348627,0.5329052017499631
@alk824 so serious,neither,0.03940947399339655,0.40172608386161546,0.558864442144988
@Sirenhunter5 Taliesin is a vampire,neither,0.04981691255257763,0.32681153499115395,0.6233715524562684
Tal drinks the blood of his enemies to remain young,neither,0.05442743429565155,0.3476290118624684,0.59794355384188
LUL,neither,0.03945320844208391,0.33037608806864915,0.630170703489267
"I think my earliest was Nintendo 64, but my brother had EVERYTHING",neither,0.02516519783158691,0.43549995443614314,0.5393348477322699
lol Sam roasting Taliesin about #Stanima,neither,0.03172374855069677,0.39925764536733865,0.5690186060819646
my first game on snes was doom,neither,0.018666303798798797,0.397424430272182,0.5839092659290192
My mother taught me to videogame on the NES origional Super Mario Bros,neither,0.0281710103432132,0.41263370952181955,0.5591952801349672
i'm gona play pokemon on my GBA right now,neither,0.029048113998743495,0.4136763807632431,0.5572755052380133
@timelordnephilim he drinks the blood of the youth,neither,0.042110383628711556,0.3055859678023838,0.6523036485689047
:D,neither,0.03945320844208391,0.33037608806864915,0.630170703489267
@feathersflight yup,neither,0.03945320844208391,0.33037608806864915,0.630170703489267
Taliesin seducing people with games,neither,0.05761805634323945,0.3772088010567981,0.5651731425999625
@Sirenhunter5 don't you know he can't divulge that or he looses his immortality? We gotta find it ourselves and ear its secreets!,neither,0.06886886874573778,0.3155756241124394,0.6155555071418227
"The 2600 game that I was the best at was Asteroids, but it was never my favorite. I would just play that when my sisters also wanted to play so I would play long enough for them to give up with wanting a turn, lol.",neither,0.022392603572947905,0.4572327823583291,0.520374614068723
hxisoe;djdifihhehdid&jdhev defect jogging chasedchorizo fight think Karachi,neither,0.03995795577311355,0.32180920857551143,0.638232835651375
oh hey why is my atari on the table?,neither,0.02752089968042875,0.3691563683547699,0.6033227319648014
i think my first console was snes,neither,0.025010211148395828,0.40235038456482597,0.5726394042867783
I remember watching my brothers play Ultima 4 on our Commodore 64,neither,0.03007272251545826,0.3973892008535005,0.5725380766310412
Taliesin looks like 50's Megaman,neither,0.05305633027359632,0.34972405957662134,0.5972196101497823
My first systems were NES and Commodore 64,neither,0.0237560208394114,0.35291196107907713,0.6233320180815114
"@GeekandSundry Old school games I very much remember... Super Metroid, Link To The Past, all the Castlevania stuff (Remember them all, Trisha?) :D",neither,0.04765078479308123,0.37412686365246417,0.5782223515544546
dude i play tetris like almost every day,neither,0.04990967960988711,0.33112142266363953,0.6189688977264733
@YesLittleHummingbird damn it! I wanna know!,offensive_language,0.04242578911777011,0.883819665758291,0.07375454512393893
I hope y'all play Tetris tonight,neither,0.08240435325692,0.24421976702839607,0.6733758797146839
Aladdin is the SHIT,offensive_language,0.05450612198983199,0.9441139617000348,0.0013799163101331868
alladin! i played that!!!!!,neither,0.03382680777494929,0.3920283313983259,0.5741448608267249
just subscribed because we can't wait till Monday to watch CR on youtube!! gandsFail gandsCrit gandsMatt,neither,0.04199476554337672,0.3460810883466869,0.6119241461099364
i still have a gameboy camera somewhere! technically it's my older brother's but he left it here so,neither,0.05012126603743121,0.39663625455956836,0.5532424794030003
"I still need to catch Latias in Pokemon Emerald, might as well try tonight!",neither,0.03976987153164857,0.3414793237545504,0.6187508047138011
My genesis games were Sonic and Lion King,neither,0.03248181900771483,0.3432314539100947,0.6242867270821905
Atari. First game: Tanks.,neither,0.03203325597149998,0.2917560545544253,0.6762106894740746
My first console was an Atari 2600,neither,0.024880503801441536,0.40530975838795436,0.5698097378106042
All the seductive techniques.,offensive_language,0.041785587507551285,0.49387059749283524,0.46434381499961347
"@Sirenhunter5 I know, honey. I do too ;-; XD",neither,0.04068098644398628,0.33444055539152895,0.6248784581644847
@runningfool11 alladin is my shit,offensive_language,0.03730022414133232,0.9626993667432125,4.0911545518132506e-07
yanks was good also,neither,0.0421880371430799,0.13328437560511128,0.8245275872518087
Favorite Atari game: Pitfall.,neither,0.03857320369463064,0.27413054600203635,0.687296250303333
Lost so many hours to TETRIS. So did my dad,neither,0.03520381759482803,0.4542755686988724,0.5105206137062996
perfect dark > goldeneye,neither,0.03945320844208391,0.33037608806864915,0.630170703489267
look at all them console,neither,0.05621907825054528,0.41300548641878815,0.5307754353306665
Goldeneye aged poorly? BURN THE HERETIC!,neither,0.04385064290784907,0.22336689230099696,0.7327824647911539
I would probably be seduced by tetris honestly,neither,0.03919354915936483,0.39266740534609257,0.5681390454945425
I'm lame. My first console was the N64 followed by the PS1,neither,0.05179816665426425,0.27951592728355373,0.668685906062182
"but ya, mario brothers and metroid rulled a LOT of my time back in the day :)",offensive_language,0.020137973732857643,0.5244491934015318,0.4554128328656106
Atari was the beginning of a brave new world.,neither,0.04133887929100169,0.2541529076970141,0.7045082130119842
I played DOOM on PC so I could never get into Goldeneye's movement.,neither,0.034754412330425574,0.3989090324850272,0.5663365551845473
every game from N64 has aged terribly. Come at me.,neither,0.033904617839998756,0.34431628318710944,0.6217790989728917
@YesLittleHummingbird forever wishing to find it XD,neither,0.04826361740418757,0.24488893760843006,0.7068474449873824
Ah yes the old Disney move SNES games. I sunk waaay to many hours into Aladdin and Lion King.,neither,0.04151105757253942,0.30453083515830576,0.6539581072691548
Dreamcast love?,neither,0.03633489270100109,0.3449275588628445,0.6187375484361545
wasn't that George Plimpton ad?,neither,0.03608889251733127,0.36688245682727516,0.5970286506553935
"my first ~console~ was the wii, but my first ~system~ was the gameboy color",neither,0.02232728799322264,0.4038533008775983,0.573819411129179
"Mega Man has aged very well, though. Much better than games like GoldenEye have.",neither,0.04239660333142268,0.37933624093644586,0.5782671557321315
First game the okd nintendo duck hunt,neither,0.03358139377469954,0.2927049628854352,0.6737136433398653
SNES and then PS1. I was so mad because I wanted N64 for the Pokemon games,neither,0.034302463645083665,0.3037711389288224,0.6619263974260938
They should play that terrible E.T. game for shits and giggles,neither,0.038859937830237445,0.30433613718121166,0.6568039249885509
JMP i remeber the one combat with tanks planes,neither,0.029312511555275936,0.3726263527394254,0.5980611357052987
@Sirenhunter5 We may wind up searching forever XD,neither,0.03849813879332097,0.3521066360225805,0.6093952251840985
I still have an NES in the attic upstairs with the light gun and a power pad,neither,0.031684047638674766,0.3219223180754899,0.6463936342858354
whaaaat,neither,0.03945320844208391,0.33037608806864915,0.630170703489267
LUL Original Logan Paul,neither,0.03945320844208391,0.33037608806864915,0.630170703489267
"I spent hundreds of hours playing classic SNES RPGs. Secret of Mana, FFIV, VI...",neither,0.03945320844208391,0.33037608806864915,0.630170703489267
what kind of commercial is that,neither,0.048514264750660216,0.36188952434161387,0.589596210907726
WTF,offensive_language,0.04410695246022759,0.7898861884776351,0.16600685906213722
That add was fucking weird.,offensive_language,0.0938125423470521,0.9045872701355127,0.0016001875174353935
PARTYYYY!,neither,0.03945320844208391,0.33037608806864915,0.630170703489267
@YesLittleHummingbird sadly we have to lol,neither,0.03549010291994341,0.42655170172945744,0.5379581953505991
"and now JoCo's ""A Talk with George"" is stuck in my head.",neither,0.01767386023814917,0.41061163562431136,0.5717145041375395
someone stole my brother's gameboy color,neither,0.031182705006979044,0.3995720540267356,0.5692452409662853
Game Boy Camera... The scary faces on it is the stuff of nightmares,neither,0.04010560647398101,0.29299951602018437,0.6668948775058346
oh god THE KIRBY AD,neither,0.04368925717295234,0.2640170472152025,0.6922936956118452
the 90s were a TIME Y'ALL,neither,0.03921987907153113,0.37668369601186297,0.584096424916606
gandsReally gandsReally gandsReally,neither,0.03945320844208391,0.33037608806864915,0.630170703489267
My 1st game was zork though i am ignorant on bit games,neither,0.051593276129507766,0.3584955522228811,0.5899111716476111
NIGHTMARE FUEL,neither,0.03945320844208391,0.33037608806864915,0.630170703489267
game boy color: like hitting yourself on the head with a dead squirrel,neither,0.03552401498965726,0.3495521188718113,0.6149238661385314
joooooooooooooooo,neither,0.03945320844208391,0.33037608806864915,0.630170703489267
"Erika is basically a toddler, how does she know these things?",offensive_language,0.039663719030710434,0.5371743886863682,0.42316189228292134
dog ate my genisis adapter,neither,0.026686515336533656,0.43156535662184875,0.5417481280416175
JCVIM HYPE!!!!!!!!!!,neither,0.03945320844208391,0.33037608806864915,0.630170703489267
"""Coffee? Tea? SEGA?!""",neither,0.050023038560297495,0.15097848590410026,0.7989984755356023
you look like you had a day,offensive_language,0.13042816988348446,0.4642820949501512,0.4052897351663643
"Game Boy Color ""GET INTO IT!"" Commercial Compilation -https://www.youtube.com/watch?v=ITGQYUKzglU",neither,0.041601940359747284,0.3117083266657349,0.6466897329745179
That is an extreeeeeeeeeeeemely 90s ad,neither,0.04296995255136012,0.3585976769444213,0.5984323705042186
OMG Jo,neither,0.03945320844208391,0.33037608806864915,0.630170703489267
wow,neither,0.03945320844208391,0.33037608806864915,0.630170703489267
"@adamkunn yeah, Squaresoft was my jam, ever since Final Fantasy I on the NES.",neither,0.021821147792946586,0.4470425281339121,0.5311363240731412
90’s gaming ads were WEIRD!,neither,0.03966479456823808,0.31575778032276053,0.6445774251090014
hellosephine,neither,0.03945320844208391,0.33037608806864915,0.630170703489267
jcvimbot hiiiiiiiieeeeee,neither,0.03945320844208391,0.33037608806864915,0.630170703489267
Kirby is satan.,neither,0.05044627423290362,0.3265950686495308,0.6229586571175656
Game boy color: when Nintendo thought we needed cameras and printers on our game systems.,neither,0.03475544001025162,0.2612275457817834,0.7040170142079648
omg everyone I adore in g and s in one session,neither,0.033715794089983826,0.4016331122540605,0.5646510936559557
Love the fangs! :D,neither,0.03555699629442515,0.32717354069833376,0.637269463007241
Oh snap I'm still a mod. Y'all gotta strip my sword away I'm about to get wild.,neither,0.03788813551455941,0.420109760118653,0.5420021043667876
Josephine!,neither,0.03945320844208391,0.33037608806864915,0.630170703489267
Sorry Erika that commercial was in the Barenstein universe. :p,neither,0.03576163253911465,0.3513817645372479,0.6128566029236374
damn she is scary,offensive_language,0.05565580535340707,0.8832629916034336,0.061081203043159296
She beautiful,neither,0.04182515811407401,0.46699054688786945,0.4911842949980565
Perfectly vampiric,neither,0.03945320844208391,0.33037608806864915,0.630170703489267
"s Erika talking about the commercial where theres the buff guy and they're talking about how strong he is, and then Kirby just swallow's him?",neither,0.04814751049410331,0.2937889097272503,0.6580635797786463
Casual Friday Dracula,neither,0.03945320844208391,0.33037608806864915,0.630170703489267
"Obey Wario, DESTROY MARIO",neither,0.03945320844208391,0.33037608806864915,0.630170703489267
"Jo, always looks cool!",neither,0.037937179757696275,0.37764912886831475,0.584413691373989
welp i have a new #WcW,neither,0.042244094142903074,0.2577283469384066,0.7000275589186903
#cas-drac,neither,0.03945320844208391,0.33037608806864915,0.630170703489267
my first games? civilisation 1 on a 2 bit EGA modus and x-com 1 both played on a greyscale monitor... that must have benn aroound 1988 or so,neither,0.02528795430574717,0.41294311344503504,0.5617689322492179
"Oh wow, she went with the sunken eyes look. Sweet move Jo.",neither,0.037597753297256245,0.34354710736197236,0.6188551393407713
actually scarier W/O the glasses!!,neither,0.03847470130099671,0.3124350436518426,0.6490902550471607
Casula,neither,0.03945320844208391,0.33037608806864915,0.630170703489267
#CasDrac,neither,0.03945320844208391,0.33037608806864915,0.630170703489267
He scared the crap out of me when I was younger,neither,0.028046337267536872,0.3898364878332017,0.5821171748992616
"It's Elle, the artist formerly know as Lassie.",neither,0.03666874900810843,0.34238764332560734,0.6209436076662843
#Casula,neither,0.03945320844208391,0.33037608806864915,0.630170703489267
WHAT IS A MAN,neither,0.06878807041610095,0.4267559366062033,0.5044559929776958
Snowbboard kids!,neither,0.03945320844208391,0.33037608806864915,0.630170703489267
@DANfan69 I remember that ad!,neither,0.03531471068899834,0.37544150105926344,0.5892437882517382
Dracsephine,neither,0.03945320844208391,0.33037608806864915,0.630170703489267
#Casula,neither,0.03945320844208391,0.33037608806864915,0.630170703489267
she is way tooo convincing as a vampire it is scary :O,neither,0.04744115146479366,0.3937600213997589,0.5587988271354476
NICE WORK <3 <3 <3,neither,0.03945320844208391,0.33037608806864915,0.630170703489267
count drag-ula wasnt he a guy?,neither,0.04309814731664826,0.3347173986762821,0.6221844540070697
Me too Josephine,neither,0.025456656249999262,0.41690574403459846,0.5576375997154023
Is she high?,offensive_language,0.04901090131592596,0.5717583944556661,0.3792307042284079
weekend Dracula is best Dracula,neither,0.04324276728890058,0.3247663119907107,0.6319909207203886
I too am a baby,neither,0.03886822277270505,0.336111240706173,0.6250205365211219
Erika you were like 2 in the 80s :P,neither,0.06866089312880871,0.35073583009814496,0.5806032767730462
90's? Earthworm Jim!,neither,0.03945320844208391,0.33037608806864915,0.630170703489267
"Have a good night, gang!",neither,0.030775003510036314,0.33974965922442124,0.6294753372655424
A miserable little pile of secrets,neither,0.039233544866505196,0.33410435222247004,0.6266621029110248
earliest games or earliest video system games?,neither,0.04328263474832586,0.2653807296454467,0.6913366356062274
We won't hold that against you Jo!,neither,0.04931863567331215,0.38171429900329645,0.5689670653233914
A MISERABLE PILE OF SECRETS,neither,0.03945320844208391,0.33037608806864915,0.630170703489267
We lost Taliesin,neither,0.039215250271749096,0.33441485924056885,0.6263698904876821
super starfox was a trip,neither,0.0393237960602355,0.33257255392802015,0.6281036500117444
hell yes pokemon!,offensive_language,0.041396088594392595,0.7210834939361642,0.23752041746944308
I'm gonna feel SO YOUNG tonight,neither,0.03312708879237419,0.4347359567078511,0.5321369544997747
Frogger was in arcades and 2600 first.,neither,0.03217617828738364,0.29721644088270976,0.6706073808299065
She’s the enemy of Simon Belmont.,neither,0.039852265860628525,0.40937884749883946,0.5507688866405319
I am 65% convinced that she is a real vampire.,offensive_language,0.03774644533690779,0.4900859199029386,0.47216763476015366
@timelordnephilim yep. lost to the bits,neither,0.04594618388922187,0.30845408635384663,0.6455997297569316
Le Pokemon,neither,0.03945320844208391,0.33037608806864915,0.630170703489267
Taliesien: Whatcha playin' there?,neither,0.03938200537211582,0.291150895769404,0.6694670988584802
@timelordnephilim can't blame him,neither,0.039619920275974205,0.32754655316431436,0.6328335265597114
It's gotta be hard to talk with fangs in.,offensive_language,0.018194708992972798,0.5412412601234136,0.4405640308836135
I still have an old pong system that connects to the tv but runs on d batteries and has nobs that are built into the deck >_>,neither,0.04409242067246564,0.32927550185558097,0.6266320774719534
i feel so old today,neither,0.03758276616378879,0.35402488825338146,0.6083923455828298
yeah i had red blue and yellow pokemon,neither,0.011059470530653214,0.08743787855938814,0.9015026509099585
POKEMON the only one I really know that well,neither,0.035013365731361525,0.375459822373403,0.5895268118952356
WHAT IS A MAN!? *smashes wine glass*,neither,0.049724323683603376,0.36965306937006986,0.5806226069463267
do the pokerap!,neither,0.04093240694525662,0.29231155090068645,0.6667560421540569
Ya Frogger was made in 81,offensive_language,0.028906438186049578,0.5118150232332279,0.4592785385807225
I played Frogger and River Raid on my parents' Atari.,neither,0.030862803543878797,0.36343018405444816,0.605707012401673
awww hahaha,neither,0.03945320844208391,0.33037608806864915,0.630170703489267
bc I suck at every other console game without exception,neither,0.05047559267710146,0.3236090823881691,0.6259153249347295
I so loved the arcade version of Missile Command!,neither,0.03882007350781465,0.3475451110639472,0.6136348154282383
I skipped the 8-bit era. I went straight from text games on cassette on the TRS-80 to Playstation 1.,neither,0.037029130532639946,0.35834473759243535,0.6046261318749246
"just joined, what did I miss",neither,0.033986325794816565,0.3473024201805694,0.618711254024614
Bulbasoire,neither,0.03945320844208391,0.33037608806864915,0.630170703489267
"Wait, does anyone remember that Playstation game where you played the mech things that fought one antoher and it had all those crazy customization options for your thingys? I can't remember its name",neither,0.04290086398210048,0.4098897575642674,0.5472093784536322
@teh_weltschmerz I still have one of those too.,neither,0.0645996658777719,0.31644565158507565,0.6189546825371525
"I need Scissors, 61!",neither,0.03925195300280309,0.3286908009308555,0.6320572460663414
Ditto. I was too old by the time Pokemon came out.,neither,0.03528199211156431,0.3815112477406002,0.5832067601478355
My first console was either the N64 or the original Playstation,neither,0.028279641773452626,0.36271316516374114,0.6090071930628062
"No Pokemon for me, ever, bleh",neither,0.027197873779935895,0.35170158079598723,0.6211005454240769
