text,top_class,hate_speech,offensive_language,neither
Stay Turnt!,neither,0.03945320844208391,0.33037608806864915,0.630170703489267
what a lovely bust,neither,0.044886521967349075,0.3264800310357079,0.628633446996943
turnt asthetic,neither,0.03945320844208391,0.33037608806864915,0.630170703489267
lol,neither,0.020706217963973744,0.4882283491876925,0.4910654328483337
Estelle Getty bust!,neither,0.03945320844208391,0.33037608806864915,0.630170703489267
here we go bois,neither,0.08788874066493838,0.298919475072031,0.6131917842630307
"The channel has gone live. If you cannot see the folks in the studio , please refresh.",neither,0.03723955741942503,0.3496909644204777,0.6130694781600973
awesome bust XD,neither,0.03945320844208391,0.33037608806864915,0.630170703489267
OMFG Estelle Getty,neither,0.03945320844208391,0.33037608806864915,0.630170703489267
"repeat The channel has gone live. If you cannot see the folks in the studio , please refresh.",neither,0.0373634929483334,0.34859131571055346,0.6140451913411132
Bidet from Phoenix!,neither,0.04066490145509902,0.30981049537100724,0.6495246031738937
@Dragonchrome You're too quick,neither,0.09775915660347843,0.35519545637619826,0.5470453870203233
Bidet from Toronto!,neither,0.04066490145509902,0.30981049537100724,0.6495246031738937
"LMFAO! Oh my ghod, that's awesome!",neither,0.03517142105349458,0.40371001973935416,0.5611185592071514
LOL,neither,0.020706217963973744,0.4882283491876925,0.4910654328483337
HAAH oh my that bust thoo! x) love the golden girls!,neither,0.022722730750683054,0.4307839967090461,0.5464932725402708
gandsSCANLAN gandsSCANLAN gandsSCANLAN,neither,0.03945320844208391,0.33037608806864915,0.630170703489267
refreshed and fine now... I think it just didn't like the hopping to and from host on my computer,neither,0.02864251673197633,0.35659523008807215,0.6147622531799515
LUL,neither,0.03945320844208391,0.33037608806864915,0.630170703489267
A E S T H E T I C,neither,0.03945320844208391,0.33037608806864915,0.630170703489267
that is a thing of beaurtty,neither,0.04547580790496351,0.3876669296084694,0.5668572624865671
bidet from montreal!,neither,0.04062582848913359,0.31047366557575606,0.6489005059351104
bidet,neither,0.03945320844208391,0.33037608806864915,0.630170703489267
bidet from australia,neither,0.04062582848913359,0.31047366557575606,0.6489005059351104
"I forget who's on tonight, anyone remember?",neither,0.03508579562714563,0.37209365581043424,0.5928205485624202
OH MY GOD THE BUST,neither,0.031711406687177375,0.3497267905318249,0.6185618027809977
Bidet critters!,neither,0.03945320844208391,0.33037608806864915,0.630170703489267
I just opened my page and was greeted by this master piece,neither,0.03064641754396054,0.39386920178433393,0.5754843806717055
staying relevant,neither,0.03945320844208391,0.33037608806864915,0.630170703489267
Marisha and Liam,neither,0.03857111107789432,0.2851340175310554,0.6762948713910502
"I love, *love* that spiritual weapon can be pretty much anything the cleric wants it to be",neither,0.03498994120977522,0.3582475348657483,0.6067625239244764
liam and marasha are tonight,neither,0.05981838750546938,0.23619073663669773,0.7039908758578329
"i don't understand why this episode is named ""Hush"" can someone explain it to me?",neither,0.0349272268033714,0.3589441563967786,0.6061286167998501
@kariechaos Liam and Marisha,neither,0.03857111107789432,0.2851340175310554,0.6762948713910502
That bust lol,neither,0.02609340224470203,0.4495328916815786,0.5243737060737194
@DrewT333 Bidet!,neither,0.03945320844208391,0.33037608806864915,0.630170703489267
"Our guests this Tuesday are Marisha and Liam, discussing episode 7!",neither,0.05304764575762663,0.2808607319770246,0.6660916222653488
Liam and Marisha are on tonight right?,neither,0.05322203427433991,0.2702469592136693,0.6765310065119908
"Okay, I've got my popcorn, what'd I miss?",neither,0.01563328315599859,0.4085826230506058,0.5757840937933957
Best. Spiritual. Weapon. Ever.,neither,0.03875714944086459,0.3245473796069435,0.6366954709521919
Thanks!!,neither,0.035884468650613,0.3004919205142699,0.6636236108351171
that spiritual weapon,neither,0.03615533710790692,0.3661503685394048,0.5976942943526883
Oh Golden Girls...,neither,0.028775059135399083,0.37071601474812144,0.6005089261164793
Bidet from Canada!,neither,0.04071751644889743,0.3089174816120565,0.6503650019390461
new camera angle,neither,0.042734266518256715,0.2488415611234255,0.7084241723583179
"""Picture it, Burbank, 2018.""",neither,0.03722079181192037,0.33114391851657204,0.6316352896715075
"@jimmy_eat_meatloaf because Shakaste's ""catchphrase"" for lack of a better term was ""Shhh""",neither,0.03538097892515477,0.31170478020737813,0.6529142408674671
@jimmy_eat_meatloaf something from Khary's charccter,neither,0.041224170049246354,0.30031824775360405,0.6584575821971497
yeah that was hilarious XD,neither,0.02077705686315489,0.4775427040906325,0.5016802390462127
Bidet from the Big Apple!,neither,0.023328877317441456,0.3613364497967864,0.6153346728857721
Thank you for being a friend... :D,neither,0.0416688560813187,0.37728968184318123,0.5810414620755001
Hush was the code word used in the break to win the Wyrmwood,neither,0.04203466155778764,0.29836897224802483,0.6595963661941876
"Isn't it called ""Hush"" because Shakaste said it at one point?",neither,0.036085149105669116,0.3739555674689135,0.5899592834254174
#PictureIt:Wildemount 835P.D.,neither,0.03945320844208391,0.33037608806864915,0.630170703489267
Bidet from SoCal!,neither,0.04062582848913359,0.31047366557575606,0.6489005059351104
"I'm so glad that Critical Role can bring the game to life, like their spiritual weapons.",neither,0.04331402731012061,0.3760239384158986,0.5806620342739807
gandsSubHype,neither,0.03945320844208391,0.33037608806864915,0.630170703489267
was he casting a 'calm' spell every time he was quieting the NPC's down?,neither,0.045015986485338895,0.3325415209462462,0.6224424925684148
Bidet from australia,neither,0.04062582848913359,0.31047366557575606,0.6489005059351104
Is talks machina on tonight?,neither,0.041837347816972036,0.3182941369860108,0.6398685151970172
"ohhh, got it.",neither,0.033384131469087024,0.4408120912412251,0.525803777289688
Australia represent!,neither,0.03945320844208391,0.33037608806864915,0.630170703489267
howdy all,offensive_language,0.046917543854519406,0.6277741405869331,0.3253083155585475
Bidet from Calgary Khari and Matt coming here soon EEK!,neither,0.07625826896213264,0.25515172531463787,0.6685900057232295
Bidet from plainsboro New Jersey! :D,neither,0.04458029923653559,0.209841401288464,0.7455782994750004
nope,neither,0.03945320844208391,0.33037608806864915,0.630170703489267
yes,neither,0.03945320844208391,0.33037608806864915,0.630170703489267
the hush is totally a secret organization,neither,0.04510938181181609,0.31537180531647474,0.6395188128717092
'Traveled up the road and back again',neither,0.03487724075069368,0.34861106736603487,0.6165116918832714
"No, pretty sure that was just the power of his charisma",neither,0.04384315882312746,0.47245344214423995,0.4837033990326326
Bidet from WKU!!,neither,0.04228451509352876,0.2823214250720796,0.6753940598343917
bidet from long island,neither,0.040349090989372026,0.3087357751934448,0.6509151338171831
@jasnumbs you're memeing right?,neither,0.1303562706939366,0.3898959974759488,0.47974773183011454
I think it was just his sheer fabulous presence that quieted them,neither,0.06056798402743541,0.36623649486273374,0.5731955211098309
!whenistm,neither,0.03945320844208391,0.33037608806864915,0.630170703489267
"Talks Machina is on at 7 PM PST, it is currently 6:49 PM PST. There is 10 Minutes, 57 Seconds until the next episode of Talks Machina. This has command has been run 158 times but has probably been asked about way more.",neither,0.04303890958301144,0.3367624992857161,0.6201985911312725
"if you look at Google Trends for 'Estelle Getty', you can see a huge peak at around 10pm Pacific Time from last Thursday",neither,0.04011405187439108,0.3990830172199245,0.5608029309056844
Bidet,neither,0.03945320844208391,0.33037608806864915,0.630170703489267
"*voice and hair, sorry not just charisma",neither,0.03348689539946418,0.3170018360958025,0.6495112685047334
#Sophiawave,neither,0.03945320844208391,0.33037608806864915,0.630170703489267
bidet for Alaska,neither,0.032764864206104964,0.296993156639892,0.670241979154003
Bidet and PICTURE IT: SICILY 1932!,neither,0.03740839584050209,0.2937385684144546,0.6688530357450433
bidit,neither,0.03945320844208391,0.33037608806864915,0.630170703489267
@TheLurkingWriter I was wondering that too. Just looking for other's opinions/concensus,neither,0.02997216535837871,0.35611181354117855,0.6139160211004427
@JollyGreen1881 and people at google's like huh??,neither,0.07824987045348296,0.32389345570252204,0.597856673843995
Hush is a rival agency of THRUSH,neither,0.04651179837250703,0.3279483153156824,0.6255398863118107
bidet from new sealandia matey,neither,0.046710622032705686,0.1542697019613409,0.7990196760059534
bidet from Wisconsin.,neither,0.04071751644889743,0.3089174816120565,0.6503650019390461
@JollyGreen1881 That makes me feel old.,neither,0.02825959864983443,0.41479089096269206,0.5569495103874736
"Bidet from Grand Forks, North Dakota! OhMyDog",neither,0.04025660699706574,0.31674031788745693,0.6430030751154774
Morrowind Kreygasm best game Kreygasm best music,neither,0.03759397021629488,0.28516879140629153,0.6772372383774136
Bidet o/,neither,0.03945320844208391,0.33037608806864915,0.630170703489267
"Bidet from Sacramento, CA",neither,0.04039749100449293,0.314349148603457,0.6452533603920501
"You guys saw that someone put Sam's DnD Beyond song to music, right? that was perfect!",neither,0.045207928441803394,0.4063316107619538,0.5484604607962429
You've gotta be kidding me,neither,0.021275302978629482,0.4190076072694841,0.5597170897518864
Alabama here...,neither,0.10369270840262149,0.2818817790250131,0.6144255125723654
Bidet from Tamriel,neither,0.04228451509352876,0.2823214250720796,0.6753940598343917
Hush is a Batman villain.... and a Deep Purple / Kula Shaker song,neither,0.04442488625507399,0.3043534687917961,0.6512216449531298
The,neither,0.03613032604487659,0.2619290779399786,0.7019405960151449
Beep beep from Mad-town Wisconsin,neither,0.040394609188118165,0.3143980605482782,0.6452073302636037
Bideet from Vancouver,neither,0.04228451509352876,0.2823214250720796,0.6753940598343917
"bidet from Burbank, Ca",neither,0.04084513770590474,0.30675141581570226,0.6524034464783931
Sam's D&D Beyond song was EPIC!,neither,0.039035049477888085,0.33747333699898674,0.6234916135231251
@jimmy_eat_meatloaf what? No! Link?,neither,0.04481511826457528,0.34197653558929647,0.6132083461461283
yes!,neither,0.03945320844208391,0.33037608806864915,0.630170703489267
Bidet from Tokyo,neither,0.04069404815304118,0.30931579984010865,0.6499901520068502
Bidet from Alberta,neither,0.04062582848913359,0.31047366557575606,0.6489005059351104
YES,neither,0.03945320844208391,0.33037608806864915,0.630170703489267
The song is Peaceful Waters by Jeremy Soule from The Elder Scrolls III: Morrowindhttps://www.youtube.com/watch?v=7AuAv4uYcHU,neither,0.045125768960296464,0.3283828846939078,0.6264913463457956
bidet all. this is the exact image i was hoping for when i logged on,neither,0.03299595083896765,0.37544350263780857,0.5915605465232238
:D,neither,0.03945320844208391,0.33037608806864915,0.630170703489267
Bidet from Ypsilanti. MI y'all!,neither,0.04324940744025782,0.3982080527344978,0.5585425398252444
Bidet from Minnesota,neither,0.04071751644889743,0.3089174816120565,0.6503650019390461
That picture is perfect,neither,0.04377396437986381,0.3731090225684174,0.5831170130517187
bidet from Cincinnati OH,neither,0.050416241482135554,0.21698369937451742,0.732600059143347
https://soundcloud.com/notwill/dnd-beyond,neither,0.03945320844208391,0.33037608806864915,0.630170703489267
bidet from texas,neither,0.040937266849991,0.30518774380265185,0.6538749893473571
Dnd beyond song,neither,0.039082917327606236,0.33666089466413684,0.6242561880082569
@jimmy_eat_meatloaf are you serious? How have I not seen that yet!,neither,0.07319242293771941,0.3773632248853731,0.5494443521769075
Now that is a beautiful picture.,neither,0.04340915302955997,0.36981616331057776,0.5867746836598622
bidet from my economics class...,neither,0.02602336967984849,0.42519575631426965,0.548780874005882
"Bidet Hemet, ca.",neither,0.03945320844208391,0.33037608806864915,0.630170703489267
that image lol,neither,0.027120071490622864,0.43940600204089886,0.5334739264684784
Beep beep and bidet from Az!,neither,0.03968692788310135,0.26288412776704095,0.6974289443498578
Bidet from Australia :),neither,0.04062582848913359,0.31047366557575606,0.6489005059351104
bidet from Malta,neither,0.04228451509352876,0.2823214250720796,0.6753940598343917
bidet from Io-way!,neither,0.04063624178208405,0.31295862974420746,0.6464051284737083
,neither,0.03945320844208391,0.33037608806864915,0.630170703489267
Bidet from FL!,neither,0.04066490145509902,0.30981049537100724,0.6495246031738937
https://clyp.it/dfdykuub,neither,0.036815063515568014,0.3312834670826031,0.6319014694018288
The official D&D Beyond twitter also claimed that was their new theme (I really hope they weren't just joking),neither,0.05040665342406304,0.30927650395930256,0.6403168426166344
Where the heck is everyone? The set is empty...totally empty.,neither,0.043908630567557325,0.3478821790342545,0.6082091903981882
hi guys,neither,0.03930687933907141,0.3328596748352989,0.6278334458256297
Bidet from WA State,neither,0.07366744167014133,0.21331243619211163,0.713020122137747
Bidet,neither,0.03945320844208391,0.33037608806864915,0.630170703489267
bidet from idaho,neither,0.04066490145509902,0.30981049537100724,0.6495246031738937
yo,offensive_language,0.04010381111145228,0.5271105317972344,0.4327856570913131
Best spiritual weapon of all time,neither,0.039046222063429496,0.3905295245232367,0.5704242534133338
bidet,neither,0.03945320844208391,0.33037608806864915,0.630170703489267
Bidet from AZ,neither,0.04078317879478948,0.307803020237201,0.6514138009680096
bidet~,neither,0.03945320844208391,0.33037608806864915,0.630170703489267
Bidet from Toronto!,neither,0.04066490145509902,0.30981049537100724,0.6495246031738937
Bidet from Texas!!,neither,0.040937266849991,0.30518774380265185,0.6538749893473571
"who are the guests today, my friends?",neither,0.047431266988572335,0.39812812860165503,0.5544406044097725
bidet from dc,neither,0.0408364874901429,0.30689823255244486,0.6522652799574122
anyone know this soundtrack?,neither,0.03936407400881033,0.3318889320236359,0.6287469939675538
Bidget from Australia!,neither,0.04062582848913359,0.31047366557575606,0.6489005059351104
"Bidet from Berlin, Germany",neither,0.04036266062233628,0.31494031108870923,0.6446970282889545
bidet from central florida,neither,0.04046104702925519,0.31327043699523416,0.6462685159755107
@jimmy_eat_meatloaf thank you you're a champ,neither,0.11009154050873962,0.4037017447749239,0.48620671471633653
"Bidet, peeps",neither,0.03945320844208391,0.33037608806864915,0.630170703489267
Liam and Marisha,neither,0.03857111107789432,0.2851340175310554,0.6762948713910502
"marisha and liam, @Frogsama",neither,0.03857111107789432,0.2851340175310554,0.6762948713910502
Bidet from pleasant valley NY,neither,0.0402316380176736,0.31716410663158523,0.6426042553507413
bidet from Illinois,neither,0.04069404815304118,0.30931579984010865,0.6499901520068502
"they still have like 8 minutes, chillax friendo!",neither,0.04965866318102194,0.3741027658978882,0.5762385709210898
Bidet from Wyoming,neither,0.04069404815304118,0.30931579984010865,0.6499901520068502
Bidet from Nashvegas! Shoutout to my home state Texas Critters!,neither,0.0586255201445168,0.30008920265943084,0.6412852771960523
this is the first talks ive been able to see is there a break or no?,neither,0.04670393980948666,0.30566304797208477,0.6476330122184285
song,neither,0.038601720699969956,0.3448280572582511,0.616570222041779
Bidet from Ontario!,neither,0.04062582848913359,0.31047366557575606,0.6489005059351104
@Fullsignal that is great,neither,0.04282374351010199,0.3509192519777347,0.6062570045121632
"nice, marisha is alive again :D",neither,0.04557364858480705,0.3583427088397697,0.5960836425754231
this is the menu screen from dragon age origins,neither,0.04487226929384551,0.30675488485579905,0.6483728458503555
bidet!,neither,0.03945320844208391,0.33037608806864915,0.630170703489267
Bidet from Kansas,neither,0.04071751644889743,0.3089174816120565,0.6503650019390461
Bidet from Philly! :D,neither,0.040769555981420263,0.3080342349327864,0.6511962090857933
okay good. not just me @ghosthack159,neither,0.025411796540905786,0.4039295780328676,0.5706586254262265
@agent_honkyy no breaks,neither,0.03838080009002885,0.3485776565658,0.6130415433441712
I hope there are some great animations of this spiritual weaponing,neither,0.08056516500279653,0.17507768100878204,0.7443571539884215
@MorbidOrchid likewise,neither,0.03945320844208391,0.33037608806864915,0.630170703489267
@Agent_Honkyy No breaks. It's a half hour show.,neither,0.04946287049034291,0.2808846991079731,0.6696524304016841
bidet from Jacksonville Florida,neither,0.0408948396164547,0.30590784468201904,0.6531973157015263
@Agent_Honkyy no it's only an hour long,neither,0.03747298263065454,0.3371278145118884,0.6253992028574572
"Bidet from Roswell, New Mexico! :)",neither,0.04441189881032757,0.21402420332822164,0.7415638978614508
"Bidet from Düsseldorf, Germany",neither,0.04069404815304118,0.30931579984010865,0.6499901520068502
gandsSCANLAN,neither,0.03945320844208391,0.33037608806864915,0.630170703489267
@Chibistrife pleasant valley is one of my favorite places in new york!,neither,0.03835116138415809,0.3441177090649164,0.6175311295509255
"@Agent_Honkyy No break, but it's only about an hour long.",neither,0.03424509147671943,0.3638411308184432,0.6019137777048373
bidet from FL,neither,0.04066490145509902,0.30981049537100724,0.6495246031738937
@CrepeKat thank you,neither,0.07325166854587051,0.43632638485078484,0.49042194660334476
Grandma Talks tonight?,neither,0.03693281060486439,0.3092706010698005,0.6537965883253352
Bidet from Ontario here too!,neither,0.08519771491544238,0.28197450140163627,0.6328277836829214
Bidet from NYC,neither,0.04081748366884477,0.3072207769958956,0.6519617393352596
almost my 2 year anniversary crew!,neither,0.030879979416138566,0.3951833107602867,0.5739367098235747
Thanks all,neither,0.03805994495541979,0.4092431222477849,0.5526969327967953
Bidet from Tennessee,neither,0.04071751644889743,0.3089174816120565,0.6503650019390461
Bidet from Nebraska,neither,0.04062582848913359,0.31047366557575606,0.6489005059351104
ahahahahaha YES! the Sophia bust!,neither,0.03841892645466901,0.3113812597954385,0.6501998137498924
also bidet from Indiana,neither,0.040581733051679815,0.31122208022926806,0.6481961867190521
BEEPBEEP & Bidet from Madisonville Tx,neither,0.04081748366884477,0.3072207769958956,0.6519617393352596
"They haven't even started getting the cameras ready, nothing is turned on. No one is there. They are gonna be VERY LATE!",neither,0.050832003729319494,0.38550223664772204,0.5636657596229584
"@ProfessorJedi this is the elder scrolls morrowind soundtrack, or rather, one of the songs from it (Peaceful Waters)",neither,0.04171934185152616,0.3205891917724761,0.6376914663759976
Bidet from FL,neither,0.04066490145509902,0.30981049537100724,0.6495246031738937
Bidet from New Brunswick,neither,0.046710622032705686,0.1542697019613409,0.7990196760059534
Bidet from Mississippi,neither,0.040754399270683486,0.3082914838698526,0.650954116859464
Toronto here,neither,0.09607790202741834,0.28656612893178507,0.6173559690407966
Bidet from Germany as well,neither,0.03853111044664915,0.34602649753518194,0.615442392018169
Does anyone want cookies?,neither,0.026831493572434157,0.4468533072985894,0.5263151991289765
Bidet from Ontario Canada dudes! doogDance,neither,0.04026397552709704,0.3166152547024947,0.6431207697704082
bidet from atlanta,neither,0.04078317879478948,0.307803020237201,0.6514138009680096
Greeting and salutation from Virginia,neither,0.039689218340961965,0.26234570384284134,0.6979650778161967
bravo Outferarip,neither,0.03945320844208391,0.33037608806864915,0.630170703489267
Bidet from Ohayo!,neither,0.04228451509352876,0.2823214250720796,0.6753940598343917
howdy y'all,offensive_language,0.046917543854519406,0.6277741405869331,0.3253083155585475
bidet from MS,neither,0.040769555981420263,0.3080342349327864,0.6511962090857933
Beep beep,neither,0.03945320844208391,0.33037608806864915,0.630170703489267
bidet and beep beep,neither,0.03763944115734239,0.1918412352459551,0.7705193235967025
Beep beep,neither,0.03945320844208391,0.33037608806864915,0.630170703489267
Alberta strong,neither,0.03945320844208391,0.33037608806864915,0.630170703489267
Bidet from Indiana PartyPopper,neither,0.0408364874901429,0.30689823255244486,0.6522652799574122
Bidet from Minnesota,neither,0.04071751644889743,0.3089174816120565,0.6503650019390461
Bidet from heckin NJ,neither,0.04069404815304118,0.30931579984010865,0.6499901520068502
"ive never been able to watch live, Im so EXCITED",neither,0.046625508694085716,0.4017154956796897,0.5516589956262246
Bidet from ontario,neither,0.04062582848913359,0.31047366557575606,0.6489005059351104
Bidet from Huntington Beach!,neither,0.04078317879478948,0.307803020237201,0.6514138009680096
"BIdet from Oakland, CA!",neither,0.04043211762049359,0.3137614445616591,0.6458064378178473
bidet chat,neither,0.03945320844208391,0.33037608806864915,0.630170703489267
Saskatchewan checking in,neither,0.03945320844208391,0.33037608806864915,0.630170703489267
hey hey,neither,0.03945320844208391,0.33037608806864915,0.630170703489267
omg the bust!,neither,0.03843954983226565,0.3117713744620363,0.6497890757056982
bidet y'all,offensive_language,0.046917543854519406,0.6277741405869331,0.3253083155585475
Woohoo!,neither,0.03945320844208391,0.33037608806864915,0.630170703489267
beep beep,neither,0.03945320844208391,0.33037608806864915,0.630170703489267
wow. @jimmy_eat_meatloaf . That was wild!,neither,0.035245112176268655,0.37699041068946376,0.5877644771342677
Bidet Pittsburgh,neither,0.03945320844208391,0.33037608806864915,0.630170703489267
Beep beep lettuce,neither,0.03945320844208391,0.33037608806864915,0.630170703489267
"Oh look, movement!",neither,0.04690494910274019,0.27853928181131393,0.6745557690859459
mad canucks in the chat,neither,0.038719339264472914,0.31701221430234705,0.64426844643318
I dont understand the bidet stuff,neither,0.03855048683388354,0.31386061878274,0.6475888943833765
@wiley1794 Hello Hoosier!,neither,0.03945320844208391,0.33037608806864915,0.630170703489267
@geekandsundry any reason or your end I can't stream audio only?,neither,0.0579519606770147,0.3223945401648411,0.6196534991581443
,neither,0.03945320844208391,0.33037608806864915,0.630170703489267
Bidet from Seattle,neither,0.040754399270683486,0.3082914838698526,0.650954116859464
bidet from the eternal,neither,0.039779025773403386,0.2539611253407979,0.7062598488857987
bidet from MKE Wisconsin,neither,0.04071751644889743,0.3089174816120565,0.6503650019390461
Bidet from Michigan,neither,0.040769555981420263,0.3080342349327864,0.6511962090857933
Bidet from Argentina!!,neither,0.04062582848913359,0.31047366557575606,0.6489005059351104
Bidet from San Francisco!,neither,0.040391840503121675,0.31444505235836057,0.6451631071385178
"Our guests this Tuesday are Marisha and Liam, discussing episode 7!",neither,0.05304764575762663,0.2808607319770246,0.6660916222653488
we saw that brian,neither,0.035501842098467455,0.37429422819442104,0.5902039297071116
looks like I came at the best part,neither,0.04601563767724878,0.34275528440608055,0.6112290779166708
Sam looks great in a wig,neither,0.03793448998533466,0.31028932991848224,0.6517761800961831
Bidet from Long Island,neither,0.040349090989372026,0.3087357751934448,0.6509151338171831
a kiss to the bust from all of us,neither,0.08640731896672786,0.34771717361092863,0.5658755074223436
Bidet from brooklyn,neither,0.04079557052152802,0.30759270029461827,0.6516117291838538
ESTELLE!,neither,0.03945320844208391,0.33037608806864915,0.630170703489267
I'm just waiting for talks,neither,0.029673208279655666,0.32155467329992543,0.6487721184204189
Bidet from ATX,neither,0.04228451509352876,0.2823214250720796,0.6753940598343917
@stormaggeden it’s a greeting from the 1st campaign,neither,0.038218249882680695,0.29837141948969337,0.6634103306276258
@Stormaggeden its from the first season,neither,0.02732762884290161,0.2946477927335659,0.6780245784235324
the bidet thing is a phrase we picked up from last season of CR,neither,0.04245722557487514,0.33727803275024815,0.6202647416748767
"I didn't expect to see a busty elderly woman whilst tuning in tonight, but there she is...",neither,0.03347905870844565,0.38785685762993083,0.5786640836616237
"bidet is a joke from the first campaign, saying bidet instead of good day",neither,0.03400649602060062,0.3001457161864218,0.6658477877929777
Bidet is from the first campaign when Grog mistook Bidet for Good Day,neither,0.027791006793135647,0.3081917714478362,0.6640172217590281
bidet is Grog's greeting,neither,0.081172750358939,0.3160268245287109,0.60280042511235
@Stormaggeden It's a call back to campaign 1,neither,0.04479474553177375,0.3268521162825366,0.6283531381856897
Evening folks,neither,0.03945320844208391,0.33037608806864915,0.630170703489267
"@KyHawkeye apparently there's a couple of versions, not sure which one was the one I heard.",neither,0.034240926475207406,0.40767137987488056,0.5580876936499121
Bidet from a Dutch guy in Glasgow,neither,0.04005033666528601,0.32024126374042794,0.6397083995942859
@ahawi3 Oh! thank you!,neither,0.07665879753716509,0.33619386616006813,0.5871473363027667
!tmsubmit,neither,0.03945320844208391,0.33037608806864915,0.630170703489267
The email to submit your Fan Art and Gif of the Week submissions is ‘ submit@talksmachina.com '. Before 9 AM Pacific next Tuesday. Submit away!,neither,0.05727310753668434,0.3147331773433212,0.6279937151199946
Bidet,neither,0.03945320844208391,0.33037608806864915,0.630170703489267
Bidet from Murfreesboro,neither,0.04228451509352876,0.2823214250720796,0.6753940598343917
!fanart,neither,0.03945320844208391,0.33037608806864915,0.630170703489267
"Like what you see, and are a member of the art community? Why not make some fan art for us? Remember to tweet it out to the cast/crew and tag it #GNSLive!",neither,0.06273130845716304,0.2943326953346935,0.6429359962081436
@stormaggeden it’s a reference from the first campaign,neither,0.03283241458004909,0.30499395719227956,0.6621736282276712
Bidet from Los Angeles,neither,0.04078317879478948,0.307803020237201,0.6514138009680096
"@jimmy_eat_meatloaf Not bad, but I was kind of hoping for a more synthy version.",neither,0.0316105284545573,0.3151756103557934,0.6532138611896493
Hey!!!,neither,0.03945320844208391,0.33037608806864915,0.630170703489267
"Thank you for being a friend, Talks Machina.",neither,0.04126742738344384,0.36894650319564765,0.5897860694209086
she's the holy weapon,neither,0.0397369623212182,0.3897922955340033,0.5704707421447786
Regular gnoll,neither,0.03945320844208391,0.33037608806864915,0.630170703489267
Aww the Skyrim music is nice,neither,0.04460210982945485,0.31660472275645135,0.6387931674140939
bidet,neither,0.03945320844208391,0.33037608806864915,0.630170703489267
Bidet from Vegas,neither,0.040853311764050625,0.30661268071637476,0.6525340075195746
who are the guest today?,neither,0.0615953239918759,0.30755714771738446,0.6308475282907396
Gnoll the Dead,neither,0.03798904823376837,0.3031126847691795,0.6588982669970522
oh yea estell lololol,neither,0.044470456109171275,0.2839438595181572,0.6715856843726714
"Holy hell, just listened to that song. That was amazeballs.",offensive_language,0.036776736787728616,0.6594193179656592,0.303803945246612
https://soundcloud.com/notwill/dnd-beyond @TheLurkingWriter how about this one then?,neither,0.037990311743766624,0.36480425363226837,0.597205434623965
Bidet From San Antonio Texas,neither,0.04031505647017286,0.3157482777878597,0.6439366657419674
"Bidet from Aachen, Germany",neither,0.04069404815304118,0.30931579984010865,0.6499901520068502
Regular Gnoll Regular Gnoll,neither,0.03945320844208391,0.33037608806864915,0.630170703489267
regular gnoll means what?,neither,0.04556146567176988,0.3260130542801819,0.6284254800480482
look up you tube...bidet grog,neither,0.0561505178946742,0.440681537756214,0.5031679443491119
sa!,neither,0.03945320844208391,0.33037608806864915,0.630170703489267
Bidet from Kansas everyone,neither,0.034477366269092084,0.4148291156575959,0.5506935180733121
!subcount,neither,0.03945320844208391,0.33037608806864915,0.630170703489267
Listen to me. Listen to me. I'm the subcount now.,neither,0.03685816637107532,0.3683232409926162,0.5948185926363084
Beep beep,neither,0.03945320844208391,0.33037608806864915,0.630170703489267
@adkokk7321 Regular gnoll,neither,0.03945320844208391,0.33037608806864915,0.630170703489267
Bidet from South Dakota.,neither,0.04041079298828133,0.31412337922315653,0.6454658277885622
!uptime,neither,0.03945320844208391,0.33037608806864915,0.630170703489267
Nien,neither,0.03945320844208391,0.33037608806864915,0.630170703489267
Beep beep from IL,neither,0.04066490145509902,0.30981049537100724,0.6495246031738937
Baday,neither,0.03945320844208391,0.33037608806864915,0.630170703489267
Bidet from work in Sydney Australia,neither,0.04024672152162564,0.31690810020471055,0.6428451782736638
Regular Gnoll,neither,0.03945320844208391,0.33037608806864915,0.630170703489267
has there been a Sword Guy sighting yet?,neither,0.03911770656861999,0.3026928147053419,0.6581894787260382
"@jimmy_eat_meatloaf listening now, will let you know in a min :)",neither,0.0380414110354034,0.3752567090914039,0.5867018798731927
bidet from atlanta!,neither,0.04078317879478948,0.307803020237201,0.6514138009680096
Bidet from North Carolina,neither,0.04040057148408362,0.31429686482539193,0.6453025636905245
THE BUST,neither,0.03818333146884059,0.3068836632137256,0.6549330053174338
Bidet!,neither,0.03945320844208391,0.33037608806864915,0.630170703489267
"Regular Gnoll is a reference to the Judas Priest song ""Breaking the Law"".",neither,0.04780569504575217,0.31037863768728996,0.6418156672669578
Bidet from Kansas,neither,0.04071751644889743,0.3089174816120565,0.6503650019390461
"@cbartlett613 look up ""breakin the law""",neither,0.03728968157129098,0.369649481190708,0.593060837238001
Bidet from Seattle,neither,0.040754399270683486,0.3082914838698526,0.650954116859464
"I'm going to have nightmares now of a headless Estelle Getty trying to eat me... and right before she catches me she'll yell ""STAY TURNT,"" and then i wake up.",neither,0.034930945587231914,0.45045059384424796,0.5146184605685201
Bidet from Delaware,neither,0.04228451509352876,0.2823214250720796,0.6753940598343917
Regular Gnoll Regular Gnoll,neither,0.03945320844208391,0.33037608806864915,0.630170703489267
Beep beep from upper NY!,neither,0.0404680313551948,0.31315189475640076,0.6463800738884045
bidet all!,offensive_language,0.046917543854519406,0.6277741405869331,0.3253083155585475
Estelle Getty Vaporwave album,neither,0.03945320844208391,0.33037608806864915,0.630170703489267
what's the bidet stuff about,neither,0.043004022191937,0.33860229350185017,0.6183936843062129
For the guys who made versions of Sam's D&D Beyond song please send them to you can also email it to critrole@gmail.com to be considered for the gallery and art roll. or submit@talksmachina.com,neither,0.04968107908744444,0.31579468331217364,0.634524237600382
Beep beep from the Rocky Mountains,neither,0.03960106348276639,0.2921054363772407,0.6682935001399929
whos guesting tonight and why isnt it dani carr,neither,0.029324312276825085,0.30065627510369497,0.67001941261948
@Manaray007 LIam and Marisha I believe,neither,0.03868413069230188,0.29157995219183497,0.6697359171158632
@TheLurkingWriter you will not be disappointed,neither,0.05793673921893676,0.3644491801484237,0.5776140806326395
!uptime,neither,0.03945320844208391,0.33037608806864915,0.630170703489267
bible,neither,0.03945320844208391,0.33037608806864915,0.630170703489267
why there D&D show get so many viewers?,neither,0.03980583138739539,0.28996068018765425,0.6702334884249503
I wish G&S would set up a token system and we could take bets on various things throughout the episode,neither,0.0353018028762348,0.332380346535972,0.6323178505877932
bidet from boston!,neither,0.040769555981420263,0.3080342349327864,0.6511962090857933
bib le,neither,0.03945320844208391,0.33037608806864915,0.630170703489267
their,neither,0.03945320844208391,0.33037608806864915,0.630170703489267
bidet,neither,0.03945320844208391,0.33037608806864915,0.630170703489267
Estelle Getty LIVES!!!,neither,0.03945320844208391,0.33037608806864915,0.630170703489267
2 year sub hype!!,neither,0.03945320844208391,0.33037608806864915,0.630170703489267
"Our guests this Tuesday are Marisha and Liam, discussing episode 7!",neither,0.05304764575762663,0.2808607319770246,0.6660916222653488
Finally home and live!,neither,0.043332158393816364,0.28827471100436886,0.6683931306018149
@DarkAnalog because it's f-ing awesome,neither,0.038150627006654496,0.3308241055549499,0.6310252674383957
bidet eh,neither,0.03945320844208391,0.33037608806864915,0.630170703489267
Did anyone suddenly want to eat cheesecake after the stream ended last Thursday? :P,neither,0.042374676961613046,0.31829785232426566,0.6393274707141211
Bidet from Florida! its my first talks machina!,neither,0.022826066540846374,0.38980492898203467,0.5873690044771188
Hello everybody!! gandsLessthanthree,neither,0.03945320844208391,0.33037608806864915,0.630170703489267
"If you don't know why CR has so many viewers, you haven't been watching it.",neither,0.03656472050378857,0.45461122924980896,0.5088240502464024
is it thursday yet?,neither,0.04651135664277627,0.32794846724679255,0.6255401761104311
Gnoll With the Changes by REO Speeddragon,neither,0.02823993136465335,0.39999834372384,0.5717617249115067
Bidet from Kansas City!,neither,0.04050054910234117,0.3125999837227694,0.6468994671748894
"I swear, I bought into DNDBeyond this past weekend because of Sam's song.",neither,0.039114944349095,0.33611731252560684,0.6247677431252981
Loving the vibes with the new show!,neither,0.04167364900971338,0.21526860592778654,0.7430577450625001
bidet from Oregon,neither,0.04071751644889743,0.3089174816120565,0.6503650019390461
someone said they like pleasant valley. thats cool you know it 🙂,neither,0.056469958657109146,0.37116385146908754,0.5723661898738033
Bidet from Ogallala,neither,0.04228451509352876,0.2823214250720796,0.6753940598343917
"Is ""Beep beep"" the new ""Bidet""?",neither,0.06163060774847355,0.15030644793134892,0.7880629443201774
welcome!,neither,0.03945320844208391,0.33037608806864915,0.630170703489267
Thank you for being a friend!!!,neither,0.0416688560813187,0.37728968184318123,0.5810414620755001
@jimmy_eat_meatloaf Well it used to have like 1-3k then it jumped to almost 50k,neither,0.0511092481842519,0.3397718656360034,0.6091188861797446
Bidet from Florida,neither,0.0408948396164547,0.30590784468201904,0.6531973157015263
maybe @JeffM0307,neither,0.03945320844208391,0.33037608806864915,0.630170703489267
i love the picture,neither,0.03444010489826951,0.32640224808222396,0.6391576470195066
Thank you for being a friend fellow critters! Bidet to all!,neither,0.048509272676880495,0.4225302065077581,0.5289605208153615
Bidet from India! Haven't missed one in C2!,neither,0.03960856884868763,0.3407175711084498,0.6196738600428626
@JeffM0307 every friday morining I'm craving donuts now,neither,0.03945320844208391,0.33037608806864915,0.630170703489267
are we ready,neither,0.07908673698512764,0.27009607785299217,0.6508171851618801
bidet from Boston,neither,0.040769555981420263,0.3080342349327864,0.6511962090857933
Golden Girls was a mainstay in my house,neither,0.019761626240873312,0.4743080298342375,0.5059303439248892
Screw Thursday - I am here for TUESDAY!,neither,0.06289069018918357,0.2847613217793682,0.6523479880314482
"beep beep from seattle, Estelle Getty Forever!",neither,0.04026416088435374,0.3166121087061048,0.6431237304095416
@coffeere welcome friend!,neither,0.03945320844208391,0.33037608806864915,0.630170703489267
Bidet from New Westminster BC!,neither,0.04515703081451045,0.19532669693793347,0.7595162722475561
#ThankYouForBeingAFriend,neither,0.03945320844208391,0.33037608806864915,0.630170703489267
bidet from Albuquerque!,neither,0.04228451509352876,0.2823214250720796,0.6753940598343917
bidet from kansas,neither,0.04071751644889743,0.3089174816120565,0.6503650019390461
bidet,neither,0.03945320844208391,0.33037608806864915,0.630170703489267
Bidet from PA,neither,0.04069404815304118,0.30931579984010865,0.6499901520068502
Ahahaha!! Estelle!!! :D The best spiritual weapon ever!!,neither,0.03814177363592617,0.31280913742031413,0.6490490889437597
Bidet from Chile,neither,0.04069404815304118,0.30931579984010865,0.6499901520068502
"Bidet from Ottawa Ontario Canada, y'all!",neither,0.04190467089189196,0.3747195729012886,0.5833757562068194
Bidet from Omaha,neither,0.04228451509352876,0.2823214250720796,0.6753940598343917
this music gives me life. oh the nostalgia,neither,0.03360456861133704,0.35984485648086034,0.6065505749078026
what's bidet,neither,0.057770773616808734,0.3180719994247239,0.6241572269584672
Golden Girls is the shit,offensive_language,0.038611952806715075,0.9599070151866405,0.0014810320066443925
"@jimmy_eat_meatloaf Yep, that's an improvement over the first one (still think it needs to be sped up just a touch, though - but who am I to talk, I'm a writer not musician :) )",neither,0.026439972927297464,0.41892254790762123,0.5546374791650812
"Noticed Travis hitting the ""extra"" vocab latley.",neither,0.038902565165677506,0.3203964759002107,0.6407009589341118
Bidet all,offensive_language,0.046917543854519406,0.6277741405869331,0.3253083155585475
"@DarkAnalog seriously though, have you seen the show?",neither,0.07074399343529916,0.29134940464587594,0.6379066019188249
bidet from yk,neither,0.04228451509352876,0.2823214250720796,0.6753940598343917
"bidet from michigan, and my first talks machina! I've never been caught up and available before!",neither,0.0168638715582525,0.3936325930494935,0.589503535392254
Bidet from Ohio,neither,0.040754399270683486,0.3082914838698526,0.650954116859464
uk,neither,0.03945320844208391,0.33037608806864915,0.630170703489267
bidet,neither,0.03945320844208391,0.33037608806864915,0.630170703489267
Shall I make a Tim Horton's run for everyone Friday morning?,neither,0.03654289254113275,0.29256844842224405,0.6708886590366232
bidet from ohio,neither,0.040754399270683486,0.3082914838698526,0.650954116859464
@dragonchrome might want to edit your message,neither,0.07326929707053262,0.3159674679714161,0.6107632349580513
"beep beep was yet another ""Grog-ism""",neither,0.1120115947915257,0.23683873420302914,0.6511496710054453
@OutFerARip They had something like that. It was called Revlo. And it died.,neither,0.04100369425919432,0.34453809177642464,0.614458213964381
bidet from florida,neither,0.0408948396164547,0.30590784468201904,0.6531973157015263
what music is this?,neither,0.06053581956958716,0.32244589226693143,0.6170182881634815
Bidet from Quebec,neither,0.04228451509352876,0.2823214250720796,0.6753940598343917
