text,top_class,hate_speech,offensive_language,neither
Let me just say... that my Blerd Heart sang so loud on Thursday the 15th!!!,neither,0.01738255940865355,0.4754130977179815,0.507204342873365
G'morning,neither,0.05283876784042269,0.1031882115525248,0.8439730206070525
Yay!!!,neither,0.03945320844208391,0.33037608806864915,0.630170703489267
Hi B Dave and Damion!,neither,0.03866059770946288,0.29025994196573374,0.6710794603248034
"Tonight's Ask Your Black Geek Friend WILL contain spoilers for Black Panther. If you have yet to see the film, watch at your own risk!",neither,0.10533389653079762,0.3102553191003698,0.5844107843688328
@stargazer1977 Already there.,neither,0.03790027860498452,0.2940826312439855,0.6680170901510301
YAY,neither,0.03945320844208391,0.33037608806864915,0.630170703489267
Wakanda fmgAH,neither,0.03945320844208391,0.33037608806864915,0.630170703489267
the nutmilk is back :D,neither,0.05477082714771894,0.29507451895614034,0.6501546538961408
woo!,neither,0.03945320844208391,0.33037608806864915,0.630170703489267
yay my black geek friend,neither,0.04363457524933436,0.3843370745928978,0.5720283501577679
THere is no echo over at Alpha,neither,0.04154086836256531,0.32610992015801865,0.632349211479416
lol names are switched,neither,0.052546123400615964,0.3389483405961746,0.6085055360032094
Damion Poitier ( twitter.com/DamionPoitier ) andB.Dave Walters ( twitter.com/BDaveWalters ),neither,0.03869641479802196,0.46247193893631705,0.49883164626566096
yeah yeah bdave and damion,neither,0.014109903540042063,0.4827992734822785,0.5030908229776795
!questions,neither,0.03945320844208391,0.33037608806864915,0.630170703489267
"To make it easier to read questions in chat, please preface your questions with the word question in all caps. For example, QUESTION: How are you today?",neither,0.06209713493468228,0.3342013724685751,0.6037014925967426
"ok folks, I'm outy5000",neither,0.03939121646202043,0.3314282537565023,0.6291805297814772
TTYL,neither,0.03945320844208391,0.33037608806864915,0.630170703489267
Nice Wu-Tang Wakanda crossover shirt.,neither,0.03945320844208391,0.33037608806864915,0.630170703489267
Later @Akeeba1st,neither,0.03945320844208391,0.33037608806864915,0.630170703489267
So glad that this show is back! :D,neither,0.06025357324565808,0.33862894126443177,0.6011174854899101
I'm inordinately hyped for this,neither,0.03297040722466286,0.3001612824216089,0.6668683103537282
WAKANDA FOREVER!!!,neither,0.03945320844208391,0.33037608806864915,0.630170703489267
LUL,neither,0.03945320844208391,0.33037608806864915,0.630170703489267
"@GeekandSundry Ehh, not a horror movie fan, sorry.",neither,0.04009117348240474,0.3072411737355866,0.6526676527820087
"That joke basically writes itself, lol.",neither,0.0316426290843408,0.39673368707358836,0.5716236838420709
Get Out was so good.,neither,0.03227417260526504,0.4260546543742668,0.541671173020468
Great movie.,neither,0.03970589358091482,0.25104555930437344,0.7092485471147116
W A K A N D A F O R E V E R,neither,0.03945320844208391,0.33037608806864915,0.630170703489267
John_Sparks_Jr not really a horror,neither,0.038007780740188964,0.3358131784259341,0.626179040833877
#BlackPanther/GetOutChallenge,neither,0.03945320844208391,0.33037608806864915,0.630170703489267
,neither,0.03945320844208391,0.33037608806864915,0.630170703489267
"I like Get Out a lot, but my pick for the Oscar is The Shape of Water.",neither,0.035258692819155175,0.325784551294096,0.6389567558867488
I don't like horror movies. Get Out is not a horror movie go see it,neither,0.04666108749336224,0.3352820438776611,0.6180568686289766
"Get Out is probably my #2 of last year, though.",neither,0.03104602462281092,0.43292718040348177,0.5360267949737072
stargazer1977 haven't seen that either,neither,0.03559363782606887,0.3723517440423385,0.5920546181315928
QUESTION can this show come back full-time? you guys are great,neither,0.10332596865716857,0.27933908005570546,0.617334951287126
Get Out is more thriller/suspense.,neither,0.04375980059877253,0.34246564048193745,0.6137745589192899
VOD,neither,0.03945320844208391,0.33037608806864915,0.630170703489267
I didn't like Discovery enough to continue with it. Just not what I want from Star Trek.,neither,0.03224266584258573,0.38475325139443,0.5830040827629843
@Highfarm73 He just described Get Out as a horror movie.,neither,0.036548783413530274,0.3582563250459597,0.6051948915405101
Ahh,neither,0.03945320844208391,0.33037608806864915,0.630170703489267
"Ehh, I barely enjoy movies outside of superhero stuff",neither,0.03945320844208391,0.33037608806864915,0.630170703489267
The big question is how many people will stay subscribed now that it is over!,neither,0.04824729182618674,0.36875455406409374,0.5829981541097196
!question,neither,0.03945320844208391,0.33037608806864915,0.630170703489267
"I'm scared to take a look at Discovery, because there's so many different opinions on that show.",neither,0.048708537133507944,0.32955490445549307,0.6217365584109991
We have a subscriber-only Discord server! Join here: https://discord.gg/geekandsundry (you'll need to sub and link it to your Twitch) and be a part of the fun!...Warning: It can take up to an hour for the server to update and give you access to the channels,neither,0.08464076273808444,0.286394834032893,0.6289644032290227
"yeah i am not a huge fan of horror movies, and I have not seen get out yet. i WILL do my absolute best to see it when I can tho",neither,0.022918644740988772,0.41888462749820465,0.5581967277608066
"@GeekandSundry Might need a volume boost, both Twitch/Alpha. I'm at max and it still should be louder.",neither,0.04274139772792875,0.34473805233692134,0.6125205499351499
Accurate description of Ryan,neither,0.03945320844208391,0.33037608806864915,0.630170703489267
I have no problem with spoilers!,neither,0.025265466202810016,0.4042211830252074,0.5705133507719827
!questions,neither,0.03945320844208391,0.33037608806864915,0.630170703489267
"To make it easier to read questions in chat, please preface your questions with the word question in all caps. For example, QUESTION: How are you today?",neither,0.06209713493468228,0.3342013724685751,0.6037014925967426
"@EmilytheBard it's definitely not a horror movie, but I don't really want to compare it to some other movie so you aren't spoiled. It has a pretty major twist.",neither,0.04540169300304117,0.34001389681483507,0.6145844101821238
Question Who is Black Panther Best Villian in the Comics?,neither,0.061292959876876676,0.3429793193382001,0.5957277207849233
I need that wakanda shirt,neither,0.034348446760002566,0.381897901998133,0.5837536512418643
"Help G&S make great content! $4.99/month gets you emotes, Minecraft server access, sub-only VODs, and more! Every sub keeps the channel alive! twitch.tv/geekandsundry/subscribe",neither,0.043907990691603095,0.31135964332838284,0.644732365980014
"All I'm saying is that I hate horror movies, so I didn't go see Get Out in theaters, but my best friend convinced me to go see it and I in no way regretted it.",neither,0.05596893592207407,0.44654209805300055,0.49748896602492537
hi,neither,0.03945320844208391,0.33037608806864915,0.630170703489267
"welcome, @emxo__",neither,0.03945320844208391,0.33037608806864915,0.630170703489267
Hi @emxo__,neither,0.03945320844208391,0.33037608806864915,0.630170703489267
That was a dope episode of Loremasters,neither,0.03567933036860901,0.3721023018540922,0.5922183677772987
"I think they honored the comics just enough, left out some of the goofier bits that wouldn't play well",neither,0.027865705911909056,0.3594992611195902,0.6126350329685007
This was such a great scene...,neither,0.03773135705169688,0.3067287927286643,0.6555398502196387
it was beautiful,neither,0.037328929180830785,0.3339087009488992,0.62876236987027
:D,neither,0.03945320844208391,0.33037608806864915,0.630170703489267
@GeekandSundry WE HAVE MISSED YOU! :D,neither,0.05990094439264378,0.4053407356958285,0.5347583199115277
I loved the video that came out where the director dissected the start of the casino fight.,neither,0.037097469995607285,0.26568916771775725,0.6972133622866354
"!Question: When we talked about Black Panther on AYBGF before you asked me to tell you how it went, because our theater has never showed a predominantly black movie. Even though it wasn't as packed as most Marvel movies are, it still filled up over half of the theater. Even in this deeply conservative very white location.",offensive_language,0.13322422166373696,0.497620422173517,0.3691553561627461
"Tonight's Ask Your Black Geek Friend WILL contain spoilers for Black Panther. If you have yet to see the film, watch at your own risk!",neither,0.10533389653079762,0.3102553191003698,0.5844107843688328
"Well...yes, we've missed you!",neither,0.027808227118974627,0.3512650212809965,0.6209267516000289
Never seen this show before but so far it's so awesome :D,neither,0.0398553205557547,0.416982096536384,0.5431625829078611
!questions,neither,0.03945320844208391,0.33037608806864915,0.630170703489267
"To make it easier to read questions in chat, please preface your questions with the word question in all caps. For example, QUESTION: How are you today?",neither,0.06209713493468228,0.3342013724685751,0.6037014925967426
We really have,neither,0.03838375794211015,0.34852745409660163,0.6130887879612883
I have missed you so much. Want your show back as a regular thing.,neither,0.08474098986621709,0.36348008640643253,0.5517789237273504
Klaue laughing when shooting his damn arm gun thing was fun,offensive_language,0.050928198511040086,0.6505130899238208,0.2985587115651391
@GeekandSundry I saw it earlier today so I could THIS SHOW LIVE! :D,neither,0.05146374409210825,0.29055893199386906,0.6579773239140226
I see it.,neither,0.03653938616084657,0.331378285166243,0.6320823286729105
Japan doesn’t get it until Thursday!,neither,0.038003233279404906,0.3373834711981864,0.6246132955224087
"I won't catch it for months, probably Christmas time. I won't remember any of this!",neither,0.03418339524134518,0.3359955680204634,0.6298210367381916
QUESTION: How do you feel about the Black Lightning series in comparison to Black Panther?,neither,0.08569985509103435,0.3375434126399731,0.5767567322689926
And I can’t see it on Tuesday,neither,0.034862789523604325,0.29988072053772397,0.6652564899386717
Until I mean,neither,0.03945320844208391,0.33037608806864915,0.630170703489267
HAHA I Haven't Seen It. But Im Staying,neither,0.03235215489559501,0.41566694149530453,0.5519809036091005
LUL Poor Damien,neither,0.03945320844208391,0.33037608806864915,0.630170703489267
Spoiler alert,neither,0.03945320844208391,0.33037608806864915,0.630170703489267
@shidareAKI I didn't know Japan was that far behind on movie releases.,neither,0.028551417026451174,0.36680165417272675,0.6046469288008222
We still believe in you Damion!,neither,0.059434665100841055,0.4134836483731043,0.5270816865260546
Robert Frost monkaS,neither,0.03945320844208391,0.33037608806864915,0.630170703489267
"Oh, I saw this trailer.",neither,0.2754510390179619,0.3034234972542855,0.4211254637277525
"Yep, we always get movies last @john_sparks_jr",neither,0.037464641122765006,0.38442338842125623,0.5781119704559787
Question: its been a popular theory Idris Elba would be the next James bond after Craig. odds on it being chiwitel or Michael b Jordan?,neither,0.03275600309589956,0.3477958058096016,0.6194481910944988
"Yeah, I'm still wondering what this is supposed to be. I mean, I hear Marisha, Matt Key, Tal, and a few others.",neither,0.03881517183363595,0.3683992336892926,0.5927855944770714
"QUESTION: best shuri moment and why is it the ""colonizer"" moment ?",neither,0.03433463425406714,0.3006359226916912,0.6650294430542417
Project Alpha projectalpha.com,neither,0.03945320844208391,0.33037608806864915,0.630170703489267
"@shidareAKI Japan gets them last? Of all places, I'd think Japan would be ON TOP of the tech and entertainment. XD",neither,0.04355701263282442,0.3316824447103614,0.6247605426568142
"@shidareAKI well, you get Japanese movies first, and I envy you that. I love a lot of Japanese cinema, both live and anime.",neither,0.046421180335998784,0.3580219567155341,0.5955568629484672
I am so exicted for this!!,neither,0.030601861676069285,0.34975547332158097,0.6196426650023498
"That scene in the casino - I couldn't figure out what looked weird about the general other than that she seemed uncomfortable in a wig, until I saw the director discussing the shooting the scene and I realized - in a movie of natural black hair, it's a wig with straightened hair. It's frickin' brilliant!",neither,0.03739907938248632,0.3469048510811028,0.6156960695364109
is it zombies? I can't do zombies :(,neither,0.04429494409867054,0.32603268494843596,0.6296723709528935
Who is in it?,neither,0.0530827755075553,0.44310102111934857,0.5038162033730961
Want the inside scoop? Join the cast of Critical Role and discuss this episode right here on Talks Machina. Tuesdays 7pm Pacific at twitch.tv/geekandsundry and projectalpha.com,neither,0.04630302093207864,0.22484473131932575,0.7288522477485957
did I hear a Sam DeLeve in that?,neither,0.035794257545777704,0.3701335889494487,0.5940721535047736
@john_sparks_jr that’s not why we get films last. I think it’s a licensing thing,neither,0.027494356106228898,0.3765958189810254,0.5959098249127456
@kaioraya pretty sure yeag,offensive_language,0.03225335798693102,0.49895354885972726,0.4687930931533418
Aliza work! fmgNICE,neither,0.03945320844208391,0.33037608806864915,0.630170703489267
Tell EM,neither,0.03945320844208391,0.33037608806864915,0.630170703489267
Ooh damn,offensive_language,0.04476267169735936,0.8574872660824826,0.09775006222015793
Aliza HYPE!!!!!!,neither,0.03945320844208391,0.33037608806864915,0.630170703489267
A horror game show run by Ivan. That's going to be scary,neither,0.05104767006118548,0.3257056656936347,0.6232466642451797
aliza gonna walk out,neither,0.032840680969739425,0.4114452259044523,0.5557140931258082
Epic Fail,neither,0.03945320844208391,0.33037608806864915,0.630170703489267
her outfit is amazing,offensive_language,0.03724577196980222,0.5366084781657613,0.4261457498644365
That outfit is gorgeous! I want it luaLove,neither,0.041629285865207845,0.3609026953566805,0.5974680187781116
I am now more excited for it and I was already pretty excite,neither,0.03473023694729544,0.29453891226301243,0.6707308507896921
Love that outfit. <3,neither,0.031866835037320365,0.39465206942689035,0.5734810955357894
