text,top_class,hate_speech,offensive_language,neither
"That was an excellent pun, @Andyinsomnia! Here, have some points for that one! You have been awarded 65 points!",neither,0.0501979410968782,0.3826816353612848,0.567120423541837
"Help G&S make great content! $4.99/month gets you emotes, Minecraft server access, sub-only VODs, and more! Every sub keeps the channel alive! twitch.tv/geekandsundry/subscribe",neither,0.043907990691603095,0.31135964332838284,0.644732365980014
You do?,offensive_language,0.10565712907148682,0.4682446482801005,0.42609822264841263
"Becca Scott - Killmonger, Stef Woodburn - Nakia, Amy Dallen - Shuri, Whitney Moore - Okoye, Gina DeVivo - M'Baku",neither,0.03945320844208391,0.33037608806864915,0.630170703489267
"oh wait, no, there's music. it's just very very low",neither,0.03826090232072801,0.29681716875653047,0.6649219289227415
I don't,neither,0.03945320844208391,0.33037608806864915,0.630170703489267
@John_Sparks_Jr Maybe it still will and they're just late.,neither,0.047884935598117996,0.2841989149485461,0.667916149453336
There it is,neither,0.051988479486451335,0.2532541473775745,0.6947573731359742
"@John_Sparks_Jr Or that could happen, I don't know.",neither,0.03571938407008295,0.37096101460537206,0.593319601324545
SUDDENLY BROADCASTING lol,neither,0.03067274384572663,0.3948916229673822,0.5744356331868913
weed!,offensive_language,0.02866226109864951,0.5135266266151687,0.45781111228618177
Woooo,neither,0.03945320844208391,0.33037608806864915,0.630170703489267
I can see,neither,0.03999935686626648,0.32110652397646294,0.6388941191572706
yay!!!,neither,0.03945320844208391,0.33037608806864915,0.630170703489267
gandsSubHype stefMacaron,neither,0.03945320844208391,0.33037608806864915,0.630170703489267
no whitney?,neither,0.03848957175417732,0.3467315175537778,0.6147789106920449
YAY! <3,neither,0.03945320844208391,0.33037608806864915,0.630170703489267
oh weave,neither,0.046192855847311955,0.26685084782252855,0.6869562963301595
Wait... what...?,neither,0.04877470361900789,0.3238348708445956,0.6273904255363965
I was wondering..,neither,0.03929616940233662,0.33304145041239575,0.6276623801852675
Oh no mine froze,neither,0.0434377814966223,0.29766315027834955,0.6588990682250282
Whitney is out this week.,neither,0.04226277463629598,0.34451002784170437,0.6132271975219995
The role of Okoye will be played tonight by Trisha Hershberger,neither,0.03871515917757155,0.31646857802888934,0.6448162627935391
Congrats!,neither,0.03945320844208391,0.33037608806864915,0.630170703489267
Looking forward to you all being so joyful! :),offensive_language,0.05957807053322948,0.5242436977789683,0.4161782316878022
Congrats,neither,0.03945320844208391,0.33037608806864915,0.630170703489267
"Aww, Sally 3000 was so fun",neither,0.039321149482121585,0.3664263458198971,0.5942525046979814
Congrats @ Caroline The Geek,neither,0.03880308504372188,0.3185634289185744,0.6426334860377039
Congrats!,neither,0.03945320844208391,0.33037608806864915,0.630170703489267
Wait no...,neither,0.03809577405514945,0.35341529223637935,0.6084889337084712
gandsSubHype gandsSubHype gandsSubHype gandsSubHype gandsSubHype gandsSubHype gandsSubHype gandsSubHype gandsSubHype gandsSubHype gandsSubHype gandsSubHype gandsSubHype,neither,0.03945320844208391,0.33037608806864915,0.630170703489267
Congrats .,neither,0.03945320844208391,0.33037608806864915,0.630170703489267
I confused,neither,0.03945320844208391,0.33037608806864915,0.630170703489267
"Hi Gina, Trisha, Becca, Stef and Amy!",neither,0.03868284165753408,0.29150793163893735,0.6698092267035286
"Damn it, this game is chaos it's hard to keep track of characters.",offensive_language,0.04346248053987369,0.6690306899553692,0.28750682950475714
XD,neither,0.03945320844208391,0.33037608806864915,0.630170703489267
tisha is a worthy replacement,neither,0.04638975465049957,0.32799029174806915,0.6256199536014313
"....it's Fistful of Dollars, y'all xD",neither,0.03996233081786303,0.42557783130262,0.5344598378795169
Fistful of dollars.,neither,0.03945320844208391,0.33037608806864915,0.630170703489267
That DM screen is awesome!,neither,0.042701025454593755,0.3632525054040406,0.5940464691413657
#FTWDK,neither,0.03945320844208391,0.33037608806864915,0.630170703489267
LUL Those were really good,neither,0.05996870908392386,0.25281126134339277,0.6872200295726834
"it's okay, stef will only actually know about every 10 words of the song anyway.",neither,0.037700554764747526,0.327149667272811,0.6351497779624415
@Skarrowed They were gifted it last week.,neither,0.038568850342320174,0.31369203164669257,0.6477391180109873
@5horbust so true,neither,0.03940988895743227,0.40335630922105503,0.5572338018215127
"@Skarrowed The builder presented last episode, as a unique product for the show.",neither,0.04189060841467537,0.26770932023772664,0.690400071347598
Yay,neither,0.03945320844208391,0.33037608806864915,0.630170703489267
Someone save Whitney from Becca's dungeon!,neither,0.04037384057038563,0.31475055819297243,0.6448756012366419
@Skarrowed the game inventor handmade it for the show,neither,0.04266792746213372,0.19897876885203658,0.7583533036858298
Western remake of Yojimbo,neither,0.03945320844208391,0.33037608806864915,0.630170703489267
"So good, the Swan Song for the Salivator, I RT'd that one lol",neither,0.020375840391104946,0.45235176693776386,0.5272723926711312
That's so cool!,neither,0.03370500952970764,0.45829613352409315,0.5079988569461991
Howlett you say?!,offensive_language,0.09087254262289358,0.45857920991606765,0.4505482474610388
TRISHA!!!,neither,0.03945320844208391,0.33037608806864915,0.630170703489267
=:O,neither,0.03945320844208391,0.33037608806864915,0.630170703489267
@davidflegel we'll get plenty of in-tune vocalizing! haha.,neither,0.03595504072534312,0.3897491237119881,0.5742958355626687
What’d I miss?,neither,0.036306666459524344,0.32819641805645544,0.6354969154840202
@5horbust lol,neither,0.020706217963973744,0.4882283491876925,0.4910654328483337
LUL,neither,0.03945320844208391,0.33037608806864915,0.630170703489267
Thanks @archamedes,neither,0.035884468650613,0.3004919205142699,0.6636236108351171
"They announced the winners of the Twitter contest, that's all you missed. :P",offensive_language,0.04616347201649107,0.49267760744718425,0.46115892053632457
Awesome titles everyone. :),neither,0.03424184622650624,0.4188265054386091,0.5469316483348846
That's awesome,neither,0.03419525192306799,0.38790559219732307,0.5778991558796089
PogChamp Whitney is a shape shifter,neither,0.04684744310462605,0.3278328717011152,0.6253196851942586
"ooooh, good Pop-pop from Trish! <3",neither,0.042045844012688675,0.277150497204708,0.6808036587826033
Lets go,neither,0.039984317429425154,0.35542799280679366,0.6045876897637812
"LUL I kid, I kid",neither,0.03889176037052213,0.33990532710575827,0.6212029125237196
And Very big arm on Cowley.,neither,0.02315315675411166,0.3624159878834154,0.614430855362473
"Woops, didn't realize it had started. (For some reason hosting seems to break the autoplay for me)",neither,0.021978858363680655,0.35183420390601644,0.6261869377303029
Amy is blasty rock lady.,neither,0.046477759508358814,0.3279600228419356,0.6255622176497057
Is that a Whitney mimic? :p,neither,0.04384559497543054,0.3737484569973207,0.5824059480272488
Did someone open a bag of Sun Chips?,neither,0.041476869457698726,0.2960292792992636,0.6624938512430377
love trish playing a Whitney character,neither,0.03714235288979022,0.3410762024156437,0.621781444694566
Only one show with Stef and Becca on GnS BibleThump BibleThump BibleThump BibleThump BibleThump BibleThump,neither,0.03606816863420213,0.2908963444602976,0.6730354869055002
a bolt thrower! it throws bolts,neither,0.03761218770134201,0.33100929952250563,0.6313785127761523
Basically a rail gun,neither,0.03945320844208391,0.33037608806864915,0.630170703489267
NotLikeThis gandsGandsEars,neither,0.03945320844208391,0.33037608806864915,0.630170703489267
Grell the Retired!,neither,0.038351000110748164,0.310092396174505,0.6515566037147468
Want the inside scoop? Join the cast of Critical Role and discuss this episode right here on Talks Machina. Tuesdays 7pm Pacific at twitch.tv/geekandsundry and projectalpha.com,neither,0.04630302093207864,0.22484473131932575,0.7288522477485957
Amy is swole!,neither,0.04663967379915135,0.3279043330926547,0.625455993108194
Amy Strong,neither,0.03945320844208391,0.33037608806864915,0.630170703489267
Bolt Thrower is also a heavy metal band from the '90s. :D,neither,0.044427424961937995,0.30784338826425794,0.6477291867738041
"Oh no, we've got a mic rub!",neither,0.023764550060128852,0.32394183387351516,0.6522936160663558
The Graal spike cannon?,neither,0.03865414365866405,0.3157992504274977,0.6455466059138384
@Danoba someone's mic is hot with some movement I presume? Thanks and cheers heh,neither,0.031606812137795405,0.3254433282846869,0.6429498595775178
@davidflegel Not nearly enough,neither,0.038118393329989717,0.33539162840894404,0.6264899782610661
@BlackLionoftheStars Thanks.,neither,0.035884468650613,0.3004919205142699,0.6636236108351171
@Aledoonia too true,neither,0.039074702587159664,0.33680032024827933,0.624124977164561
Nightbot....it isn't turntsday yet. Go back to your hidey hole.,neither,0.06604911336108227,0.3246903231368082,0.6092605635021094
Doomsday Cult,neither,0.03945320844208391,0.33037608806864915,0.630170703489267
Amy is Falcon confirmed,neither,0.04674911475320091,0.3278666913300761,0.625384193916723
Just me or does Trisha's Papa remind anyone of the star of Mama's Family?,neither,0.02602140818675047,0.4233912275224358,0.5505873642908138
"Careful, Becca. Pants. Pants!",neither,0.03945320844208391,0.33037608806864915,0.630170703489267
<3,neither,0.03945320844208391,0.33037608806864915,0.630170703489267
Lmao omg lol,neither,0.028735707107516655,0.42294693014198437,0.5483173627504989
@Zismarith I was thinking the same thing.,neither,0.039236739598682124,0.3230784316024004,0.6376848287989174
:D,neither,0.03945320844208391,0.33037608806864915,0.630170703489267
Becca's necklace goes great with that shirt. :D,neither,0.02540196678736601,0.3776562798059887,0.5969417534066453
"oooh, I love how Becca coordinated her necklace with her top",offensive_language,0.020518851772186666,0.6698144442350974,0.3096667039927159
BabyRage I need an adult !,neither,0.03960710561458735,0.32262909837324877,0.6377637960121639
Sooo many pretty women at that table!,neither,0.04156337166063857,0.4370318514666039,0.5214047768727575
LUL,neither,0.03945320844208391,0.33037608806864915,0.630170703489267
"@Skarrowed she's always SUPER elegant. goals, man xD",offensive_language,0.03931360803967466,0.48064241073567776,0.4800439812246476
agreed @pysklops,neither,0.03945320844208391,0.33037608806864915,0.630170703489267
@cinphoria LOL,neither,0.020706217963973744,0.4882283491876925,0.4910654328483337
@Zismarith what makes you think she is actually wearing pants? ;),neither,0.0690439049828481,0.4253027206311822,0.5056533743859697
@characterstigma I am an adult,neither,0.039587243851547556,0.32453455529321107,0.6358782008552414
@davidflegel Nothing! That's the point!,neither,0.031336565238167226,0.40925284240845605,0.5594105923533766
lightsaber aka laser sword,neither,0.03945320844208391,0.33037608806864915,0.630170703489267
"@pysklops Vicki Lawrence? I could see that. Well, hear it.",neither,0.035427530090379016,0.3631066687444675,0.6014658011651535
"@CharacterStigma I am a dolt, which is somewhat similar.",neither,0.04430951392086334,0.3287057819256831,0.6269847041534535
So basically One Piece.,neither,0.038524193984956746,0.40949084259696195,0.5519849634180812
becca has transcended the mortal need for pants,neither,0.03439706822086959,0.28973020539399685,0.6758727263851336
"Is everyone rea- shit, I'm late. Enjoy WEAVE everyone! :D",offensive_language,0.05021563066216119,0.9127698239959213,0.03701454534191756
gandsHR gandsHR gandsHR gandsHR,neither,0.03945320844208391,0.33037608806864915,0.630170703489267
"ok. Just got here, but.. where's Whitney?",neither,0.06567575688184302,0.33730574927866375,0.5970184938394932
"Night, @TheDiMono",neither,0.02550723072422885,0.32941079269047424,0.6450819765852968
99 alien virgins on the wall.,neither,0.03689735757577984,0.3283607116178644,0.6347419308063558
