text,top_class,hate_speech,offensive_language,neither
please just let the movement pass,neither,0.02401868400859237,0.3593161765434082,0.6166651394479994
That was a quick start...,neither,0.034966981118872385,0.380129453605787,0.5849035652753406
@FuffyButt 25 points,neither,0.03945320844208391,0.33037608806864915,0.630170703489267
D&J hype!,neither,0.03945320844208391,0.33037608806864915,0.630170703489267
"Just playin, I love this show <3",neither,0.04619765039164602,0.2874749212540917,0.6663274283542622
ayyyyy,neither,0.03945320844208391,0.33037608806864915,0.630170703489267
howdy,neither,0.03945320844208391,0.33037608806864915,0.630170703489267
Did they not see the show before them? :P,neither,0.0621506807404953,0.30195722005233216,0.6358920992071725
Aliza <3,neither,0.03945320844208391,0.33037608806864915,0.630170703489267
alize ifdeezYa ifdeezYa ifdeezYa,neither,0.03945320844208391,0.33037608806864915,0.630170703489267
"Hi Sax, Hector, Uh Leeza and Keller!",neither,0.038797484141719144,0.29779321240813417,0.6634093034501467
!rbschedule,neither,0.03945320844208391,0.33037608806864915,0.630170703489267
Find the rebroadcast schedule for today here: http://bit.ly/TueRebroadcast,neither,0.05993176898675194,0.16282973960513905,0.7772384914081091
I'm sure they were there for the end....,neither,0.02980166613675638,0.35765097852560657,0.612547355337637
I like your glasses Aliza,neither,0.11251370305105148,0.3351050766792489,0.5523812202696996
We just spent a whole hour listening to poop stories on Bizarre States so not to far off topic,neither,0.04097318554944917,0.36372386000420015,0.5953029544463507
I’m able to watch live for once ! working a night shift tonight this makes it so much better ✌️,neither,0.03608618282808023,0.3232602882901903,0.6406535288817296
jeez,neither,0.03945320844208391,0.33037608806864915,0.630170703489267
@jhembling332 congratz and welcome,neither,0.038364781541636334,0.272536905496441,0.6890983129619228
!whodat,neither,0.03945320844208391,0.33037608806864915,0.630170703489267
"GM Sax Carr ( twitter.com/SaxCarr ), Hector Navarro ( twitter.com/Hectorisfunny ), Keller Knoblock ( twitter.com/KellerKnoblock ), with guest Aliza Pearl ( twitter.com/AlizaPearl ).",neither,0.03550135436315452,0.4696599489180058,0.49483869671883973
"Abby is right, there's a cooloff period for theater trips.",neither,0.03970467444710735,0.29781107046868366,0.6624842550842089
Don't die on stream Sax! gandsSaxHype gandsSaxHype,neither,0.18199795593765908,0.1473264704252227,0.6706755736371182
Thanks a lot Hector just making everyone feel old,neither,0.030842886098013018,0.40077417921442027,0.5683829346875668
Aliza is also the captain of the Glass Dragon,neither,0.0438237087527945,0.3061586515589929,0.6500176396882126
@chaoticloony thank you very much,neither,0.0517609983293255,0.3932210226596965,0.5550179790109779
,neither,0.03945320844208391,0.33037608806864915,0.630170703489267
Liza is -the- Trek Nerd,neither,0.045423238154642366,0.31461882855569,0.6399579332896677
strawpoll.me/15173018,neither,0.018491955366437673,0.460246435692358,0.5212616089412043
"@Zismarith Don't worry, he's contractually obligated to not die on stream.",neither,0.16033101884624212,0.18052492495531458,0.6591440561984432
Local LA Theater!,neither,0.03945320844208391,0.33037608806864915,0.630170703489267
"Help G&S make great content! $4.99/month gets you emotes, Minecraft server access, sub-only VODs, and more! Every sub keeps the channel alive! twitch.tv/geekandsundry/subscribe",neither,0.043907990691603095,0.31135964332838284,0.644732365980014
@harberst That's quite a contract!,neither,0.03589612083795246,0.36900869981262185,0.5950951793494258
I wanted Aliza Sailor Scout damn it,offensive_language,0.04299744376215959,0.6890060209952507,0.26799653524258976
Points to Sax for being able to pronounce Aliza's name correct unlike Damion!,neither,0.04021919468131389,0.32438543295959543,0.6353953723590907
Ness-lay!,neither,0.03945320844208391,0.33037608806864915,0.630170703489267
A-lee-zuh,neither,0.03945320844208391,0.33037608806864915,0.630170703489267
hello everyone <3,neither,0.03269494828970791,0.4450814005079928,0.5222236512022994
And they have never been in a car. Except the one time.,neither,0.03343461296387993,0.36643624429688587,0.6001291427392341
"Aliiiiza, the Trekkie Sister, Setting to Phase *sings to a certain Hamilton tune*",neither,0.04647349352162963,0.317006032839008,0.6365204736393625
Hey @Leigh574,neither,0.03945320844208391,0.33037608806864915,0.630170703489267
Hi @Leigh574,neither,0.03945320844208391,0.33037608806864915,0.630170703489267
@danoba hi @chaoticloony hi,neither,0.03945320844208391,0.33037608806864915,0.630170703489267
I've actually had near panic attacks about car doors opening by accident while on the highway.,neither,0.02711484350641759,0.35023342468382956,0.622651731809753
BOOM!,neither,0.03945320844208391,0.33037608806864915,0.630170703489267
"Hey, @Leigh574",neither,0.03945320844208391,0.33037608806864915,0.630170703489267
"brb, goin to abuse that privilege",neither,0.04110165861258953,0.3554429681307641,0.6034553732566464
@jeffm0307 hi,neither,0.03945320844208391,0.33037608806864915,0.630170703489267
how is the the #2 subscribed to channel on twitch?,neither,0.04721284415869105,0.3116439602519102,0.6411431955893988
im new sorry,neither,0.043134604998231026,0.2554341343330158,0.7014312606687533
I mean gotta be Alaska right?,neither,0.037500656764345316,0.3751981352434164,0.5873012079922383
"@Tokz Fun shows, great community, good people!",neither,0.05809889355540518,0.3093990352852348,0.6325020711593601
@Tokz some nerdy arse voice actors playing D&D,neither,0.03435496796626744,0.33900066533595935,0.6266443666977733
@Tokz Why do you ask?,neither,0.044529939246580316,0.4231953643057619,0.5322746964476578
Geekin out @Tokz,neither,0.034408292430962426,0.3498894523942272,0.6157022551748103
but if they go there in winter it should be somewhere warm like hawaii,neither,0.037837803998786106,0.3792821087723919,0.582880087228822
Welcome,neither,0.03945320844208391,0.33037608806864915,0.630170703489267
I mean if you want to make sense @Bluesky83,neither,0.039754360505271466,0.42397528137993284,0.5362703581147956
"@chaoticloony The nerdy-ass voice actors are also a big pull, indeed",offensive_language,0.10038803772175423,0.811422170292618,0.08818979198562789
"Somewhere in the North, Maybe Nova Scotia",neither,0.03867513968946239,0.3161904047894884,0.6451344555210491
because I just checked the # of subscribers of top twich channels,neither,0.03580808420922791,0.33350900158228025,0.6306829142084919
"and this was number two, was just suprised, thats sweet though, nice!",neither,0.03656041469069604,0.31637415764519483,0.647065427664109
"@japenrose they brought me here, but so many other shows keep me here",neither,0.07968705466452876,0.36332685672113474,0.5569860886143365
@chovexani I mean Alaska would probably be cooler anyway,neither,0.03854368123974507,0.3424538950062205,0.6190024237540346
badumch,neither,0.03945320844208391,0.33037608806864915,0.630170703489267
The improv here is always so good haha,neither,0.08883059363411455,0.42909105497519284,0.4820783513906926
@chaoticloony Same! The artist that actually introduced me to CR from her fanart is doing the next cover of the CR comic!!,neither,0.035605146384215934,0.4229703106613053,0.5414245429544788
"it's a 303 area code, btw",neither,0.03827332171943311,0.33078190521698536,0.6309447730635817
"CR is why I came here, but not why I subbed :)",neither,0.046862663876503174,0.33591715064114436,0.6172201854823525
this show always help get over that mid week slump lol,neither,0.03674953699458051,0.3915270396770944,0.5717234233283252
What is this show and why isn't it critical role :o,neither,0.04809555327103207,0.258179895527151,0.693724551201817
More like a 420 area code. B),neither,0.04907681664832463,0.33477683075992154,0.6161463525917539
that's boulder :P,neither,0.026110925149043836,0.4791292047641166,0.4947598700868395
@Leigh574 It's TWC for me :),neither,0.017356956691815507,0.35259402456505945,0.630049018743125
XD omg a bad photoshop edit on a lemon got me a Christopher Perkins follow?,neither,0.032453713551538525,0.3789672859828379,0.5885790004656236
really John Denver? I'd have thought most people want to talk to Elvis,neither,0.0531541963867655,0.2676535969155565,0.679192206697678
We have a subscriber-only Discord server! Join here: https://discord.gg/geekandsundry (you'll need to sub and link it to your Twitch) and be a part of the fun!...Warning: It can take up to an hour for the server to update and give you access to the channels,neither,0.08464076273808444,0.286394834032893,0.6289644032290227
@vermillioncrimson l9ve TWC also.. Too late for me to watch live though. it's my Thursday morning wake up,neither,0.03563568683363664,0.33198143175914235,0.632382881407221
@ryan_witalison dick and johnson are better than most ppl,offensive_language,0.09045449807914722,0.6922818519278187,0.21726364999303416
Critrole's on tmozzle,neither,0.02983740057173753,0.3797445071048369,0.5904180923234256
@chaoticloony But definitely agreed that so many shows are wonderful here. CR brings you but the community hooks you.,neither,0.08391462187439387,0.3713505204149951,0.5447348577106111
"Help G&S make great content! $4.99/month gets you emotes, Minecraft server access, sub-only VODs, and more! Every sub keeps the channel alive! twitch.tv/geekandsundry/subscribe",neither,0.043907990691603095,0.31135964332838284,0.644732365980014
Hey can I ask a serious question,neither,0.03969042667810025,0.3263498755131887,0.6339596978087111
I actually started to read Vampire Hunter D because Tal mentioned that Yoshitaka Amano did the artwork for it. It ain't a comic but they got me reading something :P,neither,0.02343101855984968,0.44505840321327783,0.5315105782268725
@Danoba dude https://twitter.com/ChrisPerkinsDnD/status/969008409168068609 XD whuuuut,neither,0.03888250897654766,0.423048090465368,0.5380694005580843
i was CR first >.>,neither,0.03227381755767723,0.3349013570462144,0.6328248253961084
@Jinxtah sure,offensive_language,0.030544123004943555,0.5442266193377375,0.42522925765731895
Without anyone getting all hot and bothered.,neither,0.03678704657954102,0.40100753682845985,0.5622054165919993
that 'anyway' XD,neither,0.03379184532521521,0.39242003170086004,0.5737881229739247
Double check when your mom is the only one that says anything,neither,0.05157372085290347,0.3921838411971491,0.5562424379499474
I believe you should be ok @Jinxtah,neither,0.0825823521487909,0.4502629244639714,0.4671547233872376
"@Jinxtah Depends on the question, but go for it.",neither,0.029661848644659587,0.3158443314922009,0.6544938198631396
bet its a toll question,neither,0.03309657516669702,0.33256242573930356,0.6343409990939993
Apparently she's a Valley Dragon.,neither,0.04058190206376859,0.39893160440267855,0.5604864935335527
ha @JeffM0307,neither,0.03945320844208391,0.33037608806864915,0.630170703489267
troll q,neither,0.03945320844208391,0.33037608806864915,0.630170703489267
An Asian dragon? A long?,neither,0.04952036190783158,0.15287947230388585,0.7976001657882825
"So I'm in the process of catching up on Critical Role season 1, and it made me wonder about something. Are there even any other shows of note on this channel, or is critical role pretty much the only thing that pulls in the $$$ and justifies the channel",neither,0.03829043814943118,0.3325739341326806,0.6291356277178882
Or are there realistically other shows that have thousands of viewers and is as good,neither,0.05344573509654135,0.3046605459934275,0.6418937189100312
@Jinxtah Watch some things and decide for yourself.,neither,0.03212475192448064,0.2882557231988558,0.6796195248766637
SO many channels of worth,neither,0.039414681657754226,0.36820795330192946,0.5923773650403162
"Soz, show*",neither,0.07685697407988158,0.17767316758924298,0.7454698583308754
Is it just me or is the stream a tad on the quiet side?,neither,0.03459693702009187,0.3721492758425942,0.593253787137314
"Let's make that right, shows*",neither,0.021820136544722753,0.4181509624959679,0.5600289009593094
"@Jinxtah Good and popular are two different things. I love CR, but there are number of shows here that I like better.",neither,0.09273210777023734,0.2605501608468524,0.6467177313829103
"Well that wasn't what I asked though, harberst. It shouldn't be hard to answer if you're a regular. Critical role pulls in tens of thousands in subs, right. Honest question",neither,0.040870473238905365,0.4675371242332328,0.49159240252786185
Something's up with my chat. I can't see any messages. Are my messages getting through?,neither,0.029934409371433025,0.45821364301714634,0.5118519476114206
@The_TBoyce Yes.,neither,0.03945320844208391,0.33037608806864915,0.630170703489267
"Cool, cool @darkofnate What other shows do you prefer",neither,0.05493973245380502,0.3561449028418276,0.5889153647043672
"@Jinxtah there are many fabulous show on the channel, but Critical Role IS the biggest but not the best to me",neither,0.05368519355207497,0.26400102825922334,0.6823137781887018
we have MANY shows of note. all different types to appeals to different tastes,neither,0.046828917165785446,0.3667691721326246,0.58640191070159
nothing hits the numbers of critrole. but it's not the only show worthwhile here,neither,0.07229590632444578,0.2730679632363827,0.6546361304391716
"@Jinxtah You asked if there was anything else good. ""good"" is a matter of personal taste.",neither,0.03921609639739533,0.36091551611775813,0.5998683874848466
@Jinxtah Do you think a show is good or worth watching only if thousands of people watch it live?,neither,0.07717315955316803,0.3325298989159687,0.5902969415308632
"hmm imma still take all that shade as a win, definately a troll",neither,0.03632876835456523,0.4245928537654208,0.5390783778800139
"@Jinxtah for many, CR is the gateway drug, then they tend to stay for the other awesome shows and amazing community",neither,0.03931283150773778,0.2773563098569094,0.6833308586353528
"@Jinxtah Wednesday Club, Shield of Tomorrow, Gather Your Party. It varies.",neither,0.05729492858230538,0.32552090914635307,0.6171841622713415
Want the inside scoop? Join the cast of Critical Role and discuss this episode right here on Talks Machina. Tuesdays 7pm Pacific at twitch.tv/geekandsundry and projectalpha.com,neither,0.04630302093207864,0.22484473131932575,0.7288522477485957
