text,top_class,hate_speech,offensive_language,neither
but it thursday,neither,0.03374629716220323,0.3432345720635036,0.6230191307742933
"Download the new Critical Role theme song for Campaign Two! http://itunes.apple.com/album/id1331550250?ls=1&app=itunes Sales of the song support the musician, Jason Charles Miller.",neither,0.04445767596344001,0.2510827790306858,0.7044595450058742
!clock @uneasynog,neither,0.03945320844208391,0.33037608806864915,0.630170703489267
!clock,neither,0.03945320844208391,0.33037608806864915,0.630170703489267
It is currently Wednesday 7:02 PM at the Geek & Sundry studio in California.,neither,0.05099674081407455,0.32965433924134396,0.6193489199445814
"@japenrose Haha, no, I just watch them obsessively every time, is all. :)",offensive_language,0.05577240990261131,0.47777413001512076,0.46645346008226785
Embraces unto those for whom an embrace is a pleasant form of contact!,neither,0.05180473575359997,0.27642537264268874,0.6717698916037113
@shinykiiwii normally they do but technically it's 10 pm for me,neither,0.02971177068354487,0.3411943672323267,0.6290938620841284
EYYYY!!,neither,0.03945320844208391,0.33037608806864915,0.630170703489267
"Greetings, dear nerds!",neither,0.03945320844208391,0.33037608806864915,0.630170703489267
"I'm literally planning to ditch Dish shortly, 'cause all I watch is G&S",neither,0.052627808293302054,0.3852621114876874,0.5621100802190105
"Amy ,Taliesin and Other guy.",neither,0.038309922378135054,0.30009893633287277,0.6615911412889921
oh shiiiiiiiiii-,neither,0.051363287716059566,0.22255663153133606,0.7260800807526044
"@Smarcey Ye, Their is some powerful stuff init.",neither,0.03859964848530027,0.3385718815724581,0.6228284699422416
Hi all!,neither,0.0423466876598404,0.4436528871510691,0.5140004251890904
different time zones buddy,neither,0.03855043726947652,0.3456984709128132,0.6157510918177104
"@shinykiiwii lets talk in the messaging, or maybe discord and try to work it out if possible, only problem is I'm 3 hours ahead of the time, so I have to be asleep in a few hours, or sooner, we could try talking ovee discord tommorow to work it out",neither,0.030805544436190452,0.36014132121200143,0.6090531343518081
it the kids!,neither,0.03585311636038352,0.3055377246318209,0.6586091590077956
Aayyyeee,neither,0.03945320844208391,0.33037608806864915,0.630170703489267
Hi @owifig,neither,0.03945320844208391,0.33037608806864915,0.630170703489267
Yay!!,neither,0.03945320844208391,0.33037608806864915,0.630170703489267
Crisis on Infinite Wednesdays.,neither,0.03598177216633989,0.34715204853042375,0.6168661793032364
"Ooh, just in time!",neither,0.03343328943977223,0.3744328848853953,0.5921338256748324
Here we go,neither,0.13156755280784707,0.2765461283225309,0.5918863188696221
gandsSubHype gandsSubHype gandsSubHype gandsSubHype gandsSubHype gandsSubHype gandsSubHype gandsSubHype gandsSubHype gandsSubHype gandsSubHype gandsSubHype gandsSubHype gandsSubHype gandsSubHype gandsSubHype,neither,0.03945320844208391,0.33037608806864915,0.630170703489267
hi everyone😊,neither,0.032490659208996964,0.4485487193596734,0.5189606214313296
Good morning veitna!m,neither,0.04970930963283925,0.13564577574880146,0.8146449146183593
gandsLessthanthree gandsLessthanthree gandsLessthanthree gandsLessthanthree,neither,0.03945320844208391,0.33037608806864915,0.630170703489267
HI 52 EPISODES!!,neither,0.03945320844208391,0.33037608806864915,0.630170703489267
WOOOOOOO,neither,0.03945320844208391,0.33037608806864915,0.630170703489267
Yeah!!,offensive_language,0.013968601452186464,0.5182923869769311,0.4677390115708824
Smack the logo on its side. :P,neither,0.028259530508267666,0.35953619619668065,0.6122042732950518
Yaaaay!,neither,0.03945320844208391,0.33037608806864915,0.630170703489267
Whooo!,neither,0.03945320844208391,0.33037608806864915,0.630170703489267
HIIIIII,neither,0.03945320844208391,0.33037608806864915,0.630170703489267
Congratulations!!!,neither,0.03945320844208391,0.33037608806864915,0.630170703489267
Yay!!!,neither,0.03945320844208391,0.33037608806864915,0.630170703489267
"Hi Taliesin, Amy and Matt!",neither,0.0388100252782571,0.29846695177565247,0.6627230229460904
gandsSubHype gandsSubHype gandsSubHype gandsSubHype gandsSubHype gandsSubHype gandsSubHype gandsGandsVaxSigil gandsCrit,neither,0.03945320844208391,0.33037608806864915,0.630170703489267
Hahaha,neither,0.03945320844208391,0.33037608806864915,0.630170703489267
gandsLessthanthree gandsLessthanthree gandsLessthanthree,neither,0.03945320844208391,0.33037608806864915,0.630170703489267
HI!,neither,0.03945320844208391,0.33037608806864915,0.630170703489267
Ken Nguyen art!,neither,0.03945320844208391,0.33037608806864915,0.630170703489267
Wooo!!!!,neither,0.03945320844208391,0.33037608806864915,0.630170703489267
"Whoo, now it's officially Wednesday!",neither,0.038428742786704426,0.330728448785024,0.6308428084282715
@PrimroseFrost doogHi doogPaw,neither,0.03945320844208391,0.33037608806864915,0.630170703489267
the mew 52?,neither,0.038372653207642965,0.3105039192898759,0.6511234275024811
YAAAAYYYY!!!,neither,0.03945320844208391,0.33037608806864915,0.630170703489267
oh Taliesin,neither,0.051363287716059566,0.22255663153133606,0.7260800807526044
Matt got a haircut lol,neither,0.03169366634250604,0.41961257297479615,0.5486937606826977
gandsGandsRobotParty gandsGandsRobotParty gandsGandsRobotParty gandsGandsRobotParty gandsGandsRobotParty gandsGandsRobotParty gandsGandsRobotParty Happy Anniversary! gandsLessthanthree gandsLessthanthree gandsLessthanthree,neither,0.03945320844208391,0.33037608806864915,0.630170703489267
PartyPopper,neither,0.03945320844208391,0.33037608806864915,0.630170703489267
Love the chalk art of Psycho Pirate!,neither,0.03716287351826624,0.32840602684060316,0.6344310996411306
52!!!,neither,0.03945320844208391,0.33037608806864915,0.630170703489267
you gotta make it morbid,neither,0.06009948570711168,0.45374137173294027,0.4861591425599481
"Help G&S make great content! $4.99/month gets you emotes, Minecraft server access, sub-only VODs, and more! Every sub keeps the channel alive! twitch.tv/geekandsundry/subscribe",neither,0.043907990691603095,0.31135964332838284,0.644732365980014
Hi Taaaaliesin,neither,0.03945320844208391,0.33037608806864915,0.630170703489267
Next week we start The New 52.,neither,0.04083823097537195,0.261787701774806,0.6973740672498221
Perry Bible Fellowship reference! PogChamp,neither,0.03945320844208391,0.33037608806864915,0.630170703489267
NEW SHOW,neither,0.07041113153279294,0.10738856248686754,0.8222003059803394
oh we ARE VERY EXCITE,neither,0.06670988756941283,0.25321364589039536,0.6800764665401918
I feel like it just started,neither,0.04384843436504204,0.37402765547239086,0.582123910162567
"Hello, Wednesdaisies! Greetings from 34,000 feet!",neither,0.040212383715525775,0.31749090238875816,0.6422967138957162
Can’t wait for his show,neither,0.08400274195446183,0.21325899527405043,0.7027382627714878
I am excite for you Matt,neither,0.04577643627026223,0.3379429567416806,0.616280606988057
MATT KEY NEW SHOW! HYPE!!!!!!!,neither,0.05368672167981729,0.20893010335304515,0.7373831749671376
It was me,neither,0.024409443436055472,0.409035800203909,0.5665547563600355
ok chief!,neither,0.03939414944712856,0.3313784733447362,0.6292273772081354
YAAAYY ANNIVERSARY!,neither,0.03945320844208391,0.33037608806864915,0.630170703489267
we're always excited you guys,neither,0.07519709325965414,0.40500941097845017,0.5197934957618956
HUZZAH!!!!!,neither,0.03945320844208391,0.33037608806864915,0.630170703489267
"Hi, @RMutt1917 Good to see you here!",neither,0.1435323888014629,0.32242893812503554,0.5340386730735014
has anyone heard when the some of the sold out products in the G&S store will be restored?,neither,0.03831280501723791,0.3285966993884886,0.6330904955942734
"Congrats on a year, y'all!",neither,0.03821231171204749,0.4234332335539159,0.5383544547340366
Hello @the_tboyce,neither,0.03945320844208391,0.33037608806864915,0.630170703489267
Happy 52 everyone!!,neither,0.03388504048846172,0.42488243000199816,0.5412325295095402
Huzzah!!!!!,neither,0.03945320844208391,0.33037608806864915,0.630170703489267
Huzzah!,neither,0.03945320844208391,0.33037608806864915,0.630170703489267
damn right we exclusive,offensive_language,0.04376941559166585,0.7842378315790268,0.17199275282930734
!rebroadcast,neither,0.03945320844208391,0.33037608806864915,0.630170703489267
Hi Chief,neither,0.03945320844208391,0.33037608806864915,0.630170703489267
Woooooooh!,neither,0.03945320844208391,0.33037608806864915,0.630170703489267
Wow! Awesome!,neither,0.03945320844208391,0.33037608806864915,0.630170703489267
Yay!,neither,0.03945320844208391,0.33037608806864915,0.630170703489267
"I talked with Marisha last night about Key Question, and I am SO hyped!",neither,0.027987611743149773,0.3682252358890245,0.6037871523678258
Love to hate?,hate_speech,0.6066464043995251,0.1207859960222991,0.2725675995781759
Cannot wait,neither,0.03945320844208391,0.33037608806864915,0.630170703489267
I am ready for this show,neither,0.04714144793780252,0.22461861692704344,0.7282399351351541
Last Amy with till after ECcc.,neither,0.03047449626040812,0.3610508872774043,0.6084746164621876
The streams are crossing,neither,0.060517576688298956,0.27753859074144616,0.6619438325702548
this is... very interesting considering my letter to them,neither,0.04952737204758771,0.37753549240209633,0.572937135550316
Whoa,neither,0.03945320844208391,0.33037608806864915,0.630170703489267
"I know why I hate Deadpool, IDK",neither,0.255739421020143,0.2274870909519689,0.516773488027888
Damn Matt this is gonna be hilarious AND deep?,offensive_language,0.048983959422888385,0.6714743352527093,0.27954170532440237
My first live show and it's number 52! SO EXCITED!!!,neither,0.03668015433705535,0.3392601314163001,0.6240597142466445
Hm. Fizzy.,neither,0.03945320844208391,0.33037608806864915,0.630170703489267
we are going infinite!,neither,0.0804816688059647,0.3052270071999973,0.614291323994038
!twc,neither,0.03945320844208391,0.33037608806864915,0.630170703489267
uh oh tech issues?,neither,0.04351365096736349,0.29136598524225243,0.6651203637903841
"Here are some handy The Wednesday Club resources! TWC Reddit: reddit.com/r/WednesdayClub/ | Discord: https://discord.gg/6QK9fVB | Wednesday Club Fanclub on Facebook: facebook.com/groups/1945232949091586/ | Send in your thoughts, comic recommendations, questions, and more to Matt, Amy, and Taliesin at thewednesdayclub@geekandsundry.com",neither,0.05001524745118048,0.31503641584425707,0.6349483367045624
I feel that Matt should sit in the middle — that way he could be the keystone.,neither,0.04340082913250238,0.3767824137994555,0.5798167570680423
oh sheet,neither,0.04535734983354261,0.27438591475104485,0.6802567354154126
black bars of preview madness!,neither,0.05414259421115454,0.31781093047835346,0.628046475310492
"@mathemagician_ Love is Love feels like something to take your time with, weather its by its nature or not Im unsure but It definitly is a complex piece of art that deserves hard contemplation",offensive_language,0.0408950941482641,0.5068527742354446,0.4522521316162913
Welcome @kppalm269,neither,0.03945320844208391,0.33037608806864915,0.630170703489267
Is this on VHS suddenly?,neither,0.04484563115161599,0.34396881788819617,0.6111855509601878
is anyone else getting black lines at times across the picture?,neither,0.05268592498127829,0.36441127191172845,0.5829028031069932
@japenrose ok so the weird 80s tv lines werent just me! good to know,neither,0.03541066762480198,0.37537459928696676,0.5892147330882312
:D,neither,0.03945320844208391,0.33037608806864915,0.630170703489267
!points @morpheus930,neither,0.03945320844208391,0.33037608806864915,0.630170703489267
"That was an excellent pun, @morpheus930! Here, have some points for that one! You have been awarded 74 points!",neither,0.050805666259642904,0.3851811885541635,0.5640131451861937
yup,neither,0.03945320844208391,0.33037608806864915,0.630170703489267
His hair matches his shirt!,neither,0.08521488178303495,0.33142579806391803,0.583359320153047
"Chill sweet Deadpool, aww <3",neither,0.03945320844208391,0.33037608806864915,0.630170703489267
Oh thank goodness. I thought it wad just my crappy phone.,neither,0.03391820392366798,0.3096145011733891,0.6564672949029428
Taliesin you ARE the chill sweet deadpool,neither,0.09913602173858757,0.30443799935036936,0.5964259789110431
Hahah these lines are great.,neither,0.06756740916686729,0.32000557791432666,0.612427012918806
Superman is too boring and too lawful,neither,0.04378311507042003,0.3078894153937028,0.648327469535877
SeriousSloth Deadpool is an actor who knows he can't break the narrative of his life,neither,0.06154952532396775,0.38327263231493425,0.5551778423610979
is the feed on the fritz for everyone.,neither,0.03210824797224197,0.38170926216596285,0.5861824898617952
i was seeing them too,neither,0.055986466068197516,0.32834485758214804,0.6156686763496544
I like Gail Simone Deadpool,neither,0.048480152940672386,0.3436534423567225,0.6078664047026051
is it alittle quiet?,neither,0.048214865386680295,0.32736255247434415,0.6244225821389756
Drink,neither,0.03945320844208391,0.33037608806864915,0.630170703489267
"Deadpool is the only man I need in my life, also the wendesday club guys",neither,0.03249476261696908,0.4446386000957205,0.5228666372873105
ok great i freaked out for my graohics card,neither,0.024802132651636596,0.3609431350416917,0.6142547323066717
@Smarcey it caused a lot of going fetal every 6 or so pages,neither,0.0373905856593301,0.37863872321476066,0.5839706911259093
drink agaim,neither,0.03945320844208391,0.33037608806864915,0.630170703489267
Love their side tracking,neither,0.032400912678828865,0.3757806273980235,0.5918184599231476
I have a soft spot in my heart for Zenpool,neither,0.026093480721053608,0.37912580067156987,0.5947807186073765
!uptime,neither,0.03945320844208391,0.33037608806864915,0.630170703489267
"Aw, that's right...Any won't be here for Shield of Tomorrow on Friday. Is Amy still going to be playing Weave later?",neither,0.05678765896816717,0.3517987256024951,0.5914136154293377
What's that Deadpool discussion going to be in?,neither,0.04559825056586476,0.38687792058055953,0.5675238288535758
!uptime,neither,0.03945320844208391,0.33037608806864915,0.630170703489267
Drink,neither,0.03945320844208391,0.33037608806864915,0.630170703489267
Of course theres a Dr. Strange one,neither,0.03885593468915777,0.3523456436272315,0.6087984216836108
"Every episode becomes a X-Men episode haha,",neither,0.037034191639134295,0.3714331163454913,0.5915326920153744
@The_TBoyce Yes,neither,0.03945320844208391,0.33037608806864915,0.630170703489267
!clock,neither,0.03945320844208391,0.33037608806864915,0.630170703489267
It is currently Wednesday 7:05 PM at the Geek & Sundry studio in California.,neither,0.05099674081407455,0.32965433924134396,0.6193489199445814
oi,neither,0.03945320844208391,0.33037608806864915,0.630170703489267
@lasolace looks fine to me,neither,0.03775430161196491,0.3720643981613536,0.5901813002266815
@The_TBoyce She should,offensive_language,0.07306374071888931,0.6195019354703571,0.3074343238107535
"@artistsomeday It's in his contract, I'm sure",neither,0.05469094873504746,0.4575749305251977,0.48773412073975486
"Oh, Matt, do you enjoy talking about Dr. Strange?",neither,0.05315337828919822,0.3439188604781789,0.6029277612326229
"I didn't hear, where can I find that Deadpool discussion Matt did?",neither,0.03150078520312248,0.3024322619209713,0.6660669528759062
DRINK AGAIN,neither,0.037075392724456625,0.3707338264013072,0.5921907808742363
New 52???,neither,0.043491983419288865,0.22912321039323882,0.7273848061874723
damn i think i'm behind,offensive_language,0.045295103842692426,0.8536818772519976,0.10102301890530994
@mathemagician_ That feels accurate lol,neither,0.029421674435015005,0.41729476853298225,0.5532835570320028
drink,neither,0.03945320844208391,0.33037608806864915,0.630170703489267
hey guys,neither,0.03929207127355727,0.33311100635304525,0.6275969223733975
hello all,neither,0.04217753453783664,0.43734383323855475,0.5204786322236087
Space the drinks out!,neither,0.03474098873569045,0.330535259794031,0.6347237514702786
Drink,neither,0.03945320844208391,0.33037608806864915,0.630170703489267
Hi @JRod615,neither,0.03945320844208391,0.33037608806864915,0.630170703489267
i am already signed up for however long of matt just meta analyzing comic characters.,neither,0.032372783044684814,0.35769706374342475,0.6099301532118904
Shagging?,neither,0.03945320844208391,0.33037608806864915,0.630170703489267
jesus y'all gonna kill us,hate_speech,0.5261680016189005,0.24199689859162954,0.23183509978946987
so this is the drunk episode then?,neither,0.04581766268271343,0.3541108576476557,0.6000714796696308
The Flash,neither,0.03825742109612947,0.30830648690722096,0.6534360919966495
"Tal, your Mollymauk was showing just then (who were you viciously mocking / hellishly rebuking off-camera?)",neither,0.06468794400367546,0.392008377967198,0.5433036780291266
Are you guys trying to hit every 52 on the board?,neither,0.07196780163835986,0.323595143542417,0.6044370548192232
lol,neither,0.020706217963973744,0.4882283491876925,0.4910654328483337
the AYBGF was SO GOOD,neither,0.03670031915649537,0.37687928014456096,0.5864204006989435
Where can I find the Deadpool discussion they were just discussing?,neither,0.03995715396611891,0.23681420543253026,0.7232286406013508
"Hey, first anniversary! PAR-TYYYY!",neither,0.034079272767672066,0.33222443097213766,0.6336962962601903
Remember !spoilers,neither,0.03945320844208391,0.33037608806864915,0.630170703489267
@japenrose at least five episodes worth,neither,0.038866061467472256,0.34826651304015144,0.6128674254923763
that was so good,neither,0.03263938046007793,0.4625004597669965,0.5048601597729255
The Black Panther special was soooooo gooooood,neither,0.09818720161590722,0.28063028357375425,0.6211825148103385
!spoilers,neither,0.03945320844208391,0.33037608806864915,0.630170703489267
"Spoilers suck. Please don't post them in chat for those who haven't experienced this yet. Spoilers will be mercilessly smited, be they real or fake.",neither,0.06583532000113067,0.3641718040332324,0.5699928759656369
watching from the air on the way to ECCC,neither,0.042027706411768714,0.29696793292409196,0.6610043606641393
AYBGF special was so much fun!,neither,0.06663777335024222,0.357613229896693,0.5757489967530648
"Oh man, I look forward to watching that",neither,0.04808481221900432,0.3723187981294196,0.579596389651576
It was excellent last night.,neither,0.0316854991940521,0.33236606018554826,0.6359484406203996
Where can I find that Deadpool discussion they were just talking about,neither,0.037090320631394134,0.2876368357668211,0.6752728436017847
Chat anyone got a weird background static,neither,0.038470771938675576,0.36562429019417847,0.5959049378671458
Shit...I've already finished my drink.....,offensive_language,0.020794245915918243,0.9717215167581451,0.0074842373259365715
AYBGF was awesome,neither,0.03928955873863454,0.3331536506278778,0.6275567906334877
It was rad AF,neither,0.03801919013281898,0.33274480701322245,0.6292360028539586
I'm here and two bottles into chardonay.,neither,0.08259159021504078,0.2512835547206239,0.6661248550643354
"i cant watch the special yet, i havent seen black panther",neither,0.08707631318629598,0.28993211861962437,0.6229915681940797
"It was dope, Shame it was only 2hours.",neither,0.03710970923281421,0.33428169045131984,0.628608600315866
Where can I find the Deadpool discussion they just talked about?,neither,0.03882766095896722,0.26186837553033404,0.6993039635106987
It was awesome,neither,0.0375051753645478,0.33361000911879574,0.6288848155166564
I cant wait to check out that vod,neither,0.03747058426772808,0.38131683672802563,0.5812125790042463
@jpcguy89 It will be on Project Alpha,neither,0.03744206470901573,0.3250126753159178,0.6375452599750664
"@jpcguy89 Matt's new alpha show, I think?",neither,0.05491550294298694,0.19672211617286745,0.7483623808841456
"@jpcguy89 Key Question, coming to Alpha",neither,0.044533172399200086,0.32738541879023425,0.6280814088105656
#ClusterBungles,neither,0.03945320844208391,0.33037608806864915,0.630170703489267
#Clusterbundles,neither,0.03945320844208391,0.33037608806864915,0.630170703489267
Whats it called,neither,0.037810830666958894,0.33094097709773707,0.631248192235304
I hope the drinking game gets up to 52 drinks this episode.,neither,0.06125792312727251,0.2559604565333497,0.6827816203393777
@jpcguy89 New Alpha show - Key Questions,neither,0.05366689331796851,0.20907743899345924,0.7372556676885722
Cluster. Bungles!!!,neither,0.03945320844208391,0.33037608806864915,0.630170703489267
Fluster Cucks,neither,0.03945320844208391,0.33037608806864915,0.630170703489267
It will be on Key Questions when it's released on Project Alpha,neither,0.030852832732673363,0.36125921373400344,0.6078879535333231
#CharlieFoxtrots,neither,0.03945320844208391,0.33037608806864915,0.630170703489267
Marvel and DC think continuity is a theoretical particle.,neither,0.04622983712231737,0.2862024952492094,0.6675676676284732
"@jpcguy89 Matt's new Alpha show, Key Questions",neither,0.05187173084905968,0.22267730759171003,0.7254509615592303
#WeKnow,neither,0.03945320844208391,0.33037608806864915,0.630170703489267
Thank you,neither,0.07325166854587051,0.43632638485078484,0.49042194660334476
"oh, i say cluster nuts",neither,0.04552786113721467,0.2728399323182136,0.6816322065445718
WutFace VHS Buffering,neither,0.03945320844208391,0.33037608806864915,0.630170703489267
And I feel fine,neither,0.03847540314760193,0.2794414685380478,0.6820831283143504
Anyone else getting the black bars?,neither,0.050974803357405264,0.3600810254550789,0.5889441711875159
stop wriggling the cable :D,neither,0.03827797672481765,0.39338624437869635,0.568335778896486
Yo wait are we opening a portal into the Upside Down? Whats with the VCR lines,neither,0.043438098254307916,0.34652816781019863,0.6100337339354935
Is the flickering because they're about to have a flashpoint event?,neither,0.0680559008239599,0.31609322974578874,0.6158508694302514
I can’t wait to watch the AYBGF special but I gotta see black panther first lol,neither,0.07066188276017592,0.35140988565881803,0.5779282315810061
yup black bars here,neither,0.1148824847119733,0.27625425859581076,0.608863256692216
"yes, VHS bars",neither,0.03945320844208391,0.33037608806864915,0.630170703489267
I'm getting them,neither,0.05624146622722193,0.4277868761699743,0.5159716576028038
WutFace,neither,0.03945320844208391,0.33037608806864915,0.630170703489267
Is a crisis happening right now? Is our universe blinking out?,neither,0.045673945291686203,0.34792279956286415,0.6064032551454497
Taliesin you were an excellent child,neither,0.054100801319308306,0.3453291076146563,0.6005700910660353
Taliesin Jaffe plays The Flash in InJustice 2.,neither,0.03876465023535775,0.31785244589717304,0.6433829038674692
Feels like a VHS,neither,0.056142029581028575,0.35360396069408095,0.5902540097248905
I used Twine instead of floss,neither,0.03945320844208391,0.33037608806864915,0.630170703489267
"was about to ask if the buffering was just me, thanks chat",neither,0.022102140533722253,0.4004680820801853,0.5774297773860924
"dental floss, I've done it",neither,0.019066069357419946,0.32440046557343566,0.6565334650691445
We are aware of the tech issue and are working on it.,neither,0.06659220000912512,0.2541402882537757,0.6792675117370993
Crossovers: Usually annoying but occasionally great,neither,0.035644894304815315,0.3184308660327576,0.6459242396624271
Tal did it,neither,0.038008770638658734,0.3308728964648129,0.6311183328965285
"Marvel vs DC was a super fabulous Crossover, Amalgam Universe HYPE!!!!",neither,0.039388576699312616,0.33147305741888555,0.6291383658818018
@RuzgofDI : Yes,neither,0.03945320844208391,0.33037608806864915,0.630170703489267
A classic snafu: situation normal all f*cked up!,neither,0.03879938857160997,0.4329605544879377,0.5282400569404524
"Okay, so it's not just me.",neither,0.02484689971573502,0.45320745840895776,0.5219456418753071
Talisen Toy Hacks,neither,0.03945320844208391,0.33037608806864915,0.630170703489267
"@Danoba I mean, it fights the theme",neither,0.03759883995583484,0.31762542265088634,0.644775737393279
Crisis!,neither,0.03945320844208391,0.33037608806864915,0.630170703489267
coxMistake,neither,0.03945320844208391,0.33037608806864915,0.630170703489267
Taliesen and I are on the same page,neither,0.06154906281729439,0.24873748061484477,0.689713456567861
not just talesin,neither,0.027940583400791495,0.3864789147676597,0.5855805018315489
fits*,neither,0.03945320844208391,0.33037608806864915,0.630170703489267
"Matt's Mom & Dad ..... SO EXCITED about Key Questions starting next Tues from Ft Worth, TX!!!",neither,0.03882591934577791,0.36072619471992357,0.6004478859342984
I have the massive poster on my wall!,neither,0.028852289384719447,0.393972957785861,0.5771747528294194
It fits the theme*,neither,0.03743569339829585,0.31649924894536047,0.6460650576563438
I used to use stray yarn,neither,0.012274851386235498,0.44322619358035503,0.5444989550334096
Thank you for all the hard work crew :),offensive_language,0.0378327423524639,0.5640684077722308,0.39809884987530525
At least it's not just my screen going dead. XD,neither,0.025255691355769914,0.4494660431258552,0.5252782655183749
Russia is trying to hax teh stream,neither,0.05200654416298546,0.3247652378845845,0.62322821795243
would BetaMax have reduced the occurance of the lines?,neither,0.03734569294698034,0.3094891773672981,0.6531651296857216
Done it,neither,0.03573124723789186,0.353688387424403,0.6105803653377051
Who forgot to run the VCR cleaning tape before the show?,neither,0.05008521696819595,0.3385008060621123,0.6114139769696917
@Danoba is it the Flash trying to break through?,neither,0.049864109341246,0.31233155424193315,0.6378043364168209
i need a tracking button!,neither,0.03929812610613291,0.3290774485535575,0.6316244253403097
!twc,neither,0.03945320844208391,0.33037608806864915,0.630170703489267
"Here are some handy The Wednesday Club resources! TWC Reddit: reddit.com/r/WednesdayClub/ | Discord: https://discord.gg/6QK9fVB | Wednesday Club Fanclub on Facebook: facebook.com/groups/1945232949091586/ | Send in your thoughts, comic recommendations, questions, and more to Matt, Amy, and Taliesin at thewednesdayclub@geekandsundry.com",neither,0.05001524745118048,0.31503641584425707,0.6349483367045624
Anybody else noticing camera flickering issues?,neither,0.03945320844208391,0.33037608806864915,0.630170703489267
How much to I hate crossovers.,hate_speech,0.42618121689768257,0.16169879554013497,0.4121199875621826
Is Matt's mom in chat?!,neither,0.046401001916655416,0.32798642329748795,0.6256125747858565
LMAO @Countxaero,neither,0.03705015143476208,0.3711622369619404,0.5917876116032975
@DA yeah,offensive_language,0.05079318094250271,0.6523014667561502,0.29690535230134707
love the psycho pirate in the background. just noticed him,neither,0.034183277807436664,0.3328116150318209,0.6330051071607425
I was just thinking about cleaning the heads on the VCR :),neither,0.032083076634325185,0.35276412134291457,0.6151528020227603
hi matt's mom!,neither,0.03945320844208391,0.33037608806864915,0.630170703489267
"They're talking a 1985 comic, the VHS lines are appropriate.",neither,0.07612552309114147,0.26167626125267224,0.6621982156561863
SNAFUBAR is a great acronym (and possible foodstuff),neither,0.04371677401798085,0.2793958484744464,0.6768873775075727
Evening Matts mom,neither,0.03945320844208391,0.33037608806864915,0.630170703489267
"@pagerunnerj I love my fellow old people (she says, at 30)",offensive_language,0.046268044057209246,0.4791892575037135,0.47454269843907737
Matt's mom IS on Chat.....,neither,0.04360584238274521,0.33949344838031004,0.6169007092369448
Several Hundred Alternate Earths... and that's just Hawkman's background,neither,0.03388406731042334,0.3440382672395718,0.6220776654500048
DC took a Ginsu to their multiverses.,neither,0.04644509410369997,0.32629578626717665,0.6272591196291234
hi @miriamkey ! good to see you :D,neither,0.07023610004223223,0.38134064447540733,0.5484232554823605
We need to pop TWC out and blow on it for a sec,neither,0.03401277635528891,0.2867714326070509,0.6792157910376602
I mean what,neither,0.04933077920698415,0.3234650197943779,0.6272042009986378
Evening....,neither,0.03945320844208391,0.33037608806864915,0.630170703489267
gday folks,neither,0.03945320844208391,0.33037608806864915,0.630170703489267
Hi Matt’s mom!!!!,neither,0.03945320844208391,0.33037608806864915,0.630170703489267
@DANfan69 I notice it occasionally,neither,0.038194454781627,0.33080903117338784,0.6309965140449852
poor folks on Earth F,neither,0.03692317400971359,0.3424932405227279,0.6205835854675587
NO MATT MADE MY JOKE,neither,0.029164602572949165,0.41605169187646773,0.5547837055505831
Did I find myself in a totally congitive reality?,neither,0.04274175243924187,0.25935851645780256,0.6978997311029557
Earth Partial Credit.,neither,0.03945320844208391,0.33037608806864915,0.630170703489267
stole my joke matt,neither,0.030104595112717104,0.40165845279752926,0.5682369520897537
Who was on Earth F?,neither,0.036663595263757086,0.426591977551505,0.5367444271847378
miriamkey For reals Matt's parents?,neither,0.03475230711355907,0.3068880381240378,0.6583596547624032
mas y menos?,neither,0.03945320844208391,0.33037608806864915,0.630170703489267
Hello @miriamkey <3,neither,0.03945320844208391,0.33037608806864915,0.630170703489267
"Be kind, rewind after the show kids.",neither,0.05017483130304135,0.2646903155472682,0.6851348531496905
Lol C++,neither,0.020706217963973744,0.4882283491876925,0.4910654328483337
Compiled Earth,neither,0.03945320844208391,0.33037608806864915,0.630170703489267
Hello @miriamkey ! Welcome to the Wednesdaisies Club!,neither,0.044770040685313116,0.3120483529970041,0.6431816063176827
Hi Matt's mom.,neither,0.03945320844208391,0.33037608806864915,0.630170703489267
ramaWave ramaWave ramaWave,neither,0.03945320844208391,0.33037608806864915,0.630170703489267
Hi Matt’s mom,neither,0.03945320844208391,0.33037608806864915,0.630170703489267
"When you start numbering with both numbers and letters, you've lost control",neither,0.027192536530501032,0.39392638513513584,0.5788810783343632
Hi Matt's Mom!!,neither,0.03945320844208391,0.33037608806864915,0.630170703489267
LMAO,neither,0.03705015143476208,0.3711622369619404,0.5917876116032975
I am drunk right now,neither,0.038201151056981464,0.35077979028172956,0.611019058661289
I'm from Earth 1989.,neither,0.040900798001632634,0.3058067153354034,0.653292486662964
Captain marvel has a bunny for a pet? that is so cute!,neither,0.039066207796560025,0.3379721027270479,0.622961689476392
Hey matts mom,neither,0.03945320844208391,0.33037608806864915,0.630170703489267
It's always good to have Mama Key in chat :),neither,0.040877494983070986,0.37451497198022377,0.5846075330367052
DC's Captain Marvel or Marvel's?,neither,0.03945320844208391,0.33037608806864915,0.630170703489267
"Global Function Not Recognized, please recompile",neither,0.03838204953768101,0.3343905250120076,0.6272274254503115
@TommyHobo Fuck Algebra,offensive_language,0.17788812336962076,0.8218412629009413,0.00027061372943786596
"hate that im so late, but how many earths are there? there are more than 52/53 earths??",neither,0.14945210405546963,0.24697192468333276,0.6035759712611977
SeriousSloth That wink Matt,neither,0.03603853037695239,0.36743761788790763,0.59652385173514
Hi Mrs. Matt's Mom,neither,0.03945320844208391,0.33037608806864915,0.630170703489267
Mama Key here to keep us in line,neither,0.13140260081435703,0.2863000970220943,0.5822973021635487
I know that the DC Multiverses are referred to by Earth's 1 2 3 and so forth whereas Marvel has a strange numbering system based on the month and year of the issue,neither,0.04679166884188105,0.3136996098896734,0.6395087212684455
Mama Key says HI to you all!!,neither,0.06227419440288927,0.42986191771847215,0.5078638878786386
"Hi @miriamkey <3 Thanks for joining us, Mama Key!",neither,0.05566555779033209,0.2973342065765309,0.6470002356331369
Captain Marvel of the Shazam renaming,neither,0.03863262380484713,0.3153978132024916,0.6459695629926612
I am Matt's Mom but I think it is a different Matt,neither,0.04117066439098441,0.3297067843394949,0.6291225512695205
You can't have too many universes.,neither,0.06161242107540054,0.40596430262221495,0.5324232763023845
Is it buffering for anyone else or is it just my PS4?,neither,0.03239292113148228,0.37629000293968473,0.591317075928833
"ah, we're dealing with the cricisees",neither,0.0417726307030111,0.3265798523030147,0.6316475169939743
1986,neither,0.03945320844208391,0.33037608806864915,0.630170703489267
<3,neither,0.03945320844208391,0.33037608806864915,0.630170703489267
hello all,neither,0.04217753453783664,0.43734383323855475,0.5204786322236087
@VermillionCrimson haha gandsCrit,neither,0.03186685585600258,0.45913629025701075,0.5089968538869867
"ooooh, buuurn",neither,0.03945320844208391,0.33037608806864915,0.630170703489267
ohhhhhhhh,neither,0.03945320844208391,0.33037608806864915,0.630170703489267
daaaamn,neither,0.03945320844208391,0.33037608806864915,0.630170703489267
Matt Key's Mom are you really here?,neither,0.1358580611419168,0.2902251715561751,0.5739167673019081
LOOKIN AT U DISNEY,neither,0.03867039556621184,0.3542020458673022,0.6071275585664861
Secret Wars was so much fun!!!!!!,neither,0.036337879571372494,0.36748262833508283,0.5961794920935447
gandsApplaud gandsApplaud gandsApplaud gandsApplaud,neither,0.03945320844208391,0.33037608806864915,0.630170703489267
"@UncleOok Thank you, that's what I thought but wanted to confirm",neither,0.05843884310718404,0.3242311929581473,0.6173299639346688
Wow thats totally shots fired,neither,0.03945320844208391,0.33037608806864915,0.630170703489267
They need some aloe vera for that sick burn,neither,0.029079674315867866,0.2632678079907694,0.7076525176933627
Secret Wars was May 1984 to start,neither,0.0446715528695208,0.31337779867730686,0.6419506484531724
I'm Matt Bowen's mom,neither,0.03945320844208391,0.33037608806864915,0.630170703489267
I am Matt KEY's mom....,neither,0.03929019303563434,0.33043215654209684,0.6302776504222688
Secret Wars was rushed into production,neither,0.03934851468638673,0.33215301433176003,0.6284984709818532
I can’t wait for the flash to end up in the marvel universe,neither,0.037036580397236334,0.3179942131358934,0.6449692064668703
!questions,neither,0.03945320844208391,0.33037608806864915,0.630170703489267
"To make it easier to read questions in chat, please preface your questions with the word question in all caps. For example, QUESTION: How are you today?",neither,0.06209713493468228,0.3342013724685751,0.6037014925967426
Oh sorry @miriamkey,neither,0.04727566854399198,0.25723774273855826,0.6954865887174497
I am a... welcome mat's mom? *shrugs*,neither,0.03931841583074302,0.33042244942868565,0.6302591347405713
BlessRNG I still have Issue #1 of Secret Wars,neither,0.038414472763441315,0.3480061434193156,0.6135793838172431
I remember that colossos figure. vividly,neither,0.03526558663592401,0.3759863465064592,0.5887480668576168
"and Venom is the only remaining effect of it, really",neither,0.042394865290627075,0.2944543286267069,0.6631508060826662
,neither,0.03945320844208391,0.33037608806864915,0.630170703489267
"I never saw the toys, but i so loved the comics!",neither,0.033863265410363275,0.3682207412669318,0.597915993322705
Beyonder was so OP.,neither,0.039261403773565025,0.38587630723349065,0.5748622889929443
All Hail to Matt Key's Mom,neither,0.04557425994226308,0.37781662216974216,0.5766091178879948
:(,neither,0.03945320844208391,0.33037608806864915,0.630170703489267
*makes note*,neither,0.03943662672645437,0.33023723491678963,0.630326138356756
Doom Mobile! Yes. That was great.,neither,0.034742998350496886,0.3448090590618958,0.6204479425876074
What is it... Lenticulated Shields for each Secret Wars figure?,neither,0.0429751206491787,0.3062796545478581,0.6507452248029633
BlessRNG It's my fav,neither,0.024772999503827182,0.43828832893767744,0.5369386715584954
i had some secret wars toys as a kid,neither,0.03266924567011012,0.3661093683701507,0.6012213859597393
y,neither,0.03945320844208391,0.33037608806864915,0.630170703489267
"Secret Wars was a marketing ploy, Crisis on Infinite Earths was a marketing ploy, but one to clear up continuity errors",neither,0.038164700751079875,0.36711727721148096,0.5947180220374392
YOU _FOUND_ HIM?!,neither,0.08424882712339225,0.451419530250563,0.4643316426260448
:o,neither,0.03945320844208391,0.33037608806864915,0.630170703489267
Can we speak of Matt's hair cut?,neither,0.03954564565810492,0.3288071872708623,0.6316471670710327
