text,top_class,hate_speech,offensive_language,neither
"Jessica can still be a co-host on the Bowser show, Bizarre States, and Hector will still play the Captain of the Sally Ride.",neither,0.04294671791952157,0.2672828441265829,0.6897704379538956
"Hey Nightbot - I already subscribe, tell us how to #SaveMothership!",neither,0.08799061102399346,0.3341646575751428,0.5778447314008637
everyone go SPAM TWITTER!,offensive_language,0.03444531456338642,0.5238018798379537,0.4417528055986601
Clap,neither,0.03945320844208391,0.33037608806864915,0.630170703489267
after this I'm not going to bother watching G&S till 7pst,neither,0.04196066325088315,0.3527842247976857,0.6052551119514312
Love Amy's hair,neither,0.03660580189806507,0.3436287261022914,0.6197654719996435
re-run? DansGame :P,neither,0.07149118796751465,0.28479251929595767,0.6437162927365276
Welcome to motherhood <3 <3 <3 <3,neither,0.05036155158341772,0.3241161757817237,0.6255222726348585
But that redhead in the far back is much much cuter than amy- Beth at Stage East,neither,0.03508838852148505,0.3603322207437179,0.604579390734797
#SaveMothership,neither,0.03945320844208391,0.33037608806864915,0.630170703489267
Jessica is cool,neither,0.04818536421544105,0.32737269927992724,0.6244419365046316
"awww lookit Hector, so young :P",neither,0.03636434821360592,0.42498943293522456,0.5386462188511696
"So...I may be late, but why is everything a rebroadcast?",neither,0.03439679016279244,0.37093482717241044,0.594668382664797
ramaThump ramaThump ramaThump ramaThump ramaThump ramaThump ramaThump,neither,0.03945320844208391,0.33037608806864915,0.630170703489267
Wow,neither,0.03945320844208391,0.33037608806864915,0.630170703489267
#SaveMothership,neither,0.03945320844208391,0.33037608806864915,0.630170703489267
@Mantis_Toboggan7 This is live.,neither,0.06264826366348325,0.3248039992423424,0.6125477370941744
not a rebroadcast,neither,0.03554889144452836,0.3454295093440936,0.619021599211378
Is it Thursday yet?,neither,0.04651135664277627,0.32794846724679255,0.6255401761104311
Loving the shirt Hector!! <3,neither,0.03851221427119599,0.31314157587199454,0.6483462098568095
#SaveMoithership,neither,0.03945320844208391,0.33037608806864915,0.630170703489267
WELCOME TO MOTHERHOOD,neither,0.05036155158341772,0.3241161757817237,0.6255222726348585
hey,neither,0.03945320844208391,0.33037608806864915,0.630170703489267
WHY!!!!!!!!😭😭😭😭😭😭😭😭😭😭😭😭😭,neither,0.016768318525353994,0.3685911158159394,0.6146405656587067
Why did it say 2016?,neither,0.02836545150971954,0.3448953092345389,0.6267392392557415
Weird.,neither,0.03945320844208391,0.33037608806864915,0.630170703489267
#SaveMothership,neither,0.03945320844208391,0.33037608806864915,0.630170703489267
#savemothership,neither,0.03945320844208391,0.33037608806864915,0.630170703489267
"Ye shall be missed, ship of mothers",neither,0.0397223020895721,0.33262944362810326,0.6276482542823246
#savemothership,neither,0.03945320844208391,0.33037608806864915,0.630170703489267
Last Mothership,neither,0.03945320844208391,0.33037608806864915,0.630170703489267
"this is their last show, they showe dhteir first intro",neither,0.05103113495410779,0.27278453759694204,0.6761843274489502
I'm really just hoping Jess tells me to fuck off again.,offensive_language,0.10933294129953314,0.8638188794301846,0.026848179270282123
HEYO,neither,0.03945320844208391,0.33037608806864915,0.630170703489267
#savemothership,neither,0.03945320844208391,0.33037608806864915,0.630170703489267
#Savemothership,neither,0.03945320844208391,0.33037608806864915,0.630170703489267
@Mantis_Toboggan7 That was from the first episode,neither,0.029534862410123566,0.34180988257626505,0.6286552550136113
@Mantis_Toboggan7 its a clip from the first show,neither,0.0389653059007838,0.24110203172678774,0.7199326623724284
Yes get salty Jessica,neither,0.03900960880050419,0.33790513168906866,0.6230852595104271
Well then..makes sense.,neither,0.039439079247987965,0.3302577720163607,0.6303031487356513
LOL,neither,0.020706217963973744,0.4882283491876925,0.4910654328483337
finale D:,neither,0.03945320844208391,0.33037608806864915,0.630170703489267
# WutFace,neither,0.03945320844208391,0.33037608806864915,0.630170703489267
Gonna miss this show,neither,0.04593811179939656,0.3019032577639027,0.6521586304367007
#SAVEMOTHERSHIP,neither,0.03945320844208391,0.33037608806864915,0.630170703489267
"booo, more mothership",neither,0.044084690295906365,0.306805713525994,0.6491095961780997
#savemothership,neither,0.03945320844208391,0.33037608806864915,0.630170703489267
"mothership gave me my very first funko. godspeed you, you mad people",offensive_language,0.06508813799802689,0.5269775918543654,0.4079342701476077
best wishes guys,neither,0.038452055322362476,0.32485324048320746,0.6366947041944301
no dont! shes rubbing salt in my wounds,neither,0.03202448601401325,0.39050994443529796,0.5774655695506888
So why's it ending? I caught this a couple of weeks ago and enjoyed it.,neither,0.03131117988817639,0.3415047662311887,0.6271840538806349
rematch!,neither,0.03945320844208391,0.33037608806864915,0.630170703489267
I’m crying right now,neither,0.03827320492731227,0.35338990433471895,0.6083368907379688
Critical role and Wednesday Club are both awesome.,neither,0.05334461559114681,0.27919632959930746,0.6674590548095457
LUL,neither,0.03945320844208391,0.33037608806864915,0.630170703489267
lol,neither,0.020706217963973744,0.4882283491876925,0.4910654328483337
Wowo,neither,0.03945320844208391,0.33037608806864915,0.630170703489267
LUL,neither,0.03945320844208391,0.33037608806864915,0.630170703489267
lol lol lol,neither,0.020706217963973744,0.4882283491876925,0.4910654328483337
"first time watching mothership, last episode. cant wait to see what it's all about",neither,0.04029103129619911,0.40139591985165174,0.5583130488521493
LOL,neither,0.020706217963973744,0.4882283491876925,0.4910654328483337
"@GeekandSundry If you have to be canceled, YOU ALL must keep referencing it in the rest of your shows. Captain Martinez, MAKE MOTHERSHIP JOKES! XD",neither,0.06338908051835064,0.42847770314399897,0.5081332163376503
i can't spell my name,neither,0.027857189222414043,0.4184599899476874,0.5536828208298984
25 minutes to CR right?,neither,0.04384044740347268,0.3416084543772628,0.6145510982192646
ector,neither,0.03945320844208391,0.33037608806864915,0.630170703489267
"""don't cross the Streams"" ... Profesor Egan Ghostbusters...",neither,0.03867204046811141,0.31613269809102856,0.6451952614408601
Ector,neither,0.03945320844208391,0.33037608806864915,0.630170703489267
LUL,neither,0.03945320844208391,0.33037608806864915,0.630170703489267
already drunk,neither,0.03804636731453903,0.35425385356585637,0.6076997791196046
hahahaha,neither,0.03945320844208391,0.33037608806864915,0.630170703489267
"What's in the mug, HEctor? :P",neither,0.04424821585071972,0.30952998416777017,0.6462217999815102
http://www.wheniscriticalrole.com/<<< Critical Role countdown clock (and other useful links) at this site.,neither,0.0371653728762536,0.2726129513300833,0.6902216757936631
`ector!,neither,0.03945320844208391,0.33037608806864915,0.630170703489267
BOOOOOOOOOOOO,neither,0.03945320844208391,0.33037608806864915,0.630170703489267
Who's Ehector?,offensive_language,0.04159901189299763,0.525362713080101,0.4330382750269014
gandsSubHype gandsSubHype gandsSubHype gandsSubHype gandsSubHype gandsSubHype gandsSubHype gandsSubHype gandsSubHype gandsSubHype gandsSubHype gandsSubHype gandsSubHype gandsSubHype,neither,0.03945320844208391,0.33037608806864915,0.630170703489267
That's really not coffee...,neither,0.04436578128193798,0.18876136122113377,0.7668728574969282
!clock,neither,0.03945320844208391,0.33037608806864915,0.630170703489267
It is currently Thursday 5:34 PM at the Geek & Sundry studio in California.,neither,0.05116902727914625,0.32963796927704553,0.6191930034438082
LUL,neither,0.03945320844208391,0.33037608806864915,0.630170703489267
Jessica will destory other guy.,neither,0.04034743112328462,0.3151987954334412,0.6444537734432741
gandsDerp,neither,0.03945320844208391,0.33037608806864915,0.630170703489267
1.25 to cr,neither,0.04596076034876723,0.32657012904185123,0.6274691106093814
1 hour and 25 minutes Josh,neither,0.03885518564811081,0.3008723067622025,0.6602725075896867
yes hector scotch scotch scotch,neither,0.03945320844208391,0.33037608806864915,0.630170703489267
It's covfefe,neither,0.034373745257138544,0.33212314837979673,0.6335031063630647
Black?,neither,0.10239964558054145,0.28810026718488857,0.6095000872345699
B-Comp probably stole it,neither,0.03658962067194885,0.3533126503378742,0.610097728990177
Really hope they put these two together in something again They have great chemistry,neither,0.06217450092295175,0.29872920410856285,0.6390962949684854
it was amazing hector,neither,0.0374870097033751,0.3336407468967547,0.6288722433998702
i'll miss it all!,neither,0.03150575787682315,0.4304659606376939,0.5380282814854831
Your drunk Hector go home!,neither,0.0805485430502479,0.3244105720372033,0.5950408849125488
Hacktor,neither,0.03945320844208391,0.33037608806864915,0.630170703489267
Just all of it,offensive_language,0.03238050623739678,0.5041837372964896,0.4634357564661138
One last ride :’(,neither,0.0384047793737827,0.368865451027412,0.5927297695988054
Maybe he's eHector,neither,0.04837278563252142,0.3273082364602713,0.6243189779072071
ALL OF IT. MISS ALL OF IT,neither,0.034034525129806634,0.4788620316533849,0.48710344321680843
i will miss watching G&S,neither,0.033113528868964334,0.30453737220900795,0.6623490989220276
He is Ector now no1W,neither,0.06846023403826564,0.32039924183148605,0.6111405241302484
gandsHecBird gandsHecBird gandsHecBird,neither,0.03945320844208391,0.33037608806864915,0.630170703489267
<3 ill miss you all BibleThump,offensive_language,0.05280878734270602,0.5043670995606554,0.44282411309663855
I will miss the opening chat every show.,neither,0.044569998795566806,0.24629232517957825,0.709137676024855
"Well in Spanish the ""H"" is silent...",neither,0.0479184527968771,0.2762403099621335,0.6758412372409893
What is this show?,neither,0.0966670472368512,0.2129778229796929,0.6903551297834558
I'll miss you guys. rooCry,neither,0.04874388846929192,0.3950742183125259,0.5561818932181822
having Jess telling me to Fuck off was a huge moment for me.,offensive_language,0.10192917931400036,0.8528445362826367,0.04522628440336311
i'll miss mothership :(,neither,0.029977587385800863,0.33363518866021774,0.6363872239539815
omg live! PogChamp /,neither,0.04578118855605176,0.3281996055341147,0.6260192059098335
Whoooo chobot,neither,0.03945320844208391,0.33037608806864915,0.630170703489267
first asinine wisdom now this,neither,0.03278582366253323,0.334151638077349,0.6330625382601177
hashtag #boycotalpha ?,neither,0.03945320844208391,0.33037608806864915,0.630170703489267
#savemothership,neither,0.03945320844208391,0.33037608806864915,0.630170703489267
#savemothership,neither,0.03945320844208391,0.33037608806864915,0.630170703489267
save mothership!!!!!,neither,0.03945320844208391,0.33037608806864915,0.630170703489267
Mothership 5 days a week,neither,0.03945320844208391,0.33037608806864915,0.630170703489267
"surprisingly, I've quite enjoyed Indy city and guest interviews",neither,0.026615509602793942,0.3006099970329414,0.6727744933642648
go eric andre on it,neither,0.03693331259585681,0.34522076020914666,0.6178459271949965
me to got ghost in a shell now i have a several decorating my desk at work,neither,0.031100956427366835,0.437970205524499,0.5309288380481342
SwiftRage GO FULL VANILLA ICE SwiftRage,neither,0.0577216273779194,0.32790822947901554,0.6143701431430649
Burn the couch!!,neither,0.04428036111006145,0.2122780373886025,0.7434416015013361
PogChamp Save the Empire,neither,0.03810134983019104,0.30529969883378927,0.6565989513360196
Trash the drink bar!,neither,0.04131418197048491,0.1335825427462573,0.8251032752832577
damn i just got into this show,offensive_language,0.05412012141226742,0.8191474880504603,0.12673239053727217
Just your funselves is what i will miss,neither,0.08122058058055613,0.3117374310049757,0.6070419884144681
i really liked the video game section,neither,0.04202988257565929,0.21948798132060257,0.7384821361037383
#HectorAndChobotForever #WakandaForever,neither,0.03945320844208391,0.33037608806864915,0.630170703489267
Ooooo,neither,0.03945320844208391,0.33037608806864915,0.630170703489267
Fav moment : When i won a free item from the shop and got my CR hat!!!,neither,0.028678630184630842,0.37972275226136815,0.5915986175540011
So sad. The burn is real.,neither,0.04489144419686638,0.3758827551730128,0.579225800630121
gandsOwl,neither,0.03945320844208391,0.33037608806864915,0.630170703489267
Best intro evar!,neither,0.03849321189567543,0.3223372005843162,0.6391695875200085
@Thrixel nice meme,neither,0.03945320844208391,0.33037608806864915,0.630170703489267
Poor Amy- Brian Stage East,neither,0.03945320844208391,0.33037608806864915,0.630170703489267
🤬,neither,0.03945320844208391,0.33037608806864915,0.630170703489267
"Okay, I have over a hundred tabs open, but so what! I swear, if you don't stop tabshaming me, I will make it my personal mission to get this show cancelled!",neither,0.035671630731731546,0.45473635496925874,0.5095920142990097
zelda Kreygasm,neither,0.03945320844208391,0.33037608806864915,0.630170703489267
I'm going to miss Jessica and Amy's constant cheating to screw over Hector :),neither,0.0393609330583616,0.3218761423010459,0.6387629246405925
rip epona,neither,0.03945320844208391,0.33037608806864915,0.630170703489267
rofl,neither,0.03945320844208391,0.33037608806864915,0.630170703489267
"Guns and Roses first appearance on Headbanger's Ball (MTV) was also the day before they changed sets, so they famously let them trash the entire thing in front of the camera.",neither,0.0331215741384644,0.27590485623784483,0.6909735696236907
BibleThump PETA,neither,0.03945320844208391,0.33037608806864915,0.630170703489267
"Hector, Jess and Amy. the holiest of trinities @geekandsundry",neither,0.03836170909501245,0.2930507776891178,0.6685875132158698
LUL,neither,0.03945320844208391,0.33037608806864915,0.630170703489267
Rip,neither,0.03945320844208391,0.33037608806864915,0.630170703489267
danSad danCry,neither,0.03945320844208391,0.33037608806864915,0.630170703489267
AngelThump,neither,0.03945320844208391,0.33037608806864915,0.630170703489267
PETA,neither,0.03945320844208391,0.33037608806864915,0.630170703489267
You also made me get Project Alpha membership!,neither,0.04415426251142679,0.4026415831146602,0.553204154373913
Pebbles No!,neither,0.036918905254960256,0.37338982715841207,0.5896912675866277
WutFace,neither,0.03945320844208391,0.33037608806864915,0.630170703489267
LOL,neither,0.020706217963973744,0.4882283491876925,0.4910654328483337
no1CRY,neither,0.03945320844208391,0.33037608806864915,0.630170703489267
expression of my love life!,neither,0.02489021901378836,0.4674447508806659,0.5076650301055456
"we're gonna see the dead robot monkey today, right?",neither,0.052342802196396684,0.1891419937973956,0.7585152040062076
lmao,neither,0.03705015143476208,0.3711622369619404,0.5917876116032975
Shoot I have 3 separate windows of Chrome opened for all my tabs,neither,0.03881030817822876,0.368109766296517,0.5930799255252543
jess pls,neither,0.03945320844208391,0.33037608806864915,0.630170703489267
is crit role on tonight or have I completely messed up dates? 😶,neither,0.03857805351300912,0.35668622718400844,0.6047357193029824
we need monkey robot for the last episode!,neither,0.03816880874654408,0.160408501607809,0.8014226896456469
STOP IT PLZ BibleThump,neither,0.03774523108571433,0.4219057001401145,0.540349068774171
Lot of realism there. (No eponas were harmed in the research for that footage),neither,0.0319828734575471,0.295287995460736,0.672729131081717
I’m gonna miss Jess,neither,0.03239399027445093,0.37665565816281515,0.5909503515627339
lmao,neither,0.03705015143476208,0.3711622369619404,0.5917876116032975
Oh I will never get to be the filling for a Jessica and Amy sandwitch.,neither,0.03992222009636106,0.2668085950356811,0.6932691848679579
why is this ending,neither,0.03420499042861499,0.3467683458586039,0.619026663712781
"Next week on Bizarre States, Chobot makes us all feel sad",neither,0.05935453203234994,0.38426759029338764,0.5563778776742624
My favorite moment was the Dead Robot Monkey Video and Jessica's reaction!,neither,0.037378438970885074,0.18308920313843077,0.7795323578906842
i love this show,neither,0.05833385288354363,0.23792695023094135,0.703739196885515
I'm gonna miss the Jess and Hector combo,neither,0.03265032986534414,0.3246842330328532,0.6426654371018028
@bardintheyard You can still watch her on Bizzare States,offensive_language,0.045749273882212144,0.6038839799128722,0.3503667462049156
"judging by bizarre states yesterday, she'll poop on your desk",neither,0.05434317280712486,0.404747464817646,0.5409093623752291
i am abosulets expecting the monkey video tonight.,neither,0.04325479521432861,0.09790389728416087,0.8588413075015106
LUL Do it now gandsPitCrew,neither,0.03941314981200725,0.3303898660684451,0.6301969841195476
What game or thing are they talking about? i just aired in?!,neither,0.05509071699976483,0.30049712792217964,0.6444121550780555
I've been drinking green tea all god damn day!,offensive_language,0.027811459042625206,0.6661294505310869,0.3060590904262879
get ready for critical role!!,neither,0.0342905229949959,0.3133690069059864,0.6523404700990176
They are doing Too Many Tabs,neither,0.06932831577939474,0.2839864529419546,0.6466852312786506
am i too early for critical role?,neither,0.03564357870074292,0.29242062724397916,0.6719357940552779
@blacketerh no,neither,0.036918905254960256,0.37338982715841207,0.5896912675866277
no,neither,0.036918905254960256,0.37338982715841207,0.5896912675866277
That's my mother favorite Drinks.,neither,0.02699175374579889,0.4388532520548113,0.5341549941993898
Good ol' college,neither,0.03876937578523942,0.33061128947689644,0.630619334737864
@asomniari okay lol! i was interested in the dying horse,neither,0.03339032978466032,0.35777946296266516,0.6088302072526744
"I've never watched this before, and I can see why they're cancelled",neither,0.02272139006898038,0.34962017436163534,0.6276584355693843
hrll9,neither,0.03945320844208391,0.33037608806864915,0.630170703489267
lol,neither,0.020706217963973744,0.4882283491876925,0.4910654328483337
ZOMG ARCHER MOMENT!!,neither,0.03945320844208391,0.33037608806864915,0.630170703489267
hello,neither,0.03945320844208391,0.33037608806864915,0.630170703489267
chug chug chug,neither,0.043423230268607955,0.07441255411157749,0.8821642156198146
@jlphitau D:,neither,0.03945320844208391,0.33037608806864915,0.630170703489267
@LokiMimicChildOfChaos about 90 minutes too early,neither,0.039157187612807225,0.3354003340942772,0.6254424782929155
!clock,neither,0.03945320844208391,0.33037608806864915,0.630170703489267
It is currently Thursday 5:39 PM at the Geek & Sundry studio in California.,neither,0.05116902727914625,0.32963796927704553,0.6191930034438082
whens critical role ?,neither,0.03945320844208391,0.33037608806864915,0.630170703489267
HSCheers LUL,neither,0.03945320844208391,0.33037608806864915,0.630170703489267
oh ok,neither,0.04713570804197639,0.2590205851270262,0.6938437068309974
when does Crit Roll start ?,neither,0.019800949818027807,0.4891378172247783,0.4910612329571938
Crit Role!!!,neither,0.03945320844208391,0.33037608806864915,0.630170703489267
Want the inside scoop? Join the cast of Critical Role and discuss this episode right here on Talks Machina. Tuesdays 7pm Pacific at twitch.tv/geekandsundry and projectalpha.com,neither,0.04630302093207864,0.22484473131932575,0.7288522477485957
damn my english time,offensive_language,0.0321618361814961,0.8578093740673144,0.11002878975118947
@faceblurry In about 90 minutes,neither,0.037883908611855296,0.35701120173382783,0.605104889654317
critical role hype,neither,0.03945320844208391,0.33037608806864915,0.630170703489267
I made it to the last show!,neither,0.06334521877271629,0.2263987808977105,0.7102560003295731
this is running on cali time! = 5:40pm,neither,0.04268829632025019,0.35898048976301494,0.5983312139167348
lmao,neither,0.03705015143476208,0.3711622369619404,0.5917876116032975
@faceblurry 8Mst 9Cst 10Est,neither,0.03945320844208391,0.33037608806864915,0.630170703489267
I’m gonna miss how casual this show is.,neither,0.050877891439151016,0.30826301096398334,0.6408590975968657
BabyRage,neither,0.03945320844208391,0.33037608806864915,0.630170703489267
OMG amazing,neither,0.03945320844208391,0.33037608806864915,0.630170703489267
toss one back for Mothership y'all,neither,0.03392725148153649,0.39508287930275315,0.5709898692157104
I know an @tomcollens but he was so boring... all he did was design knitchens,neither,0.0450656991679638,0.40509472162185983,0.5498395792101762
i wished everyone could be on the same time zone,neither,0.03312402952435875,0.4172181342239096,0.5496578362517317
@DaSkitzO read the effing banner below the broadcast,neither,0.038308594581324226,0.309284617991376,0.6524067874272999
LUL,neither,0.03945320844208391,0.33037608806864915,0.630170703489267
Good evening everyone@,neither,0.03308870833616604,0.42926799388711456,0.5376432977767195
BabyRage BabyRage BabyRage BabyRage,neither,0.03945320844208391,0.33037608806864915,0.630170703489267
Hehhehhe,neither,0.03945320844208391,0.33037608806864915,0.630170703489267
AngelThump,neither,0.03945320844208391,0.33037608806864915,0.630170703489267
Shoot the kid,neither,0.06267818295099982,0.242241322563796,0.6950804944852043
Final Mothership drinking binge. Sadness...,neither,0.03945320844208391,0.33037608806864915,0.630170703489267
Hi wan't kidding around!,neither,0.03945320844208391,0.33037608806864915,0.630170703489267
Lol!!!,neither,0.020706217963973744,0.4882283491876925,0.4910654328483337
"LUL Raised him like a Spartan, he shall fight!!",neither,0.05056812980246735,0.34101853831744866,0.608413331880084
wait is this the final mothership ever?,neither,0.04625635882492028,0.31392844723759683,0.6398151939374829
Poor kid will never swim in real life again.,neither,0.030208043973087573,0.4733202960067701,0.49647166002014237
Is critical role still happening tonight?,neither,0.04219676600547938,0.3230652180193672,0.6347380159751533
LUL,neither,0.03945320844208391,0.33037608806864915,0.630170703489267
You tell em Jess!,neither,0.05565026040446563,0.37606870513870816,0.5682810344568263
Jessica Talk more,neither,0.023794405188616658,0.32610118986045167,0.6501044049509316
no cr tonight,neither,0.03611368243300301,0.3222187116124907,0.6416676059545062
yes @greencoffeefilter,neither,0.03945320844208391,0.33037608806864915,0.630170703489267
LuL,neither,0.03945320844208391,0.33037608806864915,0.630170703489267
"What are they going to do, cancel you!",neither,0.10870400572566931,0.3408717047756134,0.5504242894987172
Jess’s story time!!,neither,0.03840523472517369,0.34816293703807594,0.6134318282367505
