text,top_class,hate_speech,offensive_language,neither
Bidet from TN,neither,0.040769555981420263,0.3080342349327864,0.6511962090857933
DFW represent,neither,0.03945320844208391,0.33037608806864915,0.630170703489267
woooah!,neither,0.03945320844208391,0.33037608806864915,0.630170703489267
champ,neither,0.03945320844208391,0.33037608806864915,0.630170703489267
AYYYYY,neither,0.03945320844208391,0.33037608806864915,0.630170703489267
cant wait to see laura in super geeky maternity clothes for the next few months,neither,0.03778690055519872,0.241339845067278,0.7208732543775231
@badwolfbayy it's this thing that cleans your butt,neither,0.06379443509094293,0.3959057068284187,0.5402998580806383
Bidet = Good Dayy in Grog Speak,neither,0.03860353967404413,0.3306683281200513,0.6307281322059045
YUSS,neither,0.03945320844208391,0.33037608806864915,0.630170703489267
Uh what?,neither,0.047564115672997474,0.3246470929725195,0.6277887913544832
ehh?,neither,0.03945320844208391,0.33037608806864915,0.630170703489267
Ahhhhhhjh,neither,0.03945320844208391,0.33037608806864915,0.630170703489267
Yeah,offensive_language,0.013968601452186464,0.5182923869769311,0.4677390115708824
WHOOOOO,neither,0.03945320844208391,0.33037608806864915,0.630170703489267
YAAAAAAAAAAAAS,neither,0.03945320844208391,0.33037608806864915,0.630170703489267
sunny florida? it's currently dark here in florida...,neither,0.060234796568212144,0.311138544163097,0.6286266592686909
"Bidet from North Hollywood, CA",neither,0.04031166148228989,0.3158058995924462,0.643882438925264
AYYYYYYYYYYYYYYYYYYY,neither,0.03945320844208391,0.33037608806864915,0.630170703489267
BIDET BITCHEEES,neither,0.03945320844208391,0.33037608806864915,0.630170703489267
Pre game art,neither,0.03882751418899222,0.2924051083215319,0.6687673774894758
ayyyyyy,neither,0.03945320844208391,0.33037608806864915,0.630170703489267
Wooooo,neither,0.03945320844208391,0.33037608806864915,0.630170703489267
bidet from houston,neither,0.040875471929787875,0.3062365648703896,0.6528879631998226
@scalarDomain i assume things like hello and good evening,neither,0.04565142569620904,0.31200340478237054,0.6423451695214205
BIDET!!!!!!,neither,0.03945320844208391,0.33037608806864915,0.630170703489267
HeyGuys,neither,0.03945320844208391,0.33037608806864915,0.630170703489267
Bidet from Louisiana!,neither,0.04062582848913359,0.31047366557575606,0.6489005059351104
woot!!!,neither,0.03945320844208391,0.33037608806864915,0.630170703489267
WHAT WAS THAT???,neither,0.041736715604486524,0.40105550120025046,0.557207783195263
🤔,neither,0.03945320844208391,0.33037608806864915,0.630170703489267
Bidet from Texas!,neither,0.040937266849991,0.30518774380265185,0.6538749893473571
gandsSubHype gandsSubHype gandsSubHype gandsSubHype gandsSubHype,neither,0.03945320844208391,0.33037608806864915,0.630170703489267
gandsGandsPoo gandsGandsPoo gandsGandsPoo gandsGandsPoo gandsGandsPoo gandsGandsPoo gandsGandsPoo gandsGandsPoo,neither,0.03945320844208391,0.33037608806864915,0.630170703489267
WHO IS READY,neither,0.05287398342966151,0.4203176683717218,0.5268083481986168
that scaried me lol,offensive_language,0.014090337781136622,0.5457629470277698,0.4401467151910935
Ah thanks!,neither,0.036849678133627814,0.3085744604586018,0.6545758614077704
Bidet from Wyoming,neither,0.04069404815304118,0.30931579984010865,0.6499901520068502
Such talented artists!,neither,0.03966288659493327,0.3268173025984219,0.6335198108066448
or will the baby be names jester or ford,neither,0.04009881686678412,0.3043653783902326,0.6555358047429833
Bidet Peeps,neither,0.03945320844208391,0.33037608806864915,0.630170703489267
bidet from Australia,neither,0.04062582848913359,0.31047366557575606,0.6489005059351104
"The channel has gone live, if you cannot see fan art please refresh.",neither,0.03806528570573744,0.3693331668636201,0.5926015474306424
bidet from toronto,neither,0.04066490145509902,0.30981049537100724,0.6495246031738937
"BIDET FROM SACRAMENTO, CALIFORNIA",neither,0.058218649711469915,0.3084304411370911,0.6333509091514389
She already kind of did,neither,0.03972820685705034,0.4357677250414737,0.5245040681014759
WHOOOOOOOOOO,neither,0.03945320844208391,0.33037608806864915,0.630170703489267
bidet from winnipeg! just got critrole my poster in the mail!,neither,0.027308056501976676,0.4184663147495453,0.554225628748478
is this tetris?,neither,0.06444388513749441,0.32581973129223984,0.6097363835702658
FANART YES,neither,0.03945320844208391,0.33037608806864915,0.630170703489267
bidet from.yyc!,neither,0.04228451509352876,0.2823214250720796,0.6753940598343917
Bidet from Seattle!,neither,0.040754399270683486,0.3082914838698526,0.650954116859464
revving up the chat for the Critical role Stream,neither,0.033107595636847745,0.3224552908409624,0.6444371135221899
@Nitrostreak Only one according to the ultrasound picture. Stop it!,neither,0.04194584963633619,0.4000077289307714,0.5580464214328923
"@badwolfbayy It's something that Grog said in the previous campaign as he misheard the phrase ""Good day""",neither,0.037002348271830375,0.3476755379993368,0.6153221137288327
bidet,neither,0.03945320844208391,0.33037608806864915,0.630170703489267
Ayyyyyyyy,neither,0.03945320844208391,0.33037608806864915,0.630170703489267
yuss,neither,0.03945320844208391,0.33037608806864915,0.630170703489267
Bidet from UTAH,neither,0.04066490145509902,0.30981049537100724,0.6495246031738937
WOOHOO!!!! <3 <3 <3,neither,0.03945320844208391,0.33037608806864915,0.630170703489267
"Bidet, from Michigan!",neither,0.040769555981420263,0.3080342349327864,0.6511962090857933
bidet from longview texas!,neither,0.04042489113558478,0.3138840968701843,0.6456910119942308
yaaaaassssss,neither,0.03945320844208391,0.33037608806864915,0.630170703489267
bidet from PA,neither,0.04069404815304118,0.30931579984010865,0.6499901520068502
WOOOOOOOOOOOOT!!,neither,0.03945320844208391,0.33037608806864915,0.630170703489267
hereeee we goooo,neither,0.03928250105640122,0.33327343791445996,0.6274440610291387
bidet all,offensive_language,0.046917543854519406,0.6277741405869331,0.3253083155585475
Starting.,neither,0.03945320844208391,0.33037608806864915,0.630170703489267
PogChamp,neither,0.03945320844208391,0.33037608806864915,0.630170703489267
Bidet from oregon,neither,0.04071751644889743,0.3089174816120565,0.6503650019390461
lets go,neither,0.039984317429425154,0.35542799280679366,0.6045876897637812
??,neither,0.03945320844208391,0.33037608806864915,0.630170703489267
yes its thursday wooo,neither,0.033191626662961486,0.3325297331710946,0.6342786401659439
Bidet from MD,neither,0.04062582848913359,0.31047366557575606,0.6489005059351104
"repeat The channel has gone live, if you cannot see fan art please refresh.",neither,0.038150731619647,0.36679518278224515,0.5950540855981077
PogChamp,neither,0.03945320844208391,0.33037608806864915,0.630170703489267
Bidet from Silly Con Valley,neither,0.04027916084533383,0.31635752022149377,0.6433633189331723
Greetings from Sweden!,neither,0.04228451509352876,0.2823214250720796,0.6753940598343917
Bidet from the UK,neither,0.039613273355342184,0.2892653269430044,0.6711213997016535
the heck was that,neither,0.034473102742787975,0.35914926992459695,0.6063776273326151
Bidet from Minnesota!,neither,0.04071751644889743,0.3089174816120565,0.6503650019390461
Yay 15 min of art,neither,0.03945320844208391,0.33037608806864915,0.630170703489267
hello :),neither,0.03945320844208391,0.33037608806864915,0.630170703489267
Did anyone else here that buzz?,neither,0.06893337339128838,0.33337486301403935,0.5976917635946722
bidet from SLUT,neither,0.04100233885089589,0.3040833021229063,0.6549143590261979
starts at 9 right?,neither,0.03743355239942441,0.37956182714354847,0.5830046204570272
Bidet from Missouri and a big CONGRATS to Travis and Laura!! <3 <3 <3,neither,0.032046524802874336,0.3067037727165765,0.661249702480549
Gday from Melbourne Oz. First time live no work today. Yea Boi,neither,0.0359997837150538,0.3287604785124631,0.635239737772483
huzzah,neither,0.03945320844208391,0.33037608806864915,0.630170703489267
Gotta wonder just how much art of the guest do they have XD,neither,0.03332600453880877,0.3573373646571881,0.6093366308040032
yaaaaay!,neither,0.03945320844208391,0.33037608806864915,0.630170703489267
IT'S THURDAY NOW!,neither,0.036445672953093554,0.33141051743566485,0.6321438096112415
I guess I will lurk.,neither,0.04090926453184765,0.30194073251685,0.6571500029513022
congrats laura and travis!!!!!,neither,0.03873824822524505,0.2945750772367305,0.6666866745380244
Bidet from SoCal,neither,0.04062582848913359,0.31047366557575606,0.6489005059351104
hello my Critter family,neither,0.02762225397435356,0.4231498602156992,0.5492278858099472
LETS GOOOO,neither,0.03868305123800957,0.34344766577192837,0.6178692829900622
Bidet from rain soaked N of Philly,neither,0.04023921789948735,0.31703545625529056,0.6427253258452221
da fuq,offensive_language,0.078598432533956,0.4628895204417847,0.45851204702425935
Bidet from Montreal!! <3,neither,0.04062582848913359,0.31047366557575606,0.6489005059351104
I love the fan art scroll.,neither,0.03655180820424729,0.3279210940024371,0.6355270977933156
Bidet from Minnesota!,neither,0.04071751644889743,0.3089174816120565,0.6503650019390461
@TheAtomicSoul i think it was a new commercial for their new show,neither,0.04799120829508172,0.14635423914534712,0.8056545525595711
"Bidet from Brewer, Maine",neither,0.04069404815304118,0.30931579984010865,0.6499901520068502
bidet from MO,neither,0.040912083971464244,0.30561516297332675,0.653472753055209
bedet from st george!!,neither,0.04053287799461482,0.31205127804919985,0.6474158439561853
bidet,neither,0.03945320844208391,0.33037608806864915,0.630170703489267
Bidet fron IN,neither,0.03945320844208391,0.33037608806864915,0.630170703489267
Bidet from NC,neither,0.04066490145509902,0.30981049537100724,0.6495246031738937
bideeeet <3,neither,0.03945320844208391,0.33037608806864915,0.630170703489267
Bidet from Colorado,neither,0.04066490145509902,0.30981049537100724,0.6495246031738937
There's gonna be so much baby art next week!!!!!!!,neither,0.03565190365289765,0.37712910233964725,0.587218994007455
And make art.,neither,0.03855130172620027,0.2839747735072467,0.677473924766553
bidet from mckinney texas,neither,0.040937266849991,0.30518774380265185,0.6538749893473571
hype!,neither,0.03945320844208391,0.33037608806864915,0.630170703489267
@ladysprinkletoes hustonains unite! rooHappy,neither,0.03945320844208391,0.33037608806864915,0.630170703489267
ART,neither,0.03945320844208391,0.33037608806864915,0.630170703489267
first time watching live wooooo,neither,0.03513206370154816,0.3516282956383994,0.6132396406600524
vex and vaaaax,neither,0.03763944115734239,0.1918412352459551,0.7705193235967025
Bidet from Iowa,neither,0.04069404815304118,0.30931579984010865,0.6499901520068502
ITS THURSDAYYY,neither,0.02700859978372578,0.3346563596412867,0.6383350405749875
is Ashley playing today?,neither,0.045551045014475745,0.30748350961944115,0.6469654453660831
bidet from Long Island ny!,neither,0.04017944379920894,0.3128524409485844,0.6469681152522065
I really gotta sit down and draw some of these things,neither,0.03685390927997635,0.3784161952670297,0.584729895452994
Yay art begins,neither,0.03945320844208391,0.33037608806864915,0.630170703489267
Half-Half-Orc Half-Teifling,neither,0.03945320844208391,0.33037608806864915,0.630170703489267
HotPokket PowerUpR g9 CorgiDerp OPFrog 9g PowerUpL WutFace,neither,0.03945320844208391,0.33037608806864915,0.630170703489267
"The artstream is life! If you can't see it, refresh.",neither,0.03577219742017067,0.4399717740099601,0.5242560285698692
"Bidet from Irving, Texas! Congrats Laura and Travis!!",neither,0.03959280723450574,0.2865816909168862,0.673825501848608
"Bidet from Poland, waking up at 3am for a show sure is fun",neither,0.043690217064666574,0.3846341611384039,0.5716756217969297
HYYYYYYPEEE,neither,0.03945320844208391,0.33037608806864915,0.630170703489267
BIDET From Connecticut! CONGRATZ LAURA AND TRAVIS!!!!!!!!!!,neither,0.03960105917937375,0.28436446709729124,0.676034473723335
WHEN IS ASHLEY COMING BACK?,neither,0.03675119311904278,0.37151002020369533,0.5917387866772619
bidet from Louisiana,neither,0.04062582848913359,0.31047366557575606,0.6489005059351104
Bidet,neither,0.03945320844208391,0.33037608806864915,0.630170703489267
BIDET FROM HOBBITLAND,neither,0.04228451509352876,0.2823214250720796,0.6753940598343917
bidet from Illinois!!,neither,0.04069404815304118,0.30931579984010865,0.6499901520068502
Bidet from Cincinnati!,neither,0.04228451509352876,0.2823214250720796,0.6753940598343917
Looking forwards to this stream.,neither,0.04634862472192764,0.32791718124083596,0.6257341940372363
hello,neither,0.03945320844208391,0.33037608806864915,0.630170703489267
@brodofragginz i thought about it,neither,0.039651523989365306,0.224290861424838,0.7360576145857967
bidet from cali,neither,0.04079557052152802,0.30759270029461827,0.6516117291838538
hi,neither,0.03945320844208391,0.33037608806864915,0.630170703489267
bottom text,neither,0.03380246509747659,0.4262839498916135,0.5399135850109099
Bidet from my bidet,neither,0.020529691213657556,0.4753081716283477,0.5041621371579947
OH MY GOD THEY'RE PEGNANT,neither,0.05027764653831853,0.3400563819494815,0.6096659715121999
!respect,neither,0.03945320844208391,0.33037608806864915,0.630170703489267
Bidet from NC bfe neighborhood,neither,0.040408207780639874,0.31416725694368625,0.6454245352756738
"If you would like to share opinions on our hosts, guests or fellow viewers, please do so in a respectful manner. Don't make them feel uncomfortable.",neither,0.04843323757214918,0.39559142321184637,0.5559753392160044
gandsSCANLAN gandsSCANLAN gandsSCANLAN gandsSCANLAN gandsSCANLAN gandsSCANLAN,neither,0.03945320844208391,0.33037608806864915,0.630170703489267
aw yis,neither,0.03945320844208391,0.33037608806864915,0.630170703489267
Watching my first live episode from the UK!,neither,0.029668225138734988,0.3667260929756029,0.6036056818856622
Bidet from georgiaaaaaaa!,neither,0.04228451509352876,0.2823214250720796,0.6753940598343917
Man nobody can do some kickass production like geek and sundry,neither,0.03505848089683452,0.473715847606276,0.4912256714968896
Bidet from Toronto!,neither,0.04066490145509902,0.30981049537100724,0.6495246031738937
bidet MI,neither,0.03945320844208391,0.33037608806864915,0.630170703489267
Bidet from Connecticut,neither,0.04062582848913359,0.31047366557575606,0.6489005059351104
bidet from MT,neither,0.04084513770590474,0.30675141581570226,0.6524034464783931
"Breakin the gnoll, breakin the gnoll",neither,0.03613032604487659,0.2619290779399786,0.7019405960151449
ahh yes 1st live gandsSubHype,neither,0.04330738101551719,0.3290504613852398,0.6276421575992429
Bidet from Arizona,neither,0.04078317879478948,0.307803020237201,0.6514138009680096
Bidet from New Zealandddd~~~ Hahahaha,neither,0.04473440611557413,0.20599271940918765,0.7492728744752382
Party people in the house everybody get up it's time to slam now,neither,0.05819687505189302,0.367867741594104,0.573935383354003
"i wish one of these dudes rolled a halfling, love halflings over ehre",neither,0.040506780471735906,0.4256123763498856,0.5338808431783786
so excited for Laura and Travis!!!!!!,neither,0.03374490503019259,0.30787898869349156,0.6583761062763157
yuuuuuuuhhh!.!,neither,0.03945320844208391,0.33037608806864915,0.630170703489267
bidet from Sydney,neither,0.04062582848913359,0.31047366557575606,0.6489005059351104
super excited,neither,0.03945320844208391,0.33037608806864915,0.630170703489267
,neither,0.03945320844208391,0.33037608806864915,0.630170703489267
here,neither,0.22097653003277068,0.2221615150675793,0.55686195489965
Is it friday morning 4am yet?,neither,0.05487829371905915,0.19546417321312812,0.7496575330678127
woot!,neither,0.03945320844208391,0.33037608806864915,0.630170703489267
bidet from atlanta,neither,0.04078317879478948,0.307803020237201,0.6514138009680096
bidet from North Carolina!!,neither,0.04040057148408362,0.31429686482539193,0.6453025636905245
bidet fton Seattle,neither,0.03945320844208391,0.33037608806864915,0.630170703489267
R we getting fan art yet,neither,0.03598444101800133,0.38925012401692877,0.57476543496507
congrats Laura and Travis!!,neither,0.03873824822524505,0.2945750772367305,0.6666866745380244
yaaay fan art! Bidet fellow Critters!!,neither,0.03945320844208391,0.33037608806864915,0.630170703489267
bidet from Illinois,neither,0.04069404815304118,0.30931579984010865,0.6499901520068502
Bidet from Ohio!,neither,0.040754399270683486,0.3082914838698526,0.650954116859464
test,neither,0.03945320844208391,0.33037608806864915,0.630170703489267
Grats to the new parent!,neither,0.04741512135687322,0.24176381747137374,0.710821061171753
Awww yeah best night of the week,neither,0.022230012892758742,0.39601812569573125,0.5817518614115099
CT represent!,neither,0.03945320844208391,0.33037608806864915,0.630170703489267
Bidet from Saint Louis!,neither,0.04037932620557306,0.31465745264747463,0.6449632211469523
Awww yis its Thursday!!!!!!!!,neither,0.034056093599191116,0.33223240335107296,0.6337115030497359
whats up?,neither,0.03597034933595279,0.4023906385329718,0.5616390121310755
"The channel has gone live, if you cannot see fan art please refresh.",neither,0.03806528570573744,0.3693331668636201,0.5926015474306424
hullo?,neither,0.03945320844208391,0.33037608806864915,0.630170703489267
"Bidet from Ellensburg, WA!",neither,0.04071751644889743,0.3089174816120565,0.6503650019390461
...is it thursday YEEEEEEEEEEEEEEEEEET1,neither,0.04815091762906315,0.32738454704055164,0.6244645353303853
bidet from LA SeemsGood,neither,0.04094187055022747,0.3051096069949388,0.6539485224548338
Congrats Laura/Travis on Baby Willingham!,neither,0.037126243267492566,0.3414991924145095,0.6213745643179979
"Seriously, is it a boy or a girl?",neither,0.03901399822928365,0.3876622582675481,0.5733237435031683
bidet from canad,neither,0.04228451509352876,0.2823214250720796,0.6753940598343917
bidet from utah,neither,0.04066490145509902,0.30981049537100724,0.6495246031738937
BIDET GUYS!,neither,0.03922184957078739,0.3343028519130907,0.6264752985161218
so many talented artists BibleThump we're so lucky,neither,0.05080444567539123,0.37282371393201336,0.5763718403925954
gandsLessthanthree,neither,0.03945320844208391,0.33037608806864915,0.630170703489267
bidet from Calgary,neither,0.04228451509352876,0.2823214250720796,0.6753940598343917
"All aboard the hype train, we cut the breaks.",neither,0.039088550570858305,0.3557599473327348,0.6051515020964069
Woo!,neither,0.03945320844208391,0.33037608806864915,0.630170703489267
yay fanart!,neither,0.03945320844208391,0.33037608806864915,0.630170703489267
bidet,neither,0.03945320844208391,0.33037608806864915,0.630170703489267
bidet from illinois,neither,0.04069404815304118,0.30931579984010865,0.6499901520068502
woot,neither,0.03945320844208391,0.33037608806864915,0.630170703489267
Yeahyeahyeah,neither,0.03945320844208391,0.33037608806864915,0.630170703489267
Love Fan art,neither,0.03657805417926527,0.34376144689582794,0.6196604989249067
What up peeps,neither,0.0424860282095962,0.3861250105635327,0.5713889612268711
"aw yeaaaaaaaaaah, first time seeing this live!",neither,0.035951168748700114,0.34838615230306186,0.6156626789482379
whoo,neither,0.03945320844208391,0.33037608806864915,0.630170703489267
hype,neither,0.03945320844208391,0.33037608806864915,0.630170703489267
Bidet everyone!,offensive_language,0.02988896790634741,0.4927062106388782,0.4774048214547744
"first time live on twitch, woot!",neither,0.0346937751057352,0.3537958437237337,0.6115103811705311
her being pregnant would explain why she swatted Travis hands away from her voodoo donuts last year. at least I believe that was around that time.,offensive_language,0.025860502275112607,0.5609760080150618,0.4131634897098256
mollymauk is gay culture,neither,0.34381581820562784,0.15627279197113778,0.49991138982323435
Thursday is finally here! I love you guys from Critical Role!,neither,0.08730386240457326,0.3284311321349798,0.5842650054604469
Howdy everyone,offensive_language,0.02988896790634741,0.4927062106388782,0.4774048214547744
Where my CT critters at,neither,0.02945714409328478,0.40850832749207866,0.5620345284146364
Bidet,neither,0.03945320844208391,0.33037608806864915,0.630170703489267
talking before I get locked out LUL,neither,0.03326437424274015,0.39558588115198634,0.5711497446052733
Bidet!,neither,0.03945320844208391,0.33037608806864915,0.630170703489267
Bidet!,neither,0.03945320844208391,0.33037608806864915,0.630170703489267
,neither,0.03945320844208391,0.33037608806864915,0.630170703489267
"They're looking at the chat right now like ""GEEZE!""",neither,0.05802386815128995,0.33819708028494444,0.6037790515637654
"I MEAN, PREGANANANT",neither,0.03945320844208391,0.33037608806864915,0.630170703489267
Jesters Stale donuts,neither,0.03945320844208391,0.33037608806864915,0.630170703489267
gandsSubHype gandsSubHype gandsSubHype gandsSubHype gandsSubHype gandsSubHype,neither,0.03945320844208391,0.33037608806864915,0.630170703489267
Bidet from Florida!,neither,0.0408948396164547,0.30590784468201904,0.6531973157015263
how far is the youtube behind the twitch...,neither,0.043668605607789096,0.30691181198024403,0.6494195824119668
Bidet from Western Australia,neither,0.040334677536117594,0.315415257091876,0.6442500653720065
bidet from Oregon,neither,0.04071751644889743,0.3089174816120565,0.6503650019390461
"!WARNING at the start of the session, chat will be Sub Only",neither,0.03901794092478038,0.3135281046972209,0.6474539543779987
woo!,neither,0.03945320844208391,0.33037608806864915,0.630170703489267
niiiiiiiice,neither,0.03945320844208391,0.33037608806864915,0.630170703489267
"i can hear, but can anyone see anything?",neither,0.03720220386355746,0.33072871907647405,0.6320690770599685
bidet from arkansas,neither,0.04066490145509902,0.30981049537100724,0.6495246031738937
wow,neither,0.03945320844208391,0.33037608806864915,0.630170703489267
@LucasBlackstone CT Lucas What UP!,neither,0.041559258462852876,0.36930608122593556,0.5891346603112116
Bidet!,neither,0.03945320844208391,0.33037608806864915,0.630170703489267
aloHype aloHype aloHype aloHype aloHype aloHype,neither,0.03945320844208391,0.33037608806864915,0.630170703489267
First time chatting live! ITS THIRSDAY!!!,neither,0.029106287052677798,0.3548918137683218,0.6160018991790005
"bidet, crit friends!!",neither,0.03945320844208391,0.33037608806864915,0.630170703489267
@Shadylex WELCOME,neither,0.03945320844208391,0.33037608806864915,0.630170703489267
Here it is,neither,0.18920298618551698,0.2433825668613281,0.5674144469531549
You all reaft,offensive_language,0.11713568322928106,0.7458927592248179,0.1369715575459011
Holy heck that was beautiful!,neither,0.03628785548146421,0.3652791917397178,0.5984329527788179
"I have sushi, and now I'm watching critical role",neither,0.03858466472058739,0.3098654283678045,0.6515499069116081
hellow fellow critters how many congratulations can we give Laura Bailey and Travis in the first 5 seconds of stream?,neither,0.035412378447838566,0.30466087770010325,0.6599267438520582
Heyyyy,neither,0.03945320844208391,0.33037608806864915,0.630170703489267
Congrats to to the expectant mom and dad,neither,0.05019784562763504,0.2777206327509425,0.6720815216214223
BIDET,neither,0.03945320844208391,0.33037608806864915,0.630170703489267
:),neither,0.03945320844208391,0.33037608806864915,0.630170703489267
"Wowee, the chat is madness",neither,0.04599906046304459,0.3132564207621298,0.6407445187748255
!twitchprime,neither,0.03945320844208391,0.33037608806864915,0.630170703489267
Bidet from Connecticut,neither,0.04062582848913359,0.31047366557575606,0.6489005059351104
"If you have Amazon Prime or Amazon Prime Video, you can link your account to Twitch , and get Twitch Prime! This gives you one free Twitch subscription, and other cool stuff each month! Link your account at: twitch.amazon.com/prime - How to use the free subscription at: http://bit.ly/HowToSubWithTwitchPrime - REMEMBER: Subscriptions done through Twitch Prime will need to be manually renewed each month!",neither,0.04660741059459432,0.3340380786822325,0.6193545107231732
All these artworks are amazzziiinnngggg!!! <3 <3 <3 <3,offensive_language,0.1727287601592847,0.5749791902227931,0.2522920496179223
Bidet from New Orleans!,neither,0.04450700662299174,0.21166473641774403,0.7438282569592642
Bidet from Virginia!,neither,0.04079557052152802,0.30759270029461827,0.6516117291838538
bidet,neither,0.03945320844208391,0.33037608806864915,0.630170703489267
Laura's and Travis's posts were so cute today!!,neither,0.03925870195566536,0.28120480921201146,0.6795364888323231
yay!!!!!! It is Thursday again!!!!,neither,0.043279799817604075,0.35495148095986107,0.6017687192225349
Middle name is vex or we riot!!!!,neither,0.04582628050411163,0.33022611248588096,0.6239476070100074
Bidet from TEXAS!!!,neither,0.040937266849991,0.30518774380265185,0.6538749893473571
bidet!,neither,0.03945320844208391,0.33037608806864915,0.630170703489267
bidet from nj,neither,0.04069404815304118,0.30931579984010865,0.6499901520068502
Bidet from Utah!,neither,0.04066490145509902,0.30981049537100724,0.6495246031738937
hi,neither,0.03945320844208391,0.33037608806864915,0.630170703489267
Pregananat XD,neither,0.03945320844208391,0.33037608806864915,0.630170703489267
beep beep,neither,0.03945320844208391,0.33037608806864915,0.630170703489267
lavly fan art lost of molly kissing caleb.,neither,0.03945320844208391,0.33037608806864915,0.630170703489267
Finally! Best time of the week.,neither,0.03691192055393393,0.3270610981975859,0.6360269812484802
art,neither,0.03945320844208391,0.33037608806864915,0.630170703489267
Amazing,neither,0.03945320844208391,0.33037608806864915,0.630170703489267
!tmsubmit,neither,0.03945320844208391,0.33037608806864915,0.630170703489267
The email to submit your Fan Art and Gif of the Week submissions is ‘ submit@talksmachina.com '. Before 9 AM Pacific next Tuesday. Submit away!,neither,0.05727310753668434,0.3147331773433212,0.6279937151199946
Only here to say i caught the stream for once!! Cant watch it though cause im not caught up. may there be lots of nat20s!!,neither,0.05496878602901883,0.3160338854808842,0.6289973284900969
BEEPBEEP & BIDET from Madisonville TX!!!,neither,0.04081748366884477,0.3072207769958956,0.6519617393352596
Dang a rang,neither,0.03945320844208391,0.33037608806864915,0.630170703489267
you guys how cute is a preggers laura gonna be on screen later this year,neither,0.05592448125203849,0.3886582928577237,0.5554172258902378
Yay Vex is pregananant,neither,0.050607197438268026,0.3265397197799755,0.6228530827817566
BIDET FROM SEATTLE,neither,0.040754399270683486,0.3082914838698526,0.650954116859464
"God, this music is SO BEAUTIFUL!",neither,0.04719209957428107,0.3723324350728092,0.5804754653529097
so she finally announced she is prgnant?,offensive_language,0.04913824076582094,0.5171898677322637,0.43367189150191543
my very first live show1,neither,0.02563430506685731,0.42048134733842757,0.5538843475947153
i got home just in time for critical role wooohoo,neither,0.030524245033836588,0.3687007335735584,0.6007750213926049
bidet all,offensive_language,0.046917543854519406,0.6277741405869331,0.3253083155585475
Is Khary ever coming back by the way,neither,0.047482085519519074,0.354507309947757,0.5980106045327239
@AdamJSmithberger ENJOY IT WHILE YOU CAN,neither,0.057196484081850775,0.3802939507853012,0.5625095651328481
bidet!,neither,0.03945320844208391,0.33037608806864915,0.630170703489267
Congrats on the new addition to critical role Laura and Travis! :D,neither,0.04249965612066291,0.2570265726854604,0.7004737711938767
"nice, actually made it defSavage",neither,0.037918565873428706,0.3309039220199693,0.631177512106602
Bidet from Minnesota,neither,0.04071751644889743,0.3089174816120565,0.6503650019390461
love the music,neither,0.03424036505897524,0.32627251671334745,0.6394871182276773
!fanart,neither,0.03945320844208391,0.33037608806864915,0.630170703489267
Regular Gnoll Regular Gnoll,neither,0.03945320844208391,0.33037608806864915,0.630170703489267
"Like what you see, and are a member of the art community? Why not make some fan art for us? Remember to tweet it out to the cast/crew and tag it #GNSLive!",neither,0.06273130845716304,0.2943326953346935,0.6429359962081436
Bidet from the Netherlandsa,neither,0.039779025773403386,0.2539611253407979,0.7062598488857987
Bidet from MD,neither,0.04062582848913359,0.31047366557575606,0.6489005059351104
all the fanart is so amazing!,neither,0.050590699502613024,0.4477077141638301,0.5017015863335569
CRITICAL ROLE BOIS PogChamp PogChamp PogChamp PogChamp PogChamp,neither,0.03945320844208391,0.33037608806864915,0.630170703489267
hype,neither,0.03945320844208391,0.33037608806864915,0.630170703489267
Bidet from NY !,neither,0.04084513770590474,0.30675141581570226,0.6524034464783931
Baby Willinghammmmm,neither,0.03945320844208391,0.33037608806864915,0.630170703489267
Shakäste Willingham,neither,0.03945320844208391,0.33037608806864915,0.630170703489267
THATS HORRIFYING,neither,0.03945320844208391,0.33037608806864915,0.630170703489267
Tis Thursday,neither,0.03945320844208391,0.33037608806864915,0.630170703489267
beep beep,neither,0.03945320844208391,0.33037608806864915,0.630170703489267
What a quiet chat. So... slow. Inactive. The silence is deafening.,neither,0.04835872017829167,0.3442733194024144,0.6073679604192941
man how do you guys keep up with chat while watching..... this is intense,neither,0.044903325347023765,0.455401539014992,0.49969513563798423
This is just lovely,neither,0.042785643480234975,0.35312511119177364,0.6040892453279915
Bidet from southern Utah!,neither,0.04038571096854054,0.31454908655701314,0.6450652024744464
name for group redthorns a poke to mathews mythica lol,neither,0.03315246085202547,0.3452741942375193,0.6215733449104551
bidet from florida!!!!,neither,0.0408948396164547,0.30590784468201904,0.6531973157015263
bidet,neither,0.03945320844208391,0.33037608806864915,0.630170703489267
Boom,neither,0.03945320844208391,0.33037608806864915,0.630170703489267
WOWE,neither,0.03945320844208391,0.33037608806864915,0.630170703489267
Bidet from carmichael!,neither,0.04228451509352876,0.2823214250720796,0.6753940598343917
Whoa?! Early start?,neither,0.04094170243789686,0.3051124602999274,0.6539458372621757
"bidet from portland, or 🙂",neither,0.040570124267008914,0.3114191116016469,0.6480107641313441
FIYA,neither,0.03945320844208391,0.33037608806864915,0.630170703489267
bidet from Minnesota,neither,0.04071751644889743,0.3089174816120565,0.6503650019390461
Only thing about Thursday that makes me happy this year,neither,0.030781501168749868,0.4056130188655576,0.5636054799656925
Bidet from Rio de Janeiro Brazil Kappa,neither,0.04014704066969959,0.318599944408189,0.6412530149221114
CONGRATULATIONS Laura & Travis!!!!,neither,0.03945320844208391,0.33037608806864915,0.630170703489267
This week on Critical Role: Will Beau buy a torch?,neither,0.038485625108962966,0.3247580933654963,0.6367562815255406
Bidet from california!,neither,0.06971251856910227,0.2972619859879888,0.633025495442909
bidet,neither,0.03945320844208391,0.33037608806864915,0.630170703489267
FortOne,neither,0.03945320844208391,0.33037608806864915,0.630170703489267
whoo,neither,0.03945320844208391,0.33037608806864915,0.630170703489267
that was a really good Fjord,neither,0.03319348569806086,0.3914387059777575,0.5753678083241817
HYPE!,neither,0.03945320844208391,0.33037608806864915,0.630170703489267
HYPE HYPE HYPE HYPE,neither,0.03945320844208391,0.33037608806864915,0.630170703489267
gandsSubHype,neither,0.03945320844208391,0.33037608806864915,0.630170703489267
Bidet from Argentina!,neither,0.04062582848913359,0.31047366557575606,0.6489005059351104
that shaakasta WAS AMAZING,neither,0.03448697269778191,0.38556091698872963,0.5799521103134886
HUZZAH! Got casting working from my Craptop! BEEP BEEP,neither,0.026299000438859185,0.4686271344197807,0.50507386514136
any burger king art this week?,neither,0.03938606433616072,0.3315156987783185,0.6290982368855208
Just about show time!,neither,0.04820445800528581,0.3195347458569209,0.6322607961377933
congrats to Laura and Travis,neither,0.04466492625153177,0.291922872981336,0.6634122007671321
bidet bidet errybody!!! congrats LAura and Travis as well!,neither,0.037626713978343426,0.3262702192279783,0.6361030667936783
ITS THURSDAY,neither,0.032172426933007474,0.33288028269424347,0.634947290372749
Hype,neither,0.03945320844208391,0.33037608806864915,0.630170703489267
Bidet from Milwaukee!!!,neither,0.04066490145509902,0.30981049537100724,0.6495246031738937
Woooo,neither,0.03945320844208391,0.33037608806864915,0.630170703489267
My first live show. Bidet,neither,0.037360909416709435,0.3433138228150225,0.619325267768268
im here for all 4 jokes of the campaign c:,neither,0.06705501715464651,0.34000452530433245,0.5929404575410211
#TexasCritters,neither,0.03945320844208391,0.33037608806864915,0.630170703489267
yhyyyyyyyyyyessssssssssssss,neither,0.03945320844208391,0.33037608806864915,0.630170703489267
First time watching live! no longer a week behind everyone else!,neither,0.03293404834100868,0.41258043081625495,0.5544855208427364
I'm so ready right now. popcorn is popped and my butt is on the couch.,neither,0.04009558800492334,0.4079373283780324,0.5519670836170442
@bestbaconbits,neither,0.03945320844208391,0.33037608806864915,0.630170703489267
Bidet from HOUSTON TEXAS,neither,0.040553695508357114,0.31169795051161153,0.6477483539800314
Bidet from Missouri!,neither,0.04071751644889743,0.3089174816120565,0.6503650019390461
Bidet from South Dakota!!,neither,0.04041079298828133,0.31412337922315653,0.6454658277885622
bidet,neither,0.03945320844208391,0.33037608806864915,0.630170703489267
bidet,neither,0.03945320844208391,0.33037608806864915,0.630170703489267
Bidet from kansas,neither,0.04071751644889743,0.3089174816120565,0.6503650019390461
BIDET FROM ILLINOIS,neither,0.04069404815304118,0.30931579984010865,0.6499901520068502
Bidet from Spokane valley,neither,0.04069404815304118,0.30931579984010865,0.6499901520068502
great fan art today,neither,0.03683041811559615,0.2922460386541635,0.6709235432302403
wazzaaaaap,neither,0.03945320844208391,0.33037608806864915,0.630170703489267
kaypikeCONG kaypikeRATS on the baby,neither,0.033558033726074306,0.3262677015695663,0.6401742647043595
Bidet from Florida,neither,0.0408948396164547,0.30590784468201904,0.6531973157015263
Congratulations,neither,0.03945320844208391,0.33037608806864915,0.630170703489267
Beep beep from NC State!!,neither,0.07242732547082169,0.21653284179822543,0.7110398327309528
Bidet from Maine,neither,0.04069404815304118,0.30931579984010865,0.6499901520068502
Bidet from Oregon!!! ITS THURSDAY! hype hype hype!,neither,0.037188924344384144,0.3235152009980807,0.6392958746575351
Yay! Thursday,neither,0.03945320844208391,0.33037608806864915,0.630170703489267
Bidet from Minneapolis,neither,0.04228451509352876,0.2823214250720796,0.6753940598343917
lets goooo,neither,0.03868305123800957,0.34344766577192837,0.6178692829900622
BIDET FROM UK!,neither,0.04079557052152802,0.30759270029461827,0.6516117291838538
grats l;aura and travis,neither,0.038785046710499864,0.2971224848814248,0.6640924684080753
Bidet from Arizona!!,neither,0.04078317879478948,0.307803020237201,0.6514138009680096
Bidet,neither,0.03945320844208391,0.33037608806864915,0.630170703489267
Bidet from Houston.,neither,0.040875471929787875,0.3062365648703896,0.6528879631998226
@RoryTwo Welcome aboard!,neither,0.03945320844208391,0.33037608806864915,0.630170703489267
we did it,neither,0.037020223076826134,0.33524355796772365,0.6277362189554502
Bidet from Indiana,neither,0.0408364874901429,0.30689823255244486,0.6522652799574122
ayyyyy! its my 12 month anniversary and my first live viewing!!!!!,neither,0.024377222359553342,0.39727070190941144,0.5783520757310353
Bidet from Austin,neither,0.04086843745212,0.30635595831493706,0.6527756042329429
yay made it,neither,0.03787357701237711,0.3309193957522763,0.6312070272353466
I love Jester!,neither,0.03217296676969875,0.3657703709031763,0.602056662327125
we just get 7k viewers ez now FeelsGoodMan,neither,0.03561665320294887,0.35451881263020407,0.609864534166847
Bidet from Washington State!,neither,0.07569869260918143,0.20816383471815325,0.7161374726726654
Congratulations Laura and Travis :),neither,0.038750789150320014,0.2952614746806695,0.6659877361690105
Bidet from Spain!!,neither,0.04228451509352876,0.2823214250720796,0.6753940598343917
bidet,neither,0.03945320844208391,0.33037608806864915,0.630170703489267
Bidet from Indianapolis!,neither,0.04062582848913359,0.31047366557575606,0.6489005059351104
Bidet from Canananananada,neither,0.04228451509352876,0.2823214250720796,0.6753940598343917
It’s that time,neither,0.029018260944201592,0.4349657939070043,0.5360159451487941
Let's GO!!! How can your BREATHE?!,neither,0.04791874205573663,0.35469877644954667,0.5973824814947168
BIDET,neither,0.03945320844208391,0.33037608806864915,0.630170703489267
Bidet,neither,0.03945320844208391,0.33037608806864915,0.630170703489267
#Georgia Critters,neither,0.03945320844208391,0.33037608806864915,0.630170703489267
Bidet from Ohio. :),neither,0.040754399270683486,0.3082914838698526,0.650954116859464
bidet from mtl,neither,0.04228451509352876,0.2823214250720796,0.6753940598343917
gandsSubHype doodDood,neither,0.03945320844208391,0.33037608806864915,0.630170703489267
is it thursday yet?,neither,0.04651135664277627,0.32794846724679255,0.6255401761104311
Bidet from Michigan,neither,0.040769555981420263,0.3080342349327864,0.6511962090857933
first time getting to see the stream live!!! :D,neither,0.03718927772144597,0.3822921981731417,0.5805185241054123
Bidet From alberta canada,neither,0.040354386843928725,0.3150807387011266,0.6445648744549448
bidet from missouri!,neither,0.04071751644889743,0.3089174816120565,0.6503650019390461
"Hello everyone, hope you all had a good week! Thanks cast and crew for lettig us join in and grats to Laura for the new adventure!",neither,0.07101116997020142,0.25963267489161124,0.6693561551381875
WE WANT MORE SHAKAESTE,neither,0.042406306644290605,0.31372111402325514,0.6438725793324543
Congrats Laura and Travis!!,neither,0.03873824822524505,0.2945750772367305,0.6666866745380244
Bidet from Iowa. What did I miss last week.,neither,0.03870271932787112,0.3161133878743884,0.6451838927977405
Bidet!,neither,0.03945320844208391,0.33037608806864915,0.630170703489267
Regular Gnoll Regular Gnoll,neither,0.03945320844208391,0.33037608806864915,0.630170703489267
Bidet from Minnesnowta,neither,0.04228451509352876,0.2823214250720796,0.6753940598343917
Laura Bailey is Pregnant Congrats so happy for Her.,neither,0.03343873817177985,0.47974612659427934,0.4868151352339408
Bidet from Saskatchewan,neither,0.04228451509352876,0.2823214250720796,0.6753940598343917
Bidet from Pa,neither,0.04069404815304118,0.30931579984010865,0.6499901520068502
canada,neither,0.03945320844208391,0.33037608806864915,0.630170703489267
what is this Bidet?,neither,0.07282678549990032,0.31792604547631814,0.6092471690237815
Bidet from Dallas Texas!,neither,0.040526092357498496,0.3121664480201657,0.6473074596223359
Bidet from Oklahoma!,neither,0.04066490145509902,0.30981049537100724,0.6495246031738937
Bidet from Texas,neither,0.040937266849991,0.30518774380265185,0.6538749893473571
