text,top_class,hate_speech,offensive_language,neither
"What is this, cyberpunk for mimes?",neither,0.05262953332884569,0.27749354295477363,0.6698769237163806
#theyknow,neither,0.03945320844208391,0.33037608806864915,0.630170703489267
"Just, no audio",neither,0.033963501412756406,0.367153233884929,0.5988832647023146
Once again I abandon Hamilton for Erika and Taliesin and how delightful everyone is,neither,0.03408648748427729,0.35688342239116644,0.6090300901245561
Can’t hear anything but they look GREAT,neither,0.0366632194581413,0.3120861361034704,0.6512506444383883
Hello silence my old friend,neither,0.030400181770209984,0.39917704269121335,0.5704227755385766
😂😂😂,neither,0.03945320844208391,0.33037608806864915,0.630170703489267
LOL I love these people,offensive_language,0.08198040362197084,0.5582123055959947,0.3598072907820346
thanks for fixing it crew,neither,0.032406798406448514,0.2956428455957393,0.6719503559978122
"it looks like they had so much fun on the intro too, to bad no sound",neither,0.04076214936677143,0.3751216251974628,0.5841162254357658
Lol you guys LOOK lovely,neither,0.04787574067738205,0.4372212600898942,0.5149029992327238
H,neither,0.03945320844208391,0.33037608806864915,0.630170703489267
H,neither,0.03945320844208391,0.33037608806864915,0.630170703489267
Oo A,neither,0.03945320844208391,0.33037608806864915,0.630170703489267
It's okay Erika you speak enthusiastically enough I can ALMOST read your lips.,neither,0.07378009334973094,0.35296587046359956,0.5732540361866695
mimepunk,neither,0.03945320844208391,0.33037608806864915,0.630170703489267
"Well, that was fun! XD",neither,0.03478426187552399,0.3821949442360048,0.5830207938884712
Gather your Audio,neither,0.06524029444393677,0.3232213912842776,0.6115383142717856
The MegaCorps silenced the audio,neither,0.03769142369206731,0.29720981050000866,0.6650987658079239
M,neither,0.03945320844208391,0.33037608806864915,0.630170703489267
I always feel sad when they get themselves pumped for an intro and something goes wonky,neither,0.03024162289988468,0.3486111796311566,0.6211471974689586
Tal's look is Very Good I will say,neither,0.04791060268027122,0.3094055244934748,0.6426838728262539
Aw you tried guys,neither,0.05651170183158325,0.3808458871897402,0.5626424109786766
C,neither,0.03945320844208391,0.33037608806864915,0.630170703489267
"Looking awesome, dunno about sound though lol",neither,0.03202811000532247,0.39636048657291423,0.5716114034217632
"Now, let's awkwardly try that intro again",neither,0.02400526392296897,0.4117287068170874,0.5642660292599436
YAY!,neither,0.03945320844208391,0.33037608806864915,0.630170703489267
I'm smitten by the serious LOOKS going on here.,neither,0.06592889249878889,0.35252124011054453,0.5815498673906666
Yay!,neither,0.03945320844208391,0.33037608806864915,0.630170703489267
SOUND!!!,neither,0.03945320844208391,0.33037608806864915,0.630170703489267
R,neither,0.03945320844208391,0.33037608806864915,0.630170703489267
Theme is Place: _ _ _ E/ _ _ _ A R E : K G L,neither,0.051521363342167344,0.2741659168861181,0.6743127197717145
E,neither,0.03945320844208391,0.33037608806864915,0.630170703489267
Oh my gosh what nerds I love you guys <3,neither,0.04655494390442251,0.40068360978809847,0.5527614463074791
"Sound off, 1, 2. Sound off 3, 4. Sound off the audio team on the floor! :D",neither,0.037558208882536234,0.32250318502296377,0.6399386060944999
Yes,neither,0.03945320844208391,0.33037608806864915,0.630170703489267
yay,neither,0.03945320844208391,0.33037608806864915,0.630170703489267
Mimepunk sounds terrifying.,neither,0.03945320844208391,0.33037608806864915,0.630170703489267
Darn..Audio receptors must have glitched out on me again...ahh there we go.,neither,0.03158273675336902,0.36116165659828564,0.6072556066483453
Hello!,neither,0.03945320844208391,0.33037608806864915,0.630170703489267
We can hear you!,neither,0.06446856302062165,0.3952187175911303,0.5403127193882481
I can hear you now,neither,0.06448588372645547,0.3907534735431838,0.5447606427303607
OMG AMAZING,neither,0.03945320844208391,0.33037608806864915,0.630170703489267
"YOU""RE ON THE INTERNET",neither,0.08628398790496444,0.34242369590586635,0.5712923161891691
Hi we can hear you now.,neither,0.05619438237592419,0.3749965874160077,0.5688090302080681
"Oh dear gods, Taliesin.",neither,0.0461327075271576,0.2673899063118408,0.6864773861610016
Hi Erika and Taliesin!,neither,0.038358606956405694,0.2721397086643902,0.6895016843792041
yay for sound!!,neither,0.03342041618753977,0.30025208308978646,0.6663275007226737
English only please,neither,0.03945320844208391,0.33037608806864915,0.630170703489267
WE HEAR YOU NOW!,neither,0.06266091381657969,0.39864461040696453,0.5386944757764558
<3,neither,0.03945320844208391,0.33037608806864915,0.630170703489267
Yay sound,neither,0.03945320844208391,0.33037608806864915,0.630170703489267
Kinda,neither,0.03945320844208391,0.33037608806864915,0.630170703489267
erika what is that lipstick i have a need for it,neither,0.040047690858556056,0.3414899644936124,0.6184623446478316
"we're sorry, the sound you were looking for is no longer available",neither,0.0618591235181137,0.3024344618291042,0.6357064146527821
"Download the new Critical Role theme song for Campaign Two! http://itunes.apple.com/album/id1331550250?ls=1&app=itunes Sales of the song support the musician, Jason Charles Miller.",neither,0.04445767596344001,0.2510827790306858,0.7044595450058742
Hello America owbLOL,neither,0.2806930992707186,0.19347245991074807,0.5258344408185333
better,neither,0.03945320844208391,0.33037608806864915,0.630170703489267
Hello!,neither,0.03945320844208391,0.33037608806864915,0.630170703489267
YES,neither,0.03945320844208391,0.33037608806864915,0.630170703489267
sound is good,neither,0.050128102747052136,0.3267045024134603,0.6231673948394876
we can hear you :D,neither,0.06446856302062165,0.3952187175911303,0.5403127193882481
sound,neither,0.03945320844208391,0.33037608806864915,0.630170703489267
We can hear you,neither,0.06446856302062165,0.3952187175911303,0.5403127193882481
we can hear you now,neither,0.06115432797229624,0.387262383942502,0.5515832880852017
OH MY ERIKA THAT VISOR,neither,0.023692123829251156,0.46064031988355764,0.5156675562871912
There we go!!!,neither,0.04083933629015207,0.27628362646603744,0.6828770372438104
Sound !!!,neither,0.03945320844208391,0.33037608806864915,0.630170703489267
Yes,neither,0.03945320844208391,0.33037608806864915,0.630170703489267
CAN HEAR!!,neither,0.039887949167755433,0.32299740337112,0.6371146474611248
THERE's THE SOUND,neither,0.03838797670623652,0.2550306786949283,0.7065813445988351
just add censorship to corporate SINS,neither,0.04052559623406766,0.3413843764350586,0.6180900273308737
dope!,neither,0.03945320844208391,0.33037608806864915,0.630170703489267
Where is ROADHOG!!,neither,0.06245822111259904,0.2612427577458543,0.6762990211415466
i always worry about blacklights....,neither,0.035579616184475645,0.4245352935713388,0.5398850902441856
Dang Tal looks awesome,neither,0.03945320844208391,0.33037608806864915,0.630170703489267
Talesin looks amazing,neither,0.03945320844208391,0.33037608806864915,0.630170703489267
Hi EKbot and Taliesin!,neither,0.038358606956405694,0.2721397086643902,0.6895016843792041
Cyberpunk: Hi-Tech and Low Lives,neither,0.03883918548954064,0.3000237436457513,0.661137070864708
Hi America!,neither,0.2926491446584115,0.18842256977537883,0.5189282855662097
gandsSubHype gandsSubHype gandsClassic gandsClassic tinytatoPotato tinytatoPotato,neither,0.03945320844208391,0.33037608806864915,0.630170703489267
thanks crew for sound,neither,0.03259835197586034,0.29086450273910835,0.6765371452850314
Iconic Looks,neither,0.03945320844208391,0.33037608806864915,0.630170703489267
oh dam that's cool blacklight on tal,neither,0.03810254598214059,0.33476495984196825,0.6271324941758911
Answer: Time Square,neither,0.038315119332635386,0.3496924304318846,0.61199245023548
Lmao wooow,neither,0.03705015143476208,0.3711622369619404,0.5917876116032975
gandsSubHype gandsSubHype gandsSubHype gandsSubHype,neither,0.03945320844208391,0.33037608806864915,0.630170703489267
THE NEON FACEPAINT! THE MEMORIES <3,neither,0.038011095767003164,0.3035436763813298,0.6584452278516669
ZIK ZAK! Omg!,neither,0.03945320844208391,0.33037608806864915,0.630170703489267
"Oh snap, Talesin is looking absolutely amazing.",neither,0.04992679975158808,0.2908417654529763,0.6592314347954356
Road HOG WHERE ARE YOOUUUUU,neither,0.058401104272522666,0.27649481352211774,0.6651040822053595
Hack The Planet!,neither,0.03860322721998363,0.3148485726699532,0.6465482001100633
!ginaisamazing,neither,0.03945320844208391,0.33037608806864915,0.630170703489267
1 month 1 day 22 hours 52 minutes 39 seconds ago left until it's time for Amy to tell Gina that she is amazing!,neither,0.040465107780235716,0.364885514043565,0.5946493781761992
Taliesin definitely looks like a Shadowrunner.,neither,0.052879658635603254,0.3494969117223891,0.5976234296420075
Taliesin looks fantastic,neither,0.03945320844208391,0.33037608806864915,0.630170703489267
That face paint! 😄,neither,0.03510812408036276,0.37773415160092455,0.5871577243187127
Where's Hackerman?,neither,0.04379278224195774,0.2567221952996476,0.6994850224583946
Taliesin looks so freaking good I love it,neither,0.03518693719208714,0.3825090727997501,0.5823039900081628
everyone looks great!!!!!,neither,0.03166779156144968,0.4099327959995441,0.5583994124390063
Damn Tal,offensive_language,0.04488105798507942,0.8191309442030206,0.1359879978119
Taliesin shaved! I like it!,neither,0.05161633770063883,0.35181549575799054,0.5965681665413706
They look amazing,neither,0.04166069753739847,0.3296168313430279,0.6287224711195736
hackers ? is quake there Kappa,neither,0.044692536404258756,0.3004938480920552,0.654813615503686
You both look Great,neither,0.05878985342161717,0.34659482088145976,0.594615325696923
Good evening everybody!,neither,0.038803961152734184,0.33059939398308213,0.6305966448641837
OMG is that gina as sean young?!,neither,0.03839391873028097,0.42779510495476086,0.5338109763149581
the fuckin blacklight flashlight,offensive_language,0.08874159104495699,0.9111832829926391,7.512596240381685e-05
What! Google type 2 prototype scopes ! Taliesin been talking to Doc's ppl,neither,0.047743148065713364,0.328612545147893,0.6236443067863936
So cool Erika is wearing the glasses I sent her!,offensive_language,0.03692379404824492,0.5100059420270048,0.4530702639247504
!rerun,neither,0.03945320844208391,0.33037608806864915,0.630170703489267
Gina you look ver pinup,neither,0.06099570494912991,0.3818238416937287,0.5571804533571414
Wow Gina!,neither,0.03945320844208391,0.33037608806864915,0.630170703489267
GINA and SAM!,neither,0.038407325730936984,0.27523814958004,0.686354524689023
Wow - Gina! Amazing!,neither,0.03945320844208391,0.33037608806864915,0.630170703489267
Are we talking Solar Babies?,neither,0.05999548563557047,0.2952826186883416,0.6447218956760881
Hi everyone,neither,0.032490659208996964,0.4485487193596734,0.5189606214313296
Woooooo ITS ROADHOG,neither,0.02700859978372578,0.3346563596412867,0.6383350405749875
Owl?,neither,0.03945320844208391,0.33037608806864915,0.630170703489267
Gina looks amazing! How does she get such perfect hair?!,neither,0.030039960522017045,0.47731790069228636,0.4926421387856966
god this was the aesthetic i wanted when i was like 11,neither,0.03802852747780101,0.3653297174035523,0.5966417551186466
"Help G&S make great content! $4.99/month gets you emotes, Minecraft server access, sub-only VODs, and more! Every sub keeps the channel alive! twitch.tv/geekandsundry/subscribe",neither,0.043907990691603095,0.31135964332838284,0.644732365980014
Daaang Gina!,neither,0.03945320844208391,0.33037608806864915,0.630170703489267
EVERYONE WOW,neither,0.03212033357982777,0.4548341117595523,0.5130455546606199
BLADE RUNNER AHHHHHH,neither,0.03945320844208391,0.33037608806864915,0.630170703489267
"Hi everyone, Gina is killing it!",neither,0.039299631815772104,0.4192327949518446,0.5414675732323834
gandsOwl gandsOwl gandsOwl gandsOwl gandsOwl gandsOwl gandsOwl gandsOwl gandsOwl gandsOwl gandsOwl,neither,0.03945320844208391,0.33037608806864915,0.630170703489267
"Oh wow, Gina. That's amazing.",neither,0.04058997625525367,0.3224511739813712,0.6369588497633751
this is already the best,neither,0.04584363437740781,0.32326190703599605,0.6308944585865961
Gina that outfit! <3 <3 <3,neither,0.03441373728318629,0.3854653984740369,0.5801208642427768
owl?,neither,0.03945320844208391,0.33037608806864915,0.630170703489267
"Good Lord, Sean Young is still alive.",neither,0.0416398807917003,0.3740696131186993,0.5842905060896003
hot. damn y'all,offensive_language,0.0442199567794948,0.9211477260723718,0.03463231714813332
GINA!,neither,0.03945320844208391,0.33037608806864915,0.630170703489267
omg how far are we in,neither,0.06509667543915611,0.28802175126135987,0.646881573299484
gandsOwl gandsOwl gandsOwl gandsOwl gandsOwl gandsOwl gandsOwl gandsOwl gandsOwl gandsOwl gandsOwl gandsOwl gandsOwl,neither,0.03945320844208391,0.33037608806864915,0.630170703489267
SAY ITS ROADHOG TIME!!!,neither,0.03003065961934418,0.36029917563184216,0.6096701647488136
I FINALLY REMEMBERED TO TUNE IN LIVE!!!!!!!!!! SUPERHYPE!!!!!!!!!,neither,0.04978788465551871,0.3254063008865435,0.6248058144579378
Oh wow Gina looks fantastic!,neither,0.04400171238176388,0.28682461808806503,0.6691736695301712
my bro told me to read Nuromancer,neither,0.02753195116157077,0.44528280125082914,0.5271852475876001
Sean Young would be proud,neither,0.03679958817647029,0.37130203563098296,0.5918983761925468
I just saw this and I finally have some time off,neither,0.028084683487742235,0.3498542235386983,0.6220610929735595
oh tal that facial hair sure is a thing,neither,0.041119304179640326,0.4100044046264276,0.5488762911939321
Now I have a weird desire to play some Shadowrun.,neither,0.037156780699283666,0.345629706231571,0.6172135130691454
cyber-Victorian-punk??,neither,0.05405927362099263,0.08247304318998684,0.8634676831890205
loving Taliesin's hair,neither,0.03945320844208391,0.33037608806864915,0.630170703489267
Epic facial hair.,neither,0.03945320844208391,0.33037608806864915,0.630170703489267
I still need to do that,neither,0.0433972330660235,0.39482135511282734,0.561781411821149
its fitting,neither,0.03266664412200374,0.33271029874032065,0.6346230571376755
@Lilimira Congratz and Enjoy!,neither,0.038371335165424646,0.27295701822196117,0.6886716466126143
Taliesin makes a sweet Max Headroom v.2,neither,0.03944073793993067,0.3302716616891397,0.6302876003709296
"wow, Sean Young cosplay",neither,0.03723112277848906,0.3680906809613218,0.594678196260189
@girlybits just started,neither,0.032803472495977,0.36242220823605287,0.6047743192679701
"""Good Morning!"" from snowed under England!",neither,0.04633221057644123,0.20324853242308752,0.7504192570004713
:D,neither,0.03945320844208391,0.33037608806864915,0.630170703489267
Erika!,neither,0.03945320844208391,0.33037608806864915,0.630170703489267
gandsHR gandsHR,neither,0.03945320844208391,0.33037608806864915,0.630170703489267
@girlybits just started :),neither,0.032803472495977,0.36242220823605287,0.6047743192679701
"You mean like last night on CR, Taliesin? XD",neither,0.05214567993597443,0.3977425590574879,0.5501117610065376
WUT,neither,0.03945320844208391,0.33037608806864915,0.630170703489267
gandsRyanHype gandsRyanHype,neither,0.03945320844208391,0.33037608806864915,0.630170703489267
Cyberpunk HYPE!!!!!,neither,0.03945320844208391,0.33037608806864915,0.630170703489267
"""made of euphemism"" is such a Taliesin quote",neither,0.04805493409445869,0.32336532968798926,0.628579736217552
I love those glasses,neither,0.0642887411870481,0.2645981632007573,0.6711130956121946
yeah really @phoenixgoth,neither,0.017865266021916106,0.4864732811098604,0.49566145286822344
hi @girlybits,neither,0.03945320844208391,0.33037608806864915,0.630170703489267
Love the cyberpunk 'cosplay' Gina! <3 <3 <3,neither,0.03555699629442515,0.32717354069833376,0.637269463007241
"Gina, yes. That is so incredibly on-point. Bladerunner, always!",neither,0.03858226997274871,0.4433780701393438,0.5180396598879076
Soylent green,neither,0.04133473293169446,0.28611716085498706,0.6725481062133184
Skin suit.,neither,0.03945320844208391,0.33037608806864915,0.630170703489267
Nice spikes Taliesen!,neither,0.03945320844208391,0.33037608806864915,0.630170703489267
Taliesin we already know YOU are made of euphemism,neither,0.09379337283833743,0.34923334815327145,0.556973279008391
bogmummie,neither,0.03945320844208391,0.33037608806864915,0.630170703489267
Neuromancer is the bomb,neither,0.05024186375253206,0.3039099157201598,0.6458482205273082
bunch of Wilsons!,offensive_language,0.0435610490714878,0.55656617187849,0.39987277905002216
"""script kiddies""",neither,0.03945320844208391,0.33037608806864915,0.630170703489267
Berk,neither,0.03945320844208391,0.33037608806864915,0.630170703489267
@girlybits Can't wait for Cyberpunk 2077!,neither,0.031580603196057544,0.2829204766060445,0.6854989201978979
*Grins*,neither,0.03945320844208391,0.33037608806864915,0.630170703489267
!rb,neither,0.03945320844208391,0.33037608806864915,0.630170703489267
Gina you look like Racheal from BladeRunner!!!!,neither,0.11510158439459872,0.41266083422008176,0.47223758138531946
tonic water,neither,0.03945320844208391,0.33037608806864915,0.630170703489267
"what is that, taliesin",neither,0.06192082320891666,0.3949353930334496,0.5431437837576337
SAY ITS ROADHOG TIME!!!,neither,0.03003065961934418,0.36029917563184216,0.6096701647488136
is that stright vodka,neither,0.04419784335171381,0.3768588364029016,0.5789433202453846
!rebroadcast,neither,0.03945320844208391,0.33037608806864915,0.630170703489267
bogmummies - always,neither,0.03557448528484342,0.4519132619047061,0.5125122528104504
tonic water?,neither,0.03945320844208391,0.33037608806864915,0.630170703489267
Tonic water!,neither,0.03945320844208391,0.33037608806864915,0.630170703489267
"Taliesin, are you feeding her window cleaner or something?",offensive_language,0.06053218314676673,0.4876953995030009,0.4517724173502325
!rbshedule,neither,0.03945320844208391,0.33037608806864915,0.630170703489267
Cyber Bog Mummies = my Aesthetic,neither,0.03159698367340527,0.3892926947787206,0.5791103215478742
Oi Chummers,neither,0.03945320844208391,0.33037608806864915,0.630170703489267
tonic water,neither,0.03945320844208391,0.33037608806864915,0.630170703489267
taliesin looks like that cool uncle you want to hang around with all the time and encourages your independence and self expression,neither,0.12085118340790393,0.3109435997232804,0.5682052168688158
chummer,neither,0.03945320844208391,0.33037608806864915,0.630170703489267
lol,neither,0.020706217963973744,0.4882283491876925,0.4910654328483337
"Gina looks amazing, holy crap",neither,0.03945320844208391,0.33037608806864915,0.630170703489267
CHUMMER,neither,0.03945320844208391,0.33037608806864915,0.630170703489267
0_o,neither,0.03945320844208391,0.33037608806864915,0.630170703489267
Hehhehe,neither,0.03945320844208391,0.33037608806864915,0.630170703489267
"That is very true, Tal.",neither,0.04258061014866487,0.3621139727250298,0.5953054171263054
"I can maybe recall a little Shadowrun lingo, but that's all.",neither,0.03553823601267993,0.4160125824982187,0.5484491814891014
taLIESIN,neither,0.03945320844208391,0.33037608806864915,0.630170703489267
GEEK THE MAGE,neither,0.03843498882663835,0.31168514531390124,0.6498798658594604
gandsHR ?,neither,0.03945320844208391,0.33037608806864915,0.630170703489267
@Elliebeatall Yes. Exactly.,neither,0.03945320844208391,0.33037608806864915,0.630170703489267
tonic is gross :p,neither,0.050886191836019265,0.3264437608131326,0.6226700473508482
!phrasing,neither,0.03945320844208391,0.33037608806864915,0.630170703489267
Danger Zoooooonnnneee!,neither,0.03945320844208391,0.33037608806864915,0.630170703489267
Oh gods,neither,0.051363287716059566,0.22255663153133606,0.7260800807526044
That... sounded weirdly hot,neither,0.035417011604675336,0.37430751251837185,0.5902754758769527
"Slot the cred, Chummer!",neither,0.03843498882663835,0.31168514531390124,0.6498798658594604
something with tonic probably,neither,0.025208137822863783,0.40190360362033356,0.5728882585568026
Ummm,neither,0.03945320844208391,0.33037608806864915,0.630170703489267
Oh my... :D,neither,0.02748693229954249,0.40236076101129065,0.5701523066891669
OH noooooo,neither,0.051363287716059566,0.22255663153133606,0.7260800807526044
Taliesin king of euphemisms,neither,0.03945320844208391,0.33037608806864915,0.630170703489267
Choomba/Chombatta,neither,0.03945320844208391,0.33037608806864915,0.630170703489267
i love that damn mug,offensive_language,0.03850588477480373,0.8024267525059888,0.15906736271920738
Do we want to know lol,neither,0.038916234164402375,0.3893049671005712,0.5717787987350264
Cyberpunk cuddles. <3,neither,0.03945320844208391,0.33037608806864915,0.630170703489267
Just say a bunch of Sombra shit,offensive_language,0.038506595377172353,0.9612603445372214,0.0002330600856061702
I feel super odd about that one,neither,0.03450248595726576,0.4091781810037345,0.5563193330389997
Well that meme is a keeper.,neither,0.04250507076528761,0.3613964460644467,0.5960984831702657
"listen, GYP itself is made of euphemisms",neither,0.04543581090697696,0.3283183967451317,0.6262457923478912
Tallesin's beard looks cool!,neither,0.03945320844208391,0.33037608806864915,0.630170703489267
choomba = friend,neither,0.03945320844208391,0.33037608806864915,0.630170703489267
I need of gif of that <3 <3 <3,neither,0.035713258510006,0.36788272183172294,0.5964040196582711
Honestly it is,neither,0.04892190195052243,0.32711937017845116,0.6239587278710265
"""I'd buy that for a dollar!""",neither,0.029835971687525567,0.3426303053577328,0.6275337229547417
Pictures of that party??,neither,0.03517117660990836,0.3770340339361752,0.5877947894539164
"""I really like glowing food"", oh god",neither,0.05277771439497512,0.303033569392457,0.6441887162125678
NO WONDER it tasted terrible!,neither,0.037666845886626374,0.342057424317957,0.6202757297954167
quinine in the tonic water Im betting,neither,0.0378487300013883,0.34487948926217843,0.6172717807364333
Quinine is bitter as hell,offensive_language,0.04933066702098707,0.762624302749194,0.18804503022981892
Fevertree or Q,neither,0.03945320844208391,0.33037608806864915,0.630170703489267
@macabre_punk is it both? wave and matrix,neither,0.045364169342319995,0.28768059065021784,0.6669552400074621
Isn't quinine ingested to combat malaria?,neither,0.05193145051002263,0.3232604002528963,0.624808149237081
Oh geez Taliesin,neither,0.04535734983354261,0.27438591475104485,0.6802567354154126
How does Taliesin know these things??,offensive_language,0.031175865068142756,0.5484032918454279,0.4204208430864294
taliesin are you trying to prevent malaria,neither,0.10695893570297589,0.3202925778239537,0.5727484864730704
Hardcore confession: ive never seen Bladerunner._.,neither,0.03611076886292937,0.3643067694118095,0.5995824617252612
Gonna be dropping some recs for some of my favorite cyberpunkish novels...,neither,0.01915627313687411,0.42162173484067844,0.5592219920224475
I've got a platinum docwagon contract increase I get geeked on this run,neither,0.024465873511182196,0.35584286745807636,0.6196912590307414
will your piss glow too? lol,neither,0.056106725063014784,0.35330987129653957,0.5905834036404456
of course Taliesin has a blacklight flashlight,neither,0.03995966456739795,0.3217802058769076,0.6382601295556946
Yes it is...,neither,0.0504428408951861,0.3265962495318096,0.6229609095730043
Long wave or short wave?,neither,0.03931239677220403,0.3291969492739521,0.6314906539538439
Taliesin you're a disaster,neither,0.09007156158838098,0.34757279822856735,0.5623556401830517
"""The Whiskey's not helping"" is a horrifying phrase... o.0",neither,0.04330295550817012,0.32071421175384013,0.6359828327379897
Cat pee but who would want to drink that Kappa,neither,0.038854279680790256,0.3939634249265282,0.5671822953926816
"@rfors96369 Actually, I may be confusing it for photons.",neither,0.03469628734425749,0.28806710562140275,0.6772366070343397
Like Critical Role??? I deisgned a logo for the new group name... check it out here!! It has already been liked by most of the cast!! https://twitter.com/remarK_ble/status/969729146577354752,neither,0.052395764744728006,0.33500773806500345,0.6125964971902687
live ?,neither,0.04891340716200846,0.3271222919257548,0.6239643009122369
Amazing,neither,0.03945320844208391,0.33037608806864915,0.630170703489267
Tal is a magical disaster,neither,0.04522188507957094,0.3283919756468744,0.6263861392735547
Blue is more cyberpunk than yellow.,neither,0.012906730647003989,0.02655320778624246,0.9605400615667535
@Macabre_punk he is immortal and has had lots of time to learn things!,neither,0.05369312869711336,0.30499067425179843,0.6413161970510882
@lord_orick Yup!,neither,0.03945320844208391,0.33037608806864915,0.630170703489267
Oh no.,neither,0.04751210705993949,0.26629718932274826,0.6861907036173122
what???,neither,0.057770773616808734,0.3180719994247239,0.6241572269584672
It's Jessie Pridemore :D,neither,0.037770165237438216,0.33095496380368705,0.6312748709588748
Oh yes ofcourse,neither,0.0443660645991319,0.2834559726516473,0.6721779627492208
lol Sam,neither,0.029540262777559372,0.4042772064154116,0.5661825308070291
SHE'S A ROBOT!,neither,0.04112681331495689,0.4291582489023638,0.5297149377826793
Get out XD,neither,0.029698830301169855,0.3844210954937732,0.5858800742050568
"Awwww, Taliesin",neither,0.03945320844208391,0.33037608806864915,0.630170703489267
Null Sweat Chummers,neither,0.03945320844208391,0.33037608806864915,0.630170703489267
O_o,neither,0.03945320844208391,0.33037608806864915,0.630170703489267
blood glows under blacklight,neither,0.03945320844208391,0.33037608806864915,0.630170703489267
Awwwww,neither,0.03945320844208391,0.33037608806864915,0.630170703489267
"I love tonic water and hate malaria, as well as love grapefruit, so tonic water is one of my fav bev",neither,0.08152984732218468,0.39497692546905583,0.5234932272087596
That’s so sweet Taliesin lol,offensive_language,0.02640680449053324,0.5009786573317975,0.4726145381776694
at least he didn't make the whole birthday cake out of it.,neither,0.028354851378063338,0.37371643701584845,0.5979287116060883
She's a replicant,offensive_language,0.04464246123220158,0.6296812740735797,0.32567626469421873
SAME I HATE CHOCOLATE,neither,0.33034663345276777,0.2060040992769256,0.4636492672703066
@JerrodOwex Cyberpunk vampire? Goth executive meddling? He's got it all.,neither,0.04236790850582444,0.4101475337939368,0.5474845577002387
Sams super cute face le heart eyes,neither,0.042019923389248454,0.2868122368230391,0.6711678397877126
That's adorable,neither,0.0343714251695459,0.38593769553176943,0.5796908792986846
"Sweet, someone else who doesn't like chocolate. Cause I can't stand it either.",neither,0.044292167399385574,0.39772500977327707,0.5579828228273372
"it's not weird, lots of people don't care for chocolate",neither,0.050732047069525485,0.3116821156021784,0.6375858373282961
"i understand, I always prefer vanilla over chocolate",neither,0.036269379421158994,0.36877320144784076,0.5949574191310003
IM ALLERGIC TO CHOCOLATE!!!,neither,0.044795108958387744,0.3567547538211637,0.5984501372204487
Sam is so concerned,neither,0.047182892956100266,0.3702604825993042,0.5825566244445954
wow the girl dressed as Rachel from Blade runner,neither,0.034977150911892366,0.3643368907228719,0.6006859583652356
really?!,neither,0.03945320844208391,0.33037608806864915,0.630170703489267
I won't hold not liking chocolate against you!,neither,0.05159807156566615,0.3499331234347671,0.5984688049995667
I knew a girl in high school who was allergic to chocolate,neither,0.03727883519700446,0.4597069560952634,0.5030142087077322
THAT'S WHY SHE LOOKS FAMILIAR,neither,0.02724430504254763,0.46292472095143644,0.5098309740060158
the cyberpunk secret agenda is the eradication of malaria,neither,0.04490523023509974,0.30108933667093735,0.654005433093963
hard to believe she hasn't been on before,offensive_language,0.03408355654156141,0.586211759548269,0.37970468391016965
"AHHHH, nice to see your face finally, Jessie! Your Alita costume for Erika was wonderful",neither,0.07188023422054532,0.3039687591936058,0.624151006585849
Yay someone is finally like me!!!,neither,0.04866594103543389,0.37590053297537485,0.5754335259891914
Hiiii Jessie!!,neither,0.03945320844208391,0.33037608806864915,0.630170703489267
hating chocolate?? MADNESS!,neither,0.09582711386695905,0.31098651693363455,0.5931863691994064
#weeblife,neither,0.03945320844208391,0.33037608806864915,0.630170703489267
Weeb trash for life,neither,0.032708260735927336,0.12472753839888479,0.8425642008651878
She looks fabulous,neither,0.040968922808854565,0.42049570157934407,0.5385353756118013
Mood,neither,0.03945320844208391,0.33037608806864915,0.630170703489267
Tron Prom dress? Trom dress? Kappa,neither,0.03945320844208391,0.33037608806864915,0.630170703489267
Who’s the guy to the far left of the screen,neither,0.04219043199981023,0.3414656995383894,0.6163438684618002
Tron is the shit,offensive_language,0.05450612198983199,0.9441139617000348,0.0013799163101331868
NO,neither,0.036918905254960256,0.37338982715841207,0.5896912675866277
Its ok...Its my first too,neither,0.019337059872495878,0.4083497631103143,0.5723131770171898
@derekleeketchum no,neither,0.036918905254960256,0.37338982715841207,0.5896912675866277
I fight for the users,neither,0.03329620543779616,0.289618965556651,0.6770848290055528
absolutely not,neither,0.037679304214372954,0.3370704769480495,0.6252502188375777
Original TRON,neither,0.03945320844208391,0.33037608806864915,0.630170703489267
Nice,neither,0.03945320844208391,0.33037608806864915,0.630170703489267
@girlybits -> ONLY HULK CAPSLOCKS [warning],neither,0.03945320844208391,0.33037608806864915,0.630170703489267
This is honestl just the wardrobe I longed for age 17,neither,0.03645872013828928,0.31231722219761326,0.6512240576640974
"oops, too excited",neither,0.039213278105997715,0.33444833204031227,0.6263383898536901
Confession: I actually really liked TRON: Legacy and not just because of the soundtrack,neither,0.03546501409051805,0.3139733936894491,0.6505615922200327
>_>;,neither,0.03945320844208391,0.33037608806864915,0.630170703489267
She has good tastes,neither,0.0407725991005273,0.4149177645411833,0.5443096363582894
I'm loving this stream~,neither,0.03936533928816122,0.3318674569309353,0.6287672037809034
It’s always great to have talented friends to support,neither,0.06832001371175529,0.3417414717593768,0.5899385145288679
I never went to any of the dances xD,neither,0.040615683774532486,0.3470956794367716,0.6122886367886959
It must be confession night!,neither,0.030493769567864416,0.31530455781986844,0.6542016726122671
Please im single for life,neither,0.030072632440918744,0.3872906780922305,0.5826366894668507
many confessions,neither,0.03945320844208391,0.33037608806864915,0.630170703489267
The TV series was great!,neither,0.037065321556531125,0.29735664215238217,0.6655780362910868
Loving TRON is always appreciated,neither,0.04368311499410227,0.3668331447262253,0.5894837402796724
Legacy was fine.,neither,0.03933199937931442,0.3324333221942942,0.6282346784263915
how about the animated show?,neither,0.050752252965985775,0.2713585106052006,0.6778892364288137
So much confess,neither,0.03541027283245931,0.3789440141915648,0.5856457129759759
"Eh, that's not that weird.",neither,0.03167293088097688,0.4087320867978372,0.5595949823211859
"Oh, Tron: Legacy is amazing. The soundtrack's by Daft Punk, so that increases the cool factor",neither,0.051896526252829756,0.21713490814987318,0.7309685655972971
Tron Legacy was good,neither,0.038834825517991445,0.33221835118858684,0.6289468232934218
I need to see these dissertations,neither,0.06928691324621797,0.44489350500319064,0.4858195817505914
!whodat,neither,0.03945320844208391,0.33037608806864915,0.630170703489267
really? Tron Legacy was def not my favorite,neither,0.031382358003343595,0.3890470007970057,0.5795706411996507
"Erika Ishii ( twitter.com/erikaishii ), Taliesin Jaffe ( twitter.com/executivegoth ), with Bryan Forrest ( twitter.com/SirBryanForrest ), Zach Wilson ( twitter.com/ThatZachWilson ), Gina DeVivo ( twitter.com/PocketGina ), Sam de Leve ( twitter.com/ChaiKovsky ), Josh Dempster ( twitter.com/Hidefininja ), Jessie Pridemore ( twitter.com/jessiepridemore ), Josh Petersdorf ( twitter.com/CrankyJ )",neither,0.03715140850393904,0.4712939257450212,0.4915546657510399
aside: why are you still drinking that,neither,0.05763061330393172,0.3937841374663733,0.5485852492296951
"Can we please, please, PLEASE talk about how good Aeon Flux is?",neither,0.03165263548694983,0.3469678479468541,0.621379516566196
i never saw Tron: Legacy,neither,0.03641348445935672,0.3611844504540204,0.6024020650866228
"we love fun, have you seen Taliesin today?",neither,0.04859609977153171,0.3720721342952555,0.5793317659332129
I really hope Tal keeps that facial hair for a little while. I'm diggin' it. :),neither,0.04884018773586192,0.2795898622060393,0.6715699500580986
!rbschedule,neither,0.03945320844208391,0.33037608806864915,0.630170703489267
Find the unfinished rebroadcast schedule for the weekend here: http://bit.ly/WeekRebroadcast,neither,0.05904738035105781,0.17020024858160615,0.7707523710673361
im more of a GITS cyberpunk than a tron cyberpunk or a bladerunner cyberpunk,neither,0.039888625039197295,0.3562997790021869,0.6038115959586158
Gather Your Confessions? :D,neither,0.06524029444393677,0.3232213912842776,0.6115383142717856
I liked Tron Legacy as well,neither,0.038054297479739325,0.3541192579663253,0.6078264445539354
"@cy0nknight Oh, the soundtrack may be the last CD I ever bought.",neither,0.04252212904088514,0.26829437524860045,0.6891834957105144
Tron Legacy was fine,neither,0.03936002545398245,0.3319576465649511,0.6286823279810664
"Hey @misssunflower94 , pulled from the lure of the ocean?",neither,0.03895963294118571,0.2968164872277763,0.6642238798310379
"@girlybits I quite enjoyed that movie, actually",neither,0.03826191744851086,0.33278614531006573,0.6289519372414235
Good Omens! <3,neither,0.037820165765928906,0.33093776632913474,0.6312420679049364
Fun is what this show is about,neither,0.0834663322731422,0.27317181612761043,0.6433618515992474
"""Max Headroom: Freedom. You know, writers have no freedom on TV. One rude suggestion, and the censors are straight on their back. Not on their back in a rude way.""",neither,0.046626627988586876,0.34277058967584684,0.6106027823355662
YO GIRL. PREACH.,neither,0.03286020146579095,0.4686670739823298,0.49847272455187924
GOOD OMENS,neither,0.037820165765928906,0.33093776632913474,0.6312420679049364
Tron Legacy is amazing,neither,0.04558516773177064,0.32826702608423797,0.6261478061839914
oh gods every time i remember the Good Omens show i get exited agina,neither,0.054593520463143135,0.23357318807672783,0.711833291460129
I'M So HYPE for Good Omens,neither,0.032082426148562576,0.34371295867693147,0.624204615174506
GITS is great,neither,0.05061484561512324,0.2864395912068406,0.6629455631780362
@beneath_the_hat pulled from the lure of SLEEP rn,neither,0.03954349643393466,0.30607090324679426,0.6543856003192712
#everyonelovessam,neither,0.03945320844208391,0.33037608806864915,0.630170703489267
aaaaaaaaaaaaaa,neither,0.03945320844208391,0.33037608806864915,0.630170703489267
tron legacy was totally worth the couple bucks i paid at the second run theater,neither,0.038262450623531064,0.32734081558423705,0.6343967337922319
#SamFacts,neither,0.03945320844208391,0.33037608806864915,0.630170703489267
"This has been Facts With Sam! #SamFacts Also, bench press builds the muscles you use to hug, so it's SUPER important for them to get those cuddle-gains! Sam is the Sovereign of Hugs! All hail Their Majesty of Hugs Sam de Leve! For more facts about random things follow Sam at: twitter.com/ChaiKovsky",neither,0.03898514056566685,0.3887368071589312,0.572278052275402
I STILL NEE TO WATCH SHIELD OF TOMORROW!,neither,0.04911666582895282,0.3374373763852102,0.6134459577858369
Yay Sam!,neither,0.03945320844208391,0.33037608806864915,0.630170703489267
yay Shadowrun!!!!!,neither,0.03945320844208391,0.33037608806864915,0.630170703489267
"My own confession, never seen Blade Runner",neither,0.042875241674843675,0.409516641354729,0.5476081169704273
Renraku comes for you!,neither,0.05271763645713179,0.34488335985686014,0.6023990036860082
lol,neither,0.020706217963973744,0.4882283491876925,0.4910654328483337
"Awww, Sam",neither,0.03945320844208391,0.33037608806864915,0.630170703489267
wow,neither,0.03945320844208391,0.33037608806864915,0.630170703489267
Hey RPGs are bad ass nothing wrong with leaning into them more,offensive_language,0.12145107061496771,0.8066328952667167,0.07191603411831557
"Dragons & Hacking, what's not to love?",neither,0.04724192035912411,0.3402952602091494,0.6124628194317265
Well @misssunflower94 sleep is like an ocean ;),neither,0.058391090865651515,0.3364996439325489,0.6051092652017998
Such shade XD,neither,0.03973865447894847,0.32553132386826394,0.6347300216527877
Shadowrun is awesome~! Especially how they explain away goblins!,neither,0.04659027719260275,0.31071077456055235,0.6426989482468449
I paid shadowrun when i was in high school 20+ years ago,neither,0.030579016170932536,0.41986224875984085,0.5495587350692265
"Oh Shadowrun, I miss you",neither,0.06139942087922011,0.3315056401482147,0.6070949389725653
I watched it with my dad in the theatre when it came out. 3D glasses and everything,neither,0.022060317662819316,0.39264271479920165,0.585296967537979
DUNKLEZHAN LIVES!,neither,0.03945320844208391,0.33037608806864915,0.630170703489267
the shade lol,neither,0.02948811573212868,0.3754229871091152,0.595088897158756
Oooooh,neither,0.03945320844208391,0.33037608806864915,0.630170703489267
My copy of Blade Runner is still on VHS.,neither,0.0340271261755617,0.40267229847305885,0.5633005753513793
anyone played Cyberpunk 2020?,neither,0.03945320844208391,0.33037608806864915,0.630170703489267
Sam throwing shade,neither,0.03945320844208391,0.33037608806864915,0.630170703489267
"Wait, what.",neither,0.04877470361900789,0.3238348708445956,0.6273904255363965
I wish the Shadowrun Corporate Sins cast from Seattle were here.,neither,0.06257883487471105,0.28006050050121967,0.6573606646240694
or other Mike Pondsmith games?,neither,0.03945320844208391,0.33037608806864915,0.630170703489267
wait is he Wraith?,neither,0.06322756240885379,0.3221989975521512,0.6145734400389951
he looks REALLY TALL!,neither,0.04501186693741122,0.32846421051647157,0.6265239225461173
Oh we'll find you,neither,0.07704454135897709,0.21672417584569947,0.7062312827953234
Your thoughts on Disney Pulled the plug on the next TRON Long awaited movie ?,neither,0.049375740942610366,0.31027617768271315,0.6403480813746765
Shadowrun is so fabulous! No Corp is the best Corp! #Sinless,neither,0.04607164418223295,0.3440481132352032,0.6098802425825638
Wait... should we just unoffically call Shadowrun Hacking & Dragons?,neither,0.04511090807190198,0.38125379257043573,0.5736352993576622
"I know next to nothing of cyberpunk, though i played one session of shadowrun and one session of the sprawl, if that counts",neither,0.030202300831884004,0.39183240947918835,0.5779652896889276
Eyyyy We’re Alive!!,neither,0.054925886639432625,0.30789492186493794,0.6371791914956295
