text,top_class,hate_speech,offensive_language,neither
It is currently Friday 4:01 PM at the Geek & Sundry studio in California.,neither,0.0512567427375408,0.32962958120431557,0.6191136760581436
Hi @TheraExplorer,neither,0.03945320844208391,0.33037608806864915,0.630170703489267
it was the same deleted msg 9 times in a row so probaly spam =),neither,0.038499512689478106,0.3518046924636627,0.6096957948468592
gands2YearHype gands2YearHype gandsSubHype gandsSubHype,neither,0.03945320844208391,0.33037608806864915,0.630170703489267
Hailing Frequencies are Open!,neither,0.08644556988337024,0.2581296959519982,0.6554247341646315
@avenger1735 best and only way to store thin mints,neither,0.06127356361930045,0.2918593405118953,0.6468670958688042
Bonnie IS space in that shirt,neither,0.043118432848889096,0.3671488238507355,0.5897327433003754
@arisbranwin eeeeeseserssssssse,neither,0.03945320844208391,0.33037608806864915,0.630170703489267
I was counting down to start time,neither,0.044123576130102295,0.3456475261362435,0.6102288977336542
Guys I gotta share this WIp,neither,0.03748352890494096,0.36380669026793466,0.5987097808271244
I'm working on my dnd campaign book right now...the shield's music was perfect just now. <3,neither,0.029414228164804386,0.39238046754750183,0.5782053042876937
WOHOOT WOOOT,neither,0.03945320844208391,0.33037608806864915,0.630170703489267
,neither,0.03945320844208391,0.33037608806864915,0.630170703489267
I wonder if Throlo takes off her antennae when she's off duty.,offensive_language,0.019906635436431046,0.5874406130243716,0.39265275153919743
Asteroid Belt! LOL!,neither,0.030011385417585263,0.4003396692418452,0.5696489453405696
Rue looks so cute!,neither,0.04201701989643675,0.34869710878917487,0.6092858713143884
Love Sam 's lowkeyed dressed in their uniform colors anyway even casual.,neither,0.037402293590100964,0.34605465274619296,0.6165430536637061
We so love you Bonnie!,offensive_language,0.06253389168673941,0.5280454074503863,0.40942070086287413
Incoming Debby Downer fact concerning Girl Scout cookies...they use palm oil because it’s cheap and a major cause of deforestation in tropical climates.,neither,0.02300928645820131,0.3893426087128624,0.5876481048289364
We have a subscriber-only Discord server! Join here: https://discord.gg/geekandsundry (you'll need to sub and link it to your Twitch) and be a part of the fun!...Warning: It can take up to an hour for the server to update and give you access to the channels,neither,0.08464076273808444,0.286394834032893,0.6289644032290227
YAY free stuff!!!,neither,0.03945320844208391,0.33037608806864915,0.630170703489267
!sotgiveaways,neither,0.03945320844208391,0.33037608806864915,0.630170703489267
No purchase necessary. Open to all legal residents of the United States (excluding Rhode Island). Must be 18 years or older to enter. Find official rules here: https://geekandsundry.com/shield-of-tomorrow-twitch-giveaway/,neither,0.0590108251165897,0.3031894411998047,0.6377997336836057
"I had this glow in the dark black tee shirt with constelations on it and it read ""Heavenly Bodies"" on it",neither,0.0366632562792526,0.3271009659210981,0.6362357777996492
laughsnort count?,neither,0.03945320844208391,0.33037608806864915,0.630170703489267
hello chat,neither,0.03945320844208391,0.33037608806864915,0.630170703489267
"Hello, Riders and Aux Crew! Before heading off to breakfast, I wanted to tune in to a little bit of the stream.",neither,0.04516526807408667,0.330832911011416,0.6240018209144974
Mala doesn’t believe in shore leave,neither,0.03945320844208391,0.33037608806864915,0.630170703489267
Shore leeeave!,neither,0.03945320844208391,0.33037608806864915,0.630170703489267
Cool,neither,0.03945320844208391,0.33037608806864915,0.630170703489267
Yay.,neither,0.03945320844208391,0.33037608806864915,0.630170703489267
bugger im late. what do we have to be active for?,neither,0.04378308947893883,0.3360810831023749,0.6201358274186864
I guess Rhode Island has some certain laws on that kind of thing,neither,0.03177540046203962,0.3665137906236815,0.6017108089142789
@angelus2141 Giveaways at the break.,neither,0.037042218984871214,0.3413705308662625,0.6215872501488664
I am at a con so my concentration is kind of out right now,neither,0.03287535733378565,0.4435091324855864,0.523615510180628
Is Canada excluded ?,neither,0.05005952611256733,0.3267280890626825,0.6232123848247502
"Download the new Critical Role theme song for Campaign Two! http://itunes.apple.com/album/id1331550250?ls=1&app=itunes Sales of the song support the musician, Jason Charles Miller.",neither,0.04445767596344001,0.2510827790306858,0.7044595450058742
Seems like if it's US only you should do a keyword giveaway because otherwise you'll get a lot of non US winners,neither,0.11583531628700233,0.4362002581997956,0.44796442551320204
missed this show all week so glad it is on now,neither,0.0557781348794277,0.3706491651028995,0.5735727000176728
what is it with Rhode Island?,neither,0.038825517900109414,0.3559796306186749,0.6051948514812159
Hellooooo,neither,0.03945320844208391,0.33037608806864915,0.630170703489267
Poor Rhode Island.,neither,0.03945320844208391,0.33037608806864915,0.630170703489267
"Life in Rhode Island is hard, y'all",offensive_language,0.03702784142205417,0.5672478769899316,0.39572428158801426
"Yeah I don't have a lot to... SAY, so it's hard to stay active",offensive_language,0.02967079977960817,0.5504222993954356,0.4199069008249561
That is kinda weird.,neither,0.04370695894798328,0.37250875884559853,0.5837842822064182
"Hi @shidareAKI ! Now that we're almost in the same time zone, I totally feel your pain. LOL",neither,0.056458151649630854,0.3692746108884395,0.5742672374619298
"Is there a game of ""Shield of the day after next Wednesday""?",neither,0.04392617261365603,0.2606283084868006,0.6954455188995434
This is me being ACTIVE,neither,0.034294168859167924,0.39553485203224964,0.5701709791085825
!points B Dave,neither,0.03945320844208391,0.33037608806864915,0.630170703489267
"That was an excellent pun, B! Here, have some points for that one! You have been awarded 89 points!",neither,0.049980789310414435,0.3817775744187309,0.5682416362708548
cool,neither,0.03945320844208391,0.33037608806864915,0.630170703489267
So if the winner happens to be from Rhode Island who gets in trouble?,neither,0.04254066960424803,0.39556538880322745,0.5618939415925245
@danoba thanks,neither,0.035884468650613,0.3004919205142699,0.6636236108351171
"Because screw you, RI.",neither,0.05389032263383243,0.3713537477427921,0.5747559296233755
"Ooh, PDF of ST: Adventures!?",neither,0.03945320844208391,0.33037608806864915,0.630170703489267
"@danoba clarification for international residents, we’re still eligible to win, right?",neither,0.048294665572676136,0.314698060281718,0.6370072741456059
Is it only open to US residents?,neither,0.08889145641810307,0.3171020134053821,0.5940065301765148
beat,neither,0.03945320844208391,0.33037608806864915,0.630170703489267
I already have both of those :(,neither,0.06467886127782296,0.2827746017200303,0.6525465370021468
neat,neither,0.03945320844208391,0.33037608806864915,0.630170703489267
Rhode Island hates gambling,neither,0.03945320844208391,0.33037608806864915,0.630170703489267
Bonnie is out of costume,neither,0.04315807494583941,0.34637505400057783,0.6104668710535828
"Technically, yes",neither,0.03945320844208391,0.33037608806864915,0.630170703489267
Ok I’ll take the books,neither,0.038584811652575726,0.3161417119197358,0.6452734764276885
Sweet!,neither,0.03945320844208391,0.33037608806864915,0.630170703489267
Other people can have the sto,neither,0.07919839103164339,0.3101920487152146,0.6106095602531421
"Yeah, that's a question, IS it banned outside of US?",neither,0.04935252974823684,0.4278107873932939,0.5228366828584693
"unless you're going to require proof of address to give out the code, I don't see why they would gatekeep it anyhow",neither,0.05094457763770997,0.35229921665081454,0.5967562057114755
in this case PDF also stands for PRetty Darn Fantastic,neither,0.0358713085795972,0.3136243166656276,0.6505043747547752
mmmm books....,neither,0.03945320844208391,0.33037608806864915,0.630170703489267
"Help G&S make great content! $4.99/month gets you emotes, Minecraft server access, sub-only VODs, and more! Every sub keeps the channel alive! twitch.tv/geekandsundry/subscribe",neither,0.043907990691603095,0.31135964332838284,0.644732365980014
"it's a digital item, who needs an address anyway?",neither,0.03914585402816815,0.36573005557618693,0.5951240903956448
The guest is a good sport for coming back this week. He was on ice for most of the last episode before he actually got to participate.,neither,0.04019056480773056,0.34084035330291124,0.6189690818893582
Is Canada excluded ?,neither,0.05005952611256733,0.3267280890626825,0.6232123848247502
i finally caught up just in time for giveaways! :D,neither,0.02791554576580763,0.38076846082958193,0.5913159934046104
I'd rather have the book over the game pack but I will take both,neither,0.03477000056581107,0.2839368105123718,0.6812931889218172
DANG! That's awesome...it's been sitting on my amazon wishlist since this show started.,neither,0.03468233549633068,0.37926352233959276,0.5860541421640766
Are pants necessary to win the things,neither,0.06535429351179452,0.2793328932815335,0.655312813206672
oooooo,neither,0.03945320844208391,0.33037608806864915,0.630170703489267
WHAT?!,neither,0.057770773616808734,0.3180719994247239,0.6241572269584672
ooooh,neither,0.03945320844208391,0.33037608806864915,0.630170703489267
WHAT???,neither,0.057770773616808734,0.3180719994247239,0.6241572269584672
OMIGOD WHAT OMIGOD,neither,0.057770773616808734,0.3180719994247239,0.6241572269584672
@shidareAKI If you have a US address that falls within the rules then I'm guessing yes.,neither,0.049628735947806535,0.3963184451231522,0.5540528189290413
Whooohoo!,neither,0.03945320844208391,0.33037608806864915,0.630170703489267
WHEN?!,neither,0.016601608815981862,0.4643139322190191,0.519084458964999
never heard of it,neither,0.03290128113998575,0.3817668901235797,0.5853318287364345
when is this,neither,0.033565166300149205,0.4205593320649622,0.5458755016348886
!!!!,neither,0.03945320844208391,0.33037608806864915,0.630170703489267
yay!!!!!!!,neither,0.03945320844208391,0.33037608806864915,0.630170703489267
:p,neither,0.03945320844208391,0.33037608806864915,0.630170703489267
Whaaaaaaaat?!,neither,0.03945320844208391,0.33037608806864915,0.630170703489267
Going back! To Tal'Dorei!,neither,0.04420018650444073,0.3529398203135798,0.6028599931819796
"I would totally see a movie about the origins of Dungeons & Dragons. The corporate intrigue, sabotage...",neither,0.038532833640449835,0.30427107837574957,0.6571960879838006
"as in, tag-team GMing?",neither,0.03740599029084932,0.3651227229087272,0.5974712868004234
"Bonny: i wanna play Marisha Rey, oke sneeze a rib then Bonny ;) :P",neither,0.03945320844208391,0.33037608806864915,0.630170703489267
PogChamp,neither,0.03945320844208391,0.33037608806864915,0.630170703489267
Fun,neither,0.03945320844208391,0.33037608806864915,0.630170703489267
loud screaming heard everyone,neither,0.03444174084494835,0.41543377208026305,0.5501244870747884
"Wait, 3 different DM's in Tal'Dorei?!",neither,0.03945320844208391,0.33037608806864915,0.630170703489267
lol,neither,0.020706217963973744,0.4882283491876925,0.4910654328483337
Heya All!,offensive_language,0.046917543854519406,0.6277741405869331,0.3253083155585475
Hooray!,neither,0.03945320844208391,0.33037608806864915,0.630170703489267
woo law,neither,0.03945320844208391,0.33037608806864915,0.630170703489267
Heh,neither,0.03945320844208391,0.33037608806864915,0.630170703489267
@vykandys yeah but which form will you be able to take with you into the Singularity?,neither,0.039973631405546696,0.4656124313414065,0.4944139372530469
@laternalux Next Saturday during our 3rd Anniversary stream,neither,0.03901579842520189,0.3378000776043156,0.6231841239704826
"Anytime, because of laws",neither,0.03945320844208391,0.33037608806864915,0.630170703489267
"@FuffyButt Pants are never required, as long as you aren't on screen!",neither,0.057823112144651814,0.4070215550361146,0.5351553328192336
Because California.,neither,0.06634380847723435,0.321127177631894,0.6125290138908717
Stupid law!,neither,0.1814671921198064,0.17571850010948847,0.6428143077707051
because of law,neither,0.03945320844208391,0.33037608806864915,0.630170703489267
@countxaero bidet from philly pa,neither,0.040404624654160594,0.31422807195125474,0.6453673033945848
"OMG, I am very excited!",neither,0.039277896179988156,0.33043638599463326,0.6302857178253786
what,neither,0.057770773616808734,0.3180719994247239,0.6241572269584672
Active,neither,0.03945320844208391,0.33037608806864915,0.630170703489267
@shidareAKI I'm confirming now.,neither,0.03945320844208391,0.33037608806864915,0.630170703489267
"Wooo, being active then",neither,0.03437585434063753,0.3597286887865115,0.605895456872851
Whoa,neither,0.03945320844208391,0.33037608806864915,0.630170703489267
Wooo!,neither,0.03945320844208391,0.33037608806864915,0.630170703489267
woooo,neither,0.03945320844208391,0.33037608806864915,0.630170703489267
"Here I am, active during the show!!!!!!!",neither,0.09456850685539604,0.2277117353322213,0.6777197578123827
exciting!,neither,0.03945320844208391,0.33037608806864915,0.630170703489267
I literally squeaked.,neither,0.03945320844208391,0.33037608806864915,0.630170703489267
Huzzah law,neither,0.03945320844208391,0.33037608806864915,0.630170703489267
wait what?,neither,0.04877470361900789,0.3238348708445956,0.6273904255363965
law,neither,0.03945320844208391,0.33037608806864915,0.630170703489267
sweet,neither,0.03945320844208391,0.33037608806864915,0.630170703489267
gandsOverlord would probably like a word if that movie gets made,neither,0.02990002279982386,0.3956248549885586,0.5744751222116177
Color me intrigued!,neither,0.031009006992665154,0.3851988511742668,0.583792141833068
Yay law!,neither,0.03945320844208391,0.33037608806864915,0.630170703489267
Yay sax carr,neither,0.03945320844208391,0.33037608806864915,0.630170703489267
cool,neither,0.03945320844208391,0.33037608806864915,0.630170703489267
hey there,neither,0.039367870622775906,0.26767823129172763,0.6929538980854965
Yeeeah,neither,0.03945320844208391,0.33037608806864915,0.630170703489267
Law!,neither,0.03945320844208391,0.33037608806864915,0.630170703489267
Wooo!!!,neither,0.03945320844208391,0.33037608806864915,0.630170703489267
because of ... LAW,neither,0.03945320844208391,0.33037608806864915,0.630170703489267
woo,neither,0.03945320844208391,0.33037608806864915,0.630170703489267
legally active,neither,0.03945320844208391,0.33037608806864915,0.630170703489267
Will this change how critical role will do contests?,neither,0.04225242613365404,0.2990403030630432,0.6587072708033027
Will the three DM's have to compete for control? Like arm wrestling or a riddle contest?,neither,0.04455909499213367,0.3047766425609708,0.6506642624468956
Laws yo,neither,0.039654870311554256,0.4221699296615476,0.5381752000268981
Sax saves the day again,neither,0.03736279934452866,0.33093183614358185,0.6317053645118895
I'm being active any time during the show.. because of law,neither,0.04387038960049933,0.30143966437730996,0.6546899460221908
Yay law!,neither,0.03945320844208391,0.33037608806864915,0.630170703489267
"They say shore leave, but nothing is going to go smooth knowing this crew.",neither,0.04355627314718677,0.3725997439133094,0.5838439829395039
... and chat goes crazy now...,neither,0.029657257722535843,0.3902290326126295,0.5801137096648348
Greetings everyone :DDoes Italy count? Kappa,neither,0.03518252057406918,0.4028608067960453,0.5619566726298856
Because law,neither,0.03945320844208391,0.33037608806864915,0.630170703489267
active?,neither,0.03945320844208391,0.33037608806864915,0.630170703489267
Engage,neither,0.03945320844208391,0.33037608806864915,0.630170703489267
Hzi folks,neither,0.03945320844208391,0.33037608806864915,0.630170703489267
We love you Sax!,neither,0.0667431826429772,0.4602730207261189,0.47298379663090395
does this mean if I'm now speaking on chat I'm breaking the law?,neither,0.020779484824148865,0.43697048225543456,0.5422500329204165
"Not sure how it's gambling, it's a giveaway, but that's silly laws.",neither,0.029771930478256756,0.44541861585797377,0.5248094536637693
LIV ?,neither,0.03945320844208391,0.33037608806864915,0.630170703489267
Because Law? But I'm Chaotic Neutral!,neither,0.03665746631235414,0.33865107546133355,0.6246914582263122
lol not sure I can take either,offensive_language,0.02711605395283828,0.4997689302369911,0.4731150158101706
ok sooo dont kill me but i know nothing of star trek. is there anything i should know to understand whats going on?,neither,0.14789392711067964,0.3298794972377805,0.5222265756515397
From the law offices of Min and Max,neither,0.03900123131091493,0.2783147723658619,0.6826839963232233
Live ?,neither,0.04891340716200846,0.3271222919257548,0.6239643009122369
!sotgiveaways - check the rules to make sure you are eligible.,neither,0.0699203602933235,0.40814287226706786,0.5219367674396086
No purchase necessary. Open to all legal residents of the United States (excluding Rhode Island). Must be 18 years or older to enter. Find official rules here: https://geekandsundry.com/shield-of-tomorrow-twitch-giveaway/,neither,0.0590108251165897,0.3031894411998047,0.6377997336836057
Lay down that law,neither,0.03580569761347513,0.37000720870089826,0.5941870936856267
Blame the lootcrate controversy. :),neither,0.03816137477719709,0.30646044449032755,0.6553781807324752
http://prntscr.com/im3s5p my pic o Daves char,neither,0.0266683129920154,0.35049089221626595,0.6228407947917187
Good to know fmgNICR,neither,0.050755103552449984,0.32360691234095623,0.6256379841065938
Sax should wear a cape around the studio.,neither,0.047508246780052,0.34268604907297057,0.6098057041469775
!rbschedule,neither,0.03945320844208391,0.33037608806864915,0.630170703489267
Find the unfinished rebroadcast schedule for the weekend here: http://bit.ly/WeekRebroadcast,neither,0.05904738035105781,0.17020024858160615,0.7707523710673361
i havent played STO in so long but got the lifetime access back in the day,neither,0.03616882006803766,0.35639979253098897,0.6074313874009735
Sweepstake rules can be silly.,neither,0.04014901428718584,0.3295467400287119,0.6303042456841024
fmgNICE,neither,0.03945320844208391,0.33037608806864915,0.630170703489267
,neither,0.03945320844208391,0.33037608806864915,0.630170703489267
Totally active!,neither,0.03945320844208391,0.33037608806864915,0.630170703489267
"So as long as we were active at any point during the show, we're entered into the giveaway? Sweet!",neither,0.05163760282125345,0.32092087347121445,0.627441523707532
I would watch a Trek series based on the story that has unfolded in this show.,neither,0.04614783099934449,0.302408389510923,0.6514437794897324
More Ship of Secrets!,neither,0.04101905428474175,0.32218727174673933,0.6367936739685188
I once met Law on Nimbus... He's a good lad^^,neither,0.04047569514125669,0.33785106516102914,0.6216732396977143
Tal Siar Dorei! Whoo!,neither,0.03945320844208391,0.33037608806864915,0.630170703489267
Thank goodness because I usually take a break too to grab a snack at breaktime.,neither,0.04224311321502696,0.3476832760118163,0.6100736107731568
Them pesky lottery/sweepstakes laws,neither,0.049960475568387286,0.3244406387564054,0.6255988856752074
Hi @bazag,neither,0.03945320844208391,0.33037608806864915,0.630170703489267
Is this live or Rerun ?,neither,0.05891522972578258,0.32576906797958016,0.6153157022946373
"Yeah, Legal Rules.",neither,0.025215262271851075,0.428048831058078,0.546735906670071
Very little no pay is the worst kind of low pay.,neither,0.0434873686993164,0.31955076333791715,0.6369618679627663
legally active but physically inactive during the show,neither,0.045513542585413416,0.27952104895378677,0.6749654084608
Laws are often way more confusing than they need to be,neither,0.06229247139863582,0.29901280449688444,0.6386947241044798
I'm so excited to finally catch this live,neither,0.04881090085805775,0.3629993085315886,0.5881897906103537
This is live.,neither,0.06264826366348325,0.3248039992423424,0.6125477370941744
@lord_orick live,neither,0.04891340716200846,0.3271222919257548,0.6239643009122369
"Hi everyone, first time watching this live",neither,0.03188907586172774,0.4236948806249655,0.5444160435133067
"I am active in chat, and take that Rhode Island. Just one more Reason that Massachusetts is better.",neither,0.03717062171610372,0.36802693750518134,0.594802440778715
@garthedes Live,neither,0.04891340716200846,0.3271222919257548,0.6239643009122369
🖖,neither,0.03945320844208391,0.33037608806864915,0.630170703489267
"Well, I'm in China, so I can't go to my Twitters. Sorry, Aliza...rain check?",neither,0.03672985042008955,0.40582523292510164,0.5574449166548089
No uniforms tonight?,neither,0.03606043096472306,0.322120014664286,0.6418195543709909
"@bluebadger84 you can /channel_join ShieldofTomorrow, and we can invite you to either Fleet if you play on PC.",neither,0.058587906407785446,0.4344976504081906,0.506914443184024
r6deal,neither,0.03945320844208391,0.33037608806864915,0.630170703489267
hoe often do we have to be active? one time is ok?,offensive_language,0.02537100756485091,0.9592920631214213,0.015336929313727732
@shidareAKI International residents are not eligible.,neither,0.05553366183278096,0.30198364703890496,0.6424826911283141
shore leave time @ApuluFelgar,neither,0.038348947516779607,0.34911827786243155,0.6125327746207887
@ApuluFelgar Shore leave.,neither,0.03945320844208391,0.33037608806864915,0.630170703489267
ahhh got disconected,neither,0.03788125797547795,0.3870089263451547,0.5751098156793674
!rbschedule,neither,0.03945320844208391,0.33037608806864915,0.630170703489267
Find the unfinished rebroadcast schedule for the weekend here: http://bit.ly/WeekRebroadcast,neither,0.05904738035105781,0.17020024858160615,0.7707523710673361
Yay,neither,0.03945320844208391,0.33037608806864915,0.630170703489267
This will be a great episode,neither,0.03916941580213297,0.2870496609855644,0.6737809232123027
"they are on port call, hence not in uniform",neither,0.05415536377968779,0.30998620506808316,0.6358584311522291
@ApuluFelgar Because they're on shore leave. :D,neither,0.0516697456926849,0.3176234520352068,0.6307068022721084
@Chovexani Very great and so fitting!,neither,0.037113848897647475,0.31135733910572005,0.6515288119966325
I have both channels open and its a weird echo.,neither,0.034930100991258276,0.3123694818367679,0.6527004171719739
"@shidareaki if i win, it's yours!",neither,0.020995034857849575,0.3889306276896527,0.5900743374524978
Shore Leave? Me think sit's a tarp!,neither,0.03381559667698198,0.3553869472769401,0.610797456046078
"I really would like that agent pack, will probably find someone to give the core book pdf because I already have it",neither,0.045735484327557314,0.3120785968079522,0.6421859188644905
She took a midnight plane goin' any-where...,neither,0.041856737336481396,0.3665893465740862,0.5915539160894324
^_^ thnx @chaoticloony,neither,0.03945320844208391,0.33037608806864915,0.630170703489267
Is this live ?,neither,0.06264826366348325,0.3248039992423424,0.6125477370941744
Library Bards HYPE!!!!!!,neither,0.03945320844208391,0.33037608806864915,0.630170703489267
How active is active? One message? Several?,neither,0.04320425926054831,0.34585386433756216,0.6109418764018895
@lord_orick yep,neither,0.03945320844208391,0.33037608806864915,0.630170703489267
I just wanted to pop in and say hello to this wonderful community! I'm taking care of my girlfriend so I won't be able to watch tonight.,neither,0.0398509006073978,0.38148363492547005,0.5786654644671321
"@Chovexani You better be making Bdave, cause that's very, very Bdave.",neither,0.04656959254370902,0.40648982127134314,0.5469405861849478
wow Bonnie in the Mini Apple,neither,0.038669194071911876,0.31607968933247854,0.6452511165956095
yes LIVE,neither,0.0459847558150037,0.3281295894190618,0.6258856547659345
@lord_orick Yep,neither,0.03945320844208391,0.33037608806864915,0.630170703489267
Odds of a goblin ambush while on the station?,neither,0.03654249992513998,0.32810634016677676,0.6353511599080832
@lord_orick This is live,neither,0.06264826366348325,0.3248039992423424,0.6125477370941744
guest?,neither,0.03945320844208391,0.33037608806864915,0.630170703489267
I think you can type anything in chat,neither,0.054948634512222566,0.3592820739211876,0.5857692915665897
"Reminder: If you play Star Trek: Online (PC version), you can /channel_join ShieldofTomorrow and request invites to either the Federation or Klingon Fleet.",neither,0.0450572074301405,0.3624085202710598,0.5925342722987996
@Zis yus :D,neither,0.03945320844208391,0.33037608806864915,0.630170703489267
even better both Library Bards!,neither,0.03861988931938101,0.3445196883705271,0.6168604223100919
Guest HYPE,neither,0.03945320844208391,0.33037608806864915,0.630170703489267
I'm so excited to see my wonderful B Dave,neither,0.035105043527972946,0.42341229205397823,0.5414826644180488
awsome im also a lefty,neither,0.03818060568746165,0.3786274822674276,0.5831919120451108
he Q? oh god,neither,0.05527790773033881,0.2607598463331941,0.6839622459364672
I don't think it even has to be comprehensible language,neither,0.044455236591437026,0.330706517231054,0.6248382461775089
I've been assuming they're all Qs the whole time.,neither,0.031066426515083605,0.3468612182310663,0.6220723552538502
!clock Shield of Tomorrow 4 pm Friday Pacific time,neither,0.03861679507298115,0.3445722058072724,0.6168109991197465
It is currently Friday 4:09 PM at the Geek & Sundry studio in California.,neither,0.051344039320626145,0.3296211973671989,0.619034763312175
"great, I can't partecipate because I'm in Europe...",neither,0.0379647601061372,0.303475729513916,0.6585595103799469
We might see some of that? I like looking at that!,neither,0.033256132399602595,0.44384529500283737,0.5228985725975601
We're alive is amazing,neither,0.06683626162390659,0.30261015790049006,0.6305535804756033
Did I miss where they said Amy is?,neither,0.041165437410287144,0.30499724538622797,0.6538373172034848
"Who ARE you, Forkin Kunert?!?",offensive_language,0.2014196755972135,0.4669036700805705,0.3316766543222161
"""Everyone's born right-handed, only the greatest overcome it.""",neither,0.033464801954641674,0.40034952647205774,0.5661856715733006
@darkofnate that would make sense,neither,0.03458552640234314,0.37044483041318427,0.5949696431844727
"Aw jeeze, this episode is called ""Shore Leave at Last""? I'm gonna miss a character building episode!",neither,0.038736823512062514,0.36204500417868785,0.5992181723092497
Amy is in Seattle for ECCC,neither,0.0406044311693737,0.3030400208103485,0.6563555480202778
"Vince Caso: ""I regret my bravado""",neither,0.02985799798143523,0.40374097861865565,0.5664010233999092
@arcticthunderbird at ECCC,neither,0.037091946445510025,0.40193141593839976,0.5609766376160902
"gotcha, thanks",neither,0.0372760594165796,0.3121449224273436,0.6505790181560769
Merry Birthiversary Gates!,neither,0.03945320844208391,0.33037608806864915,0.630170703489267
"apparently not Stef Woodburn's ""Seattle""",neither,0.03815604816924783,0.335248334055078,0.6265956177756741
Gates is LOVELY,neither,0.047019245081505436,0.3277737811231832,0.6252069737953113
Watched it.. It's amazing !,neither,0.0368166464222259,0.33128292264841835,0.6319004309293558
Emerald City Comic Con is where Amy is,neither,0.05149498569198155,0.30675010878510117,0.6417549055229173
Happy Birthday Gates,neither,0.03945320844208391,0.33037608806864915,0.630170703489267
Speaking of active...,neither,0.03945320844208391,0.33037608806864915,0.630170703489267
Happy Birthday to Gates!,neither,0.045776962422655755,0.32667453251436707,0.6275485050629772
Gates always seemed quite kind from what I've seen. :P,neither,0.02733752718796769,0.3376866083881529,0.6349758644238794
Met Gates an terry ferral both awesome,neither,0.0396915765329066,0.32633035947624306,0.6339780639908504
Happy Birthday Gates,neither,0.03945320844208391,0.33037608806864915,0.630170703489267
@darkofnate the creating an advantage mechanic is quasi Q like. You can time travel and everything.,neither,0.05816071499240801,0.3327664297201142,0.6090728552874777
Ooooo. Good word.,neither,0.03884615761814202,0.330584880683684,0.6305689616981739
Loquatiously?,neither,0.03945320844208391,0.33037608806864915,0.630170703489267
"@HawkeyeNFO Seattle has no idea how lucky they are. We miss you, Amy! <3",neither,0.05887104877278852,0.3370401022741895,0.604088848953022
"Thanks, I'm doing chores and watching, so I missed it",neither,0.035886076017589606,0.3184300409312649,0.6456838830511454
"Happy birthday, Gates",neither,0.03945320844208391,0.33037608806864915,0.630170703489267
Sam <3,neither,0.03945320844208391,0.33037608806864915,0.630170703489267
I really need to get back on alpha,neither,0.04198754125795354,0.3454066227432183,0.6126058359988281
loquaciously I don't know that one,neither,0.03260281967333659,0.437726988563176,0.5296701917634875
"Gates was at one of the two Trek cons I went to. She was super awesome and funny. Happy Birthday, Gates!",neither,0.04075248049399137,0.3622336375472582,0.5970138819587504
"Sorry Sam, but i can't watch the access show.",neither,0.05101633459049994,0.26851339652784256,0.6804702688816574
Everyone likes Sam :D,neither,0.03767818721704072,0.4779068933928936,0.48441491939006565
gandsOwl,neither,0.03945320844208391,0.33037608806864915,0.630170703489267
Loquatiously = with lots of words,neither,0.028802733778335136,0.36748306785446444,0.6037141983672003
It’s what Sam does.,neither,0.028208507640914718,0.4593608229632331,0.5124306693958521
Sam's energy gives me life,neither,0.031418723183507274,0.4047675240422409,0.5638137527742517
Excitement!,neither,0.03945320844208391,0.33037608806864915,0.630170703489267
And we like it,neither,0.05430035136220102,0.2899924308868523,0.6557072177509466
So this is live,neither,0.05975662412670844,0.38916479213920285,0.5510785837340887
got here just in time,neither,0.08903794154656769,0.38685058048780624,0.5241114779656261
I just want to hug Sam..,neither,0.04120950091323062,0.34243887330533,0.6163516257814393
"@Henchman2121 I mean, the players have been manipulating their character's actions the whole time, so, god-like?",neither,0.04285042964377386,0.3637913176817816,0.5933582526744445
@piperstwin I don’t dislike them,neither,0.05622740458849334,0.321132998293744,0.6226395971177626
Ah gotta love Sam :D,neither,0.03517027232233813,0.37066198796743044,0.5941677397102315
Yay I'm not late! :D,neither,0.03813045786578263,0.33534570558136834,0.6265238365528489
vieHype,neither,0.03945320844208391,0.33037608806864915,0.630170703489267
just got here too :),neither,0.09658135412163131,0.3708145836400409,0.5326040622383279
"Dear god, is that a french press he is using as a coffee mug?",neither,0.05162636759654746,0.3135455396453317,0.6348280927581209
"@chaoticloony I believe that if you use the passcode ""fangirling"" you can get 60 days free.",offensive_language,0.019886221064361116,0.5175525249894544,0.4625612539461846
"I'm missing our Doctor a lot right now, but I am READY for this",neither,0.0330833095596167,0.3296300029155298,0.6372866875248534
"I could not roll them on a board, I could not roll them and see them scored, I could not roll green Dungeon Dice, I could not roll them, ain't I nice?",neither,0.04354247532743725,0.36543148619888155,0.5910260384736813
I kind of want to see fan art of the Sally Ride crew on shore leave in these outfits.,neither,0.04482402936820543,0.35571522258805227,0.5994607480437422
all I can say is I doubt things were very loquacious during Stef's silent retreat,neither,0.045902355462631696,0.3546265849296787,0.5994710596076895
Amy BibleThump,neither,0.03945320844208391,0.33037608806864915,0.630170703489267
Got home from work just in time,neither,0.033870416904045235,0.3964584896261704,0.5696710934697844
ENGAGE fmgSUP,neither,0.03945320844208391,0.33037608806864915,0.630170703489267
Frontiers is the new code for ProjectAlpha 60 days free,neither,0.04251554981106692,0.23393875372057438,0.7235456964683588
? @Deathstar_Taco,neither,0.03945320844208391,0.33037608806864915,0.630170703489267
@Lefty79 I had a 30 day free trial when it started and had nothing worthwhile,neither,0.03150517485236449,0.35212841827631025,0.6163664068713253
ahh so happy,neither,0.039409918849906085,0.37966165301394805,0.5809284281361459
SeemsGood,neither,0.03945320844208391,0.33037608806864915,0.630170703489267
@darkofnate at least Demigods. Sons of Zeus style like Caster and Pollux.,neither,0.046521985714964624,0.32835334216836753,0.625124672116668
Im excited for the full day dnd game,neither,0.04608855154234688,0.2819982365850737,0.6719132118725795
I will give it a shot !! :) ... I love Trek so .. let's go,neither,0.027596683396765038,0.381205015931196,0.591198300672039
So that's a momentum for -every- aux crew? Sweet,neither,0.032272827610796244,0.3691219911350932,0.5986051812541106
Thumbs up back at ya Eric,offensive_language,0.024647606156875574,0.6234622782845949,0.35189011555852945
I'd like to spend that momentum right now.,neither,0.05316640980054421,0.4049413710761429,0.5418922191233128
is this one as good as critical role?,neither,0.0407758397619955,0.39698202993843607,0.5622421302995685
Mala so drank,neither,0.039414291919817705,0.36892347848624824,0.5916622295939341
Momentum gained!,neither,0.03945320844208391,0.33037608806864915,0.630170703489267
Show time!,neither,0.06421964423691781,0.2395865376180287,0.6961938181450534
shore leave,neither,0.03945320844208391,0.33037608806864915,0.630170703489267
"Ahhh, it has some good stuff now, at least in my opinion.",neither,0.026980447724684203,0.4022750911910432,0.5707444610842726
it is hard to be wordy when you are being silent @PipersTwin,offensive_language,0.06145611295489916,0.5611001354262658,0.37744375161883503
SoT is very good,neither,0.04983058523698634,0.3268068323280166,0.623362582434997
!soiwiki,neither,0.03945320844208391,0.33037608806864915,0.630170703489267
"Thank you for the thumbs-up AND the Momentum, Eric!",neither,0.041048831073122766,0.3238896019849439,0.6350615669419333
Nice,neither,0.03945320844208391,0.33037608806864915,0.630170703489267
!sotwiki,neither,0.03945320844208391,0.33037608806864915,0.630170703489267
"Go on an adventure, and explore the Shield of Tomorrow Wiki! - http://shield-of-tomorrow.wikia.com/wiki/Shield_of_Tomorrow_Wiki",neither,0.03697831220660964,0.2705621833882883,0.692459504405102
@opedromelo I do think so,neither,0.042713487380428,0.3901799887874845,0.5671065238320875
Woooo Momentum gain!!!,neither,0.03945320844208391,0.33037608806864915,0.630170703489267
super keen for some epic RP,neither,0.027320359296233103,0.31509867433228633,0.6575809663714806
!sotauxdiscord,neither,0.03945320844208391,0.33037608806864915,0.630170703489267
USS Sally Ride Aux Crew Discord: https://discord.gg/zxt2TeH,neither,0.03945320844208391,0.33037608806864915,0.630170703489267
can someone recap what happened in the entire show up to now in 2 sentences ?,neither,0.05352886331915817,0.29926682035319707,0.6472043163276449
!sotauxdiscord,neither,0.03945320844208391,0.33037608806864915,0.630170703489267
Eric just SWORE!!!!,neither,0.035337987735825395,0.34971784126994826,0.6149441709942264
Space happened,neither,0.03945320844208391,0.33037608806864915,0.630170703489267
@postdataest Sorry.,neither,0.03945320844208391,0.33037608806864915,0.630170703489267
@soszcny Space is insane. Trek is life.,neither,0.04802307287183936,0.36570014388519656,0.5862767832429642
@soszcny Awesomeness. Repeatedly.,neither,0.03945320844208391,0.33037608806864915,0.630170703489267
Casual Friday!,neither,0.03945320844208391,0.33037608806864915,0.630170703489267
!sotgiveaways PLEASE read the rules carefully! The terms of our giveaways have changed for SoT.,neither,0.03515022128296322,0.30306051241474075,0.661789266302296
No purchase necessary. Open to all legal residents of the United States (excluding Rhode Island). Must be 18 years or older to enter. Find official rules here: https://geekandsundry.com/shield-of-tomorrow-twitch-giveaway/,neither,0.0590108251165897,0.3031894411998047,0.6377997336836057
How do we know who is or is not a changeling? WutFace,neither,0.05676863340906265,0.3909618151030835,0.5522695514878538
Changlings,neither,0.03945320844208391,0.33037608806864915,0.630170703489267
thx,neither,0.03945320844208391,0.33037608806864915,0.630170703489267
Dominion HYPE!!! Dominion are my favorite villains.,neither,0.043769322142092844,0.350115596094943,0.6061150817629641
former wtf?,offensive_language,0.04260453738059456,0.6033547068714148,0.35404075574799054
All the spoilers for Aliza!!!,neither,0.02819460695451769,0.36671782142251136,0.6050875716229709
Chat is going to have to lean into spreading the good word of this show. It’s silly it doesn’t have more viewers.,neither,0.05374303547663714,0.3022609511718159,0.6439960133515469
no problem @Lefty79 I just like to post it early in an episode,neither,0.047997109072398285,0.3422407180056271,0.6097621729219747
just assume everyone is a changling,neither,0.03621064978743131,0.4473367456337896,0.516452604578779
! I've never watched DS9.....,neither,0.01515444223201719,0.35241525697029524,0.6324303007976876
