text,top_class,hate_speech,offensive_language,neither
jcvimHi Trish and Erika,neither,0.03763944115734239,0.1918412352459551,0.7705193235967025
Hi Trisha and Erika!,neither,0.038358606956405694,0.2721397086643902,0.6895016843792041
I think the last one I watched fully was the year return of the king came out,neither,0.03563676069249412,0.3264910394126032,0.6378721998949027
CurseLit CurseLit PowerUpL HSCheers PowerUpR CurseLit CurseLit,neither,0.03945320844208391,0.33037608806864915,0.630170703489267
Is it quiet,neither,0.048214865386680295,0.32736255247434415,0.6244225821389756
Hello Trish and Erika <3,neither,0.03840264189818727,0.2749437060729204,0.6866536520288923
?,neither,0.03945320844208391,0.33037608806864915,0.630170703489267
jcvimHi trish jcvimHi ek,neither,0.03945320844208391,0.33037608806864915,0.630170703489267
justbecciHi THrish justbecciHi Erika,neither,0.03945320844208391,0.33037608806864915,0.630170703489267
Trishaaaaaaaaaaaaaaaa,neither,0.03945320844208391,0.33037608806864915,0.630170703489267
Heeee,neither,0.03945320844208391,0.33037608806864915,0.630170703489267
B),neither,0.03945320844208391,0.33037608806864915,0.630170703489267
Hey,neither,0.03945320844208391,0.33037608806864915,0.630170703489267
Heeeeya!,neither,0.03945320844208391,0.33037608806864915,0.630170703489267
!schedule,neither,0.03945320844208391,0.33037608806864915,0.630170703489267
gandsLessthanthree gandsLessthanthree,neither,0.03945320844208391,0.33037608806864915,0.630170703489267
Trish is cute and i like Erika's hair,neither,0.06760950353907451,0.25747859628766767,0.6749119001732576
also that set is awesome,neither,0.04291241803332028,0.36523554671609076,0.5918520352505889
His Caso is our Caso :P,neither,0.10791154044310096,0.32294052628688585,0.5691479332700133
CUT THE FEED REDUE THAT TAKE jcvimGrr,neither,0.034851945150743274,0.3555195774344641,0.6096284774147925
"Sorry I'm late, everyone. I'm back from China!!",neither,0.03555175344437784,0.3965939613659031,0.5678542851897191
Just call him Bladezz,neither,0.03297029941379581,0.3639657711449486,0.6030639294412556
Trish always been hot,neither,0.036848781518429914,0.40569527972778296,0.557455938753787
"better than his queso being out queso, no double dipping",neither,0.044518484089878296,0.36202686847045973,0.593454647439662
"Vince Queso, a kind of a cheese guy",neither,0.03916045309881051,0.33534491027456215,0.6254946366266274
This missspelling is a case for Caso!,neither,0.04115392631381208,0.2949688241795557,0.6638772495066322
"@The_TBoyce Hi, Tyler",neither,0.03945320844208391,0.33037608806864915,0.630170703489267
#WeKnow about the audio and are working on it.,neither,0.04957620867774916,0.29093680273677175,0.659486988585479
"Download the new Critical Role theme song for Campaign Two! http://itunes.apple.com/album/id1331550250?ls=1&app=itunes Sales of the song support the musician, Jason Charles Miller.",neither,0.04445767596344001,0.2510827790306858,0.7044595450058742
Hello @JeffM0307,neither,0.03945320844208391,0.33037608806864915,0.630170703489267
I'ma need a link to that mod.,neither,0.035607039020865074,0.4565786231726228,0.5078143378065122
@mattkinox i like your style,neither,0.11251370305105148,0.3351050766792489,0.5523812202696996
"Help G&S make great content! $4.99/month gets you emotes, Minecraft server access, sub-only VODs, and more! Every sub keeps the channel alive! twitch.tv/geekandsundry/subscribe",neither,0.043907990691603095,0.31135964332838284,0.644732365980014
tinytatoControllerRIP tinytatoControllerRIP tinytatoControllerRIP,neither,0.03945320844208391,0.33037608806864915,0.630170703489267
@genericmaverick -> Only those that we deem worthy shall possess the power of the Hyperlink [warning],neither,0.048140585852785724,0.2990817588418225,0.6527776553053918
"I only ever threw my controller one time... a Spiderman game (cant remember which one), Bossfight against Doctor Octopus",neither,0.03323141144173733,0.3753506187761376,0.5914179697821251
I've been tempted to go back to Bloodborne even though I already have the Platinum trophy. I love that game so much.,neither,0.02704297565506776,0.36079197591140616,0.612165048433526
"Hehe, you two are silly. :P @GeekandSundry",neither,0.08216295236662978,0.3186315338992145,0.5992055137341558
"""Betrayal has no expiration date!"" LOL",neither,0.03270797168154238,0.3821703375673298,0.5851216907511277
yay,neither,0.03945320844208391,0.33037608806864915,0.630170703489267
"On a similar note to SEGA's goof, turns out you can use the demo EXE on the Origin Final Fantasy XV pre-load",neither,0.028473378391715674,0.3866154779762331,0.5849111436320512
"LOL, Zach.",neither,0.031120645729857982,0.3912535864736078,0.5776257677965343
jcvimHi Barnaby,neither,0.03945320844208391,0.33037608806864915,0.630170703489267
Just the campaign to get people to go back to it. But there is also the fact that it's free with PS Plus this week.,neither,0.05167894520706791,0.345847497345471,0.6024735574474611
Chief,neither,0.03945320844208391,0.33037608806864915,0.630170703489267
hi Chief,neither,0.03945320844208391,0.33037608806864915,0.630170703489267
:-) Chief,neither,0.03945320844208391,0.33037608806864915,0.630170703489267
"Nice homage to the 20th anniversary of ""The Big Lebowski"".",neither,0.0308673847708324,0.34887185398395243,0.6202607612452152
The Chief abides,neither,0.03825742109612947,0.30830648690722096,0.6534360919966495
The Dude abides,neither,0.037906181796417,0.3014853860431802,0.6606084321604028
it's an effective amplifier for sure,neither,0.028975228675048797,0.41487789523576996,0.5561468760891813
"Aw, Chief, your amour is great.",neither,0.07440153817095813,0.29662732727811564,0.6289711345509262
The bucket makes audio better because of the sound angling. XD,neither,0.038317473829348504,0.3095412487390119,0.6521412774316397
Don't let anyone tell you otherwise,neither,0.036608909711025435,0.4027066322229514,0.5606844580660232
#BarnabyforOverwatch2018,neither,0.03945320844208391,0.33037608806864915,0.630170703489267
Please tell me someone is clipping this! :D,neither,0.0391260948862553,0.37052137746541847,0.5903525276483262
stargazer1977 What was that? Bloodborne free on PS plus?,neither,0.03780004507356498,0.3806411973996592,0.5815587575267759
@The_TBoyce Indeed.,neither,0.03945320844208391,0.33037608806864915,0.630170703489267
Or we could just get a dva backstory,neither,0.033384491170618584,0.3692982085664135,0.5973173002629678
#Justice4Barnaby,neither,0.03945320844208391,0.33037608806864915,0.630170703489267
*high-fives @Danoba *,neither,0.033145104355715105,0.48079866637856256,0.4860562292657223
#OPDenimPatch,neither,0.03945320844208391,0.33037608806864915,0.630170703489267
helmet nachos,neither,0.03945320844208391,0.33037608806864915,0.630170703489267
"OMG, a Kingsman-inspired Overwatch character would be so fun!",neither,0.039269986822111025,0.3602505939801363,0.6004794191977527
"I'm pulling for you, Barnaby",neither,0.050265914836840404,0.34242703086672494,0.6073070542964346
lol,neither,0.020706217963973744,0.4882283491876925,0.4910654328483337
it's equality,neither,0.03766131712739339,0.3309924016600271,0.6313462812125794
"You are not the target group for this game, Erika ^^",neither,0.06538317981238623,0.2596750958724916,0.6749417243151221
Not other hunni pop game,neither,0.03869768846196961,0.2648769650375359,0.6964253465004945
Erika wants her #dreamgothdaddy,offensive_language,0.026786262844454324,0.6668390403280224,0.3063746968275232
"Look up the moment from Friday's ""Gather Your Party"" when Erika rants about VR Porn",neither,0.04322476932260536,0.4158591623569611,0.5409160683204336
WHAHAHAHAHA,neither,0.03945320844208391,0.33037608806864915,0.630170703489267
GET ON IT MODDERS!,neither,0.03056853632866545,0.37600107406261524,0.5934303896087193
"Wow, how direct, Erika. XD",neither,0.03945320844208391,0.33037608806864915,0.630170703489267
"""Cuddle Proclivity"" - new must have in any game",neither,0.04190302955464257,0.2222161558907577,0.7358808145545997
grats on 29!!,neither,0.03700910508324578,0.34207212997891556,0.6209187649378386
I like too cuddle and I'm gay,neither,0.30656746383389655,0.15492512338189193,0.5385074127842115
"Erika did not just use ""Italian Stallion"" to describe Mario. :D",neither,0.018226112998040507,0.41522096696092814,0.5665529200410313
hi all,neither,0.0423466876598404,0.4436528871510691,0.5140004251890904
jcvimHi @Yames007,neither,0.03945320844208391,0.33037608806864915,0.630170703489267
Italian Shetland Pony doesn't sound nearly so cool. Also it doesn't rhyme,neither,0.03874464388665756,0.3520273820555039,0.6092279740578385
@Yames007 BCWarrior / <3,neither,0.03945320844208391,0.33037608806864915,0.630170703489267
Oh fucking hell...,offensive_language,0.09324545999150119,0.9067471291565301,7.410851968793077e-06
Last thing we need is that guy messing with the game industry,neither,0.033349275078406244,0.3467355889737561,0.6199151359478376
https://clips.twitch.tv/PiercingVenomousBarracudaFloof,neither,0.03945320844208391,0.33037608806864915,0.630170703489267
Round up the usual scapegoats.,neither,0.036186803757703404,0.3619867687638039,0.6018264274784928
"Yep I'm sure that meeting will get cancelled, it's not that type of week for the WH",neither,0.029475524842220765,0.40642722149540533,0.5640972536623737
"Yeah, especially talking about a guy who ignores facts.",neither,0.026256125989474587,0.4803298316752518,0.4934140423352737
they r just goats,neither,0.034733908011628636,0.35268847820203636,0.6125776137863349
fact based? With Trump? Good luck!,neither,0.031407368676648936,0.3563569587208615,0.6122356726024895
No such thing as Facts when it comes to Trumpy,neither,0.03338395629715561,0.3978302342414996,0.5687858094613448
usual scapegoat,neither,0.03945320844208391,0.33037608806864915,0.630170703489267
I think I read this release somewhere.,neither,0.03980585133470377,0.32439081785627744,0.6358033308090187
we need more Family Values,neither,0.04073094890550847,0.32313458274724,0.6361344683472515
The ESRB exists for a reason. Not the developers fault that the parents ignore the ratings.,neither,0.031792823598322195,0.315869042060713,0.6523381343409648
Go ahead and try to take my video games,neither,0.03916294496402634,0.29383195770578197,0.6670050973301916
stop give kids drugs,neither,0.039402287411941204,0.4065912103685959,0.5540065022194629
"fun gun stat, incidents of gun related injury and death go down during gun conventions",neither,0.039559855604870124,0.31636978049382564,0.6440703639013043
Bullied hello,neither,0.03945320844208391,0.33037608806864915,0.630170703489267
there are stats about games benefiting alot of people,neither,0.08231697715416042,0.28377118228791665,0.6339118405579229
please provide where you found those facts,neither,0.07590436803457988,0.28470793901757313,0.639387692947847
Mental health reform >,neither,0.03945320844208391,0.33037608806864915,0.630170703489267
Correlation does not equal causation,neither,0.02456200916862283,0.4653100854416297,0.5101279053897475
Get the pharmaceutical companies out of our lives,neither,0.03501336778005272,0.3373560105406752,0.6276306216792721
"Now accordian music, that's another story.",neither,0.08185098536271677,0.29836961296036385,0.6197794016769194
"After the mass shooting in Australia in the 90s, did they ban video games to fix the problem? They haven't had any mass shootings since.",neither,0.04268580963329517,0.2798451177444722,0.6774690726222328
@SaintMichaelthePaladin -> Only those that we deem worthy shall possess the power of the Hyperlink [warning],neither,0.048140585852785724,0.2990817588418225,0.6527776553053918
bullying is the problem,neither,0.0468485156931396,0.3112901632331522,0.6418613210737082
"@starpilotsix Oh come on, Weird Al always gets his accordian. XD",neither,0.06261042197368352,0.3085922496053036,0.628797328421013
I bet Jack Thompson is having a fit right now.,neither,0.04474827315917857,0.3421758737513423,0.6130758530894791
Kappa Politics on twitch Kappa,neither,0.038030598209725014,0.3371183808349538,0.6248510209553212
http://www.nber.org/papers/w14371,neither,0.036554915688675756,0.2344508456652015,0.7289942386461227
@VanceKelley But that would make sense! You know we aren't allowed to have that.,neither,0.04494672350364118,0.42205231316606506,0.5330009633302937
psychological issues are the problem,neither,0.05838551049616794,0.282048949506731,0.6595655399971012
i find people need to grow a thicker skin. enjoy the things we have and worry less of what we dont,neither,0.06193605856516088,0.258954665844992,0.679109275589847
"Help G&S make great content! $4.99/month gets you emotes, Minecraft server access, sub-only VODs, and more! Every sub keeps the channel alive! twitch.tv/geekandsundry/subscribe",neither,0.043907990691603095,0.31135964332838284,0.644732365980014
"Also need to stop trying to point at one thing as the cause of school shootings, and look at the bigger picture.",neither,0.042175381990210356,0.3934240406801054,0.5644005773296844
video games are made by corporation and corporations are people. So don't take away these peoples 2nd amendment rights,neither,0.09459520012439507,0.2826512261356036,0.6227535737400014
