text,top_class,hate_speech,offensive_language,neither
Well now I'm kind of tempted to just go over to her channel.,neither,0.037003917286669644,0.47660296706429756,0.48639311564903276
"repeat The channel has gone live. If you cannot see the folks in the studio , please refresh.",neither,0.0373634929483334,0.34859131571055346,0.6140451913411132
DID THEY REMOVE TRINKET,neither,0.03945320844208391,0.33037608806864915,0.630170703489267
oh no its a baby thing,neither,0.0371991198000863,0.29579741066286297,0.6670034695370508
OMGthey changed the set,neither,0.038490128720837825,0.31272582231188356,0.6487840489672787
Sam!!,neither,0.03945320844208391,0.33037608806864915,0.630170703489267
Flat Sam!!!!!,neither,0.03945320844208391,0.33037608806864915,0.630170703489267
me too sam,neither,0.03056836367370628,0.3827887988452751,0.5866428374810188
Sad lonely bear.,neither,0.03945320844208391,0.33037608806864915,0.630170703489267
Flat Sam!!!!,neither,0.03945320844208391,0.33037608806864915,0.630170703489267
RIP Trinket,neither,0.03945320844208391,0.33037608806864915,0.630170703489267
gotta love the baby bear...TOO CUTE!!!!!!,neither,0.03625585600064964,0.3297300640433661,0.6340140799559844
but omg the set...,neither,0.034826836926168746,0.323051510496493,0.6421216525773383
I think ... who's on tonight?,neither,0.03367787229707124,0.38117442530226076,0.585147702400668
It's a photo of the nearly empty set.... lol....,neither,0.03268886859002352,0.35635054577902653,0.6109605856309498
its a baby reference,neither,0.03344755281452995,0.33244170843192233,0.6341107387535477
Let's be honest. How many of us were just watching while waiting for Talks to start? XD,neither,0.04396214549653313,0.3283801062780143,0.6276577482254527
Don't be sad bear,neither,0.03993602614437333,0.33441914134698597,0.6256448325086407
Trinket has turned to drink.,neither,0.04700546485612009,0.3192077469541105,0.6337867881897695
I just came in and immediately saw Sam.,neither,0.03554472482374617,0.3159760082001836,0.6484792669760703
is there a reason they've gone to two guests a week instead of three?,neither,0.03116964731839998,0.2835990648396449,0.6852312878419551
lmao,neither,0.03705015143476208,0.3711622369619404,0.5917876116032975
Awww,neither,0.03945320844208391,0.33037608806864915,0.630170703489267
Sam and Laura?,neither,0.038407325730936984,0.27523814958004,0.686354524689023
Our guests this Tuesday are Sam and Laura discussing episode 8!,neither,0.053804707643596704,0.2784992405482457,0.6676960518081576
"it was the only way to get rid of ""front butt""",neither,0.04539283193794592,0.35113089747601267,0.6034762705860415
Flat Laura,neither,0.03945320844208391,0.33037608806864915,0.630170703489267
"i was thinking how odd it would be to break a rib sneezing, then i break a rib slipping down my stairs",neither,0.0365521220103991,0.36164329235585424,0.6018045856337467
Sometimes I go back to the older episodes after the new episode,neither,0.045473021901763,0.2568186762973584,0.6977083018008786
oh god no,neither,0.045468968717594996,0.2817578918884762,0.6727731393939287
now i know marisha's pain,neither,0.03945320844208391,0.33037608806864915,0.630170703489267
Trinket seems to love the strongjaw ale,neither,0.04274201226181731,0.3222002377261791,0.6350577500120036
Okay thanks,neither,0.03678379827047317,0.30802279096628465,0.6551934107632421
trinket holding a child and travis' keg,neither,0.03891068701437278,0.30378620041909626,0.657303112566531
shadow puppet theater?,neither,0.03945320844208391,0.33037608806864915,0.630170703489267
lol,neither,0.020706217963973744,0.4882283491876925,0.4910654328483337
There is no flat laura,neither,0.048020348122581206,0.29501082360424946,0.6569688282731694
gandsTrinket,neither,0.03945320844208391,0.33037608806864915,0.630170703489267
@weapon3600 i rewatch every episode the day after :seat_smile:,neither,0.039073520654677174,0.3010850201709181,0.6598414591744047
trinket is now drinkit?!,neither,0.05959795488098252,0.3234473860188262,0.6169546591001913
@Vance1982 I'm assuming everyone is busy atm is why.,neither,0.03709729008475842,0.4037613163439954,0.5591413935712463
weehaww,neither,0.03945320844208391,0.33037608806864915,0.630170703489267
@j_e_t__ you may be a bit of precog... so maybe a silver lining?,neither,0.054165815329577024,0.38931535775956916,0.5565188269108539
only baby bump Laura,neither,0.03945320844208391,0.33037608806864915,0.630170703489267
@weapon3600 There is an ever getting-rounder laura.,neither,0.04391977862094139,0.3521268293138572,0.6039533920652015
lmao..this is going to be good,neither,0.053755176926571585,0.3777346213122685,0.56851020176116
What up from nh,neither,0.04330677014908893,0.36119567099638095,0.59549755885453
LOL,neither,0.020706217963973744,0.4882283491876925,0.4910654328483337
"Oh come on, she'll be flat again",neither,0.039855617282479466,0.42342020821604875,0.5367241745014719
lol,neither,0.020706217963973744,0.4882283491876925,0.4910654328483337
Allo from AZ,neither,0.04078317879478948,0.307803020237201,0.6514138009680096
They're getting creative.,neither,0.05158940559174853,0.3689262357567059,0.5794843586515457
"bidet from Frederickson, WA",neither,0.04071751644889743,0.3089174816120565,0.6503650019390461
Hello from MA,neither,0.033654482908224995,0.42879559384595217,0.5375499232458228
I'm seeing support staff,neither,0.06755594340975268,0.3207102688454233,0.6117337877448241
welcome chat,neither,0.03945320844208391,0.33037608806864915,0.630170703489267
LUL,neither,0.03945320844208391,0.33037608806864915,0.630170703489267
Bidet from AZ,neither,0.04078317879478948,0.307803020237201,0.6514138009680096
Bidet from Tennessee,neither,0.04071751644889743,0.3089174816120565,0.6503650019390461
bidet from Chicago!,neither,0.04078317879478948,0.307803020237201,0.6514138009680096
"bidet from Atlanta, GA",neither,0.04042918616695488,0.31381119897869514,0.6457596148543501
gandsSubHype gandsSubHype gandsSubHype gandsSubHype gandsSubHype gandsSubHype gandsSubHype gandsSubHype gandsSubHype gandsSubHype,neither,0.03945320844208391,0.33037608806864915,0.630170703489267
hi there,neither,0.039369405442012055,0.27395600237499595,0.686674592182992
Bidet from NJ,neither,0.04069404815304118,0.30931579984010865,0.6499901520068502
Bidet from Oklahoma!,neither,0.04066490145509902,0.30981049537100724,0.6495246031738937
Bidet from Montana,neither,0.04078317879478948,0.307803020237201,0.6514138009680096
Bidet from UT,neither,0.04071751644889743,0.3089174816120565,0.6503650019390461
"this is GeekandSundry, they were born creative",neither,0.04616584333106664,0.3122461475111709,0.6415880091577624
Bidet from Indiana,neither,0.0408364874901429,0.30689823255244486,0.6522652799574122
"bidet from plainsboro, new jersey",neither,0.04458029923653559,0.209841401288464,0.7455782994750004
"Bidet from Perth, Western Australia",neither,0.040334677536117594,0.315415257091876,0.6442500653720065
PowerUpR,neither,0.03945320844208391,0.33037608806864915,0.630170703489267
Bidet from Netherlands,neither,0.04066490145509902,0.30981049537100724,0.6495246031738937
Bidet from Wisco,neither,0.04228451509352876,0.2823214250720796,0.6753940598343917
Bidet from San Antonio texas,neither,0.04031505647017286,0.3157482777878597,0.6439366657419674
Bidet from Idaho,neither,0.04066490145509902,0.30981049537100724,0.6495246031738937
bidet from australia,neither,0.04062582848913359,0.31047366557575606,0.6489005059351104
I love laura. She's so stinkin cute,offensive_language,0.040370982919673774,0.49483141256371904,0.4647976045166072
Critical Role Volunteer Transcription Infohttps://twitter.com/CRTranscript/status/960997013818171392,neither,0.03900867942727086,0.39996361844969475,0.5610277021230343
"Help G&S make great content! $4.99/month gets you emotes, Minecraft server access, sub-only VODs, and more! Every sub keeps the channel alive! twitch.tv/geekandsundry/subscribe",neither,0.043907990691603095,0.31135964332838284,0.644732365980014
Bidet from Io-way,neither,0.04063624178208405,0.31295862974420746,0.6464051284737083
Bidet from Brazil,neither,0.04079557052152802,0.30759270029461827,0.6516117291838538
Bidet from NorCal,neither,0.04228451509352876,0.2823214250720796,0.6753940598343917
Beep Beep from WA,neither,0.04071751644889743,0.3089174816120565,0.6503650019390461
lolol,neither,0.03945320844208391,0.33037608806864915,0.630170703489267
bidet by bump,neither,0.04104025836531956,0.3899083903534073,0.5690513512812732
scared me,neither,0.02909703224136765,0.388182154878072,0.5827208128805604
"bidet from Scottsdale, AZ",neither,0.04078317879478948,0.307803020237201,0.6514138009680096
bidet from Brazil,neither,0.04079557052152802,0.30759270029461827,0.6516117291838538
SAM,neither,0.03945320844208391,0.33037608806864915,0.630170703489267
ah!,neither,0.03945320844208391,0.33037608806864915,0.630170703489267
Bidet from Vancouver,neither,0.04228451509352876,0.2823214250720796,0.6753940598343917
"""EEEEeeeeeee""",neither,0.03945320844208391,0.33037608806864915,0.630170703489267
"awww..poor Trinket, so lonely.",neither,0.03941470197478911,0.36817126441727577,0.5924140336079352
OO cards,neither,0.03945320844208391,0.33037608806864915,0.630170703489267
Lol sam,neither,0.029540262777559372,0.4042772064154116,0.5661825308070291
PowerUpL gandsGandsPoo PowerUpR,neither,0.03945320844208391,0.33037608806864915,0.630170703489267
Bidet from Brazil,neither,0.04079557052152802,0.30759270029461827,0.6516117291838538
bidet from Australia,neither,0.04062582848913359,0.31047366557575606,0.6489005059351104
Who Dat?,neither,0.04070288556628902,0.45053203638124417,0.5087650780524667
Bidet from Ottawa,neither,0.04228451509352876,0.2823214250720796,0.6753940598343917
ohhh a story1,neither,0.03945320844208391,0.33037608806864915,0.630170703489267
THATS MORE LIKE IT,neither,0.0557768652663801,0.33948784702675433,0.6047352877068656
bidet from montreal!!!,neither,0.04062582848913359,0.31047366557575606,0.6489005059351104
"Wait, what was the first one",neither,0.035149031757803796,0.34675581985965004,0.6180951483825462
Bidet from Toronto!,neither,0.04066490145509902,0.30981049537100724,0.6495246031738937
Bidet from NICE TRY FBI,neither,0.04040513796450358,0.31421935973510084,0.6453755023003955
bidet from Calgary,neither,0.04228451509352876,0.2823214250720796,0.6753940598343917
bidet from norway,neither,0.04228451509352876,0.2823214250720796,0.6753940598343917
Hollyweird,neither,0.03945320844208391,0.33037608806864915,0.630170703489267
Bidet from India],neither,0.04062582848913359,0.31047366557575606,0.6489005059351104
gandsSCANLAN,neither,0.03945320844208391,0.33037608806864915,0.630170703489267
Bidet from Poulsbooooo,neither,0.04228451509352876,0.2823214250720796,0.6753940598343917
Bidet from Washington!,neither,0.04080695066346891,0.3073995495860776,0.6517934997504536
"Sorry, can anyone explain what the bidet thing means?",neither,0.042961935912736476,0.3121724136641587,0.6448656504231048
Bidet form Brazil,neither,0.03945320844208391,0.33037608806864915,0.630170703489267
"Hello there, fellow Brazillians, up real late to watchi, hun?",neither,0.040763361301415904,0.2774936654641146,0.6817429732344694
bidet from uk,neither,0.04079557052152802,0.30759270029461827,0.6516117291838538
Sam Riegel does Hollywood!,neither,0.02682205094351575,0.44836635464232205,0.5248115944141623
@dahc_ first campaign joke,neither,0.03272725136957597,0.33268945312869874,0.6345832955017252
Yes,neither,0.03945320844208391,0.33037608806864915,0.630170703489267
Bidet from Ohio.,neither,0.040754399270683486,0.3082914838698526,0.650954116859464
#frontbutt,neither,0.03945320844208391,0.33037608806864915,0.630170703489267
Cute spin there Sam,neither,0.040848567499814095,0.2689069243270983,0.6902445081730877
bidet from ottawa,neither,0.04228451509352876,0.2823214250720796,0.6753940598343917
Bidet from San Diego,neither,0.040446282760733435,0.31352102516371877,0.6460326920755478
MORE,neither,0.044084690295906365,0.306805713525994,0.6491095961780997
Bidet is a Grog way of saying Good Day,neither,0.03816329000595098,0.3166068234881382,0.6452298865059108
Bidet from Plano TX!!,neither,0.040473471510038425,0.31305956113103167,0.64646696735893
Grog,neither,0.03945320844208391,0.33037608806864915,0.630170703489267
"@dahc_ Bidet is ""good day"" from campaign 1",neither,0.04865689351395416,0.29552862641053923,0.6558144800755066
What episode is Bidet from?,neither,0.05829754106655749,0.30177724674605894,0.6399252121873835
Bidet = Grog's version of Good day.,neither,0.03929391735999557,0.3149951752760425,0.6457109073639619
Bidet from NJ gandsSCANLAN gandsSCANLAN gandsSCANLAN,neither,0.04069404815304118,0.30931579984010865,0.6499901520068502
Bidet from Alabama!,neither,0.04078317879478948,0.307803020237201,0.6514138009680096
11 pm,neither,0.03945320844208391,0.33037608806864915,0.630170703489267
Bidet from Minnesota,neither,0.04071751644889743,0.3089174816120565,0.6503650019390461
@j_e_t__ Appreciate the response. Not sure how I missed that one. What episode was that? @Dragonchrome,neither,0.03326229801076569,0.455384904873595,0.5113527971156393
Bidet from Alberta,neither,0.04062582848913359,0.31047366557575606,0.6489005059351104
Bidet from Germany,neither,0.04069404815304118,0.30931579984010865,0.6499901520068502
"Lots of WA critters, love it. Bidet from Everett WA.",neither,0.03763703306800909,0.3280061022071356,0.6343568647248553
The show should be done entirely with cardboard cutouts,neither,0.04819790773999927,0.3267496155845338,0.6250524766754669
"bidet, also from NJ",neither,0.04050016173213581,0.31260655840611007,0.6468932798617543
"good morning to all uk critters, and hello to international critters. Its 2:49am local time",neither,0.04792793188184688,0.27103255354837086,0.6810395145697823
no.. 11:50 pm,neither,0.03872930130770834,0.3426626813860767,0.618608017306215
I can smell the cabbage already,neither,0.03756633717480015,0.3270703392552317,0.6353633235699682
Turns on twitch. Suddenly Brian. And I jumped a good foot.,neither,0.03715482224368056,0.31581707444006596,0.6470281033162535
This is my first live episode of anything CR related. I'm stoked!,neither,0.03509977665954463,0.3777723212752527,0.5871279020652026
Oh no brian fell,neither,0.04012298977535098,0.3515221238676603,0.6083548863569888
Bidet from PA,neither,0.04069404815304118,0.30931579984010865,0.6499901520068502
Laura Bailey is Awesome,neither,0.04699931577157874,0.3277806357267375,0.6252200485016837
Bidet from Iowa,neither,0.04069404815304118,0.30931579984010865,0.6499901520068502
Bidet from MD,neither,0.04062582848913359,0.31047366557575606,0.6489005059351104
bidet from minnesota,neither,0.04071751644889743,0.3089174816120565,0.6503650019390461
Bidet from Saskatchewan,neither,0.04228451509352876,0.2823214250720796,0.6753940598343917
"I don't want to spoiler too much, but how many of you loved Pumat Sol in the last episode of CR?",neither,0.04668461010178532,0.34943788133543,0.6038775085627847
Puppet Machina,neither,0.03945320844208391,0.33037608806864915,0.630170703489267
apparently even a color printer is too much power for these people,neither,0.0601708659632937,0.3574669314992143,0.582362202537492
When they went to Syngorn in the Fey Wild,neither,0.03460226531931072,0.3584024761994523,0.6069952584812371
@queenmarchesa Ayyyyy represent,neither,0.03945320844208391,0.33037608806864915,0.630170703489267
<pre Nodet,neither,0.03945320844208391,0.33037608806864915,0.630170703489267
@wendycorene Welcome!,neither,0.03945320844208391,0.33037608806864915,0.630170703489267
but then we'd miss out on laura's facial expressions,neither,0.026989302551041518,0.3657385367072043,0.607272160741754
we <3 you Brian,neither,0.06167649567915903,0.39598396847781625,0.5423395358430246
],neither,0.03945320844208391,0.33037608806864915,0.630170703489267
@WendyCorene Welcome :D,neither,0.03945320844208391,0.33037608806864915,0.630170703489267
Bidet from Toronto!,neither,0.04066490145509902,0.30981049537100724,0.6495246031738937
More Bidet's from NJ!,neither,0.042577036922418106,0.3010939070665645,0.6563290560110172
Bidet from Houston,neither,0.040875471929787875,0.3062365648703896,0.6528879631998226
:D,neither,0.03945320844208391,0.33037608806864915,0.630170703489267
everyone loved Pumat Sol,neither,0.03281926852693339,0.4429713616323113,0.5242093698407553
lol,neither,0.020706217963973744,0.4882283491876925,0.4910654328483337
lol,neither,0.020706217963973744,0.4882283491876925,0.4910654328483337
"@dahc_ im not sure, i think around 50 ish in a city that started with a v",neither,0.02732847567876882,0.4672723728516499,0.5053991514695813
yo yo yo,offensive_language,0.04010381111145228,0.5271105317972344,0.4327856570913131
Pumat.... you are my sol,offensive_language,0.1335594628676816,0.5473661071734313,0.3190744299588872
Serious discussions going on tonight,neither,0.03242736652210388,0.34956972851380724,0.6180029049640889
Bidet!,neither,0.03945320844208391,0.33037608806864915,0.630170703489267
bidet from New Hampshire,neither,0.04402155579737495,0.2236345274837781,0.7323439167188469
Bidet from Texas,neither,0.040937266849991,0.30518774380265185,0.6538749893473571
Bidet from Indiana,neither,0.0408364874901429,0.30689823255244486,0.6522652799574122
what's up critters!,neither,0.04549209283961305,0.43877665191533993,0.5157312552450469
Bidet... they were talking to someone fancy and Grog messed up godday as Bidet... go watch episodes 1-118,neither,0.04391753736747792,0.3415484145639493,0.6145340480685728
Bidet from Seattle,neither,0.040754399270683486,0.3082914838698526,0.650954116859464
Bidet from Akron,neither,0.04228451509352876,0.2823214250720796,0.6753940598343917
Why am I laughing at paper cut outs?,neither,0.031195241422525704,0.35728688519724666,0.6115178733802276
so many special effects!....must be all that Alpha money,neither,0.06214978032278914,0.42334658636943423,0.5145036333077766
Pumat Sol > Victor.... I said it.,neither,0.03788452231287172,0.33091563116153283,0.6311998465255955
Pumat Sol is awesome,neither,0.051604876223397336,0.3261965722966076,0.622198551479995
i see the side of a face,neither,0.03270696568630314,0.354110441632992,0.613182592680705
Anyone else in Oklahoma that's here yet?,neither,0.06748788160328333,0.3333782759542439,0.5991338424424728
ayy-oh-ayy from Missi,neither,0.04334340010941108,0.2881357582317417,0.6685208416588472
@dahc_ episode 60 campaign 1,neither,0.03945320844208391,0.33037608806864915,0.630170703489267
Laura sees you,neither,0.06420890616913892,0.39815463276326174,0.5376364610675992
oo top down,neither,0.03945320844208391,0.33037608806864915,0.630170703489267
Bidet from New Orleans Louisiana,neither,0.04327661112004353,0.2416846907961111,0.7150386980838455
Bidet from Wisconsin. Land of Beer and Cheese!!,neither,0.03958172498578057,0.2896089973300094,0.6708092776842101
"Bidet from the U.P., eh?",neither,0.039617076877287216,0.28838854392243857,0.6719943792002744
@ResignedGorilla_ @dahc_ Thanks!!!,neither,0.035884468650613,0.3004919205142699,0.6636236108351171
@jvcscasio cause they're awesome!,neither,0.057195807568120816,0.33229103069511656,0.6105131617367626
Bidet from N of Philly,neither,0.0407034515691791,0.3091561993272877,0.6501403491035332
bidet was from CM's visit to Syngorn,neither,0.04597380297165466,0.31373483224459753,0.6402913647837478
"@dahc_ not 100%, drinking in stead of pain killers for my ribs xd",neither,0.027872313570555172,0.36763249599746134,0.6044951904319834
What is the Hollywood picture for?,neither,0.045499723014383056,0.28446653748243755,0.6700337395031793
This is so creepy.,neither,0.049241983262568345,0.3824864464752389,0.5682715702621928
bidet from Tennessee,neither,0.04071751644889743,0.3089174816120565,0.6503650019390461
I wonder if they got permission from Global Icons to use the Hollywood sign.,neither,0.017383314669989974,0.41549762689554914,0.567119058434461
good evening :),neither,0.03869882722860525,0.3306355543605695,0.6306656184108252
Bidet from Alabama,neither,0.04078317879478948,0.307803020237201,0.6514138009680096
New background,neither,0.04385106130749641,0.21960221285816534,0.7365467258343382
Pumat Sol is so fantastic. I was so excited when he started doing tht voice,neither,0.0404689369181095,0.40749837222963153,0.552032690852259
"""go watch episodes 1-188"" how inviting",neither,0.04460828510332906,0.3319742545052765,0.6234174603913945
Pumat Sol is easily my new favorite NPC,neither,0.03838689960465448,0.32272701856098296,0.6388860818343627
Bidet from NorCal!,neither,0.04228451509352876,0.2823214250720796,0.6753940598343917
beep beep from australia,neither,0.04062582848913359,0.31047366557575606,0.6489005059351104
"Bidet from Ypsilanti, MI y'all",neither,0.04324940744025782,0.3982080527344978,0.5585425398252444
hello & bidet,neither,0.03945320844208391,0.33037608806864915,0.630170703489267
Bidet from Massachuseets,neither,0.04228451509352876,0.2823214250720796,0.6753940598343917
@balthir66 is right. Grog first used Bidet when the group was in Singhorn,neither,0.030211873014563944,0.37255833273392325,0.5972297942515129
@Dragonchrome Thanks!,neither,0.035884468650613,0.3004919205142699,0.6636236108351171
X),neither,0.03945320844208391,0.33037608806864915,0.630170703489267
@Dragonchrome pls tell me you had to look that up..,offensive_language,0.04687743844104342,0.48251643136438754,0.47060613019456893
bidet from georgia,neither,0.04066490145509902,0.30981049537100724,0.6495246031738937
Bidet is from Beep Beep which started as Be pleased from Ankharel,neither,0.045444961408405274,0.3300925175690331,0.6244625210225615
I mainlined the 8 episodes in 3 days. Someone Help.,neither,0.03872095459390801,0.3170422071368011,0.6442368382692909
Bidet from Orlando Florida,neither,0.040412632663812495,0.31409215512822203,0.6454952122079655
Bidet from Australia,neither,0.04062582848913359,0.31047366557575606,0.6489005059351104
i was very confused as to what the joke was supposed to be... then SAM,neither,0.04907417623508174,0.3378889882035437,0.6130368355613746
well there you go,neither,0.0662566983281247,0.3362439797978034,0.5974993218740718
TRINKET!!!,neither,0.03945320844208391,0.33037608806864915,0.630170703489267
Bidet from somewhere. Probably here. Or maybe there.,neither,0.07477386071824198,0.26984614182385824,0.6553799974578998
I see thy got brains good side ....crews on fire tonight lol,neither,0.0281094116900908,0.4031277871629096,0.5687628011469996
@DM_Viking no way..Viktor>Pumat Sol,neither,0.03814847073940352,0.35698458620139334,0.6048669430592032
Critical Role movie when?,neither,0.03305935279343208,0.33904543452568636,0.6278952126808817
bidet from the UK,neither,0.039613273355342184,0.2892653269430044,0.6711213997016535
ZOMG WHO IS THE GLOVED HAND!,neither,0.05008498284585846,0.38746097446880345,0.5624540426853382
Holly got wood,neither,0.037840021540857645,0.38851416682785755,0.5736458116312848
Bidet from St Louis Missouri!,neither,0.040278014386681806,0.31637697861683733,0.6433450069964808
had to finally turn off the crit role hamilton music lol,neither,0.037462520385409266,0.3543052292080131,0.6082322504065777
bidet from ohio,neither,0.040754399270683486,0.3082914838698526,0.650954116859464
realistic Background,neither,0.03945320844208391,0.33037608806864915,0.630170703489267
I rewatched Pumat Soul scene several times,neither,0.03945320844208391,0.33037608806864915,0.630170703489267
"Yes, @SpeedDemonStar I had to look it up :)",neither,0.04418496948640684,0.38439176018714205,0.571423270326451
new Set?,neither,0.04427046440042074,0.2083113095955835,0.7474182260039958
lets watch Talks Mighty!,neither,0.04305855192496205,0.33910349628461073,0.6178379517904272
@sarahhowling sounds like a really fun 3 days,neither,0.049781919433891764,0.3454210428498535,0.6047970377162548
Bidet from Stavanger,neither,0.04228451509352876,0.2823214250720796,0.6753940598343917
Are you going to puppet for the next 10 minutes for our entertainment?! :D Because that would be awesome!,neither,0.05107027669635426,0.32680146679382466,0.6221282565098212
what was the name of the creepy guy from the hells,neither,0.04151504396067696,0.29330622563098385,0.6651787304083392
,neither,0.03945320844208391,0.33037608806864915,0.630170703489267
OO i like that one,neither,0.04500909418962045,0.4237067342441702,0.5312841715662093
"Or as they say, Poor Matt's Soul",neither,0.03795627891608493,0.3557828887996072,0.6062608322843079
maybe Disney aquired both Global AND Legendary overnight...,neither,0.03897527812792174,0.30712287095293433,0.6539018509191439
VoHiYo,neither,0.03945320844208391,0.33037608806864915,0.630170703489267
Whitestone?,neither,0.03945320844208391,0.33037608806864915,0.630170703489267
lol,neither,0.020706217963973744,0.4882283491876925,0.4910654328483337
Bidet from Las Vegas!,neither,0.040400041164603724,0.3143058657309893,0.6452940931044071
Talks Nein?,neither,0.03945320844208391,0.33037608806864915,0.630170703489267
a princess in the tower!,neither,0.03864821917906572,0.31568878675085965,0.6456629940700747
Castle!,neither,0.03945320844208391,0.33037608806864915,0.630170703489267
I want to know what they are hiding from us behind that picture. we will know soon enough,neither,0.08661534534114605,0.29516340686547327,0.6182212477933807
laura visits a castle...what will happen next?!,neither,0.04359649228692232,0.32009599125720023,0.6363075164558775
"Bidet from Florida, Gulf Side gandsLessthanthree",neither,0.035993479504072674,0.34625263869791406,0.6177538817980133
"@jvcscasio Respectfully, that is a paltry sum",neither,0.04521749854915815,0.38554253098604724,0.5692399704647946
Wonder if they have paper dolls for the whole cast or just made a set for tonights crew,neither,0.02437099864801785,0.334537988957888,0.6410910123940943
I do like the puppet show,neither,0.06824645735590718,0.25579555823811784,0.6759579844059749
Bidet from NW Missouri,neither,0.040354386843928725,0.3150807387011266,0.6445648744549448
@RagingAlgae a Sinus infection and no will to move = CritRole catch up.,neither,0.042061902298501666,0.32684424712135585,0.6310938505801426
whos here tonight?,neither,0.08350167050180614,0.27178135031928513,0.6447169791789087
Bidet from Oregon!,neither,0.04071751644889743,0.3089174816120565,0.6503650019390461
Neuschuanstein,neither,0.03945320844208391,0.33037608806864915,0.630170703489267
bidet from new hampshire,neither,0.04402155579737495,0.2236345274837781,0.7323439167188469
Neuschwanstein? really?,neither,0.03945320844208391,0.33037608806864915,0.630170703489267
I was thinking Disney too,neither,0.0391060270252169,0.336268662784179,0.6246253101906041
Right were he belongs gandsSCANLAN gandsSCANLAN,neither,0.04415451089779496,0.3255939771559779,0.6302515119462271
i feel like that is the castle of whitestone,neither,0.052443826776116816,0.36328447334859276,0.5842716998752904
Heyooo,neither,0.03945320844208391,0.33037608806864915,0.630170703489267
"@HeavyRoler Sennokeer? Spelling's off, pronounciation's right.",neither,0.03845600978321978,0.3498311239942699,0.6117128662225103
Schloss Neuschwanstein @Myzfit13,neither,0.03945320844208391,0.33037608806864915,0.630170703489267
Laura and Sam,neither,0.038407325730936984,0.27523814958004,0.686354524689023
nake them kiss!,neither,0.06143924552555199,0.3184815573550843,0.6200791971193637
now make them kiss,neither,0.05604977062980684,0.32122484307287985,0.6227253862973132
bidet from minnesota,neither,0.04071751644889743,0.3089174816120565,0.6503650019390461
Bidet from Iowa!,neither,0.04069404815304118,0.30931579984010865,0.6499901520068502
make them kiss,neither,0.058102642500194646,0.3201695752405193,0.621727782259286
or Talks Nein? gandsFail,neither,0.03945320844208391,0.33037608806864915,0.630170703489267
Whitestone?,neither,0.03945320844208391,0.33037608806864915,0.630170703489267
beep beep from ontario canada ya'll,offensive_language,0.029066726508747868,0.5102150520184922,0.4607182214727599
Loooooooooool,neither,0.03945320844208391,0.33037608806864915,0.630170703489267
@HeavyRoler Senokir,neither,0.03945320844208391,0.33037608806864915,0.630170703489267
Do you mean Horace or whatever?,neither,0.06071924814931559,0.3827587538605073,0.5565219979901771
WE WANT MORE PUMATSOL,neither,0.042406306644290605,0.31372111402325514,0.6438725793324543
Bidet everybody. ...What am I looking at?,neither,0.044086421057401196,0.35128920352902904,0.6046243754135698
my favorite puppet show,neither,0.040638049214878534,0.3392664897373689,0.6200954610477526
Now kiss,neither,0.03945320844208391,0.33037608806864915,0.630170703489267
puppets!!!,neither,0.03945320844208391,0.33037608806864915,0.630170703489267
"Oooh, I've been to Neuschwanstein.",neither,0.022692409526193995,0.3146772750694679,0.662630315404338
"he wasn't in the hells it was the fire plane, city of brass",neither,0.04046073604670168,0.31348043203375053,0.6460588319195477
bidet from wisconsin,neither,0.04071751644889743,0.3089174816120565,0.6503650019390461
!whenistm,neither,0.03945320844208391,0.33037608806864915,0.630170703489267
Neat place!,neither,0.042633732185560824,0.27639429963630985,0.6809719681781293
"Talks Machina is on at 7 PM PST, it is currently 6:52 PM PST. There is 7 Minutes, 22 Seconds until the next episode of Talks Machina. This has command has been run 168 times but has probably been asked about way more.",neither,0.04301823832007819,0.33672792703977933,0.6202538346401424
Bidet from iowa!,neither,0.04069404815304118,0.30931579984010865,0.6499901520068502
Bidet from New Westminster BC!,neither,0.04515703081451045,0.19532669693793347,0.7595162722475561
Bidet from Idaho >.>,neither,0.04066490145509902,0.30981049537100724,0.6495246031738937
Germany?,neither,0.03945320844208391,0.33037608806864915,0.630170703489267
ummm...Siket I think?,neither,0.040062375002797676,0.3200369417352978,0.6399006832619045
"@sparrowmeds -> THE EMOTES, THEY`RE TOO MANY [warning]",neither,0.055080314918249766,0.29325628621143124,0.651663398870319
Ew... no kissing,neither,0.0386428159809314,0.3441305630901984,0.6172266209288703
And kiss,neither,0.03834455617662007,0.27123075823966836,0.6904246855837116
Bidet from NYC!!!,neither,0.04081748366884477,0.3072207769958956,0.6519617393352596
Someone is having too much fun,neither,0.04256573115153066,0.3332212802029541,0.6242129886455152
Brian and other guy,neither,0.03825784973136487,0.29862499623462957,0.6631171540340055
think Sam is on tonight?,neither,0.04211113965445798,0.31040297764773156,0.6474858826978105
I just saw a honey badger with a beard,neither,0.02755971340597706,0.3776578855844895,0.5947824010095335
what is happening,neither,0.05556313111362946,0.3226410524653571,0.6217958164210133
lies brian and sam would never choose to speak,neither,0.04001877248046685,0.32526292575770743,0.6347183017618255
@sarahhowling best use of sinus infection that I've ever heard. Hope you feel better soon though.,neither,0.02505639279630598,0.3521467640213524,0.6227968431823415
Bidet from tennessee,neither,0.04071751644889743,0.3089174816120565,0.6503650019390461
Bidet from Philadelphia before this Nor'easter blows us away.,neither,0.058132940228207856,0.340815797919749,0.6010512618520432
Neuschwanstein Castle YEAH!,neither,0.023507678412445245,0.4412251867422846,0.5352671348452701
Iowa woot,neither,0.03945320844208391,0.33037608806864915,0.630170703489267
"@Myzfit13 not realy a castly it was build for show, not for defense",neither,0.03735637209656619,0.25058717431941785,0.712056453584016
Bidet from Canada!!,neither,0.04071751644889743,0.3089174816120565,0.6503650019390461
"bidet from West Bloomfield, MichiganQ",neither,0.040853311764050625,0.30661268071637476,0.6525340075195746
bidet from FL,neither,0.04066490145509902,0.30981049537100724,0.6495246031738937
Sonikir!!,neither,0.03945320844208391,0.33037608806864915,0.630170703489267
"One day, The Mighty Nein will have such a castle... AND NOTT WILL CONSTANTLY STEAL STUFF FROM IT! Even though she's part owner... LOL!",neither,0.03623765493653908,0.3503897445365021,0.6133726005269589
wtf.... xD,offensive_language,0.04410695246022759,0.7898861884776351,0.16600685906213722
Can’t wait,neither,0.03991073413903658,0.3226106829444422,0.6374785829165213
"stop playing skyrim to watch, and skyrim music :0",neither,0.04524127467565603,0.34331856305408415,0.6114401622702599
Laura and other guy,neither,0.03786419042698478,0.2870842454070822,0.675051564165933
I want to know who is responsible for this,neither,0.04707985141077796,0.3475742675367322,0.6053458810524898
Neuschwanstein Castle,neither,0.03945320844208391,0.33037608806864915,0.630170703489267
Bidet from Florida!,neither,0.0408948396164547,0.30590784468201904,0.6531973157015263
i wanna be puppetier intern,neither,0.04038233691728323,0.3381564902988037,0.6214611727839131
brian and sam show up and they do a weird dance?,neither,0.046726096749784125,0.2619832997730903,0.6912906034771256
bidet from Tacoma,neither,0.04228451509352876,0.2823214250720796,0.6753940598343917
@Sibling2023 FINALLY getting through the end of it.,neither,0.034273153820484265,0.37554619264609646,0.5901806535334192
Bidet from Georgia! So excited!!!,neither,0.04039962126918806,0.3545919454117517,0.6050084333190604
"Incedentally, Talks begins at Nein CST... at least this week",neither,0.03833391351337882,0.3635371775135293,0.5981289089730919
he was creepily awesome as well,neither,0.04251934503785118,0.36383715020269874,0.5936435047594499
what's with the castle?,neither,0.03214304742267027,0.3477456246491969,0.6201113279281327
"City of Brass, fire plane...Senokir",neither,0.03945320844208391,0.33037608806864915,0.630170703489267
nice Mexican wave :P,neither,0.04284634289988035,0.32920903353438796,0.6279446235657318
xmattyhartsx from Toronto Canada,neither,0.040371808140217125,0.31478505383715205,0.6448431380226308
bedet from St George UT!!,neither,0.04030999699338926,0.3158341503130595,0.6438558526935512
ps bidet from atlanta,neither,0.04078317879478948,0.307803020237201,0.6514138009680096
BYE LAURA,neither,0.03945320844208391,0.33037608806864915,0.630170703489267
bidet from tennessee,neither,0.04071751644889743,0.3089174816120565,0.6503650019390461
New picture,neither,0.0443316956812392,0.20664593347639387,0.7490223708423669
BIDET! from Alabama,neither,0.04078317879478948,0.307803020237201,0.6514138009680096
Our guests this Tuesday are Sam and Laura discussing episode 8!,neither,0.053804707643596704,0.2784992405482457,0.6676960518081576
NEIN,neither,0.03945320844208391,0.33037608806864915,0.630170703489267
Bidet from Nicholasville/Lexington KY,neither,0.04062582848913359,0.31047366557575606,0.6489005059351104
Laura and Sam today,neither,0.037251102878765596,0.26308156848453434,0.6996673286367
also Suntree,neither,0.03945320844208391,0.33037608806864915,0.630170703489267
@sarahhowling i binge watched the first 40 episodes back when season 1 was still coming out. that took me about a month during my summer break hehe,neither,0.022894935362153035,0.4302639828066966,0.5468410818311504
bidet,neither,0.03945320844208391,0.33037608806864915,0.630170703489267
@Dragonchrome PogChamp,neither,0.03945320844208391,0.33037608806864915,0.630170703489267
Thats my Home/Castle,neither,0.029586955239160818,0.4060430379059048,0.5643700068549344
bidet,neither,0.03945320844208391,0.33037608806864915,0.630170703489267
Bidet from Panama,neither,0.04062582848913359,0.31047366557575606,0.6489005059351104
He cleaned Caleb,neither,0.04429689757969898,0.32871012126393945,0.6269929811563616
Bidet from MI,neither,0.04081748366884477,0.3072207769958956,0.6519617393352596
Bidet from Nebraska,neither,0.04062582848913359,0.31047366557575606,0.6489005059351104
The Mighty Nein,neither,0.03843498882663835,0.31168514531390124,0.6498798658594604
What are they naming this one? Zdash?,neither,0.07087400249461079,0.31362143671843357,0.6155045607869557
Show your face Puppet Master! We want to see behind the camera! gandsRage gandsRage,neither,0.07300724733626865,0.2679542821623106,0.6590384705014206
This is the first time I'll watch Talks Machina actually,neither,0.04195450067216803,0.3325381799908297,0.6255073193370022
bidet from Toronto,neither,0.04066490145509902,0.30981049537100724,0.6495246031738937
Bryan W Foster how much free time do you have on your hands,neither,0.06315725673655963,0.37981552299761967,0.5570272202658207
Bidet from Kansas,neither,0.04071751644889743,0.3089174816120565,0.6503650019390461
Kreygasm Sam,neither,0.03945320844208391,0.33037608806864915,0.630170703489267
Howdy from Texas!,neither,0.040937266849991,0.30518774380265185,0.6538749893473571
This is great,neither,0.049196619522103385,0.2924512674041193,0.6583521130737773
What’s the painting of?,neither,0.044226856134887575,0.3096136331272416,0.6461595107378708
OO,neither,0.03945320844208391,0.33037608806864915,0.630170703489267
Bidet from Canada,neither,0.04071751644889743,0.3089174816120565,0.6503650019390461
hoooooooooooo,neither,0.03945320844208391,0.33037608806864915,0.630170703489267
is the picture supposed to be the keep from last season?,neither,0.05059226817548398,0.28971089746532575,0.6596968343591901
Someone's having too much fun with their puppet show. :P,neither,0.03766740069298442,0.30830331269097233,0.6540292866160432
dragon,neither,0.03945320844208391,0.33037608806864915,0.630170703489267
I love this show,neither,0.05833385288354363,0.23792695023094135,0.703739196885515
lol,neither,0.020706217963973744,0.4882283491876925,0.4910654328483337
@RagingAlgae My friend did that too. They are VERY gleeful I have fallen to CritRole,neither,0.0470938421847227,0.39253602557486394,0.5603701322404135
How bored are you all lmao,neither,0.09832177138217672,0.43139616411088333,0.47028206450693993
D:,neither,0.03945320844208391,0.33037608806864915,0.630170703489267
hehehe,neither,0.03945320844208391,0.33037608806864915,0.630170703489267
RAISHAN!,neither,0.03945320844208391,0.33037608806864915,0.630170703489267
what the what,neither,0.05521107804768798,0.2970177076179067,0.6477712143344054
raishan!!!,neither,0.03945320844208391,0.33037608806864915,0.630170703489267
"lmao, the dragon",neither,0.037261890633821675,0.3315570754610022,0.6311810339051761
Bidet from Washington!,neither,0.04080695066346891,0.3073995495860776,0.6517934997504536
Raishan NO,neither,0.036918905254960256,0.37338982715841207,0.5896912675866277
omg,neither,0.03945320844208391,0.33037608806864915,0.630170703489267
lol,neither,0.020706217963973744,0.4882283491876925,0.4910654328483337
Sam that's right,neither,0.033839190663392915,0.40136077759675765,0.5648000317398495
wow Production has gotten alot better,neither,0.03977124259293645,0.32497821852568753,0.6352505388813761
Raishan!,neither,0.03945320844208391,0.33037608806864915,0.630170703489267
gandsBeccasaurus,neither,0.03945320844208391,0.33037608806864915,0.630170703489267
!popout,neither,0.03945320844208391,0.33037608806864915,0.630170703489267
"To watch the stream while the channel is hosting another channel, please use this link: http://twitch.tv/geekandsundry/popout To pop out the chat, click on the settings cog next to chat and select Popout under Chat Options.",neither,0.0427684424702057,0.2836649908931056,0.6735665666366887
bidet from ca,neither,0.04084513770590474,0.30675141581570226,0.6524034464783931
Bidet from NorCal!,neither,0.04228451509352876,0.2823214250720796,0.6753940598343917
Where can I watch the streams of older shows?,neither,0.04413203183362804,0.29303065388281496,0.6628373142835571
Now KISS!!,neither,0.03945320844208391,0.33037608806864915,0.630170703489267
