text,top_class,hate_speech,offensive_language,neither
"Hey, y'all!",neither,0.04285346742239823,0.46255625023407465,0.49459028234352725
Hi @The_TBoyce,neither,0.03945320844208391,0.33037608806864915,0.630170703489267
jcvimHi @The_TBoyce,neither,0.03945320844208391,0.33037608806864915,0.630170703489267
@The_TBoyce Evening,neither,0.03945320844208391,0.33037608806864915,0.630170703489267
'lo The_TBoyce,neither,0.03945320844208391,0.33037608806864915,0.630170703489267
"Hey, @The_TBoyce",neither,0.03945320844208391,0.33037608806864915,0.630170703489267
,neither,0.03945320844208391,0.33037608806864915,0.630170703489267
Heyo @The_TBoyce,neither,0.03945320844208391,0.33037608806864915,0.630170703489267
@Chovexani I like it but was she fully green? I can't recall.,neither,0.045201335461717056,0.38888772418453904,0.5659109403537438
"Hi Sax, Hector and Keller!",neither,0.03870944257742205,0.292987672328244,0.6683028850943339
@Danoba I'm pretty sure my submission is a winner. *freedom screech*,neither,0.03302831697978941,0.4635681559327723,0.5034035270874383
It's probably the 405,neither,0.036222219976650115,0.33434681566194685,0.6294309643614031
Or 5,neither,0.03945320844208391,0.33037608806864915,0.630170703489267
@The_TBoyce Not sure how they are being pulled.,neither,0.04756581615860917,0.43420378448702096,0.5182303993543699
!djwiki,neither,0.03945320844208391,0.33037608806864915,0.630170703489267
"""The Dick and Johnson wikia, the most unsatisfying misclick on the Internet."" -Sax Carr 2017 #PutItInTheWiki http://dickandjohnson.wikia.com/wiki/The_Dick_and_Johnson_Wiki",neither,0.04705533552773973,0.46992134562560794,0.48302331884665234
yeah :) I was thinking that for the reference for shape though but a bit more girly,neither,0.023924599426841033,0.37079123933487607,0.6052841612382829
"@japenrose Or the 101. Really, you can list any freeway and you're right. LOL",neither,0.06812372282661801,0.3775561273598958,0.5543201498134863
@The_TBoyce True. The 110 is the worst. It once took 1 hour to go like a mile on it. I almost went nuts,neither,0.04967514250318612,0.3176183960424785,0.6327064614543354
"Cars do have asses, and they can be kicked. Wouldn't recommend it, as they tend to be made of steel, but you have the choice and that's the important part.",neither,0.042382157706827,0.340768594257192,0.616849248035981
"Guest: ""I would like to road rage""",neither,0.05208021359873188,0.33435989239237623,0.6135598940088918
jcvimHi jcvimHi jcvimHi is there a guest coming?,neither,0.04699112136098457,0.28887917568239335,0.664129702956622
How are you killing time? Shooting it or stabbing it?,neither,0.07132749115865479,0.34507179490245243,0.5836007139388928
"Wait, which web is it on?",neither,0.042236832036066985,0.33980392801910675,0.6179592399448264
"We believe in you Keller, you got this plug!",neither,0.06401451307162905,0.4418331896045509,0.4941522973238201
it was a great episode!,neither,0.03598332520543128,0.30698441249201835,0.6570322623025503
"@Critternation3000 Yes, but she is stuck in traffic",neither,0.04427788890353867,0.4066501139078149,0.5490719971886465
Amy was hilarious,neither,0.03934126934990622,0.3322759866006558,0.628382744049438
10 episodes is 2% of the way through the 500 films,neither,0.04308405615158418,0.31052450731262005,0.6463914365357957
that chariot scene still dope tho,neither,0.03219418686897472,0.38697076177151224,0.5808350513595131
"I've watched that movie 20 to 30 times, though not all the way through every time.",neither,0.027364751569693965,0.3585738893683855,0.6140613590619204
,neither,0.03945320844208391,0.33037608806864915,0.630170703489267
@andyinsomnia math checks out,neither,0.035321314076554804,0.3462078122768597,0.6184708736465854
THAT IS A GOOD MOVIE,neither,0.04681528620496656,0.3313449710787055,0.621839742716328
The Goofy Movie is a classic,neither,0.047788518783588814,0.28115007430844247,0.6710614069079688
And has a fantastic soundtrack,neither,0.03909612964418036,0.29130220582193406,0.6696016645338857
You should have all the G&S people list their top 10 films and then find out what G&S thinks are the best of all time,neither,0.09337801451977483,0.3446802507660444,0.5619417347141807
How many of Hector's movies were Goofy Movie or Tokyo Drift?,neither,0.04087527823359647,0.2969696375740944,0.6621550841923093
The goofy movie would be much higher on the G&S list than most best movie ever lists,neither,0.036869286347585475,0.2873008625285715,0.6758298511238431
Silent Ben-Hur had the advantage of getting actual people maimed and killed due to reckless stuntwork. It really feels like watching people getting butchered in ancient times.,neither,0.0614999033994468,0.3601629022392255,0.5783371943613278
"Yeah Tom's cool, even if he prays to a space lizard",neither,0.024285358114702546,0.4376275858198324,0.5380870560654651
"@Danoba At this point, I'm submitting ideas stream-of-consciousness. LOL",neither,0.03402620064566153,0.38091798300330115,0.5850558163510373
"@The_TBoyce Submit away, lots of good ones in there.",neither,0.03993083265776427,0.277206810264896,0.6828623570773398
yes,neither,0.03945320844208391,0.33037608806864915,0.630170703489267
Is the background from Fox’s hit tv show the finder starring Geoff stults and Michael Clarke Duncan,neither,0.05039093200979673,0.2475530804084521,0.7020559875817514
filming of original ben hur a man was killed,neither,0.039445033137542725,0.38018941153336855,0.5803655553290888
i believe someone did die in that stunt iirc,neither,0.14113709498579438,0.19784579574726452,0.6610171092669411
I have difficulty reconciling my love of Alfred Hitchcock as a filmmaker with the knowledge that if he were alive today he'd be at the top of the #metoo list...,neither,0.021528788387283657,0.4201361045642181,0.5583351070484983
they did,neither,0.03945320844208391,0.33037608806864915,0.630170703489267
I believe one of the guard actors was killed during the chariot scene,neither,0.03791601926552306,0.33076671123391327,0.6313172695005637
"@super390 Yeah, they really didn't have standards back then to protect folks.",neither,0.024330369912758314,0.42655179164796114,0.5491178384392804
They once actually drove a herd of cows off a cliff to film a scene in a Western,neither,0.042597042520513675,0.32850793008066553,0.6288950273988207
,neither,0.03945320844208391,0.33037608806864915,0.630170703489267
I really wish I had more impulse to enjoy movies.,neither,0.04639958931426973,0.3195323160413802,0.6340680946443501
"they were going to cut it from the movie and re-film the scene, but the wife asked that they not remove it because it would mean someone else having to attempt the dangerous stunt",neither,0.044040102914614215,0.28586672523974566,0.6700931718456402
@japenrose I hope they ate them later? cuz that just seems wasteful otherwise,neither,0.06587678219255452,0.2904214181573071,0.6437017996501384
@darkofnate that excludes literally every movie if you include #metoo movement doesn't it?,neither,0.033859324167300246,0.39790683904446744,0.5682338367882322
Hey Everyone <3,neither,0.031959242684595296,0.4575682446653829,0.5104725126500218
Yeah the actual footage of the homie getting killed remains in the movie,neither,0.027910788831566176,0.38445725697448885,0.587631954193945
