text,top_class,hate_speech,offensive_language,neither
Oh no they're late by 4 minutes! They must have been TPKed on the way into the office!,neither,0.049251809662069344,0.3082978389138526,0.642450351424078
has anone made lvl 3 yet? i cant remember,neither,0.03974460660080688,0.3254303008265265,0.6348250925726667
This art is so amazing!,neither,0.04696272889900639,0.3711725850950606,0.581864686005933
!discord,neither,0.03945320844208391,0.33037608806864915,0.630170703489267
DETROIT!,neither,0.03945320844208391,0.33037608806864915,0.630170703489267
gandsSubHype gandsSubHype gandsSubHype gandsSubHype gandsSubHype gandsSubHype,neither,0.03945320844208391,0.33037608806864915,0.630170703489267
We have a subscriber-only Discord server! Join here: https://discord.gg/geekandsundry (you'll need to sub and link it to your Twitch) and be a part of the fun!...Warning: It can take up to an hour for the server to update and give you access to the channels,neither,0.08464076273808444,0.286394834032893,0.6289644032290227
hya,neither,0.03945320844208391,0.33037608806864915,0.630170703489267
Pchoo,neither,0.03945320844208391,0.33037608806864915,0.630170703489267
bidet from Delaware,neither,0.04228451509352876,0.2823214250720796,0.6753940598343917
bidet from my ass hole,offensive_language,0.07801837464118487,0.9208818477533067,0.0010997776055083077
"Bidet from MI, still snowy here.",neither,0.09059732346109248,0.2872441885147617,0.6221584880241459
howdy y'all,offensive_language,0.046917543854519406,0.6277741405869331,0.3253083155585475
bidet from tucson,neither,0.04228451509352876,0.2823214250720796,0.6753940598343917
when?,neither,0.016601608815981862,0.4643139322190191,0.519084458964999
Bidet from Edmonton Alberta,neither,0.04062582848913359,0.31047366557575606,0.6489005059351104
"Sup, Critters",neither,0.03945320844208391,0.33037608806864915,0.630170703489267
Since when does the art move? This is too cool to be a thing! I object!,neither,0.03154135085398421,0.43330929726940187,0.535149351876614
cool animated art,neither,0.03945320844208391,0.33037608806864915,0.630170703489267
im ready guys,neither,0.038291440269927306,0.3715100381740093,0.5901985215560636
bidet from ny,neither,0.04084513770590474,0.30675141581570226,0.6524034464783931
"Geek and Sundry has tech issues every week, both before and during the stream. Just give them a chance to fix them instead of going all up in arms",neither,0.04650621051546511,0.3681574432684499,0.5853363462160849
Bidet from CA!,neither,0.04084513770590474,0.30675141581570226,0.6524034464783931
bidet from utah,neither,0.04066490145509902,0.30981049537100724,0.6495246031738937
... and .. Begin gandsRaid,neither,0.03849532262610919,0.28064596753809684,0.680858709835794
Bidet from TEXAS,neither,0.040937266849991,0.30518774380265185,0.6538749893473571
bidet from the UK! <3,neither,0.039613273355342184,0.2892653269430044,0.6711213997016535
bidet everyone,offensive_language,0.02988896790634741,0.4927062106388782,0.4774048214547744
@sn0wl92 you are not offended by imperfect german right?,neither,0.07848965833108339,0.39082685650482274,0.5306834851640939
,neither,0.03945320844208391,0.33037608806864915,0.630170703489267
FL critter in Alaska again!,neither,0.037997616698403146,0.3550812787506521,0.6069211045509447
gandsRaid gandsRaid gandsRaid gandsRaid gandsRaid,neither,0.03945320844208391,0.33037608806864915,0.630170703489267
theme song for the Mighty Nein https://www.youtube.com/watch?v=La4Dcd1aUcE,neither,0.03828462027244277,0.3095747885197199,0.6521405912078373
I really love how the critters spread all over the World,neither,0.03459828107953309,0.3689753400360361,0.5964263788844307
Bidet from Michigan,neither,0.040769555981420263,0.3080342349327864,0.6511962090857933
Episode NEIN! Let's gooooooooooooooo,neither,0.02202657746034423,0.3697468474973164,0.6082265750423395
youtube stream isn't live =(,neither,0.0431333603646726,0.3291103150668871,0.6277563245684403
Hi yall,neither,0.037580997573720916,0.3621523925857832,0.600266609840496
Im soooooo stoaked.... ive watched countless hours of Crit Roll and this is my very fist time Ill watch it live!!!!!!!!,neither,0.03961198617190811,0.3693412379697576,0.5910467758583342
Bidet from Sacramento CA!,neither,0.04039749100449293,0.314349148603457,0.6452533603920501
FishMoley FishMoley FishMoley,neither,0.03945320844208391,0.33037608806864915,0.630170703489267
gandsMatt !,neither,0.03945320844208391,0.33037608806864915,0.630170703489267
TORONTO in the house,neither,0.0385691297918627,0.31421022641182933,0.647220643796308
WOOHOO!,neither,0.03945320844208391,0.33037608806864915,0.630170703489267
bidet from Georgia,neither,0.04066490145509902,0.30981049537100724,0.6495246031738937
R E S T P E C T F U L L Y,neither,0.03945320844208391,0.33037608806864915,0.630170703489267
"Bidet from the Borderlands, y'all!",neither,0.04339859299689791,0.4026508455062684,0.5539505614968337
Bidet from Texas,neither,0.040937266849991,0.30518774380265185,0.6538749893473571
Bidet from Texas! Howdy Y’all!!!,neither,0.04359220329948612,0.4041574955162046,0.5522503011843093
@Fated_Sin dead but not fjorgotten,neither,0.03315584235397513,0.3512873626937814,0.6155567949522435
Bidet all!!,offensive_language,0.046917543854519406,0.6277741405869331,0.3253083155585475
Bidet from Phoenix,neither,0.04066490145509902,0.30981049537100724,0.6495246031738937
Bidet from the UK!,neither,0.039613273355342184,0.2892653269430044,0.6711213997016535
Woo wooooo live streaaaammm,neither,0.04432795846917474,0.32869943799973295,0.6269726035310923
gandsSubHype gandsSubHype gandsSubHype gandsSubHype,neither,0.03945320844208391,0.33037608806864915,0.630170703489267
@flightlessalbatross SAME!!,neither,0.04148851938089603,0.3488915597363099,0.609619920882794
Bidet from Ohio,neither,0.040754399270683486,0.3082914838698526,0.650954116859464
Bidet from ATX!,neither,0.04228451509352876,0.2823214250720796,0.6753940598343917
WOO,neither,0.03945320844208391,0.33037608806864915,0.630170703489267
I wonder if there is anyone who doesn't know what a bidet is,neither,0.0395772050275437,0.37799192049919833,0.5824308744732579
gandsCrit,neither,0.03945320844208391,0.33037608806864915,0.630170703489267
nobody tell my boss im watching at work haha,offensive_language,0.025286724693342914,0.5392856807953663,0.43542759451129076
grrrrr,neither,0.03945320844208391,0.33037608806864915,0.630170703489267
the chat is moving to fast to read,neither,0.056201434078082896,0.3103203778801555,0.6334781880417616
Bidet from Massachusetts!,neither,0.04069404815304118,0.30931579984010865,0.6499901520068502
Bidet from NJ,neither,0.04069404815304118,0.30931579984010865,0.6499901520068502
oaughiaj,neither,0.03945320844208391,0.33037608806864915,0.630170703489267
episode nein!,neither,0.03945320844208391,0.33037608806864915,0.630170703489267
Bidet!,neither,0.03945320844208391,0.33037608806864915,0.630170703489267
YYAAAAASSSSSSSSSSSSSSS\,neither,0.03945320844208391,0.33037608806864915,0.630170703489267
bidet from Scotland,neither,0.04062582848913359,0.31047366557575606,0.6489005059351104
woooo!!!!!,neither,0.03945320844208391,0.33037608806864915,0.630170703489267
sssssh its starting,neither,0.0318254011087983,0.33299964078826727,0.6351749581029343
AHHHHHHH,neither,0.03945320844208391,0.33037608806864915,0.630170703489267
WOOOOO,neither,0.03945320844208391,0.33037608806864915,0.630170703489267
Hey,neither,0.03945320844208391,0.33037608806864915,0.630170703489267
woooo,neither,0.03945320844208391,0.33037608806864915,0.630170703489267
AAAAAAAAAAAAAAAAAAH,neither,0.03945320844208391,0.33037608806864915,0.630170703489267
Bidet from Toledo!,neither,0.04228451509352876,0.2823214250720796,0.6753940598343917
Beep beep,neither,0.03945320844208391,0.33037608806864915,0.630170703489267
Bidet from Muskogee Ok!,neither,0.04104157946423444,0.3034172865047108,0.6555411340310547
gandsSubHype gandsSubHype,neither,0.03945320844208391,0.33037608806864915,0.630170703489267
yay!!,neither,0.03945320844208391,0.33037608806864915,0.630170703489267
"Bidet, be pleased , and Kaitiakè from Denton Texas",neither,0.039888253597603174,0.29065716897111193,0.669454577431285
"HELLO FROM SASKATOON, SK!!!!",neither,0.040875471929787875,0.3062365648703896,0.6528879631998226
gandsLessthanthree gandsLessthanthree gandsLessthanthree gandsLessthanthree gandsLessthanthree gandsLessthanthree gandsLessthanthree gandsLessthanthree gandsLessthanthree gandsLessthanthree,neither,0.03945320844208391,0.33037608806864915,0.630170703489267
yaaaaaay,neither,0.03945320844208391,0.33037608806864915,0.630170703489267
gandsGandsRobotParty,neither,0.03945320844208391,0.33037608806864915,0.630170703489267
Bidet from Russia - 8 a. m. and we're going strong!,neither,0.051891642144690046,0.2872278694238856,0.6608804884314244
MAAAATT,neither,0.03945320844208391,0.33037608806864915,0.630170703489267
gandsRaid gandsRaid gandsRaid gandsRaid gandsRaid gandsRaid gandsRaid gandsRaid gandsRaid gandsRaid,neither,0.03945320844208391,0.33037608806864915,0.630170703489267
POGGERS,neither,0.03945320844208391,0.33037608806864915,0.630170703489267
EYYYYYYY,neither,0.03945320844208391,0.33037608806864915,0.630170703489267
YAAAA,neither,0.03945320844208391,0.33037608806864915,0.630170703489267
could you imagine jester actually recieving a large sum of money today,neither,0.0484915902424858,0.34286951681366534,0.6086388929438489
just got off work in time,neither,0.03217982635749645,0.4228958875320815,0.544924286110422
IT'S SHOW TIME,neither,0.05881457392080453,0.247411047753078,0.6937743783261175
gandsSubHype gandsSubHype gandsSubHype gandsSubHype gandsSubHype gandsSubHype gandsSubHype,neither,0.03945320844208391,0.33037608806864915,0.630170703489267
39k people!!!,neither,0.14951785572896326,0.3104819409446625,0.5400002033263742
WOOHOO!!!,neither,0.03945320844208391,0.33037608806864915,0.630170703489267
YAHHHAY,neither,0.03945320844208391,0.33037608806864915,0.630170703489267
"IT""S TIME",neither,0.034389982057555904,0.3710596410554468,0.5945503768869974
Bidet Matt!,neither,0.03945320844208391,0.33037608806864915,0.630170703489267
Bidet!,neither,0.03945320844208391,0.33037608806864915,0.630170703489267
Bidet from flint,neither,0.04228451509352876,0.2823214250720796,0.6753940598343917
HYYYYYYYYYYPE,neither,0.03945320844208391,0.33037608806864915,0.630170703489267
literally just caught up 5 mins ago lol,neither,0.02901825937338418,0.42691577105259143,0.5440659695740244
Yaaaaaaay,neither,0.03945320844208391,0.33037608806864915,0.630170703489267
bidet from RAdelaide,neither,0.04228451509352876,0.2823214250720796,0.6753940598343917
Yassssss,neither,0.03945320844208391,0.33037608806864915,0.630170703489267
LETS GOOOOOOO,neither,0.0381375099945381,0.3527069244228318,0.6091555655826302
Bidet from Murray UT!,neither,0.040371808140217125,0.31478505383715205,0.6448431380226308
BIDET FROM THE DC AREA!,neither,0.03957690289639495,0.29784576499332477,0.6625773321102804
YAY!!!,neither,0.03945320844208391,0.33037608806864915,0.630170703489267
YAYYYYYYYY!,neither,0.03945320844208391,0.33037608806864915,0.630170703489267
HELLO,neither,0.03945320844208391,0.33037608806864915,0.630170703489267
Yaaaaaaaaay,neither,0.03945320844208391,0.33037608806864915,0.630170703489267
Yo!,offensive_language,0.04010381111145228,0.5271105317972344,0.4327856570913131
wooooo,neither,0.03945320844208391,0.33037608806864915,0.630170703489267
Pretty sure we have the best artists in all of the fandoms.,neither,0.03405560151988077,0.449159870416481,0.5167845280636382
Hi Matt!,neither,0.03945320844208391,0.33037608806864915,0.630170703489267
Bidet Bidet Bidet1!!,neither,0.03945320844208391,0.33037608806864915,0.630170703489267
Early start!,neither,0.04152207639502665,0.29526199959210375,0.6632159240128696
yay,neither,0.03945320844208391,0.33037608806864915,0.630170703489267
yessss,neither,0.03945320844208391,0.33037608806864915,0.630170703489267
bidet from dc,neither,0.0408364874901429,0.30689823255244486,0.6522652799574122
Woooooo,neither,0.03945320844208391,0.33037608806864915,0.630170703489267
YAY!,neither,0.03945320844208391,0.33037608806864915,0.630170703489267
gandsHR gandsHR gandsHR gandsHR gandsHR gandsHR gandsHR gandsHR gandsHR gandsHR gandsHR,neither,0.03945320844208391,0.33037608806864915,0.630170703489267
gandsMatt gandsMatt gandsMatt gandsMatt,neither,0.03945320844208391,0.33037608806864915,0.630170703489267
bidet from AR!!!,neither,0.04228451509352876,0.2823214250720796,0.6753940598343917
!!!!!,neither,0.03945320844208391,0.33037608806864915,0.630170703489267
bidet o/,neither,0.03945320844208391,0.33037608806864915,0.630170703489267
Hello!,neither,0.03945320844208391,0.33037608806864915,0.630170703489267
WHAT DID THEY SAY,neither,0.046893817195503035,0.32510111064164365,0.6280050721628532
Oh man,neither,0.0497452509521963,0.354443561064239,0.5958111879835646
yessssss,neither,0.03945320844208391,0.33037608806864915,0.630170703489267
Yay!,neither,0.03945320844208391,0.33037608806864915,0.630170703489267
Bidet!!!!,neither,0.03945320844208391,0.33037608806864915,0.630170703489267
i can feel happiness again!!,neither,0.037969919015633624,0.35555138071244263,0.6064787002719236
"nice shirt, Travis",neither,0.03945320844208391,0.33037608806864915,0.630170703489267
Woohoo!!,neither,0.03945320844208391,0.33037608806864915,0.630170703489267
woooot!,neither,0.03945320844208391,0.33037608806864915,0.630170703489267
Bidet from Germany!,neither,0.04069404815304118,0.30931579984010865,0.6499901520068502
"Woot, woot!",neither,0.03945320844208391,0.33037608806864915,0.630170703489267
EPISODE NEIN,neither,0.03945320844208391,0.33037608806864915,0.630170703489267
"Bidet from Scottsdale, AZ",neither,0.04078317879478948,0.307803020237201,0.6514138009680096
hooray welcome!,neither,0.03945320844208391,0.33037608806864915,0.630170703489267
WOOOOO,neither,0.03945320844208391,0.33037608806864915,0.630170703489267
gandsSubHype gandsSubHype gandsSubHype gandsSubHype gandsSubHype gandsSubHype,neither,0.03945320844208391,0.33037608806864915,0.630170703489267
made it just in time,neither,0.031060641225712168,0.38162676136525026,0.5873125974090375
Wooooooooooooo,neither,0.03945320844208391,0.33037608806864915,0.630170703489267
BIDET FROM ST LOUIS,neither,0.040470992782370326,0.313101631608523,0.6464273756091067
Woot!!!,neither,0.03945320844208391,0.33037608806864915,0.630170703489267
Hello!,neither,0.03945320844208391,0.33037608806864915,0.630170703489267
yay!!!!!,neither,0.03945320844208391,0.33037608806864915,0.630170703489267
yayyyyyyyyyyyy,neither,0.03945320844208391,0.33037608806864915,0.630170703489267
Bidet guys :),neither,0.03922184957078739,0.3343028519130907,0.6264752985161218
it begins,neither,0.037828236809968684,0.3309349903269868,0.6312367728630445
Bidet from Alaska,neither,0.04066490145509902,0.30981049537100724,0.6495246031738937
NEIN!!!!!!!!,neither,0.03945320844208391,0.33037608806864915,0.630170703489267
FINALLY,neither,0.03945320844208391,0.33037608806864915,0.630170703489267
yeaaaaa same got the 404 shirt,neither,0.03829977315916802,0.361256937658109,0.600443289182723
WHOOOOOOOOOO!,neither,0.03945320844208391,0.33037608806864915,0.630170703489267
Sam's shirt OMEGALUL,neither,0.03945320844208391,0.33037608806864915,0.630170703489267
enjoy everyone,neither,0.032548906840103725,0.4475601050455878,0.5198909881143084
Bidet from Syracuse NY,neither,0.04084513770590474,0.30675141581570226,0.6524034464783931
wooo! game start!,neither,0.038528531173203436,0.2706249761367157,0.6908464926900809
404 not found!\,neither,0.03820634756585093,0.33505708730634287,0.6267365651278062
WOOOO!,neither,0.03945320844208391,0.33037608806864915,0.630170703489267
"Im doing my first fan art during the show tonight, been so inspired by what i've seen",neither,0.02555771843336705,0.3640507246345724,0.6103915569320605
It ain't workin' on youtube.,offensive_language,0.019196763249572743,0.5245197138754003,0.4562835228750268
SAM SHIRT! LUL,neither,0.03945320844208391,0.33037608806864915,0.630170703489267
It's Thursday now!,neither,0.03773478963699956,0.3309671310948474,0.6312980792681531
bidet,neither,0.03945320844208391,0.33037608806864915,0.630170703489267
Wooo,neither,0.03945320844208391,0.33037608806864915,0.630170703489267
Nein!,neither,0.03945320844208391,0.33037608806864915,0.630170703489267
gandsLessthanthree,neither,0.03945320844208391,0.33037608806864915,0.630170703489267
must've been a good one,neither,0.017922823209050802,0.3308247928836417,0.6512523839073076
bidet from GA,neither,0.040737273169946825,0.30858215849491494,0.6506805683351382
ERROR 404,neither,0.03945320844208391,0.33037608806864915,0.630170703489267
Yaaaaaaas,neither,0.03945320844208391,0.33037608806864915,0.630170703489267
its live!!!!!!!!!!!!!!!!!!!!!!!,neither,0.03646146549147045,0.3314050856575407,0.6321334488509888
gandsSubHype gandsSubHype gandsSubHype gandsSubHype gandsSubHype gandsSubHype gandsSubHype gandsSubHype,neither,0.03945320844208391,0.33037608806864915,0.630170703489267
ITS TIME,neither,0.028403263479439233,0.36615975061363926,0.6054369859069215
oh hi,neither,0.04645180976672622,0.26453612080258093,0.689012069430693
"YESS! Welcome all, nice to be back!",neither,0.04693996973627623,0.38845381863722606,0.5646062116264976
Bidet from CO!!,neither,0.04181741232017598,0.2902493781769742,0.6679332095028498
IS IT THE SAME SHIRT?,neither,0.04710207506989214,0.3173730442434859,0.635524880686622
....,neither,0.03945320844208391,0.33037608806864915,0.630170703489267
IT BEGINS!!!,neither,0.037828236809968684,0.3309349903269868,0.6312367728630445
YAY! Last one Before Lexington Toy and Comic Con... May the Wormwood Gods smile upon me!,neither,0.033251281469651284,0.35804253024977883,0.60870618828057
WHERES ASHLEY,neither,0.03945320844208391,0.33037608806864915,0.630170703489267
Bidet from dee-eff-dubs,neither,0.04042040287069546,0.31396027443879415,0.6456193226905105
woo!,neither,0.03945320844208391,0.33037608806864915,0.630170703489267
Sam LUL,neither,0.03945320844208391,0.33037608806864915,0.630170703489267
Sam did the shirt!,neither,0.03858471362015881,0.31450214659414716,0.6469131397856941
ERROR 404 SHIRT NOT FOUND,neither,0.03852905635197568,0.3338345914540691,0.6276363521939553
YOUTUBE!!!!!!!!!!,neither,0.03945320844208391,0.33037608806864915,0.630170703489267
Finally! My first live Critical Role!,neither,0.029551814212134903,0.3918295750558994,0.5786186107319657
gandsLessthanthree gandsLessthanthree gandsLessthanthree gandsLessthanthree,neither,0.03945320844208391,0.33037608806864915,0.630170703489267
hehe,neither,0.03945320844208391,0.33037608806864915,0.630170703489267
huzzah,neither,0.03945320844208391,0.33037608806864915,0.630170703489267
bidet from guyana!,neither,0.04228451509352876,0.2823214250720796,0.6753940598343917
Sam's shirt!,neither,0.03945320844208391,0.33037608806864915,0.630170703489267
YYYAASSS,neither,0.03945320844208391,0.33037608806864915,0.630170703489267
Great start,neither,0.03698007050908264,0.297031885053451,0.6659880444374665
Error 404!,neither,0.03945320844208391,0.33037608806864915,0.630170703489267
Yeiy,neither,0.03945320844208391,0.33037608806864915,0.630170703489267
yeah !! MIGHTY NEINNNN!!,neither,0.023507678412445245,0.4412251867422846,0.5352671348452701
NEW MERCH ????,neither,0.043301118494078285,0.23413499177287803,0.7225638897330438
bidet all nein of you,offensive_language,0.09928457130232761,0.6772151294559285,0.22350029924174375
YES!!!!,neither,0.03945320844208391,0.33037608806864915,0.630170703489267
"bidet from Raleigh, NC",neither,0.04066490145509902,0.30981049537100724,0.6495246031738937
gandsSubHype gandsSubHype gandsSubHype gandsSubHype gandsSubHype gandsSubHype gandsSubHype,neither,0.03945320844208391,0.33037608806864915,0.630170703489267
ERROR 404,neither,0.03945320844208391,0.33037608806864915,0.630170703489267
loving the shirt sam,neither,0.03867358215276156,0.31616140522059777,0.6451650126266406
gandsSubHype gandsSubHype gandsSubHype gandsSubHype gandsSubHype gandsSubHype gandsSubHype gandsSubHype gandsSubHype gandsSubHype gandsSubHype gandsSubHype gandsSubHype,neither,0.03945320844208391,0.33037608806864915,0.630170703489267
gandsMatt gandsMatt gandsMatt,neither,0.03945320844208391,0.33037608806864915,0.630170703489267
bidet from Tennessee! :D,neither,0.04071751644889743,0.3089174816120565,0.6503650019390461
WOoooooOT!,neither,0.03945320844208391,0.33037608806864915,0.630170703489267
yaaaaas <3,neither,0.03945320844208391,0.33037608806864915,0.630170703489267
Yay!,neither,0.03945320844208391,0.33037608806864915,0.630170703489267
still not showing on youtube!!!,neither,0.034953231760750485,0.36095253380619946,0.60409423443305
HEEEERRRE WE GO!!,neither,0.04147345988742768,0.3436210257558678,0.6149055143567045
wooooooooooo!!!!!!!!,neither,0.03945320844208391,0.33037608806864915,0.630170703489267
Good morning from germany!,neither,0.047113903593888,0.1884587531496598,0.7644273432564522
he shaved!,neither,0.046679263462426915,0.3278907163920463,0.6254300201455267
Yay,neither,0.03945320844208391,0.33037608806864915,0.630170703489267
NEIN!,neither,0.03945320844208391,0.33037608806864915,0.630170703489267
is chat working?,neither,0.04840898666850946,0.32729578526397474,0.6242952280675158
perfect timing!,neither,0.03945320844208391,0.33037608806864915,0.630170703489267
Campaign 2 Episode NEIN!!!,neither,0.03945320844208391,0.33037608806864915,0.630170703489267
bidet from Florida (Full Sail University),neither,0.05767537502815043,0.3090832947312951,0.6332413302405544
brand new sub!!!!!,neither,0.042916122783754534,0.24415072652538242,0.7129331506908632
Whoooooo,neither,0.03945320844208391,0.33037608806864915,0.630170703489267
woop woop! gandsSubHype gandsSubHype gandsSubHype gandsSubHype gandsSubHype gandsSubHype gandsSubHype gandsSubHype,neither,0.03945320844208391,0.33037608806864915,0.630170703489267
yo nice shirt travis!!,neither,0.03955711121291937,0.3889485223131299,0.5714943664739508
lolll,neither,0.03945320844208391,0.33037608806864915,0.630170703489267
Yoooooo,neither,0.03945320844208391,0.33037608806864915,0.630170703489267
bidet from Asheville!,neither,0.04228451509352876,0.2823214250720796,0.6753940598343917
gandsMDK gandsMDK gandsMDK,neither,0.03945320844208391,0.33037608806864915,0.630170703489267
bidet,neither,0.03945320844208391,0.33037608806864915,0.630170703489267
Bidet from New Zealand,neither,0.046710622032705686,0.1542697019613409,0.7990196760059534
JUST IN FUCKIN TIME! BIDET!,offensive_language,0.06707271471819755,0.9311212261727084,0.0018060591090939637
whooooo!!!,neither,0.03945320844208391,0.33037608806864915,0.630170703489267
Aw yes!,neither,0.03945320844208391,0.33037608806864915,0.630170703489267
Travis with the zinger,neither,0.027284591461645778,0.3527138059996461,0.6200016025387082
Error 404 shirt,neither,0.03945320844208391,0.33037608806864915,0.630170703489267
sams shirt,neither,0.03945320844208391,0.33037608806864915,0.630170703489267
I really want to know what they say each time to try and get Matt,neither,0.05070532914424137,0.31259387695446705,0.6367007939012916
SHIEEEETTT BIDET~~~~~~~~~~~~`,neither,0.03945320844208391,0.33037608806864915,0.630170703489267
gandsSubHype gandsSubHype gandsSubHype gandsSubHype gandsSubHype gandsSubHype gandsSubHype gandsSubHype,neither,0.03945320844208391,0.33037608806864915,0.630170703489267
Youtube stream isn't working btw,neither,0.03945320844208391,0.33037608806864915,0.630170703489267
Wewt,neither,0.03945320844208391,0.33037608806864915,0.630170703489267
Whooping,neither,0.03945320844208391,0.33037608806864915,0.630170703489267
Bidet from Texas,neither,0.040937266849991,0.30518774380265185,0.6538749893473571
No scard for Liam this week?,neither,0.03352678510842463,0.3178558950290098,0.6486173198625657
"Bidet from Scottsdale, AZ!",neither,0.04078317879478948,0.307803020237201,0.6514138009680096
HAIR CUT,neither,0.03945320844208391,0.33037608806864915,0.630170703489267
Chats moving so fast no one will know im depressed as fuck,offensive_language,0.10817152983101117,0.8596870659749046,0.032141404194084226
Sam couldn't find his shirt! Talks Machina came through with 404,neither,0.04766829328010827,0.30117690274633696,0.6511548039735547
dat travis shirt,neither,0.03945320844208391,0.33037608806864915,0.630170703489267
Give me the keys to unlock Matt's great soul,neither,0.03702165853352464,0.3266969822333741,0.6362813592331013
IM A CRITTER FOR LIFE!!!!!! gandsNatTwenty gandsLessthanthree,neither,0.026553712013802636,0.4110924864123209,0.5623538015738765
YEAH TRAVIS!!,neither,0.023507678412445245,0.4412251867422846,0.5352671348452701
Woot woot!!,neither,0.03945320844208391,0.33037608806864915,0.630170703489267
how is matts hair so fluffy?!,neither,0.04694454499862236,0.3691117856192512,0.5839436693821265
ya6,neither,0.03945320844208391,0.33037608806864915,0.630170703489267
Bidet from Florida!,neither,0.0408948396164547,0.30590784468201904,0.6531973157015263
gandsSubHype gandsSubHype gandsSubHype,neither,0.03945320844208391,0.33037608806864915,0.630170703489267
gandsSubHype gandsSubHype gandsSubHype gandsSubHype gandsCrit gandsCrit gandsCrit,neither,0.03945320844208391,0.33037608806864915,0.630170703489267
marisha is so pretty tonight!,neither,0.045518585412600794,0.34967241025442475,0.6048090043329745
gandsSubHype gandsSubHype gandsSubHype gandsSubHype gandsSubHype gandsSubHype gandsSubHype gandsSubHype,neither,0.03945320844208391,0.33037608806864915,0.630170703489267
Bidet Guys,neither,0.03922184957078739,0.3343028519130907,0.6264752985161218
Where do I get Travis' shirt?,neither,0.04180073884669797,0.31068269604460147,0.6475165651087005
he wore the error 404 shirt from talks machina! go sam!,neither,0.043097704886310303,0.31276908707816736,0.6441332080355223
he did it with short!,neither,0.03125636307195957,0.3688545467701025,0.5998890901579379
Hey they all look alive and sort of healthy,neither,0.04108819725923284,0.34673471846835363,0.6121770842724136
Woot!,neither,0.03945320844208391,0.33037608806864915,0.630170703489267
404,neither,0.03945320844208391,0.33037608806864915,0.630170703489267
Woooo!!!!,neither,0.03945320844208391,0.33037608806864915,0.630170703489267
Woot woot lets go!!!!!!,neither,0.039660216513603026,0.3400976286217074,0.6202421548646897
bidet,neither,0.03945320844208391,0.33037608806864915,0.630170703489267
Here we go!,neither,0.13156755280784707,0.2765461283225309,0.5918863188696221
Episode nein!,neither,0.03945320844208391,0.33037608806864915,0.630170703489267
YOOOOOO,neither,0.03945320844208391,0.33037608806864915,0.630170703489267
gandsMatt gandsMatt gandsMatt gandsMatt gandsMatt,neither,0.03945320844208391,0.33037608806864915,0.630170703489267
Hail!,neither,0.03945320844208391,0.33037608806864915,0.630170703489267
new shirt?,neither,0.04422680067181611,0.2094961221409058,0.7462770771872781
EPISODE NEIN!,neither,0.03945320844208391,0.33037608806864915,0.630170703489267
new shirt?,neither,0.04422680067181611,0.2094961221409058,0.7462770771872781
Yesssssssss!,neither,0.03945320844208391,0.33037608806864915,0.630170703489267
Bidet from Pontiac Michigan mcaT,neither,0.04037273474496936,0.3147693269362608,0.6448579383187697
WOO,neither,0.03945320844208391,0.33037608806864915,0.630170703489267
here we go,neither,0.13156755280784707,0.2765461283225309,0.5918863188696221
wooo,neither,0.03945320844208391,0.33037608806864915,0.630170703489267
bidet,neither,0.03945320844208391,0.33037608806864915,0.630170703489267
Bidet from Memphis Tn!!,neither,0.04042374769943318,0.3139035039658076,0.6456727483347593
Matt Clap Count: Five so far,neither,0.03942033885167876,0.3596052430812548,0.6009744180670665
gandsSubHype gandsSubHype gandsSubHype gandsSubHype gandsSubHype gandsSubHype gandsSubHype gandsSubHype,neither,0.03945320844208391,0.33037608806864915,0.630170703489267
Lets do this,neither,0.040148419443759686,0.3496283523875733,0.610223228168667
I need Travis's shirt,neither,0.03928901568308098,0.329001159043847,0.631709825273072
I want Travis' shirt,neither,0.03966860975404752,0.32672016565199835,0.6336112245939542
O yea,neither,0.03908133164861177,0.3366878077749653,0.624230860576423
When can we get Travis' shirt?,neither,0.031232182292532402,0.37542733169594317,0.5933404860115244
gandsSubHype gandsSubHype gandsSubHype,neither,0.03945320844208391,0.33037608806864915,0.630170703489267
gandsSubHype gandsSubHype,neither,0.03945320844208391,0.33037608806864915,0.630170703489267
Time for Sam to go!,neither,0.03958371663392387,0.3192515981937963,0.64116468517228
travis's shirt! I want so much <3,neither,0.03639079410406497,0.3654960197851694,0.5981131861107656
YEEEHAW!,neither,0.03945320844208391,0.33037608806864915,0.630170703489267
KLEEN shaven,neither,0.03945320844208391,0.33037608806864915,0.630170703489267
gandsOwl Happy Thursday Critters!!!,neither,0.03945320844208391,0.33037608806864915,0.630170703489267
!dndbeyondtest,neither,0.03945320844208391,0.33037608806864915,0.630170703489267
That nose pick,neither,0.04008602989453545,0.2901483196904461,0.6697656504150186
D&D Beyond is looking for additional stress testers for the iPhone: http://bit.ly/dndios and Android: http://bit.ly/dndandroid versions of D&D Beyond!,neither,0.035944940042969165,0.23225922533496313,0.7317958346220677
gandsSubHype gandsSubHype gandsSubHype gandsSubHype gandsSubHype gandsSubHype,neither,0.03945320844208391,0.33037608806864915,0.630170703489267
EPISODE NEIN,neither,0.03945320844208391,0.33037608806864915,0.630170703489267
BIDET from fort worth texas,neither,0.04059632814105265,0.31097436347246293,0.6484293083864843
"Bidet from Amarillo, Texas!",neither,0.040937266849991,0.30518774380265185,0.6538749893473571
Take a drink every time Matt claps.,neither,0.03865959421957581,0.3438457925926893,0.617494613187735
Bidet from denmark 4 in the morning XD,neither,0.04879096770105365,0.11922482019466898,0.8319842121042773
Woo!,neither,0.03945320844208391,0.33037608806864915,0.630170703489267
gandsSCANLAN gandsSCANLAN gandsSCANLAN,neither,0.03945320844208391,0.33037608806864915,0.630170703489267
Jester voice: It's Thursday: the best day ever!,neither,0.037310492521458245,0.30036876593612116,0.6623207415424206
I love that D&D Beyond and CR are partnered right now,neither,0.049825563529953126,0.32136342206428176,0.6288110144057651
Bidet!,neither,0.03945320844208391,0.33037608806864915,0.630170703489267
gandsSCANLAN gandsSCANLAN gandsSCANLAN gandsSCANLAN gandsSCANLAN,neither,0.03945320844208391,0.33037608806864915,0.630170703489267
gandsRaid gandsRaid gandsRaid gandsRaid,neither,0.03945320844208391,0.33037608806864915,0.630170703489267
eoot,neither,0.03945320844208391,0.33037608806864915,0.630170703489267
app? awesome,neither,0.03945320844208391,0.33037608806864915,0.630170703489267
Yay!,neither,0.03945320844208391,0.33037608806864915,0.630170703489267
SAM IS A BABY,neither,0.04932154494626994,0.3269819146263432,0.6236965404273868
"WOW, look at Tal's hair",neither,0.040256703167687154,0.3494325693469768,0.6103107274853361
BIDET CRITTERS!!!,neither,0.03945320844208391,0.33037608806864915,0.630170703489267
mama i made it!,neither,0.0376784807325713,0.33098649830915894,0.6313350209582697
slick vest Matt!,neither,0.03945320844208391,0.33037608806864915,0.630170703489267
soooo young looking,neither,0.036481786221514635,0.38080887794575674,0.5827093358327288
sam shaved WutFace,neither,0.03945320844208391,0.33037608806864915,0.630170703489267
EPISODE NEIN,neither,0.03945320844208391,0.33037608806864915,0.630170703489267
Did Sam just get younger?!,neither,0.03517799898406856,0.3559748812220383,0.6088471197938932
WHooo,neither,0.03945320844208391,0.33037608806864915,0.630170703489267
nice shirt Dani..thanks for keeping our Sam clothed,neither,0.03480483979056545,0.3033313899100772,0.6618637702993573
i'm assuming Sam missed episode 9 last time?,neither,0.03867324098194821,0.3436141714200179,0.617712587598034
freshly shaven sam PogChamp,neither,0.03945320844208391,0.33037608806864915,0.630170703489267
woot and stuff!,neither,0.03871432111721478,0.2932575939303077,0.6680280849524776
woot woot!,neither,0.03945320844208391,0.33037608806864915,0.630170703489267
Error 404: Shirt not found,neither,0.03852905635197568,0.3338345914540691,0.6276363521939553
bidet,neither,0.03945320844208391,0.33037608806864915,0.630170703489267
shaved sam??? =(,neither,0.03945320844208391,0.33037608806864915,0.630170703489267
wooooooooooooo,neither,0.03945320844208391,0.33037608806864915,0.630170703489267
l,neither,0.03945320844208391,0.33037608806864915,0.630170703489267
yeah boy uk hype,neither,0.025906495942346595,0.42279816697790507,0.5512953370797484
Oh god,neither,0.047523175703714664,0.25506489023357065,0.6974119340627147
Shaved Sam!,neither,0.03945320844208391,0.33037608806864915,0.630170703489267
NEIN,neither,0.03945320844208391,0.33037608806864915,0.630170703489267
SAM SHAVED,neither,0.03945320844208391,0.33037608806864915,0.630170703489267
Bidet from michigan!,neither,0.040769555981420263,0.3080342349327864,0.6511962090857933
WOOOO lets go. bidet from Worcester!,neither,0.04131215997591724,0.3297977727813861,0.6288900672426966
"Well, Marisha seems to be ok, I'm so happy it wasn't that bad :)",neither,0.03791407154409473,0.39445211326064006,0.5676338151952651
d and d?,neither,0.03763944115734239,0.1918412352459551,0.7705193235967025
Sam shaved,neither,0.03945320844208391,0.33037608806864915,0.630170703489267
sam's beard.... noooooooooooo,neither,0.03945320844208391,0.33037608806864915,0.630170703489267
DND Beyond Legendary Bundle link https://twitter.com/GeekandSundry/status/969407566752002048,neither,0.03909148181890341,0.38585006877657757,0.5750584494045191
Bidet from Colorado!!!!!,neither,0.04066490145509902,0.30981049537100724,0.6495246031738937
oh god please no,neither,0.044394431737200826,0.2901061229314327,0.6654994453313665
Where did laura get that purse I want it!,neither,0.036199407706280884,0.34404721929786003,0.6197533729958591
Woo PogChamp,neither,0.03945320844208391,0.33037608806864915,0.630170703489267
BIDET FROM BRISBANE QLD AUSTRALIA FOR EPISODE NEIN!,neither,0.03516762431511408,0.29014472577677425,0.6746876499081118
oh god,neither,0.047523175703714664,0.25506489023357065,0.6974119340627147
error 404!,neither,0.03945320844208391,0.33037608806864915,0.630170703489267
episode nein!! haha!!,neither,0.03462973617501103,0.4122430007003845,0.5531272631246045
Oh God,neither,0.047523175703714664,0.25506489023357065,0.6974119340627147
EPISODE NEIN,neither,0.03945320844208391,0.33037608806864915,0.630170703489267
As a UK Critter I am terrified.,neither,0.037652680212217106,0.3583735630547824,0.6039737567330006
beep beep from MN,neither,0.040737273169946825,0.30858215849491494,0.6506805683351382
Hi from the UK! This is for me!,neither,0.0345289212869927,0.3104880280615331,0.6549830506514741
oh god,neither,0.047523175703714664,0.25506489023357065,0.6974119340627147
I NEED TRAVIS'S SHIRT!!!,neither,0.03928901568308098,0.329001159043847,0.631709825273072
gandsNatTwenty gandsRaid gandsSubHype gandsLessthanthree,neither,0.03945320844208391,0.33037608806864915,0.630170703489267
bidet from STL,neither,0.04228451509352876,0.2823214250720796,0.6753940598343917
If i could ask matt one question... it would be what kind of conditioner he uses to get those lushes locks,neither,0.04763130850854852,0.33755880154915396,0.6148098899422976
oh no,neither,0.04751210705993949,0.26629718932274826,0.6861907036173122
Oh god no,neither,0.045468968717594996,0.2817578918884762,0.6727731393939287
SAM RIGEL IS LOOKING GOOOOOOOOD,neither,0.04930293686162743,0.32698831479993673,0.6237087483384358
Dyeing my hair Taliesin Blue as we speak!,neither,0.02833702744465613,0.4329658699758743,0.5386971025794697
See you on Saturday Matt! =),neither,0.05148027993944157,0.38760167856373035,0.560918041496828
Sam's beard is gone!?!,neither,0.04686515031414292,0.3292014491465398,0.6239334005393172
Time for Sam's ad!!!,neither,0.03317910312684469,0.32094918204154016,0.6458717148316152
wooooo,neither,0.03945320844208391,0.33037608806864915,0.630170703489267
It is?,neither,0.059603583318096655,0.32344545014120724,0.616950966540696
Oh god,neither,0.047523175703714664,0.25506489023357065,0.6974119340627147
apologies in advance... >.>,neither,0.03945320844208391,0.33037608806864915,0.630170703489267
Error 404 shirt!,neither,0.03945320844208391,0.33037608806864915,0.630170703489267
Oh no...,neither,0.04751210705993949,0.26629718932274826,0.6861907036173122
oh god,neither,0.047523175703714664,0.25506489023357065,0.6974119340627147
OH LORD,neither,0.046192855847311955,0.26685084782252855,0.6869562963301595
Sam shirt!,neither,0.03945320844208391,0.33037608806864915,0.630170703489267
Thanks for thinking of us Sam,neither,0.061650929242269226,0.2887634599294044,0.6495856108283264
oh god,neither,0.047523175703714664,0.25506489023357065,0.6974119340627147
woot woot,neither,0.03945320844208391,0.33037608806864915,0.630170703489267
Sam no,neither,0.03831935863823471,0.34962047835215815,0.6120601630096072
oh no,neither,0.04751210705993949,0.26629718932274826,0.6861907036173122
oh god,neither,0.047523175703714664,0.25506489023357065,0.6974119340627147
SAM SHAVED,neither,0.03945320844208391,0.33037608806864915,0.630170703489267
lets go,neither,0.039984317429425154,0.35542799280679366,0.6045876897637812
you wot!,offensive_language,0.21217306638279385,0.6099082758190073,0.17791865779819876
No ashley... T-T,neither,0.038465455673613855,0.34714083037889465,0.6143937139474915
ow no haha :,neither,0.034607178349633644,0.41262586586827155,0.5527669557820947
oh fuck,offensive_language,0.2962656353347589,0.7037309200541659,3.4446110751798387e-06
LUL,neither,0.03945320844208391,0.33037608806864915,0.630170703489267
oh god,neither,0.047523175703714664,0.25506489023357065,0.6974119340627147
god no,neither,0.03803377925372794,0.35446750581004133,0.6074987149362306
YO BEN,neither,0.03964387428876324,0.41881852139161824,0.5415376043196185
gods,neither,0.03945320844208391,0.33037608806864915,0.630170703489267
oh no,neither,0.04751210705993949,0.26629718932274826,0.6861907036173122
"Oh lordy here we go, Sam XD",neither,0.09791954792228208,0.25091555698819695,0.6511648950895209
coxMuppet coxMuppet coxMuppet,neither,0.03945320844208391,0.33037608806864915,0.630170703489267
i want travis's shirt so baddddd,neither,0.03962954564750892,0.36699430661770643,0.5933761477347845
Sam got the shirt!,neither,0.03721167849697093,0.35964606925181103,0.6031422522512181
babyface sam?????????,neither,0.03945320844208391,0.33037608806864915,0.630170703489267
u wot m8?!,neither,0.03945320844208391,0.33037608806864915,0.630170703489267
OI MATES,neither,0.03945320844208391,0.33037608806864915,0.630170703489267
NotLikeThis NotLikeThis NotLikeThis,neither,0.03945320844208391,0.33037608806864915,0.630170703489267
"There are still 40,000 people watching? egad!",neither,0.08891092833408216,0.26988898001946415,0.6412000916464536
"Me? :O . . .No, not me . . .",neither,0.020600235840223653,0.45368106192061436,0.525718702239162
Hearts for generic uk accent,neither,0.03552416200572761,0.31074044879856805,0.6537353891957044
D & D Beyond https://www.dndbeyond.com/,neither,0.03945320844208391,0.33037608806864915,0.630170703489267
cring,neither,0.03945320844208391,0.33037608806864915,0.630170703489267
Bidet!,neither,0.03945320844208391,0.33037608806864915,0.630170703489267
oh lor,neither,0.04535734983354261,0.27438591475104485,0.6802567354154126
oh yes!,neither,0.047325668310698794,0.256798057524554,0.6958762741647472
