text,top_class,hate_speech,offensive_language,neither
"@JMPickering we don't need sleep, we need more time...",neither,0.03946738223422418,0.33914314017940267,0.6213894775863732
"swiftfingers Nope, I agreed to not watch it ahead",neither,0.04646236204605643,0.33001257011475305,0.6235250678391905
@puppetsshadow8 They do it occasionally throughout the rest of the week until Monday when the episode shows up on YouTube.,neither,0.031213640022027297,0.36007418438882766,0.6087121755891449
@Ossborn now why would you do that....,neither,0.03766522893153653,0.45177813048942006,0.5105566405790435
"@puppetsshadow8 Right after, then again tomorrow, after Gather Your party tomorrow and 2-3 times over the weekend",neither,0.04797613066978875,0.3242322427621767,0.6277916265680344
@puppetsshadow8 tomorrow and a few times over the weekend rebroadcast.. I don't know times though,neither,0.0367829924276002,0.2995109238018569,0.663706083770543
http://www.wheniscriticalrole.com/<<< a countdown clock (and other useful links) that may be of interest to some at this site.,neither,0.03536304824447164,0.28678673746130706,0.6778502142942213
PogChamp PogChamp PogChamp PogChamp PogChamp PogChamp,neither,0.03945320844208391,0.33037608806864915,0.630170703489267
gandsRaid gandsRaid gandsClassic gandsClassic gandsSubHype gandsSubHype,neither,0.03945320844208391,0.33037608806864915,0.630170703489267
"Because I´m stupid :-D Anyway, I´m going to distract me with other TV shows, still have a big list of shows I still have to watch",neither,0.05221959441852949,0.3668071230740169,0.5809732825074536
so whats replacing mothership?,neither,0.03941309328977179,0.37128477944593014,0.5893021272642981
gandsSubHype gandsSubHype gandsSubHype gandsSubHype,neither,0.03945320844208391,0.33037608806864915,0.630170703489267
"3 YEARS of streaming on Twitch! - Join us this Saturday, March 10th from Noon to Midnight PST for a star-studded marathon of D&D mayhem! More info at: https://geekandsundry.com/join-us-for-our-3-year-twitch-iversary-charity-stream/ - There is 11 months 26 days 4 hours 3 minutes 7 seconds ago until the start of the 12 hour stream!",neither,0.053944612739923056,0.30012925265438645,0.6459261346056904
"@dixiedean17 I believe that nothing is, at least for the rest of the season",neither,0.03494855331039866,0.35735694529549034,0.6076945013941111
cheers,neither,0.03945320844208391,0.33037608806864915,0.630170703489267
apparently the Moon's magic has somethihng to do with doughnuts...,neither,0.036488640327023675,0.33657937079442907,0.6269319888785472
We have a subscriber-only Discord server! Join here: https://discord.gg/geekandsundry (you'll need to sub and link it to your Twitch) and be a part of the fun!...Warning: It can take up to an hour for the server to update and give you access to the channels,neither,0.08464076273808444,0.286394834032893,0.6289644032290227
"night not is broken, it's a little off on that count down",neither,0.03265023157014007,0.3742316399889399,0.59311812844092
how come it stopped mid season? I kinda missed a lot since I've been away for over a month.,neither,0.023997474058429356,0.31044379342305045,0.6655587325185203
"@Ossborn I just watched the ""Waco"" mini-series the other day, Awesome show if you haven't seen it yet",neither,0.03931601320810305,0.32769768463687576,0.6329863021550212
PogChamp Love this already,neither,0.03384949934339445,0.3772782993026663,0.5888722013539391
"nah, mentalism isn't magic. stage magic isn't magic either",neither,0.03945320844208391,0.33037608806864915,0.630170703489267
@Rhinorulz Says you.,neither,0.07672516269021983,0.4280346410779993,0.4952401962317809
LUL Psych TV show,neither,0.05321330397284292,0.2623349035181344,0.6844517925090227
;),neither,0.03945320844208391,0.33037608806864915,0.630170703489267
@Ossborn amazing cast as well,neither,0.03780267371628353,0.3583899699178642,0.6038073563658524
"Download the new Critical Role theme song for Campaign Two! http://itunes.apple.com/album/id1331550250?ls=1&app=itunes Sales of the song support the musician, Jason Charles Miller.",neither,0.04445767596344001,0.2510827790306858,0.7044595450058742
@Rhinorulz just like chiropracty isn't real medicine,neither,0.037483418969351624,0.47183399407618226,0.4906825869544661
"come on twitch, scale up the video already.. still looking at 4 pixels",neither,0.036219539563188574,0.354715043793466,0.6090654166433455
swiftfingers I´m in the middle of Penny Dreadful at the moment and plan to watch the latest Vikings season next,neither,0.04296602994791973,0.30288783887200055,0.6541461311800798
"Help G&S make great content! $4.99/month gets you emotes, Minecraft server access, sub-only VODs, and more! Every sub keeps the channel alive! twitch.tv/geekandsundry/subscribe",neither,0.043907990691603095,0.31135964332838284,0.644732365980014
"nah, stage magic (and mentalism) is illusion",neither,0.045964511295949514,0.29269140640012553,0.6613440823039249
Kyle XY.,neither,0.03945320844208391,0.33037608806864915,0.630170703489267
Yes,neither,0.03945320844208391,0.33037608806864915,0.630170703489267
FailFish,neither,0.03945320844208391,0.33037608806864915,0.630170703489267
lol @Zismarith,neither,0.020706217963973744,0.4882283491876925,0.4910654328483337
Some human beings definitely go 20 mph.,neither,0.14356739724349443,0.20551198609183208,0.6509206166646735
DarkMode My astral Projection,offensive_language,0.011017215557639733,0.6062201221254095,0.3827626623169507
!topic,neither,0.03945320844208391,0.33037608806864915,0.630170703489267
:),neither,0.03945320844208391,0.33037608806864915,0.630170703489267
so is this a thing they really believe or one if those things like r/creepy?,neither,0.051627878540738206,0.38029561707956666,0.568076504379695
Hey guys!,neither,0.03929207127355727,0.33311100635304525,0.6275969223733975
I like how he’s like “is it this highly unlikely supernatural event or was someone trying to trick me?”,neither,0.05729917267792175,0.36388118513133083,0.5788196421907474
Hey Ryan,neither,0.03945320844208391,0.33037608806864915,0.630170703489267
@HydroSnail_RyanGreen hey Ryan,neither,0.03945320844208391,0.33037608806864915,0.630170703489267
Hi @HydroSnail_RyanGreen !,neither,0.03945320844208391,0.33037608806864915,0.630170703489267
"@HydroSnail_RyanGreen Hey, Ryan",neither,0.03945320844208391,0.33037608806864915,0.630170703489267
What you all don't know is how sick I was during this episode.,neither,0.06617145714008764,0.41775021799260753,0.5160783248673048
DarkMode Even predicting events using the sun & stars,neither,0.035722612592010365,0.3739540566313774,0.5903233307766123
I used laughs to cover up my coughs.,neither,0.03288365365484164,0.43732462975450814,0.5297917165906504
@HydroSnail_RyanGreen Doesn't show.,neither,0.06329882827035221,0.221942610047616,0.7147585616820318
this sounds crazy,neither,0.027408904501183655,0.45299456037631913,0.5195965351224971
"Oh, well there's that.",neither,0.04071921172406365,0.269092898304031,0.6901878899719053
@HydroSnail_RyanGreen Hi Ryan,neither,0.03945320844208391,0.33037608806864915,0.630170703489267
PogChamp The Lore Senpai,neither,0.03613032604487659,0.2619290779399786,0.7019405960151449
Hey Ryan! Hope you're getting better :),neither,0.11150074996917898,0.2996443135781493,0.5888549364526718
@HydroSnail_RyanGreen doesn't shows at all,neither,0.04050137194488641,0.4360076363467824,0.5234909917083311
Hey @HydroSnail_RyanGreen,neither,0.03945320844208391,0.33037608806864915,0.630170703489267
Faith healers are the worst people,neither,0.10470274037890061,0.25111065323495313,0.6441866063861463
