text,top_class,hate_speech,offensive_language,neither
"@cinphoria I mean, the letter segment is ""The Daily Wednesday""",neither,0.04324303571264315,0.30901378720374245,0.6477431770836144
@owifig Not spoiling. No details.,neither,0.03771634514697557,0.34588084984980333,0.6164028050032212
@Dragonivon Indeed. It's almost like we're getting a Wednesday-Thursday do-over this week :3,neither,0.050590347449132635,0.3659651513477846,0.5834445012030828
its Saturday here anyways,neither,0.07268610950132216,0.29817534214853647,0.6291385483501413
Hey guys!,neither,0.03929207127355727,0.33311100635304525,0.6275969223733975
"@cinphoria But then we'll never get The Wednesday Club aftershow, The Friday Club, airing on Mondays",neither,0.033801647523144594,0.3501467359415402,0.6160516165353153
1,neither,0.03945320844208391,0.33037608806864915,0.630170703489267
"@l33anna Try again in about 2 hours. Or, yknow, stick around.",neither,0.03693085306071588,0.37318704171345085,0.5898821052258333
oh boy,neither,0.04768565599480007,0.25364348607606696,0.698670857929133
YAY!,neither,0.03945320844208391,0.33037608806864915,0.630170703489267
DAISY ONESIES!!!!,neither,0.03945320844208391,0.33037608806864915,0.630170703489267
@japenrose xD,neither,0.03945320844208391,0.33037608806864915,0.630170703489267
"Hi Matt, Taliesin, and Amy!",neither,0.0388100252782571,0.29846695177565247,0.6627230229460904
YAAAAAAAY!,neither,0.03945320844208391,0.33037608806864915,0.630170703489267
Yay!!!!,neither,0.03945320844208391,0.33037608806864915,0.630170703489267
when is critical role,neither,0.036731799512772056,0.3718062288360914,0.5914619716511365
CARD PARTY!,neither,0.03945320844208391,0.33037608806864915,0.630170703489267
Wednesdaisies Unite!,neither,0.03945320844208391,0.33037608806864915,0.630170703489267
EVERY DAY IS WEDNESDAY,neither,0.048303324259702164,0.3129228916266995,0.6387737841135983
"The kid loki kigurumi "":D",neither,0.0374625111036886,0.3154967726126751,0.6470407162836362
Slumber party?,neither,0.03945320844208391,0.33037608806864915,0.630170703489267
Hello beloved hosts! <3,neither,0.03945320844208391,0.33037608806864915,0.630170703489267
Yayyyy!,neither,0.03945320844208391,0.33037608806864915,0.630170703489267
Amy of Borg!,neither,0.03945320844208391,0.33037608806864915,0.630170703489267
omg hi!,neither,0.03945320844208391,0.33037608806864915,0.630170703489267
Gather Your Wednesday Party,neither,0.06353376062403242,0.3236971385458556,0.612769100830112
@cinphoria I'm still holding Ashley Johnson to host that at least once,neither,0.039862508934645866,0.3731315536627131,0.587005937402641
gandsClassic gandsClassic gandsSubHype gandsSubHype tinytatoBallpit tinytatoBallpit stefMacaron stefMacaron,neither,0.03945320844208391,0.33037608806864915,0.630170703489267
Yay!,neither,0.03945320844208391,0.33037608806864915,0.630170703489267
Yay!,neither,0.03945320844208391,0.33037608806864915,0.630170703489267
Yay!,neither,0.03945320844208391,0.33037608806864915,0.630170703489267
TAL DID YOU FIND YOUR RING?!,neither,0.09087794306956713,0.2823198354122933,0.6268022215181396
I’m HAPPY now,neither,0.03945320844208391,0.33037608806864915,0.630170703489267
yayyyy,neither,0.03945320844208391,0.33037608806864915,0.630170703489267
Is that a Lockheed onesie?,neither,0.05154613418987003,0.42924314326430335,0.5192107225458266
woop woop!,neither,0.03945320844208391,0.33037608806864915,0.630170703489267
Hero Onsies!,neither,0.03945320844208391,0.33037608806864915,0.630170703489267
Wibbly wobbly timey wimey,neither,0.03945320844208391,0.33037608806864915,0.630170703489267
Every day is Wednesday if you're a Wednesdaisy!,neither,0.058154724411492574,0.38055274961167035,0.5612925259768372
Hello.,neither,0.03945320844208391,0.33037608806864915,0.630170703489267
HI Y'ALL!!!,neither,0.0423466876598404,0.4436528871510691,0.5140004251890904
Yay!,neither,0.03945320844208391,0.33037608806864915,0.630170703489267
Dasisyoverload!,neither,0.03945320844208391,0.33037608806864915,0.630170703489267
Wednesday Club slumber party!,neither,0.03945320844208391,0.33037608806864915,0.630170703489267
GATHER YOUR WEDNESDAY,neither,0.06658848096088006,0.32284514627265964,0.6105663727664603
Wednesday Club! <3,neither,0.03945320844208391,0.33037608806864915,0.630170703489267
YAAAAY!,neither,0.03945320844208391,0.33037608806864915,0.630170703489267
Happy Wednesday!,neither,0.03945320844208391,0.33037608806864915,0.630170703489267
"Yay, Wednesday Club!",neither,0.03945320844208391,0.33037608806864915,0.630170703489267
WOO! Hi there everyone.,neither,0.034585961998295785,0.38101428456038033,0.5843997534413239
Woo!,neither,0.03945320844208391,0.33037608806864915,0.630170703489267
"superboy punches time, so it doesnt matter. such advice :D",neither,0.03766060911683052,0.3761490299685281,0.5861903609146414
You guys are too cute,neither,0.10921453912139166,0.2956586509853424,0.5951268098932659
gandsLessthanthree gandsLessthanthree gandsLessthanthree,neither,0.03945320844208391,0.33037608806864915,0.630170703489267
,neither,0.03945320844208391,0.33037608806864915,0.630170703489267
hai everyone,offensive_language,0.02988896790634741,0.4927062106388782,0.4774048214547744
"are you recovered from SotM, Amy?",neither,0.10239390290180841,0.3060126530344211,0.5915934440637705
Wednesday is all <3,neither,0.05210129753976398,0.4136907729102274,0.5342079295500087
SQUIRREL GIRL,neither,0.03291264244059879,0.39483770895672,0.5722496486026812
It's approximately close to Thursday! :-) :-),neither,0.04348191869733174,0.3276991415662702,0.6288189397363981
Taliesin's hair reminds me of a peacock.,neither,0.03217134159125792,0.3698386460407358,0.5979900123680062
Oh my gosh you guys are so adorable tonight,neither,0.060313558068086776,0.369887799197711,0.5697986427342022
Maybe some day we can have a Gather your Disney Land/ Disney World show?,neither,0.05484315353486331,0.2952735984388534,0.6498832480262833
gather your Wednesdays,neither,0.0780690733417637,0.3196259537601841,0.6023049728980522
"Kigarumi powers, activate!",neither,0.03945320844208391,0.33037608806864915,0.630170703489267
Wednesdaisy Takeover!!!,neither,0.03945320844208391,0.33037608806864915,0.630170703489267
Wednesday club HYPE!,neither,0.03945320844208391,0.33037608806864915,0.630170703489267
"“Superboy punches time, it doesn’t matter”",neither,0.03668967527482909,0.3522216581937254,0.6110886665314456
So many fuzzy onsies!,neither,0.042635336572651616,0.05894299083954372,0.8984216725878047
!whodat,neither,0.03945320844208391,0.33037608806864915,0.630170703489267
Its a Brittany!,neither,0.03266664412200374,0.33271029874032065,0.6346230571376755
"Amy Dallen ( twitter.com/enthusiamy ), Taliesin Jaffe ( twitter.com/executivegoth ), and Matt Key ( twitter.com/TheMattKey ), with special guestss Markeia MacCarty ( twitter.com/markeiamccarty ), Lovely Wife Brittany Walloch-Key ( twitter.com/BWalloch ), Deric Hughes ( twitter.com/dblackanese ), Coy Jandreau ( twitter.com/CoyJandreau ).",neither,0.04080794406361475,0.45870152398753566,0.5004905319488494
Hi Party people.,neither,0.07456250674775665,0.3265447503158237,0.5988927429364197
#erikashade,neither,0.03945320844208391,0.33037608806864915,0.630170703489267
Comic-rumi!,neither,0.03945320844208391,0.33037608806864915,0.630170703489267
Wednesfriday.,neither,0.03945320844208391,0.33037608806864915,0.630170703489267
what a great squad!!,neither,0.043243491228963885,0.2993246614965533,0.6574318472744828
They brought the Wednesday Club to you!,neither,0.05913038166969762,0.3489402592577979,0.5919293590725045
Warehouse 13! :o <3,neither,0.03945320844208391,0.33037608806864915,0.630170703489267
Look at all those people!,neither,0.14581308448208508,0.34340180255386266,0.5107851129640523
I LOVE WAREHOUSE 13!!!,neither,0.03689048787380286,0.342271120973469,0.6208383911527282
Warehouse13!,neither,0.03945320844208391,0.33037608806864915,0.630170703489267
yo yo yo,offensive_language,0.04010381111145228,0.5271105317972344,0.4327856570913131
I loved WH13,neither,0.03945320844208391,0.33037608806864915,0.630170703489267
Marvel Movie News reunion time,neither,0.04024265110701016,0.3169771857636707,0.6427801631293191
Hi Deric!!,neither,0.03945320844208391,0.33037608806864915,0.630170703489267
hello all,neither,0.04217753453783664,0.43734383323855475,0.5204786322236087
sweet!,neither,0.03945320844208391,0.33037608806864915,0.630170703489267
Warehouse 13!! <3 <3,neither,0.03945320844208391,0.33037608806864915,0.630170703489267
<3 Warehouse 13,neither,0.03945320844208391,0.33037608806864915,0.630170703489267
Warehouse 13?!,neither,0.03945320844208391,0.33037608806864915,0.630170703489267
What an amazing group!,neither,0.045107219909174684,0.3213610941162098,0.6335316859746155
Warehouse 13 *and* Flash?,neither,0.03882174806281639,0.29909442477480214,0.6620838271623816
"Oh Yo, you wrote Warehouse 13? I love that show!",neither,0.06124591441586261,0.3623452204419529,0.5764088651421846
<3 <3 <3,neither,0.03945320844208391,0.33037608806864915,0.630170703489267
<3,neither,0.03945320844208391,0.33037608806864915,0.630170703489267
I loved Warehouse 13!!!,neither,0.03945320844208391,0.33037608806864915,0.630170703489267
omg Warehouse?!,neither,0.03945320844208391,0.33037608806864915,0.630170703489267
WH13 was super-fun,neither,0.03931499909249372,0.3327218614288546,0.6279631394786517
I love Warehouse 13!!!,neither,0.03689048787380286,0.342271120973469,0.6208383911527282
#lovelywifebrittney,neither,0.03945320844208391,0.33037608806864915,0.630170703489267
Do we just drink to Britney being there?,neither,0.03783032254623154,0.333587156143319,0.6285825213104496
"guys, do we need to do the drinking game tonight?",neither,0.04312724827890066,0.27807632444593255,0.6787964272751668
WednesdayHouse 13,neither,0.03945320844208391,0.33037608806864915,0.630170703489267
"Amy Dallen, the resident bastion of joy and light in a dreary world.",neither,0.03830460725736535,0.29090358267838085,0.6707918100642538
sweet!,neither,0.03945320844208391,0.33037608806864915,0.630170703489267
"I don't recognize some of these new guests. Also, Warehouse 13 is a show I've been missing hard. Artie and Claudia were my jam.",neither,0.027668793964171098,0.4099396532754821,0.5623915527603469
oh man what an all star panel!!,neither,0.05045016437099798,0.39094960936347,0.5586002262655321
Lovely Wife Britney,neither,0.03945320844208391,0.33037608806864915,0.630170703489267
H.G.WELLS!!,neither,0.03945320844208391,0.33037608806864915,0.630170703489267
warehouse was the shit :),offensive_language,0.044786402735715186,0.9535408360320753,0.0016727612322094871
lol,neither,0.020706217963973744,0.4882283491876925,0.4910654328483337
they all look like they are waiting for the younger members of the family to open their christmas presents,neither,0.05758703559968948,0.31364358980587576,0.6287693745944347
We know and love you kids,neither,0.053042876681901635,0.35036731561160317,0.5965898077064952
"Oh you'll fit in perfectly, Deric",neither,0.05963382386033314,0.32616891671464565,0.6141972594250212
"Friday people. We don't understand friday people, we're wednesday people.",neither,0.1035220667542604,0.31081885291501776,0.5856590803307219
We *might* have heard of those,neither,0.063430735715278,0.27195950392625184,0.6646097603584702
No there are only wednesdaies,neither,0.07681624241489134,0.23208868370050484,0.6910950738846039
Hiiiiiiiiii!,neither,0.03945320844208391,0.33037608806864915,0.630170703489267
FEEEEELINGS,neither,0.03945320844208391,0.33037608806864915,0.630170703489267
"""I write NDAed, Redacted, and Not Discussable At This Time.""",neither,0.03539490134277208,0.33978559497040667,0.6248195036868213
never seen her. nope,offensive_language,0.027187124031161154,0.5855012076132793,0.3873116683555595
...and a hug.,neither,0.03845605498945456,0.27826085962284464,0.6832830853877009
AWWW. :(,neither,0.03945320844208391,0.33037608806864915,0.630170703489267
oooh. Legally binding fanfic requests for WH13. Perhaps cannonical Bering and Wells?,neither,0.03580149805165793,0.29335832234098785,0.6708401796073541
"NO SPOILERS, FOLKS!",neither,0.03829187504329264,0.3500869466847923,0.6116211782719151
The cake was a lie!,neither,0.03839003393734572,0.3153279357913033,0.646282030271351
Taliesin amy needs a hug!!!!!!,neither,0.03945320844208391,0.33037608806864915,0.630170703489267
I haven't been able to Watch Warehouse 13. It's not on Netflix Canada and I don't get the cable channels. :(,neither,0.0410079483945976,0.31792278323305606,0.6410692683723463
Amy I am on m 8th cup of tea following SOT. I F E E L YOU!,neither,0.046709547957471606,0.3662008334899381,0.5870896185525902
"Awww, Amy! XD",neither,0.03945320844208391,0.33037608806864915,0.630170703489267
So the cake was a lie?,neither,0.03830424421583037,0.3602113097559974,0.6014844460281721
Internet Sensation Amy Dallen!,neither,0.03945320844208391,0.33037608806864915,0.630170703489267
XD,neither,0.03945320844208391,0.33037608806864915,0.630170703489267
hell yeah yu can have carbs,offensive_language,0.026901384270431365,0.7694214863890249,0.20367712934054386
"I needed this today, this is just what I needed",neither,0.043577839815473286,0.32731049643182086,0.6291116637527059
microwave cake is a boon to mankind,neither,0.05202191595808697,0.3247585666217568,0.6232195174201562
"*takes a bite, then talks*",neither,0.03945320844208391,0.33037608806864915,0.630170703489267
"""My name is Taliesin Jaffe and I talk with my mouth utterly full of cake.""",neither,0.022750739712286566,0.42603017165815465,0.5512190886295587
basic math,neither,0.03945320844208391,0.33037608806864915,0.630170703489267
Tal found his ring :D,neither,0.06035318104632972,0.3321171442738488,0.6075296746798214
Hiiii Taliesin,neither,0.03945320844208391,0.33037608806864915,0.630170703489267
#caloriemath@,neither,0.03945320844208391,0.33037608806864915,0.630170703489267
I missed her at ECCC.,offensive_language,0.028267811905770015,0.6248661157458254,0.3468660723484046
Amy needs hot chocolate AND cake. And lots and lots of hugs.,neither,0.038459011066781186,0.2784419327094942,0.6830990562237247
"Now that I think about it, I need some coco, lol.",neither,0.024137840000369525,0.42716493120816096,0.5486972287914694
"Welcome to the Cocoa Collective, Amy.",neither,0.04384209813638723,0.31499099019469046,0.6411669116689224
Hi Syl,neither,0.03945320844208391,0.33037608806864915,0.630170703489267
i know those feels about working out XD,neither,0.05416141273946029,0.3059326084644605,0.6399059787960791
Oooh!,neither,0.03945320844208391,0.33037608806864915,0.630170703489267
Why can't we have Wednesday every day,neither,0.03022890086499122,0.3368020571884831,0.6329690419465257
spoilers? this is live. are we getting prescient spoilers now?,neither,0.07912996783393296,0.3515319406564187,0.5693380915096483
Taliesin is Booster Gold confirmed,neither,0.04751138293261947,0.3276045123489075,0.6248841047184732
The Strawberry cake is better with Blueberries!,neither,0.03507186556338579,0.34586349547315426,0.6190646389634599
"Also, chocolate?",neither,0.03945320844208391,0.33037608806864915,0.630170703489267
that is the fanciest ring,neither,0.04343911219075784,0.35905556820107093,0.5975053196081713
Are you guys still freaking out about the Mark Waid thing?,neither,0.06233295321284079,0.3581733001490804,0.5794937466380788
With the power of Google images,neither,0.030705324677207813,0.3457475418085049,0.6235471335142873
he found his legion ring!!,neither,0.06548316609203655,0.3299763581714796,0.604540475736484
@cinphoria Gotta love our overlord.,neither,0.033701707053925535,0.38491883624994794,0.5813794566961265
when Taliesin not flying high,neither,0.026156461410095554,0.4604844061461044,0.5133591324438
Did he get a hair cut,neither,0.04451060501175259,0.3375094594101002,0.6179799355781471
OH MY GOODNESS THAT'S SO CUTE!!!,neither,0.0318145944800353,0.4138184555221422,0.5543669499978224
"Oh, that'll help Amy's mood",neither,0.040283665279907024,0.3245724410978124,0.6351438936222806
"Tal, you're such a good",neither,0.07637554688561823,0.3406558797745968,0.5829685733397849
Nie!!!,neither,0.03945320844208391,0.33037608806864915,0.630170703489267
they sell boxed mug cake mixes in stores now and it is a crime against humanity,neither,0.042687353044571344,0.2990604288055141,0.6582522181499145
CARD PARTYYYY,neither,0.03945320844208391,0.33037608806864915,0.630170703489267
"Amy, love your boots! :D",neither,0.06297773734016753,0.334765175622639,0.6022570870371935
*makes grabby hands*,neither,0.039435062088698014,0.3302241328416581,0.6303408050696441
CARDS!!,neither,0.03945320844208391,0.33037608806864915,0.630170703489267
Awwww... I want a Legion flight ring. Tal is so cool to everyone,neither,0.04356027532090231,0.4010730695093834,0.5553666551697143
Nice*,neither,0.03945320844208391,0.33037608806864915,0.630170703489267
I want one *wails softly*,neither,0.038266362255436365,0.3829191818153167,0.578814455929247
well we know how everyone is getting home after the party now,neither,0.03705638064359554,0.4294139915860502,0.5335296277703544
Did someone or someones cancel at the last minute? I thought this was Gather your Wednesday week.,neither,0.053495873224363166,0.28464738866817646,0.6618567381074604
KEY QUESTIONS IS AMAZING YOU SHOULD WATCH!,neither,0.08080772441564096,0.3931371887077249,0.5260550868766342
Invisible Matt,neither,0.03945320844208391,0.33037608806864915,0.630170703489267
level 20 rogue,neither,0.03945320844208391,0.33037608806864915,0.630170703489267
Gather your Legion,neither,0.06524029444393677,0.3232213912842776,0.6115383142717856
matt has Vax style stealth roles!,neither,0.039752068384614724,0.3253036548816033,0.634944276733782
eyyyy Matt!,neither,0.03945320844208391,0.33037608806864915,0.630170703489267
matt key is a rougue that always takes the hide action,neither,0.040060549569840356,0.37729887435819065,0.5826405760719688
Best easter egg,neither,0.03868911258946947,0.32397764777280325,0.6373332396377273
"USE PROMO CODE ""QUESTION"" for 60 day Alpha Trial",neither,0.021049520582864547,0.35704941641722887,0.6219010629999066
think they mean spoilers for SoT and if you spoil SoT i will find you and destroy your soul :),neither,0.060750013422977006,0.2649614582024447,0.6742885283745783
Really wish this wasn't on 9 hours before I have to be at work.,neither,0.03848631718827338,0.405912596907139,0.5556010859045876
So that's where all that bad audio comes from,neither,0.03479966970666336,0.44326243139694144,0.5219378988963951
"Key, what are you doing under the table",neither,0.0813940248207101,0.31000264703172303,0.6086033281475669
with Pass without Trace,neither,0.03027373974442154,0.3618095933790424,0.6079166668765361
the secret Key,neither,0.038543393166240676,0.31372748223025104,0.6477291246035083
YET mattYET,neither,0.03945320844208391,0.33037608806864915,0.630170703489267
Matt key can sleep through ANYTHING. It's canon.,neither,0.03863160344254436,0.3273983303982101,0.6339700661592454
Key's the 9th Mighty?,neither,0.03877198473730492,0.3179882446622893,0.6432397706004058
Matt is magic Matt is everywhere,neither,0.048732218293636866,0.3271846110861125,0.6240831706202506
"Lies, you can see him in the break on various commercials for other G&S shows",neither,0.04185039295536697,0.33252835272387,0.6256212543207631
!wtfisthis,neither,0.03945320844208391,0.33037608806864915,0.630170703489267
"This is Gather Your Party! It’s Friday night, and you know what that means… Party time! Join us for a weekly themed party, where anything can happen, with all your favorite people. Gather Your Party is a must-watch show for your Friday night.",neither,0.10380257106743707,0.30547507527859313,0.5907223536539699
"""watch Alpha!""",neither,0.045847159412640344,0.3281769151314005,0.6259759254559591
Syl do you really wanna know? XD,neither,0.06534162684789295,0.39301534466129623,0.5416430284908108
So are you guys still freaking out about the Mark Waid thing?,neither,0.061786209977383176,0.3891516742672713,0.5490621157553456
generally works,neither,0.03945320844208391,0.33037608806864915,0.630170703489267
DRINK!,neither,0.03945320844208391,0.33037608806864915,0.630170703489267
!twc,neither,0.03945320844208391,0.33037608806864915,0.630170703489267
"Here are some handy The Wednesday Club resources! TWC Reddit: reddit.com/r/WednesdayClub/ | Discord: https://discord.gg/6QK9fVB | Wednesday Club Fanclub on Facebook: facebook.com/groups/1945232949091586/ | Send in your thoughts, comic recommendations, questions, and more to Matt, Amy, and Taliesin at thewednesdayclub@geekandsundry.com",neither,0.05001524745118048,0.31503641584425707,0.6349483367045624
from far away matt key looked like jesus :/,neither,0.04800275653500142,0.31344994522648817,0.6385472982385103
drink!,neither,0.03945320844208391,0.33037608806864915,0.630170703489267
The best trip,neither,0.037449297735292555,0.3031814826234886,0.6593692196412189
drink,neither,0.03945320844208391,0.33037608806864915,0.630170703489267
Drink,neither,0.03945320844208391,0.33037608806864915,0.630170703489267
I would love to see Matt and Amy guest starring on Critical Role,neither,0.039024158704318565,0.31927317560820717,0.6417026656874742
Drink!,neither,0.03945320844208391,0.33037608806864915,0.630170703489267
drink,neither,0.03945320844208391,0.33037608806864915,0.630170703489267
*trio,neither,0.03945320844208391,0.33037608806864915,0.630170703489267
Drink? Do we drink if she's part of the show?,neither,0.036234414848719074,0.359551948587898,0.6042136365633829
(For those of you who don't know),neither,0.09035388970975976,0.33075875916311964,0.5788873511271206
Invisible Matt Key: this campaign's final boss.,neither,0.03939808407587503,0.33131169242634584,0.6292902234977792
Take a shot!,neither,0.03945320844208391,0.33037608806864915,0.630170703489267
but also trip,neither,0.03578608594627738,0.3413291784208093,0.6228847356329135
Is Matt Laura's dice jail?,neither,0.04612015024215058,0.32808302106697296,0.6257968286908765
Wooo Key Question!,neither,0.03945320844208391,0.33037608806864915,0.630170703489267
drink!,neither,0.03945320844208391,0.33037608806864915,0.630170703489267
Matt is also Bendicat Cumberbatch's Doctor Strange stunt double (not really).,neither,0.04317304618967711,0.3316399510361595,0.6251870027741634
!whodat,neither,0.03945320844208391,0.33037608806864915,0.630170703489267
"Amy Dallen ( twitter.com/enthusiamy ), Taliesin Jaffe ( twitter.com/executivegoth ), and Matt Key ( twitter.com/TheMattKey ), with special guestss Markeia MacCarty ( twitter.com/markeiamccarty ), Lovely Wife Brittany Walloch-Key ( twitter.com/BWalloch ), Deric Hughes ( twitter.com/dblackanese ), Coy Jandreau ( twitter.com/CoyJandreau ).",neither,0.04080794406361475,0.45870152398753566,0.5004905319488494
DRINK!!!,neither,0.03945320844208391,0.33037608806864915,0.630170703489267
Everybody drink,neither,0.03945320844208391,0.33037608806864915,0.630170703489267
The loveliest wife Brittany,neither,0.0385264643785051,0.31340950860693517,0.6480640270145597
Brittany is the cutest,neither,0.04579394696497983,0.31373893229261174,0.6404671207424083
"3 YEARS of streaming on Twitch! - Join us this Saturday, March 10th from Noon to Midnight PST for a star-studded marathon of D&D mayhem! More info at: https://geekandsundry.com/join-us-for-our-3-year-twitch-iversary-charity-stream/ - There is 14 hours 49 minutes 55 seconds until the start of the 12 hour stream!",neither,0.053970483282619955,0.30008449682947397,0.6459450198879062
tals is my hair inspiration,neither,0.034849886235861584,0.41085657813620147,0.5542935356279369
!whodat,neither,0.03945320844208391,0.33037608806864915,0.630170703489267
I'm love you Brittany,neither,0.05532841181197043,0.4047872822376506,0.5398843059503791
"@kaioraya whenever Matt Key says ""My lovely wife Brittany"" you take a drink",neither,0.04040190247099611,0.4004086511316754,0.5591894463973285
!twc for anyone who hasn't seen Wednesday Club and want to catch up with the community later,neither,0.031962313527511846,0.3562706936123598,0.6117669928601284
"Here are some handy The Wednesday Club resources! TWC Reddit: reddit.com/r/WednesdayClub/ | Discord: https://discord.gg/6QK9fVB | Wednesday Club Fanclub on Facebook: facebook.com/groups/1945232949091586/ | Send in your thoughts, comic recommendations, questions, and more to Matt, Amy, and Taliesin at thewednesdayclub@geekandsundry.com",neither,0.05001524745118048,0.31503641584425707,0.6349483367045624
That voice is adorable,neither,0.04343326808832812,0.37003569779980966,0.5865310341118624
"@WDM1262 technically neither ""Mark Waid"" nor Jody Houser"" were Verified, so...",neither,0.03958815029437854,0.3422508693040483,0.6181609804015731
"""Oprah has touched me"" I'm not sure that is something you want to be proud of.....",offensive_language,0.04673481858965868,0.49293586764801767,0.4603293137623238
Marisha was wearing the critmas gift my brother made in the Key Questions promo.,neither,0.03217702764297386,0.35962985059792174,0.6081931217591043
"@cardinaliron but would be, if asked ;-)",neither,0.019258106043387863,0.3980911697012565,0.5826507242553556
I love her kigu,offensive_language,0.02127227746861266,0.7493632064772636,0.2293645160541237
"She's been touched by Oprah, she is the chosen one!",offensive_language,0.0465529201243995,0.4979258741003059,0.4555212057752946
nice opposuit,neither,0.03945320844208391,0.33037608806864915,0.630170703489267
The copper bracelet.,neither,0.03843498882663835,0.31168514531390124,0.6498798658594604
#blessed,neither,0.03945320844208391,0.33037608806864915,0.630170703489267
Matt and Brittany at the same time? How often do I drink?,neither,0.0386130959434618,0.32635671854504616,0.635030185511492
Markeia also won Trivia Hops!,neither,0.03945320844208391,0.33037608806864915,0.630170703489267
I understand why they married,neither,0.028430361877853427,0.34601599104486497,0.6255536470772817
Dat crown tho,neither,0.03540726691938912,0.3394492093573797,0.6251435237232312
Are those CapriSun on the table?! O_O,neither,0.10169154337194783,0.20545476210896585,0.6928536945190864
@Deathstar_Taco I think Jody is verified by default since she hangs out at the studio,neither,0.04162087401284075,0.400611247074828,0.5577678789123314
@PauladinWon the entire time.,neither,0.03697432268326363,0.33462100656450006,0.6284046707522364
@PauladinWon Always?,neither,0.03557448528484342,0.4519132619047061,0.5125122528104504
"voluntary Oprah-tough more powerful than compulsory Oprah-touch, noted.",neither,0.04049409454638914,0.32886914209895446,0.6306367633546565
@Deathstar_Taco We know Jody's handle.... It was her.,offensive_language,0.03100938071616594,0.5082627142536701,0.460727905030164
Her onesie game is on point.,offensive_language,0.03288603794005519,0.5280631233638805,0.4390508386960643
Will your charter be touched by a dystopian Oprah in campaign?,neither,0.06850126645681877,0.34554655236105825,0.5859521811821229
@Salbastro Yus,neither,0.03945320844208391,0.33037608806864915,0.630170703489267
Everyone Wednesdaisies WILL be doing the Wednesday Club drinking game tonight if anyone wants to join in ;),neither,0.02940134991293889,0.35832874719638963,0.6122699028906714
*character,neither,0.03945320844208391,0.33037608806864915,0.630170703489267
Weird sink! Weird sink!Weird sink!,neither,0.03945320844208391,0.33037608806864915,0.630170703489267
that coat + crown combo,neither,0.0365132612384225,0.36221382271360214,0.6012729160479754
Of course you can...... >.>,neither,0.06457396094620066,0.39094862959942855,0.5444774094543708
@kaioraya @ShandraVdeG I know I kid I'm sorry,neither,0.03898369672524596,0.3383449272313286,0.6226713760434255
collider heroes is pretty toight,neither,0.047711805922251986,0.32753557769225583,0.6247526163854921
what is his Name,neither,0.11502070824746641,0.31616367128028605,0.5688156204722477
Oooooh,neither,0.03945320844208391,0.33037608806864915,0.630170703489267
Is that a Rilakuma onesie in the back?,neither,0.04440330363586576,0.36479849911643353,0.5907981972477007
ooooooo,neither,0.03945320844208391,0.33037608806864915,0.630170703489267
What!,neither,0.057770773616808734,0.3180719994247239,0.6241572269584672
ha,neither,0.03945320844208391,0.33037608806864915,0.630170703489267
Truuuust usssss,neither,0.03945320844208391,0.33037608806864915,0.630170703489267
You look like Cary Elwes,neither,0.07730545540878221,0.4000546731502054,0.5226398714410125
"I don't have anything to drink. Also - 4 hours until work - still, drinking game!",neither,0.04206407882711202,0.3171124134979734,0.6408235076749146
,neither,0.03945320844208391,0.33037608806864915,0.630170703489267
hehehe,neither,0.03945320844208391,0.33037608806864915,0.630170703489267
I feel like Markeia and Matt Key never got confusing. (For a moment I was thinking Mark Key and that was so much worse.),neither,0.037799339968922145,0.30735199154612725,0.6548486684849505
:o,neither,0.03945320844208391,0.33037608806864915,0.630170703489267
WHATATAT,neither,0.03945320844208391,0.33037608806864915,0.630170703489267
ohH,neither,0.03945320844208391,0.33037608806864915,0.630170703489267
the elaborate coat checks out,neither,0.034834391927735776,0.3305249490721831,0.6346406590000812
:O,neither,0.03945320844208391,0.33037608806864915,0.630170703489267
now WE KNOW,neither,0.03920883025155165,0.33452382373823697,0.6262673460102113
I was thinking he looks like Johnny Depp.,neither,0.051293751012808544,0.3414146268776902,0.6072916221095012
WHHOOOAAAA,neither,0.03945320844208391,0.33037608806864915,0.630170703489267
You can TOTALLY do a drinking game with soft drinks.,neither,0.04140320356172819,0.35140558510679726,0.6071912113314745
"""in our homes""",neither,0.03945320844208391,0.33037608806864915,0.630170703489267
The coat certainly matches.,neither,0.0387879478161651,0.31828360245541737,0.6429284497284176
Modelmauk!,neither,0.03945320844208391,0.33037608806864915,0.630170703489267
I wanna kiss him and I don’t know why,neither,0.028645327324202777,0.30949689613432646,0.6618577765414708
well gonna take some screen caps for ART,neither,0.030092706108678806,0.34868717308145036,0.6212201208098708
So are you guys still freaking out about the Mark Waid thing?,neither,0.061786209977383176,0.3891516742672713,0.5490621157553456
Oh my god you can see it in the eyes,neither,0.046110853078501504,0.3603323865291818,0.5935567603923168
What's this show about?,neither,0.06975411892000646,0.25944081180162953,0.670805069278364
"aaahhahaha! Hello, irl Mollymauk!",neither,0.03945320844208391,0.33037608806864915,0.630170703489267
I absolutely adore the lisa frank inspired kigu omg!!,neither,0.03890485032036255,0.32043846407289134,0.6406566856067462
i want that coat,neither,0.035346712363928945,0.37347290583941356,0.5911803817966573
Oh man....now I want CapriSun,neither,0.047130421258852,0.3419513784682421,0.6109182002729059
!whodat,neither,0.03945320844208391,0.33037608806864915,0.630170703489267
"Amy Dallen ( twitter.com/enthusiamy ), Taliesin Jaffe ( twitter.com/executivegoth ), and Matt Key ( twitter.com/TheMattKey ), with special guestss Markeia MacCarty ( twitter.com/markeiamccarty ), Lovely Wife Brittany Walloch-Key ( twitter.com/BWalloch ), Deric Hughes ( twitter.com/dblackanese ), Coy Jandreau ( twitter.com/CoyJandreau ).",neither,0.04080794406361475,0.45870152398753566,0.5004905319488494
He's being so Coy.,neither,0.03951304947950413,0.4424845619828169,0.5180023885376789
Mr. Tealeaf?,neither,0.03945320844208391,0.33037608806864915,0.630170703489267
"@hundredsofsmallbirds Oh, you know why. :P",neither,0.051756845663383684,0.35324790056105276,0.5949952537755636
CR sectrets of gyp wednesday club,neither,0.03945320844208391,0.33037608806864915,0.630170703489267
LUL,neither,0.03945320844208391,0.33037608806864915,0.630170703489267
hi Coyyyy,neither,0.03945320844208391,0.33037608806864915,0.630170703489267
The tail though...,neither,0.03848125685120538,0.3125586404102284,0.6489601027385662
Taliesin KNOWS this,neither,0.03930577194985262,0.3328784701203973,0.6278157579297501
"""Now everyone wants to make out with you, that's what happens."" Fair.",neither,0.053067219182682694,0.47346098182882496,0.47347179898849223
This is the best,neither,0.049798453115104904,0.2950016094660156,0.6551999374188794
If you touch rings together do you get special powers?,neither,0.06787038861121938,0.4197598479423143,0.5123697634464662
"""i'm a 90 degree angle"". lol",neither,0.033569154672328474,0.3720707587531168,0.5943600865745547
"""Knowledge Acquired""",neither,0.03945320844208391,0.33037608806864915,0.630170703489267
Looking forward to Frost Punk?,neither,0.05780538311906324,0.1252533746954736,0.8169412421854632
"Hello Coy. I don't want to make out with you, but I appreciate your contribution to Mollymauk.",neither,0.06462311601443982,0.38784455522898603,0.5475323287565741
Tal you're adorable,neither,0.07532413653854132,0.34370717333158923,0.5809686901298695
"i cant manage resources in real life, why would i want to fail at it in a game :D",neither,0.029123382579992314,0.419075833436163,0.5518007839838446
resource management games are good tho? so,neither,0.05505219941771146,0.3372878297927916,0.607659970789497
Oh Tal,neither,0.0450478101092574,0.2772031091301225,0.6777490807606199
thats a face punching ring,neither,0.03945320844208391,0.33037608806864915,0.630170703489267
What is this game?,neither,0.06100766921503891,0.2646944357898182,0.6742978949951429
*DOT!* You been hit by a Legionnaire!,neither,0.056881854026979914,0.43216153154463777,0.5109566144283822
!wtfisthis,neither,0.03945320844208391,0.33037608806864915,0.630170703489267
Dumber is better!,neither,0.0484711757523064,0.32727439558633903,0.6242544286613545
"This is Gather Your Party! It’s Friday night, and you know what that means… Party time! Join us for a weekly themed party, where anything can happen, with all your favorite people. Gather Your Party is a must-watch show for your Friday night.",neither,0.10380257106743707,0.30547507527859313,0.5907223536539699
#VanityHero,neither,0.03945320844208391,0.33037608806864915,0.630170703489267
"So Coy's face, is what I'm trying to get, as a molly cosplayer. That's just not fair, I can't get those kind of cheekbones",neither,0.057471427220977644,0.37196443002454,0.5705641427544823
"that's not just a ring, that's a stamp",neither,0.02944672214559849,0.41518210877973083,0.5553711690746705
You been hit by you been struck by THE LEGION,neither,0.06071740136221128,0.44468950947859726,0.49459308915919153
but it's 6 in the morning,neither,0.040788352123862684,0.14903110468731287,0.8101805431888244
drink,neither,0.03945320844208391,0.33037608806864915,0.630170703489267
drink!,neither,0.03945320844208391,0.33037608806864915,0.630170703489267
drink,neither,0.03945320844208391,0.33037608806864915,0.630170703489267
drink,neither,0.03945320844208391,0.33037608806864915,0.630170703489267
I love resource management games - did he say the name?,neither,0.04045516719884344,0.3267884746441821,0.6327563581569745
!points @misssunflower94,neither,0.03945320844208391,0.33037608806864915,0.630170703489267
"That was an excellent pun, @misssunflower94! Here, have some points for that one! You have been awarded 58 points!",neither,0.049980789310414435,0.3817775744187309,0.5682416362708548
DRINK!,neither,0.03945320844208391,0.33037608806864915,0.630170703489267
We just drink constantly,neither,0.03484080454423628,0.3540481543510527,0.6111110411047109
The one punch ring!,neither,0.03769999996348015,0.34523411607426757,0.6170658839622524
drink!,neither,0.03945320844208391,0.33037608806864915,0.630170703489267
just keep drinking,neither,0.03419745420823557,0.35535622614717655,0.6104463196445878
drinnk,neither,0.03945320844208391,0.33037608806864915,0.630170703489267
A smooth Legionnaire!,neither,0.03945320844208391,0.33037608806864915,0.630170703489267
"We can't drink that much... we have to breathe, Matt",neither,0.03805107551470122,0.3612247196407363,0.6007242048445623
"Hi, i made the drinking game",neither,0.03817668707055891,0.28069236689239824,0.6811309460370429
goddammit i already drank my drink,neither,0.02889704530868972,0.42014038223258326,0.550962572458727
DRINK,neither,0.03945320844208391,0.33037608806864915,0.630170703489267
"No, you guys didn't make it up, you just take advantage of it XD",offensive_language,0.040284274595501386,0.49618578951835934,0.46352993588613917
@imsylien just contour yourself to death. Lol.,neither,0.033087221254567936,0.40355924611026867,0.5633535326351632
it's a friday. you can drink. it's ok,neither,0.05091410341987851,0.3690364175526065,0.580049479027515
ALL DRINKS,neither,0.042007796308410617,0.4310059871578024,0.526986216533787
KEY SMASHED,neither,0.03945320844208391,0.33037608806864915,0.630170703489267
Call 911 NOW!,neither,0.03945320844208391,0.33037608806864915,0.630170703489267
Who needs a functioning liver anyway.,neither,0.039878585556052455,0.3760312207073137,0.5840901937366338
"""For those of you who don't know""",neither,0.09035388970975976,0.33075875916311964,0.5788873511271206
It''s like Phantom with Billy Zane,neither,0.03644293427811601,0.3750413841544607,0.5885156815674232
You can be a vanity hero and back slap them so they can read it,neither,0.05716604130442097,0.3505259909997362,0.5923079676958428
RIP all of you,offensive_language,0.06760147445525955,0.5117761062185293,0.42062241932621125
75 people dead from alcohol poisoning.,neither,0.05898146929311247,0.3170938351239489,0.6239246955829386
im just gonna take 2 shots whenever lmaoooo,neither,0.034949987055781506,0.4021153518758374,0.5629346610683811
this gonna keep me very hydrated,neither,0.03092875183374422,0.4209967047811425,0.5480745433851133
Alcohol poisoning!,neither,0.03945320844208391,0.33037608806864915,0.630170703489267
"To be fair, that's only happened once so far.",neither,0.04148288688870247,0.39225940917633517,0.5662577039349623
"I'm super sick, so I need to stay hydrated anyway! so thanks!",neither,0.0420125315038385,0.37281884880466054,0.5851686196915009
!wtfisthis @c3534l,neither,0.03945320844208391,0.33037608806864915,0.630170703489267
@CourtneyDax I'm gonna do my damnedest to do exactly that!,neither,0.03275119094390508,0.4710977406813494,0.49615106837474554
"This is Gather Your Party! It’s Friday night, and you know what that means… Party time! Join us for a weekly themed party, where anything can happen, with all your favorite people. Gather Your Party is a must-watch show for your Friday night.",neither,0.10380257106743707,0.30547507527859313,0.5907223536539699
Or your version of 911 wherever you are,neither,0.12454603412455839,0.31604429752513546,0.5594096683503061
"inB4 someone uses their ring to decode ""Drink more Oveltene""",neither,0.044944935516642893,0.32169890935921897,0.6333561551241382
@c3534l magic,neither,0.03945320844208391,0.33037608806864915,0.630170703489267
We have a subscriber-only Discord server! Join here: https://discord.gg/geekandsundry (you'll need to sub and link it to your Twitch) and be a part of the fun!...Warning: It can take up to an hour for the server to update and give you access to the channels,neither,0.08464076273808444,0.286394834032893,0.6289644032290227
CAPRI SUN???,neither,0.03945320844208391,0.33037608806864915,0.630170703489267
Drink,neither,0.03945320844208391,0.33037608806864915,0.630170703489267
Nice purple fade Taliesin,neither,0.03945320844208391,0.33037608806864915,0.630170703489267
Anyone drinking liquor tonight... Say goodbye to your livers! LOL,neither,0.054252644442838754,0.34120942909800106,0.6045379264591603
