text,top_class,hate_speech,offensive_language,neither
LOL,neither,0.020706217963973744,0.4882283491876925,0.4910654328483337
@starpilotsix rofl :),neither,0.03945320844208391,0.33037608806864915,0.630170703489267
:),neither,0.03945320844208391,0.33037608806864915,0.630170703489267
"Apodyopsis_ I wouldnt call it ""just"" missed, it´s been a couple of hours",neither,0.034644390806315095,0.3480539024814673,0.6173017067122176
Yassss,neither,0.03945320844208391,0.33037608806864915,0.630170703489267
ALlo frens!,neither,0.03945320844208391,0.33037608806864915,0.630170703489267
"I'm eating roast duck with potatoes, asparagus and mushrooms",neither,0.03110642851077571,0.32789711683342154,0.6409964546558027
!points Hector,neither,0.03945320844208391,0.33037608806864915,0.630170703489267
"That was an excellent pun, Hector! Here, have some points for that one! You have been awarded 98 points!",neither,0.050107313171023064,0.38230503055647863,0.5675876562724983
godd evening,neither,0.03945320844208391,0.33037608806864915,0.630170703489267
whats the thing you type to see the schedule?,neither,0.05544053735566658,0.333272928283043,0.6112865343612904
oh nooooooo,neither,0.0450478101092574,0.2772031091301225,0.6777490807606199
Gina's Instagram: https://www.instagram.com/kittihawk/,neither,0.03756595361750161,0.3624077277844218,0.6000263185980765
kinky,neither,0.03945320844208391,0.33037608806864915,0.630170703489267
Good evening,neither,0.03869882722860525,0.3306355543605695,0.6306656184108252
@Ossborn ah,neither,0.03945320844208391,0.33037608806864915,0.630170703489267
,neither,0.03945320844208391,0.33037608806864915,0.630170703489267
Ginas Little Farm,neither,0.03909852663999307,0.33639596389587306,0.6245055094641339
!schedule,neither,0.03945320844208391,0.33037608806864915,0.630170703489267
Current Schedule ( as of March 2018 ): https://i.imgur.com/xDNiCai.jpg - more info about shows at: https://geekandsundry.com/twitch/,neither,0.03843269151407763,0.3599933695170261,0.6015739389688963
"3 YEARS of streaming on Twitch! - Join us this Saturday, March 10th from Noon to Midnight PST for a star-studded marathon of D&D mayhem! More info at: https://geekandsundry.com/join-us-for-our-3-year-twitch-iversary-charity-stream/ - There is 19 hours 56 minutes 53 seconds until the start of the 12 hour stream!",neither,0.053940228128818504,0.30013684054172296,0.6459229313294584
baking some butterfly chops with some mushroom soup and rice/ potatos,neither,0.028367230617364843,0.3049448605243436,0.6666879088582915
Farms N Crafts,neither,0.03945320844208391,0.33037608806864915,0.630170703489267
"Whoops, walked away and forgot I left the sound muted...",neither,0.03924016522763297,0.278956091299811,0.681803743472556
"wow, 3 years",neither,0.03945320844208391,0.33037608806864915,0.630170703489267
feels so weird 3 years,neither,0.03941236428033599,0.37286895453621105,0.587718681183453
is G&S doing anything for WonderCon?,neither,0.04127665490677851,0.2929121304940984,0.6658112145991231
3 years of no sleep. Go me!,neither,0.03240125936752805,0.38826302073906616,0.5793357198934058
NO WAY,neither,0.03814847073940352,0.35698458620139334,0.6048669430592032
YESSSS,neither,0.03945320844208391,0.33037608806864915,0.630170703489267
O M G ...,neither,0.03945320844208391,0.33037608806864915,0.630170703489267
"@HawkeyeNFO , yes",neither,0.03945320844208391,0.33037608806864915,0.630170703489267
Shield of Tomorrow on Yuri Gagarin's birthday. It couldn't get better,neither,0.035531652496953635,0.34955775457194865,0.6149105929310976
"So, basically the best DND game everrrrrr...",neither,0.03782047193538173,0.31580104912132434,0.646378478943294
more delicious DnD for tomorrow!,neither,0.03625739070830355,0.30131289913237275,0.6624297101593237
Spoilers Hector!,neither,0.03945320844208391,0.33037608806864915,0.630170703489267
even 12 hours of that won't DRAGON,neither,0.035929779052911365,0.3728175432302547,0.591252677716834
pretty muvh,neither,0.03945320844208391,0.33037608806864915,0.630170703489267
We have a subscriber-only Discord server! Join here: https://discord.gg/geekandsundry (you'll need to sub and link it to your Twitch) and be a part of the fun!...Warning: It can take up to an hour for the server to update and give you access to the channels,neither,0.08464076273808444,0.286394834032893,0.6289644032290227
"Best Federation class Sovereign, Akira, or Intrepid",neither,0.0383616624851017,0.32123562275657414,0.6404027147583241
You will die! And you will die! And you will die! Everybody will die!,neither,0.38291500224661673,0.0603346516117633,0.5567503461416199
@starpilotsix They can crochet sweaters for goats!,neither,0.035554237709961474,0.3070052697831788,0.6574404925068598
ok.. so that's 8pm till 8 am for me.. oh damn,offensive_language,0.03469713068613968,0.6664793066406818,0.29882356267317856
"Sovereign, of course",neither,0.03945320844208391,0.33037608806864915,0.630170703489267
what time exactly is considered noon?,neither,0.04856694000044702,0.33924359941315924,0.6121894605863937
Sovereign is the prettiest ship I've ever seen. I want a print of it flying out of the nebula!,neither,0.026024353612248648,0.3089600706940641,0.6650155756936873
"@DJPheonyx I keep looking at the WCA web site, but they hadn't posted any programming schedule when I last checked",neither,0.03363248460238174,0.3427546954928089,0.6236128199048092
sweet,neither,0.03945320844208391,0.33037608806864915,0.630170703489267
@Ossborn so Becca is running it!,neither,0.0483616018038578,0.38767341758271395,0.5639649806134283
can i squee for that? lol,neither,0.01793747003334013,0.4176615778377454,0.5644009521289144
poor RI B(,neither,0.03945320844208391,0.33037608806864915,0.630170703489267
how active,neither,0.03945320844208391,0.33037608806864915,0.630170703489267
Woohoo! Shield of Tomorrow!!!,neither,0.03945320844208391,0.33037608806864915,0.630170703489267
Yay PDFs,neither,0.03945320844208391,0.33037608806864915,0.630170703489267
Woot,neither,0.03945320844208391,0.33037608806864915,0.630170703489267
Poor Rhode island.,neither,0.03945320844208391,0.33037608806864915,0.630170703489267
Federationm Pack? Hmm. Is that the big one or the small one?,neither,0.02934989629980015,0.4081654693864817,0.5624846343137182
Poor Rhode Island,neither,0.03945320844208391,0.33037608806864915,0.630170703489267
chaoticloony Nope... Oprah :-D,neither,0.03945320844208391,0.33037608806864915,0.630170703489267
"Download the new Critical Role theme song for Campaign Two! http://itunes.apple.com/album/id1331550250?ls=1&app=itunes Sales of the song support the musician, Jason Charles Miller.",neither,0.04445767596344001,0.2510827790306858,0.7044595450058742
I r can’t do Sto,neither,0.04313770288584292,0.31944425572353397,0.6374180413906231
What about illegal residents of the US???,neither,0.07204899001880352,0.32925039596510025,0.5987006140160963
I love a good pdf,neither,0.03325608531969024,0.3552722409420745,0.6114716737382352
"wow, calling out harry kim like that",neither,0.040454923869553946,0.3876140045266474,0.5719310716037986
no UK.... damn,offensive_language,0.04408324545567842,0.8397438406343389,0.11617291390998262
active in the chat!,neither,0.038618600072410615,0.3151359222137061,0.6462454777138832
"Yay, Amy's back!",neither,0.03945320844208391,0.33037608806864915,0.630170703489267
gah windows update is killing my feed to watch you guys.,neither,0.05296990765743566,0.4016407232798272,0.5453893690627372
glad i dont live in rhode island!,neither,0.042657871132863324,0.3292738576175515,0.6280682712495852
Whooo!,neither,0.03945320844208391,0.33037608806864915,0.630170703489267
So we just have to be active at any point in the chat before the giveaway?,neither,0.03644134318726874,0.4066304377798708,0.5569282190328605
Good luck to everyone!,neither,0.03887610708466555,0.42998342326837735,0.5311404696469572
Can Changelings win?,neither,0.03989351416261495,0.32290295088487453,0.6372035349525105
Hello all.,neither,0.04217753453783664,0.43734383323855475,0.5204786322236087
@bitgod Yes.,neither,0.03945320844208391,0.33037608806864915,0.630170703489267
@JMPickering great minds type alike lol,neither,0.032394590119296816,0.3501928638749481,0.6174125460057551
D= what if we have a US post box ?,neither,0.052441651194103774,0.3780210280771732,0.569537320728723
Heyyy chat!,neither,0.03945320844208391,0.33037608806864915,0.630170703489267
Do we need to active throughout the broadcast?,neither,0.044934669986528834,0.31513292494349043,0.6399324050699806
Hi @The7StarGeneral,neither,0.03945320844208391,0.33037608806864915,0.630170703489267
"As if people in Rhode Island didn't have enough problems (I can make that joke, my dad's from there)",neither,0.026461546998052157,0.42456459493683174,0.548973858065116
Hi @spacedoutlily,neither,0.03945320844208391,0.33037608806864915,0.630170703489267
I got both new books and they are great,neither,0.05891028111991404,0.21307914134160366,0.7280105775384823
no changlings cant win,neither,0.038440717765016896,0.34756069724858196,0.6139985849864013
"I’m legal, I’m tender, and nobody gets short changed",neither,0.034398631433185674,0.39723623732500524,0.5683651312418092
"im a US resident.......honest,,,,,",neither,0.08340027280689322,0.3561417818899977,0.5604579453031091
"Like define ""active in chat"".",neither,0.04737083766668119,0.34212022299812617,0.6105089393351926
"Help G&S make great content! $4.99/month gets you emotes, Minecraft server access, sub-only VODs, and more! Every sub keeps the channel alive! twitch.tv/geekandsundry/subscribe",neither,0.043907990691603095,0.31135964332838284,0.644732365980014
I wanna see the books,neither,0.03850949718382984,0.3130904602888688,0.6484000425273014
Aliza's hair is dooooope,neither,0.05499007784978589,0.32503224622683236,0.6199776759233818
"It was a pretty boring episode, Amy. You didn't miss much.",neither,0.03098934604194061,0.39107676536734354,0.5779338885907158
wait roll for sexiness? GIMMICK INFRINGEMENT!!!!! ;),neither,0.03273513645282042,0.2968455074247012,0.6704193561224783
I would love to see that show!,neither,0.05592828216768136,0.29618758565060815,0.6478841321817106
yes my fav segment,neither,0.030037022431313773,0.40222798398947146,0.5677349935792148
so i just started my own STA CAMPAIGN,neither,0.04241904422577639,0.4287551115226542,0.5288258442515695
@mamalta I think it's the one that has the paladin class t6,neither,0.033213993871848875,0.35401219781276577,0.6127738083153854
"Compel_Bast For me, it´s the Vesta class.... love that ship :-D https://vignette.wikia.nocookie.net/memory-omega/images/7/77/Vesta-Klasse_Trockendock.jpg/revision/latest?cb=20141027092943&path-prefix=de",neither,0.03026530658532036,0.3507207892849968,0.6190139041296828
Sam losing their shit is the best thing ever.,offensive_language,0.05599360005340984,0.9281660967763767,0.01584030317021347
"@fallout4critter it ALWAYS is, like Sam's excitement!",neither,0.053091025874652684,0.3884508104338615,0.5584581636914858
No one expects the Samish Enquistion,neither,0.036824456538608816,0.35993985265001205,0.6032356908113793
incoming loud noises,neither,0.03945320844208391,0.33037608806864915,0.630170703489267
Stupid long links,neither,0.13876772004133958,0.20430097374437214,0.6569313062142883
gandsLessthanthree,neither,0.03945320844208391,0.33037608806864915,0.630170703489267
Hi guys! <3,neither,0.03930687933907141,0.3328596748352989,0.6278334458256297
"Aw, Sam got an art book!",neither,0.03878727521854067,0.3585781915164031,0.6026345332650563
See I love these Sam episodes,neither,0.04440047411564747,0.4059096280555806,0.549689897828772
Hey @shidareAKI,neither,0.03945320844208391,0.33037608806864915,0.630170703489267
"Sweet gift, Sam!!",neither,0.03945320844208391,0.33037608806864915,0.630170703489267
"I´m with you Sam, I suck on human proportions... never get them right",neither,0.19655742159035103,0.31119126275923,0.4922513156504191
sam losing there shit is awesome,offensive_language,0.05656847691030491,0.9330769927122858,0.010354530377409295
I wonder if it is more pencils for Sam break,neither,0.028522053958155345,0.3381023270747349,0.6333756189671097
Hi @shidareAKI,neither,0.03945320844208391,0.33037608806864915,0.630170703489267
awesome,neither,0.03945320844208391,0.33037608806864915,0.630170703489267
:),neither,0.03945320844208391,0.33037608806864915,0.630170703489267
Yay!,neither,0.03945320844208391,0.33037608806864915,0.630170703489267
Hey Danoba and Oss.,neither,0.0386583911743643,0.29013560352054735,0.6712060053050883
ohhhhhhhhhhhhhhhhhhhhhhhhhh,neither,0.03945320844208391,0.33037608806864915,0.630170703489267
!schedule,neither,0.03945320844208391,0.33037608806864915,0.630170703489267
Holy shit that is sick.,offensive_language,0.051348576978211616,0.9474472526804966,0.001204170341291655
PogChamp,neither,0.03945320844208391,0.33037608806864915,0.630170703489267
Ooooooohh.,neither,0.03945320844208391,0.33037608806864915,0.630170703489267
soooooooooo pretty,neither,0.03945320844208391,0.33037608806864915,0.630170703489267
So much unfolding goodness!,neither,0.035335096749653454,0.37992840960230484,0.5847364936480418
wooow that is amazing,neither,0.04468338400483953,0.38105317870292815,0.5742634372922323
xd,neither,0.03945320844208391,0.33037608806864915,0.630170703489267
That looks awesome PogChamp,neither,0.03514854707832469,0.37728526826500763,0.5875661846566677
That's fucking gorgeous.,offensive_language,0.09695307751085593,0.9028101549073863,0.0002367675817578494
"Oooooooooooo, amazing. <3",neither,0.03945320844208391,0.33037608806864915,0.630170703489267
gm trump wall,neither,0.03945320844208391,0.33037608806864915,0.630170703489267
"Ooh, pretty screen!",neither,0.03945320844208391,0.33037608806864915,0.630170703489267
super sweet,neither,0.03945320844208391,0.33037608806864915,0.630170703489267
Yeap,neither,0.03945320844208391,0.33037608806864915,0.630170703489267
LOL,neither,0.020706217963973744,0.4882283491876925,0.4910654328483337
now Eric will be able to fold space/time,neither,0.043969805325494854,0.32751478515362287,0.6285154095208821
Put it in front of the existing screen!,neither,0.037775178219920734,0.3188418565203922,0.643382965259687
Thank them a Bajoran times,neither,0.05593003286937722,0.32901329496117204,0.6150566721694507
A Bajoran times.,neither,0.03945320844208391,0.33037608806864915,0.630170703489267
ooooooo it's shorter...I wonder if we can peek over the edge.😂,neither,0.02674166511701479,0.35213651992103423,0.621121814961951
@Seditious11 at least it's already paid for?,neither,0.0316397222764593,0.34040023065153346,0.6279600470720071
@super390 heh,neither,0.03945320844208391,0.33037608806864915,0.630170703489267
LUL,neither,0.03945320844208391,0.33037608806864915,0.630170703489267
Improvised Generation: https://www.youtube.com/watch?v=Gj3lidBjYec&list=PLTKm_8zlZ6jR1EuVVnIzOG6i-o4uHXlNh,neither,0.042768426421764955,0.32923583258411887,0.6279957409941161
a bajoran and 1 times!,neither,0.03830498888465859,0.26863133748273577,0.6930636736326056
heh,neither,0.03945320844208391,0.33037608806864915,0.630170703489267
Now if only I could get SoT people in my Star Trek timelines..,neither,0.03302653156685668,0.43024998822448185,0.5367234802086613
All the excitement!,neither,0.040268850094874374,0.39281163065459906,0.5669195192505265
I never get tired of this intro.,neither,0.035555103188162754,0.37356518383442205,0.5908797129774152
Do we have a Gina tonight?,neither,0.03719862756509711,0.31743861002303425,0.6453627624118687
!whodat,neither,0.03945320844208391,0.33037608806864915,0.630170703489267
"GM Eric Campbell ( twitter.com/16BitEric ), with Amy Dallen ( twitter.com/enthusiamy ), Hector Navarro ( twitter.com/Hectorisfunny ), Sam de Leve ( twitter.com/ChaiKovsky ), Aliza Pearl ( twitter.com/AlizaPearl ).",neither,0.03611009252026458,0.46833136219334254,0.49555854528639287
"Also, hello @shidareAKI",neither,0.03945320844208391,0.33037608806864915,0.630170703489267
"@darkofnate No, Gina is away.",neither,0.05372145149379032,0.3112007444250464,0.6350778040811632
"3 YEARS of streaming on Twitch! - Join us this Saturday, March 10th from Noon to Midnight PST for a star-studded marathon of D&D mayhem! More info at: https://geekandsundry.com/join-us-for-our-3-year-twitch-iversary-charity-stream/ - There is 19 hours 49 minutes 55 seconds until the start of the 12 hour stream!",neither,0.053940228128818504,0.30013684054172296,0.6459229313294584
We're all excited!!,neither,0.06482873040089968,0.3830516352799685,0.5521196343191318
Sam? Excited? Nooooo!,neither,0.03945320844208391,0.33037608806864915,0.630170703489267
i was watching star trek enterprise before this,neither,0.03693313928961116,0.373148238442516,0.5899186222678728
no Gina B(((,neither,0.036918905254960256,0.37338982715841207,0.5896912675866277
Sadness...,neither,0.03945320844208391,0.33037608806864915,0.630170703489267
@arisbranwin OMG! That would be AWESOME!!!!(you are talking about the mobile game right?),neither,0.059470749677961586,0.34281237100208806,0.5977168793199502
gandsSubHype gandsSubHype gandsSubHype gandsSubHype gandsSubHype gandsSubHype gandsSubHype gandsSubHype,neither,0.03945320844208391,0.33037608806864915,0.630170703489267
@the_tboyce halloo!,neither,0.03945320844208391,0.33037608806864915,0.630170703489267
Whew...I made it in time to confirm that Sam is excited.,neither,0.044714862313246874,0.366414846727711,0.588870290959042
"Aliza and Hector have haircuts i believe. I would like to paraphrase stewie from family guy. ""Theres something different on the show.... what is this.... I dont like change!"" lol",neither,0.06011448421850756,0.306783619822868,0.6331018959586245
science table vs command table! let the shore leave commence!!!,neither,0.03150840564647261,0.33757996197347834,0.6309116323800491
how do i see the reschedule?,neither,0.04025945106633712,0.306442001621976,0.6532985473116868
"No Bonnie or Gina tonight...try to be strong, Aux Crew! :(",neither,0.04163040458337134,0.3238231421473713,0.6345464532692574
do we know when physical books for rpg come out?,neither,0.026441979986035792,0.3732219472075719,0.6003360728063922
Gina is apparently taking LOTS of pictures with farm animals!,neither,0.03682094196159879,0.35108860060234737,0.6120904574360537
yay! just in time!,neither,0.033517638755841406,0.37378779938700685,0.5926945618571517
@The_TBoyce ayyyyyy,neither,0.03945320844208391,0.33037608806864915,0.630170703489267
!rbschedule,neither,0.03945320844208391,0.33037608806864915,0.630170703489267
Find the unfinished rebroadcast schedule for the weekend here: http://bit.ly/WeekRebroadcast,neither,0.05904738035105781,0.17020024858160615,0.7707523710673361
Yay,neither,0.03945320844208391,0.33037608806864915,0.630170703489267
I guess Mala will just have to spend the whole week sleeping off her hangover.,neither,0.03492693876514596,0.4354814041039441,0.52959165713091
!rbschedule,neither,0.03945320844208391,0.33037608806864915,0.630170703489267
"oh man, so many people missing",neither,0.07449747679717406,0.38279839527374493,0.5427041279290812
!sotauxdiscord,neither,0.03945320844208391,0.33037608806864915,0.630170703489267
USS Sally Ride Aux Crew Discord: https://discord.gg/zxt2TeH,neither,0.03945320844208391,0.33037608806864915,0.630170703489267
ty,neither,0.03945320844208391,0.33037608806864915,0.630170703489267
Mala will be learning the ways of a hairbrush,neither,0.040078157193429005,0.3052047475821763,0.6547170952243948
I love Eric trolling Amy. :D,neither,0.037318467384615625,0.3402440839674433,0.6224374486479409
gg LUL,neither,0.03945320844208391,0.33037608806864915,0.630170703489267
"Oh, and Bonnie too. I'm so observant :(",neither,0.0450003525806653,0.2706353473310501,0.6843643000882846
this should be an interesting game then,neither,0.0501956805956556,0.3206579885085053,0.6291463308958392
"Wow, yikes...skeleton crew.",neither,0.03945320844208391,0.33037608806864915,0.630170703489267
And no Furkin this week,neither,0.03731868665143766,0.29866377820946954,0.6640175351390929
lots of officers on leave rn,neither,0.03740996627658189,0.34011672945246657,0.6224733042709516
!rbroadcast,neither,0.03945320844208391,0.33037608806864915,0.630170703489267
a skeleton crew is never good,neither,0.04263781725394261,0.37140691751838856,0.5859552652276689
so happy to have friday night trek; takes me back to being a kide in the TNG era,neither,0.034424359792920245,0.38141399103472046,0.5841616491723592
LUL This is like a recap episode and reset in a scifi series. LUL,neither,0.04780341639998486,0.31746780596003643,0.6347287776399787
!rbschedule,neither,0.03945320844208391,0.33037608806864915,0.630170703489267
oh yeah not Forkin(or whatever) :(,neither,0.026483912193845046,0.39907029896738655,0.5744457888387685
Find the unfinished rebroadcast schedule for the weekend here: http://bit.ly/WeekRebroadcast,neither,0.05904738035105781,0.17020024858160615,0.7707523710673361
Recap could have trouble getting past censors.,neither,0.03660785339850592,0.3786691889431,0.5847229576583941
Something tells me we might be a bit under par for snortlaughs today,neither,0.031379507495924976,0.32627746270705404,0.642343029797021
!clock,neither,0.03945320844208391,0.33037608806864915,0.630170703489267
It is currently Friday 4:12 PM at the Geek & Sundry studio in California.,neither,0.0518458302893663,0.3295723188359369,0.6185818508746969
I are sad now :(,neither,0.07813345882698036,0.2682003242412024,0.6536662169318171
ship of ship the end of last episode,neither,0.03898988230105136,0.3219972013857822,0.6390129163131665
amy reacts. i'd totally watch that series,neither,0.0403336002709383,0.35530085860421523,0.6043655411248464
!section31,neither,0.03945320844208391,0.33037608806864915,0.630170703489267
<message deleted>,neither,0.03945320844208391,0.33037608806864915,0.630170703489267
So this Intrepid class is running with a minimum crew today,neither,0.035417249057210665,0.36804654316595825,0.5965362077768311
Excuse me...he doesn't have his uniform on correctly? Isn't that some kind of dereliction of duties?,neither,0.040815303584741856,0.3935847516106231,0.565599944804635
"They're docked, they don't even need a skeleton crew.",neither,0.050753476157779344,0.32043041023514246,0.6288161136070782
"wait, did nightbot just punish itself?",neither,0.03520072003082388,0.3503897953987946,0.6144094845703815
Q dont forget Q,neither,0.03945320844208391,0.33037608806864915,0.630170703489267
Kinda?,neither,0.03945320844208391,0.33037608806864915,0.630170703489267
So I no more Shield of Tomorrow after dark?,neither,0.04027098342156535,0.3728019207069246,0.5869270958715099
Section 31 got to it. ;),neither,0.042507129166658275,0.36479309635783524,0.5926997744755065
"@Ossborn maybe, but boy howdy was there quite a fleet of ships last week...",neither,0.037288248096953525,0.3111552435327647,0.6515565083702818
I think it's only on Alpha ?,neither,0.03581725316791917,0.3354109334210912,0.6287718134109896
bluelinnet We don´t talk about what´s between the 30 and the 32 in here....,neither,0.04935619707595553,0.2849596783043665,0.6656841246196779
EleGiggle googlebot did not approve of nightbot protocol,neither,0.03843514251806497,0.3341895587669566,0.6273752987149784
Dot is T'Lan's wingperson,neither,0.04683511566580346,0.32783711167260843,0.625327772661588
HI ALL!!!,neither,0.0423466876598404,0.4436528871510691,0.5140004251890904
I'm so happy to be here,neither,0.1304419693499242,0.32960983150364953,0.5399481991464262
Hi @LibrarianLizz,neither,0.03945320844208391,0.33037608806864915,0.630170703489267
Hi @LibrarianLizz,neither,0.03945320844208391,0.33037608806864915,0.630170703489267
Hey hey,neither,0.03945320844208391,0.33037608806864915,0.630170703489267
@jeffm0307 you're damn right,offensive_language,0.10307524372384361,0.8658041234506765,0.031120632825479923
liz!,neither,0.03945320844208391,0.33037608806864915,0.630170703489267
I think instead of #ShipOfSecrets it should be #ShipOfShips. <3,neither,0.05337292379076184,0.36836829292387274,0.5782587832853654
I have had a DAY,neither,0.03940841426496137,0.3221219253876137,0.638469660347425
Hey @LibrarianLizz,neither,0.03945320844208391,0.33037608806864915,0.630170703489267
Hey @librarianlizz,neither,0.03945320844208391,0.33037608806864915,0.630170703489267
Where is everyone else?,neither,0.04298003515577874,0.40595117621935967,0.5510687886248615
congrats on the heat and internet Liz!,neither,0.03591647884329886,0.29637487233827414,0.6677086488184272
@bluelinnet knows.,neither,0.03945320844208391,0.33037608806864915,0.630170703489267
We have a subscriber-only Discord server! Join here: https://discord.gg/geekandsundry (you'll need to sub and link it to your Twitch) and be a part of the fun!...Warning: It can take up to an hour for the server to update and give you access to the channels,neither,0.08464076273808444,0.286394834032893,0.6289644032290227
oh fucking YES,offensive_language,0.13544687287484886,0.8643882239162255,0.0001649032089255008
@LibrarianLizz Power back on?,neither,0.03592142697644638,0.3474535512036651,0.6166250218198884
I'm just hoping it doesn't get taken away to get someone else powered up,neither,0.03830190588999929,0.36508464318251105,0.5966134509274897
@librarianlizz yaaay welcome back to the land of the connected to the grid,neither,0.048360534367419376,0.2886922337502048,0.6629472318823758
but yes. I have power,neither,0.03538671071127503,0.3505931930092746,0.6140200962794504
