text,top_class,hate_speech,offensive_language,neither
"Not sure if we have a command, but I saw the timechange being menbtioned a few times during the ususal CR comments",neither,0.023343333366988475,0.43317053026185853,0.5434861363711531
gandsSubHype gandsSubHype gandsSubHype gandsSubHype gandsSubHype,neither,0.03945320844208391,0.33037608806864915,0.630170703489267
Hi Trisha and Erika!,neither,0.038358606956405694,0.2721397086643902,0.6895016843792041
jcvimHi Trisha and Erika,neither,0.03763944115734239,0.1918412352459551,0.7705193235967025
Stop toying with our hearts!,neither,0.02909483218520861,0.4384279521318713,0.5324772156829202
HALF LIFE 3 confirmed!!!?,neither,0.03619015677411309,0.38627824462448995,0.5775315986013971
Hi Trisha and EKbot!,neither,0.038358606956405694,0.2721397086643902,0.6895016843792041
Lol,neither,0.020706217963973744,0.4882283491876925,0.4910654328483337
"Damnit, Trish was faster ^^",neither,0.03934460959682105,0.33221929389316135,0.6284360965100175
Amy raid.,neither,0.03945320844208391,0.33037608806864915,0.630170703489267
ENTHUSIARMY RAID!,neither,0.03945320844208391,0.33037608806864915,0.630170703489267
#EnthusArmy RAID,neither,0.03945320844208391,0.33037608806864915,0.630170703489267
Hugs for the hug inclined!!!!,neither,0.03454421066142405,0.2978767114667817,0.6675790778717943
Hugs for the hugs inclined,neither,0.03542907399106771,0.3037356387767809,0.6608352872321515
"no specific command for the timechange that I can see, we always have !clock",neither,0.030883166755090688,0.3757275749358572,0.5933892583090522
Enthusiarmy RAID! Hugs for hug inclined!,neither,0.035591534646860594,0.31107688753341617,0.6533315778197233
@andyinsomnia if I can get moved out to California and find a job with @geekandsundry I would be happy,neither,0.03302219716315743,0.31160894954149515,0.6553688532953474
Welcome Amy and raiders.,neither,0.038822933363010945,0.2991577467117473,0.6620193199252418
enthusiarmy raid!,neither,0.03945320844208391,0.33037608806864915,0.630170703489267
"3-Year Twitch-iversary Stream has ended, we reached just over 10K, but you can still support 826LA, and perhaps if we reach 20K, make Sax get another tatoo! (he already agreed to one at 10K) https://clips.twitch.tv/WonderfulAbrasiveFennelHassaanChop -To help towards that goal, Donate to 826LA! here: streamlabs.com/geekandsundry",neither,0.06852626991585971,0.3506051469510977,0.5808685831330426
Enthusiarmy raid hello!,neither,0.03945320844208391,0.33037608806864915,0.630170703489267
Hugs for the Hug-Inclined!!!,neither,0.03454421066142405,0.2978767114667817,0.6675790778717943
Enthusiarmy RAID! Hugs for the hug inclined!,neither,0.03519761243420562,0.3022028610332387,0.6625995265325556
EnthusiARMY RAID! Hugs for the hug inclined!,neither,0.03519761243420562,0.3022028610332387,0.6625995265325556
#EnthusArmy RAID,neither,0.03945320844208391,0.33037608806864915,0.630170703489267
Greetings Amy and Raiders,neither,0.03874561192742724,0.2949784511471569,0.666275936925416
ENTHUSIARMY RAID,neither,0.03945320844208391,0.33037608806864915,0.630170703489267
Amy Army Raidy,neither,0.03945320844208391,0.33037608806864915,0.630170703489267
#EnthusiArmy raid! Hugs for the hug-inclined!,neither,0.03519761243420562,0.3022028610332387,0.6625995265325556
Game Engine heck yes,neither,0.0389280511170942,0.2990383386797905,0.6620336102031151
JCM HYPE!!!!,neither,0.03945320844208391,0.33037608806864915,0.630170703489267
jcvimHi Amy and the Enthusiarmy,neither,0.03774871432504241,0.2681903135125707,0.6940609721623869
jcvimHi trisha jcvimHi ek,neither,0.03945320844208391,0.33037608806864915,0.630170703489267
gandsLessthanthree gandsLessthanthree gandsLessthanthree,neither,0.03945320844208391,0.33037608806864915,0.630170703489267
Hugs for the hug included,neither,0.03448043533555893,0.2974545368694846,0.6680650277949564
Game Enfine After Dark,neither,0.03871938446120801,0.2849353521094802,0.6763452634293119
Stardew is the reason I'm not getting a lot of gaming done. I'm just digging up artifacts and checking for seashells.,neither,0.032672368022626595,0.3658957945903749,0.6014318373869986
Game Engine...so....Game Exhaust?,neither,0.03832140231452706,0.298657757391815,0.6630208402936579
Game Caboose,neither,0.03874828661588119,0.28697012516936804,0.6742815882147507
Good evening. :),neither,0.03869882722860525,0.3306355543605695,0.6306656184108252
Bonus Levels?,neither,0.03945320844208391,0.33037608806864915,0.630170703489267
"Trish, you were great on the Anniversary stream, I want to see you in more D&D games. <3",neither,0.06219702296270958,0.33879834837486345,0.5990046286624271
Hi @ClassyLibrarian,neither,0.03945320844208391,0.33037608806864915,0.630170703489267
"They'll never confirm Half Life 3, it would ruin the joke",neither,0.03363398652381585,0.37576115574125574,0.5906048577349285
We have a subscriber-only Discord server! Join here: https://discord.gg/geekandsundry (you'll need to sub and link it to your Twitch) and be a part of the fun!...Warning: It can take up to an hour for the server to update and give you access to the channels,neither,0.08464076273808444,0.286394834032893,0.6289644032290227
Those are both real sports term Trish. Good job,neither,0.07151226956514989,0.33207085862624086,0.5964168718086093
is it about handegg or proper football?,neither,0.04356950869577596,0.3516887324672017,0.6047417588370224
EK you look super cool in that badass leather vest rama10 rama10 rama10,neither,0.04900275724529691,0.39333930388856425,0.5576579388661388
resub gandsSubHype gandsSubHype,neither,0.03945320844208391,0.33037608806864915,0.630170703489267
#Continue_the_Game,neither,0.03945320844208391,0.33037608806864915,0.630170703489267
"@triamas, Madden was mentioned so handegg",neither,0.03930376494797434,0.3718184234808719,0.5888778115711538
"Download the new Critical Role theme song for Campaign Two! http://itunes.apple.com/album/id1331550250?ls=1&app=itunes Sales of the song support the musician, Jason Charles Miller.",neither,0.04445767596344001,0.2510827790306858,0.7044595450058742
"Blushell is useless at a traffic light if you arent the 2nd in line, Trish :-P",neither,0.039073726224853,0.38969254162448264,0.5712337321506644
@Andyinsomnia well damnit,neither,0.03945320844208391,0.33037608806864915,0.630170703489267
xD a baby grand piano,neither,0.03945320844208391,0.33037608806864915,0.630170703489267
Omg. I want.,neither,0.03980974414920434,0.32432474663476657,0.6358655092160291
"""You shot 5000 lbs of Buffalo MEat you can carry 2""",neither,0.059031163463341016,0.38166321132048087,0.5593056252161781
why do you want a baby grand piano?,neither,0.043069506750116976,0.3884601989285802,0.5684702943213028
that Oregon Trail thing actually looks pretty good and $25 is very reasonable,neither,0.040570378053639666,0.3295953257000567,0.6298342962463038
You have dysentary.,offensive_language,0.09738836656966704,0.5038998224287745,0.39871181100155845
"Help G&S make great content! $4.99/month gets you emotes, Minecraft server access, sub-only VODs, and more! Every sub keeps the channel alive! twitch.tv/geekandsundry/subscribe",neither,0.043907990691603095,0.31135964332838284,0.644732365980014
"Meh, I'm more excited for the Ghostbusters AR phone game.",neither,0.035526818559231774,0.26428606538186544,0.7001871160589027
"Ugh, not another Pokemon Go clone",neither,0.08015628499672761,0.27497146799674915,0.6448722470065232
LUL TRISHA,neither,0.03945320844208391,0.33037608806864915,0.630170703489267
AR the 2018 mobile trend,neither,0.03866446523013375,0.3159916032197419,0.6453439315501244
Erika xD,neither,0.03945320844208391,0.33037608806864915,0.630170703489267
JSA For best Oregon Trail Streamer!,neither,0.034188337633788445,0.3020769021340031,0.6637347602322085
Erika no we talked about this,neither,0.03664029222899828,0.37811861733104324,0.5852410904399585
This news segment omg,neither,0.03937178692810587,0.3317580236540752,0.6288701894178189
Datajacks for all baby deckers,neither,0.032122995675017085,0.38360823350773304,0.5842687708172499
"kids these days, so sheltered",offensive_language,0.05177634433580731,0.49766837142841536,0.45055528423577723
I ship it.,neither,0.037770165237438216,0.33095496380368705,0.6312748709588748
"Fortunately, no one would ask Erika to watch their children, it would be a bad experience for everyone involved...",neither,0.035459817485818286,0.38358295972805956,0.580957222786122
"Erika is pocket sized and a monster, making her a pocket monster, aka pokemon, Erika = Pokemon confirmed",neither,0.038480426964060954,0.3823579742538341,0.5791615987821048
Someday Erika. Someday.,neither,0.03945320844208391,0.33037608806864915,0.630170703489267
Lol,neither,0.020706217963973744,0.4882283491876925,0.4910654328483337
Yay Geoff!,neither,0.03945320844208391,0.33037608806864915,0.630170703489267
"Yet, Trisha, Yet!",neither,0.03945320844208391,0.33037608806864915,0.630170703489267
You're just afraid of Ivan's son's knife skills,neither,0.06069847004239888,0.3561306524154047,0.5831708775421965
"Yay, Beefachu.",neither,0.03945320844208391,0.33037608806864915,0.630170703489267
ramaPray ramaPray ramaPray ramaPray let them fight,neither,0.03297156679601979,0.36390783085737993,0.6031206023466004
Played by Beefachu!,neither,0.041207042200317096,0.39583904097191963,0.5629539168277633
@Splavik12 -> ONLY HULK CAPSLOCKS [warning],neither,0.03945320844208391,0.33037608806864915,0.630170703489267
BEEFACHU!!,neither,0.03945320844208391,0.33037608806864915,0.630170703489267
Beefachu HYPE!!!!!!,neither,0.03945320844208391,0.33037608806864915,0.630170703489267
"Pikachu, your ears need some starch...",neither,0.06007567065352627,0.33584741278523245,0.6040769165612413
"Fake Pikachu, we all know that @shidareAKI is the real one.",offensive_language,0.036066305214190915,0.551500871541774,0.41243282324403524
Beefachu!!! Hypeee,neither,0.03945320844208391,0.33037608806864915,0.630170703489267
!respect,neither,0.03945320844208391,0.33037608806864915,0.630170703489267
"If you would like to share opinions on our hosts, guests or fellow viewers, please do so in a respectful manner. Don't make them feel uncomfortable.",neither,0.04843323757214918,0.39559142321184637,0.5559753392160044
yaaaaa Beefachu,neither,0.03945320844208391,0.33037608806864915,0.630170703489267
beefachu lvl up it looks like,neither,0.04516244849731828,0.39643053255130845,0.5584070189513732
Here for Stardew pentawLuL,neither,0.1371060309863691,0.20936319760096622,0.6535307714126647
@lefty79 nooo BEEFACHU is my big brother! shidarAKIPiisu shidarAKIPiisu,neither,0.022848892511826507,0.4532985467510283,0.5238525607371451
Beefachu jcvimHype,neither,0.03945320844208391,0.33037608806864915,0.630170703489267
Beefachu no juicing :o,neither,0.036918905254960256,0.37338982715841207,0.5896912675866277
lol Trisha xD,neither,0.020706217963973744,0.4882283491876925,0.4910654328483337
O.o O.o O.o,neither,0.03945320844208391,0.33037608806864915,0.630170703489267
I'll accept that. =),neither,0.03488404110585855,0.3802249258513152,0.5848910330428263
Oh man,neither,0.0497452509521963,0.354443561064239,0.5958111879835646
PokPikachu gandsSubHype,neither,0.03945320844208391,0.33037608806864915,0.630170703489267
Didn't work out well for the Russian team.,neither,0.02284091784675108,0.3401970549429483,0.6369620272103006
more like RoidRage-achu,neither,0.0714038965299214,0.3428782749306524,0.5857178285394262
I'll take a bite of that beefachu,neither,0.035676772631908694,0.37143213383218354,0.5928910935359079
beefachu ramaSquee ramaSquee ramaSquee,neither,0.03945320844208391,0.33037608806864915,0.630170703489267
I'm thinking those rare candies are having a few other unintended side effects,neither,0.06744414645836314,0.281626497815228,0.6509293557264089
I can't even,neither,0.038201313879820654,0.35162400597471505,0.6101746801454643
lol trisha trying not too laugh,neither,0.03049882471608509,0.3946567541928503,0.5748444210910646
Once again... I ship it.,neither,0.03658358479571691,0.3586836476870855,0.6047327675171976
!respect,neither,0.03945320844208391,0.33037608806864915,0.630170703489267
"If you would like to share opinions on our hosts, guests or fellow viewers, please do so in a respectful manner. Don't make them feel uncomfortable.",neither,0.04843323757214918,0.39559142321184637,0.5559753392160044
dr. spaceman?,neither,0.03945320844208391,0.33037608806864915,0.630170703489267
1000 points to Beefachu!!!!,neither,0.04618739794656669,0.3264416148400171,0.6273709872134163
gandsLessthanthree Geoff PokPikachu,neither,0.03945320844208391,0.33037608806864915,0.630170703489267
That's why I go to Doctor Luigi.,neither,0.03090041648038529,0.3906706737028952,0.5784289098167193
"Dr. Mario, you monster!",neither,0.056154956930023744,0.37740976255512754,0.5664352805148487
!mercer,neither,0.03945320844208391,0.33037608806864915,0.630170703489267
"Words from our DM to the Critters: ""Part of playing the game is messing up. Forgetting rules, misinterpreting elements, etc. We're far from paragon players. It's all just part of the fun!"" - Matt Mercer",neither,0.04689742583606043,0.3225910220792228,0.6305115520847168
rama10 rama10 rama10,neither,0.03945320844208391,0.33037608806864915,0.630170703489267
Pleading the 5th.,neither,0.03827813141413388,0.3087027896769399,0.6530190789089262
It nice to see Geoff expanding his GnS visibility,neither,0.06833590269304499,0.32846259661343613,0.6032015006935189
Bring back the 80's! woo-hoo!,neither,0.03884646379200335,0.31936399202945226,0.6417895441785444
What accent is that?,neither,0.05064535142135288,0.368093615111909,0.5812610334667382
"Oh man, returning to the 1980's GTA would make me so happy.",neither,0.040780320253372124,0.37523511680093335,0.5839845629456945
that was actually really good xD,neither,0.034422655296899876,0.3791363194605383,0.5864410252425619
"Where my boy, String? Where Wallace at?",neither,0.03374633089354111,0.36085848915130453,0.6053951799551545
@FuffyButt new york,neither,0.043993638777221754,0.21578564592526434,0.7402207152975139
Only a fool would cross Erika!,neither,0.03887988810123244,0.32557517734680647,0.6355449345519611
That was great.,neither,0.031738606339660885,0.35644657876003094,0.6118148149003082
next gta will likey not come out till next xbox and playstation is out tho,neither,0.035119617258538335,0.34558431255830463,0.6192960701831569
LOL,neither,0.020706217963973744,0.4882283491876925,0.4910654328483337
Grand Theft Auto: Chinatown Wars was surprisingly fun,neither,0.0393870632586639,0.3314987444564596,0.6291141922848765
https://clips.twitch.tv/AggressiveFilthyDonkeyM4xHeh,neither,0.03945320844208391,0.33037608806864915,0.630170703489267
"@cinphoria i live bye New York, that wasn't a NY accent",neither,0.04215251324030455,0.2988045372240677,0.6590429495356277
EA,neither,0.03945320844208391,0.33037608806864915,0.630170703489267
Attempt at Jersey?,neither,0.03870513739263117,0.35314891024816264,0.6081459523592063
Game Engine is so much more snarky since the format change a few weeks ago. And I'm on board with it. :),neither,0.033199724451341346,0.3228936198039457,0.6439066557447131
Give Bluepoint FF7!!!,neither,0.03945320844208391,0.33037608806864915,0.630170703489267
"A Shadow of Titan, making both colossuses and titans look regular-size?",neither,0.0404262207147966,0.299245514290886,0.6603282649943174
@stargazer1977 I encourage Snark!,neither,0.03945320844208391,0.33037608806864915,0.630170703489267
What if Capcom is hiring them for the RE2 remake,neither,0.038054477389519434,0.32725473620851014,0.6346907864019704
Yes if it's good.,neither,0.018107365640407547,0.39961958428091476,0.5822730500786777
idk if ff7 remake is ever coming out lol,neither,0.024224651964362846,0.41700235424161963,0.5587729937940176
I want a remake of Balloon Kid.,neither,0.039335093560300224,0.33238080586779606,0.6282841005719036
There are so many new games coming out that there is literally not enough hours in the day to play them all. There is room for remakes and new games. You don't have to play the remakes if you don't want to. But that doesn't mean its a bad thing.,neither,0.057057593444894736,0.2890230795337071,0.6539193270213982
"All games should be available to everyone, so remakes are good things, but they shouldn't be a company's main focus.",neither,0.05742196928569193,0.4465649401661464,0.4960130905481617
RE 2 would be great.,neither,0.059653274927020036,0.26502218948680195,0.675324535586178
RE2 YUSS,neither,0.03945320844208391,0.33037608806864915,0.630170703489267
I pretty much only want to see a Zelda Windwaker remake for the Switch.... my Gamecube copy had an unpleasant experience with an office cjair leg,neither,0.029515516980307802,0.35212756098123427,0.6183569220384579
Give me new IP. Or another Baten Kaitos game (pls Nintendo...),neither,0.06451396711093797,0.22248619888114793,0.712999834007914
cHair,neither,0.03945320844208391,0.33037608806864915,0.630170703489267
"@shidareAKI Yes, loved that game.",neither,0.03516290113042429,0.3299299413081809,0.6349071575613948
Dark Souls remastered.,neither,0.03945320844208391,0.33037608806864915,0.630170703489267
"@chuckytheclown11 Having announced it, if Squenix doesn't deliver FF7 remake, fans will literally rip the headquarters down with their own hands and feet.",neither,0.034233056951107045,0.33235599112595154,0.6334109519229414
Hi all,neither,0.0423466876598404,0.4436528871510691,0.5140004251890904
Hi @renson_arcalian,neither,0.03945320844208391,0.33037608806864915,0.630170703489267
@danoba you know it?! You’re one of the first people I’ve met who’s familiar,neither,0.06290166994848648,0.4152075105178989,0.5218908195336146
Part of the problem with video games as a medium is it's still so tech dependent. You usually cannot even play an old game. It's worth bringing them back to fill in people's gaming history.,neither,0.06021690847843167,0.3351542381222307,0.6046288533993377
@shidareAKI Had it on the Game Boy.,neither,0.03355775579643899,0.2845151724462462,0.6819270717573148
"@Zismarith not if they say ""Hey we're remaking FF6 instead, you know, the GOOD one""",neither,0.04356029474194138,0.40157041442594915,0.5548692908321095
Where's our HD Number Munchers remake?,neither,0.04075379802740609,0.3083016885373897,0.6509445134352041
like hollywood gaming industry dont wanna do new ips becuse of the risk of them not doing well,neither,0.05396672395998887,0.2822106318588184,0.6638226441811926
jcvimHi,neither,0.03945320844208391,0.33037608806864915,0.630170703489267
I am still eagerly awaiting a ToonStruck 2,neither,0.03841152125588234,0.344952958029183,0.6166355207149347
Shining Force 3,neither,0.03945320844208391,0.33037608806864915,0.630170703489267
And you can't get the PC versions of Silent Hill 2 and 3 legally these days,neither,0.0499543503379362,0.33396946966996505,0.6160761799920987
"I tried playing an old Wing Commander game, and the program that slows down the processor for older games wasn't out yet. It went super fast and I died in like 4 seconds.",neither,0.0360608507552865,0.29005825597075247,0.673880893273961
@danoba me too! Loved it.,neither,0.029792501512308306,0.37990262573962413,0.5903048727480676
Remake of Monkey Island,neither,0.043616037746390585,0.15480285865029417,0.8015811036033152
I could use a remake and update to Birth of the Federation,neither,0.0214818962422948,0.3551405132894456,0.6233775904682597
A horrible Cell Phone port of it.,neither,0.03844204660438358,0.33072387299206957,0.6308340804035467
"3-Year Twitch-iversary Stream has ended, we reached just over 10K, but you can still support 826LA, and perhaps if we reach 20K, make Sax get another tatoo! (he already agreed to one at 10K) https://clips.twitch.tv/WonderfulAbrasiveFennelHassaanChop -To help towards that goal, Donate to 826LA! here: streamlabs.com/geekandsundry",neither,0.06852626991585971,0.3506051469510977,0.5808685831330426
I miss my old D&D dragonlance games on 3.5 and 5.25 floppy disk. Emulators just aren't the same,neither,0.025309983209241223,0.37234003394042076,0.6023499828503381
I'd love to see a decent remake of the old Ultima games. There were some iOS apps that were largely unplayable...,neither,0.03500274162459737,0.3128707171886293,0.6521265411867734
That Crono Trigger port on PC is not worth mentioning.,neither,0.03911703990234968,0.36260100479280444,0.598281955304846
"I'd love to play Ultima series with a new, updated engine, and Utilma Underworlds as well",neither,0.03509005009533982,0.3015598809151254,0.6633500689895349
ZORK online,neither,0.03945320844208391,0.33037608806864915,0.630170703489267
