text,top_class,hate_speech,offensive_language,neither
Hello Darkness,neither,0.03945320844208391,0.33037608806864915,0.630170703489267
My favorite theme song lol,neither,0.02478925645284691,0.45122862798643143,0.5239821155607217
There,neither,0.03938975662112344,0.2339556726221167,0.7266545707567599
"Hi Sax, Hector, Marina and Keller!",neither,0.03870944257742205,0.292987672328244,0.6683028850943339
!whodat,neither,0.03945320844208391,0.33037608806864915,0.630170703489267
"GM Sax Carr ( twitter.com/SaxCarr ), Hector Navarro ( twitter.com/Hectorisfunny ), Keller Knoblock ( twitter.com/KellerKnoblock ), with guest Marina Mastros ( twitter.com/MarinaMastros ).",neither,0.03541619486580181,0.4730016757208791,0.49158212941331914
!whatdat,neither,0.03945320844208391,0.33037608806864915,0.630170703489267
!whodat,neither,0.03945320844208391,0.33037608806864915,0.630170703489267
3 years,neither,0.03945320844208391,0.33037608806864915,0.630170703489267
,neither,0.03945320844208391,0.33037608806864915,0.630170703489267
Always look forward to this show.,neither,0.06184083219716876,0.30761295799598526,0.630546209806846
@Leigh574 Same here!,neither,0.14187967449237004,0.2733123625359359,0.584807962971694
yum! yes,neither,0.03945320844208391,0.33037608806864915,0.630170703489267
thumbs up,offensive_language,0.031680140546704795,0.5091262166492487,0.45919364280404645
Fun fact! I'm allergic to avocados,neither,0.04553755512423808,0.3268107698616682,0.6276516750140938
Movie logic lol,neither,0.03366206754334001,0.34760591467545465,0.6187320177812052
yes,neither,0.03945320844208391,0.33037608806864915,0.630170703489267
Never had advacado,neither,0.03295150684007505,0.3973874221664789,0.5696610709934462
Yes,neither,0.03945320844208391,0.33037608806864915,0.630170703489267
That has to be an option @GeekandSundry Never had them,neither,0.04983878863880163,0.37789251915146427,0.572268692209734
gandsSaxHype gandsSaxHype,neither,0.03945320844208391,0.33037608806864915,0.630170703489267
"Yes, no, what are those?",neither,0.13167770123423625,0.20600542267868488,0.6623168760870788
I love Avocados,neither,0.03217296676969875,0.3657703709031763,0.602056662327125
!poll new Do you like avocados? | Yes | No | What are those? | Sometimes but less than 10%,neither,0.10758741106139524,0.2527263325577271,0.6396862563808777
"Danoba started a new poll: ""Do you like avocados?"" - Head to https://www.strawpoll.me/15272635 to vote!",neither,0.0630078128247207,0.346417249448568,0.5905749377267113
I can't stand avocado's,neither,0.03989351416261495,0.32290295088487453,0.6372035349525105
I'll eat avacados if I have to,neither,0.024357337313075246,0.4029730880482855,0.5726695746386393
Not a fan of a plain avocado. I like guacamole and avocado based foods though,neither,0.04440221169526722,0.31710434770807583,0.6384934405966569
good guac is a crock!,neither,0.057176020302150646,0.32428040037975586,0.6185435793180933
@ThePseudodragon same,neither,0.04148851938089603,0.3488915597363099,0.609619920882794
"i never ate an avocado, but i like guacamole",neither,0.042355220863874235,0.39818199660387654,0.5594627825322492
If it's in a 7 layer dip :p,neither,0.024094892417035347,0.37693860335896534,0.5989665042239993
Sax Carr is good at DM,neither,0.047453611248800244,0.3558128001685242,0.5967335885826756
!whodat,neither,0.03945320844208391,0.33037608806864915,0.630170703489267
"GM Sax Carr ( twitter.com/SaxCarr ), Hector Navarro ( twitter.com/Hectorisfunny ), Keller Knoblock ( twitter.com/KellerKnoblock ), with guest Marina Mastros ( twitter.com/MarinaMastros ).",neither,0.03541619486580181,0.4730016757208791,0.49158212941331914
:(,neither,0.03945320844208391,0.33037608806864915,0.630170703489267
!djwiki,neither,0.03945320844208391,0.33037608806864915,0.630170703489267
"""The Dick and Johnson wikia, the most unsatisfying misclick on the Internet."" -Sax Carr 2017 #PutItInTheWiki http://dickandjohnson.wikia.com/wiki/The_Dick_and_Johnson_Wiki",neither,0.04705533552773973,0.46992134562560794,0.48302331884665234
http://bit.ly/MutatingFriend,neither,0.03645206079592049,0.23049292352815115,0.7330550156759283
Yes to Avocados ... no to Ms. Doubt fire... awful movie... and no to screwing avocados because I'm not the Sun...,neither,0.048523956404869596,0.2944867344409006,0.6569893091542298
Hector Navarro is on Shield of Tomorrow and is Awesome at being a Captain.,neither,0.04372568198369363,0.34337225754752476,0.6129020604687816
!poll results,neither,0.03945320844208391,0.33037608806864915,0.630170703489267
"StrawPoll Results: Yes: 14 votes, No: 7 votes, What are those?: 1 vote, Sometimes but less than 10%: 4 votes - https://www.strawpoll.me/15272635",neither,0.05154911946247859,0.3148560061707823,0.6335948743667391
I'm so glad I've caught this live for my second time watching,neither,0.018464563411063572,0.38811962200766636,0.5934158145812701
,neither,0.03945320844208391,0.33037608806864915,0.630170703489267
yes,neither,0.03945320844208391,0.33037608806864915,0.630170703489267
fresh UHVAHCADOO,neither,0.03945320844208391,0.33037608806864915,0.630170703489267
Hi @shidareAKI,neither,0.03945320844208391,0.33037608806864915,0.630170703489267
"Hi, @shidareAKI",neither,0.03945320844208391,0.33037608806864915,0.630170703489267
Hey @shidareAKI,neither,0.03945320844208391,0.33037608806864915,0.630170703489267
Been ages since I could catch D&J,neither,0.03919864331204893,0.3346967226873918,0.6261046340005593
!highfive Mods,neither,0.03945320844208391,0.33037608806864915,0.630170703489267
shidareAKI reaches up and delivers Mods a crisp high five,neither,0.03487086915675038,0.3916874527896188,0.5734416780536309
gandsCrit VoteYea PJSalt,neither,0.03945320844208391,0.33037608806864915,0.630170703489267
lol,neither,0.020706217963973744,0.4882283491876925,0.4910654328483337
hi @shidareAKI :),neither,0.03945320844208391,0.33037608806864915,0.630170703489267
"Oh yeah, there was like 20 minutes of the transformer Oscar Meyer Weiner mobile",neither,0.03677334686870119,0.3424557378121381,0.6207709153191608
"they are fruits, vegetables are root steam or leaf",neither,0.06755336719998417,0.2822851117020945,0.6501615210979212
Also hey Aki!,neither,0.03945320844208391,0.33037608806864915,0.630170703489267
Hey @shidareAKI :),neither,0.03945320844208391,0.33037608806864915,0.630170703489267
Got in the Carr......?,neither,0.03487577526436836,0.39050058898692985,0.5746236357487017
OhMyDog OhMyDog OhMyDog OhMyDog OhMyDog,neither,0.03945320844208391,0.33037608806864915,0.630170703489267
!pi,neither,0.03945320844208391,0.33037608806864915,0.630170703489267
Here have some delicious Pi: 3.141592653589793,neither,0.07155622660083354,0.31643958191898924,0.6120041914801772
Mmmmmm pi,neither,0.03945320844208391,0.33037608806864915,0.630170703489267
happy pi day,neither,0.04023417877537722,0.3072658275026805,0.6524999937219423
4:20 Pot Hole.,neither,0.03945320844208391,0.33037608806864915,0.630170703489267
I would have preferred that Cat Bus...,neither,0.035815375748709,0.36349228418148055,0.6006923400698104
Giant Dogs with robot dicks.,neither,0.031797417888381384,0.35614038527786024,0.6120621968337583
werent they also being chased by police,neither,0.036991297424488104,0.37785472500824296,0.5851539775672688
red vans are always safe to get into,neither,0.06146602706038456,0.33913888662159186,0.5993950863180236
!pi,neither,0.03945320844208391,0.33037608806864915,0.630170703489267
Here have some delicious Pi: 3.141592653589793,neither,0.07155622660083354,0.31643958191898924,0.6120041914801772
nothing to worry about here,neither,0.09353756716228945,0.35396588706542925,0.5524965457722814
Red vans are better than white vans...,offensive_language,0.32544358842063426,0.4143446309742537,0.2602117806051121
Evil Nick Cage from gone in 60 seconds is driving for Chista fuhre Walken,neither,0.04063738889533465,0.3034841458892177,0.6558784652154476
@shidareAKI yea you don't need to clean up the blood,neither,0.05565222954170185,0.3965641424114197,0.5477836280468785
Red van is for Murder and White van for other things.,neither,0.2412075287451773,0.37778299172841573,0.381009479526407
@bondo___ ...yeah...exactly...,neither,0.02104955010163845,0.4606626879815096,0.518287761916852
@shidareAKI the problem with red vans is given enough time they become non-red due to UV exposure,neither,0.039217234016082986,0.34383469579517334,0.6169480701887436
No one put baby in a corner,neither,0.03790870792002696,0.3718973307553218,0.5901939613246513
She has the powers of a full English breakfast too!,neither,0.05233215593186684,0.36673325204703694,0.5809345920210962
@deathstar_taco yeah rust is not a great color for a car,neither,0.028062560481146755,0.37090272594832857,0.6010347135705246
Last week was hilarious,neither,0.039336990023718245,0.33234861793421705,0.6283143920420646
TREX SMASH,neither,0.03945320844208391,0.33037608806864915,0.630170703489267
they are the elon musk tesla flame throwers,neither,0.06681795137092733,0.2650188389680268,0.6681632096610459
this show is simply the best.,neither,0.061655941117464634,0.23764034900738568,0.7007037098751496
And farts,neither,0.03854442882677734,0.28357035124239044,0.6778852199308323
gandsFail gandsFail gandsFail,neither,0.03945320844208391,0.33037608806864915,0.630170703489267
:D,neither,0.03945320844208391,0.33037608806864915,0.630170703489267
"""Who turned out the lights?!""",neither,0.03494298396132843,0.3900865470122153,0.5749704690264562
gandsFail gandsFail gandsFail,neither,0.03945320844208391,0.33037608806864915,0.630170703489267
YES!,neither,0.03945320844208391,0.33037608806864915,0.630170703489267
gandsLessthanthree gandsHR gandsFail,neither,0.03945320844208391,0.33037608806864915,0.630170703489267
JOHN CHO YES,neither,0.03945320844208391,0.33037608806864915,0.630170703489267
Pegging Cho i,neither,0.03945320844208391,0.33037608806864915,0.630170703489267
Put John Cho in all my shows.,neither,0.03208409852896586,0.448843842818945,0.5190720586520893
!discord,neither,0.03945320844208391,0.33037608806864915,0.630170703489267
!discord,neither,0.03945320844208391,0.33037608806864915,0.630170703489267
We have a subscriber-only Discord server! Join here: https://discord.gg/geekandsundry (you'll need to sub and link it to your Twitch) and be a part of the fun!...Warning: It can take up to an hour for the server to update and give you access to the channels,neither,0.08464076273808444,0.286394834032893,0.6289644032290227
I *need* more John Cho,neither,0.04093080833897767,0.32048645161229966,0.6385827400487227
what about Steven Yeun,neither,0.04358385293276598,0.3552643590151151,0.601151788052119
@fu4ow same.,neither,0.04148851938089603,0.3488915597363099,0.609619920882794
@bastienfils also him,neither,0.039257080183678635,0.33370489646775353,0.6270380233485678
!timer,neither,0.03945320844208391,0.33037608806864915,0.630170703489267
Soon™,neither,0.03945320844208391,0.33037608806864915,0.630170703489267
@bastienfils Both is good,neither,0.05061518964154608,0.32653697089478084,0.6228478394636732
I have to say I’ve watched three different shows lately with their own Asian male lead or support cast and it’s been great.,neither,0.04725221242740927,0.23419574162066178,0.7185520459519288
Daniel Dae Kim got a Hellboy role,neither,0.03841545052838632,0.3676216460241769,0.5939629034474367
I'm so confused,neither,0.0394086540807396,0.39729109553195247,0.5633002503873079
@shidareAKI That sounds awesome. What shows?,neither,0.04055595433035867,0.36200807333115337,0.597435972338488
also Daniel Wu in Tomb Raider,neither,0.03945320844208391,0.33037608806864915,0.630170703489267
We need RPGs like this!,neither,0.04929810301794368,0.3478693587686935,0.6028325382133628
I wouldn't mind a mutation where I can just smell like whatever I want,neither,0.04446643441605596,0.3280790582790081,0.627454507304936
D&j lol why?,neither,0.013437143128541055,0.4613031844042187,0.5252596724672403
Next week: Dick & Johnson Buy New Pants,offensive_language,0.06564889313139813,0.6855204898112581,0.24883061705734372
say goodbye to the eyebrows,neither,0.044811602986726734,0.3119188096695026,0.6432695873437706
better start learning how to draw them on,neither,0.052404263416587604,0.33142173316122875,0.6161740034221836
