text,top_class,hate_speech,offensive_language,neither
"@MisterLoggans It sure does, yeah....",offensive_language,0.013992070422643615,0.5810122993377359,0.40499563023962043
"3-Year Twitch-iversary Stream has ended, we reached $10,087.00! https://clips.twitch.tv/WonderfulAbrasiveFennelHassaanChop",neither,0.03954791720455418,0.32876863319935457,0.6316834495960912
Hello everyone!,neither,0.03269494828970791,0.4450814005079928,0.5222236512022994
What's the other Die Hard name... I could do,neither,0.14187565061350524,0.3450732431906679,0.5130511061958268
Here we go!,neither,0.13156755280784707,0.2765461283225309,0.5918863188696221
YAY!,neither,0.03945320844208391,0.33037608806864915,0.630170703489267
damn hellow viewers!,offensive_language,0.04488105798507942,0.8191309442030206,0.1359879978119
Show!,neither,0.07685697407988158,0.17767316758924298,0.7454698583308754
"Chiefs note suggests compliance, but the music suggests rebellion",neither,0.03663452004029133,0.3258753768806698,0.6374901030790388
Comics Code-r?,neither,0.03945320844208391,0.33037608806864915,0.630170703489267
<3 <3 <3,neither,0.03945320844208391,0.33037608806864915,0.630170703489267
whoot,neither,0.03945320844208391,0.33037608806864915,0.630170703489267
god that startled me,neither,0.024025373119941577,0.45027405167975026,0.5257005752003082
gandsLessthanthree gandsLessthanthree gandsLessthanthree gandsLessthanthree,neither,0.03945320844208391,0.33037608806864915,0.630170703489267
Rip hawking,neither,0.03945320844208391,0.33037608806864915,0.630170703489267
lookat all of us!,neither,0.13190804802476738,0.43106512082578397,0.4370268311494485
I like Good Day to Comics Code best,neither,0.0521256042126484,0.3219642107231612,0.6259101850641903
Huzzah!,neither,0.03945320844208391,0.33037608806864915,0.630170703489267
!twc,neither,0.03945320844208391,0.33037608806864915,0.630170703489267
"Here are some handy The Wednesday Club resources! TWC Reddit: reddit.com/r/WednesdayClub/ | Discord: https://discord.gg/6QK9fVB | Wednesday Club Fanclub on Facebook: facebook.com/groups/1945232949091586/ | Send in your thoughts, comic recommendations, questions, and more to Matt, Amy, and Taliesin at thewednesdayclub@geekandsundry.com",neither,0.05001524745118048,0.31503641584425707,0.6349483367045624
<3 <3 <3,neither,0.03945320844208391,0.33037608806864915,0.630170703489267
Comics Code II: (insert punny subtitle here),neither,0.06192633222654362,0.3103234415337299,0.6277502262397264
HI Y'ALL,neither,0.0423466876598404,0.4436528871510691,0.5140004251890904
<3,neither,0.03945320844208391,0.33037608806864915,0.630170703489267
TOPIC: What sort of things were you forced to leave out of this episode to meet Chief's stringent guide to content and get his seal of approval.,neither,0.06448497924177417,0.32643539369367436,0.6090796270645515
Good! Aside from Ivan giving me a heart attack!,neither,0.03447263031711809,0.34577500150084883,0.619752368182033
woah,neither,0.03945320844208391,0.33037608806864915,0.630170703489267
"this is super entertaining and interesting to watch, but it also makes me realize just how out of my depths I am when it comes to comics, lolyet, here I am, watching Wednesday Club live for the second time",neither,0.04169132031838227,0.37364307318570533,0.5846656064959124
Happy Wednesday!,neither,0.03945320844208391,0.33037608806864915,0.630170703489267
oooh Taliesin has package!,neither,0.039775538131017786,0.3249053120339862,0.635319149834996
Woo!!! <3,neither,0.03945320844208391,0.33037608806864915,0.630170703489267
RIP Matt Key,neither,0.03945320844208391,0.33037608806864915,0.630170703489267
Show happening now,neither,0.05480086293556729,0.25549497296294205,0.6897041641014907
Why is Matt dying?,neither,0.03508133567597082,0.34268109796818097,0.6222375663558483
DAMMIT TALIESIN,neither,0.03945320844208391,0.33037608806864915,0.630170703489267
Neato,neither,0.03945320844208391,0.33037608806864915,0.630170703489267
"This is my first time watching live, been catching up for 3 years now",neither,0.0288265344060425,0.40915992027496884,0.5620135453189887
Key Questions canceld.,neither,0.03945320844208391,0.33037608806864915,0.630170703489267
Yaaaaaasss Daniellee,neither,0.03945320844208391,0.33037608806864915,0.630170703489267
Matt is dying!?,neither,0.047750915656171386,0.3275221260613606,0.6247269582824682
#MattKeyConfirms,neither,0.03945320844208391,0.33037608806864915,0.630170703489267
#SaveKey,neither,0.03945320844208391,0.33037608806864915,0.630170703489267
<3 <3 <3,neither,0.03945320844208391,0.33037608806864915,0.630170703489267
yes 10,neither,0.03945320844208391,0.33037608806864915,0.630170703489267
Nice quote,neither,0.03945320844208391,0.33037608806864915,0.630170703489267
Ha Chief!,neither,0.03945320844208391,0.33037608806864915,0.630170703489267
@Chix_with_Joystix hiya Liz <3,neither,0.03945320844208391,0.33037608806864915,0.630170703489267
send him the Death Coffee,neither,0.04661593062585286,0.17600628643266394,0.7773777829414832
No Matt Key is immortal,neither,0.04624427806054567,0.3408508491877631,0.6129048727516913
Do it Tal,neither,0.039410037166420414,0.33039093664999464,0.6301990261835848
Any tights and fights fans in here?,neither,0.06874163616471834,0.2775729191094813,0.6536854447258004
<3,neither,0.03945320844208391,0.33037608806864915,0.630170703489267
Taliesin Who,offensive_language,0.04159901189299763,0.525362713080101,0.4330382750269014
We have a subscriber-only Discord server! Join here: https://discord.gg/geekandsundry (you'll need to sub and link it to your Twitch) and be a part of the fun!...Warning: It can take up to an hour for the server to update and give you access to the channels,neither,0.08464076273808444,0.286394834032893,0.6289644032290227
omg matts dying??,neither,0.03945320844208391,0.33037608806864915,0.630170703489267
Matt is dying,neither,0.047750915656171386,0.3275221260613606,0.6247269582824682
"He's not dying, he's just bored",neither,0.04308500099894351,0.34835463967411284,0.6085603593269437
Yay for less-well-known Doctor Who references!,neither,0.035577719438740794,0.3498646298216966,0.6145576507395627
Internet rumor: Amy has Borg nanites in her.,neither,0.03319123788962728,0.47885388210020186,0.48795488001017084
Oh hey! It's one of my favorite Conjurer! @GeekandSundry,neither,0.031193277991235346,0.3963200755509099,0.5724866464578546
#RIPMatt,neither,0.03945320844208391,0.33037608806864915,0.630170703489267
"@shidareaki they made a Nick Fury comic 10X more explicit, the Comic Code is not a good judge.",neither,0.043476977829961634,0.31649286080390243,0.640030161366136
#SaveMattKey,neither,0.03945320844208391,0.33037608806864915,0.630170703489267
Oh my god are those rocket raccoon mugs?,neither,0.06572163790766307,0.2805152923177424,0.6537630697745944
"Hi Amy, Danielle, Matt and Taliesin!",neither,0.03890660764905397,0.3035735459107389,0.6575198464402071
Whooooo!!!!,neither,0.03945320844208391,0.33037608806864915,0.630170703489267
"We're all dying, just some are dying more slowly than others.",neither,0.05585952993044433,0.34680722552110543,0.5973332445484502
BAD TAL.,neither,0.03584727802620158,0.33161633289078296,0.6325363890830155
nice Dr Who reference,neither,0.03996806890775541,0.384736777792213,0.5752951533000317
She's lovely!!!,neither,0.04138422084817565,0.4431690256305221,0.5154467535213022
Yay!,neither,0.03945320844208391,0.33037608806864915,0.630170703489267
Happy Pi day,neither,0.04023417877537722,0.3072658275026805,0.6524999937219423
He's dying... of awesomeness!,neither,0.04428043808062319,0.32871578244043187,0.6270037794789449
woo hooo,neither,0.03945320844208391,0.33037608806864915,0.630170703489267
huzzah,neither,0.03945320844208391,0.33037608806864915,0.630170703489267
Mini Vanquished reunion,neither,0.03945320844208391,0.33037608806864915,0.630170703489267
#RemeberMattKey,neither,0.03945320844208391,0.33037608806864915,0.630170703489267
!pi,neither,0.03945320844208391,0.33037608806864915,0.630170703489267
Here have some delicious Pi: 3.141592653589793,neither,0.07155622660083354,0.31643958191898924,0.6120041914801772
Danielle's dress is really pretty,neither,0.04609969158199001,0.3280900577383464,0.6258102506796637
!whodat,neither,0.03945320844208391,0.33037608806864915,0.630170703489267
Danielle always makes a show better!,neither,0.05019512328899299,0.3131539989373968,0.6366508777736102
"Amy Dallen ( twitter.com/enthusiamy ), Taliesin Jaffe ( twitter.com/executivegoth ), and Matt Key ( twitter.com/TheMattKey ), Danielle Radford ( twitter.com/danielleradford ).",neither,0.03839618299110218,0.44776740704583434,0.5138364099630635
Welcome to our special guest!,neither,0.07307489966624403,0.3110944288951536,0.6158306714386025
isnt health just the slowest rate at which you die?,neither,0.13432601235386143,0.23607695212167684,0.6295970355244617
food food battery food?,neither,0.03945320844208391,0.33037608806864915,0.630170703489267
TIGHTS AND FIGHTS!,neither,0.038755050748370795,0.2954940886494036,0.6657508606022257
Matt why are so sit like that?,neither,0.054105034871810245,0.3965746686516004,0.5493202964765894
"Danielle! Birds gotta fly, Stickems' gotta stick!",neither,0.01545524283013359,0.16671302269510788,0.8178317344747587
D A N K M E M E S,neither,0.03945320844208391,0.33037608806864915,0.630170703489267
"Hiiiiiii, welcome to the crew!",neither,0.04556591277581855,0.30960019573051056,0.644833891493671
"Hi Amy, Matt, and Taliesin! Welcome Danielle!",neither,0.03894394613370778,0.30551134206077074,0.6555447118055214
,neither,0.03945320844208391,0.33037608806864915,0.630170703489267
rasslin,neither,0.03945320844208391,0.33037608806864915,0.630170703489267
rama10 rama10 good guest,neither,0.03872947641674942,0.3306250126993298,0.6306455108839208
TIGHTS AND FIIIIGHTS,neither,0.03857111107789432,0.2851340175310554,0.6762948713910502
"""This here blessed internet""",neither,0.0843648588637398,0.2955092574626416,0.6201258836736185
All about dr who references. Moar plz senpai,neither,0.039996345531459136,0.4508552974810475,0.5091483569874934
Matt I look up to you!Represent coffee drinkers everywhere!Own iT,neither,0.07883152916277708,0.27963683335138756,0.6415316374858353
"Download the new Critical Role theme song for Campaign Two! http://itunes.apple.com/album/id1331550250?ls=1&app=itunes Sales of the song support the musician, Jason Charles Miller.",neither,0.04445767596344001,0.2510827790306858,0.7044595450058742
ITS THE PERFECT WRESTLING PODCAST,neither,0.033158086871998074,0.31724245319989663,0.6495994599281053
The Powa Group,neither,0.03816137477719709,0.30646044449032755,0.6553781807324752
MATT DON'T DIE! :P You have questions to answer!,neither,0.18415610080772876,0.20283892059861167,0.6130049785936595
"Taliesin, loving your Doctor reference, I'm writing a speech on him right now",neither,0.05233544404940349,0.34508401008328266,0.6025805458673139
hrpgValiant hrpgValiant hrpgValiant hrpgValiant,neither,0.03945320844208391,0.33037608806864915,0.630170703489267
oh my Amy is having an affair and Matt is dying!,neither,0.0436610608289162,0.32125969167240037,0.6350792474986835
TOO ADORABLE!,neither,0.03912950366847959,0.3358702028788548,0.6250002934526657
Twitter #mattisdying,offensive_language,0.038406706191623896,0.5923891351514252,0.3692041586569509
matt becomes more like the bird he is with that sitting position,neither,0.009366351964414774,0.15565819126397928,0.8349754567716059
I need a wrestling podcast that updates more regularly than Sidewalk Slam. Not that I watch wrestling.,neither,0.03830907936195949,0.36562759901935593,0.5960633216186845
@jeffm0307 da powah grup,offensive_language,0.15114814935983525,0.6045263659867909,0.24432548465337384
gandsSubHype gandsSubHype gandsSubHype,neither,0.03945320844208391,0.33037608806864915,0.630170703489267
this is the soap opera episode,neither,0.04588646935150616,0.31472953634026585,0.639383994308228
Da Powah Group!,offensive_language,0.0892718310946693,0.4907671328883294,0.41996103601700135
Awww Matt,neither,0.03945320844208391,0.33037608806864915,0.630170703489267
hrpgValiant hrpgValiant hrpgValiant hrpgValiant hrpgValiant hrpgValiant hrpgValiant,neither,0.03945320844208391,0.33037608806864915,0.630170703489267
Bidet everyone Talks is in how many minutes ?,neither,0.04043773896991467,0.40839584065032236,0.5511664203797629
Amy is the most lovely,neither,0.04537548498523573,0.3147329154919523,0.6398915995228119
Amy needs to catch on to the Tal plan to invite all his friends to GnS,neither,0.06771577182570672,0.35413833784522114,0.578145890329072
Nice nails Tal!,neither,0.03945320844208391,0.33037608806864915,0.630170703489267
#nailbonding,neither,0.03945320844208391,0.33037608806864915,0.630170703489267
hrpgValiant hrpgValiant hrpgValiant,neither,0.03945320844208391,0.33037608806864915,0.630170703489267
+ energy is awesome,neither,0.04782325045439623,0.3274972468072953,0.6246795027383085
Danielle is the best person on Screen Junkies~,neither,0.041716943536530514,0.3212158743305646,0.637067182132905
There is always time fore nails,neither,0.044158907917650085,0.35705000840508344,0.5987910836772665
THE MUG!,neither,0.03843498882663835,0.31168514531390124,0.6498798658594604
!clock @hallifaxx,neither,0.03945320844208391,0.33037608806864915,0.630170703489267
It is currently Wednesday 7:04 PM at the Geek & Sundry studio in California.,neither,0.0521166184383263,0.3295454606199628,0.6183379209417109
"@hallifaxx wrong day love, talks was yesterday",neither,0.03740095511441314,0.3308749144691049,0.631724130416482
Amy has awesome mug!,neither,0.03974487147284439,0.325425805256789,0.6348293232703667
SOMEONE GET THAT MAN SOME ICE!!!,neither,0.028014645169796903,0.4535661166623971,0.5184192381678061
Oooooh,neither,0.03945320844208391,0.33037608806864915,0.630170703489267
"Help G&S make great content! $4.99/month gets you emotes, Minecraft server access, sub-only VODs, and more! Every sub keeps the channel alive! twitch.tv/geekandsundry/subscribe",neither,0.043907990691603095,0.31135964332838284,0.644732365980014
Ohhhhh,neither,0.03945320844208391,0.33037608806864915,0.630170703489267
omg! Amy's mug,neither,0.03945320844208391,0.33037608806864915,0.630170703489267
Fancy,neither,0.03945320844208391,0.33037608806864915,0.630170703489267
OOOOOOO,neither,0.03945320844208391,0.33037608806864915,0.630170703489267
Amy Dallen is amazing Dungeon Master.,neither,0.0459269268063059,0.328149479466937,0.6259235937267571
"This is true, Danielle! <3",neither,0.04708605760384044,0.3292092839353483,0.6237046584608114
Hypercolor,neither,0.03945320844208391,0.33037608806864915,0.630170703489267
"lol, mood nails",neither,0.03210195666274136,0.38342491397919637,0.5844731293580623
@hallifaxx it was yesterday,neither,0.0374095897913312,0.3337718720825748,0.6288185381260939
I need that mug. I need it now.,neither,0.03515985109743258,0.360826835888714,0.6040133130138533
Taliesin has mood hair,neither,0.0398736534234112,0.3232400394615612,0.6368863071150276
Taliesin has mood nails omg,neither,0.03979162101859438,0.3246323434588194,0.6355760355225863
Ty 😘,neither,0.03945320844208391,0.33037608806864915,0.630170703489267
That is very true Amy,neither,0.04268408765045205,0.3630927487937063,0.5942231635558417
that is SO freaking cool,neither,0.043011938106449425,0.4097853618659976,0.547202700027553
Mr. Jaffe's Underdark,neither,0.03945320844208391,0.33037608806864915,0.630170703489267
Somebody touch the thermostat!,neither,0.038434597444535576,0.31167774469679554,0.649887657858669
OOOOH,neither,0.03945320844208391,0.33037608806864915,0.630170703489267
I LOVE IT,neither,0.030831260484157012,0.3601344986151421,0.609034240900701
@shidareAKI Thea beautiful fan-made Rainbow one?,neither,0.03889110421049196,0.3510561243524543,0.6100527714370538
heck yeah,neither,0.023144578457473645,0.4440631255406231,0.5327922960019034
"BOOM, Amy with the direct hit",neither,0.03137660999947998,0.34445300088482406,0.624170389115696
Nice!,neither,0.03945320844208391,0.33037608806864915,0.630170703489267
Hypercolor!,neither,0.03945320844208391,0.33037608806864915,0.630170703489267
That is AMAZING,neither,0.04468338400483953,0.38105317870292815,0.5742634372922323
Sweet!,neither,0.03945320844208391,0.33037608806864915,0.630170703489267
oh that's BEAUTIFUL,neither,0.04091191627037222,0.3202329362186151,0.6388551475110128
Science Amy,neither,0.03945320844208391,0.33037608806864915,0.630170703489267
Cool very nice,neither,0.03945320844208391,0.33037608806864915,0.630170703489267
"Ohhh, pretty",neither,0.03945320844208391,0.33037608806864915,0.630170703489267
That's cool. I think I have some of that somewhere/,neither,0.027392565486847823,0.4092453854457732,0.5633620490673791
@japenrose yes,neither,0.03945320844208391,0.33037608806864915,0.630170703489267
WHAT,neither,0.057770773616808734,0.3180719994247239,0.6241572269584672
"Danielle's character in Vanquished could bring drawings to life, but they're awful drawings. Especially Stickem, a knife with eyes and legs and a mouth that tries to talk you into using it on someone.",neither,0.035918691951939086,0.3787590257718991,0.5853222822761618
"Okay, everybody drink every time, mcarthyism, massacre of the innocent or Federal investigation",neither,0.03822436021331227,0.33223721182113924,0.6295384279655485
they are called thermochromic,neither,0.08587939102288997,0.25879147501164484,0.6553291339654652
Hey folks!,neither,0.03945320844208391,0.33037608806864915,0.630170703489267
"Magnets, that's how they work",neither,0.03600776282332299,0.36777689420147075,0.5962153429752063
gets mentioned,neither,0.03945320844208391,0.33037608806864915,0.630170703489267
TOPIC: Danielle has the ability to give a wrestler super powers. Which wrestler and what power is bestowed upon them? :),neither,0.05202807161821032,0.3004579859228063,0.6475139424589833
i love this show so much,neither,0.04798001537335284,0.3122537792619416,0.6397662053647055
@shidareAKI It's soooo amazing!,neither,0.03800301958576581,0.3308748745156207,0.6311221058986135
are taliesin's nails polished or wrapped?,neither,0.06217865395319212,0.2900997922741482,0.6477215537726596
Nail parties this is amazing,neither,0.04580322101784938,0.32942282833290665,0.6247739506492439
"Hello, @JodyHouser",neither,0.03945320844208391,0.33037608806864915,0.630170703489267
Hello Jody!,neither,0.03945320844208391,0.33037608806864915,0.630170703489267
"Taliesin, never go full Insane Clown Posse.",neither,0.05189555349894972,0.36064124373586054,0.5874632027651897
!whodat,neither,0.03945320844208391,0.33037608806864915,0.630170703489267
stickem gotta stick,neither,0.0371491520002455,0.36948193899479936,0.5933689090049552
@super390 that's TERRIFYING,neither,0.0349751205147877,0.3792120518198444,0.5858128276653679
"Amy Dallen ( twitter.com/enthusiamy ), Taliesin Jaffe ( twitter.com/executivegoth ), and Matt Key ( twitter.com/TheMattKey ), Danielle Radford ( twitter.com/danielleradford ).",neither,0.03839618299110218,0.44776740704583434,0.5138364099630635
I have blue fingernails like half of the time... no polish required.,neither,0.04357741154344652,0.3558350588260697,0.6005875296304838
Hey Wednesdaisies! :D,neither,0.03945320844208391,0.33037608806864915,0.630170703489267
@super390 Stick'em gotta stick,neither,0.03818380782983524,0.3519211293301174,0.6098950628400475
Hi @JodyHouser,neither,0.03945320844208391,0.33037608806864915,0.630170703489267
The lacquer has metallic pigments that react to magnetism,neither,0.041023904558457516,0.3416310701279922,0.6173450253135504
fred rogers was down with clowns,neither,0.032215809972246184,0.3556777391636714,0.6121064508640823
"@JodyHouser Hello, milady! :D",neither,0.03945320844208391,0.33037608806864915,0.630170703489267
@JodyHouser Hi Jody!,neither,0.03945320844208391,0.33037608806864915,0.630170703489267
Mr.Rodger's Insane Clown Posse?,neither,0.03945320844208391,0.33037608806864915,0.630170703489267
ICP,neither,0.03945320844208391,0.33037608806864915,0.630170703489267
Hi Jody!,neither,0.03945320844208391,0.33037608806864915,0.630170703489267
stsHello @JodyHouser !,neither,0.03945320844208391,0.33037608806864915,0.630170703489267
Evening @JodyHouser !,neither,0.03945320844208391,0.33037608806864915,0.630170703489267
@jodyhouser our nemesis has arrived! Hello best nemesis ever.,neither,0.03921274242202431,0.32368346094265327,0.6371037966353225
!twc,neither,0.03945320844208391,0.33037608806864915,0.630170703489267
"Here are some handy The Wednesday Club resources! TWC Reddit: reddit.com/r/WednesdayClub/ | Discord: https://discord.gg/6QK9fVB | Wednesday Club Fanclub on Facebook: facebook.com/groups/1945232949091586/ | Send in your thoughts, comic recommendations, questions, and more to Matt, Amy, and Taliesin at thewednesdayclub@geekandsundry.com",neither,0.05001524745118048,0.31503641584425707,0.6349483367045624
Writing some comics while they talk about comics!,neither,0.026587769564966588,0.35345510421160736,0.619957126223426
gandsSubHype gandsSubHype gandsSubHype gandsSubHype gandsSubHype gandsSubHype gandsSubHype gandsSubHype,neither,0.03945320844208391,0.33037608806864915,0.630170703489267
Know the code,neither,0.038378376730606664,0.31061259117065926,0.6510090320987342
Moar comics code,neither,0.03945320844208391,0.33037608806864915,0.630170703489267
Weeeeeee,neither,0.03945320844208391,0.33037608806864915,0.630170703489267
Code 2!,neither,0.03945320844208391,0.33037608806864915,0.630170703489267
Mr. Roger's Gathering Of The Juggalos,neither,0.03863842721337068,0.31550612416181756,0.6458554486248117
"Same Danielle, same",neither,0.040928776161194454,0.3438109214932172,0.6152603023455884
I wanna go to a party with Danielle now!!!,neither,0.03591602037513224,0.36041640906944944,0.6036675705554183
Hello dark overlord,neither,0.03945320844208391,0.33037608806864915,0.630170703489267
!whodat,neither,0.03945320844208391,0.33037608806864915,0.630170703489267
"Amy Dallen ( twitter.com/enthusiamy ), Taliesin Jaffe ( twitter.com/executivegoth ), and Matt Key ( twitter.com/TheMattKey ), Danielle Radford ( twitter.com/danielleradford ).",neither,0.03839618299110218,0.44776740704583434,0.5138364099630635
Hey @JodyHouser,neither,0.03945320844208391,0.33037608806864915,0.630170703489267
Hi?,neither,0.03945320844208391,0.33037608806864915,0.630170703489267
What about Gather Your Parties?,neither,0.06953290781397141,0.34141353624507614,0.5890535559409523
The code?,neither,0.03826739049100925,0.3084973326782542,0.6532352768307366
"Hey, it's just a different form of comics ;) ;)",neither,0.0353930724243872,0.3453345016355631,0.6192724259400497
Know the Code. Live The Code. Burn the Code.,neither,0.042697464073786495,0.2667383103003419,0.6905642256258717
I would throw a party just for her to come talk,offensive_language,0.01730631217444165,0.49756803470012617,0.48512565312543227
Come down from the moon Amy!,neither,0.03834475365528797,0.32479974268631223,0.6368555036583997
"""Comedians in the wild"" lmao",neither,0.037213992963703355,0.3316004582258809,0.6311855488104158
TriHard 7,neither,0.03945320844208391,0.33037608806864915,0.630170703489267
@JodyHouser you were very wonderful on the Anniversary stream. More Jody in D&D will always be welcome. :),neither,0.04614865932703143,0.3524193386772029,0.6014320019957656
Comics Code: Veronica X,neither,0.03945320844208391,0.33037608806864915,0.630170703489267
comedians in the wild: narrated by john mulany,neither,0.03961843804891256,0.35758909496447544,0.6027924669866119
Oh hey @JodyHouser Glad to have you here!,neither,0.14020523317897735,0.28474932884479254,0.5750454379762302
Has Alicia Malone been at one of these said parties?,neither,0.04359965169749218,0.4078416506379618,0.548558697664546
@JodyHouser Also congrats on your panel at Wondercon!,neither,0.05850802547831621,0.35299533946210304,0.5884966350595806
Red menace,neither,0.039276003039334144,0.3288921928404312,0.6318318041202345
#BillGainesWasRight,neither,0.03945320844208391,0.33037608806864915,0.630170703489267
gotta love the drinking game,neither,0.03389802366167157,0.316716751022769,0.6493852253155593
"A drinking game? Wait, is that code approved?",neither,0.0415831976400859,0.32800802273989477,0.6304087796200194
is that why i see mercer retweeting seanbaby and laugh myself silly when he does,neither,0.02418008096296921,0.43946601457597806,0.5363539044610529
Gay stuff?,neither,0.3798696524226653,0.138782131013047,0.48134821656428767
80s rock band mccarthy,neither,0.03945320844208391,0.33037608806864915,0.630170703489267
I'm always up for more D&D! I've only played 10 sessions total!,neither,0.021645130595902458,0.35560901576060305,0.6227458536434946
<3,neither,0.03945320844208391,0.33037608806864915,0.630170703489267
lol chief,neither,0.029869404313338878,0.4015213065569965,0.5686092891296647
TriHard 7,neither,0.03945320844208391,0.33037608806864915,0.630170703489267
It’s too early for me to be drinking,neither,0.03316013292193693,0.31944335244613464,0.6473965146319284
what goood art,neither,0.044293118110888485,0.32689347635844035,0.6288134055306712
no no Taliesin! You're hacking the code!,neither,0.07470995382958022,0.3538254847969897,0.5714645613734302
Code Slash Fic,neither,0.03945320844208391,0.33037608806864915,0.630170703489267
@JodyHouser you have a real knack for it.,offensive_language,0.03707470655380761,0.5320488015355717,0.43087649191062066
"Breakin' The Code, Breakin' the Code!",neither,0.03826739049100925,0.3084973326782542,0.6532352768307366
@JodyHouser more DnD for Jody!,neither,0.036031450013083256,0.29923594578631013,0.6647326042006066
!uptime,neither,0.03945320844208391,0.33037608806864915,0.630170703489267
I slash the code with the DMCA,neither,0.029173504604332372,0.3346618735688585,0.6361646218268091
YAY KEN NGUYEN!,neither,0.03945320844208391,0.33037608806864915,0.630170703489267
Oh my word,neither,0.030623903740390156,0.38031295566480583,0.5890631405948039
Taliesin Tennant is on a roll.,neither,0.046607013787948945,0.3453998292205973,0.6079931569914537
"I am off work tomorrow., not driving anywhere. I can be responsibly irresponsible",neither,0.03890138026385122,0.3332533343757311,0.6278452853604176
Taliesin has plans? never,neither,0.035455016699180456,0.36810153205254975,0.5964434512482698
@giljaxon HIIIIII,neither,0.03945320844208391,0.33037608806864915,0.630170703489267
that mug is the size of amy's head,neither,0.040241858613054994,0.36328985214016146,0.5964682892467836
"I wanted that coffee mug the last time we saw it, and I still want one.",neither,0.039286805927849756,0.2606690807937485,0.7000441132784017
tal's nails are so awesome btw,neither,0.05604800935668149,0.329613648526748,0.6143383421165706
THE GREATEST OF MUGS,neither,0.03867332708158329,0.3161566558222506,0.6451700170961662
One mug to rule them all,neither,0.05871059189389133,0.4049538952392254,0.5363355128668834
... That mug is the size of Amy's face.,neither,0.04138146544753166,0.3453129075407026,0.6133056270117657
How many codes can a comic code code should a comic code code comic codes,neither,0.0431204913521597,0.3393706307264523,0.6175088779213881
Taliesin has matt hair,neither,0.03986041990668926,0.32346464677705905,0.6366749333162517
I WANT,neither,0.04006735011429477,0.3199525011091858,0.6399801487765195
One mug to lead them all...,neither,0.05892798155511921,0.40568819455278404,0.5353838238920966
I WANT A WEDNESDAY CLUB MUG!!!!,neither,0.03963293223324123,0.3273257062909907,0.6330413614757682
Amy is never gonna share that mug,neither,0.03842149066773707,0.41231015341276667,0.5492683559194963
@emmaleficent hello friend,neither,0.03945320844208391,0.33037608806864915,0.630170703489267
haHAA,neither,0.03945320844208391,0.33037608806864915,0.630170703489267
"Marvel abandoned the Code for an X-book, right?",neither,0.03435226369689759,0.30807688785427834,0.6575708484488241
"speaking of the 3rd anniversary show, is there any way to watch it other than on twitch VOD?",neither,0.05524524869960298,0.27055964199383065,0.6741951093065663
Put that mug in the store!,neither,0.05634036007823909,0.3432601261760646,0.6003995137456963
"Hey hosts, can we get that mug in merch?!",neither,0.03655062490603881,0.36348100593386257,0.5999683691600987
Only Amy is worthy!,neither,0.046210554777242355,0.32805192680180045,0.6257375184209572
All hosts Are Worthy,neither,0.07395623407967998,0.3579103073965474,0.5681334585237725
@coinjarcosplay -> ONLY HULK CAPSLOCKS [warning],neither,0.03945320844208391,0.33037608806864915,0.630170703489267
......,neither,0.03945320844208391,0.33037608806864915,0.630170703489267
My cat is up to something and I'm afraid to get up and look,neither,0.040750624044552805,0.39669798355960123,0.562551392395846
Mjugnir?,neither,0.03945320844208391,0.33037608806864915,0.630170703489267
G&S mug is very cool,neither,0.04646311183322299,0.3279650608490927,0.6255718273176842
Ps there’s a ton of marvel collected editions on comiXology for a dollar this week.,neither,0.03393030445669589,0.2948905125800369,0.6711791829632673
Top o' the show,neither,0.059666310592114746,0.20940749596090036,0.7309261934469848
Sorry mods,neither,0.03945320844208391,0.33037608806864915,0.630170703489267
!points @vexelghost,neither,0.03945320844208391,0.33037608806864915,0.630170703489267
"That was an excellent pun, @vexelghost! Here, have some points for that one! You have been awarded 87 points!",neither,0.049980789310414435,0.3817775744187309,0.5682416362708548
GIFTS! :D,neither,0.03945320844208391,0.33037608806864915,0.630170703489267
What can we get NO prizes for? I want another one...,neither,0.08124621637119699,0.275277397670098,0.643476385958705
Taliesin squee!,neither,0.03945320844208391,0.33037608806864915,0.630170703489267
Mjoinir i miss thee,neither,0.03205513723056772,0.3329206240013025,0.6350242387681299
@vexelghost I was just about to type that.,neither,0.035078089033936964,0.42622227665573587,0.5386996343103271
"@coinjarcosplay It was auto-done by Nightbot, no worries!",neither,0.038004846154472714,0.38447245307526395,0.5775227007702632
"Oh. I thought she said ""topless show""... Kinda wondered what the hell I stumbled into.",offensive_language,0.061022843442498594,0.4800036813652883,0.4589734751922131
Marvel famously first defied the code for an anti-drug Spiderman commissioned by the US government.,neither,0.04760396403536907,0.3165448367138021,0.6358511992508289
NEMI ! Yaaaay,neither,0.03945320844208391,0.33037608806864915,0.630170703489267
QUESTION: is it fair if we dub the new mug the Bi-Frost-y mug,neither,0.03465320956811885,0.303512036613732,0.6618347538181493
It's Wednesdaisymas!,neither,0.034373745257138544,0.33212314837979673,0.6335031063630647
Tell us what it is.,neither,0.12788498572097257,0.30509496127522867,0.5670200530037987
OH I KNOW THIS ONE,neither,0.04541598084041062,0.30778312158544147,0.6468008975741479
She's *awesome*,neither,0.04155404625676914,0.45236060237668063,0.5060853513665502
OOOOOOOOOOO,neither,0.03945320844208391,0.33037608806864915,0.630170703489267
why is that familiar,neither,0.030710549375172203,0.3890142823190411,0.5802751683057866
It's the Satine comic!,neither,0.03324079787543189,0.28729122359747633,0.6794679785270917
I want it,neither,0.03693847881756577,0.3228418168721069,0.6402197043103274
The rainbow Wednesday mug only to be weilded by a soul worthy enough to have.......... The seat.,neither,0.04544285320654971,0.3375398619826526,0.6170172848107978
The rune of awe!,neither,0.03868460507297749,0.3163665805096535,0.6449488144173691
That looks fun.,neither,0.034700210538605905,0.3822712683319751,0.5830285211294189
@vantwinblade Great minds... :),neither,0.0374462170737894,0.30358903599427284,0.6589647469319377
Nice!,neither,0.03945320844208391,0.33037608806864915,0.630170703489267
How does someone send them stuff?,neither,0.036420250204438905,0.4329917660926574,0.5305879837029037
especially if you put a nice beer in it,neither,0.03351404825320337,0.4168325508074483,0.5496534009393483
oh Chaos kids,neither,0.04435017112295581,0.28360252878983716,0.672047300087207
Who sent this one?,neither,0.03907085993452771,0.445511620349559,0.5154175197159134
that looks SO GOOD,neither,0.03366064714183378,0.4423414939147073,0.523997858943459
that looks awesome,neither,0.03514854707832469,0.37728526826500763,0.5875661846566677
Awesome!,neither,0.03945320844208391,0.33037608806864915,0.630170703489267
Nemi is such a classic here,neither,0.10919118776995176,0.2799071313773181,0.61090168085273
Awesome,neither,0.03945320844208391,0.33037608806864915,0.630170703489267
#ExcitingBelly,neither,0.03945320844208391,0.33037608806864915,0.630170703489267
lies taliesin your belly is VERY amazing! ;),neither,0.07086236201526212,0.321060610944883,0.6080770270398548
"""Hi Vesper"" xD",neither,0.03945320844208391,0.33037608806864915,0.630170703489267
Amy is not awkward! She is delightful!,neither,0.05334289055155822,0.39635736896019774,0.550299740488244
!twc,neither,0.03945320844208391,0.33037608806864915,0.630170703489267
"Here are some handy The Wednesday Club resources! TWC Reddit: reddit.com/r/WednesdayClub/ | Discord: https://discord.gg/6QK9fVB | Wednesday Club Fanclub on Facebook: facebook.com/groups/1945232949091586/ | Send in your thoughts, comic recommendations, questions, and more to Matt, Amy, and Taliesin at thewednesdayclub@geekandsundry.com",neither,0.05001524745118048,0.31503641584425707,0.6349483367045624
Hi Vesper,neither,0.03945320844208391,0.33037608806864915,0.630170703489267
if you're here,neither,0.1723551190897072,0.3674109689185532,0.4602339119917396
Hi Vesper!,neither,0.03945320844208391,0.33037608806864915,0.630170703489267
What about his lovely wife Brittney?,neither,0.0692523164859038,0.3521923086720997,0.5785553748419964
Hi Vesper if you're here :),neither,0.12152347365860838,0.3627343333967508,0.5157421929446407
Who called Amy awkward? >: O,neither,0.03996206899160468,0.3841599013640185,0.5758780296443767
there are comics in your comics!,neither,0.07369837494207138,0.27487242490816977,0.6514292001497588
comic-ception!,neither,0.03945320844208391,0.33037608806864915,0.630170703489267
<3 <3 <3,neither,0.03945320844208391,0.33037608806864915,0.630170703489267
That looks amazing. oh my god,neither,0.03039452393494016,0.3993877862397198,0.57021768982534
... THERE'S ACCURATE CHINESE IN THERE,neither,0.039367865316952196,0.26762952979232807,0.6930026048907197
how prescient,neither,0.03945320844208391,0.33037608806864915,0.630170703489267
@beetelgeuser amy did,neither,0.03945320844208391,0.33037608806864915,0.630170703489267
ooh nice transition,neither,0.03945320844208391,0.33037608806864915,0.630170703489267
Amy called herself awkward. I completely disagree!,neither,0.03945320844208391,0.33037608806864915,0.630170703489267
@phoenixgoth what?! I missed it,neither,0.044619245190752055,0.3259269214125998,0.6294538333966482
LMAO,neither,0.03705015143476208,0.3711622369619404,0.5917876116032975
Nemi is now on my to read list,neither,0.03809664685664819,0.4142643943602603,0.5476389587830914
"my stream keep stuttering,",neither,0.027954770656494037,0.4202017280591837,0.5518435012843222
so is this show all about comics,neither,0.06269177082711741,0.3898876167200194,0.5474206124528632
Talesin has drawn in the others,neither,0.03888356262853808,0.30401173768732,0.657104699684142
I'll kick her arse... snort,offensive_language,0.0328177591994739,0.48610088097837684,0.4810813598221491
"speaking as a Gates, we are often right :P",neither,0.05416168192625115,0.3373363924631036,0.6085019256106453
CBLDF!,neither,0.03945320844208391,0.33037608806864915,0.630170703489267
i have never watched,neither,0.03421388465517049,0.388183762233466,0.5776023531113635
"It was ""gong xi fa cai"", I saw it!",neither,0.03357401820863121,0.398412967633056,0.5680130141583127
Lol Percy elder Sister Vesper.,neither,0.03365474790637463,0.37142096870975644,0.5949242833838689
yessss Bill Gaines shirt!,neither,0.03945320844208391,0.33037608806864915,0.630170703489267
I want that shirt,neither,0.034762024265033976,0.3797452454589942,0.5854927302759718
Check them out at major comic conventions!,neither,0.046844155868251997,0.3615481477071032,0.5916076964246448
"Tonight, on Drunken Wednesday Club.",neither,0.03544861784580733,0.3232887384891789,0.6412626436650137
"@RuzgofDI The best crossover ever, that would be",neither,0.03343840538304424,0.34915825314155985,0.617403341475396
I wish that t-shirt was available in ladies' sizes. I need more geeky tees.,neither,0.038146592548383124,0.3484053492304208,0.6134480582211961
Comic Book Legal Defense Fund: http://cbldf.org/,neither,0.03707193766695099,0.25353029270704047,0.7093977696260085
are we in the lettes column rn?,neither,0.05957585765096117,0.28130714091936126,0.6591170014296776
Bill Gains = Bill Gates at the gym?,neither,0.0384355889537551,0.33480798122531846,0.6267564298209264
I love Wednesdaisy gifts,neither,0.03633489270100109,0.3449275588628445,0.6187375484361545
inb4 people send them astronaut ice cream,neither,0.06808716410738859,0.32328378009868186,0.6086290557939296
"What have I been doing that I am just now watching this, its great already",neither,0.031147093051724643,0.3736883608310403,0.5951645461172351
Astronaut Ice cream is not eaten in space. It is a LIE!,neither,0.04691201873041867,0.330276954621424,0.6228110266481574
"Quick, Daisies, let's find a way to send them astronaut ice cream.",neither,0.042888280346146564,0.2875573718458738,0.6695543478079796
Drunk comic book history on Wednesday club NEEDS TO HAPPEN,neither,0.04153723972291829,0.33606283065153125,0.6223999296255504
Astronaut ice cream is always exciting,neither,0.043419146659656356,0.36467929163744967,0.591901561702894
<3 Astronaut ice cream.,neither,0.03945320844208391,0.33037608806864915,0.630170703489267
how do we send physical comics to The Wednesday Club?,neither,0.043559612667325415,0.31976247637005295,0.6366779109626216
Astronaut Ice Cream: It's out of this world!!!,neither,0.035340407346657395,0.34362741615366793,0.6210321764996746
Ice Cream.......... IN SPACE!!!!!!!!,neither,0.03945320844208391,0.33037608806864915,0.630170703489267
Ohhhh!,neither,0.03945320844208391,0.33037608806864915,0.630170703489267
THAT'S AWESOME,neither,0.03419525192306799,0.38790559219732307,0.5778991558796089
ohhhh my god!,neither,0.028548943344623136,0.4149879342867011,0.5564631223686757
Magic paper!,neither,0.03945320844208391,0.33037608806864915,0.630170703489267
Whoa,neither,0.03945320844208391,0.33037608806864915,0.630170703489267
"Appartently there's another Bill Gaines that is on a med school admissions committee, someone asked me about them and I got confused for a second",neither,0.05820006729390287,0.31589656996455173,0.6259033627415455
OMG MAGIC NOTEBOOK!!!,neither,0.03945320844208391,0.33037608806864915,0.630170703489267
holy cow i would watch them do drunk comic history,neither,0.05313157521908967,0.3201050252557724,0.6267633995251378
the future is now,neither,0.04881935317030986,0.30691604385889026,0.6442646029707999
It's for Amy.,neither,0.03152231315707634,0.2980989310574982,0.6703787557854255
:O,neither,0.03945320844208391,0.33037608806864915,0.630170703489267
@aleph_sharp There should be a PO Box address,neither,0.04890319739909676,0.3252161013988378,0.6258807012020654
I want Danielle to know I love her dress!,offensive_language,0.034665194209875475,0.5061765365244973,0.4591582692656272
this is so fucking cool,offensive_language,0.12747988728596488,0.872384922004385,0.00013519070965003623
#DopeFuture,neither,0.03945320844208391,0.33037608806864915,0.630170703489267
