text,top_class,hate_speech,offensive_language,neither
Viewer count is back.,neither,0.05023752061569122,0.326666868591013,0.6230956107932958
gandsSubHype gandsSubHype gandsSubHype gandsSubHype,neither,0.03945320844208391,0.33037608806864915,0.630170703489267
483?,neither,0.03945320844208391,0.33037608806864915,0.630170703489267
We have a subscriber-only Discord server! Join here: https://discord.gg/geekandsundry (you'll need to sub and link it to your Twitch) and be a part of the fun!...Warning: It can take up to an hour for the server to update and give you access to the channels,neither,0.08464076273808444,0.286394834032893,0.6289644032290227
That what I have.,neither,0.04095719606331,0.4119562378163396,0.5470865661203503
Wheee!,neither,0.03945320844208391,0.33037608806864915,0.630170703489267
Hooray,neither,0.03945320844208391,0.33037608806864915,0.630170703489267
gandsBrooklynCop gandsBrooklynCop gandsSubHype gandsSubHype gandsClassic gandsClassic,neither,0.03945320844208391,0.33037608806864915,0.630170703489267
woo woo,neither,0.03945320844208391,0.33037608806864915,0.630170703489267
yaaay,neither,0.03945320844208391,0.33037608806864915,0.630170703489267
Does this unit have a soul?,neither,0.027597077435386995,0.4442196826264124,0.5281832399382005
!whodat,neither,0.03945320844208391,0.33037608806864915,0.630170703489267
"Amy Dallen playing Aggripina ""Greep"" ( twitter.com/enthusiamy ), Gina DeVivo playing Madame Kleiry ( twitter.com/pocketgina ), Becca Scott playing Worsha Tybonez ( twitter.com/thebeccascott ), Kate Elliott playing Xoreeshee ( twitter.com/KatersTweets ), Whitney Moore as the Storyteller ( twitter.com/TweetneyMoore ).",neither,0.03810969539058527,0.45157986348073503,0.5103104411286797
WHITNEY gandsBrooklynCop gandsBrooklynCop gandsLessthanthree gandsLessthanthree gandsLessthanthree gandsLessthanthree gandsLessthanthree,neither,0.03945320844208391,0.33037608806864915,0.630170703489267
Weave Society HYPE!!!!!,neither,0.03945320844208391,0.33037608806864915,0.630170703489267
"Whitney's Angels, I could get in on that show.",neither,0.044285816402530216,0.32163894461069437,0.6340752389867754
kate is back !,neither,0.048451469057048224,0.3272811736225007,0.624267357320451
Don't need too. <3,neither,0.03877715481580503,0.3348078500772998,0.6264149951068951
gandsTrinket gandsTrinket NO TAKEBACKS,neither,0.036918905254960256,0.37338982715841207,0.5896912675866277
hey all!,neither,0.04285346742239823,0.46255625023407465,0.49459028234352725
Hi @DanManMtn,neither,0.03945320844208391,0.33037608806864915,0.630170703489267
tonight is great t-shirt night,neither,0.03547942686603344,0.2902185024047898,0.6743020707291768
LUL Jack no,neither,0.03870170722645639,0.34313102495973574,0.6181672678138079
"So glad that Kate made it back, I need way more of that voice.",neither,0.03500419286191002,0.40087812400353756,0.5641176831345525
"Yeah, Kate.",neither,0.023144578457473645,0.4440631255406231,0.5327922960019034
"Help G&S make great content! $4.99/month gets you emotes, Minecraft server access, sub-only VODs, and more! Every sub keeps the channel alive! twitch.tv/geekandsundry/subscribe",neither,0.043907990691603095,0.31135964332838284,0.644732365980014
"It's Internet Sensation Amy Dallen, what would be the point of trying to take it back?",neither,0.04434685339541433,0.31531390115106633,0.6403392454535193
"ok no more chat, im watching!",neither,0.039516327774108684,0.36178464692480733,0.598699025301084
!weave,neither,0.03945320844208391,0.33037608806864915,0.630170703489267
"Weave is a 21st century storytelling platform for everyone. With just two decks of cards and a handful of dice, you and your friends can create adventures in any genre, from sci-fi to high school comedy. When combined with the free companion app, Weave provides all the power you'll need to discover new worlds, imagine amazing characters, and save your stories online in minutes. You can find more information at: https://weave.game/",neither,0.05424416382335852,0.3425299335395282,0.6032259026371134
So many poop jokes and references in this game. lol,neither,0.03253361440487118,0.3414824927140668,0.625983892881062
we had three part 2's in a row today btw,neither,0.03839303128505993,0.31738890929753333,0.6442180594174068
https://clips.twitch.tv/ShyBlindingClipsdadPrimeMe,neither,0.03945320844208391,0.33037608806864915,0.630170703489267
Can't wait for awesome Kate character voice. It's so fun.,neither,0.03506194431491819,0.3348130545475589,0.6301250011375229
i enjoy whitney's energy way too much.,neither,0.036612607363507584,0.33493635542634254,0.6284510372101498
Im running my first session of weave this weekend and I am so excited,neither,0.028453931423033263,0.40029720891899856,0.5712488596579682
5 talented and entertaining ladies telling great stories and creating a ton of CHAOS!,neither,0.037928871050177705,0.28443372781246523,0.677637401137357
@Zismarith well she's not an Intersteller Star yet Kappa,neither,0.03971538581968811,0.3912937476369339,0.5689908665433779
My sister loves rolling status.,neither,0.031087880681543105,0.3934657714438369,0.5754463478746199
@Critternation3000 Tell that to the Elcor!,neither,0.042521747347814394,0.36595618337234487,0.5915220692798407
Rule judge?,neither,0.03945320844208391,0.33037608806864915,0.630170703489267
Nothing wrong with a nice rule judge,neither,0.029683075627562495,0.3896562481955773,0.5806606761768602
!mercer Becca jcvimKappa,neither,0.03945320844208391,0.33037608806864915,0.630170703489267
"Words from our DM to the Critters: ""Part of playing the game is messing up. Forgetting rules, misinterpreting elements, etc. We're far from paragon players. It's all just part of the fun!"" - Matt Mercer",neither,0.04689742583606043,0.3225910220792228,0.6305115520847168
I'm with you Becca!,offensive_language,0.0469405445714407,0.6136201543560637,0.33943930107249565
Beccu Scott Is a Halfling Rouge Angel.,neither,0.0459638595407086,0.32813677660600316,0.6258993638532883
"rules lawyer, i've always heard",neither,0.021998114267085478,0.35449410270252296,0.6235077830303917
"Woo, I made it back in time!",neither,0.037236378328276545,0.3478302716955521,0.6149333499761713
KappaHD I think Becca prefers Rule Influencer,neither,0.040126114257654416,0.31895512023417916,0.6409187655081664
@Andyinsomnia Amen,neither,0.03945320844208391,0.33037608806864915,0.630170703489267
"Good evening, ladies!",neither,0.038772273884173564,0.3316095423766313,0.6296181837391952
"Yeah, I hear rules lawyer",neither,0.026889152045912385,0.41541961102803326,0.5576912369260543
"Also that's rogue*, rouge is a kind of makeup",neither,0.041776473137493886,0.354346447881956,0.6038770789805501
"""cool i dont understand"" definitely whitney",neither,0.03945320844208391,0.33037608806864915,0.630170703489267
Judge just makes me think of Final Fantasy Tactics.,neither,0.031832783383533694,0.36576750122421964,0.6023997153922467
South Africa? Is this Neill Blomkamp land?,neither,0.0447206419042465,0.32959797982021066,0.6256813782755429
r6rekt r6rekt r6rekt r6rekt r6rekt roving band,neither,0.03945320844208391,0.33037608806864915,0.630170703489267
"Thinking of Final Fantasy Tactics is never a bad thing. But for FFT I'm way more into the first one of the series (the PS1 game). So when I think of Judge, I think of Final Fantasy XII.",neither,0.03118385878455554,0.33858741406646264,0.6302287271489819
"I really want to get Weave, but I don't know that I'd ever actually get to play with anyone",neither,0.03514780022820107,0.38548847735160074,0.5793637224201982
Poor stinky Amy.,neither,0.03945320844208391,0.33037608806864915,0.630170703489267
So caleb,neither,0.03940873201331527,0.3852271981970228,0.5753640697896619
LUL,neither,0.03945320844208391,0.33037608806864915,0.630170703489267
I love this girls TwitchUnity PartyPopper,neither,0.017792179282193475,0.4696220716198647,0.5125857490979417
amy is caleb but more of a ditz it seems lmao I love it,neither,0.038946474818834176,0.3480691060258144,0.6129844191553514
is this the same characters as last week ?,neither,0.043834009982945454,0.34888508355853515,0.6072809064585194
"Hey now, Caleb is just awesome and the stench is just character building for others!!",neither,0.038560263065688806,0.3068324143990855,0.6546073225352257
"Yes, each arc is 2 episodes.",neither,0.04523128688764214,0.3283887419339531,0.6263799711784048
ADVENTURE TIME!,neither,0.03821333703971211,0.3514199415734102,0.6103667213868778
Greep!,neither,0.03945320844208391,0.33037608806864915,0.630170703489267
*Leg.* Back of your leg.,neither,0.06057687207751564,0.324520191773421,0.6149029361490633
G&S now require at least 1 stinky character in all RPGs. Tune in to Dick and Johnson and Shield of Tomorrow to find out who hasn't been showering in those shows,offensive_language,0.06840823172531135,0.4914731597610842,0.4401186085136044
This is my first time being able to catch this.,neither,0.031125288028908845,0.42369773756883256,0.5451769744022587
You can find more information at: https://weave.game/,neither,0.05451009481896072,0.2709834279768425,0.6745064772041968
is it good,neither,0.05099064556192823,0.32640783438700394,0.6226015200510678
"speaking of Final Fantasy Tactics, I still have to laugh when I remember ""Mimic Donovan"" can put enemies to sleep~who hasn't had a teacher with...soporiffic qualities?",neither,0.035375039312031405,0.39338781973808173,0.571237140949887
and some of those connections might be high Kappa,neither,0.04596160335623886,0.3225225736565001,0.6315158229872609
Thank god for that XD,neither,0.028570917623569454,0.35207652229465203,0.6193525600817784
@Andyinsomnia I am guessing something about Tollosh's musk?,neither,0.03782734670258898,0.35509273800820507,0.607079915289206
Whitney run game.. I'm prepared for adult themes,neither,0.035202202244977054,0.28527004340970535,0.6795277543453175
@nonegoodleft you are in for a treat! :),neither,0.09376833589869504,0.28057166545056483,0.6256599986507401
"8 minutes in, and already off the rails.",neither,0.03700931106895407,0.29449194723611993,0.6684987416949261
Grimy Times Pt 2,neither,0.03945320844208391,0.33037608806864915,0.630170703489267
Their were rails?,neither,0.03993702134863206,0.296922750606196,0.6631402280451718
There were never any rails. Rails are an illusion,neither,0.06013225201298562,0.26059646613035303,0.6792712818566615
there,neither,0.03938975662112344,0.2339556726221167,0.7266545707567599
Actually wasn't Amy's character stinky while Caleb was clean?,neither,0.039388844480929906,0.3314685124659859,0.6291426430530843
XD,neither,0.03945320844208391,0.33037608806864915,0.630170703489267
I came in at an odd time,neither,0.03808283333485386,0.36250074923049297,0.5994164174346532
G&S laughs at rails,neither,0.03851517838359125,0.3589036779030001,0.6025811437134088
black male material,neither,0.05925018150806995,0.3140171027898859,0.6267327157020441
jcvimLol,neither,0.03945320844208391,0.33037608806864915,0.630170703489267
;),neither,0.03945320844208391,0.33037608806864915,0.630170703489267
The rails existed very early on in the conceptualizing stage but were the very first thing cut for the sake of the budget,neither,0.031496651861682295,0.28198806863318837,0.6865152795051294
A Garotte?,neither,0.03945320844208391,0.33037608806864915,0.630170703489267
Want the inside scoop? Join the cast of Critical Role and discuss this episode right here on Talks Machina. Tuesdays 7pm Pacific at twitch.tv/geekandsundry and projectalpha.com,neither,0.04630302093207864,0.22484473131932575,0.7288522477485957
How can she sneak if everyone can smell her?!,offensive_language,0.02106601042029541,0.6201739645647356,0.3587600250149689
"@BlackLionoftheStars I'm a fan of most of these ladies, so I think I'll enjoy it. :)",neither,0.04496885107858644,0.4098086054878538,0.5452225434335597
Charm the sewer monsters!,neither,0.038706463405891206,0.31677303678481866,0.6445204998092902
...,neither,0.03945320844208391,0.33037608806864915,0.630170703489267
:),neither,0.03945320844208391,0.33037608806864915,0.630170703489267
"In case you weren't here last week, Kate's voice is gonna get interesting. :P",neither,0.07959880677302343,0.36150665337118987,0.5588945398557866
Xoreeshee has a bit of an accent... :),neither,0.04007944123945963,0.3197472831598158,0.6401732756007245
i love kates character,neither,0.03587115980076533,0.3471666862074725,0.6169621539917622
where's your thigh bones?,neither,0.06835481604703358,0.2958243539517565,0.6358208300012099
what happened last time? or will Whitney refresh us all,neither,0.06771897924156982,0.36270024927398664,0.5695807714844436
so she's an AIM Bot Kappa,neither,0.04063270817842024,0.4153646225420222,0.5440026692795576
LUL,neither,0.03945320844208391,0.33037608806864915,0.630170703489267
TwitchVotes HSWP,neither,0.03945320844208391,0.33037608806864915,0.630170703489267
All the AI and robotics in the city went crazy. They waded through a river of excrement and ended up almost all dying while fighting a giant Valve Golem.,neither,0.033492030722486674,0.40381129358040657,0.5626966756971068
"""I make the path less traveled.""",neither,0.03878999782351425,0.3183215131039924,0.6428884890724933
Casual descent from aliens,neither,0.04038571096854054,0.31454908655701314,0.6450652024744464
Becca is so funny!! EleGiggle PartyPopper,neither,0.05072060496150993,0.4215573983416306,0.5277219966968595
@Chovexani I'm sure she will,offensive_language,0.03571882475363009,0.5872662070224471,0.37701496822392266
They are trying to find a way to reset all the robotics.,neither,0.09343189147321794,0.2389497513019432,0.6676183572248389
"Bless, Kate",neither,0.03945320844208391,0.33037608806864915,0.630170703489267
!whodat,neither,0.03945320844208391,0.33037608806864915,0.630170703489267
"Amy Dallen playing Aggripina ""Greep"" ( twitter.com/enthusiamy ), Gina DeVivo playing Madame Kleiry ( twitter.com/pocketgina ), Becca Scott playing Worsha Tybonez ( twitter.com/thebeccascott ), Kate Elliott playing Xoreeshee ( twitter.com/KatersTweets ), Whitney Moore as the Storyteller ( twitter.com/TweetneyMoore ).",neither,0.03810969539058527,0.45157986348073503,0.5103104411286797
But I like the accent,neither,0.04619539313666833,0.339924745529036,0.6138798613342958
