text,top_class,hate_speech,offensive_language,neither
"3-Year Twitch-iversary Stream has ended, we reached $10,087.00! https://clips.twitch.tv/WonderfulAbrasiveFennelHassaanChop",neither,0.03954791720455418,0.32876863319935457,0.6316834495960912
"@Saraphys Oh yeah, for sure!",neither,0.018818745446372152,0.4829227542858234,0.4982585002678045
And the companion book is super interesting that goes through the timeline of all the kaiju attacks,neither,0.040325789869121616,0.33778565431721985,0.6218885558136586
ehay folks everybody ready for episode 10 of season 2 of critical role?,neither,0.03625073967476875,0.3116483303378924,0.6521009299873389
so what does bidet mean exactly? I'm new here,neither,0.06668908387095994,0.37357536203057917,0.559735554098461
HERE WE GO!,neither,0.13156755280784707,0.2765461283225309,0.5918863188696221
well I've always thought that dungeons and dragons is a little too nerdy for me,neither,0.022080230282628226,0.3083274442145542,0.6695923255028177
talking in voices lol idk about that,neither,0.02927597127153288,0.42887116129777214,0.5418528674306949
pacific rim was alright ig,neither,0.03932266902880109,0.33259168259277977,0.6280856483784192
gandsClassic gandsClassic gandsSubHype gandsSubHype gandsRage gandsRage,neither,0.03945320844208391,0.33037608806864915,0.630170703489267
I play castles and crusades,neither,0.03817438682221458,0.25956626617947287,0.7022593469983126
@crazystevex its from the first CritRole Campaign,neither,0.027992962322567073,0.3013962684569604,0.6706107692204725
"@crazystevex ""good day""",neither,0.039184892391848775,0.3050917618113163,0.6557233457968349
It’s nerdy but really fun to watch or play,neither,0.04468913231504248,0.3335937118024624,0.6217171558824952
I didn't really like Pacific Rim to be honest,neither,0.039473924942924135,0.38964013855151647,0.5708859365055593
PACIFIC RIM TIME,neither,0.036668274527354654,0.377643684699956,0.5856880407726893
hi everyone,neither,0.032490659208996964,0.4485487193596734,0.5189606214313296
We have a subscriber-only Discord server! Join here: https://discord.gg/geekandsundry (you'll need to sub and link it to your Twitch) and be a part of the fun!...Warning: It can take up to an hour for the server to update and give you access to the channels,neither,0.08464076273808444,0.286394834032893,0.6289644032290227
jcvimHi Ryan,neither,0.03945320844208391,0.33037608806864915,0.630170703489267
@crazystevex It is a way that Grog said greetings once and has suck with Critters,neither,0.046529477292851715,0.3608403509237079,0.5926301717834404
what is lore masters,neither,0.08191733112755817,0.31109320414220176,0.6069894647302402
"""Bidet"" is a joke that the Barbarian from Campaign one made saying that they were saying ""good day"" wrong",neither,0.03148162195239266,0.35286280952794097,0.6156555685196664
I am an Alpha Nerd,neither,0.039552240117944726,0.3260658888993712,0.6343818709826842
jk been a critter for 7 months,neither,0.03348787426342441,0.30708047490688645,0.6594316508296891
"I may get my inspiration from a certain dog... but if I ever get my own dog, it´s going to be a Shiba Inu and I am going to call it Gipsy Danger :-D",neither,0.03218389515208027,0.4111449895875536,0.5566711152603661
Ok good @moonsault37,neither,0.03838891738135901,0.3320475228121136,0.6295635598065273
oh I guess I never knew the spelling I thought it was biday,neither,0.040256462629023514,0.24985324514315504,0.7098902922278215
"ashbear122 Stay awhile, and find out :P",neither,0.03829660963642605,0.23049157008609678,0.7312118202774771
I loved Pacific Rim so much,neither,0.03498351930337276,0.38457420383302393,0.5804422768636032
Never watched Critical Live before !!! Officially a first time CRITTER 🏹🛡👴⚔️🤺,neither,0.032284732670942874,0.4066865249387724,0.5610287423902848
its bidet,neither,0.02700859978372578,0.3346563596412867,0.6383350405749875
"...Giant Robots beating the living hell out of Giant Monsters :D ...dont over-dramatise it, Hydrosnail ;)",offensive_language,0.035067922436084406,0.547144997857728,0.4177870797061876
"Download the new Critical Role theme song for Campaign Two! http://itunes.apple.com/album/id1331550250?ls=1&app=itunes Sales of the song support the musician, Jason Charles Miller.",neither,0.04445767596344001,0.2510827790306858,0.7044595450058742
"""Bidet"" is a water fountain for your butthole",neither,0.06231268983358166,0.29983098293672833,0.63785632722969
I love his chair,neither,0.0633850652197382,0.34645394319585315,0.5901609915844086
i wonder why the robots were named jagers,neither,0.028823743579471435,0.30979653387319056,0.661379722547338
yup,neither,0.03945320844208391,0.33037608806864915,0.630170703489267
is Franch,neither,0.04912624121044723,0.3270490885368631,0.6238246702526896
Ay critters I’m playing a one-shot tomorrow what class and race,neither,0.19943116945335004,0.10478764391334708,0.6957811866333028
that vest though,neither,0.033031844838705395,0.4009539480088138,0.5660142071524806
@jtap121 Half a year! Nice!,neither,0.03945320844208391,0.33037608806864915,0.630170703489267
"I liked Pacific Rim, but Neon Genesis Evangelion was still better.",neither,0.03661678885743067,0.34806230316662234,0.6153209079759469
yeah I know guess I just never needed to spell it before,neither,0.02466694023980861,0.4731553864876205,0.502177673272571
The Ultimate weapon- is just a pill that makes everyone think like me- JD Stage East,neither,0.036761711053669655,0.41884318552846916,0.5443951034178611
@emma_thotson Lol that's funny,neither,0.023463600023666764,0.48612346394476946,0.4904129360315637
@nosracrolyat27 bardbarian,neither,0.03945320844208391,0.33037608806864915,0.630170703489267
Stapler,neither,0.03945320844208391,0.33037608806864915,0.630170703489267
thanks for the info peeps,neither,0.032909140726576476,0.2847581716317622,0.6823326876416614
hrpgKaijuBB,neither,0.03945320844208391,0.33037608806864915,0.630170703489267
I just got that pacific rim time...,offensive_language,0.025763414153124282,0.5000244699149393,0.47421211593193646
@mrbigbentz yes,neither,0.03945320844208391,0.33037608806864915,0.630170703489267
"Help G&S make great content! $4.99/month gets you emotes, Minecraft server access, sub-only VODs, and more! Every sub keeps the channel alive! twitch.tv/geekandsundry/subscribe",neither,0.043907990691603095,0.31135964332838284,0.644732365980014
Now it makes sense,neither,0.037903811119909654,0.3307753414855252,0.6313208473945653
Lol,neither,0.020706217963973744,0.4882283491876925,0.4910654328483337
pacific rim job,neither,0.03945320844208391,0.33037608806864915,0.630170703489267
!questions,neither,0.03945320844208391,0.33037608806864915,0.630170703489267
"To make it easier to read questions in chat, please preface your questions with the word question in all caps. For example, QUESTION: How are you today?",neither,0.06209713493468228,0.3342013724685751,0.6037014925967426
"Pacific Rim is better than Godzilla, Don't @ me :D",neither,0.03886856546608451,0.3685996525214207,0.5925317820124947
We need... A metal gear.,neither,0.03916886586873546,0.33132269496033206,0.6295084391709324
What race?,hate_speech,0.49845082710369076,0.011510944470370123,0.490038228425939
Is this live?,neither,0.06264826366348325,0.3248039992423424,0.6125477370941744
QUESTION: Who is your favorite jaeger pilot?,neither,0.07542280941125061,0.3729489347909809,0.5516282557977684
@Lostie_815 Yes,neither,0.03945320844208391,0.33037608806864915,0.630170703489267
@nosracrolyat27 gnome,neither,0.03945320844208391,0.33037608806864915,0.630170703489267
That’s a very bad idea @mrbigbentz,neither,0.03248791362363055,0.3736973614644577,0.5938147249119118
a,neither,0.03945320844208391,0.33037608806864915,0.630170703489267
@nosracrolyat27 or halfling,neither,0.03945320844208391,0.33037608806864915,0.630170703489267
QUESTION: which anime or manga series were the biggest influences Pac Rim?,neither,0.0391516741878698,0.3110077481359431,0.6498405776761871
"QUESTION What features, no matter how ridiculous or over the top, would you like to see in a Jaeger",neither,0.061315116658814735,0.35646441530159934,0.5822204680395859
live?,neither,0.04891340716200846,0.3271222919257548,0.6239643009122369
Question: have they named the other dimension,neither,0.03822044752265486,0.3239898641182706,0.6377896883590746
hole in the sky! Bring on those clichés xD,neither,0.054926251358501474,0.2720502624113904,0.6730234862301082
@mrbigbentz how about Goliath,neither,0.03638591120153141,0.3824361272487355,0.5811779615497331
QUESTION: Hermann or Newton? Which scientist is your favorite?,neither,0.06932853860672172,0.3215206054842933,0.6091508559089849
@nosracrolyat27 but they could throw you singing into the baddies,neither,0.04888563485826805,0.3628938688682027,0.5882204962735291
QUESTION: Do you this Charlie Day's character is actually Charlie Kelly from always sunny that go more dumb from the link/gain more smarts and Pacific Rims is after the show?,neither,0.012319726341222503,0.046715231357942553,0.940965042300835
True true,neither,0.03945320844208391,0.33037608806864915,0.630170703489267
The Ring of Fire,neither,0.038513653825169136,0.31316865397507965,0.6483176921997512
I could be a singing Goliath that is just very baritone,neither,0.03889594737931261,0.38614762110056816,0.5749564315201193
"Category 1 ... annd during the movie, they had tzheir first Category 5",neither,0.03632866234975717,0.30321800501748836,0.6604533326327545
"Thank goodness you’re streaming, I need something to distract me, I saw someone get hit by a car while I was leaving high school....(Don’t know what condition they are in but they didn’t look too beaten up)",neither,0.0510431218762701,0.4204256077271032,0.5285312703966267
Only Kaiju I liked was when Kaiju Big Battel entered Chikara :D,neither,0.018584518028683987,0.43420049511511527,0.5472149868562006
the golden gate bridge is always getting trashed,neither,0.03986120355967087,0.3899921823881652,0.5701466140521639
Question: Why are their two pilot Jaeger?,neither,0.04724702425371458,0.2990502511909435,0.653702724555342
@alexanderhero83 so that the rift didn’t kill them,hate_speech,0.4290087125024686,0.2653743222031331,0.3056169652943984
because one person can't handle the mental load of piloting a jeager @Alexanderhero83,neither,0.03845833470953618,0.3371723774557113,0.6243692878347524
When you say Kaiju I think of my friends cat...,offensive_language,0.03238328611892927,0.4932857421430309,0.4743309717380398
@Alexanderhero83 The mental toil of connecting to a jaeger would kill a single person,neither,0.23530585935019396,0.2220148625665806,0.5426792780832255
@Alexanderhero83 I can answer that. It's cause one pilot actually will experience overload from the mechanisms that make piloting a jaeger possible.,neither,0.034273474162659585,0.37429968787869394,0.5914268379586465
Kaiju should always be allowed to destroy anything and everything,neither,0.051335047143100714,0.3633693973878973,0.585295555469002
CHARLIE!,neither,0.0002103227836379516,0.00037879939032791894,0.9994108778260342
they do @hvhypervelocity,neither,0.042511451648585996,0.3293242179923481,0.6281643303590658
OOooohh... thats why we're talking Pacific Rim... its made by Legendary. Gotta appease those corporate overlords...,neither,0.049197943208791055,0.32777192038201114,0.6230301364091979
why does those scenes remind me of an anime I'v seen?,neither,0.03119326273649654,0.39843000692160807,0.5703767303418953
it's more about it being a great film @seannock,neither,0.032336825732919,0.3460031354633564,0.6216600388037247
@Saraphys,neither,0.03945320844208391,0.33037608806864915,0.630170703489267
Its a new movie ... that's why they're talking about ti,neither,0.0374467174964003,0.2808450852686466,0.6817081972349532
I wouldn't call it a great film though,neither,0.03681722789670199,0.31038827875530145,0.6527944933479964
Pacific Rim was the best film,neither,0.03752312415476795,0.3080927173030532,0.6543841585421789
It was just so interesting!,neither,0.03310655546303515,0.40445012436672556,0.5624433201702393
hello there,neither,0.03937036753510788,0.27621722592919734,0.6844124065356949
rules post,neither,0.03945320844208391,0.33037608806864915,0.630170703489267
lupoCREEP,neither,0.03945320844208391,0.33037608806864915,0.630170703489267
Is TotalBiscuit in Pacific Rim canon?,neither,0.06641223351001371,0.3211036431254501,0.6124841233645363
!points,neither,0.03945320844208391,0.33037608806864915,0.630170703489267
watch gun march parade,neither,0.04353922475085873,0.3289707196933217,0.6274900555558195
QUESTION: Who is your favorite scientist of the two?,neither,0.07825313771521988,0.3500769737685088,0.5716698885162712
"Question: do you think as science tinkers with All theory, String theory and Universal relativity, will mythology like Pacific rim or shows like sliders, and quantium leep.",neither,0.04831006856088065,0.3656633652220521,0.5860265662170673
Charlie @fluffyfrills,neither,0.0002103227836379516,0.00037879939032791894,0.9994108778260342
Please mention that this was hugely influenced/supposed to be Evangelion!,neither,0.041294488556166485,0.3610952060625063,0.5976103053813271
I love me some Newton as well @Lostie_815,neither,0.024391817854270074,0.4126942126006302,0.5629139695450996
gandsLessthanthree,neither,0.03945320844208391,0.33037608806864915,0.630170703489267
And Science-Fiction was born,neither,0.03859393233231668,0.29442680628292434,0.6669792613847589
Remember the episode Charlie Work? @fluffyfrills,neither,0.005189258923064419,0.02813543506986877,0.9666753060070669
QUESTION: What was your favorite of the kaiju?,neither,0.07597332895528504,0.30369785681849754,0.6203288142262173
I too enjoy Emanuel Issac Newton :D,neither,0.03921716834949827,0.3343823044553813,0.6264005271951204
ooo psychology talks! i just grew a 7th limb of love for G&S!,neither,0.03211024193706332,0.3320960675890627,0.6357936904738739
QUESTION: We have seen Jaegers with 3 pilots... what do you think makes a 3rd pilot necessary? Maybe extra limbs?,neither,0.04336407486245237,0.3660568728811282,0.5905790522564195
