text,top_class,hate_speech,offensive_language,neither
hi,neither,0.03945320844208391,0.33037608806864915,0.630170703489267
"@Miraellyn thats good, its currently 4:00am in the uk right now",neither,0.03430501230510931,0.33299321076282756,0.6327017769320632
HURRAY!,neither,0.03945320844208391,0.33037608806864915,0.630170703489267
taliesin if you read this youre sunshine in human form and i dont deserve you <3,neither,0.14136705124691867,0.2835033625082638,0.5751295862448176
"3-Year Twitch-iversary Stream has ended, we reached $10,087.00! https://clips.twitch.tv/WonderfulAbrasiveFennelHassaanChop",neither,0.03954791720455418,0.32876863319935457,0.6316834495960912
<3 YAY! <3,neither,0.03945320844208391,0.33037608806864915,0.630170703489267
Hello.,neither,0.03945320844208391,0.33037608806864915,0.630170703489267
Gather Your Party has been my favorite show on this channel for about 30 months!,neither,0.04788893555340374,0.33566378121838725,0.616447283228209
@wherethefackislarkin yup. Sometimes one of them is out due to their day job but Tal and Erika are the hosts,neither,0.0647546876913033,0.29076613254246425,0.6444791797662324
hey there,neither,0.039367870622775906,0.26767823129172763,0.6929538980854965
@LinnHelen I'm using colored pencils for that one! Typically I do portraits in graphite or oil pastels,neither,0.035166472923295874,0.22715304795257762,0.7376804791241266
Hi Taliesin and Erika!,neither,0.038358606956405694,0.2721397086643902,0.6895016843792041
Gather your Pub is BACK!!!!!,neither,0.07248358649697623,0.3205738455384132,0.6069425679646105
Wooo!!! <3,neither,0.03945320844208391,0.33037608806864915,0.630170703489267
Geek and Sundry doing St. Patrick's Day? This could be interesting. Have people seen the joke news article about Ireland telling Boston to take it easy this weekend?,neither,0.04968164381786677,0.31807403027193554,0.6322443259101976
I'm so ready for more Erika tunes,neither,0.035585205329978144,0.3321865947657798,0.6322281999042421
yay!,neither,0.03945320844208391,0.33037608806864915,0.630170703489267
Taliesin is one of my favorite humans ever,neither,0.034798277384783124,0.42560402010887943,0.5395977025063373
"Oh my lord, Uncle Mark is that you?",neither,0.13837766141213656,0.31251420254725476,0.5491081360406088
Hi Taliesin and EKbot!,neither,0.038358606956405694,0.2721397086643902,0.6895016843792041
"I see that Riddler hat, Taliesin, you don't fool me",neither,0.041718613173000775,0.44735261940326077,0.5109287674237386
@chaoticloony It's a fun time.,neither,0.036007503437284094,0.35774856007118067,0.6062439364915353
aw Taliesin I love your awful accent!,neither,0.059430380820339565,0.33437106432734315,0.6061985548523173
Riddler hat ftw,neither,0.03945320844208391,0.33037608806864915,0.630170703489267
Erika O'Ishii?,neither,0.03945320844208391,0.33037608806864915,0.630170703489267
YES,neither,0.03945320844208391,0.33037608806864915,0.630170703489267
Hello beloved hosts! <3,neither,0.03945320844208391,0.33037608806864915,0.630170703489267
YAY BAND!,neither,0.03945320844208391,0.33037608806864915,0.630170703489267
Please tell me Erika is going to play that,neither,0.04010072240660842,0.42009100190041154,0.53980827569298
Taliesin MacJaffe,neither,0.03945320844208391,0.33037608806864915,0.630170703489267
@misssunflower94 same,neither,0.04148851938089603,0.3488915597363099,0.609619920882794
Can I play triangle for the band???,neither,0.03299444311296949,0.28136703967003884,0.6856385172169916
"the first Gather Your Pub was my first live GYP, this is a full circle!",neither,0.05271022732309059,0.3584923545813668,0.5887974180955426
Tonight's theme brings back memories both good and bad for me. My mother was an abusive drunkard and more often than not i'd find her at a pub instead of being a parent.,neither,0.02534787358259996,0.3822406018285608,0.5924115245888393
@GeekandSundry taliesin youre the sh+t! (means youre cool),neither,0.05168387608321132,0.31597523293476604,0.6323408909820225
Joshua you need more mic,neither,0.05518171316177069,0.35962299933019787,0.5851952875080315
Keep Amy away from stairs.,neither,0.041356180929658704,0.2980776785920621,0.6605661404782792
Taliesin in general,neither,0.03945320844208391,0.33037608806864915,0.630170703489267
Mic volume is low,neither,0.045955037395057526,0.32813981094643735,0.6259051516585051
Woo Saint Murders day!,neither,0.03986865758636881,0.31812383088848273,0.6420075115251485
We have a subscriber-only Discord server! Join here: https://discord.gg/geekandsundry (you'll need to sub and link it to your Twitch) and be a part of the fun!...Warning: It can take up to an hour for the server to update and give you access to the channels,neither,0.08464076273808444,0.286394834032893,0.6289644032290227
hey!!!,neither,0.03945320844208391,0.33037608806864915,0.630170703489267
"Wait, is this a rebroadcast? I think I've seen this...",neither,0.0243853869552473,0.30684300747739424,0.6687716055673584
Whale. Oil. Beef... umm... yeah.,neither,0.028432549879597962,0.4040389997530171,0.567528450367385
This is live,neither,0.06264826366348325,0.3248039992423424,0.6125477370941744
@John_Sparks_Jr nope! it's the sequel!,neither,0.03736174656372852,0.3159885714930024,0.6466496819432692
i cant do a irish accent either haha,neither,0.03741927579476374,0.38047681993520915,0.582103904270027
So handy that im drinking rum tonight. this is going to be fun!,neither,0.04233797767193029,0.3959558662629453,0.5617061560651243
Pub sing the sequel!,neither,0.03879430045789599,0.31840106688604897,0.6428046326560551
"@John_Sparks_Jr it says gns live, not rebroadcast",neither,0.04139573249330007,0.33500522329553617,0.6235990442111637
"@misssunflower94 Ohh, that makes sense.",neither,0.03599278894350489,0.3677046528899782,0.5963025581665169
That's an amazing band name,neither,0.036402430586114976,0.3617487502558326,0.6018488191580526
Omg wait they are gonna sing???,neither,0.060333944988912785,0.3316231021596294,0.6080429528514578
Do the accents from Magical Legend of the Leprechauns,neither,0.03984813042331993,0.30053833682311415,0.6596135327535658
@John_Sparks_Jr and they just said they did it before and doing it again,neither,0.030646723451400827,0.35537485099853083,0.6139784255500683
@novaplaysdnd Yup.,neither,0.03945320844208391,0.33037608806864915,0.630170703489267
I'm so ready,neither,0.03940999150142386,0.4037259204934871,0.556864088005089
!whodat,neither,0.03945320844208391,0.33037608806864915,0.630170703489267
"GM Eric Campbell ( twitter.com/16BitEric ), with Amy Dallen ( twitter.com/enthusiamy ), Hector Navarro ( twitter.com/Hectorisfunny ), Sam de Leve ( twitter.com/ChaiKovsky ), Xander Jeanneret ( twitter.com/Xanderrific ), Aliza Pearl ( twitter.com/AlizaPearl ) and Gina DeVivo ( twitter.com/PocketGina ).",neither,0.03654456158308702,0.4647119062398143,0.4987435321770987
"Download the new Critical Role theme song for Campaign Two! http://itunes.apple.com/album/id1331550250?ls=1&app=itunes Sales of the song support the musician, Jason Charles Miller.",neither,0.04445767596344001,0.2510827790306858,0.7044595450058742
:D,neither,0.03945320844208391,0.33037608806864915,0.630170703489267
"Flashbacks to those nights in the pub, huh?",neither,0.05915694196603507,0.2727815593262197,0.6680614987077451
Working on whodat.,neither,0.03514722628421248,0.3513528268082791,0.6134999469075084
Hi Mr. Coleman!,neither,0.03945320844208391,0.33037608806864915,0.630170703489267
this just looks like the kind of party taliesin would gather to drink on a festive occasion xD,neither,0.04343036896359086,0.3443310037856413,0.6122386272507678
It's gather your pub 2: electric brewgaloo,neither,0.058542499022251636,0.3251814149840632,0.6162760859936851
"Yeah, @Wherethefackislarkin I was just confused at first, it was SO familiar. XD",neither,0.02176598163630979,0.46287818713071155,0.5153558312329787
"Any other guests tonight, I wonder",neither,0.03684015415672051,0.30849470790214983,0.6546651379411298
!whodat liars,neither,0.03945320844208391,0.33037608806864915,0.630170703489267
you were gonna pop out your whistle were you?,neither,0.08805621992681965,0.3877651330345109,0.5241786470386695
this is AWESOME,neither,0.050512911114032236,0.32860941969445295,0.6208776691915148
holy shit relatable,offensive_language,0.04257650662097627,0.9573463282193174,7.716515970639687e-05
their hats are killin me -,neither,0.05255027399004654,0.3252519805337683,0.6221977454761851
gandsSubHype gandsSubHype gandsSubHype gandsSubHype gandsSubHype gandsSubHype gandsSubHype gandsSubHype gandsSubHype gandsSubHype gandsSubHype gandsSubHype,neither,0.03945320844208391,0.33037608806864915,0.630170703489267
I admit I was hoping there would be more cheesy green decor for this one,neither,0.03704177470348178,0.2914122301769035,0.6715459951196147
"""that involves effort and time"" SAME",neither,0.03485655393492732,0.35642977730229874,0.6087136687627739
!points @harberst,neither,0.03945320844208391,0.33037608806864915,0.630170703489267
"That was an excellent pun, @harberst! Here, have some points for that one! You have been awarded 61 points!",neither,0.05003766897837674,0.38201493930407926,0.5679473917175439
gandsGandsEars gandsJesstatorship HeyGuys,neither,0.03945320844208391,0.33037608806864915,0.630170703489267
taliesin is so f'in classy,neither,0.049746943183991844,0.38231632821804623,0.5679367285979618
"Help G&S make great content! $4.99/month gets you emotes, Minecraft server access, sub-only VODs, and more! Every sub keeps the channel alive! twitch.tv/geekandsundry/subscribe",neither,0.043907990691603095,0.31135964332838284,0.644732365980014
What is Taliesin holding?,neither,0.0584964954201856,0.32130229320069914,0.6202012113791152
does tal have a green D&D pin?,neither,0.029712312079138496,0.41286475831650515,0.5574229296043564
Sorry my twitch pooped out,neither,0.028512582265677225,0.40464966981442196,0.5668377479199009
@JerrodOwex Yes.,neither,0.03945320844208391,0.33037608806864915,0.630170703489267
@JerrodOwex yes and I must own one now,neither,0.06355675267212484,0.2991965384558881,0.6372467088719872
I don't have time or energy ever,neither,0.037921960551207085,0.35636536101537963,0.6057126784334133
Geek and Sundry Garage Band,neither,0.03885124409663463,0.30066363216153436,0.6604851237418309
eventually better,neither,0.03945320844208391,0.33037608806864915,0.630170703489267
I would watch that,neither,0.0406496934657429,0.3779488573202785,0.5814014492139785
Imagination Pub Crawl weee,neither,0.03945320844208391,0.33037608806864915,0.630170703489267
I could live with that,neither,0.026991945047206096,0.4221857493458555,0.5508223056069383
"@GeekandSundry can you write ""i love you so much "" on a piece of paper and hand it to taliesin? if you write my name on it i would probably faint out of grattitude :(",offensive_language,0.036706510766144236,0.4844362608731255,0.47885722836073025
"""...and they call it an Irish pub!""",neither,0.03799909410449277,0.29639588244606935,0.6656050234494378
I'd watch it. :D,neither,0.046925188325214466,0.3278061315547009,0.6252686801200845
I would watch that,neither,0.0406496934657429,0.3779488573202785,0.5814014492139785
@GreyAngel the stick for the irish drum Danwil is holding,neither,0.039364877831612466,0.2903919980017259,0.6702431241666617
Everyone looks so snazzy,offensive_language,0.03243759023053324,0.4963570547219247,0.4712053550475419
Feel better!,neither,0.03945320844208391,0.33037608806864915,0.630170703489267
WOOOOOOT,neither,0.03945320844208391,0.33037608806864915,0.630170703489267
I don't have many friends to hang out with but at least I have yall,neither,0.029708038909448935,0.4089021115349101,0.5613898495556411
Feel better,neither,0.03945320844208391,0.33037608806864915,0.630170703489267
Spoons!,neither,0.03945320844208391,0.33037608806864915,0.630170703489267
hello,neither,0.03945320844208391,0.33037608806864915,0.630170703489267
birthday on the Ides of March. that is awesome,neither,0.03938834513378044,0.35816843995688785,0.6024432149093317
It's a flat cap festival!,neither,0.038353871826374245,0.33075420034153463,0.6308919278320912
"That's what percussionists do, Taliesin :D",neither,0.044681617578911474,0.3948302148814755,0.5604881675396131
"oh no, desaturation",neither,0.04751210705993949,0.26629718932274826,0.6861907036173122
"@Wherethefackislarkin Sorry, can't do that for this show. Taliesin can see chat though.",neither,0.04315384935416599,0.2810103173015655,0.6758358333442684
I have seen people playing spoons and it is AMAZING,neither,0.07085058802623456,0.2991890167764223,0.629960395197343
people; the best drums,neither,0.08847222320262801,0.28943432809052805,0.6220934487068439
that actually is really good,neither,0.04311177576223833,0.37491206525111054,0.5819761589866511
Hi @liamgamer22,neither,0.03945320844208391,0.33037608806864915,0.630170703489267
Big Mood,neither,0.02201470483416176,0.40388067414108464,0.5741046210247535
@Kuributt the feeling of sadness is real when your 2 friends ahve other plans ..,neither,0.04741858743477048,0.40860992426361686,0.5439714883016126
Haha!,neither,0.03186685585600258,0.45913629025701075,0.5089968538869867
That was amazing!,neither,0.03448697269778191,0.38556091698872963,0.5799521103134886
oh DW I'm love you,neither,0.07895483230953891,0.351240194382122,0.5698049733083391
straight whisky hahaha,neither,0.03945320844208391,0.33037608806864915,0.630170703489267
oml,neither,0.03945320844208391,0.33037608806864915,0.630170703489267
"DW, I love your serving sizes.",neither,0.0619530238321723,0.33465894361614246,0.6033880325516852
,neither,0.03945320844208391,0.33037608806864915,0.630170703489267
Sure Is,offensive_language,0.04344723458772597,0.5222976744772472,0.43425509093502673
@Danoba thats okay. i will just continue to love him from afar <3,neither,0.04026284628573518,0.32349979309072263,0.6362373606235422
Professional drinker? How do I get that job?,neither,0.03732053992274086,0.36556381480183064,0.5971156452754284
no need to refill often,neither,0.04418268836047434,0.33760001920113036,0.6182172924383954
OMG This was so fun last year! I'm so ready to wake half my house with pub songs <3,neither,0.03111389235346163,0.43492479541175927,0.5339613122347793
Darby O'Gill and the Fiddle People. i love this show,neither,0.06845464876470674,0.24855215722834478,0.6829931940069485
@Kuributt Glad to hang out with you!,neither,0.04367245766882679,0.43123496653551313,0.5250925757956602
much pub wow,neither,0.03587614091593177,0.33160640561947957,0.6325174534645887
a three-cider die?,neither,0.16337553354690748,0.15723216440407867,0.6793923020490138
it's fun time,neither,0.036007503437284094,0.35774856007118067,0.6062439364915353
"@megs123ify i drink it, am i weird?",neither,0.03780724041368447,0.33094221195047135,0.6312505476358441
HEY TALIESIN <3 <3 <3 <3 <3 SORRY FOR SPAM,neither,0.033903250194154695,0.302655692540823,0.6634410572650224
That man is a PROFESSIONAL :-) :-),neither,0.04348998463244357,0.4338188243936363,0.5226911909739202
@Wherethefackislarkin Well we're all here now !,neither,0.13963142238062157,0.3250813263151118,0.5352872513042667
Is Taliesin wearing the same bowler he wore in the Honey Heist one shot?,neither,0.0471440502114043,0.33115292408668895,0.6217030257019067
Drink one for me DW,neither,0.02439916803860592,0.3765899299145574,0.5990109020468368
your accent is fine lmao,neither,0.07921277386185867,0.3337576144099808,0.5870296117281605
Again,neither,0.0358555699129713,0.3914374029960717,0.5727070270909569
Erika of the Galway Ishiis,neither,0.03715708950100123,0.2861306264084566,0.6767122840905422
Can the whiskey do an Irish accent?,neither,0.04019368220126761,0.31210225363310024,0.6477040641656321
Wooot looooooooooooooooove this,neither,0.03911427663316333,0.3361286454075671,0.6247570779592696
@Kuributt youre a butt.,neither,0.059537768401857344,0.37689372753447564,0.563568504063667
wooo,neither,0.03945320844208391,0.33037608806864915,0.630170703489267
its going to be that kind of show. yay!,neither,0.046408804776676534,0.32693500716864204,0.6266561880546815
hi fam♡,neither,0.03945320844208391,0.33037608806864915,0.630170703489267
time for the songs!,neither,0.030961239851473293,0.3037749352785384,0.6652638248699884
North is a bit easier,neither,0.04633529849130072,0.3280090217183376,0.6256556797903616
AND THIS IS A GLASS OF WHISKEY,neither,0.04544261327997896,0.2962334006001249,0.6583239861198962
@autisticcosplay god no i drink whisky as well :D,neither,0.03671789213390938,0.376801544425088,0.5864805634410026
"I'm hoping we get ""When Irish Eyes Are Smiling"" tonight.",neither,0.04512561721916335,0.3076006862603979,0.6472736965204386
@Wherethefackislarkin yeeeee but I'm a nice butt!,neither,0.04118679410708367,0.39437414510114915,0.5644390607917672
Hi @ashesthandust,neither,0.03945320844208391,0.33037608806864915,0.630170703489267
@megs123ify no ice?,neither,0.03821328655303479,0.35142079846408397,0.6103659149828813
You tried your best,neither,0.12282210595676704,0.362627679931329,0.514550214111904
hii @ashesthandust,neither,0.03945320844208391,0.33037608806864915,0.630170703489267
They played any songs yet?,neither,0.03945320844208391,0.33037608806864915,0.630170703489267
WOW,neither,0.03945320844208391,0.33037608806864915,0.630170703489267
Do we get to request songs?,neither,0.04591060880943789,0.33624265706831724,0.6178467341222449
If they're not offended by Liam's German your Irish is fine,neither,0.05743478178888417,0.3680083943373971,0.5745568238737186
I'm suppoaes to be there playing but I'm home sick insteaaadddd,neither,0.04256524794038071,0.3001477528673065,0.6572869991923128
I'm laaaaaate helloooo everyone. Happy Friday,neither,0.03466210284436287,0.41169365385120776,0.5536442433044294
@ProngsAedan Not yet,neither,0.03736749249345169,0.3382716119106542,0.624360895595894
We should really start the show,neither,0.0714680378090685,0.26957792398685987,0.6589540382040716
I love Mollymauk,neither,0.03217296676969875,0.3657703709031763,0.602056662327125
Irish and Scotch whisky is one of the few hard alcohols that I drink. I mostly just cook with alcohol.,neither,0.028508586359925484,0.47069342060952424,0.5007979930305504
Hi @cinphoria,neither,0.03945320844208391,0.33037608806864915,0.630170703489267
Good tweed jacket.,neither,0.038646890518034216,0.3306534177769241,0.6306996917050417
@autisticcosplay i do sometimesss but i like to not water my whisky down,neither,0.03977048881016855,0.44248717426789996,0.5177423369219316
I'm honestly really psyched for this',neither,0.03260581700380537,0.298480756181467,0.6689134268147275
Happy Early St. Paddy's @cinphoria,neither,0.041024312122886555,0.3037103583515544,0.655265329525559
I'm here to SUPPORT THE SKWAD,neither,0.22154933146764502,0.22573485024522735,0.5527158182871278
Is this the Geek and Suds drinking channel?,neither,0.043974755353379504,0.2900806223689196,0.6659446222777009
Hi Cin,neither,0.03945320844208391,0.33037608806864915,0.630170703489267
I've been learning to love Rye as well but whiskey will always be my first love,neither,0.01865153373113369,0.41579905322978133,0.5655494130390849
THIS IS GREAT,neither,0.049196619522103385,0.2924512674041193,0.6583521130737773
@japenrose it's actually already St Paddy's day here xD,neither,0.07580958376722584,0.30152673202074354,0.6226636842120308
Top of the mornin Gatherers!,neither,0.03854857984137556,0.3138248336545418,0.6476265865040828
"how to do a proper irish accent: get drunk, get your face sagging with muscle relaxants and start talking",neither,0.049525468361666665,0.33118783775519656,0.6192866938831368
it's the morning show for everyone further east than the east coast,neither,0.042103482584865584,0.2528482527007874,0.705048264714347
Sweet! :D,neither,0.03945320844208391,0.33037608806864915,0.630170703489267
"@bad_turbulence Ohhh, Geek & Sudsy",neither,0.03945320844208391,0.33037608806864915,0.630170703489267
Can't wait,neither,0.03991073413903658,0.3226106829444422,0.6374785829165213
@megs123ify nice. i understand that.,neither,0.03485344734978063,0.38056530085237816,0.5845812517978412
Play Danny Boy!,neither,0.03945320844208391,0.33037608806864915,0.630170703489267
Needs Sepia,neither,0.03945320844208391,0.33037608806864915,0.630170703489267
"@owifig if you drank enough you'd probably acquire an accent... not necesarily Irish, might even be unique...",neither,0.042125022468879995,0.42359201175762057,0.5342829657734995
"Bushmills 1608, aged at least 10 years!",neither,0.03893736196944806,0.34610080867999987,0.6149618293505522
LUL Perfect morning starts with Coffee and a good joke,neither,0.04041091408414222,0.15507432087820502,0.8045147650376527
Wait they can see the chat,neither,0.038867843025070736,0.3108101585864947,0.6503219983884346
@cinphoria Even better!,neither,0.03792549593312615,0.3563053563576014,0.6057691477092724
Ween - The Blarney Stone,neither,0.03823936441126825,0.3079604620448533,0.6538001735438785
What morning today?,neither,0.054706623732977716,0.13879032163185406,0.8065030546351681
Yay!!!,neither,0.03945320844208391,0.33037608806864915,0.630170703489267
I've been singing Gather Your Pub 1 Greatest Hits all day,neither,0.03790828317189835,0.34673608677191065,0.615355630056191
yay whiskey,neither,0.03945320844208391,0.33037608806864915,0.630170703489267
We dun care just sing to us sweet party friends,neither,0.0632366929828607,0.338361737041884,0.5984015699752554
hi,neither,0.03945320844208391,0.33037608806864915,0.630170703489267
good evening yall,neither,0.037324224635814425,0.3558792047438407,0.6067965706203449
Hi @LJH_98,neither,0.03945320844208391,0.33037608806864915,0.630170703489267
@misssunflower94 Me too XD,neither,0.025456656249999262,0.41690574403459846,0.5576375997154023
i wish i had alchol to accompany this.,neither,0.04870156843506758,0.32708106364513295,0.6242173679197995
I am so getting The Dubliners vibe we are missing the Banjo. Still...,neither,0.04880636071165831,0.362711879606082,0.5884817596822597
Hi @hundredsofsmallbirds,neither,0.03945320844208391,0.33037608806864915,0.630170703489267
This is morning? Where are these fancy peeps,neither,0.09277087784046587,0.21171036220742262,0.6955187599521115
!whodat,neither,0.03945320844208391,0.33037608806864915,0.630170703489267
"Erika Ishii ( twitter.com/erikaishii ), Taliesin Jaffe ( twitter.com/executivegoth ), with DW McCann (twitter.com/BARDIC_DW), Josh Bracks (instagram.com/Joshabracks), Ben Grafton (twitter.com/Bengraftonmusic), Michael T. Coleman (instagram.com/freaketeer) and more",neither,0.03597979620747417,0.4321544092501397,0.531865794542386
Lannigan's Ball!,neither,0.03945320844208391,0.33037608806864915,0.630170703489267
devil went down to Texas...,neither,0.04540970314889933,0.3268836402645882,0.6277066565865124
What morning show?,neither,0.08236774516109925,0.09476432867013931,0.8228679261687615
@autisticcosplay :D whisky is my favourite drink,neither,0.03509795647520577,0.4064222366833502,0.5584798068414439
i thought whiskey was Irish and whisky was Scottish?,neither,0.04095288622296194,0.23535944291995087,0.7236876708570873
whoa there coleman,neither,0.039372085799810524,0.2794036225640054,0.6812242916361841
"""just the tipper"" oh dear",neither,0.03875741952224064,0.27989876515556555,0.6813438153221937
just the tipper,neither,0.026980517381990143,0.34438285278385816,0.6286366298341518
we're already there,neither,0.06062256458997491,0.2707541369987546,0.6686232984112704
"who ever his drinking in chat, take one for me!",neither,0.044494739863948855,0.40338390177010486,0.5521213583659462
gandsHR,neither,0.03945320844208391,0.33037608806864915,0.630170703489267
Does anyone in this room play guitars for real? i just got here?,neither,0.037993195008200205,0.4697049359543251,0.4923018690374747
I'm pretty sure the English spell it whisky,neither,0.033228372328559644,0.4235477032073281,0.5432239244641122
lol just the tipper,neither,0.01913427043116095,0.4368232551095861,0.5440424744592528
@megs123ify thoughts on scotch?,neither,0.03693409664223222,0.34243967534874975,0.6206262280090181
Alas all I'm drinking is water,neither,0.04780677255442437,0.3865944604765626,0.5655987669690129
...This is really funny cuz I put Bailey's in my hot chocolate before remember it's Gather Your St Paddy's,neither,0.04637304689028527,0.4063362616508219,0.5472906914588929
Just the Tipper lol,neither,0.01913427043116095,0.4368232551095861,0.5440424744592528
@bad_turbulence Used to but I'm mainly a drummer!,neither,0.042335384701378466,0.33595460265578825,0.6217100126428333
*claps along*,neither,0.03945320844208391,0.33037608806864915,0.630170703489267
!wtfisthis,neither,0.03945320844208391,0.33037608806864915,0.630170703489267
"This is Shield of Tomorrow, join our crew aboard the USS Sally Ride for adventures and exploration in space! Playing the STAR TREK Adventures RPG by Modiphius",neither,0.03932222945167215,0.30238585689052805,0.6582919136577997
@rcsh1998 They're nans are deas,neither,0.16339211259265052,0.1965848591392201,0.6400230282681293
@misssunflower94 you had one job,neither,0.0610902743033417,0.44004094384578574,0.4988687818508726
Welcome to Gather Your Pub!,neither,0.06872407223983246,0.32057903140374056,0.610696896356427
!wtfisthis,neither,0.03945320844208391,0.33037608806864915,0.630170703489267
This week's theme is St Patrick's Day,neither,0.04522050757992247,0.31962936629152006,0.6351501261285575
something beautiful,neither,0.03945320844208391,0.33037608806864915,0.630170703489267
@anthonymuraco PARTY!,neither,0.03945320844208391,0.33037608806864915,0.630170703489267
Gather your Pub Part 2.,neither,0.062021979941825456,0.3241181391068554,0.6138598809513193
HSCheers gandsDrink gandsDrink gandsDrink gandsDrink gandsDrink gandsDrink,neither,0.03945320844208391,0.33037608806864915,0.630170703489267
@misssunflower94 cheers with water bottle,neither,0.03031058697308969,0.3616700655160617,0.6080193475108487
why am i watching this,neither,0.026720125595331358,0.3503486694119881,0.6229312049926805
@anthonymuraco A fun party,neither,0.03945320844208391,0.33037608806864915,0.630170703489267
@Nightbot thats not right,neither,0.03638611822127984,0.3625893113729201,0.6010245704058002
Cin!,neither,0.03945320844208391,0.33037608806864915,0.630170703489267
Top of the evenin to ya Chatg,offensive_language,0.028083363346862268,0.5921041765429724,0.3798124601101653
hmm doesn't work here i guess!,neither,0.07708719499344761,0.30332626549335906,0.6195865395131932
cmonBruh cmonBruh cmonBruh cmonBruh,neither,0.03945320844208391,0.33037608806864915,0.630170703489267
WutFace,neither,0.03945320844208391,0.33037608806864915,0.630170703489267
,neither,0.03945320844208391,0.33037608806864915,0.630170703489267
!wtfisthis,neither,0.03945320844208391,0.33037608806864915,0.630170703489267
@shiyanuu I hope because it's entertaining.,neither,0.07700099056951416,0.21279879567447846,0.7102002137560074
!whodat,neither,0.03945320844208391,0.33037608806864915,0.630170703489267
"Erika Ishii ( twitter.com/erikaishii ), Taliesin Jaffe ( twitter.com/executivegoth ), with DW McCann (twitter.com/BARDIC_DW), Josh Bracks (instagram.com/Joshabracks), Ben Grafton (twitter.com/Bengraftonmusic), Michael T. Coleman (instagram.com/freaketeer) and more",neither,0.03597979620747417,0.4321544092501397,0.531865794542386
Just the Tipper that what she said.,offensive_language,0.03554634224617299,0.48323992063759413,0.4812137371162329
@Nightbot is already drunk...,neither,0.04854650540955838,0.3491586090312649,0.6022948855591767
Pretend it's the non-Irish Clancy brothers,neither,0.037812520643731556,0.3190993492015291,0.6430881301547394
"It's noon here so I'm drinking tea, lol",neither,0.060055553821261765,0.37633457615289645,0.5636098700258416
it is impossible not to feel 100x better about everything right now,neither,0.04507165583494434,0.35714673306133443,0.5977816111037212
"i see, does any of the musicians play the fiddle on the show??",neither,0.03454632781496397,0.35066150887874536,0.6147921633062907
this is............interesting..,neither,0.050042842807769945,0.32869409565123164,0.6212630615409983
So when did they relocate the studio to Boston?,neither,0.03546140043100293,0.3858197204707058,0.5787188790982913
:-),neither,0.03945320844208391,0.33037608806864915,0.630170703489267
@autisticcosplay i do drink scotch as well,neither,0.0389340400980581,0.35763204803723686,0.6034339118647051
!wtfisthhis,neither,0.03945320844208391,0.33037608806864915,0.630170703489267
gandsApplaud gandsApplaud gandsApplaud,neither,0.03945320844208391,0.33037608806864915,0.630170703489267
!wtfisthis,neither,0.03945320844208391,0.33037608806864915,0.630170703489267
"This is Gather Your Party! It’s Friday night, and you know what that means… Party time! Join us for a weekly themed party, where anything can happen, with all your favorite people. Gather Your Party is a must-watch show for your Friday night.",neither,0.10380257106743707,0.30547507527859313,0.5907223536539699
@bad_turbulence Erika does! I'm not sure if she brought it today?,offensive_language,0.01596086255895876,0.5665206804801733,0.4175184569608679
"I'd quote Blazing Saddles, but I don't want to be banned",neither,0.0426224828448138,0.3352239095015835,0.6221536076536026
"Yep, there it is :)",neither,0.047081505063814304,0.2795959721659898,0.6733225227701959
@megs123ify glenfiddich?,neither,0.03945320844208391,0.33037608806864915,0.630170703489267
All Irish pub music is ~interesting~,neither,0.046388695805172284,0.37738692084854736,0.5762243833462805
@cinphoria she did it's on the table,neither,0.03549809431199296,0.41144062174538565,0.5530612839426213
gandsApplaud gandsApplaud gandsApplaud gandsApplaud gandsApplaud panicBasket,neither,0.03945320844208391,0.33037608806864915,0.630170703489267
rooDuck rooDuck rooDuck,neither,0.03945320844208391,0.33037608806864915,0.630170703489267
@cinphoria She did it's on the table,neither,0.03549809431199296,0.41144062174538565,0.5530612839426213
"Ok, I'm going to have some whiskey. But what should I have, internet?",neither,0.04456286009052076,0.3926353050008872,0.562801834908592
@cinphoria She did because the fiddler got sick,neither,0.03848207063748184,0.44744537635345,0.5140725530090681
@anthonymuraco no one is forcing you to watch.,neither,0.08044358634106476,0.40524865267947113,0.5143077609794641
@autisticcosplay yessssss,neither,0.03945320844208391,0.33037608806864915,0.630170703489267
this shit cool,offensive_language,0.04239905052215481,0.9575520225630458,4.8926914799348075e-05
"@cinphoria --- Ok thanks, DARN, i with Erika would have brought her fiddle",neither,0.024873660767828164,0.4795959955814682,0.49553034365070353
gandsApplaud,neither,0.03945320844208391,0.33037608806864915,0.630170703489267
gandsApplaud gandsApplaud gandsApplaud,neither,0.03945320844208391,0.33037608806864915,0.630170703489267
"the strongest i was willing to go was irish coffee, otherwise i'd fall asleep",neither,0.048907330561389045,0.23151129274848273,0.7195813766901282
gandsApplaud gandsApplaud gandsApplaud gandsApplaud gandsApplaud,neither,0.03945320844208391,0.33037608806864915,0.630170703489267
I LOVE this song,neither,0.034725997547388365,0.3621436434349178,0.6031303590176939
huzzah!!,neither,0.03945320844208391,0.33037608806864915,0.630170703489267
I feel I've got far too little alcohol for the sake of this,neither,0.021635327603443957,0.3256158554074606,0.6527488169890955
BEAUTiFUL,neither,0.03945320844208391,0.33037608806864915,0.630170703489267
Irish music tends to sound better when both the singers and listeners are drunk,neither,0.047431731481179684,0.3034783479842109,0.6490899205346093
Slante!,neither,0.03945320844208391,0.33037608806864915,0.630170703489267
cheers!,neither,0.03945320844208391,0.33037608806864915,0.630170703489267
I wish I still had whiskey in my house. gandsFail,neither,0.030219922259870708,0.4067706854633291,0.5630093922768001
<3 WHOO! <3,neither,0.03945320844208391,0.33037608806864915,0.630170703489267
variFire variFire variFire,neither,0.03945320844208391,0.33037608806864915,0.630170703489267
Dis is fine,neither,0.05003924369340029,0.3267350651166966,0.623225691189903
shots shots shots shots,neither,0.03945320844208391,0.33037608806864915,0.630170703489267
That was great!!! :D,neither,0.031738606339660885,0.35644657876003094,0.6118148149003082
@megs123ify *highfive* proper!,neither,0.03945320844208391,0.33037608806864915,0.630170703489267
Slainte,neither,0.03945320844208391,0.33037608806864915,0.630170703489267
Clap,neither,0.03945320844208391,0.33037608806864915,0.630170703489267
@ShandraVdeG Indeed,neither,0.03945320844208391,0.33037608806864915,0.630170703489267
BUSHMILLS!,neither,0.03945320844208391,0.33037608806864915,0.630170703489267
Jameson's,neither,0.03945320844208391,0.33037608806864915,0.630170703489267
all the whiskey?,neither,0.04021652899932968,0.38910736912689736,0.5706761018737729
Fabulous Job all!,neither,0.041363219101121604,0.40678904025787,0.5518477406410085
Slainte!,neither,0.03945320844208391,0.33037608806864915,0.630170703489267
"on St. Paddy's day, hush your mouth",neither,0.06770898282547468,0.32065472132212863,0.6116362958523968
Alright everyone call out your whisky!,neither,0.05475815023782915,0.4339134958703012,0.5113283538918696
can we toke instead of drink?,neither,0.039576629468090006,0.32828131115411496,0.632142059377795
Green Spot!,neither,0.04073279254463898,0.3003975903949491,0.658869617060412
That's the one that I drink.,neither,0.02978767642179362,0.43302487994552724,0.5371874436326791
LUL,neither,0.03945320844208391,0.33037608806864915,0.630170703489267
"I have tea on my left, good enough!",neither,0.027471995185014846,0.4194147430153196,0.5531132617996655
That was fucking awesome.,offensive_language,0.0959480183349846,0.9037162982003772,0.00033568346463804465
dillsGlo dillsRio dillsUs,neither,0.03945320844208391,0.33037608806864915,0.630170703489267
Is this a Whiskey Class now? I don't know much about it,neither,0.0397185549584042,0.3505647062161572,0.6097167388254385
I want whiskey now...,neither,0.03969053251978359,0.3263480791035975,0.6339613883766189
It’s already half full,neither,0.05737959956459694,0.3424962214805222,0.6001241789548808
hope I don't wake the kids with singing along.,neither,0.05218159017758757,0.26210341682234023,0.6857149930000722
Duct Tape brand whiskey!,neither,0.03945320844208391,0.33037608806864915,0.630170703489267
@autisticcosplay i do like my alcohol,neither,0.038001533947186875,0.44969698476340153,0.5123014812894117
Jameson is all I drink where whiskey is concerned,neither,0.05239193023919604,0.3494231105873434,0.5981849591734606
@Lilimira it might be,neither,0.03793535047649709,0.3372600526896954,0.6248045968338074
tea is just as fine!,neither,0.04029982048374584,0.38079184759363427,0.5789083319226198
@JMPickering Bushmills is made on the wrong side of the border,neither,0.04091698342364226,0.2850123692766509,0.6740706472997068
Whiskey,neither,0.03945320844208391,0.33037608806864915,0.630170703489267
"wonder if they going to do ""Donald where is your trousers?""",neither,0.05672460891498523,0.3573384900764731,0.5859369010085416
Kavalan!,neither,0.03945320844208391,0.33037608806864915,0.630170703489267
Got my drink,offensive_language,0.023990100386604304,0.5045646152484229,0.4714452843649728
or you're 3 moths away from 21 and sad,neither,0.07419590402515891,0.2703587890522986,0.6554453069225425
JUST remembered ive got whiskey in the House hell yeah,offensive_language,0.026642018830331248,0.6654615919385264,0.30789638923114226
HSCheers HSCheers HSCheers HSCheers HSCheers HSCheers HSCheers HSCheers,neither,0.03945320844208391,0.33037608806864915,0.630170703489267
Hheehehhehehe,neither,0.03945320844208391,0.33037608806864915,0.630170703489267
"Yeah, I'm in Kentucky bourbon area, like 30 minute drive from the warehouse.",neither,0.031965932847726815,0.43190745636686706,0.5361266107854061
I'd drink Duct Tape whiskey,neither,0.03945320844208391,0.33037608806864915,0.630170703489267
I hope we hear Finnegan's Wake by the end of the night.,neither,0.05328365001187206,0.266488823149612,0.680227526838516
Johnny Walker Duct Tape,neither,0.03945320844208391,0.33037608806864915,0.630170703489267
is this sponsored by duct tape brand whiskey?,neither,0.04452113885914191,0.3549277730827639,0.6005510880580941
We enjoy you too Tal,neither,0.05321664092414321,0.37698600150818734,0.5697973575676695
gandsGrogSigil,neither,0.03945320844208391,0.33037608806864915,0.630170703489267
You are cancer patients @rcsh1998,neither,0.0869573731207735,0.3274207732160245,0.5856218536632021
"We're enjoying you too, Tal :D",neither,0.07005868658814877,0.3479642213966628,0.5819770920151885
all I can say is Wild Turkey put me on the floor one New Years,neither,0.039873046623033,0.3528307616697738,0.6072961917071932
Does whisky have an E in it??,neither,0.022691197038309123,0.48007660619570636,0.4972321967659845
@misssunflower94 Sine Metu!,neither,0.03945320844208391,0.33037608806864915,0.630170703489267
old dun cow,neither,0.03945320844208391,0.33037608806864915,0.630170703489267
Or you could be sober cause you have to be up early tomorrow but that's no fun,offensive_language,0.0566435499516066,0.47582477105267607,0.46753167899571746
@GeekandSundry What's up from bourbon country?,neither,0.047918294610137066,0.3542046569816987,0.5978770484081644
@Praxagorathesmophoria Your point? They still raise two to the English.,neither,0.0671798842518145,0.3116984439549443,0.6211216717932413
Can we request songs?,neither,0.039563014400005626,0.32851239439200314,0.6319245912079913
we're enjoying you Tal <3,neither,0.07245421274434487,0.3451727870595165,0.5823730001961386
