text,top_class,hate_speech,offensive_language,neither
Hey @potterboi111,neither,0.03945320844208391,0.33037608806864915,0.630170703489267
Hey @danoba,neither,0.03945320844208391,0.33037608806864915,0.630170703489267
Yoooo post,neither,0.03945320844208391,0.33037608806864915,0.630170703489267
Hey @chiplickin,neither,0.03945320844208391,0.33037608806864915,0.630170703489267
<3 YAY! <3,neither,0.03945320844208391,0.33037608806864915,0.630170703489267
!whodat,neither,0.03945320844208391,0.33037608806864915,0.630170703489267
Kyle Hill ( twitter.com/Sci_Phile ).,neither,0.038926398775368944,0.4147662855164059,0.5463073157082252
good day @thotheads1981,neither,0.039184892391848775,0.3050917618113163,0.6557233457968349
"3-Year Twitch-iversary Stream has ended, we reached $10,087.00! https://clips.twitch.tv/WonderfulAbrasiveFennelHassaanChop",neither,0.03954791720455418,0.32876863319935457,0.6316834495960912
love spending my birthday watching kyle @geekandsundry,neither,0.029909071366432415,0.39836042024095153,0.571730508392616
Happy Birthday @potterboi111,neither,0.03945320844208391,0.33037608806864915,0.630170703489267
What's,neither,0.057770773616808734,0.3180719994247239,0.6241572269584672
!questions,neither,0.03945320844208391,0.33037608806864915,0.630170703489267
"To make it easier to read questions in chat, please preface your questions with the word question in all caps. For example, QUESTION: How are you today?",neither,0.06209713493468228,0.3342013724685751,0.6037014925967426
@potterboi111 Happy Birthday,neither,0.03945320844208391,0.33037608806864915,0.630170703489267
Hello hello,neither,0.03945320844208391,0.33037608806864915,0.630170703489267
"QUESTION: So is any of alchemy possible, if so, have we done anything close?",neither,0.031595241440994924,0.4272280688853662,0.5411766896736391
Hello!,neither,0.03945320844208391,0.33037608806864915,0.630170703489267
tinytatoBallpit Happy tinytatoBallpit Birthday tinytatoBallpit @potterboi111 tinytatoBallpit,neither,0.03945320844208391,0.33037608806864915,0.630170703489267
Hello,neither,0.03945320844208391,0.33037608806864915,0.630170703489267
QUESTION: where does graphene lies there?,neither,0.02903603918011242,0.383067295044012,0.5878966657758756
I needed this.,neither,0.039326137841564766,0.33253280778730016,0.628141054371135
QUESTION kkyle is it possible to create a lightsaber like in starwars,neither,0.060000251512057276,0.3366860113192912,0.6033137371686514
Could we make 100 ton mechs like in the Mechwarrior/Battletech universe?,neither,0.04577354736293166,0.3310886945031336,0.6231377581339347
evening gandsLessthanthree,neither,0.03945320844208391,0.33037608806864915,0.630170703489267
@Fumblethumb yeah but its called Chemistry and there is less magic and more science...,neither,0.029512664577681307,0.32784114738616843,0.6426461880361504
Yes!!!! Gravitons!,neither,0.03945320844208391,0.33037608806864915,0.630170703489267
Gravity is too weak,neither,0.04674401419091945,0.3317518477675582,0.6215041380415225
Ossborn is next cr at midnight tonight,neither,0.04199096887617126,0.3377584289078176,0.6202506022160111
Sorry QUESTION: Could we make 100 ton mechs like in the Mechwarrior/Battletech universe?,neither,0.04491999322678991,0.3310145150462343,0.6240654917269757
!rbschedule,neither,0.03945320844208391,0.33037608806864915,0.630170703489267
Find the unfinished rebroadcast schedule for the weekend here: http://bit.ly/WeekRebroadcast,neither,0.05904738035105781,0.17020024858160615,0.7707523710673361
Question: Why is Fortnite so popular?,neither,0.03517152633506479,0.3831124545516046,0.5817160191133306
"Question: Is Vision worthy, or can he lift Mjollnir because he is not an human being?",neither,0.11396574363792437,0.2552054463080403,0.6308288100540352
@opivy0214 I got it but thanks for using the format.,neither,0.02477633366280816,0.3838834830293209,0.5913401833078711
"Download the new Critical Role theme song for Campaign Two! http://itunes.apple.com/album/id1331550250?ls=1&app=itunes Sales of the song support the musician, Jason Charles Miller.",neither,0.04445767596344001,0.2510827790306858,0.7044595450058742
"@opivy0214 yeah but it takes a lot of energy to move a 100 ton mech, so it would move very slow and be super vulnerable...",neither,0.03158175424530443,0.38176071787874144,0.586657527875954
"Just watched Thor 1, trucks couldn't pull it, off the pillar of dirt that seemed to be immune to being moved as well.",neither,0.03746740540688081,0.3727568968033264,0.5897756977897927
Fortnite is popular cause its fun and people follow trends,neither,0.056310406127691004,0.322077157040576,0.621612436831733
Question: What happened if you hit water at terminal velocity?,neither,0.03799529300061329,0.4256720293591232,0.5363326776402635
thotheads1981 Totally depends on the timezone you are in.... it replays at 11.30 PM pacific,neither,0.06141529928477933,0.3417963127273397,0.5967883879878809
Thanks @rurutu,neither,0.035884468650613,0.3004919205142699,0.6636236108351171
thank you kyle! i said the same thing when cap caught thanos' hand,neither,0.04123828503806009,0.3847728254016777,0.5739888895602623
"@Ossborn The Vision must be worthy cause the rule applies to Asgarians as well, I think.",neither,0.040868707629589676,0.33432044999455623,0.6248108423758542
"Help G&S make great content! $4.99/month gets you emotes, Minecraft server access, sub-only VODs, and more! Every sub keeps the channel alive! twitch.tv/geekandsundry/subscribe",neither,0.043907990691603095,0.31135964332838284,0.644732365980014
Kyle your teleportation from your pacific rim episode might work using manipulations of Gravitons Kyle. Neutron stars and Black holes emit so much gravitational force that they literally bend space-time.,neither,0.06166360843487625,0.3573494890550207,0.580986902510103
he's got the power stone in there too for gods sake,neither,0.03727021436944045,0.30450403391082287,0.6582257517197367
Ok or like one in morning,neither,0.061270092275713665,0.23527935055674268,0.7034505571675437
"That self check. I've made that face before, haha",neither,0.01767172152363313,0.44855437759450234,0.5337739008818644
"@Alexanderhero83 you stop, super fast...",offensive_language,0.05792834432212388,0.4728468041078355,0.46922485157004057
this is my science class,neither,0.03475483554825068,0.4124754174742917,0.5527697469774575
will Jeff Goldblum be in Infinity War?,neither,0.04082812662040626,0.31553961472220193,0.6436322586573918
in Theory,neither,0.03945320844208391,0.33037608806864915,0.630170703489267
QUESTION: How could a power suit force field work?,neither,0.03945320844208391,0.33037608806864915,0.630170703489267
QUESTION: how does Aquaman breathe in water and air?,neither,0.029442682704214455,0.3938131783008141,0.5767441389949716
aquaman has lungs and gills,neither,0.03902109833451315,0.28144412885990816,0.6795347728055786
!rbschedule,neither,0.03945320844208391,0.33037608806864915,0.630170703489267
Find the unfinished rebroadcast schedule for the weekend here: http://bit.ly/WeekRebroadcast,neither,0.05904738035105781,0.17020024858160615,0.7707523710673361
the technical term is gilungs,neither,0.04985791469861781,0.30470948206432363,0.6454326032370585
because comic books,neither,0.03945320844208391,0.33037608806864915,0.630170703489267
He's from water plant or has water powers,neither,0.04346341717723325,0.31487384441997573,0.6416627384027909
100% science right there,neither,0.038555586774476916,0.3082850482150705,0.6531593650104526
question: setting up a pair of portals like in the game portal such that an object falls forever; wouldn't the object accelerate the world towards it as it is infinitely accelerated towards the earth? tldr cheating to get infinite acceleration due to gravity must also accelerate the planet too?,neither,0.04374329700094372,0.3291083438274583,0.627148359171598
question: how is it that Tony Stark can get The Arc Reactor to keep him alive while also powering his suit,neither,0.05449323085525193,0.34244270047077047,0.6030640686739778
"acoustic force?, magnetic force?",neither,0.03945320844208391,0.33037608806864915,0.630170703489267
Lasers,neither,0.03945320844208391,0.33037608806864915,0.630170703489267
@Riley_wolf209 he's good at math,neither,0.04376565925785071,0.3550339507014931,0.6012003900406562
batman's sound forcefield in that one movie?,neither,0.037456590307055414,0.35868388681219426,0.6038595228807502
Oof,neither,0.03945320844208391,0.33037608806864915,0.630170703489267
Could swamp thing truned back a human,neither,0.14660597396684732,0.20198656994439532,0.6514074560887575
we're probably 10 years from ready play one,neither,0.051396442147811805,0.33594321161571117,0.612660346236477
"QUESTION: What would happen if Bruce Banner Hulked out whilst shrunk,wearing the antman suit",neither,0.030173336695690604,0.3522518151621405,0.6175748481421689
i say 5 years,neither,0.03945320844208391,0.33037608806864915,0.630170703489267
if diamond is the hardest thing in the world does that meen,neither,0.02204110082177307,0.4450108977265155,0.5329480014517116
20 years tops,neither,0.03945320844208391,0.33037608806864915,0.630170703489267
it would be effective against adamantium,neither,0.0392570287895088,0.30750577609560265,0.6532371951148885
What do I type to see the schedule?,neither,0.05152737077746856,0.3086448184067428,0.6398278108157885
"no, because the uploading will kill you",neither,0.38845655112368455,0.21029095650248658,0.4012524923738289
Question could swamp thing turn back into a human,neither,0.1169567449152514,0.22697217735931655,0.6560710777254319
!schedule,neither,0.03945320844208391,0.33037608806864915,0.630170703489267
Current Schedule ( as of March 2018 ): https://i.imgur.com/xDNiCai.jpg - more info about shows at: https://geekandsundry.com/twitch/,neither,0.03843269151407763,0.3599933695170261,0.6015739389688963
would you live forever?,neither,0.06465603858074606,0.3731134841807224,0.5622304772385315
100% would put mind into robot,neither,0.03898737297846968,0.3264752418705906,0.6345373851509398
Ty,neither,0.03945320844208391,0.33037608806864915,0.630170703489267
What's the most practical superpower you've seen in fiction?,neither,0.02961665516197937,0.330501575423069,0.6398817694149516
@Riley_wolf209 thats what we don't know,neither,0.0459174467358913,0.32873524342903143,0.6253473098350774
boy these quesitons,offensive_language,0.06025435098266772,0.49596029744377135,0.4437853515735609
wouldn't your lifespan be the lifespan of the machine you upload into... which is not that long in todays technology,neither,0.06332867285567055,0.3523318802383536,0.5843394469059758
!rbschedule,neither,0.03945320844208391,0.33037608806864915,0.630170703489267
Find the unfinished rebroadcast schedule for the weekend here: http://bit.ly/WeekRebroadcast,neither,0.05904738035105781,0.17020024858160615,0.7707523710673361
we do not have the the HOS scale number of adamantium or vibranium,offensive_language,0.03946525504000957,0.7009077815171313,0.2596269634428592
And that's how we get the Borg....,neither,0.03221261127874552,0.32986981344019467,0.6379175752810599
problem is trying to make technology thats only 10atoms wide,neither,0.04951126218291904,0.3258537744817726,0.6246349633353083
mass = mass,neither,0.03945320844208391,0.33037608806864915,0.630170703489267
Probably uses Pym particles,neither,0.03810063922710707,0.35333271757117163,0.6085666432017214
C) OWWWWW,neither,0.03945320844208391,0.33037608806864915,0.630170703489267
Question: You said that super-strength is something you wouldnt want. What other super powers would you not want?,neither,0.06774951611563569,0.40491575943484004,0.5273347244495243
!rbschedule,neither,0.03945320844208391,0.33037608806864915,0.630170703489267
Find the unfinished rebroadcast schedule for the weekend here: http://bit.ly/WeekRebroadcast,neither,0.05904738035105781,0.17020024858160615,0.7707523710673361
"Help G&S make great content! $4.99/month gets you emotes, Minecraft server access, sub-only VODs, and more! Every sub keeps the channel alive! twitch.tv/geekandsundry/subscribe",neither,0.043907990691603095,0.31135964332838284,0.644732365980014
"he'd hulk out, break the suit, grow big again",neither,0.02920803372274895,0.3822367905811821,0.588555175696069
but for hulk to grow he has to reduce his density,neither,0.07102022268678897,0.2968028575962076,0.6321769197170034
QUESTION: Can quantum levitation be used for vehicles?,neither,0.0352653640233443,0.305954896323793,0.6587797396528626
"awesome, thanks",neither,0.03702831964595965,0.31007038148356736,0.652901298870473
i usually breath form my pants suit as well..,neither,0.0315757816645483,0.4004745583738041,0.5679496599616476
How can we restart the core of mars to keep a hydrogen atmosphere?,neither,0.04264666997092923,0.31803992888383303,0.6393134011452378
"no, feel shockwave maybe",neither,0.0383865943534889,0.3484793127930604,0.6131340928534508
Want the inside scoop? Join the cast of Critical Role and discuss this episode right here on Talks Machina. Tuesdays 7pm Pacific at twitch.tv/geekandsundry and projectalpha.com,neither,0.04630302093207864,0.22484473131932575,0.7288522477485957
QUESTION: How can we restart the core of mars to keep a hydrogen atmosphere?,neither,0.04245265206131121,0.31874854719534496,0.6387988007433438
no shockwave in space either,neither,0.03861788874270118,0.34455364337787303,0.6168284678794258
you would heard the gases strike your ship though,neither,0.07443502009429127,0.3381206568240432,0.5874443230816656
"@evender_ you need to re-introduce water, its not in the core",neither,0.06178474896826829,0.3291020458421864,0.6091132051895453
no air but there is hydrogen and the atoms of the ship to transmit the waves,neither,0.04334780460214635,0.2742887053448224,0.6823634900530312
But spaceship has a lot of air in them though.,neither,0.046422294369763126,0.32719439285694707,0.6263833127732897
@rurutu no air-based shockwave. but if the explosion sends out matter that hits you,neither,0.029707390557515572,0.41793965067600064,0.5523529587664838
"@duskiedude yeah, less than in SPACE",neither,0.025539093885545587,0.4291206393491172,0.5453402667653373
You need a lot more energy to actually get waves in space,neither,0.054626211725750946,0.35321138921816214,0.5921623990560869
"@rurutu but i guess that's shrapnel not a shockwave so ya, my terminology was wrong",offensive_language,0.01745001175219624,0.6554715925343864,0.32707839571341746
