text,top_class,hate_speech,offensive_language,neither
"The channel has gone live. If you cannot see the folks in the studio , please refresh.",neither,0.03723955741942503,0.3496909644204777,0.6130694781600973
don't think this is my actual account though but knew I had one connected to my facebook,neither,0.024016307930699532,0.4637782158784525,0.5122054761908479
"Oh, that's why my icon changed.",neither,0.02425116421077252,0.4027608889929412,0.5729879467962863
"repeat The channel has gone live. If you cannot see the folks in the studio , please refresh.",neither,0.0373634929483334,0.34859131571055346,0.6140451913411132
bidet from sj,neither,0.04228451509352876,0.2823214250720796,0.6753940598343917
Yay the Mercer Pillow is back!,neither,0.0458338959740892,0.31364471542021255,0.6405213886056984
can i send an error report to the creative team?,neither,0.04330961501035578,0.31185076986976684,0.6448396151198775
Stay turnt. LOL!,neither,0.031301675642386374,0.3897948269730169,0.5789034973845968
Loving the Matt body pillow XD,neither,0.03879109299456537,0.31834176419458193,0.6428671428108528
Bidet from Rolla Mo,neither,0.040912083971464244,0.30561516297332675,0.653472753055209
Bidet from Ohio.,neither,0.040754399270683486,0.3082914838698526,0.650954116859464
Who's on tonight?,neither,0.03219449630939791,0.40065554799937175,0.5671499556912303
frens im clicking help and nothing is happening,neither,0.042249212952908115,0.35565926153935035,0.6020915255077415
it is a body pillow lol,neither,0.03739069214285634,0.38194893914334205,0.5806603687138016
"Help G&S make great content! $4.99/month gets you emotes, Minecraft server access, sub-only VODs, and more! Every sub keeps the channel alive! twitch.tv/geekandsundry/subscribe",neither,0.043907990691603095,0.31135964332838284,0.644732365980014
"Our guests this week are Liam and Taliesin, discussing episode 10!",neither,0.0529678043993891,0.2811118319688295,0.6659203636317813
Bidet from Ohio!,neither,0.040754399270683486,0.3082914838698526,0.650954116859464
That was from the Windows update that happened during Shield Of Tomorrow. :P,neither,0.03498663517723434,0.3605241667258606,0.6044891980969052
But there are no folks in the studio....Just a pillowguy.,neither,0.04929917874799939,0.28548457959843226,0.6652162416535684
just adds lol,neither,0.027720670026283242,0.4086319570365191,0.5636473729371977
dat MUSIC yo!,neither,0.03965380884318151,0.4218496115831727,0.5384965795736459
Bidet from MD!,neither,0.04062582848913359,0.31047366557575606,0.6489005059351104
whoops.,neither,0.03945320844208391,0.33037608806864915,0.630170703489267
hello!!,neither,0.03945320844208391,0.33037608806864915,0.630170703489267
don't even know if I am being seen lol,neither,0.017315623178974983,0.45661353583920056,0.5260708409818243
I wonder if they'll get a whole set of plushes to match the Jester one,neither,0.029507646005435893,0.3799772989382644,0.5905150550562996
I see a couple of arms over there by the monitors.,neither,0.037075248640718664,0.3187443678224779,0.6441803835368035
Yes error messages,neither,0.03945320844208391,0.33037608806864915,0.630170703489267
FeelsBadMan Error,neither,0.03945320844208391,0.33037608806864915,0.630170703489267
nice picture,neither,0.03945320844208391,0.33037608806864915,0.630170703489267
say yo if you can see me,offensive_language,0.026485038713591407,0.5740661845632258,0.39944877672318285
look at those giant sewer dogs!,neither,0.05781631762543638,0.29559258048759296,0.6465911018869708
Bidet1,neither,0.03945320844208391,0.33037608806864915,0.630170703489267
"New song for the fan art reel ""Welcome to Wildemount"" by Colm McGuinness - https://www.youtube.com/watch?v=WEQC2HyhgTc",neither,0.043642232952841864,0.2873620236928719,0.6689957433542861
The Matt body pillow is just chilling on the couch.,neither,0.03842727019126135,0.33019633541952803,0.6313763943892107
Bodies!,neither,0.03945320844208391,0.33037608806864915,0.630170703489267
Welcome to Wildemount all. Even on Talks we are going to Wildemount,neither,0.06878886019321667,0.3862157545678284,0.5449953852389551
that would be so cute! the plushy Nein!,neither,0.03564565172694757,0.3730962627314388,0.5912580855416135
for teh lols,neither,0.023896577328981292,0.2538532852897668,0.7222501373812519
@hauwkmartin i see you,offensive_language,0.09082037091224987,0.45847253898735657,0.4507070901003935
uh yo?,neither,0.03968351038177139,0.43057719066999633,0.5297392989482324
I can never say no to a good cello...,neither,0.04066718816830623,0.3833500935864321,0.5759827182452616
gandsSCANLAN,neither,0.03945320844208391,0.33037608806864915,0.630170703489267
"@hauwkmartin not in like a creepy way tho, fyi",neither,0.04294404027813135,0.3534089339392276,0.603647025782641
that body pillow...,neither,0.03536193658429992,0.3749178998548725,0.5897201635608277
"Ugh, this theme song is so Epic",neither,0.044607866236055345,0.36606090228840915,0.5893312314755355
"I keep clicking ""Stay Turnt"" but it's asking for my credit card number",neither,0.027402481094415714,0.3666971369282174,0.605900381977367
the matt body pillow is lounging invitingly for us,neither,0.06913836261076915,0.2898611290721868,0.6410005083170441
how is everyone,neither,0.04174190257704939,0.4592949296925435,0.49896316773040705
i love the Matt pillow!,neither,0.03610066136998103,0.32757540535817853,0.6363239332718404
I love this music!,neither,0.03535883441880846,0.3512913545446099,0.6133498110365816
yeh thanks,neither,0.035884468650613,0.3004919205142699,0.6636236108351171
who made this picture? 10/10 nice,neither,0.039800652431637495,0.37627955447978106,0.5839197930885814
the perfect image if you cant come up with an idea XD,neither,0.026278574828141346,0.45816288416795653,0.515558541003902
good @Loyalbluefox28,neither,0.037820165765928906,0.33093776632913474,0.6312420679049364
bidet and beep beep from Lakeland Florida!!!!,neither,0.03970751448156556,0.25810042716446263,0.7021920583539719
Why is there a pillow of Matt in the room?,neither,0.03544641773899584,0.29811981365682,0.6664337686041842
that pillow,neither,0.03441373728318629,0.3854653984740369,0.5801208642427768
been looking for a cheep alternative to spotify for my games,neither,0.02540793825870396,0.3535430260264602,0.6210490357148357
@silverw0lf212 why not?,neither,0.019254511639927464,0.36928594044212826,0.6114595479179443
Best pillow,neither,0.038398536064073244,0.3215443973595723,0.6400570665763545
i sincerely hope that the matt pillow becomes a permanent thing,neither,0.05471735323952291,0.28021965580656494,0.6650629909539122
I’m so glad they’re using this music.,neither,0.05031369131736603,0.4009711682247514,0.5487151404578827
Does Matt know about that pillow? :P,neither,0.02560727653282997,0.47227462722043595,0.5021180962467341
what up my dudes,offensive_language,0.028449592885136703,0.4980533065381475,0.47349710057671573
@silverw0lf212 to snuggle,neither,0.04754392689132449,0.32567743738237265,0.6267786357263028
"I do too, but I think I'd rather have one of those lifesize cardboard cutouts of Matt so I could put it by my front door to guard my apartment.",neither,0.03893382826845739,0.43020267101698706,0.5308635007145555
Awesome music!,neither,0.03945320844208391,0.33037608806864915,0.630170703489267
@silverw0lf212 I think the better question is why hasn't been always in the room.,neither,0.0344499167838938,0.35039855597401265,0.6151515272420935
the real question is why ISNT there pillows of everyone else?,neither,0.02810414283151319,0.44072725352445424,0.5311686036440325
Because we need Matt there even when he's not.,neither,0.03368218456932225,0.34994214183396793,0.6163756735967097
Bidet from NJ,neither,0.04069404815304118,0.30931579984010865,0.6499901520068502
@maddnerd Better.,neither,0.03945320844208391,0.33037608806864915,0.630170703489267
Bidet,neither,0.03945320844208391,0.33037608806864915,0.630170703489267
he is about to find out,neither,0.065883206198416,0.2612289288305605,0.6728878649710235
Can we buy the Matt pillow?,neither,0.03882891843178872,0.31568162088330215,0.6454894606849093
Sam needs to have a pillow that has a picture of that pillow with a picture of that pillow on it.,neither,0.032225206864011306,0.3910334245268047,0.576741368609184
anyone know the epic song ?,neither,0.03829705681258118,0.3227085712450312,0.6389943719423877
I think it would be great with Matt on the show AND the pillow haha...might get a little awkward haha,neither,0.03269899406532335,0.3435737061850035,0.623727299749673
have Synscape but I use my ipad for the game and it doesn't play when your not on it,neither,0.014943789403544402,0.4061866715387087,0.5788695390577469
Bidet from Washington!!,neither,0.04080695066346891,0.3073995495860776,0.6517934997504536
got I love this song so much,neither,0.030986322785411503,0.45080554735837874,0.5182081298562097
lmao stay turnt,neither,0.03839099884263863,0.3484045571173887,0.6132044440399725
Bidet from MD!,neither,0.04062582848913359,0.31047366557575606,0.6489005059351104
bidet,neither,0.03945320844208391,0.33037608806864915,0.630170703489267
*facepalms at everyone*,offensive_language,0.030270390201357036,0.49980279843286046,0.46992681136578257
Bidet from Australia,neither,0.04062582848913359,0.31047366557575606,0.6489005059351104
@Kitzara there's a video on Twitter of Matt opening it...he's aware,neither,0.043113465353897276,0.3225207039779265,0.6343658306681761
i wonder if anyone will facetime in again,neither,0.026329359905177575,0.37568571999697636,0.597984920097846
i believe this song is fanmade,neither,0.048722689992565474,0.3377363029512123,0.6135410070562223
the matt pillow kills me XD,neither,0.03315591803303463,0.34791957881504243,0.618924503151923
the music is incredible,neither,0.0470878073116742,0.3107453547393572,0.6421668379489686
thesong is welcome to wildemount,neither,0.06449204766177317,0.31946355921233016,0.6160443931258966
has a quick go with the matt body pillow,neither,0.032225867042454795,0.34257624912669554,0.6251978838308496
"Guard matt would be hillarious. Burglar breaks in, rounds corner in dark, meets with the cold gaze of Matt in leathers, leaning against the wall...",neither,0.03521717892434142,0.32288023449543807,0.6419025865802205
@ShurikenSean Welcome to Wildemount,neither,0.05036155158341772,0.3241161757817237,0.6255222726348585
"New song for the fan art reel ""Welcome to Wildemount"" by Colm McGuinness - https://www.youtube.com/watch?v=WEQC2HyhgTc",neither,0.043642232952841864,0.2873620236928719,0.6689957433542861
Bidet from IN,neither,0.041809934750563944,0.290376292048192,0.667813773201244
This is how nerdy I am. I was just thinking well if they used a \ instead of a / then it might find the file.,neither,0.03164989935901256,0.31358336581092155,0.6547667348300659
I'm not sure how much Matt wants a body pillow of him to be sold on the store.,neither,0.04706372038260836,0.3984301829835201,0.5545060966338715
bidet from ontario canada guys,neither,0.040192557975052744,0.317827396945645,0.6419800450793023
omg matt mercer body pillow,neither,0.03945320844208391,0.33037608806864915,0.630170703489267
That body pillow though,neither,0.03585775965017108,0.3694322183662826,0.5947100219835463
@shurikensean welcome to wildemount by colm mcguinnexd,neither,0.05049184741652045,0.3864115950745842,0.5630965575088953
Bidet from Wisconsin,neither,0.04071751644889743,0.3089174816120565,0.6503650019390461
you can find it on youtube!,neither,0.05890894035690744,0.2863925136335202,0.6546985460095724
The error is right about itself,neither,0.04299298115544655,0.35120684713342637,0.6058001717111271
Bidet from Oakland CA!,neither,0.04043211762049359,0.3137614445616591,0.6458064378178473
support the creator!,neither,0.07189693302531458,0.30319408381046353,0.6249089831642218
bidet from NZ,neither,0.04228451509352876,0.2823214250720796,0.6753940598343917
Body pillow returns!,neither,0.03945320844208391,0.33037608806864915,0.630170703489267
ohh lol okay thanks @JollyGreen1881,neither,0.030830511837789162,0.3612601635245701,0.6079093246376407
yeah that could get weird,neither,0.02123780686132166,0.47646398471827767,0.5022982084204008
I love this song sooo much!!!!,neither,0.0328487951953323,0.3527290656526411,0.6144221391520266
A Liam pillow would be most excellent.,neither,0.039318031969006656,0.32924413768647076,0.6314378303445226
Yeah this is the new song they are using for Artwork... started last week,neither,0.040765867274600874,0.3376978591216898,0.6215362736037093
What happens if you click help?,neither,0.05667603984408791,0.4052739597102897,0.5380500004456223
Is that Taliesin?,neither,0.05154613418987003,0.42924314326430335,0.5192107225458266
Nothing in Twitch,neither,0.03691046354286697,0.37353310504374815,0.5895564314133849
I am currently watching the episode from which BIDET originates! So happy to be in the loop ;),neither,0.04277448975554665,0.3262039725907476,0.6310215376537058
and yes,neither,0.0382233935470433,0.26306426998610316,0.6987123364668535
Hullo all!,offensive_language,0.046917543854519406,0.6277741405869331,0.3253083155585475
This song goes perfectly with a Matt Mercer body pillow coming with the cavalry in the sunrise.,neither,0.02813922637881554,0.3548556626031342,0.6170051110180503
Let there be Brian!!,neither,0.024626746279049327,0.3219471399519023,0.6534261137690484
"@dilandau87 a nest of windows open up, and y then you experience the blue screen of death",neither,0.04476013354863266,0.34883406177988074,0.6064058046714866
@shurikensean what everyone else said. The artist is KawlumPlaysGuitar on YouTube,neither,0.041494159434503686,0.39574878855600965,0.5627570520094868
gotta focus in that camera :),neither,0.03462043507978257,0.3922441240762809,0.5731354408439365
Bidet!,neither,0.03945320844208391,0.33037608806864915,0.630170703489267
evening all!,neither,0.041793358651534496,0.4229818652092969,0.5352247761391685
...is that a mercer body pillow?,neither,0.043457506839706124,0.37025609237329066,0.5862864007870032
need a sam pillow,neither,0.03927942310387116,0.32892083202054606,0.6317997448755829
Bidet from Georgia,neither,0.04066490145509902,0.30981049537100724,0.6495246031738937
Help = BSOD,neither,0.03945320844208391,0.33037608806864915,0.630170703489267
What Episode is that @kinemagichemistry \,neither,0.051484750539443305,0.3704271933517692,0.5780880561087876
@drektopia Yep,neither,0.03945320844208391,0.33037608806864915,0.630170703489267
love me a double reeded squacky instrument sipsGasm,neither,0.027518297111082363,0.3961803588256138,0.5763013440633038
bidet from ca,neither,0.04084513770590474,0.30675141581570226,0.6524034464783931
That is indeed a Matt Mercer body pillow,neither,0.0421137344587848,0.35763879092225154,0.6002474746189637
Hey hey,neither,0.03945320844208391,0.33037608806864915,0.630170703489267
"@cbowman73 - That's an interesting thought. No one would give a second thought to making man pillows, but does it get weird suggesting female pillows?",neither,0.032453287139741445,0.3842570582007461,0.5832896546595125
bogaHey bogaHey bogaHey bogaHey,neither,0.03945320844208391,0.33037608806864915,0.630170703489267
@drektopia yes,neither,0.03945320844208391,0.33037608806864915,0.630170703489267
Hi,neither,0.03945320844208391,0.33037608806864915,0.630170703489267
when did they steal my pillow?,neither,0.023523906587751862,0.4403352431700179,0.5361408502422302
I *need* that body pillow.,neither,0.035534205693148184,0.3697126493686411,0.5947531449382106
bidet from TN,neither,0.040769555981420263,0.3080342349327864,0.6511962090857933
shenanigans..,neither,0.03945320844208391,0.33037608806864915,0.630170703489267
Wtf are they doing....,offensive_language,0.08022413211645792,0.5689198468493559,0.350856021034186
bidet from tampa FL,neither,0.04036266062233628,0.31494031108870923,0.6446970282889545
Bidet from South Dakota my dudes,neither,0.03138888150630046,0.3833503976684449,0.5852607208252547
"@dsmounts episode 60, the first live one",neither,0.03564078285855486,0.342968958313638,0.6213902588278072
what are they doing?,neither,0.09178618922440765,0.26143429092747916,0.6467795198481131
does that spray smell like cabbage?,offensive_language,0.03121097388208542,0.4869574703253771,0.4818315557925375
im in europe and cant sleep. first time it helped me in a way... talks machina live!,neither,0.03212285354651831,0.35741591929748606,0.6104612271559956
lmao what are they doing in there? xD,neither,0.07371439055506518,0.2547415402450447,0.6715440691998901
OMG stop it,neither,0.03749748071274214,0.43710609827791364,0.5253964210093442
lol,neither,0.020706217963973744,0.4882283491876925,0.4910654328483337
BRIAN,neither,0.03945320844208391,0.33037608806864915,0.630170703489267
SCIENCE!,neither,0.03945320844208391,0.33037608806864915,0.630170703489267
i knead on that body pillow,neither,0.032860137240480494,0.3864139715231189,0.5807258912364006
Bidet from NoVA,neither,0.04228451509352876,0.2823214250720796,0.6753940598343917
they are 6,neither,0.11748381152333764,0.22608295668333075,0.6564332317933317
"G'day from Melbourne, Australian",neither,0.04100846677835515,0.29758244193890265,0.6614090912827423
Bidet from IN,neither,0.041809934750563944,0.290376292048192,0.667813773201244
@Whalebait42 - Bidet from an hour north of you. ;-),neither,0.05603582328025266,0.35087997408055766,0.5930842026391897
Get a load of that gaseous form,neither,0.03575042773817418,0.3733116364484404,0.5909379358133855
lol,neither,0.020706217963973744,0.4882283491876925,0.4910654328483337
BRIAN,neither,0.03945320844208391,0.33037608806864915,0.630170703489267
i think the last thing that set needs is extra scent of cabbage :P,neither,0.041576348654807097,0.33881482922469924,0.6196088221204936
Eep.,neither,0.03945320844208391,0.33037608806864915,0.630170703489267
omg what are they doing,neither,0.07906395904088304,0.27479060023744345,0.6461454407216737
Bidet from Colorado,neither,0.04066490145509902,0.30981049537100724,0.6495246031738937
Yea I'd cvall it 14,neither,0.03764968598530593,0.33468893188318577,0.6276613821315083
Bidet from Michigan,neither,0.040769555981420263,0.3080342349327864,0.6511962090857933
Yei wilmoundt,neither,0.03945320844208391,0.33037608806864915,0.630170703489267
a wild brian appears,neither,0.03945320844208391,0.33037608806864915,0.630170703489267
hi!!,neither,0.03945320844208391,0.33037608806864915,0.630170703489267
bidet from nw PA,neither,0.04034574383703774,0.31522743308451706,0.6444268230784452
lol the error,neither,0.029912357167342796,0.3733166601612604,0.5967709826713967
bidet from western Colorado,neither,0.04035096305996787,0.3151388492503063,0.6445101876897258
Bidet from Mexico,neither,0.040769555981420263,0.3080342349327864,0.6511962090857933
Does this start the top of the hour?,neither,0.02722173039175545,0.4115306292670615,0.561247640341183
Also bidet from Colorado,neither,0.04048244718769107,0.3129072204566142,0.6466103323556948
Goth dad!,neither,0.03945320844208391,0.33037608806864915,0.630170703489267
hey its taliesin,neither,0.030888563016920917,0.3333218623673391,0.63578957461574
Ewwww brian,neither,0.03945320844208391,0.33037608806864915,0.630170703489267
There's Tal,neither,0.03937607490075162,0.2849507453636636,0.6756731797355848
Bidet from Lakeland FL getting turnt,neither,0.036914541437071895,0.3734638925366348,0.5896215660262933
Bidet,neither,0.03945320844208391,0.33037608806864915,0.630170703489267
Bidet from Oregon,neither,0.04071751644889743,0.3089174816120565,0.6503650019390461
"There's Tal, lol.",neither,0.031770617725787355,0.3409891194733941,0.6272402628008186
"Bidet from Toronto, more or less",neither,0.04193045386627155,0.30705197336179063,0.6510175727719378
Bidet from Arizona!,neither,0.04078317879478948,0.307803020237201,0.6514138009680096
it is usually late.,neither,0.04637816987504189,0.3279942762835759,0.6256275538413822
Bidet from WA!,neither,0.04071751644889743,0.3089174816120565,0.6503650019390461
BIDet from nyc,neither,0.04081748366884477,0.3072207769958956,0.6519617393352596
bidet from BC,neither,0.041095261662497835,0.30250615950080734,0.6563985788366947
@cassiebanks only if someone makes it weird. LOL,neither,0.019511408449159037,0.42385332838332235,0.5566352631675187
Bidet from georgia,neither,0.04066490145509902,0.30981049537100724,0.6495246031738937
The hair. No blurring can disguise the hair.,neither,0.03790893413147518,0.3149816480746624,0.6471094177938624
Bidet from the East Coast,neither,0.03957574166208066,0.29812588388908123,0.6622983744488381
Starts at 7pm PDT,neither,0.03874525987022824,0.3519322798786093,0.6093224602511625
Bidet from Indiana!,neither,0.0408364874901429,0.30689823255244486,0.6522652799574122
Bidet from Virginia danoHi,neither,0.04079557052152802,0.30759270029461827,0.6516117291838538
Tal and Liam on this evening ^.^,neither,0.03695086464969603,0.3131940234359161,0.6498551119143879
<3 to fellow Colorado Critters,neither,0.0456660083058448,0.32673763744113987,0.6275963542530154
Wonder Con Saturday March 24 & Sunday March 25th 2018 info link https://twitter.com/GeekandSundry/status/973315845467258880,neither,0.039156765597983104,0.3751767353980056,0.5856664990040114
Bidet from Chiacgo!,neither,0.04228451509352876,0.2823214250720796,0.6753940598343917
bitet from vancouver island,neither,0.0408364874901429,0.30689823255244486,0.6522652799574122
Bidet from Jersey Folks,neither,0.04052085381221133,0.3122553598052027,0.647223786382586
bidet from Michigan!,neither,0.040769555981420263,0.3080342349327864,0.6511962090857933
"Bidet Sparks, NV",neither,0.03945320844208391,0.33037608806864915,0.630170703489267
Bidet from Georgia,neither,0.04066490145509902,0.30981049537100724,0.6495246031738937
Be Pleased.........,neither,0.04002562477733436,0.33516942876397554,0.6248049464586901
Bidet from Huntington Beach,neither,0.04078317879478948,0.307803020237201,0.6514138009680096
What is Dani's shirt?,neither,0.053047973187274375,0.32380315753091704,0.6231488692818086
^-^ Its Goth Dad! <3,neither,0.03368120310975938,0.33236134538121787,0.6339574515090228
just got that every was saying Bidet was like Bidett what is that lol,offensive_language,0.033439764905507624,0.4886184339625589,0.47794180113193363
!whodat,neither,0.03945320844208391,0.33037608806864915,0.630170703489267
"Brian Wayne Foster ( twitter.com/BrianWFoster ), Liam O'Brien ( twitter.com/VoiceOfOBrien ), Taliesin Jaffe ( twitter.com/executivegoth ).",neither,0.03875919464747324,0.44821175087414067,0.513029054478386
Bidet from Portland Oregon!,neither,0.040371808140217125,0.31478505383715205,0.6448431380226308
"I almost went to bed, and then I realized...oh crap Talks is on haha",neither,0.04615213742404339,0.3244948934503971,0.6293529691255596
"New song for the fan art reel ""Welcome to Wildemount"" by Colm McGuinness - https://www.youtube.com/watch?v=WEQC2HyhgTc",neither,0.043642232952841864,0.2873620236928719,0.6689957433542861
my pc won't run the twitch stream... #irritated,neither,0.03243101299342119,0.3689985833851121,0.5985704036214666
Bidet from BC,neither,0.041095261662497835,0.30250615950080734,0.6563985788366947
Bidet from California,neither,0.06971251856910227,0.2972619859879888,0.633025495442909
that body pillow. lmao,neither,0.03480287330938707,0.38700287918287674,0.5781942475077362
"bidet from Buffalo, NY!",neither,0.04043211762049359,0.3137614445616591,0.6458064378178473
Hi Dani! :-),neither,0.03945320844208391,0.33037608806864915,0.630170703489267
Bidet from Louisiana,neither,0.04062582848913359,0.31047366557575606,0.6489005059351104
That mathew body pillow though,neither,0.03585775965017108,0.3694322183662826,0.5947100219835463
bidet from Houston,neither,0.040875471929787875,0.3062365648703896,0.6528879631998226
Bidet from Vancouver,neither,0.04228451509352876,0.2823214250720796,0.6753940598343917
C2E2 April 7th and 8th Convention Info https://twitter.com/GeekandSundry/status/971946858963615745,neither,0.0385458773174857,0.3679959645278679,0.5934581581546464
Rat fight!,neither,0.03945320844208391,0.33037608806864915,0.630170703489267
Yeeee,neither,0.03945320844208391,0.33037608806864915,0.630170703489267
@mangle81 - I was thinking the same thing when she walked in front of the camera.,neither,0.033232795158586854,0.39620846826935696,0.5705587365720561
This is gonna be good,neither,0.04868796351761746,0.39808695121272,0.5532250852696626
I love this SHOW,neither,0.05833385288354363,0.23792695023094135,0.703739196885515
NOw the rats are kissing,neither,0.06053803122111283,0.277496031615445,0.6619659371634421
Curse your sudden but inevitable betrayal!,neither,0.0637474931074437,0.33182688634390856,0.6044256205486477
Bidet!,neither,0.03945320844208391,0.33037608806864915,0.630170703489267
and the rats,neither,0.03774871432504241,0.2681903135125707,0.6940609721623869
michiganas well,neither,0.03945320844208391,0.33037608806864915,0.630170703489267
Rats hahaha,neither,0.03945320844208391,0.33037608806864915,0.630170703489267
taliesin gandsLessthanthree gandsLessthanthree,neither,0.03945320844208391,0.33037608806864915,0.630170703489267
Critical Role Transcripts - Help transcribe an episodehttps://twitter.com/CRTranscript/status/975863862951104512,neither,0.03920594666415812,0.3983561679396645,0.5624378853961775
Bidet from work,neither,0.041217964622732944,0.30042357003640935,0.6583584653408577
anyone else snowed in tomorrow?,neither,0.03945320844208391,0.33037608806864915,0.630170703489267
this song has me so hyped for a talkshow. lol,neither,0.024611494963198487,0.41119208723513656,0.564196417801665
!clock,neither,0.03945320844208391,0.33037608806864915,0.630170703489267
It is currently Tuesday 6:52 PM at the Geek & Sundry studio in California.,neither,0.05111542712416624,0.32964307715416197,0.6192414957216718
https://clips.twitch.tv/SpicyAnimatedEggplantDendiFace,neither,0.03945320844208391,0.33037608806864915,0.630170703489267
it makes me so happy that the matt body pillow is still there,neither,0.03502692649985603,0.3768964113223289,0.5880766621778151
X,neither,0.03945320844208391,0.33037608806864915,0.630170703489267
Did he just sit on Mat's face....,neither,0.03762680932448967,0.3553008037495978,0.6070723869259125
@hauwkmartin It's Grog's way of saying Good Day,neither,0.03006464877100175,0.3193187447016563,0.650616606527342
nice,neither,0.03945320844208391,0.33037608806864915,0.630170703489267
Bidet from Alabama,neither,0.04078317879478948,0.307803020237201,0.6514138009680096
Help,neither,0.03945320844208391,0.33037608806864915,0.630170703489267
*raises hand*,neither,0.03945320844208391,0.33037608806864915,0.630170703489267
rat play time,neither,0.03827021044074726,0.3504546515300946,0.6112751380291581
404 humor.exe not found,neither,0.03857947024002973,0.333644311189416,0.6277762185705542
Bidet from Texas!! Texblades assemble!,neither,0.040937266849991,0.30518774380265185,0.6538749893473571
OMG not just the screen,neither,0.032962737736557994,0.3400384325797692,0.6269988296836728
I click the Help button.,neither,0.03871064763923372,0.3168507818500616,0.6444385705107046
when its gonna start?,neither,0.02272322730201911,0.44035958684340953,0.5369171858545714
meow,neither,0.03945320844208391,0.33037608806864915,0.630170703489267
they're calling for a few more inches,neither,0.04859050108571981,0.2802927096727401,0.6711167892415401
very well done,neither,0.038614009341274465,0.3446194869445154,0.6167665037142102
help,neither,0.03945320844208391,0.33037608806864915,0.630170703489267
Hello you lovely critters! :),neither,0.05712551428296434,0.37997490870654177,0.5628995770104939
ah zoom,neither,0.03945320844208391,0.33037608806864915,0.630170703489267
"yes, yes, Tal is sitting on matt's face.",neither,0.04223710201154223,0.3366169993071362,0.6211458986813215
The inevitable betrayal has occurred. ..(dinosaur fight in for ground),neither,0.033728992895364414,0.28431941579758824,0.6819515913070473
8 mins folks,neither,0.03945320844208391,0.33037608806864915,0.630170703489267
help,neither,0.03945320844208391,0.33037608806864915,0.630170703489267
windows error!,neither,0.03945320844208391,0.33037608806864915,0.630170703489267
7 minutes,neither,0.03945320844208391,0.33037608806864915,0.630170703489267
hehehe,neither,0.03945320844208391,0.33037608806864915,0.630170703489267
"did anyone see that fanart with Jester holding a balloon, but the balloon was a gassy poop rat?",neither,0.03146394985936678,0.36175495756434256,0.6067810925762906
gj zoom person!,neither,0.03945320844208391,0.33037608806864915,0.630170703489267
Bidet from Tennessee,neither,0.04071751644889743,0.3089174816120565,0.6503650019390461
Bidet from a sick critter in Missouri!,neither,0.04048160425906378,0.3129215271552876,0.6465968685856486
no bring back the rat smoochums,neither,0.037870082711846303,0.3283436831482267,0.633786234139927
@Wherethefackislarkin the show starts at at the nearest hour,neither,0.04661974690799855,0.2910143574411179,0.6623658956508837
bidet from PA!,neither,0.04069404815304118,0.30931579984010865,0.6499901520068502
tal's doin shadow puppets lmaooo,neither,0.037319968368638476,0.3665827394279727,0.5960972922033888
"@canaahawke ""That's hot""",neither,0.03297206270341179,0.40162670319020816,0.5654012341063801
Good hand puppets,neither,0.03884507929295448,0.3305852515691633,0.6305696691378823
There needs to be a Talks Pajama Party,neither,0.04448546853961446,0.2996109482570027,0.6559035832033828
curse you Microsoft you win this round!,neither,0.06560340196162442,0.40309249901146466,0.5313040990269109
Tal is doing doggy hands,neither,0.04511125050693246,0.32843002794961973,0.6264587215434478
who is on tonight?,neither,0.04263739210545923,0.3923205286799001,0.5650420792146407
I love the firefly reference @Minajustiza,neither,0.03528715836971165,0.32698032091238927,0.6377325207178992
bidet from NY,neither,0.04084513770590474,0.30675141581570226,0.6524034464783931
i love the little things that lead up to the show. good work guys! love you!,neither,0.05258985441271111,0.36502061617120285,0.582389529416086
Pardon me as I !whodat,neither,0.023218361801299457,0.4661286378246948,0.5106530003740058
"Also if my line buddies from Kentucky are here, heyo!",neither,0.05685238482094815,0.3580966472212217,0.5850509679578302
Bidet from Texblades,neither,0.04228451509352876,0.2823214250720796,0.6753940598343917
bidet from RI,neither,0.04069404815304118,0.30931579984010865,0.6499901520068502
@Krall85 - Feel better soon!,neither,0.03945320844208391,0.33037608806864915,0.630170703489267
get well soon @Krall85 tenchiLove,neither,0.038805782438217785,0.341364597001486,0.6198296205602962
"@iDontCareL ay, thanks",neither,0.03715961981072129,0.3111698721589682,0.6516705080303106
Tal and liam,neither,0.038785046710499864,0.2971224848814248,0.6640924684080753
"Our guests this week are Liam and Taliesin, discussing episode 10!",neither,0.0529678043993891,0.2811118319688295,0.6659203636317813
@steelbubbles000 looks like tal and liam,neither,0.0466857432613602,0.3105274636306114,0.6427867931080284
gandsTrinket,neither,0.03945320844208391,0.33037608806864915,0.630170703489267
BIdet from Mexico!,neither,0.040769555981420263,0.3080342349327864,0.6511962090857933
https://clips.twitch.tv/StormyCrazyInternDeIlluminati,neither,0.03945320844208391,0.33037608806864915,0.630170703489267
Thanks team,neither,0.036764988589307934,0.30786528111786987,0.6553697302928222
Bidet everyone :) Super excited for this episode,neither,0.030865538052706466,0.3862968434932638,0.5828376184540298
AHHHHH THIS MUSIC,neither,0.03936127887839828,0.3319363726814375,0.6287023484401641
Episode 10...,neither,0.03945320844208391,0.33037608806864915,0.630170703489267
Bidet from CT,neither,0.04066490145509902,0.30981049537100724,0.6495246031738937
gandsNatTwenty,neither,0.03945320844208391,0.33037608806864915,0.630170703489267
"Thanks, folks.",neither,0.03698142517206071,0.30967769319659283,0.6533408816313464
gandsNopeNopeNope Producer humor,neither,0.03945320844208391,0.33037608806864915,0.630170703489267
would tal’s dog shadow puppet go...bjork?,neither,0.03977147498459532,0.3294894250109645,0.6307391000044401
"Bidet, everyone!",offensive_language,0.02988896790634741,0.4927062106388782,0.4774048214547744
lol hoep that matt pillow is here for every show,neither,0.07429889279189834,0.29345114045350545,0.6322499667545963
Bidet from FL,neither,0.04066490145509902,0.30981049537100724,0.6495246031738937
Bidet from Canada!,neither,0.04071751644889743,0.3089174816120565,0.6503650019390461
Here's to hoping we get some juicy info on Caleb's backstory,neither,0.05931338806471968,0.32963692419126717,0.6110496877440131
The music is fantastic,neither,0.04684589322118343,0.3112961557378719,0.6418579510409446
hello peoples,neither,0.03945320844208391,0.33037608806864915,0.630170703489267
OMG you clipped the rats @JeffM0307,neither,0.05552881519024987,0.358856136239886,0.5856150485698642
@canwejustskipit hallo hallo! ;),neither,0.03945320844208391,0.33037608806864915,0.630170703489267
bidet all :),offensive_language,0.046917543854519406,0.6277741405869331,0.3253083155585475
Bidet from Florida!,neither,0.0408948396164547,0.30590784468201904,0.6531973157015263
Bidet from Baltimore,neither,0.04079557052152802,0.30759270029461827,0.6516117291838538
"New song for the fan art reel ""Welcome to Wildemount"" by Colm McGuinness - https://www.youtube.com/watch?v=WEQC2HyhgTc",neither,0.043642232952841864,0.2873620236928719,0.6689957433542861
bidet from a french hotel bathroom!,neither,0.040289496773173124,0.3161820925514389,0.643528410675388
"Bidet, guys!!!!!",neither,0.03922184957078739,0.3343028519130907,0.6264752985161218
i hope someone asks Tal if he is purposely making everyone think Molly is hitting on Caleb lol,neither,0.045205125579605626,0.3687667346127618,0.5860281398076326
what is bidit?,neither,0.08191733112755817,0.31109320414220176,0.6069894647302402
nothing happens when i click the Stay Turnt button!!!!,neither,0.04249545470151499,0.3718559907878338,0.5856485545106512
Bidet from Iowa!,neither,0.04069404815304118,0.30931579984010865,0.6499901520068502
!song,neither,0.038601720699969956,0.3448280572582511,0.616570222041779
bidet from Victoria BC,neither,0.04052303010603489,0.3122184224193425,0.6472585474746226
Bidet from Boise!,neither,0.04228451509352876,0.2823214250720796,0.6753940598343917
I fricking love this music,neither,0.03535883441880846,0.3512913545446099,0.6133498110365816
So who calls in tonight?,neither,0.036775578315230345,0.41404247651551707,0.5491819451692526
Is that taliesen in the bg,neither,0.042692422838237945,0.35431222284232766,0.6029953543194344
listened to this song about 20 times this week so good,neither,0.04159648227638653,0.3790775043954895,0.5793260133281241
Bidet from Utah!,neither,0.04066490145509902,0.30981049537100724,0.6495246031738937
Bidet from Tasmania,neither,0.04228451509352876,0.2823214250720796,0.6753940598343917
Bidet from Florida!,neither,0.0408948396164547,0.30590784468201904,0.6531973157015263
"bidet from plainsboro, new jersey :)",neither,0.04458029923653559,0.209841401288464,0.7455782994750004
@MoochyDaCat ohhhh lala,neither,0.03945320844208391,0.33037608806864915,0.630170703489267
bidet from Arkansas!,neither,0.04066490145509902,0.30981049537100724,0.6495246031738937
"Bidet, bidet!",neither,0.03945320844208391,0.33037608806864915,0.630170703489267
Bidet from Alberta,neither,0.04062582848913359,0.31047366557575606,0.6489005059351104
@MoochyDaCat I won't even ask...bidet yourself,neither,0.038511633730814884,0.3463570682330672,0.6151312980361179
how is talks machina usually going? only talking about past things or also a possible glimpse into the future? this is my first time :D,neither,0.034904472268727935,0.3938794290357366,0.5712160986955355
Is it just me or does this music feel like firefly??,offensive_language,0.029970276067233535,0.49058458073723366,0.47944514319553283
Who wants to bet Sam will phone in again,neither,0.04447028664884393,0.3798378501020913,0.5756918632490647
does the alpha stream run better? I only subbed here cause it was free but if it'll run better on alpha like the game stream runs better on yt then I'll sub on alpha,neither,0.036283430485403015,0.37478927521998145,0.5889272942946155
Bidet from AZ,neither,0.04078317879478948,0.307803020237201,0.6514138009680096
Bidet from Io-way,neither,0.04063624178208405,0.31295862974420746,0.6464051284737083
I love the creator of this music so much,neither,0.03327669474119578,0.36580467545247186,0.6009186298063324
Liam is sitting on matt's face,neither,0.04290403652114007,0.338033622047771,0.619062341431089
"@MoochyDaCat oh, maybe that was the joke",neither,0.03954186356529773,0.3093204041200278,0.6511377323146744
@Wherethefackislarkin aderHi,neither,0.03945320844208391,0.33037608806864915,0.630170703489267
Song is Welcome to Wildemount,neither,0.05795212014515883,0.3304634143276427,0.6115844655271985
the new theme music rocks,neither,0.04150415186859998,0.24924096301687582,0.7092548851145243
Bidet from Italy,neither,0.04066490145509902,0.30981049537100724,0.6495246031738937
"Bidet from Falkirk, Scotland!",neither,0.04062582848913359,0.31047366557575606,0.6489005059351104
PokBlastoise,neither,0.03945320844208391,0.33037608806864915,0.630170703489267
@JollyGreen1881 only way to stay clean! :D,neither,0.046392854314936234,0.32722703457588953,0.6263801111091741
@rynchirr1 it's Welcome to Wildmount,neither,0.047011008934983924,0.3254474135777553,0.6275415774872607
just got here did i miss anything,neither,0.0627949733020291,0.36091653933639645,0.5762884873615745
bidet from Québec !,neither,0.04228451509352876,0.2823214250720796,0.6753940598343917
Bidet from The Gold Country of NorCal!,neither,0.0454494107672661,0.2944436797262968,0.660106909506437
Bidet from The Basement,neither,0.03960626869327106,0.29088984701269366,0.6695038842940353
bidet critters!,neither,0.03945320844208391,0.33037608806864915,0.630170703489267
Music reminds me more of The Witcher 3 than Firefly. But I guess I can hear a few similarities to that as well.,neither,0.033797898464317605,0.3877729864914862,0.5784291150441963
"""Bidet"" is a reference from the previous campaign from Grog Strongjaw saying ""G'day"" instead with bidet.",neither,0.032806043503233955,0.31221067657067847,0.6549832799260875
bidet all!,offensive_language,0.046917543854519406,0.6277741405869331,0.3253083155585475
@electricwolf6 nope!,neither,0.03945320844208391,0.33037608806864915,0.630170703489267
bidet,neither,0.03945320844208391,0.33037608806864915,0.630170703489267
"New song for the fan art reel ""Welcome to Wildemount"" by Colm McGuinness - https://www.youtube.com/watch?v=WEQC2HyhgTc",neither,0.043642232952841864,0.2873620236928719,0.6689957433542861
bidet from minnesota!,neither,0.04071751644889743,0.3089174816120565,0.6503650019390461
Bidet from Toronto,neither,0.04066490145509902,0.30981049537100724,0.6495246031738937
Bidet from Richmond VA,neither,0.04066490145509902,0.30981049537100724,0.6495246031738937
Bidet from UK,neither,0.04079557052152802,0.30759270029461827,0.6516117291838538
"@electricwolf6 nuttin yet, starting at the nearest hour!",neither,0.0383724974581572,0.33509239845156175,0.626535104090281
I think it is absolutely amazing they used this music...composed by a fan...so good..so so good.,neither,0.04291316527750941,0.4219164169938324,0.5351704177286581
Bidet from Orange Beach Alabama,neither,0.04029737662872249,0.316048350837982,0.6436542725332955
Bidet from Kansas City!,neither,0.04050054910234117,0.3125999837227694,0.6468994671748894
@Wherethefackislarkin a bit of both! and welcome!!! <3,neither,0.03871802985557592,0.2934624952247888,0.6678194749196353
