text,top_class,hate_speech,offensive_language,neither
"OK, Vanessa Marshall and Tomb Raider -- I have to stick around and watch this.",neither,0.04434620190857158,0.294611454082195,0.6610423440092335
Oh my god. Amy's face in that clip! XD,neither,0.03216176944638243,0.3847915237264986,0.5830467068271189
Hi Trisha and Erika!,neither,0.038358606956405694,0.2721397086643902,0.6895016843792041
"Well, in this show they do have a full hour of just gaming in part 2.",neither,0.05778306894348012,0.3000932325773997,0.6421236984791201
#isitTuesdayyet?,neither,0.03945320844208391,0.33037608806864915,0.630170703489267
Hey Erika! XD,neither,0.03945320844208391,0.33037608806864915,0.630170703489267
We have a subscriber-only Discord server! Join here: https://discord.gg/geekandsundry (you'll need to sub and link it to your Twitch) and be a part of the fun!...Warning: It can take up to an hour for the server to update and give you access to the channels,neither,0.08464076273808444,0.286394834032893,0.6289644032290227
jcvimHi Trisha and Erika,neither,0.03763944115734239,0.1918412352459551,0.7705193235967025
Hullo!,neither,0.03945320844208391,0.33037608806864915,0.630170703489267
Good afternoon/ evening folks 😁👍🏻,neither,0.03896332047839707,0.3305445830034688,0.6304920965181342
hrpgHeyo Trish hrpgHeyo Erika,neither,0.03945320844208391,0.33037608806864915,0.630170703489267
Feathers I feel you I need finsh some stuff on campaign I'm making,neither,0.04165299459438271,0.3705432322803905,0.5878037731252268
"I saw Tomb Raider yesterday, I really quite enjoyed it, with all the 1 and 2 star reviews making me really grumpy",neither,0.031764830597323115,0.35935438550734905,0.6088807838953278
Hello fruitHey sodaHP shishWW shishWW,neither,0.03945320844208391,0.33037608806864915,0.630170703489267
"@GeekandSundry Need massive volume increase, at least x4",neither,0.03883355276994995,0.34477766004790145,0.6163887871821487
Hey trish and Erika,neither,0.03823530628758278,0.2638960051144801,0.6978686885979372
"Download the new Critical Role theme song for Campaign Two! http://itunes.apple.com/album/id1331550250?ls=1&app=itunes Sales of the song support the musician, Jason Charles Miller.",neither,0.04445767596344001,0.2510827790306858,0.7044595450058742
Hello!,neither,0.03945320844208391,0.33037608806864915,0.630170703489267
"@GeekandSundry Otherwise, HI TRISHA & ERIKA! :P",neither,0.03945320844208391,0.33037608806864915,0.630170703489267
Love that dress!,neither,0.030987998845573007,0.40248259836213796,0.566529402792289
Mic mash,neither,0.03945320844208391,0.33037608806864915,0.630170703489267
BOOM goes the microphone.,neither,0.03872892557761763,0.31719016722316434,0.6440809071992181
Button mashing for the win,neither,0.033039974558980986,0.28792473447485356,0.6790352909661653
"Help G&S make great content! $4.99/month gets you emotes, Minecraft server access, sub-only VODs, and more! Every sub keeps the channel alive! twitch.tv/geekandsundry/subscribe",neither,0.043907990691603095,0.31135964332838284,0.644732365980014
lol,neither,0.020706217963973744,0.4882283491876925,0.4910654328483337
lol,neither,0.020706217963973744,0.4882283491876925,0.4910654328483337
oh no. Never call the X,neither,0.03853026633533422,0.317900261814505,0.6435694718501608
microtransactions might be viewed differently if the devs paid gamers for doing stuff,neither,0.02477522160661241,0.33744688929135647,0.6377778891020311
she always hangs up on me.,offensive_language,0.02858630393987779,0.5496645849901638,0.42174911106995844
XD,neither,0.03945320844208391,0.33037608806864915,0.630170703489267
beccaRIP,neither,0.03945320844208391,0.33037608806864915,0.630170703489267
I don't know what I just heard. XD,neither,0.04006765453521344,0.3502920481544324,0.6096402973103543
Did I just hear Dynfeld just now,neither,0.031152339692257988,0.3710507984221504,0.5977968618855917
:P,neither,0.03945320844208391,0.33037608806864915,0.630170703489267
Erika Bash!,neither,0.03945320844208391,0.33037608806864915,0.630170703489267
That was not my number. Kappa,neither,0.02654914061454018,0.4397088761431199,0.53374198324234
Hello all! Greetings from Pasadena!,neither,0.04341585141070389,0.40109800203258983,0.5554861465567064
THAT'S why you blow those cartridges?!,neither,0.06655167260596775,0.368487397616235,0.5649609297777972
bring a whole new meaning to blow on the cartridge,neither,0.043569137233248664,0.2691067672240847,0.6873240955426666
"You broke Erika, omg",neither,0.06434789865573377,0.3985019670598153,0.537150134284451
:D,neither,0.03945320844208391,0.33037608806864915,0.630170703489267
,neither,0.03945320844208391,0.33037608806864915,0.630170703489267
Luigi has a package,neither,0.0398838597670735,0.3230668111731776,0.637049329059749
"Wait, drug smuggling in game cartridges? That's unexpected.",neither,0.03520608096864911,0.3299197335394731,0.6348741854918778
*405* people currently looking at Erika,neither,0.061065871577854355,0.3469827827225299,0.5919513456996158
"I know this one, its fucked up",offensive_language,0.03214508520969989,0.7940929603417269,0.17376195444857315
LOLOL,neither,0.03945320844208391,0.33037608806864915,0.630170703489267
...,neither,0.03945320844208391,0.33037608806864915,0.630170703489267
So?,offensive_language,0.039501631330860744,0.48329170807269783,0.4772066605964413
They shouldnt have blown ithe cartridge connections that much... that was what made them look suspicious :-D,neither,0.0430418193343754,0.37135660715020324,0.5856015735154214
its a tennis ball,neither,0.03396527183167617,0.3322636411216082,0.6337710870467155
O.O,neither,0.03945320844208391,0.33037608806864915,0.630170703489267
"I'm secretly listening to this stream from my desk, pretending it is just another podcast, so SHHHHHHH! :D #StealthMode",neither,0.0591658905612884,0.36017356051277444,0.5806605489259371
ScaredyCat,neither,0.03945320844208391,0.33037608806864915,0.630170703489267
OMG,neither,0.03945320844208391,0.33037608806864915,0.630170703489267
Aaaaaaaaaaaaaaaa Trish!,neither,0.03945320844208391,0.33037608806864915,0.630170703489267
Maybe someone took blowing into a cartridge a little too literally?,neither,0.039121768400022135,0.33600149057201956,0.6248767410279582
Solid use of google alerts.,neither,0.015870678343740657,0.41112245378034573,0.5730068678759135
luigi been laying that pipe,neither,0.0357749678787199,0.3720745165140541,0.592150515607226
hard hitting news,offensive_language,0.03099265256302281,0.538853469484066,0.4301538779529111
it is just a tennis ball for when one of the players foul the active ball out of the court,neither,0.030497150310137035,0.34601810413915257,0.6234847455507104
Oh shit,offensive_language,0.04652059265363964,0.9534729203614298,6.486984930600159e-06
Luigi has a work-pipe... what a surprise....,neither,0.04432356955638498,0.32151392333914985,0.6341625071044653
I love how many IP crossovers we are getting recently,neither,0.05238929547614747,0.3639166010757211,0.5836941034481314
Did Erika have sugar today?,neither,0.03754049983667072,0.31735031357010285,0.6451091865932264
https://clips.twitch.tv/WonderfulIcyKoalaNotATK,neither,0.03945320844208391,0.33037608806864915,0.630170703489267
"Oh no, the next Luigi's Mansion is going to be a Playboy sim.",neither,0.051143127826974895,0.3204223674642619,0.6284345047087633
With Havana Mahoney :P,neither,0.027686866552126148,0.3719273338417147,0.6003857996061591
@FuffyButt Doesn't she always have her sugar?,offensive_language,0.031302069841421615,0.6520759746979973,0.3166219554605811
:(,neither,0.03945320844208391,0.33037608806864915,0.630170703489267
"I would watch that twitch stream, definitely",neither,0.039977011343523466,0.35347010056653555,0.606552888089941
Would be cool if Olivia Munn did a Twitch stream someday...,neither,0.030231895792450864,0.35661850655951566,0.6131495976480335
"OMG, now I really want Obama to play video games on a Twitch channel! <3",neither,0.04483192410680228,0.28098251510117783,0.67418556079202
welcome the rise of KB toys,neither,0.038851151261728,0.3194503829551618,0.6416984657831103
I've only ever shopped in a Toys R Us once in my life. Just never grew up with them.,neither,0.027094049249455358,0.4607695970755561,0.5121363536749887
I don't think I've been inside a Toys store for almost a decade.,neither,0.0308247600858465,0.18894106179125394,0.7802341781228995
@vexelghost the already made that,neither,0.03248115749258235,0.38423807495721984,0.5832807675501978
Erika = ACTING!!!,neither,0.03945320844208391,0.33037608806864915,0.630170703489267
With actual Nerf guns too. Impressive!,neither,0.03225472336863656,0.3566838509422932,0.6110614256890703
Erika is a nerf veteran.,neither,0.04638975465049957,0.32799029174806915,0.6256199536014313
it was more about the fact that Toys'R'Us had over 5 billion dollars in depbt it could not pay down over 20+ years,neither,0.046276389047362504,0.3518364966008742,0.6018871143517635
"Hahaha, wow. That was awesome!",neither,0.03594123007864,0.36916174233290155,0.5948970275884585
I really enjoyed the new tomb raider film,neither,0.04106345454712921,0.2673007695493139,0.691635775903557
Tomb Raider HYPE!!! I can't wait to see Alicia Vikander in action!,neither,0.04315383088059625,0.32577331773363444,0.6310728513857693
"Erika has Nerf wars in her house, like all the time.",offensive_language,0.03944789765482906,0.5380942361676104,0.4224578661775604
faster prompter,neither,0.03945320844208391,0.33037608806864915,0.630170703489267
Erika holds an annual nerf war at her place... she's seen it all,offensive_language,0.036877875706349,0.5310731281052543,0.4320489961883967
"Jeeesus, Erika. Breathe!",neither,0.03945320844208391,0.33037608806864915,0.630170703489267
!whodat,neither,0.03945320844208391,0.33037608806864915,0.630170703489267
"Erika Ishii ( twitter.com/erikaishii ), and Trisha Hershberger ( twitter.com/thatgrltrish ), with Lara Croft ( twitter.com/KatersTweets ).",neither,0.033932219041650925,0.4600929620625724,0.5059748188957768
Yay Kate!,neither,0.03945320844208391,0.33037608806864915,0.630170703489267
hi kate,neither,0.03945320844208391,0.33037608806864915,0.630170703489267
Lara Croft!,neither,0.03945320844208391,0.33037608806864915,0.630170703489267
This casting was not unexpected.,neither,0.03668597799816362,0.34612837521546364,0.6171856467863728
:D,neither,0.03945320844208391,0.33037608806864915,0.630170703489267
Perfect,neither,0.03945320844208391,0.33037608806864915,0.630170703489267
Perfect casting here,neither,0.11870399489165698,0.273087588953199,0.6082084161551441
Hey Larkate Crolliot,neither,0.03945320844208391,0.33037608806864915,0.630170703489267
Kate makes a perfect Lara.,neither,0.03944298384189902,0.3302904685830727,0.6302665475750282
"Okay, I seriously want to see Kate in a Lara Croft movie now. Hop to it, @GeekandSundry !",neither,0.047556830174941174,0.30319452591434504,0.6492486439107139
!Kate,neither,0.03945320844208391,0.33037608806864915,0.630170703489267
https://clips.twitch.tv/CredulousCautiousShrewPanicBasket,neither,0.03945320844208391,0.33037608806864915,0.630170703489267
!respect,neither,0.03945320844208391,0.33037608806864915,0.630170703489267
"If you would like to share opinions on our hosts, guests or fellow viewers, please do so in a respectful manner. Don't make them feel uncomfortable.",neither,0.04843323757214918,0.39559142321184637,0.5559753392160044
Kate can nail the horror scream too,neither,0.03889383177200061,0.31981850918843363,0.6412876590395657
"Kate showing off the guns, nice.",neither,0.03881659168998207,0.31881290786752525,0.6423705004424928
We need Lara Croft in Smash Brothers.,neither,0.03921362483940843,0.33117221997065693,0.6296141551899346
"I was referencing old school laura croft games, sorry",neither,0.03933953713934026,0.33230538673466953,0.6283550761259903
"Nice try, Kate. You can't ruin Indiana Jones or Lara Croft for me.",neither,0.03943735490978569,0.3531034605896861,0.6074591845005282
😍Kate,neither,0.03945320844208391,0.33037608806864915,0.630170703489267
*slow clap*,neither,0.03945320844208391,0.33037608806864915,0.630170703489267
bye Kate,neither,0.03945320844208391,0.33037608806864915,0.630170703489267
"Tomb Raider is okay, but it doesn't hold a candle to the first 3 Indiana Jones movies, sorry.",neither,0.03970684192351045,0.32590205444881704,0.6343911036276725
BOLD CLAIM!,neither,0.03945320844208391,0.33037608806864915,0.630170703489267
"LOL, nice burn! :D",neither,0.03708926607131028,0.2775829597036276,0.6853277742250621
"Thanks, Kate",neither,0.0372760594165796,0.3121449224273436,0.6505790181560769
It's not even close.,neither,0.035260594529884864,0.35531601307068217,0.609423392399433
Thanks Kate!,neither,0.0372760594165796,0.3121449224273436,0.6505790181560769
,neither,0.03945320844208391,0.33037608806864915,0.630170703489267
"Let's try something new! What do you guys think of the new style ""God of War"" is taking with it's narrative?",neither,0.04127180142488015,0.2832266724659149,0.675501526109205
Vikander is also more fit than Harrison was,neither,0.04626526227376861,0.3283618232311192,0.6253729144951123
👏🏻👏🏻👏🏻👏🏻👏🏻,neither,0.03945320844208391,0.33037608806864915,0.630170703489267
*golf clap*,neither,0.03945320844208391,0.33037608806864915,0.630170703489267
I'm not even remotely sure what just happened.,neither,0.03419753048305723,0.45012781895635606,0.5156746505605866
is it thursday yet?,neither,0.04651135664277627,0.32794846724679255,0.6255401761104311
"Funnily enough, my main touchstone comparisons for the film was more James Bond than Ind",neither,0.02967511917035553,0.3520205331621369,0.6183043476675075
The new Tomb Raider was like a solid 85%,neither,0.04757729810755831,0.2757390347837875,0.6766836671086542
y,neither,0.03945320844208391,0.33037608806864915,0.630170703489267
lol,neither,0.020706217963973744,0.4882283491876925,0.4910654328483337
@TalosUlfberht Not yet,neither,0.03736749249345169,0.3382716119106542,0.624360895595894
Ooo Ryan posing questions to chat. Nice.,neither,0.04335580194839769,0.32806563059590893,0.6285785674556935
Oh hai!,neither,0.051363287716059566,0.22255663153133606,0.7260800807526044
=P,neither,0.03945320844208391,0.33037608806864915,0.630170703489267
"Now I wanna see Chief in a fez, for some reason",neither,0.03041891297061713,0.31909138467402964,0.6504897023553532
"Good job, Kate!",neither,0.03882908841592307,0.3305907515650457,0.6305801600190312
:(,neither,0.03945320844208391,0.33037608806864915,0.630170703489267
Hi @hydrosnail_ryangreen how are you?,neither,0.1151778833000866,0.32505102427932137,0.5597710924205921
"@HydroSnail_RyanGreen Hello, Ryan",neither,0.03945320844208391,0.33037608806864915,0.630170703489267
"@HydroSnail_RyanGreen while I really like the gameplay of the 6 God of War games before, it had really reached it's end. I like the change in gameplay just for being different, and I really like the change in mythology factoring into the gameplay.",neither,0.03996201401428467,0.3327840798576819,0.6272539061280333
"If ""The Last Of Us"" has taught me anything, is that a parent/child dynamic leads an illuminating and profitable story.",neither,0.04158047543013928,0.35960183034040627,0.5988176942294544
I'm totally fine with games taking a new narrative direction AS LONG AS they maintain/hold true to the underlying elements that made the original endearing,neither,0.03535426252627254,0.33739208918180913,0.6272536482919182
"Hey all! Doing well today, thank you =D",neither,0.05369528861068958,0.4212445441521376,0.5250601672371727
"Who would win in a fight, Aloy and her machines or Kratos?",offensive_language,0.030574057376832865,0.5362911989531942,0.43313474366997295
We have a subscriber-only Discord server! Join here: https://discord.gg/geekandsundry (you'll need to sub and link it to your Twitch) and be a part of the fun!...Warning: It can take up to an hour for the server to update and give you access to the channels,neither,0.08464076273808444,0.286394834032893,0.6289644032290227
Hi @HydroSnail_RyanGreen :),neither,0.03945320844208391,0.33037608806864915,0.630170703489267
Oh! Good question @PipersTwin,neither,0.04464962509499357,0.2735365875441384,0.6818137873608682
Dream Daddy DLC: The Throne of Olympus.,neither,0.038734918896891214,0.3173013711807528,0.6439637099223561
Don't call Kratos a deadbeat dad though as he'll beat you dead.,neither,0.054291259260478585,0.3883998106234071,0.5573089301161144
"Kratos is still a God, I like Aloy more, but he has magical abilities so it's not really a fight.",neither,0.052641834003348105,0.3761668635191937,0.5711913024774581
"@PipersTwin As much as I love Aloy, I would have to go with the godslayer.",neither,0.027455194950558027,0.4103136794716712,0.5622311255777709
Kratos and Aloy - the Epic Rap Battle Edition,neither,0.03836700119750625,0.2932484248207136,0.6683845739817801
"Help G&S make great content! $4.99/month gets you emotes, Minecraft server access, sub-only VODs, and more! Every sub keeps the channel alive! twitch.tv/geekandsundry/subscribe",neither,0.043907990691603095,0.31135964332838284,0.644732365980014
"btw, you should all check out Alicia Vikanders Twitter.... some people complained she didnt look tough enough to play Lara, so she posted a video of herself lifting weights :-D https://twitter.com/avikanderdaily/status/975414640460038146",offensive_language,0.0628602880065668,0.5182429701669512,0.4188967418264821
"Also, God of War really isn't for kids.",neither,0.035005190650132065,0.3081497646228317,0.6568450447270362
Well then,neither,0.03945320844208391,0.33037608806864915,0.630170703489267
Who would think she didn't look tough enough?! Crazyness!,neither,0.030542560921688246,0.46965736101875155,0.49980007805956034
Kratos has never faced a machine army though @JC_Wijma,neither,0.03693296898283311,0.3539487573146797,0.6091182737024872
Love this show ....but how did Mothership get canceled over this? Sounds harsh but as a fan i'm really curious.,neither,0.03855854718099495,0.3327523819848812,0.6286890708341237
What would Mr. Rogers do?,neither,0.04476519290385771,0.3222168837814761,0.6330179233146662
Do no want to adult.,neither,0.04766947306792109,0.3362184508874597,0.6161120760446193
!respect,neither,0.03945320844208391,0.33037608806864915,0.630170703489267
"If you would like to share opinions on our hosts, guests or fellow viewers, please do so in a respectful manner. Don't make them feel uncomfortable.",neither,0.04843323757214918,0.39559142321184637,0.5559753392160044
Bayonetta is great just like it is. She totally owns her sexuality and the combat has improved with each of the first two games. The third one is still coming and we will see if Platinum improves it still further.,neither,0.02991947850936359,0.4188825169339609,0.5511980045566756
"These game trends aren't mature, they just changed them for aging gamers.",neither,0.04468219225408232,0.3279516496002904,0.6273661581456272
"Geralt doesn't like it when you call sex games ""mini"" it is a ego thing",offensive_language,0.041816353663736636,0.5743717803261288,0.38381186601013456
Possible answer: join the Gaming Industry and show everyone there are other ways to create media,neither,0.05700029256595816,0.27981853120477523,0.6631811762292665
I started gaming by bouncing on turtle's heads and trying and failing to dig E.T. out of a pit. Now I game by raising blueberries in Stardew. It's changed.,neither,0.03839521237417357,0.32584881535749366,0.6357559722683328
so when is talks machina?,neither,0.03577327702935855,0.4367745450542798,0.5274521779163616
"Well, think about Dynasty Warriors....",neither,0.038660455917638205,0.3438311673277176,0.6175083767546442
!whenistm,neither,0.03945320844208391,0.33037608806864915,0.630170703489267
"Talks Machina is on at 7 PM PDT, it is currently 4:19 PM PDT. There is 2 Hours, 40 Minutes, 47 Seconds until the next episode of Talks Machina. This has command has been run 175 times but has probably been asked about way more.",neither,0.042818553523181854,0.3363926813883658,0.6207887650884524
You know who I would love to see play an older female video game protagonist? Shohreh Aghdashloo. She is a phenomenal actress.,neither,0.05804720387826484,0.3769566537658447,0.5649961423558905
:P,neither,0.03945320844208391,0.33037608806864915,0.630170703489267
"Bad example, I love the Zelda series but totally hate Breath of the Wild, because they removed what I loved about the series.",neither,0.07780555780249851,0.2895569025741503,0.6326375396233512
Gears of War did the Dad /Son thing.,neither,0.038849748189116996,0.3194245264478899,0.6417257253629931
