text,top_class,hate_speech,offensive_language,neither
Hooray it is Wednesday,neither,0.04739390539104361,0.32764491826245884,0.6249611763464976
Hi @Miraellyn,neither,0.03945320844208391,0.33037608806864915,0.630170703489267
Press m if you are going to miss Meltdown,neither,0.051845709885080124,0.40727482377530844,0.5408794663396115
"3-Year Twitch-iversary Stream has ended, we reached $10,087.00! https://clips.twitch.tv/WonderfulAbrasiveFennelHassaanChop",neither,0.03954791720455418,0.32876863319935457,0.6316834495960912
m,neither,0.03945320844208391,0.33037608806864915,0.630170703489267
congrats!! @halfaringcircus,neither,0.03945320844208391,0.33037608806864915,0.630170703489267
how do i get to the subs only discord?,neither,0.04565912922062105,0.3196572126520948,0.6346836581272841
oh boy i'm on time good,neither,0.039827863035903674,0.31209579059240466,0.6480763463716916
hooray it is wednesday,neither,0.04739390539104361,0.32764491826245884,0.6249611763464976
I try not to think about how many decades it's gonna be before my student loans are paid off,neither,0.04279393211503838,0.4148329805100865,0.5423730873748752
hi everyone! haven't watched live in a hile!,neither,0.03798163896557831,0.4059529211712514,0.5560654398631703
@aleph_sharp they paid off student loans - truly a thing to celebrate,neither,0.04326352298764325,0.3281192543865562,0.6286172226258006
Evening Wednesdaisies!,neither,0.03945320844208391,0.33037608806864915,0.630170703489267
Hel-loooooo!,neither,0.03945320844208391,0.33037608806864915,0.630170703489267
"It might be late for me to be watching where I am at, but couldn't miss this Wednesday club for the world!!",neither,0.02873765061502973,0.3171522652522651,0.6541100841327052
HEEEYYY,neither,0.03945320844208391,0.33037608806864915,0.630170703489267
HeyGuys,neither,0.03945320844208391,0.33037608806864915,0.630170703489267
whats the drinking game tonight,neither,0.03646402721056343,0.2695277826235401,0.6940081901658965
congratulations @halfaringcircus way to kill those loans (I liken them to dragons with regen),neither,0.27244892975545776,0.2119846165856718,0.5155664536588704
Hi everyone!,neither,0.032490659208996964,0.4485487193596734,0.5189606214313296
Yaaaay!,neither,0.03945320844208391,0.33037608806864915,0.630170703489267
helloooo!,neither,0.03945320844208391,0.33037608806864915,0.630170703489267
the intro startles me every time,neither,0.03110863272466455,0.369025699906958,0.5998656673683775
Hello everyone!,neither,0.03269494828970791,0.4450814005079928,0.5222236512022994
"@misssunflower94 WOW, Congrats",neither,0.03945320844208391,0.33037608806864915,0.630170703489267
HELLO BELOVED HOSTS <3,neither,0.03945320844208391,0.33037608806864915,0.630170703489267
"Thanks guys:D. I can use that money to buy comics, right? Appropriate level of (ir)responsibility.",neither,0.023362487008851317,0.3931161023105542,0.5835214106805946
"Woo, perfect timing. Was almost late",neither,0.03937594143613762,0.33168751081037445,0.6289365477534878
Heeyyyyy!,neither,0.03945320844208391,0.33037608806864915,0.630170703489267
"Hi Taliesin, Amy and Matt!",neither,0.0388100252782571,0.29846695177565247,0.6627230229460904
of course it female Ranma on the blackboard :D,neither,0.034099690738963066,0.3556103818980594,0.6102899273629777
Taliesin never goes home,neither,0.03483995168426645,0.37751049820291044,0.587649550112823
I am soooo glad it's Wednesday. I needed TWC today.,neither,0.037452759054971634,0.3160223276516679,0.6465249132933605
aw Matt we always miss you,neither,0.04373821206630188,0.41905461078920014,0.537207177144498
Uh oh...I'm getting and Ed Wynn vibe from Tal tonight... ;P,neither,0.038582798079413276,0.29757868859974573,0.6638385133208409
gandsSubHype gandsSubHype gandsSubHype gandsSubHype gandsSubHype gandsSubHype gandsSubHype gandsSubHype gandsSubHype gandsSubHype gandsSubHype gandsSubHype,neither,0.03945320844208391,0.33037608806864915,0.630170703489267
sup chat anneCool,neither,0.03945320844208391,0.33037608806864915,0.630170703489267
"Well, you'll be together soon. On Saturday Monrning!",neither,0.05012659372554374,0.38305135401827395,0.5668220522561823
aw Matt,neither,0.03945320844208391,0.33037608806864915,0.630170703489267
@feathersflight Me too,neither,0.025456656249999262,0.41690574403459846,0.5576375997154023
Matt read mangas!? yay!,neither,0.03945320844208391,0.33037608806864915,0.630170703489267
We have a subscriber-only Discord server! Join here: https://discord.gg/geekandsundry (you'll need to sub and link it to your Twitch) and be a part of the fun!...Warning: It can take up to an hour for the server to update and give you access to the channels,neither,0.08464076273808444,0.286394834032893,0.6289644032290227
"hi, wednesdaisies! I know next to nothing about manga, so this should be educational",neither,0.04889020250949649,0.44308709346557706,0.5080227040249263
,neither,0.03945320844208391,0.33037608806864915,0.630170703489267
I love that X-Men hoodie.,neither,0.033177745170858135,0.38310668683172494,0.5837155679974171
<3 <3 <3,neither,0.03945320844208391,0.33037608806864915,0.630170703489267
sup chief!!,neither,0.03945320844208391,0.33037608806864915,0.630170703489267
#ThiccBooks,neither,0.03945320844208391,0.33037608806864915,0.630170703489267
Sup Wednesdaisies!,neither,0.03945320844208391,0.33037608806864915,0.630170703489267
almost forgot who you are Matt,neither,0.08292201567967102,0.3884171200237027,0.5286608642966263
hello!,neither,0.03945320844208391,0.33037608806864915,0.630170703489267
Aww matt gandsLessthanthree gandsLessthanthree,neither,0.03945320844208391,0.33037608806864915,0.630170703489267
hi hosts!!,neither,0.03945320844208391,0.33037608806864915,0.630170703489267
"Awww, Onna Ranma <3",neither,0.03945320844208391,0.33037608806864915,0.630170703489267
Huzzahhh!,neither,0.03945320844208391,0.33037608806864915,0.630170703489267
That hair is full of secrets ken,neither,0.056977725741567155,0.3528398229732963,0.5901824512851367
"Tal isn't wrong, Ranma 1/2 manga are pretty thick",neither,0.05455808409170833,0.3021204787890834,0.6433214371192083
Ranma <3 Rumiko Takahashi is like 80% of my childhood manga memories,neither,0.04261054569045737,0.3926003317560898,0.5647891225534527
Why y'all zombies?,neither,0.029289221027999062,0.4271383655099353,0.5435724134620655
I need answers,neither,0.039237673486210316,0.32857122609733197,0.6321911004164579
Matt's haircut is so good!,neither,0.04580991182761889,0.3669680109017916,0.5872220772705895
"QUESTION: How do you pitch Rumiko to Matt- I mean, to people who don't read manga?",neither,0.07768244848622641,0.3824214194452783,0.5398961320684952
I've never been a manga person so this will be educational.,neither,0.0218770304685595,0.3648425286539123,0.6132804408775282
i picked up mizuki's history of japan vol 1 today,neither,0.03648981470841276,0.3497883367055975,0.6137218485859897
Ranna1/2 and Inuyasha,neither,0.03763944115734239,0.1918412352459551,0.7705193235967025
Ranma 1/2 was one of my first mangas.,neither,0.01950538672953458,0.47887928874800334,0.5016153245224622
@Vance1982 and that ain't the half of it,offensive_language,0.013903223441728943,0.5209918533873068,0.4651049231709643
"Download the new Critical Role theme song for Campaign Two! http://itunes.apple.com/album/id1331550250?ls=1&app=itunes Sales of the song support the musician, Jason Charles Miller.",neither,0.04445767596344001,0.2510827790306858,0.7044595450058742
inuyasha is the beeessst,neither,0.06634763790238427,0.27637293114625994,0.6572794309513558
WHAT?!,neither,0.057770773616808734,0.3180719994247239,0.6241572269584672
I cut my teeth on Ranma! sooooo excited about this.,neither,0.028643103500696654,0.420020648268831,0.5513362482304722
Oh inuyasha..the memories,neither,0.04413283880356093,0.25735340650920674,0.6985137546872322
WHAAAAAAAAAA,neither,0.03945320844208391,0.33037608806864915,0.630170703489267
"Omg, so excited about this!",neither,0.03768070602091095,0.40346767752123236,0.5588516164578566
Yay Matt,neither,0.03945320844208391,0.33037608806864915,0.630170703489267
!!!!!!,neither,0.03945320844208391,0.33037608806864915,0.630170703489267
Lol,neither,0.020706217963973744,0.4882283491876925,0.4910654328483337
"Inuyasha, definitely. :)",neither,0.03945320844208391,0.33037608806864915,0.630170703489267
I am so jealous of everyone going to Wondercon!,neither,0.03795214206677155,0.4687063270708985,0.49334153086233
I love Rumiko but I hate Kagome,hate_speech,0.4848197223217276,0.16933379510597166,0.3458464825723007
omfg kens illustration today is so friggan on point,neither,0.042299700714918384,0.3580998905545215,0.5996004087305602
Question: Ranma 1/2 or Inuyasha,neither,0.03945320844208391,0.33037608806864915,0.630170703489267
Hello from Matt's Mom & Dad in Texas!!! Excited to see you guys again..,neither,0.05190617616943302,0.36183012116036667,0.5862637026702001
Awwwwwwwwwww,neither,0.03945320844208391,0.33037608806864915,0.630170703489267
:) :) :),neither,0.03945320844208391,0.33037608806864915,0.630170703489267
I'm so happy for y'all!,neither,0.032735273711132926,0.4440743862129134,0.5231903400759538
#WeKnow about the mics.,neither,0.03688812927747216,0.34182104274803743,0.6212908279744905
#WeKnow about the thing that may or may not be happening on a technical level currently. The crew lives at least 30 seconds in the future and are likely already solving or have solved the problem! Thanks for your concern!,neither,0.04751991085222859,0.298407411164976,0.6540726779827954
i missed the live showing this morning,neither,0.049124837300375715,0.2068711690068677,0.7440039936927566
"Inuyasha, my first introduction to manga",neither,0.027795116257477357,0.4125300305837565,0.5596748531587663
Action figures=voodoo dolls,neither,0.03945320844208391,0.33037608806864915,0.630170703489267
inuyasha is amazing!!,neither,0.051766257226869686,0.3261410659692903,0.62209267680384
#ReleaseTheTapes,neither,0.03945320844208391,0.33037608806864915,0.630170703489267
Has anyone else read any Rin-ne? I don't know why it's so much harder to find.,neither,0.03583848312407766,0.30709702519499915,0.6570644916809233
I love Sango,neither,0.03217296676969875,0.3657703709031763,0.602056662327125
"@miriamkey Hello, ma'am, good to see you again!",neither,0.048872002865121784,0.47285207768173,0.4782759194531481
im so excited!,neither,0.03835248773688177,0.42672104618676693,0.5349264660763514
gandsSubHype gandsSubHype gandsSubHype gandsSubHype gandsSubHype,neither,0.03945320844208391,0.33037608806864915,0.630170703489267
#releasethetapes,neither,0.03945320844208391,0.33037608806864915,0.630170703489267
!rbschedule,neither,0.03945320844208391,0.33037608806864915,0.630170703489267
Always Ranma :D,neither,0.03557448528484342,0.4519132619047061,0.5125122528104504
Find the rebroadcast schedule for today here: http://bit.ly/TueRebroadcast,neither,0.05993176898675194,0.16282973960513905,0.7772384914081091
@miriamkey hi! you are all great,neither,0.09891961423498191,0.37426739908878437,0.5268129866762337
OMG THey need to go to AKON!,neither,0.05690366165221252,0.32392653339683736,0.6191698049509502
I wish I could go,neither,0.04098454623641282,0.33569402012655797,0.6233214336370292
#releasethetapes,neither,0.03945320844208391,0.33037608806864915,0.630170703489267
Leak the footage taliesin,neither,0.038351000110748164,0.310092396174505,0.6515566037147468
are they gonna record it?,neither,0.06424031380895961,0.33242078981326023,0.60333889637778
Is this being taped,neither,0.04196591075359525,0.35657952457271563,0.6014545646736891
my internet does not want me to Wednesday Club tonight *kicks internet*,neither,0.02543271487609382,0.4375652527572574,0.5370020323666488
Ticket printed,neither,0.03945320844208391,0.33037608806864915,0.630170703489267
"Help G&S make great content! $4.99/month gets you emotes, Minecraft server access, sub-only VODs, and more! Every sub keeps the channel alive! twitch.tv/geekandsundry/subscribe",neither,0.043907990691603095,0.31135964332838284,0.644732365980014
#releasethetapes,neither,0.03945320844208391,0.33037608806864915,0.630170703489267
InuYasha is another favorite. <3,neither,0.14053263865096383,0.2255300373792692,0.633937323969767
I'm sooooo jealous,neither,0.03945320844208391,0.33037608806864915,0.630170703489267
Awh - Thanks.,neither,0.035884468650613,0.3004919205142699,0.6636236108351171
Damn air travel or else I'd make it,offensive_language,0.04298586190621112,0.6871450702750623,0.2698690678187265
im actually packing for WonderCon right now!,neither,0.03338803143334131,0.34561234616396785,0.6209996224026908
I'm SO jealous,neither,0.039408530977104894,0.3962830051571323,0.5643084638657628
Jelly!,neither,0.03945320844208391,0.33037608806864915,0.630170703489267
"I’m so excited! I’ll be there!,",neither,0.039740668651569264,0.33470126301257963,0.625558068335851
I see Rinne down there too <3,neither,0.039081740619546744,0.28411728419430965,0.6768009751861436
Excited to go. See you guys there,neither,0.0643836909355027,0.3310659909304247,0.6045503181340727
Aw Chief I want to meet you,neither,0.061052603720939014,0.3623005581291422,0.5766468381499187
gandsSubHype gandsSubHype gandsSubHype gandsSubHype gandsSubHype gandsSubHype,neither,0.03945320844208391,0.33037608806864915,0.630170703489267
"Gaaaah, please tell us it'll be recorded and aired online?",neither,0.0595945152780046,0.30492672580728797,0.6354787589147073
@teliz20 same!,neither,0.04148851938089603,0.3488915597363099,0.609619920882794
next weekend,neither,0.03845057925552182,0.3473933220182739,0.6141560987262042
and Passover,neither,0.03763944115734239,0.1918412352459551,0.7705193235967025
fools day,neither,0.040019304729965566,0.31365848579776656,0.6463222094722679
RIP Meltdown Comics...,neither,0.03945320844208391,0.33037608806864915,0.630170703489267
are they going to record the panel?,neither,0.06405500623259294,0.30010350417510206,0.6358414895923051
"OMG Chief, that's excellent",neither,0.036305474070675726,0.3644976591936793,0.599196866735645
YAYLIVE CHIEF'S NOTES!,neither,0.03945320844208391,0.33037608806864915,0.630170703489267
"Ill be just getting home , i wont be a@ wondercon",neither,0.033443845382974756,0.40783523213503203,0.5587209224819932
lol chief,neither,0.029869404313338878,0.4015213065569965,0.5686092891296647
Awwww,neither,0.03945320844208391,0.33037608806864915,0.630170703489267
"May there perhaps be an appearance by the show's Arch Enemy, Jodie Houser?",neither,0.0498231212244495,0.25928624024786695,0.6908906385276836
Question: Is My Bride Is A Mermaid a Rumiko story?,neither,0.04124963873350265,0.3829868114610953,0.575763549805402
"I hope it'll be recorded, because I'm stuck here in Asia",neither,0.09804855393445482,0.23541779344434569,0.6665336526211995
Taliesin you're so sweeet,offensive_language,0.1586095539812853,0.4645589987875699,0.3768314472311449
:D,neither,0.03945320844208391,0.33037608806864915,0.630170703489267
"Ah, the 90s. When getting manga and anime was scrounging through a comic shop for nonsequential stuff and pay way too much.",neither,0.028971106923654406,0.33269016149759445,0.6383387315787511
Oh my gosh Taliesin. <3,neither,0.03236932916326653,0.3691666553057533,0.59846401553098
That's so cool!,neither,0.03370500952970764,0.45829613352409315,0.5079988569461991
Tal you're the sweetest!,neither,0.07242367521626246,0.3268144910750908,0.6007618337086467
"I'd be there, but I am scheduled to be drinking and playing video games with my brothers.",neither,0.03136277130613171,0.3074829851511867,0.6611542435426816
dawww,neither,0.03945320844208391,0.33037608806864915,0.630170703489267
Nice presents.,neither,0.03945320844208391,0.33037608806864915,0.630170703489267
that's so cool,neither,0.03370500952970764,0.45829613352409315,0.5079988569461991
awwwwwwww,neither,0.03945320844208391,0.33037608806864915,0.630170703489267
Iron Man,neither,0.03961933983461771,0.4054141257912207,0.5549665343741617
"Taliesin, you are awesome.",neither,0.12243855078132387,0.32432579323358574,0.5532356559850904
That is so neat,neither,0.04331830639474267,0.4160184191771236,0.5406632744281338
Awwwwww,neither,0.03945320844208391,0.33037608806864915,0.630170703489267
oh god i needed this,neither,0.04466262158892315,0.28142995141379795,0.673907426997279
thats so cool,neither,0.039408332415700915,0.38917678151634416,0.5714148860679549
Tal just went full willy wonka,neither,0.04887439658394033,0.3408850888332875,0.6102405145827721
Where do we get those eggs???,neither,0.06542600409977173,0.24786036593339603,0.6867136299668324
That's so nice! And now I want one.,neither,0.034049276243077825,0.40202241450788484,0.5639283092490374
Awesome Talesin!,neither,0.03945320844208391,0.33037608806864915,0.630170703489267
LMAO Chief!,neither,0.038199304209645034,0.35165811532241664,0.6101425804679383
luv u chief,neither,0.03945320844208391,0.33037608806864915,0.630170703489267
There going to try to do a mini episode??? Someone is going to have to be just offstage with squirt guns for when they go over time..... :-),neither,0.03709071823707595,0.3740342497380986,0.5888750320248254
Taliesen is the most amazing human.,neither,0.19932132431673635,0.163441185317053,0.6372374903662107
Awww... I want to clip that Hawkeye burn for a friend....,neither,0.04065158291558478,0.2739129454196179,0.6854354716647972
Uncle Taliesin unloading toys for the kids from his pockets,neither,0.13308004753886452,0.19556262041915795,0.6713573320419776
"Mom, lookit me. Lookit me Chief. Lookit I can do!",neither,0.028641672352272763,0.3937186203326323,0.577639707315095
Someday I'll meet Matt and Chief,neither,0.03889969314726602,0.30321255876612174,0.6578877480866122
Matt is trying to get Chief fired!!!,neither,0.05006508072898161,0.33164888131856085,0.6182860379524576
i remember mid 90s when DBZ was on local air broadcast,neither,0.032306152914967835,0.36669043486123576,0.6010034122237965
I want to meet Chief!,neither,0.046631452244609364,0.3223394792926948,0.6310290684626959
You guys gonna be at the Alpha party?,neither,0.050223977932791465,0.4192613828413567,0.5305146392258518
QUESTION: Will the panel be recorded for people who can't make it?,neither,0.05142015068757303,0.3221742484216834,0.6264056008907436
they never make it out to the midwest,neither,0.03567395152711813,0.36196516280279684,0.6023608856700851
Must find this for my kids' Easter baskets!!,neither,0.03008072244994102,0.2897237871980904,0.6801954903519687
Hawkeye Cheats!,neither,0.03945320844208391,0.33037608806864915,0.630170703489267
"Can this whole episode be the trio holding eggs up to their face, clicking through pictures?",neither,0.04135957924845004,0.34772704217112277,0.6109133785804272
Will Matt's lovely wife Brittany be there?,neither,0.040588547632565274,0.2883642223033167,0.671047230064118
I've never caught wednesday club before,neither,0.01964310375327242,0.3883327848574404,0.5920241113892871
i think we have these eggs at target,neither,0.04574634028971421,0.4116919004510971,0.5425617592591887
taliesin rockin the bifrost mug,neither,0.038648963363463566,0.31570266450177764,0.6456483721347588
not our evil nemesis!!!,neither,0.03837450301772403,0.3344191069498352,0.6272063900324407
"@chris_the_viola_player this is a RB, its a morning show i believe",neither,0.05899619444113032,0.17454451175431032,0.7664592938045593
ow,neither,0.03945320844208391,0.33037608806864915,0.630170703489267
@chris_the_viola_player Welcome and enjoy!,neither,0.03860730184226345,0.28722824611601955,0.6741644520417169
MATT.,neither,0.03945320844208391,0.33037608806864915,0.630170703489267
,neither,0.03945320844208391,0.33037608806864915,0.630170703489267
Every day should be 'Jodi Houser spotlight',neither,0.059041567167693404,0.3672879998007274,0.5736704330315792
LUL,neither,0.03945320844208391,0.33037608806864915,0.630170703489267
"Welp, there goes Matt",neither,0.039388041653388085,0.2962655178878088,0.6643464404588032
my first wed club too,neither,0.021307352325960077,0.4345794302875311,0.5441132173865089
The Geek & Sundry Roast of Jody Houser at Wondercon! :P,neither,0.038297002845786215,0.3354342588630264,0.6262687382911875
nooo Matt return,neither,0.03945320844208391,0.33037608806864915,0.630170703489267
QUESTION: What did the Ranma anime miss that was rad in the manga?,neither,0.03539319059627854,0.33564584980766016,0.6289609595960612
Ooof,neither,0.03945320844208391,0.33037608806864915,0.630170703489267
EVIL NEMSIS,neither,0.03945320844208391,0.33037608806864915,0.630170703489267
-appaluse-,neither,0.03945320844208391,0.33037608806864915,0.630170703489267
why does this 40 year old dude have blue hair?,neither,0.023947494573967498,0.432284999439225,0.5437675059868075
"With Jody, about Jody, by Jody. Basically [preposition] + Jody.",neither,0.03578290408113712,0.3634555507653161,0.6007615451535468
You may leave Matt. Cue the hooked cane.,neither,0.050133167796473574,0.3315206564557956,0.6183461757477309
That was the worst/best,neither,0.034603685672860415,0.33248753145553533,0.6329087828716042
Will anything be filmed at the con for broadcast?,neither,0.03510934792216454,0.2990129801523347,0.6658776719255008
RANMA!,neither,0.03945320844208391,0.33037608806864915,0.630170703489267
what was that pun?,neither,0.04064708499585718,0.36987269511421306,0.5894802198899298
"Nerds my age doing things that are ""supposed to be for kids"" and being genuinely delighted makes me inexplicably happy!",neither,0.03543101059874204,0.3669106281559878,0.59765836124527
#takemyegg,neither,0.03945320844208391,0.33037608806864915,0.630170703489267
eyyyy Wednesday Mail!,neither,0.03945320844208391,0.33037608806864915,0.630170703489267
*frowns loudly at internet* why tonight why like this,neither,0.028271203419192672,0.36160773296578774,0.6101210636150196
@wegotatwitcheroverhere cuz Tal is Tal.,neither,0.0440336330998453,0.32880066999071245,0.6271656969094421
@wegotatwitcheroverhere Why don't you?,neither,0.044185676453755734,0.47323081281002044,0.4825835107362238
The bust is too small to be Ranma-chan.,neither,0.05050856838980582,0.3189092538020641,0.6305821778081302
!twc,neither,0.03945320844208391,0.33037608806864915,0.630170703489267
"Here are some handy The Wednesday Club resources! TWC Reddit: reddit.com/r/WednesdayClub/ | Discord: https://discord.gg/6QK9fVB | Wednesday Club Fanclub on Facebook: facebook.com/groups/1945232949091586/ | Send in your thoughts, comic recommendations, questions, and more to Matt, Amy, and Taliesin at thewednesdayclub@geekandsundry.com",neither,0.05001524745118048,0.31503641584425707,0.6349483367045624
Lonco!,neither,0.03945320844208391,0.33037608806864915,0.630170703489267
@Carmel_Artemis that is what I adore about G&S!,neither,0.05355732896683687,0.42215966102976854,0.5242830100033946
gandsSubHype gandsSubHype gandsSubHype gandsSubHype gandsSubHype gandsSubHype,neither,0.03945320844208391,0.33037608806864915,0.630170703489267
Ayyyyy,neither,0.03945320844208391,0.33037608806864915,0.630170703489267
Would that The Wednesday Club was indeed every day.,neither,0.0362038028737072,0.3355539838509251,0.6282422132753677
It keeps cutting out and I want to hear Wednesdaisies pour their hearts out,neither,0.036968613736537564,0.3222627804697241,0.6407686057937384
I hope they get around to talking about Urusei Yatsura. It's one of my favorites <3,neither,0.05517683819350399,0.3556929590791464,0.5891302027273497
eeeyyy wednesday club is great!!!,neither,0.044898158956184334,0.305250828613426,0.6498510124303896
"Oh man I just finished the first Vol of Mother Panic, Im trying to make it to the new number 1s that are coming out. This Young Animal stuff is dense, but so good. I havent bought this many DC books in a long time",neither,0.045232273030058154,0.35407898178640235,0.6006887451835394
offers @misssunflower94 a comforting hug.,neither,0.03945320844208391,0.33037608806864915,0.630170703489267
@starpilotsix because i'm an adult?,neither,0.03980685964608904,0.32437370418058625,0.6358194361733247
All day Wednesdays,neither,0.044711544268415136,0.4543906108237455,0.5008978449078394
Thanks @halfaringcircus,neither,0.035884468650613,0.3004919205142699,0.6636236108351171
HOORAY,neither,0.03945320844208391,0.33037608806864915,0.630170703489267
Did the same thing with CR,neither,0.030308446998709094,0.35391785013217963,0.6157737028691113
@wegotatwitcheroverhere cuz you are boring?,neither,0.10864974204290169,0.32566281717362133,0.565687440783477
Yess the letters column...,neither,0.03881407525698372,0.3187664418246837,0.6424194829183325
why is he shaking so much??,neither,0.03600364026207555,0.3838025307674332,0.5801938289704911
:D,neither,0.03945320844208391,0.33037608806864915,0.630170703489267
Wednesday is best day!,neither,0.04710592879737221,0.30628638233951094,0.6466076888631169
I missed it - who this be?,neither,0.039024046000056344,0.4148372411133259,0.5461387128866179
blushinng@,neither,0.03945320844208391,0.33037608806864915,0.630170703489267
Hell yeah to that second shift retail life,offensive_language,0.02980564169083881,0.704427816839182,0.26576654146997924
"@feathersflight I do those things too. I need more neeky folks around me in person, lol.",neither,0.04476469538235411,0.34046412163952594,0.6147711829781201
"it is sad, but i honestly know a few SInaloese that are more ""adult"" than I am , and im 30",neither,0.05185532060360889,0.3265758856942745,0.6215687937021166
"I should be working, but I'm watching Wednesday Club instead.",neither,0.045627791976337685,0.3655334262727616,0.5888387817509008
@misssunflower94 i have the same problem so i'm watching the stream on mobile with only the chat open on laptop with the video paused,neither,0.02951288626774514,0.3314573082418726,0.6390298054903824
<3 <3 <3,neither,0.03945320844208391,0.33037608806864915,0.630170703489267
Someone on alpha @misssunflower94,neither,0.03639692661521935,0.34508721777416446,0.6185158556106163
and they are in the teens....,neither,0.06481728928662983,0.23022944267043385,0.7049532680429363
which darling wednesdaisy is this? Who should I be happy for?,neither,0.050435665380316415,0.381963393778875,0.5676009408408087
those retail feels,neither,0.07443138803673867,0.23932812643334425,0.686240485529917
Ranma 1 1/2 special,neither,0.11023555225710363,0.29265026762434604,0.5971141801185504
dying hair has no age limit,neither,0.03914064931619918,0.33568103214923056,0.6251783185345702
I love amy's giggles,neither,0.03695922765326541,0.341944427259605,0.6210963450871295
Amy giggles are the best <3,neither,0.057949431462101714,0.275817500548887,0.6662330679890113
Awww,neither,0.03945320844208391,0.33037608806864915,0.630170703489267
"Drink, btw",neither,0.03945320844208391,0.33037608806864915,0.630170703489267
Drink,neither,0.03945320844208391,0.33037608806864915,0.630170703489267
@kitzara damn right!,offensive_language,0.04311924927012236,0.9267157092271104,0.03016504150276713
Do we drink if Taliesin says it?,neither,0.023233130775637316,0.3850649478568953,0.5917019213674674
Drinking this early in the episode?,neither,0.03985890789643786,0.2957232456103417,0.6644178464932204
his blue hair is the most Fellow Kids thing i've ever seen,neither,0.03888053049811688,0.3102044217850515,0.6509150477168316
Drank,neither,0.03945320844208391,0.33037608806864915,0.630170703489267
says wha?,neither,0.03945320844208391,0.33037608806864915,0.630170703489267
Amy is awesome,neither,0.04732197751537738,0.32766965755719646,0.6250083649274261
The drink has happened.,neither,0.038951966300700414,0.3073435807923102,0.6537044529069894
"Dying hair has an age limit now? It used to only happen when you were older. Get off my law, you dang kids!",neither,0.044666200170748335,0.4233276403065913,0.5320061595226605
gandsDrink,neither,0.03945320844208391,0.33037608806864915,0.630170703489267
Bless,neither,0.03945320844208391,0.33037608806864915,0.630170703489267
It's true! Everything in this letter is the truest,neither,0.04398226384971913,0.31639602672663936,0.6396217094236415
Eating orange sherbert while watching the show! YUM! NomNom NomNom NomNom,neither,0.05097609224492852,0.2553219693616996,0.6937019383933719
amy is the shiz!!,neither,0.04821859290557782,0.30822268935231695,0.6435587177421052
I saw an 80 year old today with lovely lilac hair. Much more dignified than when great-grandma tried to dye hers pitch black.,neither,0.03760805226530049,0.3342358100968823,0.6281561376378171
"ugh wow, this is just wow and i love it",neither,0.037862360487522846,0.32573797104271174,0.6363996684697654
Someone's too young to remember the blue haired granny stereotype.,neither,0.040708181336173495,0.349631935856719,0.6096598828071075
real real feels right here,offensive_language,0.056930925036846644,0.5072634411547238,0.43580563380842974
These letters are always so lovely,neither,0.06760292610500271,0.4384084619450783,0.493988611949919
This is giving me emotuons,neither,0.03904173249797314,0.3811153507576916,0.5798429167443352
lovely letter,neither,0.03945320844208391,0.33037608806864915,0.630170703489267
"Yeah, but he went to Hollywood High, so...",offensive_language,0.029527010478995752,0.5027482350183563,0.46772475450264783
An older lady at my church fish fry has pink hair,neither,0.033664170815895955,0.3738194741807924,0.5925163550033117
old women with neon hair was a facet when i was living in cason city.. in 94',neither,0.031700530886720465,0.4155088286572126,0.5527906404560669
We were all weird kids.,neither,0.04135218483322619,0.3811149397894453,0.5775328753773286
<3,neither,0.03945320844208391,0.33037608806864915,0.630170703489267
"@harberst indeed, but I'm not, lol.",neither,0.027496124385309885,0.4037668920179593,0.5687369835967309
A+ Good Letter!,neither,0.03867738386797009,0.33064292971559023,0.6306796864164398
<3 this writer,neither,0.03934556506409844,0.33220307711989316,0.6284513578160085
yay crew!,neither,0.03945320844208391,0.33037608806864915,0.630170703489267
carson* city,neither,0.03945320844208391,0.33037608806864915,0.630170703489267
"Aww, what a good letter",neither,0.04360493511842415,0.3271539263189146,0.6292411385626612
<3,neither,0.03945320844208391,0.33037608806864915,0.630170703489267
Gotta send a letter,neither,0.037763726573311854,0.35905100457803707,0.6031852688486512
That was lovely!,neither,0.034820129407937585,0.38178929000573214,0.5833905805863304
Aw this was too cute,neither,0.040837112044437435,0.3068876322361099,0.6522752557194528
"Today I found out that there is a Marvel Villain called Vera Gemini who is the leader of the Cult of Harvester of Eyes. Written in 1978, Harvester of Eyes 1974 and The Revenge of Vera Gemini 1976 are Blue Öyster Cult songs, who I am a big fan of.",neither,0.04178804443841872,0.32473751841469695,0.6334744371468842
@wegotatwitcheroverhere None?,neither,0.03945320844208391,0.33037608806864915,0.630170703489267
gandsLessthanthree,neither,0.03945320844208391,0.33037608806864915,0.630170703489267
Good Zone Daisies,neither,0.03861556489324797,0.33066419209574344,0.6307202430110085
#lottagood,neither,0.03945320844208391,0.33037608806864915,0.630170703489267
I wish I had blue hair,neither,0.03945320844208391,0.33037608806864915,0.630170703489267
