text,top_class,hate_speech,offensive_language,neither
"3-Year Twitch-iversary Stream has ended, we reached $10,087.00! https://clips.twitch.tv/WonderfulAbrasiveFennelHassaanChop",neither,0.03954791720455418,0.32876863319935457,0.6316834495960912
"sooo, first time seeing this show, what is it?",neither,0.053697732536916634,0.2850543490099195,0.6612479184531638
OK I'll Spell differently but yes to which part?,neither,0.04127706012965638,0.3345565493948321,0.6241663904755116
cheer100,neither,0.03945320844208391,0.33037608806864915,0.630170703489267
gandsSubHype gandsSubHype gandsSubHype gandsClassic gandsClassic gandsClassic gandsGnSLadders gandsGnSLadders gandsGnSLadders,neither,0.03945320844208391,0.33037608806864915,0.630170703489267
!whodat,neither,0.03945320844208391,0.33037608806864915,0.630170703489267
"Amy Dallen ( twitter.com/enthusiamy ), Gina DeVivo ( twitter.com/pocketgina ), Becca Scott ( twitter.com/thebeccascott ), Erika Ishii ( twitter.com/erikaishii ), Whitney Moore ( twitter.com/TweetneyMoore ).",neither,0.038670787156984035,0.46867677677003794,0.49265243607297804
omg erika,neither,0.03945320844208391,0.33037608806864915,0.630170703489267
!wtfisthis,neither,0.03945320844208391,0.33037608806864915,0.630170703489267
"Weave Society is the RPG tale for the digital age. Storytellers Amy Dallen, Whitney Moore, Becca Scott, Stef Woodburn, and Gina DeVivo come together to jump into one of the many fantastical worlds of Weave. Where will they end up next?",neither,0.03997484976940308,0.3113440925008771,0.6486810577297198
gandsSubHype gandsSubHype gandsSubHype gandsSubHype gandsSubHype gandsSubHype,neither,0.03945320844208391,0.33037608806864915,0.630170703489267
@Barbadikus It's technically both.,neither,0.03796951330877463,0.3308863988607285,0.6311440878304969
cool,neither,0.03945320844208391,0.33037608806864915,0.630170703489267
@Barbadikus She got a job of some sort.,neither,0.03232099184283685,0.46317811071358045,0.5045008974435826
Wooooooo! I'm so excited!,neither,0.03940839469474773,0.3948270312238364,0.565764574081416
We have a subscriber-only Discord server! Join here: https://discord.gg/geekandsundry (you'll need to sub and link it to your Twitch) and be a part of the fun!...Warning: It can take up to an hour for the server to update and give you access to the channels,neither,0.08464076273808444,0.286394834032893,0.6289644032290227
;) :D,neither,0.03945320844208391,0.33037608806864915,0.630170703489267
erika guest! what a time to be alive!,neither,0.04948314974934871,0.3429217090116119,0.6075951412390395
"HI Whitney, EKbot, Gina, Cheater and Amy!",neither,0.03891754084514696,0.30414295886531384,0.6569395002895392
What number?!,neither,0.04815916081172281,0.324246632124534,0.6275942070637431
Amy's audio pretty low,neither,0.03945320844208391,0.33037608806864915,0.630170703489267
Hi Gina!,neither,0.03945320844208391,0.33037608806864915,0.630170703489267
@KBTibbs @Barbadikus Writing fellowship.,neither,0.03945320844208391,0.33037608806864915,0.630170703489267
She is all tge numbers,neither,0.049854447954284495,0.4694578153162849,0.4806877367294306
@Zismarith Thank you.,neither,0.07325166854587051,0.43632638485078484,0.49042194660334476
Mmhmm.,neither,0.03945320844208391,0.33037608806864915,0.630170703489267
Mod this thing amazing as always @shidareAKI I'll be over in Alpha doing my run,neither,0.029273456472498748,0.43770626928623246,0.5330202742412687
@Zismarith Which is a kind of job,neither,0.047384468149183005,0.32764816416268505,0.6249673676881319
"@Archamedes Enthusiasm aside, I think Amy may just be the ""quiet one"" of that group. O.O",neither,0.03541026127134326,0.3556302886620687,0.6089594500665879
"Help G&S make great content! $4.99/month gets you emotes, Minecraft server access, sub-only VODs, and more! Every sub keeps the channel alive! twitch.tv/geekandsundry/subscribe",neither,0.043907990691603095,0.31135964332838284,0.644732365980014
<3,neither,0.03945320844208391,0.33037608806864915,0.630170703489267
"Oh, the religious folks are heavily breathing in a paper bag now from the sweater. Kappa",neither,0.05392719433086402,0.243084686761705,0.702988118907431
This show is Awesome,neither,0.07013597917226073,0.24315105360333109,0.6867129672244081
Game night with the HR team,neither,0.024527899625300092,0.3133614387314433,0.6621106616432567
@harberst and she also just came off another show,neither,0.09505568941063143,0.25209630487837426,0.6528480057109943
i was stuck in a blizzard all day.,neither,0.04201227918233318,0.39819225028809907,0.5597954705295677
@paperryman WILL DO,neither,0.0450026630396543,0.28390237408752217,0.6710949628728236
"@KBTibbs No idea, but I'll enjoy thinking you're right.",neither,0.062417931954021275,0.37484128460334465,0.5627407834426342
"Just came to say hi, drop bots and love",neither,0.04412570339887993,0.3216134140428578,0.6342608825582622
Character creation is Awesome,neither,0.04573912079509856,0.32821407456614904,0.6260468046387524
First time watching!,neither,0.029989397366152245,0.3569857709202996,0.613024831713548
Bits not bots,neither,0.03798429109608333,0.3359028173923576,0.626112891511559
Lies,neither,0.03945320844208391,0.33037608806864915,0.630170703489267
i so hope there are going to be more Click jokes.. on this Clique episode...,neither,0.08164919061131677,0.25658418629401514,0.6617666230946682
I remember Click the game and movie. LOL,neither,0.033309544881276784,0.26684562420798885,0.6998448309107345
NOOOOOO! :P,neither,0.03945320844208391,0.33037608806864915,0.630170703489267
I love this show.,neither,0.05833385288354363,0.23792695023094135,0.703739196885515
Gathering... of Juggalos?,neither,0.03945320844208391,0.33037608806864915,0.630170703489267
@Heliosblade if only a real Sun Sword could've helped you cut thru the nasty weather,neither,0.022014468788241513,0.4189519389433064,0.559033592268452
You guys did so fabulously CHAOTIC playing this on AXYB!,neither,0.052568650809085564,0.44855713809053255,0.49887421110038205
Hey look it's an Erika!,neither,0.04026761123381025,0.3234981227961961,0.6362342659699937
Chef will keep their in line.,neither,0.04096456774907232,0.3047243762955731,0.6543110559553548
Off the rails? Pish posh.,neither,0.03852263806312329,0.313337590212628,0.6481397717242487
congrats Whitney,neither,0.03945320844208391,0.33037608806864915,0.630170703489267
This is my favorite RPG show on the channel!,neither,0.04379644036090559,0.33461102633292805,0.6215925333061665
what is stone??,neither,0.058790605953685314,0.3211689852210648,0.6200404088252499
That was me.....,neither,0.021339471713967523,0.47493518215828323,0.5037253461277492
Stones are strength,neither,0.06241445712444879,0.28974628591997226,0.6478392569555791
There have never been rails on this channel!,neither,0.03311758190189894,0.35337852359052097,0.6135038945075801
It beats scissors. :p,neither,0.03750910659539627,0.3310447538416866,0.6314461395629172
"This show is not off the rails. Weeks ago, the rails were removed and recycled into lawn art.",neither,0.049267858300703224,0.24874301993760056,0.7019891217616963
infinite reeses,neither,0.03945320844208391,0.33037608806864915,0.630170703489267
what is the theme this time?,neither,0.05094252709879303,0.3283139840735765,0.6207434888276305
squad up,neither,0.03594929333049692,0.402865088908576,0.561185617760927
@silverstardruid Clique.,neither,0.03945320844208391,0.33037608806864915,0.630170703489267
The weather not bad. It going to melt tomorrow morning. it just i was stuck at home all day,neither,0.039916080377800735,0.3176140259819798,0.6424698936402194
Blasty Amy. Again,neither,0.03747424887479176,0.3639641965985152,0.5985615545266931
ok thank you @Danoba,neither,0.06231604569969433,0.4066004401143086,0.531083514185997
Oh wait. Stones are blasty.,neither,0.0703394802849454,0.24326721042098873,0.6863933092940657
Blasty Whitney,neither,0.03945320844208391,0.33037608806864915,0.630170703489267
In my case no,neither,0.025906226217651956,0.4468927478187611,0.527201025963587
"Amy is not blasty this time, she's brainy.",neither,0.045840100634396586,0.43245069695827976,0.5217092024073235
why does one of them look like pam kinda,neither,0.03562736877163905,0.4598098810676779,0.5045627501606831
I graduated from High School 29 years ago!,neither,0.03787910040844084,0.37232852591839133,0.5897923736731678
I guess we will be standing out of the school parties awkwardly because we are not sure we can go in. LOL,neither,0.04055188489441928,0.40163187391858335,0.5578162411869972
I have the maturity of a high school student. Close enough.,neither,0.035955485037919066,0.3843362165177365,0.5797082984443445
was in high school 3 years ago,neither,0.03626776399563073,0.40509146298685506,0.5586407730175142
highschool was over a decade ago for me :P,neither,0.027024498855210344,0.34041396325838613,0.6325615378864035
"I'm a whole HS Dropout, been out for a few years now",neither,0.03214093947900456,0.32416977867868246,0.643689281842313
I really wish that Gina was playing in this one!,neither,0.03498611662392145,0.400201265423272,0.5648126179528064
Was 23 years ago for me.,neither,0.029157395473720628,0.338877496725497,0.6319651078007823
was in high school one year ago :/,neither,0.03569725625696283,0.427790606012616,0.5365121377304212
"""friends""",neither,0.03945320844208391,0.33037608806864915,0.630170703489267
18 years ago for me,neither,0.028303748989855635,0.33814889281410504,0.6335473581960394
High school is a hell of a lot harder when you've got the highest GPA. You don't fit in anywhere. That's what they tell me.,offensive_language,0.033861214150021406,0.6275870528298135,0.3385517330201651
I. am. So. PUMPED.,neither,0.039214818985332425,0.376211370151798,0.5845738108628695
ha 20+,neither,0.03945320844208391,0.33037608806864915,0.630170703489267
Mean Girls GnS Edition,neither,0.02617124712438189,0.4101284196238956,0.5637003332517225
Whitney is the music teacherErika is the language andx readingAmy is the history teacherBecca is the sex ed teacher and tells nothing but dirty jokes throughout the class time,neither,0.0405733966638471,0.4083016305909774,0.5511249727451756
What we're learning is that there's a fairly decent age range in chat.,neither,0.05339921351028296,0.31339327747540713,0.6332075090143099
Most of the people I was at all acquainted with in HS are now grandparents.,neither,0.07227159805900249,0.38141031417717314,0.5463180877638244
15 years behind me!,neither,0.03253738281509841,0.36772456600355763,0.599738051181344
Longer then I want to say here.,neither,0.09904766217634668,0.2837901191291456,0.6171622186945078
People born the year I graduated can just barely drink legally.,neither,0.05094915588766383,0.32934473570055695,0.6197061084117793
being 15 was lovecraftian tbh,neither,0.03468549098820402,0.35917092451437804,0.6061435844974178
@stitchybabie22 HI,neither,0.03945320844208391,0.33037608806864915,0.630170703489267
Mean girls lol,offensive_language,0.01632772394546924,0.49842818323559634,0.48524409281893455
My 20 Year Reunion is this year,neither,0.036102852697706675,0.38853263162544227,0.5753645156768511
"Yeah, all my classmates were heavy breeders (not to be crass).",neither,0.02693395479973847,0.47733994575616456,0.49572609944409685
hey @shidareaki !!! ♡,neither,0.03945320844208391,0.33037608806864915,0.630170703489267
Lovecraftian horror only we're 15 - it's called Buffy,neither,0.05192635096852703,0.3103842043682435,0.6376894446632295
@stitchybabie22 how are you?,neither,0.19156335723385254,0.31525141242459664,0.49318523034155076
This setting literally is describing everything that irritates me about how some people decided to live in high school,neither,0.048335164728242064,0.4230017620585513,0.5286630732132068
"@stitchybabie22 Hello, Alyssa",neither,0.03945320844208391,0.33037608806864915,0.630170703489267
Hey @stitchybabie22,neither,0.03945320844208391,0.33037608806864915,0.630170703489267
I'm doing pretty good :-) ready for my bday and wondercon :-),neither,0.026207480313026173,0.3410665697590266,0.6327259499279473
oh BDay HYPE <3,neither,0.04453542784863811,0.28189645720454176,0.6735681149468202
Maybe they come together as a coven and we get an improve sequal,neither,0.036387258882841125,0.3479773221757051,0.6156354189414539
"@stitchybabie22 Ah yes, sooooon.",neither,0.03945320844208391,0.33037608806864915,0.630170703489267
@danoba *waves,neither,0.03945320844208391,0.33037608806864915,0.630170703489267
"@Ebonitacocat some people peaked in high school, yes?",neither,0.051581119784626754,0.41978263114035613,0.5286362490750172
@jeffm0307 hey :-),neither,0.03945320844208391,0.33037608806864915,0.630170703489267
Want the inside scoop? Join the cast of Critical Role and discuss this episode right here on Talks Machina. Tuesdays 7pm Pacific at twitch.tv/geekandsundry and projectalpha.com,neither,0.04630302093207864,0.22484473131932575,0.7288522477485957
Erika has a crush,neither,0.03994576661462504,0.3220160904062302,0.6380381429791447
Vote BECCA 2020!,neither,0.03945320844208391,0.33037608806864915,0.630170703489267
So Becca is playing a Becca?,neither,0.05246582551183883,0.3945222107266052,0.553011963761556
"Very nice, Whitney.",neither,0.03945320844208391,0.33037608806864915,0.630170703489267
gandsHR gandsHR gandsHR gandsHR gandsHR gandsHR gandsHR gandsHR gandsHR,neither,0.03945320844208391,0.33037608806864915,0.630170703489267
Becca Scott,neither,0.03945320844208391,0.33037608806864915,0.630170703489267
That message hiccupped.,neither,0.03410914153911957,0.3888682808117829,0.5770225776490976
Those are good skills to have,neither,0.11272425292600517,0.22110588193943334,0.6661698651345617
doesn't everyone :D @shidareAKI,neither,0.03194668538069591,0.4577813748845071,0.5102719397347969
lol,neither,0.020706217963973744,0.4882283491876925,0.4910654328483337
is this uno,neither,0.048827387017930185,0.3289095995902385,0.6222630133918313
!weave,neither,0.03945320844208391,0.33037608806864915,0.630170703489267
"Weave is a 21st century storytelling platform for everyone. With just two decks of cards and a handful of dice, you and your friends can create adventures in any genre, from sci-fi to high school comedy. When combined with the free companion app, Weave provides all the power you'll need to discover new worlds, imagine amazing characters, and save your stories online in minutes. You can find more information at: https://weave.game/",neither,0.05424416382335852,0.3425299335395282,0.6032259026371134
!wtfisthis,neither,0.03945320844208391,0.33037608806864915,0.630170703489267
"Weave Society is the RPG tale for the digital age. Storytellers Amy Dallen, Whitney Moore, Becca Scott, Stef Woodburn, and Gina DeVivo come together to jump into one of the many fantastical worlds of Weave. Where will they end up next?",neither,0.03997484976940308,0.3113440925008771,0.6486810577297198
kaceyThink,neither,0.03945320844208391,0.33037608806864915,0.630170703489267
heh,neither,0.03945320844208391,0.33037608806864915,0.630170703489267
I think Weave's wtfisthis needs to be edited,neither,0.045628249640877666,0.3231335449390771,0.6312382054200452
"Yeah, just a little",offensive_language,0.01649563218278098,0.49420091989546244,0.4893034479217566
All the fly dance moves,neither,0.04001911494129054,0.37485647591532983,0.5851244091433797
@wildbronco38 She was still part of the show originally.,neither,0.05063720763482302,0.333732452877524,0.615630339487653
cheer1 cheer1 cheer1 cheer1 cheer1 cheer1 cheer1 cheer1 cheer1 cheer1,neither,0.03945320844208391,0.33037608806864915,0.630170703489267
True,neither,0.03945320844208391,0.33037608806864915,0.630170703489267
Erika's char has got that Alicia Vikander bod,neither,0.03644072158402533,0.3815615796625547,0.5819976987534199
whitney is literally playing my girl crush in high school. oh nO,neither,0.03353120041616797,0.43866388121180605,0.5278049183720258
poor Gina XD,neither,0.03945320844208391,0.33037608806864915,0.630170703489267
Awww Gina,neither,0.03945320844208391,0.33037608806864915,0.630170703489267
That's very unfortunate.,neither,0.03568168933634414,0.3713777657781295,0.5929405448855264
"Sax, you monster!",neither,0.06316343085517194,0.39553058659427703,0.5413059825505511
"so hey, have the mics been a little low tonight or are my headphones finally dying",neither,0.041476496126868795,0.36458954227016155,0.5939339616029696
Hey,neither,0.03945320844208391,0.33037608806864915,0.630170703489267
thats hilarious oh my god,neither,0.03322306959749684,0.3639722850605879,0.6028046453419152
yay homeschooler nerds!,neither,0.03945320844208391,0.33037608806864915,0.630170703489267
"very rude, Sax",neither,0.03945320844208391,0.33037608806864915,0.630170703489267
Gina is quite magical,neither,0.047114999329063004,0.32774084684657945,0.6251441538243575
the sound has been a little weird yeah,neither,0.02571519034495818,0.4091956306357782,0.5650891790192636
"We all know how cool Mama de Vivo is, so now we know why Gina's EXTRA cool",neither,0.03766098811836297,0.39938583222005825,0.5629531796615788
"Oh man, good stuff",neither,0.044754024830184314,0.3444427445071766,0.6108032306626391
The volume has been better this week than it was last week or the week before.,neither,0.036235100500382034,0.3487808367123702,0.6149840627872478
Sax Evil! seumEvil seumEvil,neither,0.03945320844208391,0.33037608806864915,0.630170703489267
ok this is literally just Butterfly Soup tho,neither,0.03856549456488672,0.35007943961892796,0.6113550658161854
I can attest to that statement Gina said about @babykanga. lol,neither,0.034366164789285586,0.4132286349099671,0.5524052003007475
"I was home schooled, too",neither,0.03892785611476679,0.3392926881235406,0.6217794557616927
We have a subscriber-only Discord server! Join here: https://discord.gg/geekandsundry (you'll need to sub and link it to your Twitch) and be a part of the fun!...Warning: It can take up to an hour for the server to update and give you access to the channels,neither,0.08464076273808444,0.286394834032893,0.6289644032290227
Clearly Scaridy cat,neither,0.03945320844208391,0.33037608806864915,0.630170703489267
LOl,neither,0.020706217963973744,0.4882283491876925,0.4910654328483337
The DeVivo family is full of one of a kind gems. We love them. <3,neither,0.06986041663703715,0.338041680303118,0.5920979030598449
*blushes,neither,0.03945320844208391,0.33037608806864915,0.630170703489267
"I find Gina and maybe Amy a little low, but I cranked it a little. Becca and Whitney are fine for me. Erika's too high, but her mic might be offline completely.",neither,0.034579456282399036,0.3741016524150958,0.5913188913025051
erika definatly scardy cat,neither,0.03945320844208391,0.33037608806864915,0.630170703489267
"one of my best friends as a teen was homeschooled, and she's far more well adjusted than i am :D",neither,0.031245946656791923,0.4365809717469425,0.5321730815962656
oh @shidareaki ♡,neither,0.051363287716059566,0.22255663153133606,0.7260800807526044
<3,neither,0.03945320844208391,0.33037608806864915,0.630170703489267
Any of you guys like the show Freaks & Geeks?,neither,0.08125021359467799,0.3023878871911807,0.6163618992141413
Where has Stef been?,neither,0.04210188108451371,0.28542120084184713,0.6724769180736391
Anarchist HYPE!!!!!!!,neither,0.03945320844208391,0.33037608806864915,0.630170703489267
"Help G&S make great content! $4.99/month gets you emotes, Minecraft server access, sub-only VODs, and more! Every sub keeps the channel alive! twitch.tv/geekandsundry/subscribe",neither,0.043907990691603095,0.31135964332838284,0.644732365980014
"@jabberlockey isn't that like, the patron show of this channel?",neither,0.054911742890921635,0.30520246571595977,0.6398857913931187
New job @BTMcLain,neither,0.04455554246726201,0.20051764242749365,0.7549268151052443
@JabberLockey I loved it!,neither,0.03750910659539627,0.3310447538416866,0.6314461395629172
@BTMcLain Stef is taking time off 'cause she got a fancy new job.,neither,0.04578659412033697,0.39116416899840417,0.5630492368812589
@JabberLockey YYYYYYEEESSS!!,neither,0.03945320844208391,0.33037608806864915,0.630170703489267
I knew so many socially awkward anarchist boys in school,neither,0.03942042900206609,0.3594872090474827,0.6010923619504513
I''m an anarchist. I do exactly what the media tells me too. I'm so edgy,neither,0.03794076336099026,0.37365744727260825,0.5884017893664015
