text,top_class,hate_speech,offensive_language,neither
Ah ok,neither,0.03938726060080474,0.3314953950453076,0.6291173443538877
Dick & Johnson HYPE!!!!!!,offensive_language,0.06095770568097912,0.8448360316967755,0.0942062626222454
"oh, nice thanks JeffM0307 minimarker Bigkendalll",neither,0.04263145644411559,0.25521490454298085,0.7021536390129037
hype,neither,0.03945320844208391,0.33037608806864915,0.630170703489267
People move on. I’ll miss her,offensive_language,0.04296005113492136,0.5509875859549057,0.40605236291017294
WHO SENT YOU,offensive_language,0.06583839253432079,0.5028997393527045,0.43126186811297473
gandsSubHype gandsSubHype gandsSubHype,neither,0.03945320844208391,0.33037608806864915,0.630170703489267
"Download the new Critical Role theme song for Campaign Two! http://itunes.apple.com/album/id1331550250?ls=1&app=itunes Sales of the song support the musician, Jason Charles Miller.",neither,0.04445767596344001,0.2510827790306858,0.7044595450058742
Brring Brittany back,neither,0.03945320844208391,0.33037608806864915,0.630170703489267
Lean back,neither,0.03945320844208391,0.33037608806864915,0.630170703489267
But a lot of people left G&S.. so yeah,neither,0.04034907658997128,0.4733436857325233,0.4863072376775054
That much glue must be a health violation.,neither,0.03543660406539596,0.3502017134686287,0.6143616824659754
you want french flies with that,neither,0.03807849982160541,0.433380822984754,0.5285406771936407
"Help G&S make great content! $4.99/month gets you emotes, Minecraft server access, sub-only VODs, and more! Every sub keeps the channel alive! twitch.tv/geekandsundry/subscribe",neither,0.043907990691603095,0.31135964332838284,0.644732365980014
hrpgHyperHype hrpgHyperHype hrpgHyperHype,neither,0.03945320844208391,0.33037608806864915,0.630170703489267
Hi Hector and Keller!,neither,0.03870944257742205,0.292987672328244,0.6683028850943339
lol,neither,0.020706217963973744,0.4882283491876925,0.4910654328483337
I love how half the time it is just the two of them messing with the animator.,neither,0.03692195550380687,0.34481769982667193,0.6182603446695212
I'll take a cheeseburger and fries please stsAced,neither,0.03884399971267989,0.3002794784975069,0.6608765217898132
Is Dick standing in front of a g-g-g-ghost?!,offensive_language,0.06973510311416599,0.7692947750690003,0.16097012181683373
oh my god xD yes,neither,0.031788077653664655,0.372797600721973,0.5954143216243624
I hear an ERIKA!,neither,0.039924340615471524,0.32237974552926724,0.6376959138552611
Hi Erika,neither,0.03945320844208391,0.33037608806864915,0.630170703489267
ifdeezScared ifdeezScared ifdeezScared,neither,0.03945320844208391,0.33037608806864915,0.630170703489267
Toasty has the best shoes,neither,0.03803956229074108,0.29854636339195756,0.6634140743173014
this is my first time seeing this. the live animation is awesome o-o,neither,0.03756214075490508,0.3881939948566673,0.5742438643884276
aww ish an evil toaster look at the teef,neither,0.03966663803151166,0.33112060986105046,0.6292127521074379
"I wish this show was on Alpha, if only just on demand.",neither,0.02948149886575442,0.349919610525825,0.6205988906084206
!whodat,neither,0.03945320844208391,0.33037608806864915,0.630170703489267
omg Erika's voice for Toasty...cuteness overload!!,neither,0.03428094739208379,0.3045376150115308,0.6611814375963854
"GM Sax Carr ( twitter.com/SaxCarr ), Hector Navarro ( twitter.com/Hectorisfunny ), Keller Knoblock ( twitter.com/KellerKnoblock ), with guest Erika Ishii ( twitter.com/erikaishii ).",neither,0.03541619486580181,0.4730016757208791,0.49158212941331914
Crime fighting n sich,neither,0.03945320844208391,0.33037608806864915,0.630170703489267
@Kitzara Welcome and enjoy!,neither,0.03860730184226345,0.28722824611601955,0.6741644520417169
thank you!,neither,0.07325166854587051,0.43632638485078484,0.49042194660334476
mmm toast,neither,0.03945320844208391,0.33037608806864915,0.630170703489267
Hehhehhehehe,neither,0.03945320844208391,0.33037608806864915,0.630170703489267
ahahahahhaaha this is everything I hoped for,neither,0.040611733803017955,0.30294557689852236,0.6564426892984597
woah a toaster,neither,0.03945320844208391,0.33037608806864915,0.630170703489267
"@elladan55 Yes, actually, this entire show is just a big intro",neither,0.03808896243265439,0.335758009339143,0.6261530282282026
oh man @chaoticloony this is right up your ally huh,neither,0.07265336361398984,0.3869066388049902,0.5404399975810199
child = me,neither,0.029340947021996473,0.3866875439560245,0.583971509021979
Yep,neither,0.03945320844208391,0.33037608806864915,0.630170703489267
so how long until the toaster becomes a monster?,neither,0.0386753938728926,0.34634552894833387,0.6149790771787735
this is hilarious,neither,0.050298936780661496,0.3286480543696765,0.621053008849662
CYLON!,neither,0.03945320844208391,0.33037608806864915,0.630170703489267
"Okay, they've got the talking toaster. Now where's the blanket and the vacuum?",neither,0.024554320148644934,0.28000795158430025,0.6954377282670549
XD Toaster said yall are -stank-,neither,0.0586062144905099,0.31320685041941293,0.6281869350900773
I’m waiting for the toaster to be a ninja,neither,0.03922102500486,0.2970160467501712,0.6637629282449689
I hope Powdered Toast Man doesn't steal Toasty.,neither,0.06382711922572243,0.2918558472683549,0.6443170335059227
Of course Toastie has a nose!,neither,0.039849967972237436,0.3236420433820819,0.6365079886456807
@harberst yes lol,neither,0.027751076132194283,0.41967691607684227,0.5525720077909634
yesh @harberst,neither,0.03945320844208391,0.33037608806864915,0.630170703489267
this is the best toast voice <3,neither,0.04476705638865881,0.30969218978614393,0.6455407538251974
Johnson was the child!,neither,0.03846682684792663,0.31643396533484447,0.6450992078172288
How does a sentient toaster with a working nose know if it's having a stroke or not?,neither,0.018715958535237658,0.44967663458655976,0.5316074068782025
Toaster got some nice gams... just sayin',neither,0.029182971780436565,0.39352861703814324,0.5772884111814203
XD streeeeeeetch,neither,0.03945320844208391,0.33037608806864915,0.630170703489267
Toastie needs to visit the Toaster Ghost YouTube channel,neither,0.04276988959947875,0.3185164435578787,0.6387136668426426
omgz,neither,0.03945320844208391,0.33037608806864915,0.630170703489267
HAaaa,neither,0.03945320844208391,0.33037608806864915,0.630170703489267
bam in da face,neither,0.07150427630512059,0.4426909538196772,0.4858047698752023
Toasty reminds me of my cat,neither,0.02391096261936192,0.44322433774942893,0.5328646996312092
"Hehheheh, this makes me so happy!",neither,0.03102784443789153,0.4285866593829103,0.5403854961791982
It would be really sad if Toasty now has a functioning nervous system and thus can't toast bread without extreme pain.,neither,0.031340746146631786,0.3274113611077803,0.6412478927455878
I'm dying laughing.,neither,0.03945320844208391,0.33037608806864915,0.630170703489267
The background laughter gets me every time :D,neither,0.032889634266604885,0.36025698530629463,0.6068533804271005
@super390 :(,neither,0.03945320844208391,0.33037608806864915,0.630170703489267
"We saw Toastie toast already, @super390, we know it didn't hurt them",neither,0.0353421019074789,0.36775837199365774,0.5968995260988634
At least the beer isn’t alive,neither,0.038104046402078366,0.3363156660536688,0.6255802875442529
He's speaking in tongues. Call Constantine!,neither,0.04394013204436226,0.32883282929124036,0.6272270386643973
Then they’d run screaming,neither,0.03945320844208391,0.33037608806864915,0.630170703489267
The Vacuum was grumpy af,neither,0.03848938435437633,0.31675820595167364,0.6447524096939501
"this is a nightmare, oh my god poor appliances",neither,0.03952641368584664,0.35774611874385315,0.6027274675703003
omgz,neither,0.03945320844208391,0.33037608806864915,0.630170703489267
http://www.wheniscriticalrole.com/ <<< countdown clock to the next lice,neither,0.04037689592273456,0.25909458558049175,0.7005285184967738
Be glad the toilet isn’t alive,neither,0.03908732587788395,0.32051996263279564,0.6403927114893204
We have a subscriber-only Discord server! Join here: https://discord.gg/geekandsundry (you'll need to sub and link it to your Twitch) and be a part of the fun!...Warning: It can take up to an hour for the server to update and give you access to the channels,neither,0.08464076273808444,0.286394834032893,0.6289644032290227
ahahahaa too excited,neither,0.039224599080767426,0.33425618555308034,0.6265192153661522
"Strangely, his phone looks just like a beer can.",neither,0.07072332102627849,0.3609933544183239,0.5682833245553975
"Help G&S make great content! $4.99/month gets you emotes, Minecraft server access, sub-only VODs, and more! Every sub keeps the channel alive! twitch.tv/geekandsundry/subscribe",neither,0.043907990691603095,0.31135964332838284,0.644732365980014
TACOS NOW OR RIOT gandsHecBird gandsHecBird gandsHecBird gandsHecBird,neither,0.03945320844208391,0.33037608806864915,0.630170703489267
Hi Sax!,neither,0.03945320844208391,0.33037608806864915,0.630170703489267
Bye Blender Gordon!,neither,0.03945320844208391,0.33037608806864915,0.630170703489267
Sad blender music.,neither,0.03945320844208391,0.33037608806864915,0.630170703489267
Is your refrigerator running?,neither,0.08257337468864599,0.317531937959535,0.599894687351819
I wonder what Chief's sleeping cap looks like,neither,0.05095256351527858,0.3381819081208103,0.6108655283639112
Not YET they aren't,neither,0.03800699708955538,0.33581616824780547,0.6261768346626391
"When weird shit like that happens, i think of you. BEST LINE EVER",offensive_language,0.07548106346459824,0.9148375502719511,0.00968138626345073
"@super390 No, it is just lumbering along!",neither,0.04014286808465773,0.36696002961837865,0.5928971022969636
hahahaha,neither,0.03945320844208391,0.33037608806864915,0.630170703489267
Who's voicing the toaster?,neither,0.03899337485998115,0.381895809265938,0.5791108158740808
Me too @Grading Me too,neither,0.025456656249999262,0.41690574403459846,0.5576375997154023
!whodat,neither,0.03945320844208391,0.33037608806864915,0.630170703489267
"GM Sax Carr ( twitter.com/SaxCarr ), Hector Navarro ( twitter.com/Hectorisfunny ), Keller Knoblock ( twitter.com/KellerKnoblock ), with guest Erika Ishii ( twitter.com/erikaishii ).",neither,0.03541619486580181,0.4730016757208791,0.49158212941331914
I'll bet the chief's vacuum and electric toothbrush have some dirty confessions to make.,neither,0.03714166944725927,0.3114411235832099,0.6514172069695308
Makes perfect sense.,neither,0.039438876392427595,0.3302560733300149,0.6303050502775576
Am I the only one who thinks it's kind of weird and immersion breaking that they just put the real live action Erika into this animated episode?,neither,0.03278126570474122,0.4147554549467809,0.5524632793484779
xD,neither,0.03945320844208391,0.33037608806864915,0.630170703489267
:(,neither,0.03945320844208391,0.33037608806864915,0.630170703489267
this is so sad,neither,0.0506952628012965,0.38946070602132815,0.5598440311773754
Johnson's supernatural neck,neither,0.03945320844208391,0.33037608806864915,0.630170703489267
"""Does luggage count as an appliance? Did they walk away, too?""",neither,0.02907223749543959,0.42923553630353456,0.5416922262010258
Kids are just weird!,neither,0.0619375145215511,0.3029521167556036,0.6351103687228453
So sad that it's not sad. It's KICK ASS!,offensive_language,0.08356634044632436,0.8841730386873197,0.03226062086635578
dina sawrs,neither,0.03945320844208391,0.33037608806864915,0.630170703489267
This is AWESOME!!! <3,neither,0.050512911114032236,0.32860941969445295,0.6208776691915148
gandsSubHype gandsSubHype gandsSubHype gandsSubHype gandsSubHype gandsSubHype gandsSubHype gandsSubHype gandsSubHype gandsSubHype gandsSubHype,neither,0.03945320844208391,0.33037608806864915,0.630170703489267
"Well of course it wants to sleep in separate bedrooms, it scan",neither,0.04186387537125685,0.328432019843492,0.6297041047852511
PogChamp Animated Episode,neither,0.03945320844208391,0.33037608806864915,0.630170703489267
"why do I get the feeling ""He's never present"" MAY be in the divorce papers...",neither,0.034096928136758575,0.3356284344530079,0.6302746374102335
It can't get its head and tail into the same bedroom.,neither,0.033005443895375144,0.32094566041468287,0.6460488956899421
CHIEF HAS A WIFE? @geekandsundry that's not in the wiki,neither,0.03549888199402356,0.3470014576369063,0.6174996603690701
!djwiki,neither,0.03945320844208391,0.33037608806864915,0.630170703489267
"""The Dick and Johnson wikia, the most unsatisfying misclick on the Internet."" -Sax Carr 2017 #PutItInTheWiki http://dickandjohnson.wikia.com/wiki/The_Dick_and_Johnson_Wiki",neither,0.04705533552773973,0.46992134562560794,0.48302331884665234
"You have to cry in order to make new friends? But not having friends is what makes you cry? Oh, the sad irony",neither,0.07185042575376809,0.3015866970381806,0.6265628772080513
CUTE LITTLE SOUL,neither,0.041219984117078015,0.30038929394691305,0.6583907219360089
Is the whole episode animated? This is impressive if it's all improved.,neither,0.0356995579876222,0.39280889593279084,0.5714915460795871
@vexelghost Yes.,neither,0.03945320844208391,0.33037608806864915,0.630170703489267
