text,top_class,hate_speech,offensive_language,neither
shoot bits,neither,0.08138243506028471,0.21568577026226915,0.702931794677446
I dunno what's happening but it has to do with this. https://twitter.com/GeekandSundry/status/976903867609726976,neither,0.03684520628731685,0.41821168971353956,0.5449431039991436
lol thanks @renson_arcalian,neither,0.025686929906610204,0.3825841739419974,0.5917288961513923
I've only heard B-boiy in reference to Kpop culture picking it up as a reference-- are we saying BBoy is seperate and not a term to describe Kpop's use of it?,neither,0.025416950863163357,0.35873181985935687,0.6158512292774797
gandsRyanHype gandsSaxHype,neither,0.03945320844208391,0.33037608806864915,0.630170703489267
Hi Sax and Ryan!,neither,0.03865039986561582,0.28968446037165835,0.6716651397627258
I love Kpop #BTS,neither,0.03217296676969875,0.3657703709031763,0.602056662327125
Hi Sax Ryan and Porter :),neither,0.03865039986561582,0.28968446037165835,0.6716651397627258
Good! More #WeaveSociety,neither,0.04159264054320043,0.31354764768815074,0.6448597117686489
WOOHOO Asinine Wisdom :),neither,0.03945320844208391,0.33037608806864915,0.630170703489267
National Tabletop Day,neither,0.040071993596120355,0.3120935991421268,0.6478344072617529
evening everyone,neither,0.033219361956460275,0.4361807319725941,0.5305999060709456
gandsSubHype gandsSubHype gandsSubHype,neither,0.03945320844208391,0.33037608806864915,0.630170703489267
yeah good stuff!,neither,0.02199306812217004,0.44990126931658436,0.5281056625612456
More Asinine Wisdom and AYBGF HYPE!!!!!!!!,neither,0.040320016306627654,0.2881367268222547,0.6715432568711175
Sounds fun!,neither,0.03945320844208391,0.33037608806864915,0.630170703489267
his eyes are beautiful..,neither,0.11926547553871324,0.2467411198867879,0.6339934045744988
"first time here, the topic interested me",neither,0.05312979064320905,0.33739115773008604,0.6094790516267048
Yay,neither,0.03945320844208391,0.33037608806864915,0.630170703489267
Hi @rolistespod,neither,0.03945320844208391,0.33037608806864915,0.630170703489267
my first time watching this show 😃,neither,0.03264788037664278,0.36380495383975514,0.6035471657836021
is cheif a b boy,neither,0.05628347094212213,0.32458738903305834,0.6191291400248194
Weeeaaavee.,neither,0.03945320844208391,0.33037608806864915,0.630170703489267
I like what you got! :),offensive_language,0.13102143307308264,0.53848285547951,0.33049571144740725
@chaoticloony Hello,neither,0.03945320844208391,0.33037608806864915,0.630170703489267
"3-Year Twitch-iversary Stream has ended, we reached $10,087.00! https://clips.twitch.tv/WonderfulAbrasiveFennelHassaanChop",neither,0.03954791720455418,0.32876863319935457,0.6316834495960912
B boys yo,neither,0.03971842464183466,0.4402915198952686,0.5199900554628968
Hello and Welcome All New Viewers.. sit back and enjoy :),neither,0.04145560918472887,0.26667424817420887,0.6918701426410623
!roll 2d4+1,neither,0.03945320844208391,0.33037608806864915,0.630170703489267
2,neither,0.03945320844208391,0.33037608806864915,0.630170703489267
"Thank you Sax, you made my day with that announcement",offensive_language,0.03989485733601564,0.5900284165369718,0.37007672612701253
"Dang, just got here and missed what Sax said",neither,0.0814233080033014,0.3140462698052944,0.6045304221914042
@leigh574 Thanks for the welcome ❤️,neither,0.031194654311206042,0.27306742823328406,0.6957379174555098
Lore Masters. Sounds cool what is it about?,neither,0.05038771585400299,0.3506020484456481,0.599010235700349
"wait, how do you get 2 from 2d4+1?",neither,0.06275361700670526,0.37430564864978444,0.5629407343435103
"Ah, the roll command can't do +1. Good to know.",neither,0.04558966218384681,0.30833798041664356,0.6460723573995096
"One sec, I made a clip of Sax's announcement.",neither,0.03876354953993211,0.35573139525470354,0.6055050552053644
gands2YearHype,neither,0.03945320844208391,0.33037608806864915,0.630170703489267
Richard Simmons,neither,0.03945320844208391,0.33037608806864915,0.630170703489267
We have a subscriber-only Discord server! Join here: https://discord.gg/geekandsundry (you'll need to sub and link it to your Twitch) and be a part of the fun!...Warning: It can take up to an hour for the server to update and give you access to the channels,neither,0.08464076273808444,0.286394834032893,0.6289644032290227
!whodat,neither,0.03945320844208391,0.33037608806864915,0.630170703489267
"Ryan Green ( twitter.com/HydroSnail ), Ryan Porter ( instagram.com/RyanElusive ).",neither,0.03891074772143578,0.38290772273516677,0.5781815295433974
LUL,neither,0.03945320844208391,0.33037608806864915,0.630170703489267
I love these dorks xD,neither,0.04585320805200728,0.42749824860484975,0.5266485433431429
@Countinglizards 2 more months of current schedule and return of Asinine Wisdom and another AYBGF special,neither,0.08395010297652655,0.23926854122151983,0.6767813558019538
A tale of two Ryan's. :D,neither,0.03999911859203366,0.32111056811204014,0.6388903132959262
"@ArcticshadowOwl Lore Masters is about diving into the backstory of whatever the topic is. Elder Scrolls, Warcraft, Kaijus, etc.",neither,0.04650787542515102,0.32447990486748596,0.6290122197073631
this bro wearing leggings?,neither,0.039363114696565844,0.3319052140560303,0.6287316712474039
"Download the new Critical Role theme song for Campaign Two! http://itunes.apple.com/album/id1331550250?ls=1&app=itunes Sales of the song support the musician, Jason Charles Miller.",neither,0.04445767596344001,0.2510827790306858,0.7044595450058742
is Ryan Gosling going to make a surprise cameo?,neither,0.04754460648297363,0.34289394018810954,0.6095614533289168
!section31,neither,0.03945320844208391,0.33037608806864915,0.630170703489267
<message deleted>,neither,0.03945320844208391,0.33037608806864915,0.630170703489267
"I'd like to try to get into to this type of dance at some point, so i thought i'd see what they have to say",neither,0.060620953677815365,0.3278206402828731,0.6115584060393116
I hope this show isn't Ryan to me!,neither,0.08830359923811874,0.20244299576575436,0.7092534049961269
!points @chaoticloony,neither,0.03945320844208391,0.33037608806864915,0.630170703489267
"That was an excellent pun, @chaoticloony! Here, have some points for that one! You have been awarded 108 points!",neither,0.049980789310414435,0.3817775744187309,0.5682416362708548
@zismarith thanks wait they can do World Of Warcraft then 😍,neither,0.039014472642384064,0.31069525183878244,0.6502902755188334
@Jimithen yes,neither,0.03945320844208391,0.33037608806864915,0.630170703489267
@ArcticshadowOwl Have.,neither,0.03788192279475323,0.35704490623261964,0.6050731709726273
little known fact: Ryan's cup is pure ghb,neither,0.0444186095652388,0.33187485244457005,0.6237065379901913
"@chaoticloony Cool, thanks.",neither,0.0367426274230533,0.3076780315905544,0.6555793409863925
https://clips.twitch.tv/GeniusObliqueAmazonGingerPower,neither,0.03945320844208391,0.33037608806864915,0.630170703489267
dang thats kinda clean,neither,0.03945320844208391,0.33037608806864915,0.630170703489267
They are Attack on Titan leggings xD,neither,0.05971209948311541,0.30067870155572574,0.6396091989611588
Or atleast muscle leggings,neither,0.03945320844208391,0.33037608806864915,0.630170703489267
"Help G&S make great content! $4.99/month gets you emotes, Minecraft server access, sub-only VODs, and more! Every sub keeps the channel alive! twitch.tv/geekandsundry/subscribe",neither,0.043907990691603095,0.31135964332838284,0.644732365980014
i didnt even know that was a thing,neither,0.03488957786609099,0.3860900339764955,0.5790203881574136
ah nooo. not another schedule announcement. everyone leads to more disappointments and grief.,neither,0.06511227032684175,0.3215791434988361,0.6133085861743223
I always thought B-Boys meant Beastie Boys 😅 oops,neither,0.040450954945996855,0.30206739344877503,0.6574816516052282
Beastie boys??? lol,neither,0.028219438642940846,0.4155757466678366,0.5562048146892226
Dang I fuckin love those glasses,offensive_language,0.12236633826223006,0.8598465971032809,0.017787064634489133
@jimmy_eat_meatloaf I thought it went well.,neither,0.0412409912256964,0.22061145146215705,0.7381475573121465
Sounds like Lucio from Overwatch,neither,0.056908071472267195,0.3273631363606201,0.6157287921671127
!schedule,neither,0.03945320844208391,0.33037608806864915,0.630170703489267
"@jimmy_eat_meatloaf Its a good one, go watch real quick!",neither,0.03249382773432445,0.465063411375349,0.5024427608903266
BBoyz,neither,0.03945320844208391,0.33037608806864915,0.630170703489267
how long til CR? this timezone + daylight saving has confused me,neither,0.035385671938931294,0.3480590491255251,0.6165552789355437
@captoftheship Sorry I grew up in Belgium. Notre very street savvy 😮,neither,0.03770997211937181,0.3648394018099816,0.5974506260706466
http://www.wheniscriticalrole.com/ <<< countdown clock for CR (C2ep11) @Bennnnnn6,neither,0.03385528921205402,0.24413065865937703,0.7220140521285688
3 hours,neither,0.03945320844208391,0.33037608806864915,0.630170703489267
I thought more people knew what B boys are,neither,0.11587163601551373,0.1958151033384858,0.6883132606460004
!rbschedule,neither,0.03945320844208391,0.33037608806864915,0.630170703489267
Find the rebroadcast schedule for today here: http://bit.ly/WedRebroadcast,neither,0.05993176898675194,0.16282973960513905,0.7772384914081091
Vaguely remember B-boys from the 80's. We did attempt breakdancing - very badly as kids.,neither,0.03837565585257628,0.331784782530181,0.6298395616172427
I would watch it if it wasn't for my stupid computer not being able to detect my stupid headphones.,neither,0.07785840243325776,0.3221101218051794,0.6000314757615629
I love learning stuff ❤️,neither,0.036868557098214454,0.34237544023539185,0.6207560026663937
!thursday,neither,0.03945320844208391,0.33037608806864915,0.630170703489267
"THURSDAY (All Times Pacific) - LORE MASTERS: 4-5:30pm, Ryan Green and a guest go deeper into a fandom than you may have ever thought possible! | CRITICAL ROLE: 7pm-? Pacific | Voice Actors play Dungeons and Dragons 5e!",neither,0.04653776919637756,0.2948298166561512,0.6586324141474712
!clock,neither,0.03945320844208391,0.33037608806864915,0.630170703489267
It is currently Thursday 4:09 PM at the Geek & Sundry studio in California.,neither,0.05116902727914625,0.32963796927704553,0.6191930034438082
thanks itmejpBRO,neither,0.035884468650613,0.3004919205142699,0.6636236108351171
Hi,neither,0.03945320844208391,0.33037608806864915,0.630170703489267
PowerUpL Squid3 PowerUpR,neither,0.03945320844208391,0.33037608806864915,0.630170703489267
EatPi Squid3 PowerUpR,neither,0.03945320844208391,0.33037608806864915,0.630170703489267
PowerUpL Squid3 EatPi,neither,0.03945320844208391,0.33037608806864915,0.630170703489267
!howfar,neither,0.03945320844208391,0.33037608806864915,0.630170703489267
lol,neither,0.020706217963973744,0.4882283491876925,0.4910654328483337
Nice quality sang,neither,0.03945320844208391,0.33037608806864915,0.630170703489267
http://www.wheniscriticalrole.com/ <<< countdown clock for CR (C2ep11),neither,0.03385528921205402,0.24413065865937703,0.7220140521285688
Hi,neither,0.03945320844208391,0.33037608806864915,0.630170703489267
I usually can't watch G&S live streams (too late for GMT) but I'm spending the night at the hospital (no worries it's for a positive reason) as we had our first baby this morning 👶,neither,0.03240875262437717,0.2791900166778575,0.6884012306977653
I am intruiged by his leggings....,neither,0.06876274135162479,0.38080183797242667,0.5504354206759485
"oh man, good topic here! SeemsGood",neither,0.08986199549204123,0.30520610521653013,0.6049318992914288
congrats @rolistespod Bidet from the womb,neither,0.039614638422358635,0.2889502261934007,0.6714351353842406
Poppin' n lockin'!,neither,0.03945320844208391,0.33037608806864915,0.630170703489267
@gospodin_bo the how far command is set up and useful during CR replays,neither,0.04139043439143861,0.32452295549466464,0.6340866101138968
congrads rolistespod!,neither,0.03945320844208391,0.33037608806864915,0.630170703489267
Congrats @rolistespod !,neither,0.03945320844208391,0.33037608806864915,0.630170703489267
@rolistespod congrats!,neither,0.03945320844208391,0.33037608806864915,0.630170703489267
@rolistespod Congratulations!,neither,0.03945320844208391,0.33037608806864915,0.630170703489267
King tuttin'!,neither,0.03945320844208391,0.33037608806864915,0.630170703489267
@sewage_lord Thanks,neither,0.035884468650613,0.3004919205142699,0.6636236108351171
!whois,neither,0.03945320844208391,0.33037608806864915,0.630170703489267
thanks everyone,neither,0.030216122769311023,0.43073272795177925,0.5390511492789097
!whoisthis,neither,0.03945320844208391,0.33037608806864915,0.630170703489267
oh I don't know the command,neither,0.04556325660791786,0.23626710559379288,0.7181696377982894
