text,top_class,hate_speech,offensive_language,neither
Yay Shield!!!,neither,0.03945320844208391,0.33037608806864915,0.630170703489267
Shield! :O,neither,0.03945320844208391,0.33037608806864915,0.630170703489267
"Stream is up, refresh if you don´t see it",neither,0.03746867349372963,0.445021589332256,0.5175097371740145
Oh yeah 1st one-,neither,0.026313965929315068,0.4277011414470181,0.5459848926236669
!rbschedule,neither,0.03945320844208391,0.33037608806864915,0.630170703489267
Find the unfinished rebroadcast schedule for the weekend here: http://bit.ly/WeekRebroadcast,neither,0.05904738035105781,0.17020024858160615,0.7707523710673361
Finally,neither,0.03945320844208391,0.33037608806864915,0.630170703489267
Evening all,neither,0.041793358651534496,0.4229818652092969,0.5352247761391685
"Thought it was broke, usually they start 15min early to let us amass.",neither,0.056668608021602326,0.26280945798393224,0.6805219339944655
I love this show so much,neither,0.04798001537335284,0.3122537792619416,0.6397662053647055
Good evening.,neither,0.03869882722860525,0.3306355543605695,0.6306656184108252
Bidet,neither,0.03945320844208391,0.33037608806864915,0.630170703489267
!rbschedule,neither,0.03945320844208391,0.33037608806864915,0.630170703489267
Find the unfinished rebroadcast schedule for the weekend here: http://bit.ly/WeekRebroadcast,neither,0.05904738035105781,0.17020024858160615,0.7707523710673361
hi everyone,neither,0.032490659208996964,0.4485487193596734,0.5189606214313296
Hi folks,neither,0.03945320844208391,0.33037608806864915,0.630170703489267
@Nina_Wang You can amass whenever you want there just might not be anything on the screen!,neither,0.054312777035773654,0.3732930983263995,0.5723941246378269
Hello#,neither,0.03945320844208391,0.33037608806864915,0.630170703489267
time to laser some feelings!,neither,0.03524500606651749,0.366463779576046,0.5982912143574365
Warp speed now!,neither,0.03945320844208391,0.33037608806864915,0.630170703489267
was because science on?,neither,0.036345795406684055,0.3468994252455387,0.6167547793477773
Wait did i get in first!!! 😱 can I finally mark that off of my list for today,neither,0.02449416535830339,0.3733853630187056,0.602120471622991
"I can´t say it often enough... being a Trekkie for over 25 years, I prefer this show so much mmore than CR :-D",neither,0.036220396825972175,0.31646250793508407,0.6473170952389438
"that was such a teast LOL, still just the splash screen ( though that's better than the alpha side which still hasnt figured out its Friday LOL)",neither,0.023330570046285474,0.4328014180491695,0.5438680119045449
@tethered_raven Not this week because Kyle is at Wondercon,neither,0.04410014728944691,0.3531368111906439,0.6027630415199092
Hi folks,neither,0.03945320844208391,0.33037608806864915,0.630170703489267
Hey all!!,neither,0.04285346742239823,0.46255625023407465,0.49459028234352725
@tethered_raven no Because Science this week,neither,0.0386020088334633,0.34482316688090053,0.6165748242856361
Did I miss the CR rebroadcast?,neither,0.03251458012124716,0.31750964955854943,0.6499757703202035
Someone pointed out it is less then a week till we glitter Eric.,neither,0.04022812467548381,0.33932074025232856,0.6204511350721875
"@Ossborn I like both, they scratch a different RPG itch for me... they are both just so so so well cdone",neither,0.0452922367132472,0.3927870147710507,0.5619207485157021
Hey wassup. First time on a live thing.,neither,0.12609093299460683,0.22113303345059196,0.6527760335548013
this'll be fun with amy in the hot seat,neither,0.03145611171791108,0.348257351583273,0.620286536698816
"Eric also is out of town, so today we get an episode of Lasers & Feelings, GMed by Amy Dallen",neither,0.04053715074310237,0.3734181496861388,0.5860446995707589
!rbschedule,neither,0.03945320844208391,0.33037608806864915,0.630170703489267
Find the unfinished rebroadcast schedule for the weekend here: http://bit.ly/WeekRebroadcast,neither,0.05904738035105781,0.17020024858160615,0.7707523710673361
"ah, ty",neither,0.03945320844208391,0.33037608806864915,0.630170703489267
Oh no nvm,neither,0.04433558821220037,0.2905675764497879,0.6650968353380116
"@blurner I mean, there was one at some point in the time before you were here, so yes, but there's gonna be more after right now, so no?",neither,0.05417372700329889,0.42643515098236334,0.5193911220143378
Hey sooooo did they ever show that Matthew body pillow yet?,neither,0.04518603319322106,0.31123136467744733,0.6435826021293316
"Hi folks! I should probably be asleep to make sure I get well, but hey, Lasers&Feelings with Amy?",neither,0.03674205182654471,0.45483315228810184,0.5084247958853535
@ArcticshadowOwl Watch Talks Machina ;),neither,0.0464759026369311,0.3279606615051675,0.6255634358579013
"the oneshots have always been pretty entertaining, even though I had no idea this was happening, I'm still thrilled to be here",neither,0.060896717044244986,0.36214594887558227,0.5769573340801727
@typaerr \o/,neither,0.03945320844208391,0.33037608806864915,0.630170703489267
???,neither,0.03945320844208391,0.33037608806864915,0.630170703489267
I am ready!!,neither,0.03917858059409785,0.33047054517879704,0.6303508742271052
Wooooo Amy GMing,neither,0.03945320844208391,0.33037608806864915,0.630170703489267
@ArcticshadowOwl matt body pillow was on TM a couple weeks ago,neither,0.0377940717286525,0.3390816558639041,0.6231242724074434
@cinphoria okay got it.,neither,0.03561936815582764,0.3983252683970739,0.5660553634470986
I'm so excited,neither,0.03940839469474773,0.3948270312238364,0.565764574081416
I'm watching this on YouTube right now,neither,0.03589140475919697,0.3616282558249334,0.6024803394158695
Want the inside scoop? Join the cast of Critical Role and discuss this episode right here on Talks Machina. Tuesdays 7pm Pacific at twitch.tv/geekandsundry and projectalpha.com,neither,0.04630302093207864,0.22484473131932575,0.7288522477485957
@cinphoria the glorious cin!,neither,0.03613032604487659,0.2619290779399786,0.7019405960151449
Eric's away,neither,0.04104214975450865,0.3034076071904185,0.6555502430550729
what is it gonna be this time?,neither,0.05182167859191282,0.4046621106942251,0.543516210713862
Matt body pillow is on Talks every week lol,neither,0.03721687154674991,0.37177231225566343,0.5910108161975866
sounds ethereal,neither,0.03945320844208391,0.33037608806864915,0.630170703489267
and AMY seems to have gotten a nice handle on GMing too! SHould be a lot of fun!,neither,0.04716077457136317,0.3398647892574221,0.6129744361712147
Lasers & Feelings,neither,0.03945320844208391,0.33037608806864915,0.630170703489267
Hello friends!,neither,0.03945320844208391,0.33037608806864915,0.630170703489267
!whodat,neither,0.03945320844208391,0.33037608806864915,0.630170703489267
"GM Amy Dallen ( twitter.com/enthusiamy ), with Hector Navarro ( twitter.com/Hectorisfunny ), Sam de Leve ( twitter.com/ChaiKovsky ), Bonnie Gordon ( twitter.com/BonnieBellG ), Aliza Pearl ( twitter.com/AlizaPearl ) and Gina DeVivo ( twitter.com/PocketGina ).",neither,0.03622623832779854,0.4631306160160781,0.5006431456561233
@jerrodowex O.0 okay,neither,0.03945320844208391,0.33037608806864915,0.630170703489267
"When Eric is away, the crew.... (finish this sentence)",neither,0.03778168340753444,0.3353959577753684,0.6268223588170971
"Time change for EU is this sunday night, so I´m taking advantage of SOT being from midnight to 3 AM one final time and will wtatch it from start to finish ^^",neither,0.03885858472139638,0.3309184606884536,0.63022295459015
PewPew and Feels!,neither,0.03840264189818727,0.2749437060729204,0.6866536520288923
wooooo!,neither,0.03945320844208391,0.33037608806864915,0.630170703489267
"if y'all missed Weave this week - Gina did an AMAZING job, like holy crap. go watch it after this :3",neither,0.03758915934959559,0.4008744907411592,0.5615363499092453
When Eric is away the crew shall frappe?,neither,0.03766940541993842,0.3348451432566872,0.6274854513233744
I had no idea Amy is DMing today. So exited. Glad I stayed up,neither,0.04076906556062897,0.37573797286943,0.583492961569941
Hello fiends,neither,0.03945320844208391,0.33037608806864915,0.630170703489267
Ah erics gone,neither,0.039330076561647595,0.3324659574282544,0.6282039660100981
lol,neither,0.020706217963973744,0.4882283491876925,0.4910654328483337
"""I'm Eric Campbell"" xD",neither,0.03945320844208391,0.33037608806864915,0.630170703489267
"3-Year Twitch-iversary Stream has ended, we reached $10,087.00! https://clips.twitch.tv/WonderfulAbrasiveFennelHassaanChop",neither,0.03954791720455418,0.32876863319935457,0.6316834495960912
!points Amy,neither,0.03945320844208391,0.33037608806864915,0.630170703489267
yaaaay,neither,0.03945320844208391,0.33037608806864915,0.630170703489267
"That was an excellent pun, Amy! Here, have some points for that one! You have been awarded 79 points!",neither,0.049388214811010356,0.37928090776667484,0.5713308774223148
@typaerr probably parties,neither,0.0381090769256845,0.353189507805674,0.6087014152686415
@typaerr plays games and drinks cream soda,neither,0.0388974956266484,0.30309768945310817,0.6580048149202435
oh my god Sam,neither,0.03246323788688348,0.36858732269662386,0.5989494394164926
"Yeah, Amy's getting pretty good. :)",neither,0.02375957114516442,0.4657797812199222,0.5104606476349134
gandsSubHype gandsSubHype gandsRaid gandsRaid gandsGnSLadders gandsGnSLadders,neither,0.03945320844208391,0.33037608806864915,0.630170703489267
"Wow, Eric looks great :P",neither,0.03782220889019221,0.30876173715042016,0.6534160539593877
Eric you look different yoday,neither,0.058716545654642335,0.3768011676877605,0.5644822866575973
I love their one-shot wigs so much,neither,0.03366005231788153,0.40197091627948,0.5643690314026385
Sam's hair!,neither,0.03945320844208391,0.33037608806864915,0.630170703489267
Eric is cute now!?!,neither,0.050040089080135644,0.29561010030353396,0.6543498106163304
Sam is in their amazing blue hair again!,neither,0.043690570390719406,0.3503310942978706,0.60597833531141
!rbschedule,neither,0.03945320844208391,0.33037608806864915,0.630170703489267
Find the unfinished rebroadcast schedule for the weekend here: http://bit.ly/WeekRebroadcast,neither,0.05904738035105781,0.17020024858160615,0.7707523710673361
Hi Ericamy Dallbell & cast,neither,0.03945320844208391,0.33037608806864915,0.630170703489267
SO MUCH BLUE!!,neither,0.034620513554532176,0.3894445380300163,0.5759349484154516
AH! Blue hair Sam!,neither,0.03945320844208391,0.33037608806864915,0.630170703489267
Looks like Sam has the Blues!,neither,0.04735362516159066,0.3237404029526242,0.6289059718857851
@Alexanderhero83 HEY you shush Eric's always cute :P,neither,0.054805576004492935,0.3980729898266545,0.5471214341688525
"yeah, Eric looks fantastic",neither,0.026661865018658755,0.41711719220365745,0.5562209427776839
I have... stolen his chair,neither,0.06111662909767851,0.33980595398507224,0.5990774169172491
WHOA! I thought Bonnie was gonna be gone because of Wondercon as well!?!,neither,0.039853703960040524,0.32187837350561305,0.6382679225343465
"also, Sam has turned into Curie from Future Girl!",neither,0.0361143826182124,0.35561285900598827,0.6082727583757993
"Eric is cute, that is true",neither,0.05201426032444337,0.33412169015291643,0.6138640495226401
It's also on Youtube as of tiday,neither,0.03364446235163623,0.37658546664255704,0.5897700710058067
We have a subscriber-only Discord server! Join here: https://discord.gg/geekandsundry (you'll need to sub and link it to your Twitch) and be a part of the fun!...Warning: It can take up to an hour for the server to update and give you access to the channels,neither,0.08464076273808444,0.286394834032893,0.6289644032290227
Who is Eric? Lol,neither,0.03939087296374437,0.46001270317398774,0.5005964238622679
Maybe,neither,0.03945320844208391,0.33037608806864915,0.630170703489267
*today,neither,0.03670833772556013,0.28647033973868863,0.6768213225357513
"Ahh, my stream is frozen on an image of Amy at the GM seat!!",neither,0.03521788836615077,0.3769710107535881,0.5878111008802612
DoubleClicks are awesome!,neither,0.07924584549256553,0.2668063008604002,0.6539478536470342
What is Amy's necklace?,neither,0.056600095819688175,0.3221658356709023,0.6212340685094095
triceratops necklace,neither,0.03945320844208391,0.33037608806864915,0.630170703489267
Is that an Asgore necklace?,neither,0.04765578694846393,0.3903762306606941,0.561967982390842
Double Clicks HYPE!!!,neither,0.03945320844208391,0.33037608806864915,0.630170703489267
So when you get assimilated you think you’re playing Lasers and Feelings?,offensive_language,0.09977481648026049,0.47758326249527483,0.4226419210244646
Are you really?,neither,0.17850232829999893,0.3172439476622641,0.504253724037737
lol,neither,0.020706217963973744,0.4882283491876925,0.4910654328483337
"Okay, stream working now. Nice shirt Aliza",neither,0.03945320844208391,0.33037608806864915,0.630170703489267
Oi,neither,0.03945320844208391,0.33037608806864915,0.630170703489267
Nüün?,neither,0.03945320844208391,0.33037608806864915,0.630170703489267
Nuon Neues,neither,0.03945320844208391,0.33037608806864915,0.630170703489267
"Business as usual... 5500 reasons to not be at Wondercon, and all of them are miles",neither,0.06700316680197882,0.34979730101818957,0.5831995321798317
"Download the new Critical Role theme song for Campaign Two! http://itunes.apple.com/album/id1331550250?ls=1&app=itunes Sales of the song support the musician, Jason Charles Miller.",neither,0.04445767596344001,0.2510827790306858,0.7044595450058742
@piperstwin maybe Rat Queens?,neither,0.03945320844208391,0.33037608806864915,0.630170703489267
Wednesday club,neither,0.03945320844208391,0.33037608806864915,0.630170703489267
Room 300B is just all G&S/Nerdist all the time :P,offensive_language,0.0437665659995746,0.4950141694151124,0.461219264585313
Oml wow i must be a nubeie i dont even have a clue what Wondercon is xD,neither,0.04852362753486269,0.33415845495853624,0.6173179175066011
Greetings all,offensive_language,0.046917543854519406,0.6277741405869331,0.3253083155585475
Wednesdaisies unite!,neither,0.03945320844208391,0.33037608806864915,0.630170703489267
What’s going on?,neither,0.04055656154423346,0.38833852883122105,0.5711049096245454
I think they pretty much just gave the channel 300B xD,neither,0.03300129076556137,0.32809348366525193,0.6389052255691866
Hi @rtk142,neither,0.03945320844208391,0.33037608806864915,0.630170703489267
300B is Nerdvana,neither,0.081172750358939,0.3160268245287109,0.60280042511235
!rbschedule,neither,0.03945320844208391,0.33037608806864915,0.630170703489267
Find the unfinished rebroadcast schedule for the weekend here: http://bit.ly/WeekRebroadcast,neither,0.05904738035105781,0.17020024858160615,0.7707523710673361
@ZooTeen8 Eric's away and Amy's GMing Lasers & Feelings,neither,0.03983398329605639,0.2826827581746608,0.6774832585292827
"Help G&S make great content! $4.99/month gets you emotes, Minecraft server access, sub-only VODs, and more! Every sub keeps the channel alive! twitch.tv/geekandsundry/subscribe",neither,0.043907990691603095,0.31135964332838284,0.644732365980014
"@ArcticshadowOwl i dont either, aside from being a convention where a lot of nerds get together to be SUPER nerdy and hang out",neither,0.03888293500815543,0.31247633546161113,0.6486407295302333
"Yes, yes, so many reasons to make me feel bad for not living within driving distance to WonderCon...",neither,0.03661953529215471,0.35253406176956725,0.610846402938278
Tonight is Throlo's Revenge,neither,0.045308763635683404,0.3038216243967026,0.650869611967614
awwwwww,neither,0.03945320844208391,0.33037608806864915,0.630170703489267
I have craft envy,neither,0.03882421869402199,0.3410516856256951,0.6201240956802829
Library Bards HYPE!!!!!!,neither,0.03945320844208391,0.33037608806864915,0.630170703489267
*jazz hands*,neither,0.03945320844208391,0.33037608806864915,0.630170703489267
!rbschedule,neither,0.03945320844208391,0.33037608806864915,0.630170703489267
Find the unfinished rebroadcast schedule for the weekend here: http://bit.ly/WeekRebroadcast,neither,0.05904738035105781,0.17020024858160615,0.7707523710673361
Sam is rocking the blue wig. Reminds me of a Borderlands character or maybe Jinx from League Of Legends.,neither,0.03943227179355079,0.3313564671352091,0.6292112610712401
Shield of a Week from Tomorrow...,neither,0.040627209407335045,0.3104502277899681,0.6489225628026969
"If I could draw, that would be a fun challenge",neither,0.02474125876027981,0.39678587645437907,0.5784728647853411
Sword of Yesterday,neither,0.03945320844208391,0.33037608806864915,0.630170703489267
#LarkHasNoIdea,neither,0.03945320844208391,0.33037608806864915,0.630170703489267
"dangit i'm quite close to pax east, but i think it's sold out",neither,0.03780271789351908,0.3398817386941622,0.6223155434123188
"quick question, is this an impromptu behind the shield?",neither,0.04446640567591179,0.31475046019678954,0.6407831341272986
hullo everyone,offensive_language,0.02988896790634741,0.4927062106388782,0.4774048214547744
Anime color hair is the best hair color!,neither,0.04420066474344925,0.3159970365011281,0.6398022987554227
#LarkHasNoIdea,neither,0.03945320844208391,0.33037608806864915,0.630170703489267
'YouKnowNothingLarkSage,neither,0.03945320844208391,0.33037608806864915,0.630170703489267
Hi @swiftfingers,neither,0.03945320844208391,0.33037608806864915,0.630170703489267
"Everything's fine, we're all fine her now, thank you. How are you?",offensive_language,0.09242683569543744,0.5512430266540859,0.3563301376504766
There it is,neither,0.051988479486451335,0.2532541473775745,0.6947573731359742
Greetings all,offensive_language,0.046917543854519406,0.6277741405869331,0.3253083155585475
cause eric's out at what i would guess would be the con,neither,0.03704124164766622,0.35992444366881104,0.6030343146835228
"Oh my god, Sam is just too much :3",neither,0.03270128521396388,0.3805641372569408,0.5867345775290952
SoT Santa xD Amy <3,neither,0.03945320844208391,0.33037608806864915,0.630170703489267
Hi @jedimgumby,neither,0.03945320844208391,0.33037608806864915,0.630170703489267
"Amy is totally drunk with power now, and I love it.",neither,0.033554921858924926,0.3353630443887318,0.6310820337523432
Amy's so happy to be in the grown-up chair xD,neither,0.03683448372332753,0.45360454109906606,0.5095609751776063
!glittereric,neither,0.03945320844208391,0.33037608806864915,0.630170703489267
We have 3 days 23 hours 52 minutes 54 seconds left until we glitter Eric! Chat never forgets! https://clips.twitch.tv/EasyUglyPlumFailFish,neither,0.03773621571581964,0.3496811211501948,0.6125826631339857
#theAmyface,neither,0.03945320844208391,0.33037608806864915,0.630170703489267
I love Sam with that blue wig more than I love myself.,neither,0.02858742199717824,0.39142023939250775,0.579992338610314
I miss the ship console tables! Why did we stop using those?,neither,0.03718741718004435,0.370398059387324,0.5924145234326316
Bonnie looks like the Clark Kent version of herself...street clothes instead of uniform + glasses,neither,0.042803115821471505,0.26269987705066605,0.6944970071278624
"Luke, we're gonna have company!",neither,0.051874469639314684,0.3540748018276847,0.5940507285330007
wonder what made them decide to redesign the player's desks,neither,0.05455111276053466,0.37750655306767744,0.5679423341717879
goodbye people,neither,0.0792775150304058,0.3257534606099189,0.5949690243596755
Wow. Only 3 days left on GlitterEric.,neither,0.036722474463840214,0.34347946402205604,0.6197980615141037
"And Amy is an awesome GM, as she has shown on Weave Society and the 3 year anniversary stream!",neither,0.04026098663454149,0.3356159356864363,0.6241230776790223
