text,top_class,hate_speech,offensive_language,neither
"Time change for EU is this sunday night, so I´m taking advantage of SOT being from midnight to 3 AM one final time and will wtatch it from start to finish ^^",neither,0.03885858472139638,0.3309184606884536,0.63022295459015
PewPew and Feels!,neither,0.03840264189818727,0.2749437060729204,0.6866536520288923
wooooo!,neither,0.03945320844208391,0.33037608806864915,0.630170703489267
"if y'all missed Weave this week - Gina did an AMAZING job, like holy crap. go watch it after this :3",neither,0.03758915934959559,0.4008744907411592,0.5615363499092453
When Eric is away the crew shall frappe?,neither,0.03766940541993842,0.3348451432566872,0.6274854513233744
I had no idea Amy is DMing today. So exited. Glad I stayed up,neither,0.04076906556062897,0.37573797286943,0.583492961569941
Hello fiends,neither,0.03945320844208391,0.33037608806864915,0.630170703489267
Ah erics gone,neither,0.039330076561647595,0.3324659574282544,0.6282039660100981
lol,neither,0.020706217963973744,0.4882283491876925,0.4910654328483337
"""I'm Eric Campbell"" xD",neither,0.03945320844208391,0.33037608806864915,0.630170703489267
"3-Year Twitch-iversary Stream has ended, we reached $10,087.00! https://clips.twitch.tv/WonderfulAbrasiveFennelHassaanChop",neither,0.03954791720455418,0.32876863319935457,0.6316834495960912
!points Amy,neither,0.03945320844208391,0.33037608806864915,0.630170703489267
yaaaay,neither,0.03945320844208391,0.33037608806864915,0.630170703489267
"That was an excellent pun, Amy! Here, have some points for that one! You have been awarded 79 points!",neither,0.049388214811010356,0.37928090776667484,0.5713308774223148
@typaerr probably parties,neither,0.0381090769256845,0.353189507805674,0.6087014152686415
@typaerr plays games and drinks cream soda,neither,0.0388974956266484,0.30309768945310817,0.6580048149202435
oh my god Sam,neither,0.03246323788688348,0.36858732269662386,0.5989494394164926
"Yeah, Amy's getting pretty good. :)",neither,0.02375957114516442,0.4657797812199222,0.5104606476349134
gandsSubHype gandsSubHype gandsRaid gandsRaid gandsGnSLadders gandsGnSLadders,neither,0.03945320844208391,0.33037608806864915,0.630170703489267
"Wow, Eric looks great :P",neither,0.03782220889019221,0.30876173715042016,0.6534160539593877
Eric you look different yoday,neither,0.058716545654642335,0.3768011676877605,0.5644822866575973
I love their one-shot wigs so much,neither,0.03366005231788153,0.40197091627948,0.5643690314026385
Sam's hair!,neither,0.03945320844208391,0.33037608806864915,0.630170703489267
Eric is cute now!?!,neither,0.050040089080135644,0.29561010030353396,0.6543498106163304
Sam is in their amazing blue hair again!,neither,0.043690570390719406,0.3503310942978706,0.60597833531141
!rbschedule,neither,0.03945320844208391,0.33037608806864915,0.630170703489267
Find the unfinished rebroadcast schedule for the weekend here: http://bit.ly/WeekRebroadcast,neither,0.05904738035105781,0.17020024858160615,0.7707523710673361
Hi Ericamy Dallbell & cast,neither,0.03945320844208391,0.33037608806864915,0.630170703489267
SO MUCH BLUE!!,neither,0.034620513554532176,0.3894445380300163,0.5759349484154516
AH! Blue hair Sam!,neither,0.03945320844208391,0.33037608806864915,0.630170703489267
Looks like Sam has the Blues!,neither,0.04735362516159066,0.3237404029526242,0.6289059718857851
@Alexanderhero83 HEY you shush Eric's always cute :P,neither,0.054805576004492935,0.3980729898266545,0.5471214341688525
"yeah, Eric looks fantastic",neither,0.026661865018658755,0.41711719220365745,0.5562209427776839
I have... stolen his chair,neither,0.06111662909767851,0.33980595398507224,0.5990774169172491
WHOA! I thought Bonnie was gonna be gone because of Wondercon as well!?!,neither,0.039853703960040524,0.32187837350561305,0.6382679225343465
"also, Sam has turned into Curie from Future Girl!",neither,0.0361143826182124,0.35561285900598827,0.6082727583757993
"Eric is cute, that is true",neither,0.05201426032444337,0.33412169015291643,0.6138640495226401
It's also on Youtube as of tiday,neither,0.03364446235163623,0.37658546664255704,0.5897700710058067
We have a subscriber-only Discord server! Join here: https://discord.gg/geekandsundry (you'll need to sub and link it to your Twitch) and be a part of the fun!...Warning: It can take up to an hour for the server to update and give you access to the channels,neither,0.08464076273808444,0.286394834032893,0.6289644032290227
Who is Eric? Lol,neither,0.03939087296374437,0.46001270317398774,0.5005964238622679
Maybe,neither,0.03945320844208391,0.33037608806864915,0.630170703489267
*today,neither,0.03670833772556013,0.28647033973868863,0.6768213225357513
"Ahh, my stream is frozen on an image of Amy at the GM seat!!",neither,0.03521788836615077,0.3769710107535881,0.5878111008802612
DoubleClicks are awesome!,neither,0.07924584549256553,0.2668063008604002,0.6539478536470342
What is Amy's necklace?,neither,0.056600095819688175,0.3221658356709023,0.6212340685094095
triceratops necklace,neither,0.03945320844208391,0.33037608806864915,0.630170703489267
Is that an Asgore necklace?,neither,0.04765578694846393,0.3903762306606941,0.561967982390842
Double Clicks HYPE!!!,neither,0.03945320844208391,0.33037608806864915,0.630170703489267
So when you get assimilated you think you’re playing Lasers and Feelings?,offensive_language,0.09977481648026049,0.47758326249527483,0.4226419210244646
Are you really?,neither,0.17850232829999893,0.3172439476622641,0.504253724037737
lol,neither,0.020706217963973744,0.4882283491876925,0.4910654328483337
"Okay, stream working now. Nice shirt Aliza",neither,0.03945320844208391,0.33037608806864915,0.630170703489267
Oi,neither,0.03945320844208391,0.33037608806864915,0.630170703489267
Nüün?,neither,0.03945320844208391,0.33037608806864915,0.630170703489267
Nuon Neues,neither,0.03945320844208391,0.33037608806864915,0.630170703489267
"Business as usual... 5500 reasons to not be at Wondercon, and all of them are miles",neither,0.06700316680197882,0.34979730101818957,0.5831995321798317
"Download the new Critical Role theme song for Campaign Two! http://itunes.apple.com/album/id1331550250?ls=1&app=itunes Sales of the song support the musician, Jason Charles Miller.",neither,0.04445767596344001,0.2510827790306858,0.7044595450058742
@piperstwin maybe Rat Queens?,neither,0.03945320844208391,0.33037608806864915,0.630170703489267
Wednesday club,neither,0.03945320844208391,0.33037608806864915,0.630170703489267
Room 300B is just all G&S/Nerdist all the time :P,offensive_language,0.0437665659995746,0.4950141694151124,0.461219264585313
Oml wow i must be a nubeie i dont even have a clue what Wondercon is xD,neither,0.04852362753486269,0.33415845495853624,0.6173179175066011
Greetings all,offensive_language,0.046917543854519406,0.6277741405869331,0.3253083155585475
Wednesdaisies unite!,neither,0.03945320844208391,0.33037608806864915,0.630170703489267
What’s going on?,neither,0.04055656154423346,0.38833852883122105,0.5711049096245454
I think they pretty much just gave the channel 300B xD,neither,0.03300129076556137,0.32809348366525193,0.6389052255691866
Hi @rtk142,neither,0.03945320844208391,0.33037608806864915,0.630170703489267
300B is Nerdvana,neither,0.081172750358939,0.3160268245287109,0.60280042511235
!rbschedule,neither,0.03945320844208391,0.33037608806864915,0.630170703489267
Find the unfinished rebroadcast schedule for the weekend here: http://bit.ly/WeekRebroadcast,neither,0.05904738035105781,0.17020024858160615,0.7707523710673361
@ZooTeen8 Eric's away and Amy's GMing Lasers & Feelings,neither,0.03983398329605639,0.2826827581746608,0.6774832585292827
"Help G&S make great content! $4.99/month gets you emotes, Minecraft server access, sub-only VODs, and more! Every sub keeps the channel alive! twitch.tv/geekandsundry/subscribe",neither,0.043907990691603095,0.31135964332838284,0.644732365980014
"@ArcticshadowOwl i dont either, aside from being a convention where a lot of nerds get together to be SUPER nerdy and hang out",neither,0.03888293500815543,0.31247633546161113,0.6486407295302333
"Yes, yes, so many reasons to make me feel bad for not living within driving distance to WonderCon...",neither,0.03661953529215471,0.35253406176956725,0.610846402938278
Tonight is Throlo's Revenge,neither,0.045308763635683404,0.3038216243967026,0.650869611967614
awwwwww,neither,0.03945320844208391,0.33037608806864915,0.630170703489267
I have craft envy,neither,0.03882421869402199,0.3410516856256951,0.6201240956802829
Library Bards HYPE!!!!!!,neither,0.03945320844208391,0.33037608806864915,0.630170703489267
*jazz hands*,neither,0.03945320844208391,0.33037608806864915,0.630170703489267
!rbschedule,neither,0.03945320844208391,0.33037608806864915,0.630170703489267
Find the unfinished rebroadcast schedule for the weekend here: http://bit.ly/WeekRebroadcast,neither,0.05904738035105781,0.17020024858160615,0.7707523710673361
Sam is rocking the blue wig. Reminds me of a Borderlands character or maybe Jinx from League Of Legends.,neither,0.03943227179355079,0.3313564671352091,0.6292112610712401
Shield of a Week from Tomorrow...,neither,0.040627209407335045,0.3104502277899681,0.6489225628026969
"If I could draw, that would be a fun challenge",neither,0.02474125876027981,0.39678587645437907,0.5784728647853411
Sword of Yesterday,neither,0.03945320844208391,0.33037608806864915,0.630170703489267
#LarkHasNoIdea,neither,0.03945320844208391,0.33037608806864915,0.630170703489267
"dangit i'm quite close to pax east, but i think it's sold out",neither,0.03780271789351908,0.3398817386941622,0.6223155434123188
"quick question, is this an impromptu behind the shield?",neither,0.04446640567591179,0.31475046019678954,0.6407831341272986
hullo everyone,offensive_language,0.02988896790634741,0.4927062106388782,0.4774048214547744
Anime color hair is the best hair color!,neither,0.04420066474344925,0.3159970365011281,0.6398022987554227
#LarkHasNoIdea,neither,0.03945320844208391,0.33037608806864915,0.630170703489267
'YouKnowNothingLarkSage,neither,0.03945320844208391,0.33037608806864915,0.630170703489267
Hi @swiftfingers,neither,0.03945320844208391,0.33037608806864915,0.630170703489267
"Everything's fine, we're all fine her now, thank you. How are you?",offensive_language,0.09242683569543744,0.5512430266540859,0.3563301376504766
There it is,neither,0.051988479486451335,0.2532541473775745,0.6947573731359742
Greetings all,offensive_language,0.046917543854519406,0.6277741405869331,0.3253083155585475
cause eric's out at what i would guess would be the con,neither,0.03704124164766622,0.35992444366881104,0.6030343146835228
"Oh my god, Sam is just too much :3",neither,0.03270128521396388,0.3805641372569408,0.5867345775290952
SoT Santa xD Amy <3,neither,0.03945320844208391,0.33037608806864915,0.630170703489267
Hi @jedimgumby,neither,0.03945320844208391,0.33037608806864915,0.630170703489267
"Amy is totally drunk with power now, and I love it.",neither,0.033554921858924926,0.3353630443887318,0.6310820337523432
Amy's so happy to be in the grown-up chair xD,neither,0.03683448372332753,0.45360454109906606,0.5095609751776063
!glittereric,neither,0.03945320844208391,0.33037608806864915,0.630170703489267
We have 3 days 23 hours 52 minutes 54 seconds left until we glitter Eric! Chat never forgets! https://clips.twitch.tv/EasyUglyPlumFailFish,neither,0.03773621571581964,0.3496811211501948,0.6125826631339857
#theAmyface,neither,0.03945320844208391,0.33037608806864915,0.630170703489267
I love Sam with that blue wig more than I love myself.,neither,0.02858742199717824,0.39142023939250775,0.579992338610314
I miss the ship console tables! Why did we stop using those?,neither,0.03718741718004435,0.370398059387324,0.5924145234326316
Bonnie looks like the Clark Kent version of herself...street clothes instead of uniform + glasses,neither,0.042803115821471505,0.26269987705066605,0.6944970071278624
"Luke, we're gonna have company!",neither,0.051874469639314684,0.3540748018276847,0.5940507285330007
wonder what made them decide to redesign the player's desks,neither,0.05455111276053466,0.37750655306767744,0.5679423341717879
goodbye people,neither,0.0792775150304058,0.3257534606099189,0.5949690243596755
Wow. Only 3 days left on GlitterEric.,neither,0.036722474463840214,0.34347946402205604,0.6197980615141037
"And Amy is an awesome GM, as she has shown on Weave Society and the 3 year anniversary stream!",neither,0.04026098663454149,0.3356159356864363,0.6241230776790223
Sam is wonderful. They truly are a good deed shining in a weary world.,neither,0.05960765879388773,0.3013823232653375,0.6390100179407747
no shield of tomorrow tonight?,neither,0.03568506971979764,0.32146175731353965,0.6428531729666628
@JerrodOwex my question exactly,neither,0.02798809105835199,0.4199075125156101,0.5521043964260379
@Zismarith That might not happen on the exact date.,neither,0.03336813475903175,0.3612440354970585,0.6053878297439098
awwwww,neither,0.03945320844208391,0.33037608806864915,0.630170703489267
"Oh no, Glitter Eric is on a non-broadcast day?",neither,0.045384419567672925,0.3068898160936272,0.6477257643386999
So Eric gets glittered at Wondercon,neither,0.03860762360944785,0.39994746792886743,0.5614449084616847
Those are so cuuuuuuuute,neither,0.17332192521915576,0.2048808333611854,0.6217972414196589
@Qardo12 Well thats what this is but regular campaign is off because Eric is absent!,neither,0.05401715418093542,0.3294745301258634,0.6165083156932011
"@Danoba Still, time is just about up. That'll do.",neither,0.03423609981542448,0.4793258780514983,0.4864380221330773
<3 <3,neither,0.03945320844208391,0.33037608806864915,0.630170703489267
The puns!,neither,0.03613032604487659,0.2619290779399786,0.7019405960151449
I want one of dem!,neither,0.03865964541672432,0.3655003475778426,0.595840007005433
what did aliza's card say again?,neither,0.042708033424658474,0.3555818285552593,0.6017101380200822
Those are so fabulously cute!,neither,0.13805452419107206,0.1961645895096361,0.6657808862992918
daww,neither,0.03945320844208391,0.33037608806864915,0.630170703489267
!rbschedule,neither,0.03945320844208391,0.33037608806864915,0.630170703489267
Find the unfinished rebroadcast schedule for the weekend here: http://bit.ly/WeekRebroadcast,neither,0.05904738035105781,0.17020024858160615,0.7707523710673361
"Oh hay! i wanted to ask, does anyone have a STO Fleet? i got back in to STO cause i found this last week!",neither,0.03820161380518409,0.41545014765689736,0.5463482385379186
GINA NO,neither,0.036918905254960256,0.37338982715841207,0.5896912675866277
I love these friends <3 they're the best,neither,0.06362646345843934,0.3549140705432918,0.5814594659982688
whoa,neither,0.03945320844208391,0.33037608806864915,0.630170703489267
ToonEzon It´s logical to be my valentine.... something like that,neither,0.03847962344476249,0.4372281116212276,0.5242922649340098
!sotgiveaways,neither,0.03945320844208391,0.33037608806864915,0.630170703489267
No purchase necessary. Open to all legal residents of the United States (excluding Rhode Island). Must be 18 years or older to enter. Find official rules here: https://geekandsundry.com/shield-of-tomorrow-twitch-giveaway/,neither,0.0590108251165897,0.3031894411998047,0.6377997336836057
hello everyone,neither,0.03269494828970791,0.4450814005079928,0.5222236512022994
ooooo,neither,0.03945320844208391,0.33037608806864915,0.630170703489267
I am gonna miss the show due to work but have a great night everyone!,neither,0.034036172724009855,0.36144260667871786,0.6045212205972722
yeah,offensive_language,0.013968601452186464,0.5182923869769311,0.4677390115708824
I'm excited!,neither,0.03945320844208391,0.33037608806864915,0.630170703489267
ooo,neither,0.03945320844208391,0.33037608806864915,0.630170703489267
"Once again, sorry Rhode Island",neither,0.03813630710397359,0.35272734061500577,0.6091363522810207
sweet,neither,0.03945320844208391,0.33037608806864915,0.630170703489267
Yay!,neither,0.03945320844208391,0.33037608806864915,0.630170703489267
so excited,neither,0.03940839469474773,0.3948270312238364,0.565764574081416
"TAKE THAT, RHODE ISLAND",neither,0.0362372828646742,0.36524804906463637,0.5985146680706894
These humans are lovely,neither,0.0763371795040439,0.3510655506095594,0.5725972698863967
WOOOOO! Prizes!,neither,0.03945320844208391,0.33037608806864915,0.630170703489267
woot!,neither,0.03945320844208391,0.33037608806864915,0.630170703489267
Poor Rhode Island is left out yet again.,neither,0.040218807256771086,0.35865316268877334,0.6011280300544557
so no winning from europe?,neither,0.03961634795533202,0.3662331855882528,0.5941504664564152
@toonezon It is logia,neither,0.059603583318096655,0.32344545014120724,0.616950966540696
"*eats cookies* ""I'll hit the gym..."" lmao ILU just as you are Ric",neither,0.06130961347589063,0.36593633539759934,0.57275405112651
Cool,neither,0.03945320844208391,0.33037608806864915,0.630170703489267
and active in chat there we go,neither,0.0395763661003207,0.2714107859060273,0.689012847993652
I love Rhode Island though,neither,0.03714995608924367,0.34104022030932934,0.6218098236014269
*eric :3,neither,0.03945320844208391,0.33037608806864915,0.630170703489267
#poorRhodeIsland,neither,0.03945320844208391,0.33037608806864915,0.630170703489267
"Nice legalese, Amy",neither,0.03945320844208391,0.33037608806864915,0.630170703489267
@langtang there is a shield of tomorrow fleet,neither,0.050085280077146764,0.27445588713562113,0.6754588327872321
Consult your doctor before using SoT.,neither,0.058018445938210254,0.4352138583929744,0.5067676956688155
RI is always left out,neither,0.0405832314178638,0.3911680849801809,0.5682486836019554
Poor rest of the world left out again,neither,0.034286748329933815,0.3537091335186349,0.6120041181514314
@LibrarianLizz who said they're humans? :p,neither,0.05832490958111938,0.3647025873609125,0.5769725030579682
That was actually surprisingly comprehensible. Amy did a good job on that disclaimer,neither,0.03192045603470785,0.398681976513025,0.5693975674522672
Rhode island is alway left out,neither,0.04152515643747539,0.3395577696834596,0.618917073879065
side effects also include neurogenic damage and phaser burns,neither,0.03555949941865339,0.3280594214569522,0.6363810791243945
Do the thing,neither,0.04033477024332158,0.304665910360841,0.6549993193958373
Cancellation Prize for chat; FREE HUGS,neither,0.03508973828491604,0.3085717052218056,0.6563385564932783
"@JMPickering In fairness, they are eligible for the Wynwood giveaways",neither,0.055050446781179575,0.2485677539425789,0.6963817992762414
@Kraftfokus id love to join!,neither,0.04301982990783478,0.3397188521393395,0.6172613179528257
true @wisdomsavingthrow !!!,neither,0.03945320844208391,0.33037608806864915,0.630170703489267
"Gee, it's so much easier to chat when you're actually signed in. Hi guys!",neither,0.05103907531824545,0.38892800679453854,0.5600329178872161
Amy has done some of the legalize voice work at the end of commercials before.,neither,0.031831859271438744,0.37002134811624215,0.5981467926123191
I've only ever ridden through rhode island once 20 years ago.,neither,0.026058191634673423,0.31926717837357005,0.6546746299917565
