text,top_class,hate_speech,offensive_language,neither
15 minutes of torture,neither,0.03945320844208391,0.33037608806864915,0.630170703489267
stream is live refresh if you cannot see,neither,0.043239484346327815,0.39432556488907367,0.5624349507645985
or rather studio messgae,neither,0.03945320844208391,0.33037608806864915,0.630170703489267
"Help G&S make great content! $4.99/month gets you emotes, Minecraft server access, sub-only VODs, and more! Every sub keeps the channel alive! twitch.tv/geekandsundry/subscribe",neither,0.043907990691603095,0.31135964332838284,0.644732365980014
wooooo hype music,neither,0.03945320844208391,0.33037608806864915,0.630170703489267
Bidet from Toronto! I'm glad they're sharing the WonderCon content. :),neither,0.05077495434384722,0.2903103737471243,0.6589146719090283
Bidet from Tn,neither,0.040769555981420263,0.3080342349327864,0.6511962090857933
Bidet from Australia!,neither,0.04062582848913359,0.31047366557575606,0.6489005059351104
"Man, I just love this song so much...",neither,0.029003004423531847,0.4793663378291138,0.49163065774735437
"Bidet from Ypsilanti, MI y'all",neither,0.04324940744025782,0.3982080527344978,0.5585425398252444
"First epsiode of Talks Machina, on spring break so I can catch it",neither,0.03215705489135107,0.3692218022852955,0.5986211428233535
beep beep from TEXAS,neither,0.040937266849991,0.30518774380265185,0.6538749893473571
Bidet from Brazil everyone!,neither,0.0342864829384187,0.41806890394491947,0.5476446131166619
"I'm here trying to figure out why my backbone js datatables toggle isn't properly listening to a checkbox's ""whether I'm checked changed"" state. Fun times.",neither,0.05942147282907191,0.31942296696838374,0.6211555602025444
"usually if they do a Talks Machina panel at a convention, it will be shown in place of a live Talks The Tuesday after",neither,0.03428563342331515,0.3251557353265812,0.6405586312501036
Love the mini easel <3,neither,0.0349447376281125,0.32674132641409814,0.6383139359577893
Brazil!! soo cool,neither,0.03945320844208391,0.33037608806864915,0.630170703489267
hello you lovely nerds? How are ya all this early morning? :),neither,0.06446318064472487,0.4631567742216862,0.4723800451335889
good,neither,0.037820165765928906,0.33093776632913474,0.6312420679049364
bidet from atlanta!,neither,0.04078317879478948,0.307803020237201,0.6514138009680096
does the bidet hurt you in some way?,offensive_language,0.02929141032169691,0.495450585268387,0.4752580044099161
bidet will never die,neither,0.25884626863863874,0.10482942301042314,0.636324308350938
"Welcome to new folks, joining us for the first time, and welcome back regulars.",neither,0.05312718288270182,0.25049359933385756,0.6963792177834405
good evening form here,neither,0.07662743477110565,0.29906443621291634,0.624308129015978
bidet from Denver,neither,0.04069404815304118,0.30931579984010865,0.6499901520068502
@motku Someones a grumpy goose,neither,0.03945320844208391,0.33037608806864915,0.630170703489267
Bidet from Vancouver,neither,0.04228451509352876,0.2823214250720796,0.6753940598343917
Bidet from Nevada!,neither,0.04066490145509902,0.30981049537100724,0.6495246031738937
@motku only if we find a better greeting meme,neither,0.027764864520554478,0.30019599847182205,0.6720391370076234
!respect,neither,0.03945320844208391,0.33037608806864915,0.630170703489267
"If you would like to share opinions on our hosts, guests or fellow viewers, please do so in a respectful manner. Don't make them feel uncomfortable.",neither,0.04843323757214918,0.39559142321184637,0.5559753392160044
"bidet is love, bidet is life",neither,0.05247176940595793,0.41022926955768524,0.5372989610363567
"@Knight_Gallahad A thousand flushes come and go, but bidet will linger on in eternity",neither,0.03441672488906916,0.3211921163848508,0.64439115872608
Bidet from Canada,neither,0.04071751644889743,0.3089174816120565,0.6503650019390461
I'd forgotten the weekend panel was going to be on during TM tonight but I am happy!,neither,0.03682028641989669,0.3373864335969694,0.6257932799831338
Bidet from Boston,neither,0.040769555981420263,0.3080342349327864,0.6511962090857933
Bidet from NoVA.,neither,0.04228451509352876,0.2823214250720796,0.6753940598343917
bidet from one of the lamest places on earth,neither,0.036955210421605975,0.3377685295957465,0.6252762599826476
don't forget beep beep,neither,0.03945320844208391,0.33037608806864915,0.630170703489267
"bidet wasn't that huge, but it took off like we all don't know better. i guess it's a way to identify each other and all. but i figure our geeky tshirts are good enough.",neither,0.050352930366123996,0.3839621621945322,0.5656849074393439
Bidet from Salt Lake City!,neither,0.04031822098218303,0.3156945677603287,0.6439872112574881
Bidet from New York City,neither,0.04391445534569226,0.2262519204405613,0.7298336242137464
hey fellow canadians nice to see ya,offensive_language,0.031706364472798024,0.5337246604576265,0.43456897506957565
It's Tuesday! Catch the pre-taped TalksMachina WonderCon panel tonight at 7pm PDT,neither,0.036572588148278705,0.32281134277869045,0.6406160690730308
@squidnuclear you're gonna have to be more specific...,neither,0.08550496414453714,0.38550277236808306,0.5289922634873798
"finally subbed to catch up on past TM, excited to be home soon enough to watch live tonight",neither,0.049588546916436695,0.34208448436158323,0.60832696872198
@Sentinal_Vox hey fellow NYC person,neither,0.03945320844208391,0.33037608806864915,0.630170703489267
@motku It's a Critical Role meme. Let it be.,neither,0.027795147892720033,0.35502111623338267,0.6171837358738973
:D,neither,0.03945320844208391,0.33037608806864915,0.630170703489267
it was epic being there for this,neither,0.029446265750601764,0.29703573049048365,0.6735180037589147
Bidet and be pleased Critters!,neither,0.03899712124970328,0.2872173990448747,0.673785479705422
Hi all!,neither,0.0423466876598404,0.4436528871510691,0.5140004251890904
bidet and beep beep from Lakeland FL!!!,neither,0.039665017157423446,0.26811748049299106,0.6922175023495856
do we know who is going to be at the panel?,neither,0.05024524969482635,0.4023474199773133,0.5474073303278605
Bidet from Bethlehem PA,neither,0.04069404815304118,0.30931579984010865,0.6499901520068502
Hi @chiplickin,neither,0.03945320844208391,0.33037608806864915,0.630170703489267
Bidat is just the flavor we as Critters use to greet each other.,neither,0.022632914045618367,0.4095087986611919,0.5678582872931897
@Ceradwynn beep beep,neither,0.03945320844208391,0.33037608806864915,0.630170703489267
Bidet from Nor-Cal,neither,0.040408207780639874,0.31416725694368625,0.6454245352756738
Bidet4Lyfe,neither,0.03945320844208391,0.33037608806864915,0.630170703489267
Hoping we'll get to see some Wondercon S2 cosplay!,neither,0.03728451590059214,0.34582353589574294,0.6168919482036649
Bidet from Illinois!,neither,0.04069404815304118,0.30931579984010865,0.6499901520068502
I love that Trinket has a baby bear 8D,neither,0.03354335721365349,0.3766236996867085,0.5898329430996381
hello y'all!,neither,0.04217753453783664,0.43734383323855475,0.5204786322236087
"all memes can die. do you sing the ""gimme a break"" song every time you crack a kit kat?",neither,0.12155683068471963,0.3048477706448196,0.5735953986704607
@Ceradwynn Hey NY neighbor,neither,0.03945320844208391,0.33037608806864915,0.630170703489267
@dragonchrome KonCha,neither,0.03945320844208391,0.33037608806864915,0.630170703489267
how long til live?,neither,0.04372870756562294,0.32695562261654465,0.6293156698178325
oh its another panel show...,neither,0.09620828132045497,0.17653163165860905,0.7272600870209359
Bidet from Ohio.,neither,0.040754399270683486,0.3082914838698526,0.650954116859464
hello works just fine. hello from denver,neither,0.037492322736788264,0.3321388997832635,0.6303687774799482
@motku please don't be antagonistic in chat,neither,0.039924168132960604,0.33431984388608205,0.6257559879809573
Can't wait to see this. I would have given anything to be there.,neither,0.04878550155063087,0.29827549766509703,0.652939000784272
Bidet from South Carolina,neither,0.04043176250036363,0.31376747187705417,0.6458007656225822
I don't think I'll ever get over this music,neither,0.03666968896290503,0.3333782524952088,0.6299520585418861
about 11 mins @dbdocbrown,neither,0.037771575082321304,0.3589177948971704,0.6033106300205084
Bidet from Florida... lets get turnt,neither,0.039245157930847374,0.3339072482129004,0.6268475938562522
@motku yes. I actually do.,neither,0.04119781668793379,0.32977603729283905,0.6290261460192271
"@motku But Bidet is not a meme, it is a form of life.",neither,0.04350847115646582,0.3780489802816778,0.5784425485618563
Yay! Wondercon Panel in several minutes!,neither,0.03945320844208391,0.33037608806864915,0.630170703489267
"Incedently, Bidet from the land of abusive leftist regulations aka Quebec",neither,0.03952654257188431,0.3103865095051631,0.6500869479229526
"@motku I said let it be. If you keep on this, you'll find out what happens",neither,0.04768195669152583,0.41787557753406446,0.5344424657744098
Bidet from Detroit!!!,neither,0.04080695066346891,0.3073995495860776,0.6517934997504536
@greydragon2570 Bidet from Columbus,neither,0.040737273169946825,0.30858215849491494,0.6506805683351382
Bidet from Oregon,neither,0.04071751644889743,0.3089174816120565,0.6503650019390461
halo,neither,0.03945320844208391,0.33037608806864915,0.630170703489267
spooky hands~,neither,0.03945320844208391,0.33037608806864915,0.630170703489267
"@motku I'm sure we'll switch to something else as this campaign goes on, but for right now, complaining gains you nothing.",neither,0.03739079655162134,0.45522116765634374,0.507388035792035
"New song for the fan art reel ""Welcome to Wildemount"" by Colm McGuinness - https://www.youtube.com/watch?v=WEQC2HyhgTc",neither,0.043642232952841864,0.2873620236928719,0.6689957433542861
..,neither,0.03945320844208391,0.33037608806864915,0.630170703489267
WutFace HANDS,neither,0.03945320844208391,0.33037608806864915,0.630170703489267
MysteryMagicHands,neither,0.03945320844208391,0.33037608806864915,0.630170703489267
nice,neither,0.03945320844208391,0.33037608806864915,0.630170703489267
"hello to the surly folk, the fine folk, the folk who wish they had a beer, the folk who have to tuck out for work",neither,0.05041881484775622,0.3395388825618887,0.6100423025903551
dasAppoint,neither,0.03945320844208391,0.33037608806864915,0.630170703489267
ITs intentionally blurry!,neither,0.03451294278425323,0.33207527196723546,0.6334117852485113
Bidet from Toronto,neither,0.04066490145509902,0.30981049537100724,0.6495246031738937
My eyes,neither,0.024951038025755018,0.4235973426249735,0.5514516193492714
"oof, why is that page hurting my eyes",neither,0.026406279454031064,0.4158675242062969,0.557726196339672
cual es esto,neither,0.03945320844208391,0.33037608806864915,0.630170703489267
oh god it hurts my eyes what is that,neither,0.040887035091547244,0.36404356056146,0.5950694043469927
Hahaha the mysterious hands,neither,0.03843133666454254,0.31161607912847955,0.6499525842069779
Love this music,neither,0.03535883441880846,0.3512913545446099,0.6133498110365816
take it awayyyyyy please,neither,0.037479759753655674,0.3310548475662783,0.6314653926800661
The music is peppy,neither,0.0516804447140736,0.30098801513069595,0.6473315401552304
an T-Mobile is screwing me on data speed,neither,0.0376463608136995,0.3595620484755366,0.6027915907107639
...was that printed up specifically to look out of focus? @brianwfoster you beautiful genius,neither,0.04601760509805964,0.4165013233165564,0.5374810715853838
a mini of the Wondercon backdrop?,neither,0.038311130408330195,0.30933299231969624,0.6523558772719735
Bidet from Toronto.,neither,0.04066490145509902,0.30981049537100724,0.6495246031738937
I wanna tip over that cute tiny sign,neither,0.03589688757636391,0.33909687116221227,0.6250062412614238
It does hurt my eyes a bit as well,neither,0.021906705936800167,0.48326050929498543,0.49483278476821446
It is,neither,0.059603583318096655,0.32344545014120724,0.616950966540696
ouch....oh gosh....out of focus picture is extremely out of focus and is making my OCD haywire....,neither,0.03889224937534785,0.3341572559083086,0.6269504947163437
bidet from Illinois,neither,0.04069404815304118,0.30931579984010865,0.6499901520068502
but it was badly taken and blurry,neither,0.03555572900212305,0.31050353989551654,0.6539407311023604
"@fringedesigner Heya, fellow Hogtown resident!",neither,0.03945320844208391,0.33037608806864915,0.630170703489267
is it weird that it becomes less blurry when i take off my glasses,neither,0.02871673983532584,0.4223527201961953,0.548930539968479
definitely hurts the eyes,neither,0.040184796224102766,0.2885057667746627,0.6713094370012346
Super excited for this panel!,neither,0.03472629778677939,0.30829369881715796,0.6569800033960628
Bidet from NJ,neither,0.04069404815304118,0.30931579984010865,0.6499901520068502
"If they bring out puppets of themselves, this is going to be the best show ever.",neither,0.039130284383408466,0.32943334807112656,0.631436367545465
beep beep from san francisco,neither,0.040391840503121675,0.31444505235836057,0.6451631071385178
That is a little cute small sign,neither,0.04418084425005645,0.34129295625839345,0.6145261994915501
hand magic,neither,0.03945320844208391,0.33037608806864915,0.630170703489267
Bidet from Indiana,neither,0.0408364874901429,0.30689823255244486,0.6522652799574122
LOL next there will be action figures of the CR cast to go in front of the Wondercon board,neither,0.03875853827873418,0.31703178437464147,0.6442096773466244
Tiny furniture?,neither,0.03945320844208391,0.33037608806864915,0.630170703489267
"what is it , what is it???",neither,0.06881357098323829,0.31625989446649344,0.6149265345502681
Bidet from Cali,neither,0.04079557052152802,0.30759270029461827,0.6516117291838538
Bidet from alberta,neither,0.04062582848913359,0.31047366557575606,0.6489005059351104
HANDS!!!,neither,0.03945320844208391,0.33037608806864915,0.630170703489267
It's probably going to be their character minis,neither,0.04167897961893929,0.37156162614419813,0.5867593942368626
it's cute but still hurts,neither,0.03583238440178582,0.3241976024013002,0.6399700131969139
tiny CR cast,neither,0.03945320844208391,0.33037608806864915,0.630170703489267
Bidet from Cincinnati!,neither,0.04228451509352876,0.2823214250720796,0.6753940598343917
A mini table this is too cute,neither,0.04763434631832714,0.30686029020079403,0.645505363480879
they are soooo lovely,neither,0.06365195351267561,0.28790768933936645,0.6484403571479579
Tiny furniture.,neither,0.03945320844208391,0.33037608806864915,0.630170703489267
Minis on stools?,neither,0.02983740057173753,0.3797445071048369,0.5904180923234256
Bidet from Minne-Soda,neither,0.040737273169946825,0.30858215849491494,0.6506805683351382
Lol we'll be seeing it on the panel,neither,0.030434238888010084,0.37381726039891294,0.5957485007130768
I love magic shows,neither,0.036632047933545055,0.3435032532658055,0.6198646988006494
Bidet from Vegas,neither,0.040853311764050625,0.30661268071637476,0.6525340075195746
Its the table they r talking at,neither,0.03239237215753597,0.3392535816687032,0.6283540461737609
They've sent the cast though the television Willy Wonka Style!!!!,neither,0.026163986838033094,0.30482047592901146,0.6690155372329554
money on matt getting afire emblem question,neither,0.03389624278730842,0.3982495923696698,0.5678541648430219
I don't know why they put so much effort into the loading screen,neither,0.02910847554717625,0.35995124596745265,0.6109402784853711
Let's take a guess at whose arms those are,neither,0.058572344976870534,0.2918061050713982,0.6496215499517313
please have minis,neither,0.03857471880223116,0.3452863499322162,0.6161389312655526
I didn't know G&S employs giants!,neither,0.024253220837702403,0.3786119808351588,0.5971347983271387
Leftovers from the anniversary furniture flip,neither,0.039532702283236715,0.3088068540072558,0.6516604437095074
Bidet from Or-ee-gon!,neither,0.0188529059280005,0.48908006150053895,0.49206703257146045
of everyone,neither,0.030610913472328825,0.4804529102563849,0.4889361762712862
oh my god they have chairs,neither,0.031049091583593858,0.3845704090802837,0.5843804993361225
Who all was at wonder con,offensive_language,0.040944082100969274,0.4853285881481282,0.4737273297509025
Is it you Max?,neither,0.06867888679368524,0.3795558955391976,0.5517652176671172
Brians?,neither,0.03945320844208391,0.33037608806864915,0.630170703489267
this is so cute omg,neither,0.05156942267064981,0.34461385104703207,0.6038167262823182
Hilarious,neither,0.03945320844208391,0.33037608806864915,0.630170703489267
I think it's Travis,neither,0.03850711485679801,0.3214836442542087,0.6400092408889934
Wish there was a Tabaxi,neither,0.039219558448889726,0.27641357218754686,0.6843668693635633
Bidet from Minnersohtah!,neither,0.04228451509352876,0.2823214250720796,0.6753940598343917
this is so cute :),neither,0.05528996602307563,0.3486176317291381,0.5960924022477863
Bidet from Texas!,neither,0.040937266849991,0.30518774380265185,0.6538749893473571
this is so cute,neither,0.05528996602307563,0.3486176317291381,0.5960924022477863
You got your tip over wish,neither,0.09055856857986205,0.4212381220882004,0.4882033093319376
goodbye tiny sign,neither,0.03945320844208391,0.33037608806864915,0.630170703489267
Bidet from Hillsboro OR,neither,0.04147775179570021,0.2960143037206597,0.66250794448364
Max’s arms!!,neither,0.03945320844208391,0.33037608806864915,0.630170703489267
"well knowing how hairy Brian's face is, I'm guessing those are his arms",neither,0.09792310194111079,0.2633107720098429,0.6387661260490463
Bidet from Winnipeg!,neither,0.04228451509352876,0.2823214250720796,0.6753940598343917
Bidet Critters,neither,0.03945320844208391,0.33037608806864915,0.630170703489267
how soon will the rebroadcast go up?,neither,0.03839580712094542,0.3457400194996828,0.6158641733793719
I wonder if the backdrop is blurred for some sort of copyright reason.,neither,0.022250103019156885,0.34487764737192556,0.6328722496089175
C2E2 April 7th and 8th Convention Info https://twitter.com/GeekandSundry/status/971946858963615745,neither,0.0385458773174857,0.3679959645278679,0.5934581581546464
"Bidet from Montréal, Canada!! :D",neither,0.04071751644889743,0.3089174816120565,0.6503650019390461
"Oof, someone has a cut finger",neither,0.03984857122073768,0.3236657499002636,0.6364856788789987
Bidet from France! I'm in time for the puppet show apparently XD,neither,0.04364493175086998,0.2543858610674633,0.7019692071816667
"it's gonna take a long long time to place all of Laura's mini mini dice hoard and donuts, we only have 7 minutes!!!",neither,0.04169709558699323,0.3484579945288551,0.6098449098841516
omg stop being ao cute!,neither,0.03695429662069143,0.38834367027748856,0.5747020331018201
bidet from winnipeg too,neither,0.04094645731399381,0.30503175764332446,0.6540217850426817
I want tiny microphones,neither,0.03974696907462538,0.3253902034802611,0.6348628274451136
Bidet from Brazil!,neither,0.04079557052152802,0.30759270029461827,0.6516117291838538
"@mmdomega Bidet, friend!",neither,0.03945320844208391,0.33037608806864915,0.630170703489267
LIFE PANNEL HYPE,neither,0.03529966454090546,0.40152926421397317,0.5631710712451214
Such hairy arms... how is Sam Riegel there?,neither,0.045427225757032945,0.29468912628181915,0.6598836479611478
@larvali Thursday's ep has already gone up for Critical Role,neither,0.03407075562697932,0.3480035434687462,0.6179257009042746
Bidet from Atlanta!,neither,0.04078317879478948,0.307803020237201,0.6514138009680096
bidet from Los Angeles!,neither,0.04078317879478948,0.307803020237201,0.6514138009680096
@wizartsy A FELLOW MONTREALER,neither,0.03945320844208391,0.33037608806864915,0.630170703489267
where are the mini water bottles?,neither,0.060379777948566735,0.25718619091681105,0.6824340311346222
look at that tiny furniture! :D,neither,0.03705598292825501,0.38313738978791945,0.5798066272838255
#TineSets,neither,0.03945320844208391,0.33037608806864915,0.630170703489267
I WANT FACE REVEAL,neither,0.039837939663664244,0.32384619516995283,0.636315865166383
Bring out the tiny Jester doll!,neither,0.0352046667157739,0.3304872732731835,0.6343080600110426
"im asking about rebroadcast of talks, thanks though",neither,0.036011173967271506,0.360437934312459,0.6035508917202695
Shouldn't there be 9 seats,neither,0.039768993076834146,0.29369481067856196,0.6665361962446038
this is elaborate,neither,0.06444388513749441,0.32581973129223984,0.6097363835702658
Bidet from Nevada,neither,0.04066490145509902,0.30981049537100724,0.6495246031738937
Where's Sam's tiny giant flask?,neither,0.040722642586946405,0.30883047767121113,0.6504468797418425
this is pretty cute,neither,0.05277476542699206,0.2892115375077621,0.6580136970652458
Nein!,neither,0.03945320844208391,0.33037608806864915,0.630170703489267
Sweet! Good luck to the artists for so much fine Tusk Love this week!,neither,0.03449715020609352,0.3353329262934012,0.6301699235005054
If I get a nott doll I will scream,neither,0.025567526258712368,0.3635138950642739,0.6109185786770137
So excited... I was at the panel.. can't wait to see how it all looks on the stream,neither,0.0399620220901525,0.39052526588442216,0.5695127120254252
lol,neither,0.020706217963973744,0.4882283491876925,0.4910654328483337
@knight_gallahad HEY WHAT'S UPPPP?!?,neither,0.044812202126584676,0.32653166286487884,0.6286561350085365
Roar from Canada,neither,0.04071751644889743,0.3089174816120565,0.6503650019390461
omgggg,neither,0.03945320844208391,0.33037608806864915,0.630170703489267
Bidet from Saint George Utah,neither,0.040239179113539546,0.31703611455404807,0.6427247063324124
marisha looks great,neither,0.037023260829095454,0.29764712413995575,0.6653296150309488
bidet from ohio,neither,0.040754399270683486,0.3082914838698526,0.650954116859464
Yo,offensive_language,0.04010381111145228,0.5271105317972344,0.4327856570913131
omg sooo cute,neither,0.04137758746573618,0.2977143538082199,0.6609080587260439
that's great!,neither,0.030934395832104004,0.35752750176039405,0.611538102407502
YESSSS,neither,0.03945320844208391,0.33037608806864915,0.630170703489267
Too much effort.,neither,0.035193091803741645,0.3362643756556563,0.6285425325406021
nice job with the set up,neither,0.026828356894994593,0.39628755955310824,0.5768840835518972
"I keep looking at the ""backdrop"" as a magic eye... I see a sail boat.",neither,0.04236656257138776,0.35558497208892625,0.6020484653396861
Oh my,neither,0.02748693229954249,0.40236076101129065,0.5701523066891669
Fantastic :D,neither,0.03945320844208391,0.33037608806864915,0.630170703489267
oh my gosh they have little paper cut outs,neither,0.03466638241429628,0.36152167152637393,0.6038119460593298
@larvali in 6 mins probably,neither,0.038109000471144065,0.35319080543875575,0.6087001940901003
Oh Oskar! :D,neither,0.051363287716059566,0.22255663153133606,0.7260800807526044
G&S have way too much fun. Keep it up!,neither,0.03241628072870672,0.3892624790579729,0.5783212402133204
Wow.. put Marisha the sleeveless in the corner.,neither,0.037926339668185954,0.30188233364083955,0.6601913266909745
#SleevesAreBullshit,neither,0.03945320844208391,0.33037608806864915,0.630170703489267
this is great,neither,0.049196619522103385,0.2924512674041193,0.6583521130737773
better hurry up has only 6 minutes,neither,0.03763627184959196,0.3677117204133051,0.5946520077371029
This is adorable,neither,0.05013403335429788,0.32867772607031026,0.6211882405753918
@wizartsy first time i see someone from mtl,neither,0.032064962639564,0.3346196369930294,0.6333154003674065
YEs name plates!,neither,0.03945320844208391,0.33037608806864915,0.630170703489267
this is amazing,neither,0.050638740814203484,0.3285866302672563,0.6207746289185402
@gabornjmb I see a schooner,neither,0.03945320844208391,0.33037608806864915,0.630170703489267
#SleevesAreBullshit,neither,0.03945320844208391,0.33037608806864915,0.630170703489267
this is amazing,neither,0.050638740814203484,0.3285866302672563,0.6207746289185402
Hairy arm person we appreciate YOU!,neither,0.05168617772659075,0.367835742865238,0.5804780794081713
WHERES THE SAILBOAT?!?!?,neither,0.038372653207642965,0.3105039192898759,0.6511234275024811
This is freaking adorable,neither,0.04690234656062679,0.3292402515327413,0.623857401906632
Holy hell the tiny nameplates FeelsAmazingMan,offensive_language,0.04038782436465551,0.6848322873735009,0.2747798882618435
The order is wrong!,neither,0.047893785931701134,0.30893870458492545,0.6431675094833735
travis got shorter,neither,0.038404651473643116,0.3680117431978965,0.5935836053284603
Bidet from Texas!,neither,0.040937266849991,0.30518774380265185,0.6538749893473571
a tiny marishia & Travis?,neither,0.03945320844208391,0.33037608806864915,0.630170703489267
My twitch isn't working,neither,0.030029254931346575,0.4022935060396732,0.5676772390289803
This is amazing,neither,0.050638740814203484,0.3285866302672563,0.6207746289185402
This is so so cute aw,neither,0.04895085284931348,0.3852216581414245,0.565827489009262
go Max(?) go!,neither,0.04162494410777058,0.3379270063566582,0.6204480495355713
this is so cute,neither,0.05528996602307563,0.3486176317291381,0.5960924022477863
"lol, don't forget those name cards",neither,0.05119558385911143,0.3160678572384967,0.6327365589023919
Wow they even have the name tags,neither,0.0375965566937231,0.33707712778274534,0.6253263155235316
she was second tothe left,neither,0.04090158256473796,0.42718693123972146,0.5319114861955406
#SmolCast,neither,0.03945320844208391,0.33037608806864915,0.630170703489267
this is the cutest...set up...,neither,0.043074322246474304,0.36004637471299045,0.5968793030405352
Yes ( Slow clap ) YESSS,neither,0.03945320844208391,0.33037608806864915,0.630170703489267
gandsLessthanthree,neither,0.03945320844208391,0.33037608806864915,0.630170703489267
Hairy arm person you're awesome <3,neither,0.06934915078319209,0.3419016793127106,0.5887491699040974
little taliesin!,neither,0.038753252915513146,0.3422561600929139,0.618990586991573
"alpha description says ""Brian W. Foster hoss"", so brian confirmed?",neither,0.039427974815725075,0.3508287420936388,0.6097432830906362
amazing coat there Taliesin,neither,0.03938130662380638,0.2904959995360591,0.6701226938401347
gandsSubHype gandsSubHype gandsSubHype gandsSubHype gandsSubHype,neither,0.03945320844208391,0.33037608806864915,0.630170703489267
they're in the wrong order,neither,0.05703368124245785,0.2857077949962837,0.6572585237612584
This is fantastic.,neither,0.0492744971941354,0.32883091238994555,0.6218945904159191
#PanelofTheSmol,neither,0.03945320844208391,0.33037608806864915,0.630170703489267
this is pretty cute...,neither,0.05277476542699206,0.2892115375077621,0.6580136970652458
Bidet from MN,neither,0.040737273169946825,0.30858215849491494,0.6506805683351382
thats a lot of hard work making a mini set,offensive_language,0.033163121749877546,0.4846272860224591,0.48220959222766335
I hope we get Retro!Mercer,neither,0.07519083409964943,0.23027092550613157,0.694538240394219
*hosts,neither,0.03945320844208391,0.33037608806864915,0.630170703489267
"Damn, schooner, you are right.",offensive_language,0.1218688168443109,0.8510768863242625,0.02705429683142659
Bidet from Canada,neither,0.04071751644889743,0.3089174816120565,0.6503650019390461
daw little Taliesin,neither,0.038753252915513146,0.3422561600929139,0.618990586991573
faxF,neither,0.03945320844208391,0.33037608806864915,0.630170703489267
This is fucking adorable!!!,offensive_language,0.1317646876363008,0.8678418022137615,0.0003935101499376012
marisha was on the far stage left,neither,0.03612713596977501,0.329673194761433,0.6341996692687921
This is incredible,neither,0.049720289556762595,0.3287517743397576,0.6215279361034798
needs tiny microphones :),neither,0.03945320844208391,0.33037608806864915,0.630170703489267
Bidet from Miami,neither,0.04082729608690459,0.3070542346530501,0.6521184692600454
!uptime,neither,0.03945320844208391,0.33037608806864915,0.630170703489267
haha,neither,0.03186685585600258,0.45913629025701075,0.5089968538869867
LOL,neither,0.020706217963973744,0.4882283491876925,0.4910654328483337
LOL,neither,0.020706217963973744,0.4882283491876925,0.4910654328483337
Marisha needs a glass of Shiraz...,neither,0.03945320844208391,0.33037608806864915,0.630170703489267
hahahaa...!,neither,0.03945320844208391,0.33037608806864915,0.630170703489267
Don't you love how Taliesin is the fuckin edgiest,offensive_language,0.1179957443298822,0.8786823743548291,0.003321881315288647
lol,neither,0.020706217963973744,0.4882283491876925,0.4910654328483337
5 mins to go folks,neither,0.0476512129155742,0.3304068880270064,0.6219418990574194
Bidet from Pensacola,neither,0.04228451509352876,0.2823214250720796,0.6753940598343917
time well spent imo,neither,0.038480931030961736,0.3468781731772367,0.6146408957918015
"what is this, placards for ants?! SwiftRage",neither,0.05262953332884569,0.27749354295477363,0.6698769237163806
"That's okay Max, we forgive you XD",neither,0.047652116107657426,0.39822631881532633,0.5541215650770163
who is thisssss,offensive_language,0.06273239322143805,0.47642182036533837,0.4608457864132235
hahahahaha,neither,0.03945320844208391,0.33037608806864915,0.630170703489267
