text,top_class,hate_speech,offensive_language,neither
Hi Trisha and Erika!,neither,0.038358606956405694,0.2721397086643902,0.6895016843792041
hrpgHeyo Trish hrpgHeyo Erika,neither,0.03945320844208391,0.33037608806864915,0.630170703489267
Yaaaaay it's Erika!,neither,0.034373745257138544,0.33212314837979673,0.6335031063630647
PogChamp,neither,0.03945320844208391,0.33037608806864915,0.630170703489267
did erika say 'your' or 'their'?,neither,0.07835269807842082,0.3195460663350964,0.6021012355864828
LOL,neither,0.020706217963973744,0.4882283491876925,0.4910654328483337
lol so cute,neither,0.03104589591367708,0.4383617953494167,0.5305923087369061
Hugs for the hug inclined!!,neither,0.03454421066142405,0.2978767114667817,0.6675790778717943
Hugs for the hug inclined,neither,0.03454421066142405,0.2978767114667817,0.6675790778717943
oh you guys,neither,0.07994526105822292,0.3288106606241927,0.5912440783175843
I love terrible jokes,neither,0.0366762078282208,0.34329228367799075,0.6200315084937885
#EnthusiArmy RAID,neither,0.03945320844208391,0.33037608806864915,0.630170703489267
Welcome Amy and raiders.,neither,0.038822933363010945,0.2991577467117473,0.6620193199252418
#EnthusiArmy RAID!,neither,0.03945320844208391,0.33037608806864915,0.630170703489267
#EnthusiArmy RAID,neither,0.03945320844208391,0.33037608806864915,0.630170703489267
Talks Machina is on soon isnt it?,neither,0.04220844938866088,0.33971189019145653,0.6180796604198826
ENTHUSIARMY RAID,neither,0.03945320844208391,0.33037608806864915,0.630170703489267
Hi Trisha ans EKbot!,neither,0.03945320844208391,0.33037608806864915,0.630170703489267
I missed the Amy stream ;A;,neither,0.03875887487619208,0.31774547390902613,0.6434956512147818
R is my favorite R),neither,0.032611318641918983,0.4514347285139468,0.5159539528441343
Enthusiastic raid on ... Pirate Circuit board?,neither,0.03747076541449501,0.33982144588520385,0.6227077887003012
"I am holding a wavebird, as we speak.",neither,0.03741236911742305,0.36230640292866156,0.6002812279539155
"Erika is right, the Pirates true love is the C",neither,0.047755533889490775,0.32581722513355765,0.6264272409769515
Hi Amy and Raiders,neither,0.03882182104596303,0.2990983243771988,0.6620798545768382
"@AdamDaw91 3 hours, I think",neither,0.040166439123440444,0.3182707020222766,0.6415628588542829
Playing some NCAA Football 2003,neither,0.032424005893405314,0.34251759985308894,0.6250583942535058
PokPikachu,neither,0.03945320844208391,0.33037608806864915,0.630170703489267
!whenistm @AdamDaw91,neither,0.03945320844208391,0.33037608806864915,0.630170703489267
"Talks Machina is on at 7 PM PDT, it is currently 4:03 PM PDT. There is 2 Hours, 56 Minutes, 48 Seconds until the next episode of Talks Machina. This has command has been run 178 times but has probably been asked about way more.",neither,0.04295205818349733,0.3366170756627802,0.6204308661537223
#EnthusiArmy Raid,neither,0.03945320844208391,0.33037608806864915,0.630170703489267
What if it's just a port of the original version of Smash?,neither,0.028026496245599004,0.36274659150420707,0.6092269122501939
"Wait, what? No privacy in one's bedroom?",neither,0.04202254531077554,0.35998660790021697,0.5979908467890074
@Ossborn i like keeping these for the 3 year and if they change anything it's the 1 or 2 year sub badges.,neither,0.03293338661978456,0.34108616539147046,0.6259804479887449
"3-Year Twitch-iversary Stream has ended, we reached $10,087.00! https://clips.twitch.tv/WonderfulAbrasiveFennelHassaanChop",neither,0.03954791720455418,0.32876863319935457,0.6316834495960912
CREEPY,neither,0.03945320844208391,0.33037608806864915,0.630170703489267
"Way to make it weird, Blizzard...",neither,0.04534196081470391,0.3275081514279945,0.6271498877573016
WutFace,neither,0.03945320844208391,0.33037608806864915,0.630170703489267
LUL,neither,0.03945320844208391,0.33037608806864915,0.630170703489267
Is cheesecake a pie?,neither,0.04747479752207314,0.3276170957492403,0.6249081067286865
Don't teach A.I. how to murder! Do they want to doom us all? Because that's how you doom us all.,neither,0.13283977117100998,0.3740598035856878,0.4931004252433022
"Tale as old and time, beauty and the beeps",neither,0.035891565504868585,0.30287312674749944,0.661235307747632
We have a subscriber-only Discord server! Join here: https://discord.gg/geekandsundry (you'll need to sub and link it to your Twitch) and be a part of the fun!...Warning: It can take up to an hour for the server to update and give you access to the channels,neither,0.08464076273808444,0.286394834032893,0.6289644032290227
PogChamp,neither,0.03945320844208391,0.33037608806864915,0.630170703489267
whats pubg? KappaHD,neither,0.03945320844208391,0.33037608806864915,0.630170703489267
"@UselessRogue Agreed, I´d prefer to stick to the classic logo as sub badge for the highest tier ^^",neither,0.04069916620491667,0.3155125462492795,0.6437882875458038
Street Fighter tv show ;o,neither,0.052023397851088525,0.2675880387190542,0.6803885634298572
*insert unfunny joke here,neither,0.07242102780985189,0.30242030729219355,0.6251586648979546
"Depends on what you do, I've used Calculus a lot in my life. :)",neither,0.02394940710329382,0.4475439879305051,0.528506604966201
didn't they already do a TV show?,neither,0.03730561737205976,0.3173811110825566,0.6453132715453836
"Download the new Critical Role theme song for Campaign Two! http://itunes.apple.com/album/id1331550250?ls=1&app=itunes Sales of the song support the musician, Jason Charles Miller.",neither,0.04445767596344001,0.2510827790306858,0.7044595450058742
another street fighter live action lol,neither,0.06811049341332558,0.31543028886960284,0.6164592177170716
quick! change the channel!,neither,0.03865149812382803,0.3157499286230376,0.6455985732531343
@Danoba did you get my messages?,offensive_language,0.04091482194005668,0.4832625521495184,0.47582262591042485
Her Hairdresser Should be Sacked @ChunkyMuffinz,offensive_language,0.041940523878256177,0.7864297004913431,0.17162977563040074
i think the hat is too much,neither,0.04239443065778099,0.3088557154744422,0.6487498538677768
"car, barrels, and Guile's Theme",neither,0.038824799344067476,0.2992573872400381,0.6619178134158945
"They are not setting sail for adventure, they are setting sail for... mostly boredom. Alas, it's not a very good game. Not much variety, and a lot of griefing.",neither,0.046128637496517425,0.25952034053626616,0.6943510219672163
"Help G&S make great content! $4.99/month gets you emotes, Minecraft server access, sub-only VODs, and more! Every sub keeps the channel alive! twitch.tv/geekandsundry/subscribe",neither,0.043907990691603095,0.31135964332838284,0.644732365980014
SOTshark,neither,0.03945320844208391,0.33037608806864915,0.630170703489267
me too,neither,0.025456656249999262,0.41690574403459846,0.5576375997154023
@megawatt1k LUL,neither,0.03945320844208391,0.33037608806864915,0.630170703489267
"Ba-dum-bum, boom",neither,0.03945320844208391,0.33037608806864915,0.630170703489267
"a ""realistic"" game movie would be fun - ""why is he reading the map and crouching all the time?""",neither,0.039048827855929384,0.2963382815739892,0.6646128905700814
She Must have been in a hurry @DreamButter lol,neither,0.03389672127418487,0.45444477398825683,0.5116585047375584
Is death being on a boat?,neither,0.03912249871545856,0.3650371951996991,0.5958403060848424
:D lol,neither,0.020706217963973744,0.4882283491876925,0.4910654328483337
oh what did I just walk in on,neither,0.042115574085760075,0.31197153640724956,0.6459128895069902
lol,neither,0.020706217963973744,0.4882283491876925,0.4910654328483337
"@GeekandSundry WAIT WAIT, you've never bleeped before!!!",neither,0.025016353567400947,0.4222204910894218,0.5527631553431773
lol,neither,0.020706217963973744,0.4882283491876925,0.4910654328483337
Lol,neither,0.020706217963973744,0.4882283491876925,0.4910654328483337
It's worse than Youtube? :P,neither,0.04529615482253141,0.20337375453234074,0.7513300906451279
lol,neither,0.020706217963973744,0.4882283491876925,0.4910654328483337
<3 Dani,neither,0.03945320844208391,0.33037608806864915,0.630170703489267
LUL,neither,0.03945320844208391,0.33037608806864915,0.630170703489267
John_Sparks_Jr i guess it must be THAT bad,neither,0.031871693648546175,0.36919191894711106,0.5989363874043429
kaypikeSHARK1 kaypikeSHARK2,neither,0.03945320844208391,0.33037608806864915,0.630170703489267
!whodat,neither,0.03945320844208391,0.33037608806864915,0.630170703489267
"Erika Ishii ( twitter.com/erikaishii ), and Trisha Hershberger ( twitter.com/thatgrltrish ), Jane Seawolf Marley aka Dani Carr ( twitter.com/itsdanicarr ).",neither,0.03836086231073768,0.43637343249993177,0.5252657051893305
she's only had one mala ren,neither,0.0398039283314944,0.41490622297977275,0.5452898486887329
oh my god,neither,0.030266422441093326,0.38268872444249025,0.5870448531164164
twitch new tos i bet @John_Sparks_Jr,neither,0.0428489889475448,0.24588525345848433,0.7112657575939709
I dare to say that BEEP was artistically intended :-P,neither,0.04140414138406652,0.36296479629833983,0.5956310623175936
"LOL, we need more of Dani like this!",neither,0.04202331000560704,0.3849224745395085,0.5730542154548846
!whodat,neither,0.03945320844208391,0.33037608806864915,0.630170703489267
Thank you Dani!,neither,0.056569537053094594,0.387589590314071,0.5558408726328344
@Paladin356 Nothing is bad enough to beep. The beep is WAY more offensive.,neither,0.05354168494095453,0.337309449479798,0.6091488655792474
"Nice hook, Liz",neither,0.03945320844208391,0.33037608806864915,0.630170703489267
YEY,neither,0.03945320844208391,0.33037608806864915,0.630170703489267
"We know Dani has a filthy mind from Erotic fan fiction, now we just add her spech",neither,0.03322797404816506,0.4369683754878993,0.5298036504639355
that was terrific LOL,offensive_language,0.021691082988794994,0.4961219477810444,0.4821869692301606
HSCheers OWLZarya,neither,0.03945320844208391,0.33037608806864915,0.630170703489267
Iff the Sailor Was Female I wouldnt care about her been Drunk Hhahaah,offensive_language,0.030839700869500667,0.4882695833823667,0.48089071574813264
@MrNY2CALI i havemt looked at constantine the same since,neither,0.03858243756159399,0.34531568095001275,0.6161018814883934
forsen1 I caught that lol,neither,0.025641691542153525,0.4540398766857489,0.5203184317720975
lol,neither,0.020706217963973744,0.4882283491876925,0.4910654328483337
forsen2 Takn shots,neither,0.03945320844208391,0.33037608806864915,0.630170703489267
hello everyone.,neither,0.03269494828970791,0.4450814005079928,0.5222236512022994
Hi @MisterLoggans,neither,0.03945320844208391,0.33037608806864915,0.630170703489267
Hey ossborn,neither,0.03945320844208391,0.33037608806864915,0.630170703489267
thanks Dani! Super funny <3,neither,0.036958084112323326,0.3297103881340678,0.6333315277536089
these are some next lvl dresses today,neither,0.05420803167535958,0.3457396941829201,0.6000522741417204
They are!,neither,0.11748381152333764,0.22608295668333075,0.6564332317933317
@Critternation3000 all I want is the game engine wardrobe,neither,0.04550562349874768,0.3297713539630223,0.6247230225382301
Yes come with built in Radars @Critternation3000,neither,0.027868390836648493,0.39166650255869184,0.5804651066046598
What game won best narrative?,neither,0.042625132368734865,0.2880098377389053,0.6693650298923598
ramaSalute,neither,0.03945320844208391,0.33037608806864915,0.630170703489267
What a weird game,neither,0.045380069648410064,0.2761479833732813,0.6784719469783087
Lol omg,neither,0.028153223926309316,0.41615248093853685,0.5556942951351538
lol,neither,0.020706217963973744,0.4882283491876925,0.4910654328483337
One can get anything one wants [printed on clothing now.,neither,0.036564523117350776,0.3793349007191445,0.5841005761635047
@misssunflower94 u probably looking at $100k then,neither,0.03776525460886104,0.3679874612715861,0.5942472841195527
All over printing,offensive_language,0.03718454460435983,0.4916194664542148,0.4711959889414254
is the orange shirt a girl-guy?,neither,0.039234639843496004,0.3722637481849745,0.5885016119715294
@Critternation3000 worth it,neither,0.037296453491641644,0.331117894995404,0.6315856515129544
Alt Control had some really cool stuff last year,neither,0.03436384458254831,0.33898484426805675,0.626651311149395
LUL,neither,0.03945320844208391,0.33037608806864915,0.630170703489267
