text,top_class,hate_speech,offensive_language,neither
Hi everyone. Happy Wednesday,neither,0.03451847586369233,0.4141313785497369,0.5513501455865706
"Hello Daisies, one and all!",neither,0.03921023395470803,0.40067665156885723,0.5601131144764347
the anticipation is killing me! :D,neither,0.03817401285176992,0.3558332544025427,0.6059927327456873
We aloud to post external links?,neither,0.044453685067715625,0.329353052488678,0.6261932624436064
"Greet&Sundry, all",neither,0.041793358651534496,0.4229818652092969,0.5352247761391685
"3-Year Twitch-iversary Stream has ended, we reached $10,087.00! https://clips.twitch.tv/WonderfulAbrasiveFennelHassaanChop",neither,0.03954791720455418,0.32876863319935457,0.6316834495960912
Happy Wednesday!,neither,0.03945320844208391,0.33037608806864915,0.630170703489267
Hi @rasnac_khan @Capefoxalix @acsylia @XoxoMinecraft,neither,0.03945320844208391,0.33037608806864915,0.630170703489267
yay!!,neither,0.03945320844208391,0.33037608806864915,0.630170703489267
it is wednesday my dudes,neither,0.03379384990424299,0.4085838800229188,0.5576222700728383
Good time strating now..,neither,0.03685959691619227,0.3592912286294125,0.6038491744543951
the intor always startles me,neither,0.024413789256972948,0.4531793625647028,0.5224068481783242
hi to everyone!,neither,0.039644680664805816,0.4407142664162929,0.5196410529189013
hey yall!,neither,0.0373829100190767,0.36551445535541816,0.5971026346255053
hello hosts and Manzi!,neither,0.03840264189818727,0.2749437060729204,0.6866536520288923
here we go! :D,neither,0.13156755280784707,0.2765461283225309,0.5918863188696221
mint chocolate ice cream with tonight's stream,neither,0.03118111234711196,0.33849461057786073,0.6303242770750273
Happy Wednesday all!,neither,0.04141989464077568,0.4089323776100828,0.5496477277491416
YAY! <3,neither,0.03945320844208391,0.33037608806864915,0.630170703489267
Hiiiiiiiiiiiii,neither,0.03945320844208391,0.33037608806864915,0.630170703489267
no audio,neither,0.03852177801590115,0.3461848932406789,0.6152933287434199
Hullo!,neither,0.03945320844208391,0.33037608806864915,0.630170703489267
oh nvm,neither,0.045756613872601194,0.27077248606354704,0.6834709000638518
wwwwwwwwwwwwooooooooooooooooooooooooooooooo,neither,0.03945320844208391,0.33037608806864915,0.630170703489267
omg the Matt is there,neither,0.04637771853107587,0.2743966868235874,0.6792255946453367
Hi @MeggieMay328,neither,0.03945320844208391,0.33037608806864915,0.630170703489267
The Matt Pillow is on set,neither,0.04263678099992473,0.3259907681132636,0.6313724508868117
being trooooooled,neither,0.028864623219954005,0.39472112013430155,0.5764142566457445
THE MERCER PILLOW IN THE BG,neither,0.03799104084296362,0.303151670302022,0.6588572888550144
!twc,neither,0.03945320844208391,0.33037608806864915,0.630170703489267
"Here are some handy The Wednesday Club resources! TWC Reddit: reddit.com/r/WednesdayClub/ | Discord: https://discord.gg/6QK9fVB | Wednesday Club Fanclub on Facebook: facebook.com/groups/1945232949091586/ | Send in your thoughts, comic recommendations, questions, and more to Matt, Amy, and Taliesin at thewednesdayclub@geekandsundry.com",neither,0.05001524745118048,0.31503641584425707,0.6349483367045624
look at the Matt pillow in the back,neither,0.03888564017450771,0.3235118065126801,0.6376025533128121
<3,neither,0.03945320844208391,0.33037608806864915,0.630170703489267
skulking matt pillow,neither,0.03945320844208391,0.33037608806864915,0.630170703489267
HI!,neither,0.03945320844208391,0.33037608806864915,0.630170703489267
"Hey, Mercer's here, too!",neither,0.10962219496930659,0.2833827298437135,0.6069950751869799
HI MATT,neither,0.03945320844208391,0.33037608806864915,0.630170703489267
Hey Dr. Strange!,neither,0.03945320844208391,0.33037608806864915,0.630170703489267
Hi friends!,neither,0.03945320844208391,0.33037608806864915,0.630170703489267
Hi Matt!,neither,0.03945320844208391,0.33037608806864915,0.630170703489267
!whodat,neither,0.03945320844208391,0.33037608806864915,0.630170703489267
"Amy Dallen ( twitter.com/enthusiamy ), Taliesin Jaffe ( twitter.com/executivegoth ), and Matt Key ( twitter.com/TheMattKey ), Manzi DeYoung ( twitter.com/Manzinat0r ).",neither,0.03837055464192035,0.4510993576007872,0.5105300877572925
Lol the matt pillow!!,neither,0.03173502823004954,0.36447373336292016,0.6037912384070302
HELLO!,neither,0.03945320844208391,0.33037608806864915,0.630170703489267
Mercer Pillow needs to be on every show,neither,0.05727255184184596,0.2756594179296879,0.6670680302284661
Woo!!! <3,neither,0.03945320844208391,0.33037608806864915,0.630170703489267
Hi!,neither,0.03945320844208391,0.33037608806864915,0.630170703489267
hi everybody,neither,0.03945320844208391,0.33037608806864915,0.630170703489267
She is beautiful!,neither,0.05434412038431821,0.45088042099546155,0.49477545862022027
"omg, Mercer pillow. xD",neither,0.03945320844208391,0.33037608806864915,0.630170703489267
matt is always there always watching,neither,0.0424577622730979,0.3764809383326927,0.5810612993942093
WOOO GUEST!,neither,0.03945320844208391,0.33037608806864915,0.630170703489267
We have a subscriber-only Discord server! Join here: https://discord.gg/geekandsundry (you'll need to sub and link it to your Twitch) and be a part of the fun!...Warning: It can take up to an hour for the server to update and give you access to the channels,neither,0.08464076273808444,0.286394834032893,0.6289644032290227
Hi dear hosts! <3,neither,0.03945320844208391,0.33037608806864915,0.630170703489267
hola club kids,neither,0.03945320844208391,0.33037608806864915,0.630170703489267
Hellooo!,neither,0.03945320844208391,0.33037608806864915,0.630170703489267
hiiiii Manzi!,neither,0.03945320844208391,0.33037608806864915,0.630170703489267
The camera angle is different too!,neither,0.04478748020607998,0.3189754072144332,0.6362371125794868
I heard nothing! Hi all!,neither,0.03843484662625594,0.444970581206156,0.5165945721675881
"Hi Matt, Taliesin, and Amy! Welcome Manzi!",neither,0.03886929529229305,0.3016173779701235,0.6595133267375834
hello special guest lady! :),neither,0.06438563606440678,0.3154022039866457,0.6202121599489476
Yay Manzi!!,neither,0.03945320844208391,0.33037608806864915,0.630170703489267
the Matt pillow has migrated,neither,0.039003725161135636,0.30982928361345413,0.6511669912254101
Tal Pal,neither,0.03945320844208391,0.33037608806864915,0.630170703489267
I am excited for some comics fashion critique time!,neither,0.03071564344869804,0.33168950071487413,0.6375948558364279
GDI the pillow is so distracting,neither,0.04815926375265375,0.3595507159764996,0.5922900202708467
"Hello Amy ,Taliesin and Other matt",neither,0.03885054926867855,0.3006268218464243,0.6605226288848972
ERMAGERD! It's Mercer pillow!,neither,0.037554805750496786,0.33102903580668525,0.6314161584428181
Matt Pillow the new Trinket,neither,0.04180246130565262,0.2367122579288572,0.7214852807654902
Mercer pillow in the background :D,neither,0.038593270458773615,0.31466231240319215,0.6467444171380342
Taliesin has coolest friends,neither,0.039859404100448796,0.3234818876600027,0.6366587082395485
I feel like Taliesin stole the Matt pillow,neither,0.046634242390951236,0.32917655411242136,0.6241892034966273
selina's gone two days and the cameras are all over the place :P,neither,0.05538777583914955,0.2535571497536777,0.6910550744071727
Who snuck the Mercer Pillow on set?,neither,0.03700047511201647,0.3751608666763934,0.5878386582115902
!TWC,neither,0.03945320844208391,0.33037608806864915,0.630170703489267
"Here are some handy The Wednesday Club resources! TWC Reddit: reddit.com/r/WednesdayClub/ | Discord: https://discord.gg/6QK9fVB | Wednesday Club Fanclub on Facebook: facebook.com/groups/1945232949091586/ | Send in your thoughts, comic recommendations, questions, and more to Matt, Amy, and Taliesin at thewednesdayclub@geekandsundry.com",neither,0.05001524745118048,0.31503641584425707,0.6349483367045624
hi Wednesdaisies,neither,0.03945320844208391,0.33037608806864915,0.630170703489267
"Download the new Critical Role theme song for Campaign Two! http://itunes.apple.com/album/id1331550250?ls=1&app=itunes Sales of the song support the musician, Jason Charles Miller.",neither,0.04445767596344001,0.2510827790306858,0.7044595450058742
Awww no Chief,neither,0.038687499920115144,0.34337216002646165,0.6179403400534232
Hahahaha,neither,0.03945320844208391,0.33037608806864915,0.630170703489267
Oh hai Mat,neither,0.0450478101092574,0.2772031091301225,0.6777490807606199
Hehhee,neither,0.03945320844208391,0.33037608806864915,0.630170703489267
Poor Matt...Can't even rest in pillowform without getting on camera.,neither,0.03489593335558867,0.387739679100324,0.5773643875440873
!uptime,neither,0.03945320844208391,0.33037608806864915,0.630170703489267
nobody throws the crew under the bus!,neither,0.033580667989903674,0.4056925129789448,0.5607268190311515
:D,neither,0.03945320844208391,0.33037608806864915,0.630170703489267
poor chief,neither,0.03945320844208391,0.33037608806864915,0.630170703489267
aw that's nice Manzi!,neither,0.03518580940754841,0.37687160232009276,0.5879425882723588
!twc,neither,0.03945320844208391,0.33037608806864915,0.630170703489267
"Here are some handy The Wednesday Club resources! TWC Reddit: reddit.com/r/WednesdayClub/ | Discord: https://discord.gg/6QK9fVB | Wednesday Club Fanclub on Facebook: facebook.com/groups/1945232949091586/ | Send in your thoughts, comic recommendations, questions, and more to Matt, Amy, and Taliesin at thewednesdayclub@geekandsundry.com",neither,0.05001524745118048,0.31503641584425707,0.6349483367045624
In the Crew i trust and believe in!,neither,0.03812957852350944,0.2841400467483028,0.6777303747281878
hi @japenrose it was nice meeting you at WonderCon.,neither,0.05039719933308984,0.3916334357944897,0.5579693648724204
@WDM1262 Same to you!!,neither,0.10764077651829565,0.4414166054266325,0.4509426180550718
"Well done, that! Deadshot turned out wonderful.",neither,0.032635968520634065,0.3858779302600236,0.5814861012193422
"Help G&S make great content! $4.99/month gets you emotes, Minecraft server access, sub-only VODs, and more! Every sub keeps the channel alive! twitch.tv/geekandsundry/subscribe",neither,0.043907990691603095,0.31135964332838284,0.644732365980014
is critial role today?,neither,0.04701180221758072,0.30290860474236264,0.6500795930400567
"wow, I just realized that pillow was there",neither,0.03324371744530668,0.3467237222512198,0.6200325603034736
is that a matt mercer body pillow in the background?,neither,0.04147015344910054,0.3459499486045127,0.6125798979463867
@Vluiggi Tomorrow at 7 PST,neither,0.038246712106472666,0.3670247817138243,0.594728506179703
that's creepy omg,neither,0.03530930243974621,0.37550147519374477,0.589189222366509
oh man lifecasts are so creepy i love them,neither,0.08588092677730619,0.34520187307740474,0.568917200145289
i hate that i missed the beginning of all this but Hi Wednesdaisies!,neither,0.14177534293044045,0.3452560445689459,0.5129686125006137
"@Vluiggi No, it's on tomorrow",neither,0.03308075469592436,0.367183622621649,0.5997356226824266
Hi Wednesdaisies!,neither,0.03945320844208391,0.33037608806864915,0.630170703489267
https://twitter.com/JessieLRLeaf/status/979177151655174144 Can I tentatively post a link?,neither,0.03916098822440154,0.4038572208285863,0.5569817909470121
@getupmoveon Yes,neither,0.03945320844208391,0.33037608806864915,0.630170703489267
tessWAVE amy tessWAVE taliesin tessWAVE matt tessWAVE guest,neither,0.03945320844208391,0.33037608806864915,0.630170703489267
So it's like American Psycho...,neither,0.052892502487382184,0.3327231621220517,0.6143843353905661
Oh man. I just noticed the Matt pillow,neither,0.039109511644914656,0.34144801393805513,0.6194424744170302
QUESTION: What happens to the lifecast afterwards?,neither,0.07040756145959792,0.30406677946249056,0.6255256590779116
Yeah they do body scans and foam is cut into a porportion accurate model,neither,0.03345853073817416,0.3713510825105289,0.5951903867512969
Just like Nick Fury.,neither,0.04638002214459724,0.3777791754093067,0.5758408024460961
modle*,neither,0.03945320844208391,0.33037608806864915,0.630170703489267
"also, rule #1 NO CAPES!",neither,0.03856207094937729,0.34550101700341185,0.6159369120472108
this is immediately my favorite episode! costumers are badass!,neither,0.05216339292462667,0.3576946359832656,0.5901419710921078
why?,neither,0.016768318525353994,0.3685911158159394,0.6146405656587067
Hi @aleph_sharp,neither,0.03945320844208391,0.33037608806864915,0.630170703489267
@japenrose @chaoticloony tks guys i can sleep XD,neither,0.03965588185293051,0.3269361913511287,0.6334079267959407
LMAO,neither,0.03705015143476208,0.3711622369619404,0.5917876116032975
I love costuming discussions :D,neither,0.03217296676969875,0.3657703709031763,0.602056662327125
@Fiend_in_a_rainbow_beanie I LOVE IT,neither,0.030831260484157012,0.3601344986151421,0.609034240900701
This ep is off to a GREAT start LOL,neither,0.04235661498628758,0.34737202442058274,0.6102713605931297
Matthew Mercer is in the corner,neither,0.045682398888875195,0.3140026296762267,0.6403149714348982
Pillow Matt is showing up everywhere!!,neither,0.04304532877714653,0.3649820717513536,0.5919725994714998
"QUESTION: for Manzi, what is the project that you fangirled the most over getting to work on?",neither,0.047006065982543394,0.3862532407680905,0.5667406932493662
!whodat,neither,0.03945320844208391,0.33037608806864915,0.630170703489267
"Amy Dallen ( twitter.com/enthusiamy ), Taliesin Jaffe ( twitter.com/executivegoth ), and Matt Key ( twitter.com/TheMattKey ), Manzi DeYoung ( twitter.com/Manzinat0r ).",neither,0.03837055464192035,0.4510993576007872,0.5105300877572925
that is cool and creepy at the same time....,neither,0.04028927780441992,0.3563977445550474,0.6033129776405326
so all celebrities are 'snap on' man i miss the days of die cast,neither,0.12407958999541178,0.2798332417509574,0.5960871682536308
Treble creepy...,neither,0.03945320844208391,0.33037608806864915,0.630170703489267
Thanks @KBTibbs,neither,0.035884468650613,0.3004919205142699,0.6636236108351171
I'm loving the talking shop,neither,0.038643963671865636,0.3156094166744865,0.645746619653648
"if cosplayers who make and wear their own outfits are B-Boys, what are Costumers?",neither,0.08098447654586909,0.3109791016620249,0.608036421792106
She is Awesomely adorable,neither,0.052386023360777315,0.43616137938466953,0.511452597254553
"QUESTION: Manzi, what comic costume would you most want to work on?",neither,0.05901505194701616,0.35925147031467597,0.5817334777383079
Matt Key became Matt T,neither,0.03945320844208391,0.33037608806864915,0.630170703489267
no its solid foam thats caved like in a CNC to be the shape of the actor,neither,0.043829784526220196,0.329274072824167,0.6268961426496127
Matt no,neither,0.03841525844964217,0.3479928082740095,0.6135919332763483
*pokes Matt*,neither,0.03945320844208391,0.33037608806864915,0.630170703489267
carved*,neither,0.03945320844208391,0.33037608806864915,0.630170703489267
"As a person with costuming skills, can I come work with you? I am tired of the awfulness of corporate America business world....",neither,0.0894152572279591,0.3566192000044797,0.5539655427675613
second life default pose,neither,0.036818669657659134,0.37551332576049223,0.5876680045818486
lol,neither,0.020706217963973744,0.4882283491876925,0.4910654328483337
that's dedication,neither,0.03476908919624869,0.38150422245866583,0.5837266883450856
my spelling skills fail me this evening.,neither,0.02802046830777784,0.4104103529983654,0.5615691786938568
Matt Key is making me think my stream is frozen,neither,0.037244584480228875,0.3870555215120604,0.5756998940077107
oh Matt why,neither,0.03219799980237193,0.29330824197323735,0.6744937582243906
matt has suddenly beceome a character in a bethesda game,neither,0.039224339451113525,0.2964995161963142,0.6642761443525722
Nice,neither,0.03945320844208391,0.33037608806864915,0.630170703489267
Lol the zoom,neither,0.030065550526898396,0.3725606077191225,0.5973738417539791
hahahaha camera zoom,neither,0.03945320844208391,0.33037608806864915,0.630170703489267
"but how do they know how much wiggle room are there in the costumes? how much the body flexes, and many little details about a dude's needs in a pants...",neither,0.041935329650234957,0.28868974194273034,0.6693749284070347
Its because thats how the models are built,neither,0.05065618146643067,0.28715347259376883,0.6621903459398004
now matt and chief are in a staring contest,neither,0.05430947275688797,0.2761658359846033,0.6695246912585086
*poke*,neither,0.03945320844208391,0.33037608806864915,0.630170703489267
I wonder if this is how Ice T got his name...,neither,0.045405863863380816,0.4129051557329401,0.5416889804036791
"I loked away, and I thought my computer had frozen",neither,0.03351225190607549,0.271687173666725,0.6948005744271994
Hehehehhehehe,neither,0.03945320844208391,0.33037608806864915,0.630170703489267
rofl,neither,0.03945320844208391,0.33037608806864915,0.630170703489267
Hold it.... hold it! XD,neither,0.03724054505774023,0.33113712446953764,0.6316223304727222
who's our new dp XD,neither,0.0436224299400492,0.304252891423999,0.6521246786359519
lol,neither,0.020706217963973744,0.4882283491876925,0.4910654328483337
Keep Zooming,neither,0.03945320844208391,0.33037608806864915,0.630170703489267
zoooommmmm,neither,0.03945320844208391,0.33037608806864915,0.630170703489267
Lol you silly man,offensive_language,0.04813520522078336,0.5500252616591251,0.4018395331200914
Someone poke Matt xD,neither,0.03945320844208391,0.33037608806864915,0.630170703489267
that right arm just keeps drooping.,neither,0.03160316445802276,0.40090779621583883,0.5674890393261383
omgggggg,neither,0.03945320844208391,0.33037608806864915,0.630170703489267
OMG NO,neither,0.038132541175154265,0.35279125825536073,0.6090762005694851
QUESTION: How did you move from cosplaying to costuming? Did you start with commissions or did a company reach out to you?,neither,0.06250426746603482,0.4128808270026593,0.5246149055313059
I just jumped in and thought the stream had rozen,neither,0.03722006933421609,0.2343529660810008,0.7284269645847831
super creepy Dr. Strange,neither,0.03945320844208391,0.33037608806864915,0.630170703489267
@giljaxon Not Second Life! NUUU!!!,neither,0.03392792578456857,0.4057156644870926,0.5603564097283389
This is amazing,neither,0.050638740814203484,0.3285866302672563,0.6207746289185402
The teeth are essential to the t-pose.,neither,0.06997426722657138,0.25754921494386357,0.672476517829565
:-),neither,0.03945320844208391,0.33037608806864915,0.630170703489267
Stream crashed :D,neither,0.03945320844208391,0.33037608806864915,0.630170703489267
This is what the show should be from now on,neither,0.08841262544705554,0.26441559087838307,0.6471717836745614
is this adult swim,neither,0.046870153770868415,0.32924566506325587,0.6238841811658757
best bit ever,neither,0.038453487825128155,0.322004556331851,0.6395419558430208
please let there be gifs,neither,0.02638381948652321,0.3232122089259835,0.6504039715874933
pain,neither,0.03945320844208391,0.33037608806864915,0.630170703489267
Chief?,neither,0.03945320844208391,0.33037608806864915,0.630170703489267
that slow zoom in,neither,0.03583000918336588,0.36973867359895507,0.5944313172176791
Matt Key is giant man,neither,0.0459272712962679,0.3770525244707877,0.5770202042329445
Thank you crew for this glorious camera work,neither,0.045345889617387856,0.34449952014245583,0.6101545902401563
I am so loving this!,neither,0.039091789847390986,0.3816082690931142,0.5792999410594948
As a single bead of sweat rolls down his temple...,neither,0.05362627895879698,0.3537994646187043,0.5925742564224987
"Matt, your a very good model!",neither,0.06376557291108015,0.3236865109448445,0.6125479161440753
omg someone give Chief a level for that shit!,offensive_language,0.042476776282419006,0.9422478730803611,0.01527535063721989
"Somebody reboot Mr Key, please.",neither,0.03945320844208391,0.33037608806864915,0.630170703489267
second life worst life,neither,0.03489598606628862,0.40857851933592765,0.5565254945977837
Staring deep into the eyes of Matt Key,neither,0.03997747407728924,0.3004582739468519,0.6595642519758589
Eyebrows,neither,0.03945320844208391,0.33037608806864915,0.630170703489267
"QUESTION: Is Manzi the official costumer of Molymauk? And if so, any pointers?",neither,0.02917518624235306,0.36000244249833147,0.6108223712593154
Whyyyyy,neither,0.03945320844208391,0.33037608806864915,0.630170703489267
!points crew,neither,0.03945320844208391,0.33037608806864915,0.630170703489267
"That was an excellent pun, crew! Here, have some points for that one! You have been awarded 20 points!",neither,0.04989242244142437,0.3814080201173907,0.568699557441185
"""Zooming in on Matt Key"" every Weds on G&S",neither,0.034979642077390974,0.3522045435864311,0.612815814336178
Not a pun but:,neither,0.03470436723507131,0.34588403402648865,0.61941159873844
he's still holding it XD,neither,0.04270866535306853,0.34530076911060004,0.6119905655363314
oh god im crying,neither,0.04405521684161243,0.3125486330240247,0.6433961501343629
!points Chief,neither,0.03945320844208391,0.33037608806864915,0.630170703489267
The best moments,neither,0.03769881127503162,0.3066867132193631,0.6556144755056054
o gosh,neither,0.03945320844208391,0.33037608806864915,0.630170703489267
It was a GREAT panel,neither,0.036320543629781404,0.3092436746039052,0.6544357817663135
It was nice to meet you guys at the Alpha party,neither,0.05310040317194422,0.36642524083080164,0.5804743559972542
panel talk! panel talk!!,neither,0.02221694017853378,0.3363044311039506,0.6414786287175157
@Chix_with_Joystix hi there Liz. <3,neither,0.039369405442012055,0.27395600237499595,0.686674592182992
The panel was amazing!,neither,0.03856217791015923,0.31780257798873757,0.6436352441011031
is the panel gonna be online anywhere,neither,0.04393423412408478,0.35227705313420704,0.6037887127417083
Any chance those of us who couldn't make it to the panel will get to see it? *hopeful eyes*,neither,0.08261538272914747,0.2869667699629699,0.6304178473078828
How do you deal with weight gain or an actor/actress bulking up?,neither,0.04017519322559011,0.4052927554393578,0.5545320513350521
OH!!! That's me!!!,neither,0.029416875261193236,0.38275364027465403,0.5878294844641528
Hello,neither,0.03945320844208391,0.33037608806864915,0.630170703489267
Who dis new person ?,neither,0.04453819808220497,0.2990240505304776,0.6564377513873174
"Hey gang, what's the topic tonight?",neither,0.04084375391190231,0.29939786188674833,0.6597583842013495
"3. ""Some Jokes are not funny... EVER. I disagree, there is a place for almost every joke",neither,0.04775423826591948,0.2581480900765912,0.6940976716574893
!whodat,neither,0.03945320844208391,0.33037608806864915,0.630170703489267
"Amy Dallen ( twitter.com/enthusiamy ), Taliesin Jaffe ( twitter.com/executivegoth ), and Matt Key ( twitter.com/TheMattKey ), Manzi DeYoung ( twitter.com/Manzinat0r ).",neither,0.03837055464192035,0.4510993576007872,0.5105300877572925
I was there,neither,0.0391719864997431,0.25722825471909144,0.7035997587811654
that's cool,neither,0.0331105145141573,0.4000689531361105,0.5668205323497322
"@Chix_with_Joystix Hi, Liz",neither,0.03945320844208391,0.33037608806864915,0.630170703489267
@InkPigg That's AWESOME!,neither,0.03419525192306799,0.38790559219732307,0.5778991558796089
Matt needs these Yogi skills if he is to master ritualistic Magicks,neither,0.04403989968610147,0.41044001946036496,0.5455200808535335
@Chix_with_Joystix Hello Liz!!,neither,0.03945320844208391,0.33037608806864915,0.630170703489267
"Well, Matt Key one step closer to his final form",neither,0.05656195806505502,0.34651203075131104,0.596926011183634
Matt's transition to Doctor Strange is going a step further,neither,0.047419492131920836,0.34272291405945005,0.609857593808629
@Chix_with_Joystix Hi Liz!,neither,0.03945320844208391,0.33037608806864915,0.630170703489267
"@Chix_with_Joystix Good evening, Liz! :D",neither,0.03869882722860525,0.3306355543605695,0.6306656184108252
She is in chat!!! Thats so great @InkPigg,neither,0.04559612308117176,0.4135814942724009,0.5408223826464273
Hallo Liz @Chix_with_Joystix KonCha,neither,0.03945320844208391,0.33037608806864915,0.630170703489267
Hey @Chix_with_Joystix :D,neither,0.03945320844208391,0.33037608806864915,0.630170703489267
Ohhhh so cool!,neither,0.03941160462806517,0.37467988233454463,0.5859085130373902
of course!,neither,0.03945320844208391,0.33037608806864915,0.630170703489267
awww!,neither,0.03945320844208391,0.33037608806864915,0.630170703489267
eeeeeeeey!!,neither,0.03945320844208391,0.33037608806864915,0.630170703489267
"Wow, great gift.",neither,0.037610646935306476,0.30586261693417155,0.6565267361305219
Thats beautiful,neither,0.03945320844208391,0.33037608806864915,0.630170703489267
"ooo, pretty solid",neither,0.03945320844208391,0.33037608806864915,0.630170703489267
Awwwwwwwwww,neither,0.03945320844208391,0.33037608806864915,0.630170703489267
So dope,neither,0.039408817788761985,0.3984073949309437,0.5621837872802943
Awww!,neither,0.03945320844208391,0.33037608806864915,0.630170703489267
hug him!!!!!,neither,0.03928697709675111,0.333197467828188,0.627515555075061
awww,neither,0.03945320844208391,0.33037608806864915,0.630170703489267
ahaww,neither,0.03945320844208391,0.33037608806864915,0.630170703489267
Awww,neither,0.03945320844208391,0.33037608806864915,0.630170703489267
That's awesome ^__^,neither,0.03580025102860961,0.3700673765395731,0.5941323724318173
@chix_with_joystix stsHello,neither,0.03945320844208391,0.33037608806864915,0.630170703489267
fancyyyyy,neither,0.03945320844208391,0.33037608806864915,0.630170703489267
"QUESTION: i guess to the crew, are the #WednesdayClub BiFrosty-mugs available in the G&S store?",neither,0.07342971941692224,0.27582757191616175,0.6507427086669161
nice!,neither,0.03945320844208391,0.33037608806864915,0.630170703489267
Hugs now!,neither,0.03945320844208391,0.33037608806864915,0.630170703489267
hugs now,neither,0.03945320844208391,0.33037608806864915,0.630170703489267
Hug NAO!,neither,0.03945320844208391,0.33037608806864915,0.630170703489267
cmonBruh,neither,0.03945320844208391,0.33037608806864915,0.630170703489267
Don't break the lavs!,neither,0.03816361880931356,0.306503731907171,0.6553326492835155
hugs NOW hugs NOW,neither,0.03945320844208391,0.33037608806864915,0.630170703489267
hug him right this second!!!!,neither,0.038421573296234385,0.3499891791869325,0.6115892475168331
Hugs forever!,neither,0.03945320844208391,0.33037608806864915,0.630170703489267
That's so cute <3,neither,0.036211895180498735,0.4189318352015079,0.5448562696179934
"Question: Manzi, what is your opinion on the skin tight costumes that any and all the female characters wear in comics?",neither,0.053397400813553444,0.3593292882395391,0.5872733109469076
aww thats so cool,neither,0.03941233584584084,0.37293351962184806,0.5876541445323112
HUG NOW,neither,0.03945320844208391,0.33037608806864915,0.630170703489267
never delay a hug!,neither,0.034647330156193264,0.3795246743610527,0.585827995482754
Aaaaaahahahaha! That's the best surprise ever!,neither,0.03425738970630201,0.3481074450672947,0.6176351652264033
Dew it,neither,0.034373745257138544,0.33212314837979673,0.6335031063630647
Hugs for the hugs inclined,neither,0.03542907399106771,0.3037356387767809,0.6608352872321515
crew have the official 'hug music' ready,neither,0.03849530367531063,0.32539235817756174,0.6361123381471278
"as amy says "" Hugs for the hug inclined""",neither,0.03441146555349922,0.3236760162088698,0.6419125182376311
Way cool.,neither,0.03960040826102754,0.33160872040116024,0.6287908713378123
hug now!,neither,0.03945320844208391,0.33037608806864915,0.630170703489267
Question: Hawkeye Initiative? Yes/yes?,neither,0.03945320844208391,0.33037608806864915,0.630170703489267
"For anyone who came up to Matt during WonderCon to say hello, THANK YOU!",neither,0.051279359849892854,0.4054468404513448,0.5432737996987623
awww you guys...I feel so loved gandsLessthanthree,neither,0.0524158897678421,0.408647263777752,0.5389368464544059
The irnoy,neither,0.03613032604487659,0.2619290779399786,0.7019405960151449
*irony,neither,0.03945320844208391,0.33037608806864915,0.630170703489267
we adore Liz vereh much,neither,0.032762593735702394,0.3371186840642769,0.6301187222000206
Our panel was so wonderful...,neither,0.03931970302194564,0.36686769822900644,0.593812598749048
"QUESTION: Manzi, what superhero costume would you most like to change and redo if given the opportunity?",neither,0.046433938114269976,0.3518398136689032,0.601726248216827
Hey Brittany!,neither,0.03945320844208391,0.33037608806864915,0.630170703489267
Hi brittany!,neither,0.03945320844208391,0.33037608806864915,0.630170703489267
I adore you AKI,offensive_language,0.21217306638279385,0.6099082758190073,0.17791865779819876
Hey all!,neither,0.04285346742239823,0.46255625023407465,0.49459028234352725
@brittanywalloch I was there in spirit,neither,0.03925398130241045,0.286889497668664,0.6738565210289257
<3,neither,0.03945320844208391,0.33037608806864915,0.630170703489267
"I'm a couple minutes late, who's the guest?",neither,0.039149354493359476,0.3639206616342507,0.5969299838723899
@brittanywalloch Good evening! I wish I'd been able to be there!,neither,0.04376774040708435,0.3034425549562127,0.6527897046367029
@Chix_with_Joystix Such a great panel!!,neither,0.037928077740284026,0.30372928363165913,0.658342638628057
hi brittany!,neither,0.03945320844208391,0.33037608806864915,0.630170703489267
!whodat,neither,0.03945320844208391,0.33037608806864915,0.630170703489267
"Amy Dallen ( twitter.com/enthusiamy ), Taliesin Jaffe ( twitter.com/executivegoth ), and Matt Key ( twitter.com/TheMattKey ), Manzi DeYoung ( twitter.com/Manzinat0r ).",neither,0.03837055464192035,0.4510993576007872,0.5105300877572925
Hey everyone!,neither,0.031959242684595296,0.4575682446653829,0.5104725126500218
hi jody!,neither,0.03945320844208391,0.33037608806864915,0.630170703489267
someone very clever deserves a high five for getting them the rights to that symbol.,neither,0.039622583611707445,0.3971457088367064,0.5632317075515861
"@brittanywalloch hi there, lovely Brittany.",neither,0.03938907061445867,0.29705996868242,0.6635509607031214
"QUESTION: What is the most sensible, most practical costume in the comics ever?",neither,0.04549685113016976,0.31058679512001663,0.6439163537498136
Hey @brittanywalloch,neither,0.03945320844208391,0.33037608806864915,0.630170703489267
Hi the lovely wife Brttany,neither,0.03864949949200585,0.3157126619768495,0.6456378385311448
"Hi, @brittanywalloch",neither,0.03945320844208391,0.33037608806864915,0.630170703489267
@brittanywalloch Hi Brittany,neither,0.03945320844208391,0.33037608806864915,0.630170703489267
@brittanywalloch Thank you for all the stickers! And hello!,neither,0.045072619024171534,0.3493101650841691,0.6056172158916594
@JodyHouser Good evening! Hello!,neither,0.03885282145264129,0.33058258868542556,0.6305645898619331
Hey Lovely Wife Brittany,neither,0.03945320844208391,0.33037608806864915,0.630170703489267
Hey @Danoba !!!,neither,0.03945320844208391,0.33037608806864915,0.630170703489267
I LOVE that Carol Danvers costume,neither,0.03387371459069457,0.37704656468328085,0.5890797207260247
Hey @JodyHouser,neither,0.03945320844208391,0.33037608806864915,0.630170703489267
Kree officer costume!,neither,0.03945320844208391,0.33037608806864915,0.630170703489267
@chix_with_joystix well u are great person so easy to love,neither,0.06166824594233647,0.31420165494983016,0.6241300991078333
Hey Jody!,neither,0.03945320844208391,0.33037608806864915,0.630170703489267
@JodyHouser Hi Jody!,neither,0.03945320844208391,0.33037608806864915,0.630170703489267
cute,neither,0.04322311181158326,0.266390989224455,0.6903858989639619
@JodyHouser Hello! Happy Wednesday!,neither,0.03945320844208391,0.33037608806864915,0.630170703489267
"we got the holy trinity in chat, Liz, Brittany, and Jody",neither,0.03771053700779423,0.3250411006967289,0.637248362295477
I didn't know that's why she's wearing green! Cool!,neither,0.020965112689050762,0.4528492546081041,0.5261856327028451
I like the red and blue better,neither,0.04829000129102634,0.2871508482876742,0.6645591504212996
same @tortugadelmar,neither,0.04148851938089603,0.3488915597363099,0.609619920882794
Thats who you knew was a mega sweaty lol.,neither,0.044345198052645134,0.45198201976816665,0.5036727821791883
So we get Captain Marvel AND Shazam coming soon?,neither,0.038333887998591124,0.33995029883567773,0.6217158131657312
placement of things re:boobs is probably gonna be a theme tonight,neither,0.05122270667364992,0.338151103397507,0.6106261899288431
Hi to Jody and Brittany,neither,0.0439374130990266,0.2967304735522314,0.659332113348742
I gave Matt My Hellboy art I got at WonderCon to show...I also got him a pin in honor of his Key Question show lol,neither,0.05465283041129722,0.3762198138594825,0.5691273557292204
can i be captain marvel when i grow up,neither,0.03215136431882141,0.4001504829164327,0.567698152764746
Hello all you Wednesdaisies from Matt's mom & dad in Texas! That Dr. Strange wall hanging is perfect for Matt's office. You guys are wonderful!!!,neither,0.06151268966694392,0.36800085693498713,0.570486453398069
"The red and blue is better, agreed! But at least there's a reason for the green!",neither,0.03745415920569915,0.25853685309746277,0.7040089876968382
juliaHullo @jodyhouser juliaHullo @brittanywalloch,neither,0.03945320844208391,0.33037608806864915,0.630170703489267
"oh nice, Liz",neither,0.047157506312557065,0.25827831660427925,0.6945641770831636
nice try,neither,0.03945320844208391,0.33037608806864915,0.630170703489267
@crthemighty yes,neither,0.03945320844208391,0.33037608806864915,0.630170703489267
@miriamkey Hello Mrs. Key! Good to see you!,neither,0.05779228070961697,0.36260356018205736,0.5796041591083256
#TopBoob,neither,0.03945320844208391,0.33037608806864915,0.630170703489267
@JodyHouser how was it getting heckled by Mark Waid during your own panel?,neither,0.07317407893702829,0.39036524641616854,0.5364606746468032
"There's more boob back there, but I just can't see it.",neither,0.03465465978344405,0.28500695111328084,0.6803383891032752
So it’s for the underboob shot (I’m sorry),neither,0.031178153740785496,0.3275026417930247,0.64131920446619
@miriamkey Hi! this will be an interesting episode to watch,neither,0.05017278923894747,0.30914944679116657,0.640677763969886
boob star occultation,neither,0.03945320844208391,0.33037608806864915,0.630170703489267
@miriamkey Hi Matt's Mom and Dad! You guys are awesome. Matt was sooooooo ice to me at Wondercon!,neither,0.05573697790091536,0.3381869920765043,0.6060760300225803
"@axelobo Wait, what?! XD",neither,0.04877470361900789,0.3238348708445956,0.6273904255363965
I doubt that kree uniform is the final form of Captain Marvel's costume in the movie.,neither,0.04152737112862928,0.3150394082161627,0.6434332206552081
The beginning of IT ALLLLL,neither,0.0375487341906752,0.3172796265992078,0.6451716392101171
Hahahaha,neither,0.03945320844208391,0.33037608806864915,0.630170703489267
Don't get on topic,neither,0.035859424466477115,0.35463825803469173,0.6095023174988312
Getting trolled by Mark Waid was pretty great,neither,0.03539565478447953,0.39840340311159855,0.566200942103922
burning man drink,neither,0.039582239424921124,0.3931760247308323,0.5672417358442466
Oh my god Hawkman and Hawkgirl. I have SO MANY issues with their wings.,neither,0.027429049430219097,0.38614343983900584,0.5864275107307749
Will we?,neither,0.04183237199609268,0.2899954734350248,0.6681721545688826
Wednesdaisie Seance for next week's Wednesday Club XD,neither,0.03407070408002568,0.3163367608503118,0.6495925350696625
Weds Club? On Topic? hahahahahaha,neither,0.03717547918122106,0.3412587531650659,0.6215657676537132
Amy is enraptured,neither,0.04981691255257763,0.32681153499115395,0.6233715524562684
Ahh another burner KappaPride,neither,0.08076634071328251,0.2673106540181261,0.6519230052685914
You've got a new phrase to use!,neither,0.01434578212528228,0.3869551426210979,0.5986990752536198
