text,top_class,hate_speech,offensive_language,neither
"Yes, in three hours",neither,0.03945320844208391,0.33037608806864915,0.630170703489267
@Danoba ah yes... Radiers of the Lost Ark... that was a good one ;) hehe,neither,0.035246054579129944,0.3696027726048582,0.5951511728160118
... whoooo changed the countdown!,neither,0.03863602311522812,0.31546126039984007,0.6459027164849317
Tis time for mastery of tha lore,neither,0.03151903745973095,0.3190271779895037,0.6494537845507654
Why did I not join chats Sooner?,neither,0.03122954480471085,0.343816746841297,0.6249537083539921
@chiplickin thank you,neither,0.07325166854587051,0.43632638485078484,0.49042194660334476
"I'm into this craft talk though, lore isn't my fav tbh but crafting is my jam",neither,0.020569956759251332,0.4387884687998103,0.5406415744409383
,neither,0.03945320844208391,0.33037608806864915,0.630170703489267
Hello there folks,neither,0.03937888531371348,0.28808968698077514,0.6725314277055113
Gina day!,neither,0.04062343770405816,0.29560591037067285,0.663770651925269
"3-Year Twitch-iversary Stream has ended, we reached $10,087.00! https://clips.twitch.tv/WonderfulAbrasiveFennelHassaanChop",neither,0.03954791720455418,0.32876863319935457,0.6316834495960912
Hi @BlackDr46on,neither,0.03945320844208391,0.33037608806864915,0.630170703489267
!wtfisthis,neither,0.03945320844208391,0.33037608806864915,0.630170703489267
Ryan Green and a guest spend 90 minutes going deeper into a fandom then you may have thought possible. From Magic: The Gathering to Street Fighter we’re examining the stories and worldbuilding that makes these properties so enchanting. The guests and subjects are as varied as can be but the one thing that brings them together is passion.,neither,0.06281962001923072,0.30912234923769066,0.6280580307430785
Hellow person in vest and glasses,neither,0.03862852664089256,0.28844283677411287,0.6729286365849945
anime of the season -lore masters,neither,0.03880208338517463,0.3103861670979854,0.6508117495168398
!wednesday,neither,0.03945320844208391,0.33037608806864915,0.630170703489267
"WEDNESDAY (All Times Pacific) - BIZARRE STATES: 4-5pm, Andrew Bowser and Jessica Chobot go deep into the unknown, focusing on weird happenings, unexplained cases, the occult and other supernatural topics.. | DICK & JOHNSON: 5-6pm, Everyone's favorite dynamic duo return to chew bubblegum and have epic adventures! | THE WEDNESDAY CLUB: 7-9pm, Amy, Taliesin and Matt talk about comics old and new. | WEAVE SOCIETY 9.30-11pm, Hosts jump into one of the many fantastical worlds of the Weave RPG",neither,0.03764878206809464,0.3829613506276117,0.5793898673042936
!glitter,neither,0.03945320844208391,0.33037608806864915,0.630170703489267
,neither,0.03945320844208391,0.33037608806864915,0.630170703489267
glitter?,neither,0.03945320844208391,0.33037608806864915,0.630170703489267
glitter!,neither,0.03945320844208391,0.33037608806864915,0.630170703489267
GLITTER!,neither,0.03945320844208391,0.33037608806864915,0.630170703489267
!glittereric SOON,neither,0.03945320844208391,0.33037608806864915,0.630170703489267
We have 2 days 2 minutes 52 seconds ago left until we glitter Eric! Chat never forgets! https://clips.twitch.tv/EasyUglyPlumFailFish,neither,0.03766726396570013,0.35046283675588313,0.6118698992784168
"Haven't been able to watch live since ep one, I'm SO pumped for this!!",neither,0.044002133333968,0.3524125201046947,0.6035853465613372
Yay Gina!!!!,neither,0.03945320844208391,0.33037608806864915,0.630170703489267
"Gina's Weave story was incredibly fun last night, I'm excited we get to see her two days in a row",neither,0.034001654039072855,0.43303974237431225,0.5329586035866147
It's a-Gina!,neither,0.034373745257138544,0.33212314837979673,0.6335031063630647
Awwww,neither,0.03945320844208391,0.33037608806864915,0.630170703489267
!whodat,neither,0.03945320844208391,0.33037608806864915,0.630170703489267
"Ryan Green ( twitter.com/HydroSnail ), Gina DeVivo ( twitter.com/pocketgina ).",neither,0.0393526388645448,0.44279132069361565,0.5178560404418394
I was sure it was going to be glitter,neither,0.037599556975822984,0.4501191984241122,0.5122812446000647
bangin artsy folk,neither,0.048115300583488,0.327396797375766,0.624487902040746
what a nice intro,neither,0.04492595377469142,0.326452653999463,0.6286213922258456
We have a subscriber-only Discord server! Join here: https://discord.gg/geekandsundry (you'll need to sub and link it to your Twitch) and be a part of the fun!...Warning: It can take up to an hour for the server to update and give you access to the channels,neither,0.08464076273808444,0.286394834032893,0.6289644032290227
"Glitter, the herpes of arts and crafts",neither,0.03820113152091962,0.2869402563979645,0.674858612081116
"@triamas well, I mean, she's basically MADE of glitter, so that counts, right?",neither,0.03725418344904344,0.445000675684517,0.5177451408664396
<3 Gina ... and @babykangaD :3 hello Momma,neither,0.03860641105406052,0.2871770550167349,0.6742165339292044
"Gina! yay Gina! In your image, I just burned my fingers on hot glue, making my Molly cosplay.",neither,0.03630843703940675,0.4135071830941813,0.5501843798664118
I still miss Mines N Crafts though,neither,0.0326651046005168,0.3459436930973179,0.6213912023021654
!weave,neither,0.03945320844208391,0.33037608806864915,0.630170703489267
"Weave is a 21st century storytelling platform for everyone. With just two decks of cards and a handful of dice, you and your friends can create adventures in any genre, from sci-fi to high school comedy. When combined with the free companion app, Weave provides all the power you'll need to discover new worlds, imagine amazing characters, and save your stories online in minutes. You can find more information at: https://weave.game/",neither,0.05424416382335852,0.3425299335395282,0.6032259026371134
Hey @babykangaD,neither,0.03945320844208391,0.33037608806864915,0.630170703489267
GIna killed it with the voices- JD VP from Stage East,neither,0.03274657882223983,0.3321381890012109,0.6351152321765493
Gina has proved her creativity so much on this channel,offensive_language,0.030052753327102076,0.5047601831797409,0.4651870634931569
@babykangaD is so supportive I can't even *sniffle*,neither,0.04662390263902341,0.38174618630676427,0.5716299110542125
Hello Ghost Mom <3,neither,0.03945320844208391,0.33037608806864915,0.630170703489267
"Hi, @babykangaD",neither,0.03945320844208391,0.33037608806864915,0.630170703489267
"Download the new Critical Role theme song for Campaign Two! http://itunes.apple.com/album/id1331550250?ls=1&app=itunes Sales of the song support the musician, Jason Charles Miller.",neither,0.04445767596344001,0.2510827790306858,0.7044595450058742
@starpilotsix We all do!,neither,0.045229047244085975,0.46729754703967924,0.4874734057162347
Hey! Two of my favorite hosts in one place. :),neither,0.032158279834032445,0.37722560380360776,0.5906161163623598
FLOWERS BITING BLOOD CARROTS!!!,neither,0.03945320844208391,0.33037608806864915,0.630170703489267
hi everyone,neither,0.032490659208996964,0.4485487193596734,0.5189606214313296
@babykangaD Hi Gina's mom,neither,0.03945320844208391,0.33037608806864915,0.630170703489267
Hi Gina's mom! @babykangad,neither,0.03945320844208391,0.33037608806864915,0.630170703489267
hey @babykangaD,neither,0.03945320844208391,0.33037608806864915,0.630170703489267
FBBC are the greatest band ever,neither,0.06136956935622424,0.2757769936242075,0.6628534370195682
"Boredom at my job training was a driving force for me recently... got so bored that I had to find ways to entertain myself... and got back into non-digital drawing. A few days ago, I even bought some nice polychromos pencils tto up my game",neither,0.027963781448765997,0.4104098493353281,0.5616263692159059
QUESTION: Where can we buy the band t-shirt?,neither,0.040205447466215107,0.29411279361424825,0.6656817589195366
"The shirt was epic, Gina!",neither,0.038475437759900234,0.31655777256356443,0.6449667896765352
That Tshirt is so boss,neither,0.0427029927680584,0.40337299844818403,0.5539240087837577
"Help G&S make great content! $4.99/month gets you emotes, Minecraft server access, sub-only VODs, and more! Every sub keeps the channel alive! twitch.tv/geekandsundry/subscribe",neither,0.043907990691603095,0.31135964332838284,0.644732365980014
We need that tshirt in the shop as merch!!,neither,0.03515658045321858,0.3676732677102564,0.597170151836525
Gina is just..insanely skilled,neither,0.04269972899663501,0.35017617178666766,0.6071240992166973
speaking of when is the t-shirt going in the store @GeekandSundry ? Coz i'm going to need that,neither,0.04948866942031025,0.3792778666933993,0.5712334638862905
that is very me. just making a t-shirt,neither,0.03280555335659809,0.40432756628761657,0.5628668803557852
do you have a silk screening kit?,neither,0.05393850717438741,0.3760965645840412,0.5699649282415714
She can do graphic design. I didn't know she could,neither,0.03235927334071553,0.46774392360299777,0.49989680305628675
In Gina we believe!,neither,0.039231161793592914,0.33414479918911627,0.6266240390172909
"Give her SOME credit, Ryan, jeez",offensive_language,0.026110014542488732,0.5264088854395998,0.4474811000179115
:P,neither,0.03945320844208391,0.33037608806864915,0.630170703489267
or did Gina send it away to be made?,neither,0.04577280160973307,0.30967463539775486,0.644552562992512
@shidareAKI I feel there will be a lot of that today.,neither,0.03643077530213676,0.2926305491841507,0.6709386755137124
We need to build Gina a gaming PC.,neither,0.04387206294351205,0.32840102790951137,0.6277269091469765
I didn't know Gina could do that moments?,neither,0.026013051097193853,0.39932615451146536,0.5746607943913407
Daaaaammmmmn Gina! Hi!,neither,0.03945320844208391,0.33037608806864915,0.630170703489267
@shidareAKI she graphic designs on A FAULTY TRACKPAD *mind blown*,neither,0.0384073322893454,0.39517156690376437,0.5664211008068902
that's so cool,neither,0.03370500952970764,0.45829613352409315,0.5079988569461991
Props can improve the fun of an RPG!,neither,0.03922145372562354,0.3115078340318259,0.6492707122425505
@chaoticloony You kidding me? That's like half the fun!,neither,0.050575262455112804,0.4412799798863853,0.508144757658502
Same Gina Hard Same,offensive_language,0.03238991866514992,0.5553636143803706,0.4122464669544795
i've lived in my mind for x years and i still have unused ideas woops,neither,0.017266429390861166,0.3427616414884646,0.6399719291206742
"Yeah, that's my problem. :D",offensive_language,0.013170848826578074,0.5508746821935568,0.4359544689798652
!rbschedule,neither,0.03945320844208391,0.33037608806864915,0.630170703489267
Find the rebroadcast schedule for today here: http://bit.ly/WedRebroadcast,neither,0.05993176898675194,0.16282973960513905,0.7772384914081091
handouts in rpgs are always fun - I've had players fill out so many forms while playing Paranoia,neither,0.033413457471075034,0.3528304111568472,0.6137561313720779
I'm with you Gina. I would make custom DVD and CD covers for the fun of it.,neither,0.0348737231436903,0.32170099522924134,0.6434252816270684
"Gina will get that shite done in an hour, lol",neither,0.03189346753144985,0.3917928744474861,0.576313658021064
"Iv lived in my place for over 10 years, and I STILL have un-openned boxes I didnt unpack... Im feel ya, Ryan :D LOL",neither,0.023234230152135594,0.4635981844468279,0.5131675854010366
"relating, to many ideas that brings up more ideas",neither,0.04022424332372373,0.3700966171908929,0.5896791394853834
graphic design equipment gets alot more expensive if you keep updating so it never makes it's worth,neither,0.0344285852728482,0.4126214279017865,0.5529499868253652
@chaoticloony How hyped are you for the announcment today,neither,0.06998803921712467,0.26336356917982046,0.6666483916030548
soo... what's tonight's loremaster-show about?,neither,0.0550343272052263,0.2621035927393471,0.6828620800554266
We have that problem in Stage East. We all have things We want to do but we talk our selves out of it. - JD VP of Stage EAst... BTW we are looking for actors and actresses,neither,0.03611821182640662,0.3428415782378744,0.621040209935719
@Chovexani What announcement?,neither,0.057770773616808734,0.3180719994247239,0.6241572269584672
"Mines n Crafts was such a nice, chill show.",neither,0.051498132196729766,0.2688196880739685,0.6796821797293018
of Asinine Wisdom,neither,0.03945320844208391,0.33037608806864915,0.630170703489267
Craft Momness I like it,neither,0.06953449037813421,0.37815048807863416,0.5523150215432316
:D,neither,0.03945320844208391,0.33037608806864915,0.630170703489267
"Props and handouts... a while ago, when GMing Shadowrun, I created an image, looking like a news show with a text, describing the aftermath of a run they did, and put that image into our Whatsapp group halfway in between our gaming sessions ^^",neither,0.036489522449785754,0.34521352370367014,0.618296953846544
The best Craft Mom,neither,0.03723735147392902,0.30016680818906827,0.6625958403370028
I know that feel Gina I know,neither,0.0351902493722812,0.3768223199212402,0.5879874307064785
Gina is absolutely a craft-mom,neither,0.049080535742358294,0.3270648087431907,0.623854655514451
Keeping them safe from scissors and hot glue guns,neither,0.048101381497548265,0.2891803067213616,0.6627183117810902
"that's why I won't do craft things at the church for Granny, I cannot help little children",neither,0.02873755681706785,0.35005129254904577,0.6212111506338863
!wtfisthis,neither,0.03945320844208391,0.33037608806864915,0.630170703489267
Ryan Green and a guest spend 90 minutes going deeper into a fandom then you may have thought possible. From Magic: The Gathering to Street Fighter we’re examining the stories and worldbuilding that makes these properties so enchanting. The guests and subjects are as varied as can be but the one thing that brings them together is passion.,neither,0.06281962001923072,0.30912234923769066,0.6280580307430785
@Chovexani I knew that it and a AYBGF special were going to be coming back for the next couple of months,neither,0.05131439493174144,0.3082946549771649,0.6403909500910936
SOMEBODY GIF THIS,neither,0.03935774607250302,0.3319963336173687,0.6286459203101283
:),neither,0.03945320844208391,0.33037608806864915,0.630170703489267
who this guy<?? shia lebeouf LUL,neither,0.039470100388222164,0.384979597653721,0.5755503019580568
snails are the best,neither,0.06263482291146293,0.2648974654638773,0.6724677116246597
!whodat,neither,0.03945320844208391,0.33037608806864915,0.630170703489267
"Ryan Green ( twitter.com/HydroSnail ), Gina DeVivo ( twitter.com/pocketgina ).",neither,0.0393526388645448,0.44279132069361565,0.5178560404418394
"quiet mouse quiet fox, quiet rampaging godzillas",neither,0.03945320844208391,0.33037608806864915,0.630170703489267
Hydrosnail loves snails? Whod've thunk! :P,neither,0.020287394873351964,0.31316506038500064,0.6665475447416475
"Fox? no, that's a llama?",neither,0.03540671097426479,0.3788022022582194,0.5857910867675158
yeah but announced @chaoticloony :p,neither,0.02126983003474823,0.45016051726924083,0.5285696526960109
!respect @hbgems,neither,0.03945320844208391,0.33037608806864915,0.630170703489267
"If you would like to share opinions on our hosts, guests or fellow viewers, please do so in a respectful manner. Don't make them feel uncomfortable.",neither,0.04843323757214918,0.39559142321184637,0.5559753392160044
gina has a kid? get outta town! she looks so young!,neither,0.03780908857840455,0.4634981056871977,0.4986928057343977
@hbgems The always fabulous Ryan Green aka GlitterLord,neither,0.03837813155284398,0.33900623344475783,0.6226156350023982
XD Gina,neither,0.03945320844208391,0.33037608806864915,0.630170703489267
"Creativity, Ryan.",neither,0.03945320844208391,0.33037608806864915,0.630170703489267
"Hurding Toddlers is easy, switching from one voice is hard, Unless your John here or Gina there- JD VP of Stage East",neither,0.07727135501100867,0.4041836444554622,0.5185450005335293
looool,neither,0.03945320844208391,0.33037608806864915,0.630170703489267
"@evildoer_goodfornothing no, she's taken care of kids",neither,0.03992324463681531,0.4229235060304001,0.5371532493327846
I heard bleeding as well,neither,0.037701363575988835,0.3601094673970624,0.6021891690269487
XD,neither,0.03945320844208391,0.33037608806864915,0.630170703489267
@evildoer_goodfornothing no gina does not have kids,neither,0.02359804605359992,0.4831632670355374,0.4932386869108627
@evildoer she taught kids,neither,0.04112245760770752,0.42892007878681443,0.529957463605478
"I heard bleeding goat too, but I knew what she was talking about",neither,0.04009073917786046,0.40538448686794093,0.5545247739541986
Bleeding Like A Goat sounds like a Death Metal band.,neither,0.052293184161166496,0.3487388618305341,0.5989679540082994
"that's deliciously dark. bleeding goat, the dark elf version of quiet fox",neither,0.037465256510566466,0.34088860849810515,0.6216461349913284
Ryan and Gina <3,neither,0.03846438058034846,0.2787701933039564,0.6827654261156952
Ahhhhhh two of my favorite people,neither,0.054423080278231804,0.4109891020981538,0.5345878176236143
@Chovexani Sax announced that last week,neither,0.035925734172375386,0.36868185045385143,0.5953924153737732
Tavern in a campaign? Bleeding Goat? Done.,neither,0.0389082499227013,0.3396254563709758,0.6214662937063229
@vexelghost or a folk song!,neither,0.04911382865039826,0.33540700782778354,0.6154791635218182
'bleeding like a goat' are a FBBC side project. More metal.,neither,0.059496367041733986,0.3284554334129545,0.6120481995453114
"@babykangaD oh, like a teacher, or a baby sitter.",neither,0.052537720973821894,0.30347269493315604,0.643989584093022
HI Selina!,neither,0.03945320844208391,0.33037608806864915,0.630170703489267
"""The Bleeding Goat"" is absolutely a tavern in someone's D&D game Kappa",neither,0.04319843375196135,0.2950062819525674,0.6617952842954712
I heard bleeding as well but figured out she was saying bleetling,neither,0.029597373779447062,0.42371503682148937,0.5466875893990635
"You were amazing last night, well done",neither,0.044324955637155564,0.3594447510428288,0.5962302933200158
XD OK OK I'm Late @chaoticloony XD,neither,0.039368341938846516,0.33181649411251213,0.6288151639486415
"Drama Club Heroes, where Gina got the name ""Silent, Dark-Haired Vixen""",neither,0.03929388706380917,0.3288090485788543,0.6318970643573366
Drama Club Heroes HYPE!!!!!!,neither,0.03945320844208391,0.33037608806864915,0.630170703489267
Hi @shidareaki !!!!!,neither,0.03945320844208391,0.33037608806864915,0.630170703489267
harry potter 5th generation?? lmfao LUL,neither,0.043523547562470954,0.3289761117972952,0.6275003406402339
"Bleeding Goat, headlining with FBBC at Randopalosa this year.",neither,0.030364118349133173,0.37898160770837264,0.590654273942494
https://clips.twitch.tv/BillowingPoorBeaverSaltBae,neither,0.03945320844208391,0.33037608806864915,0.630170703489267
@selinabobeana <3 it was great to see you in front of the camera,neither,0.05367355300126795,0.3267900471156276,0.6195363998831045
Gaming with Ryan and Gina bucket list,neither,0.03158437445422048,0.3280236556789589,0.6403919698668206
SELIIIINNNNNAAAAA,neither,0.03945320844208391,0.33037608806864915,0.630170703489267
I hope Drama Club Heroes comes back!,neither,0.06370003903219398,0.25058380410042513,0.6857161568673809
"TBH, Drama Club Heroes was one of my least favorite shows... only watched it when I liked the guests",neither,0.028633294430092226,0.3994130858456605,0.5719536197242473
It was a lot of fun :),neither,0.03774293500241843,0.33320871771214217,0.6290483472854395
Maybe there's a bleeding goat tavern in Wildemount.,neither,0.039389032560607676,0.2970309191466449,0.6635800482927474
Oh hey @selinabobeana,neither,0.04724942694866229,0.25746865428102644,0.6952819187703113
"hey friends, what leggings is Ryan wearing under his jeans?",neither,0.06464640000141463,0.32691401732822684,0.6084395826703586
"Gina was also Lois Lane in another one, I think",neither,0.0697410309113135,0.2970193788489998,0.6332395902396867
Hiiiii @danoba,neither,0.03945320844208391,0.33037608806864915,0.630170703489267
jcvimHi @selinabobeana,neither,0.03945320844208391,0.33037608806864915,0.630170703489267
Gina = best,neither,0.03765011267139979,0.31527719622551265,0.6470726911030876
YAS,neither,0.03945320844208391,0.33037608806864915,0.630170703489267
Hi @selinabobeana,neither,0.03945320844208391,0.33037608806864915,0.630170703489267
God do not google bleeding goat,neither,0.03950200222575615,0.33344104612262865,0.6270569516516152
DCH was great.,neither,0.03651284666800121,0.295851487150842,0.6676356661811568
tinytatoPotato tinytatoHeart TINY POTATO RAID! tinytatoBallpit tinytatoBallpit,neither,0.03945320844208391,0.33037608806864915,0.630170703489267
Welcome Erika and raiders,neither,0.038684903632370565,0.2916231220829233,0.6696919742847062
welcome tiny potatoes!,neither,0.03945320844208391,0.33037608806864915,0.630170703489267
"Hello, Erika and tiny potatoes",neither,0.038799153066197065,0.29788301943311074,0.6633178275006921
Hi Erika and raiders,neither,0.03868284165753408,0.29150793163893735,0.6698092267035286
waves to @ErikaIshii viewers,neither,0.04512584189590722,0.32704571806901256,0.6278284400350802
"Well to be fair, when you Google anything, you take your chances.",neither,0.08419799925786405,0.4196061862076901,0.49619581453444594
