text,top_class,hate_speech,offensive_language,neither
@OldManJohnson1911 Bidet is a Grog-saying from season 1,neither,0.0395318798613629,0.30586480120935206,0.6546033189292851
OOOOO! Here we go,neither,0.08634216665843215,0.29977900375250904,0.6138788295890589
Bidet from Michigan!,neither,0.040769555981420263,0.3080342349327864,0.6511962090857933
@OldManJohnson1911 Bidet is a play on Grog mistaking the words 'good day' and saying 'bidet' instead,neither,0.03522135485381826,0.28868289285994886,0.6760957522862328
Bidet from the Netherlands!,neither,0.0395975487247086,0.2929303761973238,0.6674720750779677
Yessssss,neither,0.03945320844208391,0.33037608806864915,0.630170703489267
PogChamp,neither,0.03945320844208391,0.33037608806864915,0.630170703489267
I caught up to the live stream after only a year of youtube vod!!!!! first llive thursday!,neither,0.03918406204587627,0.3463666959191978,0.6144492420349259
where can i find spice,neither,0.04552688175362307,0.20685750234360695,0.74761561590277
Bidet from Tennessee,neither,0.04071751644889743,0.3089174816120565,0.6503650019390461
Bidet From Texas,neither,0.040937266849991,0.30518774380265185,0.6538749893473571
bidet from south NJ,neither,0.04044695603955711,0.31350959786496335,0.6460434460954796
wooooo,neither,0.03945320844208391,0.33037608806864915,0.630170703489267
where did my iccccon go?,neither,0.028901167099673504,0.40758013814347754,0.5635186947568489
cohhOMG,neither,0.03945320844208391,0.33037608806864915,0.630170703489267
Bidet From Milwaukee,neither,0.04066490145509902,0.30981049537100724,0.6495246031738937
bidet from sweden,neither,0.04228451509352876,0.2823214250720796,0.6753940598343917
ayeeeee,neither,0.03945320844208391,0.33037608806864915,0.630170703489267
OK. Thanks.,neither,0.036679458346100965,0.30877397624175834,0.6545465654121406
bidet critters!,neither,0.03945320844208391,0.33037608806864915,0.630170703489267
is the stream live yet? or is it just me,neither,0.04313871533752061,0.35712608456655565,0.5997352000959236
dani carr!,neither,0.03945320844208391,0.33037608806864915,0.630170703489267
gandsSubHype gandsSubHype gandsSubHype gandsSubHype,neither,0.03945320844208391,0.33037608806864915,0.630170703489267
bidet from ottawa,neither,0.04228451509352876,0.2823214250720796,0.6753940598343917
http://www.wheniscriticalrole.com/ and http://www.wheniscriticalrole.com/talksmachina bookmark these websites for ease of viewing times,neither,0.036597920264750165,0.23696190239851855,0.7264401773367313
HERE W E GO,neither,0.16080913651920625,0.25889388661888596,0.5802969768619077
Hi DAnni!!,neither,0.03945320844208391,0.33037608806864915,0.630170703489267
SPICIING RIGHT NOW,neither,0.03777428706684447,0.3630927428809419,0.5991329700522136
Holy that scared the hell outa me,offensive_language,0.03240361984066937,0.6541438979051148,0.3134524822542157
Seattle critter,neither,0.03945320844208391,0.33037608806864915,0.630170703489267
"Remember, you never met the Meat Man.",neither,0.04792457678559686,0.4431383301188621,0.508937093095541
Lets gooooo,neither,0.03864835078748214,0.3440366229783383,0.6173150262341796
has my timezone state messed me up or is the stream only starting in 15 mins?,neither,0.0447009908420563,0.3562690044186412,0.5990300047393025
Bidet from Pennsylvania U.S.,neither,0.04069404815304118,0.30931579984010865,0.6499901520068502
Biter from Texas,neither,0.040937266849991,0.30518774380265185,0.6538749893473571
From Brasil !!! hey everyone,neither,0.03359556953704172,0.4297955075065792,0.5366089229563791
Hiyo from Wiscansin dontcha know,neither,0.04152017267601141,0.29529431067210316,0.6631855166518855
YAY dani!,neither,0.03945320844208391,0.33037608806864915,0.630170703489267
Bidet from spain!,neither,0.04228451509352876,0.2823214250720796,0.6753940598343917
Dani <3,neither,0.03945320844208391,0.33037608806864915,0.630170703489267
,neither,0.03945320844208391,0.33037608806864915,0.630170703489267
bidet from Washington,neither,0.04080695066346891,0.3073995495860776,0.6517934997504536
Bidoof,neither,0.03945320844208391,0.33037608806864915,0.630170703489267
"Bidet, my favorite people!",neither,0.05769364145404866,0.44274729730629675,0.4995590612396545
Woooooooooooot,neither,0.03945320844208391,0.33037608806864915,0.630170703489267
Hello!,neither,0.03945320844208391,0.33037608806864915,0.630170703489267
scared me danny !,neither,0.03226932632148456,0.36927130641362954,0.5984593672648859
Hi dani carr,neither,0.03945320844208391,0.33037608806864915,0.630170703489267
Recap!!!,neither,0.03945320844208391,0.33037608806864915,0.630170703489267
Yeah!!!,offensive_language,0.013968601452186464,0.5182923869769311,0.4677390115708824
Greetings from the darkest place on this here planet.,neither,0.0716726527055668,0.2522668483366034,0.6760604989578298
recap is running,neither,0.04774067867201165,0.3275256470296362,0.6247336742983522
Bidet from CNY,neither,0.04228451509352876,0.2823214250720796,0.6753940598343917
Happy Hiaku Brother Truckers from upstate NY,neither,0.04024604788115874,0.3169195336414953,0.642834418477346
Bidet from Virginia from an Oklahoman,neither,0.04168560496804726,0.2924864929323765,0.6658279020995763
Ugh i hate her,offensive_language,0.29442444842066734,0.5133668152358591,0.1922087363434735
RECAP~,neither,0.03945320844208391,0.33037608806864915,0.630170703489267
Bidet from Northwest Arkansas,neither,0.04066490145509902,0.30981049537100724,0.6495246031738937
bidet from Missouri!,neither,0.04071751644889743,0.3089174816120565,0.6503650019390461
"wassap Dani, hope you've had a good day",neither,0.0510693202872335,0.24386237069867583,0.7050683090140907
repeat recap is running,neither,0.046034543757005865,0.3281124650627512,0.625852991180243
Bidet bidet bidet!,neither,0.03945320844208391,0.33037608806864915,0.630170703489267
"bidet and be pleased from Detroit, MI.",neither,0.03990130743761689,0.28947348659145616,0.6706252059709269
reeeee!,neither,0.03945320844208391,0.33037608806864915,0.630170703489267
I REALLY love these recaps before hand now. So awesome!,offensive_language,0.040343888624754035,0.48989866904831236,0.46975744232693356
bidet from california!!!,neither,0.06971251856910227,0.2972619859879888,0.633025495442909
Bidet from Germany!,neither,0.04069404815304118,0.30931579984010865,0.6499901520068502
gandsSubHype gandsSubHype gandsSubHype gandsSubHype,neither,0.03945320844208391,0.33037608806864915,0.630170703489267
How can anyone read this,neither,0.03963976367178181,0.327209758950323,0.6331504773778952
gandsBrooklynCop gandsDrink gandsDrink gandsDrink,neither,0.03945320844208391,0.33037608806864915,0.630170703489267
Dani!! <3,neither,0.03945320844208391,0.33037608806864915,0.630170703489267
Bidet from Virginia!!,neither,0.04079557052152802,0.30759270029461827,0.6516117291838538
bidet from aggie land,neither,0.0408364874901429,0.30689823255244486,0.6522652799574122
"@StonerSpaceman -> THE EMOTES, THEY`RE TOO MANY [warning]",neither,0.055080314918249766,0.29325628621143124,0.651663398870319
Bidet from VA,neither,0.04066490145509902,0.30981049537100724,0.6495246031738937
Bidet from Arkansas!,neither,0.04066490145509902,0.30981049537100724,0.6495246031738937
LITTLE SPICE!!,neither,0.039102907036678444,0.3363216171321978,0.6245754758311237
first time watching live let’s goooooo,neither,0.022850537229974002,0.37902138101028454,0.5981280817597413
cohhGV,neither,0.03945320844208391,0.33037608806864915,0.630170703489267
YAASSS,neither,0.03945320844208391,0.33037608806864915,0.630170703489267
BIDET FROM VANCOUVER,neither,0.04228451509352876,0.2823214250720796,0.6753940598343917
bidet from cardiff,neither,0.04228451509352876,0.2823214250720796,0.6753940598343917
BiDET FROM NEWFOUNDLAND,neither,0.04228451509352876,0.2823214250720796,0.6753940598343917
Ooh...I like this idea of a recap before the episode,neither,0.042689707414620005,0.3711433762645728,0.5861669163208072
DANI <3,neither,0.03945320844208391,0.33037608806864915,0.630170703489267
Bidet from the tundra,neither,0.039779025773403386,0.2539611253407979,0.7062598488857987
hello everyone,neither,0.03269494828970791,0.4450814005079928,0.5222236512022994
NEIN!,neither,0.03945320844208391,0.33037608806864915,0.630170703489267
shoot,neither,0.08138243506028471,0.21568577026226915,0.702931794677446
bidet!,neither,0.03945320844208391,0.33037608806864915,0.630170703489267
Bidet,neither,0.03945320844208391,0.33037608806864915,0.630170703489267
Did it just start or did I miss something?,neither,0.030694913352167567,0.34767915358395757,0.6216259330638749
gretings from my house,neither,0.025480219462336695,0.42978943756422827,0.5447303429734351
Why is it offline,neither,0.0290012087113627,0.35568259256868706,0.6153161987199501
@alistor419 I didnt know u were a Critter!,neither,0.03981678484409771,0.3052511854637895,0.6549320296921128
Bidet from Orlando,neither,0.04062582848913359,0.31047366557575606,0.6489005059351104
"Help G&S make great content! $4.99/month gets you emotes, Minecraft server access, sub-only VODs, and more! Every sub keeps the channel alive! twitch.tv/geekandsundry/subscribe",neither,0.043907990691603095,0.31135964332838284,0.644732365980014
You Spice?,neither,0.06371933836109143,0.39692838513161777,0.5393522765072908
BIDET FROM NEWFOUNDLAND,neither,0.04228451509352876,0.2823214250720796,0.6753940598343917
bidet from AU,neither,0.04228451509352876,0.2823214250720796,0.6753940598343917
Bidet from California! It,neither,0.06475453022181876,0.3001443241702473,0.6351011456079338
bidet from washington state,neither,0.07569869260918143,0.20816383471815325,0.7161374726726654
POOMATT SOUL,neither,0.03945320844208391,0.33037608806864915,0.630170703489267
NEIN!,neither,0.03945320844208391,0.33037608806864915,0.630170703489267
BIDET from WASHINTON,neither,0.04228451509352876,0.2823214250720796,0.6753940598343917
Bidet from Brazil,neither,0.04079557052152802,0.30759270029461827,0.6516117291838538
hi chat,neither,0.03945320844208391,0.33037608806864915,0.630170703489267
woooo,neither,0.03945320844208391,0.33037608806864915,0.630170703489267
BIDET from Australia,neither,0.04062582848913359,0.31047366557575606,0.6489005059351104
Bday from Vancouver!!!,neither,0.040875471929787875,0.3062365648703896,0.6528879631998226
"@taylorx20 heh, dont enjoy either, but people seem to like it",neither,0.06921855622072101,0.3423884643903166,0.5883929793889624
yuh i spice how bout you,neither,0.04828476380651266,0.4387761280790775,0.5129391081144098
poomatt soul,neither,0.03945320844208391,0.33037608806864915,0.630170703489267
shhhh guys I cant hear her over yopur typing,neither,0.03163776514069145,0.4729900083233686,0.4953722265359399
finally caught up so i can watch live now!,neither,0.04548695411240223,0.40059062589687516,0.5539224199907227
Bidet from OR,neither,0.04147775179570021,0.2960143037206597,0.66250794448364
Bidet from Alberta,neither,0.04062582848913359,0.31047366557575606,0.6489005059351104
Bidet from Massachusetts!,neither,0.04069404815304118,0.30931579984010865,0.6499901520068502
a,neither,0.03945320844208391,0.33037608806864915,0.630170703489267
poor matt's soul!! lol,neither,0.03292630873878079,0.3769949049299144,0.5900787863313048
getting my play station on to watch on the bigger screen (but obviously keeping the phone app up to talk duh),neither,0.02723452154707299,0.4160932869984279,0.5566721914544991
BIDET from TEXAS,neither,0.040937266849991,0.30518774380265185,0.6538749893473571
Bidet!,neither,0.03945320844208391,0.33037608806864915,0.630170703489267
I missed Lore masters tonight cus I had a paper to finish up anyone know what it was about?,neither,0.04106527607429899,0.35681036033911206,0.6021243635865889
Bidet from MD,neither,0.04062582848913359,0.31047366557575606,0.6489005059351104
Bidet from Copenhagen,neither,0.04228451509352876,0.2823214250720796,0.6753940598343917
"Bidet from Burnaby, BC!",neither,0.041095261662497835,0.30250615950080734,0.6563985788366947
why are you shooting water up your butt's?,neither,0.10613043627776524,0.4287570820782267,0.46511248164400804
hyyyyypeee,neither,0.03945320844208391,0.33037608806864915,0.630170703489267
Sag nicht nein bevor du es nicht probiert hast!,neither,0.03945320844208391,0.33037608806864915,0.630170703489267
The recaps show off the table very well,neither,0.049804976866508296,0.24564825615111208,0.7045467669823797
bidet from Washington,neither,0.04080695066346891,0.3073995495860776,0.6517934997504536
bidet from Memphis :),neither,0.040737273169946825,0.30858215849491494,0.6506805683351382
bidet from CT,neither,0.04066490145509902,0.30981049537100724,0.6495246031738937
Bidet from NC!!!,neither,0.04066490145509902,0.30981049537100724,0.6495246031738937
"I'm late, what did I miss?",neither,0.037385976216215734,0.32897584599803714,0.6336381777857472
Bidet from Colorado!,neither,0.04066490145509902,0.30981049537100724,0.6495246031738937
Bidet from TEXAS!! FutureMan,neither,0.040937266849991,0.30518774380265185,0.6538749893473571
Bidet from Nova Scotia!,neither,0.04228451509352876,0.2823214250720796,0.6753940598343917
YES I AM ON TIME,neither,0.03463936038223376,0.3693565049708417,0.5960041346469245
Bidet from RI.,neither,0.04069404815304118,0.30931579984010865,0.6499901520068502
Bidet!,neither,0.03945320844208391,0.33037608806864915,0.630170703489267
"New Bidet from Sask, Canada",neither,0.04427516225640692,0.21740380486553929,0.7383210328780537
Bidet from SW Washington!,neither,0.04080695066346891,0.3073995495860776,0.6517934997504536
gandsNatTwenty,neither,0.03945320844208391,0.33037608806864915,0.630170703489267
Bidet,neither,0.03945320844208391,0.33037608806864915,0.630170703489267
Spiced out over here in Wisconsin,neither,0.07201586996580138,0.31262312263259373,0.6153610074016048
bidet from fort polk!,neither,0.04062582848913359,0.31047366557575606,0.6489005059351104
Bidet from LA!,neither,0.04094187055022747,0.3051096069949388,0.6539485224548338
Bidet from Vegas,neither,0.040853311764050625,0.30661268071637476,0.6525340075195746
"bidet from valparaiso, chile",neither,0.04069404815304118,0.30931579984010865,0.6499901520068502
"Bidet from Fargo, ND!",neither,0.04045147822826935,0.31343284452054443,0.6461156772511861
"@mewilso86 best feeling, welcome!",neither,0.03854930626601535,0.32280692761964164,0.6386437661143431
TombRaid BloodTrail,neither,0.03945320844208391,0.33037608806864915,0.630170703489267
Bidet from MO!,neither,0.040912083971464244,0.30561516297332675,0.653472753055209
she said smut and my stream froze. THE GOVERNMENT IS WATCHING ME!,neither,0.03177050552577962,0.4177672114679557,0.5504622830062647
Bidet!,neither,0.03945320844208391,0.33037608806864915,0.630170703489267
bidet from Manchester UK,neither,0.04040057148408362,0.31429686482539193,0.6453025636905245
Bidet from Gatlinburg!,neither,0.04228451509352876,0.2823214250720796,0.6753940598343917
Zemnian Nights,neither,0.03945320844208391,0.33037608806864915,0.630170703489267
bidet from oklahoma,neither,0.04066490145509902,0.30981049537100724,0.6495246031738937
beep beep,neither,0.03945320844208391,0.33037608806864915,0.630170703489267
Bidet from California!,neither,0.06971251856910227,0.2972619859879888,0.633025495442909
Bidet from Seattle! just sub’d to Alpha. stoked to dig jnto the painter guild episodes,neither,0.04388275106947175,0.3195601152016992,0.6365571337288292
Bidet from Rhode Island,neither,0.04039476597904064,0.31439539939713196,0.6452098346238274
Bidet!,neither,0.03945320844208391,0.33037608806864915,0.630170703489267
HSCheers Spice?,neither,0.03945320844208391,0.33037608806864915,0.630170703489267
"bidet from brisbane, australia",neither,0.04062582848913359,0.31047366557575606,0.6489005059351104
Let there be DND!!!,neither,0.025749346443491805,0.322766022065717,0.6514846314907913
bidet from CA,neither,0.04084513770590474,0.30675141581570226,0.6524034464783931
bidet from Mississippi!,neither,0.040754399270683486,0.3082914838698526,0.650954116859464
That was a great moment,neither,0.03354598853699232,0.34918532432887744,0.6172686871341302
BEEP BEEP,neither,0.03945320844208391,0.33037608806864915,0.630170703489267
"Hello all from British Columbia Canda, Bidet one and all",neither,0.041790297755349766,0.4248079852038137,0.5334017170408365
Bidet from Tucson!,neither,0.04228451509352876,0.2823214250720796,0.6753940598343917
Bidet from Italy,neither,0.04066490145509902,0.30981049537100724,0.6495246031738937
Bidet from the netherlands!,neither,0.0395975487247086,0.2929303761973238,0.6674720750779677
bidet Critters Calling Canuck Critters and I'm not talking beavers or moose,neither,0.037668340903431415,0.3003551731297338,0.6619764859668348
Hey Everyone.,neither,0.031959242684595296,0.4575682446653829,0.5104725126500218
Tusk Love!,neither,0.03217296676969875,0.3657703709031763,0.602056662327125
TUSK LOVE,neither,0.03217296676969875,0.3657703709031763,0.602056662327125
TUSK LOVE,neither,0.03217296676969875,0.3657703709031763,0.602056662327125
anyone know if there will be a CR meet up at C2E2?,neither,0.02652935748037921,0.3752931099471951,0.5981775325724256
@MiHonoKo The guest was Gina DeVivo talking Crafting and Creativity,neither,0.038159775341225034,0.29012436722118135,0.6717158574375935
Why are they offline?,neither,0.05644701105536504,0.2807024960455108,0.6628504928991241
Best book ever,neither,0.03849325845551591,0.32233759047042604,0.639169151074058
bidet! beep beep,neither,0.03945320844208391,0.33037608806864915,0.630170703489267
bidet,neither,0.03945320844208391,0.33037608806864915,0.630170703489267
Bidet from CT,neither,0.04066490145509902,0.30981049537100724,0.6495246031738937
LUL,neither,0.03945320844208391,0.33037608806864915,0.630170703489267
PokScizor,neither,0.03945320844208391,0.33037608806864915,0.630170703489267
"first time I actually feel awake for a live show, yesssss",neither,0.04120077909984747,0.27790108147146797,0.6808981394286846
Bidet from Colorado,neither,0.04066490145509902,0.30981049537100724,0.6495246031738937
gandsDrink,neither,0.03945320844208391,0.33037608806864915,0.630170703489267
"Bidet from Blackshear, Georgia",neither,0.04066490145509902,0.30981049537100724,0.6495246031738937
@MiHonoKo with POcketGina to discuss the ins & outs of creativity,neither,0.03559832298251187,0.340649981118338,0.6237516958991501
TUSK LOVE,neither,0.03217296676969875,0.3657703709031763,0.602056662327125
Bidet from Texas!! Howdy y’all!!!,neither,0.04359220329948612,0.4041574955162046,0.5522503011843093
bidet from the dark side of the moon,neither,0.03474724591529449,0.320130089837316,0.6451226642473895
"Pittsburgh, PA checking in!",neither,0.03945320844208391,0.33037608806864915,0.630170703489267
Bidet from Michigan,neither,0.040769555981420263,0.3080342349327864,0.6511962090857933
Tuscona love,neither,0.03217296676969875,0.3657703709031763,0.602056662327125
bidet from North Texas,neither,0.04051530955006381,0.31234946040321715,0.647135230046719
bidet,neither,0.03945320844208391,0.33037608806864915,0.630170703489267
Bidet from Texas,neither,0.040937266849991,0.30518774380265185,0.6538749893473571
Oskar!,neither,0.03945320844208391,0.33037608806864915,0.630170703489267
beep beep,neither,0.03945320844208391,0.33037608806864915,0.630170703489267
MMMM Orc lovers,neither,0.03945320844208391,0.33037608806864915,0.630170703489267
PokScizor FortOne,neither,0.03945320844208391,0.33037608806864915,0.630170703489267
Ello peeps,neither,0.03945320844208391,0.33037608806864915,0.630170703489267
i nearly had a heart attack thinking I was late,neither,0.03937268280819011,0.33174281823098495,0.628884498960825
"this last episode, i swear...",neither,0.03935891987810975,0.3319764110728339,0.6286646690490564
"my favorite was when Jester was like ""Maybe she walked out into the rain and lost her memory."" I laughed so hard lmao",offensive_language,0.025478578726827884,0.6127588150900061,0.3617626061831659
bidet from Nashville,neither,0.04071751644889743,0.3089174816120565,0.6503650019390461
Dutchies represent?,neither,0.03945320844208391,0.33037608806864915,0.630170703489267
yeet,neither,0.03945320844208391,0.33037608806864915,0.630170703489267
I’m assuming cr will start in 12 minutes,neither,0.040389760338498476,0.31448035818081327,0.6451298814806882
Have you ever felt a Zemnian night free as a tree,neither,0.04218682582645785,0.3977062420417852,0.5601069321317569
Greetings fellow nerds,neither,0.03945320844208391,0.33037608806864915,0.630170703489267
Tusk Love is top tier,neither,0.04408288383130979,0.34029179804450804,0.6156253181241821
bidet!,neither,0.03945320844208391,0.33037608806864915,0.630170703489267
Bidet from South Carolina,neither,0.04043176250036363,0.31376747187705417,0.6458007656225822
Bidet,neither,0.03945320844208391,0.33037608806864915,0.630170703489267
hello critters! how ya all doing in this fine very early morning Friday? :D,neither,0.03668690854112881,0.4479890334136286,0.5153240580452425
bidet from your mom's house,neither,0.08171642267800999,0.2980837647746712,0.6201998125473189
PJSalt PJSalt spice?,neither,0.03945320844208391,0.33037608806864915,0.630170703489267
test,neither,0.03945320844208391,0.33037608806864915,0.630170703489267
is there video on the stream right now?,neither,0.04630502148147056,0.2346837851449252,0.7190111933736042
"Bidet from Dallas, TX",neither,0.040477971317663786,0.312983187652067,0.6465388410302692
Bidet from Sydney Australia,neither,0.04031924518627951,0.315677184343852,0.6440035704698686
Bidet from Spain :D,neither,0.04228451509352876,0.2823214250720796,0.6753940598343917
I live in Finland and the clock is 4:47am,neither,0.05153535259614948,0.2725223325276316,0.6759423148762189
Oh Oskar!,neither,0.051363287716059566,0.22255663153133606,0.7260800807526044
Good morrow Critters!!,neither,0.037820165765928906,0.33093776632913474,0.6312420679049364
bidet from texas!!,neither,0.040937266849991,0.30518774380265185,0.6538749893473571
oh thank god i thought i missed something,neither,0.0457081560306332,0.2195012155145473,0.7347906284548195
FortOne FortOne FortOne,neither,0.03945320844208391,0.33037608806864915,0.630170703489267
!clock,neither,0.03945320844208391,0.33037608806864915,0.630170703489267
It is currently Thursday 6:47 PM at the Geek & Sundry studio in California.,neither,0.051308125346847665,0.3296246508122163,0.6190672238409359
Bidet from Florida! Where are my Florida peeps?,neither,0.04715530098235129,0.3249364367861015,0.6279082622315472
Bidet,neither,0.03945320844208391,0.33037608806864915,0.630170703489267
Bidet from Alberta :),neither,0.04062582848913359,0.31047366557575606,0.6489005059351104
Bidet everyone,offensive_language,0.02988896790634741,0.4927062106388782,0.4774048214547744
"i got REAL scared seeing someone in matt's spot, this is my first experience with the recap!!",neither,0.02514104620666243,0.4623267889030405,0.5125321648902971
Nothing Oskar,neither,0.03449314208061148,0.4145613589645244,0.550945498954864
bidet and beep beep from east Texas!,neither,0.03964551069216686,0.27291028184951527,0.6874442074583178
Bidet from Vancouver,neither,0.04228451509352876,0.2823214250720796,0.6753940598343917
It's Thursday!!!,neither,0.03752336384949593,0.3310398501182267,0.6314367860322773
Bidet fellow Critters! How's everyone tonight?,neither,0.03221063185272844,0.3998153321232064,0.5679740360240653
Bidet,neither,0.03945320844208391,0.33037608806864915,0.630170703489267
Bidet from Alabama!!,neither,0.04078317879478948,0.307803020237201,0.6514138009680096
Tusk love,neither,0.03217296676969875,0.3657703709031763,0.602056662327125
stupid dst,neither,0.388707924852463,0.08068529603932446,0.5306067791082125
Bidet from Massachusetts,neither,0.04069404815304118,0.30931579984010865,0.6499901520068502
what is bidet?,neither,0.08191733112755817,0.31109320414220176,0.6069894647302402
-_-,neither,0.03945320844208391,0.33037608806864915,0.630170703489267
DANII,neither,0.03945320844208391,0.33037608806864915,0.630170703489267
bidet from Birmingham!,neither,0.04228451509352876,0.2823214250720796,0.6753940598343917
bidet,neither,0.03945320844208391,0.33037608806864915,0.630170703489267
,neither,0.03945320844208391,0.33037608806864915,0.630170703489267
It is currently Thursday 6:47 PM at the Geek & Sundry studio in California.,neither,0.051308125346847665,0.3296246508122163,0.6190672238409359
"Bidet from SLC, UT",neither,0.04071751644889743,0.3089174816120565,0.6503650019390461
Bidet from South Dakota!,neither,0.04041079298828133,0.31412337922315653,0.6454658277885622
Israel 4:47,neither,0.05582615325376499,0.32474468155666253,0.6194291651895725
Bidet,neither,0.03945320844208391,0.33037608806864915,0.630170703489267
Bidet from New York!,neither,0.044690599332616286,0.20708884905532376,0.7482205516120599
I need my weekly dose of CR,neither,0.03043075144819537,0.3965336039698582,0.5730356445819464
SoFlo,neither,0.03945320844208391,0.33037608806864915,0.630170703489267
shoutouts to spring break,neither,0.04489744237329068,0.3271764200574293,0.62792613756928
lunch time in adelaide,neither,0.038015182289030905,0.3547831448351605,0.6072016728758086
bidet from MICHGAN!!,neither,0.04228451509352876,0.2823214250720796,0.6753940598343917
So ready!!,neither,0.03940999150142386,0.4037259204934871,0.556864088005089
Hi:),neither,0.03945320844208391,0.33037608806864915,0.630170703489267
Bidet from Indiana,neither,0.0408364874901429,0.30689823255244486,0.6522652799574122
Bidet from The Netherlands,neither,0.0395975487247086,0.2929303761973238,0.6674720750779677
bidet,neither,0.03945320844208391,0.33037608806864915,0.630170703489267
Alberta also,neither,0.03945320844208391,0.33037608806864915,0.630170703489267
i love that dani does these,offensive_language,0.027418914263912728,0.5547043594367888,0.4178767262992985
beepbeep richie,neither,0.03945320844208391,0.33037608806864915,0.630170703489267
bidet,neither,0.03945320844208391,0.33037608806864915,0.630170703489267
"!WARNING at the start of the session, chat will be Sub Only",neither,0.03901794092478038,0.3135281046972209,0.6474539543779987
Bidet from earth,neither,0.040900798001632634,0.3058067153354034,0.653292486662964
Skinkydoody,neither,0.03945320844208391,0.33037608806864915,0.630170703489267
bidet from Norway,neither,0.04228451509352876,0.2823214250720796,0.6753940598343917
Bidet from Minnesota!,neither,0.04071751644889743,0.3089174816120565,0.6503650019390461
@Leigh574 hey may I ask you something? 1. is there a guest star today in the cr episode and 2. is the stream starting in ~ mins or is there art and stuff shown before ?,neither,0.05080346287630883,0.2818802848624778,0.6673162522612134
I legit want to read Tusk Love XD,neither,0.04296703836766428,0.33536644633684437,0.6216665152954913
Bidet from Vero Beach FL,neither,0.04039617012658628,0.31437156734874944,0.6452322625246643
Bidet from Oklahoma City!,neither,0.04046999571874058,0.31311855438044855,0.646411449900811
Bidet from Illinois,neither,0.04069404815304118,0.30931579984010865,0.6499901520068502
bidet from alaska,neither,0.04066490145509902,0.30981049537100724,0.6495246031738937
Bidet all.,offensive_language,0.046917543854519406,0.6277741405869331,0.3253083155585475
Bidet from Northport Ak,neither,0.04069404815304118,0.30931579984010865,0.6499901520068502
bidet from So Illinois,neither,0.04064582700823266,0.36070362422179664,0.5986505487699707
bidet from Washington State,neither,0.07569869260918143,0.20816383471815325,0.7161374726726654
"Mighty Nein! Hello from Santa Rosa, CA",neither,0.04007248372239138,0.31986537038213675,0.640062145895472
Bidet from sweden,neither,0.04228451509352876,0.2823214250720796,0.6753940598343917
Bidet from Indiana,neither,0.0408364874901429,0.30689823255244486,0.6522652799574122
gandsMatt,neither,0.03945320844208391,0.33037608806864915,0.630170703489267
bidet from canadia!,neither,0.04228451509352876,0.2823214250720796,0.6753940598343917
High Richter Poutine,neither,0.033145104355715105,0.48079866637856256,0.4860562292657223
BIDET!,neither,0.03945320844208391,0.33037608806864915,0.630170703489267
is it spiceday yet? .... Spice?,neither,0.04616165528476351,0.32806874557957966,0.6257695991356569
bidet is a vampaign 1 reference to Grogs idiocy,neither,0.053123048709564094,0.3242817318454269,0.622595219445009
"Wait what does ""Bidit"" mean?",neither,0.02933214599079431,0.45915649757447646,0.5115113564347292
Bidet from Minnesota!!!!,neither,0.04071751644889743,0.3089174816120565,0.6503650019390461
Bidet from Quebec,neither,0.04228451509352876,0.2823214250720796,0.6753940598343917
FL @sea_jedi kokodaHype,neither,0.03945320844208391,0.33037608806864915,0.630170703489267
Tusk Love,neither,0.03217296676969875,0.3657703709031763,0.602056662327125
Bidet from Finland,neither,0.04228451509352876,0.2823214250720796,0.6753940598343917
IM LATE!!!!,neither,0.038256595597773745,0.3757511155271296,0.5859922888750968
Yay!,neither,0.03945320844208391,0.33037608806864915,0.630170703489267
"Bidet from Del City, Oklahoma!!",neither,0.04026231023705046,0.316643519020646,0.6430941707423036
"Bidet from San Diego, Critters!",neither,0.040446282760733435,0.31352102516371877,0.6460326920755478
Bidet from Michigan!,neither,0.040769555981420263,0.3080342349327864,0.6511962090857933
im so lost on bidet lol,offensive_language,0.027502499380440124,0.49666842585418786,0.47582907476537206
Bidet from PA!!,neither,0.04069404815304118,0.30931579984010865,0.6499901520068502
Bidet from Utah!,neither,0.04066490145509902,0.30981049537100724,0.6495246031738937
good eve all,neither,0.0407981703751282,0.41452999727978873,0.5446718323450831
god I've really needed CR this week's been hard and always look forward to the livestream,neither,0.025462113825828712,0.43392311830051733,0.5406147678736538
@Leigh574 *10 mins,neither,0.03945320844208391,0.33037608806864915,0.630170703489267
early?,neither,0.042215779998293526,0.28348803902252573,0.6742961809791808
It’s really fun watching Travis be smart,neither,0.0387525869062663,0.33344814809713136,0.6277992649966024
Bidet from AZ.,neither,0.04078317879478948,0.307803020237201,0.6514138009680096
bidet,neither,0.03945320844208391,0.33037608806864915,0.630170703489267
BLAST ENDED SKREWTS,neither,0.03945320844208391,0.33037608806864915,0.630170703489267
Is anyone else's screen black,neither,0.06841394066437329,0.31133976332795815,0.6202462960076686
"Beepbeep from Eindhoven, Netherlands",neither,0.04066490145509902,0.30981049537100724,0.6495246031738937
"Miami, Florida goes beep beep",neither,0.03945320844208391,0.33037608806864915,0.630170703489267
@house_drakesteal HOLY SHIT YOU ARE FROM VERO!?!?!?,offensive_language,0.09868774832908744,0.9009617729064002,0.00035047876451241907
Bidet from the U.K.,neither,0.039779025773403386,0.2539611253407979,0.7062598488857987
"Oh man, thought I was late",neither,0.04819250174894605,0.2435347395113453,0.7082727587397086
why is travis so devious,neither,0.0347237319148227,0.38904498874356436,0.5762312793416129
More Minnesotans!!!,neither,0.044084690295906365,0.306805713525994,0.6491095961780997
"bidet from San Bernardino, CA!",neither,0.040493867778092676,0.31271338323213294,0.6467927489897743
Hi guys,neither,0.03930687933907141,0.3328596748352989,0.6278334458256297
Bidet from Germany,neither,0.04069404815304118,0.30931579984010865,0.6499901520068502
BIDET FROM VA gandsLessthanthree,neither,0.04066490145509902,0.30981049537100724,0.6495246031738937
themadDAB,neither,0.03945320844208391,0.33037608806864915,0.630170703489267
CurseLit Evening All,neither,0.041793358651534496,0.4229818652092969,0.5352247761391685
YAY,neither,0.03945320844208391,0.33037608806864915,0.630170703489267
Beep beep!,neither,0.03945320844208391,0.33037608806864915,0.630170703489267
"Bidet everybody, From SC",neither,0.04054993096868607,0.311761844574495,0.6476882244568191
Hi from MD,neither,0.04042618578566652,0.3138621232795296,0.6457116909348039
Kaleb from South Dakota,neither,0.04041079298828133,0.31412337922315653,0.6454658277885622
Bidet from Toledo!,neither,0.04228451509352876,0.2823214250720796,0.6753940598343917
Travis is a goddamn genius lol I'm so glad his character is hella smart this time so he can show off his tactical thinking!,neither,0.0739901826709451,0.4022339564861885,0.5237758608428664
bidet from Australia,neither,0.04062582848913359,0.31047366557575606,0.6489005059351104
Bidet from Sacramento,neither,0.04062582848913359,0.31047366557575606,0.6489005059351104
"Bidet from Louisville, KY",neither,0.04034574383703774,0.31522743308451706,0.6444268230784452
Bidet from Michigan,neither,0.040769555981420263,0.3080342349327864,0.6511962090857933
"Bidet from Fargo, all! <3",neither,0.042694513426253154,0.3885514576687511,0.5687540289049957
video?,neither,0.049266163358008055,0.16382463337382713,0.7869092032681648
Bidet from MD,neither,0.04062582848913359,0.31047366557575606,0.6489005059351104
bidet all,offensive_language,0.046917543854519406,0.6277741405869331,0.3253083155585475
the hell is this?,offensive_language,0.05518685651586108,0.8320147910861033,0.11279835239803569
bidet,neither,0.03945320844208391,0.33037608806864915,0.630170703489267
Nat.twentygamer can't wait!,neither,0.03973428495265481,0.32560548613302215,0.634660228914323
BIDET FROM IDAHO,neither,0.04066490145509902,0.30981049537100724,0.6495246031738937
Bidet! I'm finally caught up and can watch live!,neither,0.04501919348936697,0.3311669455151336,0.6238138609954994
i still can't believe they named themselves the Mighty Nein,neither,0.03844054445047135,0.3262174065609643,0.6353420489885643
@Wherethefackislarkin No guest tonight as far as I know and Art will be shown after this recap right before the show starts,neither,0.04015962724549076,0.3272842146145038,0.6325561581400054
"Halfling Wizard here, BIDET",neither,0.09942143302913084,0.28448859399755033,0.6160899729733189
Bidet from TX :3,neither,0.04081748366884477,0.3072207769958956,0.6519617393352596
"Bidet from Florence, Alabama!!",neither,0.04037735807595538,0.31469085694349574,0.6449317849805489
bidet from DFW!,neither,0.04228451509352876,0.2823214250720796,0.6753940598343917
whee first time trying to watch live,neither,0.04667586660850208,0.3437726091249985,0.6095515242664994
Phew.....,neither,0.03945320844208391,0.33037608806864915,0.630170703489267
bidet from st.paul,neither,0.040518448650718054,0.31229618167271467,0.6471853696765671
SAVE HER!,offensive_language,0.027448158137312,0.6457159203976602,0.3268359214650279
Bidet from Colorado,neither,0.04066490145509902,0.30981049537100724,0.6495246031738937
Bidet from AL!,neither,0.04724196013466046,0.19818064482348735,0.7545773950418522
SO many Minnesotans!,neither,0.039413129245513115,0.4120595004619746,0.5485273702925123
bidet from Portland,neither,0.04066490145509902,0.30981049537100724,0.6495246031738937
bidet from Houston,neither,0.040875471929787875,0.3062365648703896,0.6528879631998226
Where's the fan art? :(,neither,0.04033994931143397,0.2840119882768136,0.6756480624117525
anyone know how to get a copy of the players handbook?,neither,0.04273253909356128,0.3230875811517523,0.6341798797546865
i love this lady,neither,0.035516808621887636,0.35045434342027487,0.6140288479578375
Nvm I fixed it,neither,0.03810339829999997,0.3308403496728692,0.6310562520271308
I literally don’t get to sleep until tomorrow morning (after being awake for 30 odd hours) but this is my Thursday ritual <3,neither,0.03697346618430616,0.31202627341033173,0.6510002604053622
Bidet from Ohio!!,neither,0.040754399270683486,0.3082914838698526,0.650954116859464
Evening everyone!,neither,0.033219361956460275,0.4361807319725941,0.5305999060709456
Bidet from Jacksonville,neither,0.04228451509352876,0.2823214250720796,0.6753940598343917
Bidet from Nevada!,neither,0.04066490145509902,0.30981049537100724,0.6495246031738937
FAN ART,neither,0.03945320844208391,0.33037608806864915,0.630170703489267
"Please take the opportunity to visit the restroom, grab some drinks and snacks. Pull up a comfy chair, and get ready to watch tonight’s episode..",neither,0.039570608654310876,0.30409793684446995,0.6563314545012192
who the hell is this,offensive_language,0.05372417567432362,0.8449452236585975,0.10133060066707895
bidet and beep beep from Lakeland FL. I've watched all of the episodes of this season live!!!,neither,0.027924538823847097,0.31143512479972524,0.6606403363764276
Beep beep,neither,0.03945320844208391,0.33037608806864915,0.630170703489267
I'm so hype,neither,0.03940828253961077,0.39264520971988554,0.5679465077405037
Why the recap?,neither,0.026759063014504907,0.3291582671559597,0.6440826698295354
,neither,0.03945320844208391,0.33037608806864915,0.630170703489267
@cfinch1792 What part of Utah are you from?,neither,0.09200085288964165,0.3073539009785281,0.6006452461318302
bidet from nz,neither,0.04228451509352876,0.2823214250720796,0.6753940598343917
bidet from Vancouver. This is a nice way to start the 4 day long weekend,neither,0.05133569421385434,0.29038829692347945,0.6582760088626664
That table really is massive!,neither,0.04272641158500992,0.363491706136101,0.593781882278889
bidet from texas,neither,0.040937266849991,0.30518774380265185,0.6538749893473571
Bidet from Houston!!,neither,0.040875471929787875,0.3062365648703896,0.6528879631998226
Hello my name is sister YaGooch. I have good news about the GoldFish Order of the Arch-druid Keyleth I have here a free scroll for you to enjoy. Have you embraced the goldfish as your spirit animal?,neither,0.07166270788290816,0.369582318424996,0.5587549736920957
hello everyone,neither,0.03269494828970791,0.4450814005079928,0.5222236512022994
chills,neither,0.03945320844208391,0.33037608806864915,0.630170703489267
Save the precious gobzin ;w;,neither,0.03854852890658251,0.31382387779160265,0.6476275933018147
I think us in AZ represent because we can't escape our air-conditioned lairs for half of the year...yay for desert nerds!,neither,0.0470009921653397,0.29375426007121275,0.6592447477634474
I think nott wants caleb for more than just changing her look,neither,0.029253135053234337,0.44779850293114154,0.5229483620156241
Beep Beep from Seattle!,neither,0.040754399270683486,0.3082914838698526,0.650954116859464
are giveaways sub only?,neither,0.07294624701634674,0.27490962864622237,0.6521441243374309
WE WANT FAN ART,neither,0.0395286045005385,0.32909642018864177,0.6313749753108198
"Bidet from Canada, Quebec",neither,0.04071751644889743,0.3089174816120565,0.6503650019390461
"Oh wow, i thought",neither,0.04874201554644075,0.1670076863766825,0.7842502980768767
Hello,neither,0.03945320844208391,0.33037608806864915,0.630170703489267
bidet from tejas!,neither,0.04228451509352876,0.2823214250720796,0.6753940598343917
Bidet from the world of Runescape!,neither,0.03963909766588109,0.2833833004013872,0.6769776019327317
Bidet from Ohio!!,neither,0.040754399270683486,0.3082914838698526,0.650954116859464
did this turn into an anime with the episode long recap?,neither,0.03247215475595986,0.3391293125513442,0.628398532692696
bidet from Korea,neither,0.04228451509352876,0.2823214250720796,0.6753940598343917
@KyHawkeye aaayyyyy,neither,0.03945320844208391,0.33037608806864915,0.630170703489267
this is a great recap,neither,0.045341258420124236,0.3047311104395839,0.649927631140292
,neither,0.03945320844208391,0.33037608806864915,0.630170703489267
I like that there's this recap,neither,0.045579084662783036,0.3452806378170199,0.6091402775201972
Bidet from the Bay!,neither,0.03960389069642851,0.29144428978213127,0.6689518195214403
Bidet from Lexington Tennessee,neither,0.04071751644889743,0.3089174816120565,0.6503650019390461
