text,top_class,hate_speech,offensive_language,neither
when does it start?,offensive_language,0.016657143906209267,0.5095962980709364,0.4737465580228543
it's gonna be a good one guys,neither,0.03570175632152643,0.42290082827212416,0.5413974154063493
Does anyone know why this isnt broadcasted on alpha as well?,neither,0.022601644141620032,0.44927110157617256,0.5281272542822074
P,neither,0.03945320844208391,0.33037608806864915,0.630170703489267
hello lovely chat,neither,0.03945320844208391,0.33037608806864915,0.630170703489267
@Stormaggeden Chaos. Delightful chaos.,neither,0.03945320844208391,0.33037608806864915,0.630170703489267
so h*ckin excited,neither,0.03940839469474773,0.3948270312238364,0.565764574081416
"Phew, made it",neither,0.03684238675525566,0.33127406936755094,0.6318835438771935
Any minute now @Duckswrath,neither,0.03945320844208391,0.33037608806864915,0.630170703489267
EEEEEEEE.,neither,0.03945320844208391,0.33037608806864915,0.630170703489267
"Oh dear god, I forgot I set an alarm for this. My phone just scared the bejeesus outta me.",neither,0.02742529739497535,0.35251106032641166,0.620063642278613
Hi Erika and Taliesin!,neither,0.038358606956405694,0.2721397086643902,0.6895016843792041
SoonTM,neither,0.03945320844208391,0.33037608806864915,0.630170703489267
HELLLOOO,neither,0.03945320844208391,0.33037608806864915,0.630170703489267
so when does this start?,offensive_language,0.018497268786727344,0.537963368901849,0.4435393623114235
<3 YAY! <3,neither,0.03945320844208391,0.33037608806864915,0.630170703489267
woooo,neither,0.03945320844208391,0.33037608806864915,0.630170703489267
Lord Taliesin,neither,0.03945320844208391,0.33037608806864915,0.630170703489267
of course,neither,0.03945320844208391,0.33037608806864915,0.630170703489267
Hi!!!,neither,0.03945320844208391,0.33037608806864915,0.630170703489267
sqee,neither,0.03945320844208391,0.33037608806864915,0.630170703489267
Hey everybody!,neither,0.03945320844208391,0.33037608806864915,0.630170703489267
We have a subscriber-only Discord server! Join here: https://discord.gg/geekandsundry (you'll need to sub and link it to your Twitch) and be a part of the fun!...Warning: It can take up to an hour for the server to update and give you access to the channels,neither,0.08464076273808444,0.286394834032893,0.6289644032290227
gandsClassic gandsApplaud gandsSubHype,neither,0.03945320844208391,0.33037608806864915,0.630170703489267
"since it's Shakespeare night, can we talk about the sexual tension between Mercutio and Benvolio in R&J?",neither,0.023494733366685942,0.31528772934853544,0.6612175372847786
yaaaay!,neither,0.03945320844208391,0.33037608806864915,0.630170703489267
aaaaaaa,neither,0.03945320844208391,0.33037608806864915,0.630170703489267
i love how it always doubles in size once it starts,neither,0.035029936443845715,0.37274300974345836,0.5922270538126958
o;,neither,0.03945320844208391,0.33037608806864915,0.630170703489267
Gather Your Bard-y,neither,0.0780690733417637,0.3196259537601841,0.6023049728980522
Hail!!!,neither,0.03945320844208391,0.33037608806864915,0.630170703489267
LORD TALIESIN- it be ren faire,neither,0.038577893936927087,0.3342415966161942,0.6271805094468786
Hello Erika and Taliesin! <3,neither,0.03840264189818727,0.2749437060729204,0.6866536520288923
Lord Taliesin!,neither,0.03945320844208391,0.33037608806864915,0.630170703489267
Are they dressed for the Ren Faire?,neither,0.05257516340719485,0.2587697261481053,0.6886551104446998
"I can't stay, but I'm going to watch this in the morning and I cannot wait",neither,0.04890813566862324,0.22147678819829258,0.7296150761330843
Lord Taliesin noice,neither,0.03945320844208391,0.33037608806864915,0.630170703489267
,neither,0.03945320844208391,0.33037608806864915,0.630170703489267
"Shakespeare is why I go by my full first name, William.",neither,0.03537821718108345,0.43431481279241496,0.5303069700265016
Yay! Going all the way back to Taliesin's childhood,neither,0.04360567387858313,0.386225115073462,0.5701692110479548
Teach me the ways of your people,neither,0.10369464217527226,0.23577056738378538,0.6605347904409424
Love Shakespear,neither,0.03217296676969875,0.3657703709031763,0.602056662327125
I am so ready for this,neither,0.03235520629627778,0.3454490083871837,0.6221957853165385
That's what the duct tape is for.,neither,0.04121302460067966,0.3229200442122886,0.6358669311870317
Category is Anime (if we are still palying) S _ _ _ pp _ _ - P _ _ _ _ _ ss:,neither,0.043663719444115075,0.3448714964887887,0.6114647840670961
If you don't like shakespeare you're in the long stream lol,neither,0.059144987047085484,0.4542134742378132,0.48664153871510124
i love shakespeare so much it is much less sophisticated than you think,neither,0.04505160089931277,0.3898988838350586,0.5650495152656286
gandsSubHype gandsSubHype gandsSubHype gandsSubHype gandsSubHype gandsSubHype gandsSubHype gandsSubHype gandsSubHype gandsSubHype gandsSubHype gandsSubHype gandsSubHype,neither,0.03945320844208391,0.33037608806864915,0.630170703489267
Taliesin and Erika look beautiful tonight,neither,0.038159802136200814,0.26876986885246085,0.6930703290113382
wow that was compelling and yet distressing :P,neither,0.03453096361235395,0.3343190353943563,0.6311500009932899
Iambic Pentameter!,neither,0.03945320844208391,0.33037608806864915,0.630170703489267
Shakes Pier or Shake Spear?,neither,0.03945320844208391,0.33037608806864915,0.630170703489267
Hello Liam,neither,0.03945320844208391,0.33037608806864915,0.630170703489267
geez what a squad!,neither,0.04459273805753142,0.32668437860901695,0.6287228833334517
Aw yes! Gather Your Shakespeare.,neither,0.05985074271394876,0.3247220781647013,0.61542717912135
"Yeah, no kidding, Cin XD",neither,0.022086195576384207,0.46007560038940587,0.5178382040342099
Taliesin is useing his own name,neither,0.15211106323195128,0.3037297518542494,0.5441591849137993
oh shit its Marisha and Liam! :D,offensive_language,0.044351434188715025,0.9502115610399517,0.005437004771333163
Liam! Woo!,neither,0.03945320844208391,0.33037608806864915,0.630170703489267
I honestly thought that intro pic they posted on twitter was a cutout of liam and marisha,neither,0.03602600072964755,0.35630748313549115,0.6076665161348612
is this live or pre-recorded?,neither,0.04979862527848063,0.3280305336138324,0.6221708411076871
pls fix me Taliesin I'd love to see that,neither,0.03319641812416978,0.40075904868612133,0.5660445331897089
"Because when you think Shakespeare, you think one of the co-hosts of ""Asinine Wisdom"" :P",neither,0.05086682404519786,0.415179118343446,0.5339540576113561
Danwil YOOO <3,neither,0.03945320844208391,0.33037608806864915,0.630170703489267
I’ve had a very down day. Very glad to end it on a good note.,neither,0.02729777860128767,0.3178249617857166,0.6548772596129957
I first read WS in 5th grade and I was in love. I've read all his plays and sonnets several times each.,neither,0.03238386084030472,0.3239751249683332,0.6436410141913621
I wonder if Taliesin remembers Shakespear from his youth?,neither,0.04080159533880704,0.36117150219805094,0.598026902463142
SOOOO COOOOL!!! LOVE the Bard...,neither,0.0349708819738298,0.32675932456625256,0.6382697934599176
HELLLLO!!!! :-),neither,0.03945320844208391,0.33037608806864915,0.630170703489267
Dan-William Shakespeare,neither,0.03945320844208391,0.33037608806864915,0.630170703489267
Oh my god the guests!,neither,0.029542428672699243,0.3558069463969243,0.6146506249303766
woooooooooooo,neither,0.03945320844208391,0.33037608806864915,0.630170703489267
"I don't like Shakespeare, but i love you guys and this show!",neither,0.07017030755050904,0.3032784345072948,0.6265512579421961
"Download the new Critical Role theme song for Campaign Two! http://itunes.apple.com/album/id1331550250?ls=1&app=itunes Sales of the song support the musician, Jason Charles Miller.",neither,0.04445767596344001,0.2510827790306858,0.7044595450058742
Danwill \o/,neither,0.03945320844208391,0.33037608806864915,0.630170703489267
"you can try your best, but you won't succeed. you can [certainly] try-y-y-y to fix me.",neither,0.08961757629398953,0.42186741348293755,0.4885150102230728
"I've been reading Shakespeare in abridged forms since I was like 6, so I'm so hyped",neither,0.03014455775301341,0.37750994242752095,0.5923454998194657
"Oh well X) Answer for my hangman was ""Scrapped Princess""",neither,0.029606380781471184,0.33470316608609274,0.6356904531324362
gather your bard and no sam there gandsSCANLAN gandsGnSMarisolBS,neither,0.06216735064869651,0.269431979220273,0.6684006701310304
Talisan! Marisha! Liam!,neither,0.03945320844208391,0.33037608806864915,0.630170703489267
Niiiiice,neither,0.03945320844208391,0.33037608806864915,0.630170703489267
Slavina - Today at 12:02 AMMan I bet elizabethan england would've flipped their shit for purple hair dye,offensive_language,0.03551908893751569,0.8164182328641161,0.14806267819836824
DanWill I'm love you,offensive_language,0.079837142191777,0.5038574454704381,0.4163054123377849
Hello everyone!,neither,0.03269494828970791,0.4450814005079928,0.5222236512022994
As a teacher th emost depressing thing is when students ask for a translation of Shakespear,neither,0.033858716761746066,0.35557052237672454,0.6105707608615294
<3,neither,0.03945320844208391,0.33037608806864915,0.630170703489267
"I shall take my Falstaff in hand, and forswear all others, so long as thy words fall sweetly pon mine ears.",neither,0.03314075016746973,0.4198130538705727,0.5470461959619576
wtf marisha has sleeves,offensive_language,0.044207978074432774,0.687817446523694,0.2679745754018732
drekGASM drekGASM drekGASM,neither,0.03945320844208391,0.33037608806864915,0.630170703489267
My university is currently doing As You Like It!,offensive_language,0.0535062321504546,0.4743284172604105,0.472165350589135
so many beautiful people tonight,neither,0.06435384915617387,0.3449951293046473,0.5906510215391788
Mad Libs!!!,neither,0.03945320844208391,0.33037608806864915,0.630170703489267
So many great guests tonight.,neither,0.03483243060699238,0.3261248475840634,0.6390427218089443
@girlybits !,neither,0.03945320844208391,0.33037608806864915,0.630170703489267
"@Stormaggeden I'm sure he remembers Shakespeare, but I doubt Tal was young at the time.",neither,0.034427900771036066,0.4407079324956847,0.5248641667332793
Shakespeare Mad-Libs! I know what I'm taking on my next car trip,neither,0.0336487263575755,0.3908702614963891,0.5754810121460354
Marisha looks like Kim Possible. .. im in LOVE <3,neither,0.044585680912172576,0.3811765713816135,0.5742377477062138
so many beautiful and talented people!,neither,0.06256941383221956,0.33003131864255303,0.6073992675252273
To VERB or not to VERB,neither,0.046329956474204806,0.3286652261490344,0.625004817376761
I may be already squeed into submission.,neither,0.04013178242293487,0.32823664138230607,0.6316315761947592
dang I think I own that,neither,0.07405642568483475,0.36107382906191626,0.564869745253249
shakespear madlibs? shakelibs?,neither,0.03945320844208391,0.33037608806864915,0.630170703489267
Awww everyone is so cleaned up! You all look so lovely~,offensive_language,0.050619582333849264,0.5538506557910282,0.3955297618751224
Mariana and Liam!!!,neither,0.03857111107789432,0.2851340175310554,0.6762948713910502
"Twelfth Night, Or What You Will, is my favorite.",neither,0.04803664673830027,0.4342183744287887,0.517744978832911
:D,neither,0.03945320844208391,0.33037608806864915,0.630170703489267
It's ok just a little is good,neither,0.039941147994115064,0.3575370788414623,0.6025217731644226
I would love to see some comedy of errors! Dromio of Syracuse!,neither,0.03477688053722793,0.3451330171958597,0.6200901022669124
Much ado about MAD LIBS,neither,0.035453911625391826,0.3513028844858997,0.6132432038887085
"mad libs!,,,",neither,0.03945320844208391,0.33037608806864915,0.630170703489267
LUL,neither,0.03945320844208391,0.33037608806864915,0.630170703489267
(emotion) Libs,neither,0.03945320844208391,0.33037608806864915,0.630170703489267
"@Salbastro YO, HOW ARE YOU DM <3",neither,0.10673921000303212,0.4193717120244764,0.47388907797249147
"Holy... Man, that's quite the cast tonight",neither,0.03450995984901279,0.37031516634520284,0.5951748738057845
"Help G&S make great content! $4.99/month gets you emotes, Minecraft server access, sub-only VODs, and more! Every sub keeps the channel alive! twitch.tv/geekandsundry/subscribe",neither,0.043907990691603095,0.31135964332838284,0.644732365980014
Hellooo,neither,0.03945320844208391,0.33037608806864915,0.630170703489267
Why is Marisha Ray cosplaying as Kim possible?,neither,0.03432234178459555,0.3670972095040177,0.5985804487113867
I've always been fond of The Tempest myself,neither,0.020960875130676997,0.3481987172342228,0.6308404076351001
We have Danwill and Daryl and Darin!,neither,0.037646713356736264,0.2711908659995755,0.6911624206436883
SO MANY D- NAMES,neither,0.039408919025729024,0.3840672304269896,0.5765238505472814
wtf is this,offensive_language,0.05875134067276458,0.7027317341486384,0.23851692517859707
Heist,neither,0.03945320844208391,0.33037608806864915,0.630170703489267
Yay Daryl!,neither,0.03945320844208391,0.33037608806864915,0.630170703489267
!whodat,neither,0.03945320844208391,0.33037608806864915,0.630170703489267
@Praxagorathesmophoria Don't find that depressing! Think of it as an willingness and desire to actually understand.,neither,0.04144186107752133,0.28739687220898075,0.6711612667134979
"Jacqueline Lopez ( twitter.com/tinywonderlopez ),Caitlin Glass ( twitter.com/caitlinsvoice ),Liam O'Brien ( twitter.com/VoiceOfOBrien ),Daryl Crittendon ( twitter.com/irdaryl ),DW McCann ( twitter.com/Bardic_DW ),Marisha Ray ( twitter.com/Marisha_Ray ),Darin De Paul ( twitter.com/DarinDePaul ).",neither,0.038685689266613,0.4650381295482761,0.49627618118511085
@girlybits PLOTTING,neither,0.03945320844208391,0.33037608806864915,0.630170703489267
Daryl is the worst...,neither,0.04735035580249631,0.2953000801175978,0.6573495640799059
PogChamp PogChamp PogChamp PogChamp PogChamp,neither,0.03945320844208391,0.33037608806864915,0.630170703489267
"marisha and no mat, wtf?",offensive_language,0.03994786154449228,0.5172030310474052,0.4428491074081025
@canaahawke who knows? Tal may have been one of the Bard's muses...,neither,0.03896994338778348,0.37853259212623286,0.5824974644859838
Daryl is Weighsist but he still looks so cute right now ><,neither,0.0464714074929203,0.36673601794131755,0.5867925745657622
The best way to start understanding shakespeare is to go and watch actors prefrom it if you can! My 8 year old can follow it when watched lived.,neither,0.036315642427464725,0.3903381209889335,0.5733462365836018
As long as we get Darin as the Wall i will be happy,neither,0.035993606380659036,0.3743049605337678,0.5897014330855732
Aw Daryl you're so sweet,neither,0.06988961260008653,0.3802970579213088,0.5498133294786046
"much ado about nothing is actually an old timey pun about ""gossip about vagina""",neither,0.037808776567925584,0.3839305968071648,0.5782606266249097
I played Shakespeare in a play,neither,0.03945320844208391,0.33037608806864915,0.630170703489267
"Glad we get to see more of you Jake, Daryl",neither,0.05682256984955434,0.3591938528961213,0.5839835772543244
"I want to hear Daryl to say ""I wouldn't trust myself to play Bingo!"" :-P",neither,0.05124154876939887,0.3215787641274046,0.6271796871031965
@Deathstar_Taco inspiration for Oberon?,neither,0.032764864206104964,0.296993156639892,0.670241979154003
marisha ray can do whatever she wants. dare you to tell her otherwise,offensive_language,0.04933641821227399,0.5601315020734671,0.39053207971425896
Marisha be out there looking like a dinkSnacc dinkSnacc dinkSnacc,neither,0.046944788690628035,0.32027999401412427,0.6327752172952477
Kim Possible cosplays Marisha,neither,0.03945320844208391,0.33037608806864915,0.630170703489267
"I requested the Mercutio monologue, but I don't think they have time for that xD",neither,0.026306062633981647,0.35626935457226167,0.6174245827937568
I just saw Shakespeare fighting in the Greater Grail War. :D,neither,0.03617518151900942,0.33316509595992605,0.6306597225210645
omg @rtk142 you're right. XD,neither,0.09687216171789503,0.37488439148290936,0.5282434467991955
@harberst unfortunately they don't think it is in English,neither,0.04500069208919131,0.3216099906968653,0.6333893172139434
I love this beautiful couch,neither,0.03653952273293214,0.3450952956281061,0.6183651816389617
Daryl is one of my top two hosts of asinine wisdom,neither,0.03626230287213155,0.39669272631873803,0.5670449708091304
The Scottish Play :3,neither,0.03784505052163362,0.3002771555203097,0.6618777939580567
@phoenixgoth the world may never know...,neither,0.03589899722683205,0.3307032062577982,0.6333977965153696
"Glad to see more of you, @chaoticloony",neither,0.0734764241982277,0.3669865460814805,0.5595370297202918
Aw yay! I finally know what his tattoo says. I asked him about it forever ago on AW.,neither,0.04934327960822381,0.3487600458924369,0.6018966744993394
Comic book Macbeth?,neither,0.03945320844208391,0.33037608806864915,0.630170703489267
dont say the name of the scottish ply,neither,0.037662714215871154,0.296631409005269,0.6657058767788598
Kim Possible wishes she was Marisha Ray.,neither,0.04033483657990423,0.3916452272782891,0.5680199361418067
This is one of my favorite casts tonight <3,neither,0.03156263016046455,0.41453355725943347,0.553903812580102
is this live?,neither,0.06264826366348325,0.3248039992423424,0.6125477370941744
Whose read the Manga Shakespere Series?,neither,0.03882272507098943,0.31892613317643415,0.6422511417525766
GO TAL!!!!!,neither,0.04076545527285137,0.334931166163354,0.6243033785637945
that only works if you are putting the play on!,neither,0.04506651929351747,0.4032190474898964,0.5517144332165861
"""We're already cursed"" xD bless",neither,0.05217454617366589,0.3240769911463056,0.6237484626800284
"""We're already cursed"" you're not wrong",neither,0.08315524149894485,0.33657697782917434,0.5802677806718808
Out damm spot!,neither,0.03554125181432336,0.34533134579439945,0.6191274023912773
"@Ollac Yes, this is live!",neither,0.05676722329408506,0.3263149120615113,0.6169178646444036
i literally gasped,neither,0.03945320844208391,0.33037608806864915,0.630170703489267
fuck the curse - MACBETH MACBETH MACBETH,offensive_language,0.1817149088203823,0.8179490513349797,0.00033603984463795626
Never say Macbeth!,neither,0.032774477155769643,0.3992644086306745,0.5679611142135559
@Ollac yes,neither,0.03945320844208391,0.33037608806864915,0.630170703489267
since they aren't putting on Macbeth it's ok,neither,0.03602112299150278,0.34244203998626466,0.6215368370222325
Lol,neither,0.020706217963973744,0.4882283491876925,0.4910654328483337
Marisha xD,neither,0.03945320844208391,0.33037608806864915,0.630170703489267
#alreadycursed,neither,0.03945320844208391,0.33037608806864915,0.630170703489267
Not Peter from The Brady Bunch...which was the middle son of the Bradys. :-D,neither,0.03866070727711091,0.3642648014880687,0.5970744912348204
"So bidet from there the internet thinks is london, but isn't even on that continent",neither,0.03728447362474728,0.3573061004375579,0.6054094259376949
I have stared into the face of the Scottish Play curse and it has cruelly grinned back,neither,0.037109214055028594,0.28990055210031007,0.6729902338446613
Question: What is everyone is modern take of Shakespeare,neither,0.048963466065191544,0.3877550350038826,0.5632814989309258
"""I trust you'll get the reference without my having to name the play""",neither,0.0431867580173579,0.39526423837229385,0.5615490036103481
do i spy a Caitlin Glass?,neither,0.04050844439199976,0.3300131440369928,0.6294784115710075
Noooooooo,neither,0.03945320844208391,0.33037608806864915,0.630170703489267
im super superstitious.... please dont say Macbeth,neither,0.03863809562118591,0.3613180723248159,0.6000438320539981
Hie thee to a nunnery!,neither,0.04880406590728606,0.32497499990207185,0.6262209341906421
We're the chat globe!,neither,0.053629776922671596,0.29501686619031586,0.6513533568870126
XD,neither,0.03945320844208391,0.33037608806864915,0.630170703489267
@hundredsofsmallbirds who is your other one?...,neither,0.10470799216482908,0.4380775511689734,0.45721445666619737
!whodat,neither,0.03945320844208391,0.33037608806864915,0.630170703489267
"Jacqueline Lopez ( twitter.com/tinywonderlopez ),Caitlin Glass ( twitter.com/caitlinsvoice ),Liam O'Brien ( twitter.com/VoiceOfOBrien ),Daryl Crittendon ( twitter.com/irdaryl ),DW McCann ( twitter.com/Bardic_DW ),Marisha Ray ( twitter.com/Marisha_Ray ),Darin De Paul ( twitter.com/DarinDePaul ).",neither,0.038685689266613,0.4650381295482761,0.49627618118511085
@Paladin356 you do,offensive_language,0.10565712907148682,0.4682446482801005,0.42609822264841263
#ForThoseOfYouWhoDon'tKnow,neither,0.03945320844208391,0.33037608806864915,0.630170703489267
"@AsinineWisdom I so love you guys, i still want you to have Dick & Johnson on!",offensive_language,0.08516993375678805,0.8452739179673465,0.06955614827586538
Everyone know that Shakespeare was gay Taliesin could have been a lover of Shakespeare,neither,0.09254128657776448,0.34669613579746256,0.560762577624773
The Globe of the Netdom is a thing!,neither,0.04530497124399859,0.29929250943452035,0.655402519321481
runaround the building and spit and beg to get back in. I had to once.,neither,0.045994841654400244,0.2757666314649279,0.6782385268806719
wow Erika xD,neither,0.03945320844208391,0.33037608806864915,0.630170703489267
@Paladin356 You do,offensive_language,0.10565712907148682,0.4682446482801005,0.42609822264841263
yay our play is Cursed :D,neither,0.04559415101233275,0.328263936322119,0.6261419126655484
do we still drink for that,neither,0.0304553785236129,0.35877320246602645,0.6107714190103607
I'm fucking nervous now,offensive_language,0.10786712196922092,0.8914143252448816,0.0007185527858972767
And that seals campaign two ending this coming thursday. Can't wait for campaign three in two weeks,neither,0.03561712345506751,0.308469426872798,0.6559134496721344
the spell is suppose to be a real spell,neither,0.043429298166026184,0.39353093889058344,0.5630397629433903
gandsGrogSigil,neither,0.03945320844208391,0.33037608806864915,0.630170703489267
"We called it ""Macky B"" in school. And by ""we"" I mean me.",neither,0.03273095664214382,0.3667425051170116,0.6005265382408445
They're also batty.,neither,0.06692436497988619,0.29021871862134013,0.6428569163987737
"Anyone ever seen the Shakespearian ""Who's On First""? Youtube it. It's awesome.",neither,0.031271107692132864,0.3715989290089178,0.5971299632989493
"Ooooh I love Lady Macbeth's ""Unsex Me Here"" because of gender dynamics. I begged my English teacher to allow me to read her monologue",offensive_language,0.041986309785471056,0.49574696786751166,0.4622667223470172
somebody throw some salt at Taliesin,neither,0.031945696133836556,0.3629601410945227,0.6050941627716407
"ok, who said the Scottish Play",neither,0.038943418413694704,0.38193758496872254,0.5791189966175828
Wait... Darin's twitter handle is in there?!?!,neither,0.04618653775893118,0.39221769529431144,0.5615957669467573
like four of them did...,neither,0.07027606687867351,0.33753499629476075,0.5921889368265657
New Batman villain: Gang of actors robbing banks to fund their community theater,neither,0.04412417472362259,0.28829699844101636,0.6675788268353611
I did Macbeth in high school,neither,0.03552088009340241,0.4234727055686868,0.5410064143379107
oh my god I would abuse that,neither,0.030221247944319986,0.3916009027811392,0.5781778492745407
I would abuse that so hard,offensive_language,0.02917393064641447,0.5679048479102861,0.4029212214432995
highlander batman,neither,0.03945320844208391,0.33037608806864915,0.630170703489267
BATTLE KILT!!!,neither,0.03945320844208391,0.33037608806864915,0.630170703489267
that sounds better than a lot of SNL kits lately,neither,0.03658047989892256,0.3633343512294429,0.6000851688716345
Curses only have the power you give them - the true message of MacBeth,neither,0.060591578894168246,0.3367359289418982,0.6026724921639336
room turned on her real quick,offensive_language,0.02573109748429214,0.6151739148222276,0.3590949876934802
@Stormaggeden and I'n an asshole you can't tell me not to say Macbeth and expect me to not say Macbeth a WHOLE lot of times!,neither,0.04520930134736253,0.40543794812422485,0.5493527505284126
I second that @chaoticloony,neither,0.0338091185299295,0.39222650183379953,0.573964379636271
@chaoticloony you may be in luck...,neither,0.06119387637965259,0.3603900888177058,0.5784160348026416
<3 you girlybits,offensive_language,0.21217306638279385,0.6099082758190073,0.17791865779819876
Macbeth + Batman crossover? I'm here for it!,neither,0.07458887387051842,0.26612087574364485,0.6592902503858368
classic comics. anpp,neither,0.03945320844208391,0.33037608806864915,0.630170703489267
My prof was Henry Motherfucking Wolff and I'm pretty sure he was present when somebody died in a producton,neither,0.028378868514985306,0.44131853768248225,0.5303025938025324
Taliesin's scarf is great because I had so many theatre teachers who wore one just like it,neither,0.0441453340039036,0.4055801939858418,0.5502744720102546
during the play my parents met doing the lead actress said the name and the next day the lead actor broke his nose,neither,0.040828671495091944,0.3180689029028786,0.6411024256020295
McJagger? McJoker?,neither,0.03945320844208391,0.33037608806864915,0.630170703489267
i am so down,neither,0.03912722068965864,0.39689285002559604,0.5639799292847453
"the WhoDat has Darin, but I don't see him here?",neither,0.08204771178083745,0.28124065298869805,0.6367116352304646
There Can Be Only One.... Batman!,neither,0.03924302768841624,0.318955233400887,0.6418017389106968
Are you surprised Taliesin?,neither,0.12439038706335098,0.3241228780411347,0.5514867348955143
That's kind of awesome.,neither,0.035508665455966024,0.37329230145505415,0.5911990330889799
Wednesday Club Topic???,neither,0.03945320844208391,0.33037608806864915,0.630170703489267
Totally down for this,neither,0.032962939249779215,0.30012682872877805,0.6669102320214428
I smell an Elseworlds!,neither,0.03991191159288063,0.3225906984797991,0.6374973899273204
"Taliesin, we agree xD",neither,0.039246684186377216,0.33388134367334954,0.6268719721402733
Nightwing sooo good.,neither,0.038603349900201235,0.3306683933919781,0.6307282567078207
Gather Your Wednesday Bards?,neither,0.06658848096088006,0.32284514627265964,0.6105663727664603
@ladyamphy Shakespeare,neither,0.03945320844208391,0.33037608806864915,0.630170703489267
@AsinineWisdom please please please make that happen or y'all should guest on their show,neither,0.050363812459669456,0.3733904265936078,0.5762457609467228
Othello could be Batwing,neither,0.0403204867593887,0.33763856503952805,0.6220409482010832
Liam has been silent,neither,0.03951485266319338,0.3293298247578242,0.6311553225789824
CROSS THE STREAMS,neither,0.038643709079883945,0.3156046675820328,0.6457516233380832
This got real quick.,offensive_language,0.030233087423677356,0.5264432297139887,0.443323682862334
"Bless you, Taliesin.",neither,0.06637703555667432,0.4035321832267536,0.5300907812165722
Caliban... now its tempest,neither,0.03351880952302685,0.3324171999823509,0.6340639904946223
xD,neither,0.03945320844208391,0.33037608806864915,0.630170703489267
XD,neither,0.03945320844208391,0.33037608806864915,0.630170703489267
"anyone else have them? I can't remember if there was Macbeth, but I thought there were a few shakspeare.....",neither,0.0349139363228694,0.25086119261948164,0.7142248710576489
SeriousSloth,neither,0.03945320844208391,0.33037608806864915,0.630170703489267
weve already jumped into the tempest i see,neither,0.0382396624374545,0.33132424762693236,0.6304360899356132
off the rails in the station,neither,0.03773346458897392,0.29805377970349023,0.6642127557075359
whoa! That's Catilin Glass?!,neither,0.035732892862447484,0.3708116924967778,0.5934554146407747
neeeerrrrrrrrrrrrds,neither,0.03945320844208391,0.33037608806864915,0.630170703489267
"we know shakespear, Taliesin.",neither,0.03914817603122934,0.3355532841520078,0.6252985398167629
THEATER NERDS,neither,0.03945320844208391,0.33037608806864915,0.630170703489267
<3,neither,0.03945320844208391,0.33037608806864915,0.630170703489267
i love theatre geeks,neither,0.03633489270100109,0.3449275588628445,0.6187375484361545
I got to perform Lady Mac in front of a first folio you guys!!!,neither,0.04754800035211586,0.3908834665930907,0.5615685330547935
I feel like Taliesin had better avoid talking about Midsummer Night's Dream or he might accidentally expose himself as the fey spirit he is,neither,0.04655000084792791,0.3533384171278707,0.6001115820242015
"I'M RIGHT HERE, STOP ASKING WHERE I AM.",neither,0.08228967950477374,0.3504369314107469,0.5672733890844794
LOL,neither,0.020706217963973744,0.4882283491876925,0.4910654328483337
XD,neither,0.03945320844208391,0.33037608806864915,0.630170703489267
I love this group of people!,neither,0.0685649572905557,0.34328277533304,0.5881522673764044
Theatre Geeks in chat were you at? Holla!,neither,0.050200877034905465,0.36387037196456046,0.5859287510005342
We love nothing more than Fancasting,neither,0.03504927454476481,0.39042406926864426,0.5745266561865908
"Eh, snuggle with Darryl anyway XD",neither,0.03086581382720454,0.35958240452379575,0.6095517816489998
oh my!,neither,0.02748693229954249,0.40236076101129065,0.5701523066891669
just love on him Marisha,neither,0.02673365585061873,0.3984583081297237,0.5748080360196576
*Taliesin!*,neither,0.03945320844208391,0.33037608806864915,0.630170703489267
"I thought she said ""loved"" too xD",neither,0.044004633765201244,0.31451114054313883,0.64148422569166
Know what's fun? Pick a Shakespeare play and cast it with muppets,neither,0.036594732551568136,0.27945792515642076,0.6839473422920112
wow,neither,0.03945320844208391,0.33037608806864915,0.630170703489267
Mercer shall end him.,neither,0.039315728870125854,0.3327094751978693,0.6279747959320048
I heard never been loved too,neither,0.035454717726767414,0.3744991591413437,0.590046123131889
Daryl doesn’t know how to love,neither,0.042450526654291366,0.33829593338397573,0.6192535399617328
Theatre hell yeah,offensive_language,0.027460705639740488,0.7470388352609562,0.22550045909930336
"I heard ""loved"" too",neither,0.039185620705803954,0.33491775030166304,0.625896628992533
"And, Marisha is being Marisha again.",neither,0.039701963918888604,0.3514680435156199,0.6088299925654914
gandsHR? gandsHR,neither,0.03945320844208391,0.33037608806864915,0.630170703489267
"It took me a minute to realize she said ""i havent been lav-ed""",neither,0.03735379822363902,0.4196598369562708,0.5429863648200901
bless,neither,0.03945320844208391,0.33037608806864915,0.630170703489267
ohhh Marisha,neither,0.03945320844208391,0.33037608806864915,0.630170703489267
Liam what are you doing omg,neither,0.08973300759828062,0.3230413010810586,0.5872256913206607
Best Friday to come back and watch live!!!!,neither,0.05123039824280148,0.3088269260908828,0.6399426756663157
<3,neither,0.03945320844208391,0.33037608806864915,0.630170703489267
I hate mic's on actors!,neither,0.18858303565112733,0.2522026190148163,0.5592143453340565
what's up y'all I'm late but I'm here lol,offensive_language,0.07430942246623147,0.4806747084257543,0.4450158691080143
and points to Liam,neither,0.044771365388514575,0.2912328876807988,0.6639957469306867
"lav'd/loved, tomato/tomahto",neither,0.03945320844208391,0.33037608806864915,0.630170703489267
LUL,neither,0.03945320844208391,0.33037608806864915,0.630170703489267
"Hehhehhe, i so love these guys!",offensive_language,0.0478885499040837,0.5416901701903057,0.4104212799056104
uhhh,neither,0.03945320844208391,0.33037608806864915,0.630170703489267
I LOVE this party,neither,0.035375213351958,0.35120445657788607,0.6134203300701558
lots of drinking?,neither,0.03945320844208391,0.33037608806864915,0.630170703489267
OMG ERIKA WHAT,neither,0.04850341396315357,0.32401603866832057,0.6274805473685258
this is best party,neither,0.048445253469660464,0.3197522887466578,0.6318024577836816
but in a studio setting I will deal with it,neither,0.029628956432152156,0.3470383834694666,0.6233326600983813
Weeeee,neither,0.03945320844208391,0.33037608806864915,0.630170703489267
Erica I was about to say that! :-) :-),neither,0.040132892910856796,0.39154762182698266,0.5683194852621605
been on this channel 15 seconds and im uncomfortable,neither,0.0364068257936735,0.3377827284846107,0.6258104457217157
"""Lavaliers""? wasn't that a King novel/movie about things that devour reality?",neither,0.034787568252276795,0.37859826060447754,0.5866141711432458
,neither,0.03945320844208391,0.33037608806864915,0.630170703489267
Drunken agreement weeee,neither,0.03945320844208391,0.33037608806864915,0.630170703489267
finally something good is happening to me,neither,0.04399993975236634,0.35583484247848085,0.6001652177691528
Drunken Agreements must be obeyed,neither,0.04090366138444267,0.31791190296717226,0.641184435648385
"Drunken agreements, the best kind",neither,0.03791344614241978,0.3096681557529083,0.652418398104672
drunken con pacts are sacred,neither,0.05771010525124534,0.2970015818647976,0.645288312883957
@Deathstar_Taco Langoliers,neither,0.03945320844208391,0.33037608806864915,0.630170703489267
"@Deathstar_Taco Well, the mics do devour all sound nearby, so of a similar vein",neither,0.04085469337393128,0.39645128463618584,0.5626940219898829
Drunken Agreement,neither,0.03945320844208391,0.33037608806864915,0.630170703489267
"Alas, there breaks a noble Liam. Good night, sweet Caleb, and flights of Frumpkins sing thee to thy rest.",neither,0.03822300968157444,0.2973344608860222,0.6644425294324033
"Marisha, that's *College* in general",neither,0.03558865941258963,0.37240683275217107,0.5920045078352394
Best kinds of agreements TBQH,neither,0.038552956872260076,0.32283749732633565,0.6386095458014044
Drunken Disagreements would be a great alt title for our show,neither,0.04255365748923734,0.25518926999749814,0.7022570725132645
"""It's like calculus"" xD",neither,0.06953449037813421,0.37815048807863416,0.5523150215432316
"Just got here, anyone commented on Marisha's Kim Possible outfit?",neither,0.057020667203080744,0.35666057650061955,0.5863187562962997
no one EVER told me that in college theater classes,neither,0.03164258345974732,0.4082573464609833,0.5601000700792694
You can MAKE it relevant,neither,0.05642068273047888,0.3782100582186709,0.5653692590508502
"""You're totally gonna use it!"" and it never comes up",neither,0.02613607927382306,0.479820432369049,0.4940434883571279
Pretty much my entire college experience.,neither,0.028662796066652084,0.3949473086170899,0.576389895316258
I love your scarf Taliesin,neither,0.07091580309059398,0.3353989944315736,0.5936852024778325
It IS like calculus. :D,neither,0.09328432962446566,0.3572199439881909,0.5494957263873435
It was well stressed when I was in High School English :),neither,0.030349292063731204,0.4153127867200708,0.554337921216198
Everyone looks so good,neither,0.03237206843248527,0.48313295203176154,0.48449497953575316
idk whose outfit I like more Taliesin's or Marisha's,neither,0.04950463940844271,0.3349583311570351,0.6155370294345222
"To be fair, I have used both Calculus and Shakespeare in my life a lot.",neither,0.03337782232379133,0.3969697289491679,0.5696524487270408
Othello!,neither,0.03945320844208391,0.33037608806864915,0.630170703489267
@misssunflower94 his entire outfit is delightful <3,neither,0.07739043855537465,0.32784982627696385,0.5947597351676615
They're making it relevant now @misssunflower94 right?,neither,0.05299280736858796,0.3115073578702873,0.6354998347611248
"shakespeare is like bar trivia, you pull it out to sound smart",neither,0.06570202355045375,0.3772127431936195,0.5570852332559267
gods dang these theater nerds nerding out over theater things,neither,0.03964724202006782,0.37548066661161866,0.5848720913683134
As a math major I totally get that reference.,neither,0.035302879061741926,0.3856333282107622,0.579063792727496
You learn it so you can stalk Sir Ian.,neither,0.06368793013832957,0.43348405474107243,0.502828015120598
WHAT.,neither,0.057770773616808734,0.3180719994247239,0.6241572269584672
So whts everyones favorite play? Mine... Midsummers Night Dream or taming of the shrew,neither,0.033208172943449084,0.3504767910563249,0.616315036000226
No surprise :P,neither,0.038371243456029464,0.348739857585597,0.6128888989583736
oh goodness,neither,0.04535734983354261,0.27438591475104485,0.6802567354154126
Jacklyn is very pretty,neither,0.04989338636669174,0.3267852321397273,0.623321381493581
Someone gif Marisha in sleeves!,neither,0.03945320844208391,0.33037608806864915,0.630170703489267
*spit-takes*,neither,0.03945320844208391,0.33037608806864915,0.630170703489267
Welcome Jacqueline!,neither,0.03945320844208391,0.33037608806864915,0.630170703489267
@TheGoblinKing86 ... Is that a Jareth reference?,neither,0.04405202138229576,0.37557809385780416,0.5803698847599001
ive heard podcast intros take an hour and half this is nothing,neither,0.04252571633094381,0.32830980197023496,0.6291644816988213
They are relevant to us right now!,neither,0.12381033505842838,0.28977342828392,0.5864162366576517
what did I walk into?,neither,0.04559812621061689,0.3259877878762868,0.6284140859130962
@phoenixgoth when does Taliesin not look awesome,neither,0.020693494961802908,0.48614438273784927,0.49316212230034784
Would Alfred be the Prince from Romeo and Juliet?,neither,0.03886466576837392,0.2759320033576329,0.6852033308739931
I met a man who once ad-libbed in full iambic pentameter when he had to stall during a play once.,neither,0.050040977220560945,0.4152989756007224,0.5346600471787166
@stargazer1977 i missread Calculus as Calculon,neither,0.03452293158275801,0.4140557533686924,0.5514213150485496
@misssunflower94 When he's in that eyeburning green shirt,neither,0.03208246368912456,0.38944992059607203,0.5784676157148033
@japenrose That's amazing.,neither,0.03413659802039229,0.3885612680816893,0.5773021338979183
Daryl no,neither,0.03852177801590115,0.3461848932406789,0.6152933287434199
Taliesin's gonna go all John Ford on us here,neither,0.1161782644603165,0.39118212761787163,0.49263960792181183
@adamkunn 100% it's my favorite movie tbh lol,neither,0.026278348399491797,0.41181355077295023,0.5619081008275579
lol the BFA row jesus xD,neither,0.03142790207766672,0.36594081343636786,0.6026312844859654
"ok, we have half the cast of Crit Roll here, they have to do the rest of the show in character",neither,0.07143796003547234,0.2626671652724403,0.6658948746920873
@phoenixgoth It really was! He was widely feared,neither,0.043551562346601805,0.3334594085627356,0.6229890290906626
@phoenixgoth he can do it,neither,0.04873384553300007,0.3200904249221002,0.6311757295448998
monkaS,neither,0.03945320844208391,0.33037608806864915,0.630170703489267
where did Darin go?,neither,0.04384574561898599,0.2914716059235525,0.6646826484574616
"@cinphoria Hey, I WISH I had a BFA",neither,0.03945320844208391,0.33037608806864915,0.630170703489267
He was here and then we was gone?,neither,0.08709388993188137,0.2681184762954766,0.644787633772642
"@misssunflower94 That's true, but it's still eyehurting",neither,0.029258977660408435,0.40706296925261426,0.5636780530869773
Caitlin is here today! Yeah!,neither,0.0607598234798406,0.37298286032003086,0.5662573162001286
@TheGoblinKing86 Good choice of favorite movie!,neither,0.04086456387705045,0.2967108793146651,0.6624245568082844
