text,top_class,hate_speech,offensive_language,neither
"The channel has gone live. If you cannot see the folks in the studio , please refresh.",neither,0.03723955741942503,0.3496909644204777,0.6130694781600973
lol,neither,0.020706217963973744,0.4882283491876925,0.4910654328483337
"repeat The channel has gone live. If you cannot see the folks in the studio , please refresh.",neither,0.0373634929483334,0.34859131571055346,0.6140451913411132
Hahaha,neither,0.03945320844208391,0.33037608806864915,0.630170703489267
yay!,neither,0.03945320844208391,0.33037608806864915,0.630170703489267
So anyone know who is being interviewed? After last week's denouement I'd love to hear from all of them! :),neither,0.05573647822618133,0.4545439782716775,0.4897195435021412
Matt and the Matt body pillow,neither,0.038510382810852034,0.29852223964325375,0.6629673775458943
I love that matt body pillow,neither,0.03420649101569409,0.37416657730108244,0.5916269316832234
Matt/marisha,neither,0.03945320844208391,0.33037608806864915,0.630170703489267
only 60 violations from brian?,neither,0.04040607542927579,0.3142034485113283,0.6453904760593958
tnyHi tnyHi tnyHi,neither,0.03945320844208391,0.33037608806864915,0.630170703489267
lol,neither,0.020706217963973744,0.4882283491876925,0.4910654328483337
Matt and marisha,neither,0.03848376057163518,0.2799481601138674,0.6815680793144975
"Our guests this Tuesday are Matt and Marisha, discussing episode 12!",neither,0.05253927350873721,0.28246634320307634,0.6649943832881864
"Matt & Marishaaaa, and Daki-Matt",neither,0.03889949862880688,0.30320239363900303,0.6578981077321902
Bidet from Texas Bitches!,offensive_language,0.003562895033486335,0.9964367719939095,3.329726043427308e-07
Brian with an I,neither,0.027697671768860257,0.36693730255170603,0.6053650256794337
bogaSnood,neither,0.03945320844208391,0.33037608806864915,0.630170703489267
this is the first time Matt and Mattpillow will both be on the couch,neither,0.03646502341923329,0.29385605720543073,0.669678919375336
This music is so epic man its so good Colm made an epic piece,neither,0.039851777664011524,0.4050394467694425,0.5551087755665459
That's 60 almost Thursdays,neither,0.03626222576507223,0.3649735220218614,0.5987642522130663
ikr its at least double that lol,neither,0.024754396347522307,0.43881892444846293,0.5364266792040148
Bidet from Oregon,neither,0.04071751644889743,0.3089174816120565,0.6503650019390461
gandsSubHype gandsSubHype gandsSubHype,neither,0.03945320844208391,0.33037608806864915,0.630170703489267
bidet all :),offensive_language,0.046917543854519406,0.6277741405869331,0.3253083155585475
the body pillow though,neither,0.03860624923675542,0.3149050821494407,0.6464886686138039
"Wow, that's just spiraling into darkness...",neither,0.03364483243711755,0.3748193819724752,0.5915357855904071
The Mercers,neither,0.03613032604487659,0.2619290779399786,0.7019405960151449
Matt-ception,neither,0.03945320844208391,0.33037608806864915,0.630170703489267
"We have both Matt's on tonight, can't wait for the reaction its going to be great",neither,0.03167230690796236,0.3106911685442145,0.6576365245478233
I wanna see matt cuddle with matt,neither,0.0330186717597558,0.35173881731880047,0.6152425109214438
"Bidet from Brunswick, OH.",neither,0.050416241482135554,0.21698369937451742,0.732600059143347
bidet from baltimore!,neither,0.04079557052152802,0.30759270029461827,0.6516117291838538
Hallo freund,neither,0.03945320844208391,0.33037608806864915,0.630170703489267
Bidet from Connecticut.,neither,0.04062582848913359,0.31047366557575606,0.6489005059351104
so how many questions do you think Brian is going to ask pillow Matt instead of real Matt?,neither,0.04952396576868333,0.42872514108809057,0.5217508931432262
This is the slowest I’ve seen this chat wow,neither,0.025261033871946285,0.305603830281565,0.6691351358464888
"@Dragonchrome Technically, there isn't anyone on-screen for us to see, sooo... :P",neither,0.058753285900814446,0.290412545763904,0.6508341683352814
"Bidet, from Snoqualmie, Washington",neither,0.04080695066346891,0.3073995495860776,0.6517934997504536
Bidet from San Antonio texas,neither,0.04031505647017286,0.3157482777878597,0.6439366657419674
yar to all,offensive_language,0.07037653542857761,0.5454179388470466,0.3842055257243759
It is 4am,neither,0.059603583318096655,0.32344545014120724,0.616950966540696
Bidet from Toronto!,neither,0.04066490145509902,0.30981049537100724,0.6495246031738937
I hope Matt throws it across the room before he sits down lmao,neither,0.05645141997465527,0.302303166354909,0.6412454136704356
Bidet from Los Angeles!,neither,0.04078317879478948,0.307803020237201,0.6514138009680096
Bidet from Anaheim!!!,neither,0.04228451509352876,0.2823214250720796,0.6753940598343917
IS THAT A MATT MERCER BODY PILLOW LUL,neither,0.0420238010405388,0.35676571344310715,0.601210485516354
My body and soul have seperated,neither,0.02712093950351953,0.38344610010008506,0.5894329603963955
It's usually half an hour till they are ready yeah?,neither,0.039854713653138786,0.3728722131182823,0.5872730732285789
you know what that means? we dont have a valid warranty to return brian anymore.,neither,0.05522503183903374,0.3880397160351644,0.5567352521258019
Bidet from the UK :),neither,0.039613273355342184,0.2892653269430044,0.6711213997016535
Bidet from Newcastle UK,neither,0.04079557052152802,0.30759270029461827,0.6516117291838538
bidet from san antonio too @Alexanderhero83,neither,0.040159986574495536,0.3183802186176828,0.6414597948078218
ya its crazy ive never seen chat this slow before,offensive_language,0.020771406522514413,0.5644078831020969,0.4148207103753887
bidet from miami,neither,0.04082729608690459,0.3070542346530501,0.6521184692600454
@NoirCore you may be right there,neither,0.0609594691908321,0.3277896039871575,0.6112509268220103
I am beyond tired,neither,0.039256968888872576,0.3304435838496815,0.6302994472614459
"bidet from Manila, Philippines",neither,0.04228451509352876,0.2823214250720796,0.6753940598343917
bidet from Florida,neither,0.0408948396164547,0.30590784468201904,0.6531973157015263
G'evening,neither,0.03945320844208391,0.33037608806864915,0.630170703489267
"bidet from Bloomington, IN",neither,0.040617981582016544,0.31060684806832817,0.6487751703496555
bidet from atlanta!,neither,0.04078317879478948,0.307803020237201,0.6514138009680096
All about that body pillow though,neither,0.036066509371705996,0.4499351500475662,0.5139983405807278
GameStorm 20 in 2 days!,neither,0.03945320844208391,0.33037608806864915,0.630170703489267
The Witcher soundtrack Kreygasm,neither,0.038372653207642965,0.3105039192898759,0.6511234275024811
Bidet chat,neither,0.03945320844208391,0.33037608806864915,0.630170703489267
Snarf! Bidet! I am from scotland :D,neither,0.04030570875914889,0.31263214309528725,0.6470621481455638
"you'll float too, brian. We all float down here",neither,0.0716328274294052,0.37319285386189577,0.555174318708699
"bidet from Atlanta, GA",neither,0.04042918616695488,0.31381119897869514,0.6457596148543501
also bidet from ny,neither,0.04058642615730978,0.31114242597869785,0.6482711478639923
this is my first stream. how long before they start???,neither,0.029146279483860074,0.4306941362826308,0.5401595842335091
!tmsubmit,neither,0.03945320844208391,0.33037608806864915,0.630170703489267
The email to submit your Fan Art and Gif of the Week submissions is ‘ submit@talksmachina.com '. Before 9 AM Pacific next Tuesday. Submit away!,neither,0.05727310753668434,0.3147331773433212,0.6279937151199946
The holidays are kind to us!,neither,0.12030103527783008,0.26349774458565567,0.6162012201365142
"Bidet from Mooresville, Indiana",neither,0.0408364874901429,0.30689823255244486,0.6522652799574122
Bidet!,neither,0.03945320844208391,0.33037608806864915,0.630170703489267
Long day. First time catching this live!,neither,0.03626438416335938,0.33481704303608545,0.6289185728005551
woo!,neither,0.03945320844208391,0.33037608806864915,0.630170703489267
@BongoSmile it is indeed,neither,0.04752923182148506,0.327598373297555,0.6248723948809599
the violin is this new song is so beautiful,neither,0.057884901004614735,0.27699801444593325,0.665117084549452
15 minutes.,neither,0.03945320844208391,0.33037608806864915,0.630170703489267
when does it start?,offensive_language,0.016657143906209267,0.5095962980709364,0.4737465580228543
Bidet from georgia!!!,neither,0.04066490145509902,0.30981049537100724,0.6495246031738937
Bidet from Germany,neither,0.04069404815304118,0.30931579984010865,0.6499901520068502
@BongoSmile Yes and it has been here for a couple episodes and everyone loves it,neither,0.05068463890504638,0.31213113502597845,0.6371842260689752
Bidet from Arizona,neither,0.04078317879478948,0.307803020237201,0.6514138009680096
Bidet michigan,neither,0.03945320844208391,0.33037608806864915,0.630170703489267
bidet from Arkansas,neither,0.04066490145509902,0.30981049537100724,0.6495246031738937
I subscribed after last week's episode *just* so I could watch the VOD before they posted it on YouTube hahaha.,neither,0.03622230546217261,0.3756530222979108,0.5881246722399166
First time too! I'm super excited to finally get to watch live! :D,neither,0.04844791811132429,0.34530561278947586,0.6062464690992
@Zynapse13 Welcome! You'll love it lol,neither,0.04145527357666246,0.4609670248639909,0.4975777015593465
"Help G&S make great content! $4.99/month gets you emotes, Minecraft server access, sub-only VODs, and more! Every sub keeps the channel alive! twitch.tv/geekandsundry/subscribe",neither,0.043907990691603095,0.31135964332838284,0.644732365980014
"I assume ""bidet"" means hello?",neither,0.03945320844208391,0.33037608806864915,0.630170703489267
http://www.wheniscriticalrole.com/talksmachina bookmark these websites for ease of viewing times,neither,0.037550193925024095,0.27499515273648495,0.687454653338491
bidet from UK,neither,0.04079557052152802,0.30759270029461827,0.6516117291838538
http://www.wheniscriticalrole.com/talksmachina <<< countdown clock to Talks Machina. @vthemistv,neither,0.04145966242276606,0.25114196311771403,0.7073983744595199
Bidet from Maryland,neither,0.04066490145509902,0.30981049537100724,0.6495246031738937
"it's 6:48pst atm, they start about 7pst",neither,0.03677642559010642,0.3551563175073993,0.6080672569024942
bidet everyone!!!,offensive_language,0.02988896790634741,0.4927062106388782,0.4774048214547744
Bidet from Maryland,neither,0.04066490145509902,0.30981049537100724,0.6495246031738937
Bidet from Salem Indiana!,neither,0.0408364874901429,0.30689823255244486,0.6522652799574122
@NoirCore yes,neither,0.03945320844208391,0.33037608806864915,0.630170703489267
who are the guests today?,neither,0.07682533624146742,0.2948410500398113,0.6283336137187211
"@NoirCore it's the Campaign 1 version of ""Good Day""",neither,0.03746246276687955,0.305881630954652,0.6566559062784685
Bidet from New Zealand,neither,0.046710622032705686,0.1542697019613409,0.7990196760059534
"@noircore ah, bidet to you sir or madame",neither,0.06650718771933123,0.3740233355948795,0.5594694766857893
@NoirCore yep!,neither,0.03945320844208391,0.33037608806864915,0.630170703489267
Bidet from Alaska,neither,0.04066490145509902,0.30981049537100724,0.6495246031738937
Bidet,neither,0.03945320844208391,0.33037608806864915,0.630170703489267
Anyone here work for Santa?,neither,0.06950997668359528,0.2754158049490291,0.6550742183673757
lionDemon1 lionDemon2,neither,0.03945320844208391,0.33037608806864915,0.630170703489267
I can't believe i almost forgot talks machina! D:,neither,0.03967912297940865,0.32654172878028803,0.6337791482403035
lionDemon3 lionDemon4,neither,0.03945320844208391,0.33037608806864915,0.630170703489267
!clock,neither,0.03945320844208391,0.33037608806864915,0.630170703489267
It is currently Tuesday 6:48 PM at the Geek & Sundry studio in California.,neither,0.051248530516659556,0.32963036805695095,0.6191211014263894
Bidet is Grog for Good day,neither,0.041471288983014505,0.268712287216825,0.6898164238001605
Bidet from Pennsylvania,neither,0.04069404815304118,0.30931579984010865,0.6499901520068502
@monarchkam Matt & Marisha,neither,0.03945320844208391,0.33037608806864915,0.630170703489267
Bidet from New York!,neither,0.044690599332616286,0.20708884905532376,0.7482205516120599
Bidet from New Brunswick! xomWave,neither,0.046710622032705686,0.1542697019613409,0.7990196760059534
"Bidet, y'all",offensive_language,0.046917543854519406,0.6277741405869331,0.3253083155585475
@Dragonchrome have they announced the guests today yet?,neither,0.037152556462870384,0.3063366846817931,0.6565107588553365
@Dragonchrome Ah. I've not seen campaign 1 yet,neither,0.02152969885956086,0.3188275371726647,0.6596427639677744
bidet from toronto,neither,0.04066490145509902,0.30981049537100724,0.6495246031738937
Hello you lovely critters? how are you all dong after 60 glorious episodes?,neither,0.08115624315422887,0.40360657440195125,0.5152371824438198
@Admanct aaaaaayyyyyyeeeeee MD,neither,0.03945320844208391,0.33037608806864915,0.630170703489267
thanks,neither,0.035884468650613,0.3004919205142699,0.6636236108351171
bidet from australia,neither,0.04062582848913359,0.31047366557575606,0.6489005059351104
new brunny! what's up,neither,0.05072744114703119,0.2587682568262165,0.6905043020267523
??,neither,0.03945320844208391,0.33037608806864915,0.630170703489267
Bidet from Washington state!!,neither,0.07569869260918143,0.20816383471815325,0.7161374726726654
"Our guests this Tuesday are Matt and Marisha, discussing episode 12!",neither,0.05253927350873721,0.28246634320307634,0.6649943832881864
hi,neither,0.03945320844208391,0.33037608806864915,0.630170703489267
I bask in my episodic glory,neither,0.026544530084061612,0.4328578818003053,0.5405975881156332
BIDET EVERYONE! cant wait,neither,0.03310414766845885,0.4381362191253094,0.5287596332062318
bidet from boston!,neither,0.040769555981420263,0.3080342349327864,0.6511962090857933
Bidet from New Zealand,neither,0.046710622032705686,0.1542697019613409,0.7990196760059534
@roodleloodley yeah son!,neither,0.01949457208987396,0.47319799589159,0.507307432018536
@kynaeus2 sup!,neither,0.03945320844208391,0.33037608806864915,0.630170703489267
Bidet from Nashville,neither,0.04071751644889743,0.3089174816120565,0.6503650019390461
Remember to refresh your twitch stream!,neither,0.06482172547338803,0.3218641022381249,0.6133141722884871
This is my first time watching live after having caught up with all of campaign 1 and 99% of 2. Im pretty excited,neither,0.029093930308875967,0.4500967220648777,0.5208093476262463
congrats on show #60 :),neither,0.05020100870567001,0.273460255116049,0.676338736178281
"@ishman223 bidet, we need a Florida room",neither,0.03912420896237184,0.3314733795811406,0.6294024114564876
"Eyyy, NY!",neither,0.03945320844208391,0.33037608806864915,0.630170703489267
"@Dragonchrome thanks, I'm sure you have had to answer that many times, but I was alt-tabbed writing up a review.",neither,0.04009529770246569,0.46016968105304135,0.4997350212444931
Bidet from Las Vegas,neither,0.040400041164603724,0.3143058657309893,0.6452940931044071
C2E2 Panel info link https://twitter.com/CriticalRole/status/978723824131698688 for those going,neither,0.04618881809390968,0.3490462229831274,0.6047649589229629
Bidet to all my fellow Critters,offensive_language,0.03456224594833267,0.5156741769987699,0.4497635770528974
"Ah, so Ryoma and Oboro are here :P",neither,0.1589314851489548,0.2298574149857197,0.6112110998653255
Bidet from Scotland!,neither,0.04062582848913359,0.31047366557575606,0.6489005059351104
is that taleison with a smily baloon?,neither,0.024809016677892464,0.47305403003732616,0.5021369532847814
episode 12 was fucking CRAZY,offensive_language,0.0769849825411957,0.9199713841509091,0.0030436333078952276
wolfsSTARE was that a yelloq balloon,neither,0.03528235240814021,0.37657057876187894,0.5881470688299808
"ohh yay,pillow matt gets a balloon!",neither,0.03945320844208391,0.33037608806864915,0.630170703489267
cant wait to see matt sitting next to the matt body pillow,neither,0.04501008000952377,0.3249088115979121,0.6300811083925641
I wish I were that balloon,neither,0.036341664718054716,0.34827309483516283,0.6153852404467824
"Bidet from Lawrence, Kansas!!!",neither,0.04038434874462851,0.31457220705192124,0.6450434442034502
god the freaking matt pillow is so good,neither,0.04366105949180717,0.3471228088435019,0.6092161316646908
"Bidet, critters!",neither,0.03945320844208391,0.33037608806864915,0.630170703489267
that body pillow was the best investment of geek and sundry,neither,0.03575407318319312,0.3192080030950613,0.6450379237217456
bidet from tennessee,neither,0.04071751644889743,0.3089174816120565,0.6503650019390461
blessed pillow matt,neither,0.03945320844208391,0.33037608806864915,0.630170703489267
Dat balloon,neither,0.03945320844208391,0.33037608806864915,0.630170703489267
Bidet from Sacramento!,neither,0.04062582848913359,0.31047366557575606,0.6489005059351104
Bidet from Tennessee,neither,0.04071751644889743,0.3089174816120565,0.6503650019390461
Bidet and Beep Beep from Iowa,neither,0.039670422827289976,0.26681207269915463,0.6935175044735555
Bidet from New York,neither,0.044690599332616286,0.20708884905532376,0.7482205516120599
Who will I see at C2E2,neither,0.04137103161597351,0.42239277348682885,0.5362361948971976
matt and matt lol,neither,0.03385175367664339,0.33866079063272303,0.6274874556906335
@Ganaham i knOW RIGHT???,neither,0.03772648452600981,0.3640217083279442,0.598251807146046
@kampfermk2 By 99% of season 2 does that include the end of the last episode?,neither,0.029304021460247954,0.4284748079956147,0.5422211705441372
bajoBidet,neither,0.03945320844208391,0.33037608806864915,0.630170703489267
RIP Ulog...,neither,0.03945320844208391,0.33037608806864915,0.630170703489267
wait is Matt here tonight? I cant wait to hear what he has to say about THAT episode,neither,0.07759945380397028,0.32059542652858564,0.601805119667444
Who’s on tonight?,neither,0.03219449630939791,0.40065554799937175,0.5671499556912303
long live Pillow Matt,neither,0.04293645994327982,0.3275712408519831,0.629492299204737
I want to see Marisha with a Matt body pillow on one arm and a Matt Mercer on the other arm. That will be great. :),neither,0.03305661817790939,0.3402985076477452,0.6266448741743454
I will DEFINITLEY be at C2E2,neither,0.04143780355982697,0.3374612152954445,0.6211009811447286
RIP Ulog :(,neither,0.03945320844208391,0.33037608806864915,0.630170703489267
Bidet from TN critters.,neither,0.040769555981420263,0.3080342349327864,0.6511962090857933
i could listen to this song for days,neither,0.039086326037663,0.30907301327850467,0.6518406606838324
:D,neither,0.03945320844208391,0.33037608806864915,0.630170703489267
@stankattack Im halfway through the one released on YT yesterday,neither,0.036326224314578826,0.3653622413903458,0.5983115342950753
"This is my first Talks Machina show, what are these like?",neither,0.10226376214809615,0.37493337655414916,0.5228028612977547
Ulog went out....with a bang,neither,0.025241433648539712,0.38464214174253436,0.590116424608926
"for me it's pax east, but hope you all that are going to c2e2 have a good time!",neither,0.0865046549091419,0.3719478985576103,0.5415474465332478
Larkin?,neither,0.03945320844208391,0.33037608806864915,0.630170703489267
rooBlank,neither,0.03945320844208391,0.33037608806864915,0.630170703489267
gandsGandsRobotParty,neither,0.03945320844208391,0.33037608806864915,0.630170703489267
@RuffPuffian that's a bidet.,neither,0.026110925149043836,0.4791292047641166,0.4947598700868395
Bidet from PEI Canada!,neither,0.04071751644889743,0.3089174816120565,0.6503650019390461
@kynaeus2 good things,neither,0.03848422473880298,0.330709365997539,0.6308064092636579
Brian needs to stop violating parole XD,neither,0.046229873994164526,0.4024899617126599,0.5512801642931756
That balloon tho._,neither,0.031954206092270794,0.3809102781172072,0.5871355157905219
"New song for the fan art reel ""Welcome to Wildemount"" by Colm McGuinness - https://www.youtube.com/watch?v=WEQC2HyhgTc",neither,0.043642232952841864,0.2873620236928719,0.6689957433542861
I will never get tired of this music. Absolutely lovely <3,neither,0.0372234772828076,0.3490883929524812,0.6136881297647112
"@kampfermk2 DONT WATCH THIS THEN!!! Finish the episode on YouTube!! Trust me, you can watch this VOD later!!!",neither,0.04675055746763319,0.3682596561728363,0.5849897863595305
Bidet from australia,neither,0.04062582848913359,0.31047366557575606,0.6489005059351104
rooAww,neither,0.03945320844208391,0.33037608806864915,0.630170703489267
@kampfermk2 you know you will be spoiled then,neither,0.08195134164429141,0.4123098557004683,0.5057388026552403
"Our guests this Tuesday are Matt and Marisha, discussing episode 12!",neither,0.05253927350873721,0.28246634320307634,0.6649943832881864
Bidet from South Dakota my dudes,neither,0.03138888150630046,0.3833503976684449,0.5852607208252547
Pillow fight pillow matt vs snugglelord who wins,neither,0.03975750297628495,0.3638562056017393,0.5963862914219759
Bidet from Indiana,neither,0.0408364874901429,0.30689823255244486,0.6522652799574122
"For those who haven't finished the last episode of CR, you should be warned right now there will be huge spoilers in this TM. There are events that happened right at the end of Episode 12 that will have to be addressed.",neither,0.0596772468321995,0.3240093203225485,0.616313432845252
Matt and marisha,neither,0.03848376057163518,0.2799481601138674,0.6815680793144975
@strous1 Bidet to you bajoBidet LUL,neither,0.07133273696192566,0.38063126719163964,0.5480359958464347
60 luftballoons,neither,0.03945320844208391,0.33037608806864915,0.630170703489267
Bidet from south carolina,neither,0.04043176250036363,0.31376747187705417,0.6458007656225822
Ding! Talks Machina has reached Level 60!,neither,0.03970039010786174,0.32618077010765645,0.6341188397844818
bidet from PA,neither,0.04069404815304118,0.30931579984010865,0.6499901520068502
Bidet from Florida :),neither,0.0408948396164547,0.30590784468201904,0.6531973157015263
"Bidet from Toronto, Ontario!",neither,0.040334677536117594,0.315415257091876,0.6442500653720065
Bidet from Toronto,neither,0.04066490145509902,0.30981049537100724,0.6495246031738937
@kampfermk2 you gotta watch the last half it's great,neither,0.05228319060898402,0.3514239474860832,0.5962928619049328
"u know, I think in a way, Sam started nein in the last campaign with that last counterspell",neither,0.031088681786255186,0.3607109784144232,0.6082003397993216
?,neither,0.03945320844208391,0.33037608806864915,0.630170703489267
Critical Role's actually my only exposure to DnD sessions so far aside from a one-off campaign a YT channel I follow did,neither,0.037172428592187896,0.3854381622206117,0.5773894091872005
@kynaeus2 WELCOME! and these are pretty fun! they just answer questions that viewers send it,neither,0.050467544979699346,0.35194962169426497,0.5975828333260356
Bidet from Georgia!,neither,0.04066490145509902,0.30981049537100724,0.6495246031738937
bidet from Prince Rupert,neither,0.04066490145509902,0.30981049537100724,0.6495246031738937
Hey! Another Torontonian!,neither,0.12600275572131842,0.22226069277886742,0.6517365514998141
Bidet from Australia,neither,0.04062582848913359,0.31047366557575606,0.6489005059351104
@bluroux @3sec bidet also from toronto!!,neither,0.04048244718769107,0.3129072204566142,0.6466103323556948
bidet from South Australia,neither,0.04041079298828133,0.31412337922315653,0.6454658277885622
Happy 60th TM!,neither,0.03945320844208391,0.33037608806864915,0.630170703489267
,neither,0.03945320844208391,0.33037608806864915,0.630170703489267
Everything on that list is very true,neither,0.0400522409828585,0.37157860535672593,0.5883691536604154
D: Aw man..Okay. How do I VOD this? :( I was so excited to watch this live finally,neither,0.05065859429344324,0.39103965116305,0.5583017545435066
"Bidet from Brampton, Ontario, Canada",neither,0.04019074245894417,0.3178582109921271,0.6419510465489289
Bidet from Australia,neither,0.04062582848913359,0.31047366557575606,0.6489005059351104
"seriously folks, if you aren't caught up dont watch tonight. crazy stuff went down towards the end of the last episode",neither,0.03130891494953594,0.4131698756909549,0.5555212093595091
Bidet from Seattle,neither,0.040754399270683486,0.3082914838698526,0.650954116859464
Bidet from florida!,neither,0.0408948396164547,0.30590784468201904,0.6531973157015263
Bidet from Seattle WA,neither,0.04040912852695437,0.3141516294757728,0.6454392419972729
Yayyyyy,neither,0.03945320844208391,0.33037608806864915,0.630170703489267
thanks @EmilytheBard !,neither,0.035884468650613,0.3004919205142699,0.6636236108351171
"Bidet from Houston, yo",neither,0.04102835283151349,0.39489819587662744,0.5640734512918589
hi,neither,0.03945320844208391,0.33037608806864915,0.630170703489267
Can someone tell me what the name of the song playing is?,neither,0.04194451030660479,0.3329167149768913,0.6251387747165039
But DnD looks very entertaining to participate in,neither,0.04161389102516841,0.33460525936623114,0.6237808496086004
"Bidet from Michigan, visiting Alabama over spring break!",neither,0.03821237610381058,0.32051333840107654,0.6412742854951128
bidet from montreal Canada,neither,0.040354386843928725,0.3150807387011266,0.6445648744549448
Love the Mercer pillow with festive balloon,neither,0.028054572956644673,0.3578803802415755,0.61406504680178
Bidet from Montréal Québec !! :D,neither,0.04228451509352876,0.2823214250720796,0.6753940598343917
Bidet from Brazil,neither,0.04079557052152802,0.30759270029461827,0.6516117291838538
Bidet from Arizona,neither,0.04078317879478948,0.307803020237201,0.6514138009680096
!vod,neither,0.03945320844208391,0.33037608806864915,0.630170703489267
VODs are subscriber-only. Subscribe now to unlock access to past videos and highlights at twitch.tv/geekandsundry/videos/all,neither,0.055189305111973244,0.3283360580916387,0.6164746367963879
Bidet from Vegas,neither,0.040853311764050625,0.30661268071637476,0.6525340075195746
DING 60!,neither,0.03945320844208391,0.33037608806864915,0.630170703489267
IDEA - Sell Mercer pillows for charity.....2 weeks later Cancer is cured! Just sayin,neither,0.03754444008637144,0.32343168113527215,0.6390238787783563
how long does this podcast last? havent tuned in before,neither,0.02832101856602789,0.4481457611203095,0.5235332203136626
"lol, that sign. i love this show",neither,0.03799652367377272,0.36529821033898463,0.5967052659872426
Bidet from Chicago!,neither,0.04078317879478948,0.307803020237201,0.6514138009680096
!song,neither,0.038601720699969956,0.3448280572582511,0.616570222041779
gandsSCANLAN gandsSCANLAN gandsSCANLAN gandsSCANLAN gandsSCANLAN gandsSCANLAN gandsSCANLAN gandsSCANLAN gandsSCANLAN,neither,0.03945320844208391,0.33037608806864915,0.630170703489267
beep beep,neither,0.03945320844208391,0.33037608806864915,0.630170703489267
@kampfermk2 you can watch the VOD if you are subcribed,neither,0.1046986277331305,0.4329502704321455,0.462351101834724
Bidet from Vancouver BC!,neither,0.041095261662497835,0.30250615950080734,0.6563985788366947
creepy balloon creepy balloon,neither,0.03945320844208391,0.33037608806864915,0.630170703489267
Bidet from Iowa,neither,0.04069404815304118,0.30931579984010865,0.6499901520068502
Bidet from IN,neither,0.041809934750563944,0.290376292048192,0.667813773201244
I must have missed something from the last ep,neither,0.03981051468796176,0.30184722608776055,0.6583422592242777
the song is welcome to wildemount,neither,0.05605581998196858,0.3130377381038025,0.630906441914229
"@kampfermk2 On Twitch, open up the videos on Geek and Sundry. There should be a VOD of this once it's over",neither,0.03760991955512355,0.33838967418444227,0.6240004062604342
lovin this song,neither,0.038856475682913665,0.34050420034017076,0.6206393239769157
@NoirCore check out The Adventure Zone! its p good too,neither,0.03148054805937156,0.33485074076553717,0.6336687111750914
lol the timing with the person walking past,neither,0.02645032117865672,0.3696337848330101,0.603915893988333
Bidet From Florida gandsTrinket,neither,0.0408948396164547,0.30590784468201904,0.6531973157015263
"Bidet from Ypsilanti, MI y'all!",neither,0.04324940744025782,0.3982080527344978,0.5585425398252444
Bidet from Maryland :),neither,0.04066490145509902,0.30981049537100724,0.6495246031738937
Bidet from washington,neither,0.04080695066346891,0.3073995495860776,0.6517934997504536
"@Chaxle usually for an hour , from 7pm PDT till 8pm PDT",neither,0.03659751393058971,0.2990276516715491,0.6643748343978613
stay turnt,neither,0.03945320844208391,0.33037608806864915,0.630170703489267
Bidet from Alberta,neither,0.04062582848913359,0.31047366557575606,0.6489005059351104
beep beep! bidet! Greetings and Salutations!,neither,0.03763944115734239,0.1918412352459551,0.7705193235967025
song is Welcome to Wildemount,neither,0.05795212014515883,0.3304634143276427,0.6115844655271985
"bidet from hamburg, germany",neither,0.04069404815304118,0.30931579984010865,0.6499901520068502
Hey!!!!!,neither,0.03945320844208391,0.33037608806864915,0.630170703489267
whos on the show tonight?,neither,0.04656678614184105,0.24135581659229605,0.7120773972658629
@ishman223 -> Only those that we deem worthy shall possess the power of the Hyperlink [warning],neither,0.048140585852785724,0.2990817588418225,0.6527776553053918
Bidet from Vancouver,neither,0.04228451509352876,0.2823214250720796,0.6753940598343917
"First time watching Talks Machina, wish we had it on YT",neither,0.03182129058124869,0.35465486913726524,0.6135238402814861
Anybody else still freaking out from the last episode?,neither,0.03619709542734439,0.328501544402982,0.6353013601696736
BIDET!,neither,0.03945320844208391,0.33037608806864915,0.630170703489267
beep beep,neither,0.03945320844208391,0.33037608806864915,0.630170703489267
Bidet from San Diego!,neither,0.040446282760733435,0.31352102516371877,0.6460326920755478
"@VexedCheese -> THE EMOTES, THEY`RE TOO MANY [warning]",neither,0.055080314918249766,0.29325628621143124,0.651663398870319
what is that pillow?,neither,0.051236060617274384,0.3697421154512735,0.5790218239314521
@Dragonchrome permit?,neither,0.03945320844208391,0.33037608806864915,0.630170703489267
always and ever turnt,neither,0.03686789700292742,0.34454374486299416,0.6185883581340784
thx critter fam,neither,0.03945320844208391,0.33037608806864915,0.630170703489267
Bidet from Edmonton,neither,0.04228451509352876,0.2823214250720796,0.6753940598343917
Thank you @CaPowArsenic I guess I'll go back and finish the episode..I'll catch you all thursday hopefully :(,neither,0.056816466325459454,0.39293155611550207,0.5502519775590384
@lore676 Matt and Marisha,neither,0.03848376057163518,0.2799481601138674,0.6815680793144975
Bidet from Toronto,neither,0.04066490145509902,0.30981049537100724,0.6495246031738937
thunderstorm and Talks... let's go!!!!!!,neither,0.02729752310309781,0.3260068043491699,0.6466956725477323
"bidet from dresden, germany",neither,0.04069404815304118,0.30931579984010865,0.6499901520068502
thanks @dragonchrome xomWink,neither,0.035884468650613,0.3004919205142699,0.6636236108351171
gut bend frend,neither,0.03945320844208391,0.33037608806864915,0.630170703489267
60th episode! Awww... Matt pillow has a balloon tonight.,neither,0.03822387549788166,0.31508273396874076,0.6466933905333776
Bidet from New Jersey,neither,0.04458029923653559,0.209841401288464,0.7455782994750004
Man the ending of this episode tho :D,neither,0.03551480918974499,0.3745149810044334,0.5899702098058215
bidet from toronto,neither,0.04066490145509902,0.30981049537100724,0.6495246031738937
oh everyone @Dancinman91,neither,0.037594183358759053,0.4088583080968414,0.5535475085443995
@Chaxle it is 1 hour I think,neither,0.048112073781368246,0.31703698706378286,0.634850939154849
@Dancinman91 I think EVERYONE,neither,0.031824904312065166,0.4598483174424338,0.5083267782455009
The week wait after that end to Episode 12 is super brutal.,neither,0.04495437002402031,0.3406583939286436,0.6143872360473361
"full days? nah,just an 60 hours we're not getting back",neither,0.05542455208958783,0.3653139311694249,0.5792615167409874
"Well, now I know that's a thing in this chat",neither,0.036141923298315184,0.36678010661051164,0.5970779700911731
Bidet,neither,0.03945320844208391,0.33037608806864915,0.630170703489267
"@kampfermk2 But seriously, DO NOT WATCH THIS RIGHT NOW haha. It will spoil the end of the episode, which was absolutely bananas!",neither,0.037134828005155496,0.35314742488829676,0.6097177471065478
so who's on today?,neither,0.03417055283821974,0.46512866241082435,0.5007007847509559
"New song for the fan art reel ""Welcome to Wildemount"" by Colm McGuinness - https://www.youtube.com/watch?v=WEQC2HyhgTc",neither,0.043642232952841864,0.2873620236928719,0.6689957433542861
Happy 60th episode!,neither,0.03945320844208391,0.33037608806864915,0.630170703489267
bidet?,neither,0.03945320844208391,0.33037608806864915,0.630170703489267
bidet from close to Toronto,neither,0.046830891119797206,0.31008983735859585,0.6430792715216069
"Yall ready to listen to people talk about a dnd game they played a week ago, cuz i am",neither,0.045750912051792214,0.33380278464147367,0.6204463033067342
"@kampfermk2 enjoy! it's a GOOD episode, I'd hate for you to hve it spoiled via talks",neither,0.1415037455125846,0.12688266709983229,0.7316135873875832
"Balloon, nice",neither,0.03945320844208391,0.33037608806864915,0.630170703489267
@MissMendacious nice ;),neither,0.03945320844208391,0.33037608806864915,0.630170703489267
http://www.wheniscriticalrole.com/talksmachina <<< Talks Machina countdown clock.,neither,0.0370471874278302,0.2526448018056075,0.7103080107665624
excited for my first talks machina. ep 12 was too crazy ti Miss.,neither,0.021113865986123713,0.41552561187222875,0.5633605221416474
Bidet from Boston,neither,0.040769555981420263,0.3080342349327864,0.6511962090857933
Same,neither,0.04148851938089603,0.3488915597363099,0.609619920882794
Bidet from Toronto!,neither,0.04066490145509902,0.30981049537100724,0.6495246031738937
do I see pillow Matt? PogChamp,neither,0.040702117286813,0.32994653104747923,0.6293513516657078
wooo take it off Marisha haha,neither,0.032963919270999585,0.41506331035885957,0.5519727703701408
monkaS We'll float too.,neither,0.03906992104396108,0.33688147551519265,0.6240486034408462
the balloon should be a gassy sewer rat balloon...,neither,0.044943898841736815,0.34040697831783456,0.6146491228404286
deadlyRiot,neither,0.03945320844208391,0.33037608806864915,0.630170703489267
Bidet from Texas,neither,0.040937266849991,0.30518774380265185,0.6538749893473571
is that a matt mercer body pillow?,neither,0.042598975760532704,0.36228803845293767,0.5951129857865296
FlipThis,neither,0.03945320844208391,0.33037608806864915,0.630170703489267
all here cause episode 12 needs some explaining :D ?!,neither,0.05898056405715132,0.3823071574171613,0.5587122785256873
Yay Pillow Mercer!,neither,0.03945320844208391,0.33037608806864915,0.630170703489267
"marisha,,, who else??",neither,0.040518486114184266,0.43468329196204275,0.5247982219237731
Two more days until we all can scream again... and probably watch Caleb almost die... again...,neither,0.09479432910167385,0.26981378290274516,0.6353918879955811
@ABoyandHisSkeleton Welcome!!,neither,0.03945320844208391,0.33037608806864915,0.630170703489267
lady you're in muh view,neither,0.07080603753046638,0.34235554953755226,0.5868384129319814
good evening and bidet from Northern Virginia,neither,0.039133600219123786,0.29047822984336763,0.6703881699375086
and lots of talking about !,neither,0.037154037583801945,0.3173316273763519,0.6455143350398461
"marisha appreciating the body pillow, haha",neither,0.03569931533502569,0.3718701135282974,0.592430571136677
Bidet all!,offensive_language,0.046917543854519406,0.6277741405869331,0.3253083155585475
,neither,0.03945320844208391,0.33037608806864915,0.630170703489267
@JollyGreen1881 how do you know it isn't one?,neither,0.056449074344568084,0.41853295890299386,0.5250179667524381
"yes, yes it is",neither,0.04554890407683611,0.32827949881806173,0.6261715971051023
that's 60 paychecks Kappa,neither,0.03664806028317361,0.3607344143994939,0.6026175253173325
"As a concept, this show is crazy. It's a talk show about a live D&D show that happened 5 days ago.",neither,0.04529670624840982,0.32665761257787324,0.628045681173717
h /,neither,0.03945320844208391,0.33037608806864915,0.630170703489267
@Copper_monkey she is the view ;],neither,0.050188526970456754,0.4065418824628616,0.5432695905666816
"Besides Matt, who else will be on talks tonight?",neither,0.03722480005844902,0.3495928137946266,0.6131823861469243
"It's Matt and Marisha, the newlyweds.",neither,0.03612783294053162,0.26881219466527045,0.6950599723941979
Blaziken or salazzle??,neither,0.03945320844208391,0.33037608806864915,0.630170703489267
Bidet!,neither,0.03945320844208391,0.33037608806864915,0.630170703489267
"And yet, there's 3000 of us",neither,0.07027750270548808,0.2603573624000457,0.6693651348944663
......matt... and marisha... are going to be there... with pillow!matt. This is the best thing since sliced bread.,neither,0.048810202425250936,0.2904998919427793,0.6606899056319697
nice butt Mari xomSFKB,neither,0.04615489602162777,0.3864951570472381,0.5673499469311342
xemmyHi Bidet,neither,0.03945320844208391,0.33037608806864915,0.630170703489267
@stankattack I'm leaving now as per all of your recommendations. Thank you all for the concern and love. I'll see you all thursday hopefully! Bidet.,neither,0.065619699840381,0.45532275768272296,0.4790575424768959
Marisha,neither,0.03945320844208391,0.33037608806864915,0.630170703489267
is that marisha?,neither,0.05154613418987003,0.42924314326430335,0.5192107225458266
Ten bucks that Marisha takes the pillow tonight,neither,0.03482008892944515,0.3324618617862098,0.6327180492843452
Mariska,neither,0.03945320844208391,0.33037608806864915,0.630170703489267
"You could say, Matt will be beside himself for this Talks zekeYUP",neither,0.04542486007139873,0.3246410510425265,0.6299340888860747
Bidet from the watermelon capital of Texas critters,neither,0.03954759513296356,0.30504244495931904,0.6554099599077173
marisha,neither,0.03945320844208391,0.33037608806864915,0.630170703489267
black screen?,neither,0.0688425776513419,0.3074453880852506,0.6237120342634075
Finally able to watch one of these live!,neither,0.06186710747714482,0.4056545669003804,0.5324783256224748
this is Matts first Talks of the new campaign right?,neither,0.040713967154284936,0.26575374944288654,0.6935322834028285
"Our guests this Tuesday are Matt and Marisha, discussing episode 12!",neither,0.05253927350873721,0.28246634320307634,0.6649943832881864
bidet from Roseville CA !,neither,0.04084513770590474,0.30675141581570226,0.6524034464783931
Thats 60 time the cabbage smell,neither,0.03767625960617466,0.3332161243194165,0.6291076160744089
Omg,neither,0.03945320844208391,0.33037608806864915,0.630170703489267
that list FeelsBadMan,neither,0.03419525192306799,0.38790559219732307,0.5778991558796089
screen is fine,neither,0.048817592782144495,0.3271552468846161,0.6240271603332394
"Bidet From Tasmania, Australia",neither,0.04062582848913359,0.31047366557575606,0.6489005059351104
Bidet from Nor Calif,neither,0.04081748366884477,0.3072207769958956,0.6519617393352596
matt is on today!?!?! no way!!,neither,0.04183787790004088,0.33321809993078133,0.6249440221691778
larkin will maybe be on tonight as well....,neither,0.03449848173267524,0.33392392577001573,0.6315775924973089
