text,top_class,hate_speech,offensive_language,neither
@Leigh574 Same here!,neither,0.14187967449237004,0.2733123625359359,0.584807962971694
Fitting title :D,neither,0.03945320844208391,0.33037608806864915,0.630170703489267
@Leigh574 i love their show too,neither,0.05383945242485942,0.25944585089282,0.6867146966823207
@jpcguy89 It hasn't been updated yet.,neither,0.03808407315260224,0.33506548992063895,0.6268504369267588
Ah ok,neither,0.03938726060080474,0.3314953950453076,0.6291173443538877
ramaV ramaV ramaV ramaV ramaV ramaV ramaV ramaV,neither,0.03945320844208391,0.33037608806864915,0.630170703489267
"I like the animated episodes, but I think the live action ones have a bit more story to them",neither,0.05715483976542099,0.31410993946487464,0.6287352207697045
"That Time Machine has been in Gremlins, The Big Bang Theory, and the most prestigious sighting of all, Dick & Johnson.",offensive_language,0.03825378164550615,0.6351628779321228,0.32658334042237097
"Hi Sax, Hector, Jake, Daryl and Keller!",neither,0.03891443623813602,0.3039814381542129,0.6571041256076512
If you don't know what I'm talking about...it's obscure and you probably don't need to know :P,neither,0.05011087989176788,0.4285669143152805,0.5213222057929516
Asinine Wisdom HYPE!!!!,neither,0.03945320844208391,0.33037608806864915,0.630170703489267
its D&J squared,neither,0.03309144916294284,0.33256418880705063,0.6343443620300065
Let me know when I should refresh,neither,0.022518419840683864,0.4637132493844908,0.5137683307748253
gandsHecBird gandsHecBird well played sax,neither,0.03945320844208391,0.33037608806864915,0.630170703489267
#achinforajaken #crittendamn <3,neither,0.03945320844208391,0.33037608806864915,0.630170703489267
I've been wanting this for a while!!!!!!,neither,0.01754681632138748,0.29802116604283696,0.6844320176357755
,neither,0.03945320844208391,0.33037608806864915,0.630170703489267
Aw man I was hoping jake and Daryl were gonna be hipsters to hector and Keller’s woke red necks,neither,0.041195358161867424,0.33167066424001607,0.6271339775981164
Jake and Daryl were schooled by Havana last night!,neither,0.0351591131484587,0.31862832700298904,0.6462125598485522
@chaoticloony that was so fun last night. Havana was great,neither,0.0309741118935454,0.3701362619461244,0.5988896261603301
wow hector and keller next AW,neither,0.038293833452708086,0.3094750431805605,0.6522311233667314
NOW THATS A SHOW,neither,0.060415977178693,0.23277216377202764,0.7068118590492793
Havana was awesome,neither,0.03934439122183582,0.3322230002865739,0.6284326084915902
@Leigh574 Havana is always so much fun to watch!,neither,0.05047291881559431,0.39841367161768443,0.5511134095667213
indeed',neither,0.03945320844208391,0.33037608806864915,0.630170703489267
"in how long does crit role start, maesters ?",neither,0.027838256629996297,0.43555078761121546,0.5366109557587883
@chaoticloony Agreed,neither,0.03945320844208391,0.33037608806864915,0.630170703489267
yay reading!,neither,0.03945320844208391,0.33037608806864915,0.630170703489267
@CaptianTrips88 -> Only those that we deem worthy shall possess the power of the Hyperlink [warning],neither,0.048140585852785724,0.2990817588418225,0.6527776553053918
Vana is DA Bomb! ramaWave,offensive_language,0.10678268668596841,0.4723495296223991,0.4208677836916324
AWWE was really hoping for Pockety,neither,0.034672419195161557,0.30847540645524496,0.6568521743495935
@MommyLovesMeh you're a day early,neither,0.10454391927903267,0.29520254603656704,0.6002535346844002
yeah,offensive_language,0.013968601452186464,0.5182923869769311,0.4677390115708824
Mommy that's tomorrow,neither,0.035514044863995134,0.3732327384090086,0.5912532167269963
!wheniscr,neither,0.03945320844208391,0.33037608806864915,0.630170703489267
"Critical Role is on at 7 PM PDT on Thursdays, it is currently 5:10 PM PDT on Wednesday. There is 1 Days, 1 Hours, 49 Minutes, 25 Seconds until the next episode of Critical Role. This command has been run 888 times but has probably been asked about way more.",neither,0.04093086884556344,0.344020014852995,0.6150491163014415
rigged,neither,0.03945320844208391,0.33037608806864915,0.630170703489267
i am indeed,neither,0.03922850912367564,0.33045337246797235,0.630318118408352
http://www.wheniscriticalrole.com/ @MommyLovesMeh,neither,0.0364481805509037,0.2303424311669227,0.7332093882821735
26 hours to be exact,neither,0.04503595999887744,0.3302270642314227,0.6247369757696998
thanks,neither,0.035884468650613,0.3004919205142699,0.6636236108351171
!spelling,neither,0.03945320844208391,0.33037608806864915,0.630170703489267
"Stef is spelled with just one F, Ify is also spelled with just one F, Erika is spelled with a K, and Steflings is spelled with one E! Keller is only spelled with one Keller. Thanks! https://clips.twitch.tv/FriendlySlipperyPelicanFailFish",neither,0.032703284507210474,0.38199495958571156,0.5853017559070779
Pockety- The manifestation of Dick or Johnson’s imaginary friend. He’s angry with them about forgetting about him and leaving him to the Nothing,offensive_language,0.05216341346253449,0.5645488523342727,0.38328773420319273
Their names should be Peter Puffer and Willy Wrangler,neither,0.047741046848517835,0.32656844853697414,0.6256905046145079
LUL that dave,neither,0.03610647154096015,0.3666887312075105,0.5972047972515293
"To be fair, my panda stuffed animal was named panda and now I'm a creative piece of shit",offensive_language,0.0496445029057676,0.8232689626798501,0.1270865344143823
hahaha keller,neither,0.03945320844208391,0.33037608806864915,0.630170703489267
"So much CHAOS on one show, THIS IS MY HEAVEN!",neither,0.04009313548105634,0.4016506567538482,0.5582562077650954
A Friend in Your Pocketity,neither,0.09576147039846264,0.31460901334477664,0.5896295162567606
"What do you call the die, though?",neither,0.27068191037228617,0.13893100469841516,0.5903870849292988
@chaoticloony then this channel must be your nirvana,neither,0.07041575470116457,0.3128836863010199,0.6167005589978155
Glad to have you here @garthedes :),neither,0.16929114196945402,0.3279903566624234,0.5027185013681227
@chuckswain YES IT IS!!!!,neither,0.0504428408951861,0.3265962495318096,0.6229609095730043
@Greenlyon Frank,neither,0.03945320844208391,0.33037608806864915,0.630170703489267
"@garthedes Same here, glad you fell into the trap with me!",neither,0.06034717225157141,0.4241230504387266,0.5155297773097021
Holy crap this is an RPG? I thought it was just the cartoon.,neither,0.04214753130011964,0.265904396731186,0.6919480719686945
I was hoping for a die named Pockety ramaDerp,neither,0.13965062222525054,0.14920724893453094,0.7111421288402187
glad you stopped by @garthedes,neither,0.05915534889985305,0.43604162813495545,0.5048030229651915
Gary Buesey is probably still there,neither,0.04464640426923941,0.32117896860449646,0.6341746271262643
@Smarcey It started as an RPG and evolved into an animated RPG.,neither,0.03728805844038414,0.3203273369388123,0.6423846046208035
@Greenlyon I considered that answer but decided against it for some reason. Sorry I have failed you,neither,0.034706340491915545,0.36323484899816144,0.6020588105099232
lol,neither,0.020706217963973744,0.4882283491876925,0.4910654328483337
lol,neither,0.020706217963973744,0.4882283491876925,0.4910654328483337
Thats fantastic,neither,0.03945320844208391,0.33037608806864915,0.630170703489267
The funniest of RPGs,neither,0.03866754378390026,0.31604895161728125,0.6452835045988186
Forgiven ramaLul,neither,0.03945320844208391,0.33037608806864915,0.630170703489267
"Also, forgot @Danoba Happy Wednesday, hope you and everyone in the studio are doing well this week!",neither,0.08015520109311301,0.2919503801441511,0.6278944187627359
Having D&J and Weave on the same day is so much Chaotic fun!,neither,0.039524532070703756,0.3240680510006346,0.6364074169286615
"Originally, the Young & The Restless was transmitted by telegraph.",neither,0.03625791750990401,0.3822794496064971,0.5814626328835989
@chaoticloony Indeed!,neither,0.03945320844208391,0.33037608806864915,0.630170703489267
is that true?,neither,0.045422752526274854,0.38723307181673444,0.5673441756569907
@japenrose Happy Wednesday to you as well.,neither,0.059813390840504195,0.4000102287959742,0.5401763803635217
lmao,neither,0.03705015143476208,0.3711622369619404,0.5917876116032975
LUL,neither,0.03945320844208391,0.33037608806864915,0.630170703489267
lol,neither,0.020706217963973744,0.4882283491876925,0.4910654328483337
rofl,neither,0.03945320844208391,0.33037608806864915,0.630170703489267
ramaLul,neither,0.03945320844208391,0.33037608806864915,0.630170703489267
"Help G&S make great content! $4.99/month gets you emotes, Minecraft server access, sub-only VODs, and more! Every sub keeps the channel alive! twitch.tv/geekandsundry/subscribe",neither,0.043907990691603095,0.31135964332838284,0.644732365980014
LOL!!,neither,0.020706217963973744,0.4882283491876925,0.4910654328483337
and Sax broke,neither,0.03820167474042904,0.26152966026865415,0.7002686649909167
name one cajun dish,neither,0.038563885902341964,0.36304262664195036,0.5983934874557076
how long til daryl makes a weighicist comment about jake owning a restaurant?,neither,0.03853476294009168,0.34292195685914895,0.6185432802007593
"One of my favorite lies from John Hodgman's books is the claim that Battlestar Galatica, the 1979 TV show, was itself a reboot of a 1938 radio show.",neither,0.046915170691234284,0.31159992207211307,0.6414849072366526
i bet the plot twist is that it IS JAKE s kid all along,neither,0.04551041997173643,0.3835922404612904,0.5708973395669731
FRIDAY MENU,neither,0.03945320844208391,0.33037608806864915,0.630170703489267
@S0bchaks3curity a few minutes,neither,0.03945320844208391,0.33037608806864915,0.630170703489267
lol,neither,0.020706217963973744,0.4882283491876925,0.4910654328483337
roll the baby over,neither,0.0352183347493385,0.31455074236400404,0.6502309228866574
this is great,neither,0.049196619522103385,0.2924512674041193,0.6583521130737773
daryl went full method.... you never go full method,neither,0.0641199381087835,0.3631294416176196,0.5727506202735969
lol,neither,0.020706217963973744,0.4882283491876925,0.4910654328483337
When is Daryl going to start role playing?,neither,0.04057809544472912,0.3772263388571879,0.582195565698083
lol @chaoticloony,neither,0.020706217963973744,0.4882283491876925,0.4910654328483337
@chaoticloony lol,neither,0.020706217963973744,0.4882283491876925,0.4910654328483337
Was that candy wrapped?,neither,0.035888448443475295,0.36975388531437703,0.5943576662421477
"@chaoticloony Ohhhh, burn",neither,0.045087209094009234,0.23475239343544413,0.7201603974705467
lol,neither,0.020706217963973744,0.4882283491876925,0.4910654328483337
oh burn,neither,0.053154797289912556,0.1544328507976887,0.7924123519123987
@chaoticloony nice,neither,0.03945320844208391,0.33037608806864915,0.630170703489267
!points @chaoticloony,neither,0.03945320844208391,0.33037608806864915,0.630170703489267
"That was an excellent pun, @chaoticloony! Here, have some points for that one! You have been awarded 10 points!",neither,0.05046498532982415,0.38378550372833153,0.5657495109418443
lol @chaoticloony,neither,0.020706217963973744,0.4882283491876925,0.4910654328483337
not a pun but points all the same ;),neither,0.03704231875009038,0.3898403230494276,0.573117358200482
,neither,0.03945320844208391,0.33037608806864915,0.630170703489267
It deserved points. :),neither,0.038017898104202114,0.330869757110867,0.6311123447849308
LUL,neither,0.03945320844208391,0.33037608806864915,0.630170703489267
@shidareAKI Hey Aki!,neither,0.03945320844208391,0.33037608806864915,0.630170703489267
Spit take in 3... 2... 1...,neither,0.03945320844208391,0.33037608806864915,0.630170703489267
Hey @shidareAKI :),neither,0.03945320844208391,0.33037608806864915,0.630170703489267
@shidareAKI how do i crash my fan boat into chat?,neither,0.032733026487284184,0.38600249103829115,0.5812644824744246
hoooowdy doody folks!,neither,0.03945320844208391,0.33037608806864915,0.630170703489267
@shidareAKI Hey Aki,neither,0.03945320844208391,0.33037608806864915,0.630170703489267
Hi @shidareAKI,neither,0.03945320844208391,0.33037608806864915,0.630170703489267
"As we all know from Star Trek III The Search for Spock, it's easy to arrest rapid aging at exactly the right point to continue to keep using the same actor as before.",neither,0.038831519925158986,0.39866382481385026,0.5625046552609907
Hey @shidareAKI,neither,0.03945320844208391,0.33037608806864915,0.630170703489267
@S0bchaks3curity do you mean how do you get the colored font?,neither,0.06777122402907615,0.16580130205724514,0.7664274739136787
<3,neither,0.03945320844208391,0.33037608806864915,0.630170703489267
