text,top_class,hate_speech,offensive_language,neither
@chuckswain time literally and figuratively flies,neither,0.03808372614894582,0.3154272646029177,0.6464890092481366
hey all <3,neither,0.04285346742239823,0.46255625023407465,0.49459028234352725
Hello,neither,0.03945320844208391,0.33037608806864915,0.630170703489267
I’ve been meaning to watch Weave for a while now. But then I heard Marisha was going to be gming and I ran a fast as possible here,neither,0.043744885285950386,0.3103401099580977,0.6459150047559519
"Hello, ladies",neither,0.03938237264802851,0.3315783563604605,0.629039270991511
I swear there is a sound effect in this tune that reminds me of a subweapon in The Guardian Legend on NES,neither,0.035487560088235774,0.34793191359361425,0.6165805263181501
@Ripartist I'm like totally and completely excited. This is so exciting!,neither,0.05126050836525099,0.3407272237356806,0.6080122678990685
im not sure staying up untill 5:30am for this the night before i have to stay up until 3am for critical role was the best idea,neither,0.02702174527206541,0.42368698586996545,0.5492912688579691
!whodat,neither,0.03945320844208391,0.33037608806864915,0.630170703489267
AHHHHHHH!,neither,0.03945320844208391,0.33037608806864915,0.630170703489267
WOOOOOO,neither,0.03945320844208391,0.33037608806864915,0.630170703489267
Anything for marisha,neither,0.03037583224957868,0.28517448436275666,0.6844496833876647
:D,neither,0.03945320844208391,0.33037608806864915,0.630170703489267
Marisha!!,neither,0.03945320844208391,0.33037608806864915,0.630170703489267
Woo!,neither,0.03945320844208391,0.33037608806864915,0.630170703489267
gandsSubHype gandsSubHype gandsSubHype,neither,0.03945320844208391,0.33037608806864915,0.630170703489267
gandsSubHype gandsSubHype gandsSubHype gandsSubHype gandsSubHype gandsSubHype gandsSubHype gandsSubHype gandsSubHype gandsSubHype,neither,0.03945320844208391,0.33037608806864915,0.630170703489267
ahhhhhh,neither,0.03945320844208391,0.33037608806864915,0.630170703489267
*applause*,neither,0.03945320844208391,0.33037608806864915,0.630170703489267
"Amy Dallen ( twitter.com/enthusiamy ), Taliesin Jaffe ( twitter.com/executivegoth ), Matt Key ( twitter.com/TheMattKey ), and Ashley Esqueda ( twitter.com/AshleyEsqueda ).",neither,0.03839298789203554,0.44818062078933874,0.5134263913186256
yaaaaaay fences are suggestions!,neither,0.07049609250566351,0.2782067879527085,0.651297119541628
YEAH MARISHA,offensive_language,0.013968601452186464,0.5182923869769311,0.4677390115708824
!whodat,neither,0.03945320844208391,0.33037608806864915,0.630170703489267
I <3 Marisha.,neither,0.03945320844208391,0.33037608806864915,0.630170703489267
ive missed every one of these so far :( but im finally here!,neither,0.06914759123468789,0.4309169043821193,0.49993550438319284
MrDestructoid MrDestructoid MrDestructoid MrDestructoid MrDestructoid,neither,0.03945320844208391,0.33037608806864915,0.630170703489267
As long as they keep it on the down low. Or low-key low-ki Loki... @TiamatZX,neither,0.03565033604530376,0.35676524619065003,0.6075844177640461
@shadowstorm_0 same,neither,0.04148851938089603,0.3488915597363099,0.609619920882794
<3,neither,0.03945320844208391,0.33037608806864915,0.630170703489267
"Help G&S make great content! $4.99/month gets you emotes, Minecraft server access, sub-only VODs, and more! Every sub keeps the channel alive! twitch.tv/geekandsundry/subscribe",neither,0.043907990691603095,0.31135964332838284,0.644732365980014
"Hi Gina, Whitney, Marisha, Becca and Amy!",neither,0.03882788631130355,0.299422105481188,0.6617500082075084
"@GeekandSundry Welcome Marisha! Good luck, and let the fun COMMENCE",neither,0.027734400804056054,0.31410229849071303,0.658163300705231
Glad Whitney is back.,neither,0.04695113213924911,0.3277972082873852,0.6252516595733657
"(Marisha, Amy, Becca, Whitney, Gina :3 )",neither,0.03945320844208391,0.33037608806864915,0.630170703489267
first time here,neither,0.08737365243278539,0.3091648451225356,0.603461502444679
This is my first time watching WEAVE,neither,0.028917737860710585,0.42107925020349385,0.5500030119357955
And back =D new subber,neither,0.04292148614240448,0.14833031412317513,0.8087481997344204
Loving you all and thanks for the fun night in stories.,neither,0.03735086753527801,0.32885406456799854,0.6337950678967235
"Weave with Marisha, where the sleeves are bullshit and bears steal honey. ;)",neither,0.051788795106405563,0.34918982678747645,0.599021378106118
totally ignoring the fact i have an 8am tomorrow haha its 12:30am for me,neither,0.027793495770972416,0.36593577032273245,0.6062707339062952
Hooray Weave!,neither,0.03945320844208391,0.33037608806864915,0.630170703489267
@VoxFan1966 Welcome and enjoy!,neither,0.03860730184226345,0.28722824611601955,0.6741644520417169
Be Nice to Marisha Ray.,neither,0.047679225952960015,0.33010944477164883,0.6222113292753911
PogChamp This game is gonna awesome,neither,0.045649941513551076,0.33292485211352885,0.6214252063729201
what is weave?,neither,0.05950024602251221,0.3208479965683904,0.6196517574090973
its a meesha,neither,0.02700859978372578,0.3346563596412867,0.6383350405749875
heck yea y’all!!!,neither,0.041056239484187365,0.40708052466862205,0.5518632358471907
"Help G&S make great content! $4.99/month gets you emotes, Minecraft server access, sub-only VODs, and more! Every sub keeps the channel alive! twitch.tv/geekandsundry/subscribe",neither,0.043907990691603095,0.31135964332838284,0.644732365980014
gonna hang out here until midnight when I turn into a pumpkin,neither,0.05116401364891375,0.37655291365884386,0.5722830726922424
WHOO!,neither,0.03945320844208391,0.33037608806864915,0.630170703489267
"YAH, MARISHA!!!",neither,0.03945320844208391,0.33037608806864915,0.630170703489267
i have pleurisy so please refrain from being funny.,neither,0.035280256252465204,0.3927847279923762,0.5719350157551587
@Shadowstorm_0 You should be in bed young lady! :P,offensive_language,0.06653299775940613,0.4698455726809764,0.4636214295596175
I believe weave is a hair style,neither,0.046121561021172944,0.32808253583537506,0.625795903143452
"@MrBigBentz It is a RPG system that uses dice, cards and an app",neither,0.04051672749597116,0.3265435297797379,0.6329397427242909
@misssunflower94 stay strong tangy!!!,neither,0.03945320844208391,0.33037608806864915,0.630170703489267
Ha @misssunflower94,neither,0.03945320844208391,0.33037608806864915,0.630170703489267
hey there @chaoticloony =DF,neither,0.03938029150373122,0.2895147936586555,0.6711049148376133
I didn't know this was a thing.......I AM SO HAPPY TO KNOW THIS IS A THING! 8D,neither,0.03751471533663483,0.3831952131641068,0.5792900714992584
@MrBigBentz A very new RPG system that uses a tarot deck combined with an app to build dynamic stories,neither,0.03688889069455624,0.3207497919178351,0.6423613173876087
Hi @Ripartist,neither,0.03945320844208391,0.33037608806864915,0.630170703489267
@hundredsofsmallbirds the magic that keeps me animated only lasts so long!,neither,0.032461525794854104,0.39087595959462323,0.5766625146105226
"hi guys! @MrBigBentz Weave is a rpg game based on tarot cards, dice and an app. it is fast, and easy and rules lite.",neither,0.04316768724101872,0.2676930438930234,0.6891392688659578
"so, are they going to be playing D&D?",neither,0.07775845299284795,0.3570396538903035,0.5652018931168487
GeekandSundry / Danoba... i have noticed the pre-show title cards have been extremely short lately... is that intentional? i liked when they stayed up for a while before the show starts to give me time to tune on time,neither,0.04083333882954845,0.36002836586489884,0.5991382953055527
@misssunflower94 i think I'm turning into a sleepy rainbow birb atm so we can be bird and gourd together,neither,0.0099980569451212,0.14436644168978086,0.8456355013650979
Hi @Mainnalle,neither,0.03945320844208391,0.33037608806864915,0.630170703489267
They should try to get Laura Bailey as the next guest!!,neither,0.04876407838148771,0.3746552219865325,0.5765806996319799
@GeekandSundry Could use a volume boost,neither,0.018145352335073445,0.4004467772508345,0.5814078704140921
I want Marisha Ray on Shield of Tomorrow.,neither,0.0369026296767865,0.33978677049963374,0.6233105998235797
Yay! Whiteny's back!,neither,0.03945320844208391,0.33037608806864915,0.630170703489267
I do need to look into what my city's 826 is - I know we have one,neither,0.04596581692555528,0.4140748350419374,0.5399593480325073
So like D&D but different?,neither,0.048824840147860905,0.4285360101036052,0.5226391497485339
@VoxFan1966 Twitch doesn't have a generic RPG tag,neither,0.03909503928363092,0.33645515343461374,0.6244498072817555
hello everyone!,neither,0.03269494828970791,0.4450814005079928,0.5222236512022994
@belleuchtung Might be a bit difficult given she's pregnant.,neither,0.040713382386744566,0.38981168926190457,0.569474928351351
"@VoxFan1966 It is a RPG, but a different system",neither,0.04227181169386934,0.3379694651396411,0.6197587231664896
PogChamp I wish I had that at my School as a kid,neither,0.025799890821396596,0.4773147601089844,0.496885349069619
@MrBigBentz close enough,neither,0.03945320844208391,0.33037608806864915,0.630170703489267
Hi @Rachel_Iriswings,neither,0.03945320844208391,0.33037608806864915,0.630170703489267
"@MrBigBentz Kind of, yes",neither,0.03945320844208391,0.33037608806864915,0.630170703489267
i like gina's t-shirt,neither,0.05776902341798489,0.3555857992240617,0.5866451773579534
@phoenixgoth bird and gourd unite!,neither,0.0025317570217859055,0.04751805973106387,0.9499501832471502
Oh boy,neither,0.04768565599480007,0.25364348607606696,0.698670857929133
!whodat,neither,0.03945320844208391,0.33037608806864915,0.630170703489267
"Amy Dallen ( twitter.com/enthusiamy ), Becca Scott ( twitter.com/thebeccascott ), Whitney Moore ( twitter.com/tweetneymoore, Gina DeVivo ( twitter.com/pocketgina ), and guest Storyteller Marisha Ray ( twitter.com/Marisha_Ray )",neither,0.038436898507379386,0.45323247648589415,0.5083306250067264
The Gloomies are my favorite,neither,0.051543602270008274,0.36271191622781845,0.5857444815021733
What if beau was on shield of tomorrow?,neither,0.023073503672954465,0.4020247048053809,0.5749017915216647
"In the words of Shia LeBeouf: ""JUST DO IT""",neither,0.03509356638426603,0.3341794342289958,0.6307269993867382
@misssunflower94 i'm a cat with wings :3,neither,0.028365271788828104,0.3692104660614002,0.6024242621497716
@phoenixgoth Bird-cat,neither,0.0009569892969299267,0.02696295327333378,0.9720800574297362
Someone say Video Games??!?,neither,0.04506457869414739,0.2351364903817369,0.7197989309241157
Cat bird,neither,0.0009569892969299267,0.02696295327333378,0.9720800574297362
"so now marisha has been on Weave, When is Amy going to be on Critical Role?",neither,0.03744536651576919,0.40623747467976706,0.5563171588044638
Gloom Bay Boardwalk: it's as fun as it sounds.,neither,0.034901267622398265,0.37740479360975115,0.5876939387678505
omg it's really Marisha,neither,0.03750177005226956,0.3310472772152895,0.6314509527324411
interested but it's also 12:30 in the morning here and I need sleep,neither,0.06529748560690563,0.20204556664257775,0.7326569477505166
"to the tune of Beauty School Drop-out, Leaderboard Lockout~",neither,0.046916792357514434,0.32543846825848277,0.6276447393840029
We did have Amy V on CR last year. Here's hoping Amy D is next,neither,0.059119013516670225,0.3295562281817247,0.611324758301605
@aleph_sharp We SOO need that!,neither,0.03491664381022004,0.37720509058388957,0.5878782656058903
has the show been on long? missed the start,neither,0.04657008992849525,0.25763792622405396,0.6957919838474507
Video games? What a trend. Kappa,neither,0.047739045841559524,0.2597177098714346,0.6925432442870059
"@misssunflower94 you joke, but there is actually a species called catbird.",neither,0.055815307485598695,0.3346683943494244,0.609516298164977
@lacedaisies Nope,neither,0.03945320844208391,0.33037608806864915,0.630170703489267
"@lacedaisies nah, just started",neither,0.0340932481049105,0.3558777131944996,0.6100290387005898
@lacedaisies no not long,neither,0.03608779127956532,0.3551025551237452,0.6088096535966895
would you say Amy is enthusiastic?,neither,0.06646217030030677,0.36660819444219794,0.5669296352574954
It's just startnig,neither,0.026790885577279128,0.38170409297443025,0.5915050214482905
my life would be complete if Amy D guests on CR,neither,0.02015164250207599,0.45656144738082005,0.523286910117104
awesome thanks,neither,0.03702831964595965,0.31007038148356736,0.652901298870473
@misssunflower94 just a lil,neither,0.031578704653993976,0.3687950464121793,0.5996262489338267
What's our setting this week?,neither,0.04416913627835728,0.3283101816177126,0.6275206821039302
I remember when Eric made a Keyfish reference on SoT.,neither,0.030375475241232013,0.3763469687823299,0.593277555976438
Gloomies,neither,0.03945320844208391,0.33037608806864915,0.630170703489267
Favorite card drawn so far?,neither,0.03941253560888389,0.37248462302637303,0.588102841364743
THANK GOODNESS FOR TWITTER PUSHES. I almost missed this,neither,0.03484835245444108,0.3833119254721459,0.5818397220734132
Also on a completely unrelated note: lol I'm so done trying to get Alpha to stream live at a decent quality. No issues on Twitch of course.,neither,0.03942549156696217,0.3969358701030067,0.5636386383300312
Becca smash,neither,0.03945320844208391,0.33037608806864915,0.630170703489267
"@aleph_sharp On the one hand I'd love to see that on the other, given how toxic parts of the fandom are towards people (especially -it seems- women) who don't play exactly how they want... I don't wish that on her at all.",offensive_language,0.04958841661363552,0.5153394864231999,0.4350720969631647
LUL,neither,0.03945320844208391,0.33037608806864915,0.630170703489267
woohoo! brooks ftw!,neither,0.03945320844208391,0.33037608806864915,0.630170703489267
"Yes, I've been watching Shield of Tomorrow. I've gotten hooked",neither,0.016650312940076812,0.3118374419515854,0.6715122451083377
am I late?,neither,0.03919336354151632,0.3304654606452988,0.6303411758131848
"i've been really curious about Weave but haven't been able to see the game played yet, so i'm glad i could make this stream",neither,0.028719374132838316,0.33473787478191736,0.6365427510852443
for real tho I’ve had a lot of gin so i prolly won’t be mad active lmao,neither,0.02032828590556016,0.40006731813903484,0.5796043959554049
"Nope, just started",neither,0.03453888605347557,0.353655054651338,0.6118060592951864
"If you want to know more about Weave, and maybe play a game, come join us in our Discord! We can help you learn, work on custom playsets (worlds), and have our own Weave Society games we run every wednesday! https://discord.gg/UzMNCma",neither,0.0617883604404343,0.3476041328555548,0.590607506704011
@littledesciple7 Just started,neither,0.032803472495977,0.36242220823605287,0.6047743192679701
Ooo Gm discretion,neither,0.03945320844208391,0.33037608806864915,0.630170703489267
VG tourney in the Gloomies,neither,0.037091980359884744,0.28472846616514075,0.6781795534749746
ok thank god,neither,0.03893777753327124,0.339124295758681,0.6219379267080477
"I will never forget Amy chasing everyone with an ax, while Erika ate her cereal while running",neither,0.027879793860130554,0.4812656682519638,0.4908545378879056
juliaGood wishgiver,neither,0.03945320844208391,0.33037608806864915,0.630170703489267
No cards revealed yet,neither,0.038562896399723004,0.34548700695679146,0.6159500966434857
@hundredsofsmallbirds was it good gin?,neither,0.037222229660587206,0.3332285421681434,0.6295492281712692
I caught up on all the episodes of Weave the last 2 weeks. Such a cool system,neither,0.03644631041927285,0.3822255421181376,0.5813281474625895
I like Amy's mug!,neither,0.04880131144143785,0.3440926551416793,0.6071060334168829
@hundredsofsmallbirds sitting back and letting the story wash over you is also a valid choice. :),neither,0.050382126730144666,0.31978148563453124,0.6298363876353241
ooo the mask plus sneaky!,neither,0.038846309104639716,0.3193611407262563,0.6417925501691041
@chaoticloony Ha ha,neither,0.03945320844208391,0.33037608806864915,0.630170703489267
get em mom!,neither,0.03876881970159437,0.3419919511070411,0.6192392291913645
@misssunflower94 i don’t have money so it’s pretty garbage but i like it,neither,0.04187863993451845,0.39636060878370943,0.561760751281772
"Actually, you wanna know who would be a real hoot as a guest on CR? Sam de Leve. They would be an amazing enby PC.",neither,0.04050046500424051,0.4486358398268065,0.510863695168953
@stargazer1977 im pumped for that tbh!!,neither,0.03105643887379976,0.3648516013541002,0.6040919597721001
OH HEY THAT IS ME I MADE THAT,neither,0.03661770022561729,0.3960449719342029,0.5673373278401798
@hundredsofsmallbirds that's what matters,neither,0.041025805989884034,0.37461014155155375,0.5843640524585622
@hundredsofsmallbirds you'd beginned to begone of the gin?,neither,0.0683488427155197,0.35605589457089476,0.5755952627135856
@tiamatzx I'm surprised they haven't yet,neither,0.03945320844208391,0.33037608806864915,0.630170703489267
"Thanks for the promotion, Weave Society@",neither,0.0337163236429059,0.2903147339692048,0.6759689423878893
Marisha’s such an amazing GM. This is gonna be great.,neither,0.04341218946395746,0.3392615659061933,0.6173262446298493
gandsHecBird gandsHecBird gandsHecBird,neither,0.03945320844208391,0.33037608806864915,0.630170703489267
@thetriscuit it’s so pretty,neither,0.037241986273676884,0.4024639365070429,0.5602940772192803
"@TiamatZX I am always on the ""Put Sam in all the RPGs"" train",neither,0.03624706508973802,0.3943547080865713,0.5693982268236908
@chuckswain gin is gettin my goat,neither,0.035615910823959956,0.3972009471885492,0.5671831419874909
LOL,neither,0.020706217963973744,0.4882283491876925,0.4910654328483337
OMG,neither,0.03945320844208391,0.33037608806864915,0.630170703489267
Hehhehehhehehhehehhehe,neither,0.03945320844208391,0.33037608806864915,0.630170703489267
"oh man, and i'm eating triscuits",neither,0.04484969777595171,0.29229663221330704,0.6628536700107412
LOL,neither,0.020706217963973744,0.4882283491876925,0.4910654328483337
Oh my gosh. Amy playing a 5-year-old is gonna be adorable,neither,0.039238874896316535,0.38003049301593345,0.5807306320877501
oh my god that's amazing,neither,0.02941252878590187,0.4077605309220861,0.562826940292012
"Aww, wee 5-year-old Amy.",neither,0.03945320844208391,0.33037608806864915,0.630170703489267
...anime backstory lol,neither,0.030519324274572414,0.39614728109255143,0.5733333946328761
@shidareAKI I love Sam on SoT. Rue is such an amazing XO,neither,0.04136796046609319,0.3421812760394914,0.6164507634944153
=D ooh this will be fun,neither,0.04119976164925802,0.31215923067184986,0.6466410076788921
I'm the conductor of the put Amy Dallen in everything train. :P @shidareAKI,neither,0.03835889069750775,0.3102424321875606,0.6513986771149316
"I really don't intend this to be rude, but a child character is kind of perfect for Amy",neither,0.04198356201068549,0.3180685533151291,0.6399478846741855
@TheTriscuit Thank you for being here,neither,0.1038788374202495,0.33230551662744195,0.5638156459523085
Sam is just a really great rper,neither,0.040484868017640424,0.3235761739626229,0.6359389580197367
5 year old... perfect,neither,0.03945320844208391,0.33037608806864915,0.630170703489267
LUL BECCA,neither,0.03945320844208391,0.33037608806864915,0.630170703489267
YES.,neither,0.03945320844208391,0.33037608806864915,0.630170703489267
yes.,neither,0.03945320844208391,0.33037608806864915,0.630170703489267
I loved Sam in Vast too they were great,neither,0.03825472447065732,0.30322175833151915,0.6585235171978235
Want the inside scoop? Join the cast of Critical Role and discuss this episode right here on Talks Machina. Tuesdays 7pm Pacific at twitch.tv/geekandsundry and projectalpha.com,neither,0.04630302093207864,0.22484473131932575,0.7288522477485957
what have i missed?,neither,0.045722011373211045,0.33661266896617503,0.6176653196606138
a little german 5yo!!,neither,0.039107972608728434,0.33623564115441995,0.6246563862368515
There is no such thing as too much D&D!,neither,0.040036371569100046,0.3343351985026391,0.6256284299282608
"Amy regressing to the age of 5, and yet I don't think she'd be that different",neither,0.0412645614458797,0.3652186213935549,0.5935168171605655
Not much,neither,0.030818230880337423,0.34137555953840104,0.6278062095812615
@stargazer1977 thats a great gig,neither,0.03767153725257469,0.3066999276701136,0.6556285350773117
@stargazer1977 I'd love a CR/Weave crossover one shot with all the ladies from both playing D&D together,neither,0.032136131834755624,0.39561243032323457,0.5722514378420098
Amy - MaskBecca - Gateway,neither,0.03945320844208391,0.33037608806864915,0.630170703489267
it didn't let me watch when it came on as it said it was only for subbers,neither,0.015067704962617156,0.4225476525196158,0.562384642517767
"@silverstardruid Not much, just getting started",neither,0.027091033963169964,0.4244346407846243,0.5484743252522059
Deustche! snake!,neither,0.03945320844208391,0.33037608806864915,0.630170703489267
of course im in love w marisha that’s just law,neither,0.03012115015116964,0.41807838100946126,0.5518004688393691
she's using her Beau voice. 😂😂😂,offensive_language,0.029016131656874524,0.691363471958074,0.27962039638505154
Nukes Bizooks?,neither,0.03945320844208391,0.33037608806864915,0.630170703489267
LUL,neither,0.03945320844208391,0.33037608806864915,0.630170703489267
*danke wow,neither,0.03945320844208391,0.33037608806864915,0.630170703489267
Nukes Bazooks,neither,0.03945320844208391,0.33037608806864915,0.630170703489267
@chuckswain it is a very satisfying occupation. :),neither,0.04553920816171285,0.3282828336878846,0.6261779581504024
Speil mit meir Weave Amy,neither,0.03945320844208391,0.33037608806864915,0.630170703489267
what is the theme this time @TheTriscuit,neither,0.05094252709879303,0.3283139840735765,0.6207434888276305
Bazooks* oof,neither,0.03945320844208391,0.33037608806864915,0.630170703489267
"Nukes Bazookes, the Metal SLug of Weave",neither,0.0386050470693365,0.31488260379460975,0.6465123491360537
I'd play Nukes Bazooks,neither,0.03945320844208391,0.33037608806864915,0.630170703489267
English in chat please,neither,0.03945320844208391,0.33037608806864915,0.630170703489267
That's better than Matt Hazard.,neither,0.03616200806229683,0.3682013427906164,0.5956366491470868
serious BOXES OF GAMES,neither,0.03945320844208391,0.33037608806864915,0.630170703489267
"Monks are not the best at being low-key, unless they constantly do Flurry of Blows.",neither,0.04783929276814037,0.32311865046941385,0.6290420567624457
Ha ha,neither,0.03945320844208391,0.33037608806864915,0.630170703489267
very true @tiamatzx,neither,0.03945320844208391,0.33037608806864915,0.630170703489267
Welcome Marisha!,neither,0.03945320844208391,0.33037608806864915,0.630170703489267
@silverstardruid They're in gloomies this week,neither,0.06312022918266312,0.2966859017746961,0.6401938690426406
Nukes Bazooks sounds like the sequel to Missile Command. A game I played way too much in my youth.,neither,0.038296795694394745,0.3524377387440524,0.6092654655615529
Hi how r u,neither,0.03945320844208391,0.33037608806864915,0.630170703489267
Sounds like a crazy version of Snakes and Laddes,neither,0.03743403314745958,0.39014751679448345,0.5724184500580569
Does Game Genie have any codes for Nukes Bazooks?,neither,0.02637708755529148,0.3794257788392797,0.5941971336054289
sounds like an awesome drink!,neither,0.04918717083794837,0.33941453047347697,0.6113982986885745
no you don't amy,neither,0.05742419152118357,0.40061916499290356,0.541956643485913
*Ladders,neither,0.03945320844208391,0.33037608806864915,0.630170703489267
"I vote for Becca! thats not rigged, right?",neither,0.03330051021059348,0.3248928145660504,0.6418066752233561
@TheTriscuit thank you,neither,0.07325166854587051,0.43632638485078484,0.49042194660334476
@thetriscuit what is the screen made of,neither,0.0536992843080626,0.306701962559351,0.6395987531325865
nukes bazooks is the off brand duke nukem,neither,0.04564913941398324,0.31408143150441464,0.6402694290816021
It is never rigged @Geekstronaut,neither,0.04157283650881349,0.36940795017293054,0.589019213318256
@stargazer1977 isnt Missile Command the one where you use missiles from other missiles from destroying your buildings?,neither,0.03963565776448935,0.3668189128864816,0.593545429349029
"Mmm Tortoise, sounds fun",neither,0.03945320844208391,0.33037608806864915,0.630170703489267
"Speaking of monks, I have a tabaxi kensei monk lined up. Pretty good with a longsword, not very charismatic",neither,0.029252896642155957,0.3986119890571165,0.5721351143007275
"I like how this already sounds like a more subdued Gloomy story... of course, it's kind of impossible not to be more subdued than Amy's buckwild story",neither,0.05161807502710383,0.3490857724033512,0.599296152569545
"@Sirenhunter5 yup, that's the one.",neither,0.03327384749701396,0.39357965964527253,0.5731464928577135
the hell is this?,offensive_language,0.05518685651586108,0.8320147910861033,0.11279835239803569
this is amazing,neither,0.050638740814203484,0.3285866302672563,0.6207746289185402
"Gloom Bay, the place where all the kids are underage drivers",neither,0.05773374490244177,0.2714832816083558,0.6707829734892025
LUL,neither,0.03945320844208391,0.33037608806864915,0.630170703489267
Let's hope Amy's 5-year-old ends up driving.,neither,0.0449702429960708,0.310069692392939,0.6449600646109902
!wtfisthis @TurtlesAndTentacles,neither,0.03945320844208391,0.33037608806864915,0.630170703489267
"Weave Society is the RPG tale for the digital age. Storytellers Amy Dallen, Whitney Moore, Becca Scott, Stef Woodburn, and Gina DeVivo come together to jump into one of the many fantastical worlds of Weave. Where will they end up next?",neither,0.03997484976940308,0.3113440925008771,0.6486810577297198
Marisha's face XD,neither,0.03945320844208391,0.33037608806864915,0.630170703489267
"@Robjamesmorgan Walnut, Zebrawood, and curly maple",neither,0.0387388866680317,0.29461008873854855,0.6666510245934197
@stargazer1977 I grew up with Playstation but Missile Command was far more entertaining to me lol,neither,0.027441431005083085,0.42498063740591424,0.5475779315890027
"""trouble"" maker",neither,0.03945320844208391,0.33037608806864915,0.630170703489267
didn't Aladdin say that exact same thing before he got caught?,neither,0.0295537695008006,0.4397430477479576,0.5307031827512418
