text,top_class,hate_speech,offensive_language,neither
@Elliebeatall always! <3,neither,0.03557448528484342,0.4519132619047061,0.5125122528104504
Hello my Fellow Wednesdaisies,neither,0.02863327582006775,0.4142535028480885,0.5571132213318439
Woo! Made it home from work just in time! Hi Wednesdasies!,neither,0.03547906724383859,0.3458608664038501,0.6186600663523112
We have a subscriber-only Discord server! Join here: https://discord.gg/geekandsundry (you'll need to sub and link it to your Twitch) and be a part of the fun!...Warning: It can take up to an hour for the server to update and give you access to the channels,neither,0.08464076273808444,0.286394834032893,0.6289644032290227
@Vance1982 I think they did it a few months back,neither,0.03868261145194909,0.3231537400879794,0.6381636484600716
Found them!,neither,0.06276993460155672,0.31781705712069236,0.619413008277751
woooo,neither,0.03945320844208391,0.33037608806864915,0.630170703489267
eyyy!,neither,0.03945320844208391,0.33037608806864915,0.630170703489267
here we go!,neither,0.13156755280784707,0.2765461283225309,0.5918863188696221
it time!,neither,0.034389982057555904,0.3710596410554468,0.5945503768869974
oh man im excited i know so little abt the topic like usual im ready to Learn,neither,0.049231073232137317,0.3907949580873713,0.5599739686804914
they did a young avengers ep already @Vance1982,neither,0.036717691820460405,0.3768049442670935,0.5864773639124461
Is my chat working? I see nothing...,neither,0.033426733106957096,0.4344455009266659,0.532127765966377
reading the Children's Crusade atm,neither,0.03874288977941529,0.3174492071265524,0.6438079030940324
\o/,neither,0.03945320844208391,0.33037608806864915,0.630170703489267
Hellooooo everyone!,offensive_language,0.02988896790634741,0.4927062106388782,0.4774048214547744
hello Wedsdaisy,neither,0.03945320844208391,0.33037608806864915,0.630170703489267
Yay!,neither,0.03945320844208391,0.33037608806864915,0.630170703489267
Woo!!!,neither,0.03945320844208391,0.33037608806864915,0.630170703489267
oh no WE'RE DEAD,neither,0.06644198257717392,0.2632644611527031,0.670293556270123
No don't unplug us! NOooooo!,neither,0.11228006302695924,0.3347653247325755,0.5529546122404652
Hello!,neither,0.03945320844208391,0.33037608806864915,0.630170703489267
the intro continues to startles me,neither,0.03753193631552828,0.3463977630138185,0.6160703006706533
WoooQ!,neither,0.03945320844208391,0.33037608806864915,0.630170703489267
yes!,neither,0.03945320844208391,0.33037608806864915,0.630170703489267
CHAT IS DEAD,neither,0.04872566627007823,0.32718686462746127,0.6240874691024605
"Morning,peoples",neither,0.047983955572450006,0.18558704579041457,0.7664289986371354
doogHi doogPaw,neither,0.03945320844208391,0.33037608806864915,0.630170703489267
@derixyleth I see your words,neither,0.08665925237851774,0.31719857931852347,0.5961421683029589
#Unplugged,neither,0.03945320844208391,0.33037608806864915,0.630170703489267
oh I need to go back and watch it then,neither,0.05547409717544551,0.24777144267902826,0.6967544601455262
acoustic chat?,neither,0.03945320844208391,0.33037608806864915,0.630170703489267
rip us,neither,0.09482184423045051,0.3191096458014945,0.5860685099680549
rooComfy hey chat,neither,0.03945320844208391,0.33037608806864915,0.630170703489267
Helloooooooo! <3,neither,0.03945320844208391,0.33037608806864915,0.630170703489267
THE CHAT:UNPLUGGED,neither,0.038248109054999424,0.30812809647739126,0.6536237944676092
"we're not dead, we feel fine.",neither,0.05220823651264486,0.3155580956073508,0.6322336678800042
Do we need them to get this party started?,neither,0.05932797655814548,0.3289392577821782,0.6117327656596764
"Chat unplugged? Well, okay... *pulls out acoustic guitar*",neither,0.036870918406082934,0.3401159352862247,0.6230131463076923
heyyy :),neither,0.03945320844208391,0.33037608806864915,0.630170703489267
Everyone stop posting and pretend to be dead,neither,0.039003727946541375,0.4263055292678283,0.5346907427856304
so is this heaven? or one of the other places?,neither,0.043820873422644215,0.37303666330548063,0.5831424632718751
Wednesdaisies UNPLUGGED,neither,0.03945320844208391,0.33037608806864915,0.630170703489267
"there is no chat, only spoon",neither,0.04688912928108292,0.2990649858492082,0.6540458848697088
hey everyone! jamieCare,neither,0.031959242684595296,0.4575682446653829,0.5104725126500218
hi special guest!,neither,0.0684217558986437,0.3132192241324133,0.6183590199689429
"Hi Amy, Taliesin, and Matt! Welcome Ashley!",neither,0.038935965177484114,0.30509875645752255,0.6559652783649933
"Download the new Critical Role theme song for Campaign Two! http://itunes.apple.com/album/id1331550250?ls=1&app=itunes Sales of the song support the musician, Jason Charles Miller.",neither,0.04445767596344001,0.2510827790306858,0.7044595450058742
"Yeah, had to refresh to see anything. That was weird. And then they said chat was unplugged and it was weird.",neither,0.03397546313615282,0.3618496898682089,0.6041748469956383
hi! *waves*,neither,0.03945320844208391,0.33037608806864915,0.630170703489267
HeyGuys HeyGuys HeyGuys HeyGuys HeyGuys HeyGuys HeyGuys,neither,0.03945320844208391,0.33037608806864915,0.630170703489267
"Hello Amy, Taliesin and Matt, and good to meet ya Ashley!",neither,0.03259330275778242,0.42429666085698936,0.5431100363852284
Hector is quite the diva LUL,neither,0.04444540069290667,0.3169896537025786,0.6385649456045147
Hi everybody! So excited to finally be able to watch live!,neither,0.05557847631397719,0.35218635032182954,0.5922351733641933
nice to meet u ashley!!,neither,0.04555189956860623,0.32680259911880366,0.6276455013125901
Bidet!,neither,0.03945320844208391,0.33037608806864915,0.630170703489267
I love your hair Ashley,neither,0.0659602897789742,0.33504122751334803,0.5989984827076777
I love her glasses!,offensive_language,0.026813896349451593,0.597640302793759,0.3755458008567894
Oh man,neither,0.0497452509521963,0.354443561064239,0.5958111879835646
"Help G&S make great content! $4.99/month gets you emotes, Minecraft server access, sub-only VODs, and more! Every sub keeps the channel alive! twitch.tv/geekandsundry/subscribe",neither,0.043907990691603095,0.31135964332838284,0.644732365980014
MP is a... whew,neither,0.081172750358939,0.3160268245287109,0.60280042511235
"Is it me, or does Amy's hair look different?",neither,0.029471746165122117,0.44455615335719034,0.5259721004776876
@GlacierWulf nope. its Iowa Kappa,neither,0.03497528891061295,0.3319162499332202,0.6331084611561669
ugh my twitch is still being dumb but whatever,neither,0.030763322600743336,0.4189945701786759,0.5502421072205806
I only caught a glimpse,neither,0.03945320844208391,0.33037608806864915,0.630170703489267
Hello,neither,0.03945320844208391,0.33037608806864915,0.630170703489267
I wish Ashley Johnson could hve been there too. She loves Bitch Planet.,offensive_language,0.016843552601720588,0.9806997305652024,0.002456716833076976
Manhattan project? like the bomb?,neither,0.049309340218401304,0.32868853542335646,0.6220021243582422
SeriousSloth Give us the dirty det's on the Writers,neither,0.06379497010295936,0.31120346369006685,0.6250015662069739
"same, blacksad is just so good",neither,0.043545967371736514,0.42381870673996647,0.5326353258882971
<3 #EnthusiArmy,neither,0.03945320844208391,0.33037608806864915,0.630170703489267
LUL jk Love you guys,neither,0.04984817002066603,0.3822840163450281,0.5678678136343057
Tal's shirt really brings out his eyes tonight. Handsome af.,neither,0.048793072771547576,0.31159485040584306,0.6396120768226095
!whodat,neither,0.03945320844208391,0.33037608806864915,0.630170703489267
"Amy Dallen ( twitter.com/enthusiamy ), Taliesin Jaffe ( twitter.com/executivegoth ), Matt Key ( twitter.com/TheMattKey ), and Ashley Esqueda ( twitter.com/AshleyEsqueda ).",neither,0.03839298789203554,0.44818062078933874,0.5134263913186256
Perfect metaphor,neither,0.03945320844208391,0.33037608806864915,0.630170703489267
gandsTrinketArmor,neither,0.03945320844208391,0.33037608806864915,0.630170703489267
LIES. There is only G&S/Alpha.,neither,0.046415071303889756,0.2917137257276208,0.6618712029684894
Yes you absolutely are the Pride Lands.,neither,0.07103158898058712,0.3153166823217983,0.6136517286976146
Geek and Sundry is THE PRIDE LANDS,neither,0.04380556765547207,0.2907842190867829,0.6654102132577451
beautiful,neither,0.03945320844208391,0.33037608806864915,0.630170703489267
Feels accurate.,neither,0.03945320844208391,0.33037608806864915,0.630170703489267
"""I'm told there is internet beyond our little island, but I have not cnet"" :P",neither,0.04071117348722062,0.31991254281778475,0.6393762836949948
Tal rules the shadowy place.,neither,0.041144843760825715,0.27502065364368317,0.6838345025954912
PFT,neither,0.03945320844208391,0.33037608806864915,0.630170703489267
SO GOOD,neither,0.03814044697628118,0.4245687317089837,0.5372908213147352
That is very apt indeed.,neither,0.042336972933758946,0.3597906413137234,0.5978723857525178
You must never go there Simba,neither,0.0556123139014691,0.3649789091927537,0.5794087769057771
"Meh, I much prefer S.H.I.E.L.D. Helicarrier.",neither,0.03613607013904102,0.3315170040404411,0.6323469258205178
that is a very sad but VERY accurate metaphor,neither,0.039586366381714116,0.3578979583291136,0.6025156752891724
I loved the Captain America and the Secret Avengers one-shot. It's the complete comic package. <3,neither,0.09664916374982598,0.25847769931210146,0.6448731369380725
Wow that was weird,neither,0.03516113143670524,0.37793758689656776,0.586901281666727
"Hello everyone on TWC - from Matt's Mom & Dad in Fort Worth, TX!!",neither,0.034896865823959164,0.38888654548870283,0.576216588687338
The shadowy internet where the scary front page trolls lurk.,neither,0.0394791272441467,0.2898835353378795,0.6706373374179737
Lift the ENTIRE KEY,neither,0.03874248571397558,0.3174417145973251,0.6438157996886994
Key-lo,neither,0.03945320844208391,0.33037608806864915,0.630170703489267
"@jherchin12345 yup, but sooo much more.",neither,0.034898890388723354,0.33152104558542433,0.6335800640258524
Tal is swollest,neither,0.04912624121044723,0.3270490885368631,0.6238246702526896
Where is Travis when you need him lol,neither,0.04329616615635837,0.4281391442728701,0.5285646895707714
sup chief,neither,0.03945320844208391,0.33037608806864915,0.630170703489267
i mean I am a hyena so that’s true,neither,0.035182697064190256,0.4202932848123649,0.5445240181234449
Half-key,neither,0.03945320844208391,0.33037608806864915,0.630170703489267
"Lol, the rest of the internet: mostly porn...",neither,0.02998202710651293,0.39953994827771044,0.5704780246157766
I thought she was going to say that shadowy place was CNET. Kappa,neither,0.045460070034775306,0.3280119012733981,0.6265280286918267
@miriamkey Hello ma'am! Good to see you!,neither,0.051797951085609896,0.46345149803675334,0.4847505508776369
Hello Mr. and Mrs Key!,neither,0.03884747841532116,0.30046404693968165,0.6606884746449972
Hi Matt's Mom!,neither,0.03945320844208391,0.33037608806864915,0.630170703489267
wipe,neither,0.03945320844208391,0.33037608806864915,0.630170703489267
ROFL CHIEF,neither,0.03945320844208391,0.33037608806864915,0.630170703489267
Oooh. Side swipe.,neither,0.035306851377370094,0.3599071059242055,0.6047860426984245
lol chief,neither,0.029869404313338878,0.4015213065569965,0.5686092891296647
lol,neither,0.020706217963973744,0.4882283491876925,0.4910654328483337
lol Chief,neither,0.029869404313338878,0.4015213065569965,0.5686092891296647
Hello @miriamkey !,neither,0.03945320844208391,0.33037608806864915,0.630170703489267
"Tali-swole, lol",neither,0.03086375243375458,0.3933351323513132,0.5758011152149323
"Just push Matt over to a vague angle, that's close enough.",neither,0.03620808175297589,0.3676891230354198,0.5961027952116043
Matt is a Whole Key-lo,neither,0.045409233222945364,0.3283275380294059,0.6262632287476487
tali-sass tali-swole,neither,0.03945320844208391,0.33037608806864915,0.630170703489267
LUL gotta be careful in Hollywood NotLikeThis,neither,0.03854513485542168,0.3536423556521355,0.6078125094924429
Hello Mr.and Mrs. Key. :),neither,0.03884747841532116,0.30046404693968165,0.6606884746449972
will we? will we get to the topic?,neither,0.04513196577974035,0.2912643727052829,0.6636036615149769
hello Matt's folks! Thank you for raising such a nice kid!,neither,0.04353004229546844,0.34096095056354986,0.6155090071409819
I though that Fresno was the Shadow area.,neither,0.03570757321301425,0.35170308807573536,0.6125893387112503
I don't know if we will,neither,0.020737108737869485,0.3715606025042712,0.6077022887578593
"Amy's hair is getting so long now, it's quite lovely.",neither,0.040393388031023485,0.3960280468101109,0.5635785651588656
When I weigh 220 why do I look like 3 keys?,neither,0.03245354563382083,0.3894336750825638,0.5781127792836153
HELLO Mah Peeps! Happy Wednesday :D,neither,0.03945320844208391,0.33037608806864915,0.630170703489267
swole-isen,neither,0.03945320844208391,0.33037608806864915,0.630170703489267
I just dropped below 1 key. Do not abbreviate key as k. Gets confusing.,neither,0.036246688635019654,0.35998205499877256,0.6037712563662077
I just realized that Chief is like those two old guys from the muppets...,neither,0.06439620262101631,0.30332396644432097,0.6322798309346627
!twc,neither,0.03945320844208391,0.33037608806864915,0.630170703489267
"Here are some handy The Wednesday Club resources! TWC Reddit: reddit.com/r/WednesdayClub/ | Discord: https://discord.gg/6QK9fVB | Wednesday Club Fanclub on Facebook: facebook.com/groups/1945232949091586/ | Send in your thoughts, comic recommendations, questions, and more to Matt, Amy, and Taliesin at thewednesdayclub@geekandsundry.com",neither,0.05001524745118048,0.31503641584425707,0.6349483367045624
Planetary is AMAZING!,neither,0.051766257226869686,0.3261410659692903,0.62209267680384
Yes - Matt is a 'whole-Key'!!,neither,0.04594847896155861,0.3281420666924586,0.6259094543459829
Planetary is my fave...,neither,0.033882632961137304,0.4282613125859576,0.5378560544529051
@misssunflower94 Whatever we get to is the topic.,neither,0.051849078330630245,0.32005856259399035,0.6280923590753794
!subs,neither,0.03945320844208391,0.33037608806864915,0.630170703489267
"I could tell you, but I don't want to. @iamsweg123",neither,0.06443835589880804,0.3867537601069764,0.5488078839942155
Comics are good guys!,neither,0.06248735507834949,0.2901515028278325,0.647361142093818
Kelly Sue Deconnick??,neither,0.03945320844208391,0.33037608806864915,0.630170703489267
@CrashTestGremlin 'Cause he's tall.,neither,0.043506832054804885,0.36331636936976336,0.5931767985754317
The Drummer,neither,0.03613032604487659,0.2619290779399786,0.7019405960151449
I'm tall,neither,0.03945320844208391,0.33037608806864915,0.630170703489267
PogChamp PogChamp PogChamp PogChamp PogChamp,neither,0.03945320844208391,0.33037608806864915,0.630170703489267
@tortugadelmar Statler and Waldorf!,neither,0.03763944115734239,0.1918412352459551,0.7705193235967025
@Factorofunknowns the topic is the friends we made along the way,neither,0.04294051206456586,0.30010900816943725,0.656950479765997
@tortugadelmar I love Statler and Waldorf.,neither,0.03219531551181948,0.2755837226936162,0.6922209617945643
0_0,neither,0.03945320844208391,0.33037608806864915,0.630170703489267
does anybody know who is gm on weave tonight?,neither,0.031182482347702035,0.44287709814500714,0.5259404195072909
So matt is the Key Master?,neither,0.04484791716118255,0.349254059375072,0.6058980234637454
@misssunflower94 YES!,neither,0.03945320844208391,0.33037608806864915,0.630170703489267
Amy hates. so. much.,neither,0.03603481816733492,0.37088653783778774,0.5930786439948774
@Bigkendalll I believe Marisha Ray,neither,0.03945320844208391,0.33037608806864915,0.630170703489267
sorry not a comics topic,neither,0.03842199789414024,0.33423929393716434,0.6273387081686954
"Ashley, if you're around Taliesin there will always be fun facts.",neither,0.04599421377668911,0.37255000861579596,0.5814557776075148
Taliesin's hair is two-tone now. LOVE IT!,neither,0.042768899902339945,0.3308150059958013,0.6264160941018587
@japenrose ok thanks,neither,0.036679458346100965,0.30877397624175834,0.6545465654121406
@japenrose Yup! Marisha Weave DM tonight ^_^,neither,0.03728607582499523,0.312228798541848,0.650485125633157
Planetary was on the clearance pile when I picked it up. With that art story could have been garbage and I'd still be happy with my purchase. (Story was not garbage.),neither,0.021343337495454976,0.43402135493077265,0.5446353075737724
Chief go home you're drunk,neither,0.07732537880622302,0.3481768298446697,0.5744977913491073
WHo's the guest? She looks so familiar,neither,0.04028355797265664,0.4674415050178797,0.4922749370094637
!whodat,neither,0.03945320844208391,0.33037608806864915,0.630170703489267
"Amy Dallen ( twitter.com/enthusiamy ), Taliesin Jaffe ( twitter.com/executivegoth ), Matt Key ( twitter.com/TheMattKey ), and Ashley Esqueda ( twitter.com/AshleyEsqueda ).",neither,0.03839298789203554,0.44818062078933874,0.5134263913186256
Yes - indeed - Matt is a Key-Master .... or Master Key!!,neither,0.04288636848919257,0.32919526689882594,0.6279183646119815
Alpha Comic Club,neither,0.03945320844208391,0.33037608806864915,0.630170703489267
All of Taliesin's research proves that people are involved in the supernatural.,neither,0.07051044157740174,0.3549087654341872,0.5745807929884109
"hay Chat, did they talk about Chalkboard yet?",neither,0.026154585326640622,0.35405820472081184,0.6197872099525475
me too Ashley,neither,0.031444555703103054,0.37724246758073443,0.5913129767161625
I understand her completely. It is computer games for me. I only playes two or three games in my whole life:,neither,0.02696729611610996,0.47243533116117653,0.5005973727227137
is there a daily wednesday today?,neither,0.044920278491044574,0.27694552764673325,0.6781341938622222
I feel you Ashley,neither,0.05876189476862457,0.3842589509009026,0.556979154330473
Matt is Manga Khan.,neither,0.04534399166082122,0.3283499775943115,0.6263060307448672
Ahahahahaha,neither,0.03945320844208391,0.33037608806864915,0.630170703489267
6 keys worth of comics,neither,0.03945320844208391,0.33037608806864915,0.630170703489267
gday wednesdaisies,neither,0.03945320844208391,0.33037608806864915,0.630170703489267
That actually sounds super gross...,neither,0.0364064123284552,0.3633877139097859,0.6002058737617589
g'day dude,neither,0.0402169012464424,0.3077809270869078,0.6520021716666498
6 Matt Keys worth of comics,neither,0.03945320844208391,0.33037608806864915,0.630170703489267
I watch for Taliesin Jaffe and Amy Dallen.,neither,0.03818852285610716,0.2658242720889937,0.6959872050548991
Did I miss who the chalk art is of?,neither,0.039349494412374335,0.3629084958426829,0.5977420097449427
Cake is for everybody.,neither,0.041041328604179646,0.296173912248757,0.6627847591470634
I put on six keys just thinking about cake.,neither,0.03371023703401757,0.37091656505416387,0.5953731979118186
CAKE Analoogy on Point!,neither,0.036267625964064784,0.3457285578044718,0.6180038162314633
"BlessRNG So True, I am but a mere Student compared to the Masters that Host/ have been on this show",neither,0.04401761044779193,0.3463738651851664,0.6096085243670417
cut the cake in hexagonal prism,neither,0.03846142711489179,0.3121846087237165,0.6493539641613917
that was a p good metaphor,neither,0.03489655189416018,0.3744297436822628,0.5906737044235771
"""Cake is for everyone"" - The Wednesday Club",neither,0.03558328024910514,0.3717907943741535,0.5926259253767413
love the analogy,neither,0.03145119199065299,0.32476063973837394,0.643788168270973
the Planetary omnibus is the best big book to have on your shelf,neither,0.05013521948133867,0.35122948330904175,0.5986352972096196
"welp, guess im going to go get a chocolate cake at 8 in the morning now",neither,0.046058914979579035,0.2972127219944452,0.6567283630259759
oooooh what are they share?,neither,0.08248549161372438,0.27105535783296164,0.646459150553314
The Cake is a Lie,neither,0.0475212067055959,0.3097684938774693,0.6427102994169349
Cake? Can I have some?,neither,0.030102975221846486,0.3515359947098897,0.6183610300682639
there’s a sweaty gross dude who keeps flirting w u while ur trying to cut it,neither,0.05470150688489341,0.3338111115998825,0.611487381515224
...and now I want cake :(,neither,0.03881768842108707,0.280762800076053,0.6804195115028601
The Duff Goldman of cakes!,neither,0.03868946014303817,0.3164569069500182,0.6448536329069438
OHH THIS,neither,0.03932968176043309,0.33247265823521366,0.6281976600043533
stsPew stsPew stsPew stsPew stsPew stsPew stsPew,neither,0.03945320844208391,0.33037608806864915,0.630170703489267
:D,neither,0.03945320844208391,0.33037608806864915,0.630170703489267
oooh yay!,neither,0.03945320844208391,0.33037608806864915,0.630170703489267
"and yes i so sympathize with our guest right now, and i mean like i totally get it, and am so damnd intimidated in regards to diving in",neither,0.03872454831746087,0.3460478521520008,0.6152275995305383
Wooo!,neither,0.03945320844208391,0.33037608806864915,0.630170703489267
I SAW THESE,offensive_language,0.0573957676852171,0.4733036123126934,0.46930062000208955
Oooooh,neither,0.03945320844208391,0.33037608806864915,0.630170703489267
I LOVED THESE,neither,0.05375477513589037,0.44437588058007643,0.5018693442840332
I love them all!,offensive_language,0.06399111721276468,0.47037381223935976,0.4656350705478755
<3 <3 <3,neither,0.03945320844208391,0.33037608806864915,0.630170703489267
"@ToonEzon Me too, I totally hear ya",offensive_language,0.0222474298751123,0.577956745939454,0.3997958241854338
They're ALL SO GOOD,neither,0.06948733000432625,0.4602936498801526,0.4702190201155212
OH! THATS MINE!!,neither,0.04549299651469612,0.2731557000296378,0.681351303455666
"Yes, they look great",neither,0.039327619913520136,0.3020957010395618,0.6585766790469181
ooh i love those costumes,neither,0.05729505403407569,0.2805905787441415,0.6621143672217829
I really appreciate the fact that Taliesin's has shorts.,neither,0.03618509592227609,0.3444363672495006,0.6193785368282234
!whodat,neither,0.03945320844208391,0.33037608806864915,0.630170703489267
"Amy Dallen ( twitter.com/enthusiamy ), Taliesin Jaffe ( twitter.com/executivegoth ), Matt Key ( twitter.com/TheMattKey ), and Ashley Esqueda ( twitter.com/AshleyEsqueda ).",neither,0.03839298789203554,0.44818062078933874,0.5134263913186256
platform shoes? why<?,neither,0.029485498125939754,0.344346317709443,0.6261681841646172
taliesin totally gets the one on the right,neither,0.034113949573874605,0.35675994505194947,0.6091261053741761
"PogChamp Every punch should say ""Taste the Rainbow!""",neither,0.04747624353891364,0.34263710864732333,0.609886647813763
"@InkPigg Oh wow! So cool, nice job, love it!",neither,0.040007801679062434,0.33749302440048895,0.6224991739204486
@InkPigg Awesome work!,neither,0.03945320844208391,0.33037608806864915,0.630170703489267
YAY It got on! WOOT,neither,0.035008537632581264,0.37970165526645056,0.5852898071009682
Yessss the shorts,neither,0.03863825630690237,0.3155029350337647,0.645858808659333
I want ALL OF THEM,neither,0.06896110364215771,0.4284938396444674,0.5025450567133748
This may just be me as someone who has never been sicker than they were after eating (innocent) brownies years ago,neither,0.028650764685787256,0.21768843352953846,0.7536608017846744
"Guys, I'll totally make those for you",neither,0.0715253514218975,0.2762207594871017,0.6522538890910009
Made it!,neither,0.03684238675525566,0.33127406936755094,0.6318835438771935
ahahahaha chief,neither,0.03945320844208391,0.33037608806864915,0.630170703489267
why don't the guys get a skirt ? :(,neither,0.028404260457708663,0.33911126609950004,0.6324844734427914
Question: What was everyone's first Kelly Sue comic and what stood out about her style?,neither,0.030142419162277,0.4770104284486913,0.4928471523890317
@InkPigg Well done,neither,0.03835210096346887,0.34906475564227485,0.6125831433942563
"""NO CAPES""",neither,0.036918905254960256,0.37338982715841207,0.5896912675866277
so we're getting Wednesday Club action figures?,neither,0.04698340101067572,0.3854503611249428,0.5675662378643815
The creator is in chat!,neither,0.04599757946062443,0.31325989373995966,0.640742526799416
Chief wears short shorts.,neither,0.03945320844208391,0.33037608806864915,0.630170703489267
!uptime,neither,0.03945320844208391,0.33037608806864915,0.630170703489267
I'm working on some more designs now,neither,0.03208191173947615,0.3448746156041891,0.6230434726563349
its a problem when you have to pee,neither,0.04214764096242489,0.42424708855432236,0.5336052704832529
taliesin in the skirt,neither,0.03839975417966404,0.311018096759903,0.650582149060433
so are there standard letters this week? I sent a long one a couple weeks or so ago?,neither,0.05014763042238893,0.34552149744649685,0.6043308721311141
@inkpigg that’s so cool,neither,0.03370500952970764,0.45829613352409315,0.5079988569461991
I adore the short shorts one,neither,0.03771623349320808,0.34509339158760366,0.6171903749191882
PogChamp What if those are High socks tho,neither,0.05823895880507643,0.3532982437149437,0.5884627974799798
Make it booty shorts :D,neither,0.032936711496477276,0.42033553130472834,0.5467277571987945
I demand Tal wears the romper,neither,0.03877126419058199,0.31797490625990765,0.6432538295495104
Awwww man such gr8 Costume Design :D,neither,0.039667450077088114,0.364841097545896,0.5954914523770158
"@FuffyButt I don't know, but I bet Tal or Matt could both rock that skirt.",neither,0.035660421289525665,0.35793149009507036,0.6064080886154041
I am not sure about the shoes. I feel like superhero shoes should be sensible.,neither,0.04530699636085988,0.4346166205410229,0.5200763830981173
lmao Tal in the short shorts! The image kills me with joy,neither,0.029072064729125897,0.3613124008756362,0.609615534395238
Those are normal shorts. Short shorts would be shorter.,neither,0.0663872970017753,0.26912796383170584,0.6644847391665188
It’s power ranger esquire,neither,0.03809750874331269,0.33084237536148314,0.6310601158952043
ust trying to be fancy - the Taliesin Life Story,neither,0.04151240278466481,0.3649984723800695,0.5934891248352656
"@AromiaFlyce Me, too!",neither,0.025456656249999262,0.41690574403459846,0.5576375997154023
they would all look great in the skirt lets be real,neither,0.03408404383503326,0.43363610737171787,0.5322798487932489
"Oh god, we actually have Daisies who crochet, don't we?",neither,0.04287760589536938,0.3497400462579319,0.6073823478466988
l,neither,0.03945320844208391,0.33037608806864915,0.630170703489267
NotLikeThis riPepperonis Groot,neither,0.03945320844208391,0.33037608806864915,0.630170703489267
yes we do,neither,0.04123256842281052,0.3333434682486652,0.6254239633285242
"Wednesdaisies, if you find me on the Discord or Twitter, I'll take requests for combinations of design elements",neither,0.02939975125712726,0.3956723392221989,0.5749279095206739
"Yup, we do",neither,0.04093066263270436,0.3328518883175028,0.6262174490497928
Did I miss the reading of the letters?,neither,0.033287948663306144,0.30878855342853545,0.6579234979081584
@GreyAngel no letters this week cos guest,neither,0.03885273334187867,0.34056771763426646,0.620579549023855
!respect,neither,0.03945320844208391,0.33037608806864915,0.630170703489267
"If you would like to share opinions on our hosts, guests or fellow viewers, please do so in a respectful manner. Don't make them feel uncomfortable.",neither,0.04843323757214918,0.39559142321184637,0.5559753392160044
"Well, awesome that @InkPigg 's designs made it onto the show... Woulda been nice to see mine make it as well.",neither,0.044088704464987694,0.32424402111219514,0.6316672744228172
gotcha,neither,0.03945320844208391,0.33037608806864915,0.630170703489267
Well um my laptop just died,neither,0.028483180391224733,0.40720865369632886,0.5643081659124466
@phoenixgoth and knit.,neither,0.03763944115734239,0.1918412352459551,0.7705193235967025
So phone it is,neither,0.04922631118906099,0.39278379126344354,0.5579898975474954
Mark Millar Civil War ade me stop reading Marvel comics after being a Marvel fan all my life. :(,neither,0.029914067769631805,0.4666214849733468,0.5034644472570214
@GreyAngel nope. just that tweet today,neither,0.030603897672909337,0.36836952045686133,0.6010265818702293
Oh no!!! @misssunflower94,neither,0.04751210705993949,0.26629718932274826,0.6861907036173122
I so loved the original Civil War,neither,0.03876524252294242,0.34902658309769125,0.6122081743793665
what are they commenting about atm,neither,0.06206899003294797,0.31319801681716675,0.6247329931498854
@halfaringcircus I'm tempted to say we should make them doilies,neither,0.07434506584722268,0.35244369874267145,0.5732112354101058
"People have butts, deal with it.",neither,0.04844517253582388,0.369470383985805,0.5820844434783712
"Will it be okay, or just battery?",neither,0.036129952233319565,0.3314172860102355,0.632452761756445
@misssunflower94 that’s my every week lmao,neither,0.023825532986539888,0.477561979153857,0.49861248785960305
@misssunflower94 Cast revivify? Throw a phoenix down at it?,neither,0.03788205715578723,0.3479585091606248,0.6141594336835879
Mark Millar is Zack Snyder of comic books.,neither,0.04453452070123024,0.32862839177609343,0.6268370875226762
Too many butts,neither,0.03918511273066776,0.33492637196543373,0.6258885153038984
@misssunflower94 what happened to it? :O,neither,0.05399717522267028,0.32080578680436983,0.62519703797296
Lol!,neither,0.020706217963973744,0.4882283491876925,0.4910654328483337
@phoenixgoth I once knit captain america's shield as a tablecloth.,neither,0.2000979135857493,0.25435447384814835,0.5455476125661024
LOL,neither,0.020706217963973744,0.4882283491876925,0.4910654328483337
PogChamp PogChamp PogChamp PogChamp,neither,0.03945320844208391,0.33037608806864915,0.630170703489267
:-),neither,0.03945320844208391,0.33037608806864915,0.630170703489267
so good,neither,0.03814044697628118,0.4245687317089837,0.5372908213147352
Dark speedball is the dude who wears spikes and whose powers are slightly masochist right?,neither,0.05662527657771303,0.31572612165559094,0.627648601766696
YAY Chief!,neither,0.03945320844208391,0.33037608806864915,0.630170703489267
Hehehheheh,neither,0.03945320844208391,0.33037608806864915,0.630170703489267
YES,neither,0.03945320844208391,0.33037608806864915,0.630170703489267
ok i love these costumes,neither,0.045196729918651105,0.4196181300278579,0.535185140053491
Just needs leggings.,neither,0.0346618170412001,0.35304534750177763,0.6122928354570223
So perfect,neither,0.03940923008359922,0.4006339228792627,0.559956847037138
