text,top_class,hate_speech,offensive_language,neither
Nein! Nein! Nein!,neither,0.03945320844208391,0.33037608806864915,0.630170703489267
lol yeah im excited too though,neither,0.020874985013437906,0.48928585664724233,0.4898391583393196
gandsClassic gandsRage gandsSubHype gandsRyanHype gandsGnSLadders,neither,0.03945320844208391,0.33037608806864915,0.630170703489267
rtuesSalute gandsClassic,neither,0.03945320844208391,0.33037608806864915,0.630170703489267
what is this?,neither,0.07282678549990032,0.31792604547631814,0.6092471690237815
"Speaking of last episode, think the black sphere was an orb of annihilation?",neither,0.05009514479817316,0.3047246200869129,0.645180235114914
jcvimHi Ryan,neither,0.03945320844208391,0.33037608806864915,0.630170703489267
Lore me Sempai!,neither,0.018491955366437673,0.460246435692358,0.5212616089412043
3 hours until critical roll,neither,0.03945320844208391,0.33037608806864915,0.630170703489267
@Kodiak716 This is a show where Ryan and sometimes a guest dig deep into a topic,neither,0.05234404136057614,0.25321805797365515,0.6944379006657687
Critical Role goes live at 7pm pacific coast time?,neither,0.04084834729235233,0.3541756379406788,0.6049760147669688
Hammeh oamD,neither,0.03945320844208391,0.33037608806864915,0.630170703489267
@TakeAChance69 as always,neither,0.03353393684267283,0.46985913217765485,0.49660693097967223
@komirowsky Hey!,neither,0.03945320844208391,0.33037608806864915,0.630170703489267
ok thanks first time tuning into a love show,neither,0.03916071159388669,0.28359824695620217,0.677241041449911
super excited,neither,0.03945320844208391,0.33037608806864915,0.630170703489267
where's the next critical role going to happen ?,neither,0.04297536010860164,0.3225841450826561,0.6344404948087422
liv,neither,0.03945320844208391,0.33037608806864915,0.630170703489267
live,neither,0.04891340716200846,0.3271222919257548,0.6239643009122369
!clock,neither,0.03945320844208391,0.33037608806864915,0.630170703489267
It is currently Thursday 4:03 PM at the Geek & Sundry studio in California.,neither,0.05234240336133375,0.32952281131013816,0.6181347853285281
Crit Role is at 10 eastern. Honestly though I love this show as well!,neither,0.04935784975969333,0.326926088343776,0.6237160618965306
"Yay, Hammeh.",neither,0.03945320844208391,0.33037608806864915,0.630170703489267
We have a subscriber-only Discord server! Join here: https://discord.gg/geekandsundry (you'll need to sub and link it to your Twitch) and be a part of the fun!...Warning: It can take up to an hour for the server to update and give you access to the channels,neither,0.08464076273808444,0.286394834032893,0.6289644032290227
@Shayminty hello again,neither,0.037234283857329756,0.36803702920363696,0.5947286869390334
"I've always thought it was ""I am your powers combined.""",neither,0.036500829690881705,0.2861147594175519,0.6773844108915664
#Enthusiarmy RAID,neither,0.03945320844208391,0.33037608806864915,0.630170703489267
"If you're here because you're not sure how long it is to Critical Role is, please bookmark this website: http://www.wheniscriticalrole.com/",neither,0.09136285964427956,0.3498879911092409,0.5587491492464794
"Hello, EnthusiArmy!",neither,0.03945320844208391,0.33037608806864915,0.630170703489267
@TakeAChance69 critical role?,neither,0.03945320844208391,0.33037608806864915,0.630170703489267
"Download the new Critical Role theme song for Campaign Two! http://itunes.apple.com/album/id1331550250?ls=1&app=itunes Sales of the song support the musician, Jason Charles Miller.",neither,0.04445767596344001,0.2510827790306858,0.7044595450058742
#EnthusiArmy RAID!,neither,0.03945320844208391,0.33037608806864915,0.630170703489267
@Shayminty @komirowsky Hello again.,neither,0.037234283857329756,0.36803702920363696,0.5947286869390334
Hugs for the hug inclined!,neither,0.03454421066142405,0.2978767114667817,0.6675790778717943
"The topics on this show aren't always stuff i'm interested in, but the passion of people talking about a topic is entertaining",neither,0.057271629354101794,0.32681553999919893,0.6159128306466993
ENTHUSIARMY RAID! Hugs for the hug inclined!,neither,0.03519761243420562,0.3022028610332387,0.6625995265325556
EnthusiARMY RAID. Hugs for the hug inclined!,neither,0.03519761243420562,0.3022028610332387,0.6625995265325556
Hi!,neither,0.03945320844208391,0.33037608806864915,0.630170703489267
Welcome Enthusiarmy,neither,0.03945320844208391,0.33037608806864915,0.630170703489267
CR is at 4 AM CEST,neither,0.04650132273840176,0.3513438533381967,0.6021548239234015
hammHype,neither,0.03945320844208391,0.33037608806864915,0.630170703489267
Hi Amy and Raiders!,neither,0.03882182104596303,0.2990983243771988,0.6620798545768382
hammHype,neither,0.03945320844208391,0.33037608806864915,0.630170703489267
<3,neither,0.03945320844208391,0.33037608806864915,0.630170703489267
@corvus_tistis Just saw your tag. Hey!,neither,0.06188727980508531,0.3423474780510648,0.5957652421438498
never 5get the sky symbol,neither,0.03398257497855473,0.35850675255416525,0.6075106724672801
"Help G&S make great content! $4.99/month gets you emotes, Minecraft server access, sub-only VODs, and more! Every sub keeps the channel alive! twitch.tv/geekandsundry/subscribe",neither,0.043907990691603095,0.31135964332838284,0.644732365980014
"Remind them of Reaper shrug and Rein short,",neither,0.04752780341780859,0.2997309260936111,0.6527412704885803
when is critical role,neither,0.036731799512772056,0.3718062288360914,0.5914619716511365
"funfact: starcraft was supposed to be a warhammer 40k game, but gamesworkshop wouldn;t grant blizzard their IP so blizzard retooled their assets and starcraft was born",neither,0.040192799964583546,0.31741802320653556,0.6423891768288809
!wheniscr,neither,0.03945320844208391,0.33037608806864915,0.630170703489267
"Critical Role is on at 7 PM PDT on Thursdays, it is currently 4:07 PM PDT on Thursday. There is 2 Hours, 52 Minutes, 16 Seconds until the next episode of Critical Role. This command has been run 889 times but has probably been asked about way more.",neither,0.04093191417224833,0.34402913029850346,0.6150389555292483
Bookmark this site: http://www.wheniscriticalrole.com/,neither,0.03684214484763477,0.24844035147737417,0.7147175036749911
http://www.wheniscriticalrole.com/,neither,0.0364481805509037,0.2303424311669227,0.7332093882821735
http://www.wheniscriticalrole.com/ << a useful website to bookmark so you always know when the next episode of Critical Role is,neither,0.04410541545724251,0.35502038855256746,0.6008741959901901
critical role starts 5am here where I live,neither,0.07122747277263633,0.2870890126061508,0.6416835146212128
Gabriel is best boy,neither,0.0499863155895571,0.3161328185354465,0.6338808658749965
nuff said,neither,0.03945320844208391,0.33037608806864915,0.630170703489267
when is critical role,neither,0.036731799512772056,0.3718062288360914,0.5914619716511365
Ello!,neither,0.03945320844208391,0.33037608806864915,0.630170703489267
Excuse you Reinhardt is best husbando,neither,0.07347100420654654,0.371072280371943,0.5554567154215104
*Lucío,neither,0.03945320844208391,0.33037608806864915,0.630170703489267
Ellohime is good people.,neither,0.1254459058630784,0.3125283597894178,0.5620257343475037
!wheniscr,neither,0.03945320844208391,0.33037608806864915,0.630170703489267
@Billy_McGuyer fight me,neither,0.02781477711043654,0.39615388403587115,0.5760313388536923
How do I di that?,neither,0.036814491589449445,0.3736639838303185,0.589521524580232
do that?,neither,0.033986068051969624,0.42013211884701246,0.545881813101018
@spockdropandroll That's not how you spell Reyes,neither,0.051304704344252584,0.4423695054586691,0.5063257901970782
No crit role for another 3 hours,neither,0.07103180356086972,0.25548317263874926,0.6734850238003811
@geekydestro bookmark this site: http://www.wheniscriticalrole.com/,neither,0.03684214484763477,0.24844035147737417,0.7147175036749911
can anyone asnwer when the next critical role is going to happen ?,neither,0.03965510092739679,0.36790820932340573,0.5924366897491975
@attoram135 neither is that how you spell Reinhardt,neither,0.05996662564045395,0.4112680125845141,0.5287653617750319
"@spockdropandroll pfft no need, everyone knows Lucío is the best hammArrest",neither,0.0385653722202261,0.3930596798195481,0.5683749479602258
@CloakandDagg3r I swear to god.,neither,0.049160123162476276,0.3247777706283526,0.6260621062091711
at least we're not fighting over the same husband,neither,0.04702484976734402,0.3276558388900204,0.6253193113426356
Moira is thought to be community-theories inspired character - that's level of immersion.,neither,0.048924635737469295,0.2921919677896746,0.6588833964728561
Blackwatch > Overwatch,neither,0.03945320844208391,0.33037608806864915,0.630170703489267
Overwatch > Crusaders,neither,0.03945320844208391,0.33037608806864915,0.630170703489267
Team Talon <3,neither,0.03945320844208391,0.33037608806864915,0.630170703489267
is it monday yet am I right guys,neither,0.04369747280368323,0.3454963363418094,0.6108061908545074
@CloakandDagg3r 7pm pacific,neither,0.03945320844208391,0.33037608806864915,0.630170703489267
ergo Blackwatch > Crusaders,neither,0.03945320844208391,0.33037608806864915,0.630170703489267
Overwatch <=> Blackwatch?,neither,0.03945320844208391,0.33037608806864915,0.630170703489267
in my opinion teamfortress 2 > overwatch due to nostalgia's sake and hats mostly hats,neither,0.03623868170421484,0.34931078975422225,0.6144505285415629
hammArrest @attoram135 arrested for overwatch crimes,neither,0.03203780872634192,0.2933858362869704,0.6745763549866877
how long has this been on?,neither,0.036280722688115205,0.3427083441026475,0.6210109332092374
Blizzard is very good at seeing where the winds are blowing and running with it.,neither,0.048029166958003876,0.2889126751375506,0.6630581579044456
"Schedule is in Pacific time, right?",neither,0.04533288967148324,0.36513020232393917,0.5895369080045776
10 minutes @dxxvin,neither,0.03945320844208391,0.33037608806864915,0.630170703489267
yes @ZeroLambda,neither,0.03945320844208391,0.33037608806864915,0.630170703489267
tfw never played WoW,neither,0.03514299578229127,0.3743483069703305,0.5905086972473781
thanks !,neither,0.035884468650613,0.3004919205142699,0.6636236108351171
@ZeroLambda yeah they're based out in Cali,neither,0.03345977486043057,0.40947670736659975,0.5570635177729696
@Andyinsomnia Thanks Andy. SeemsGood,neither,0.03720690075296959,0.3115657966821442,0.6512273025648863
"@spockdropandroll plausable deniablity, also never played it too",neither,0.03413574501568502,0.3739531400012468,0.5919111149830683
The host of this show needs to stream a tutorial on how to tie that tie knot,neither,0.048654879175465,0.31069422310103595,0.6406508977234989
Only played WoW for the Hearthstone Paladin Hero kephriiMEH hammTeehee,neither,0.034068477849501254,0.29472792421761573,0.6712035979328831
@brodofragginz but what day,neither,0.043331850396007635,0.31630585272870215,0.6403622968752902
!clock,neither,0.03945320844208391,0.33037608806864915,0.630170703489267
It is currently Thursday 4:11 PM at the Geek & Sundry studio in California.,neither,0.051673984311604255,0.32958918917802854,0.6187368265103671
!WHODAT,neither,0.03945320844208391,0.33037608806864915,0.630170703489267
"Ryan Green ( twitter.com/HydroSnail ), Hammeh ( twitter.com/FailCraftCasts ).",neither,0.0393526388645448,0.44279132069361565,0.5178560404418394
hammShrug @attoram135 you walk free this time,neither,0.05665494629372863,0.40821507902002707,0.5351299746862442
I was never even there,neither,0.03347001384095363,0.3500102223048983,0.6165197638541481
spooopy hammTeehee,neither,0.03945320844208391,0.33037608806864915,0.630170703489267
"@CloakandDagg3r lol Don't know if you're trolling, but it's thursday (for critical role I'm assuming)",neither,0.034050758246981505,0.385562118959007,0.5803871227940115
@brodofragginz he is.,neither,0.0817087036342036,0.3158424856208871,0.6024488107449093
"@brodofragginz google for ""Trinity Tie Knot""",neither,0.03556645020267628,0.31095162048811553,0.6534819293092081
@brodofragginz it's my first time that i finally caught up wth the episodes,neither,0.024202657946840584,0.4392227114082819,0.5365746306448774
dfdfgg,neither,0.03945320844208391,0.33037608806864915,0.630170703489267
Hola,neither,0.03945320844208391,0.33037608806864915,0.630170703489267
"Sylvannus sucks, Orc all the way",neither,0.04042128149895273,0.39497047066061164,0.5646082478404356
@CloakandDagg3r Congrats.,neither,0.03945320844208391,0.33037608806864915,0.630170703489267
"actually I have no idea, only read some books",neither,0.0328217222706661,0.3564666496301096,0.6107116280992243
@FirstClone it's good but bad...now when the episode ends on a cliffhanger i have to wait ...,neither,0.029421061634077372,0.3699505702928771,0.6006283680730455
"An NPC in lower city, I believe",neither,0.03972505482581523,0.3257621454742013,0.6345127996999834
gandsSubHype gandsSubHype gandsSubHype gandsSubHype gandsSubHype gandsSubHype gandsSubHype gandsSubHype gandsSubHype,neither,0.03945320844208391,0.33037608806864915,0.630170703489267
hulk :(,neither,0.03945320844208391,0.33037608806864915,0.630170703489267
