text,top_class,hate_speech,offensive_language,neither
8D,neither,0.03945320844208391,0.33037608806864915,0.630170703489267
bidet from boulder colorado,neither,0.04066490145509902,0.30981049537100724,0.6495246031738937
bidet from New Mexico,neither,0.04441189881032757,0.21402420332822164,0.7415638978614508
Bidet everyone!,offensive_language,0.02988896790634741,0.4927062106388782,0.4774048214547744
RECAP!!!,neither,0.03945320844208391,0.33037608806864915,0.630170703489267
IT BEGINS,neither,0.037828236809968684,0.3309349903269868,0.6312367728630445
it begin!,neither,0.03766131712739339,0.3309924016600271,0.6313462812125794
Dani!,neither,0.03945320844208391,0.33037608806864915,0.630170703489267
yay!,neither,0.03945320844208391,0.33037608806864915,0.630170703489267
Dani! <3,neither,0.03945320844208391,0.33037608806864915,0.630170703489267
Hype,neither,0.03945320844208391,0.33037608806864915,0.630170703489267
Indianapolis checking in!,neither,0.03945320844208391,0.33037608806864915,0.630170703489267
bidet yall,neither,0.03639464868045676,0.3822878294283694,0.5813175218911739
oh. never mind. its a add,neither,0.03480639439449873,0.3245175281554591,0.6406760774500422
bidet from dixon CA,neither,0.04084513770590474,0.30675141581570226,0.6524034464783931
HERE IT IS,neither,0.18920298618551698,0.2433825668613281,0.5674144469531549
bidet my dudes,neither,0.02356582543508756,0.46096478612711306,0.5154693884377993
WutFace,neither,0.03945320844208391,0.33037608806864915,0.630170703489267
YAAAASSSS,neither,0.03945320844208391,0.33037608806864915,0.630170703489267
RECAP! :D,neither,0.03945320844208391,0.33037608806864915,0.630170703489267
Any other drag race fans? Who saw mayhem kick ass?,hate_speech,0.5134252830880887,0.4326655529918288,0.05390916392008261
yaaa!!,neither,0.03945320844208391,0.33037608806864915,0.630170703489267
I AM READY,neither,0.03917858059409785,0.33047054517879704,0.6303508742271052
it's live!,neither,0.04484927957380506,0.32852013176635725,0.6266305886598378
YEEEAAAAS,neither,0.03945320844208391,0.33037608806864915,0.630170703489267
Dani <3,neither,0.03945320844208391,0.33037608806864915,0.630170703489267
HI,neither,0.03945320844208391,0.33037608806864915,0.630170703489267
Bidet from Oregon!,neither,0.04071751644889743,0.3089174816120565,0.6503650019390461
Sea of thieves... or critical role.. hmmmmmm decisions...,neither,0.03945320844208391,0.33037608806864915,0.630170703489267
Thank god I need this recap,neither,0.03887133414037359,0.3363898734235873,0.6247387924360391
Here we go!,neither,0.13156755280784707,0.2765461283225309,0.5918863188696221
"mood, want all the snow to leave mn",neither,0.044814123547597146,0.3607187284947731,0.5944671479576298
"Ch3rubaelle charged suggar you say?....well, i will take a stick from my purse of holding, wave it in the air and create a cottan candy!",neither,0.039836140881624356,0.34295084030780876,0.6172130188105669
this aught to be long,neither,0.05023906515064488,0.32936313421050506,0.6203978006388501
yasss,neither,0.03945320844208391,0.33037608806864915,0.630170703489267
bidet,neither,0.03945320844208391,0.33037608806864915,0.630170703489267
Bidet,neither,0.03945320844208391,0.33037608806864915,0.630170703489267
Bidet from germany :D,neither,0.04069404815304118,0.30931579984010865,0.6499901520068502
bidet from rochester!!!,neither,0.04228451509352876,0.2823214250720796,0.6753940598343917
Daniiiiii,neither,0.03945320844208391,0.33037608806864915,0.630170703489267
BIDET,neither,0.03945320844208391,0.33037608806864915,0.630170703489267
Ayyyy,neither,0.03945320844208391,0.33037608806864915,0.630170703489267
i appreciate these recaps,neither,0.05375477513589037,0.44437588058007643,0.5018693442840332
gandsNatTwenty gandsNatTwenty gandsNatTwenty gandsNatTwenty gandsCrit gandsCrit gandsCrit,neither,0.03945320844208391,0.33037608806864915,0.630170703489267
"If any Minnesotans around the Minneapolis area wanna try to do a meetup sometime, WE SHOULD I NEED CRITTER FRIENDS",neither,0.037693860999266325,0.37074503906295597,0.5915610999377777
flwoot,neither,0.03945320844208391,0.33037608806864915,0.630170703489267
Bidet from South Bend IN,neither,0.040448392134428975,0.3134852235870788,0.6460663842784923
"Funny, I was just looking at the Squatty Potty Bidet on Amazon",neither,0.0299077148175189,0.39098422859814946,0.5791080565843316
YAYYYY,neither,0.03945320844208391,0.33037608806864915,0.630170703489267
yeah,offensive_language,0.013968601452186464,0.5182923869769311,0.4677390115708824
YES!,neither,0.03945320844208391,0.33037608806864915,0.630170703489267
LOL,neither,0.020706217963973744,0.4882283491876925,0.4910654328483337
Bidet from Brazil,neither,0.04079557052152802,0.30759270029461827,0.6516117291838538
@rtk142 hello NEPA friend gandsLessthanthree,neither,0.03945320844208391,0.33037608806864915,0.630170703489267
Dani!,neither,0.03945320844208391,0.33037608806864915,0.630170703489267
LETS GOOOOOOOOOOOOO!,neither,0.0381375099945381,0.3527069244228318,0.6091555655826302
Bidet!,neither,0.03945320844208391,0.33037608806864915,0.630170703489267
FUCKING AWESOMENESS THAT'S WHAT HAPPENED,offensive_language,0.10337046394835733,0.8919710632352645,0.004658472816378057
Hi everyone,neither,0.032490659208996964,0.4485487193596734,0.5189606214313296
Yas dani,neither,0.03945320844208391,0.33037608806864915,0.630170703489267
POGGERS,neither,0.03945320844208391,0.33037608806864915,0.630170703489267
@WildWolfX BC BUDDY!!,neither,0.03945320844208391,0.33037608806864915,0.630170703489267
Bidet from Vancouver!,neither,0.04228451509352876,0.2823214250720796,0.6753940598343917
yyyyeeessss,neither,0.03945320844208391,0.33037608806864915,0.630170703489267
Critical Recaps is running refresh if you cannot se,neither,0.04017643061841116,0.39018490165393666,0.5696386677276521
excited,neither,0.03945320844208391,0.33037608806864915,0.630170703489267
YAS,neither,0.03945320844208391,0.33037608806864915,0.630170703489267
hahah agreed Dani!!,neither,0.03945320844208391,0.33037608806864915,0.630170703489267
whaaaaaaat?! THis happens every stream now?!,neither,0.058445984586627156,0.3251406227095732,0.6164133927037996
shit got crazy,offensive_language,0.03367550739301163,0.9662918142218886,3.2678385099637835e-05
"Now, apparently.",neither,0.03945320844208391,0.33037608806864915,0.630170703489267
"Uhh, black screen?",neither,0.0591497950810586,0.3140894774502213,0.6267607274687201
"Howdy, from ATX",neither,0.04228451509352876,0.2823214250720796,0.6753940598343917
yes ty dani,neither,0.03945320844208391,0.33037608806864915,0.630170703489267
beday,neither,0.03945320844208391,0.33037608806864915,0.630170703489267
Bidet,neither,0.03945320844208391,0.33037608806864915,0.630170703489267
preach,neither,0.03945320844208391,0.33037608806864915,0.630170703489267
monkaS,neither,0.03945320844208391,0.33037608806864915,0.630170703489267
yaaass,neither,0.03945320844208391,0.33037608806864915,0.630170703489267
lolollololololollolol,neither,0.03945320844208391,0.33037608806864915,0.630170703489267
Hi Dani :),neither,0.03945320844208391,0.33037608806864915,0.630170703489267
bidet from wy,neither,0.04062582848913359,0.31047366557575606,0.6489005059351104
HEY SRTAHD IT'S VLADIGAN! hope Your watching DUDE! CR ftw!,neither,0.08700763311652665,0.24973326292155967,0.6632591039619138
moon2CUTE Dani!! Thanks for doing this recap!,neither,0.033907970902593836,0.29964129523460353,0.6664507338628026
DANNNNIIIII,neither,0.03945320844208391,0.33037608806864915,0.630170703489267
Bidet from Montana!,neither,0.04078317879478948,0.307803020237201,0.6514138009680096
"@akago105 it means good day, travis came up with it as a greeting in season 1, thats the least amount of indo without spoils",neither,0.030466275245924795,0.3728703736678034,0.5966633510862717
Bidet,neither,0.03945320844208391,0.33037608806864915,0.630170703489267
Bidet from Ireland! :),neither,0.04066490145509902,0.30981049537100724,0.6495246031738937
when does it start?,offensive_language,0.016657143906209267,0.5095962980709364,0.4737465580228543
LETS GOOO,neither,0.03868305123800957,0.34344766577192837,0.6178692829900622
NOW I WANT TO SUBSCRIBE,neither,0.05244659855469622,0.316407251459181,0.6311461499861228
gandsCrit gandsCrit gandsCrit gandsCrit gandsCrit,neither,0.03945320844208391,0.33037608806864915,0.630170703489267
Bidet from SoCal,neither,0.04062582848913359,0.31047366557575606,0.6489005059351104
Bidet from Georgia!,neither,0.04066490145509902,0.30981049537100724,0.6495246031738937
gandsDrink,neither,0.03945320844208391,0.33037608806864915,0.630170703489267
WOOT WOOT,neither,0.03945320844208391,0.33037608806864915,0.630170703489267
that sick was insane,neither,0.03558030622045025,0.3732156587175774,0.5912040350619723
Yaaaaasssss,neither,0.03945320844208391,0.33037608806864915,0.630170703489267
OO CRAP IT STARTED,neither,0.038292815082673716,0.330775200555487,0.6309319843618393
bidet from MN,neither,0.040737273169946825,0.30858215849491494,0.6506805683351382
bidet from michigan!!<3,neither,0.040769555981420263,0.3080342349327864,0.6511962090857933
is it zutan or sutan?,neither,0.052911789443946325,0.32574706491076766,0.621341145645286
Bidet from Australia,neither,0.04062582848913359,0.31047366557575606,0.6489005059351104
bidet from Philadelphia,neither,0.04066490145509902,0.30981049537100724,0.6495246031738937
Hey hey.,neither,0.03945320844208391,0.33037608806864915,0.630170703489267
last episode was. v messy,neither,0.039342778565837136,0.3322503712675685,0.6284068501665944
Uhh what? monkaS,neither,0.04622678436787283,0.32555606078567784,0.6282171548464492
Bidet from Saskatoon gandsNatTwenty gandsNatTwenty gandsNatTwenty gandsNatTwenty gandsNatTwenty gandsNatTwenty,neither,0.04228451509352876,0.2823214250720796,0.6753940598343917
"repeat Critical Recaps is running, refresh if you cannot see",neither,0.04015979927920511,0.3889022796489439,0.5709379210718509
bidet?,neither,0.03945320844208391,0.33037608806864915,0.630170703489267
Bidet,neither,0.03945320844208391,0.33037608806864915,0.630170703489267
bidettttttt,neither,0.03945320844208391,0.33037608806864915,0.630170703489267
The High Victor,neither,0.03495534138881156,0.39901272161444146,0.5660319369967469
should I subscribe guys?,neither,0.061165246769018855,0.3968195000485599,0.5420152531824212
Holy crap that scarred me! I've never seen this live before. When did they start doing recaps?,neither,0.017731591214404627,0.43607629630428935,0.5461921124813062
Strahd* soz lol,neither,0.020706217963973744,0.4882283491876925,0.4910654328483337
BRRRRR HIGH RICTOR,neither,0.033145104355715105,0.48079866637856256,0.4860562292657223
@Absinthean I'd be down,neither,0.04038428270112515,0.33817278404218487,0.6214429332566899
Bidet from Howell NJ,neither,0.04069404815304118,0.30931579984010865,0.6499901520068502
some one link the CR timer please? Daylight savings just happened where i live,neither,0.035203664274599845,0.3386103858283461,0.626185949897054
Bidet from UK,neither,0.04079557052152802,0.30759270029461827,0.6516117291838538
PogChamp,neither,0.03945320844208391,0.33037608806864915,0.630170703489267
Bidet!,neither,0.03945320844208391,0.33037608806864915,0.630170703489267
ITS ON,neither,0.024643178838944246,0.35995612139696637,0.6154006997640895
What the hell does Bidet mean? bEsides a toilet?,offensive_language,0.033549751553979504,0.6588352633357688,0.30761498511025176
bidet,neither,0.03945320844208391,0.33037608806864915,0.630170703489267
Bidet from Oregon!,neither,0.04071751644889743,0.3089174816120565,0.6503650019390461
gandsLessthanthree gandsLessthanthree gandsLessthanthree gandsLessthanthree,neither,0.03945320844208391,0.33037608806864915,0.630170703489267
woot woot,neither,0.03945320844208391,0.33037608806864915,0.630170703489267
WASSSUP,neither,0.03945320844208391,0.33037608806864915,0.630170703489267
"@grizzlyphil @pencilstroke your song echoes throughout the hall, lights begin to glow high up near the ceiling, and you hear ghostly voices joining in",neither,0.05705675590094194,0.3708002562574155,0.5721429878416425
bidet,neither,0.03945320844208391,0.33037608806864915,0.630170703489267
@ch3rubaelle can I try to swipe some of the stuff in her purse?,neither,0.03149542760427205,0.4622819398973001,0.5062226324984279
Her expression makes this video so good. Literally is the face I had towards the end of this episode,neither,0.039594959228253804,0.39663029293757074,0.5637747478341755
Bidet from NYC!,neither,0.04081748366884477,0.3072207769958956,0.6519617393352596
Bidet Critters !,neither,0.03945320844208391,0.33037608806864915,0.630170703489267
@Dancinman91 woohoo,neither,0.03945320844208391,0.33037608806864915,0.630170703489267
Zutan i believe,neither,0.03945320844208391,0.33037608806864915,0.630170703489267
"YAAAAAAAAYYY IT""S BEEN TWO MONTHS SINCE I""VE TUNED IN",neither,0.022906109933213892,0.313249615297397,0.6638442747693892
Bidet from CA,neither,0.04084513770590474,0.30675141581570226,0.6524034464783931
Our Lady of Recaps Dani Carr ( twitter.com/ItsDaniCarr ),neither,0.03893243441116944,0.413649997352151,0.5474175682366794
gandsNatTwenty gandsNatTwenty gandsNatTwenty gandsNatTwenty,neither,0.03945320844208391,0.33037608806864915,0.630170703489267
rinisHypers rinisHypers rinisHypers,neither,0.03945320844208391,0.33037608806864915,0.630170703489267
CHAOS,neither,0.03945320844208391,0.33037608806864915,0.630170703489267
Big gay,neither,0.3578169068602861,0.196828293968918,0.44535479917079585
Bidet from TN!! gandsSubHype gandsSubHype,neither,0.040769555981420263,0.3080342349327864,0.6511962090857933
bidet from ks,neither,0.04228451509352876,0.2823214250720796,0.6753940598343917
gandsHR,neither,0.03945320844208391,0.33037608806864915,0.630170703489267
"bidet from oakland, ca!!!!",neither,0.04043211762049359,0.3137614445616591,0.6458064378178473
LMAO LUL Mollymauk. Wtf.,offensive_language,0.04095160228443442,0.5694255569221784,0.3896228407933872
*bidet,neither,0.03945320844208391,0.33037608806864915,0.630170703489267
Bidet from the UK!,neither,0.039613273355342184,0.2892653269430044,0.6711213997016535
Bidet from Chicago,neither,0.04078317879478948,0.307803020237201,0.6514138009680096
hello,neither,0.03945320844208391,0.33037608806864915,0.630170703489267
the egg penis!,neither,0.03855134056361763,0.3138766377774522,0.6475720216589301
was about to get on fortnite and wait for this lol,neither,0.027999709661791255,0.3606512460406441,0.6113490442975646
Bidet from Purdue University!,neither,0.040769555981420263,0.3080342349327864,0.6511962090857933
gandsSubHype gandsSubHype gandsSubHype gandsSubHype,neither,0.03945320844208391,0.33037608806864915,0.630170703489267
woo!,neither,0.03945320844208391,0.33037608806864915,0.630170703489267
"Bidet from New York! ( State, not city)",neither,0.0684569274005373,0.1701489695776121,0.7613941030218505
gandsCrit gandsCrit gandsCrit gandsCrit gandsCrit gandsCrit gandsCrit gandsCrit,neither,0.03945320844208391,0.33037608806864915,0.630170703489267
Bidet from S.D.,neither,0.04228451509352876,0.2823214250720796,0.6753940598343917
If anyone doesn't know what Critical Role is yet..... here you go! :D,neither,0.07334958828044391,0.3672574518821809,0.5593929598373751
bidet is a special toilet that cleans your behind for you,neither,0.10631890643064865,0.3370952780538788,0.5565858155154726
How long has there been updates on the previous episodes?,neither,0.036518358680687354,0.29376116087316706,0.6697204804461456
vomiting Tiefling! Cover your cloth!,neither,0.08894545011857306,0.3165498389738692,0.5945047109075577
Bidet from KS,neither,0.04228451509352876,0.2823214250720796,0.6753940598343917
My first live show,neither,0.037360909416709435,0.3433138228150225,0.619325267768268
It was a crazy episode.,neither,0.02751155042700265,0.4408268426283897,0.5316616069446076
Creating chaos is what this crew does best.,neither,0.0367163861229977,0.4069413473429147,0.5563422665340875
bidet from Georgia!,neither,0.04066490145509902,0.30981049537100724,0.6495246031738937
"Bidets are primarily used to wash and clean the genitalia, perineum, inner buttocks, and anus. Traditional designs may also be used to clean any other part of the human body, such as the feet.",neither,0.08776416076953052,0.22596705143784038,0.6862687877926291
Blessed Lady of Recaps,neither,0.03945320844208391,0.33037608806864915,0.630170703489267
gandsSubHype gandsSubHype gandsSubHype gandsRage,neither,0.03945320844208391,0.33037608806864915,0.630170703489267
hello?,neither,0.03945320844208391,0.33037608806864915,0.630170703489267
Bidet from Colorado,neither,0.04066490145509902,0.30981049537100724,0.6495246031738937
Thank gawd. I rewatched the ep and still need a recap,neither,0.03760871597936935,0.30870153106141135,0.6536897529592193
Bidet from NYC!,neither,0.04081748366884477,0.3072207769958956,0.6519617393352596
LUL,neither,0.03945320844208391,0.33037608806864915,0.630170703489267
Bidet from Kansas!!,neither,0.04071751644889743,0.3089174816120565,0.6503650019390461
That was a quality episode,neither,0.03581433863828071,0.37058571356158954,0.5935999478001298
The cleric experience,neither,0.038248109054999424,0.30812809647739126,0.6536237944676092
Bidet from STL,neither,0.04228451509352876,0.2823214250720796,0.6753940598343917
Bidet from VA,neither,0.04066490145509902,0.30981049537100724,0.6495246031738937
Tieflings Ftw!,neither,0.03945320844208391,0.33037608806864915,0.630170703489267
Hype,neither,0.03945320844208391,0.33037608806864915,0.630170703489267
Beep beep!,neither,0.03945320844208391,0.33037608806864915,0.630170703489267
BIDET FROM DALLAS!,neither,0.04081748366884477,0.3072207769958956,0.6519617393352596
Ch3rubaelle thx for DM ing me ^^ but its crawling to fast now ;),neither,0.029637691067868947,0.3402526402076535,0.6301096687244775
Hewwo...,neither,0.03945320844208391,0.33037608806864915,0.630170703489267
Bidet from KC MO,neither,0.040439121677047545,0.3136425674428074,0.6459183108801451
#FrumpkinDamage,neither,0.03945320844208391,0.33037608806864915,0.630170703489267
molly is amazing,neither,0.04819585529762103,0.3273690909156907,0.6244350537866883
Bidet from San Diego!,neither,0.040446282760733435,0.31352102516371877,0.6460326920755478
Bidet from london,neither,0.04069404815304118,0.30931579984010865,0.6499901520068502
Molly is underappreciated. LUL bldfLOL,neither,0.047057914604933804,0.32776048090086196,0.6251816044942043
Bidet from MD,neither,0.04062582848913359,0.31047366557575606,0.6489005059351104
and I am in. hahaahahahahahahahahahahahahahabababhahahahahahahahahahahahahahaha!,neither,0.03790920682563943,0.26444303299536476,0.6976477601789958
Bidet from Roseville CA !,neither,0.04084513770590474,0.30675141581570226,0.6524034464783931
@Fancifulfury also from TN :),neither,0.04054442234697751,0.31185534026124617,0.6476002373917764
Bidet from Seattle (but actually from Boston (but actually from detroit)),neither,0.03774060650475173,0.31372827594566866,0.6485311175495796
Bidet from Cali,neither,0.04079557052152802,0.30759270029461827,0.6516117291838538
best episode ever,neither,0.03850074365484307,0.3224002705659055,0.6390989857792514
i am PUUUUUUUUUMPED,neither,0.03902346103501681,0.3305238979082658,0.6304526410567174
from florida,neither,0.0408948396164547,0.30590784468201904,0.6531973157015263
bidet from Corvallis OR,neither,0.04147775179570021,0.2960143037206597,0.66250794448364
"Bidet from Chandler, Arizona KappaPride",neither,0.04078317879478948,0.307803020237201,0.6514138009680096
Exactly so why is everyone saying Bidet from so and so,neither,0.027869120956576527,0.4556343647870149,0.5164965142564086
Bidet from Michigan!,neither,0.040769555981420263,0.3080342349327864,0.6511962090857933
I'm already getting stressed guys...,neither,0.0349418060315027,0.4069463607982945,0.5581118331702027
bidet from Iowa!,neither,0.04069404815304118,0.30931579984010865,0.6499901520068502
"@SuperGimpoMan since part way through Mothership, official recaps about 3 weeks",neither,0.03842890977194894,0.3494794058343726,0.6120916843936784
I get the feeling that Molly has scammed clinics for drugs before.,neither,0.030074240235918398,0.3726250804389478,0.5973006793251336
Bidet from Canada,neither,0.04071751644889743,0.3089174816120565,0.6503650019390461
Beep Beep,neither,0.03945320844208391,0.33037608806864915,0.630170703489267
"Bidet from Denmark, at 4 a.m... ""Dedication",neither,0.03976031643518246,0.33720538135981476,0.6230343022050029
anyone else have a blackscreen?,neither,0.038825816888518785,0.3410245600941294,0.6201496230173519
Wooooooooooo!,neither,0.03945320844208391,0.33037608806864915,0.630170703489267
SnickersHype SnickersHype SnickersHype,neither,0.03945320844208391,0.33037608806864915,0.630170703489267
They are all amazing,neither,0.07756774882699434,0.3602315575554264,0.5622006936175792
BIDET FROM CANADA,neither,0.04071751644889743,0.3089174816120565,0.6503650019390461
so excited!!!!!,neither,0.03940839469474773,0.3948270312238364,0.565764574081416
Hey hYee ee,neither,0.03945320844208391,0.33037608806864915,0.630170703489267
Bidet from Toronto!,neither,0.04066490145509902,0.30981049537100724,0.6495246031738937
beep beep from utah,neither,0.04066490145509902,0.30981049537100724,0.6495246031738937
Caleb is gonna die...,neither,0.20557529588223047,0.17115432786034918,0.6232703762574203
Bidet!!,neither,0.03945320844208391,0.33037608806864915,0.630170703489267
Been a few weeks since I've been able to watch CriticalRole live. I'm excited,neither,0.03268293477788009,0.3222310604205309,0.645086004801589
@j1981nm welcome hold on to your breakfast!!,neither,0.07151628315965929,0.33043481381404677,0.598048903026294
Bidet from Nebraska,neither,0.04062582848913359,0.31047366557575606,0.6489005059351104
gandsSCANLAN,neither,0.03945320844208391,0.33037608806864915,0.630170703489267
it says there are 0 viewers for me,neither,0.04438670618738533,0.2705330455810962,0.6850802482315186
bidet and beep beep from toronto,neither,0.039665017157423446,0.26811748049299106,0.6922175023495856
bidet from hawaii!,neither,0.04062582848913359,0.31047366557575606,0.6489005059351104
"Bidet from Chattanooga, TN",neither,0.040769555981420263,0.3080342349327864,0.6511962090857933
DANI IS THE BESTEST!!!,neither,0.047981327668986,0.3087450538031115,0.6432736185279025
Bidet from Nebraska,neither,0.04062582848913359,0.31047366557575606,0.6489005059351104
Bidet from Central Texas,neither,0.04047527847633896,0.31302889219710534,0.6464958293265558
I find the lack of europeans disturbing,neither,0.04171584811531061,0.2558765879304967,0.7024075639541928
"Ulog :,(",neither,0.03945320844208391,0.33037608806864915,0.630170703489267
nope no black screen,neither,0.05881106885681614,0.3272469365930215,0.6139419945501623
heya from Aussie Land,neither,0.0408364874901429,0.30689823255244486,0.6522652799574122
Bidet from Scotland,neither,0.04062582848913359,0.31047366557575606,0.6489005059351104
PogChamp,neither,0.03945320844208391,0.33037608806864915,0.630170703489267
bidet from Phoenix Arizona,neither,0.04039617012658628,0.31437156734874944,0.6452322625246643
bidet from indianapolis,neither,0.04062582848913359,0.31047366557575606,0.6489005059351104
bidet from UK,neither,0.04079557052152802,0.30759270029461827,0.6516117291838538
HAPPY THURSDAY,neither,0.03945320844208391,0.33037608806864915,0.630170703489267
bidet from Washington,neither,0.04080695066346891,0.3073995495860776,0.6517934997504536
im gonna cry and its gonna be caleb's fault,neither,0.033752863594043656,0.3862657781406864,0.57998135826527
hello,neither,0.03945320844208391,0.33037608806864915,0.630170703489267
@rallyes same timezone here. France!,neither,0.09184792777835689,0.29779008994133743,0.6103619822803057
oof,neither,0.03945320844208391,0.33037608806864915,0.630170703489267
Canne wait,neither,0.03945320844208391,0.33037608806864915,0.630170703489267
Bidet from Mt. Angel OR,neither,0.04043188745497329,0.31376535107122266,0.645802761473804
prediction: Caleb gon die,neither,0.08110155981455328,0.3464669973584175,0.5724314428270293
Try refreshing,neither,0.03945320844208391,0.33037608806864915,0.630170703489267
Bidet all! back here from UTAH,neither,0.08860218483383016,0.34147098401765186,0.569926831148518
NEIN!,neither,0.03945320844208391,0.33037608806864915,0.630170703489267
"the ending definitely reminded me of aluras tower and the attack on iman, im stoked :O",neither,0.032846750200985174,0.3366077869231302,0.6305454628758845
Bidet from Arkansas!,neither,0.04066490145509902,0.30981049537100724,0.6495246031738937
Bidet from Nevada!,neither,0.04066490145509902,0.30981049537100724,0.6495246031738937
HERE WE GO!,neither,0.13156755280784707,0.2765461283225309,0.5918863188696221
Team Caleb represent,neither,0.03945320844208391,0.33037608806864915,0.630170703489267
My first DM session is this weekend YEET,neither,0.03198355021528077,0.38661063285733527,0.5814058169273839
"Bidet from Louisville, KY",neither,0.04034574383703774,0.31522743308451706,0.6444268230784452
bidet for Texas!!,neither,0.03137244601613628,0.2900921703110023,0.6785353836728614
HYYYPE,neither,0.03945320844208391,0.33037608806864915,0.630170703489267
The Deadliest Rug.,neither,0.03833268284400528,0.3097437752947421,0.6519235418612527
"Bidet from Clarksville, TN",neither,0.040769555981420263,0.3080342349327864,0.6511962090857933
Dani = Is it Thursday yet!!!,neither,0.0447378295173772,0.3285584645513723,0.6267037059312506
sup?,neither,0.03945320844208391,0.33037608806864915,0.630170703489267
@purple_magi fellow Utahn! welcome,neither,0.03945320844208391,0.33037608806864915,0.630170703489267
So excited,neither,0.03940839469474773,0.3948270312238364,0.565764574081416
BIDET! Beepbeep! From charlottesville va!,neither,0.04066490145509902,0.30981049537100724,0.6495246031738937
OMG,neither,0.03945320844208391,0.33037608806864915,0.630170703489267
they got pho from progressive to do the recaps?,neither,0.044597663046311936,0.33491617455945694,0.6204861623942312
"@MisterLoggans I'm just south in Trenton, Ga",neither,0.03610062046634226,0.3460171116852754,0.6178822678483824
biget,neither,0.03945320844208391,0.33037608806864915,0.630170703489267
bidet from Illinois!!,neither,0.04069404815304118,0.30931579984010865,0.6499901520068502
bidet from Wisconsin,neither,0.04071751644889743,0.3089174816120565,0.6503650019390461
bet 20 bucks caleb gets ko'ed before the episode reaches 10 minutes,neither,0.03728871281899537,0.35272718194110814,0.6099841052398964
no black screen here,neither,0.13535964313479618,0.2783478654648444,0.5862924914003593
Bidet from Yorkshire!,neither,0.04228451509352876,0.2823214250720796,0.6753940598343917
Bidet from Mexico,neither,0.040769555981420263,0.3080342349327864,0.6511962090857933
Bidet all!,offensive_language,0.046917543854519406,0.6277741405869331,0.3253083155585475
SAAAAAAAAM,neither,0.03945320844208391,0.33037608806864915,0.630170703489267
no picture?,neither,0.03819157002539395,0.3517893846137699,0.6100190453608362
Bidet from England <3 Hope everyone's having a wonderful Thursday,neither,0.05703869007032611,0.3137344463471058,0.629226863582568
oh shit!!!!!!1,offensive_language,0.04652059265363964,0.9534729203614298,6.486984930600159e-06
"@pencilstroke yw, this was super fun! thanks for playing too @grizzlyphil",neither,0.03329214653249489,0.3023610976722873,0.6643467557952178
Bidet from northern virginia! anyone else from east coast? :D,neither,0.04063280527707361,0.3103552512764483,0.6490119434464781
Dani is awesome!!,neither,0.0471859699920646,0.32771643678117074,0.6250975932267647
"I'm so Fucking hype. I've been watching on YouTube for a year, but couldn't catch up fast enough, but now I'm totally up to date with the new campaign and i get to watch live for the first time!!!!",offensive_language,0.04959501051627156,0.7003744056415047,0.25003058384222365
Bidet from New York,neither,0.044690599332616286,0.20708884905532376,0.7482205516120599
Bidet errybody!,neither,0.03945320844208391,0.33037608806864915,0.630170703489267
12:12 dedication,neither,0.03945320844208391,0.33037608806864915,0.630170703489267
Team Nott reporting for duty!,neither,0.03329114140241137,0.29960899106478467,0.667099867532804
HAPPY THURSDAY EVERYBODY!!,neither,0.03945320844208391,0.33037608806864915,0.630170703489267
Alright boiz,neither,0.03945320844208391,0.33037608806864915,0.630170703489267
this is the going to be the next best episode!,neither,0.047818534173074016,0.3302791038778968,0.6219023619490291
Bidet from USA! (Florida),neither,0.040470992782370326,0.313101631608523,0.6464273756091067
bidet from Las vegas,neither,0.040400041164603724,0.3143058657309893,0.6452940931044071
Bidet from Dallas!,neither,0.04081748366884477,0.3072207769958956,0.6519617393352596
yaaay it's thursday!,neither,0.03752336384949593,0.3310398501182267,0.6314367860322773
OMG the recap just made me have a heart attack. I thought i just missed the beginnings,neither,0.03147809140868568,0.30797264027420435,0.6605492683171099
oooh we got recaps now?,neither,0.03806887101915969,0.3772039389482069,0.5847271900326334
BIDET GOOD CRITTERS,neither,0.037820165765928906,0.33093776632913474,0.6312420679049364
YAS HERE WE GO,neither,0.08993992802526268,0.2977886019174124,0.6122714700573249
This is the first time I’ve pushed myself to watch an episode live! Hope I don’t fall asleep...,neither,0.046856555667861115,0.26130511871328427,0.6918383256188547
PokPikachu,neither,0.03945320844208391,0.33037608806864915,0.630170703489267
Bidet from St. Louis,neither,0.040470992782370326,0.313101631608523,0.6464273756091067
bidet from ottawa!,neither,0.04228451509352876,0.2823214250720796,0.6753940598343917
This is only my second time watching live. Super stoked.,neither,0.03830398353074505,0.39466263143509556,0.5670333850341595
NEIN!,neither,0.03945320844208391,0.33037608806864915,0.630170703489267
I'm so excited,neither,0.03940839469474773,0.3948270312238364,0.565764574081416
Bidet from Ohio,neither,0.040754399270683486,0.3082914838698526,0.650954116859464
burritoguard,neither,0.03945320844208391,0.33037608806864915,0.630170703489267
Bidet from Wisconsin,neither,0.04071751644889743,0.3089174816120565,0.6503650019390461
@dreamydruids He probably will.,neither,0.04736124158282974,0.322348023490177,0.6302907349269932
bidet from STL!,neither,0.04228451509352876,0.2823214250720796,0.6753940598343917
Bidet from Michigan,neither,0.040769555981420263,0.3080342349327864,0.6511962090857933
Hallo from Maine,neither,0.04069404815304118,0.30931579984010865,0.6499901520068502
Bidet all,offensive_language,0.046917543854519406,0.6277741405869331,0.3253083155585475
when does actaul show start? est time ?,neither,0.02737354103188073,0.45003819309815657,0.5225882658699628
guess what time Critical Role starts in my time zone.......9!!!!,neither,0.03407840250397218,0.40046197630138064,0.5654596211946471
Bidet from Omaha Nebraska,neither,0.04062582848913359,0.31047366557575606,0.6489005059351104
Bidet everyone!,offensive_language,0.02988896790634741,0.4927062106388782,0.4774048214547744
Bidet from Wisconsin!!!,neither,0.04071751644889743,0.3089174816120565,0.6503650019390461
This epiosde is gonna be epic,neither,0.0471917160108662,0.38228311992239644,0.5705251640667373
Bidet crit fam,neither,0.03945320844208391,0.33037608806864915,0.630170703489267
WE IN IT NOW!,neither,0.037022735229608854,0.3352384080645934,0.6277388567057977
Bidet form the great lakes,neither,0.036796605239825364,0.28961545752570733,0.6735879372344673
Bidet from Colorado Springs,neither,0.040334677536117594,0.315415257091876,0.6442500653720065
Bidet from NY,neither,0.04084513770590474,0.30675141581570226,0.6524034464783931
really like that they added a recap,neither,0.04444270254073435,0.37697498831990617,0.5785823091393596
this is my first time watching Critical Role live Im excited yall!!!!!!!!!!,neither,0.03314894764609114,0.4213497286171101,0.5455013237367988
Happy Thursday!!!,neither,0.03945320844208391,0.33037608806864915,0.630170703489267
Leading to 12 plus minutes of genius from Sam,neither,0.043937375495809255,0.3177225484500952,0.6383400760540956
Bidet from SoCal!,neither,0.04062582848913359,0.31047366557575606,0.6489005059351104
sup yall...super bad miraine..hopefuilly I''ll make it all the way tonight,neither,0.03398428197987098,0.36446281667764086,0.6015529013424882
Bidet from Colorado Springs!,neither,0.040334677536117594,0.315415257091876,0.6442500653720065
beep beep from Boston,neither,0.040769555981420263,0.3080342349327864,0.6511962090857933
Bidet from Vancouver,neither,0.04228451509352876,0.2823214250720796,0.6753940598343917
Episode 12 Sam sat frozen for 12mins and 12 secs,neither,0.03587667440901524,0.29413191953392126,0.6699914060570635
NEIN!,neither,0.03945320844208391,0.33037608806864915,0.630170703489267
gandsNatTwenty,neither,0.03945320844208391,0.33037608806864915,0.630170703489267
Bidet from Nebraska,neither,0.04062582848913359,0.31047366557575606,0.6489005059351104
Bidet from Oklahoma!,neither,0.04066490145509902,0.30981049537100724,0.6495246031738937
Nobody is to die! I'm listening only because I'm at work and I don't want to wind up trying to explain a crying fit...,neither,0.10567345663894545,0.30766383074121634,0.5866627126198382
Bidet from the UK,neither,0.039613273355342184,0.2892653269430044,0.6711213997016535
10pm est,neither,0.03945320844208391,0.33037608806864915,0.630170703489267
Bidet from Paraguay,neither,0.04228451509352876,0.2823214250720796,0.6753940598343917
bidet from Springfield MO,neither,0.04041768713400279,0.3140063675779768,0.6455759452880205
gandsSCANLAN gandsSCANLAN gandsSCANLAN gandsSCANLAN,neither,0.03945320844208391,0.33037608806864915,0.630170703489267
Anyone remember what their health was at the end? Caleb was just barely up right?,neither,0.0368623321346953,0.38041332729665794,0.5827243405686466
bidet from Boston!,neither,0.040769555981420263,0.3080342349327864,0.6511962090857933
BEST SCENE,neither,0.03839168215902394,0.32148700364109933,0.6401213141998767
"Do you have time, to talk about our lady and savior, Recap Dani Kappa <3",neither,0.03792423479356114,0.36029666717572767,0.6017790980307112
Bidet from Colorado!,neither,0.04066490145509902,0.30981049537100724,0.6495246031738937
Woo! This episode is going to be awesome! Who else had Chroma Conclave feels last week?,neither,0.0470780057373345,0.37842328223604405,0.5744987120266215
"These recaps are really nice, especially for chaotic episodes like last one.",neither,0.06781815585061236,0.35342507007845547,0.5787567740709321
Bidet from Chicago!!!,neither,0.04078317879478948,0.307803020237201,0.6514138009680096
Bidet from Mississippi!,neither,0.040754399270683486,0.3082914838698526,0.650954116859464
bidet all from MI,neither,0.04324940744025782,0.3982080527344978,0.5585425398252444
finally got caught up in time for my first live episode BegWan,neither,0.024640780776865597,0.43628301908938816,0.5390762001337462
LAST EPISODE WAS SO INTENSE,neither,0.03931187086043693,0.36928006316648937,0.5914080659730737
I literally loved the last episode,neither,0.038723300598707246,0.3170857617454594,0.6441909376558335
@ch3rubaelle I polymorph @pencilstroke into a goose as well,neither,0.03762793819813361,0.361355687684232,0.6010163741176345
Bidet from PA,neither,0.04069404815304118,0.30931579984010865,0.6499901520068502
Bidet from Wisconsin!,neither,0.04071751644889743,0.3089174816120565,0.6503650019390461
favorite moment from last week,neither,0.04037272868950837,0.31476942971323735,0.6448578415972542
Bidet from Southern Oregon,neither,0.04040912852695437,0.3141516294757728,0.6454392419972729
i m t a k i n g t h i s,neither,0.03945320844208391,0.33037608806864915,0.630170703489267
it starts at 7 in califonia,neither,0.036842672483348674,0.3598677889380169,0.6032895385786344
Bidet from Phoenix,neither,0.04066490145509902,0.30981049537100724,0.6495246031738937
Bidet all!,offensive_language,0.046917543854519406,0.6277741405869331,0.3253083155585475
bidet from Indy,neither,0.04062582848913359,0.31047366557575606,0.6489005059351104
These recaps just help get so much more hyped and excited for the craziness!!! gandsLessthanthree gandsLessthanthree gandsLessthanthree gandsCrit gandsCrit,neither,0.03420425193602859,0.3526296413449464,0.613166106719025
That moment was so intense!!!,neither,0.03587601551133648,0.40824678564738015,0.5558771988412833
Bidet from Oregon!!,neither,0.04071751644889743,0.3089174816120565,0.6503650019390461
it's crashed?!,neither,0.037770165237438216,0.33095496380368705,0.6312748709588748
bidet from Columbus OH,neither,0.046217305438488294,0.25826826087262716,0.6955144336888845
Bidet from North Carolina!,neither,0.04040057148408362,0.31429686482539193,0.6453025636905245
Its Thursday!!!,neither,0.032172426933007474,0.33288028269424347,0.634947290372749
its sadly getting to bvusy in the chat for me to follow the conversations anymore. I'm happy i made it this week. you guys are great as allways,neither,0.04751466050922592,0.3520731745181904,0.6004121649725835
first live show. finally caught up last week. started episode 1 in November. So excited,neither,0.04364612564832784,0.3415214439091934,0.6148324304424787
that was such a good moment,neither,0.03508966635844686,0.3707187882209231,0.5941915454206301
roll for intiative,neither,0.031260903452697913,0.28954079456828563,0.6791983019790164
This episode is gonna be WILD,neither,0.04612042462521923,0.3755814589666544,0.5782981164081263
Bidet from Chicago!,neither,0.04078317879478948,0.307803020237201,0.6514138009680096
"dunno if anyone has made this connection yet, but if you include Frumpkin and JEster's duplicate....they technically have 9 people",neither,0.035478084094667794,0.39410401758129715,0.5704178983240351
Bidet from Texas,neither,0.040937266849991,0.30518774380265185,0.6538749893473571
intense :o,neither,0.03945320844208391,0.33037608806864915,0.630170703489267
gandsSCANLAN,neither,0.03945320844208391,0.33037608806864915,0.630170703489267
Bidet from Wisconsin!,neither,0.04071751644889743,0.3089174816120565,0.6503650019390461
bidet from metro east (that's near StL),neither,0.03730265481668188,0.3485847531655695,0.6141125920177486
#TEAMMOLLY,neither,0.03945320844208391,0.33037608806864915,0.630170703489267
Travis is the best man,neither,0.04513813014852666,0.3604507762499159,0.5944110936015573
YAS FJORD YAAAAAAS,neither,0.03945320844208391,0.33037608806864915,0.630170703489267
Bidet!,neither,0.03945320844208391,0.33037608806864915,0.630170703489267
LUL,neither,0.03945320844208391,0.33037608806864915,0.630170703489267
what time does recap end?,neither,0.03055656916503997,0.4470300336405129,0.5224133971944471
@Dovolan Recap Dani is a treasure,neither,0.04548378325202192,0.32830189685586997,0.6262143198921081
Bidet!,neither,0.03945320844208391,0.33037608806864915,0.630170703489267
gandsNatTwenty,neither,0.03945320844208391,0.33037608806864915,0.630170703489267
Cant believe im gonna stay up till 2am tonight when i gotta be up @ 645 am,neither,0.028638832540669696,0.4548289073602994,0.516532260099031
Bidet from Wisconsin! It's gonna be a good one!,neither,0.0373932965960427,0.3887471425169051,0.5738595608870521
last episode was a mess but a very fun mess,neither,0.0374592659192931,0.3372102021180951,0.6253305319626118
hopefully they wont have to fight anything big right away,neither,0.032052202540116544,0.37177088410482734,0.5961769133550562
gandsLessthanthree,neither,0.03945320844208391,0.33037608806864915,0.630170703489267
bidet from ma,neither,0.031816597323666866,0.4599893087150652,0.5081940939612679
WHY CANT WE BE FRIENDS?,neither,0.028155898031122638,0.35392154845760576,0.6179225535112716
