text,top_class,hate_speech,offensive_language,neither
I'm still catching up on this show. But it's AWESOME.,neither,0.041328606175947635,0.342780953866891,0.6158904399571613
Both Sam's on this channel are amazingly entertaining!,neither,0.05440838875871637,0.30866725239145115,0.6369243588498326
excited?,neither,0.03945320844208391,0.33037608806864915,0.630170703489267
It's my experience all Sams are amazing,neither,0.04848367709477201,0.4380162451130876,0.5135000777921405
anyone know what music that was?,neither,0.04062533637613895,0.3691940853533298,0.5901805782705313
I can't wait. just hope i get to watch it all as family is over.,neither,0.0770574980525789,0.3324039394108176,0.5905385625366035
Eric!!!,neither,0.03945320844208391,0.33037608806864915,0.630170703489267
"Help G&S make great content! $4.99/month gets you emotes, Minecraft server access, sub-only VODs, and more! Every sub keeps the channel alive! twitch.tv/geekandsundry/subscribe",neither,0.043907990691603095,0.31135964332838284,0.644732365980014
Hello!,neither,0.03945320844208391,0.33037608806864915,0.630170703489267
YAYAYA,neither,0.03945320844208391,0.33037608806864915,0.630170703489267
"Sam... both he and they are amazing, I agree",neither,0.061918724741332004,0.26775254005308147,0.6703287352055867
hiya Eric!,neither,0.03945320844208391,0.33037608806864915,0.630170703489267
helloooo,neither,0.03945320844208391,0.33037608806864915,0.630170703489267
Hi @angelus2141,neither,0.03945320844208391,0.33037608806864915,0.630170703489267
Yay!,neither,0.03945320844208391,0.33037608806864915,0.630170703489267
Admiral!!,neither,0.03945320844208391,0.33037608806864915,0.630170703489267
hi all!,neither,0.0423466876598404,0.4436528871510691,0.5140004251890904
gandsClassic gandsClassic gandsSubHype gandsSubHype,neither,0.03945320844208391,0.33037608806864915,0.630170703489267
"Just realised that my sub coincided with SoT live, and I'm happy about that. Usually occurs during random show.",neither,0.029584321971100124,0.39758042800041976,0.57283525002848
,neither,0.03945320844208391,0.33037608806864915,0.630170703489267
Hello Eric,neither,0.03945320844208391,0.33037608806864915,0.630170703489267
yay!!! Glad Eric is feeling better!!!,neither,0.04513284578664974,0.32842260034266035,0.6264445538706899
@rtk142 i went to school with a sam who was just an asshole,offensive_language,0.035337391328221994,0.5103275743158253,0.45433503435595257
<3 Heeeey,neither,0.03945320844208391,0.33037608806864915,0.630170703489267
"I’m a little bummed, I’m going to miss a lot of today’s episode because of work.",neither,0.03701675680874132,0.33530675088801326,0.6276764923032454
Eric is Borg confirmed,neither,0.046966537634371974,0.32779190963118415,0.6252415527344438
Was it one of those automatic system updates that you can't say no to?,neither,0.0705198371213057,0.3674703143304309,0.5620098485482633
"It's 100% fine Eric, just take care of yourself.",neither,0.03547057432718361,0.34503723647356116,0.6194921891992553
Changeling,neither,0.03945320844208391,0.33037608806864915,0.630170703489267
B. Dave sup bud,neither,0.03945320844208391,0.33037608806864915,0.630170703489267
!points B. Dave,neither,0.03945320844208391,0.33037608806864915,0.630170703489267
"That was an excellent pun, B.! Here, have some points for that one! You have been awarded 38 points!",neither,0.05003766897837674,0.38201493930407926,0.5679473917175439
"Glad that you're OK, Eric",neither,0.06837101903302538,0.3813785283103145,0.5502504526566602
But yay Eric feeling better!,neither,0.03691970487933722,0.3378546482197621,0.6252256469009007
I'd prefer to be a Borg :p,neither,0.048625827203596976,0.3300606709054692,0.6213135018909339
B Dave is back!,neither,0.04910426969663709,0.3270566455479794,0.6238390847553834
"Speaking of which, I haven't eaten for far too long.",neither,0.035391939001626724,0.3130326764333303,0.6515753845650428
Glad you're back!,neither,0.0971638166909043,0.34916054001830793,0.5536756432907878
@wisdomsavingthrow -pencil snaps-,neither,0.03945320844208391,0.33037608806864915,0.630170703489267
not borg,neither,0.03554889144452836,0.3454295093440936,0.619021599211378
"Just don´t drink to much cream sodfa before the show nnext time, Eric.... especially the one of decalibrated replicators",neither,0.0416263597988322,0.34471763420891066,0.6136560059922572
Leeeets goooo,neither,0.03945320844208391,0.33037608806864915,0.630170703489267
shield of tomorrow's here to answer all your nerd questions,neither,0.11360762617054217,0.33731384201976966,0.5490785318096881
Eric isnt running on windows 10 is he,neither,0.04623354875149473,0.3360017824898008,0.6177646687587045
I love that Forkin' B. Dave!,neither,0.03211269273309396,0.3924741596783287,0.5754131475885773
Hibernation??,neither,0.03945320844208391,0.33037608806864915,0.630170703489267
hi everyone,neither,0.032490659208996964,0.4485487193596734,0.5189606214313296
Hi @Compel_Bast,neither,0.03945320844208391,0.33037608806864915,0.630170703489267
"Speaking of Tribbles, I made sure to get my Daring Tribble in STO :P",offensive_language,0.02990143698142891,0.5100898920314596,0.46000867098711146
we're all strange friends. it's the internet :P,neither,0.052571110641455816,0.3503411184130748,0.5970877709454694
High Shielder's!,neither,0.033145104355715105,0.48079866637856256,0.4860562292657223
Hello all! Happy Friday!,neither,0.04119450176253791,0.4003863338993543,0.5584191643381079
I am active in chat.,neither,0.03928058353659273,0.3304354616894666,0.6302839547739406
Glad to see you Eric!,neither,0.06457250046574978,0.3712874126068205,0.5641400869274297
These are not the giveaways you are looking for,neither,0.14721589685756495,0.2902439550563764,0.5625401480860587
Strange is the normal on this channel!,neither,0.042264774793560826,0.3275110758095484,0.6302241493968909
Did they feed Eric today?,neither,0.03824978905660005,0.3119718828358032,0.6497783281075968
a borg tribble sounds like it could be dangerous,neither,0.04783693604981637,0.3483690211826956,0.6037940427674879
You're never weird on the internet,neither,0.06496713183936494,0.37841042535930436,0.5566224428013307
Insert weekly apology to Rhode Island,neither,0.043655467254770874,0.3278918090510622,0.6284527236941669
I think everyone wants a pet tribble,neither,0.03435419141849842,0.41691971433291436,0.5487260942485871
,neither,0.03945320844208391,0.33037608806864915,0.630170703489267
Yay I made it!,neither,0.03787357701237711,0.3309193957522763,0.6312070272353466
fucked again rhode island.,offensive_language,0.03982927893220267,0.6371702546482143,0.32300046641958297
active,neither,0.03945320844208391,0.33037608806864915,0.630170703489267
I am active,neither,0.03922850912367564,0.33045337246797235,0.630318118408352
Hello All,neither,0.04217753453783664,0.43734383323855475,0.5204786322236087
"Ah Friday, a good day",neither,0.03930386779295085,0.31592481478098433,0.6447713174260649
Active just in case.,neither,0.03527968117473587,0.35000304419464745,0.6147172746306167
First question: is Sam excited?,neither,0.03943197260658916,0.33038339204625783,0.6301846353471531
wehhh but im innCanadastan,neither,0.03174846968004718,0.4130443414829883,0.5552071888369644
yay tribbels,neither,0.03945320844208391,0.33037608806864915,0.630170703489267
Strange? Us? I don't know what you're talking about.,neither,0.1269326862918828,0.34656100409167684,0.5265063096164403
Hi @f_day_fan,neither,0.03945320844208391,0.33037608806864915,0.630170703489267
Be active!,neither,0.04003577326701391,0.33525441090997915,0.6247098158230069
@shidareAKI *takes popcorn and munches*,neither,0.038656326202402155,0.2900191523832687,0.6713245214143291
"Take that, RHODE ISLAND.",neither,0.0362372828646742,0.36524804906463637,0.5985146680706894
I WANT IT.,neither,0.03693847881756577,0.3228418168721069,0.6402197043103274
so glad Eric is back and alive. Still probably a Cylon. but I'm ok with that.,neither,0.031196601007679903,0.40292687233429464,0.5658765266580255
,neither,0.03945320844208391,0.33037608806864915,0.630170703489267
We are Tribble Of Borg. Prepare to be cuddled. XD,neither,0.07620470649716407,0.2865621922547558,0.6372331012480801
oooooooo,neither,0.03945320844208391,0.33037608806864915,0.630170703489267
best Cylon ever!,neither,0.03810432385440744,0.31908070219434626,0.6428149739512463
"all the digital stuff I assume you just have to *say* you're in the US, right?",neither,0.11128688577923058,0.407664739332966,0.4810483748878034
I hope thge rest of the world will get encluded any time soon again :-/,neither,0.06046660436473387,0.26508275645989415,0.6744506391753721
I don’t play STO.,neither,0.03945320844208391,0.33037608806864915,0.630170703489267
,neither,0.03945320844208391,0.33037608806864915,0.630170703489267
No purchase necessary. Open to all legal residents of the United States (excluding Rhode Island). Must be 18 years or older to enter. Find official rules here: https://geekandsundry.com/shield-of-tomorrow-twitch-giveaway/,neither,0.0590108251165897,0.3031894411998047,0.6377997336836057
hi,neither,0.03945320844208391,0.33037608806864915,0.630170703489267
Hey @chaoticloony,neither,0.03945320844208391,0.33037608806864915,0.630170703489267
his name's nero. he was destined to be evil,neither,0.08319494589056389,0.32970174132123414,0.5871033127882019
ooo did they redo the tables?,neither,0.038724099945166346,0.3171006005756505,0.6441752994791833
guys i think Sam is excited,neither,0.04702045100473062,0.3218167832035025,0.6311627657917669
Woah a pencil just survived,neither,0.03616178312263134,0.3457226806408191,0.6181155362365496
,neither,0.03945320844208391,0.33037608806864915,0.630170703489267
No purchase necessary. Open to all legal residents of the United States (excluding Rhode Island). Must be 18 years or older to enter. Find official rules here: https://geekandsundry.com/shield-of-tomorrow-twitch-giveaway/,neither,0.0590108251165897,0.3031894411998047,0.6377997336836057
all the evil,neither,0.04039468932147512,0.401615638726921,0.5579896719516038
So how active does one need to be?,offensive_language,0.03166980018144479,0.4898154694253329,0.4785147303932224
"Wait, XBox Only? Oh that would be painful...",neither,0.04010066504561489,0.32361667380888487,0.6362826611455003
"""Alexa, Destroy that abobination of a Romulan Mining Ship!""",neither,0.03675558921674064,0.3595555511502992,0.6036888596329602
Sam is ALWAYS excited.,neither,0.045327733094407026,0.37987496625568645,0.5747973006499065
Just chat regularly,neither,0.03544613887488625,0.34918968444435705,0.6153641766807567
"I have to go AFK in about 10 minutes, but I should be back for the last hour.",neither,0.043403169685030496,0.35103139892132457,0.6055654313936449
Captain Data. good.,neither,0.038886305169750106,0.33057107209969583,0.6305426227305541
All you have to do is say something in chat but it helps if you are also here for the whole show.,neither,0.10939771377856516,0.33293495543686497,0.5576673307845699
I like that canon. Makes much more sense than just being a mining ship that is MASSIVE,neither,0.03775809154593795,0.4101906642226952,0.552051244231367
hello,neither,0.03945320844208391,0.33037608806864915,0.630170703489267
picard's not an admiral in the novels though,neither,0.03713533234490577,0.3097034693258664,0.6531611983292279
Wednesday Club Star Trek episode when?,neither,0.03320184600947845,0.3610821377262448,0.6057160162642767
more comics to put on the wish list,neither,0.04275019866528128,0.31858293444188096,0.6386668668928378
I love Hector's knowledge of Star Trek lore,neither,0.03732085829540613,0.3402328064963613,0.6224463352082327
so hyped to finally watch this live,neither,0.053377348368052586,0.3594285787345098,0.5871940728974377
Cool!,neither,0.03945320844208391,0.33037608806864915,0.630170703489267
Hi @Fr0zenRiver,neither,0.03945320844208391,0.33037608806864915,0.630170703489267
Hmm Lock box ships,neither,0.03945320844208391,0.33037608806864915,0.630170703489267
@john_sparks_jr As you're assimilated tufts of hair just start popping out of you face.😂😂😂,neither,0.06950907300817026,0.4296988164008859,0.5007921105909439
you say that like its a bad thing @VermillionCrimson =p,neither,0.052434493933604505,0.45716201646742954,0.49040348959896607
sweet,neither,0.03945320844208391,0.33037608806864915,0.630170703489267
something :D,neither,0.03945320844208391,0.33037608806864915,0.630170703489267
,neither,0.03945320844208391,0.33037608806864915,0.630170703489267
I'm not :P,neither,0.03554889144452836,0.3454295093440936,0.619021599211378
@KristynEStart HAHAHA,neither,0.03945320844208391,0.33037608806864915,0.630170703489267
Psshht. Pants. Rookies.,neither,0.03945320844208391,0.33037608806864915,0.630170703489267
i wonder if Sam Excited?,neither,0.024526189478085332,0.37804806793926193,0.5974257425826527
Who needs pants,neither,0.0401651066546039,0.4032177643644963,0.5566171289808999
yessss,neither,0.03945320844208391,0.33037608806864915,0.630170703489267
Dot!,neither,0.03945320844208391,0.33037608806864915,0.630170703489267
yaaaay mail!,neither,0.03945320844208391,0.33037608806864915,0.630170703489267
I saw the ANOVOS booth at WonderCon. Those uniforms are indeed sweet.,neither,0.07078571560129303,0.2643601893615577,0.6648540950371492
Yay! Sam loses their shit is my favorite!,offensive_language,0.04585524784460671,0.9360634787664347,0.018081273388958572
first live stream ekkk be careful sam,neither,0.037587941180969336,0.3337349002632281,0.6286771585558025
yes,neither,0.03945320844208391,0.33037608806864915,0.630170703489267
wow! can you please giveaway hardcover copies of the core books as well?,neither,0.04789033917349793,0.36877623921168456,0.5833334216148174
Everyone's favorite part,neither,0.033472785392705824,0.43187947487704137,0.5346477397302527
Good Day Sir!,neither,0.03928206275847069,0.31389322720752055,0.6468247100340088
Sam's excited!,neither,0.03945320844208391,0.33037608806864915,0.630170703489267
#whoneedspant,neither,0.03945320844208391,0.33037608806864915,0.630170703489267
WHATS IN THE BOX,neither,0.03854795638761667,0.31381313345237344,0.64763891016001
I do love me some expanded startrek universe.,neither,0.024895276704621893,0.3928656538987944,0.5822390693965838
@frankiedoospace you called?,neither,0.08117795969739139,0.43800546563816584,0.4808165746644428
"""Norville Nash Sends his Regards""",neither,0.06254741004167254,0.33215080358192867,0.6053017863763988
sam loses their shit is my favourite show on g+s,offensive_language,0.05441931122207243,0.9228552943873048,0.02272539439062267
:0,neither,0.03945320844208391,0.33037608806864915,0.630170703489267
SAM DOWN,neither,0.03945320844208391,0.33037608806864915,0.630170703489267
does she have a receding hairline or is that the lighting?,neither,0.032434641074533706,0.46748094808424295,0.5000844108412233
#TeamNoPants,neither,0.03945320844208391,0.33037608806864915,0.630170703489267
bubble wrap is confirmed automatic fun,neither,0.04443171998674818,0.32866374965579254,0.6269045303574593
sam down,neither,0.03945320844208391,0.33037608806864915,0.630170703489267
One.,neither,0.037120114141193455,0.4161101105580569,0.5467697753007497
lol,neither,0.020706217963973744,0.4882283491876925,0.4910654328483337
!nonbinary,neither,0.03945320844208391,0.33037608806864915,0.630170703489267
WOW!,neither,0.03945320844208391,0.33037608806864915,0.630170703489267
"Just your weekly reminder that Sam/Junil Rue is non-binary and uses they/them/their pronouns. Non-binary people, such as Sam, do not identify as male or female. For more information about people who identify as non-binary, check out this helpful link: https://goo.gl/yiBWJP",neither,0.05767622204307906,0.37610167259611094,0.56622210536081
"Oh no, did Sam fall out of their seat?!?",neither,0.0392338498418426,0.3170206367139725,0.643745513444185
"Oh no, we've lost Sam. :)",neither,0.022802137926780302,0.2865119964666807,0.690685865606539
what's the show where the funny guy from boy meets world paints miniatures?,neither,0.0510524470731736,0.2537960348893132,0.6951515180375133
Sam has lost their shit. I repeat. Sam has lost their shit.,offensive_language,0.04675251478362443,0.9485050629699675,0.004742422246407903
Two.,neither,0.0407660999210139,0.30809289329748146,0.6511410067815048
"@okayestrob they, not she",offensive_language,0.03980336152073216,0.5042921297359528,0.45590450874331506
Borg dice we are DOOMED!!!,neither,0.07085134025567075,0.28032801528461077,0.6488206444597184
That's evil.,neither,0.03422672189597161,0.38755389974202165,0.5782193783620068
Evil! E-VIL!,neither,0.03945320844208391,0.33037608806864915,0.630170703489267
@shidareAKI franki9Hi :),neither,0.03945320844208391,0.33037608806864915,0.630170703489267
"Oh hey, it's the new ToloS mini... >:D",neither,0.04479594208397555,0.19492488247832634,0.7602791754376982
LOL,neither,0.020706217963973744,0.4882283491876925,0.4910654328483337
@chaoticloony thank for the warm welcome,neither,0.03326882962480414,0.29756625931232816,0.6691649110628677
"wasn't me, lol",neither,0.021504672759276994,0.45820447194610764,0.5202908552946155
last I saw we weren't having a game...did I miss something?,neither,0.03439629802567206,0.3057627754409415,0.6598409265333863
LOL,neither,0.020706217963973744,0.4882283491876925,0.4910654328483337
"They DID lose their shit, but not in the way expected...",offensive_language,0.045326633954861244,0.93788891483954,0.01678445120559885
Junil Rue and Borg... they have a pencil breaking history,neither,0.03845698460123346,0.30671808773999454,0.6548249276587721
Brog,neither,0.03945320844208391,0.33037608806864915,0.630170703489267
Borg*,neither,0.03945320844208391,0.33037608806864915,0.630170703489267
okay do they have a receding hairline or is that the lighting?,neither,0.04163528942347434,0.34805437518421045,0.6103103353923152
They see you ...,neither,0.07790408752583104,0.4307072831609876,0.49138862931318145
Ha. I am amused,neither,0.03918603935396997,0.3304679797692511,0.6303459808767791
I want Borg dice,neither,0.039738033224595015,0.3255418681759865,0.6347200985994185
That’s awesome,neither,0.03419525192306799,0.38790559219732307,0.5778991558796089
Isn't Sam loses their shit every episode of SoT?,offensive_language,0.05007935748048919,0.927092039762141,0.022828602757369823
Canadian? Show yourself!,neither,0.05472368743426251,0.25582309401600256,0.6894532185497351
"I agree with the cast: ""Resistance is adorable""",neither,0.03559182713992275,0.34392504151734216,0.6204831313427351
howdy,neither,0.03945320844208391,0.33037608806864915,0.630170703489267
"Canada? We're normally more polite than that? Sending Borg to Sam, for shame!",neither,0.04651372624766259,0.31996845215935416,0.6335178215929833
@IslandRzrbk THey did last episode? I didn't see anything about this one.,neither,0.02777681791679557,0.4021157159656891,0.5701074661175154
at least Hector can touch that Borg Figurine because reasons,neither,0.0361399985774622,0.37667859505822,0.5871814063643177
@libwritberry not always!,neither,0.03409670713844867,0.4370961169948949,0.5288071758666565
The itsy-bitsy borg drone went up the water spout. Down came the rain which it promptly assimilated.,neither,0.03603361835989154,0.3311738579317549,0.6327925237083535
So now both Hector and Eric can wear one. :),neither,0.038245524290902146,0.3532487219477828,0.6085057537613152
hologram expert. that could definitely come in handy,neither,0.03583110729380469,0.37621294558420865,0.5879559471219866
"We Canadians are cheeky, :P",neither,0.06986391735892677,0.2816138845041547,0.6485221981369185
My First time catching the show live. Rather then rebroadcasting.,neither,0.03658571827740097,0.34003140576159147,0.6233828759610076
!rbschedule,neither,0.03945320844208391,0.33037608806864915,0.630170703489267
Find the unfinished rebroadcast schedule for the weekend here: http://bit.ly/WeekRebroadcast,neither,0.05904738035105781,0.17020024858160615,0.7707523710673361
oh maybe I was watching a replay from last week? @djordan2798,neither,0.04360150937224738,0.2859005515380415,0.670497939089711
@toxicjoe9 Welcome and enjoy!,neither,0.03860730184226345,0.28722824611601955,0.6741644520417169
has sot had a holodeck episode yet?,neither,0.03983717910122989,0.32385910389937367,0.6363037169993966
!sotauxdiscord,neither,0.03945320844208391,0.33037608806864915,0.630170703489267
USS Sally Ride Aux Crew Discord: https://discord.gg/zxt2TeH,neither,0.03945320844208391,0.33037608806864915,0.630170703489267
,neither,0.03945320844208391,0.33037608806864915,0.630170703489267
"i wish, but it's sold out",neither,0.030869207528728602,0.35740260153775294,0.6117281909335185
"I'm feeling sick so I'm watching on my tablet, which i haven't the on in weeks. I'm getting *all* the notifications",neither,0.029724173190234963,0.450543674737927,0.519732152071838
"Oh, hey! I didn't realize that B. Dave was back! Forkin Kunert HYPE!!!",neither,0.02967791925856196,0.3706892685553484,0.5996328121860895
Their concert was amazing,neither,0.03934312002601844,0.33224457579715166,0.6284123041768299
that sounds cool,neither,0.03493326485544209,0.3796774368504223,0.5853892982941357
aliza has a cooler life than any of us,neither,0.06529111361997918,0.3711168029904053,0.5635920833896155
I'm SO jealous of Aliza,neither,0.039408268826692995,0.3917980046613134,0.5687937265119937
Hella Jelly.,neither,0.03412213912402738,0.42085824737831795,0.5450196134976546
Dude beyond jelly.,neither,0.03945320844208391,0.33037608806864915,0.630170703489267
Happy PAX in my former hometown,neither,0.028051268853332215,0.41935026045413565,0.5525984706925321
thats amazing,neither,0.03945320844208391,0.33037608806864915,0.630170703489267
Aliza is boldly going. <3,neither,0.05274388346292151,0.37670325591947335,0.5705528606176052
Alizas inner Vulcan is fascinated...,neither,0.05005952611256733,0.3267280890626825,0.6232123848247502
This putt is for birdie...,neither,0.04088033284010196,0.2987731403598775,0.6603465268000205
LUL,neither,0.03945320844208391,0.33037608806864915,0.630170703489267
LOL,neither,0.020706217963973744,0.4882283491876925,0.4910654328483337
Yes,neither,0.03945320844208391,0.33037608806864915,0.630170703489267
question Amy dallen how do you feel about winning vault 17s sexiest geek girl 2018,neither,0.043487820116325814,0.40132191943226314,0.5551902604514111
It's in the hole! :P,neither,0.036646121797707654,0.31103886491660093,0.6523150132856915
TO THE BRIG WITH YOU,offensive_language,0.0596415172088934,0.47412813277467303,0.46623035001643365
!points Sam,neither,0.03945320844208391,0.33037608806864915,0.630170703489267
"That was an excellent pun, Sam! Here, have some points for that one! You have been awarded 109 points!",neither,0.05027101861725053,0.3829845772640112,0.5667444041187384
!respect,neither,0.03945320844208391,0.33037608806864915,0.630170703489267
"If you would like to share opinions on our hosts, guests or fellow viewers, please do so in a respectful manner. Don't make them feel uncomfortable.",neither,0.04843323757214918,0.39559142321184637,0.5559753392160044
great use of dice jail,neither,0.01603529576242213,0.3852547662336307,0.5987099380039472
i wish i was Aliza right now (slightly more then usual ),neither,0.03996527800740537,0.3375969636862467,0.6224377583063478
Yay,neither,0.03945320844208391,0.33037608806864915,0.630170703489267
it's in it's Cube,neither,0.03670952852132853,0.3313197654064928,0.6319707060721786
Jailed BORG!,neither,0.03945320844208391,0.33037608806864915,0.630170703489267
Bad dice get assimilated.,neither,0.03518056297724381,0.34170949932255784,0.6231099377001983
Can’t wait to see the things,neither,0.04596328230733201,0.30448566603106525,0.6495510516616027
#borgJail,neither,0.03945320844208391,0.33037608806864915,0.630170703489267
"Just an FYI, we do not broadcast chat into the studio during RPGs. The players cannot see chat.",neither,0.037111433899855654,0.326546067377494,0.6363424987226505
Also hoping I get the pdf one day,neither,0.037920264682049655,0.3382959590018482,0.6237837763161022
Nice placing the borg in jail!!,neither,0.03871039850495748,0.3168461533605948,0.6444434481344478
Bad and Naughty Borg are sent to the Shame Box!,neither,0.0571421140672792,0.2620995305967065,0.6807583553360144
For real though...some Borg Dice sounds dope.,neither,0.02577691412655213,0.4001926284945706,0.5740304573788774
I want some.,neither,0.02576161197781176,0.34912864925686304,0.6251097387653253
Borg Brig!,neither,0.03945320844208391,0.33037608806864915,0.630170703489267
!respect,neither,0.03945320844208391,0.33037608806864915,0.630170703489267
"If you would like to share opinions on our hosts, guests or fellow viewers, please do so in a respectful manner. Don't make them feel uncomfortable.",neither,0.04843323757214918,0.39559142321184637,0.5559753392160044
https://clips.twitch.tv/PleasantCallousDolphinLeeroyJenkins,neither,0.03945320844208391,0.33037608806864915,0.630170703489267
lol bad dice become borg dice,neither,0.03294084201846969,0.3639674495424021,0.6030917084391283
But wouldn’t the borg assimilate the jail?,neither,0.03450297462049961,0.30829263376727534,0.657204391612225
"""Get in there, Borg! Stay there!"" :P",neither,0.03893550105411682,0.2606766988036983,0.7003878001421849
And the dice turn into borg?,neither,0.03800975158224244,0.27932774722308007,0.6826625011946775
yay Borg Jail =D,neither,0.03945320844208391,0.33037608806864915,0.630170703489267
!frontpage,neither,0.03945320844208391,0.33037608806864915,0.630170703489267
"We are on the front page, which means we have an influx of new people coming in here. Some are polite, some are not. Please let the mods handle those who are not. Sit back, enjoy the show, and DON'T FEED THE TROLLS.",neither,0.10504481977893397,0.20508308154005317,0.6898720986810128
Wouldn't Borg dice just be a cube ship?,neither,0.03675374394235118,0.34673428766915027,0.6165119683884985
!points @deathstar_taco,neither,0.03945320844208391,0.33037608806864915,0.630170703489267
"That was an excellent pun, @deathstar_taco! Here, have some points for that one! You have been awarded 60 points!",neither,0.05023100486478823,0.38281878165396294,0.5669502134812489
Yay first time watching live at new time slo!!,neither,0.037961743405411044,0.31487107591520547,0.6471671806793835
you could have the funds or a borg cube with numbers hollowed out?,neither,0.037003526486822765,0.386761568727252,0.5762349047859253
The everything,neither,0.03797322875454008,0.30280293805181197,0.6592238331936481
mini borg cube,neither,0.03945320844208391,0.33037608806864915,0.630170703489267
hateful eight taught me not to trust anyone,neither,0.03744890606493698,0.3598680746390262,0.6026830192960367
the dice,neither,0.03831673657550799,0.3094399058884286,0.6522433575360634
Star Trek question: Does anyone know if Betazoids read emotions all the time or is that something they can turn on and off?,neither,0.02534722990151466,0.444374065065955,0.5302787050325304
ah but as each die gets assimilated they all become one... which is a crit in ST:A,neither,0.11255317480466503,0.28765594102947245,0.5997908841658626
@davidflegel they can turn it off in some manner,neither,0.032157626736166754,0.33816093482888815,0.6296814384349451
@davidflegel betazoids are full telepaths deanna was half betazoid so could only read emotion,neither,0.07411667738961027,0.32479373241506504,0.6010895901953246
"They read emotions and thoughts all the time, @davidflegel . They have to mentally shield themselves.",neither,0.041997519039753746,0.34877750691051657,0.6092249740497296
thanks!,neither,0.035884468650613,0.3004919205142699,0.6636236108351171
"Betazoids get taught shielding, but they will always sense of the general emotions of people",neither,0.051706084279388234,0.3485876927959065,0.5997062229247052
@davidflegel they start not being able to control it and are trained to control it as they get older.,neither,0.05026667915031552,0.32258007935455213,0.6271532414951323
"@davidflegel They CAN do it all the time, but it gets a bit much, so they . . . imagine walls and doors and shields, and shut it down to a dull roar.",neither,0.042050087345669916,0.31855054406390865,0.6393993685904213
"@davidflegel If memory serves, it doesn't turn off, but they can try to not read it. Like not listening to a loud near-by conversation,",neither,0.037127486247776925,0.38343261310948656,0.5794399006427365
"""Innocent criminal""",neither,0.03945320844208391,0.33037608806864915,0.630170703489267
angelus2141 well she gave it a go lol,offensive_language,0.0327632967600335,0.48724436954952416,0.4799923336904424
Shout out to Valkyrie Crew,neither,0.041315135887432505,0.3429753640562145,0.615709500056353
laying down watching sot and eating chocolate this is going to be an exciting night,neither,0.04179213117273506,0.31958860029179376,0.6386192685354711
I cannot wait to see Eric's True Form later today!,neither,0.04241596436192269,0.3148075876252775,0.6427764480127999
"@davidflegel If I remember correctly, Betazoids have a perpetual low-level emotional sense that they can focus and intensify when trying to sense a particular being.",neither,0.027753865301783844,0.38021582478577765,0.5920303099124385
"Thats a better way to put it @PhoenixBlue0, my brain doesnt want to work right now",neither,0.038327454588590215,0.3870229661008435,0.5746495793105664
What's the current count of Sam pencil snaps?,neither,0.0425632218022655,0.31636352317635574,0.6410732550213788
Two.,neither,0.0407660999210139,0.30809289329748146,0.6511410067815048
Unless you were Lywaxana Troi who read everything,neither,0.05567197717386241,0.41571695102320444,0.5286110718029331
think 3,neither,0.04078787600207219,0.3077232963708793,0.6514888276270485
All the pencils,neither,0.04021652899932968,0.38910736912689736,0.5706761018737729
And read all the allegedly dirty thoughts,neither,0.03922190797415337,0.33612687433981425,0.6246512176860324
YES,neither,0.03945320844208391,0.33037608806864915,0.630170703489267
#shipofships,neither,0.03945320844208391,0.33037608806864915,0.630170703489267
did you say love pentagon,neither,0.051292095134643924,0.38667305841850136,0.5620348464468546
I could've missed one.,neither,0.01805506831284378,0.3407229451157957,0.6412219865713604
"Betaqzoids have to train to avoid reading and feeling emotions, or problems appear.",neither,0.04583274922304376,0.30978900312968427,0.644378247647272
!rbschedule,neither,0.03945320844208391,0.33037608806864915,0.630170703489267
We have a subscriber-only Discord server! Join here: https://discord.gg/geekandsundry (you'll need to sub and link it to your Twitch) and be a part of the fun!...Warning: It can take up to an hour for the server to update and give you access to the channels,neither,0.08464076273808444,0.286394834032893,0.6289644032290227
Find the unfinished rebroadcast schedule for the weekend here: http://bit.ly/WeekRebroadcast,neither,0.05904738035105781,0.17020024858160615,0.7707523710673361
need to send her a rubber pencil,offensive_language,0.03661396186324369,0.48887621042482243,0.474509827711934
Scotty shipping,neither,0.03945320844208391,0.33037608806864915,0.630170703489267
@dacheese01 they not she,offensive_language,0.03980336152073216,0.5042921297359528,0.45590450874331506
evening everyone,neither,0.033219361956460275,0.4361807319725941,0.5305999060709456
!nonbinary,neither,0.03945320844208391,0.33037608806864915,0.630170703489267
"Just your weekly reminder that Sam/Junil Rue is non-binary and uses they/them/their pronouns. Non-binary people, such as Sam, do not identify as male or female. For more information about people who identify as non-binary, check out this helpful link: https://goo.gl/yiBWJP",neither,0.05767622204307906,0.37610167259611094,0.56622210536081
Pencil plushy?,neither,0.03945320844208391,0.33037608806864915,0.630170703489267
