text,top_class,hate_speech,offensive_language,neither
"Hey Danoba, wanna see the tooth I got removed? XD",neither,0.037643123787647455,0.35398172652187554,0.6083751496904771
!questions,neither,0.03945320844208391,0.33037608806864915,0.630170703489267
"To make it easier to read questions in chat, please preface your questions with the word question in all caps. For example, QUESTION: How are you today?",neither,0.06209713493468228,0.3342013724685751,0.6037014925967426
Baller thanks @danoba,neither,0.03723749806499989,0.31182201463381787,0.6509404873011824
"@Chovexani Not really, haha, not a fan of that stuff to be honest.",neither,0.036832529707471376,0.40807462274137957,0.5550928475511491
:D makes sense !,neither,0.0394355215786359,0.3302279805512406,0.6303364978701236
We have a subscriber-only Discord server! Join here: https://discord.gg/geekandsundry (you'll need to sub and link it to your Twitch) and be a part of the fun!...Warning: It can take up to an hour for the server to update and give you access to the channels,neither,0.08464076273808444,0.286394834032893,0.6289644032290227
"Download the new Critical Role theme song for Campaign Two! http://itunes.apple.com/album/id1331550250?ls=1&app=itunes Sales of the song support the musician, Jason Charles Miller.",neither,0.04445767596344001,0.2510827790306858,0.7044595450058742
rebroadcast schedule for friday?,neither,0.03354920396469521,0.300892949519099,0.6655578465162058
Literally googling now,neither,0.03945320844208391,0.33037608806864915,0.630170703489267
Hey Kyle!,neither,0.03945320844208391,0.33037608806864915,0.630170703489267
QUESTION: Any idea how the hover-ships from The Matrix fly/hover?,neither,0.039120479946155653,0.3083974712056311,0.6524820488482133
"@hupperdook Won't be set until later tonight, we still have a full day of live shows. If you're looking for CR, come back around 11 PM PDT.",neither,0.04782783764023708,0.3488680342511017,0.6033041281086612
QUESTION: In Vento Aureo the stand known as King Crimson can erase any given moment of time up to 10 seconds. What effects would this ability have on a person's relative positioning and movement?,neither,0.0394880696206991,0.3494217450785464,0.6110901853007544
how accurate is space travelin the expanse?,neither,0.0456784428353907,0.3140119984997965,0.6403095586648129
"QUESTION: When a massive laser weapon is fired off in comics and movies, and it misses, how far would that missed shot travel, and would it still be destructive?",neither,0.034928643654353685,0.3227798712999873,0.6422914850456589
QUESTION: is it possible to add plant chlorophyll to human tissue (before birth or after),neither,0.10744718712702814,0.2758874229269662,0.6166653899460056
have the same wavelength and stuff it's terrible wave.com LinkedIn stop they are coherent our Bodies Our collection of a lot of different particles are doing the wrong thing like I said she would be hard to make an entire human coherent and get all these particles to do exactly the same thing at the same time,neither,0.08652136792182448,0.38627493978494704,0.5272036922932284
!rbschedule,neither,0.03945320844208391,0.33037608806864915,0.630170703489267
Find the unfinished rebroadcast schedule for the weekend here: http://bit.ly/WeekRebroadcast,neither,0.05904738035105781,0.17020024858160615,0.7707523710673361
question if a large missile impacted a spacecraft how much of the explosion would be disappeared in space and how much destructive Force will actually need act upon this ship,neither,0.030455711101435693,0.33015279597734826,0.6393914929212161
he did the magnetic fields wrong,neither,0.04336586121934573,0.3146592177474937,0.6419749210331607
"air is a fluid, tornadoes come from fluid dynamics of high pressure to low pressure",neither,0.04441942652082392,0.37143975351618036,0.5841408199629957
is this live?,neither,0.06264826366348325,0.3248039992423424,0.6125477370941744
QUESTION: Can The Flash breathe when running backwards?,neither,0.03295742225562766,0.34749029895599987,0.6195522787883725
@Deathdakid83 yes,neither,0.03945320844208391,0.33037608806864915,0.630170703489267
thank @deluxeflame,neither,0.03869991029225249,0.3431615236228004,0.6181385660849471
QUESTION:Roughly how long does it take for light from the centre of the sun to reach the suns own surface.,neither,0.040751001577023584,0.3464365571691105,0.6128124412538659
years,neither,0.03945320844208391,0.33037608806864915,0.630170703489267
QUESTION: How might the hover-craft from The Matrix work? Like Morpheus' Nebuchadnezzar,neither,0.046112277273218746,0.3055523970051597,0.6483353257216216
@Asuul We have that question marked down.,neither,0.03483945367244514,0.384952013011943,0.5802085333156118
"Oh thanks, I just switched from tablet to computer",neither,0.042988551366422205,0.2875692573391429,0.6694421912944348
Np.,neither,0.03945320844208391,0.33037608806864915,0.630170703489267
"QUESTION: What would be a beneficial super power be, and how might it work?",neither,0.041503760902080716,0.30390391240505504,0.6545923266928642
how long will we have till a super nova and how long till the next one,neither,0.038004488531136714,0.31641249785342607,0.6455830136154372
Womp womp... lol,neither,0.03483021158046117,0.3626332743120421,0.6025365141074968
QUESTION: how far away in the future would say cybernetics are. I’m referring to exo suits/ robotic limbs,neither,0.05519863180276535,0.283576913589856,0.6612244546073786
"Oh, emerald elysia! I've read about those incorporating chloroplasts.",neither,0.03579165056560405,0.24789145240442367,0.7163168970299723
Do we have the genetic engineering capabilities to make enlarged insects or arachnids?,neither,0.04290454815062819,0.32543206959942284,0.6316633822499489
!rbschedule,neither,0.03945320844208391,0.33037608806864915,0.630170703489267
Find the unfinished rebroadcast schedule for the weekend here: http://bit.ly/WeekRebroadcast,neither,0.05904738035105781,0.17020024858160615,0.7707523710673361
Thanks so much for answering my question! <3,neither,0.024018415005258673,0.3866427303935235,0.5893388546012178
Does placing a quantum harmonizer in a photonic resonation chamber actually create a parabolic destabilization of the fission singularity? KappaHD,neither,0.03015458600454283,0.4023065083382472,0.56753890565721
someone just binged daredevil,neither,0.03500549878017771,0.35134855267801607,0.6136459485418062
QUESTION: How does Kirby's stomach work without collapsing on himself?,neither,0.028460459165015432,0.4259786858937598,0.5455608549412247
"QUESTION: Are droids like seen in Star Wars a possibility in near future and, if so, how far out?",neither,0.04163378067268547,0.35066756345046407,0.6076986558768503
Question how is it that captain America can move Thor’s hammer and how much force would captain have to use to move it,neither,0.0624384686181204,0.33000355546798066,0.6075579759138989
Thanks for answering the question! Looking forward to the new video,neither,0.042292896614252534,0.18533621005858614,0.7723708933271614
"wait, what? did we ask the flys how many they saw? lol",neither,0.03654235354572706,0.35655231388554276,0.6069053325687302
Question what is life?,neither,0.05123156519936583,0.38643762012594146,0.5623308146746927
<3 Kyle isn't lame. <3,neither,0.08656605379064036,0.17748265803328922,0.7359512881760705
Captain america in comics said that he can see faster,neither,0.13402565513309064,0.28384474735441756,0.5821295975124917
I think you're cool GivePLZ,neither,0.10406507401827579,0.33778536058106123,0.558149565400663
Can't our brains already superperceive (to a degree) for a short time during fight or flight responses?,neither,0.03852807075941177,0.3293237540048558,0.6321481752357324
QUESTION: how does the tardis appear larger in such a small object like the police box it’s disguised as,neither,0.03396865703131548,0.40401514818411366,0.5620161947845709
I think hair grows very well inside a sandwich. How else would I find one hiding there so often,neither,0.0366561866575093,0.19546457354100213,0.7678792398014885
haha,neither,0.03186685585600258,0.45913629025701075,0.5089968538869867
No... no stapler.,neither,0.03784612704635111,0.3576524535024625,0.6045014194511864
but would his scalp rip off,neither,0.05555925214870914,0.3357183382888805,0.6087224095624104
