text,top_class,hate_speech,offensive_language,neither
gandsCaleb gandsJester gandsFjord gandsNott gandsMolly gandsBeau but where's Yasha?,neither,0.036652383327010596,0.2881509299808496,0.6751966866921398
hI Jody,neither,0.03945320844208391,0.33037608806864915,0.630170703489267
gandsTWC gandsTWC gandsTWC gandsTWC gandsTWC,neither,0.03945320844208391,0.33037608806864915,0.630170703489267
I missed y'all,neither,0.04221072801794541,0.43858228519632514,0.5192069867857294
gandsTWC gandsTWC gandsTWC gandsTWC gandsTWC gandsTWC gandsTWC,neither,0.03945320844208391,0.33037608806864915,0.630170703489267
Daisy gandsHype,neither,0.03945320844208391,0.33037608806864915,0.630170703489267
@misssunflower94 will Tal mention meeting you do you think?,neither,0.06802977416800662,0.3740365957493254,0.557933630082668
YAYY,neither,0.03945320844208391,0.33037608806864915,0.630170703489267
So you can send all the gandsTWC to anyone you text!,offensive_language,0.07512315159137269,0.5771583663725681,0.3477184820360592
YAY ITS STARTING! :D,neither,0.03373512645801043,0.3323427986690667,0.6339220748729228
Woooo!,neither,0.03945320844208391,0.33037608806864915,0.630170703489267
gandsTWC gandsTWC gandsTWC,neither,0.03945320844208391,0.33037608806864915,0.630170703489267
gandsTWC gandsTWC gandsTWC gandsTWC gandsTWC,neither,0.03945320844208391,0.33037608806864915,0.630170703489267
Jody in da Houser,neither,0.07669157756933316,0.457597392926794,0.46571102950387283
"Thunderbolts, hoooooo!",neither,0.03945320844208391,0.33037608806864915,0.630170703489267
gandsTWC gandsTWC gandsTWC,neither,0.03945320844208391,0.33037608806864915,0.630170703489267
hiiii lovely hosts!,neither,0.03945320844208391,0.33037608806864915,0.630170703489267
@JodyHouser howdy~,neither,0.03945320844208391,0.33037608806864915,0.630170703489267
gandsTWC gandsTWC gandsTWC gandsTWC,neither,0.03945320844208391,0.33037608806864915,0.630170703489267
@japenrose what!!,neither,0.057770773616808734,0.3180719994247239,0.6241572269584672
Yay!,neither,0.03945320844208391,0.33037608806864915,0.630170703489267
gandsTWC gandsTWC gandsTWC,neither,0.03945320844208391,0.33037608806864915,0.630170703489267
Hello beloved Hosts <3,neither,0.03945320844208391,0.33037608806864915,0.630170703489267
oh yeah... I meant as a sub icon :/,neither,0.02966942212000796,0.3970297521471107,0.5733008257328814
gandsTWC gandsTWC gandsTWC gandsTWC gandsTWC gandsTWC gandsTWC,neither,0.03945320844208391,0.33037608806864915,0.630170703489267
gandsTWC gandsLessthanthree gandsTWC gandsLessthanthree gandsTWC,neither,0.03945320844208391,0.33037608806864915,0.630170703489267
Yay I caught the opening!,neither,0.03869795671592293,0.31661491824463334,0.6446871250394438
@ModernChow Yeah!,offensive_language,0.013968601452186464,0.5182923869769311,0.4677390115708824
Hello everyone.,neither,0.03269494828970791,0.4450814005079928,0.5222236512022994
gandsTWC gandsTWC gandsTWC gandsTWC gandsTWC gandsTWC,neither,0.03945320844208391,0.33037608806864915,0.630170703489267
gandsTWC gandsTWC gandsTWC gandsTWC,neither,0.03945320844208391,0.33037608806864915,0.630170703489267
gandsTWC gandsTWC gandsTWC gandsTWC gandsTWC gandsTWC,neither,0.03945320844208391,0.33037608806864915,0.630170703489267
gandsTWC gandsTWC gandsTWC gandsTWC gandsTWC,neither,0.03945320844208391,0.33037608806864915,0.630170703489267
gandsTWC gandsTWC gandsTWC gandsTWC gandsTWC,neither,0.03945320844208391,0.33037608806864915,0.630170703489267
=D,neither,0.03945320844208391,0.33037608806864915,0.630170703489267
"Hi Taliesin, Matt, and Amy! gandsTWC gandsHappy gandsTheChief",neither,0.0388100252782571,0.29846695177565247,0.6627230229460904
,neither,0.03945320844208391,0.33037608806864915,0.630170703489267
@misssunflower94 did I hear you ask a question at a critical role panel?,neither,0.04799064189534131,0.37121885635978347,0.5807905017448753
Woo!!! <3,neither,0.03945320844208391,0.33037608806864915,0.630170703489267
gandsTWC gandsTWC,neither,0.03945320844208391,0.33037608806864915,0.630170703489267
I have Amy's shirt!,neither,0.0389381370318581,0.3391181941294455,0.6219436688386963
gandsTWC gandsTWC gandsTWC gandsTWC gandsTWC,neither,0.03945320844208391,0.33037608806864915,0.630170703489267
first time watching live! who cares i have an 8am tomorrow...,neither,0.03702323270027504,0.38455711339108817,0.5784196539086368
This show is an ad for comic books,neither,0.0529376170441522,0.2429654475710723,0.7040969353847756
gandsTWC gandsLessthanthree gandsTWC,neither,0.03945320844208391,0.33037608806864915,0.630170703489267
gandsTWC gandsTWC gandsTWC,neither,0.03945320844208391,0.33037608806864915,0.630170703489267
gandsTWC gandsTWC gandsTWC,neither,0.03945320844208391,0.33037608806864915,0.630170703489267
oh hai mark,neither,0.045551730371242716,0.27262385067210176,0.6818244189566555
helllooo,neither,0.03945320844208391,0.33037608806864915,0.630170703489267
gandsTWC gandsTWC gandsTWC,neither,0.03945320844208391,0.33037608806864915,0.630170703489267
gandsTWC gandsTWC gandsTWC gandsTWC gandsTWC gandsTWC gandsTWC gandsTWC gandsTWC,neither,0.03945320844208391,0.33037608806864915,0.630170703489267
"Download the new Critical Role theme song for Campaign Two! http://itunes.apple.com/album/id1331550250?ls=1&app=itunes Sales of the song support the musician, Jason Charles Miller.",neither,0.04445767596344001,0.2510827790306858,0.7044595450058742
gandsTWC gandsTWC gandsTWC gandsTWC gandsTWC,neither,0.03945320844208391,0.33037608806864915,0.630170703489267
"gandsTrinketArmor Oh Hi, Mark",neither,0.044409222753653534,0.2830581840241406,0.6725325932222058
oh hi mark,neither,0.044409222753653534,0.2830581840241406,0.6725325932222058
gandsTWC gandsTWC gandsTWC gandsTWC,neither,0.03945320844208391,0.33037608806864915,0.630170703489267
O hai Matt,neither,0.03945320844208391,0.33037608806864915,0.630170703489267
we DEFINITELY DISCOVERED IT,neither,0.03796795131667101,0.333319342827518,0.628712705855811
StinkyCheese StinkyCheese StinkyCheese StinkyCheese Kappa,neither,0.03945320844208391,0.33037608806864915,0.630170703489267
gandsTWC gandsTWC gandsTWC,neither,0.03945320844208391,0.33037608806864915,0.630170703489267
gandsTWC gandsTWC They're gr8,neither,0.05914777790450416,0.3001116957400899,0.6407405263554059
gandsTWC gandsTWC gandsTWC gandsTWC gandsTWC gandsTWC gandsTWC gandsTWC gandsTWC gandsTWC gandsTWC gandsTWC gandsTWC,neither,0.03945320844208391,0.33037608806864915,0.630170703489267
gandsTWC gandsTWC gandsTWC gandsTWC gandsTWC,neither,0.03945320844208391,0.33037608806864915,0.630170703489267
gandsTWC gandsTWC gandsTWC,neither,0.03945320844208391,0.33037608806864915,0.630170703489267
gandsTWC gandsTWC gandsTWC gandsTWC,neither,0.03945320844208391,0.33037608806864915,0.630170703489267
Hi :),neither,0.03945320844208391,0.33037608806864915,0.630170703489267
gandsTWC gandsTWC gandsTWC gandsTWC gandsTWC gandsTWC gandsTWC,neither,0.03945320844208391,0.33037608806864915,0.630170703489267
gandsHappy gandsTWC gandsPercy gandsHappy gandsTWC gandsPercy,neither,0.03945320844208391,0.33037608806864915,0.630170703489267
gandsTWC gandsTWC gandsTWC gandsTWC,neither,0.03945320844208391,0.33037608806864915,0.630170703489267
gandsTWC gandsTWC gandsTWC gandsTWC gandsTWC,neither,0.03945320844208391,0.33037608806864915,0.630170703489267
"yes, we most certainly have.",neither,0.03886658374031836,0.3403326402260854,0.6208007760335963
gandsTWC gandsTWC gandsTWC gandsTWC,neither,0.03945320844208391,0.33037608806864915,0.630170703489267
gandsTWC,neither,0.03945320844208391,0.33037608806864915,0.630170703489267
gandsTWC gandsTWC gandsTWC gandsTWC gandsTWC gandsTWC,neither,0.03945320844208391,0.33037608806864915,0.630170703489267
gandsTWC gandsTWC gandsTWC gandsTWC gandsTWC gandsTWC,neither,0.03945320844208391,0.33037608806864915,0.630170703489267
"So, I really hope they do a JSA episode sometimes...I know its niche but i love them",neither,0.06514558716389471,0.291944279945866,0.6429101328902393
oh no,neither,0.04751210705993949,0.26629718932274826,0.6861907036173122
gandsTWC gandsTWC gandsTWC gandsTWC gandsTWC gandsTWC gandsTWC,neither,0.03945320844208391,0.33037608806864915,0.630170703489267
heeeey^^,neither,0.03945320844208391,0.33037608806864915,0.630170703489267
<3 <3 <3,neither,0.03945320844208391,0.33037608806864915,0.630170703489267
gandsTWC gandsTWC gandsTWC gandsTWC hi guys!!,neither,0.03930687933907141,0.3328596748352989,0.6278334458256297
gandsHappy gandsTribble,neither,0.03945320844208391,0.33037608806864915,0.630170703489267
gandsTWC gandsTWC gandsTWC gandsTWC gandsTWC gandsTWC,neither,0.03945320844208391,0.33037608806864915,0.630170703489267
First time joining in here :D,neither,0.0681756097005416,0.3172391632316429,0.6145852270678155
gandsTWC,neither,0.03945320844208391,0.33037608806864915,0.630170703489267
gandsTWC gandsTWC gandsTWC,neither,0.03945320844208391,0.33037608806864915,0.630170703489267
gandsTWC gandsTWC,neither,0.03945320844208391,0.33037608806864915,0.630170703489267
gandsTWC gandsTWC gandsTWC,neither,0.03945320844208391,0.33037608806864915,0.630170703489267
"You're precious too, hosts :3",neither,0.08665132275300814,0.351814000388357,0.5615346768586349
gandsTWC gandsTWC gandsTWC,neither,0.03945320844208391,0.33037608806864915,0.630170703489267
precious daisies,neither,0.03945320844208391,0.33037608806864915,0.630170703489267
gandsTWC gandsTWC gandsTWC gandsTWC gandsTWC,neither,0.03945320844208391,0.33037608806864915,0.630170703489267
gandsTWC gandsTWC gandsTWC,neither,0.03945320844208391,0.33037608806864915,0.630170703489267
amydFocus,neither,0.03945320844208391,0.33037608806864915,0.630170703489267
that is us,neither,0.1429902179989041,0.3641565669713875,0.49285321502970836
i love these so much!,offensive_language,0.04215577026999539,0.5524180928730985,0.4054261368569061
gandsTWC gandsTWC gandsTWC gandsTWC gandsTWC,neither,0.03945320844208391,0.33037608806864915,0.630170703489267
gandsTWC,neither,0.03945320844208391,0.33037608806864915,0.630170703489267
gandsTWC gandsTWC gandsTWC gandsTWC gandsTWC gandsTWC gandsTWC,neither,0.03945320844208391,0.33037608806864915,0.630170703489267
gandsTWC gandsTWC gandsTWC gandsTWC gandsTWC gandsTWC gandsTWC gandsTWC gandsTWC gandsHappy gandsHappy gandsLore gandsLore gandsLore gandsLore,neither,0.03945320844208391,0.33037608806864915,0.630170703489267
Why do I associate Thunderbolts with Alpha Flight?,neither,0.02572008123581954,0.36705168871901894,0.6072282300451616
gandsTWC gandsTWC gandsTWC gandsTWC gandsTWC gandsTWC,neither,0.03945320844208391,0.33037608806864915,0.630170703489267
gandsPercy,neither,0.03945320844208391,0.33037608806864915,0.630170703489267
hola fellow wednesdaisies gandsTWC gandsTWC gandsTWC gandsTWC gandsTWC,neither,0.03945320844208391,0.33037608806864915,0.630170703489267
gandsTWC gandsTWC gandsTWC gandsTWC gandsTWC gandsTWC gandsTWC gandsTWC gandsTWC gandsTWC gandsTWC,neither,0.03945320844208391,0.33037608806864915,0.630170703489267
gandsTWC amydFocus,neither,0.03945320844208391,0.33037608806864915,0.630170703489267
Hump daaaaaay,neither,0.03945320844208391,0.33037608806864915,0.630170703489267
I'm a new gandsTWC,neither,0.04660400397451208,0.1401930676750457,0.8132029283504423
the most precious of hosts,neither,0.03852539260656702,0.31338936568516446,0.6480852417082685
gandsTWC gandsTWC gandsTWC,neither,0.03945320844208391,0.33037608806864915,0.630170703489267
amydFocus amydFocus amydFocus,neither,0.03945320844208391,0.33037608806864915,0.630170703489267
I get the joke already....but I'm old...,neither,0.03416502420479218,0.34939082325912607,0.6164441525360818
gandsTWC gandsTWC,neither,0.03945320844208391,0.33037608806864915,0.630170703489267
It's not W for Wumbo but W for Wednesday!,neither,0.0256873179341706,0.29494776661766114,0.6793649154481682
gandsTWC gandsTWC gandsTWC,neither,0.03945320844208391,0.33037608806864915,0.630170703489267
!twc,neither,0.03945320844208391,0.33037608806864915,0.630170703489267
"Here are some handy The Wednesday Club resources! TWC Reddit: reddit.com/r/WednesdayClub/ | Discord: https://discord.gg/6QK9fVB | Wednesday Club Fanclub on Facebook: facebook.com/groups/1945232949091586/ | Send in your thoughts, comic recommendations, questions, and more to Matt, Amy, and Taliesin at thewednesdayclub@geekandsundry.com",neither,0.05001524745118048,0.31503641584425707,0.6349483367045624
RiskyPixels made the daisyheart so much better xD,neither,0.03396060922455958,0.36340587865878815,0.6026335121166523
first time watching live :),neither,0.03513206370154816,0.3516282956383994,0.6132396406600524
gandsTWC gandsTWC,neither,0.03945320844208391,0.33037608806864915,0.630170703489267
gandsTWC gandsTWC gandsTWC gandsTWC gandsTWC,neither,0.03945320844208391,0.33037608806864915,0.630170703489267
🎂🎂🎂🎂,neither,0.03945320844208391,0.33037608806864915,0.630170703489267
now IT MUST HAPPEN,neither,0.038908092716551525,0.31394033437077723,0.6471515729126713
amydFocus amydFocus gandsTWC,neither,0.03945320844208391,0.33037608806864915,0.630170703489267
gandsTWC gandsTWC gandsTWC gandsTWC gandsTWC,neither,0.03945320844208391,0.33037608806864915,0.630170703489267
gandsTWC gandsTWC gandsTWC gandsTWC gandsTWC gandsHappy gandsHappy gandsTheChief gandsTheChief gandsTheChief gandsTheChief,neither,0.03945320844208391,0.33037608806864915,0.630170703489267
gandsTheChief,neither,0.03945320844208391,0.33037608806864915,0.630170703489267
gandsTheChief,neither,0.03945320844208391,0.33037608806864915,0.630170703489267
"Help G&S make great content! $4.99/month gets you emotes, Minecraft server access, sub-only VODs, and more! Every sub keeps the channel alive! twitch.tv/geekandsundry/subscribe",neither,0.043907990691603095,0.31135964332838284,0.644732365980014
gandsTheChief gandsTheChief gandsTheChief,neither,0.03945320844208391,0.33037608806864915,0.630170703489267
We want to be in your alliance,neither,0.10874966275381892,0.31162775743679494,0.5796225798093861
Lol Chief,neither,0.029869404313338878,0.4015213065569965,0.5686092891296647
gandsHappy,neither,0.03945320844208391,0.33037608806864915,0.630170703489267
gandsTWC gandsTWC gandsTWC,neither,0.03945320844208391,0.33037608806864915,0.630170703489267
I’m 28 today. Omg.,neither,0.03805863199651354,0.3089554999594729,0.6529858680440135
gandsChief,neither,0.03945320844208391,0.33037608806864915,0.630170703489267
amydFocus gandsTWC amydFocus gandsTWC gandsHappy gandsMolly gandsMolly,neither,0.03945320844208391,0.33037608806864915,0.630170703489267
gandsTWC,neither,0.03945320844208391,0.33037608806864915,0.630170703489267
amydFocus amydFocus amydFocus,neither,0.03945320844208391,0.33037608806864915,0.630170703489267
gandsTribble AHH ITS A TRIBBLE,neither,0.03249885153445373,0.3327680103054093,0.6347331381601369
no bias Chief,neither,0.03871460216078556,0.34291216427107285,0.6183732335681416
happy birthday @atren1 !,neither,0.03945320844208391,0.33037608806864915,0.630170703489267
gandsTWC gandsTWC gandsTWC,neither,0.03945320844208391,0.33037608806864915,0.630170703489267
:-D gandsTheChief,neither,0.03945320844208391,0.33037608806864915,0.630170703489267
gandsGandSChief,neither,0.03945320844208391,0.33037608806864915,0.630170703489267
gandsHappy,neither,0.03945320844208391,0.33037608806864915,0.630170703489267
gandsHappy gandsBrian,neither,0.03945320844208391,0.33037608806864915,0.630170703489267
@atren1 Happy birthday!!!,neither,0.03945320844208391,0.33037608806864915,0.630170703489267
i already have a Problem with love nikki,neither,0.027476439090528593,0.39348653111000925,0.579037029799462
gandsTheChief gandsTheChief gandsTheChief,neither,0.03945320844208391,0.33037608806864915,0.630170703489267
gandsTheChief gandsHappy gandsTWC gandsMolly,neither,0.03945320844208391,0.33037608806864915,0.630170703489267
gandsTheChief,neither,0.03945320844208391,0.33037608806864915,0.630170703489267
Thunderbolts HHOOOOOOO!!!! lol,neither,0.020706217963973744,0.4882283491876925,0.4910654328483337
like LIGHTNING!,neither,0.10032665912632961,0.39589500941497124,0.5037783314586992
,neither,0.03945320844208391,0.33037608806864915,0.630170703489267
gandsHappy gandsTWC,neither,0.03945320844208391,0.33037608806864915,0.630170703489267
gandsTheChief,neither,0.03945320844208391,0.33037608806864915,0.630170703489267
Thanks cinphoria,neither,0.035884468650613,0.3004919205142699,0.6636236108351171
happy birthday @atren1,neither,0.03945320844208391,0.33037608806864915,0.630170703489267
gandsTheChief gandsTheChief gandsTheChief,neither,0.03945320844208391,0.33037608806864915,0.630170703489267
gandsTheChief gandsHR,neither,0.03945320844208391,0.33037608806864915,0.630170703489267
gandsHype,neither,0.03945320844208391,0.33037608806864915,0.630170703489267
gandsHappy gandsTWC gandsTheChief,neither,0.03945320844208391,0.33037608806864915,0.630170703489267
gandsTheChief,neither,0.03945320844208391,0.33037608806864915,0.630170703489267
Happy Birthday @atren1,neither,0.03945320844208391,0.33037608806864915,0.630170703489267
It's always the perfect time <3,neither,0.033961324844922376,0.39265540839579344,0.5733832667592842
cheers @atren1,neither,0.03945320844208391,0.33037608806864915,0.630170703489267
gandsHappy gandsTWC,neither,0.03945320844208391,0.33037608806864915,0.630170703489267
gandsHappy gandsTWC,neither,0.03945320844208391,0.33037608806864915,0.630170703489267
gandsTheChief,neither,0.03945320844208391,0.33037608806864915,0.630170703489267
gandsHappy gandsHappy gandsTWC,neither,0.03945320844208391,0.33037608806864915,0.630170703489267
gandsHappy gandsTWC gandsTheChief,neither,0.03945320844208391,0.33037608806864915,0.630170703489267
mail time!,neither,0.03808362466653497,0.3536214990685448,0.6082948762649203
oooooh! letters time!,neither,0.03821333703971211,0.3514199415734102,0.6103667213868778
Thanks! This is the best way to end my birthday!,neither,0.03770763027959403,0.35944319765894106,0.6028491720614649
"gandsTheChief This one's for you, Chief!",neither,0.04745081217953801,0.3789296838227126,0.5736195039977494
This is so on track.. it's weird,neither,0.04239616779295694,0.3840561662766384,0.5735476659304045
mail!,neither,0.03945320844208391,0.33037608806864915,0.630170703489267
Mail <3,neither,0.03945320844208391,0.33037608806864915,0.630170703489267
PowerUpL gandsTrinketArmor PowerUpR Assemble!,neither,0.03945320844208391,0.33037608806864915,0.630170703489267
gandsTWC amydFocus gandsTWC,neither,0.03945320844208391,0.33037608806864915,0.630170703489267
hello,neither,0.03945320844208391,0.33037608806864915,0.630170703489267
Yay thunderbolts!,neither,0.03945320844208391,0.33037608806864915,0.630170703489267
When they said Strikeforce for a second I thought Taliesin wanted to do a show about Strikeforce Morituri a late 80s comic.,neither,0.043143671095024996,0.2543539691783232,0.7025023597266518
Daisy letter time!,neither,0.03808362466653497,0.3536214990685448,0.6082948762649203
Mail,neither,0.03945320844208391,0.33037608806864915,0.630170703489267
!twc,neither,0.03945320844208391,0.33037608806864915,0.630170703489267
"Here are some handy The Wednesday Club resources! TWC Reddit: reddit.com/r/WednesdayClub/ | Discord: https://discord.gg/6QK9fVB | Wednesday Club Fanclub on Facebook: facebook.com/groups/1945232949091586/ | Send in your thoughts, comic recommendations, questions, and more to Matt, Amy, and Taliesin at thewednesdayclub@geekandsundry.com",neither,0.05001524745118048,0.31503641584425707,0.6349483367045624
Hello :),neither,0.03945320844208391,0.33037608806864915,0.630170703489267
Keep writing in!,neither,0.03945320844208391,0.33037608806864915,0.630170703489267
Drawing and watching Wednesday club!,neither,0.038840530926686025,0.3000952503289204,0.6610642187443935
You should write a comics column response :3,neither,0.06003778808947983,0.38849597091681526,0.551466240993705
gandsTheChief,neither,0.03945320844208391,0.33037608806864915,0.630170703489267
here at gandsTWC we do our best to amydFocus,neither,0.09822077604689451,0.30448500971352643,0.5972942142395791
@thenickerick gandsClassic is still there. the 1 year sub badge is also that icon,neither,0.04537510872759723,0.32605253930063327,0.6285723519717695
gandsTheChief gandsTWC gandsHappy gandsHug,neither,0.03945320844208391,0.33037608806864915,0.630170703489267
This is my favorite part of my favorite show!,neither,0.03704405217679714,0.3940885239174954,0.5688674239057074
Hello from Matt's parental unit in Texas!!,neither,0.04008318434530151,0.3196837528849513,0.6402330627697471
Ashley's character on Pillars of Eternity II looks like Percy. It makes me smile considering Pike's crush.,neither,0.03837104842447495,0.3618890567892708,0.5997398947862543
Mail time!,neither,0.03808362466653497,0.3536214990685448,0.6082948762649203
Hey @miriamkey,neither,0.03945320844208391,0.33037608806864915,0.630170703489267
gandsTWC gandsTWC gandsTWC gandsTWC so happy to be apart of this lovely community,neither,0.044389306195680524,0.3631744484483188,0.5924362453560006
GASP the Monday Society,neither,0.038764825188334316,0.3178556858376303,0.6433794889740355
Wait what am I doing?,neither,0.04534160548884438,0.3260795122700884,0.6285788822410672
gandsTWC gandsTWC gandsTWC,neither,0.03945320844208391,0.33037608806864915,0.630170703489267
@miriamkey Hello Mom!Key! :D,neither,0.03945320844208391,0.33037608806864915,0.630170703489267
Jody leads the Monday Society,neither,0.03885111723028844,0.31944975583119645,0.641699126938515
@japenrose thanks for the heads up for the twitch app iphone sticker thing! I wont beabble to stop using it!!,neither,0.031849106496585684,0.36271607664820477,0.6054348168552095
good day @miriamkey,neither,0.039184892391848775,0.3050917618113163,0.6557233457968349
all fear the Monday Society,neither,0.0399935691872341,0.37297650449573283,0.5870299263170331
Jody Houser running the Monday Society,neither,0.03881365845985459,0.31875874500545326,0.6424275965346922
I missed the oke,neither,0.038189321764368164,0.30699900157265414,0.6548116766629778
the monday tyrant,neither,0.038177557553681817,0.3067724403119299,0.6550500021343882
joke,neither,0.03945320844208391,0.33037608806864915,0.630170703489267
Hi Danoba,neither,0.03945320844208391,0.33037608806864915,0.630170703489267
The Garfield Sindicate,neither,0.03843498882663835,0.31168514531390124,0.6498798658594604
gandsTWC,neither,0.03945320844208391,0.33037608806864915,0.630170703489267
gandsPike,neither,0.03945320844208391,0.33037608806864915,0.630170703489267
Wednesday is the Anti-Monday,neither,0.04528291590189119,0.31495455927137317,0.6397625248267357
"Oh no, I’m late! I arrived at mail time however so that’s good! Haha",neither,0.03582761056194704,0.4202743768466042,0.5438980125914488
I was wondering why the word gands was before each emote for the past few hours. Geek AND Sundry,neither,0.02878969995451265,0.32344231187054623,0.6477679881749412
We're allying with Garfield for ...reasons...,neither,0.0372711948406055,0.31658196065233063,0.6461468445070639
"""Set it to M for Monday"" - Patrick Star, probably",neither,0.03773925412696273,0.3210510464395166,0.6412096994335207
Ashley will be here tomorrow gandsPike gandsPike gandsPike gandsPike gandsPike,neither,0.08301189896216837,0.27916994680343354,0.637818154234398
@Chix_with_Joystix gandsTWC gandsTWC gandsTWC and a gandsGameEngine and gandsLessthanthree for good measure,neither,0.03296930232871046,0.24240911077011312,0.7246215869011765
I think I'd be a Friday Society person,neither,0.04028533783672336,0.3260162733000851,0.6336983888631916
oh man key actually SOUNDS like the bible geek guy,neither,0.04801339724647286,0.3408866624436725,0.6110999403098546
full Matt xD,neither,0.06234909704434566,0.32250114207356406,0.6151497608820902
the monday society mirrorverse confirmed,neither,0.038746991121262744,0.317525247655514,0.6437277612232232
"""Matt in full Matt""",neither,0.05142680043330036,0.32625782072659465,0.622315378840105
Full Matt,neither,0.06234909704434566,0.32250114207356406,0.6151497608820902
-speaks into watch radio- They know.....,neither,0.04373477736845635,0.32890346018094674,0.6273617624505968
Peak Matt,neither,0.03945320844208391,0.33037608806864915,0.630170703489267
How’s everyone today?!,neither,0.03115984745791796,0.42375901753388556,0.5450811350081965
I still need to watch key question...,neither,0.049148909132312936,0.33633023494225495,0.6145208559254322
10% more Matt,neither,0.041359686162011716,0.32043620178667037,0.638204112051318
Shin Matt,neither,0.03945320844208391,0.33037608806864915,0.630170703489267
Mattlock to the rescue!,neither,0.046597368908440025,0.3065256714329557,0.6468769596586043
"@GeekandSundry I'd love to see a satire episode of everyone where their ""evil version"" outfits and being the ""Monday Society""",neither,0.03594630778725689,0.35661593070729897,0.6074377615054442
NOW WITH MORE MATT,neither,0.030042630920692055,0.35863023307387204,0.611327136005436
lol full Matt,neither,0.04907801908026565,0.38011930205111544,0.570802678868619
Matt squared,neither,0.03945320844208391,0.33037608806864915,0.630170703489267
that this is not full matt is so exciting g to me,neither,0.059655075994264825,0.40309489904468715,0.537250024961048
@atren1 Great! Building my Totem of the Duck barbarian for the Quack Pack,neither,0.02810055490559867,0.3299142188788457,0.6419852262155556
Key Question is AMAZING,neither,0.046505342928205906,0.32795053563899584,0.6255441214327983
"it's more Ray Question for the last episode, am I right?",neither,0.03456998622990503,0.3068820652754127,0.6585479484946823
did tal get suntanned in Chicago?,neither,0.03903562764864944,0.33746352393226126,0.6235008484190894
Peak Matt...hmmmm,neither,0.03945320844208391,0.33037608806864915,0.630170703489267
"oh no, my sub lapsed...",neither,0.031240133765820112,0.3866162434474925,0.5821436227866873
I'm not very functional on Mondays. Not enough to run a society at least,neither,0.039444475704316036,0.3551980676825393,0.6053574566131446
Somehow even more Matt then the Dr Strange Ep!,neither,0.039455653288892514,0.3246458918705595,0.6358984548405481
(all were great tho'),neither,0.03478760816656215,0.35970232145886183,0.605510070374576
I am way to awake after watching the Penguins win!,neither,0.04302208678336783,0.3179823512437838,0.6389955619728483
Everyone can do with 10% more Matt,neither,0.029100282595018553,0.4267303453607679,0.5441693720442135
Key Question is Very Good,neither,0.04569879743026594,0.32822794362036717,0.6260732589493669
I watched the first 5 today.,neither,0.03026498793973094,0.29477750717937573,0.6749575048808932
Season finale already?,neither,0.038697003206429485,0.3432108644561063,0.6180921323374642
key questions is amazing!,neither,0.046458265720343055,0.3279667276495336,0.6255750066301233
Information = Matt Key Squared,neither,0.03945320844208391,0.33037608806864915,0.630170703489267
gandsHappy gandsHappy gandsHappy gandsHappy gandsLessthanthree gandsLessthanthree gandsLessthanthree gandsLessthanthree,neither,0.03945320844208391,0.33037608806864915,0.630170703489267
It's my letter!,neither,0.025405165528152224,0.43283566585438815,0.5417591686174597
💜💜💜💜💜,neither,0.03945320844208391,0.33037608806864915,0.630170703489267
Nice,neither,0.03945320844208391,0.33037608806864915,0.630170703489267
congrats @GreyAngel !!!,neither,0.03945320844208391,0.33037608806864915,0.630170703489267
How can Key Question already be a whole season? It started like Tuesday!,neither,0.044507453299628165,0.34761227813866047,0.6078802685617114
yeah love Key Question...,neither,0.02354857995057422,0.437601324887329,0.5388500951620967
"Wait guys, I got it... THE TUESDAY TRIBUNAL",neither,0.036224198415426415,0.35762861130641954,0.606147190278154
<3 <3 <3 <3 to you,offensive_language,0.20938909734140224,0.48684321419936677,0.303767688459231
@greyangel congratulations,neither,0.03945320844208391,0.33037608806864915,0.630170703489267
BIG MOOD,neither,0.02201470483416176,0.40388067414108464,0.5741046210247535
@JodyHouser !!!!!!!!!,neither,0.03945320844208391,0.33037608806864915,0.630170703489267
Season finale for Key question not TWC,neither,0.03449043657781758,0.3096309697667236,0.6558785936554589
ohh grats @greyangel !!,neither,0.03945320844208391,0.33037608806864915,0.630170703489267
omg I love Sunstone,neither,0.0351647042623075,0.3506167496295756,0.6142185461081169
PERFECT @JodyHouser,neither,0.03945320844208391,0.33037608806864915,0.630170703489267
Sunstone HYPE,neither,0.03945320844208391,0.33037608806864915,0.630170703489267
#noregerts,neither,0.03945320844208391,0.33037608806864915,0.630170703489267
good one @JodyHouser,neither,0.03669080839140341,0.39000308422052066,0.573306107388076
I liked Signal boost too,neither,0.03927079433293615,0.33347213156377586,0.6272570741032879
Sunstone,neither,0.03945320844208391,0.33037608806864915,0.630170703489267
PogChamp SunStone,neither,0.03945320844208391,0.33037608806864915,0.630170703489267
yay!@grayangle,neither,0.03945320844208391,0.33037608806864915,0.630170703489267
PowerUpL SC20protoss PowerUpR,neither,0.03945320844208391,0.33037608806864915,0.630170703489267
THAT SOUNDS AMAZING,neither,0.035346433208694863,0.3750897675579955,0.5895637992333097
Sunstone is amazing,neither,0.051766257226869686,0.3261410659692903,0.62209267680384
It is,neither,0.059603583318096655,0.32344545014120724,0.616950966540696
That sounds fun,neither,0.03499898126042127,0.3789468119090193,0.5860542068305594
World Building is a trap....,neither,0.04702355695792488,0.32777229807115893,0.6252041449709163
World building is addictive.,neither,0.04878721024591306,0.32716569683203556,0.6240470929220513
World building is fun trap,neither,0.04617550719765326,0.32806398127154907,0.6257605115307977
World building is important,neither,0.0468111260386676,0.3278453628054393,0.6253435111558932
you're so smart Wednesday Hosts!,neither,0.0776450371566618,0.39065071973864335,0.5317042431046948
"Hey Matt, I do that too",neither,0.036907723923740615,0.37226607239216275,0.5908262036840967
cuss cuss cuss - the browsers been locking up lately :p,neither,0.03797283419364027,0.34537063969092463,0.6166565261154352
"World building is hard, okay?",offensive_language,0.03739429343050236,0.5166477212334907,0.445957985336007
"@greyangel gandsTWC Oh, sounds interesting. gandsTWC",neither,0.04462935708666828,0.28103329115191494,0.6743373517614167
Its not a trap,neither,0.03095058019601813,0.338783826197434,0.6302655936065479
"If you wanna play the ""Sunlitlake cries during Daily Wednesday Section"" --- now is the time to drink",neither,0.04166569611550323,0.36855167642125586,0.589782627463241
*writes that down*,neither,0.03528892745497433,0.3757274432228063,0.5889836293222193
"What a cool concept! But yes, don't fall into that world building spiral",neither,0.03803609957216362,0.36217242165215335,0.599791478775683
worldbuilding is too fun it’s a sand pit,neither,0.044399597323258336,0.332043536500288,0.6235568661764536
Awww @sunlitlake,neither,0.03945320844208391,0.33037608806864915,0.630170703489267
what was that about the improv of world building?,neither,0.03837512782964954,0.373204514523047,0.5884203576473036
big mood,neither,0.02201470483416176,0.40388067414108464,0.5741046210247535
quicksand,neither,0.03945320844208391,0.33037608806864915,0.630170703489267
taliesin giving advice to younger writers warms my heart gandsTWC,neither,0.035650431730217876,0.38295681858508485,0.5813927496846972
An addictive trap that I have like 8 world I like,neither,0.05588386969074105,0.4007919508323767,0.5433241794768823
But world building is fun tho,neither,0.039529741784795756,0.34383307170408334,0.616637186511121
Right now chat is like a fill in the blank puzzle. World building is a ________.,neither,0.05477371219488792,0.33631382059718656,0.6089124672079256
Woo GrayAngel!,neither,0.03945320844208391,0.33037608806864915,0.630170703489267
"also, loving taliesin's hair today",neither,0.0381605702337429,0.3105679179515592,0.651271511814698
yo,offensive_language,0.04010381111145228,0.5271105317972344,0.4327856570913131
hugs!!!,neither,0.03945320844208391,0.33037608806864915,0.630170703489267
It's also 3am....,neither,0.03799177097944378,0.3308787434271465,0.6311294855934098
@GreyAngel Yaaaaay!,neither,0.03945320844208391,0.33037608806864915,0.630170703489267
yaaaaay,neither,0.03945320844208391,0.33037608806864915,0.630170703489267
hows it going,neither,0.036252743844520874,0.36045866674656285,0.6032885894089163
liked writing... wrote the first 20k words of my book,neither,0.02926351045504225,0.36910068751428615,0.6016358020306717
did he do somthing different to it? add some silver to the purple?,neither,0.044209223576170895,0.32380326859415487,0.6319875078296742
I'm EMOTIONS,neither,0.03945320844208391,0.33037608806864915,0.630170703489267
"@GreyAngel Will read, keep us updated!",neither,0.07366995525545886,0.30476674790432334,0.6215632968402178
gandsTheChief has an emote,neither,0.040684932677325196,0.30947051325250485,0.6498445540701699
,neither,0.03945320844208391,0.33037608806864915,0.630170703489267
_is a gift!,neither,0.03945320844208391,0.33037608806864915,0.630170703489267
Matt Key you're too good for us,neither,0.10089134043571826,0.3095042547015736,0.5896044048627082
I'm freaking out a bit,neither,0.03526514199010903,0.34643230227211436,0.6183025557377767
"@ToonEzon Wait a moment, let me see.... no, it looks like the blue is fading a lil",neither,0.0323961656861064,0.3845120355342156,0.5830917987796779
I dont know what todo with my hands lol,neither,0.019636715562709156,0.4865616942908082,0.49380159014648267
@GreyAngel Listen to matt's advice. He's spot on.,neither,0.0460968411245826,0.3358425027926201,0.6180606560827973
This is such a great advice gandsTWC,neither,0.04534296562764571,0.30177061628859386,0.6528864180837606
"The Wednesday Club - ""The words will come"" :3",neither,0.03802778959114626,0.30864711428109615,0.6533250961277576
oh gosh y'all,neither,0.0475967972767193,0.3532795150518218,0.5991236876714588
@ToonEzon I've got purple hair and when it washes out it looks silvery,neither,0.01547956963493462,0.3644513535734614,0.6200690767916038
I have lots of scripts written none edited right but they take place in 8 different worlds.,neither,0.03863114155781368,0.3232193120803092,0.6381495463618772
I love these kids,neither,0.04894753324163065,0.47384043635216405,0.4772120304062053
*hugs @greyangel and @misssunflower94 *,neither,0.03846438058034846,0.2787701933039564,0.6827654261156952
@GreyAngel dw! it's okay bb. we all freak out,neither,0.036180863667188735,0.3999285390193681,0.5638905973134432
"@phoenixgoth ah, thanks",neither,0.036849678133627814,0.3085744604586018,0.6545758614077704
*cuddles for the cuddling inclined*,neither,0.03412816705421331,0.29512293809077,0.6707488948550168
reading parity!,neither,0.03945320844208391,0.33037608806864915,0.630170703489267
@GreyAngel We're all excited to read your work!,neither,0.10407926465573303,0.35259858252542037,0.5433221528188467
First manga I ever read was Ranma!,neither,0.033650902872265014,0.3340007304540736,0.6323483666736615
Yay! Cuddles!,neither,0.03945320844208391,0.33037608806864915,0.630170703489267
There are only 2 gender,neither,0.06411290472812277,0.24828385927979155,0.6876032359920856
here i come for a cuddle pile,neither,0.06595513390224707,0.2990774507474758,0.6349674153502771
"Dang, look at the ken drawing!",neither,0.03952316810519198,0.33597452279680945,0.6245023090979985
D:,neither,0.03945320844208391,0.33037608806864915,0.630170703489267
"@likelystorie oh, cool, makes me want to do so more now",neither,0.045562168478872116,0.3436515534078204,0.6107862781133075
That's right Amy,neither,0.034408403412042196,0.3940632643686589,0.5715283322192989
"@shidareAKI a glorious exercise to ensure the rules of your world are established, and then find were those rules can be bent and broken.",neither,0.08069888921177398,0.1998562261204832,0.7194448846677428
is critical role after this?,neither,0.046279833735784336,0.3293442322211857,0.6243759340430299
is this writer in chat?,neither,0.04638252275252361,0.32932718219533563,0.6242902950521406
"Ooooh, someone from Brunei! :D",neither,0.041237980403380836,0.30008385000178955,0.6586781695948295
@zvele2 Tomorrow,neither,0.03945320844208391,0.33037608806864915,0.630170703489267
!wheniscr,neither,0.03945320844208391,0.33037608806864915,0.630170703489267
AND YAY SINGAPORE PERSON.,neither,0.03862473092695367,0.2882263436935618,0.6731489253794846
"Critical Role is on at 7 PM PDT on Thursdays, it is currently 7:09 PM PDT on Wednesday. There is 23 Hours, 50 Minutes, 6 Seconds until the next episode of Critical Role. This command has been run 904 times but has probably been asked about way more.",neither,0.04093435907250218,0.3440504473915669,0.6150151935359309
"Oh yeah, I totally binge read Ramna 1/2 recently and it's amazing",neither,0.02988117054011392,0.3475036460491544,0.6226151834107317
I want to virtually hug them,neither,0.05814667219168164,0.3169611053291253,0.6248922224791931
@zvele2 nope. 24 hours from now,neither,0.04035393889494727,0.3150883415643954,0.6445577195406573
"I'm Grey Angel on Patreon, if anyone's interested",neither,0.025860016491838653,0.376846303230387,0.5972936802777743
@zvele2 tomorrow it is still Wednesday,neither,0.044558256135888895,0.3419353919107833,0.6135063519533277
these people are so damned sweet!,neither,0.12116682642355567,0.39013508617470216,0.48869808740174225
"@greyangel that sounded awesome, I'll have to look intonit",neither,0.04250736296282704,0.3668257957838144,0.5906668412533586
@greyangel I am!!,neither,0.03902346103501681,0.3305238979082658,0.6304526410567174
oooooh! I want to go to Tokyo,neither,0.05548630012635038,0.3222653011190516,0.622248398754598
"I don't know anything about henchmen, aside from the 3,000 in my secret mountain base. P.S. Jumpsuits are not cheap to launder in bulk.",neither,0.04573902870284568,0.34671428926207193,0.6075466820350823
yep,neither,0.03945320844208391,0.33037608806864915,0.630170703489267
it's still Wednesday in the U.S.,neither,0.03623400637239588,0.3294991227280597,0.6342668708995445
hi @GreyAngel,neither,0.03945320844208391,0.33037608806864915,0.630170703489267
that is cool,neither,0.04569479237465423,0.3894441067695579,0.564861100855788
"Last comic I had 50 pages of notes, and started drawing page 1 without knowing what would happen at page 4. This time I have 6 pages of notes and am going into storyboard mode. I'm on 40 pages storyboarded and have hope to actually get through this. Fingers crossed.",neither,0.046849179933494446,0.2986622994412195,0.654488520625286
Amy just found her next goal: atytend the FF cafe.,neither,0.030035795660867795,0.4731357322973619,0.4968284720417705
there's a final fantasy cafe in tokyo????,neither,0.03939080502958195,0.2983586408548103,0.6622505541156077
my brother just got back from Tokyo and I was SO JEALOUS,neither,0.028587878954255918,0.42159070568652574,0.5498214153592184
Attend*,neither,0.03945320844208391,0.33037608806864915,0.630170703489267
@zvele2 >>> countdown clock >> http://www.wheniscriticalrole.com/,neither,0.03681605254711069,0.24424659369146715,0.7189373537614222
!twc,neither,0.03945320844208391,0.33037608806864915,0.630170703489267
"Here are some handy The Wednesday Club resources! TWC Reddit: reddit.com/r/WednesdayClub/ | Discord: https://discord.gg/6QK9fVB | Wednesday Club Fanclub on Facebook: facebook.com/groups/1945232949091586/ | Send in your thoughts, comic recommendations, questions, and more to Matt, Amy, and Taliesin at thewednesdayclub@geekandsundry.com",neither,0.05001524745118048,0.31503641584425707,0.6349483367045624
