text,top_class,hate_speech,offensive_language,neither
thanks FU,neither,0.037140473164393985,0.31100954060766905,0.651849986227937
"Help G&S make great content! $4.99/month gets you emotes, Minecraft server access, sub-only VODs, and more! Every sub keeps the channel alive! twitch.tv/geekandsundry/subscribe",neither,0.043907990691603095,0.31135964332838284,0.644732365980014
Hey all you wonderful freaks geeks and generally awesome peeps,neither,0.049956474119617594,0.3765824277320975,0.5734610981482849
!whodat,neither,0.03945320844208391,0.33037608806864915,0.630170703489267
"GM Sax Carr ( twitter.com/SaxCarr ), Hector Navarro ( twitter.com/Hectorisfunny ), Keller Knoblock ( twitter.com/KellerKnoblock ).",neither,0.03869669048820847,0.46240653137887533,0.49889677813291616
"above gum to kick ass, below to be normal, basicaly",offensive_language,0.12222142491023825,0.8201126530094839,0.057665922080277925
gandsHype gandsHype gandsHype gandsHype gandsHype gandsHype,neither,0.03945320844208391,0.33037608806864915,0.630170703489267
gandsJohnson gandsDick,neither,0.03945320844208391,0.33037608806864915,0.630170703489267
gandsJohnson gandsDick,neither,0.03945320844208391,0.33037608806864915,0.630170703489267
gandsJohnson gandsOwlbear,neither,0.03945320844208391,0.33037608806864915,0.630170703489267
YAY!!!!,neither,0.03945320844208391,0.33037608806864915,0.630170703489267
gandsDick gandsJohnson,neither,0.03945320844208391,0.33037608806864915,0.630170703489267
!wtfisthis,neither,0.03945320844208391,0.33037608806864915,0.630170703489267
"This is Dick & Johnson! An improvised RPG using the ""All Outta Bubblegum"" system and the adventure is determined by YOU!",offensive_language,0.06934293956297523,0.6551074395412864,0.2755496208957385
gandsJohnson gandsDick gandsJohnson gandsDick,neither,0.03945320844208391,0.33037608806864915,0.630170703489267
"Hi Sax, Hector and Keller!",neither,0.03870944257742205,0.292987672328244,0.6683028850943339
gandsJohnson gandsTheChief gandsDick,neither,0.03945320844208391,0.33037608806864915,0.630170703489267
danHype,neither,0.03945320844208391,0.33037608806864915,0.630170703489267
\o/,neither,0.03945320844208391,0.33037608806864915,0.630170703489267
gandsSaxHype,neither,0.03945320844208391,0.33037608806864915,0.630170703489267
"@Babrooster Hi, Babs",neither,0.03945320844208391,0.33037608806864915,0.630170703489267
Hmmm not animated.. but JOSEPHINE!,neither,0.0356762318464797,0.34258454132988525,0.6217392268236351
gandsLHMercer that LA traffic gandsRage gandsRage,neither,0.03559381882816469,0.3723497412014755,0.5920564399703597
jcvimHi @babrooster,neither,0.03945320844208391,0.33037608806864915,0.630170703489267
,neither,0.03945320844208391,0.33037608806864915,0.630170703489267
JeffM0307 hiya :),neither,0.03945320844208391,0.33037608806864915,0.630170703489267
at least she is not stuck behind a tractor,neither,0.044404699234985,0.4071851757769752,0.5484101249880396
Hi @Babrooster,neither,0.03945320844208391,0.33037608806864915,0.630170703489267
gandsJohnson gandsDick,neither,0.03945320844208391,0.33037608806864915,0.630170703489267
gandsJohnson gandsDick,neither,0.03945320844208391,0.33037608806864915,0.630170703489267
gandsJohnson gandsDick,neither,0.03945320844208391,0.33037608806864915,0.630170703489267
gandsJohnson gandsDick,neither,0.03945320844208391,0.33037608806864915,0.630170703489267
gandsJohnson gandsDick,neither,0.03945320844208391,0.33037608806864915,0.630170703489267
gandsLHMercer,neither,0.03945320844208391,0.33037608806864915,0.630170703489267
gandsDick gandsJohnson gandsDick gandsJohnson All the single ladies,neither,0.04017455332658056,0.3929112961765202,0.5669141504968992
gandsJohnson gandsDick,neither,0.03945320844208391,0.33037608806864915,0.630170703489267
gandsJohnson gandsDick,neither,0.03945320844208391,0.33037608806864915,0.630170703489267
gandsJohnson gandsDick gandsJohnson gandsDick,neither,0.03945320844208391,0.33037608806864915,0.630170703489267
!wtfisthis,neither,0.03945320844208391,0.33037608806864915,0.630170703489267
"This is Dick & Johnson! An improvised RPG using the ""All Outta Bubblegum"" system and the adventure is determined by YOU!",offensive_language,0.06934293956297523,0.6551074395412864,0.2755496208957385
gandsJohnson gandsHype gandsDick,neither,0.03945320844208391,0.33037608806864915,0.630170703489267
gandsJohnson gandsTheChief gandsDick,neither,0.03945320844208391,0.33037608806864915,0.630170703489267
gandsJohnson gandsDick,neither,0.03945320844208391,0.33037608806864915,0.630170703489267
gandsJohnson gandsDick,neither,0.03945320844208391,0.33037608806864915,0.630170703489267
gandsDick gandsJohnson,neither,0.03945320844208391,0.33037608806864915,0.630170703489267
gandsReally,neither,0.03945320844208391,0.33037608806864915,0.630170703489267
!ip,neither,0.03945320844208391,0.33037608806864915,0.630170703489267
"Sub Minecraft Server IP: 162.244.167.141:42944 To be whitelisted, go to http://whitelist.twitchapps.com/geekandsundry , can take up to ten minutes. For more information: bit.ly/sundrycraft",neither,0.043886162152106035,0.281406546421295,0.674707291426599
gandsDick gandsDick gandsJohnson gandsJohnson All the single Ladies,neither,0.04017455332658056,0.3929112961765202,0.5669141504968992
"what is ""All outta bubblegum"" ?",neither,0.05472371541311397,0.38818593427283743,0.5570903503140487
Thighfivemaster,neither,0.03945320844208391,0.33037608806864915,0.630170703489267
!bubblegum,neither,0.03945320844208391,0.33037608806864915,0.630170703489267
"You came here to chew Bubblegum and watch an RPG. Check out the rules for Dick & Johnson's RPG system here, https://gist.github.com/anonymous/2e00cd265c8628d4fb13",offensive_language,0.10878855305517567,0.46746033330792874,0.42375111363689555
its the rules they use here,neither,0.02839169318670235,0.37478746373808286,0.5968208430752148
Mines N' Dick & Johnson,offensive_language,0.06097751599385807,0.8352869437379323,0.10373554026820955
@JaxRoman It is a cool RPG system!,neither,0.04666285428668566,0.3278963602600364,0.625440785453278
"Hi, Danoba!",neither,0.03945320844208391,0.33037608806864915,0.630170703489267
SMOrc,neither,0.03945320844208391,0.33037608806864915,0.630170703489267
Hi Chatsworth!,neither,0.03945320844208391,0.33037608806864915,0.630170703489267
gandsJohnson gandsLHMercer gandsDick,neither,0.03945320844208391,0.33037608806864915,0.630170703489267
@Babrooster jcvimHearts,neither,0.03945320844208391,0.33037608806864915,0.630170703489267
gandsTheChief I know it's other chief but both are floating tvs,neither,0.05088457576442338,0.30837117639922806,0.6407442478363486
You are walking on America,neither,0.3914504040830818,0.1843602865275048,0.4241893093894133
Where's DanManMtn?,neither,0.04379278224195774,0.2567221952996476,0.6994850224583946
SecretVampire ^^ KonCha,neither,0.03945320844208391,0.33037608806864915,0.630170703489267
Have Dick & Johnson high five tattooed on each butt cheek. gandsJohnson gandsDick,offensive_language,0.05157170476440269,0.7200779459294986,0.22835034930609868
gandsTheChief gandsHype,neither,0.03945320844208391,0.33037608806864915,0.630170703489267
Woo Dan!,neither,0.03945320844208391,0.33037608806864915,0.630170703489267
There he is!,neither,0.06696178465494368,0.25359748659330317,0.6794407287517531
He did go through the d 30 something yrs ago... TooSpicy,neither,0.043276212814744044,0.32060862458851463,0.6361151625967413
is this now Dick&Johnson play minesncrafs,offensive_language,0.07218378963859981,0.8270327392285811,0.10078347113281898
gandsTheChief gandsTheChief gandsTheChief gandsTheChief gandsTheChief gandsTheChief gandsTheChief gandsTheChief,neither,0.03945320844208391,0.33037608806864915,0.630170703489267
@Critternation3000 They are checking it out till Jo gets there,neither,0.050402784227687444,0.2842097661105207,0.6653874496617919
Just like Mines N Crafts,neither,0.04612620735453979,0.3761311855585074,0.5777426070869528
so many wonderful sugarcubes in chat today jcvimHype jcvimHearts,neither,0.03817449407343893,0.34649838336889505,0.6153271225576661
I saw an animated version of this a few weeks ago but couldn't stick around to question. What was the go with that and are they doing the animated version again?,neither,0.042902349143025764,0.32929728077624854,0.6278003700807256
And the destruction of builds lives on!,neither,0.034396153643924496,0.2814617449659408,0.6841421013901348
"In the mighty Mines N Crafts manner, approach all objects with sword first.",neither,0.03113326311746729,0.37422312190693563,0.594643614975597
"@seditious11, every other episode is animated",neither,0.045890930222612356,0.3281618603427143,0.6259472094346734
"Get DICK tattooed on the knuckles on one hand, and JOHNSON tattooed on the seven knuckles on your other hand.",offensive_language,0.05379885980742119,0.5227682108403005,0.4234329293522784
we have to give the animators a week off to rest their wrists,neither,0.047595487819891924,0.32188719413119615,0.6305173180489119
@chaoticloony still a good episode title jcvimKappa,neither,0.03811352625290744,0.34380045964194383,0.6180860141051486
jcvimHi SecretVampire,neither,0.03945320844208391,0.33037608806864915,0.630170703489267
AWESOME!!! Thank you @Andyinsomnia,neither,0.05918706447655022,0.3956670540549136,0.5451458814685363
PogChamp gandsJohnson PunchTrees gandsDick,neither,0.03945320844208391,0.33037608806864915,0.630170703489267
gandsReally gandsReally gandsReally gandsReally gandsReally gandsReally gandsReally,neither,0.03945320844208391,0.33037608806864915,0.630170703489267
LUL,neither,0.03945320844208391,0.33037608806864915,0.630170703489267
jcvimKappa,neither,0.03945320844208391,0.33037608806864915,0.630170703489267
Can't burn the candle at both ends,neither,0.042399184727313535,0.26499186765318744,0.6926089476194991
lol,neither,0.020706217963973744,0.4882283491876925,0.4910654328483337
laser eyes!,neither,0.042704359925646626,0.2751955625633402,0.6821000775110132
"Hi, Rocketsoup!",neither,0.03945320844208391,0.33037608806864915,0.630170703489267
What? Surely they wouldn't have dared to remove Josephine's emote. They wouldn't dare risk her wrath. gandsReally,neither,0.03979635064496279,0.42159140780751514,0.5386122415475221
Holy crap that looks amazing!,neither,0.0364500557003398,0.36290809682347336,0.6006418474761869
"One laser goes to the Moon, bounces off it, then comes back to the other eye.",neither,0.050864561346036556,0.3231899347318664,0.6259455039220969
Jesus Christ,neither,0.03945320844208391,0.33037608806864915,0.630170703489267
Our Minecraft artists are so fabulous!,neither,0.060055519505754155,0.32933530312807435,0.6106091773661716
!wtfisthis,neither,0.03945320844208391,0.33037608806864915,0.630170703489267
"This is Dick & Johnson! An improvised RPG using the ""All Outta Bubblegum"" system and the adventure is determined by YOU!",offensive_language,0.06934293956297523,0.6551074395412864,0.2755496208957385
gandsReally gone!?!?! Time to RIOT,neither,0.04468417814891825,0.3467649774173555,0.6085508444337261
We have a subscriber-only Discord server! Join here: https://discord.gg/geekandsundry (you'll need to sub and link it to your Twitch) and be a part of the fun!...Warning: It can take up to an hour for the server to update and give you access to the channels,neither,0.08464076273808444,0.286394834032893,0.6289644032290227
She noticed her emote is gone and left in a rage. gandsReally,offensive_language,0.03797163039614187,0.5134021893831429,0.4486261802207153
jcvimRaid jcvimGrr,neither,0.03945320844208391,0.33037608806864915,0.630170703489267
Round one always fit through the square anyway,neither,0.03714437741093665,0.37577882896629483,0.5870767936227684
This awesome,neither,0.039321589708492664,0.33261000147521536,0.628068408816292
gandsJohnson gandsDick,neither,0.03945320844208391,0.33037608806864915,0.630170703489267
I really hope there's an Oscar Meyer Weiner mobile,neither,0.06147761166100279,0.22787170306482118,0.710650685274176
"Help G&S make great content! $4.99/month gets you emotes, Minecraft server access, sub-only VODs, and more! Every sub keeps the channel alive! twitch.tv/geekandsundry/subscribe",neither,0.043907990691603095,0.31135964332838284,0.644732365980014
Is Oscar Meyer Bot in there?,neither,0.04608545468095022,0.29335808030028926,0.6605564650187606
I hope to see Macho Fan Fandy Savage the Fan Boat!,neither,0.06454997145714407,0.24997708553441098,0.6854729430084451
We did sadly have to lose some older emotes we love to make room for our awesome new ones. If you want an emote for Josephine you can use any of her 20 emotes by subbing at twitch.tv/jcvim,neither,0.024428252923239906,0.47108429690598586,0.5044874501707741
It's the Oscar Meyer Weiner mobile!,neither,0.03778098497073643,0.31888189910132386,0.6433371159279397
They made one!,neither,0.038165303954395956,0.37763002381719774,0.5842046722284063
@lark7911 High five over 35 club,neither,0.034504557463379236,0.3964049054253346,0.5690905371112862
gandsReally jcvimHype gandsReally jcvimHype gandsReally jcvimHype gandsReally jcvimHype gandsReally jcvimHype gandsReally jcvimHype gandsReally jcvimHype gandsReally jcvimHype,neither,0.03945320844208391,0.33037608806864915,0.630170703489267
JCVIM HYPE!!!!!!!,neither,0.03945320844208391,0.33037608806864915,0.630170703489267
gandsReally <3 <3 <3 :P,neither,0.03945320844208391,0.33037608806864915,0.630170703489267
gandsHype gandsHype gandsHype gandsHype gandsHype gandsHype gandsHype gandsHype gandsHype gandsHype gandsHype gandsHype,neither,0.03945320844208391,0.33037608806864915,0.630170703489267
