text,top_class,hate_speech,offensive_language,neither
Amy!!!,neither,0.03945320844208391,0.33037608806864915,0.630170703489267
Hey gandsTeamNoStream,neither,0.03945320844208391,0.33037608806864915,0.630170703489267
WELCOME ENTHUSIARMY!! <3 gandsHappy,neither,0.03945320844208391,0.33037608806864915,0.630170703489267
"Hello, Amy and the #EnthusiArmy!",neither,0.03802815756195444,0.2800776908400642,0.6818941515979814
gandsTWC,neither,0.03945320844208391,0.33037608806864915,0.630170703489267
gandsHappy gandsHappy gandsHappy gandsHappy,neither,0.03945320844208391,0.33037608806864915,0.630170703489267
#EnthusiArmy RAID!,neither,0.03945320844208391,0.33037608806864915,0.630170703489267
Greetings Amy and Raiders!,neither,0.03874561192742724,0.2949784511471569,0.666275936925416
#EnthusiArmy RAID amydFocus amydFocus amydFocus amydFocus,neither,0.03945320844208391,0.33037608806864915,0.630170703489267
I found more love for Nott last episode,neither,0.033631440164093945,0.3082111375430867,0.6581574222928194
"Really, though, I couldn't choose a favorite. I love them all!!! <3",neither,0.04864482974664902,0.38726655364543927,0.5640886166079117
It's a raid :D,neither,0.037828236809968684,0.3309349903269868,0.6312367728630445
ENTHUSIARMY RAID! gandsHug s for the gandsHug inclined! gandsHappy amydFocus,neither,0.03412816705421331,0.29512293809077,0.6707488948550168
gandsTWC gandsHappy gandsTWC gandsHappy gandsTWC gandsHappy gandsTWC,neither,0.03945320844208391,0.33037608806864915,0.630170703489267
Hello to enthusiarmy,neither,0.04979881972794253,0.3244253165497221,0.6257758637223352
Welcome Amy and raoders,neither,0.038684903632370565,0.2916231220829233,0.6696919742847062
gandsHappy gandsHappy gandsHappy,neither,0.03945320844208391,0.33037608806864915,0.630170703489267
Hugs for the army,neither,0.03328127306853074,0.28952021793461097,0.6771985089968584
raiders even,neither,0.0384016054614758,0.3482245351146527,0.6133738594238716
Amy Army of enthusiasm.,neither,0.03945320844208391,0.33037608806864915,0.630170703489267
gandsLore gandsLore gandsLore gandsLore gandsLore,neither,0.03945320844208391,0.33037608806864915,0.630170703489267
hi all,neither,0.0423466876598404,0.4436528871510691,0.5140004251890904
gandsHappy gandsHappy gandsHappy gandsLore gandsLore gandsLore,neither,0.03945320844208391,0.33037608806864915,0.630170703489267
gandsLore,neither,0.03945320844208391,0.33037608806864915,0.630170703489267
gandsLore gandsLore gandsLore gandsLore,neither,0.03945320844208391,0.33037608806864915,0.630170703489267
gandsTWC gandsTWC gandsTWC,neither,0.03945320844208391,0.33037608806864915,0.630170703489267
Will Ryan morph into Taliesin or Jody?,neither,0.0403932845607961,0.31442054293093535,0.6451861725082685
We have a subscriber-only Discord server! Join here: https://discord.gg/geekandsundry (you'll need to sub and link it to your Twitch) and be a part of the fun!...Warning: It can take up to an hour for the server to update and give you access to the channels,neither,0.08464076273808444,0.286394834032893,0.6289644032290227
gandsHappy gandsHappy gandsHappy gandsTribble gandsTribble gandsTribble gandsHappy gandsHappy,neither,0.03945320844208391,0.33037608806864915,0.630170703489267
EnthusiARMY RAID. Hugs for the hug inclined,neither,0.03519761243420562,0.3022028610332387,0.6625995265325556
gandsLore gandsTWC gandsLore gandsTWC gandsLore gandsTWC,neither,0.03945320844208391,0.33037608806864915,0.630170703489267
Huzzah!!,neither,0.03945320844208391,0.33037608806864915,0.630170703489267
hi @paladinish421,neither,0.03945320844208391,0.33037608806864915,0.630170703489267
gandsLore gandsLore gandsLore,neither,0.03945320844208391,0.33037608806864915,0.630170703489267
That part about her being Caleb's parent hit me in the feels so much,offensive_language,0.024211109365416112,0.5267821446378418,0.4490067459967421
!whodat,neither,0.03945320844208391,0.33037608806864915,0.630170703489267
"Taliesin Jaffe ( twitter.com/executivegoth ), Jody Houser ( twitter.com/Jody_Houser ).",neither,0.03870554036603971,0.4603211396719976,0.5009733199619626
gandsLore gandsLore gandsLore,neither,0.03945320844208391,0.33037608806864915,0.630170703489267
Woo!!!,neither,0.03945320844208391,0.33037608806864915,0.630170703489267
gandsLore,neither,0.03945320844208391,0.33037608806864915,0.630170703489267
Blue haired HOSTS!,neither,0.03945320844208391,0.33037608806864915,0.630170703489267
"Dang, neither!",neither,0.03945320844208391,0.33037608806864915,0.630170703489267
Hi Taliesin and Jody! gandsLore,neither,0.03869401354372475,0.29213104977327864,0.6691749366829968
Hi Tal!,neither,0.03945320844208391,0.33037608806864915,0.630170703489267
omg Taliesin Jaffe <3,neither,0.03945320844208391,0.33037608806864915,0.630170703489267
gandsLore gandsLore gandsLore gandsLore gandsLore,neither,0.03945320844208391,0.33037608806864915,0.630170703489267
Hero and nemesis unite!,neither,0.038870228934022116,0.3016665744435858,0.6594631966223921
Hi Taliesin and Jody!,neither,0.03869401354372475,0.29213104977327864,0.6691749366829968
"looking good, Ryan!",neither,0.038772457207247354,0.3306102296345675,0.6306173131581851
Hi Jody and Taliesin,neither,0.03869401354372475,0.29213104977327864,0.6691749366829968
TALIESIN!,neither,0.03945320844208391,0.33037608806864915,0.630170703489267
Taliesin!,neither,0.03945320844208391,0.33037608806864915,0.630170703489267
It's The Thursday Club!,neither,0.03702954131697682,0.31369254877028707,0.6492779099127362
Hi Talacen hi Jodie,neither,0.03945320844208391,0.33037608806864915,0.630170703489267
"Hi Taliesin and Jody, two of my favorite people. <3",neither,0.048099858173551197,0.35311655402737374,0.598783587799075
Hello Jody and Taliesin <3,neither,0.038708491721861665,0.2929350110862995,0.6683564971918389
yay taliesen!,neither,0.03945320844208391,0.33037608806864915,0.630170703489267
"@super390 Haha, nice.",neither,0.03394289335757385,0.42390051582920835,0.5421565908132179
"gandsRyanHype Ryan has ""abandoned"" us",neither,0.0843716751734202,0.314791911206691,0.6008364136198888
there will be a next time,neither,0.03931220386302954,0.2958917189601916,0.6647960771767789
Yay!!!,neither,0.03945320844208391,0.33037608806864915,0.630170703489267
gandsLore gandsTWC gandsLore gandsTWC gandsLore gandsTWC,neither,0.03945320844208391,0.33037608806864915,0.630170703489267
Hi Jody and Tal!,neither,0.03884206503866031,0.30017675038257474,0.660981184578765
that is a giant mug,neither,0.04283230357275204,0.3644863623894882,0.5926813340377597
Ryan looks... strange today :P,neither,0.038284845392579384,0.3125217508571903,0.6491934037502304
I just showed up and here's Taliesin!,neither,0.07665055528574416,0.3223331269214984,0.6010163177927573
taliesins been using an alias for years,neither,0.032429317722747465,0.357076323818954,0.6104943584582985
Fandom lives for Taliesin's hair people,neither,0.06199616498770166,0.2966440624696094,0.6413597725426889
gandsLore gandsMolly,neither,0.03945320844208391,0.33037608806864915,0.630170703489267
"Download the new Critical Role theme song for Campaign Two! http://itunes.apple.com/album/id1331550250?ls=1&app=itunes Sales of the song support the musician, Jason Charles Miller.",neither,0.04445767596344001,0.2510827790306858,0.7044595450058742
hello lovely chat,neither,0.03945320844208391,0.33037608806864915,0.630170703489267
gandsTWC gandsLore gandsTWC gandsOne gandsTWC,neither,0.03945320844208391,0.33037608806864915,0.630170703489267
Afternoon <3,neither,0.03945320844208391,0.33037608806864915,0.630170703489267
So useful that those two emotes are next to each other.,neither,0.08176647051927184,0.3052830657693358,0.6129504637113924
@GeekandSundry Was the blue hair dualism intentional? XD,neither,0.0383162589000361,0.31426206407697765,0.6474216770229864
"You love fab, Jody! Love the new hair!",neither,0.04742163245543551,0.30417687983552777,0.6484014877090367
taliesien is honestly the best,neither,0.04710670348781281,0.3009087180760308,0.6519845784361563
Always great to see Jody,neither,0.041780791330827974,0.3508599535501378,0.6073592551190342
Yaaaaassss,neither,0.03945320844208391,0.33037608806864915,0.630170703489267
My abandonment issues! Noooo,neither,0.029033785495040845,0.41078427749656776,0.5601819370083915
"Hi, my name is Internet, apparently",neither,0.03562015281127821,0.397125631381991,0.5672542158067306
I so loved Schoolhouse Rock!,neither,0.039410418218713564,0.3779912860167457,0.5825982957645407
Comics could be doing better. The industry just needs to be open to more ideas.,neither,0.04477041628838192,0.3274576804136998,0.6277719032979181
How many names and hosting duties Taliesin? :p,neither,0.03879966870329916,0.29791075728180105,0.6632895740148999
Thundercats ! I love and miss the thundercats,neither,0.02616668804274213,0.2797251295353833,0.6941081824218746
new hair miss houser looks good,neither,0.03547800254256875,0.24799079954735517,0.7165311979100762
Taliesin is taking us somewhere strange? Never!,neither,0.07268632681511215,0.3523467139020112,0.5749669592828767
Here's the big question: Will Taliesin be making the beard match the hair?,neither,0.04916413464631156,0.3002652275401246,0.6505706378135637
"Help G&S make great content! $4.99/month gets you emotes, Minecraft server access, sub-only VODs, and more! Every sub keeps the channel alive! twitch.tv/geekandsundry/subscribe",neither,0.043907990691603095,0.31135964332838284,0.644732365980014
"first, there was friday - which ended",neither,0.033801798029746116,0.3006390216430676,0.6655591803271862
Taliesin working towards the host every Gns Show Achivement,neither,0.0497320391370881,0.26260314313204414,0.6876648177308676
"This'll have to be VOD. Nite all, have fun!",neither,0.04544249808668518,0.40032486909505105,0.5542326328182638
I miss Saturday morning cartoons,neither,0.0396891309845534,0.22396156698454733,0.7363493020308993
The weirdness that is formative!,neither,0.04769012279630405,0.3815138507012186,0.5707960265024773
Is that why when your characters get scared they rise off the ground while their legs spin in the air but don't move for a second?,neither,0.03670915391268753,0.3509956886627662,0.6122951574245462
Night night @jj_dane,neither,0.02550723072422885,0.32941079269047424,0.6450819765852968
@consuela3 He's almost there too.,neither,0.04542041041932878,0.2851858487125353,0.6693937408681361
"And then there was Saturday, which began.",neither,0.038798489895764614,0.2739880837079426,0.6872134263962927
Nite @JJ_Dane,neither,0.03945320844208391,0.33037608806864915,0.630170703489267
Later @JJ_Dane,neither,0.03945320844208391,0.33037608806864915,0.630170703489267
"I was a 90's kid, so I'd like to know more about 80's cartoons!",neither,0.05035080335455807,0.3816139884576932,0.5680352081877488
night @JJ_Dane,neither,0.02550723072422885,0.32941079269047424,0.6450819765852968
Night @JJ_Dane,neither,0.02550723072422885,0.32941079269047424,0.6450819765852968
You had a strange strange childhood,neither,0.04846435815038973,0.3564366882300868,0.5950989536195236
"I grew up with the big 3, in fact there is still no cable where I grew up.",neither,0.02744263080219634,0.3940116600413071,0.5785457091564966
Happy watching (?) chat. Gonna catch some sleep and I'll be back for CR. SEE YA <3,neither,0.024609735735242597,0.4561004297719376,0.5192898344928197
I so want to make a joke about DuPoint Network but even I am too young for that one,neither,0.031769065942058146,0.4323593769556151,0.5358715571023266
"I remember the days of 3, 9, 12, and then fox was 61",neither,0.03834330492751687,0.29630984240328634,0.6653468526691967
"As much as Macek's metastory was very forced, Robotech was a huge reason why anime started to really take off being shown in American markets more than before",neither,0.03263492548589556,0.3762388964208622,0.5911261780932422
80s cartoons were during one of my attempts at marijuana...78-84...,neither,0.03271056529876545,0.39292330668099873,0.5743661280202358
"Saturday morning cartoons actually had a big influence on ""grown-up"" prime time TV, via the infamous Freddy Silverman who rose from the cartoon programming to chief of ABC and then NBC.",neither,0.035344485309755154,0.2747089557791852,0.6899465589110597
"I remember when we had ABC, CBS, NBC and PBS as a kid!",neither,0.03281440465038104,0.3562937868406765,0.6108918085089425
Fox Kids... One Saturday Morning...,neither,0.04555858155528075,0.2428737646314088,0.7115676538133104
Later @skfearlord,neither,0.03945320844208391,0.33037608806864915,0.630170703489267
I loved Robotech and Starblazers.,neither,0.038428644398388646,0.276569515771455,0.6850018398301564
"i am 90s kid and european, I know nothing about 80s morning cartoons",neither,0.04065017844118387,0.279303793030337,0.6800460285284791
I remember a human chain to the roof adjusting the antenna so we could watch CBS,neither,0.11438691277565935,0.24412925907960317,0.6414838281447374
Kookla Fran and Ollie!,neither,0.038766207164061546,0.2961015447081491,0.6651322481277894
i remember beenie and cecil,neither,0.038833859141127136,0.2997403848513362,0.6614257560075366
I'd say cartoons on Saturday were in full swing by the 1968 season but 1969 was a big year,neither,0.03588211808383912,0.37095143925149915,0.5931664426646617
"""for those of you who dont know cecil""",neither,0.07076428321719172,0.33077038130706365,0.5984653354757445
Im excited to find out how much overlab there was between american and danish kids television,neither,0.04122495347142768,0.22927061419740297,0.7295044323311695
"Yeah I was a little young to really remember the 80's stuff, born in 1988.",neither,0.030205476879259483,0.41733354950984763,0.552460973610893
"We only had PBS on very clear days, which were few and far between up in the mountains. So we only ever really had NBC, CBS, and ABC.",neither,0.03661970337911418,0.32777124598087304,0.6356090506400128
cocaine mostly,neither,0.03945320844208391,0.33037608806864915,0.630170703489267
earl 90's were my bae,neither,0.028974516255443453,0.417248045067026,0.5537774386775305
I caught the tail end of Saturday cartoons,neither,0.03886842864856648,0.31976861317123373,0.6413629581801997
What Silverman learned was how to apply Saturday morning cartoon strategies to dumb down network TV.,neither,0.0542414253468529,0.2563137507686109,0.6894448238845362
"A big part of my childhood was Caballeros del Zodiaco, Samurai Pizza Cats etc",neither,0.026745120644375394,0.32636388498027963,0.6468909943753449
I caught the Force Five lineup before seeing Robotech. I guess that was my introduction to anime.,neither,0.03219756647444607,0.4174540991346039,0.55034833439095
"I watched Fox Kids, when it turned to Jetix, and Cartoon Network. And Then Disney Channel turned up. I prefered Jetix, it had Samurai Jack and Totally Spies",neither,0.03527445000769338,0.32137469362927407,0.6433508563630326
my god i was born in the 90s when 4kids was all the rage,neither,0.0272796650162627,0.43040948000382784,0.5423108549799094
And now you know!,neither,0.06854987577868432,0.3316057267086664,0.5998443975126493
School House Rock is so awesome,neither,0.04621242407763483,0.3655527819172572,0.588234794005108
School House Rock was awesome,neither,0.03935065003949326,0.3321167718167148,0.6285325781437919
Now you know! And knowing is half the battle!,neither,0.05800600874471652,0.3142893121632759,0.6277046790920076
where I lived Saturday's were moving to no cartoons by the mid 80s :(,neither,0.04358200397346266,0.32221586161272103,0.6342021344138163
LOVED School House Rock,neither,0.03945320844208391,0.33037608806864915,0.630170703489267
How about all the Toth influence ion HB cartoons?!,neither,0.0387049204102027,0.3877076633945736,0.5735874161952237
The Muppets and Looney Tunes were my biggest jam during that period.,neither,0.03091744605911743,0.3553526830268975,0.613729870913985
"I was born in 1970, so i rember the late 70's and the 80's so well",neither,0.037880439360189914,0.3384759836975568,0.6236435769422534
I cited G.I. Joe in one of my papers recently because why not,neither,0.024646403071323434,0.4203769186107096,0.5549766783179669
"I *almost* invested in the pilot for a new cartoon back then, a little show about a comic book called Teenage Mutant Ninja Turtles.",neither,0.04289806040168204,0.2563666970557181,0.7007352425425999
GI Joe always ended with some moral lesson,neither,0.028050094244912806,0.3914516180983666,0.5804982876567206
School House Rock was my childhood :D,neither,0.03059096276756326,0.39843883273929753,0.5709702044931393
I had a babysitter in the 90s and we got all the morning cartoons,neither,0.043058817983740116,0.26462857810943075,0.6923126039068291
Captain Planet?,neither,0.03945320844208391,0.33037608806864915,0.630170703489267
"I saw parts of the golden age of Saturday morning cartoons in the '70s. Boy, talk about formulaic.",neither,0.03261396727433414,0.267620578431909,0.6997654542937568
QUESTION: What year did Bobby's World air? Cause I think it was a rerun during the 90's.,neither,0.040250761302195216,0.332558089727506,0.6271911489702987
70's had good cartoons,neither,0.03893354846801374,0.3305548229630531,0.6305116285689332
my parents didn’t even know each other in the 70s,neither,0.02328779354099017,0.4104196557053602,0.5662925507536495
I was living through my parents' church going through Satanic Panic so THANK GODS for those educational afterwards XD,neither,0.03923796143028937,0.35719477987083686,0.6035672586988736
,neither,0.03945320844208391,0.33037608806864915,0.630170703489267
Early 80's was a prime period for cartoons.,neither,0.03645135281546676,0.2972632592999274,0.6662853878846058
Don’t do drugs stay in school,neither,0.040790481427508476,0.3299161385675032,0.6292933800049885
anyone remember when sam riegel did 90% of saturday voice acting,neither,0.03356819933341894,0.35917851851921406,0.607253282147367
"""SEE?! It's moral!""",neither,0.03783048438741235,0.33093421728204,0.6312352983305478
SHows like G1 Transformers,neither,0.04981588813236212,0.3454667207293862,0.6047173911382516
the toys,neither,0.03830256976187925,0.3091696505564884,0.6525277796816323
best cartoons were 60s (mel blanc) and 90s(rob paulson) imo,neither,0.038792577851755466,0.29713968255942935,0.6640677395888152
Can we please hit upon She-Ra? Because that was quintessential Saturday Morning Cartooning right there.,neither,0.041759761231919205,0.30908271054860087,0.64915752821948
"Heaven help your character if your cartoon became a movie. Chances are, you were going to get killed so that the toy company could introduce a new character to buy.",neither,0.07408980966164944,0.3236927818351464,0.6022174085032042
Saw 80's cartoons and had to tune in!,neither,0.04317902707870045,0.301918607463044,0.6549023654582555
The Carebears still got thrown out though XD Magic = Evil,neither,0.03451252690771819,0.37085026118668124,0.5946372119056005
The law is there so we know what's cool and what's crappy and law-abiding,neither,0.047876015337864404,0.2806788529661008,0.6714451316960348
i still have Castle Greyskull,neither,0.0380257639234197,0.35460354688371737,0.6073706891928629
"The golden age of TV anime also happened because Japanese toymakers poured in money. The difference - they DIDN'T dictate the content of the shows. They based their toys on the shows, not the other way around.",neither,0.03222253719268387,0.32054759336133987,0.6472298694459763
@dayntee Oh hey.,neither,0.04724942694866229,0.25746865428102644,0.6952819187703113
"@kdkfm They're remaking that, btw.",neither,0.055402057672103606,0.3450410334033018,0.5995569089245947
Ooh tell us the illegal dealings,neither,0.071458448679056,0.31069113899574113,0.6178504123252029
Sup @Danoba,neither,0.03945320844208391,0.33037608806864915,0.630170703489267
The Toys That Made Us documentary series on Netflix goes into that.,neither,0.05025064241761936,0.36924120927714227,0.5805081483052383
"I only saw some cartoons but I remember Captain Caveman, Dungeons & Dragons and I loved my Saturday mornings to just watch cartoons",neither,0.03320248198856047,0.36010462065146603,0.6066928973599736
Just popping in before I have to go to work to give all the love to Taliesin and Jody! <3,neither,0.04811427780005568,0.3859646131623554,0.5659211090375887
Hello @dayntee,neither,0.03945320844208391,0.33037608806864915,0.630170703489267
@vexelghost ooooh I might look into that,neither,0.03690408002882346,0.3789870566310785,0.584108863340098
"@dayntee Glad you could join us, I saw a bit of a preview and it's going to be very good.",neither,0.07164354994762978,0.34142240908598753,0.5869340409663827
@vexelghost Yes! Great show! Loved it so much,neither,0.04441206547387756,0.28466815791801675,0.6709197766081056
You should bring up the Breakfast Cerial commercial issue. I didn't really know about that until way later (it predated me by a few years),offensive_language,0.035726282863453925,0.48599598134114375,0.4782777357954024
It used to be 65 episodes - 5 days a week for 13 weeks.,neither,0.03884253698517125,0.31268991748067204,0.6484675455341566
<3 <3 <3,neither,0.03945320844208391,0.33037608806864915,0.630170703489267
XD Nick@Night :D,neither,0.030814614246998284,0.33003155305612986,0.6391538326968719
"I remember when the GI Joe comics killed off a bunch of the characters, but the cartoon didn't do that. :(",neither,0.026534965697319203,0.4219301616120506,0.5515348726906302
@Danoba give them a hug for me? :3,neither,0.03800183190386205,0.331680507898154,0.630317660197984
Captain Caveman was originally 1970s,neither,0.03936631876870119,0.3318508325899314,0.6287828486413674
The big Toth animation book that was part of that Toth art book trilogy is amazing,neither,0.03040764817207657,0.3938365276973567,0.5757558241305667
GUMMYBEARS,neither,0.03945320844208391,0.33037608806864915,0.630170703489267
Oh Disney Afternoon <3,neither,0.04388316147624449,0.287924686536508,0.6681921519872476
"Duck Tales was a weekday afternoon show, but it was simply amazing.",neither,0.04436529076911164,0.29642437378604186,0.6592103354448465
I loooved nick@night,neither,0.030814614246998284,0.33003155305612986,0.6391538326968719
"Tale Spin, Darkwing Duck, Chip & Dale's Rescue Rangers, etc.",neither,0.03945320844208391,0.33037608806864915,0.630170703489267
I LOVED Gargoyles!!!,neither,0.03945320844208391,0.33037608806864915,0.630170703489267
GARGOYLES,neither,0.03945320844208391,0.33037608806864915,0.630170703489267
Dungeon and Dragons?,neither,0.03854442882677734,0.28357035124239044,0.6778852199308323
gargoyles was dope,neither,0.039277463744640244,0.33335893424137975,0.6273636020139799
"It was always 4 Disney shows in a row each afternoon, I think.",neither,0.037896683209622896,0.3579853558959909,0.6041179608943863
Gargoyles!!! <3,neither,0.03945320844208391,0.33037608806864915,0.630170703489267
!clock,neither,0.03945320844208391,0.33037608806864915,0.630170703489267
It is currently Thursday 4:10 PM at the Geek & Sundry studio in California.,neither,0.051811508348055264,0.3295756991195407,0.6186127925324041
Gargoyles was AMAZING,neither,0.03928779099768096,0.33318365380529613,0.6275285551970229
GARGOYLES,neither,0.03945320844208391,0.33037608806864915,0.630170703489267
Gargoyles never reached Denmark :/,neither,0.03490115045491093,0.3768712444937865,0.5882276050513026
Gargoyles came on every morning i believe,neither,0.0441082365904535,0.2129503534708438,0.7429414099387027
Didn't realize Gummi Bears kicked all that off! It was my favorite!,offensive_language,0.022486610664933862,0.48988314907153757,0.4876302402635286
@phoenixgoth Perhaps after the show.,neither,0.05345145574039844,0.24138045455121268,0.7051680897083888
GARGOYLESSSSSS,neither,0.03945320844208391,0.33037608806864915,0.630170703489267
Gargoyles is soooo good!!!,neither,0.04873335110432147,0.3271842214605723,0.6240824274351061
Bouncing here and there and everywhere!,neither,0.07296968439000985,0.21637933592321856,0.7106509796867716
@MeggieMay328 I so loved Captain Caveman!,neither,0.0394164484976784,0.36521103890561846,0.5953725125967032
oh! Also syndication gave us Speed Racer and Astro Boy,neither,0.07230894703229362,0.2600337328608352,0.6676573201068712
"Gargoyles, aka the ST:TNG Reunion show",neither,0.05043309011455142,0.2584770707994145,0.6910898390860342
gargoyles was perfection,neither,0.03930982721592437,0.3328096416717587,0.627880531112317
"I don't remember Gargoyles much, but I saw at some point.",neither,0.02752578970020093,0.370106320997005,0.602367889302794
we escaped fundamentalism JUST in time for Gargoyles XD,neither,0.02593923695892531,0.3480415079964917,0.6260192550445829
And everyone on the show was on Next Generation,neither,0.03891408765303125,0.3437610815338745,0.6173248308130942
Gumby!,neither,0.03945320844208391,0.33037608806864915,0.630170703489267
"Captain Caveman originally appeared on Flinstones, in the later seasons. But he got his own show with his Son during the early 80's.",neither,0.07146515328573727,0.31578274618093466,0.6127521005333281
also hey @JeffM0307,neither,0.03945320844208391,0.33037608806864915,0.630170703489267
@Danoba Done! :),neither,0.03795687855583607,0.3557727113480953,0.6062704100960686
I missed Gargoyles sadly,neither,0.03945320844208391,0.33037608806864915,0.630170703489267
The Pirates of Dark Water was so great,neither,0.03724869581919154,0.33234223605971014,0.6304090681210984
So much mythology in Gargoyles,neither,0.03553362663735427,0.37733556433958215,0.5871308090230636
when is critical role on,neither,0.034473851895818475,0.38190940608153556,0.583616742022646
i was too young for gargoyles,neither,0.02914155946830402,0.3631943042742931,0.607664136257403
That's how I was introduced to Shakespeare stories. XD,neither,0.04101857086779109,0.3567895216395685,0.6021919074926403
http://www.wheniscriticalrole.com/ <<< countdown clock at this site. @immortalDracolich,neither,0.036659707098952145,0.2726517477080504,0.6906885451929975
Come Watch Me Live,neither,0.03981865850735215,0.398507533239951,0.561673808252697
My bf cried when he got to meet Greg Weisman at Blizzcon. He Gargoyles'd all over him,neither,0.03404805798453741,0.479902377866818,0.4860495641486446
"I really liked Gargoyles, even though I was a bit too old for it. But I really liked the female one with the bright red hair.",neither,0.028816571705539463,0.3590367174835191,0.6121467108109414
"many cartoons were for kids, but could entertain adults",neither,0.03426517286221102,0.3060010765812862,0.6597337505565027
a,neither,0.03945320844208391,0.33037608806864915,0.630170703489267
"Ducktals was saturday morning cartoon in my country, together with Chip and Dale.",neither,0.032780614573336087,0.29594808755031987,0.671271297876344
!respect,neither,0.03945320844208391,0.33037608806864915,0.630170703489267
"If you would like to share opinions on our hosts, guests or fellow viewers, please do so in a respectful manner. Don't make them feel uncomfortable.",neither,0.04843323757214918,0.39559142321184637,0.5559753392160044
Gargoyles is a show I feel you can watch at any age,neither,0.08635348016258738,0.313698549197532,0.5999479706398806
Someone just plz talk about thundercats and then don't talk about anything else,neither,0.01827696549079583,0.35601081315848193,0.6257122213507222
