text,top_class,hate_speech,offensive_language,neither
hmmm that sounds familiar...isnt that what we're doing to ourselves?,neither,0.052410299249393576,0.35863932715464747,0.588950373595959
"Wait, since when was Because Science livestreamed?",neither,0.03135510739564018,0.37206900361610706,0.5965758889882528
"I'm down, but since when?",neither,0.02507897531339498,0.40049587269271775,0.5744251519938872
a while now,neither,0.03945320844208391,0.33037608806864915,0.630170703489267
@Totallynotsecretman83 February is when we started.,neither,0.036623553719502704,0.3736965697384981,0.5896798765419992
Huh.,neither,0.03945320844208391,0.33037608806864915,0.630170703489267
hey!,neither,0.03945320844208391,0.33037608806864915,0.630170703489267
!questions,neither,0.03945320844208391,0.33037608806864915,0.630170703489267
"To make it easier to read questions in chat, please preface your questions with the word question in all caps. For example, QUESTION: How are you today?",neither,0.06209713493468228,0.3342013724685751,0.6037014925967426
QUESTION: Could The Hulk pound on the ground hard enough to knock The Earth (or any planet) out of orbit?,neither,0.03381909200688411,0.42173299753517285,0.544447910457943
!rbschedule,neither,0.03945320844208391,0.33037608806864915,0.630170703489267
Find the unfinished rebroadcast schedule for the weekend here: http://bit.ly/WeekRebroadcast,neither,0.05904738035105781,0.17020024858160615,0.7707523710673361
!rbschedule,neither,0.03945320844208391,0.33037608806864915,0.630170703489267
Uh,neither,0.03945320844208391,0.33037608806864915,0.630170703489267
!rbschedule,neither,0.03945320844208391,0.33037608806864915,0.630170703489267
Find the unfinished rebroadcast schedule for the weekend here: http://bit.ly/WeekRebroadcast,neither,0.05904738035105781,0.17020024858160615,0.7707523710673361
Hi,neither,0.03945320844208391,0.33037608806864915,0.630170703489267
QUESTION: How would you create a plasma cannon like Gypsy Danger has in Pacific Rim?,neither,0.05452885720798074,0.35706809238587817,0.5884030504061412
Diglet is tough as hell,offensive_language,0.04899054628933985,0.7542630520431183,0.19674640166754195
Baaaane,neither,0.03945320844208391,0.33037608806864915,0.630170703489267
#Bane,neither,0.03945320844208391,0.33037608806864915,0.630170703489267
QUESTION: Could gravitational waves account for hiding dark matter and energy? Would it make a difference if the universe was a hologram?,neither,0.028579084668455806,0.3169381210281026,0.6544827943034416
Doesn't the US Army already have Brain interface technology that allows quadriplegic vets to control limbs and/or a wheelchair?,neither,0.05327159887892503,0.3310595203345789,0.6156688807864961
QUESTION: The Lovers from Jojo's Bizarre Adventure is a microscopic Stand that increases the pain receptors in its victims making them hypersensitive to pain. Are there any microscopic organisms that could do the same thing to any creatures they infect/come into contact with?,neither,0.04844624582980308,0.32195048684251626,0.6296032673276806
HA,neither,0.03945320844208391,0.33037608806864915,0.630170703489267
"Just got hear, but is that a Diglett?",neither,0.03328348043852358,0.45528280669443394,0.5114337128670424
@loren_michael hows SNL going?,neither,0.0380929142367855,0.35346383081754684,0.6084432549456678
yeah,offensive_language,0.013968601452186464,0.5182923869769311,0.4677390115708824
yep,neither,0.03945320844208391,0.33037608806864915,0.630170703489267
"Yes, that is in fact a diglet",neither,0.043866326078809,0.37393308343882187,0.582200590482369
lolz,neither,0.03945320844208391,0.33037608806864915,0.630170703489267
That's great!,neither,0.030934395832104004,0.35752750176039405,0.611538102407502
We figured out that diglet can't go fast enough to survive a trip into Lightspeed,neither,0.038959738856914436,0.36330990369288246,0.5977303574502031
"@LiSalander SNL is doing great, John Mulaney will kill it this week.",neither,0.22651746721121988,0.21047127213119282,0.5630112606575872
How much is that in Kelvin? :D,neither,0.0388739541956351,0.38422051932414886,0.5769055264802159
@loren_michael :P,neither,0.03945320844208391,0.33037608806864915,0.630170703489267
kelvin is C + 273.15 ozai75,neither,0.047228099849803605,0.32770194639120426,0.6250699537589921
The Light Knight Rises,neither,0.03875006843550183,0.31758229026316925,0.6436676413013288
@LetsJustRelax *chuckles and nods*,neither,0.03763944115734239,0.1918412352459551,0.7705193235967025
!rbschedule,neither,0.03945320844208391,0.33037608806864915,0.630170703489267
Find the unfinished rebroadcast schedule for the weekend here: http://bit.ly/WeekRebroadcast,neither,0.05904738035105781,0.17020024858160615,0.7707523710673361
!clock,neither,0.03945320844208391,0.33037608806864915,0.630170703489267
It is currently Friday 3:16 PM at the Geek & Sundry studio in California.,neither,0.05170738718088569,0.3295859206229437,0.6187066921961708
"QUESTION: In My Hero Academia, Bakugo sweats a Nitro Glycerine type of sweat from his hands and can cause it to explode. He's able to fly short distances with this power, how much energy would be needed to propel a 168CM tall man through the air.",neither,0.0435430203715038,0.36785199230990484,0.5886049873185912
thor is a god so no problem,neither,0.0453797081577217,0.3770141504390268,0.5776061414032515
The HackSmith created a exoskeleton that gives enhanced strength,neither,0.03640101326995771,0.3467341547545571,0.6168648319754853
"but the point of his hit would be so focused, it would shatter.",neither,0.049782285192059794,0.3513487252494009,0.5988689895585393
hulk uses frenzied rage,neither,0.03945320844208391,0.33037608806864915,0.630170703489267
lol thatd destroy all life on earth tho,neither,0.0295635433286028,0.46177315915724776,0.5086632975141493
Yeah I think he'd most likely just destroy the earth,neither,0.028705412174778486,0.3980079331692597,0.5732866546559618
@RiverbottomStudios prob would be a huge crater,neither,0.03926749711995629,0.32882096536666044,0.6319115375133832
3rd law!,neither,0.03945320844208391,0.33037608806864915,0.630170703489267
Might look pretty funny,neither,0.0402232435081173,0.3478670572846693,0.6119096992072133
Thanks!,neither,0.035884468650613,0.3004919205142699,0.6636236108351171
"nah, he'd have to penetrate the planet with enough force to go through the tectonic plates.",neither,0.04211334713484698,0.33482608858757124,0.6230605642775818
@RiverbottomStudios u are a tectonic plate,neither,0.07571077282536118,0.27128994134759493,0.6529992858270439
lol,neither,0.020706217963973744,0.4882283491876925,0.4910654328483337
"How? i mean its sci fi weapon, you want him to invent it? lol",neither,0.041899111325167,0.3817770607734762,0.5763238279013568
I've been called worse.,neither,0.02212165298991032,0.1860708126946449,0.7918075343154448
