text,top_class,hate_speech,offensive_language,neither
!points @laternalux,neither,0.03945320844208391,0.33037608806864915,0.630170703489267
"That was an excellent pun, @laternalux! Here, have some points for that one! You have been awarded 76 points!",neither,0.049980789310414435,0.3817775744187309,0.5682416362708548
I am 6of12,neither,0.03902346103501681,0.3305238979082658,0.6304526410567174
Fly me to the moon,neither,0.03723135840589089,0.34906310489395015,0.6137055367001589
hehe Castilo of Borg,neither,0.03945320844208391,0.33037608806864915,0.630170703489267
@Lettuphant -> ONLY HULK CAPSLOCKS [warning],neither,0.03945320844208391,0.33037608806864915,0.630170703489267
"Is that a Tribble in your pocked, or are you happy to see me?",neither,0.15806517146229884,0.3779458844685514,0.46398894406914976
so just to check.. is everyone elses screen still showing the shield of tomorrow screen?,neither,0.03992370609983568,0.4056081519468553,0.554468141953309
wooooo,neither,0.03945320844208391,0.33037608806864915,0.630170703489267
lol,neither,0.020706217963973744,0.4882283491876925,0.4910654328483337
yes,neither,0.03945320844208391,0.33037608806864915,0.630170703489267
woHOO!,neither,0.03945320844208391,0.33037608806864915,0.630170703489267
hello there,neither,0.03937036753510788,0.27621722592919734,0.6844124065356949
gandsTribble,neither,0.03945320844208391,0.33037608806864915,0.630170703489267
Hello I would like to buy SoT merch,neither,0.053332582465578905,0.33466063895224574,0.6120067785821754
wooooo,neither,0.03945320844208391,0.33037608806864915,0.630170703489267
gandsTricorder gandsTricorder gandsHype gandsHype gandsTribble gandsTribble,neither,0.03945320844208391,0.33037608806864915,0.630170703489267
yay! nvrmnd!,neither,0.03945320844208391,0.33037608806864915,0.630170703489267
Hey all are we ready for this!!,neither,0.05797619665714802,0.3228939825689252,0.6191298207739268
I prefer Hivemind!,neither,0.03945320844208391,0.33037608806864915,0.630170703489267
Ok Borg are gonna win then,neither,0.06461380395477623,0.33246837508523497,0.6029178209599888
Peoples are gonna die.,neither,0.24576726596414156,0.13882827946255874,0.6154044545732997
complications make everything more interesting,neither,0.04125271139970166,0.3209849693557212,0.6377623192445773
gandsHype gandsHype gandsHype,neither,0.03945320844208391,0.33037608806864915,0.630170703489267
The Borg greatest enemy was known as McEnroe.,neither,0.03720188271253936,0.3454287075990155,0.6173694096884452
IT BEGINS I'm excited gandsPencil,neither,0.03814035185561579,0.33082763965056533,0.6310320084938189
Hi @jherchin12345,neither,0.03945320844208391,0.33037608806864915,0.630170703489267
that's one snort,neither,0.034608178499651886,0.4059154326320904,0.5594763888682577
Wooo!,neither,0.03945320844208391,0.33037608806864915,0.630170703489267
"ah, full shirt for eric",neither,0.04854157647354665,0.30233007231315884,0.6491283512132945
eeeeedkkkkkkkkk,neither,0.03945320844208391,0.33037608806864915,0.630170703489267
Show Gina,neither,0.07685697407988158,0.17767316758924298,0.7454698583308754
Gina's streak is gone. :( She lost it on Weave.,neither,0.04283073692999113,0.40135589005282707,0.5558133730171818
gandsTwenty gandsTwenty gandsTwenty,neither,0.03945320844208391,0.33037608806864915,0.630170703489267
snort kiwoAw,neither,0.03945320844208391,0.33037608806864915,0.630170703489267
Ha ha <snort>,neither,0.03945320844208391,0.33037608806864915,0.630170703489267
lol did Bonny Oink?,neither,0.02700980747019309,0.426272786634817,0.5467174058949898
"Download the new Critical Role theme song for Campaign Two! http://itunes.apple.com/album/id1331550250?ls=1&app=itunes Sales of the song support the musician, Jason Charles Miller.",neither,0.04445767596344001,0.2510827790306858,0.7044595450058742
Do you wanna do it and I'll assist lol,neither,0.04596557204535522,0.3850705710030234,0.5689638569516213
"Ahh, it's live",neither,0.04272300894992763,0.32925145373532927,0.6280255373147431
gandsHappy stsHello amydFocus gandsTWC gandsHype happy new emoji week,neither,0.04283246057513578,0.24631177516285008,0.710855764262014
@chuckswain she did,offensive_language,0.042360109513480314,0.4958935211678997,0.46174636931861995
I came in on that line,neither,0.032406392895290674,0.39044078077383776,0.5771528263308715
welcome back,neither,0.03945320844208391,0.33037608806864915,0.630170703489267
captain down,neither,0.03945320844208391,0.33037608806864915,0.630170703489267
Mala Ren aggressively cares about YOU!,neither,0.04972510191465453,0.3842983864566876,0.5659765116286579
Aww Hector,neither,0.03945320844208391,0.33037608806864915,0.630170703489267
poor hector,neither,0.03945320844208391,0.33037608806864915,0.630170703489267
"Oh no, first Laura and now Hector :(",neither,0.03463632465118531,0.24680669541608188,0.7185569799327328
NOOOO! Hector's still ill?,neither,0.038581448040757034,0.3451721371925188,0.6162464147667241
no captain D=,neither,0.03833907048782863,0.34928591682072146,0.61237501269145
"@chuckswain Yep, she does snort laugh a few times per game",neither,0.03141256608576959,0.42433884470718014,0.5442485892070504
oh god everytime i watch live some one gets sick......,neither,0.043030505354119085,0.32545881963779366,0.6315106750080872
Not the captain!,neither,0.036699027423915606,0.3160692993769417,0.6472316731991428
Sick... or assimilated?,neither,0.03945320844208391,0.33037608806864915,0.630170703489267
gandsHecBird,neither,0.03945320844208391,0.33037608806864915,0.630170703489267
Is Sam going to lose their shit?,offensive_language,0.061658355892616264,0.9336594968481992,0.004682147259184506
poor sick Hector,neither,0.03945320844208391,0.33037608806864915,0.630170703489267
Then i guess we are the captain,neither,0.0619311095205538,0.2805946692622445,0.6574742212172016
Captain's on shore leave,neither,0.03709373626762165,0.341658060588365,0.6212482031440134
!rebroadcast,neither,0.03945320844208391,0.33037608806864915,0.630170703489267
we need the captain to persuade us out of this tension,neither,0.07502257604218075,0.3225899017396671,0.6023875222181521
"eep, the shows started and I still had 30 minutes left of the previous episode",neither,0.03758560889248496,0.29804102705680496,0.66437336405071
"Help G&S make great content! $4.99/month gets you emotes, Minecraft server access, sub-only VODs, and more! Every sub keeps the channel alive! twitch.tv/geekandsundry/subscribe",neither,0.043907990691603095,0.31135964332838284,0.644732365980014
this year's bug is pretty terrible,neither,0.04551848778130095,0.3294693543701845,0.6250121578485145
gandsFacepalm gandsHappy gandsTricorder gandsHug gandsTribble gandsHecBird Almost a full crew of emotes!,neither,0.05837077826981932,0.32386946832832814,0.6177597534018525
@!rbschedule,neither,0.03945320844208391,0.33037608806864915,0.630170703489267
@Yuushiden OH NO! Shore leave is the MOST DANGEROUS,neither,0.0475370495608628,0.29307025028393885,0.6593927001551984
!rbschedule,neither,0.03945320844208391,0.33037608806864915,0.630170703489267
Find the unfinished rebroadcast schedule for the weekend here: http://bit.ly/WeekRebroadcast,neither,0.05904738035105781,0.17020024858160615,0.7707523710673361
shore leave. that didn't go too well for picard. or this crew. or anyone in star trek,neither,0.02861608826187586,0.3597717498290558,0.6116121619090684
Hi folks,neither,0.03945320844208391,0.33037608806864915,0.630170703489267
Feel better Hector gandsLessthanthree,neither,0.03945320844208391,0.33037608806864915,0.630170703489267
Eric is the coolest!,neither,0.04604476302512544,0.31314932534501544,0.6408059116298592
Hi @DJPheonyx,neither,0.03945320844208391,0.33037608806864915,0.630170703489267
gandsMatt,neither,0.03945320844208391,0.33037608806864915,0.630170703489267
Gaffer tape: Solution to most problems,neither,0.04461529263049626,0.3273382436821568,0.628046463687347
:D,neither,0.03945320844208391,0.33037608806864915,0.630170703489267
"@CalToxReaper perhaps if you changed your handle to ""CalHealthyReaper"" they won't be sick? idk...",neither,0.05810060156003151,0.39054207437822774,0.5513573240617409
Oooo nice!,neither,0.03945320844208391,0.33037608806864915,0.630170703489267
@CalToxReaper Hector was ill last night so you don',neither,0.04615302481555403,0.42937651660223974,0.5244704585822062
Acting captain Lt. Cmdr. T'Lan tonight?,neither,0.037488344170674114,0.31392256762741183,0.6485890882019141
gandsTricorder gandsTricorder gandsTricorder gandsTricorder gandsTribble gandsTribble gandsBrian gandsBrian gandsLore gandsLore,neither,0.03945320844208391,0.33037608806864915,0.630170703489267
"Wow, Starfleet's shipbuilding standards have really gone downhill...",neither,0.0389074372384079,0.3396392497443719,0.6214533130172203
so you don't have to feel so bad!,offensive_language,0.06018584249599973,0.48829909319208803,0.4515150643119124
stupid buttons!,neither,0.15650501958280735,0.19296363606565797,0.6505313443515347
OH MAN,neither,0.0497452509521963,0.354443561064239,0.5958111879835646
gandsTwenty,neither,0.03945320844208391,0.33037608806864915,0.630170703489267
!rbschedule,neither,0.03945320844208391,0.33037608806864915,0.630170703489267
Find the unfinished rebroadcast schedule for the weekend here: http://bit.ly/WeekRebroadcast,neither,0.05904738035105781,0.17020024858160615,0.7707523710673361
ahhhhhhhhh,neither,0.03945320844208391,0.33037608806864915,0.630170703489267
That is SO cool!,neither,0.04484023917792395,0.44498222505035095,0.5101775357717251
::squee:: !!!!!!!!!!!!!!!!!!!!!,neither,0.03945320844208391,0.33037608806864915,0.630170703489267
GG MAN,offensive_language,0.040018442559345856,0.5018538837344726,0.4581276737061815
whhhaaattt],neither,0.03945320844208391,0.33037608806864915,0.630170703489267
!whodat Hector is ill tonight and cannot join us.,neither,0.07264811404385624,0.2795380036248355,0.6478138823313082
"GM Eric Campbell ( twitter.com/16BitEric ), with Amy Dallen ( twitter.com/enthusiamy ), Sam de Leve ( twitter.com/ChaiKovsky ), Bonnie Gordon ( twitter.com/BonnieBellG ), Aliza Pearl ( twitter.com/AlizaPearl ) and Gina DeVivo ( twitter.com/PocketGina ).",neither,0.03628824144144594,0.4603238889791243,0.5033878695794297
feliciaOoh feliciaOoh,neither,0.03945320844208391,0.33037608806864915,0.630170703489267
thats awesome!,neither,0.03945320844208391,0.33037608806864915,0.630170703489267
Ooooo,neither,0.03945320844208391,0.33037608806864915,0.630170703489267
WHATS IN DA BOOOXXXXX,offensive_language,0.08318757023799689,0.47523041759882867,0.4415820121631744
wow that's amazing,neither,0.0352068775586594,0.3766377661013102,0.5881553563400305
i hope so be cause if i come back next week and someone is sick then i am cured,neither,0.04671249236234871,0.3388511459662942,0.6144363616713572
And the box is just full of glitter and snakes,neither,0.05220251518194575,0.28032764472322513,0.6674698400948291
Sam's gonna fall over from excitement. Calling it,neither,0.03653057423100025,0.35188684274995885,0.6115825830190409
:),neither,0.03945320844208391,0.33037608806864915,0.630170703489267
bubble wrap,neither,0.03945320844208391,0.33037608806864915,0.630170703489267
!ears,neither,0.03945320844208391,0.33037608806864915,0.630170703489267
𝐖𝐀𝐑𝐍𝐈𝐍𝐆! Incoming LOUD NOISES. Adjust your volume and protect your ears!,neither,0.08369346292336456,0.2909372434945657,0.6253692935820697
:0!,neither,0.03945320844208391,0.33037608806864915,0.630170703489267
its bubble rap,neither,0.03360609307938584,0.33238717916487903,0.6340067277557352
sam dont count xD,neither,0.03945320844208391,0.33037608806864915,0.630170703489267
omgomgomgomgomgomg,neither,0.03945320844208391,0.33037608806864915,0.630170703489267
gandsGandsEars gandsGandsEars gandsGandsEars gandsGandsEars,neither,0.03945320844208391,0.33037608806864915,0.630170703489267
Bubble wrap!,neither,0.03945320844208391,0.33037608806864915,0.630170703489267
wow,neither,0.03945320844208391,0.33037608806864915,0.630170703489267
Wow!,neither,0.03945320844208391,0.33037608806864915,0.630170703489267
I am in LOVE!!!!,neither,0.03480136427005376,0.3511505783562822,0.6140480573736641
OHHHH SHIIIIIIITTTT,neither,0.03945320844208391,0.33037608806864915,0.630170703489267
oooo,neither,0.03945320844208391,0.33037608806864915,0.630170703489267
Amazing,neither,0.03945320844208391,0.33037608806864915,0.630170703489267
Omg thats awesome,neither,0.03945320844208391,0.33037608806864915,0.630170703489267
Damn,offensive_language,0.042479326866149344,0.9516554255713155,0.005865247562535126
That is too damn cool.,offensive_language,0.05102414218922341,0.8476324386508174,0.10134341915995926
Dammmmnn,neither,0.03945320844208391,0.33037608806864915,0.630170703489267
That is so fabulous!!!!,neither,0.043607406573461995,0.4217806114184502,0.5346119820080878
Speechless,neither,0.03945320844208391,0.33037608806864915,0.630170703489267
that is so sexy so sexy!,neither,0.04213410419623706,0.4259922681718965,0.5318736276318665
WOW,neither,0.03945320844208391,0.33037608806864915,0.630170703489267
gandsApplaud gandsApplaud gandsApplaud gandsApplaud gandsApplaud gandsApplaud,neither,0.03945320844208391,0.33037608806864915,0.630170703489267
that is amazing!!!!!!!!!,neither,0.04468338400483953,0.38105317870292815,0.5742634372922323
"""I ship it"" lol",neither,0.02994618219433996,0.3910649726903904,0.5789888451152696
holy craaaaapppp,neither,0.03945320844208391,0.33037608806864915,0.630170703489267
"that needs to go on a stand, infront of the DM screen",neither,0.03931349559727561,0.35484835271534304,0.6058381516873813
gandsHype gandsHype gandsHype,neither,0.03945320844208391,0.33037608806864915,0.630170703489267
WOW,neither,0.03945320844208391,0.33037608806864915,0.630170703489267
gg dude. what a build,neither,0.04544278809660484,0.3260949155205586,0.6284622963828365
lol I Ship It,neither,0.02994618219433996,0.3910649726903904,0.5789888451152696
wow people are crazy talented,neither,0.077311733143228,0.3792268043589331,0.543461462497839
Sam's shit has been lost! Someone help find it!,offensive_language,0.05231653103213731,0.928241415986842,0.019442052981020787
you gotta put in front of the DM screen!!!!,neither,0.04919458966410905,0.37392071418527145,0.5768846961506194
That is an awesome job,neither,0.04362576230911519,0.36344645224137,0.5929277854495147
We'll get some closeup shots of it if we can.,neither,0.022959301629626165,0.38111654596744526,0.5959241524029286
"Sally, you're beautiful!",neither,0.11079392387361908,0.35177268916684395,0.537433386959537
we gonna need some ship pr0n of that in a blackbox or something,neither,0.03010685660712077,0.4057802363989587,0.5641129069939205
That is AMAZING!!!!,neither,0.04468338400483953,0.38105317870292815,0.5742634372922323
Thanks @danoba,neither,0.035884468650613,0.3004919205142699,0.6636236108351171
WOW ! $$$$$$$,neither,0.03945320844208391,0.33037608806864915,0.630170703489267
Cool thing ever sam win flawless victory,neither,0.03945320844208391,0.33037608806864915,0.630170703489267
then Eric drops it...,neither,0.038198383330371274,0.33080767996532867,0.6309939367043
THAT IS SO COOL,neither,0.04484023917792395,0.44498222505035095,0.5101775357717251
I have a model USS Voyager that I built when I was a kid.,neither,0.028654825342290326,0.4121350706519135,0.5592101040057961
"@dndjester shhh, don't jinx it!",neither,0.03791871748534349,0.33090386987367953,0.6311774126409769
Sally is taking over for Hector,neither,0.037394883092685176,0.2945755731029217,0.6680295438043932
They should get some still shots and show it during the break,neither,0.0477782831619512,0.2857214716713651,0.6665002451666838
😍 💖 it!,neither,0.034373745257138544,0.33212314837979673,0.6335031063630647
"Things are serious today, Eric's in full uniform....",neither,0.07088588294704558,0.28085892123515516,0.6482551958177993
gandsTribble gandsTribble,neither,0.03945320844208391,0.33037608806864915,0.630170703489267
now Eric can point to exterior points of the ship that get destroyed by the Borg,neither,0.040214269364732574,0.35858563615816774,0.6012000944770998
@DJPheonyx absolutely!,neither,0.03945320844208391,0.33037608806864915,0.630170703489267
cheers and <3 everyone,neither,0.03289262135273601,0.3947131673224447,0.5723942113248193
I have a Defiant and a D6 somewhere . . .,neither,0.03785612389844228,0.2912539015318705,0.6708899745696872
Bad Eric. No announcements,neither,0.03488025982735347,0.34758502677352304,0.6175347133991235
bnansLurk i'm finally able to be here for the live stream gandsHype,neither,0.07359800531528754,0.2740455259546688,0.6523564687300436
and the winner was...,neither,0.03768142986415641,0.27273724813131694,0.6895813220045266
Lol no worries @GeekandSundry Eric we totally get it. :P,neither,0.032406255689661,0.38482136246701815,0.5827723818433208
@Deathstar_Taco mwhahaha,neither,0.03945320844208391,0.33037608806864915,0.630170703489267
*tosses some batliffs into middle of group & ques some klingon-battle music*,neither,0.02928890359054593,0.3485795784177096,0.6221315179917445
it's ok.. winners are still winners,neither,0.07119387532310965,0.29169850583597645,0.637107618840914
Needd 2 win one!!!!,neither,0.038136056415970315,0.3787008568682091,0.5831630867158205
<3,neither,0.03945320844208391,0.33037608806864915,0.630170703489267
That ship model is sexy,neither,0.04253551157629056,0.36168589987747973,0.5957785885462297
They should fly it past a green screen and make some gifs with it.,neither,0.032833820141351874,0.34021572801278693,0.6269504518458612
<3,neither,0.03945320844208391,0.33037608806864915,0.630170703489267
I want one.,neither,0.038266362255436365,0.3829191818153167,0.578814455929247
tomahawk thro,neither,0.03945320844208391,0.33037608806864915,0.630170703489267
throw,neither,0.03945320844208391,0.33037608806864915,0.630170703489267
No throwing the ship at Eric's head,neither,0.03663683235235268,0.36404156352799505,0.5993216041196522
In Danoba we Believe!,neither,0.039231161793592914,0.33414479918911627,0.6266240390172909
,neither,0.03945320844208391,0.33037608806864915,0.630170703489267
very cool,neither,0.03945320844208391,0.33037608806864915,0.630170703489267
Wow!,neither,0.03945320844208391,0.33037608806864915,0.630170703489267
O_O,neither,0.03945320844208391,0.33037608806864915,0.630170703489267
oh god them nice,neither,0.06313849976978518,0.26687569802842115,0.6699858022017936
"We know you’re doing the best you can, Eric.",neither,0.08877446091626484,0.3555021908086228,0.5557233482751123
awesome,neither,0.03945320844208391,0.33037608806864915,0.630170703489267
NICE!,neither,0.03945320844208391,0.33037608806864915,0.630170703489267
Danoba could throw Pillow Matt at Eric's face,neither,0.03894005864039679,0.3460188671318274,0.6150410742277759
,neither,0.03945320844208391,0.33037608806864915,0.630170703489267
"Was Eric always a 5 star admiral, or was he a 4 star a while ago?",neither,0.04116055173388516,0.36110553076310087,0.597733917503014
bajoran interceptors????,neither,0.03945320844208391,0.33037608806864915,0.630170703489267
I need that PDF,neither,0.03154643332894807,0.41106134161677493,0.557392225054277
@Danoba vieD20 🖖,neither,0.03945320844208391,0.33037608806864915,0.630170703489267
"first time watching live, this is awesome",neither,0.04204362784957442,0.3461999304027614,0.6117564417476642
!sotgiveaways,neither,0.03945320844208391,0.33037608806864915,0.630170703489267
No purchase necessary. Open to all legal residents of the United States (excluding Rhode Island). Must be 18 years or older to enter. Find official rules here: https://geekandsundry.com/shield-of-tomorrow-twitch-giveaway/,neither,0.0590108251165897,0.3031894411998047,0.6377997336836057
Awesome,neither,0.03945320844208391,0.33037608806864915,0.630170703489267
"Oh, yeah, I've been flying the Bajoran ship, it's a BOSS assault vessel.",neither,0.019909478333791905,0.35043582910601373,0.6296546925601942
sweet,neither,0.03945320844208391,0.33037608806864915,0.630170703489267
yay!,neither,0.03945320844208391,0.33037608806864915,0.630170703489267
PDFs sound cool. I'll be active in twitch chat,neither,0.03973513137572444,0.33273687441862937,0.6275279942056462
"@laternalux Ooh, yes. I like that.",neither,0.04615546344615761,0.3917662380201995,0.5620782985336429
hihi,neither,0.03945320844208391,0.33037608806864915,0.630170703489267
active in chat,neither,0.03945320844208391,0.33037608806864915,0.630170703489267
Still no Canada like Critical Role. :(,neither,0.045648530281060924,0.36262332945397346,0.5917281402649656
lol,neither,0.020706217963973744,0.4882283491876925,0.4910654328483337
"I really wanna build a model ship like that one, just ugh, Effort",neither,0.03957439657786045,0.3915144710686274,0.5689111323535121
"If I get a pdf, I would goo",neither,0.015434012218989476,0.4176282649237202,0.5669377228572904
He never announces them.,neither,0.06622325913811086,0.37507623811900603,0.558700502742883
GG Rhode Island!,neither,0.03945320844208391,0.33037608806864915,0.630170703489267
just turn to goo,neither,0.04217623637174472,0.35744369103395046,0.6003800725943048
Wait what is it I missed it :P,neither,0.04978061902486352,0.3249009652173044,0.625318415757832
Excellent!!,neither,0.03945320844208391,0.33037608806864915,0.630170703489267
Pillow Matt could definitely make the reminder. lol,neither,0.03412416026762607,0.35336544100755307,0.6125103987248208
Congrats Rhode Island,neither,0.03945320844208391,0.33037608806864915,0.630170703489267
yay road island,neither,0.03945320844208391,0.33037608806864915,0.630170703489267
"Though last week, I won, but didn't hear twitch chat and missed it BibleThump",neither,0.02889109847333728,0.33708817157837206,0.6340207299482906
I don't ay S,neither,0.03945320844208391,0.33037608806864915,0.630170703489267
Hurray RI!,neither,0.03945320844208391,0.33037608806864915,0.630170703489267
book pdfs!!!!!,neither,0.03945320844208391,0.33037608806864915,0.630170703489267
Maybe I'll get lucky 2 weeks in a row,neither,0.03907719801824968,0.33675796627012555,0.6241648357116247
Sweet,neither,0.03945320844208391,0.33037608806864915,0.630170703489267
@Danoba just have him sneak up behind Eric and Pillow Matt Glare :D,neither,0.034519101059260704,0.3543813443278818,0.6110995546128575
They shoots...,neither,0.03945320844208391,0.33037608806864915,0.630170703489267
"Would love to get one of the PDF's but past experience says unlikely,",neither,0.03740818509144558,0.35710476619561565,0.6054870487129387
Grats to RI,neither,0.04532284617046286,0.3269331910984672,0.62774396273107
congrats rhode island,neither,0.03945320844208391,0.33037608806864915,0.630170703489267
I didn't miss the start!,neither,0.019268687662090892,0.3610230110845094,0.6197083012533996
k kmi x8,neither,0.03945320844208391,0.33037608806864915,0.630170703489267
My first live show!,neither,0.037360909416709435,0.3433138228150225,0.619325267768268
That's the problem! He thinks it's someone else's job to read the winners.,neither,0.04258544781937812,0.3331620523390661,0.6242524998415557
RI finally gets in on the raffle,neither,0.03638390770623419,0.32799488180185504,0.6356212104919108
@scholartist awww bud,neither,0.03945320844208391,0.33037608806864915,0.630170703489267
Nice on Rhode Island,neither,0.037138865096942066,0.3414375334208221,0.6214236014822359
"what happen to the players tables, i can suddenly see there dice",neither,0.04605444731322501,0.2907688809330971,0.663176671753678
It's been a long road...Rhode Island,neither,0.038094418659602364,0.33315926002239926,0.6287463213179985
@JMPickering It's because I'm still waiting for people to get back to me.,neither,0.05830422448374164,0.34680796735492897,0.5948878081613296
I think a mod just said no Rhode Island :/,neither,0.03575321335712012,0.3505976339756931,0.6136491526671867
"To quote Colin Mochrie ""Welcome to Rhode Island.....Thank you for visiting Rhode Island""",neither,0.04794062339299108,0.3334698037591873,0.6185895728478217
One*,neither,0.037120114141193455,0.4161101105580569,0.5467697753007497
@dman1701 welcome to the liveshow,neither,0.04828521949961754,0.3017179234363179,0.6499968570640645
hurrah pdf,neither,0.03945320844208391,0.33037608806864915,0.630170703489267
gandsTribble gandsTribble gandsTribble gandsTribble gandsTribble gandsTribble gandsTribble gandsTribble gandsTribble gandsTribble,neither,0.03945320844208391,0.33037608806864915,0.630170703489267
"@chuckswain Eh, it happens. Thanks for the consolation, though!",neither,0.04697376797792951,0.28232802707782995,0.6706982049442406
no Europe still? dang....,neither,0.03763494539154133,0.36123675732478544,0.6011282972836732
aliza living the dream,neither,0.03847602017469149,0.3124599137378216,0.6490640660874868
,neither,0.03945320844208391,0.33037608806864915,0.630170703489267
"The USS Rhode Island has successfully delivered medical supplies to a Federation world in need, and has regained the good graces of the UFP.",neither,0.040755881772842215,0.2867457676196614,0.6724983506074964
Is the borg still in the dice jail?,neither,0.04403636100142153,0.3139772926589282,0.6419863463396501
NIICE,neither,0.03945320844208391,0.33037608806864915,0.630170703489267
So happy i can finally participate in raffle lol,neither,0.032006235825590625,0.4285378431953114,0.5394559209790981
I live in LA county xD,neither,0.043580611667625335,0.3289564848348237,0.6274629034975511
"I never understood why it excluded anyone, its not a contest and we arent gambling so why all the rules? I understand the US only part for shipping reasons but the rest is quite strange!",neither,0.03508917661122559,0.35477689401834717,0.6101339293704272
HI all,neither,0.0423466876598404,0.4436528871510691,0.5140004251890904
@Danoba No worries. I understand technical delays.,neither,0.038647669148096635,0.34404819217764726,0.617304138674256
perhaps all the Righteous Indignation got Rhode Island to fall in line,neither,0.042717809321040016,0.3821971569142057,0.5750850337647543
"YAY, Rhode Island welcome back to the rest of the country! #PrizeHiatus Ovahhh!",neither,0.04547105583727771,0.3092629576541018,0.6452659865086204
Hey I’m in CT right next door,neither,0.038160719066548235,0.35413275240825887,0.607706528525193
we forgive you for being out of uniform - -- >> Because of the Mars Rover visit karmic kredit LOL,neither,0.03447819534921501,0.37307713332467973,0.5924446713261052
@shidareAKI DOT! vieD20 🖖,neither,0.03945320844208391,0.33037608806864915,0.630170703489267
They score!,neither,0.03945320844208391,0.33037608806864915,0.630170703489267
"alright, party time",neither,0.03821291670369802,0.3514270757725588,0.6103600075237432
"I believe that yes, the Borg is still in the dice jail.",neither,0.04029800980524232,0.3453453941945272,0.6143565960002304
Is she excited? Yay!,neither,0.04895884292784106,0.4095908311126034,0.5414503259595556
gandsHype gandsHype gandsHype,neither,0.03945320844208391,0.33037608806864915,0.630170703489267
Hello @frankiedoospace!,neither,0.03945320844208391,0.33037608806864915,0.630170703489267
@JerrodOwex the legal niceties might not realize that unfortuantely,neither,0.03327823988237618,0.3769671937222519,0.589754566395372
"@dman1701 not she, they",offensive_language,0.03980336152073216,0.5042921297359528,0.45590450874331506
Excited!!!,neither,0.03945320844208391,0.33037608806864915,0.630170703489267
!nonbinary,neither,0.03945320844208391,0.33037608806864915,0.630170703489267
gandsTribble gandsTribble gandsTribble,neither,0.03945320844208391,0.33037608806864915,0.630170703489267
"Just your weekly reminder that Sam/Junil Rue is non-binary and uses they/them/their pronouns. Non-binary people, such as Sam, do not identify as male or female. For more information about people who identify as non-binary, check out this helpful link: https://goo.gl/yiBWJP",neither,0.05767622204307906,0.37610167259611094,0.56622210536081
gandsHug,neither,0.03945320844208391,0.33037608806864915,0.630170703489267
gandsTribble gandsTribble gandsTribble,neither,0.03945320844208391,0.33037608806864915,0.630170703489267
New emotes!,neither,0.04660400397451208,0.1401930676750457,0.8132029283504423
emotes!!,neither,0.03945320844208391,0.33037608806864915,0.630170703489267
gandsTribble gandsTribble gandsTribble gandsTricorder gandsTricorder gandsTricorder,neither,0.03945320844208391,0.33037608806864915,0.630170703489267
gandsTribble gandsTribble gandsTribble gandsTribble,neither,0.03945320844208391,0.33037608806864915,0.630170703489267
gandsTribble gandsTribble gandsTribble,neither,0.03945320844208391,0.33037608806864915,0.630170703489267
@FrankieDooSpace fmgSHAKE,neither,0.03945320844208391,0.33037608806864915,0.630170703489267
@shidareAKI franki9Hi :D,neither,0.03945320844208391,0.33037608806864915,0.630170703489267
If Sam is not exsided then were are all Doomed,neither,0.0479386181019631,0.38505685068812806,0.5670045312099089
Movin on up!,neither,0.03378494171059527,0.4014635830671726,0.5647514752222321
gandsFacepalm gandsHappy gandsPencil gandsHug gandsTribble,neither,0.03945320844208391,0.33037608806864915,0.630170703489267
gandsFacepalm gandsHappy gandsPencil gandsHug gandsTricorder gandsTribble,neither,0.03945320844208391,0.33037608806864915,0.630170703489267
eeeeeeee,neither,0.03945320844208391,0.33037608806864915,0.630170703489267
gandsTribble gandsTribble gandsTribble gandsTribble gandsTribble,neither,0.03945320844208391,0.33037608806864915,0.630170703489267
gandsHug gandsPencil gandsTribble,neither,0.03945320844208391,0.33037608806864915,0.630170703489267
gandsFacepalm gandsPencil gandsHug gandsTricorder gandsTribble,neither,0.03945320844208391,0.33037608806864915,0.630170703489267
"I can't tell if they're excited, just not showing it this week.",neither,0.03181629465344318,0.36461717810378846,0.6035665272427684
gandsHappy gandsFacepalm gandsPencil gandsHug gandsTribble gandsTricorder,neither,0.03945320844208391,0.33037608806864915,0.630170703489267
The Mighty Nog,neither,0.038645964332754634,0.31564673388339864,0.6457073017838468
gandsTribble gandsTribble gandsTribble,neither,0.03945320844208391,0.33037608806864915,0.630170703489267
gandsFacepalm gandsFacepalm gandsFacepalm,neither,0.03945320844208391,0.33037608806864915,0.630170703489267
