text,top_class,hate_speech,offensive_language,neither
LOL,neither,0.020706217963973744,0.4882283491876925,0.4910654328483337
ahaha,neither,0.03945320844208391,0.33037608806864915,0.630170703489267
Oh wow,neither,0.04699983224225219,0.25967008852857676,0.6933300792291711
IS HE A PYRAMID? 🤔,neither,0.0817087036342036,0.3158424856208871,0.6024488107449093
lol,neither,0.020706217963973744,0.4882283491876925,0.4910654328483337
long hair talesin PogChamp,neither,0.039136314434949665,0.32772245845160297,0.6331412271134472
He's a Pyramid!!,neither,0.057568607992634975,0.3241453714706532,0.6182860205367118
nice conspiracy b roll,neither,0.03945320844208391,0.33037608806864915,0.630170703489267
LOL,neither,0.020706217963973744,0.4882283491876925,0.4910654328483337
this is such an amazing gag,neither,0.04632924155650605,0.3218435153341576,0.6318272431093364
,neither,0.03945320844208391,0.33037608806864915,0.630170703489267
"An ancient vampire, i thought we worked this out?",neither,0.03868994499371152,0.2753681945882169,0.6859418604180715
yes duh,neither,0.03945320844208391,0.33037608806864915,0.630170703489267
I only see darkness,neither,0.03945320844208391,0.33037608806864915,0.630170703489267
"taliesin is a pyramid, confirmed.",neither,0.04981691255257763,0.32681153499115395,0.6233715524562684
This is content I subscribed for.,neither,0.04092067610234484,0.2981862440074829,0.6608930798901722
If you cannot see the conspiracy board please refresh,neither,0.03484886976547415,0.3848812132146532,0.5802699170198726
Tal Rasha,neither,0.03945320844208391,0.33037608806864915,0.630170703489267
Bidet from tx,neither,0.04081748366884477,0.3072207769958956,0.6519617393352596
do those lines make any sense,neither,0.06093219786612092,0.27235051008385924,0.66671729205002
Tbh who even is Taliesin Jaffe,neither,0.048593787644220815,0.419566307818179,0.5318399045376003
I turned the volume up and my cat is suddenly very concerned with Taliesin's face,neither,0.029389856916810803,0.38823720523274396,0.5823729378504452
WHY PINK? 🤔,neither,0.025288671420308984,0.35127501514032544,0.6234363134393656
bidet,neither,0.03945320844208391,0.33037608806864915,0.630170703489267
bidet from australia,neither,0.04062582848913359,0.31047366557575606,0.6489005059351104
Bidet!,neither,0.03945320844208391,0.33037608806864915,0.630170703489267
Bidet from Nebraska,neither,0.04062582848913359,0.31047366557575606,0.6489005059351104
Bidet from Colorado!,neither,0.04066490145509902,0.30981049537100724,0.6495246031738937
@Dragonchrome if you cannot see the conspiracy can you really even see? :P,neither,0.04464500661630233,0.4430972596050856,0.5122577337786121
bidet!,neither,0.03945320844208391,0.33037608806864915,0.630170703489267
Yaaas Dragona Age Inquisition music!!,neither,0.03945320844208391,0.33037608806864915,0.630170703489267
TheIlluminati,neither,0.03945320844208391,0.33037608806864915,0.630170703489267
Bidet,neither,0.03945320844208391,0.33037608806864915,0.630170703489267
Bloop,neither,0.03945320844208391,0.33037608806864915,0.630170703489267
taliesin better be on so he can explain his damn self,offensive_language,0.06898925850232047,0.7336637517688039,0.19734698972887557
Bidet!,neither,0.03945320844208391,0.33037608806864915,0.630170703489267
what is even going on,neither,0.04982266018587611,0.39036715957212414,0.5598101802419997
Hihi,neither,0.03945320844208391,0.33037608806864915,0.630170703489267
Bidet,neither,0.03945320844208391,0.33037608806864915,0.630170703489267
@sir_dominic fair question,neither,0.03945320844208391,0.33037608806864915,0.630170703489267
Hi folks,neither,0.03945320844208391,0.33037608806864915,0.630170703489267
TheIlluminati,neither,0.03945320844208391,0.33037608806864915,0.630170703489267
YEs,neither,0.03945320844208391,0.33037608806864915,0.630170703489267
Bidet from Vancouver BC,neither,0.041095261662497835,0.30250615950080734,0.6563985788366947
hey hey,neither,0.03945320844208391,0.33037608806864915,0.630170703489267
Bidet everyone ✌,offensive_language,0.02988896790634741,0.4927062106388782,0.4774048214547744
Bidet from Ohayo!,neither,0.04228451509352876,0.2823214250720796,0.6753940598343917
"Bidet from London, ON",neither,0.03745828888110202,0.32542855050193775,0.6371131606169601
Bidet from Ohio.,neither,0.040754399270683486,0.3082914838698526,0.650954116859464
"If you look to quickly at the board, a few of those photos looks like Matt.",neither,0.05884666308322068,0.35484280824236863,0.5863105286744107
How long till it starts,neither,0.037972968197446,0.3290877157537198,0.6329393160488341
hi folks,neither,0.03945320844208391,0.33037608806864915,0.630170703489267
Bidet from Houston!,neither,0.040875471929787875,0.3062365648703896,0.6528879631998226
any sound?,neither,0.03945320844208391,0.33037608806864915,0.630170703489267
oh and beep beep,neither,0.0472821537881993,0.17189274930043782,0.7808250969113628
Bidet from Washington State!,neither,0.07569869260918143,0.20816383471815325,0.7161374726726654
"""lie lie sin""",neither,0.03945320844208391,0.33037608806864915,0.630170703489267
What does bidet mean?!?,neither,0.027815304832343783,0.4783471917130365,0.49383750345461963
TheIlluminati,neither,0.03945320844208391,0.33037608806864915,0.630170703489267
Talison needs to explain himself,neither,0.0456269281495112,0.3267598784694672,0.6276131933810216
"""Tall Lie Sin"", don't know why that got me",neither,0.02436160683819542,0.4289531879136858,0.5466852052481187
Bidet from Edmonton ab,neither,0.04071751644889743,0.3089174816120565,0.6503650019390461
Talks Machina: asking the REAL questions,neither,0.03297194024905826,0.41477742611125284,0.5522506336396891
Bidt,neither,0.03945320844208391,0.33037608806864915,0.630170703489267
i love that chart,neither,0.03273129482786803,0.3870198458359321,0.5802488593361999
oh my lord what did I just click in on,neither,0.032663354692882805,0.38077826261970027,0.5865583826874168
Hello,neither,0.03945320844208391,0.33037608806864915,0.630170703489267
Bidet all!!,offensive_language,0.046917543854519406,0.6277741405869331,0.3253083155585475
bidet from Spain,neither,0.04228451509352876,0.2823214250720796,0.6753940598343917
THE TRUTH IS OUT THERE,neither,0.04229816365417669,0.2815022024747979,0.6761996338710254
It said 0 viewers and I was severely confused,neither,0.03780055493678208,0.3037164408745186,0.6584830041886993
The real conspiracy is he's a FUNNEL! STOP THE FALSE PYRAMID LIES!,neither,0.04166795061275136,0.4305328280646403,0.5277992213226083
Bidet from Jersey,neither,0.0408364874901429,0.30689823255244486,0.6522652799574122
bidet,neither,0.03945320844208391,0.33037608806864915,0.630170703489267
"@linkmiiller campaign 1 version of ""Good Day""",neither,0.039326173711308976,0.31802427337117595,0.642649552917515
Be Pleased from the Sunshine State,neither,0.0637496272605003,0.23002586880641496,0.7062245039330847
bidet from Austin,neither,0.04086843745212,0.30635595831493706,0.6527756042329429
bidet from washington state.,neither,0.07569869260918143,0.20816383471815325,0.7161374726726654
#IWantToBelieve,neither,0.03945320844208391,0.33037608806864915,0.630170703489267
"Bidet from Ontario, Canada!",neither,0.040354386843928725,0.3150807387011266,0.6445648744549448
Keep your eyes on the skiis,neither,0.0757145055348582,0.28049684028708577,0.643788654178056
He's a flat pyramid!,neither,0.047246821429378916,0.32769550718149904,0.6250576713891222
Looks like someone has been witching Lemony Snicket's A Series of Unfortunate Events again lol,neither,0.03928591246467125,0.38828385357969747,0.5724302339556312
"""Bidet"" is g'day. It's from ep 6- or something from the first campaign",neither,0.03954930333657214,0.2894623742432367,0.6709883224201911
Bidet from the SK,neither,0.039779025773403386,0.2539611253407979,0.7062598488857987
Bidet from Texas,neither,0.040937266849991,0.30518774380265185,0.6538749893473571
I WANT TO BELIEVE,neither,0.05005955851090133,0.3187882952347635,0.6311521462543352
"Bidet from Vancouver, Canada!",neither,0.04071751644889743,0.3089174816120565,0.6503650019390461
bidet from GA!,neither,0.040737273169946825,0.30858215849491494,0.6506805683351382
Wtf is this about?!?,offensive_language,0.05321856200532564,0.6781575954782022,0.26862384251647214
@Minouki61 bidet from the frozen capital of Toronto,neither,0.039540946958240536,0.30671348586035113,0.6537455671814083
Thank you! @dragonchrome,neither,0.07325166854587051,0.43632638485078484,0.49042194660334476
Bidet from Boston,neither,0.040769555981420263,0.3080342349327864,0.6511962090857933
Bidet,neither,0.03945320844208391,0.33037608806864915,0.630170703489267
bidet from texas!,neither,0.040937266849991,0.30518774380265185,0.6538749893473571
love that board,neither,0.032400037812249746,0.3899360012273203,0.5776639609604299
"Bidet from Ypsilanti, MI y'all",neither,0.04324940744025782,0.3982080527344978,0.5585425398252444
FUNNEL JAFFE! NOT A PYRAMID!,neither,0.03798429109608333,0.3359028173923576,0.626112891511559
bidet from PA,neither,0.04069404815304118,0.30931579984010865,0.6499901520068502
"bidet from snowy, cold, dark ohio",neither,0.040365046873515976,0.31489981017857055,0.6447351429479136
illuminati confirmed,neither,0.03945320844208391,0.33037608806864915,0.630170703489267
Bidet from Montreal yo,neither,0.04076918709527856,0.3847867177207114,0.57444409518401
bidet from Minnesota,neither,0.04071751644889743,0.3089174816120565,0.6503650019390461
Bidet gandsOwlbear,neither,0.03945320844208391,0.33037608806864915,0.630170703489267
bidet from florida,neither,0.0408948396164547,0.30590784468201904,0.6531973157015263
"Bidet from Callander, Canada",neither,0.04071751644889743,0.3089174816120565,0.6503650019390461
bidet from Texas,neither,0.040937266849991,0.30518774380265185,0.6538749893473571
"@kynaeus2 COld there, eh? :p",neither,0.03937778920554619,0.2869171846252349,0.6737050261692189
Bidet from Michigan :),neither,0.040769555981420263,0.3080342349327864,0.6511962090857933
"New song for the fan art reel ""Welcome to Wildemount"" by Colm McGuinness - https://www.youtube.com/watch?v=WEQC2HyhgTc",neither,0.043642232952841864,0.2873620236928719,0.6689957433542861
oh my god that bulletin board is everything,neither,0.036463082772667264,0.3911609394764681,0.5723759777508646
what the heck Foster XD,neither,0.04315586251420479,0.3139044866415722,0.642939650844223
snow cold and dark in Minnesota too :(,neither,0.038704689189672556,0.304988576017155,0.6563067347931724
Bidet from Muskegon MI,neither,0.04081748366884477,0.3072207769958956,0.6519617393352596
Bidet from Vancouver,neither,0.04228451509352876,0.2823214250720796,0.6753940598343917
Bidet from Iowa,neither,0.04069404815304118,0.30931579984010865,0.6499901520068502
Bidet from Philadelphia,neither,0.04066490145509902,0.30981049537100724,0.6495246031738937
"@kynaeus2 I feel you, I'm in Ottawa",neither,0.07651260469271852,0.4275502344356717,0.49593716087160983
Taliesin is an alien Simulacra from the Sirius system.,neither,0.04673530907588959,0.29504002737627427,0.6582246635478362
"bidet from Newcastle, Australia",neither,0.04062582848913359,0.31047366557575606,0.6489005059351104
Bidet from Austin. Beep beep.,neither,0.04086843745212,0.30635595831493706,0.6527756042329429
Who is on tonight?,neither,0.04263739210545923,0.3923205286799001,0.5650420792146407
hey i'm new to twitch chat wtf is bidet,neither,0.05717496135747081,0.424121722772456,0.5187033158700731
B dubz,neither,0.03945320844208391,0.33037608806864915,0.630170703489267
"bidet from hamilton, Canada",neither,0.04071751644889743,0.3089174816120565,0.6503650019390461
bidet from the baudelaires' home,neither,0.03965684591601788,0.2794330324627081,0.680910121621274
Bidet from south carolina,neither,0.04043176250036363,0.31376747187705417,0.6458007656225822
!whodat,neither,0.03945320844208391,0.33037608806864915,0.630170703489267
"Brian Wayne Foster ( twitter.com/BrianWFoster ), Taliesin Jaffe ( twitter.com/executivegoth ), Travis Willingham ( twitter.com/WillingBlam ).",neither,0.038736702020202365,0.45318371358815324,0.5080795843916442
HeyGuys,neither,0.03945320844208391,0.33037608806864915,0.630170703489267
Bidet from Surrey,neither,0.04228451509352876,0.2823214250720796,0.6753940598343917
TheIlluminati TheIlluminati gandsMolly gandsMolly TheIlluminati TheIlluminati,neither,0.03945320844208391,0.33037608806864915,0.630170703489267
Bidet from Oakville Canada,neither,0.04071751644889743,0.3089174816120565,0.6503650019390461
It all makes sense now horseS,neither,0.0396920021638758,0.3903256732294323,0.569982324606692
@Maxpower0070 The Canadian one?,neither,0.0374054244508728,0.3477979213598717,0.6147966541892556
the fuck is this taliesin board?,offensive_language,0.19898055894260247,0.7999132880134824,0.0011061530439151548
Taliesin is a mysterious figure,neither,0.051124007078731534,0.3263619652460026,0.6225140276752659
Bidet from Nashvegas!,neither,0.04228451509352876,0.2823214250720796,0.6753940598343917
"@KattackRoll nice enough for an hour long walk across the city today, just very snowy for some unknown reason",neither,0.028300200904460626,0.30081770140113445,0.670882097694405
Bidet from Hawaii!,neither,0.04062582848913359,0.31047366557575606,0.6489005059351104
Bidet from NoVA,neither,0.04228451509352876,0.2823214250720796,0.6753940598343917
Taliesin is The Woobie. The Woobie is Taliesin. To seek further is to court madness.,neither,0.0664651186114506,0.29935842689553394,0.6341764544930155
Taliesin is the actual Loki,neither,0.049246825553826,0.30599994472827247,0.6447532297179016
"bidet and beep beep from Lakeland Florida. talkesin is not a mere mortal, but a gift from the gods for us to not understand but just enjoy and ponder.",neither,0.05091873216229981,0.2794728121281306,0.6696084557095695
I can't handle more then 1 conspiracy at a time I'm not reading this till we know WHERE'S LARKIN?,neither,0.03975882780304077,0.33456538914857614,0.6256757830483831
zomg taliesin's HAIRBALLz,neither,0.03945320844208391,0.33037608806864915,0.630170703489267
#WhatDoesItAllMean,neither,0.03945320844208391,0.33037608806864915,0.630170703489267
this board is hilarious,neither,0.04686707119248886,0.3292461832230812,0.6238867455844299
Is it Brian or Dani who do these openers haha,offensive_language,0.04875879327749113,0.48344263898237627,0.46779856774013256
Bidet,neither,0.03945320844208391,0.33037608806864915,0.630170703489267
Bidet from North Carolina,neither,0.04040057148408362,0.31429686482539193,0.6453025636905245
@draculasboy it’s a joke from campaign 1 that grog said when he was talking to fancy people because he confused “good day” with bidet,neither,0.04651431188067095,0.37478321933781705,0.5787024687815121
#FunnelJaffe,neither,0.03945320844208391,0.33037608806864915,0.630170703489267
Scan scans Nan.,neither,0.03945320844208391,0.33037608806864915,0.630170703489267
i think it's both?,neither,0.038176036447468684,0.3183081363409088,0.6435158272116225
#LarsUlrichWantsHisHairBackTaliesin,neither,0.03945320844208391,0.33037608806864915,0.630170703489267
Bidet from central coast Australia,neither,0.04022298809716356,0.31731091835713404,0.6424660935457024
Guys TALIESIN is Tupac!! WutFace,neither,0.04880202041253221,0.32931722819060566,0.6218807513968622
so is this board trying to tell us that he's an immortal?,neither,0.08714570132072653,0.37430823139006164,0.5385460672892116
classic Larkin,neither,0.03945320844208391,0.33037608806864915,0.630170703489267
Who's got the dirt on Molly?,neither,0.03543327248309976,0.4258384017320696,0.5387283257848307
o/,neither,0.03945320844208391,0.33037608806864915,0.630170703489267
DOES HE KNOW WE'RE ON TO HIM!?,neither,0.047615612106886133,0.4371455431883619,0.5152388447047519
The numbers Mason,neither,0.038645964332754634,0.31564673388339864,0.6457073017838468
@Thatoneguy7272 ohh lmao thanks,neither,0.036388571423086005,0.32951224953633734,0.6340991790405767
taliesin is eorthas,neither,0.081172750358939,0.3160268245287109,0.60280042511235
,neither,0.03945320844208391,0.33037608806864915,0.630170703489267
Hi @MisterRusty,neither,0.03945320844208391,0.33037608806864915,0.630170703489267
"Taliesin is a crytid, obviously",neither,0.050886191836019265,0.3264437608131326,0.6226700473508482
Illuminati confirmed,neither,0.03945320844208391,0.33037608806864915,0.630170703489267
Ashley Johnson,neither,0.03945320844208391,0.33037608806864915,0.630170703489267
WHERES LARKIN,neither,0.03945320844208391,0.33037608806864915,0.630170703489267
"can anyone read the small writing under ""NOT A PYRAMID TOTALLY A NORMAL PERSON"" ?",neither,0.038402322573459546,0.3216397623994238,0.6399579150271166
Also let's be real Taliesin is more of an enigma than Percy and Molly combined,neither,0.031224275247741986,0.38751988020240574,0.5812558445498524
he is in the background,neither,0.05554513246507133,0.30637269061082506,0.6380821769241036
"CAn anyone see what the paper beside ""IS HE A PYRAMID"" says?",neither,0.05283342483025116,0.3103248274264223,0.6368417477433265
I GOT BOXES OF TALIESIN,neither,0.03798122202063854,0.3833655861123498,0.5786531918670116
"Oh wait, I'm on his side",neither,0.06285448181650138,0.3340548207942377,0.6030906973892608
Tall Lie Sin spotted!,neither,0.03945320844208391,0.33037608806864915,0.630170703489267
bidet from virginia,neither,0.04079557052152802,0.30759270029461827,0.6516117291838538
OH GOD HE KNOWS. HE SEES.,neither,0.052652764179611976,0.28967577106482556,0.6576714647555624
That corkboard's a #mood if I ever saw one.,neither,0.021961594872378462,0.43695810531856455,0.541080299809057
@draculasboy no problem friend,neither,0.03846437126150685,0.3471592356824407,0.6143763930560525
i can see the culprit,neither,0.038388215151137266,0.29347674711743926,0.6681350377314236
"bidet from canberra, australia!!",neither,0.04062582848913359,0.31047366557575606,0.6489005059351104
I see Dani!,neither,0.03945320844208391,0.33037608806864915,0.630170703489267
"Molly's got dirt on Molly, dug 'imself up, dinn' he?",neither,0.038362821075143785,0.3996182194835194,0.562018959441337
Bidet from SC gandsLollypop,neither,0.040737273169946825,0.30858215849491494,0.6506805683351382
anyone know tonights guest?,neither,0.03945320844208391,0.33037608806864915,0.630170703489267
Taliesan's hair <3,neither,0.03945320844208391,0.33037608806864915,0.630170703489267
The Illuminati would like to refrain from believing in the existence of Taliesin Jaffe but since they are not real either they cannot.,neither,0.05102880025333731,0.3492000433301822,0.5997711564164804
bidet from TN Critters.,neither,0.040769555981420263,0.3080342349327864,0.6511962090857933
bidet from california,neither,0.06971251856910227,0.2972619859879888,0.633025495442909
#ConspiracyBoardWatch,neither,0.03945320844208391,0.33037608806864915,0.630170703489267
They're all checking it out on the monitor :D,neither,0.04693084033312646,0.3806629729811358,0.5724061866857377
There is no Carol in HR...,neither,0.04520431800170961,0.3054095485468432,0.6493861334514472
pfft did I just see Marisha run,neither,0.035698584065837924,0.3479611862486724,0.6163402296854896
What is bidet?,neither,0.08191733112755817,0.31109320414220176,0.6069894647302402
travis spotted,neither,0.03945320844208391,0.33037608806864915,0.630170703489267
#NoPyramidOnlyFunnel,neither,0.03945320844208391,0.33037608806864915,0.630170703489267
I'd talks available for non-subs? <3,neither,0.03529171733899407,0.3095798872129114,0.6551283954480945
wish the board woulds stay in focus so I could read it,neither,0.037888317703440116,0.34841940092963486,0.6136922813669251
TheIlluminati,neither,0.03945320844208391,0.33037608806864915,0.630170703489267
hello!! So who's here today?,neither,0.08513408881115667,0.3731615047815669,0.5417044064072765
XD showing the madman himself,neither,0.038524674341385616,0.3133758657923363,0.6480994598662781
yes @RuffPuffian,neither,0.03945320844208391,0.33037608806864915,0.630170703489267
OMG this is great,neither,0.04667603631773547,0.3001662188430101,0.6531577448392544
gandsHype,neither,0.03945320844208391,0.33037608806864915,0.630170703489267
is this the crit role.discussion show????,neither,0.05851283235492861,0.2565658739654241,0.6849212936796472
*x-files theme plays*,neither,0.03945320844208391,0.33037608806864915,0.630170703489267
some sort of immortal eldritch entity,neither,0.03049567443300134,0.3461906847363476,0.6233136408306511
lol!,neither,0.020706217963973744,0.4882283491876925,0.4910654328483337
Bidet from Utah,neither,0.04066490145509902,0.30981049537100724,0.6495246031738937
"Everyone asks ""Who is Taliesin Jaffe"", but no one asks ""How is Taliesin Jaffe""",neither,0.04200057275454927,0.45335515384050534,0.5046442734049453
XD,neither,0.03945320844208391,0.33037608806864915,0.630170703489267
@dragonchrome bajoWow,neither,0.03945320844208391,0.33037608806864915,0.630170703489267
bidet from OR,neither,0.04147775179570021,0.2960143037206597,0.66250794448364
oh good they're zooming in,neither,0.0719225108576876,0.23372878454278864,0.6943487045995238
"Available for everyone live, @RuffPuffian . I think VoD is sub only",neither,0.03948511706932251,0.37262460675512893,0.5878902761755485
Talks Machine,neither,0.03945320844208391,0.33037608806864915,0.630170703489267
Oh he's immortal...no doubt,neither,0.0508049068512129,0.28950608291970237,0.6596890102290847
yay1,neither,0.03945320844208391,0.33037608806864915,0.630170703489267
@gity8 yes! it's talks machina,neither,0.03781835008937977,0.3309383908235589,0.6312432590870614
HOLY SHIT Was that a young Talisen piture?!? I'v never seen that,offensive_language,0.03937391612881117,0.9544151329993418,0.006210950871847016
"taliesin, travis... anyone else?",neither,0.03945320844208391,0.33037608806864915,0.630170703489267
"Bidet from Texas, and omg yes. I live for this board right now :P",neither,0.03786546435049725,0.28825378448665917,0.6738807511628436
gandsMolly gandsMolly gandsMolly gandsMolly,neither,0.03945320844208391,0.33037608806864915,0.630170703489267
praise Kek!,neither,0.03945320844208391,0.33037608806864915,0.630170703489267
wtf,offensive_language,0.04410695246022759,0.7898861884776351,0.16600685906213722
"""What the fuck are triangles?""",offensive_language,0.44657194945285794,0.5534191532571899,8.89728995217148e-06
a bidet is a clenliness tool and aconvienint greeting in taldorie,neither,0.04858187311685534,0.2801447039130422,0.6712734229701025
!whodat,neither,0.03945320844208391,0.33037608806864915,0.630170703489267
"Brian Wayne Foster ( twitter.com/BrianWFoster ), Taliesin Jaffe ( twitter.com/executivegoth ), Travis Willingham ( twitter.com/WillingBlam ).",neither,0.038736702020202365,0.45318371358815324,0.5080795843916442
the smart camera is hilarious,neither,0.045490525306234486,0.3144583622832526,0.6400511124105129
What even is a triangle,neither,0.0646877204953072,0.3434336200265875,0.5918786594781054
omg,neither,0.03945320844208391,0.33037608806864915,0.630170703489267
#It'sAllConnected,neither,0.034373745257138544,0.33212314837979673,0.6335031063630647
gandsSaxHype gandsSaxHype,neither,0.03945320844208391,0.33037608806864915,0.630170703489267
#OrIsIt??,neither,0.03945320844208391,0.33037608806864915,0.630170703489267
i cant believe this,neither,0.03933521584164537,0.33237873043424004,0.6282860537241146
gandsBrian,neither,0.03945320844208391,0.33037608806864915,0.630170703489267
Bidet from Los Angeles ca 😄,neither,0.04047425114956354,0.3130463286135936,0.646479420236843
im laughing so hard,offensive_language,0.031043515470694522,0.6035675230921616,0.36538896143714383
"You can't spell ""Taliesin"" without the word ""lie""",neither,0.0523042181253535,0.34900516940365395,0.5986906124709924
"magnets, how do they work?",neither,0.04071508478286878,0.32994207093095335,0.6293428442861779
I'm so amused by this board!,neither,0.04069196297973821,0.431365322652217,0.5279427143680447
🤔,neither,0.03945320844208391,0.33037608806864915,0.630170703489267
This is everything,neither,0.052678688467181406,0.3282101590229713,0.6191111525098473
"Bidet, everyone!",offensive_language,0.02988896790634741,0.4927062106388782,0.4774048214547744
gandsMolly gandsMolly gandsMolly,neither,0.03945320844208391,0.33037608806864915,0.630170703489267
DoritosChip DoritosChip DoritosChip DoritosChip DoritosChip DoritosChip DoritosChip DoritosChip DoritosChip DoritosChip DoritosChip DoritosChip DoritosChip DoritosChip DoritosChip DoritosChip,neither,0.03945320844208391,0.33037608806864915,0.630170703489267
'tal lie sin'? lol,neither,0.03342933536758241,0.37313514981102797,0.5934355148213896
TheIlluminati,neither,0.03945320844208391,0.33037608806864915,0.630170703489267
#BidetFunnel,neither,0.03945320844208391,0.33037608806864915,0.630170703489267
It's all so clear,offensive_language,0.04004567972026374,0.4829580439305759,0.47699627634916036
Tslisan Jaffe is a true renaissance fair man,neither,0.04801766685587128,0.39112819836255064,0.5608541347815781
taliesin we're on to you,neither,0.1346837069541719,0.3690704495222014,0.4962458435236267
Bidet from Michigan!,neither,0.040769555981420263,0.3080342349327864,0.6511962090857933
gandsPercy gandsPercy gandsPercy,neither,0.03945320844208391,0.33037608806864915,0.630170703489267
@JeffM0307 *slow clap*,neither,0.03945320844208391,0.33037608806864915,0.630170703489267
THe pointing stick is killing me,neither,0.03861368023342702,0.34625080189234175,0.6151355178742312
bidet from Toronto!,neither,0.04066490145509902,0.30981049537100724,0.6495246031738937
Tal with long hair LUL,neither,0.03151563878450251,0.355276423580142,0.6132079376353554
Oh. I see I came in at the right time.,neither,0.04058716055149629,0.32668750182910306,0.6327253376194008
amydFocus gandsMolly gandsPercy,neither,0.03945320844208391,0.33037608806864915,0.630170703489267
Bidet from WA!,neither,0.04071751644889743,0.3089174816120565,0.6503650019390461
those are the wrong numbers doe,neither,0.08934950792237886,0.2194647323015489,0.6911857597760723
bidet from pepe silvia,neither,0.04062582848913359,0.31047366557575606,0.6489005059351104
Bidet from Houston btw,neither,0.04051439668218626,0.3123649541534945,0.6471206491643192
"Wow, someone had too much time on their hands, Max.",neither,0.03446300159890606,0.35467782011119753,0.6108591782898966
OMG im dying LUL,neither,0.03875621593782175,0.356847773858827,0.6043960102033512
Who is that beardless cabbage?,offensive_language,0.04890640013261156,0.5245279313106093,0.4265656685567792
who is taliesin 🤔,offensive_language,0.06273239322143805,0.47642182036533837,0.4608457864132235
"Dang, Brian looks good there",neither,0.038761154997056985,0.28978590865131365,0.6714529363516294
Love you all!,offensive_language,0.07693210972157016,0.6561782186763016,0.26688967160212834
Lie and Sin... remember that,neither,0.035461293694767054,0.3315687435860132,0.6329699627192198
"Seriously though, WHO IS THIS? gandsBrian",neither,0.04897153262309504,0.39835034970857786,0.5526781176683271
can a pyramid be a true pyramid if it has a square base,neither,0.02637467410990357,0.3655428234995927,0.6080825023905038
This is beautiful,neither,0.05175890132461558,0.3283815141148589,0.6198595845605255
How have I noticed any of this before?,neither,0.03576648846361879,0.39294934767564094,0.5712841638607402
"Fuckin' triangles, how do they work?",offensive_language,0.08170839061659853,0.9105077750424291,0.0077838343409723934
I just want this thing to end with it saying talisen is big sexy,neither,0.021862590588578243,0.4101967006249619,0.5679407087864597
The Master,neither,0.03827813141413388,0.3087027896769399,0.6530190789089262
gandsHype gandsHype gandsHype gandsHype,neither,0.03945320844208391,0.33037608806864915,0.630170703489267
I love this,neither,0.033354624610487035,0.36213039408674813,0.6045149813027648
"This is amazing, thank you so much pit crew",neither,0.05330534705085694,0.40139099183005067,0.5453036611190925
this is amazing,neither,0.050638740814203484,0.3285866302672563,0.6207746289185402
gandsMolly gandsMolly gandsMolly gandsMolly gandsMolly gandsMolly gandsMolly gandsMolly gandsMolly gandsMolly,neither,0.03945320844208391,0.33037608806864915,0.630170703489267
Bidet from Alberta,neither,0.04062582848913359,0.31047366557575606,0.6489005059351104
Bidet from washington,neither,0.04080695066346891,0.3073995495860776,0.6517934997504536
cus he shaved his face,neither,0.06914109867948941,0.329681283817021,0.6011776175034897
lol',neither,0.020706217963973744,0.4882283491876925,0.4910654328483337
"Some guy that's gonna be on ""Asinine Wisdom"" later, that's who",neither,0.027664008908708515,0.4830516400746792,0.48928435101661216
makes sense to me,neither,0.03781418682231504,0.370105048864424,0.5920807643132608
Oh my dear lord...,neither,0.033011462318916364,0.36524475244218313,0.6017437852389005
l GOT BOXES FULL OF PEPE! :D,neither,0.052887465798487986,0.35986756310093093,0.5872449711005812
Taliesin confirmed,neither,0.03945320844208391,0.33037608806864915,0.630170703489267
Loving this,neither,0.039326137841564766,0.33253280778730016,0.628141054371135
lmaoo,neither,0.03945320844208391,0.33037608806864915,0.630170703489267
#KillThePyramidFunnelTheTruth,neither,0.03945320844208391,0.33037608806864915,0.630170703489267
"If you add up all the numbers is Taliesins name you 89 if you add 8 and 9 together you get 17, if you add thoes together you get 8. and 8 on it's side is the infinity symbol so Taliesin is the Soul Infinity Stone.",offensive_language,0.04820465601100556,0.4786467247405749,0.47314861924841944
it's those fricking SPACE GOPHERS again!,neither,0.06012796285473008,0.2910517587813119,0.648820278363958
Bidet from Toronto!,neither,0.04066490145509902,0.30981049537100724,0.6495246031738937
hi all :D,neither,0.0423466876598404,0.4436528871510691,0.5140004251890904
Heh,neither,0.03945320844208391,0.33037608806864915,0.630170703489267
halo,neither,0.03945320844208391,0.33037608806864915,0.630170703489267
This is the question we all need answered,neither,0.046189497855961485,0.3715244988930532,0.5822860032509853
Bidet from Colorado Springs,neither,0.040334677536117594,0.315415257091876,0.6442500653720065
bidet from Connecticut!,neither,0.04062582848913359,0.31047366557575606,0.6489005059351104
He's totally a pyramid,neither,0.04685663995587374,0.327829708482244,0.6253136515618822
It all seems so clear now. How could we have missed it!,neither,0.038274367846954725,0.41414192622186463,0.5475837059311807
!respect,neither,0.03945320844208391,0.33037608806864915,0.630170703489267
i love dani's outcit,neither,0.036234544398670354,0.3454103886020359,0.6183550669992937
"If you would like to share opinions on our hosts, guests or fellow viewers, please do so in a respectful manner. Don't make them feel uncomfortable.",neither,0.04843323757214918,0.39559142321184637,0.5559753392160044
you know what else is an anagram of Taliesin Jaffe? Feline fajitas...,neither,0.06836593828890956,0.3565899163893358,0.5750441453217547
gandsMolly gandsMolly gandsMolly gandsMolly gandsMolly,neither,0.03945320844208391,0.33037608806864915,0.630170703489267
I'm digging this pyramid theme,neither,0.03937099983315841,0.3317713827094878,0.6288576174573539
Pre show is almost5 as good as the show,neither,0.06361054685966415,0.2622842216253409,0.6741052315149949
bidet from KC!!,neither,0.04066490145509902,0.30981049537100724,0.6495246031738937
This is elaborate,neither,0.06444388513749441,0.32581973129223984,0.6097363835702658
it all makes sense now,neither,0.039803477520213106,0.40694068221569785,0.5532558402640889
"@Alexanderhero83 my jaw dropped at the end the last shield of tomorrow, next one is going to be epic",neither,0.037373120994554525,0.4042732700999578,0.5583536089054876
I am so hyped.,neither,0.03920896846648777,0.37751050984579937,0.5832805216877128
HES A CRYPTID,neither,0.03945320844208391,0.33037608806864915,0.630170703489267
i lo e dani outfit,neither,0.03945320844208391,0.33037608806864915,0.630170703489267
bidet from music city,neither,0.04068596994978795,0.3094529080317464,0.6498611220184656
#EverythingIsConnected,neither,0.03945320844208391,0.33037608806864915,0.630170703489267
gandsMolly gandsMolly,neither,0.03945320844208391,0.33037608806864915,0.630170703489267
"Oh hey, Marisha's here... but not a guest?",neither,0.07741198377164524,0.2708424797540287,0.6517455364743262
"@UrbzGaming1 Pepe Silvia, Pepe Silvia I keep coming across this name",neither,0.039405873171521236,0.3311794911453098,0.6294146356831689
gandsMolly gandsMolly gandsMolly,neither,0.03945320844208391,0.33037608806864915,0.630170703489267
wait till he flips it over and its just the Tennants of a taliesin jaffe cult.,neither,0.031866928709390216,0.30859023231819727,0.6595428389724124
good job to the conspiracy collage maker,neither,0.043218642424461384,0.3154640664182455,0.6413172911572931
@Lo_Res y'all got any of them fajitas or nah,neither,0.05079471249690349,0.41731534630053274,0.5318899412025637
Grats @iblizzard,neither,0.03945320844208391,0.33037608806864915,0.630170703489267
"Tonight on dndBarbarian: Why do we have to surprise them?The rest of the party: Sure, you go ahead and distract *cough* kill those goblins. All alone. At level 1.",neither,0.15894387609119007,0.33187329315338865,0.5091828307554213
taliesin jaffe: illuminate confirmed,neither,0.03945320844208391,0.33037608806864915,0.630170703489267
gandsTWC gandsMolly gandsTWC gandsMolly gandsTWC gandsMolly Here for the great Jaffe,neither,0.08886744543747069,0.2156458739124018,0.6954866806501275
Need to do another Toronto meetup soon,neither,0.09015679002470776,0.2643557620114017,0.6454874479638906
confirmed talesin cryptid sigting,neither,0.03945320844208391,0.33037608806864915,0.630170703489267
HES A PYRAMID GUYS,neither,0.03931123776765415,0.3327857009276577,0.6279030613046882
@ScurviedNinja she's always on set,offensive_language,0.03571934169398352,0.5141053790675733,0.4501752792384433
taliesin conspiracy board omfg,neither,0.03945320844208391,0.33037608806864915,0.630170703489267
yeah - awesome collage!,neither,0.025767275852680852,0.42385172886379024,0.550380995283529
bidet from montreal Quebec Canada,neither,0.040354386843928725,0.3150807387011266,0.6445648744549448
Bidet,neither,0.03945320844208391,0.33037608806864915,0.630170703489267
gotta love it,neither,0.030737735854480648,0.3963337227944425,0.5729285413510768
Marisha is alway there,neither,0.04801959467007171,0.2839386532701362,0.6680417520597921
Is he a pyramid? R),neither,0.0817087036342036,0.3158424856208871,0.6024488107449093
"We know the answer already, he's a lich king who's over 2000 years old.",neither,0.039669746677575814,0.36940169503342735,0.5909285582889969
Marisha could just be saying hi as she works at Geek and Sundry.,neither,0.030720852880020265,0.4074659162838964,0.5618132308360834
gandsOwlbear gandsOwlbear gandsOwlbear gandsOwlbear,neither,0.03945320844208391,0.33037608806864915,0.630170703489267
@scurviedninja im pretty sure she is always there she is the produce for everything for geek and sundry,neither,0.03636099331727526,0.4376206177215201,0.5260183889612047
Bidet from Florida!,neither,0.0408948396164547,0.30590784468201904,0.6531973157015263
She basically lives at teh studio,neither,0.03992211969218341,0.42108388078133696,0.5389939995264796
@csteves1987 what's bidet in French?,neither,0.04676400677808605,0.3251893993873799,0.6280465938345341
The conspiracy.... What does this all mean??? THE FANS DESERVE ANSWERS TALIESIN,neither,0.0373092574713457,0.4372652210196643,0.5254255215089901
Perhaps he's a squirrel?,neither,0.04408882828056341,0.32878168583705525,0.6271294858823813
is that even his real name? it doesnt even seem like a real name to me...,offensive_language,0.04844366151896005,0.5105022668844023,0.4410540715966377
tinaSTRESS it’s all here how did they get my board of Who Is Taliesin Jaffe it’s my conspiracy theory and you can’t have it give it back @geekandsundry,offensive_language,0.053562778480783634,0.4739244432281302,0.4725127782910861
@rtk142 So good I binged watched Eric's Tbf RPG,neither,0.03882597384405374,0.372107766008735,0.5890662601472112
So who is going to phone it in tonight?,neither,0.0477462560115687,0.4201810076807678,0.5320727363076635
all those great pics of him and not a single woobie?,neither,0.05598674641284823,0.2775144098072484,0.6664988437799033
Beau confirmed secret agent for the crowns guard,neither,0.0350426412744062,0.3011766855229713,0.6637806732026226
who the fuck is that guy bottom right?,offensive_language,0.1368486667690121,0.8606302184905539,0.002521114740433889
beep beep from maryland,neither,0.04066490145509902,0.30981049537100724,0.6495246031738937
Matt?,neither,0.03945320844208391,0.33037608806864915,0.630170703489267
Prying open my third eye.,neither,0.03558246546035794,0.402962559792195,0.561454974747447
I thought I saw the Beau Guns out on the set.,neither,0.03518389895798579,0.2545530228779567,0.7102630781640575
"Taliesin Axelrod ""The Pyramid"" Jaffe",neither,0.03613032604487659,0.2619290779399786,0.7019405960151449
How long until it starts,neither,0.03794880153909701,0.3290663961640014,0.6329848022969015
TheIlluminati TheIlluminati TheIlluminati TheIlluminati TheIlluminati,neither,0.03945320844208391,0.33037608806864915,0.630170703489267
he is an ageless eldritch being,neither,0.052242993377174356,0.3541573678072188,0.5935996388156068
wheres the woobie,neither,0.038372653207642965,0.3105039192898759,0.6511234275024811
Eric's Tbd rpg,neither,0.03945320844208391,0.33037608806864915,0.630170703489267
@UrbzGaming1 I didn't know that. Thanks. I guess I haven't really considered the larger company in a while.,neither,0.02850388721446791,0.35890205921723134,0.6125940535683007
it concerns me how much taelsin looks like a Matt Mercer cosplayer in the bottom photo with long hair,neither,0.030587233901857743,0.37390894629975674,0.5955038197983855
Bidet from Maryland,neither,0.04066490145509902,0.30981049537100724,0.6495246031738937
"no no they did this while taliesin was aware, this is what he WANTS us to think",neither,0.08291012703684734,0.3304311595508982,0.5866587134122544
"The only question is, a square pyramid or a triangular pyramid?",neither,0.045736120353924145,0.3138755191788316,0.6403883604672441
i hope molly is the traveller and dosent no it,neither,0.08465016957770002,0.18120727896933492,0.734142551452965
is it just tale tonight>,neither,0.038310269513322004,0.32693892125085056,0.6347508092358274
who is on today?,neither,0.04495930396069366,0.39965578705311433,0.5553849089861921
I love this.,neither,0.033354624610487035,0.36213039408674813,0.6045149813027648
wow... Talesin with long hair?,neither,0.028226331913362226,0.36694313859605243,0.6048305294905854
gandsMolly gandsMolly gandsMolly gandsMolly gandsMolly Its all a lie,neither,0.03382795717730236,0.4325403340278802,0.5336317087948175
Bidet from minnesota,neither,0.04071751644889743,0.3089174816120565,0.6503650019390461
gandsCaleb,neither,0.03945320844208391,0.33037608806864915,0.630170703489267
love that background,neither,0.03177273544440709,0.3954871395503448,0.5727401250052482
Go wild!,neither,0.04112499402816503,0.3361833513351968,0.6226916546366381
@Alexanderhero83 and it just made me dig Amy Dallen even more,neither,0.03080640944961891,0.34807725399469913,0.6211163365556819
Bidet from Snoqualmie,neither,0.04228451509352876,0.2823214250720796,0.6753940598343917
Bidet from New Westminster BC!,neither,0.04515703081451045,0.19532669693793347,0.7595162722475561
"he's just this guy, you know?",neither,0.06038778177924745,0.4240398268379999,0.5155723913827527
