text,top_class,hate_speech,offensive_language,neither
hi everyone!,neither,0.032490659208996964,0.4485487193596734,0.5189606214313296
Want the inside scoop? Join the cast of Critical Role and discuss this episode right here on Talks Machina. Tuesdays 7pm Pacific at twitch.tv/geekandsundry and projectalpha.com,neither,0.04630302093207864,0.22484473131932575,0.7288522477485957
@DinnerCereal @Wherethefackislarkin They should know by now that Chex is the best cereal ever. :-D,neither,0.05076833556579783,0.3988713463093831,0.5503603181248191
gandsClassic gandsClassic gandsHype gandsHype,neither,0.03945320844208391,0.33037608806864915,0.630170703489267
@GeekTheNoble yeup :),neither,0.03945320844208391,0.33037608806864915,0.630170703489267
heeeyyyooo,neither,0.03945320844208391,0.33037608806864915,0.630170703489267
gandsBrian gandsBrian gandsBrian gandsBrian gandsBrian,neither,0.03945320844208391,0.33037608806864915,0.630170703489267
#StayTurnt,neither,0.03945320844208391,0.33037608806864915,0.630170703489267
gandsBrian,neither,0.03945320844208391,0.33037608806864915,0.630170703489267
#DoNotWatchThisShow,neither,0.03945320844208391,0.33037608806864915,0.630170703489267
@shidareAKI awesome! have fun!,neither,0.038873403183018344,0.3402168964861394,0.6209097003308424
Is everyone ready?,neither,0.041262036450053476,0.4450965041340042,0.5136414594159423
@shidareaki good to know your helping shape the future. and these boys are influcing you,neither,0.11845268069224997,0.3191879764558874,0.5623593428518625
What views? What opinions? :-O,neither,0.048735470452314286,0.32386104097370705,0.6274034885739787
We have a subscriber-only Discord server! Join here: https://discord.gg/geekandsundry (you'll need to sub and link it to your Twitch) and be a part of the fun!...Warning: It can take up to an hour for the server to update and give you access to the channels,neither,0.08464076273808444,0.286394834032893,0.6289644032290227
!awdisclaimer,neither,0.03945320844208391,0.33037608806864915,0.630170703489267
"The views expressed here are those of the hosts only (and possibly not even that), and do not represent the views of Geek & Sundry, Legendary, or any reasonable person.",neither,0.06910053739593268,0.2577091001413053,0.6731903624627621
im drunk enough for this now what’s UP,neither,0.035314381448429126,0.3717445063720605,0.5929411121795104
oh boy,neither,0.04768565599480007,0.25364348607606696,0.698670857929133
I'm already frightened for this episode,neither,0.03231825639530945,0.3199287286369966,0.6477530149676941
WHO GAVE THEM WEAPONS?,neither,0.05399514796251398,0.3853570115718211,0.5606478404656648
gandsNein,neither,0.03945320844208391,0.33037608806864915,0.630170703489267
hi y'all,neither,0.0423466876598404,0.4436528871510691,0.5140004251890904
"Jake Bennett ( twitter.com/jakegbennett ), Daryl Crittenden ( twitter.com/irdaryl )",neither,0.038750876447698784,0.4500341193059327,0.5112150042463687
wixS1 wixS2 wixS3,neither,0.03945320844208391,0.33037608806864915,0.630170703489267
what did I walk in on lmao,neither,0.04081953307250099,0.3577552136574183,0.6014252532700808
Maxx!,neither,0.03945320844208391,0.33037608806864915,0.630170703489267
The secret is that both Ryan and Max are the fun producers.,neither,0.05551149549012506,0.28439890430776193,0.6600896002021129
...,neither,0.03945320844208391,0.33037608806864915,0.630170703489267
MISTAKES WERE MADE,neither,0.03975320574959717,0.3096482110572949,0.6505985831931079
is this cable access?,neither,0.04619091775511443,0.32935896238643847,0.6244501198584472
Stop being babies! :P,neither,0.03392486973790471,0.44796193059862205,0.5181131996634732
"Download the new Critical Role theme song for Campaign Two! http://itunes.apple.com/album/id1331550250?ls=1&app=itunes Sales of the song support the musician, Jason Charles Miller.",neither,0.04445767596344001,0.2510827790306858,0.7044595450058742
I love how the cards say Talks Asinine,neither,0.03686923065370161,0.3281706602014785,0.6349601091448198
Guys I’ve been waiting for an hour,neither,0.01957906721326361,0.2974866945252512,0.6829342382614851
Now push the couch,neither,0.03859057565844109,0.31461188084816705,0.6467975434933918
bit of flicker band there #weknow,neither,0.03939034203019321,0.2980166730900169,0.66259298487979
gandsRyanHype gandsRyanHype gandsRyanHype gandsRyanHype gandsGnSLadders,neither,0.03945320844208391,0.33037608806864915,0.630170703489267
Thank you kind gentleman who disarmed them.,neither,0.06755177907265945,0.424355750437195,0.5080924704901456
uh... I can't see Asinine wisdom.. isn't it time for it?,neither,0.033111290885562444,0.32038574330118935,0.6465029658132481
Liz is the fun Producer,neither,0.051547675000786615,0.30125293627896516,0.6471993887202482
Max gandsLessthanthree,neither,0.03945320844208391,0.33037608806864915,0.630170703489267
@TheDiMono OMG!!,neither,0.03945320844208391,0.33037608806864915,0.630170703489267
Let'um go for it!,neither,0.020495778048707728,0.33489841248412017,0.6446058094671722
Hi,neither,0.03945320844208391,0.33037608806864915,0.630170703489267
Asi gandsNein Wisdom,neither,0.03945320844208391,0.33037608806864915,0.630170703489267
Jake is a sword guy!!,neither,0.04573883915282925,0.3343964290646932,0.6198647317824775
I turn into a pumpkin in an hour but this is important,neither,0.04246423853927843,0.3325613000182792,0.6249744614424424
Glad they dressed up tonight,neither,0.034654630547880184,0.3530885096807321,0.6122568597713878
Ha Ha!!! Daryl said hard!!! :P,neither,0.033160394262735614,0.4812545329912011,0.48558507274606316
anythings a nunchuk if you try your best,neither,0.06659917369546924,0.44065607824492325,0.4927447480596075
nana chucks,neither,0.03945320844208391,0.33037608806864915,0.630170703489267
WHOA MAX,neither,0.03945320844208391,0.33037608806864915,0.630170703489267
@icariusfallen F5 refresh,neither,0.03945320844208391,0.33037608806864915,0.630170703489267
"@icariusfallen we're live, refresh your page",neither,0.08939392020630649,0.29973653742908524,0.6108695423646083
Brian has some shit to say to you,offensive_language,0.06367858118189386,0.9337503853563095,0.002571033461796663
I've refreshed six times now..,neither,0.019846124954410002,0.3126530407719593,0.6675008342736306
they put the “and” in “geek and sundry”,neither,0.03772581131114293,0.2542532225664373,0.7080209661224198
"Help G&S make great content! $4.99/month gets you emotes, Minecraft server access, sub-only VODs, and more! Every sub keeps the channel alive! twitch.tv/geekandsundry/subscribe",neither,0.043907990691603095,0.31135964332838284,0.644732365980014
Twitch must be Twitchy...,neither,0.04083932696264585,0.31845511299954793,0.6407055600378063
poor Max,neither,0.03945320844208391,0.33037608806864915,0.630170703489267
"Sorry, Jake: Mines N Crafts holds the record for longest consecutive ""perfect"" shows.",neither,0.03617128216435605,0.30865119315888506,0.6551775246767589
"""I can't count"" lol",neither,0.03030579056048424,0.39462374997453153,0.5750704594649843
Changing my handle to : #HereForBWF,neither,0.03372807923365749,0.41063913141249486,0.5556327893538477
he can't escape Brian,neither,0.044415219648934266,0.3247277493557902,0.6308570309952755
"no idea, it's some hosted streamer still for me.",neither,0.020333825865646964,0.3774862264069843,0.6021799477273687
Don't piss off the producer! #Justsayin,neither,0.038685198097407884,0.31637761489055444,0.6449371870120376
"They put the ""n"" in ""and""",neither,0.037488684593782406,0.25584787471651893,0.7066634406896987
"It's midnight my time, and I need to be at work at 9... I should be in bed, but damn, if I don't want to see this!",offensive_language,0.034352453662110254,0.6848970930466368,0.28075045329125287
that angle looks real good on Max,neither,0.030115950536830322,0.4496487317199412,0.5202353177432285
"Awww, poor Max, double dose of Cabbage.",neither,0.03945320844208391,0.33037608806864915,0.630170703489267
woah indeed,neither,0.03945320844208391,0.33037608806864915,0.630170703489267
@the_tboyce u tell em,neither,0.03945320844208391,0.33037608806864915,0.630170703489267
#bigpole,neither,0.03945320844208391,0.33037608806864915,0.630170703489267
Vote tonight's #BigPole - The Big Question: strawpoll.me/15526445,neither,0.02074004052941118,0.37948180654468144,0.5997781529259075
Love the glasses Max!,neither,0.03626904657372186,0.3277031657340443,0.6360277876922338
either way it's fun,neither,0.03802873704259263,0.3318247783805563,0.6301464845768511
"With this guest, we've finally reached Peak Asininity!",neither,0.02078378696895701,0.3420834336119465,0.6371327794190965
a beautiful trainwreck,neither,0.03945320844208391,0.33037608806864915,0.630170703489267
some rough shit oh boy,offensive_language,0.04116429910100979,0.9552572765639438,0.00357842433504646
BWF on tonight?? oh man LOL what were we thinking -- Buckle up now Buttercup!!,neither,0.03494504594642697,0.3906753304465497,0.5743796236070233
Perfectly dreadful.,neither,0.03945320844208391,0.33037608806864915,0.630170703489267
is the word bananarama allowed in this chat?,neither,0.04536886126890816,0.3158664425888924,0.6387646961421994
#bigpole!,neither,0.03945320844208391,0.33037608806864915,0.630170703489267
this show is a beautiful train wreck,neither,0.0591043888056211,0.26979983040274713,0.6710957807916318
#BIGPOLE,neither,0.03945320844208391,0.33037608806864915,0.630170703489267
Brian. Wayne. Foster. nuff said.,neither,0.03945320844208391,0.33037608806864915,0.630170703489267
A BEAUTIFUL SHOW,neither,0.06147449093493434,0.2287325553015726,0.7097929537634932
What's up Chatsworth? :-D,neither,0.04549209283961305,0.43877665191533993,0.5157312552450469
@icariusfallen That was turned off 10 minutes ago. Turn off the router?,neither,0.036422125580928694,0.34748805077402806,0.6160898236450434
Jake and Daryl finally found a guest who is as much of a jackass as they are and I am here for it,neither,0.06418430137899114,0.30235715749621267,0.6334585411247963
bryan is born to be wild,neither,0.05274201399913254,0.32764561700327915,0.6196123689975883
Woo I made it this week. Finally put my sleep schedule back where I want it,neither,0.03282969238281931,0.35886942248766485,0.6083008851295159
Brain Fester comin in,neither,0.03945320844208391,0.33037608806864915,0.630170703489267
This is going to be the best episode. Been hoping this would happen,neither,0.045905607249296015,0.33297700898664573,0.6211173837640583
#bigpole,neither,0.03945320844208391,0.33037608806864915,0.630170703489267
Vote tonight's #BigPole - The Big Question: strawpoll.me/15526445,neither,0.02074004052941118,0.37948180654468144,0.5997781529259075
Yeah...Chex is the best cereal ever! :p,neither,0.029657463849720934,0.4005519811067932,0.5697905550434859
Speaking of Uttmost,neither,0.03945320844208391,0.33037608806864915,0.630170703489267
gandsBrian,neither,0.03945320844208391,0.33037608806864915,0.630170703489267
ayyyyy,neither,0.03945320844208391,0.33037608806864915,0.630170703489267
gandsBrian !,neither,0.03945320844208391,0.33037608806864915,0.630170703489267
Brian Wayne Foster ( twitter.com/BrianWFoster ),neither,0.038966140418835477,0.40750834328415053,0.5535255162970141
heck yaaaaaa W. Brain Forster!,neither,0.03945320844208391,0.33037608806864915,0.630170703489267
"Oh, tonight's Big Question should be easy: ""Born to be Wild"" Foster.",neither,0.04039555576434691,0.34433084716420653,0.6152735970714466
Chatsworth~,neither,0.03945320844208391,0.33037608806864915,0.630170703489267
ayyy lmao!!,neither,0.03830674001666922,0.3498346492921025,0.6118586106912282
yesssssssssss,neither,0.03945320844208391,0.33037608806864915,0.630170703489267
Survive the Wild!,neither,0.038545894211677506,0.313774429744874,0.6476796760434483
gandsBrian gandsBrian gandsBrian,neither,0.03945320844208391,0.33037608806864915,0.630170703489267
gandsBrian Stay Turnt for Born to be Wild,neither,0.03978030636609625,0.30715347194024656,0.6530662216936572
LOL,neither,0.020706217963973744,0.4882283491876925,0.4910654328483337
@Zismarith That would require kicking three other people off of what they're doing ATM. I guess I'll just catch it on vrv,neither,0.057540381685558833,0.350805381732447,0.5916542365819942
ayyyy,neither,0.03945320844208391,0.33037608806864915,0.630170703489267
talcs machina LUL,neither,0.03945320844208391,0.33037608806864915,0.630170703489267
heck yeah Bringa W Duster,neither,0.023144578457473645,0.4440631255406231,0.5327922960019034
LOL,neither,0.020706217963973744,0.4882283491876925,0.4910654328483337
Next door!,neither,0.038464926875671136,0.34714980546003515,0.6143852676642937
lifting the veil,neither,0.03868342901844291,0.31634469653961944,0.6449718744419376
#StayTurnt,neither,0.03945320844208391,0.33037608806864915,0.630170703489267
gandsBrian,neither,0.03945320844208391,0.33037608806864915,0.630170703489267
lol brian LUL,neither,0.03275068333689899,0.37835380585565404,0.588895510807447
my immersion...,offensive_language,0.011017215557639733,0.6062201221254095,0.3827626623169507
"*remembers his stage training* ""Crossing!""",neither,0.0566304569092723,0.33200674239721956,0.611362800693508
"@GeekandSundry I honestly still don't understand the Big Question polls, they don't... they aren't questions! XD",neither,0.03006003740035225,0.36197495383275446,0.6079650087668932
one of the widest shots weve seen yet lol,neither,0.03287747948295652,0.3784990855773863,0.5886234349396571
LUL,neither,0.03945320844208391,0.33037608806864915,0.630170703489267
Nice bluejeans...,neither,0.03945320844208391,0.33037608806864915,0.630170703489267
My immersion NotLikeThis,offensive_language,0.011017215557639733,0.6062201221254095,0.3827626623169507
gandsBrian,neither,0.03945320844208391,0.33037608806864915,0.630170703489267
gandsBrian gandsBrian,neither,0.03945320844208391,0.33037608806864915,0.630170703489267
HAHA,neither,0.03186685585600258,0.45913629025701075,0.5089968538869867
gandsBrian gandsBrian gandsBrian,neither,0.03945320844208391,0.33037608806864915,0.630170703489267
LOL camera angles,neither,0.032642665221694844,0.3791925319645252,0.5881648028137801
LOL,neither,0.020706217963973744,0.4882283491876925,0.4910654328483337
to your right bri,neither,0.08569712882725142,0.3341480366982586,0.58015483447449
Pure gold my dudes,neither,0.02948812067555648,0.406885904652339,0.5636259746721044
I love everything about this,neither,0.03392039854543537,0.38240048114866565,0.5836791203058991
HAHAHA,neither,0.03945320844208391,0.33037608806864915,0.630170703489267
gandsMattBlindfold,neither,0.03945320844208391,0.33037608806864915,0.630170703489267
@icariusfallen I guess that might be your problem there. But also Twitch went wonky today too.,neither,0.04940187075936188,0.3253484392932421,0.625249689947396
good start,neither,0.038428894256374094,0.33072839668765897,0.6308427090559671
Crotch shots,neither,0.03945320844208391,0.33037608806864915,0.630170703489267
had a full head of long hair too,neither,0.05340948430907477,0.3497331489912037,0.5968573666997216
should we place bets on how long it is before someone (Brian) is arrested?,neither,0.05383334657472504,0.3640591457831309,0.582107507642144
#someofthemareblue,neither,0.03945320844208391,0.33037608806864915,0.630170703489267
"""Some of them are blue."" - Brian W. Foster, 2018",neither,0.06130412754587272,0.30186304844388334,0.6368328240102439
"Okay, I must go now.",neither,0.04180409299784585,0.31751010467095625,0.6406858023311979
Brian Wayne Foster ( twitter.com/BrianWFoster ),neither,0.038966140418835477,0.40750834328415053,0.5535255162970141
omfg i love this time,neither,0.035155933609711455,0.3668889463191725,0.5979551200711162
"Baaaai guys, have fun",neither,0.03865532171158579,0.34391830820363706,0.6174263700847771
Andorian Porn? <-- he did say BLUE right?,neither,0.039010368724346677,0.4104341830803011,0.5505554481953523
i am IMMEDIATELY so god damn happy,offensive_language,0.044128493642226395,0.7603993355908367,0.19547217076693693
#TURNTWisdom,neither,0.03945320844208391,0.33037608806864915,0.630170703489267
Finally we get the origin story for Matt in tshirt form! ;),neither,0.03553245452965891,0.31239143606009984,0.6520761094102412
BWF is a worthy adversary,neither,0.0495192247997867,0.32691392345999004,0.6235668517402233
https://clips.twitch.tv/DignifiedFrigidDurianDancingBanana,neither,0.03945320844208391,0.33037608806864915,0.630170703489267
Bye @shidareAKI !,neither,0.03945320844208391,0.33037608806864915,0.630170703489267
Yep Beautiful Train Wreck,neither,0.03945320844208391,0.33037608806864915,0.630170703489267
@shidareAKI goobye!,neither,0.03945320844208391,0.33037608806864915,0.630170703489267
@Gryphon_oFH I assumed he meant asari. #MassEffect,neither,0.044377943919503525,0.32868224571125193,0.6269398103692445
the best trainwreck,neither,0.037742193005613996,0.3072917185006973,0.6549660884936888
I love the 80's. Vote Reagan!,neither,0.036578734033956846,0.32794206381167557,0.6354792021543676
lol well that'd work too !,neither,0.02732656036168893,0.43951900971044605,0.533154429927865
Anthony Michael Hall's BEST movie was Weird Science! #Justsayin,neither,0.040086406957088816,0.3072058559291047,0.6527077371138064
Even Brian can't save it!,neither,0.03756349847887404,0.34102693108000937,0.6214095704411167
I like the cartoons from the 80s,neither,0.04679724461161471,0.30321060454266413,0.649992150845721
wait -- one of the Overwatch chickies is blue too!,neither,0.045176633791966,0.3459070384286229,0.6089163277794111
who's idea was it to bring BWFoster to this show,neither,0.06663820485520915,0.31491022847544,0.618451566669351
Brian is lost,neither,0.04851859296963413,0.327258086630955,0.624223320399411
so many options to get yer blue on I guess :O,neither,0.04106199335913076,0.37628902813469106,0.5826489785061781
i mean there's also pretty in pink,neither,0.039385712375740886,0.2943923519686899,0.6662219356555692
We're all lost here,neither,0.14605892576980614,0.32410207214754333,0.5298390020826504
Brian is in his element somehow,neither,0.06604897410204667,0.3291747836945418,0.6047762422034115
"Can I say I really appreciate Daryl's wardrobe, as a fellow aficionado of Hawaiian shirts.",neither,0.03857767836141998,0.34523611848894786,0.6161862031496322
"These 3 comedy minds clashing actually just made my internet restart,",neither,0.033748344110831205,0.4537182442221478,0.5125334116670209
@misssunflower94 you are to nice for this place tonight,neither,0.08571974426263872,0.22467234926374297,0.6896079064736182
Anthony Michael Hall was also in SNL with Robert Downey Jr.,neither,0.03403520425648536,0.34894585044301274,0.6170189453005019
YES these are my favorite,offensive_language,0.0639706284013211,0.47451180985308444,0.46151756174559444
@wrathofrathie it is my worst vice lol,neither,0.02857869631859573,0.43970383412017794,0.5317174695612263
@listersmate1105 Also with Joan Cusack,neither,0.029219514033769583,0.3658547686218118,0.6049257173444187
@wrathofrathie this is true. @misssunflower94 is too good for this show :P,neither,0.060648539921387266,0.24723046420617698,0.6921209958724358
I thought that was a Bluegrass song?,neither,0.038121344770402375,0.2724824409872107,0.689396214242387
Jake is the only one who can play straight man here,neither,0.07954400863678537,0.39691078726841605,0.5235452040947984
"Google Translate tells me it's ""Lightning Tower"".",neither,0.03291255688672925,0.3605420170496013,0.6065454260636695
we don't deserve her,offensive_language,0.03761359702929361,0.5853634589762723,0.3770229439944341
this derailed really really fast,neither,0.03936309049408755,0.33190562483525043,0.6287312846706621
@The_TBoyce Google Translate is oddly correct,neither,0.04735918634380264,0.3276568597348678,0.6249839539213295
LUL,neither,0.03945320844208391,0.33037608806864915,0.630170703489267
wow hes actually right about the french,neither,0.03695041348317852,0.35184746204015765,0.6112021244766638
@JeffM0307 Yup...that was a short lived era of SNL. Not many people appreciate it.,neither,0.04897823660708767,0.35470079450861375,0.5963209688842986
@zedbrandon It was on the rials?,neither,0.03074021710942261,0.3304453132720873,0.63881446961849
"@cinphoria Agreed, Tangy is too good for all of us",neither,0.06765318780338363,0.35003663647637295,0.5823101757202435
@The_TBoyce google translate is both a blessing and a curse,neither,0.044469530912319775,0.30045493658325195,0.6550755325044283
#bigpole,neither,0.03945320844208391,0.33037608806864915,0.630170703489267
Vote tonight's #BigPole - The Big Question: strawpoll.me/15526445,neither,0.02074004052941118,0.37948180654468144,0.5997781529259075
"@japenrose Wait, so ""Tour de France"" is literally ""French Tower""?!?",neither,0.04388055615527896,0.3539012410167913,0.6022182028279297
@wrathofrathie every week I have faith,neither,0.03895359454948597,0.33885583971439404,0.6221905657361199
Trek!,neither,0.03945320844208391,0.33037608806864915,0.630170703489267
"@listersmate1105 That season was meh, but the next season brought Carvey, Hartman, etc.",neither,0.03494396355221304,0.35300666944709497,0.612049367000692
y'all callin me too sweet and then only keep complimenting me lol,neither,0.025571655668546436,0.44206352030715385,0.5323648240242999
"You are correct, Brian. #StarWars",neither,0.08987689470044072,0.32720837712663625,0.582914728172923
@japenrose she's a beautiful beautiful flower and this is a fresh cowpie,neither,0.044529750711081825,0.3532289017509572,0.6022413475379609
"@The_TBoyce No, tour has multiple meanings. Also foudre is pronounced FOO-DRUH",neither,0.04383556039210209,0.3330460230643852,0.6231184165435129
Star Wrek Kappa,neither,0.03945320844208391,0.33037608806864915,0.630170703489267
Mais non! Vous etes decouvertes le secret de mon pays!,neither,0.03945320844208391,0.33037608806864915,0.630170703489267
Zut alors!,neither,0.03945320844208391,0.33037608806864915,0.630170703489267
@K386imj English only in chat please,neither,0.03945320844208391,0.33037608806864915,0.630170703489267
Avais,neither,0.03945320844208391,0.33037608806864915,0.630170703489267
war is never the answer... and I also hate treks... so starbursts,neither,0.1711484938267411,0.2636946646080834,0.5651568415651755
JJ abrahams LUL,neither,0.03945320844208391,0.33037608806864915,0.630170703489267
I feel as though Brian is the missing third host,neither,0.042373232921014164,0.3394226536676448,0.6182041134113411
STAR TREK!!!!! ALWAYS,neither,0.037877322364737405,0.3795078037562846,0.582614873878978
I still think Ava Duvernay should've directed Episode IX.,neither,0.02540353321401879,0.3455869715404744,0.6290094952455069
@K386imj AHA! Nous sommes maintenant!,neither,0.03945320844208391,0.33037608806864915,0.630170703489267
FORGET STAR WARS,neither,0.03945320844208391,0.33037608806864915,0.630170703489267
Can't take any more!,neither,0.04207999970414316,0.3128387032623564,0.6450812970335004
Boom Boom indeed,neither,0.03945320844208391,0.33037608806864915,0.630170703489267
I think Brian should just be their new perma-guest,neither,0.04844136011930448,0.3000827801031379,0.6514758597775575
Okay but star trek is more of a utopia and star wars is closer to a dystopia which would you wanna live in,neither,0.05868581366826293,0.32245786693695827,0.6188563193947788
these three can really bond,neither,0.04791699422910553,0.3908683700530082,0.5612146357178862
"@japenrose ""we are now""? o.O",neither,0.08945995909567302,0.2582876868622649,0.6522523540420622
Star Trek is boring.,neither,0.04610663236943712,0.3280876704832693,0.6258056971472935
@JeffM0307 That's true. That's why I said that not a lot of people appreciated it.,neither,0.03729176219678665,0.41835295237849296,0.5443552854247202
"Wait, wrong verb. Nous connais maintenant...what is the conjugation",neither,0.05064560290233408,0.311175723106296,0.63817867399137
Dammit,neither,0.03945320844208391,0.33037608806864915,0.630170703489267
"@realzball Agreed, he's gelling so well with this crowd",neither,0.03409785595172375,0.39535995252719014,0.5705421915210861
LOL *pats @japenrose*,neither,0.03027887083479381,0.3981251484381287,0.5715959807270774
LUL,neither,0.03945320844208391,0.33037608806864915,0.630170703489267
my name FeelsBadMan,neither,0.0218657201241479,0.4779054633843532,0.5002288164914989
"""preserves""",neither,0.03945320844208391,0.33037608806864915,0.630170703489267
Jam has seeds in it,neither,0.03858107675961241,0.32499213408704064,0.636426789153347
@listersmate1105 I agree with you on that.,offensive_language,0.03403160791412519,0.49902085768891025,0.4669475343969646
We're in America. We have our toast with jelly.,neither,0.13310103421997138,0.27816087370116405,0.5887380920788644
Jam has less water content and I believe less sugar,neither,0.03922048976073413,0.30606616708271794,0.6547133431565479
