text,top_class,hate_speech,offensive_language,neither
hi @JeffM0307 Hi @Ossborn,neither,0.03945320844208391,0.33037608806864915,0.630170703489267
hi @Deathstar_Taco,neither,0.03945320844208391,0.33037608806864915,0.630170703489267
gandsGameEngine gandsGameEngine gandsGameEngine,neither,0.03945320844208391,0.33037608806864915,0.630170703489267
gandsGameEngine,neither,0.03945320844208391,0.33037608806864915,0.630170703489267
Erika and Trish are matching :D,neither,0.0716092977922021,0.22992278646669465,0.6984679157411032
gandsClassic gandsClassic gandsHype gandsHype,neither,0.03945320844208391,0.33037608806864915,0.630170703489267
hrpgHeyo Trish hrpgHeyo Erika,neither,0.03945320844208391,0.33037608806864915,0.630170703489267
F,neither,0.03945320844208391,0.33037608806864915,0.630170703489267
Awkward,neither,0.03945320844208391,0.33037608806864915,0.630170703489267
"Oh, no!",neither,0.04751210705993949,0.26629718932274826,0.6861907036173122
hi @Zismarith,neither,0.03945320844208391,0.33037608806864915,0.630170703489267
Congrats on hosting the whole channel Erika.,neither,0.036920159679755066,0.32837728776534897,0.6347025525548959
Twins remake,neither,0.03945320844208391,0.33037608806864915,0.630170703489267
"So is Erika cosplaying as Trish, or is Trish cosplaying as Erika?",neither,0.05132198851270922,0.4273282531002085,0.5213497583870822
Matching~,neither,0.03945320844208391,0.33037608806864915,0.630170703489267
shishWW,neither,0.03945320844208391,0.33037608806864915,0.630170703489267
it's the clone wars @RuzgofDI,neither,0.03673589047081579,0.3116605188548099,0.6516035906743742
Heh :D Hi Piper!,neither,0.03945320844208391,0.33037608806864915,0.630170703489267
Does anyone else notice a fuzziness in the resolution?,neither,0.029153148248246843,0.4104812908932936,0.5603655608584595
Too much Space Invaders? Never.,neither,0.03196989169849239,0.3747356391155275,0.5932944691859802
Hello Trish Erika and Everyone <3,neither,0.032384710167621775,0.40000354201940846,0.5676117478129697
where can i get the new game engine uniform :D @GeekandSundry,neither,0.04175464932940412,0.21168305752552513,0.7465622931450707
"I'm at 1080, but it looks more like 720",neither,0.04689575552035906,0.3779029307871718,0.5752013136924692
"@EricaTheStrange Ha! Begun, the clone wars has!",neither,0.038983512612493255,0.30886206668589744,0.6521544207016093
We have a subscriber-only Discord server! Join here: https://discord.gg/geekandsundry (you'll need to sub and link it to your Twitch) and be a part of the fun!...Warning: It can take up to an hour for the server to update and give you access to the channels,neither,0.08464076273808444,0.286394834032893,0.6289644032290227
jcvimHi @Leigh574,neither,0.03945320844208391,0.33037608806864915,0.630170703489267
hi @Andyinsomnia,neither,0.03945320844208391,0.33037608806864915,0.630170703489267
Putting the winning in twinning.,neither,0.03853498288633014,0.3135695556451776,0.6478954614684924
hi @Leigh574 hi @Andyinsomnia,neither,0.03945320844208391,0.33037608806864915,0.630170703489267
"I'm hype for it, I grew up playing Space Invaders in arcade and especially on my Atari 2600.",neither,0.027075722842750744,0.3702395443539205,0.6026847328033288
Trishika,neither,0.03945320844208391,0.33037608806864915,0.630170703489267
hey @EricaTheStrange,neither,0.03945320844208391,0.33037608806864915,0.630170703489267
jcvimHi @EricaTheStrange,neither,0.03945320844208391,0.33037608806864915,0.630170703489267
Love Trish's earrings,neither,0.03615980259924816,0.34577062025063376,0.6180695771501182
"Thankfully the haircuts are different, otherwise I couldnt tell them apart!",neither,0.05987169506645766,0.2940975899527748,0.6460307149807676
"@GeekandSundry Yeah, the twinning outfit is pretty cute, you both look great, Erika & Trisha!",neither,0.04151296307990781,0.38424887247736034,0.5742381644427317
"Sorry Sparks, can't tell the difference between 720 and 1080 with my eyes on this monitor.",neither,0.02404288857894316,0.36086455541736906,0.6150925560036877
hi @BeardtasticYogi Hi @cardinaliron,neither,0.03945320844208391,0.33037608806864915,0.630170703489267
Surprise twist: everyone on the show today is wearing the same dress.,neither,0.04564481121659262,0.3280407331725303,0.6263144556108771
"Download the new Critical Role theme song for Campaign Two! http://itunes.apple.com/album/id1331550250?ls=1&app=itunes Sales of the song support the musician, Jason Charles Miller.",neither,0.04445767596344001,0.2510827790306858,0.7044595450058742
WutFace WutFace WutFace WutFace WutFace WutFace WutFace,neither,0.03945320844208391,0.33037608806864915,0.630170703489267
they need to fuse link in dragon ball z all trish needs to do is share her ear ring,neither,0.04616537948999274,0.4623838698492101,0.4914507506607972
"He pronounces his last name, La-veene.",neither,0.07344088984987435,0.3292813408800166,0.597277769270109
ramaV ramaV ramaV ramaV,neither,0.03945320844208391,0.33037608806864915,0.630170703489267
I would live in that Trishtopia... until everything goes terribly wrong.,neither,0.039332343423896604,0.3526633712894586,0.6080042852866449
would you kindly make that happen Trish :D,neither,0.048237642885846935,0.3990034809655643,0.5527588761485887
I heard a rumor that Trish's rumor-free utopia has free pizza.,neither,0.03786143152348351,0.34636025167268997,0.6157783168038266
I always thought Bioshock should be a horrific version of the movie Innerspace. :D,neither,0.050396033050170534,0.2859198463320705,0.6636841206177589
nudity sodaLEWD,neither,0.03945320844208391,0.33037608806864915,0.630170703489267
"Help G&S make great content! $4.99/month gets you emotes, Minecraft server access, sub-only VODs, and more! Every sub keeps the channel alive! twitch.tv/geekandsundry/subscribe",neither,0.043907990691603095,0.31135964332838284,0.644732365980014
Thank you!,neither,0.07325166854587051,0.43632638485078484,0.49042194660334476
Strip Stardew Valley,neither,0.03945320844208391,0.33037608806864915,0.630170703489267
is this for real?,neither,0.03062417074589749,0.4499138989914821,0.5194619302626204
what is this,neither,0.07282678549990032,0.31792604547631814,0.6092471690237815
I havnt watched a single Fortnite stream/ YT video yetz.... just not my genre,neither,0.03333623518328528,0.3400328214813244,0.6266309433353904
happy 2 months :D @Lumen_GG Hi @starpilotsix,neither,0.03945320844208391,0.33037608806864915,0.630170703489267
What is this ?,neither,0.07282678549990032,0.31792604547631814,0.6092471690237815
!wtfisthis,neither,0.03945320844208391,0.33037608806864915,0.630170703489267
"Welcome to #GameEngine! We'll be discussing the latest gaming news, showcasing new games, and interviewing people in the gaming industry!",neither,0.05363492194748562,0.26739386076077604,0.6789712172917384
!wtfisthis,neither,0.03945320844208391,0.33037608806864915,0.630170703489267
I just found out what fortnite was today. shows how out the loop i am lol,neither,0.029395052065979525,0.3683420920992464,0.602262855834774
Lmao,neither,0.03705015143476208,0.3711622369619404,0.5917876116032975
@JeffM0307 One sock per artifact dug up. Artifact must be new and not a repeat. Good luck playing with 16 pairs of gloves on.,neither,0.03256009716891418,0.32745661231422174,0.6399832905168642
thx,neither,0.03945320844208391,0.33037608806864915,0.630170703489267
PogChamp,neither,0.03945320844208391,0.33037608806864915,0.630170703489267
piboHi ek piboHi Trisha,neither,0.03945320844208391,0.33037608806864915,0.630170703489267
Mega mini confuse brain.,neither,0.03945320844208391,0.33037608806864915,0.630170703489267
ramaS Oh no,neither,0.04751210705993949,0.26629718932274826,0.6861907036173122
!wtfisthis,neither,0.03945320844208391,0.33037608806864915,0.630170703489267
"Welcome to #GameEngine! We'll be discussing the latest gaming news, showcasing new games, and interviewing people in the gaming industry!",neither,0.05363492194748562,0.26739386076077604,0.6789712172917384
Erika and watch!,neither,0.04876351027792821,0.25912022371583615,0.6921162660062357
@Zismarith Would make the fishing part more interesting :P,neither,0.039684413372425,0.308158666587914,0.652156920039661
haHAA,neither,0.03945320844208391,0.33037608806864915,0.630170703489267
Fortnights are my favorite measure of time.,neither,0.04618868655328625,0.38130640021988993,0.5725049132268238
zaqHAA,neither,0.03945320844208391,0.33037608806864915,0.630170703489267
San Juan Walruses,neither,0.03945320844208391,0.33037608806864915,0.630170703489267
Don't use the word retarded as an insult @Highfarm73,offensive_language,0.03864596129268504,0.8708723569449145,0.09048168176240039
idk,neither,0.03945320844208391,0.33037608806864915,0.630170703489267
"Chat is obviously having some ""issues"".",neither,0.0385764402561515,0.3387959268772239,0.6226276328666247
"twitch is twitching, it happens in messages too @Highfarm73",neither,0.06093610100796694,0.3259423247011657,0.6131215742908674
"Highfarm73 1st got hold back by Automod, which is a b bit hyperactive lately",neither,0.04464882589573967,0.38950361153037333,0.565847562573887
Maybe Ninja is destroying the servers again.,neither,0.042731648373713085,0.33813919906266177,0.6191291525636251
BloodTrail,neither,0.03945320844208391,0.33037608806864915,0.630170703489267
Finally a game where I can slaughter ewoks! Wait... it's an EA game? Shit!,offensive_language,0.05503661121537978,0.8663844916105957,0.07857889717402453
Get it together chat! Chop chop,neither,0.03837274385672705,0.3355796848275383,0.6260475713157346
that glitch was discovered the day the botw came out lol,neither,0.028993383097921724,0.37287593495486276,0.5981306819472155
"Hey EA, how about significant patches for Battlefront II as well. gandsFacepalm",neither,0.0340812392797738,0.34740651945924705,0.618512241260979
Adding Ewoks is micro aggression.,neither,0.04981691255257763,0.32681153499115395,0.6233715524562684
oh dear,neither,0.0461327075271576,0.2673899063118408,0.6864773861610016
I thought I had logged in twice,neither,0.04206593700054082,0.2498613626323594,0.7080727003670998
#NotMyKingOfKong,neither,0.03945320844208391,0.33037608806864915,0.630170703489267
shooting at the ewoks is free but it's an EA game so actually killing them is LDC @BeardtasticYogi,neither,0.052410393258633614,0.3297497859268617,0.6178398208145047
Billy Mitchell has seen better days,neither,0.039728756951629626,0.3256993107373525,0.6345719323110178
stsLul stsLul stsLul stsLul stsLul stsLul stsLul,neither,0.03945320844208391,0.33037608806864915,0.630170703489267
And a mockery?,neither,0.03763944115734239,0.1918412352459551,0.7705193235967025
!frontpage,neither,0.03945320844208391,0.33037608806864915,0.630170703489267
"We are on the front page, which means we have an influx of new people coming in here. Some are polite, some are not. Please let the mods handle those who are not. Sit back, enjoy the show, and DON'T FEED THE TROLLS.",neither,0.10504481977893397,0.20508308154005317,0.6898720986810128
...is it just me or does he look like Tommy Wisseau,neither,0.035281087526649595,0.4763110571806183,0.488407855292732
also dlc @BeardtasticYogi,neither,0.03945320844208391,0.33037608806864915,0.630170703489267
yeah,offensive_language,0.013968601452186464,0.5182923869769311,0.4677390115708824
Pixels was right. lol,neither,0.02685468828066849,0.44585947670716203,0.5272858350121696
@Paladin356 It's the hair.,neither,0.03583649092081456,0.30542220841627277,0.6587413006629127
LUL,neither,0.03945320844208391,0.33037608806864915,0.630170703489267
!wtfisthis,neither,0.03945320844208391,0.33037608806864915,0.630170703489267
"Welcome to #GameEngine! We'll be discussing the latest gaming news, showcasing new games, and interviewing people in the gaming industry!",neither,0.05363492194748562,0.26739386076077604,0.6789712172917384
Sounds legit,neither,0.03945320844208391,0.33037608806864915,0.630170703489267
he did a kobiyashi maru (spelling) lol,neither,0.03645035445225949,0.38292279442519983,0.5806268511225408
"So, Billy, you Becca'd it.",neither,0.057737432946578515,0.44914514565050495,0.4931174214029166
Strip Fornite?,neither,0.03945320844208391,0.33037608806864915,0.630170703489267
Becca ghostwrote that.,neither,0.026110925149043836,0.4791292047641166,0.4947598700868395
he must have meant Stage Right,neither,0.04334813387177307,0.3383991626937655,0.6182527034344614
lol @Zismarith,neither,0.020706217963973744,0.4882283491876925,0.4910654328483337
!whodat,neither,0.03945320844208391,0.33037608806864915,0.630170703489267
"Erika Ishii ( twitter.com/erikaishii ), and Trisha Hershberger ( twitter.com/thatgrltrish )",neither,0.037990275070434426,0.44411970283059166,0.5178900220989738
OJ ref checks out,neither,0.036230052978268854,0.3426119652137623,0.6211579818079689
"I realize that Billy Mitchell is a polarizing figure and hard to like. But I really don't like taking sides on it. Certainly he has the right to address the accusations against him, which he said that he's doing this week.",neither,0.04881234031785957,0.4293041327212351,0.5218835269609055
!respect @ruin_wings,neither,0.03945320844208391,0.33037608806864915,0.630170703489267
"If you would like to share opinions on our hosts, guests or fellow viewers, please do so in a respectful manner. Don't make them feel uncomfortable.",neither,0.04843323757214918,0.39559142321184637,0.5559753392160044
This is basically how the US economy works...,neither,0.07432060501381993,0.3121170396174963,0.6135623553686838
Billy Mitchell here for OxyClean,neither,0.06760597309848222,0.27807870715293087,0.6543153197485869
congratz on 35 months :D @Compel_Bast,neither,0.03649236577677336,0.3446148470472487,0.618892787175978
is this an improv skit?,neither,0.04867074644226104,0.32322632621308084,0.6281029273446581
"I'm not offended, but I am concerned about making a caricature of someone.",neither,0.03555467433280004,0.3508433099179136,0.6136020157492864
"oh, i get it",neither,0.044622702311489716,0.26402501244314497,0.6913522852453654
BM? Do I need urban dictionary?,neither,0.040324022562081875,0.32896937526478387,0.6307066021731341
,neither,0.03945320844208391,0.33037608806864915,0.630170703489267
BM stands for bowel movement.,neither,0.034929809369716805,0.3077736114562491,0.6572965791740342
"@vexelghost, Bowel Movement in this case",neither,0.03936632981076652,0.3318506451772652,0.6287830250119681
badly mannered,neither,0.03945320844208391,0.33037608806864915,0.630170703489267
also bowel movement,neither,0.03945320844208391,0.33037608806864915,0.630170703489267
Blade Master,neither,0.03945320844208391,0.33037608806864915,0.630170703489267
It's a medical abbreviation.,neither,0.03761218770134201,0.33100929952250563,0.6313785127761523
"Wow, I'm an idiot. FailFish",neither,0.03979319928239707,0.32460555620314735,0.6356012445144555
you said it,neither,0.07423052643873079,0.4357853592633826,0.48998411429788663
"I met Pikachu earlier today in Hearthstone, it surrendered immediately after we had drawn card",neither,0.037602118208565787,0.3184516733442686,0.6439462084471657
running around with your thing hanging out,neither,0.04640504235607278,0.36894351789926033,0.5846514397446668
Not at all @vexelghost . It's all good :),offensive_language,0.03900948579474006,0.5496926606305026,0.41129785357475723
its not ok because its kids,neither,0.029490290713254593,0.3380624865178068,0.6324472227689387
what are they talking about?,neither,0.08325489619177252,0.29979988567039406,0.6169452181378334
And youtube just laughed and walked to the bank?,neither,0.03917676026529168,0.2816037489424302,0.6792194907922782
isn't that the parents job,neither,0.03503591274761865,0.35445891072856384,0.6105051765238175
i have two children and i pay attention to what they watch.,neither,0.05274030112747955,0.29350117871593434,0.6537585201565861
h,neither,0.03945320844208391,0.33037608806864915,0.630170703489267
@Compel_Bast why walk when they could take a solid gold limo,neither,0.025683315650316965,0.37563436831352814,0.5986823160361548
Better is a relative term and means different things to different people. My moral standards are a lot different than someone else's.,neither,0.05952874661412462,0.3289725611271867,0.6114986922586886
"I mod for Myth, it's so cool seeing him being mentioned here in a positive way! mthFeels gandsLollypop",neither,0.05186010016936655,0.33436549083660616,0.6137744089940274
YouTube's kinda finnicky when it comes to how it applies it's ToS negaThink,neither,0.034452847105467616,0.3588308079473662,0.6067163449471662
its*,neither,0.02700859978372578,0.3346563596412867,0.6383350405749875
"With the increasing prevalence of streaming, we will have to adjust accordingly.",neither,0.03549009617218509,0.333686846675925,0.6308230571518899
"@zanixx212 its absolutely is, and its very good that you do it, but most parents dont.",neither,0.03934164796498949,0.36210128173035183,0.5985570703046585
https://clips.twitch.tv/ShakingTacitGrousePicoMause,neither,0.03945320844208391,0.33037608806864915,0.630170703489267
@zanixx212 that doesn't absolve the person actually doing the shitty thing from doing it. They are in fact more responsible for what they do than children that don't know as well.,neither,0.048189933192803416,0.46493962563876023,0.4868704411684362
Parental controls will have to adjust as well.,neither,0.04323622808631354,0.3410959850638944,0.615667786849792
JeffM0307 i can't believe you actually clipped that,neither,0.053576937977252145,0.4300705793679172,0.5163524826548308
We have a subscriber-only Discord server! Join here: https://discord.gg/geekandsundry (you'll need to sub and link it to your Twitch) and be a part of the fun!...Warning: It can take up to an hour for the server to update and give you access to the channels,neither,0.08464076273808444,0.286394834032893,0.6289644032290227
@Paladin356 I couldn't help it! XD,neither,0.03775350109722278,0.33096069536565126,0.6312858035371258
@Paladin356 @JeffM0307 In his defense . . .,neither,0.07452388614023708,0.33198426698412437,0.5934918468756386
ricegum OMEGALUL,neither,0.03945320844208391,0.33037608806864915,0.630170703489267
hello,neither,0.03945320844208391,0.33037608806864915,0.630170703489267
"I don't need gaming to be classy. It's a medium, and it needs to have the filth as well as the class. As any proper art form should.",neither,0.044140308079218225,0.3544389834992435,0.6014207084215382
"Help G&S make great content! $4.99/month gets you emotes, Minecraft server access, sub-only VODs, and more! Every sub keeps the channel alive! twitch.tv/geekandsundry/subscribe",neither,0.043907990691603095,0.31135964332838284,0.644732365980014
HotPokket,neither,0.03945320844208391,0.33037608806864915,0.630170703489267
HeyGuys,neither,0.03945320844208391,0.33037608806864915,0.630170703489267
i tuned in at the wrong point of the conversation,neither,0.037720113815697176,0.324502100915205,0.6377777852690979
it depends what you class as filth @stargazer1977,neither,0.053487246089803736,0.389486050629403,0.5570267032807933
@stargazer1977 Makes sense to me.,neither,0.03781418682231504,0.370105048864424,0.5920807643132608
i wonder if theyd play with me,neither,0.011994121088458154,0.45915412443272824,0.5288517544788135
Any proper critic of an art form should be just as vociferous to defend the free speech of parts of the medium they don't like as much as the parts they do. Otherwise the next thing censored is your own.,neither,0.06253255880976671,0.35631906902234506,0.5811483721678882
twitch is better at defining its TOS is the biggest joke this century shishLUL,neither,0.043725459370606484,0.33376263230318864,0.622511908326205
Agreed. Parents should shield their children from the viewpoints of the left.,neither,0.046721367142304376,0.3174413382550544,0.6358372946026413
"But youtube is american, so nude breasts are a big no no, but severed heads and gore is just fine",neither,0.0425588923344731,0.34112196388989724,0.6163191437756297
lol corephd i agree,neither,0.029540262777559372,0.4042772064154116,0.5661825308070291
my son just finished reading dangerous by milo,neither,0.029643684778711005,0.43574152997637144,0.5346147852449176
Twitch could definitely be better but it is certainly better than most streaming and social media sites at it,neither,0.03930145129690956,0.33126447608243004,0.6294340726206604
"@Highfarm73 exactly my point, what people's morals and standards are is very relative. Especially culturally.",neither,0.06641761761932513,0.32445675098796745,0.6091256313927075
"freedom of speech has limits, and is not the same in every legal system",neither,0.042601752273519394,0.3020914170169117,0.655306830709569
freedom of speech only limits when it advocates violence,neither,0.03262035585087189,0.3604744153129626,0.6069052288361656
