text,top_class,hate_speech,offensive_language,neither
heya,neither,0.03945320844208391,0.33037608806864915,0.630170703489267
Anyone know what we're talking about today?,neither,0.05753474432737941,0.3087601191912781,0.6337051364813424
Infinity Gauntlet Arc,neither,0.03945320844208391,0.33037608806864915,0.630170703489267
thanos I think,neither,0.04078787600207219,0.3077232963708793,0.6514888276270485
"Cool, thanks",neither,0.0367426274230533,0.3076780315905544,0.6555793409863925
-dance-,neither,0.03945320844208391,0.33037608806864915,0.630170703489267
eyy good evening!,neither,0.03891174665859334,0.3305623216050479,0.6305259317363588
I swear this reminds me of 02,neither,0.03373637323490072,0.3617409959531432,0.604522630811956
Hi everyone. Happy Wednesday!,neither,0.03451847586369233,0.4141313785497369,0.5513501455865706
gandsApplaud gandsApplaud gandsApplaud,neither,0.03945320844208391,0.33037608806864915,0.630170703489267
the music,neither,0.03798700579382922,0.30307271736661473,0.6589402768395561
ironic since i was just listening to it,neither,0.039524832744609724,0.3454125352099279,0.6150626320454625
the preshow music is always a bop,neither,0.044010758115783935,0.3612133238110132,0.5947759180732028
gandsPartyShield gandsPartyShield gandsPartyShield,neither,0.03945320844208391,0.33037608806864915,0.630170703489267
hello Daisies!,neither,0.03945320844208391,0.33037608806864915,0.630170703489267
gandsTWC gandsTWC,neither,0.03945320844208391,0.33037608806864915,0.630170703489267
gandsTWC gandsTWC good evening gandsTWC gandsTWC,neither,0.03869882722860525,0.3306355543605695,0.6306656184108252
hi Tangy,neither,0.03945320844208391,0.33037608806864915,0.630170703489267
Hey @misssunflower94 gandsTWC gandsTWC gandsTWC,neither,0.03945320844208391,0.33037608806864915,0.630170703489267
Hi tangy,neither,0.03945320844208391,0.33037608806864915,0.630170703489267
Good evening Wednesdaisies!,neither,0.03869882722860525,0.3306355543605695,0.6306656184108252
How y'all doing today/tonight?,neither,0.0364745152881222,0.34866206307922215,0.6148634216326557
Hi :),neither,0.03945320844208391,0.33037608806864915,0.630170703489267
@InkPigg ! :D,neither,0.03945320844208391,0.33037608806864915,0.630170703489267
@misssunflower94 Oh You Know,neither,0.08966445998354614,0.32589095080834296,0.5844445892081109
I'm good. How are you @misssunflower94 ?,neither,0.14211674019720283,0.3228677080091087,0.5350155517936885
:D,neither,0.03945320844208391,0.33037608806864915,0.630170703489267
Blah....had to be the family IT again X_X,neither,0.041270611515821135,0.3405516728937989,0.61817771559038
gandsTWC,neither,0.03945320844208391,0.33037608806864915,0.630170703489267
TakeNRG,neither,0.03945320844208391,0.33037608806864915,0.630170703489267
Evening all!,neither,0.041793358651534496,0.4229818652092969,0.5352247761391685
Doin pretty well @mathemagician_ :),neither,0.03945320844208391,0.33037608806864915,0.630170703489267
evening @phoenixgoth !!,neither,0.03945320844208391,0.33037608806864915,0.630170703489267
eyyy @phoenixgoth !,neither,0.03945320844208391,0.33037608806864915,0.630170703489267
stayed home from work because physical/mental state has been not great lately but glad to be here with everybody gandsTWC,neither,0.06667281045431105,0.27152784299621197,0.661799346549477
Hello Wednesdaisies!,neither,0.03945320844208391,0.33037608806864915,0.630170703489267
Heyyyyyyy <3,neither,0.03945320844208391,0.33037608806864915,0.630170703489267
Happy Wednesday all!,neither,0.04141989464077568,0.4089323776100828,0.5496477277491416
"Glad you're here, @axelobo",neither,0.2155454216963659,0.27796632697510804,0.5064882513285262
I had 2 hours sleep last night thanks to We're Alive but I'm glad to be here :),neither,0.07676917785593526,0.28713179513438797,0.6360990270096768
Aw @axelobo sorry to hear that - glad you're taking time for yourself,neither,0.057970028622731554,0.3534138714940991,0.5886160998831694
"@axelobo aww, i hope tonight helps!! glad ur here!!",neither,0.1289650454638746,0.21078734465351753,0.6602476098826078
Happy Wednesday!,neither,0.03945320844208391,0.33037608806864915,0.630170703489267
Can’t wait to submit to the pyramid gandsPercy,neither,0.05841586697023458,0.29320256507959747,0.648381567950168
Hey Wednesdaisies!,neither,0.03945320844208391,0.33037608806864915,0.630170703489267
Happy Wednesday,neither,0.03945320844208391,0.33037608806864915,0.630170703489267
what song is this?,neither,0.05996683045653229,0.33256274023851656,0.6074704293049512
gandsTWC,neither,0.03945320844208391,0.33037608806864915,0.630170703489267
huzzah i am on time!,neither,0.033491444442637304,0.37903053120245395,0.5874780243549088
gandsTWC gandsPercy the pyramid gandsPercy gandsTWC,neither,0.03613032604487659,0.2619290779399786,0.7019405960151449
Hewoah,neither,0.03945320844208391,0.33037608806864915,0.630170703489267
gandsPercy TheIlluminati,neither,0.03945320844208391,0.33037608806864915,0.630170703489267
huzzah!,neither,0.03945320844208391,0.33037608806864915,0.630170703489267
Happy new comic book day Wednesdaisies,neither,0.04342870945966573,0.22799532904705225,0.7285759614932821
Hello everyone,neither,0.03269494828970791,0.4450814005079928,0.5222236512022994
Good Wednesday Daisies! gandsTWC gandsTWC,neither,0.03869882722860525,0.3306355543605695,0.6306656184108252
Nibbler needs out brb,neither,0.03515471483926058,0.3468743844163455,0.6179709007443939
heyy @shidareAKI !,neither,0.03945320844208391,0.33037608806864915,0.630170703489267
Happy Wednesday Aki!,neither,0.03945320844208391,0.33037608806864915,0.630170703489267
lets see if im startled by the intro like i am every week,neither,0.03203425064751579,0.4241336514855754,0.5438320978669089
TheIlluminati gandsPercy gandsTWC,neither,0.03945320844208391,0.33037608806864915,0.630170703489267
"Hello, all you lovely people! <3",neither,0.09636633489799061,0.44580473029413953,0.4578289348078699
"After a successful trip to Albuquerque to attend CAMWS, I can now enjoy the Wednesday club live and try to figure out how to use comics in my next Classics academic presentation",neither,0.030346195765004354,0.3753512079057203,0.5943025963292754
I hope everyone had or is having a lovely day. gandsTWC,neither,0.06836490418997182,0.31054623537432835,0.6210888604356999
It was aight.,neither,0.03768846308654042,0.3333004892046139,0.6290110477088456
TheIlluminati TheIlluminati,neither,0.03945320844208391,0.33037608806864915,0.630170703489267
man all these people working Wednesday Club into presentations makes me wish I were still in school/going into teaching,neither,0.05219540392452231,0.4609867911250199,0.48681780495045784
Ggggggggggg''''',neither,0.03945320844208391,0.33037608806864915,0.630170703489267
"@shidareAKI Hello, friend! :) I woke up at 3 am for the Frontier watchalong, so now I am tired but in a very good mood ^^",neither,0.03231255030028136,0.3695650818810158,0.598122367818703
gandsApplaud gandsApplaud gandsApplaud gandsApplaud gandsApplaud gandsApplaud,neither,0.03945320844208391,0.33037608806864915,0.630170703489267
,neither,0.03945320844208391,0.33037608806864915,0.630170703489267
31?! That's...almost...34!,neither,0.036535210836730926,0.36197280891499717,0.601491980248272
gandsTWC gandsTWC gandsTWC,neither,0.03945320844208391,0.33037608806864915,0.630170703489267
@misssunflower94 just get on a crate and tell the world,neither,0.030162996305749753,0.3184880477637907,0.6513489559304597
"@misssunflower94 Maybe we should start like a Discord ""class"" where someone teaches a subject once a month or something?",neither,0.053017110233465635,0.3420552894421645,0.6049276003243699
"@phoenixgoth I've been working my way through We're Alive very slowly, but I have enjoyed it so far!",neither,0.026486992673233938,0.38154190715743785,0.5919711001693282
@Deathstar_Taco I plan to lol,neither,0.037039047747179,0.39541398215466567,0.5675469700981554
"Evening, all!",neither,0.041793358651534496,0.4229818652092969,0.5352247761391685
"@misssunflower94 well I went to present on how using Hamilton helped me teach Greek Drama to High School students, so I will say that my interests are varied",neither,0.042486921208016296,0.40377237867228805,0.5537407001196957
im drinking AND crocheting tonight so im gonna be even less active than usual lmao,neither,0.03528642862557301,0.3951810247604816,0.5695325466139455
@japenrose oh that would be lovely!,neither,0.04035725737594199,0.3209640050754571,0.638678737548601
gandsHype gandsTWC gandsTWC gandsTWC,neither,0.03945320844208391,0.33037608806864915,0.630170703489267
Is there a name for this music?,neither,0.04107796908701483,0.2610850720708513,0.6978369588421339
gandsPercy gandsTWC TheIlluminati,neither,0.03945320844208391,0.33037608806864915,0.630170703489267
bidet everyone,offensive_language,0.02988896790634741,0.4927062106388782,0.4774048214547744
Want the inside scoop? Join the cast of Critical Role and discuss this episode right here on Talks Machina. Tuesdays 7pm Pacific at twitch.tv/geekandsundry and projectalpha.com,neither,0.04630302093207864,0.22484473131932575,0.7288522477485957
Hey @ShandraVdeG,neither,0.03945320844208391,0.33037608806864915,0.630170703489267
@hundredsofsmallbirds good luck keeping your stitches straight today,neither,0.06074566247600364,0.3059821686907162,0.6332721688332802
That was what being president of folklore club felt like,neither,0.044191075755550056,0.3932916155794846,0.5625173086649653
heyyy @ShandraVdeG !,neither,0.03945320844208391,0.33037608806864915,0.630170703489267
@misssunflower94 I'll bring it up on discord and see if anyone is interested. We could do it like a themed discussion group or such,neither,0.03427338094026821,0.37430509317411487,0.5914215258856169
@shidareAKI This week's episode was SO GOOD! Everybody was super badass :D,neither,0.03881048781972106,0.3619290998327844,0.5992604123474946
@shidareaki thx <3 probably won’t happen but im ready for the effort,neither,0.03253970662117014,0.33916436292990215,0.6282959304489277
ayyyy,neither,0.03945320844208391,0.33037608806864915,0.630170703489267
hello everyone!,neither,0.03269494828970791,0.4450814005079928,0.5222236512022994
@japenrose that'd be cool,neither,0.03425166902764769,0.40032574120623415,0.5654225897661181
I think most wednesdaisies would enjoy that @japenrose :),neither,0.03562245883591983,0.3571918730360975,0.6071856681279827
,neither,0.03945320844208391,0.33037608806864915,0.630170703489267
"Hey, guys!",neither,0.03929207127355727,0.33311100635304525,0.6275969223733975
We have a subscriber-only Discord server! Join here: https://discord.gg/geekandsundry (you'll need to sub and link it to your Twitch) and be a part of the fun!...Warning: It can take up to an hour for the server to update and give you access to the channels,neither,0.08464076273808444,0.286394834032893,0.6289644032290227
eyyyy!,neither,0.03945320844208391,0.33037608806864915,0.630170703489267
hello show!,neither,0.059695359273847004,0.23556519447303972,0.7047394462531132
Welcome to the Wednesday club,neither,0.04444407658977203,0.3130709591526653,0.6424849642575626
i would make a discord for that,neither,0.026872006143038654,0.34262103228089985,0.6305069615760615
YES! Sat down just in time,neither,0.03462557586001015,0.36538678860404805,0.5999876355359417
Hel-looooooo!,neither,0.03945320844208391,0.33037608806864915,0.630170703489267
just had friends over and taught them to roll characters,neither,0.04670825302394486,0.31128248590786856,0.6420092610681867
eyyy!!,neither,0.03945320844208391,0.33037608806864915,0.630170703489267
PogChamp,neither,0.03945320844208391,0.33037608806864915,0.630170703489267
<3 YAY! <3,neither,0.03945320844208391,0.33037608806864915,0.630170703489267
Hello lovely hosts and whatever Taliesin is!,neither,0.045585950764462924,0.29461363743711816,0.659800411798419
We're in!,neither,0.07632333628851731,0.28334432348334326,0.6403323402281395
hello!!!,neither,0.03945320844208391,0.33037608806864915,0.630170703489267
gandsHype gandsHype gandsHype gandsHype gandsHype gandsHype gandsHype gandsHype gandsHype gandsHype gandsHype gandsHype gandsHype,neither,0.03945320844208391,0.33037608806864915,0.630170703489267
Hello everyone?,neither,0.03269494828970791,0.4450814005079928,0.5222236512022994
Hiiiii!,neither,0.03945320844208391,0.33037608806864915,0.630170703489267
"Hi Matt, Amy, and Taliesin!",neither,0.0388100252782571,0.29846695177565247,0.6627230229460904
Spinny entrance!,neither,0.03945320844208391,0.33037608806864915,0.630170703489267
Hahahaha Amy,neither,0.03945320844208391,0.33037608806864915,0.630170703489267
Hi!,neither,0.03945320844208391,0.33037608806864915,0.630170703489267
swirlied,neither,0.03945320844208391,0.33037608806864915,0.630170703489267
Woo!!! <3,neither,0.03945320844208391,0.33037608806864915,0.630170703489267
p y r a m i d,neither,0.03945320844208391,0.33037608806864915,0.630170703489267
There we go,neither,0.04083933629015207,0.27628362646603744,0.6828770372438104
gandsTWC gandsTWC gandsTWC,neither,0.03945320844208391,0.33037608806864915,0.630170703489267
:D,neither,0.03945320844208391,0.33037608806864915,0.630170703489267
ALL THE TRANSITIONS,offensive_language,0.041785587507551285,0.49387059749283524,0.46434381499961347
shamrock100,neither,0.03945320844208391,0.33037608806864915,0.630170703489267
the intro scares me every week lol,neither,0.029079377592715415,0.38244720616028643,0.5884734162469981
Wooooo,neither,0.03945320844208391,0.33037608806864915,0.630170703489267
'batman'd',neither,0.03945320844208391,0.33037608806864915,0.630170703489267
Wooo!,neither,0.03945320844208391,0.33037608806864915,0.630170703489267
HI!,neither,0.03945320844208391,0.33037608806864915,0.630170703489267
omg XD Chief,neither,0.03945320844208391,0.33037608806864915,0.630170703489267
AAHH That is awesome!,neither,0.044625028035607146,0.38055477549368516,0.5748201964707076
Happy Wednesday! I returned through the Wisconsin snow today with 13 floppies from my local comics store. Mata Hari has me psyched.,neither,0.03498176869538018,0.36715955118337423,0.5978586801212457
video toaster<3,neither,0.04521696620330073,0.23255007665169716,0.7222329571450022
This is MADNESS,neither,0.048827387017930185,0.3289095995902385,0.6222630133918313
gandsTheChief,neither,0.03945320844208391,0.33037608806864915,0.630170703489267
shamrock100,neither,0.03945320844208391,0.33037608806864915,0.630170703489267
New drinking game rule!!,neither,0.04182738509419685,0.21695904297001903,0.7412135719357841
oh gosh y'all gonna make me sick,neither,0.03794560483914341,0.41813979562252995,0.5439145995383267
Transition!,neither,0.03945320844208391,0.33037608806864915,0.630170703489267
"WHOA, Taliesin is looking spiffy!",neither,0.04878469649078963,0.32716656142769224,0.624048742081518
FANCY!!,neither,0.03945320844208391,0.33037608806864915,0.630170703489267
Taliesin is a TheIlluminati,neither,0.081172750358939,0.3160268245287109,0.60280042511235
I could watch 2 hours of this.,neither,0.04499748248582701,0.33002307073215065,0.6249794467820223
goobsMOOSE,neither,0.03945320844208391,0.33037608806864915,0.630170703489267
"Now, star wipe!",neither,0.03945320844208391,0.33037608806864915,0.630170703489267
Good transition Amy,neither,0.038712489352510704,0.33063085532967357,0.6306566553178159
"Hi Matt, Amy and Taliesin!",neither,0.0388100252782571,0.29846695177565247,0.6627230229460904
don't ask about the many faces of chief,neither,0.03760945149577732,0.33840012619394966,0.6239904223102731
gandsTWC gandsTheChief,neither,0.03945320844208391,0.33037608806864915,0.630170703489267
I think Chief discovered powerpoint transitions xD,neither,0.039944730350709,0.32203367850931863,0.6380215911399724
"Did I see ""Death is Bae""?",neither,0.044007739897113485,0.3753273851168232,0.5806648749860635
Taliesin your hair is amazing and I am envious,neither,0.06980164586502118,0.29070238519356584,0.639495968941413
"Holy Spinning Swipes, Batman!",neither,0.03945320844208391,0.33037608806864915,0.630170703489267
Bat-nesday,neither,0.03945320844208391,0.33037608806864915,0.630170703489267
"Same Wednesday time, same Wednesday channel!",neither,0.039746910773652125,0.34871524642482116,0.6115378428015267
OOOh! Can we star swipe?!,neither,0.0395402274790056,0.32889914791049857,0.6315606246104959
"Well, I was going to finish watching last week's Wednesday Club, but I guess I'll watch this one instead!",neither,0.04204310315703767,0.36620630034042906,0.5917505965025333
and again i am startled by the intro,neither,0.037170125767665,0.3447516063634831,0.6180782678688519
POWER OF SCREEN WIPES!,neither,0.03945320844208391,0.33037608806864915,0.630170703489267
"Download the new Critical Role theme song for Campaign Two! http://itunes.apple.com/album/id1331550250?ls=1&app=itunes Sales of the song support the musician, Jason Charles Miller.",neither,0.04445767596344001,0.2510827790306858,0.7044595450058742
Chief is truly a higher being,neither,0.041461732835688825,0.349561058190369,0.6089772089739424
"Not yet, Matt",neither,0.03808741601383208,0.33550959157816446,0.6264029924080033
who named this lol,neither,0.03129061298397897,0.47534831245786136,0.49336107455815964
i love the people who run the stream,neither,0.05856933536125742,0.3623474901702329,0.5790831744685098
:D,neither,0.03945320844208391,0.33037608806864915,0.630170703489267
this is amazing,neither,0.050638740814203484,0.3285866302672563,0.6207746289185402
I'm not surprised,neither,0.037651533371888236,0.3371771509625762,0.6251713156655355
"Power of soul? Makes sense, cause He's super bad",neither,0.03937484115375059,0.35019273927796674,0.6104324195682825
That vest is straight out of Star Wars.,neither,0.038744966853632636,0.3744711343547071,0.5867838987916603
"Chief probably owns a James Brown album, so he owns some big soul.",neither,0.030212542520486444,0.39150982563866493,0.5782776318408486
