text,top_class,hate_speech,offensive_language,neither
,neither,0.03945320844208391,0.33037608806864915,0.630170703489267
"Hey, guys!",neither,0.03929207127355727,0.33311100635304525,0.6275969223733975
We have a subscriber-only Discord server! Join here: https://discord.gg/geekandsundry (you'll need to sub and link it to your Twitch) and be a part of the fun!...Warning: It can take up to an hour for the server to update and give you access to the channels,neither,0.08464076273808444,0.286394834032893,0.6289644032290227
eyyyy!,neither,0.03945320844208391,0.33037608806864915,0.630170703489267
hello show!,neither,0.059695359273847004,0.23556519447303972,0.7047394462531132
Welcome to the Wednesday club,neither,0.04444407658977203,0.3130709591526653,0.6424849642575626
i would make a discord for that,neither,0.026872006143038654,0.34262103228089985,0.6305069615760615
YES! Sat down just in time,neither,0.03462557586001015,0.36538678860404805,0.5999876355359417
Hel-looooooo!,neither,0.03945320844208391,0.33037608806864915,0.630170703489267
just had friends over and taught them to roll characters,neither,0.04670825302394486,0.31128248590786856,0.6420092610681867
eyyy!!,neither,0.03945320844208391,0.33037608806864915,0.630170703489267
PogChamp,neither,0.03945320844208391,0.33037608806864915,0.630170703489267
<3 YAY! <3,neither,0.03945320844208391,0.33037608806864915,0.630170703489267
Hello lovely hosts and whatever Taliesin is!,neither,0.045585950764462924,0.29461363743711816,0.659800411798419
We're in!,neither,0.07632333628851731,0.28334432348334326,0.6403323402281395
hello!!!,neither,0.03945320844208391,0.33037608806864915,0.630170703489267
gandsHype gandsHype gandsHype gandsHype gandsHype gandsHype gandsHype gandsHype gandsHype gandsHype gandsHype gandsHype gandsHype,neither,0.03945320844208391,0.33037608806864915,0.630170703489267
Hello everyone?,neither,0.03269494828970791,0.4450814005079928,0.5222236512022994
Hiiiii!,neither,0.03945320844208391,0.33037608806864915,0.630170703489267
"Hi Matt, Amy, and Taliesin!",neither,0.0388100252782571,0.29846695177565247,0.6627230229460904
Spinny entrance!,neither,0.03945320844208391,0.33037608806864915,0.630170703489267
Hahahaha Amy,neither,0.03945320844208391,0.33037608806864915,0.630170703489267
Hi!,neither,0.03945320844208391,0.33037608806864915,0.630170703489267
swirlied,neither,0.03945320844208391,0.33037608806864915,0.630170703489267
Woo!!! <3,neither,0.03945320844208391,0.33037608806864915,0.630170703489267
p y r a m i d,neither,0.03945320844208391,0.33037608806864915,0.630170703489267
There we go,neither,0.04083933629015207,0.27628362646603744,0.6828770372438104
gandsTWC gandsTWC gandsTWC,neither,0.03945320844208391,0.33037608806864915,0.630170703489267
:D,neither,0.03945320844208391,0.33037608806864915,0.630170703489267
ALL THE TRANSITIONS,offensive_language,0.041785587507551285,0.49387059749283524,0.46434381499961347
shamrock100,neither,0.03945320844208391,0.33037608806864915,0.630170703489267
the intro scares me every week lol,neither,0.029079377592715415,0.38244720616028643,0.5884734162469981
Wooooo,neither,0.03945320844208391,0.33037608806864915,0.630170703489267
'batman'd',neither,0.03945320844208391,0.33037608806864915,0.630170703489267
Wooo!,neither,0.03945320844208391,0.33037608806864915,0.630170703489267
HI!,neither,0.03945320844208391,0.33037608806864915,0.630170703489267
omg XD Chief,neither,0.03945320844208391,0.33037608806864915,0.630170703489267
AAHH That is awesome!,neither,0.044625028035607146,0.38055477549368516,0.5748201964707076
Happy Wednesday! I returned through the Wisconsin snow today with 13 floppies from my local comics store. Mata Hari has me psyched.,neither,0.03498176869538018,0.36715955118337423,0.5978586801212457
video toaster<3,neither,0.04521696620330073,0.23255007665169716,0.7222329571450022
This is MADNESS,neither,0.048827387017930185,0.3289095995902385,0.6222630133918313
gandsTheChief,neither,0.03945320844208391,0.33037608806864915,0.630170703489267
shamrock100,neither,0.03945320844208391,0.33037608806864915,0.630170703489267
New drinking game rule!!,neither,0.04182738509419685,0.21695904297001903,0.7412135719357841
oh gosh y'all gonna make me sick,neither,0.03794560483914341,0.41813979562252995,0.5439145995383267
Transition!,neither,0.03945320844208391,0.33037608806864915,0.630170703489267
"WHOA, Taliesin is looking spiffy!",neither,0.04878469649078963,0.32716656142769224,0.624048742081518
FANCY!!,neither,0.03945320844208391,0.33037608806864915,0.630170703489267
Taliesin is a TheIlluminati,neither,0.081172750358939,0.3160268245287109,0.60280042511235
I could watch 2 hours of this.,neither,0.04499748248582701,0.33002307073215065,0.6249794467820223
goobsMOOSE,neither,0.03945320844208391,0.33037608806864915,0.630170703489267
"Now, star wipe!",neither,0.03945320844208391,0.33037608806864915,0.630170703489267
Good transition Amy,neither,0.038712489352510704,0.33063085532967357,0.6306566553178159
"Hi Matt, Amy and Taliesin!",neither,0.0388100252782571,0.29846695177565247,0.6627230229460904
don't ask about the many faces of chief,neither,0.03760945149577732,0.33840012619394966,0.6239904223102731
gandsTWC gandsTheChief,neither,0.03945320844208391,0.33037608806864915,0.630170703489267
I think Chief discovered powerpoint transitions xD,neither,0.039944730350709,0.32203367850931863,0.6380215911399724
"Did I see ""Death is Bae""?",neither,0.044007739897113485,0.3753273851168232,0.5806648749860635
Taliesin your hair is amazing and I am envious,neither,0.06980164586502118,0.29070238519356584,0.639495968941413
"Holy Spinning Swipes, Batman!",neither,0.03945320844208391,0.33037608806864915,0.630170703489267
Bat-nesday,neither,0.03945320844208391,0.33037608806864915,0.630170703489267
"Same Wednesday time, same Wednesday channel!",neither,0.039746910773652125,0.34871524642482116,0.6115378428015267
OOOh! Can we star swipe?!,neither,0.0395402274790056,0.32889914791049857,0.6315606246104959
"Well, I was going to finish watching last week's Wednesday Club, but I guess I'll watch this one instead!",neither,0.04204310315703767,0.36620630034042906,0.5917505965025333
and again i am startled by the intro,neither,0.037170125767665,0.3447516063634831,0.6180782678688519
POWER OF SCREEN WIPES!,neither,0.03945320844208391,0.33037608806864915,0.630170703489267
"Download the new Critical Role theme song for Campaign Two! http://itunes.apple.com/album/id1331550250?ls=1&app=itunes Sales of the song support the musician, Jason Charles Miller.",neither,0.04445767596344001,0.2510827790306858,0.7044595450058742
Chief is truly a higher being,neither,0.041461732835688825,0.349561058190369,0.6089772089739424
"Not yet, Matt",neither,0.03808741601383208,0.33550959157816446,0.6264029924080033
who named this lol,neither,0.03129061298397897,0.47534831245786136,0.49336107455815964
i love the people who run the stream,neither,0.05856933536125742,0.3623474901702329,0.5790831744685098
:D,neither,0.03945320844208391,0.33037608806864915,0.630170703489267
this is amazing,neither,0.050638740814203484,0.3285866302672563,0.6207746289185402
I'm not surprised,neither,0.037651533371888236,0.3371771509625762,0.6251713156655355
"Power of soul? Makes sense, cause He's super bad",neither,0.03937484115375059,0.35019273927796674,0.6104324195682825
That vest is straight out of Star Wars.,neither,0.038744966853632636,0.3744711343547071,0.5867838987916603
"Chief probably owns a James Brown album, so he owns some big soul.",neither,0.030212542520486444,0.39150982563866493,0.5782776318408486
Plastic Gauntlet only gives you power over time and space in Burbank.,neither,0.04480973430012268,0.3429794723206542,0.6122107933792231
@GeekandSundry New drinking game rule! Every time Chief spins us we DRINK,neither,0.0626978776337432,0.2616856881665121,0.6756164341997446
death is bae is probably the most wednesday-appropriate thing I've ever heard.,neither,0.030814977707085085,0.34619849051400875,0.6229865317789063
Good evening & love from Texas!! Hi son!!,neither,0.03771292797515634,0.3272028994439119,0.6350841725809319
I love it.,neither,0.030831260484157012,0.3601344986151421,0.609034240900701
:-) gandsTheChief,neither,0.03945320844208391,0.33037608806864915,0.630170703489267
Oh Cheif XD,neither,0.051363287716059566,0.22255663153133606,0.7260800807526044
oh no where are notes!,neither,0.07235227719299912,0.2262027904153926,0.7014449323916083
low tech chiefs notes omg,neither,0.03945320844208391,0.33037608806864915,0.630170703489267
@halfaringcircus Mata Hari is SOOOO good!,neither,0.04580972803373959,0.3281897894990429,0.6260004824672176
lol chief,neither,0.029869404313338878,0.4015213065569965,0.5686092891296647
"I hate that I almost never manage to catch this, I'm having such a good time already",neither,0.11451722366279375,0.3437201708025837,0.5417626055346225
The Finite Gauntlet,neither,0.03839939302560993,0.311011251109799,0.6505893558645911
The sixth gem allows for high tech chief notes,neither,0.03405339183255019,0.3495328464957395,0.6164137616717102
I suspect MOST of people who watch this show have seen MCU at least. XD @GeekandSundry,neither,0.07584668139328257,0.34046650038978793,0.5836868182169295
Joms,neither,0.03945320844208391,0.33037608806864915,0.630170703489267
,neither,0.03945320844208391,0.33037608806864915,0.630170703489267
BlessRNG Educate us,neither,0.16231652794574625,0.30086888815671975,0.5368145838975339
Finit Gauntlet :D,neither,0.03945320844208391,0.33037608806864915,0.630170703489267
Chief! you're notes have changed,neither,0.06849630394494573,0.3489300307554881,0.5825736652995662
originally called soul gems,neither,0.03945320844208391,0.33037608806864915,0.630170703489267
I'm glad to be one of the 6 people watching,neither,0.0755220356227075,0.3395076923341476,0.5849702720431448
shamrock100,neither,0.03945320844208391,0.33037608806864915,0.630170703489267
Good evening everyone coming in!,neither,0.033890539922345475,0.4167851628761072,0.5493242972015473
Lol Chief xD,neither,0.029869404313338878,0.4015213065569965,0.5686092891296647
The Finite Stones.,neither,0.03839939302560993,0.311011251109799,0.6505893558645911
HAHAHAHAHA,neither,0.03945320844208391,0.33037608806864915,0.630170703489267
Awwww Chief,neither,0.03945320844208391,0.33037608806864915,0.630170703489267
yeah that recalled Lootcrate one ;D,offensive_language,0.015878577103034974,0.5427590358260946,0.4413623870708704
Chief is mad with spinny transition powers.,neither,0.03576269208755663,0.3596386992748639,0.6045986086375795
hiiii Matt and everyone!,neither,0.032768666293845686,0.3960009604925551,0.5712303732135993
The budget for the chief's notes went into those transitions,neither,0.048091737032085226,0.25126400004330496,0.7006442629246099
I was gonna ask if we ran out of digital post-it notes,neither,0.026063339442656697,0.3999455008164337,0.5739911597409095
You need a Fortnite Gauntlet!,neither,0.058570642762479225,0.3822717582598645,0.5591575989776563
Windows updates are the worst,neither,0.06559672709019297,0.25226602499867995,0.6821372479111271
Matt's Mom & Dad love all 3 of you!!,neither,0.052603892451239996,0.4524068318468089,0.49498927570195106
,neither,0.03945320844208391,0.33037608806864915,0.630170703489267
"Help G&S make great content! $4.99/month gets you emotes, Minecraft server access, sub-only VODs, and more! Every sub keeps the channel alive! twitch.tv/geekandsundry/subscribe",neither,0.043907990691603095,0.31135964332838284,0.644732365980014
Aww Chief gandsTheChief,neither,0.03945320844208391,0.33037608806864915,0.630170703489267
Talesin is okay with the idea of ultimate power,neither,0.035636850772413554,0.34375852273189833,0.620604626495688
windows updates are indeed lame,neither,0.11731794330275733,0.15810435376405757,0.7245777029331851
@shidareAKI How'd you make comedy and PSA in the same line? lol,neither,0.04283265407724543,0.36193326708241774,0.5952340788403367
Windows update are lame :c,neither,0.12071099128481072,0.1537058876228927,0.7255831210922965
Aw man the windows update broke our VR machine too,neither,0.03878178356897013,0.35895977192332795,0.6022584445077018
@chaoticloony ...no... WutFace,neither,0.036918905254960256,0.37338982715841207,0.5896912675866277
aw poor Chief is lacking his sticky notes,neither,0.060848576820002914,0.32965421998635763,0.6094972031936395
@miriamkey We love you too! :D,neither,0.05987235140481781,0.439487593510106,0.5006400550850761
"i feel, chief",neither,0.03945320844208391,0.33037608806864915,0.630170703489267
@shidareAKI The Finite Pebble of spinny,neither,0.03715708950100123,0.2861306264084566,0.6767122840905422
Leave Chief alone windows 10,neither,0.03945320844208391,0.33037608806864915,0.630170703489267
"It's okay, gandsTheChief , we still love you.",neither,0.05065048734894608,0.42096826978822094,0.528381242862833
hey Amy! love your radiant energy of you geeking out,neither,0.06499092915343462,0.37490191982362164,0.5601071510229437
shamrock1 shamrock1 shamrock1 shamrock1 shamrock1 shamrock1 shamrock1 shamrock1 shamrock1 shamrock1,neither,0.03945320844208391,0.33037608806864915,0.630170703489267
what happened with the sticky notes?,neither,0.033014529128918224,0.34549454199014223,0.6214909288809395
@John_Sparks_Jr hahaha I do my best,neither,0.027574346839122306,0.41576606374336705,0.5566595894175107
They are correct. Not familiar with the subject. Great presentation though. :),neither,0.04217140120372254,0.3065094233306657,0.6513191754656118
Infinite story possibilities !,neither,0.03945320844208391,0.33037608806864915,0.630170703489267
The One Above All!,neither,0.03922275326158587,0.4315085376111116,0.5292687091273025
Ma-hus,offensive_language,0.02959681466293397,0.497664813638812,0.47273837169825395
gandsTWC gandsTWC gandsTWC,neither,0.03945320844208391,0.33037608806864915,0.630170703489267
(Jack Kirby),neither,0.03945320844208391,0.33037608806864915,0.630170703489267
https://clips.twitch.tv/HappyWildJackalTinyFace,neither,0.03945320844208391,0.33037608806864915,0.630170703489267
The Tribunal,neither,0.03613032604487659,0.2619290779399786,0.7019405960151449
Its pronounced magus.,neither,0.03309144916294284,0.33256418880705063,0.6343443620300065
hey yall!,neither,0.0373829100190767,0.36551445535541816,0.5971026346255053
"maygus, mahgus, lets call the whole thing off",neither,0.03798312324702069,0.32775904273816336,0.6342578340148161
Infinite rant possibilities!,neither,0.03945320844208391,0.33037608806864915,0.630170703489267
yup,neither,0.03945320844208391,0.33037608806864915,0.630170703489267
I'M 'ERE! SORRY FOR BEIN' L8! WutFace,neither,0.0329328671843586,0.297827808935306,0.6692393238803355
oh wow. First time I can see this live,neither,0.040129805097955815,0.30373304597534473,0.6561371489266995
"I always pronounced it ""magus""",neither,0.036252846400116244,0.38728961136201917,0.5764575422378646
it's totally as goth as it sounds,neither,0.03505971586509808,0.3757330388753031,0.5892072452595988
#ScrewThanos,neither,0.03945320844208391,0.33037608806864915,0.630170703489267
hello wednesdaisies! I almost missed this episode.,neither,0.039380685047747215,0.3316069993415198,0.629012315610733
@bitgod you read my mind,offensive_language,0.04191566217251744,0.4998879971921785,0.45819634063530396
"You say potato, I say potahto",neither,0.05600070805515164,0.3770004201977249,0.5669988717471236
!twc,neither,0.03945320844208391,0.33037608806864915,0.630170703489267
"Here are some handy The Wednesday Club resources! TWC Reddit: reddit.com/r/WednesdayClub/ | Discord: https://discord.gg/6QK9fVB | Wednesday Club Fanclub on Facebook: facebook.com/groups/1945232949091586/ | Send in your thoughts, comic recommendations, questions, and more to Matt, Amy, and Taliesin at thewednesdayclub@geekandsundry.com",neither,0.05001524745118048,0.31503641584425707,0.6349483367045624
Hi @rasnac_khan,neither,0.03945320844208391,0.33037608806864915,0.630170703489267
"I go with May-jus, but to each their own.",neither,0.05117971193215274,0.3526065662875165,0.5962137217803306
Nerdist on netflix?,neither,0.03575280212831009,0.34829790192625815,0.6159492959454318
#CaptainAmericaDies,neither,0.03945320844208391,0.33037608806864915,0.630170703489267
Ohhhh noooo,neither,0.03945320844208391,0.33037608806864915,0.630170703489267
Sorry for bein' l8! WutFace,neither,0.0329328671843586,0.297827808935306,0.6692393238803355
Not the giant one,neither,0.03596308490891763,0.35322085299565265,0.6108160620954297
as my names states Aleph to the power of many gauntlet,neither,0.03411692966442941,0.39046286499006183,0.5754202053455088
Netflix needs to do a Marvel marathon thing,neither,0.04479063601074923,0.3274732007925946,0.6277361631966561
Hello all. Writing while listening!,neither,0.04076576084912738,0.3839268944318966,0.5753073447189762
That's like 48 hours,neither,0.045563559243183144,0.3867274728102452,0.5677089679465717
PogChamp sakuHype,neither,0.03945320844208391,0.33037608806864915,0.630170703489267
They made a good choice,neither,0.03879323665054665,0.33060308263116295,0.6306036807182903
Hi @JodyHouser,neither,0.03945320844208391,0.33037608806864915,0.630170703489267
PogChamp PogChamp PogChamp PogChamp,neither,0.03945320844208391,0.33037608806864915,0.630170703489267
oh god thats next week,neither,0.043512345016361836,0.296438765212948,0.6600488897706901
way to go Matt Key!,neither,0.04650108065839992,0.3311716511090922,0.622327268232508
Pronunciation of made up words is subjective unless the writer busts through a wall and says something!,neither,0.041255666538407086,0.32488848362348904,0.6338558498381038
#Drink,neither,0.03945320844208391,0.33037608806864915,0.630170703489267
@JodyHouser Hi Jody,neither,0.03945320844208391,0.33037608806864915,0.630170703489267
"Awesome, congrats Matt.",neither,0.03945320844208391,0.33037608806864915,0.630170703489267
gandsHype gandsHype gandsHype,neither,0.03945320844208391,0.33037608806864915,0.630170703489267
Tell the audience what Doctor Strange is Matt :),neither,0.04757167422920437,0.31596778634756617,0.6364605394232294
yasss!!!!!,neither,0.03945320844208391,0.33037608806864915,0.630170703489267
i pronounce it my-goose,neither,0.02917376851670482,0.4020179478600429,0.5688082836232522
Hey Jody!,neither,0.03945320844208391,0.33037608806864915,0.630170703489267
Just in time! Sup Wednesdaisies!,neither,0.03339679032098029,0.37471226221916004,0.5918909474598597
Hi Jody!,neither,0.03945320844208391,0.33037608806864915,0.630170703489267
Coooolll!!,neither,0.03945320844208391,0.33037608806864915,0.630170703489267
hi Jody!,neither,0.03945320844208391,0.33037608806864915,0.630170703489267
@JodyHouser <3 hello our beloved nemesis.,neither,0.03945320844208391,0.33037608806864915,0.630170703489267
Hi Jody,neither,0.03945320844208391,0.33037608806864915,0.630170703489267
Hi @tortugadelmar,neither,0.03945320844208391,0.33037608806864915,0.630170703489267
burkeDerp burkeDerp burkeDerp,neither,0.03945320844208391,0.33037608806864915,0.630170703489267
Congrats Matt! That's super cool!,neither,0.03653871770701859,0.3619343065941492,0.6015269756988323
"i almost bought tickets for it, but i couldn't get off work",neither,0.032263155024990275,0.3225438329512063,0.6451930120238034
"@JodyHouser hi there Jody, keep up that great writing. <3",neither,0.03424447645586744,0.34432354226969397,0.6214319812744387
"I prefer the sound of the long A in Magus, but... eh. XD",neither,0.035825990767918696,0.3135804712793197,0.6505935379527616
Oh phew. Not the massive one. Some AMCs are doing the massive marathon,neither,0.04660952286734262,0.29191491295181093,0.6614755641808464
Wooo! gandsHype,neither,0.03945320844208391,0.33037608806864915,0.630170703489267
sakuPog sakuPog sakuPog,neither,0.03945320844208391,0.33037608806864915,0.630170703489267
Hi everyone!,neither,0.032490659208996964,0.4485487193596734,0.5189606214313296
that sounds like an excellent party,neither,0.04467405405417937,0.37222467155619104,0.5831012743896297
@shidareAKI Speaking of Hi @JodyHouser,neither,0.03945320844208391,0.33037608806864915,0.630170703489267
!whodat,neither,0.03945320844208391,0.33037608806864915,0.630170703489267
"Amy Dallen ( twitter.com/enthusiamy ), Taliesin Jaffe ( twitter.com/executivegoth ), and Matt Key ( twitter.com/TheMattKey ). Chalk art by Ken Nguyen ( twitter.com/minhwind ).",neither,0.038784789422539157,0.4561496805945848,0.505065529982876
PopCorn PokPikachu PopCorn,neither,0.03945320844208391,0.33037608806864915,0.630170703489267
I saw the captain America triple feature,neither,0.14374850296760322,0.24731111433709846,0.6089403826952985
I would love that party so much.,neither,0.02903463785486267,0.4236515555085918,0.5473138066365455
"Jeez, that sounds like a 3 day event.",neither,0.04540767621340931,0.36805436406291764,0.586537959723673
Hi @Capefoxalix,neither,0.03945320844208391,0.33037608806864915,0.630170703489267
That is an intense movie marathon,neither,0.04435842635439779,0.32678667408219053,0.6288548995634117
Oh man that sounds like so much fun!,neither,0.04597547242641084,0.43600550028777824,0.5180190272858108
so @WenesdayClub you heard about the Blackwatch news correct?,neither,0.050273997983762,0.4158095112722288,0.5339164907440092
I went to the Marathon they did for Age of Ultron. They ran all the Marvel films to that point. My only regret: Cosplaying as a Shield Agent in a suit for the whole event.,neither,0.03309945033667374,0.36625624073330215,0.6006443089300241
"@JodyHouser Hello, good evening! :)",neither,0.03885282145264129,0.33058258868542556,0.6305645898619331
!questions,neither,0.03945320844208391,0.33037608806864915,0.630170703489267
"To make it easier to read questions in chat, please preface your questions with the word question in all caps. For example, QUESTION: How are you today?",neither,0.06209713493468228,0.3342013724685751,0.6037014925967426
You'll need an infinity diaper to watch those back to back. Kappa,neither,0.08220692452547768,0.30148822753180127,0.6163048479427212
"oops, missed the start, did I miss anything important?",neither,0.03452672023970107,0.3214257895517182,0.6440474902085808
Erika'd,neither,0.03945320844208391,0.33037608806864915,0.630170703489267
"""We just Erika'd at them"" lol",neither,0.03766394799141105,0.4509943319748945,0.5113417200336944
ohhh i wish i could go to this it sounds amazing,neither,0.04449205209527398,0.33215459029045924,0.6233533576142667
gandsLessthanthree,neither,0.03945320844208391,0.33037608806864915,0.630170703489267
gandsHype gandsHype gandsHype,neither,0.03945320844208391,0.33037608806864915,0.630170703489267
gandsHype gandsHype gandsHype gandsHype,neither,0.03945320844208391,0.33037608806864915,0.630170703489267
Taliesin's hair is so pretty!,neither,0.049686678793451095,0.3820391707007217,0.5682741505058273
gandsHype gandsHype gandsHype,neither,0.03945320844208391,0.33037608806864915,0.630170703489267
gandsHype,neither,0.03945320844208391,0.33037608806864915,0.630170703489267
Erika is a verb.,neither,0.04912624121044723,0.3270490885368631,0.6238246702526896
ShHH Secret!,neither,0.03945320844208391,0.33037608806864915,0.630170703489267
Erika is definitely a verb.,neither,0.047179668408197845,0.32771860418482546,0.6251017274069768
@WensdayClub gandsHappy gandsHappy gandsHappy gandsHappy gandsHappy gandsHappy gandsHappy gandsHappy gandsHappy,neither,0.03945320844208391,0.33037608806864915,0.630170703489267
aww Matt don't be sick!,neither,0.03982132859783632,0.33345867885908476,0.6267199925430789
burkeLul burkeLul,neither,0.03945320844208391,0.33037608806864915,0.630170703489267
Erika is now a verb,neither,0.048246574882389315,0.3273516461247118,0.624401778992899
"Tal's hair does look very nice today. I like the way he had it styled yesterday, too.",neither,0.0377014624326577,0.38677859198349085,0.5755199455838516
hypehypehype,neither,0.03945320844208391,0.33037608806864915,0.630170703489267
I love the irony of talking about Infinity Gaunlet on World Heritage Day,neither,0.034684116159774805,0.3448775706417595,0.6204383131984658
KappaPride KappaPride KappaPride KappaPride,neither,0.03945320844208391,0.33037608806864915,0.630170703489267
Erika is a Weapon of HYPE!,neither,0.04672454371643549,0.3278751424363394,0.625400313847225
Taliesin's hair looks like ocean,neither,0.050059328640934736,0.34579342173430033,0.6041472496247648
God I've needed this episode,neither,0.021191877494545753,0.31553222035018463,0.6632759021552697
I hope we see the Thanos-copter,neither,0.09219161369079784,0.16868577698029547,0.7391226093289065
Matt is so freakin' sick. His frosted tips. His KORN tat.,neither,0.07301156529026706,0.35267982889714095,0.5743086058125921
I just finished marathoning Eric's Tbd rpg Watch it,neither,0.03877201834337236,0.3468707772445597,0.6143572044120678
gandsHappy gandsTWC gandsPercy,neither,0.03945320844208391,0.33037608806864915,0.630170703489267
ALL of them.,offensive_language,0.07726498137733746,0.4613948585519304,0.4613401600707321
they're all true if you want them to be,offensive_language,0.08123770639069484,0.46993421812684993,0.44882807548245524
LUL,neither,0.03945320844208391,0.33037608806864915,0.630170703489267
tinytatoBallpit tinytatoBallpit,neither,0.03945320844208391,0.33037608806864915,0.630170703489267
bldfLOL,neither,0.03945320844208391,0.33037608806864915,0.630170703489267
eventually we'll have a Key emote,neither,0.03888551476407903,0.34001133134683154,0.6211031538890893
Did Taliesin add green to his hair? :D,neither,0.07143548795262279,0.3057607891124136,0.6228037229349637
Ask one comic what the other comic would say is true (Labyrinth),neither,0.04907000512481736,0.33262326009334453,0.6183067347818381
Thanos WITH A HELICOPTER!,neither,0.026685933432952478,0.3760235831450579,0.5972904834219895
"multiverse, so all of then",offensive_language,0.0427491333878744,0.5370203634941598,0.4202305031179658
"lets momento this, start from the end",neither,0.03878692101401938,0.3126490287832892,0.6485640502026914
Thanos Quest was a great one,neither,0.03680433189631701,0.33670135585859784,0.6264943122450851
We're the 1600 bestest secret keepers ever. Plus the Alpha cats. Harder to tell attendance there though.,neither,0.05136308201633893,0.21969577706238733,0.7289411409212738
Tal is rocking a kind of Dr. Lizardo from buckaroo bonzai. in a good way,neither,0.044605947431114616,0.318523169263195,0.6368708833056903
!uptime,neither,0.03945320844208391,0.33037608806864915,0.630170703489267
Taliesin's hair is teal and perfect,neither,0.048307225349367655,0.28140359805086557,0.6702891765997668
"Yes, it's teal at the roots and blue at the ends.",neither,0.036204745616925424,0.31594036786455015,0.6478548865185244
Lol,neither,0.020706217963973744,0.4882283491876925,0.4910654328483337
hiii!,neither,0.03945320844208391,0.33037608806864915,0.630170703489267
gandsGnSLadders,neither,0.03945320844208391,0.33037608806864915,0.630170703489267
DAILY DAILY DAILY,neither,0.03945320844208391,0.33037608806864915,0.630170703489267
is the address to send gifts to the wednesday club the same one as for crit role?,neither,0.0444840143424219,0.32299639639087724,0.6325195892667009
"Keep any original books with this story in good condition. With the movies making this story so famous, these books will skyrocket in price.",neither,0.03404218410096681,0.3791580934382561,0.586799722460777
it's a super cool effect,neither,0.03815946055688018,0.3308210672919595,0.6310194721511603
Yes Daily wednesday,neither,0.03945320844208391,0.33037608806864915,0.630170703489267
burkeDerp burkeDerp burkeDerp burkeDerp,neither,0.03945320844208391,0.33037608806864915,0.630170703489267
Yes please,neither,0.03945320844208391,0.33037608806864915,0.630170703489267
we're the social and we want daily wednesday!,neither,0.0497792189882991,0.27618510166171123,0.6740356793499896
@misssunflower94 I love it!,neither,0.030831260484157012,0.3601344986151421,0.609034240900701
I'm wondering if he's using colored hair wax (I have some - it's cool),neither,0.026634543856358037,0.23457205741415565,0.7387933987294862
burkeDerp burkeDerp All Hail the Daily! burkeDerp burkeDerp,neither,0.0400696862032865,0.37855225473929005,0.5813780590574236
Are you doing the Thanos Quest?,neither,0.08936232991054413,0.3080765808171005,0.6025610892723554
All Matt's are fun!,neither,0.06958515200703981,0.3549788003636634,0.5754360476292967
@shidareAKI we already have one gandsGnSLadders,neither,0.03624759884575044,0.4051242467057309,0.5586281544485187
Hi Matts Parents!,neither,0.03945320844208391,0.33037608806864915,0.630170703489267
do NOT start with Spidey Super Stories #39 for Thanos.,neither,0.028741141060031013,0.33727260225265837,0.6339862566873106
gandsHappy dndUDodge,neither,0.03945320844208391,0.33037608806864915,0.630170703489267
danHehe danOh,neither,0.03945320844208391,0.33037608806864915,0.630170703489267
Loopy Matt is fun Matt!,neither,0.04453977817342185,0.3286265834903222,0.6268336383362559
what a lovely name!,neither,0.04543249958925295,0.32610201727408306,0.628465483136664
sakuHype,neither,0.03945320844208391,0.33037608806864915,0.630170703489267
Sick Matt should probably ease off of the pre-show nyquil. ;),neither,0.05329616552435063,0.30831946753485295,0.6383843669407964
@MeggieMay328 I wonder if he goes to the same stylist as Satine,neither,0.03064383412356493,0.3936333395170381,0.575722826359397
is this daisy in chat rn?,neither,0.04728427669594692,0.3291757288131865,0.6235399944908666
So true. LUL,neither,0.03941189247952998,0.37397138435943317,0.5866167231610369
!twc,neither,0.03945320844208391,0.33037608806864915,0.630170703489267
"Here are some handy The Wednesday Club resources! TWC Reddit: reddit.com/r/WednesdayClub/ | Discord: https://discord.gg/6QK9fVB | Wednesday Club Fanclub on Facebook: facebook.com/groups/1945232949091586/ | Send in your thoughts, comic recommendations, questions, and more to Matt, Amy, and Taliesin at thewednesdayclub@geekandsundry.com",neither,0.05001524745118048,0.31503641584425707,0.6349483367045624
Woo job!,neither,0.03945320844208391,0.33037608806864915,0.630170703489267
Hey @shidareaki,neither,0.03945320844208391,0.33037608806864915,0.630170703489267
LUL,neither,0.03945320844208391,0.33037608806864915,0.630170703489267
Satine's stylist is very very good,neither,0.04535852328303011,0.3283449795030776,0.6262964972138924
"Tesseract, H, Aether, Necklace, Orb, Scepter, I think the Soul Stone is in/with Helmdall",neither,0.03606842701399986,0.33715059216915205,0.6267809808168481
gandsOwlbear gandsOwlbear gandsOwlbear gandsOwlbear,neither,0.03945320844208391,0.33037608806864915,0.630170703489267
@Darkelven00 halloo,neither,0.03945320844208391,0.33037608806864915,0.630170703489267
YAY!,neither,0.03945320844208391,0.33037608806864915,0.630170703489267
That sounds like a great reason to write.,neither,0.048538176526783654,0.35045707200392745,0.6010047514692889
Yay comic shop jobs!,neither,0.03945320844208391,0.33037608806864915,0.630170703489267
PogChamp,neither,0.03945320844208391,0.33037608806864915,0.630170703489267
Yay!,neither,0.03945320844208391,0.33037608806864915,0.630170703489267
That is a Dream job!,neither,0.04375892485368635,0.3729744700551511,0.5832666050911625
that's SO great!,neither,0.03131592748518165,0.41140401576685603,0.5572800567479623
sakuPog,neither,0.03945320844208391,0.33037608806864915,0.630170703489267
This is a great story and letter.,neither,0.044001231216010156,0.27745591581907664,0.6785428529649132
"TOPIC: In the theme of the Thanos-copter, select a supervillain, and design a completely ridiculous vehicle for them to use.",neither,0.027493469529237598,0.3254478444234846,0.6470586860472778
way too go Wednesday Club!,neither,0.04033224742135581,0.3383895056221433,0.6212782469565008
sakuHype,neither,0.03945320844208391,0.33037608806864915,0.630170703489267
thats awesome!,neither,0.03945320844208391,0.33037608806864915,0.630170703489267
Matt - Your 'tall / long legs' look so much more comfortable in that chair tonight!! Just sayin'....,neither,0.04571563591177895,0.3602036514676626,0.5940807126205586
Art imitating life imitating art,neither,0.03712390928576891,0.37028497648515313,0.5925911142290781
This is awesome!,neither,0.050512911114032236,0.32860941969445295,0.6208776691915148
<3 it,neither,0.034373745257138544,0.33212314837979673,0.6335031063630647
this is the best story!,neither,0.04672700456083259,0.3035171231572593,0.649755872281908
SeemsGood,neither,0.03945320844208391,0.33037608806864915,0.630170703489267
"@MeggieMay328 yeah and the dye jobs they do are out of this world, when I saw Tal's new look yesterday I wondered if he'd gone to that stylist.",neither,0.03129024397300089,0.3650303125401486,0.6036794434868505
@emmngle IT IS. LUL,neither,0.04677099400442381,0.32785916605229437,0.6253698399432819
"@miriamkey hello Mama Key, how are you this fine day?",neither,0.07340636376356557,0.3185113383274022,0.6080822979090321
I had a great time with my favorite comic book shop cat today. Very chatty and opinionated.,neither,0.026428504772769347,0.3567349082798895,0.6168365869473412
Ah! :(,neither,0.03945320844208391,0.33037608806864915,0.630170703489267
Hey @miriamkey,neither,0.03945320844208391,0.33037608806864915,0.630170703489267
Comics are for everyone.,neither,0.04819054502387806,0.3583324471656353,0.5934770078104866
HELL YEAH. LUL,offensive_language,0.027460705639740488,0.7470388352609562,0.22550045909930336
Hey @danoba,neither,0.03945320844208391,0.33037608806864915,0.630170703489267
this is such a lovely letter!,neither,0.04643773951026055,0.32589165181543245,0.627670608674307
"Your not Dense, the Comics are",neither,0.08781370378865708,0.27794030010889603,0.6342459961024468
awww,neither,0.03945320844208391,0.33037608806864915,0.630170703489267
This letter is wonderfully adorable,neither,0.047040882138751454,0.32921691079682786,0.6237422070644207
Amy lmao what,neither,0.04415501760612763,0.34429157210812666,0.6115534102857456
LOL,neither,0.020706217963973744,0.4882283491876925,0.4910654328483337
This is beautiful!,neither,0.05175890132461558,0.3283815141148589,0.6198595845605255
AmY,neither,0.03945320844208391,0.33037608806864915,0.630170703489267
LUL,neither,0.03945320844208391,0.33037608806864915,0.630170703489267
burkeEvil burkeEvil burkeEvil,neither,0.03945320844208391,0.33037608806864915,0.630170703489267
Hooray parasites,neither,0.03945320844208391,0.33037608806864915,0.630170703489267
Amy omg,neither,0.03945320844208391,0.33037608806864915,0.630170703489267
i love these parasites,neither,0.04585320805200728,0.42749824860484975,0.5266485433431429
awwww parasites,neither,0.03945320844208391,0.33037608806864915,0.630170703489267
Well THAT's a new shirt slogan,neither,0.0391865087211607,0.2764287623798418,0.6843847288989974
LOL,neither,0.020706217963973744,0.4882283491876925,0.4910654328483337
AMY.,neither,0.03945320844208391,0.33037608806864915,0.630170703489267
AMY I LOVE YOU,neither,0.05499008596315107,0.40328920075804187,0.541720713278807
"""We're like a burrowing parasite"" omg",neither,0.06823500941498392,0.3198384203299275,0.6119265702550886
gandsTWC gandsTWC gandsTWC,neither,0.03945320844208391,0.33037608806864915,0.630170703489267
Mama Key (& Daddy Key) are doing well tonight!! Thanks for asking??,neither,0.04483603301682932,0.27704161690247914,0.6781223500806917
gandsTWC has achieved burrowing parasite status.,neither,0.039801555258909556,0.32446373347436963,0.6357347112667208
"Tal's bottomless fountain of knowledge, right next to Tal's bottomless fountain of youth",neither,0.041200903564951714,0.34047720533233444,0.6183218911027137
!points Amy,neither,0.03945320844208391,0.33037608806864915,0.630170703489267
"That was an excellent pun, Amy! Here, have some points for that one! You have been awarded 57 points!",neither,0.05007717625884537,0.38217957336812336,0.5677432503730313
mailing address to get stuff to them? i didn't see it in the nightbot message,neither,0.04350691059773264,0.34438506622495696,0.6121080231773105
Long live the burrowing parasites!,neither,0.04248544829303225,0.31307859488920664,0.6444359568177611
burkeHype burkeHype burkeHype burkeHype,neither,0.03945320844208391,0.33037608806864915,0.630170703489267
and taliesin's new hair is awesome,neither,0.05073284522039793,0.20441828591505273,0.7448488688645493
awww comic parasites!,neither,0.03945320844208391,0.33037608806864915,0.630170703489267
"Awww yeah! (""we're like a Burrowing Parasite!!"")",neither,0.04403424176238583,0.4064666619961047,0.5494990962415095
Well.. your heart should have a couple holes in it for the blood to flow.,neither,0.06291165834131345,0.31810647981265294,0.6189818618460337
gandsTWC gandsTWC,neither,0.03945320844208391,0.33037608806864915,0.630170703489267
adorable parasites,neither,0.03945320844208391,0.33037608806864915,0.630170703489267
BlessRNG Spread the Comic Book Love,neither,0.03594401992751185,0.3274579354548343,0.6365980446176537
These three are the best burrowing parasites I've ever seen.,neither,0.03771430287765829,0.308712137388848,0.6535735597334937
@miriamkey thanks for joining us again this week!,neither,0.0565409287196805,0.31642626164660176,0.6270328096337178
The Wednesday club: they are parasites,neither,0.057243823574418456,0.28452671703164667,0.6582294593939348
this is precious,neither,0.049443321117322546,0.32880102194283745,0.62175565693984
Yas. burkEvil,neither,0.03945320844208391,0.33037608806864915,0.630170703489267
"I mean, you need atleast 2 holes in your heart amy",neither,0.07272149361320408,0.3531078209524749,0.5741706854343211
gandsTWC gandsTWC gandsTWC gandsTWC gandsTWC,neither,0.03945320844208391,0.33037608806864915,0.630170703489267
burkeEvil,neither,0.03945320844208391,0.33037608806864915,0.630170703489267
Soon-ish,neither,0.03945320844208391,0.33037608806864915,0.630170703489267
"Now we need a t-shirt with a picture of a tapeworm or something with a text bubble saying ""We're like burrowing parasites!""",neither,0.03338767044454172,0.40471642518416145,0.5618959043712969
gandsTWC gandsTWC gandsTWC gandsTWC,neither,0.03945320844208391,0.33037608806864915,0.630170703489267
TWC: We're like burrowing parasites.,neither,0.07317992269345387,0.3181390599211324,0.6086810173854137
burkeDerp burkeDerp burkeDerp burkeDerp,neither,0.03945320844208391,0.33037608806864915,0.630170703489267
@shidareAKI New slogan?,neither,0.04660400397451208,0.1401930676750457,0.8132029283504423
!twc,neither,0.03945320844208391,0.33037608806864915,0.630170703489267
"Here are some handy The Wednesday Club resources! TWC Reddit: reddit.com/r/WednesdayClub/ | Discord: https://discord.gg/6QK9fVB | Wednesday Club Fanclub on Facebook: facebook.com/groups/1945232949091586/ | Send in your thoughts, comic recommendations, questions, and more to Matt, Amy, and Taliesin at thewednesdayclub@geekandsundry.com",neither,0.05001524745118048,0.31503641584425707,0.6349483367045624
"ooh, i like taliesin's vest and shirt combo",neither,0.04729034958032572,0.30900181023441187,0.6437078401852624
gandsTWC gandsTWC gandsTWC,neither,0.03945320844208391,0.33037608806864915,0.630170703489267
daisy parasites,neither,0.03945320844208391,0.33037608806864915,0.630170703489267
burkeUp burkeUp burkeUp burkeUp,neither,0.03945320844208391,0.33037608806864915,0.630170703489267
TWC grew on me... like a tapeworm.,neither,0.03832783034172494,0.41174282851314337,0.5499293411451316
@japenrose I'm down.,neither,0.03945320844208391,0.33037608806864915,0.630170703489267
https://clips.twitch.tv/BoxySmoothMangetoutFeelsBadMan,neither,0.03945320844208391,0.33037608806864915,0.630170703489267
