text,top_class,hate_speech,offensive_language,neither
whats going on tonight?,neither,0.03283439015028693,0.348190401762657,0.6189752080870561
"I played and briefly DMed some shadowrun in college, so I am *way* excited for this",neither,0.029618195396383544,0.3225037679593216,0.6478780366442948
I'm super glad they got Erika to be GM!!,neither,0.04414198767347545,0.3673567553222002,0.5885012570043243
woo woo,neither,0.03945320844208391,0.33037608806864915,0.630170703489267
Woo Erika! :D,neither,0.03945320844208391,0.33037608806864915,0.630170703489267
Hi Erika!,neither,0.03945320844208391,0.33037608806864915,0.630170703489267
I'm so pumped to finally get a peek into Umbral,neither,0.04353717770522308,0.3640268778662723,0.5924359444285046
We switched up my home games from Tuesday’s to Thursday’s...so know I get 6-7 consecutive hours of D&D,neither,0.03547102759482731,0.4156675398409298,0.5488614325642428
Wooo! Erika!,neither,0.03945320844208391,0.33037608806864915,0.630170703489267
"If you're new to cyberpunk, think: Neuromancer, Ghost in the Shell, Blade Runner, The Matrix",neither,0.0504277174467225,0.29229424835613527,0.6572780341971423
!weave,neither,0.03945320844208391,0.33037608806864915,0.630170703489267
"Weave is a 21st century storytelling platform for everyone. With just two decks of cards and a handful of dice, you and your friends can create adventures in any genre, from sci-fi to high school comedy. When combined with the free companion app, Weave provides all the power you'll need to discover new worlds, imagine amazing characters, and save your stories online in minutes. You can find more information at: https://weave.game/",neither,0.05424416382335852,0.3425299335395282,0.6032259026371134
gandsHype gandsHype gandsHype gandsHype gandsHype,neither,0.03945320844208391,0.33037608806864915,0.630170703489267
Your tiny Taters are here to support you!,neither,0.3387500133769575,0.223848193874488,0.43740179274855445
gandsHype gandsHype gandsHype gandsHype gandsHype gandsFacepalm,neither,0.03945320844208391,0.33037608806864915,0.630170703489267
gandsHype gandsHype gandsHype gandsHype gandsHype gandsHype,neither,0.03945320844208391,0.33037608806864915,0.630170703489267
Hurrah for Erika!,neither,0.023896577328981292,0.2538532852897668,0.7222501373812519
PogChamp Do the Things!!!,neither,0.040265176191955784,0.30630494048921375,0.6534298833188305
Erika FTW!,neither,0.03945320844208391,0.33037608806864915,0.630170703489267
"Woot, GM Erika! gandsHype",neither,0.03945320844208391,0.33037608806864915,0.630170703489267
what???,neither,0.057770773616808734,0.3180719994247239,0.6241572269584672
ishii advanced,neither,0.03945320844208391,0.33037608806864915,0.630170703489267
gandsHappy Whitney gandsHype Becca gandsFacepalm,neither,0.03945320844208391,0.33037608806864915,0.630170703489267
Cyberpunk fantasy? Just don't call it Shadowrun...,neither,0.033558310437143066,0.3525157159892673,0.6139259735735897
"Amy's David Bowie tonight, I guess?",neither,0.03701933511228991,0.3171118758607839,0.6458687890269261
"Is everyone rea- oh, they've started. Is everyone ready?",neither,0.02917467916780243,0.4028978652662415,0.567927455565956
"I recognize that face paint on Amy, that's Gina's handiwork",neither,0.03268638310140997,0.39418455705512406,0.5731290598434658
!whodat,neither,0.03945320844208391,0.33037608806864915,0.630170703489267
"Amy Dallen ( twitter.com/enthusiamy ), Gina DeVivo ( twitter.com/pocketgina ), Becca Scott ( twitter.com/thebeccascott ), Erika Ishii ( twitter.com/erikaishii ), Whitney Moore ( twitter.com/TweetneyMoore ).",neither,0.038670787156984035,0.46867677677003794,0.49265243607297804
TOO MUCH PUNKCYBER,neither,0.03280861281865522,0.33978655440730504,0.6274048327740397
Whitney and Becca really should have their own emotes.,neither,0.07197746643343837,0.3218159023818494,0.6062066311847122
!notdnd,neither,0.03945320844208391,0.33037608806864915,0.630170703489267
"Twitch doesn't have a generic RPG tag, so all RPGs get identified as D&D. It is a limitation of the platform.",neither,0.04106306835436559,0.395849038728528,0.5630878929171065
"oof, I just realized I missed the wednesday club",neither,0.035586201879765016,0.3337202310699369,0.630693567050298
"Hi Amy, Whitney, EKbot, Becca and Gina!",neither,0.03882788631130355,0.299422105481188,0.6617500082075084
!notdnd,neither,0.03945320844208391,0.33037608806864915,0.630170703489267
oh,neither,0.051363287716059566,0.22255663153133606,0.7260800807526044
The insanity of the outfits is beyond delightful. XD,neither,0.04372305679933144,0.30664662929872827,0.6496303139019404
@dragonsg01 D&D is a default RPG descriptor for Twitch,neither,0.04055847370595146,0.30383581916976843,0.6556057071242801
I love the makeup,neither,0.034854261729290584,0.32667936451913965,0.6384663737515698
yay erika!,neither,0.03945320844208391,0.33037608806864915,0.630170703489267
Weave advance...this sounds like something I have to update my phone for. :P,neither,0.03742401267579999,0.3736427856085616,0.5889332017156383
Mwahahahahaha,neither,0.03945320844208391,0.33037608806864915,0.630170703489267
"you're gonna knock it out of the park, Erika!",neither,0.06243994922050543,0.3849454794244804,0.5526145713550142
This is Erika's table now. Mwhahahaha.,neither,0.04896715454653148,0.3288850762393072,0.6221477692141614
"We've seen your world, Erika. We're fine with it. :P",neither,0.03755049892835457,0.32240202654485367,0.6400474745267918
"You can do the thing, Erika!",neither,0.06631823123072639,0.3623033809983517,0.5713783877709221
We believe in you Erika!,neither,0.06529225319228464,0.40565995740581107,0.5290477894019042
tinytatoPotato tinytatoPotato tinytatoBallpit tinytatoBallpit gandsHype gandsHype,neither,0.03945320844208391,0.33037608806864915,0.630170703489267
weave opens the doors,neither,0.03873147311293209,0.3172374406776192,0.6440310862094486
Erika is in boss mode.,neither,0.04723843595026544,0.32769839133228734,0.6250631727174473
Erika you will be amazing!!,neither,0.0655267781879407,0.3667158695589664,0.567757352253093
THERES TOO MUCH PUNK,neither,0.04841992046884022,0.09851490200294774,0.8530651775282121
"Is it me, or s Erika really focused and controlled?",neither,0.03775908136960758,0.32792744343223407,0.6343134751981583
tinytatoPotato tinytatoHeart tinytatoPotato tinytatoHeart tinytatoPotato,neither,0.03945320844208391,0.33037608806864915,0.630170703489267
That Bowie makeup :D,neither,0.03416525964002433,0.3882408369687227,0.577593903391253
wait no crit role today?,neither,0.03734354892303703,0.32260658666302755,0.6400498644139353
these some hoy punk outfits,neither,0.05791868347158145,0.1349607610115857,0.8071205555168329
gandsLessthanthree gandsLessthanthree gandsLessthanthree gandsLessthanthree gandsLessthanthree gandsLessthanthree gandsLessthanthree,neither,0.03945320844208391,0.33037608806864915,0.630170703489267
@Chestus It's Wednesday,neither,0.03769120445960379,0.3309821220359783,0.6313266735044178
"@JabberLockey Yeah, that works. XD",neither,0.019798296517688233,0.4849992056277529,0.49520249785455894
@Chestus tomorrow as usula,neither,0.03656992605938735,0.37931291487040963,0.584117159070203
Channel your inner Ivan and slay them all.,neither,0.07633174621240539,0.3358818951630176,0.5877863586245771
toot toot toot toot... lol,neither,0.03704353453394213,0.3467481341517597,0.6162083313142982
Why can no one whistle?,neither,0.02810741993692754,0.3833987399726037,0.5884938400904688
PLEASE STOP.....,neither,0.03943240175070349,0.44925213283960647,0.51131546540969
"@TheDiMono o, losing my mind ty",neither,0.029873195806047505,0.4036123050070648,0.5665144991868877
lol,neither,0.020706217963973744,0.4882283491876925,0.4910654328483337
<3,neither,0.03945320844208391,0.33037608806864915,0.630170703489267
"I just noticed Amy's David Bowie style face paint, and I am so proud.",neither,0.03646742440339475,0.34276597571400175,0.6207665998826036
Erika now has to wrangle the chaos instead of causing it.,neither,0.04257766014205537,0.3122709003757093,0.6451514394822352
http://www.wheniscriticalrole.com/ <<< countdown clock @Chestus,neither,0.03681605254711069,0.24424659369146715,0.7189373537614222
oh amy gandsHappy gandsTWC,neither,0.04535734983354261,0.27438591475104485,0.6802567354154126
<materialises> Wooo! Weave!,neither,0.03945320844208391,0.33037608806864915,0.630170703489267
gandsHappy,neither,0.03945320844208391,0.33037608806864915,0.630170703489267
"Nobody in G&S can whistle still, eh?",neither,0.03355971658183446,0.4453003668855999,0.5211399165325655
@KBTibbs They probably know how to snap. Everyone knows it's impossible to do both.,neither,0.04255662271861229,0.3972558543389775,0.5601875229424104
they all fall into that stero type women cant whistle,neither,0.043534555189634214,0.46623211605391984,0.49023332875644593
"Oh, this is interesting!",neither,0.05547486275246246,0.2739758337785941,0.6705493034689434
"Amy's lightning bolt is very on point. Very ""comic book"".",neither,0.04232905052680342,0.3368140349123584,0.6208569145608381
"I guess we can't hear ""Whistle Wile you Work""!",neither,0.05178309495022962,0.3695018969109094,0.5787150081388609
@the_tboyce i think gina painted amys face,neither,0.039965059889879966,0.32168863317371804,0.638346306936402
are those different cards? or have I just never noticed how much there is on the backs of the cards,neither,0.055877983032645955,0.2829113949547579,0.6612106220125961
@harberst Take that Pop Goes the Weasel!,neither,0.03604153870955835,0.33212150043038613,0.6318369608600556
"nice shaved head, hahahahahha",neither,0.03781061345752563,0.3582552117879122,0.6039341747545621
@babykangaD I'm pretty sure she did. I remember seeing her do that exact design before.,offensive_language,0.030041099816922004,0.5936943779891234,0.3762645221939546
Hey @babykangaD,neither,0.03945320844208391,0.33037608806864915,0.630170703489267
good evening @babykangaD,neither,0.03869882722860525,0.3306355543605695,0.6306656184108252
CHARLIES ANGELS,neither,0.03945320844208391,0.33037608806864915,0.630170703489267
bunch of sleuths,offensive_language,0.0435610490714878,0.55656617187849,0.39987277905002216
"Oh, that's a GREAT one",neither,0.03745675579778456,0.3273919449267702,0.6351512992754451
Hi @babykangaD,neither,0.03945320844208391,0.33037608806864915,0.630170703489267
i like this already,neither,0.05561898247846027,0.38727364199813913,0.5571073755234006
hi,neither,0.03945320844208391,0.33037608806864915,0.630170703489267
what is being played,neither,0.04961175063655642,0.35436535147845016,0.5960228978849935
Hey @babykangaD ! <3,neither,0.03945320844208391,0.33037608806864915,0.630170703489267
@babykangaD Further proof that Gina is extra and amazing. <3,neither,0.04158277957617543,0.3293012316713795,0.6291159887524451
!weave @PBandJotter,neither,0.03945320844208391,0.33037608806864915,0.630170703489267
Erika shuffles menacingly as she explains the rules,neither,0.0379197554897372,0.4140008790214307,0.548079365488832
"Weave is a 21st century storytelling platform for everyone. With just two decks of cards and a handful of dice, you and your friends can create adventures in any genre, from sci-fi to high school comedy. When combined with the free companion app, Weave provides all the power you'll need to discover new worlds, imagine amazing characters, and save your stories online in minutes. You can find more information at: https://weave.game/",neither,0.05424416382335852,0.3425299335395282,0.6032259026371134
Cool!,neither,0.03945320844208391,0.33037608806864915,0.630170703489267
big swole,neither,0.023389797419794668,0.39686754238351835,0.5797426601966869
Is this why Wednesday club ended two minutes early...Bowie make up.,neither,0.036275864978271406,0.348643726440724,0.6150804085810047
Yeah Ginaaaaaa!,offensive_language,0.013968601452186464,0.5182923869769311,0.4677390115708824
Is it like 80s glam sci fi detective,neither,0.04991284198174786,0.3381307486109914,0.6119564094072607
"Good job as always, Gina",neither,0.03463782275256159,0.42812694455775885,0.5372352326896797
Man I love the graphic design for this game. Kreygasm,neither,0.03242463659864047,0.3205002815620778,0.6470750818392818
Gina the Makeup goddess!,neither,0.03861389950354958,0.31504808852448957,0.646338011971961
gina painted her face but forgot the design was on the side that wouldnt be seen... so she switched seats with amy,offensive_language,0.026063609913744505,0.5115973601996079,0.46233902988664755
I like it. Just wondering.,neither,0.04402321392103907,0.375710234229175,0.5802665518497859
go gina!,neither,0.04276165647058889,0.34190019769565555,0.6153381458337556
ladies looking fab tonight. loving this,neither,0.037440202173404796,0.31617645074855544,0.6463833470780397
Ahahahaha,neither,0.03945320844208391,0.33037608806864915,0.630170703489267
Whitney!!,neither,0.03945320844208391,0.33037608806864915,0.630170703489267
wait gina did the makeup?? awesome!!!,neither,0.038696045689500004,0.31657938581978606,0.6447245684907139
"We can hear him, Erika <3",neither,0.039433252439583136,0.33071479351210364,0.6298519540483132
Hello @babykangaD,neither,0.03945320844208391,0.33037608806864915,0.630170703489267
"Of course Gina did the make-up. I was wondering why Amy was rocking a ziggy stardust look, and now I know.",neither,0.0321080504207187,0.3363956774336839,0.6314962721455973
We can hear him pretty well.,neither,0.03943763373601964,0.3306404314773037,0.6299219347866767
Lol... Whitney is such an adorable tool.,neither,0.03937224457635628,0.35927926902282775,0.6013484864008158
"we can hear him, not that we want to",neither,0.04040670053770127,0.36411846550214627,0.5954748339601524
can hear Kyle mostly ok,neither,0.03962131147814977,0.3275229408326467,0.6328557476892035
It's Calvinball but with RPGs :D,neither,0.025117508201372606,0.378043166038956,0.5968393257596714
PogChamp Advanced mode Activate MrDestructoid,neither,0.03945320844208391,0.33037608806864915,0.630170703489267
I love how everybody kinda closet cosplays for Weave Society,neither,0.03393878622435531,0.3193156124067086,0.6467456013689361
mom slay them!,neither,0.0548978634490712,0.3218229743789513,0.6232791621719773
revolutionary,neither,0.03945320844208391,0.33037608806864915,0.630170703489267
"wait if they're actually editing the game around this show, that means they're like... professional beta testers lmao",neither,0.05485971018948793,0.30074206299818057,0.6443982268123314
Want the inside scoop? Join the cast of Critical Role and discuss this episode right here on Talks Machina. Tuesdays 7pm Pacific at twitch.tv/geekandsundry and projectalpha.com,neither,0.04630302093207864,0.22484473131932575,0.7288522477485957
@geekandsundry gina should get 2 cheques makeup and entertainment CoolCat,neither,0.046584872585835116,0.3300529088636891,0.6233622185504759
Love the makeup,neither,0.034854261729290584,0.32667936451913965,0.6384663737515698
what app/system is this?,neither,0.05285603532776176,0.32530240282798,0.6218415618442583
@Meg_TheDreamer hiii!,neither,0.03945320844208391,0.33037608806864915,0.630170703489267
!weave @OG_DevDog,neither,0.03945320844208391,0.33037608806864915,0.630170703489267
"Weave is a 21st century storytelling platform for everyone. With just two decks of cards and a handful of dice, you and your friends can create adventures in any genre, from sci-fi to high school comedy. When combined with the free companion app, Weave provides all the power you'll need to discover new worlds, imagine amazing characters, and save your stories online in minutes. You can find more information at: https://weave.game/",neither,0.05424416382335852,0.3425299335395282,0.6032259026371134
!weave,neither,0.03945320844208391,0.33037608806864915,0.630170703489267
!weave,neither,0.03945320844208391,0.33037608806864915,0.630170703489267
@Critternation3000 fair enough...,neither,0.03945320844208391,0.33037608806864915,0.630170703489267
#WhitneyStats,neither,0.03945320844208391,0.33037608806864915,0.630170703489267
Is this going to be one of those Glam RockPG we have seen a thousand times. :P,neither,0.06694410654248793,0.32759461776063176,0.6054612756968805
I won the race!,neither,0.4152351557871255,0.019211056036227,0.5655537881766475
:D,neither,0.03945320844208391,0.33037608806864915,0.630170703489267
Ch-ch-ch-changes?,neither,0.03945320844208391,0.33037608806864915,0.630170703489267
WHAT 1978 ITS THE FUTURE,neither,0.037692232652532506,0.31535569004150993,0.6469520773059575
press x doe. :(,neither,0.03945320844208391,0.33037608806864915,0.630170703489267
MIB,neither,0.03945320844208391,0.33037608806864915,0.630170703489267
Yeah it's Shadowrun.,offensive_language,0.01482352794274893,0.5028216638527432,0.48235480820450793
amazing.,neither,0.03945320844208391,0.33037608806864915,0.630170703489267
"@Despoiler98 We're going Back to the Future, Marty!",neither,0.062464518577694535,0.31224776163646956,0.6252877197858359
"@Henchman2121 maybe... maybe you could change your handle to ""hunchman2121"" but only if you are proven correct...",neither,0.08134561196233663,0.38443650117375217,0.5342178868639113
This sounds so cool!,neither,0.03929863133036641,0.38333000956751795,0.5773713591021156
Omg it's Shadowrun-lite and I'm already in love.,neither,0.03336804502356263,0.3215265916382735,0.6451053633381638
Magitech is my jam,neither,0.033558963455606924,0.4341278189808811,0.532313217563512
I hear Amy squee xD,neither,0.03945320844208391,0.33037608806864915,0.630170703489267
"Shadowrun? Oh, Sam de Leve must be so jealous!",neither,0.04451306678462307,0.31773295724846606,0.637753975966911
Do.. Shadowkin... run?,neither,0.04170470002628401,0.3296016968693396,0.6286936031043765
"So we've gone from Shadowrun where magic and cyberpunk mingle in the future, to this game where it's all nostalgia for 1978.",neither,0.02769641531779397,0.2716202434817825,0.7006833412004234
Magitech always says Final Fantasy 6 to me.,neither,0.036896786238201654,0.401783474857622,0.5613197389041764
the phones,neither,0.03826739049100925,0.3084973326782542,0.6532352768307366
No Corp is the Best Corp!,neither,0.042343542731059794,0.3236097895079817,0.6340466677609585
Important question. Are dragons running corporations?,neither,0.05457796642931986,0.3020874883987603,0.6433345451719198
why phones?,neither,0.026266441515015324,0.34958863006761143,0.6241449284173733
ahhh im late,neither,0.038618524465599054,0.36205856383738666,0.5993229116970143
@MastaMoMo That is how the game is played.,neither,0.05023959805976394,0.31128127207394785,0.6384791298662882
Shadowrun is Awesome,neither,0.051604876223397336,0.3261965722966076,0.622198551479995
@MastaMoMo The game is partially an app.,neither,0.04473553376312548,0.2807338599487737,0.6745306062881008
gotcha,neither,0.03945320844208391,0.33037608806864915,0.630170703489267
a desk computer?!?1,neither,0.03945320844208391,0.33037608806864915,0.630170703489267
"When she says it that way, I keep thinking the computer is a gargoyle that crouches on your desk and glares at you.",neither,0.05411139831849307,0.45790085123076585,0.4879877504507411
@mastamomo its an app rpg system,neither,0.034337694093489725,0.3273896180040083,0.6382726879025021
I feel like this whole playset has the aesthetic from the Legion TV Show.,neither,0.05451611248252953,0.26325213981577417,0.6822317477016964
"@Zismarith same, Final Fantasy VI was very influential on me. The first game that I loved so much that I read fanfic of it on the early message boards of the mid-90's.",neither,0.02860492471070828,0.3605593497741611,0.6108357255151305
@super390 That'd be amazing xD,neither,0.0349841331563607,0.3902795804458678,0.5747362863977716
"Oh, it's The A-Team with magic. I pity the fool who casts firebolt at me.",neither,0.0292388538613209,0.3800493637135812,0.5907117824250979
@deathstar_taco our super villain would notice. As low as I am on the totem pole...I can’t seem to get anything passed her.,neither,0.033731198078318855,0.4519668354885266,0.5143019664331545
Only saeder krupp in the Triple-A corps,neither,0.038474958155595006,0.3124398873479198,0.6490851544964853
Oooooooh,neither,0.03945320844208391,0.33037608806864915,0.630170703489267
what next? is this desk computer potable as well?,neither,0.04727129123523033,0.3600627259315129,0.5926659828332568
1970's means there will be many majestic mustaches. icyFANCY,neither,0.04045001709802602,0.29356755428299336,0.6659824286189806
the makeup is rockin',neither,0.04663171393362396,0.31178717571698855,0.6415811103493875
gandsFjord,neither,0.03945320844208391,0.33037608806864915,0.630170703489267
LORE gandsSpoopy gandsTWC,neither,0.03945320844208391,0.33037608806864915,0.630170703489267
this sounds like a really cool playset,neither,0.05085984809664207,0.34870550526948324,0.6004346466338747
@GeekandSundry Aaaaaaaaand my love for this setting just tripled!,neither,0.025414204151573305,0.3844132896095249,0.5901725062389017
full metal alchemist like?,neither,0.07818382340324022,0.3374879087837896,0.5843282678129702
@MastaMoMo there is an app that allows the cards to be scanned,neither,0.04812973236330819,0.31068323881794224,0.6411870288187496
do you have to have the cards to check out the app?,neither,0.05528274918181772,0.35244415179741273,0.5922730990207696
swol sword caster,neither,0.03945320844208391,0.33037608806864915,0.630170703489267
!whodat,neither,0.03945320844208391,0.33037608806864915,0.630170703489267
"Amy Dallen ( twitter.com/enthusiamy ), Gina DeVivo ( twitter.com/pocketgina ), Becca Scott ( twitter.com/thebeccascott ), Erika Ishii ( twitter.com/erikaishii ), Whitney Moore ( twitter.com/TweetneyMoore ).",neither,0.038670787156984035,0.46867677677003794,0.49265243607297804
1970s wait ya know what that means STAR WAAAAARRRRRRS,offensive_language,0.028717661731166057,0.5538713199295336,0.4174110183393002
We oldsters in chat must now come up with all the most ridiculous 1978 anachronisms.,neither,0.031668601448930224,0.41848228665331727,0.5498491118977525
"In 1978, I was -2",neither,0.03932308402678661,0.332584638993907,0.6280922769793064
Like Boomboxes.,neither,0.10032665912632961,0.39589500941497124,0.5037783314586992
I was 1.,neither,0.039089514555301665,0.336548922492753,0.6243615629519452
-5,neither,0.03945320844208391,0.33037608806864915,0.630170703489267
The real question is: is Star Wars less impressive in a Fantasy/Cyberpunk alternate future?,neither,0.04277617430778573,0.3760880078942447,0.5811358177979694
Normal is boring!,neither,0.048185558507287965,0.32737263245405174,0.6244418090386603
I was -12.,neither,0.039275989294386,0.333383959510203,0.627340051195411
I'm not old enough to be hip to all the groovy slang I'm sure you'll come up with @super390,offensive_language,0.041847203898679027,0.5165612229532193,0.44159157314810177
i was -12,neither,0.039275989294386,0.333383959510203,0.627340051195411
"Boomboxes was more of an early 1980's thing, since that was the explosion of cassette tapes.",neither,0.03874443249551485,0.32471841945265045,0.6365371480518347
"@stargazer1977 It's old enough that I've never even considered FF6 and ""fanfic"" in the same sentence.",neither,0.020856288825740758,0.34887635202571304,0.6302673591485463
We have a subscriber-only Discord server! Join here: https://discord.gg/geekandsundry (you'll need to sub and link it to your Twitch) and be a part of the fun!...Warning: It can take up to an hour for the server to update and give you access to the channels,neither,0.08464076273808444,0.286394834032893,0.6289644032290227
-4,neither,0.03945320844208391,0.33037608806864915,0.630170703489267
!respect,neither,0.03945320844208391,0.33037608806864915,0.630170703489267
"If you would like to share opinions on our hosts, guests or fellow viewers, please do so in a respectful manner. Don't make them feel uncomfortable.",neither,0.04843323757214918,0.39559142321184637,0.5559753392160044
@despoiler98 star wars was a long time ago in a galaxy far far away piboTea,neither,0.039402546016535096,0.3283463838504613,0.6322510701330036
Ooooooh,neither,0.03945320844208391,0.33037608806864915,0.630170703489267
let's see... barf green shag carpeting... barf orange linoleum...,neither,0.02873265462847741,0.33456868871503226,0.6366986566564903
Yes Whitney XD,neither,0.03945320844208391,0.33037608806864915,0.630170703489267
"@Zismarith the web was young, but message boards did have entire fanfic sections. :)",neither,0.035096386460792606,0.3615771605788355,0.6033264529603719
@stargazer1977 I was in Japan in the late '70s; boomboxes were invented there.,neither,0.03904112783504836,0.28654985793190807,0.6744090142330437
RIP Whitney,neither,0.03945320844208391,0.33037608806864915,0.630170703489267
lol,neither,0.020706217963973744,0.4882283491876925,0.4910654328483337
@Critternation3000 haha,neither,0.03186685585600258,0.45913629025701075,0.5089968538869867
You guys should check out the work of artist Paul Bonner. He did some really cool cyberpunk fantasy illustrations for another RPG back in the day...,neither,0.06374081525775653,0.307979070643953,0.6282801140982905
@Critternation3000 Sooooooo.......1978?,neither,0.03945320844208391,0.33037608806864915,0.630170703489267
Slay them all Erika!,neither,0.06038478091130791,0.40897690364118544,0.5306383154475067
Amy needs to be an Empath.,neither,0.046598224342898655,0.3251228561135761,0.6282789195435251
oh and wood paneling that was from before the 70s,neither,0.03720939115965368,0.32045283896447074,0.6423377698758757
"Death in RPGs = Stakes, Stake are good. This is good.",neither,0.06376144365838153,0.29672932984701705,0.6395092264946013
"Help G&S make great content! $4.99/month gets you emotes, Minecraft server access, sub-only VODs, and more! Every sub keeps the channel alive! twitch.tv/geekandsundry/subscribe",neither,0.043907990691603095,0.31135964332838284,0.644732365980014
Oh nooo,neither,0.0456283565223502,0.2719307315164877,0.6824409119611621
we shall now see if Becca can cheat death,neither,0.026695098345953187,0.3687390539878276,0.6045658476662192
*whispers* TPK. TPK. TPK.,neither,0.03945320844208391,0.33037608806864915,0.630170703489267
lol,neither,0.020706217963973744,0.4882283491876925,0.4910654328483337
soo that's 30 strikes each,neither,0.03664802331746386,0.3607348198553852,0.6026171568271509
8-track spell decks.,neither,0.03945320844208391,0.33037608806864915,0.630170703489267
Erika gets to be a Killer GM?,neither,0.045693812988188746,0.33020042732832877,0.6241057596834825
Mmmm... stakes....,neither,0.03945320844208391,0.33037608806864915,0.630170703489267
@phoenixgoth lol,neither,0.020706217963973744,0.4882283491876925,0.4910654328483337
Becca can always cheat it seems,neither,0.03673925267189142,0.37878293769449156,0.5844778096336172
Possibly!,neither,0.03945320844208391,0.33037608806864915,0.630170703489267
@phoenixgoth I mean if Becca couldn't get a tpk...,neither,0.02067713634242979,0.4017743808562125,0.5775484828013577
get them Erica,neither,0.05482223896166419,0.3311966444736108,0.6139811165647251
