text,top_class,hate_speech,offensive_language,neither
Hi @Seagro,neither,0.03945320844208391,0.33037608806864915,0.630170703489267
We'll see if PvE improves with the new DLC May 8th.,neither,0.02455658064426271,0.3063341233036029,0.6691092960521345
gandsLore gandsLore gandsLore gandsLore,neither,0.03945320844208391,0.33037608806864915,0.630170703489267
Lore me Sempai!,neither,0.018491955366437673,0.460246435692358,0.5212616089412043
Greetings Amy and Raiders!,neither,0.03874561192742724,0.2949784511471569,0.666275936925416
#EnthusiArmy raid!,neither,0.03945320844208391,0.33037608806864915,0.630170703489267
Numenera rules!,neither,0.03945320844208391,0.33037608806864915,0.630170703489267
"Goodness, I've been interested in this game and setting for a while now, and hearing Ryan talk about it? Mmm-MM",neither,0.02054368138472245,0.2817461236500711,0.6977101949652064
azaxePog,neither,0.03945320844208391,0.33037608806864915,0.630170703489267
ENTHUSIARMY RAID! gandsHappy gandsHug s for the gandsHug inclined!,neither,0.03412816705421331,0.29512293809077,0.6707488948550168
#EnthusiARMY RAID. Hugs for the hug inclined,neither,0.03519761243420562,0.3022028610332387,0.6625995265325556
Greetings Amy and raiders.,neither,0.03874561192742724,0.2949784511471569,0.666275936925416
"Greetings, Enthusiraiders",neither,0.03945320844208391,0.33037608806864915,0.630170703489267
#EnthusiarmyRAID amydFocus amydFocus amydFocus,neither,0.03945320844208391,0.33037608806864915,0.630170703489267
Numenera HYPE!!!!!!,neither,0.03945320844208391,0.33037608806864915,0.630170703489267
#EnthusiArmy RAID! gandsHug s for gandsHug -inclined!,neither,0.03455895656823677,0.3059236746123073,0.659517368819456
Hugs for the hug inclined!,neither,0.03454421066142405,0.2978767114667817,0.6675790778717943
gandsHappy gandsHappy gandsHappy gandsHappy,neither,0.03945320844208391,0.33037608806864915,0.630170703489267
"@GeekandSundry ENTHUSIARMY MARCHES! Welcome back, Ryan. :D",neither,0.03945320844208391,0.33037608806864915,0.630170703489267
jcvimBye amy,neither,0.03945320844208391,0.33037608806864915,0.630170703489267
I enjoyed when i played a Rugged Jack that Controls Beasts!,neither,0.030902400070419906,0.3878233421299536,0.5812742577996264
We have a subscriber-only Discord server! Join here: https://discord.gg/geekandsundry (you'll need to sub and link it to your Twitch) and be a part of the fun!...Warning: It can take up to an hour for the server to update and give you access to the channels,neither,0.08464076273808444,0.286394834032893,0.6289644032290227
"Oh wow, cool",neither,0.04549149180504976,0.27316933208297767,0.6813391761119725
Hi Ryan and Monte!,neither,0.03865039986561582,0.28968446037165835,0.6716651397627258
"whoa, Monte Cook",neither,0.03945320844208391,0.33037608806864915,0.630170703489267
I've never heard of this world.,neither,0.017401988446347494,0.35064298638655095,0.6319550251671017
Holy Crap. Monty Cook had such a huge impact on my gaming life.,neither,0.030722014407561272,0.40855679019648866,0.56072119539595
montee cook a rpg legend,neither,0.03945320844208391,0.33037608806864915,0.630170703489267
EnthusiArmy raid amydFocus amydFocus,neither,0.03945320844208391,0.33037608806864915,0.630170703489267
Monte*,neither,0.03945320844208391,0.33037608806864915,0.630170703489267
opps,neither,0.03945320844208391,0.33037608806864915,0.630170703489267
I want to be Monte Cook if I am forced to grow up.,neither,0.034271941484756346,0.39310093356634374,0.5726271249489
"Download the new Critical Role theme song for Campaign Two! http://itunes.apple.com/album/id1331550250?ls=1&app=itunes Sales of the song support the musician, Jason Charles Miller.",neither,0.04445767596344001,0.2510827790306858,0.7044595450058742
"Help G&S make great content! $4.99/month gets you emotes, Minecraft server access, sub-only VODs, and more! Every sub keeps the channel alive! twitch.tv/geekandsundry/subscribe",neither,0.043907990691603095,0.31135964332838284,0.644732365980014
"Came in late, what is the book they are talking about?",neither,0.06886336753730106,0.2995475592099863,0.6315890732527125
Numenera,neither,0.03945320844208391,0.33037608806864915,0.630170703489267
Numenera!,neither,0.03945320844208391,0.33037608806864915,0.630170703489267
Numenera rpg,neither,0.03945320844208391,0.33037608806864915,0.630170703489267
@Defigo Numenera with its creator,neither,0.023443188208367695,0.37186534694339485,0.6046914648482375
"hence, the ninth world! there have been... at least nine?",neither,0.037615157045903284,0.31535155939948756,0.6470332835546091
gandsHype David,neither,0.03945320844208391,0.33037608806864915,0.630170703489267
"Aww, thank you",neither,0.057780898325302935,0.39134854824816984,0.5508705534265272
@Ryan It's basically introducing someone from medieval times to Alexa.,neither,0.04307862665154444,0.317861846747454,0.6390595266010015
Nein world?,neither,0.03945320844208391,0.33037608806864915,0.630170703489267
yes world nein!,neither,0.03945320844208391,0.33037608806864915,0.630170703489267
Yep nein,neither,0.03945320844208391,0.33037608806864915,0.630170703489267
what exactly is numenera,neither,0.05996579570658192,0.3206379163086267,0.6193962879847914
its a crpg,neither,0.02700859978372578,0.3346563596412867,0.6383350405749875
A roleplaying game,neither,0.03826383497213389,0.24674689817812728,0.7149892668497387
pc game,neither,0.03870749363185107,0.2840894393972219,0.6772030669709269
is it any good?,neither,0.047837097787102524,0.3274924840745998,0.6246704181382976
My understanding is the same for now. Magic is a kind of technology. But not like they said doing the ritual and then flipping a switch. That’s just dumb. For me the ritual is the tool.,neither,0.03453648834695519,0.3459991403636113,0.6194643712894334
pen'n'paper rpg as well,neither,0.037752101322348776,0.35924831542636776,0.6029995832512834
"No, table top, like D&D",neither,0.04990748041073951,0.36191461658879326,0.5881779030004671
ah ok,neither,0.03938726060080474,0.3314953950453076,0.6291173443538877
cool,neither,0.03945320844208391,0.33037608806864915,0.630170703489267
"@GeekandSundry Man I'm having a hard time dealing with Monte Cook here, he wrote one of my FAVORITE D&D books, The Book Of Vile Darkness.",offensive_language,0.039799494191829723,0.4978146986730782,0.4623858071350921
"It's both, Numenara is the setting.",neither,0.04498137618419764,0.3123564884244141,0.6426621353913882
"Oh, is there a video game based on this also?",neither,0.05021285535222217,0.18098178397070636,0.7688053606770714
"There is also a computer game, Torment: Tides of Numenera",neither,0.04594724449308248,0.2581650437703972,0.6958877117365203
Numenera are basically a 1 shot magic item that causes problems if you have too many. It is from the Numenera RPG system from Monte Cook!,neither,0.04767146295618284,0.35405088324092543,0.5982776538028918
is the video game any good?,neither,0.050849051452229246,0.18557054100422804,0.7635804075435428
I kickstarted it.,neither,0.034373745257138544,0.33212314837979673,0.6335031063630647
"It's an rpg like D&D where players explore through the ruins of eight previous high tech civilizations, themselves at a medieval tech. Yeah, the video game was licensed from MCG.",neither,0.03590396125045408,0.33776336218502195,0.6263326765645238
The video game is quite good IMO,neither,0.04780024065021325,0.21990659561181625,0.7322931637379705
also torment planescape?,neither,0.03945320844208391,0.33037608806864915,0.630170703489267
"It's Baldur's Gate/Pillars of Eternity style gameplay, so if you like those, yeah it's good.",neither,0.04038610261741313,0.47205571605796315,0.4875581813246237
i did like those,neither,0.11293476379112655,0.2427477329789816,0.6443175032298919
@TheWaveintheDark Tormanr: Tides of Numenera is a spiritual successor to Planescape Torment,neither,0.05878380338195906,0.32186056860513124,0.6193556280129098
"Oh, Torment. I knew I read the word Numenera before.",neither,0.0397285440235719,0.3296330863574494,0.6306383696189787
What time is critical role?,neither,0.050568620088114996,0.34086687790690606,0.6085645020049789
http://www.wheniscriticalrole.com/ <<< countdown clock .,neither,0.03681605254711069,0.24424659369146715,0.7189373537614222
"@Zismarith iS PILLARS OF ETERNITY ANY GOOD ,",neither,0.050287416672109536,0.32664970704919705,0.6230628762786934
i like this guys theories behind it,neither,0.04962793982357997,0.3530504886460752,0.5973215715303449
thanks,neither,0.035884468650613,0.3004919205142699,0.6636236108351171
@Crack_Rabbit About 3 hours,neither,0.037272476258172586,0.36738880448711053,0.5953387192547169
Stalker!,neither,0.03945320844208391,0.33037608806864915,0.630170703489267
sorry for capslock,neither,0.03035151952817197,0.2850547749546055,0.6845937055172225
Roadside Picnic also has a game based on it for those interested! It's called S.T.A.L.K.E.R.,neither,0.04423873746955428,0.2575722956605717,0.698188966869874
LaVengeanceDeSnarckys its fantastic,neither,0.03266664412200374,0.33271029874032065,0.6346230571376755
Good movie too,neither,0.04117264357568317,0.2869388786212574,0.6718884778030594
@ironsleeve Ok thanks :),neither,0.036679458346100965,0.30877397624175834,0.6545465654121406
there's an pen'n'paper rpg of Stalker as well,neither,0.03835498224406345,0.32157585803764155,0.640069159718295
Sounds like a fun world to explore,neither,0.05381941217379476,0.3391137114616922,0.607066876364513
"@LaVengeanceDeSnarckys If you like that style of RPG, yes it's very good.",neither,0.03747526212080036,0.46098173358655964,0.5015430042926399
STALKER is just a good set of games,neither,0.041191491299158174,0.3445362924571987,0.6142722162436431
http://store.steampowered.com/app/272270/Torment_Tides_of_Numenera/,neither,0.05830379392100965,0.23438306161084096,0.7073131444681494
@Defigo It is,neither,0.059603583318096655,0.32344545014120724,0.616950966540696
Roadsoad Picnic is a fantastic book to read to get into a Numenera frame of mind.,neither,0.052888203417738915,0.32890389699608286,0.6182078995861782
@Zismarith thanks,neither,0.035884468650613,0.3004919205142699,0.6636236108351171
:),neither,0.03945320844208391,0.33037608806864915,0.630170703489267
So Planescape: Torment is D&D and Torment: Tides of Numenera are completely different RPG systems. Yay! Learning. :D,neither,0.061154037546563525,0.3006519370490192,0.6381940254044172
evening chat,neither,0.03945320844208391,0.33037608806864915,0.630170703489267
Save or Dice has been having a campaign in Numenera.,neither,0.039507510158170216,0.3294544462304784,0.6310380436113514
Hi,neither,0.03945320844208391,0.33037608806864915,0.630170703489267
evening @JoEddy77,neither,0.03945320844208391,0.33037608806864915,0.630170703489267
Hi @JoEddy77 @marissa_kay_sonia,neither,0.03945320844208391,0.33037608806864915,0.630170703489267
Though Planescape (the tabletop RPG) and Tides of Numenera (the tabletop RPG) both had some of the same people working on them ;),neither,0.0559169624937961,0.2915102330396205,0.6525728044665834
"If you found a smartphone and were at medieval level of technology you might think of it as a handheld lamp with weird runes on it, because you can't get past the password screen, and using it as a lamp might be incredibly useful to you, but you're only using a tiny fraction of its real abilities and not in the intended way.",neither,0.04388306112386943,0.4461660720337848,0.5099508668423459
arcanum of steamworks and magic obscura is another really gud crpg,neither,0.10357592204867933,0.2183740686155994,0.6780500093357212
How are y'all doing?,neither,0.08420564541786014,0.3642744336952775,0.5515199208868623
@TheWaveintheDark That was such a fungame,neither,0.033842899356050234,0.3907277364797545,0.5754293641641952
We have a subscriber-only Discord server! Join here: https://discord.gg/geekandsundry (you'll need to sub and link it to your Twitch) and be a part of the fun!...Warning: It can take up to an hour for the server to update and give you access to the channels,neither,0.08464076273808444,0.286394834032893,0.6289644032290227
"@brucecordell Alright, full circle. :)",neither,0.057746471037238636,0.32408419621359696,0.6181693327491644
"just dandy marissa, how are you",neither,0.13331782222798674,0.3624868817412583,0.504195296030755
"Ah, yes. One of my favorite creators talking about one of my favorite games.",neither,0.027671816341056525,0.45242208991091726,0.5199060937480261
"starpilotsix, that's a great point about the smart phone :)",neither,0.03331145232487158,0.35213364927933477,0.6145548983957936
Numenera and Invisible Sun too allow for so much fun improvisation and creativity within the worlds they provide,neither,0.03415893075466878,0.2980135688142231,0.6678275004311081
"Help G&S make great content! $4.99/month gets you emotes, Minecraft server access, sub-only VODs, and more! Every sub keeps the channel alive! twitch.tv/geekandsundry/subscribe",neither,0.043907990691603095,0.31135964332838284,0.644732365980014
Yeah @Rourke9 MCG has been super busy :),neither,0.02610496001927549,0.42068092139385216,0.5532141185868724
"Numenera let me have my party fight the very bridge they stood on, which, being a smartfluid, sprouted tentacles, walls, and swordsmen to fight them.",neither,0.027997643015985334,0.39002704924650305,0.5819753077375116
"Couldn't just kill the bridge, though. They were on that bridge!",neither,0.14430502506929116,0.28749123611088045,0.5682037388198286
"I'm doing pretty good, getting ready to make dinner",neither,0.04058219891836626,0.3797933684403355,0.5796244326412981
@brucecordell did you work on both? :),neither,0.0546052956127044,0.4016630460051415,0.543731658382154
thats rad,neither,0.03945320844208391,0.33037608806864915,0.630170703489267
I still wish they'd make a modern game based on Rifts. I have a soft spot for that world from high school.,neither,0.03155148181469849,0.3643857343705412,0.6040627838147604
hope its a good one,neither,0.07142989667183325,0.23274394917004912,0.6958261541581177
"@Triamas hah! Well, I was thinking Monte... but yes now that you mention it, me too",neither,0.03767034217484137,0.4202572649147634,0.5420723929103952
