text,top_class,hate_speech,offensive_language,neither
@shandravdeg what a bummer. That was my favorite. :(,neither,0.030720190345803935,0.4333975096400906,0.5358823000141054
"Where do you think he gets his questions from, @Boredthing ?",neither,0.09569622187342501,0.316545140228267,0.587758637898308
@Boredthing Been doing it for a couple months now.,neither,0.03320714086036363,0.3103722299431801,0.6564206291964563
@Henchman2121 It was a good one but we only have so much space for emotes.,neither,0.02828432573762456,0.37836145732549226,0.5933542169368832
0_0,neither,0.03945320844208391,0.33037608806864915,0.630170703489267
We have a subscriber-only Discord server! Join here: https://discord.gg/geekandsundry (you'll need to sub and link it to your Twitch) and be a part of the fun!...Warning: It can take up to an hour for the server to update and give you access to the channels,neither,0.08464076273808444,0.286394834032893,0.6289644032290227
B),neither,0.03945320844208391,0.33037608806864915,0.630170703489267
How does one subscribe via the phone app. It is not user friendly and tells you nothing.,neither,0.041429876858089534,0.298507116739121,0.6600630064027895
!questions,neither,0.03945320844208391,0.33037608806864915,0.630170703489267
"To make it easier to read questions in chat, please preface your questions with the word question in all caps. For example, QUESTION: How are you today?",neither,0.06209713493468228,0.3342013724685751,0.6037014925967426
!sub,neither,0.03945320844208391,0.33037608806864915,0.630170703489267
Help support the #GnSLive twitch channel! $4.99/month gets you exclusive sub-only benefits and helps keep the channel alive! Thanks! twitch.tv/geekandsundry/subscribe or for MOBILE https://secure.twitch.tv/products/geekandsundry/ticket/new,neither,0.047564760200365624,0.28780811278399754,0.6646271270156369
@texasjoebbq Mobile link above.,neither,0.03945320844208391,0.33037608806864915,0.630170703489267
"Download the new Critical Role theme song for Campaign Two! http://itunes.apple.com/album/id1331550250?ls=1&app=itunes Sales of the song support the musician, Jason Charles Miller.",neither,0.04445767596344001,0.2510827790306858,0.7044595450058742
!rbschedule,neither,0.03945320844208391,0.33037608806864915,0.630170703489267
Find the unfinished rebroadcast schedule for the weekend here: http://bit.ly/WeekRebroadcast,neither,0.05904738035105781,0.17020024858160615,0.7707523710673361
That's a great big negative,neither,0.021255188717894787,0.40106596859535465,0.5776788426867505
QUESTION: What would be after effects when Yellowstone volcano erupts?,neither,0.035432262331307245,0.36240100432827416,0.6021667333404186
"""more or less fine""",neither,0.04135875053414836,0.3204409968804463,0.6382002525854054
"Help G&S make great content! $4.99/month gets you emotes, Minecraft server access, sub-only VODs, and more! Every sub keeps the channel alive! twitch.tv/geekandsundry/subscribe",neither,0.043907990691603095,0.31135964332838284,0.644732365980014
!rbschedule,neither,0.03945320844208391,0.33037608806864915,0.630170703489267
Find the unfinished rebroadcast schedule for the weekend here: http://bit.ly/WeekRebroadcast,neither,0.05904738035105781,0.17020024858160615,0.7707523710673361
@danoba The world is somehow oblivious and intentional in it’s cruelty. Melancholy consumes the light of day.,neither,0.04224857655117784,0.27671917527141393,0.6810322481774082
"QUESTION: As a horrible power nobody would want, where does Phasing rank, and why?",neither,0.023304802873412665,0.45429803956909337,0.5223971575574939
"@danoba sorry, I needed to be dramatic for a sec.",neither,0.039741772226413424,0.30897377315307223,0.6512844546205143
@Henchman2121 I was trying to figure out what happene.,neither,0.046577984152288754,0.34045806456978767,0.6129639512779236
happened*,neither,0.03945320844208391,0.33037608806864915,0.630170703489267
QUESTION: How much power does the Death Star's super laser output ?,neither,0.028092691940887447,0.4042980401599917,0.5676092678991209
Phasing as in.....?,neither,0.03526785361617744,0.40141248236997434,0.5633196640138481
@pixl3mast3r I’m pretty sure that has been answered on YouTube before?,neither,0.02999561015190591,0.48048599731794384,0.48951839253015034
QUESTION: is it possible to find a whole country from space,neither,0.056448417879789804,0.25636790778172125,0.6871836743384889
QUESTION: What can you say about Tokaimura nuclear accident?,neither,0.05787034777356545,0.38559496956462047,0.556534682661814
Insubstantial ability.,neither,0.03945320844208391,0.33037608806864915,0.630170703489267
hello,neither,0.03945320844208391,0.33037608806864915,0.630170703489267
wow,neither,0.03945320844208391,0.33037608806864915,0.630170703489267
Holy shit....,offensive_language,0.04257650662097627,0.9573463282193174,7.716515970639687e-05
QUESTION: how accurate was ‘The Martian’ scientifically?,neither,0.03872649306756601,0.3201494404923278,0.6411240664401062
There is a whole book by Kip Thorne about the physics of Interstellar. They thought through a whole bunch of stuff in making that film.,neither,0.043167477419966384,0.3553931434609399,0.6014393791190936
I loved Intersteller,neither,0.03945320844208391,0.33037608806864915,0.630170703489267
It would be worse than a Dyson sphere,neither,0.044122923808688874,0.22410325789758861,0.7317738182937225
"pretty awesome, but could a structure really be in a black hole? :D",neither,0.05147667401309375,0.3280565066526967,0.6204668193342094
QUESTION: Could gravitational waves obscure matter and energy in the universe that we call dark matter and dark energy? Would it make a difference if the universe was pixelated?,neither,0.03111654848185984,0.32563930041793315,0.6432441511002072
How many memes can you fit inside the sun?,neither,0.04224557036634308,0.20068722115793183,0.7570672084757252
That would be even larger than a Dyson Sphere,neither,0.03565521655053928,0.37489996669910597,0.5894448167503546
!rbschedule,neither,0.03945320844208391,0.33037608806864915,0.630170703489267
Find the unfinished rebroadcast schedule for the weekend here: http://bit.ly/WeekRebroadcast,neither,0.05904738035105781,0.17020024858160615,0.7707523710673361
!rbschedule,neither,0.03945320844208391,0.33037608806864915,0.630170703489267
Find the unfinished rebroadcast schedule for the weekend here: http://bit.ly/WeekRebroadcast,neither,0.05904738035105781,0.17020024858160615,0.7707523710673361
black hole would appear,neither,0.05687497605728277,0.3101747603485963,0.632950263594121
"Question: speaking of CGI to demonstrate concepts...where do you stand on using informed artistic license to convey ideas that aren’t fully understood yet, like many concepts in quantum mechanics for example.",neither,0.04745178980298484,0.3654582344944278,0.5870899757025875
"as far IR, it would be negligible",neither,0.035550038082878016,0.36653943348971063,0.5979105284274113
indestructible beyblade spun by the flash = black hole,neither,0.05412836073395464,0.3381980027659584,0.6076736365000869
How long until Shield of Tomorrow? :),neither,0.039231686155687284,0.3285210889623743,0.6322472248819384
48 minutes.,neither,0.03945320844208391,0.33037608806864915,0.630170703489267
!questions,neither,0.03945320844208391,0.33037608806864915,0.630170703489267
"To make it easier to read questions in chat, please preface your questions with the word question in all caps. For example, QUESTION: How are you today?",neither,0.06209713493468228,0.3342013724685751,0.6037014925967426
Thank you!,neither,0.07325166854587051,0.43632638485078484,0.49042194660334476
"QUESTION: speaking of CGI to demonstrate concepts...where do you stand on using informed artistic license to convey ideas that aren’t fully understood yet, like many concepts in quantum mechanics for example.",neither,0.04745178980298484,0.3654582344944278,0.5870899757025875
Thanks @nightbot,neither,0.035884468650613,0.3004919205142699,0.6636236108351171
