text,top_class,hate_speech,offensive_language,neither
squee! i cant wait! i made a pot of tea in preparation!,neither,0.03945320844208391,0.33037608806864915,0.630170703489267
"@rjfenix2 Not a problem, just an opportunity",neither,0.03451062474343225,0.34924699846377616,0.6162423767927916
!whodat,neither,0.03945320844208391,0.33037608806864915,0.630170703489267
"GM Eric Campbell ( twitter.com/16BitEric ), with Amy Dallen ( twitter.com/enthusiamy ), Sam de Leve ( twitter.com/ChaiKovsky ), Bonnie Gordon ( twitter.com/BonnieBellG ), Aliza Pearl ( twitter.com/AlizaPearl ) and Gina DeVivo ( twitter.com/PocketGina ) with special guests Taliesin Jaffe( twitter.com/executivegoth ), and Jody Houser ( twitter.com/Jody_Houser ).",neither,0.03862162244820077,0.4588534299486502,0.5025249476031491
"Hard to say @rjfenix2 but we can pretend the answer is ""no.""",offensive_language,0.038574448669748136,0.4905768222495199,0.47084872908073205
Warp speed now!,neither,0.03945320844208391,0.33037608806864915,0.630170703489267
ZOMG,neither,0.03945320844208391,0.33037608806864915,0.630170703489267
Hi!!,neither,0.03945320844208391,0.33037608806864915,0.630170703489267
gandsHype gandsHype gandsHype,neither,0.03945320844208391,0.33037608806864915,0.630170703489267
Let's GO!,neither,0.01806316484133749,0.39391011985298136,0.5880267153056813
"I am so not caught up with SoT, but it's TBD so let's go",offensive_language,0.01861487089922837,0.5032495420462516,0.4781355870545201
rjfenix2 Well.... you definitely missed out on a great TV show,neither,0.054103800482170165,0.3078099980818479,0.6380862014359819
"Wow, literally perfect timing.",neither,0.03945320844208391,0.33037608806864915,0.630170703489267
woooooo the jacket is back!,neither,0.047953570764262245,0.3088064009005572,0.6432400283351806
I'm excited!,neither,0.03945320844208391,0.33037608806864915,0.630170703489267
"Nice coat, Eric!",neither,0.03945320844208391,0.33037608806864915,0.630170703489267
gandsHappy gandsHappy gandsTribble gandsTribble gandsTricorder gandsTricorder,neither,0.03945320844208391,0.33037608806864915,0.630170703489267
What is Eric wearing?,neither,0.054174912131034945,0.3232807604413115,0.6225443274276535
gandsHype gandsHype gandsHype gandsHype gandsHype gandsHype gandsHype gandsHype gandsHype gandsHype gandsHype,neither,0.03945320844208391,0.33037608806864915,0.630170703489267
we're live,neither,0.07702019449600846,0.29035571652515796,0.6326240889788335
<3,neither,0.03945320844208391,0.33037608806864915,0.630170703489267
I missed the jacket omg!,neither,0.038652643247181866,0.31577127861802023,0.6455760781347979
gandsHype gandsHype gandsHype,neither,0.03945320844208391,0.33037608806864915,0.630170703489267
EEEEEEEEEEEEEEEEEEEEE,neither,0.03945320844208391,0.33037608806864915,0.630170703489267
🖖 vieHype fmgHYPE gandsHype 🖖,neither,0.03945320844208391,0.33037608806864915,0.630170703489267
jodi!!!!,neither,0.03945320844208391,0.33037608806864915,0.630170703489267
I hope Sam has enough pencils for tonight.... hehe,neither,0.05258700547669835,0.23223393124899008,0.7151790632743116
hee,neither,0.03945320844208391,0.33037608806864915,0.630170703489267
testing my keyboard,neither,0.03005232343929695,0.40209894645647565,0.5678487301042274
"Download the new Critical Role theme song for Campaign Two! http://itunes.apple.com/album/id1331550250?ls=1&app=itunes Sales of the song support the musician, Jason Charles Miller.",neither,0.04445767596344001,0.2510827790306858,0.7044595450058742
And Eric gets to wear his 12th Doctor coat.(at least I think it is),neither,0.05990551742495555,0.3143297757624892,0.6257647068125551
*squeaaaaaaaaal* gandsHype gandsHype gandsHype,neither,0.03945320844208391,0.33037608806864915,0.630170703489267
gandsHug gandsHug gandsHug,neither,0.03945320844208391,0.33037608806864915,0.630170703489267
<3 !,neither,0.03945320844208391,0.33037608806864915,0.630170703489267
@rjfenix2 I watched Eric’s TBD RPG with only the scantest of Dr Who knowledge and it was awesome.,neither,0.031751177028216275,0.3545647965147818,0.6136840264570019
COMICS DOMINATION,neither,0.03945320844208391,0.33037608806864915,0.630170703489267
hi Jody,neither,0.03945320844208391,0.33037608806864915,0.630170703489267
It's a very special Shield Of Tomorrow,neither,0.06939624077573314,0.3122681036767176,0.6183356555475492
Yay!,neither,0.03945320844208391,0.33037608806864915,0.630170703489267
Eric busted out the fantastic jacket!!,neither,0.035979786257148386,0.33042437312007406,0.6335958406227776
@Leigh574 hey trouble :) ive been here 3 years as of today,neither,0.06408555400901549,0.3174336027853163,0.6184808432056683
"I never got to see TBD RPG, so I'm excited to see what happens.",neither,0.06698752306955456,0.4031297586743596,0.5298827182560859
!whidat,neither,0.03945320844208391,0.33037608806864915,0.630170703489267
!whodat,neither,0.03945320844208391,0.33037608806864915,0.630170703489267
"GM Eric Campbell ( twitter.com/16BitEric ), with Amy Dallen ( twitter.com/enthusiamy ), Sam de Leve ( twitter.com/ChaiKovsky ), Bonnie Gordon ( twitter.com/BonnieBellG ), Aliza Pearl ( twitter.com/AlizaPearl ) and Gina DeVivo ( twitter.com/PocketGina ) with special guests Taliesin Jaffe ( twitter.com/executivegoth ), and Jody Houser ( twitter.com/Jody_Houser ).",neither,0.03862162244820077,0.4588534299486502,0.5025249476031491
PogChamp PogChamp PogChamp PogChamp PogChamp,neither,0.03945320844208391,0.33037608806864915,0.630170703489267
also this means Finnkoko is back :D,neither,0.04800632019140602,0.32905227211289023,0.6229414076957037
First episode live! Been getting caught up as I'm able!,neither,0.032113998405373,0.4300655951865908,0.5378204064080362
2018 is the year of Jod[ie/y]s ^_^,neither,0.046724199211242295,0.31157475664450374,0.6417010441442539
MOTHER PANIC!!!!!!,neither,0.03945320844208391,0.33037608806864915,0.630170703489267
gandsHappy gandsFacepalm gandsHug gandsDick gandsTribble,neither,0.03945320844208391,0.33037608806864915,0.630170703489267
Jodie gets to play doctor...,neither,0.046207260296078585,0.32643036365269934,0.627362376051222
I Watch every episode of Eric's Tbd rpg for this.,neither,0.03863432245558797,0.30724354589642766,0.6541221316479845
Hector out again?,neither,0.030007892770102844,0.40660144079035326,0.563390666439544
@Luap82517 TWINNIE!! <3 WOOHOO! Congrats,neither,0.03945320844208391,0.33037608806864915,0.630170703489267
"Wait, Is Aliza wearing her ears?",offensive_language,0.0373463916204802,0.5240696202663419,0.43858398811317795
The Corsair?,neither,0.03613032604487659,0.2619290779399786,0.7019405960151449
"I'm gonna be so confused tonight, but oh well.",neither,0.03782628983573886,0.3545873895285649,0.6075863206356962
"Ohh, Hector's still frozen",neither,0.03864536499486364,0.34408729967137214,0.6172673353337643
!rbschedule,neither,0.03945320844208391,0.33037608806864915,0.630170703489267
Find the unfinished rebroadcast schedule for the weekend here: http://bit.ly/WeekRebroadcast,neither,0.05904738035105781,0.17020024858160615,0.7707523710673361
"Jody's a massive success in comics (yes Jody, I said massive!)",neither,0.03945320844208391,0.33037608806864915,0.630170703489267
Wheres Hector,neither,0.03945320844208391,0.33037608806864915,0.630170703489267
Yeah no Hector today,neither,0.01883919385573689,0.4515166290923742,0.5296441770518888
"Help G&S make great content! $4.99/month gets you emotes, Minecraft server access, sub-only VODs, and more! Every sub keeps the channel alive! twitch.tv/geekandsundry/subscribe",neither,0.043907990691603095,0.31135964332838284,0.644732365980014
"Err, Martinez.",neither,0.03945320844208391,0.33037608806864915,0.630170703489267
hey your on the front page,neither,0.06282124660803771,0.3197239260801113,0.617454827311851
Are they wearing costumes under their uniforms?^^,neither,0.056169873910968796,0.2994754292591668,0.6443546968298645
Martinez is still frozen :),neither,0.045553955082079635,0.34063096131383463,0.6138150836040858
Digging that coat Eric.,neither,0.036553851502594104,0.3617681644607274,0.6016779840366785
!frontpage,neither,0.03945320844208391,0.33037608806864915,0.630170703489267
"We are on the front page, which means we have an influx of new people coming in here. Some are polite, some are not. Please let the mods handle those who are not. Sit back, enjoy the show, and DON'T FEED THE TROLLS.",neither,0.10504481977893397,0.20508308154005317,0.6898720986810128
I'm not up to date with SoT so this'll be interesting,neither,0.0324603388359725,0.44424368708260514,0.5232959740814224
"Hmm, a Doctor Who comic . . .",neither,0.04004691682228285,0.3922350813887753,0.5677180017889419
826LA PogChamp,neither,0.03945320844208391,0.33037608806864915,0.630170703489267
Hi folks,neither,0.03945320844208391,0.33037608806864915,0.630170703489267
hee,neither,0.03945320844208391,0.33037608806864915,0.630170703489267
THATS HOW WE DO THIS! lol,neither,0.03224997553029806,0.3943799004028916,0.5733701240668103
It is so good to see sam and gina sat together again!,neither,0.04603211804028246,0.3487104250000554,0.6052574569596623
1k per minute....sounds about right,neither,0.03746041323086398,0.36605692172853277,0.5964826650406033
So... Taliesin the Pyramid is now Dr. Who?,neither,0.04750548418249444,0.4230312910896908,0.5294632247278148
HEY @Leigh574,neither,0.03945320844208391,0.33037608806864915,0.630170703489267
I'm so ready for the finnkoko,neither,0.030639017657293273,0.3269674848960379,0.6423934974466688
Yaaaasss,neither,0.03945320844208391,0.33037608806864915,0.630170703489267
Zazrit!,neither,0.03945320844208391,0.33037608806864915,0.630170703489267
TBD RPG Doctor Who was so much fun!,neither,0.0364827498299815,0.43259109272186114,0.5309261574481574
Hey @bluelinnet :),neither,0.03945320844208391,0.33037608806864915,0.630170703489267
"They challenged, and chat delivered",neither,0.03873630053193099,0.29446822255933985,0.6667954769087293
What?!,neither,0.057770773616808734,0.3180719994247239,0.6241572269584672
"Oh, wow, this is gonna be SO confusing for the front pagers. Good luck mods!",neither,0.04186442725011231,0.3274823191385901,0.6306532536112975
What!?,neither,0.057770773616808734,0.3180719994247239,0.6241572269584672
PogChamp,neither,0.03945320844208391,0.33037608806864915,0.630170703489267
Stupid Sexy Zazrit... Online? :O,neither,0.1390453310328738,0.20640851358915924,0.654546155377967
DxCat,neither,0.03945320844208391,0.33037608806864915,0.630170703489267
DS9 ZAZRIT H gandsHype gandsHype gandsHype gandsHype,neither,0.03945320844208391,0.33037608806864915,0.630170703489267
hehehehehe,neither,0.03945320844208391,0.33037608806864915,0.630170703489267
THIS IS AMAZING xD,neither,0.050638740814203484,0.3285866302672563,0.6207746289185402
NOICE!,neither,0.03945320844208391,0.33037608806864915,0.630170703489267
oh my gosh,neither,0.03236932916326653,0.3691666553057533,0.59846401553098
that is terrific!!,neither,0.05154613418987003,0.42924314326430335,0.5192107225458266
LUL,neither,0.03945320844208391,0.33037608806864915,0.630170703489267
oh man this is AWESOME!,neither,0.05499568264272256,0.3420679599676042,0.6029363573896732
That is Awesome!,neither,0.044625028035607146,0.38055477549368516,0.5748201964707076
Mala & Roko convo!,neither,0.03945320844208391,0.33037608806864915,0.630170703489267
"LOL, so cool!",neither,0.029002420767520836,0.4756751870943192,0.49532239213816004
saw it on STO's live stream made me laugh!,neither,0.03422024688811167,0.36695570789742465,0.5988240452144638
wow thats cool as fuck,offensive_language,0.1455641723105016,0.8526330306411866,0.0018027970483118932
That takes meta to a whole new level,neither,0.04513897545111904,0.2847330761637114,0.6701279483851695
That's fucking great.,offensive_language,0.10297196008986093,0.8969776517959708,5.038811416832938e-05
It's only on Tribble right now,neither,0.0331929592639065,0.37118777026353555,0.5956192704725579
Did they put zazrit or gena?,neither,0.03945320844208391,0.33037608806864915,0.630170703489267
I laughed so hard when I seen that tweet lol,offensive_language,0.02178797009621647,0.589528111941996,0.3886839179617876
And the opposite.,neither,0.037724228041564445,0.26708971673520043,0.6951860552232352
That's fantastic,neither,0.03476908919624869,0.38150422245866583,0.5837266883450856
I havnt played STO in a while.... now I have to check that out as soon as possiple :-D,neither,0.03579629211449182,0.40234037140523204,0.5618633364802762
I kinda wish the Time Lords were sitting together again also :3,neither,0.037465073221741904,0.33780949351515327,0.6247254332631048
I need someone to put this on youtube!,neither,0.04251519239406902,0.3393531247628128,0.6181316828431181
i want to see,neither,0.052138598326771604,0.31671053323520804,0.6311508684380205
yep :D,neither,0.03945320844208391,0.33037608806864915,0.630170703489267
jeeez,neither,0.03945320844208391,0.33037608806864915,0.630170703489267
Where is Hector? Is he still sick?,neither,0.066325806423756,0.30504764255668987,0.628626551019554
Sorry I'm late. So excited for this crossover!!! gandsFacepalm gandsHappy gandsHug gandsTricorder gandsTribble,neither,0.03401179169150081,0.3418991193728555,0.6240890889356436
Sax is a BETRAYER,neither,0.081172750358939,0.3160268245287109,0.60280042511235
The new DS9 is coming out in the summer,neither,0.044094963801854965,0.23756056831989245,0.7183444678782527
Hell yeah,offensive_language,0.024014075456083226,0.8806496383571902,0.0953362861867266
the new ds9 social zone,neither,0.042032467130236485,0.226848042367907,0.7311194905018565
I've been on Tribble test server... it's true,neither,0.01801655235828191,0.329461411777342,0.6525220358643762
the early episodes of shield of Tomorrow are being posted to the YT channel,neither,0.05416810284118549,0.26864774041754275,0.6771841567412717
Here he is: https://twitter.com/ShieldOfTmrw/status/986809104332042240,neither,0.09177066842702833,0.381277035731972,0.5269522958409996
"That's just hilarious @GeekandSundry Nice move, Sax",neither,0.032235841267150143,0.3861621432135792,0.5816020155192707
I want a stupid sexy me shirt!,neither,0.11269239652746718,0.24754704945624603,0.6397605540162867
Bah!,neither,0.03945320844208391,0.33037608806864915,0.630170703489267
I’m too sexy for my small arms kiosk.,neither,0.02638777732601051,0.37503115727488856,0.5985810653991008
missing hector :(,neither,0.03945320844208391,0.33037608806864915,0.630170703489267
@HawkeyeNFO new DS9 for STO?,neither,0.03402524894978024,0.13659067550322135,0.8293840755469983
on a scale of 1-10 how excited is Sam?,neither,0.04298159331973915,0.33819648737372066,0.6188219193065402
It's so weird to watch live,neither,0.056110154762377,0.3664862163496261,0.5774036288879969
I am active in chat.,neither,0.03928058353659273,0.3304354616894666,0.6302839547739406
11,neither,0.03945320844208391,0.33037608806864915,0.630170703489267
no Hector??!!,neither,0.036918905254960256,0.37338982715841207,0.5896912675866277
A surprise visit from Lucien will do that. :),neither,0.03941361503377854,0.3297996887121386,0.6307866962540829
#someguywithbluehair,neither,0.03945320844208391,0.33037608806864915,0.630170703489267
that's the exact jacket and shirt Tal was wearing in the TBD Finale btw,neither,0.03637066524808291,0.3167283145677172,0.6469010201841999
no hector we got a talison,neither,0.03567090908300726,0.4347573154407845,0.5295717754762082
I'm excited!,neither,0.03945320844208391,0.33037608806864915,0.630170703489267
"@Deathstar_Taco yes, they are remodeling it to make it more like the actual show sets, in the new expansion this summer",neither,0.07774293132870552,0.2009305744614554,0.721326494209839
I made it,neither,0.03684238675525566,0.33127406936755094,0.6318835438771935
Doctor Who Edition!,neither,0.03999708377103564,0.387513558875944,0.5724893573530203
Xd,neither,0.03945320844208391,0.33037608806864915,0.630170703489267
#ShipOfCrossovers,neither,0.03945320844208391,0.33037608806864915,0.630170703489267
This should be an amazing episode of SOT tonight.,neither,0.046669274688762516,0.3357968095000664,0.617533915811171
I missed announcements but I made it,neither,0.03433667645076679,0.34183028496419743,0.6238330385850357
gandsHappy,neither,0.03945320844208391,0.33037608806864915,0.630170703489267
I am so happy,neither,0.03914038914974341,0.39360016065933234,0.5672594501909242
Without further a-Who?,neither,0.04011410853428289,0.3985135906760167,0.5613723007897005
now that is very interesting tyvm @HawkeyeNFO,neither,0.043092277304387056,0.3669069749357444,0.5900007477598684
Only been asking them too do that for 8 years,neither,0.042098188826291134,0.3400189225246051,0.6178828886491037
@teeniefrankenbat i didnt remember that! thanks thats awesome,neither,0.035020008029520815,0.3476930831400621,0.617286908830417
Liven or replay?,neither,0.03945320844208391,0.33037608806864915,0.630170703489267
I'm still reeling from The Master showing up last week.,neither,0.03699519013415445,0.35304678828020725,0.6099580215856383
"Revamped DS9, designed to look closer to the TV show version",neither,0.05987846731694143,0.2674444272430255,0.672677105440033
"I Daren DePaul walks on camera, I will faint. Going to put a helmet on now just on the off chance it happens.",neither,0.04472382057822936,0.35069496616280904,0.6045812132589615
Pumped!,neither,0.03945320844208391,0.33037608806864915,0.630170703489267
Erics Shield Of TBDRPG,neither,0.03945320844208391,0.33037608806864915,0.630170703489267
gandsOwlbear hello,neither,0.03945320844208391,0.33037608806864915,0.630170703489267
If*,neither,0.006725917576924588,0.4780292726816787,0.5152448097413966
I'm so excited!,neither,0.03940839469474773,0.3948270312238364,0.565764574081416
WHOOO_HOOO!!! <3 <3 <3,neither,0.03945320844208391,0.33037608806864915,0.630170703489267
"I'm a little sad Martinez won't get to experience the Doctor Who stories, but at least he can watch like us fans. XD",neither,0.07015509904849647,0.3704305861375713,0.5594143148139322
I wish they would hve Xander on more. I love his character.,neither,0.05512510399514156,0.3415966765231204,0.603278219481738
@cinphoria heya,neither,0.03945320844208391,0.33037608806864915,0.630170703489267
Pizza opening!,neither,0.03945320844208391,0.33037608806864915,0.630170703489267
,neither,0.03945320844208391,0.33037608806864915,0.630170703489267
Callback to the first episode of TBD!,neither,0.037170302294201554,0.3114977120789993,0.6513319856267992
Eric only has 4 admiral pips in the opening credits,neither,0.039104181105744686,0.31457389908936917,0.6463219198048863
hey swift :),neither,0.03945320844208391,0.33037608806864915,0.630170703489267
@darkofnate puns! !points@darkofnate,neither,0.03945320844208391,0.33037608806864915,0.630170703489267
Told you it was an 11.,neither,0.05565213945774044,0.3778648663179276,0.566482994224332
Nice!,neither,0.03945320844208391,0.33037608806864915,0.630170703489267
throwback,neither,0.03945320844208391,0.33037608806864915,0.630170703489267
https://clips.twitch.tv/PleasantGoldenBarracudaItsBoshyTime,neither,0.03945320844208391,0.33037608806864915,0.630170703489267
Haven't even caught up but I need to watch this,neither,0.04299432203636414,0.38595327947404984,0.571052398489586
gandsFacepalm,neither,0.03945320844208391,0.33037608806864915,0.630170703489267
what happen to hector,neither,0.05818918207066234,0.3189801674470348,0.6228306504823028
!sotgiveaways,neither,0.03945320844208391,0.33037608806864915,0.630170703489267
No purchase necessary. Open to all legal residents of the United States (excluding Rhode Island). Must be 18 years or older to enter. Find official rules here: https://geekandsundry.com/shield-of-tomorrow-twitch-giveaway/,neither,0.0590108251165897,0.3031894411998047,0.6377997336836057
"Dang it, now I'm hungry for pizza.",neither,0.03260467832426461,0.30252773119930265,0.6648675904764327
that's how tbd started!,neither,0.03431774391068391,0.3865370877787964,0.5791451683105195
Woot,neither,0.03945320844208391,0.33037608806864915,0.630170703489267
but he had 5 last week,neither,0.041343300543895845,0.3387584493143539,0.6198982501417503
Pizza the Hutt,neither,0.038189321764368164,0.30699900157265414,0.6548116766629778
OMG! They ate Pizza The Hut!,neither,0.03878043104621439,0.31814455696514243,0.6430750119886433
"Ok, I adore the fact that the TBD/SOT crossover cast are all at one talbe.",neither,0.05175285429151711,0.39198415037764084,0.5562629953308422
!phrasing Eric,neither,0.03945320844208391,0.33037608806864915,0.630170703489267
Danger Zoooooonnnneee!,neither,0.03945320844208391,0.33037608806864915,0.630170703489267
lets go,neither,0.039984317429425154,0.35542799280679366,0.6045876897637812
in the show,neither,0.0662446529400649,0.17989067781632273,0.7538646692436124
Nice,neither,0.03945320844208391,0.33037608806864915,0.630170703489267
is there anotger crit role rebroadcast today?,neither,0.046364972755257354,0.26585261520784464,0.687782412036898
@RJLadyA This is a live pun zone,neither,0.0501912816024618,0.3279363569405452,0.6218723614569929
!rbschedule,neither,0.03945320844208391,0.33037608806864915,0.630170703489267
Find the unfinished rebroadcast schedule for the weekend here: http://bit.ly/WeekRebroadcast,neither,0.05904738035105781,0.17020024858160615,0.7707523710673361
LUL I have that Same Sonic Screwdriver,neither,0.03671694755807676,0.3754474122867968,0.5878356401551265
"@pebcac_error if you mean this , yes it is live",neither,0.043565972424432615,0.4287513429035925,0.5276826846719748
"@Artiikhuno yes, right after all the live shows finish",neither,0.0424840897246095,0.38019512054482074,0.5773207897305697
😀,neither,0.03945320844208391,0.33037608806864915,0.630170703489267
@Steakz86 that was an awesome reply,neither,0.036179962103696166,0.36479530169253194,0.599024736203772
Will Hector be back next week?,neither,0.04064805106272201,0.32242499498746674,0.6369269539498112
So is Hector really not there or is he waiting off screen to jump in?,neither,0.05871009781732006,0.32569266492184845,0.6155972372608316
https://www.wheniscriticalrole.com/rebroadcast <<< countdown clock to next CR rebroadcast (and other useful links) at this site(after live Friday shows end ). @Artiikhuno,neither,0.042856178203806446,0.3270834513519051,0.6300603704442884
@swiftfingers Ludicrous speed ahead,neither,0.03945320844208391,0.33037608806864915,0.630170703489267
"I wonder if the tech crew is sitting ready to flip the bottom row of names, when appropriate",neither,0.03183921608717744,0.3581436388644624,0.6100171450483601
wat,neither,0.03945320844208391,0.33037608806864915,0.630170703489267
love erics outfit tonight,neither,0.03390176958146345,0.3209036528662412,0.6451945775522953
,neither,0.03945320844208391,0.33037608806864915,0.630170703489267
No purchase necessary. Open to all legal residents of the United States (excluding Rhode Island). Must be 18 years or older to enter. Find official rules here: https://geekandsundry.com/shield-of-tomorrow-twitch-giveaway/,neither,0.0590108251165897,0.3031894411998047,0.6377997336836057
I'm hoping he's waiting off screen,neither,0.04374622181225762,0.3288995239119316,0.6273542542758107
aware of what?,neither,0.04597911871366224,0.32572579748054276,0.628295083805795
"o no, Eric got Section 31'd",neither,0.037973885863989636,0.3721615223427176,0.5898645917932929
Eric got Spoilers,neither,0.037859398791274444,0.3878066725869843,0.5743339286217413
"@Libwritberry His name isn't on screen, so probably out?",neither,0.05042611420854878,0.4062336666183776,0.5433402191730734
has anyone ever thought of making a Sonic-the-hedgehog Screwdriver,neither,0.041863121844621216,0.23431253213934644,0.7238243460160324
!section31,neither,0.03945320844208391,0.33037608806864915,0.630170703489267
<message deleted>,neither,0.03945320844208391,0.33037608806864915,0.630170703489267
"Heh, ""He's aware that . . . """,neither,0.040495152074487124,0.36336732521872056,0.5961375227067923
"@Steakz86 I've got the bleeps, the sweeps and...",neither,0.012906985456763605,0.28642791946770735,0.700665095075529
"That was weird, Eric went silent but the background audio....",neither,0.03506045738881952,0.35057195726613366,0.6143675853450467
gandsPencil,neither,0.03945320844208391,0.33037608806864915,0.630170703489267
"@icewallownickgurs -> THE EMOTES, THEY`RE TOO MANY [warning]",neither,0.055080314918249766,0.29325628621143124,0.651663398870319
is it just me or did his mike just cut out then came back,neither,0.04319561011674241,0.39140136032279255,0.5654030295604651
PogChamp PogChamp PogChamp PogChamp,neither,0.03945320844208391,0.33037608806864915,0.630170703489267
!section30,neither,0.03945320844208391,0.33037608806864915,0.630170703489267
"There is no Section 30, there is only <message deleted>.",neither,0.048414151169430805,0.2875566640836367,0.6640291847469326
have i missed anything,neither,0.038855479447229585,0.3405211090596974,0.620623411493073
so Amy is the doctor and doctor? O.o,neither,0.0430153761403481,0.32070177262941957,0.6362828512302324
Omega 13,neither,0.03945320844208391,0.33037608806864915,0.630170703489267
Was some borg tech REDACTED?,neither,0.030712504643534772,0.34779065445949725,0.621496840896968
"@swiftfingers Mechandising,",neither,0.03945320844208391,0.33037608806864915,0.630170703489267
"...the creeps, right? @swiftfingers",neither,0.035821376395595704,0.3358996854368946,0.6282789381675097
gandsHappy gandsHappy gandsHug gandsTribble,neither,0.03945320844208391,0.33037608806864915,0.630170703489267
gandsHype,neither,0.03945320844208391,0.33037608806864915,0.630170703489267
ResidentSleeper ResidentSleeper ResidentSleeper,neither,0.03945320844208391,0.33037608806864915,0.630170703489267
Branch or Tea Time.,neither,0.038462247881209305,0.3471952749876709,0.6143424771311198
!rbschedule,neither,0.03945320844208391,0.33037608806864915,0.630170703489267
Find the unfinished rebroadcast schedule for the weekend here: http://bit.ly/WeekRebroadcast,neither,0.05904738035105781,0.17020024858160615,0.7707523710673361
gandsTribble gandsTribble gandsTribble gandsTribble,neither,0.03945320844208391,0.33037608806864915,0.630170703489267
Our Captain: https://i.imgur.com/bRYuGVu.gif,neither,0.03945320844208391,0.33037608806864915,0.630170703489267
Im gonna stick spaceballs on my tv now,neither,0.027001047457916805,0.47651067188678925,0.49648828065529405
lol @KBTibbs nice!,neither,0.02800779621733344,0.4174226989041296,0.554569504878537
@Deathstar_Taco indeed,neither,0.03945320844208391,0.33037608806864915,0.630170703489267
"BorgCo products, some assimilation required. :P",neither,0.030453152323461314,0.346273632964708,0.6232732147118306
ok can someone explain who is Corsair in the dr who universe,neither,0.0445433230203021,0.3935092876422348,0.561947389337463
Amy's grimace face,neither,0.03945320844208391,0.33037608806864915,0.630170703489267
sounds like Eric's mike is having issues,neither,0.05302938573140473,0.3388691110710366,0.6081015031975587
"@michelbytes another time lord, sometimes an ally, sometimes an antagonist",neither,0.06250096454991488,0.2953277773065404,0.6421712581435447
"@GeekandSundry Yeah, a little volume up a little? :D",neither,0.02539688727986812,0.45566849954261984,0.518934613177512
@henchman2121 !points,neither,0.03945320844208391,0.33037608806864915,0.630170703489267
"Just realized, when Martinez unfreezes, he won't believe anything that happened involving the new folks...",neither,0.034217396375444076,0.3321097502231714,0.6336728534013845
@michelbytes a sword fight-loving Time Lord and friend of the Doctor's. Has an oroboros tattoo,neither,0.03838632674543547,0.3053642363534796,0.656249436901085
lol,neither,0.020706217963973744,0.4882283491876925,0.4910654328483337
"@michelbytes Another Time Lord, friend of Doctor",neither,0.07466631116174685,0.2880156892077115,0.6373179996305417
no volume UP Lol,neither,0.029119945367754543,0.45019264250465396,0.5206874121275914
I thought the Master was evil?,neither,0.041313019651315445,0.23430674026021783,0.7243802400884668
Errr,neither,0.03945320844208391,0.33037608806864915,0.630170703489267
The volume needs increase.,neither,0.03875139790226219,0.31760693072428964,0.6436416713734482
"@michelbytes what's good and evil, REALLY? :P",neither,0.043564338803992665,0.28596335463258193,0.6704723065634254
"the master is, but sometimes he helps @michelbytes",neither,0.04631324640746885,0.32202964446436494,0.6316571091281662
alpha died x3 so I came back to the twitch side -- and now audio -- LOL I though Laaast week was friday 13th :P,neither,0.03576228020600744,0.36097561468041217,0.6032621051135802
i really have to start watvhing dr who again,neither,0.04338922346325446,0.4143299808606298,0.5422807956761159
"""We are The Borg™. Your technological and biological merchandise shall be added to our own. Resistance is futile.""",neither,0.1189316220836339,0.25415784937297925,0.6269105285433868
Hello! Usually i am on Alpha but I am here today!,neither,0.057435029568963104,0.3095708352100188,0.6329941352210181
stepping out a space whole,neither,0.035839101330146846,0.3441507186958927,0.6200101799739605
tea time,neither,0.03793775348425131,0.3560973137253482,0.6059649327904005
stsTwuntz stsTwuntz stsTwuntz,neither,0.03945320844208391,0.33037608806864915,0.630170703489267
A Martinez/Master exchange would have been amazing.,neither,0.03854688428261591,0.33592249255750756,0.6255306231598765
"The Master might be ""evil"" if you have to label such things.",neither,0.038912916263700977,0.38411430787039713,0.5769727758659018
Just another day in the life of Taliesin ;),neither,0.07827251557766876,0.3054687575059201,0.6162587269164111
"@michelbytes Well, he does occasionally blow up people for funsies.",neither,0.04194647359497138,0.42958625717707816,0.5284672692279503
"@michelbytes honestly, Taliesin is the best Master I've ever seen xD",neither,0.025703133767851428,0.300753125600475,0.6735437406316737
Thanks everyone,neither,0.030216122769311023,0.43073272795177925,0.5390511492789097
@michelbytes talesins master is and isnt. he redemmed himself. and is a friend to the dr.,neither,0.0565676838135025,0.2700628862521973,0.6733694299343002
agreed @cinphoria,neither,0.03945320844208391,0.33037608806864915,0.630170703489267
Never underestimate the power of brunch.,neither,0.03531808368538691,0.3512830358928957,0.6133988804217174
how do i view reboradcast schedule? was wondering when next cr was,neither,0.0340331506867604,0.3667298126606453,0.5992370366525944
"""stepping out a space whole"" the Tailisen Jaffy story",neither,0.03563096039751762,0.33045006557686846,0.6339189740256138
"I see that Amy is becoming more and more doctor, when she shakes her head at using a hammer against a timeripple",offensive_language,0.03190613515941924,0.5098774654071477,0.45821639943343306
Explosions don't have any power during brunch time.,neither,0.038431091912919955,0.3477240730801392,0.6138448350069409
"""Simple Hammer""",neither,0.03945320844208391,0.33037608806864915,0.630170703489267
gandsPencil gandsPencil,neither,0.03945320844208391,0.33037608806864915,0.630170703489267
its highly illogical and I love it,neither,0.031300331189018225,0.3111751990847085,0.6575244697262733
https://www.wheniscriticalrole.com/rebroadcast <<< countdown clock to next CR rebroadcast (and other useful links) at this site . @Maranoiah,neither,0.041268394175020026,0.3273350808289579,0.6313965249960222
*cough*,neither,0.03945320844208391,0.33037608806864915,0.630170703489267
take that physics lol,neither,0.0233392694602937,0.47749684622197786,0.49916388431772846
!rbschedule @Maranoiah,neither,0.03945320844208391,0.33037608806864915,0.630170703489267
Find the unfinished rebroadcast schedule for the weekend here: http://bit.ly/WeekRebroadcast,neither,0.05904738035105781,0.17020024858160615,0.7707523710673361
