text,top_class,hate_speech,offensive_language,neither
I got my tax return and that's as close to adulting as I'm getting,neither,0.028776643391742206,0.47302893164624493,0.4981944249620128
an adult starts a stream precisely when they mean to,neither,0.03714947118765423,0.3538157579732954,0.6090347708390503
Roth Ira,neither,0.03945320844208391,0.33037608806864915,0.630170703489267
!rbschedule,neither,0.03945320844208391,0.33037608806864915,0.630170703489267
welcome @Clodia_ramen,neither,0.03945320844208391,0.33037608806864915,0.630170703489267
Woo!!! <3,neither,0.03945320844208391,0.33037608806864915,0.630170703489267
"@K386imj Calling something that chat enjoys and that mods are actively participating in ""cancer"" is not a good way to get people on your side.",neither,0.08762146041544096,0.3481418726389409,0.564236666945618
@emmngle that may be the most important adulting,neither,0.03680639561822043,0.3345414719551314,0.6286521324266481
God I've needed this,neither,0.018613126537758456,0.31278990209868324,0.6685969713635582
HUZZAH,neither,0.03945320844208391,0.33037608806864915,0.630170703489267
max out your roth ira every yr,neither,0.055326361558467,0.3364122451971129,0.6082613932444202
Everybody’s like happy Friday the minute it turns Saturday for me,neither,0.0353352355081214,0.3349047913412647,0.6297599731506138
They're gonna teach us to use Turbo Tax and keep up with the electric bill.,neither,0.03956008356469784,0.34312665931468456,0.6173132571206176
!clock,neither,0.03945320844208391,0.33037608806864915,0.630170703489267
It is currently Friday 9:01 PM at the Geek & Sundry studio in California.,neither,0.0512567427375408,0.32962958120431557,0.6191136760581436
!rbschedule,neither,0.03945320844208391,0.33037608806864915,0.630170703489267
Find the unfinished rebroadcast schedule for the weekend here: http://bit.ly/WeekRebroadcast,neither,0.05904738035105781,0.17020024858160615,0.7707523710673361
oh no,neither,0.04751210705993949,0.26629718932274826,0.6861907036173122
gandsParty Hi Taliesin and Erika! gandsPartyShield,neither,0.038358606956405694,0.2721397086643902,0.6895016843792041
I'm so scared.,neither,0.039408851386368314,0.3986148855256441,0.5619762630879874
We have a subscriber-only Discord server! Join here: https://discord.gg/geekandsundry (you'll need to sub and link it to your Twitch) and be a part of the fun!...Warning: It can take up to an hour for the server to update and give you access to the channels,neither,0.08464076273808444,0.286394834032893,0.6289644032290227
oh! Ozzie and Harriet! :D,neither,0.0472821537881993,0.17189274930043782,0.7808250969113628
Hahaha,neither,0.03945320844208391,0.33037608806864915,0.630170703489267
Gather your Adultry?,neither,0.0780690733417637,0.3196259537601841,0.6023049728980522
same,neither,0.04148851938089603,0.3488915597363099,0.609619920882794
:D,neither,0.03945320844208391,0.33037608806864915,0.630170703489267
LOL,neither,0.020706217963973744,0.4882283491876925,0.4910654328483337
They look like they're throwing the most magnificent garden party,neither,0.06105649763544865,0.3089774692711192,0.6299660330934322
Oh gooooodness!’,neither,0.051363287716059566,0.22255663153133606,0.7260800807526044
"OMG, this is priceless",neither,0.047798620130563976,0.32908798050022914,0.623113399369207
"God, I hear Vince there",neither,0.039385777690683264,0.294446414843698,0.6661678074656188
This is amazing 8D,neither,0.050638740814203484,0.3285866302672563,0.6207746289185402
already chaos lol,neither,0.031233629655070906,0.3999425473222571,0.568823823022672
is the theme jrpg clue?,neither,0.04569991862708357,0.3139611528523123,0.6403389285206041
they cant do it with a straight face,neither,0.029436213678262168,0.3649132483388175,0.6056505379829203
gandsHype gandsHype gandsHype < Closest I can find to adult emote.,neither,0.049432866129452906,0.2455271712523752,0.7050399626181718
Set up all your bills to be auto pays from your bank account or master card,neither,0.07466183735702661,0.3722985348349434,0.55303962780803
hi Tal and Erika!,neither,0.03870944257742205,0.292987672328244,0.6683028850943339
Taliesin looks like someone who's been trapped in the back rooms of a university library for 6 months,neither,0.04069807571623831,0.34677179492596355,0.6125301293577982
this is already perfect,neither,0.04765653048244346,0.3495944355940153,0.6027490339235412
I made the very adult decision to set an alarm so I could wake up in time while my husband is out of town. :D,neither,0.03615120355722314,0.41313457964518613,0.5507142167975908
Hey. At least they know they're not the best adulting examples. :P,neither,0.049417634118674565,0.31285668351170265,0.6377256823696228
gandsHype gandsHype gandsHype,neither,0.03945320844208391,0.33037608806864915,0.630170703489267
is that water with a apple?,neither,0.03159694865600785,0.4051143729037961,0.563288678440196
So adulting involves drinking large quantities of martinis? I can handle that.,neither,0.037039785004806224,0.383923233687251,0.5790369813079429
Pluto is quite lovely yes,neither,0.046481156285778376,0.32795885453441975,0.6255599891798019
can confirm,neither,0.039764471581886875,0.32509314025412933,0.6351423881639837
LUL,neither,0.03945320844208391,0.33037608806864915,0.630170703489267
@LavenderTownsGhost Probably,neither,0.037248874780404465,0.3677893831597844,0.5949617420598112
Chances are Taliesin is the only one there older than me,neither,0.05532043923218134,0.30980763206776185,0.6348719287000567
I love Erikas dress,neither,0.035374657787182955,0.3495864577878396,0.6150388844249776
i can confirm i am currently watching from pluto,neither,0.040283481484262446,0.31386927065444276,0.6458472478612949
*gets notes ready*,neither,0.03945320844208391,0.33037608806864915,0.630170703489267
Erika,neither,0.03945320844208391,0.33037608806864915,0.630170703489267
"Pluto's still a dog, isn't he?",neither,0.04435046770528339,0.3443926070065593,0.6112569252881573
NAILED IT!,neither,0.03772653554390317,0.33096997005595963,0.6313034944001372
Yep sounds about right,neither,0.037059476656014646,0.37322531388647284,0.5897152094575125
Oh and make your own wine saves you money,neither,0.11480595189601123,0.277527098097387,0.6076669500066018
#nodickpics,neither,0.03945320844208391,0.33037608806864915,0.630170703489267
oooh yes Taliesin teach us how to flirt,neither,0.07836227730119057,0.24558347413622694,0.6760542485625824
i dont think you are my age yet,neither,0.06707059805517276,0.4060058978742603,0.526923504070567
Tal looks like at 5 professors at my uni lol,neither,0.032791568399510224,0.4473345340458541,0.5198738975546358
PLEASE teach me how to flirt i need it,neither,0.04239734549657084,0.26607142737766354,0.6915312271257656
and Taliesin can give you tips for how to keep life fresh through the centuries,neither,0.044928066284722186,0.3319346093324278,0.62313732438285
"I'm an actual adult, I'm 45.",neither,0.039705080080295344,0.32610116903560565,0.6341937508840991
i would like to know the various routes of starting an LLC,neither,0.05637626446201012,0.31420887986057855,0.6294148556774113
Tal's glasses!,neither,0.03945320844208391,0.33037608806864915,0.630170703489267
EEEEEEEEEEEEEE,neither,0.03945320844208391,0.33037608806864915,0.630170703489267
"Download the new Critical Role theme song for Campaign Two! http://itunes.apple.com/album/id1331550250?ls=1&app=itunes Sales of the song support the musician, Jason Charles Miller.",neither,0.04445767596344001,0.2510827790306858,0.7044595450058742
DARIN!!!!!!!!!!!!!!,neither,0.03945320844208391,0.33037608806864915,0.630170703489267
Darin!,neither,0.03945320844208391,0.33037608806864915,0.630170703489267
Thanks @Fizonafan !,neither,0.035884468650613,0.3004919205142699,0.6636236108351171
DARIN!!,neither,0.03945320844208391,0.33037608806864915,0.630170703489267
Yay Darin!,neither,0.03945320844208391,0.33037608806864915,0.630170703489267
Oh boy,neither,0.04768565599480007,0.25364348607606696,0.698670857929133
yesssss,neither,0.03945320844208391,0.33037608806864915,0.630170703489267
Darin!!!,neither,0.03945320844208391,0.33037608806864915,0.630170703489267
I cannot handle drapper Taliesin,neither,0.03945320844208391,0.33037608806864915,0.630170703489267
Yay Darin!,neither,0.03945320844208391,0.33037608806864915,0.630170703489267
How to flirt: Be Taliesin Jaffe,neither,0.047760451536998406,0.33010539334224936,0.6221341551207522
ow! Mister DePaul!,neither,0.03945320844208391,0.33037608806864915,0.630170703489267
<3 eeeeeeeeeeeee,neither,0.03945320844208391,0.33037608806864915,0.630170703489267
Darin!,neither,0.03945320844208391,0.33037608806864915,0.630170703489267
yes Pluto is still a dog and a Sailor Scout as well,neither,0.04200433334601336,0.3339867234788094,0.6240089431751772
Yesssss Darin!,neither,0.03945320844208391,0.33037608806864915,0.630170703489267
the mutton chops,neither,0.038372653207642965,0.3105039192898759,0.6511234275024811
Darin!!!,neither,0.03945320844208391,0.33037608806864915,0.630170703489267
Dariiiiin!,neither,0.03945320844208391,0.33037608806864915,0.630170703489267
OMFG XAXNDER,neither,0.03945320844208391,0.33037608806864915,0.630170703489267
"Oh my gosh, everyone looking so wonderful tonight!",neither,0.029776386527530157,0.4287980793763925,0.5414255340960773
MORE DARIN IS ALWAYS PERFECT,neither,0.04909329141550764,0.3786825694072306,0.5722241391772617
"OMG, Darin! The cutest adult ever!",neither,0.03874893482446027,0.3175612782916377,0.643689786883902
I want to steal Taliesin's glasses. Those are cool glasses.,neither,0.07791845784974571,0.25655256125668113,0.665528980893573
Woooo,neither,0.03945320844208391,0.33037608806864915,0.630170703489267
Hi Darin,neither,0.03945320844208391,0.33037608806864915,0.630170703489267
the most adult adult lul x),neither,0.03892078058887497,0.3207310269154154,0.6403481924957096
hey darin!,neither,0.03945320844208391,0.33037608806864915,0.630170703489267
BEST ADULT DARIN DE PAUL,neither,0.03873285806084666,0.3243439667180807,0.6369231752210726
Hi Darin!,neither,0.03945320844208391,0.33037608806864915,0.630170703489267
gandsLessthanthree,neither,0.03945320844208391,0.33037608806864915,0.630170703489267
Yay Darin!!!,neither,0.03945320844208391,0.33037608806864915,0.630170703489267
"Pluto's a dog, what's Goofy?",neither,0.04541155110475033,0.3261164796446302,0.6284719692506195
Darin!,neither,0.03945320844208391,0.33037608806864915,0.630170703489267
Darin de Paul... the only adult in the room,neither,0.03825722433877949,0.30830271891990213,0.6534400567413186
Darin is always the MVP!!!!,neither,0.04509932903582523,0.3677420107962354,0.5871586601679394
I'm a 15 year old trapped in the body of a 45 year old. I really hope to learn something here.,neither,0.08204199428540696,0.2520020564513275,0.6659559492632655
<3,neither,0.03945320844208391,0.33037608806864915,0.630170703489267
WOO DARIN,neither,0.03945320844208391,0.33037608806864915,0.630170703489267
Darin! <3,neither,0.03945320844208391,0.33037608806864915,0.630170703489267
Heeeeeee,neither,0.03945320844208391,0.33037608806864915,0.630170703489267
hold on. Darin is a large child,neither,0.04364101691391775,0.3395657981945812,0.6167931848915009
MICHELLE <3 <3 <3,neither,0.03945320844208391,0.33037608806864915,0.630170703489267
@NeverwinterFool me too - I';m 42 - so?,neither,0.03186898200851452,0.41912921669585795,0.5490018012956275
I am so digging Taliesin's outfit. He suits the glasses,neither,0.04193277648022619,0.3459144684726574,0.6121527550471163
What are you drinking Taliesin/Erika?,neither,0.1313392789487119,0.3163343201758047,0.5523264008754833
hehehe,neither,0.03945320844208391,0.33037608806864915,0.630170703489267
he shouldnt be there,neither,0.045454675154317455,0.2886789404116926,0.6658663844339899
Darin!!,neither,0.03945320844208391,0.33037608806864915,0.630170703489267
YAY DARIN!,neither,0.03945320844208391,0.33037608806864915,0.630170703489267
"Darin, did Taliesin steal your clothes?",neither,0.06696526258550808,0.20688181545676815,0.7261529219577239
@Salbastro Why not?,neither,0.019254511639927464,0.36928594044212826,0.6114595479179443
Darin gandsLessthanthree,neither,0.03945320844208391,0.33037608806864915,0.630170703489267
More Darin on the channel is always fabulous!,neither,0.0425166302070418,0.36029723778097167,0.5971861320119867
@misssunflower94 might literally just be water with an apple,neither,0.02882345072706653,0.3730565433651536,0.5981200059077798
Darin keeping his Distracted Toddler alive.,neither,0.055622105058860956,0.3319644913331964,0.6124134036079427
@misssunflower94 looks like an appletini :D,neither,0.056900419838925964,0.3457798983097345,0.5973196818513394
@_@ confused,neither,0.03945320844208391,0.33037608806864915,0.630170703489267
"Help G&S make great content! $4.99/month gets you emotes, Minecraft server access, sub-only VODs, and more! Every sub keeps the channel alive! twitch.tv/geekandsundry/subscribe",neither,0.043907990691603095,0.31135964332838284,0.644732365980014
"Getting Buckaroo bonzai, Dr. LIzardo vibes from Taliesin. in a good way",neither,0.03685221313444899,0.36897443936225965,0.5941733475032913
@ShandraVdeG because he is a large child and not an adult :P,neither,0.04774767782929089,0.29908374602574295,0.653168576144966
@hundredsofsmallbirds I'd believe it,neither,0.0371157565344616,0.3311800449649461,0.6317041985005923
!rbschedule,neither,0.03945320844208391,0.33037608806864915,0.630170703489267
Find the unfinished rebroadcast schedule for the weekend here: http://bit.ly/WeekRebroadcast,neither,0.05904738035105781,0.17020024858160615,0.7707523710673361
Adults hate puns from what I've seen. They're all 'groan' ups.,neither,0.12869683067803953,0.2623721110547503,0.6089310582672102
also Hi Jay,neither,0.03945320844208391,0.33037608806864915,0.630170703489267
"Being responsible for stuff, but still able to have fun",neither,0.033715154918481635,0.3465755013883771,0.6197093436931412
There is no point in being grown up if you can't be childish sometimes,offensive_language,0.031311417779244496,0.4902066720274829,0.4784819101932726
Darin is clearly the adult in the room,neither,0.0445552506235901,0.3026957817149012,0.6527489676615087
is that gin or water ?? hmm,neither,0.04235858461949222,0.35999779461582515,0.5976436207646827
Darin yaaay,neither,0.03945320844208391,0.33037608806864915,0.630170703489267
Gods I cannot deal with Tal and Darin bein all dressed up omg,neither,0.031962220000779876,0.39719222034465557,0.5708455596545645
I'm already gonna love this,neither,0.03353931202382577,0.42587921333683154,0.5405814746393428
Oh I hate it when twitch twitches and I can't tell if a comment got through :(,neither,0.08587661785632339,0.3088738420150035,0.605249540128673
@cljedi the best vibes,neither,0.037742193005613996,0.3072917185006973,0.6549660884936888
@cljedi Lithium will no longer be offered on credit.,neither,0.03810763340835811,0.3358135286159774,0.6260788379756644
*also finds humaning difficult*,neither,0.03945320844208391,0.33037608806864915,0.630170703489267
what a fabulous dinner party,neither,0.04415061665298623,0.32699317220383683,0.6288562111431769
yes,neither,0.03945320844208391,0.33037608806864915,0.630170703489267
also hi tangy!!,neither,0.03945320844208391,0.33037608806864915,0.630170703489267
I love being an adule,neither,0.029584935778204143,0.3810512951143006,0.5893637691074952
stop stealing her drink Tal lol,offensive_language,0.028194982974777773,0.584054448044614,0.3877505689806081
Ivan second best adult adult :3,neither,0.03888082995462147,0.32558306430582684,0.6355361057395517
@mightbeabadidea_ 100 points for that,neither,0.030130135551438883,0.3421117813236427,0.6277580831249184
Hello Geek&Sundry!!,neither,0.03945320844208391,0.33037608806864915,0.630170703489267
"PSA: There is NO ""box"" for people to ""fit in""",neither,0.06566736689531995,0.2856608500584106,0.6486717830462695
I like Xander's outfit,neither,0.055073986501249096,0.35227938747344745,0.5926466260253035
Fiddy fiddy,neither,0.03945320844208391,0.33037608806864915,0.630170703489267
I am 30 something and I stayed awake all night to watch this instead of sleeping. Am I adulting?,neither,0.04137059906244702,0.34088988094428263,0.6177395199932704
I hated the limitations of childhood.,neither,0.0386469037215148,0.31566425418750627,0.645688842090979
"why did the old man fall in the well, because he was old and couldnt see that well.",neither,0.033113718728620394,0.35127901948641876,0.6156072617849608
an adult whom can't spell,neither,0.03990381028203951,0.32272819886750925,0.6373679908504511
"I can choose my own bedtimes, but now I have to restrict myself",neither,0.049591194529132285,0.3974540186511812,0.5529547868196865
@rasnac_khan yes,neither,0.03945320844208391,0.33037608806864915,0.630170703489267
everyone looks so dapper 10/10,neither,0.034771001104912734,0.43996140900589187,0.5252675898891953
everyone looks so spiffy,offensive_language,0.03243759023053324,0.4963570547219247,0.4712053550475419
Dang I always wanted to be an adult and now I just... donot.,neither,0.03929884828696428,0.35348266852627125,0.6072184831867643
I am a 48 year old kid!,neither,0.0389716044198181,0.33592106836775887,0.625107327212423
Blades!?,neither,0.03945320844208391,0.33037608806864915,0.630170703489267
They all look so beautiful😊,neither,0.04388231055660255,0.4729514625237472,0.48316622691965017
@wrathofrathie Who,offensive_language,0.04159901189299763,0.525362713080101,0.4330382750269014
SAME ERIKA,neither,0.04148851938089603,0.3488915597363099,0.609619920882794
mood erika but for? a different reason lmaooooo,neither,0.0327621838392631,0.3150462224417104,0.6521915937190266
I choose to believe Xander dress extra flashy for Vince,neither,0.03944642633197059,0.3106868835177485,0.6498666901502809
@wrathofrathie that's me :P,offensive_language,0.017350294158916552,0.5073325113214118,0.47531719451967175
"Of course your adulting, your adulting in the best way",neither,0.10424273003915292,0.2908530808891658,0.6049041890716812
oh no erika no,neither,0.04393749191252872,0.3029748516340089,0.6530876564534623
Vince looks very nice in his suit. :),neither,0.05600057373566922,0.3319809938579258,0.6120184324064049
that's a big mood erika,neither,0.020062412890579147,0.44163550240659577,0.538302084702825
oh same. I thought I was gonna die in my mid twenties,neither,0.11037687494696373,0.19565894745363988,0.6939641775993964
"@artistsomeday I don't know what Xander's wearing, but he looks great!",neither,0.043959051966451224,0.31235822415788805,0.6436827238756608
that guy's hair is SO blue,neither,0.04251510816870188,0.41600397501195735,0.5414809168193407
!! what a good group!!,neither,0.04547550851092025,0.32575616757780346,0.6287683239112764
I can't eat NEARLY as much cake and candy as an adult as I was led to believe.,neither,0.037657500032503205,0.3529504203490265,0.6093920796184702
!whodat,neither,0.03945320844208391,0.33037608806864915,0.630170703489267
"Erika Ishii ( twitter.com/erikaishii ), Taliesin Jaffe ( twitter.com/executivegoth ), with Ivan Van Norman ( twitter.com/Hydra_Lord ), Vince Caso ( twitter.com/vincecaso ), Michelle Nguyen ( twitter.com/iamchubbybunny ), Lauren Stewart ( twitter.com/MerchantGreen ), Greg Chun ( twitter.com/greg_chun ), Xander Jeanneret ( twitter.com/Xanderrific ), Darin De Paul ( twitter.com/DarinDePaul )",neither,0.037109518109757024,0.47423939913774704,0.48865108275249586
I didn't think I'd make it either and now I'm thirty two,neither,0.02857547830251841,0.318760402175314,0.6526641195221676
Tal's youth being in the 17th century,neither,0.03604155388066638,0.3370159266761419,0.6269425194431916
Sheeyot I'm 37 and I *still* don't think I'm gonna make it to be an adult. :P,neither,0.041775399694524804,0.3346258105190969,0.6235987897863783
@slippydude MYSELF. I am an aweful typer and speller,neither,0.038667204912783415,0.27796495121832954,0.6833678438688872
"Oh Lauren, that's amazing.",neither,0.04043181807418197,0.32354514735384254,0.6360230345719756
He's been good in We're Alive: Frontier on Alpha (Vince/Blades),neither,0.05016205517061456,0.32541128335235564,0.6244266614770297
:D,neither,0.03945320844208391,0.33037608806864915,0.630170703489267
For some reason I barely ever acted like a child.,neither,0.03592012236398957,0.32855946065405384,0.6355204169819566
"Ack, I'm late",neither,0.03945320844208391,0.33037608806864915,0.630170703489267
I'm 28 and I hate being an adult.,neither,0.15753280061352834,0.2302908175950662,0.6121763817914054
Adulthood should be what you want,offensive_language,0.11610341393461651,0.46687713816459886,0.4170194479007847
Erika's brand of adulting is my favorite,neither,0.03474234719552896,0.4127825352350177,0.5524751175694534
QUESTION: Who's the most adult person on or off scree at G&S?,neither,0.036660046796955816,0.3881977345175758,0.5751422186854686
Erika is the best adult <3,neither,0.04653732976493513,0.302706757265156,0.6507559129699088
@Skarrowed Same! I hoped theyd,neither,0.04039346788432985,0.3389448132743561,0.6206617188413139
I never grew up from RPGs!!!!!,neither,0.03507991708856996,0.38968817480598456,0.5752319081054454
I was such a hypochondriac I didn't think I'd make it to adulthood either,neither,0.030789918830017,0.35603861281162796,0.6131714683583551
truev adulting is a nerf wall and a ball pit,neither,0.04442636618782799,0.30068612445412196,0.6548875093580502
Echo was probably #1!,neither,0.038208043155477205,0.3515097926048134,0.6102821642397094
*they'd be behind,neither,0.04009616841435561,0.33576015209821153,0.6241436794874329
oooh yes Xander that,neither,0.035692075844018435,0.37126292057716354,0.5930450035788181
@phoenixgoth this,neither,0.03911427663316333,0.3361286454075671,0.6247570779592696
"Taliesin your look reminds me of Giles from Buffy, and it's working for you XD Not to say your everyday life as an amazing goth isn't. I also love your hair shades, i literally had my hair those colors last year",neither,0.07630338108261113,0.35596151978304713,0.5677350991343418
"@wrathofrathie XD i meant the correct article is ""who"" not ""whom""",neither,0.043375395273564134,0.36120995475097256,0.5954146499754633
Xander has hit in on the head for me,neither,0.024320574067399917,0.35774957772034544,0.6179298482122546
QUESTION: Is Matthew Mercer the most adultest of adults?,neither,0.044337049306125254,0.3172569367918544,0.6384060139020203
im jealous of the level of productive erika is.,neither,0.044807931347274524,0.3416249243587415,0.613567144293984
"I thought one day I would stop reading comics and playing with toys, but it never happened :/",neither,0.03037363052168382,0.34601616144502656,0.6236102080332896
get it done then back to videogames,neither,0.043793479290789736,0.3508576497614859,0.6053488709477243
Look at all these lovely dapper folks.,offensive_language,0.050948294186475326,0.49729692209694387,0.4517547837165807
that is how I adult too,neither,0.043197600056414744,0.3748643218957145,0.5819380780478708
<3,neither,0.03945320844208391,0.33037608806864915,0.630170703489267
god this episode is so timely for me,neither,0.03345403529883892,0.37588836276806004,0.5906576019331011
!whodat,neither,0.03945320844208391,0.33037608806864915,0.630170703489267
"Erika Ishii ( twitter.com/erikaishii ), Taliesin Jaffe ( twitter.com/executivegoth ), with Ivan Van Norman ( twitter.com/Hydra_Lord ), Vince Caso ( twitter.com/vincecaso ), Michelle Nguyen ( twitter.com/iamchubbybunny ), Lauren Stewart ( twitter.com/MerchantGreen ), Greg Chun ( twitter.com/greg_chun ), Xander Jeanneret ( twitter.com/Xanderrific ), Darin De Paul ( twitter.com/DarinDePaul )",neither,0.037109518109757024,0.47423939913774704,0.48865108275249586
I was more like I did not sign up for this when I became an adult.,neither,0.03391572337772372,0.3766369435400066,0.5894473330822697
"I'm only adulting because I""m moving! I'm a 35 year old gamer, future cosplayer.",neither,0.03945320844208391,0.33037608806864915,0.630170703489267
Cant spell Adult without DULT,neither,0.03945320844208391,0.33037608806864915,0.630170703489267
@OrionLightning he himself would likely say no,neither,0.04265173348096373,0.3360766702332909,0.6212715962857454
Good lord this is alarming.,neither,0.04837092505881579,0.3291479489021848,0.6224811260389995
well hellooo Ivan,neither,0.03945320844208391,0.33037608806864915,0.630170703489267
lol,neither,0.020706217963973744,0.4882283491876925,0.4910654328483337
Ivan even has kids!,neither,0.03878730067578091,0.34167828074359624,0.6195344185806229
the cutest tiny thing,neither,0.03869138599820367,0.31649272929547584,0.6448158847063205
a smol thing,neither,0.03945320844208391,0.33037608806864915,0.630170703489267
@cordsycords this also,neither,0.03929966007477012,0.3329822045912702,0.6277181353339596
the CUTEST,neither,0.038372653207642965,0.3105039192898759,0.6511234275024811
@shidareAKI Yup.....,neither,0.03945320844208391,0.33037608806864915,0.630170703489267
Is this going to make me feel guilty for failing at doing any adulting recently?,neither,0.03799592493258965,0.35978229371704196,0.6022217813503684
Hi! @misssunflower94,neither,0.03945320844208391,0.33037608806864915,0.630170703489267
@slippydude I will frustrate you with my poor english.,neither,0.032088392654597196,0.4713372525358089,0.49657435480959394
im almost 20 and so far being an adult is thoroughly terrifying and not fun,neither,0.03893057579631947,0.3393617093054341,0.6217077148982464
Phoenix is awesome! :D,neither,0.0471859699920646,0.32771643678117074,0.6250975932267647
@Slippydude think u spell that DOLT :P,neither,0.03658661362106653,0.35862854805433825,0.6047848383245953
It doesn't end your life... so far.,neither,0.05975089201423939,0.412690371006734,0.5275587369790267
hi @Leleisland !!,neither,0.03945320844208391,0.33037608806864915,0.630170703489267
Having a kid is one of those make-or-break things. You either become an adult then or things go TERRIBLY wrong,neither,0.06177347332901621,0.3326593492596062,0.6055671774113776
Well....,neither,0.03945320844208391,0.33037608806864915,0.630170703489267
@feathersflight I hope not. the most adulting thing i have done this week is laundry,neither,0.06765493646742234,0.2580733015569815,0.6742717619755964
"Phoenix is cute, but I want nothing to do with children and pregnancy.",neither,0.03860412363576353,0.33513022934409953,0.626265647020137
Hello Ivan <3,neither,0.03945320844208391,0.33037608806864915,0.630170703489267
@chuckswain I look forward to being the person whom you frustrate,neither,0.05323103454675273,0.3670937927487352,0.5796751727045122
I love her outfit,offensive_language,0.026935035509371763,0.5944985095744557,0.37856645491617263
BlessRNG Loving this topic episode,neither,0.0393782022441778,0.3316491389976939,0.6289726587581284
and her hair,offensive_language,0.025760118759450182,0.5810731503343184,0.39316673090623144
and her everything,offensive_language,0.02596929807848374,0.5763917904905737,0.3976389114309427
Yay Michelle! Thanks for showing that adults don't have to wear black and grey tnyLol,neither,0.04516434325219297,0.30138094020691075,0.6534547165408963
BloodTrail,neither,0.03945320844208391,0.33037608806864915,0.630170703489267
I love how this came right after I got an adult promotion and a full time job!,neither,0.045239832824828574,0.35491275203149075,0.5998474151436807
I feel like I Made It,neither,0.052297515783595545,0.3529193695033472,0.5947831147130573
she is......SO gorgeous and so infectiously positive,neither,0.04621209547625732,0.43402139188291244,0.5197665126408302
"Awww, Vince!",neither,0.03945320844208391,0.33037608806864915,0.630170703489267
I have been trying to adult my mother for years. I think the oldest child often does that. The parents get soft on the later childern,neither,0.025235007600383684,0.41603490448565417,0.5587300879139621
her jewelry is amazing,offensive_language,0.037351796240757976,0.5234117462164152,0.43923645754282675
Congrats @misssunflower94 !!,neither,0.03945320844208391,0.33037608806864915,0.630170703489267
lol hi vince,neither,0.032449319280434055,0.3806994176546486,0.5868512630649173
"wow, congrats @misssunflower94 !",neither,0.03945320844208391,0.33037608806864915,0.630170703489267
You’re adorable Vince :D,neither,0.07532413653854132,0.34370717333158923,0.5809686901298695
oh wow Vince might be the closest to my age on this couch,neither,0.0370074005412228,0.3492996508606896,0.6136929485980878
"I'm an adult, I have to start watching what I'm eating and losing weight. D:",neither,0.04652559516554767,0.302771896182861,0.6507025086515914
"... Oh my gosh, Vince is younger than me, I feel suddenly like an idiot.",neither,0.04049197223876821,0.3770578597358268,0.5824501680254051
hi Vince!,neither,0.03945320844208391,0.33037608806864915,0.630170703489267
ohh tangy grats!!!,neither,0.03945320844208391,0.33037608806864915,0.630170703489267
I'm still trying to figure out how to adult with chronic low energy and demotivation.,neither,0.03655206080184695,0.34113674871747995,0.6223111904806732
are you from the series the guild?,neither,0.09507107415632393,0.2675294550411208,0.6373994708025553
"Same, Tangy, closest in age",neither,0.04008348882649888,0.3361232373414472,0.623793273832054
@misssunflower94 nice! congratulations!!,neither,0.03945320844208391,0.33037608806864915,0.630170703489267
Woot! to @misssunflower94,neither,0.04754392689132449,0.32567743738237265,0.6267786357263028
I'm almost 21 and I still don't think I'm an adult,neither,0.03882958422642895,0.3012894914848622,0.6598809242887089
This is secretly Vince's surprise bar mitzvah,neither,0.04461969385309619,0.3296140678445724,0.6257662383023315
Thanks everyone <3,neither,0.030216122769311023,0.43073272795177925,0.5390511492789097
"Wow, I'm only a year younger than him.",neither,0.03898337022423139,0.33835046880564557,0.6226661609701231
congrats @misssunflower94 !,neither,0.03945320844208391,0.33037608806864915,0.630170703489267
I did not realize Vince was literally only fie years older than me what the heck,neither,0.03630048054951646,0.35784463825465546,0.6058548811958282
@yanni_psd yes,neither,0.03945320844208391,0.33037608806864915,0.630170703489267
We have loved watching you since you were a kid!,neither,0.06559812525010632,0.3998583694806869,0.5345435052692067
yaaay fellow 26 year old,neither,0.03945320844208391,0.33037608806864915,0.630170703489267
@Skarrowed Same. I'm 34 and that's still my biggest puzzle.,neither,0.02757683801745421,0.4125757889713458,0.5598473730111999
Congratz @misssunflower94,neither,0.03945320844208391,0.33037608806864915,0.630170703489267
Vince's looks reminds me of Biff in the altered 1985 in Back to the Future 2.,neither,0.03758086558337066,0.33224029900531715,0.6301788354113121
ivans jacket messing with the camera,neither,0.030307874162818903,0.3465245628511277,0.6231675629860535
ohh he looks older,neither,0.044187826854698145,0.32874763568777104,0.6270645374575308
yells im almost an adult i turn 18 this year and im afraid of taxes,neither,0.038334249654326816,0.33981420002751045,0.6218515503181629
Ivan is glowing,neither,0.04912624121044723,0.3270490885368631,0.6238246702526896
:D,neither,0.03945320844208391,0.33037608806864915,0.630170703489267
Hi Lauren!,neither,0.03945320844208391,0.33037608806864915,0.630170703489267
He's one of them dang milennials. Git off my lawn!,neither,0.04330842489205387,0.421496695358262,0.5351948797496842
!respect Don’t insult our hosts.,neither,0.03945320844208391,0.33037608806864915,0.630170703489267
"If you would like to share opinions on our hosts, guests or fellow viewers, please do so in a respectful manner. Don't make them feel uncomfortable.",neither,0.04843323757214918,0.39559142321184637,0.5559753392160044
People youndger than 30 should not worry about being an adult etc. Just enjoy 20s while it lasts kids ;),neither,0.04953550392418447,0.38283594317434705,0.5676285529014684
"I'm an adult, I have survived an economic crash, now work in customer service and will be working a second half-time job starting Monday",neither,0.03942758354072187,0.31378083791883793,0.6467915785404402
In Lauren we enjoy!,neither,0.039313191673134,0.33275253805237776,0.6279342702744883
"nice, vince",neither,0.03945320844208391,0.33037608806864915,0.630170703489267
so happy to see lauren back!!!,neither,0.045308878641609596,0.3661784685926213,0.588512652765769
I'm 34 and have felt vaguely like an adult for the last... few years?,neither,0.040422337051802856,0.2918508969670509,0.6677267659811463
!frontpage,neither,0.03945320844208391,0.33037608806864915,0.630170703489267
"We are on the front page, which means we have an influx of new people coming in here. Some are polite, some are not. Please let the mods handle those who are not. Sit back, enjoy the show, and DON'T FEED THE TROLLS.",neither,0.10504481977893397,0.20508308154005317,0.6898720986810128
"Is it just me, or are there very few people on this panel that most people would think of as 'fully qualified' adults? ;)",neither,0.07098087115686717,0.3469658416100006,0.5820532872331321
Aww...,neither,0.03945320844208391,0.33037608806864915,0.630170703489267
!whodat,neither,0.03945320844208391,0.33037608806864915,0.630170703489267
"Erika Ishii ( twitter.com/erikaishii ), Taliesin Jaffe ( twitter.com/executivegoth ), with Ivan Van Norman ( twitter.com/Hydra_Lord ), Vince Caso ( twitter.com/vincecaso ), Michelle Nguyen ( twitter.com/iamchubbybunny ), Lauren Stewart ( twitter.com/MerchantGreen ), Greg Chun ( twitter.com/greg_chun ), Xander Jeanneret ( twitter.com/Xanderrific ), Darin De Paul ( twitter.com/DarinDePaul )",neither,0.037109518109757024,0.47423939913774704,0.48865108275249586
@Lily_habiba CSR solidarity,neither,0.03945320844208391,0.33037608806864915,0.630170703489267
"@Lily_habiba Nice, good luck!",neither,0.038756540781117045,0.330615704023371,0.630627755195512
http://merchantgreenleatherworks.com/,neither,0.03558056210193769,0.1941005909087057,0.7703188469893567
oh frontpage,neither,0.051363287716059566,0.22255663153133606,0.7260800807526044
"I’m 28, and I still don’t feel like an adult.",neither,0.0461725270169776,0.3177795894093409,0.6360478835736815
"I am also writing a contemporary female-voice response to HP Lovecraft, and I dance",neither,0.04126823730605612,0.32551311215504014,0.6332186505389037
awwww Lauren you're doing great!,neither,0.06465416109607074,0.319029434315436,0.6163164045884932
"No adult is fully qualified, that's the secret.",neither,0.040976278959913,0.3571811589042622,0.6018425621358247
I feel like truly becoming an adult has helped me start to have a bit of a childhood.,neither,0.04383028910695385,0.3538420896071939,0.6023276212858523
34 and still aggressively avoiding growing up. But adulting is not easy for me.,neither,0.031183223005567397,0.3554991739866259,0.6133176030078066
I'm 34 and perpetually terrified.,neither,0.03887200967270522,0.3017603711398751,0.6593676191874197
Thanks @NeverwinterFool,neither,0.035884468650613,0.3004919205142699,0.6636236108351171
"I'm 37 and although I do adulting a lot, I don't consider myself an adult. As long as the only person I have to care for is myself, I don't think I'm there. And I'm okay with that.",neither,0.0351398162483986,0.31994957466525137,0.6449106090863501
"The defining adulting moment that comes to mind for me was buying a pound of corned beef from a grocery store deli, because it was a really good deal. I'd bought other stuff before, but that moment it was, like, wow, I'm an adult.",neither,0.041223554181273714,0.37072995931665625,0.5880464865020701
52 and still a questionable adult,neither,0.03803929633661693,0.30848724356039875,0.6534734601029843
@mightbeabadidea_Truth! I think that's the point! :D,neither,0.03414424853015601,0.3519462966965688,0.6139094547732752
OMG Erica's outfit is adorable,neither,0.04531123483343033,0.3283612441693353,0.6263275209972344
So true about the second and later kids. First is so special then you learn,neither,0.06624567504570567,0.3758520669987318,0.5579022579555625
"I'm 28, I'm trained to be a lawyer but I'm sunk in a dead end job that I hate and am taking grad school classes on the side.",neither,0.07988158289853232,0.30774269616593614,0.6123757209355316
Is starting a business the secret to adulting?,neither,0.05233313415786139,0.31047229846218455,0.6371945673799542
"I'm 3x older than all of you combined, and I promise: ""adulthood"" in the classic sense is massively overrated.",neither,0.05103608888898533,0.35851240197380935,0.5904515091372053
WTF is an EIN?,offensive_language,0.05777950820157643,0.667523397903672,0.27469709389475155
What's an EIN?,neither,0.05143405461070975,0.3122100672613282,0.636355878127962
@shidareAKI I'm pretty sure anyone who says that they're good at Adulting is just faking it to make themselves look good.,neither,0.046974766516074636,0.4531295267337014,0.4998957067502239
QUESTION: what's an EIN?,neither,0.04665719764844551,0.31903644535088477,0.6343063570006697
?,neither,0.03945320844208391,0.33037608806864915,0.630170703489267
WHAT IS AN EIN,neither,0.06871421514762815,0.30792739700705274,0.623358387845319
@thedimono exactly. It’s when I get into a relationship and a family that I think adulting will really start to kick in,neither,0.03442065362034573,0.34343659764475715,0.6221427487348972
this is totally what I pay my subscription for lol,neither,0.028413744802490797,0.4143718300379935,0.5572144251595158
Employer Id Number,neither,0.03945320844208391,0.33037608806864915,0.630170703489267
It's like an SSN for a business,neither,0.041315553326320316,0.31241699747984575,0.6462674491938339
!rbschedule,neither,0.03945320844208391,0.33037608806864915,0.630170703489267
Find the unfinished rebroadcast schedule for the weekend here: http://bit.ly/WeekRebroadcast,neither,0.05904738035105781,0.17020024858160615,0.7707523710673361
Employer Identification Number issued by the IRS for businesses within the U.S.,neither,0.03520266913755258,0.3177795435633809,0.6470177872990664
hi everyone,neither,0.032490659208996964,0.4485487193596734,0.5189606214313296
Employer ID Number,neither,0.03945320844208391,0.33037608806864915,0.630170703489267
Ohhh...,neither,0.03945320844208391,0.33037608806864915,0.630170703489267
Part of being an adult is being able to eat cake for dinner and nobody being able to stop you.,neither,0.041102150896262235,0.42697845075621543,0.5319193983475223
@mightbeabadidea_ you might be right,neither,0.06390514025578527,0.4352717866899928,0.5008230730542219
employer identification number,neither,0.03945320844208391,0.33037608806864915,0.630170703489267
ohhh gotcha thank you!!!,neither,0.056569537053094594,0.387589590314071,0.5558408726328344
#BUSINESS,neither,0.03945320844208391,0.33037608806864915,0.630170703489267
I'm thirty-one and the only time I've ever felt like an adult was when I took care of my mom after her spinal surgery.,neither,0.020203324566308235,0.46730606746374015,0.5124906079699517
I'm 20 but I just started my degree and people constantly mistake me for being 17-18 (-:,neither,0.03165011699670787,0.3830917498316435,0.5852581331716488
usually it's abbreviated FEIN,neither,0.03743769619726978,0.3310693151521691,0.6314929886505611
is it an america thing?,neither,0.28527811969013056,0.19103017381121581,0.5236917064986535
