text,top_class,hate_speech,offensive_language,neither
Bidet everyone!,offensive_language,0.02988896790634741,0.4927062106388782,0.4774048214547744
"Bidet from Sacramento, CA all",neither,0.04202982962953452,0.3769201356517359,0.5810500347187296
bidet from missouri!,neither,0.04071751644889743,0.3089174816120565,0.6503650019390461
"The channel has gone live. If you cannot see the folks in the studio , please refresh.",neither,0.03723955741942503,0.3496909644204777,0.6130694781600973
beep beep from Townsville Australia,neither,0.04062582848913359,0.31047366557575606,0.6489005059351104
!ittd,neither,0.03945320844208391,0.33037608806864915,0.630170703489267
"This years International Tabletop day is on Saturday, April 28th!! Keep yourself updated on twitter.com/tabletopday or facebook.com/tabletopday , and tabletopday.com , where you can also search by location for Friendly Local Game Stores that participate in #TabletopDay - Schedule for our livestream: https://geekandsundry.com/the-games-were-playing-for-this-years-international-tabletop-day-stream/",neither,0.03450994419017009,0.33566126611805003,0.6298287896917799
Bidet from Vancouver BC,neither,0.041095261662497835,0.30250615950080734,0.6563985788366947
gandsRage,neither,0.03945320844208391,0.33037608806864915,0.630170703489267
Bidet from Ohio,neither,0.040754399270683486,0.3082914838698526,0.650954116859464
Bidet from Hawaii!,neither,0.04062582848913359,0.31047366557575606,0.6489005059351104
Bidet from Iowa,neither,0.04069404815304118,0.30931579984010865,0.6499901520068502
"Bidet from Iowa, all!!",neither,0.042892678050768435,0.39200452750743414,0.5651027944417973
gandsSpoopy,neither,0.03945320844208391,0.33037608806864915,0.630170703489267
Bidet from Nashville,neither,0.04071751644889743,0.3089174816120565,0.6503650019390461
Bidet from Tennessee,neither,0.04071751644889743,0.3089174816120565,0.6503650019390461
Bitdet from australia!,neither,0.04062582848913359,0.31047366557575606,0.6489005059351104
Bidet from Virginia,neither,0.04079557052152802,0.30759270029461827,0.6516117291838538
"repeat The channel has gone live. If you cannot see the folks in the studio , please refresh.",neither,0.0373634929483334,0.34859131571055346,0.6140451913411132
"Help G&S make great content! $4.99/month gets you emotes, Minecraft server access, sub-only VODs, and more! Every sub keeps the channel alive! twitch.tv/geekandsundry/subscribe",neither,0.043907990691603095,0.31135964332838284,0.644732365980014
OSSmooth,neither,0.03945320844208391,0.33037608806864915,0.630170703489267
"@maxpower0070 You're not Danny, are you? lol... My best friend's husband who lives in Vancouver and watches this show?",neither,0.08093238171976781,0.38671388370661547,0.5323537345736168
Bidet,neither,0.03945320844208391,0.33037608806864915,0.630170703489267
Bidet from Kansas,neither,0.04071751644889743,0.3089174816120565,0.6503650019390461
Bidet from Seattle,neither,0.040754399270683486,0.3082914838698526,0.650954116859464
EarthDay,neither,0.03945320844208391,0.33037608806864915,0.630170703489267
Bidet from Indiana,neither,0.0408364874901429,0.30689823255244486,0.6522652799574122
BIdet from Missouri!,neither,0.04071751644889743,0.3089174816120565,0.6503650019390461
Bidet from texas,neither,0.040937266849991,0.30518774380265185,0.6538749893473571
UWot,neither,0.03945320844208391,0.33037608806864915,0.630170703489267
bidet from Florida,neither,0.0408948396164547,0.30590784468201904,0.6531973157015263
Bidet from Kansas,neither,0.04071751644889743,0.3089174816120565,0.6503650019390461
Bidet from LA!,neither,0.04094187055022747,0.3051096069949388,0.6539485224548338
Bitdet from Cali,neither,0.04079557052152802,0.30759270029461827,0.6516117291838538
Bidet from the UK,neither,0.039613273355342184,0.2892653269430044,0.6711213997016535
bidet from PA,neither,0.04069404815304118,0.30931579984010865,0.6499901520068502
RuleFive,neither,0.03945320844208391,0.33037608806864915,0.630170703489267
TwitchLit PowerUpL GOWKratos PowerUpR TwitchLit,neither,0.03945320844208391,0.33037608806864915,0.630170703489267
love this new campaign music,neither,0.03996896420739849,0.2604175599220218,0.6996134758705796
Bidet from Philly!,neither,0.040769555981420263,0.3080342349327864,0.6511962090857933
Bidet from UT!!,neither,0.04071751644889743,0.3089174816120565,0.6503650019390461
Bide from Germany,neither,0.04069404815304118,0.30931579984010865,0.6499901520068502
WutFace,neither,0.03945320844208391,0.33037608806864915,0.630170703489267
Testing my channel sub,neither,0.030840975426870757,0.39550640636274936,0.5736526182103799
Bidet from Australia,neither,0.04062582848913359,0.31047366557575606,0.6489005059351104
Bidet from Ohio!,neither,0.040754399270683486,0.3082914838698526,0.650954116859464
god i fucking love this music so much,offensive_language,0.08420054230937658,0.9138311166374844,0.0019683410531390203
Liam is gonna be here seqChamp crucChamp PogChamp,neither,0.09588099362209701,0.33618433711581036,0.5679346692620926
Bidet from Ohayo!,neither,0.04228451509352876,0.2823214250720796,0.6753940598343917
Bidet from Disney world!,neither,0.04052184113489871,0.31223860236249074,0.6472395565026104
Bidet!,neither,0.03945320844208391,0.33037608806864915,0.630170703489267
Bidet all,offensive_language,0.046917543854519406,0.6277741405869331,0.3253083155585475
bidet from north korea,neither,0.04079557052152802,0.30759270029461827,0.6516117291838538
bidet from alabama!,neither,0.04078317879478948,0.307803020237201,0.6514138009680096
bidet from Canada this is my first talks Machina!,neither,0.031152959369156085,0.3857129430459144,0.5831340975849295
"@neverwinterfool I'm in Philly, too!! west Philly. You?",neither,0.048870661165894815,0.360814322198362,0.5903150166357432
Bidet!,neither,0.03945320844208391,0.33037608806864915,0.630170703489267
wurt n da ferk,offensive_language,0.15114814935983525,0.6045263659867909,0.24432548465337384
"Bidet from Fresno, CA!",neither,0.04084513770590474,0.30675141581570226,0.6524034464783931
I'm watching last week's Talks while waiting for this week's Talks!,neither,0.03637942813816175,0.3159950559021661,0.6476255159596721
bidet from Israel,neither,0.06339974892476405,0.3003441096299848,0.636256141445251
Bidet from Puerto Rico,neither,0.040392180697499655,0.3144392783719297,0.6451685409305706
Love y'all <3,offensive_language,0.037186107654219286,0.5281762487370963,0.4346376436086844
monkaS @mjcxii,neither,0.03945320844208391,0.33037608806864915,0.630170703489267
Bidet from Toronto,neither,0.04066490145509902,0.30981049537100724,0.6495246031738937
Bidet from Tijuana Mexico!,neither,0.040769555981420263,0.3080342349327864,0.6511962090857933
Bidet from Minneapolis!,neither,0.04228451509352876,0.2823214250720796,0.6753940598343917
https://youtu.be/WEQC2HyhgTc,neither,0.03991770540223806,0.3342657258110594,0.6258165687867027
bidet from new zealand :P,neither,0.046710622032705686,0.1542697019613409,0.7990196760059534
duDudu,neither,0.03945320844208391,0.33037608806864915,0.630170703489267
!ittd,neither,0.03945320844208391,0.33037608806864915,0.630170703489267
"This years International Tabletop day is on Saturday, April 28th!! Keep yourself updated on twitter.com/tabletopday or facebook.com/tabletopday , and tabletopday.com , where you can also search by location for Friendly Local Game Stores that participate in #TabletopDay - Schedule for our livestream: https://geekandsundry.com/the-games-were-playing-for-this-years-international-tabletop-day-stream/",neither,0.03450994419017009,0.33566126611805003,0.6298287896917799
Music!,neither,0.03945320844208391,0.33037608806864915,0.630170703489267
Bidet from Rolla MO,neither,0.040912083971464244,0.30561516297332675,0.653472753055209
Sitting here playing Pocket Mortys while we wait...,neither,0.07041302048460561,0.3056014105587974,0.623985568956597
Bidet from NC!,neither,0.04066490145509902,0.30981049537100724,0.6495246031738937
That whiteboard isn't white balanced.,hate_speech,0.49565265751383253,0.44518391626311093,0.05916342622305657
Bidet from Colorado and still snowing!,neither,0.03883341302723129,0.2878666957939871,0.6732998911787818
does the set look different? Like brighter?,neither,0.03464388994132754,0.4451017204385482,0.5202543896201242
im so in for ITTD gandsJohnson gandsDick is there a casts guests list up yet?,neither,0.037308575908682244,0.36932729909598,0.5933641249953377
Bidet from Toronto,neither,0.04066490145509902,0.30981049537100724,0.6495246031738937
KAPOW,neither,0.03945320844208391,0.33037608806864915,0.630170703489267
bidet from Philly! ohbothEr,neither,0.040769555981420263,0.3080342349327864,0.6511962090857933
My first live talks and I should be in bed and I don't care,neither,0.03555234541164434,0.3572184072800166,0.6072292473083392
what does bidet mean?,neither,0.027815304832343783,0.4783471917130365,0.49383750345461963
bidet from South Carolina,neither,0.04043176250036363,0.31376747187705417,0.6458007656225822
Bidet from PEI Canada.,neither,0.04071751644889743,0.3089174816120565,0.6503650019390461
Bidet from Edmonton :),neither,0.04228451509352876,0.2823214250720796,0.6753940598343917
Heya from Australia,neither,0.04062582848913359,0.31047366557575606,0.6489005059351104
12 minutes to go PogChamp,neither,0.04796856035801208,0.330401601252725,0.6216298383892628
"Is there actually going to be a World Wide Wrestling RPG, or is this another classic Talks Whiteboard pulling our legs.",neither,0.07290424696448475,0.28723949236000446,0.6398562606755108
Bidet from Cali,neither,0.04079557052152802,0.30759270029461827,0.6516117291838538
Bidet from Atlanta,neither,0.04078317879478948,0.307803020237201,0.6514138009680096
international tabletop 6 hours! woooo,neither,0.03945320844208391,0.33037608806864915,0.630170703489267
bidet from Colorado,neither,0.04066490145509902,0.30981049537100724,0.6495246031738937
bidet from stl!!,neither,0.04228451509352876,0.2823214250720796,0.6753940598343917
is taliesin still a triangle?,neither,0.05616764736281741,0.35459560431738774,0.5892367483197949
Bidet from also Edmonton!,neither,0.04106389839533116,0.30303847599623085,0.655897625608438
"New song for the fan art reel ""Welcome to Wildemount"" by Colm McGuinness - https://www.youtube.com/watch?v=WEQC2HyhgTc",neither,0.043642232952841864,0.2873620236928719,0.6689957433542861
bidet from Ohio,neither,0.040754399270683486,0.3082914838698526,0.650954116859464
bidet from az!!,neither,0.04078317879478948,0.307803020237201,0.6514138009680096
"Holy crap, people are shell shocked by Avengers in their reviews. With that being said, I'm turning off all chat rooms until after Thursday. People are spoiling it just to be mean. Enjoy the show. <3",neither,0.07640535047237709,0.34613791313780423,0.5774567363898186
Multiple people from Philly!!! I'm freaking out! Are we just blocks away?!,neither,0.0658415566541987,0.302960116826902,0.6311983265188992
Bidet from Ohio,neither,0.040754399270683486,0.3082914838698526,0.650954116859464
Welcome to Wildemount has become my new ringtone,neither,0.03773761719207366,0.3158523107064538,0.6464100721014725
@bradybgeary bidet from MN too,neither,0.04033328011145769,0.3154389750353423,0.6442277448532
"Hey nightbot, you should have a !bidet explaining what bidet means!",neither,0.07231095724073117,0.4079323401841271,0.5197567025751417
bidet!,neither,0.03945320844208391,0.33037608806864915,0.630170703489267
"@turinbar came from an early episode, essentially just a greeting",neither,0.037970597957216155,0.3070327405434149,0.6549966614993689
It's a joke from campaign one.,neither,0.0383455451513059,0.34350825691040804,0.618146197938286
@SharkApologist Maybe...,neither,0.03945320844208391,0.33037608806864915,0.630170703489267
!spoilers,neither,0.03945320844208391,0.33037608806864915,0.630170703489267
"Spoilers suck. Please don't post them in chat for those who haven't experienced this yet. Spoilers will be mercilessly smited, be they real or fake.",neither,0.06583532000113067,0.3641718040332324,0.5699928759656369
gandsTwenty,neither,0.03945320844208391,0.33037608806864915,0.630170703489267
well I know what I'm doing saturday,neither,0.04474045675068017,0.326581546475703,0.6286779967736169
bidet from Montreal Canada!!! the land that can't enter prize giveaways Here:(,neither,0.05910514018639138,0.3122414259740039,0.6286534338396047
Bidet from Minnesota,neither,0.04071751644889743,0.3089174816120565,0.6503650019390461
@SharkApologist Rumor has it he has moved up to cube statis,neither,0.044473359090216213,0.34933135786811126,0.6061952830416725
"Bidet is a reference to Campaign 1, Grog corrupting G'day",neither,0.053786643900596655,0.31168474582303934,0.634528610276364
bidet y'all,offensive_language,0.046917543854519406,0.6277741405869331,0.3253083155585475
Are there ant Swiss critters here?,neither,0.13777765821497936,0.20458595169075136,0.6576363900942693
hullo chat,neither,0.03945320844208391,0.33037608806864915,0.630170703489267
Bidet from Denver,neither,0.04069404815304118,0.30931579984010865,0.6499901520068502
grog diea,neither,0.03945320844208391,0.33037608806864915,0.630170703489267
"Bidet, folks!",neither,0.03945320844208391,0.33037608806864915,0.630170703489267
How are there spoilers out already?! 😱,neither,0.06084585229308837,0.2707928631356937,0.6683612845712179
bidet from Maryland,neither,0.04066490145509902,0.30981049537100724,0.6495246031738937
Bidet from Colorado!,neither,0.04066490145509902,0.30981049537100724,0.6495246031738937
Bidet from The Basement,neither,0.03960626869327106,0.29088984701269366,0.6695038842940353
Any other Aussies?!,neither,0.03945320844208391,0.33037608806864915,0.630170703489267
bidet from california!,neither,0.06971251856910227,0.2972619859879888,0.633025495442909
because the movie is out :thinking:,neither,0.04398485103828499,0.2906258897780187,0.6653892591836964
!howdat,neither,0.03945320844208391,0.33037608806864915,0.630170703489267
bidet and beep beep from Illinois gandsCaleb gandsLollypop,neither,0.039670422827289976,0.26681207269915463,0.6935175044735555
Bidet from Ohio!,neither,0.040754399270683486,0.3082914838698526,0.650954116859464
Bidet from Colorado,neither,0.04066490145509902,0.30981049537100724,0.6495246031738937
Bidet from Saskatchewan,neither,0.04228451509352876,0.2823214250720796,0.6753940598343917
Who's the guest tonight?,neither,0.03636488167734709,0.3495707224178149,0.6140643959048381
Bidet from Wisconsin!,neither,0.04071751644889743,0.3089174816120565,0.6503650019390461
is there a list of who will be a part of what on ittd?,neither,0.0494180372478168,0.33402973848631,0.6165522242658732
"Bidet from Callander, Ontario",neither,0.04062582848913359,0.31047366557575606,0.6489005059351104
@carriemuxlow Bidet from Also Edmonton!,neither,0.04106389839533116,0.30303847599623085,0.655897625608438
Bidet from Toronto!,neither,0.04066490145509902,0.30981049537100724,0.6495246031738937
gandsTeamNoStream,neither,0.03945320844208391,0.33037608806864915,0.630170703489267
WHy herro,neither,0.016768318525353994,0.3685911158159394,0.6146405656587067
@mango_denim Reviewers / sneak peak airings and that sort of stuff.,neither,0.03648725619648006,0.3310262317834012,0.6324865120201189
@dayscotsman Bidet,neither,0.03945320844208391,0.33037608806864915,0.630170703489267
"Bidet from Newfoundland, Canada!~",neither,0.04071751644889743,0.3089174816120565,0.6503650019390461
"Our guests this Tuesday are Liam and Marisha, discussing episode 15!",neither,0.052141180728870126,0.2837350045499953,0.6641238147211346
Bidet from Indiana!,neither,0.0408364874901429,0.30689823255244486,0.6522652799574122
bidet from ohio!,neither,0.040754399270683486,0.3082914838698526,0.650954116859464
Bidet from Buffalo,neither,0.04069404815304118,0.30931579984010865,0.6499901520068502
Bidet from Brisbane Australia,neither,0.04062582848913359,0.31047366557575606,0.6489005059351104
bidet from sydney!,neither,0.04062582848913359,0.31047366557575606,0.6489005059351104
Thanks @dragonchrome,neither,0.035884468650613,0.3004919205142699,0.6636236108351171
826la on Geek & Sundry https://geekandsundry.com/you-can-play-a-critical-role-in-kids-lives-by-supporting-826la/,neither,0.0463096934063224,0.38133070052319656,0.5723596060704811
Bidet from Toronto,neither,0.04066490145509902,0.30981049537100724,0.6495246031738937
@kayla81391 Bidet,neither,0.03945320844208391,0.33037608806864915,0.630170703489267
bidet from New York city,neither,0.04391445534569226,0.2262519204405613,0.7298336242137464
Bidet from Reno,neither,0.04062582848913359,0.31047366557575606,0.6489005059351104
bidet from ca,neither,0.04084513770590474,0.30675141581570226,0.6524034464783931
bidet!,neither,0.03945320844208391,0.33037608806864915,0.630170703489267
"Bidet, everyone!",offensive_language,0.02988896790634741,0.4927062106388782,0.4774048214547744
@tzarofwind Bidet from Saskatoon!,neither,0.04228451509352876,0.2823214250720796,0.6753940598343917
bidet from NY,neither,0.04084513770590474,0.30675141581570226,0.6524034464783931
bidet from St Paul MN,neither,0.04030865756951101,0.3158568838318911,0.6438344585985978
bidet!,neither,0.03945320844208391,0.33037608806864915,0.630170703489267
bidet from Indiana,neither,0.0408364874901429,0.30689823255244486,0.6522652799574122
Squid1 Squid2 Squid3 Squid2 Squid4,neither,0.03945320844208391,0.33037608806864915,0.630170703489267
fjjfjjfjjfjjfjjfjjfjjfjjfjjfjjfjj,neither,0.03945320844208391,0.33037608806864915,0.630170703489267
Bidet from Amarillo TX y'all,neither,0.04324940744025782,0.3982080527344978,0.5585425398252444
Morning from the UK,neither,0.04705955606034625,0.16287965855453254,0.7900607853851213
bidet from kansas,neither,0.04071751644889743,0.3089174816120565,0.6503650019390461
bidet from id,neither,0.04097845174991622,0.304488728566897,0.6545328196831867
gandsCaleb gandsCaleb gandsCaleb gandsCaleb gandsCaleb gandsCaleb gandsCaleb,neither,0.03945320844208391,0.33037608806864915,0.630170703489267
"@wrathofrathie oh crap, hi!",neither,0.04459763622342864,0.28132465167875276,0.6740777120978186
do they have a patreon?,neither,0.040972917600618525,0.34496808563550774,0.6140589967638738
bidet from oregon!,neither,0.04071751644889743,0.3089174816120565,0.6503650019390461
Whooooooooooo,neither,0.03945320844208391,0.33037608806864915,0.630170703489267
?,neither,0.03945320844208391,0.33037608806864915,0.630170703489267
Bidet from Tennessee!,neither,0.04071751644889743,0.3089174816120565,0.6503650019390461
Bidet from Seattle !,neither,0.040754399270683486,0.3082914838698526,0.650954116859464
Bidet from PDC Wisconsin,neither,0.04071751644889743,0.3089174816120565,0.6503650019390461
if anyone in chat is feeling down/having a bad day know that i love you,neither,0.034223045988481166,0.41897437483335365,0.5468025791781652
CoolStoryBob,neither,0.03945320844208391,0.33037608806864915,0.630170703489267
Which cast members are here tonight?,neither,0.0925436702497331,0.257482892921278,0.6499734368289889
Bidet from Austin,neither,0.04086843745212,0.30635595831493706,0.6527756042329429
"Hello and bidet from Portland, OR!",neither,0.039611516316271564,0.2815978207535651,0.6787906629301634
bidet from michigan,neither,0.040769555981420263,0.3080342349327864,0.6511962090857933
"Bidet from Hull, UK",neither,0.04038150078596344,0.3146205443430473,0.6449979548709892
This is my first talks machina!!,neither,0.027755786773625155,0.4226545636794309,0.549589649546944
Bidet from Oregon!,neither,0.04071751644889743,0.3089174816120565,0.6503650019390461
BatChest BatChest,neither,0.03945320844208391,0.33037608806864915,0.630170703489267
Bidet from WI,neither,0.040737273169946825,0.30858215849491494,0.6506805683351382
LIam and Marisha,neither,0.03857111107789432,0.2851340175310554,0.6762948713910502
Cheers @KingNerses,neither,0.03945320844208391,0.33037608806864915,0.630170703489267
@dayscotsman Liam and Marisha iirc,neither,0.03857111107789432,0.2851340175310554,0.6762948713910502
gandsCaleb gandsCaleb gandsCaleb,neither,0.03945320844208391,0.33037608806864915,0.630170703489267
Bidet from Long Island,neither,0.040349090989372026,0.3087357751934448,0.6509151338171831
bidet from Riverside CA,neither,0.04039749100449293,0.314349148603457,0.6452533603920501
Bidet from Nashville Tennessee,neither,0.040394171658393964,0.31440548656955947,0.6452003417720467
@VisionarySims welcome!,neither,0.03945320844208391,0.33037608806864915,0.630170703489267
@dayscotsman Liam and Marisha,neither,0.03857111107789432,0.2851340175310554,0.6762948713910502
@VisionarySims same here\,neither,0.14187967449237004,0.2733123625359359,0.584807962971694
@VisionarySims Welcome!,neither,0.03945320844208391,0.33037608806864915,0.630170703489267
Bidet from Mooresville Indiana,neither,0.0408364874901429,0.30689823255244486,0.6522652799574122
"not feeling down at all, @KingNerses ...but thanks for reaching out man",neither,0.029209938380460963,0.4140646526930192,0.5567254089265199
DansGame,neither,0.03945320844208391,0.33037608806864915,0.630170703489267
this is probably the best stream on twitch,neither,0.040670670926503186,0.33641646183825596,0.6229128672352409
Welcome @VisionarySims,neither,0.03945320844208391,0.33037608806864915,0.630170703489267
@dayscotsman marisha and liam,neither,0.03857111107789432,0.2851340175310554,0.6762948713910502
Bidet from Huntington Beach CA rescHi,neither,0.04047425114956354,0.3130463286135936,0.646479420236843
Bidet from Over THere!,neither,0.03635344482554855,0.2481297351909536,0.7155168199834978
gandsBrian gandsBrian gandsBrian gandsBrian gandsBrian gandsBrian gandsBrian,neither,0.03945320844208391,0.33037608806864915,0.630170703489267
@VisionarySims Welcome and bidet,neither,0.038364781541636334,0.272536905496441,0.6890983129619228
"Our guests this Tuesday are Liam and Marisha, discussing episode 15!",neither,0.052141180728870126,0.2837350045499953,0.6641238147211346
i see shadows,neither,0.03945320844208391,0.33037608806864915,0.630170703489267
!tmsubmit,neither,0.03945320844208391,0.33037608806864915,0.630170703489267
The email to submit your Fan Art and Gif of the Week submissions is ‘ submit@talksmachina.com '. Before 9 AM Pacific next Tuesday. Submit away!,neither,0.05727310753668434,0.3147331773433212,0.6279937151199946
PMSTwin,neither,0.03945320844208391,0.33037608806864915,0.630170703489267
Bidet from Florida!,neither,0.0408948396164547,0.30590784468201904,0.6531973157015263
Welcome @visionarysims @mr_noctowl,neither,0.03945320844208391,0.33037608806864915,0.630170703489267
quien dijo Puerto Rico?,neither,0.03945320844208391,0.33037608806864915,0.630170703489267
Lol what does bidet mean?,offensive_language,0.022432088858819435,0.513857402124459,0.46371050901672173
!crgiveaways,neither,0.03945320844208391,0.33037608806864915,0.630170703489267
No purchase necessary. Only open to all permanent legal residents of the United States and permanent legal residents of Canada (excluding the province of Quebec). Must be 18 years or older to enter. Find official rules here: geekandsundry.com/critical-role-giveaway-contest-rules-march-2018/,neither,0.052282734539409736,0.29789623904780815,0.6498210264127822
bidet from Ontario canada,neither,0.040354386843928725,0.3150807387011266,0.6445648744549448
bidet from west chester pa,neither,0.04043495871604492,0.3137132237554846,0.6458518175284705
Bidet from KY,neither,0.04062582848913359,0.31047366557575606,0.6489005059351104
bidet from vegas!,neither,0.040853311764050625,0.30661268071637476,0.6525340075195746
eep beep from Jacksonville Florida!!!,neither,0.0408948396164547,0.30590784468201904,0.6531973157015263
HotPokket,neither,0.03945320844208391,0.33037608806864915,0.630170703489267
KappaPride,neither,0.03945320844208391,0.33037608806864915,0.630170703489267
Bidet is for washing your butt,neither,0.07806677835306038,0.32153984512691197,0.6003933765200277
Beep beep from Minneapolis! (We greet folks a little differently here Kappa ),neither,0.06414063887567249,0.30306940019254086,0.6327899609317866
@VisionarySims it's a reference to Campaign 1,neither,0.04421887465011677,0.32722223994161165,0.6285588854082717
bidet from txas,neither,0.04228451509352876,0.2823214250720796,0.6753940598343917
You gotta check out world wide wrestling rpg it is dope!,neither,0.04941674075416115,0.3876711975940551,0.5629120616517836
MAX,neither,0.03945320844208391,0.33037608806864915,0.630170703489267
;o),neither,0.03945320844208391,0.33037608806864915,0.630170703489267
"I see dead people...but then again, I am a necromancer...",neither,0.058552475239750885,0.3638647283526998,0.5775827964075493
bidet means hello. its from the first campaign,neither,0.030301256601445788,0.30804991419128314,0.6616488292072711
gandsBrian gandsBrian gandsBrian gandsBrian gandsBrian gandsBrian gandsBrian gandsBrian gandsBrian gandsBrian gandsBrian,neither,0.03945320844208391,0.33037608806864915,0.630170703489267
Max!,neither,0.03945320844208391,0.33037608806864915,0.630170703489267
Bidet from WSU,neither,0.04228451509352876,0.2823214250720796,0.6753940598343917
VoteYea,neither,0.03945320844208391,0.33037608806864915,0.630170703489267
@visionarysims Bidet is a greeting left over from last campaign as a joke,neither,0.04205611824740818,0.34177255788455785,0.616171323868034
spin spin,neither,0.03945320844208391,0.33037608806864915,0.630170703489267
This is my first talks machina!,neither,0.027755786773625155,0.4226545636794309,0.549589649546944
"@VisionarySims Bidet is a campaign 1 reference , Bidet = Good Day",neither,0.04606591666501286,0.31611070029787974,0.6378233830371073
twirlbois,neither,0.03945320844208391,0.33037608806864915,0.630170703489267
gandsLessthanthree gandsLessthanthree,neither,0.03945320844208391,0.33037608806864915,0.630170703489267
whos on tonight?,neither,0.03394792596963401,0.32119843853460367,0.6448536354957624
DoritosChip,neither,0.03945320844208391,0.33037608806864915,0.630170703489267
bidet from toledo ohio,neither,0.040754399270683486,0.3082914838698526,0.650954116859464
*and is (sort of) a joke,neither,0.046322789646844824,0.2908983805171469,0.6627788298360084
@tomact good to see some FL peeps,neither,0.03712529280852336,0.33850664494595273,0.6243680622455239
"Our guests this Tuesday are Liam and Marisha, discussing episode 15!",neither,0.052141180728870126,0.2837350045499953,0.6641238147211346
Bidet from Texas!,neither,0.040937266849991,0.30518774380265185,0.6538749893473571
Bidet from spring!,neither,0.04078317879478948,0.307803020237201,0.6514138009680096
gandsBrian gandsBrian gandsBrian gandsBrian gandsBrian gandsBrian,neither,0.03945320844208391,0.33037608806864915,0.630170703489267
liam and marisha,neither,0.03857111107789432,0.2851340175310554,0.6762948713910502
@hancold mine too,neither,0.039082543625615834,0.3366672373621984,0.6242502190121858
I need to catch up on campaign 1 lol,neither,0.0331251682088859,0.43113807138877985,0.5357367604023343
"Bidet = Grog's mispronunciation of ""Good Day"".",neither,0.039211276773356424,0.3074407507774837,0.6533479724491599
Liam and Marisha,neither,0.03857111107789432,0.2851340175310554,0.6762948713910502
Welcome to the chaos @hancold !,neither,0.04484640386526863,0.3118104864371465,0.6433431096975849
Hi Everyone!,neither,0.032490659208996964,0.4485487193596734,0.5189606214313296
gandsHype gandsHype gandsHype,neither,0.03945320844208391,0.33037608806864915,0.630170703489267
"Bidet = g'day, if your INT = 6",neither,0.04404221828739503,0.36350318657106756,0.5924545951415375
Bidet from Oregon!!!!,neither,0.04071751644889743,0.3089174816120565,0.6503650019390461
Bidet from Los Angeles!,neither,0.04078317879478948,0.307803020237201,0.6514138009680096
gandsRaid,neither,0.03945320844208391,0.33037608806864915,0.630170703489267
<3,neither,0.03945320844208391,0.33037608806864915,0.630170703489267
Bidet from Houston!,neither,0.040875471929787875,0.3062365648703896,0.6528879631998226
gandsJester gandsJester,neither,0.03945320844208391,0.33037608806864915,0.630170703489267
bidet and beep beep all,neither,0.04146947419607382,0.4041736992784376,0.5543568265254885
liam and marisha are on tonight!,neither,0.055451862392634055,0.2506105158198968,0.6939376217874693
hi guys,neither,0.03930687933907141,0.3328596748352989,0.6278334458256297
and @Regodneo ! Welcome!,neither,0.038364781541636334,0.272536905496441,0.6890983129619228
bidet from boston,neither,0.040769555981420263,0.3080342349327864,0.6511962090857933
PowerUpL CoolStoryBob PowerUpR,neither,0.03945320844208391,0.33037608806864915,0.630170703489267
thanks dragonchrome,neither,0.035884468650613,0.3004919205142699,0.6636236108351171
Bidet from India!!,neither,0.04062582848913359,0.31047366557575606,0.6489005059351104
Can’t wait sexy Liam and cute Brian,neither,0.0402657212629463,0.27859883663338936,0.6811354421036644
gandsBrian gandsBrian gandsBrian gandsBrian gandsBrian gandsBrian gandsBrian gandsBrian gandsBrian gandsBrian gandsBrian gandsBrian gandsBrian gandsBrian,neither,0.03945320844208391,0.33037608806864915,0.630170703489267
bidet from Holiday Florida,neither,0.04049937143341105,0.3126199718379845,0.6468806567286045
bidet,neither,0.03945320844208391,0.33037608806864915,0.630170703489267
is that a dani?,neither,0.04384559497543054,0.3737484569973207,0.5824059480272488
Bidet from Topsail Island NC,neither,0.0404146812672737,0.31405738498105645,0.64552793375167
there they are,neither,0.08902510824879958,0.19351788552519833,0.7174570062260021
hey dragonchrome how many fingers am i holding up,neither,0.037394885322187967,0.36859233970633815,0.5940127749714739
Bidet from Austin!,neither,0.04086843745212,0.30635595831493706,0.6527756042329429
NICE SKIRT,neither,0.03945320844208391,0.33037608806864915,0.630170703489267
gandsFjord gandsBrian gandsLollypop,neither,0.03945320844208391,0.33037608806864915,0.630170703489267
"if you do not know what bidet means, it is time for you to start binging the first season",neither,0.04521549290080626,0.3915347596318806,0.5632497474673132
Bidet critters! #mightynien,neither,0.03945320844208391,0.33037608806864915,0.630170703489267
bidet from oklahoma,neither,0.04066490145509902,0.30981049537100724,0.6495246031738937
gandsBrian gandsGandsVaxSigil gandsLollypop,neither,0.03945320844208391,0.33037608806864915,0.630170703489267
lovely,neither,0.03945320844208391,0.33037608806864915,0.630170703489267
love your skirt dani,neither,0.061799849477631605,0.3346425443984054,0.6035576061239631
!playlist,neither,0.03945320844208391,0.33037608806864915,0.630170703489267
@bcrane3424 thank you,neither,0.07325166854587051,0.43632638485078484,0.49042194660334476
Bidet and beep beep!,neither,0.03763944115734239,0.1918412352459551,0.7705193235967025
@cyneveris one,neither,0.037120114141193455,0.4161101105580569,0.5467697753007497
Shes too pretty,neither,0.03917860015016959,0.3350369074529684,0.6257844923968621
bidet,neither,0.03945320844208391,0.33037608806864915,0.630170703489267
HSWP,neither,0.03945320844208391,0.33037608806864915,0.630170703489267
bidet from nj,neither,0.04069404815304118,0.30931579984010865,0.6499901520068502
That was a Dani. Yus!,neither,0.03515554909190647,0.3780005673535607,0.5868438835545328
bidet from Raleigh nc,neither,0.04066490145509902,0.30981049537100724,0.6495246031738937
"A lot of people saying Bidet so what did I miss, lol?",neither,0.04315795467106129,0.41260022939842717,0.5442418159305116
gandsCaleb gandsSaxHype gandsBeau,neither,0.03945320844208391,0.33037608806864915,0.630170703489267
gandsBrian gandsBrian gandsBrian,neither,0.03945320844208391,0.33037608806864915,0.630170703489267
good guess!,neither,0.037761695211769954,0.33941153339727714,0.6228267713909528
!songlist,neither,0.03945320844208391,0.33037608806864915,0.630170703489267
"btw, BIDET FROM SPAIN",neither,0.04084513770590474,0.30675141581570226,0.6524034464783931
"I submitted my question kinda late, really hope they get it",neither,0.049434148355394635,0.3171538417875138,0.6334120098570915
Bidet from Michigan,neither,0.040769555981420263,0.3080342349327864,0.6511962090857933
Oh damn that is a cute skirt,offensive_language,0.05621829908836404,0.7248244107946613,0.21895729011697465
I'm trying to talk my work into putting G&S on Saturday cause we have a smart TV in the break room :P,neither,0.025406401745702734,0.39359108335347204,0.5810025149008252
Dirt Wizard and Dirtbag Korra! Yay!,neither,0.038814426942141766,0.29870281371396656,0.6624827593438918
gandsFjord gandsBrian gandsGandsVaxSigil,neither,0.03945320844208391,0.33037608806864915,0.630170703489267
@pallydan7779 Bidet means hello!,neither,0.03945320844208391,0.33037608806864915,0.630170703489267
gandsBrian gandsBrian gandsBrian,neither,0.03945320844208391,0.33037608806864915,0.630170703489267
gandsHecBird,neither,0.03945320844208391,0.33037608806864915,0.630170703489267
gandsBrian gandsBrian gandsBrian gandsBrian,neither,0.03945320844208391,0.33037608806864915,0.630170703489267
Bidet from Scotland,neither,0.04062582848913359,0.31047366557575606,0.6489005059351104
gandsBrian gandsLHMercer gandsBrian,neither,0.03945320844208391,0.33037608806864915,0.630170703489267
What song is this?,neither,0.05996683045653229,0.33256274023851656,0.6074704293049512
"Wait, come back, I want to see the skirt. My wife would love that.",neither,0.03022896200641568,0.4146415040172971,0.5551295339762872
gandsPike gandsPike gandsPike,neither,0.03945320844208391,0.33037608806864915,0.630170703489267
bidet from WI,neither,0.040737273169946825,0.30858215849491494,0.6506805683351382
Liam will also be a guest on Asinine Wisdom at 9pm tonight,neither,0.03705044360780974,0.32658851160934627,0.6363610447828442
@niklitera buenos dias,neither,0.03945320844208391,0.33037608806864915,0.630170703489267
@rynchirr1 that sounds fun,neither,0.03499898126042127,0.3789468119090193,0.5860542068305594
"Bidet from Ontario, Canada!!!!",neither,0.040354386843928725,0.3150807387011266,0.6445648744549448
CrreamAwk,neither,0.03945320844208391,0.33037608806864915,0.630170703489267
gandsCaleb gandsCaleb gandsCaleb gandsCaleb gandsCaleb gandsCaleb,neither,0.03945320844208391,0.33037608806864915,0.630170703489267
gandsBigsby gandsLollypop gandsDrink gandsCaleb gandsPercy gandsNott gandsFjord gandsJester gandsMolly gandsBeau gandsPike gandsVex,neither,0.03945320844208391,0.33037608806864915,0.630170703489267
It's Welcome to Wildemount,neither,0.047011008934983924,0.3254474135777553,0.6275415774872607
Bidet from South Australia!,neither,0.04041079298828133,0.31412337922315653,0.6454658277885622
Bidet from BC,neither,0.041095261662497835,0.30250615950080734,0.6563985788366947
"New song for the fan art reel ""Welcome to Wildemount"" by Colm McGuinness - https://www.youtube.com/watch?v=WEQC2HyhgTc",neither,0.043642232952841864,0.2873620236928719,0.6689957433542861
Hey everyone,neither,0.031959242684595296,0.4575682446653829,0.5104725126500218
!wallet,neither,0.03945320844208391,0.33037608806864915,0.630170703489267
gandsCaleb gandsLollypop gandsBeau gandsMolly,neither,0.03945320844208391,0.33037608806864915,0.630170703489267
Bidet from Vermont,neither,0.04228451509352876,0.2823214250720796,0.6753940598343917
gandsNott gandsNott gandsNott,neither,0.03945320844208391,0.33037608806864915,0.630170703489267
Bidet from Seattle!,neither,0.040754399270683486,0.3082914838698526,0.650954116859464
RlyTho YouDontSay KappaClaus,neither,0.03945320844208391,0.33037608806864915,0.630170703489267
"aww man, i have to work saturday.",neither,0.044631077405372005,0.38606468000978855,0.5693042425848394
Bidet from Kansas City MO!,neither,0.04034418574738135,0.315253877932276,0.6444019363203426
@buttersnotch hey,neither,0.03945320844208391,0.33037608806864915,0.630170703489267
gandsCaleb gandsCaleb gandsCaleb gandsCaleb gandsCaleb,neither,0.03945320844208391,0.33037608806864915,0.630170703489267
Bidet from Australia,neither,0.04062582848913359,0.31047366557575606,0.6489005059351104
just testing the new emojis bc i haven't had the chance yet!!,neither,0.03787805880024729,0.2735639718716783,0.6885579693280744
@dragonchrome thx,neither,0.03945320844208391,0.33037608806864915,0.630170703489267
gandsLollypop gandsLollypop gandsLollypop gandsLollypop gandsDrink gandsDrink gandsDrink gandsDrink gandsHype gandsHype gandsHype gandsHype,neither,0.03945320844208391,0.33037608806864915,0.630170703489267
bidet from wisconsin,neither,0.04071751644889743,0.3089174816120565,0.6503650019390461
gandsBeau gandsMolly gandsNott gandsFjord gandsJester gandsCaleb gandsPike gandsVex gandsPercy gandsSpoopy gandsDrink gandsOne gandsTwenty,neither,0.03945320844208391,0.33037608806864915,0.630170703489267
Can’t wait for Asinine Wisdom with Liam tonight!,neither,0.027648046129481012,0.3184962386857522,0.6538557151847667
"Welcome to new folks, joining us for the first time, and welcome back regulars.",neither,0.05312718288270182,0.25049359933385756,0.6963792177834405
sweet just made it!,neither,0.032819238749844666,0.3554892320571578,0.6116915291929975
Bidet from Boston,neither,0.040769555981420263,0.3080342349327864,0.6511962090857933
bidet from oakland CA!,neither,0.04043211762049359,0.3137614445616591,0.6458064378178473
BloodTrail,neither,0.03945320844208391,0.33037608806864915,0.630170703489267
bidet from Wisconsin!,neither,0.04071751644889743,0.3089174816120565,0.6503650019390461
Bidet from Maryland!,neither,0.04066490145509902,0.30981049537100724,0.6495246031738937
bidet from sweden!,neither,0.04228451509352876,0.2823214250720796,0.6753940598343917
Bidet from Maryland,neither,0.04066490145509902,0.30981049537100724,0.6495246031738937
gandsGandsEars gandsGandsEars gandsGandsVaxSigil,neither,0.03945320844208391,0.33037608806864915,0.630170703489267
gandsCaleb,neither,0.03945320844208391,0.33037608806864915,0.630170703489267
bidet from georgia,neither,0.04066490145509902,0.30981049537100724,0.6495246031738937
How's everyone?,neither,0.0311195361412112,0.47182025616606055,0.4970602076927283
gandsHype,neither,0.03945320844208391,0.33037608806864915,0.630170703489267
Bidet from alabama,neither,0.04078317879478948,0.307803020237201,0.6514138009680096
hallo from melbourne,neither,0.04228451509352876,0.2823214250720796,0.6753940598343917
gandsVex gandsVex,neither,0.03945320844208391,0.33037608806864915,0.630170703489267
bidet from Wisconsin,neither,0.04071751644889743,0.3089174816120565,0.6503650019390461
Hey @LegionKai I used to live about 2 hours north of there by Bethany on I35.,neither,0.044395606780930366,0.3533026075703774,0.6023017856486922
TheIlluminati TheIlluminati TheIlluminati Poooound,neither,0.03945320844208391,0.33037608806864915,0.630170703489267
I have 2 hours left on the Cuban pork shoulder I have roasting in the oven right now...plenty of time for Talks,neither,0.033960124877865074,0.3332809079486801,0.6327589671734548
Screen black for everyone else right?,neither,0.04287040574619655,0.38963140001961033,0.567498194234193
lol,neither,0.020706217963973744,0.4882283491876925,0.4910654328483337
XD,neither,0.03945320844208391,0.33037608806864915,0.630170703489267
LUL,neither,0.03945320844208391,0.33037608806864915,0.630170703489267
Bidet Everyone,offensive_language,0.02988896790634741,0.4927062106388782,0.4774048214547744
lol,neither,0.020706217963973744,0.4882283491876925,0.4910654328483337
lol,neither,0.020706217963973744,0.4882283491876925,0.4910654328483337
damnit liam,neither,0.03945320844208391,0.33037608806864915,0.630170703489267
gandsCaleb gandsCaleb gandsCaleb gandsCaleb gandsCaleb gandsCaleb gandsCaleb gandsCaleb gandsCaleb,neither,0.03945320844208391,0.33037608806864915,0.630170703489267
