text,top_class,hate_speech,offensive_language,neither
"titlecard is up, if you cannot see it refrssh",offensive_language,0.03680509029789376,0.493190478410675,0.4700044312914312
"@pactmagic , @denver24e , and @bluejayadler it is great to see you all here !!! Get ready for a really whacky and fun show -- Asinine Wisdom is next !",neither,0.09878919163191259,0.2552472499093995,0.6459635584586879
ohhh yes lemme get boozy with these whacky boys,neither,0.03559676727597317,0.44213454462218355,0.5222686881018433
oh boozy is a good idea....,neither,0.054734696862171466,0.27221092588979523,0.6730543772480333
@strawmanmatt esp for this show it’s my favorite way to watch,neither,0.04316636497462585,0.31244522359572785,0.6443884114296464
Tuesday Asinine Wisdome is live 9pm - 10pm PDT,neither,0.04823183765985949,0.32735671493132396,0.6244114474088165
I still want to know what happened to Asione Wisdom through Asieight Wisdom!,neither,0.05643089163861787,0.328951432350871,0.6146176760105111
"Tonight’s guest is Liam O’Brien ( twitter.com/VoiceOfOBrien ),",neither,0.041663811258867915,0.3777466004990672,0.5805895882420649
That pun is brilliant,neither,0.04262936283951524,0.36257571117698223,0.5947949259835026
Ba dum chhh,neither,0.03945320844208391,0.33037608806864915,0.630170703489267
Sup sup yall,neither,0.0384625914192516,0.34718944425053033,0.6143479643302181
Hmmm. Cool. No idea what this show is about but I’ll check anything out with a Critica Role member involved.,neither,0.041324493551839946,0.3415725521993545,0.6171029542488056
Hey @Kindness00,neither,0.03945320844208391,0.33037608806864915,0.630170703489267
Hi @Kindness00,neither,0.03945320844208391,0.33037608806864915,0.630170703489267
Asinine Wisdom is where common sense and civil discourse go to die. Two idiots (Jake Bennett and Daryl Crittenden) and one unfortunate guest get to the bottom of the issues no one is talking about.,neither,0.08447096936480233,0.23498343136853395,0.6805455992666638
It started as Asinone Wisdom and just kept upgrading,neither,0.03199514563729419,0.3442671874104258,0.6237376669522801
Brace yourself @Zynapse13,neither,0.03945320844208391,0.33037608806864915,0.630170703489267
Hi @Kindness00,neither,0.03945320844208391,0.33037608806864915,0.630170703489267
Hey all.,neither,0.04285346742239823,0.46255625023407465,0.49459028234352725
bidet from hillsboro,neither,0.04228451509352876,0.2823214250720796,0.6753940598343917
Hey all u lovely ppl's,neither,0.041119936212748856,0.397544812910925,0.5613352508763261
welcome @Zynapse13,neither,0.03945320844208391,0.33037608806864915,0.630170703489267
Howdy,neither,0.03945320844208391,0.33037608806864915,0.630170703489267
Hi @wrathofrathie,neither,0.03945320844208391,0.33037608806864915,0.630170703489267
Hi @wrathofrathie,neither,0.03945320844208391,0.33037608806864915,0.630170703489267
Welcome to the party @AstralUnicorn @LivorMortis,neither,0.04623376366483136,0.3075971944901993,0.6461690418449695
@Zynapse13 Jake and Daryl are different!,neither,0.05788339453096926,0.2654153884207336,0.6767012170482972
4 mins to go until Asinine Wisdom starts,neither,0.04508390942166519,0.3304330082353971,0.6244830823429377
What does bidet mean?,neither,0.027815304832343783,0.4783471917130365,0.49383750345461963
so excited fot l,neither,0.03940839469474773,0.3948270312238364,0.565764574081416
@dragonchrome bidet!,neither,0.03945320844208391,0.33037608806864915,0.630170703489267
I'm liking the two layers on the logo,neither,0.036820590259370116,0.31089282621048225,0.6522865835301478
Hi @wrathofrathie @LivorMortis,neither,0.03945320844208391,0.33037608806864915,0.630170703489267
@kindness00 it’s a critical role thing,neither,0.03822119358960281,0.33079983447120076,0.6309789719391964
"for liam on the show, gonna be great",neither,0.04037448601102907,0.26926226702135153,0.6903632469676194
@Kindness00 it means good day in Campaign 1 of CR,neither,0.03833717839589997,0.3203914697501062,0.6412713518539938
"@Kindness00 Bidet = good day, it's a Critical Role campaign 1 reference",neither,0.038458263166256834,0.32148718505459295,0.6400545517791502
Ty,neither,0.03945320844208391,0.33037608806864915,0.630170703489267
;),neither,0.03945320844208391,0.33037608806864915,0.630170703489267
"Whoops, totally missed talks by a lot. Asinine it is!",neither,0.0437780589100249,0.354818766832428,0.601403174257547
3 mins,neither,0.03945320844208391,0.33037608806864915,0.630170703489267
Having listened to some of liam's podcasts with Sam I think he will be able to handle this show just fine. Maybe stump the boys even.,neither,0.04200498189848258,0.31427781742373156,0.6437172006777858
it’s gonna be a wild time tonight fellas who’s pumped up ??,neither,0.03444584029645387,0.4287002996778913,0.5368538600256547
http://www.wheniscriticalrole.com/talksmachina <<< Talks Machina countdown clock.,neither,0.0370471874278302,0.2526448018056075,0.7103080107665624
I'm excited! (and a little scared),neither,0.038403218893335166,0.29617684537875594,0.6654199357279089
vods ;),neither,0.03945320844208391,0.33037608806864915,0.630170703489267
what's this song?,neither,0.04690711601039935,0.3378179390609756,0.6152749449286251
You have to go back and watch it on VOD later @neuroticsilence42 it was...yeah,neither,0.03959600309683427,0.4315159781165587,0.5288880187866071
!vods,neither,0.03945320844208391,0.33037608806864915,0.630170703489267
"The pelvic thrusts on the Talks couch was just a warmup, you guys",neither,0.04302366780498701,0.36803728833138727,0.5889390438636257
!vod,neither,0.03945320844208391,0.33037608806864915,0.630170703489267
VODs are subscriber-only. Subscribe now to unlock access to past videos and highlights at twitch.tv/geekandsundry/videos/all,neither,0.055189305111973244,0.3283360580916387,0.6164746367963879
i'm strangely aroused,neither,0.03945320844208391,0.33037608806864915,0.630170703489267
im pumped harder than Travis is,neither,0.043821894921018095,0.3553414006406595,0.6008367044383224
@neuroticsilence42 I know! So upset I missed talks. Was watching a food network show that I wasn’t enjoying in its place.,neither,0.04260479084371939,0.3115578024626351,0.6458374066936455
"Oh, I will. that's for sure!",neither,0.029818730393640507,0.40860576311820057,0.5615755064881588
"I'm hoping they can top last week's episode... It's gonna be a challenge though, Brian W. Foster had great chemistry with the guys",neither,0.03293629330677239,0.3476672007410135,0.6193965059522141
Hi back @raidrith @dragonchrome @chaoticloony,neither,0.03945320844208391,0.33037608806864915,0.630170703489267
Hi everybody!,neither,0.03945320844208391,0.33037608806864915,0.630170703489267
@astralunicorn that’s a common side effect it’d perfectly natural,neither,0.032833962471218045,0.38178505577327854,0.5853809817555033
it's almost time,neither,0.036088931351621376,0.35708609377273953,0.606824974875639
I was off grocery shopping. Adulting is hard.,offensive_language,0.037338604959050954,0.5013719947849731,0.46128940025597603
@AstralUnicorn is that why your horn is glowing?,neither,0.06052308381109825,0.3623448609448204,0.5771320552440814
@zedbrandon helloo,neither,0.03945320844208391,0.33037608806864915,0.630170703489267
Im a little sad i never seen cr campaign1 but im up to date on campaign 2,neither,0.034830322377203224,0.4278829020937355,0.5372867755290612
"hundredsofsmallbirds good, thank you :D",neither,0.0643972247383017,0.4161574088254002,0.5194453664362981
:D,neither,0.03945320844208391,0.33037608806864915,0.630170703489267
Last week's episode was the best one they've done to date. I thing BW Foster should be a guest host @LivorMortis,neither,0.033122476370538445,0.34528392581295514,0.6215935978165065
its hard to watch the early campaign 1 videos,neither,0.03618212538425756,0.4642880593715488,0.4995298152441935
campaign 1 is a very different beastie,neither,0.0468707066822923,0.32782487028999047,0.6253044230277173
quality is very low,neither,0.04681775632881334,0.32784308234462217,0.6253391613265644
gandsHype,neither,0.03945320844208391,0.33037608806864915,0.630170703489267
I should absolutely be asleep rn,neither,0.05026960233612483,0.3644085812602673,0.5853218164036078
It was absolutely brililant,neither,0.0375051753645478,0.33361000911879574,0.6288848155166564
but whatever I am here for this,neither,0.07065893657771244,0.2771951312890097,0.6521459321332779
@Kindness00 Critical Role past episodes on Youtube https://www.youtube.com/watch?v=i-p9lWIhcLQ&list=PL7atuZxmT954bCkC062rKwXTvJtcqFB8i,neither,0.04049626965841083,0.3353573607478958,0.6241463695936933
But spelled correctly,neither,0.036594521872978944,0.33884288884081715,0.6245625892862039
i mean initial production quality. content quality is amazing,neither,0.04338032585110714,0.3290253723113511,0.6275943018375418
oh hey @hundredsofsmallbirds,neither,0.04724942694866229,0.25746865428102644,0.6952819187703113
"I podcasted the beginning of campaign one, and I have no regrets.",neither,0.0369993348479104,0.32897634677739035,0.6340243183746993
Want the inside scoop? Join the cast of Critical Role and discuss this episode right here on Talks Machina. Tuesdays 7pm Pacific at twitch.tv/geekandsundry and projectalpha.com,neither,0.04630302093207864,0.22484473131932575,0.7288522477485957
gandsHappy gandsHappy gandsHappy,neither,0.03945320844208391,0.33037608806864915,0.630170703489267
HIFRIENDS,neither,0.03945320844208391,0.33037608806864915,0.630170703489267
I’m at the 66 epeisode of the first campaign,neither,0.03067651485218537,0.324776957506079,0.6445465276417356
"yeah, its the birth of a show, its sorta great to watch it grow",neither,0.03492504150297048,0.3253881093425181,0.6396868491545115
oh hai @misssunflower94 !!,neither,0.051363287716059566,0.22255663153133606,0.7260800807526044
Critical Role Podcasts ! The first 85 episodes up now also available on Google or Itunes https://geekandsundry.com/catch-up-on-new-episodes-of-the-critical-role-podcast/,neither,0.03486566028713309,0.33231112116405753,0.6328232185488095
alright Asinine Wisomd time,neither,0.038428003827142385,0.3477764859550461,0.6137955102178114
!awdisclaimer,neither,0.03945320844208391,0.33037608806864915,0.630170703489267
"The views expressed here are those of the hosts only (and possibly not even that), and do not represent the views of Geek & Sundry, Legendary, or any reasonable person.",neither,0.06910053739593268,0.2577091001413053,0.6731903624627621
Is everyone ready?,neither,0.041262036450053476,0.4450965041340042,0.5136414594159423
Hi back @polkadotsass !,neither,0.03945320844208391,0.33037608806864915,0.630170703489267
"Having seen the changes that this channel has done in the last 3 years, is astounding!",neither,0.04035755568847645,0.3384279252519606,0.6212145190595629
woop woop,neither,0.03945320844208391,0.33037608806864915,0.630170703489267
As ready as we could be,neither,0.036253497049588176,0.39390270407166533,0.5698437988787465
darn it,neither,0.037828236809968684,0.3309349903269868,0.6312367728630445
buckle up everyone,offensive_language,0.027868634674396084,0.5405117654518745,0.43161959987372944
@ZedBrandon <#,neither,0.03945320844208391,0.33037608806864915,0.630170703489267
It's going to be a good one.,neither,0.04217003372178776,0.4023796022880724,0.5554503639901398
bbb..bring it!,neither,0.037019736828348374,0.3312130705449199,0.6317671926267318
the bar is so high now,neither,0.04254009623071102,0.4326148941900136,0.5248450095792755
Buckle up! Hope y'all have your drinks ready!,neither,0.11537687680431784,0.3333850164936386,0.5512381067020437
We have a subscriber-only Discord server! Join here: https://discord.gg/geekandsundry (you'll need to sub and link it to your Twitch) and be a part of the fun!...Warning: It can take up to an hour for the server to update and give you access to the channels,neither,0.08464076273808444,0.286394834032893,0.6289644032290227
I shall ignore that advice!,neither,0.035597883928634375,0.3766781158423168,0.5877240002290488
O,neither,0.03945320844208391,0.33037608806864915,0.630170703489267
gandsHype gandsHype gandsHype,neither,0.03945320844208391,0.33037608806864915,0.630170703489267
BRIEEEEEEEEEEN,neither,0.03945320844208391,0.33037608806864915,0.630170703489267
oh boy oh boy here we friggin go,neither,0.07603757647136193,0.25104051850457676,0.6729219050240614
ACTION NOT ADVISED,neither,0.03826832742044682,0.3348216902868511,0.6269099822927021
I am..... DEEPLY ready,neither,0.03927424918114043,0.33043764036477236,0.6302881104540873
Critical role demands some pretty dedicated fans to work through their prolific catalog,neither,0.0383167463710139,0.3352334249583899,0.6264498286705962
at least theyll be hydrated,neither,0.039139461409403574,0.35624518214484135,0.6046153564457551
is ti fine?,neither,0.04797921769086249,0.32744360252270294,0.6245771797864346
weedS,neither,0.03945320844208391,0.33037608806864915,0.630170703489267
One day G&S will be able to do Maybe,neither,0.04775845428820284,0.3239019781513057,0.6283395675604915
What's up?,neither,0.04549209283961305,0.43877665191533993,0.5157312552450469
lol,neither,0.020706217963973744,0.4882283491876925,0.4910654328483337
Dear God.,neither,0.03945320844208391,0.33037608806864915,0.630170703489267
