text,top_class,hate_speech,offensive_language,neither
"yeah, its the birth of a show, its sorta great to watch it grow",neither,0.03492504150297048,0.3253881093425181,0.6396868491545115
oh hai @misssunflower94 !!,neither,0.051363287716059566,0.22255663153133606,0.7260800807526044
Critical Role Podcasts ! The first 85 episodes up now also available on Google or Itunes https://geekandsundry.com/catch-up-on-new-episodes-of-the-critical-role-podcast/,neither,0.03486566028713309,0.33231112116405753,0.6328232185488095
alright Asinine Wisomd time,neither,0.038428003827142385,0.3477764859550461,0.6137955102178114
!awdisclaimer,neither,0.03945320844208391,0.33037608806864915,0.630170703489267
"The views expressed here are those of the hosts only (and possibly not even that), and do not represent the views of Geek & Sundry, Legendary, or any reasonable person.",neither,0.06910053739593268,0.2577091001413053,0.6731903624627621
Is everyone ready?,neither,0.041262036450053476,0.4450965041340042,0.5136414594159423
Hi back @polkadotsass !,neither,0.03945320844208391,0.33037608806864915,0.630170703489267
"Having seen the changes that this channel has done in the last 3 years, is astounding!",neither,0.04035755568847645,0.3384279252519606,0.6212145190595629
woop woop,neither,0.03945320844208391,0.33037608806864915,0.630170703489267
As ready as we could be,neither,0.036253497049588176,0.39390270407166533,0.5698437988787465
darn it,neither,0.037828236809968684,0.3309349903269868,0.6312367728630445
buckle up everyone,offensive_language,0.027868634674396084,0.5405117654518745,0.43161959987372944
@ZedBrandon <#,neither,0.03945320844208391,0.33037608806864915,0.630170703489267
It's going to be a good one.,neither,0.04217003372178776,0.4023796022880724,0.5554503639901398
bbb..bring it!,neither,0.037019736828348374,0.3312130705449199,0.6317671926267318
the bar is so high now,neither,0.04254009623071102,0.4326148941900136,0.5248450095792755
Buckle up! Hope y'all have your drinks ready!,neither,0.11537687680431784,0.3333850164936386,0.5512381067020437
We have a subscriber-only Discord server! Join here: https://discord.gg/geekandsundry (you'll need to sub and link it to your Twitch) and be a part of the fun!...Warning: It can take up to an hour for the server to update and give you access to the channels,neither,0.08464076273808444,0.286394834032893,0.6289644032290227
I shall ignore that advice!,neither,0.035597883928634375,0.3766781158423168,0.5877240002290488
O,neither,0.03945320844208391,0.33037608806864915,0.630170703489267
gandsHype gandsHype gandsHype,neither,0.03945320844208391,0.33037608806864915,0.630170703489267
BRIEEEEEEEEEEN,neither,0.03945320844208391,0.33037608806864915,0.630170703489267
oh boy oh boy here we friggin go,neither,0.07603757647136193,0.25104051850457676,0.6729219050240614
ACTION NOT ADVISED,neither,0.03826832742044682,0.3348216902868511,0.6269099822927021
I am..... DEEPLY ready,neither,0.03927424918114043,0.33043764036477236,0.6302881104540873
Critical role demands some pretty dedicated fans to work through their prolific catalog,neither,0.0383167463710139,0.3352334249583899,0.6264498286705962
at least theyll be hydrated,neither,0.039139461409403574,0.35624518214484135,0.6046153564457551
is ti fine?,neither,0.04797921769086249,0.32744360252270294,0.6245771797864346
weedS,neither,0.03945320844208391,0.33037608806864915,0.630170703489267
One day G&S will be able to do Maybe,neither,0.04775845428820284,0.3239019781513057,0.6283395675604915
What's up?,neither,0.04549209283961305,0.43877665191533993,0.5157312552450469
lol,neither,0.020706217963973744,0.4882283491876925,0.4910654328483337
Dear God.,neither,0.03945320844208391,0.33037608806864915,0.630170703489267
gandsOwlbear gandsOwlbear gandsOwlbear,neither,0.03945320844208391,0.33037608806864915,0.630170703489267
Hosts Jake Bennett ( twitter.com/jakegbennett ) andDaryl Crittenden ( twitter.com/irdaryl ),neither,0.03869502270959988,0.46280262931243193,0.4985023479779682
And we've talked about Daryl's bodily issues already.,neither,0.023060953466981688,0.3238971689927886,0.6530418775402298
"""WAS THAT IN YOU?""",offensive_language,0.06492719222078934,0.5187878329324209,0.4162849748467896
"Download the new Critical Role theme song for Campaign Two! http://itunes.apple.com/album/id1331550250?ls=1&app=itunes Sales of the song support the musician, Jason Charles Miller.",neither,0.04445767596344001,0.2510827790306858,0.7044595450058742
Hehehhe,neither,0.03945320844208391,0.33037608806864915,0.630170703489267
hahaha they found something,neither,0.03945320844208391,0.33037608806864915,0.630170703489267
"1 minute in, that must be a record.",neither,0.0372543210983537,0.356568584390381,0.6061770945112653
It was me. Sorry.,neither,0.028222394009099528,0.3867433183704226,0.585034287620478
Hi Daryl and Jake!,neither,0.03882285958443696,0.2991538059129915,0.6620233345025716
"""Oh a pen!""",neither,0.04522550427656808,0.27558419280407476,0.6791903029193572
lol,neither,0.020706217963973744,0.4882283491876925,0.4910654328483337
RIP couch,neither,0.03945320844208391,0.33037608806864915,0.630170703489267
Hi Dake and Jaryl!,neither,0.038358606956405694,0.2721397086643902,0.6895016843792041
"im already delighted, thanks gents",neither,0.034869218492974335,0.3662581302954943,0.5988726512115314
thats weighist to assume it was jake Kappa,neither,0.04285973219409134,0.3294483179605412,0.6276919498453675
i love these guys,offensive_language,0.048852882446699906,0.4795186339532859,0.4716284836000141
What do Daryl do?,neither,0.04706625263331541,0.32595390603009433,0.6269798413365903
hiiii Daryl hiii Jake,neither,0.03945320844208391,0.33037608806864915,0.630170703489267
this guy looks like a hipsterMaynard from TOOl,neither,0.04960482414051652,0.3366954482488642,0.6136997276106192
Oh god not the chili,neither,0.041996973723694694,0.2745849911563942,0.683418035119911
"""nose blind""",neither,0.03945320844208391,0.33037608806864915,0.630170703489267
time to ask Because Science,neither,0.04456039021960579,0.3447240452519794,0.6107155645284148
@JeffM0307 think of the couchfarts,neither,0.038787076252760185,0.2837476317689164,0.6774652919783235
Glad I didn't buy that chilli.,neither,0.025926161655459856,0.3956761167499153,0.5783977215946247
"As a fellow anosmic person, smell is freaky as fuck",offensive_language,0.1324349422231754,0.8441660268482885,0.02339903092853607
It's very natural if it came out of a person.,neither,0.023375312547435873,0.38098039077387635,0.5956442966786878
How was the One Woman Show guys?,neither,0.04917282787782189,0.31142417549927603,0.639402996622902
"smell is fake, it’s a govt conspiracy",neither,0.04517775825682516,0.32840715288467864,0.6264150888584962
Olfactory witchcraft,neither,0.03945320844208391,0.33037608806864915,0.630170703489267
Molecule magic?,neither,0.03945320844208391,0.33037608806864915,0.630170703489267
LUL,neither,0.03945320844208391,0.33037608806864915,0.630170703489267
a little rude daryl. I'd breathe your particles,neither,0.06114905259376231,0.328000223812642,0.6108507235935957
@chuckswain I'd rather not :P,neither,0.037422356481539874,0.33805972735972806,0.6245179161587321
"Smells are like ghosts, I think.",neither,0.09202090868425226,0.2830430634002091,0.6249360279155387
"Help G&S make great content! $4.99/month gets you emotes, Minecraft server access, sub-only VODs, and more! Every sub keeps the channel alive! twitch.tv/geekandsundry/subscribe",neither,0.043907990691603095,0.31135964332838284,0.644732365980014
Pull up your pants,neither,0.07061651968698761,0.37904183126211827,0.5503416490508942
NOSE WITCHERY,neither,0.03945320844208391,0.33037608806864915,0.630170703489267
#weighcist,neither,0.03945320844208391,0.33037608806864915,0.630170703489267
weighsist LOL,neither,0.020706217963973744,0.4882283491876925,0.4910654328483337
Sometimes the smell just gets trapped in the cushions and doesn't come out till you sit down.,neither,0.03971433493115796,0.34744393457771816,0.6128417304911239
Smell is absolutely some form of dark magic.,neither,0.03868275613619756,0.3377701017535615,0.6235471421102409
It's when you take someone's seat before class but it's still oddly warm from the last student who sat in it,neither,0.03558617856751924,0.43188794235355615,0.5325258790789247
#weighcism,neither,0.03945320844208391,0.33037608806864915,0.630170703489267
I WAS sad,neither,0.0392680686202262,0.33351839402200706,0.6272135373577666
Hehehe,neither,0.03945320844208391,0.33037608806864915,0.630170703489267
but there was a Dodger game,neither,0.03596369290270284,0.26919622319165704,0.6948400839056401
It was good!!,neither,0.035783398712733866,0.3351322438494399,0.6290843574378262
Lol,neither,0.020706217963973744,0.4882283491876925,0.4910654328483337
"im in alaska, its a long walk...",neither,0.033892934935869874,0.3563141889204957,0.6097928761436344
lmao,neither,0.03705015143476208,0.3711622369619404,0.5917876116032975
Love this already,neither,0.03384949934339445,0.3772782993026663,0.5888722013539391
THIS IS ALREADY A TRAINWRECK,neither,0.04608111500565302,0.3462626941248754,0.6076561908694715
I LOVE HIS MOM JOKES,neither,0.06288737720342531,0.3462084269370542,0.5909041958595205
yay can watch live... thanks insomnia,neither,0.045151327158110655,0.31232217704365933,0.64252649579823
Oh. WOW @lougubrius,neither,0.04699983224225219,0.25967008852857676,0.6933300792291711
My mom sent me money for coffee!!! <3,neither,0.027536190933167056,0.26716354367434575,0.7053002653924872
Just breath Daryl.,neither,0.03543386037240515,0.34924959059132177,0.6153165490362731
I'd have gone but the commute to LA is a bit much from Wisconsin,neither,0.043089259586291236,0.3192764560609013,0.6376342843528074
Be nice,neither,0.040239296110501734,0.33695868499868403,0.6228020188908144
oh god Daryl lol,neither,0.03671282883318881,0.33494177399785174,0.6283453971689595
I so love the CHAOS of this show!,neither,0.048670903949995015,0.3004104518732354,0.6509186441767696
!respect,neither,0.03945320844208391,0.33037608806864915,0.630170703489267
"If you would like to share opinions on our hosts, guests or fellow viewers, please do so in a respectful manner. Don't make them feel uncomfortable.",neither,0.04843323757214918,0.39559142321184637,0.5559753392160044
"breathe through your mouth, daryl",neither,0.06152756839208479,0.32425573348211006,0.6142166981258053
wow....with a straight face even... lol,neither,0.023573081534884174,0.4264014317175153,0.5500254867476005
@axelobo there are no rails on this train,neither,0.0608644676310468,0.2711466196199005,0.6679889127490527
Moms are like gods...they are everywhere & nowhere at the same time. :P,neither,0.08594610370172852,0.30078948562414387,0.6132644106741277
Liam is in for a nose worth of trouble. Kappa,neither,0.04018401898722914,0.31098958923004066,0.6488263917827303
"If the show doesn't start out as a four car train wreck, it hasn't even begun.",neither,0.03147358687905035,0.34573975179150573,0.6227866613294438
"We are your bra, brah.",neither,0.10429709251623194,0.2797512581675554,0.6159516493162125
Send your questions to Asininewisdom@gmail.com,neither,0.0680134347441391,0.3208127786622398,0.6111737865936211
You wanna stop by Texas and pick me up on the way @ryan_witalison?,neither,0.04369229718695619,0.44424565671253413,0.5120620461005096
this show is never a trainwreck,neither,0.0578571222856244,0.29682262058119985,0.6453202571331756
LUL Free the Asinine Wisdom Nipple,neither,0.03884135597313692,0.31926982813584165,0.6418888158910214
"might be a total trainwreck, but surprisingly, going pretty good for asinine wisdom.",neither,0.03317253810102793,0.33606231895645333,0.6307651429425187
@vexelghost I think he already nose.,neither,0.04453858505544965,0.33778614893557385,0.6176752660089765
LOOK AWAY DARYL,neither,0.04256929535738978,0.30697386994442444,0.6504568346981857
HAHAHAHA,neither,0.03945320844208391,0.33037608806864915,0.630170703489267
im so confused...........,neither,0.03832423033830298,0.4294104524679758,0.5322653171937214
@Raidrith a bit out of the way but sure lol,neither,0.023583542364862032,0.4874962867875446,0.48892017084759337
Wtf is this!?,offensive_language,0.05875134067276458,0.7027317341486384,0.23851692517859707
Dayrl quit acting like a scared puppy!,neither,0.047917011516860064,0.34287826065306537,0.6092047278300746
#bigpole,neither,0.03945320844208391,0.33037608806864915,0.630170703489267
Vote tonight's #BigPole - The Big Question: strawpoll.me/15572833,neither,0.02074004052941118,0.37948180654468144,0.5997781529259075
Chatsworth Esq. ( twitter.com/itsdanoba ).,neither,0.038643638597066765,0.475547814777205,0.4858085466257283
don't force it. i've made that mistake before..,neither,0.019153410244748214,0.3891366004810514,0.5917099892742003
!wtfisthis,neither,0.03945320844208391,0.33037608806864915,0.630170703489267
Asinine Wisdom is where common sense and civil discourse go to die. Two idiots (Jake Bennett and Daryl Crittenden) and one unfortunate guest get to the bottom of the issues no one is talking about.,neither,0.08447096936480233,0.23498343136853395,0.6805455992666638
!wtfisthis,neither,0.03945320844208391,0.33037608806864915,0.630170703489267
a real Dapper Danoba,offensive_language,0.025561593684253106,0.5993264658233612,0.3751119404923855
Buddy roadtrip! @ryan_witalison,neither,0.03945320844208391,0.33037608806864915,0.630170703489267
my roommates got to watch in disgust as i dumped gin directly into a bottle of elderflower liquor it’s gonna be a great stream y’all,neither,0.03663495381279589,0.4351782112481963,0.5281868349390078
Dapper @Danoba,neither,0.03945320844208391,0.33037608806864915,0.630170703489267
@Leleisland We ask that question every week.,neither,0.03606056491211245,0.3679924879482673,0.5959469471396203
ALL Licking Is Friendly,neither,0.04903439390512101,0.3944597220621057,0.5565058840327732
"""something in my throat"" Kappa",neither,0.06466424090229338,0.39151259307723424,0.5438231660204724
Ok...throwing off my inner ear!!!,neither,0.03134177103918483,0.39171085471030836,0.5769473742505068
@hundredsofsmallbirds elderflower sounds amaze,neither,0.03945320844208391,0.33037608806864915,0.630170703489267
I love polls.,neither,0.03615980259924816,0.34577062025063376,0.6180695771501182
FIGHT NIGHT,neither,0.029297476122240904,0.3298924143200687,0.6408101095576904
moon2GUMS moon2GUMS moon2GUMS,neither,0.03945320844208391,0.33037608806864915,0.630170703489267
all about that big pole,offensive_language,0.022242590106873968,0.5132253348552156,0.46453207503791044
<3,neither,0.03945320844208391,0.33037608806864915,0.630170703489267
It was a centipede,neither,0.03593062006447523,0.3363165027571517,0.627752877178373
Liam,neither,0.03945320844208391,0.33037608806864915,0.630170703489267
moon subs weedS,neither,0.03945320844208391,0.33037608806864915,0.630170703489267
@misssunflower94 it’s delicious,neither,0.03769120445960379,0.3309821220359783,0.6313266735044178
what show?,neither,0.08448240814763393,0.1961991599213306,0.7193184319310355
Actually that makes sense!!! Every night is fight night for bugs!!!!,neither,0.02999748910961734,0.3348911230655947,0.6351113878247879
Critical What?,neither,0.04644688196614929,0.325405590977308,0.6281475270565426
LUL Spiders leave legos on the floor for you to step on lol,neither,0.038779024892769784,0.36995766700381055,0.5912633081034198
house centipedes are horrible,neither,0.07029231832395795,0.27848494535179147,0.6512227363242505
rooBlank,neither,0.03945320844208391,0.33037608806864915,0.630170703489267
Liam!!!!!,neither,0.03945320844208391,0.33037608806864915,0.630170703489267
no one cares about critical role,neither,0.03701950467663129,0.38393651308642174,0.579043982236947
Critical mole?,neither,0.03945320844208391,0.33037608806864915,0.630170703489267
Go bugs go!,neither,0.04176100972411568,0.3384020055653637,0.6198369847105206
Going to college I evolved into just crushing spiders with my hands bc I have no time to find a shoe and now I'm not phased anymore,neither,0.03227731666864035,0.3625238233578277,0.6051988599735321
Business?,neither,0.03945320844208391,0.33037608806864915,0.630170703489267
Everyone cares about Liam though.,neither,0.033885418914046596,0.42487600713221074,0.5412385739537426
it’s watching this show,neither,0.05684727770287103,0.23889520689436994,0.7042575154027592
poor daryl LOL,neither,0.032417117153271745,0.38095109518028797,0.5866317876664402
Definitely only know him as Cachino,neither,0.03733645277183552,0.36630295608485464,0.5963605911433099
Anytime is a good time to have a good drink,neither,0.0482657859965776,0.34634642570141216,0.6053877883020103
Hahaha,neither,0.03945320844208391,0.33037608806864915,0.630170703489267
Daryl is going through all the stages of grief working through this,neither,0.04348869843538785,0.3769619106318254,0.5795493909327868
lol,neither,0.020706217963973744,0.4882283491876925,0.4910654328483337
Genius,neither,0.03945320844208391,0.33037608806864915,0.630170703489267
i only drink on days that end with y,neither,0.025612309086404977,0.4081345845210785,0.5662531063925166
OHMYGOD THIS IS AMAZING.,neither,0.046685728844305385,0.329276602145814,0.6240376690098806
BRING THAT MOBILE BOOZE HERE.,neither,0.06699625029713226,0.3333768955374686,0.5996268541653993
Brilliant,neither,0.03945320844208391,0.33037608806864915,0.630170703489267
Hahaha wtf!!!,offensive_language,0.04308892452661781,0.6481221743079882,0.308788901165394
That actually sounds like a good idea...,neither,0.044204648107440424,0.3806597085466162,0.5751356433459435
that is sadly a disaster that would work,neither,0.0387309083084685,0.39218228822483275,0.5690868034666988
so wrong,neither,0.039411786244292875,0.4089803183515069,0.5516078954042002
That's brilliant,neither,0.03486124774340957,0.38047850944979694,0.5846602428067935
I thought you needed a stiff drink after a really good bowl movement? :P,neither,0.050017954191561464,0.2969260160799733,0.6530560297284653
LOL,neither,0.020706217963973744,0.4882283491876925,0.4910654328483337
lololool,neither,0.03945320844208391,0.33037608806864915,0.630170703489267
!points Jake,neither,0.03945320844208391,0.33037608806864915,0.630170703489267
jokes aside this is a great idea,neither,0.04384442601319151,0.31031786679726103,0.6458377071895475
"That was an excellent pun, Jake! Here, have some points for that one! You have been awarded 30 points!",neither,0.04980698945196901,0.3810498197129535,0.5691431908350774
i see nothing wrong with this idea Kappa,neither,0.029957185637253168,0.38856560057629713,0.5814772137864498
honestly that would sell at my family funerals,neither,0.027010954115759638,0.4428365339451423,0.530152511939098
This is genius,neither,0.04959008194734716,0.32877495885699387,0.621634959195659
Genius,neither,0.03945320844208391,0.33037608806864915,0.630170703489267
#MillionDollarIdeas,neither,0.03945320844208391,0.33037608806864915,0.630170703489267
omg,neither,0.03945320844208391,0.33037608806864915,0.630170703489267
holy shit,offensive_language,0.04257650662097627,0.9573463282193174,7.716515970639687e-05
"well cheers, i drink to that",neither,0.04168990751170831,0.36389684998727884,0.5944132425010129
"Liam O’Brien ( twitter.com/VoiceOfOBrien ),",neither,0.0389429783125893,0.4117122242313754,0.5493447974560355
SOYLENT GREEN,neither,0.04133473293169446,0.28611716085498706,0.6725481062133184
Stiffer than your loved ones,neither,0.06250622148756207,0.32981336361713803,0.6076804148953
woooo!,neither,0.03945320844208391,0.33037608806864915,0.630170703489267
gandsGandsVaxSigil gandsGandsVaxSigil gandsCaleb gandsCaleb gandsCaleb,neither,0.03945320844208391,0.33037608806864915,0.630170703489267
"Hahaha, stiffer than your loved ones! HAHAHAA that's epic!",neither,0.052073171144797516,0.35324832171648335,0.5946785071387193
that's actually an amazing idea,neither,0.03642350691025828,0.36152857593258386,0.602047917157158
omg,neither,0.03945320844208391,0.33037608806864915,0.630170703489267
SeemsGood That's actually not a bad idea,neither,0.03157608580599859,0.37709058696838865,0.5913333272256128
Yay,neither,0.03945320844208391,0.33037608806864915,0.630170703489267
yay,neither,0.03945320844208391,0.33037608806864915,0.630170703489267
catter catter catter!,neither,0.03945320844208391,0.33037608806864915,0.630170703489267
Welcome Liam!,neither,0.03945320844208391,0.33037608806864915,0.630170703489267
-applause-,neither,0.03945320844208391,0.33037608806864915,0.630170703489267
rogueing in,neither,0.03945320844208391,0.33037608806864915,0.630170703489267
liam is so adrokable...,neither,0.04845312661698214,0.3763011036036642,0.5752457697793536
37 stealth,neither,0.03945320844208391,0.33037608806864915,0.630170703489267
#ThisFeelsWrong,neither,0.03945320844208391,0.33037608806864915,0.630170703489267
"Seriously, someone give them a map of the set",neither,0.04850238129678219,0.31320827301705717,0.6382893456861607
gandsGandsVaxSigil gandsGandsVaxSigil gandsGandsVaxSigil,neither,0.03945320844208391,0.33037608806864915,0.630170703489267
no liam do nt touch them,neither,0.04983779881330651,0.3344196035654791,0.6157425976212144
it’s supposed to feel wrong Liam,neither,0.043455267294295684,0.32771645794060783,0.6288282747650965
They can pair their business with the drive thru mortuary Beep and Weep,neither,0.02865775788730831,0.3871516187692814,0.5841906233434104
@whippetpuli LOL,neither,0.020706217963973744,0.4882283491876925,0.4910654328483337
see Liam! And you were worried you couldn't mkae it from so very (NOT) far away!,neither,0.0583564454645431,0.35083970808976506,0.5908038464456917
44 pass without trace stealth,neither,0.03945320844208391,0.33037608806864915,0.630170703489267
Woo I am here for Liam and surviving Daryl and Other Person.,neither,0.056290959011807605,0.25498203086509597,0.6887270101230963
Do they have little drinks so you can pour one out for the homies?,neither,0.04062760332489519,0.3875598928023519,0.5718125038727528
Good luck Liam!,neither,0.03888079582056422,0.33057296701751543,0.6305462371619204
"well, sometimes you're the bug, sometimes you're the windshield cleaning fluid",neither,0.08476262412901411,0.32529639791664877,0.589940977954337
#fightnight,neither,0.03945320844208391,0.33037608806864915,0.630170703489267
Why are the water bottles multiplying every week??,neither,0.04586083901177001,0.2947814165267807,0.6593577444614492
SeriousSloth What kind of bullet tho,neither,0.04049526703698001,0.33480317003654775,0.624701562926472
RIP those other guests. :P,neither,0.06866743690359785,0.25129238546114874,0.6800401776352533
9/10 dentists choose not to have a bullet to the head,neither,0.045898805887127234,0.3427148103543475,0.6113863837585253
Oh gosh is that why Stef hasn't been on Weave lately?,neither,0.0353977699038292,0.34505912413991674,0.6195431059562541
ohh my fave part,neither,0.03030287929362054,0.3999921054968599,0.5697050152095197
Daryl is a Photoshop god!!!,neither,0.04591118851375654,0.32815489258743363,0.6259339188988098
Liam looks ready to bolt,neither,0.04541409779419847,0.32688113416254655,0.627704768043255
EUGH,neither,0.03945320844208391,0.33037608806864915,0.630170703489267
blink twice if you want help liam,neither,0.03560104579720108,0.3959136498396649,0.5684853043631342
oh NO,neither,0.04751210705993949,0.26629718932274826,0.6861907036173122
OH NO,neither,0.04751210705993949,0.26629718932274826,0.6861907036173122
dear god,neither,0.03945320844208391,0.33037608806864915,0.630170703489267
Marisha <3,neither,0.03945320844208391,0.33037608806864915,0.630170703489267
"@tea_titan Well you see, when two water bottles love each other very much, and are left unsupervised. They start putting in orders to the stork.",neither,0.05114057830302017,0.32450503216535564,0.6243543895316241
Oh no.,neither,0.04751210705993949,0.26629718932274826,0.6861907036173122
ROFLMAO,neither,0.03945320844208391,0.33037608806864915,0.630170703489267
nooooooo no no no,neither,0.03751904378710292,0.3632039100311895,0.5992770461817076
There's no need for this.,neither,0.03156081938712367,0.2661947692873568,0.7022444113255194
lmao Marisha,neither,0.03705015143476208,0.3711622369619404,0.5917876116032975
Hahahaha,neither,0.03945320844208391,0.33037608806864915,0.630170703489267
no no no,neither,0.036918905254960256,0.37338982715841207,0.5896912675866277
The long lost episode 1,neither,0.038390747196763664,0.31298087241664185,0.6486283803865945
tenchiB<,neither,0.03945320844208391,0.33037608806864915,0.630170703489267
NO NO NO NONO,neither,0.036918905254960256,0.37338982715841207,0.5896912675866277
what is this show?,neither,0.0966670472368512,0.2129778229796929,0.6903551297834558
"Pineapple & Mayonaisse, coming soon to Nickelodeon",neither,0.04553109018053492,0.3268144526895118,0.6276544571299533
Marisha cameo!!!,neither,0.03945320844208391,0.33037608806864915,0.630170703489267
tenchiBM,neither,0.03945320844208391,0.33037608806864915,0.630170703489267
#ThisWillEndWell,neither,0.03945320844208391,0.33037608806864915,0.630170703489267
:(,neither,0.03945320844208391,0.33037608806864915,0.630170703489267
[blink blink],neither,0.03945320844208391,0.33037608806864915,0.630170703489267
!wtfisthis,neither,0.03945320844208391,0.33037608806864915,0.630170703489267
MARISHA!,neither,0.03945320844208391,0.33037608806864915,0.630170703489267
Asinine Wisdom is where common sense and civil discourse go to die. Two idiots (Jake Bennett and Daryl Crittenden) and one unfortunate guest get to the bottom of the issues no one is talking about.,neither,0.08447096936480233,0.23498343136853395,0.6805455992666638
oh jesus,neither,0.04663970134003505,0.26286277910614453,0.6904975195538203
Someone is going to throw up.,neither,0.05083685521776666,0.4056668779899426,0.5434962667922908
oh no oh god oh no,neither,0.04854114169135521,0.25406627735797227,0.6973925809506726
MARISHA!,neither,0.03945320844208391,0.33037608806864915,0.630170703489267
I am deeply unhappy although I do love Marisha,neither,0.038339462085829286,0.3387430237432392,0.6229175141709314
Run.,neither,0.03945320844208391,0.33037608806864915,0.630170703489267
"gross pinapple, pickle mayo sandwich",neither,0.03945320844208391,0.33037608806864915,0.630170703489267
Yes...we have no bananas!!! We have no bananas today!!!,neither,0.03729933165300008,0.3440711207844943,0.6186295475625057
gandsNopeNopeNope Mayo does not belong anywhere ever gandsNopeNopeNope,neither,0.029112711234282784,0.42232472427553586,0.5485625644901813
marisha surprise guest?,neither,0.03945320844208391,0.33037608806864915,0.630170703489267
marsh should come on also,neither,0.04547793479333335,0.39656234131560064,0.557959723891066
There's. No. Need. For. This.,neither,0.03156081938712367,0.2661947692873568,0.7022444113255194
@SaraSews https://clips.twitch.tv/ShinyKawaiiVultureMVGame,neither,0.03945320844208391,0.33037608806864915,0.630170703489267
im gaggin,neither,0.038485379344942616,0.36709547489240807,0.5944191457626494
DAY-O!!!!,neither,0.04062343770405816,0.29560591037067285,0.663770651925269
I might be vomitting in my mouth a little.,neither,0.028355566833351047,0.42733816785278467,0.5443062653138643
lmao just realized it was marisha,neither,0.03249951915174612,0.37208430386167624,0.5954161769865777
"I adore Marisha, she and Liam were amazing on Talks earlier tonight",neither,0.03642626815355957,0.33318236882774643,0.630391363018694
NotLikeThis Thankfully I ordered pizza or I would be so hungry,neither,0.03928125856671048,0.3583358838469812,0.6023828575863084
coleslaw + bacon might not be bad.,neither,0.0363216737027338,0.33783986441173364,0.6258384618855325
"ok, coleslaw and bacon sounds decent",neither,0.03888707319711479,0.30473944002426745,0.6563734867786178
So rude,neither,0.03940844610587104,0.3954402333076647,0.5651513205864642
yes this is good,neither,0.049732982428642956,0.32892983463087555,0.6213371829404816
LUL That's the brand sandwich meat I buy. rooVV,neither,0.03648826412373662,0.3462491177814176,0.6172626180948457
Yay cooking show,neither,0.05315917979335409,0.2625714715535481,0.6842693486530979
Pineapple&Mayo savPUKE,neither,0.03945320844208391,0.33037608806864915,0.630170703489267
guest appearance by marsha roy,neither,0.04029090404589862,0.3626813465598509,0.5970277493942504
I’m gonna die y’all are gonna watch me die onstream,neither,0.33810131066644317,0.13990216475661274,0.5219965245769442
sweet garbagey jesus,neither,0.03945320844208391,0.33037608806864915,0.630170703489267
Hello Sueeee,neither,0.03945320844208391,0.33037608806864915,0.630170703489267
it was nice knowing you liam,neither,0.05113792908336099,0.3705349755469677,0.5783270953696713
LOL,neither,0.020706217963973744,0.4882283491876925,0.4910654328483337
oh god liam no,neither,0.043393683648880264,0.2980143142546322,0.6585920020964875
Liam AND Marisha? More like Asinein wisdom...,neither,0.05167867201749548,0.29396575395554614,0.6543555740269583
oh god,neither,0.047523175703714664,0.25506489023357065,0.6974119340627147
hurl,neither,0.03945320844208391,0.33037608806864915,0.630170703489267
:-D,neither,0.03945320844208391,0.33037608806864915,0.630170703489267
Rip,neither,0.03945320844208391,0.33037608806864915,0.630170703489267
what white nonsense is this,hate_speech,0.6179874231918955,0.344712223104842,0.0373003537032626
"there's neither pine nor apple in that crappy excuse for fruit, it really should be called ananas like everyone else dismisses that stuff.",neither,0.038938556431222876,0.39688047153032735,0.5641809720384497
It's not white wheat?,hate_speech,0.5714511332656589,0.38728999939985126,0.041258867334489836
Oh man...,neither,0.0497452509521963,0.354443561064239,0.5958111879835646
