text,top_class,hate_speech,offensive_language,neither
gandsDick gandsJohnson,neither,0.03945320844208391,0.33037608806864915,0.630170703489267
gandsGandSKiki gandsBeau gandsJohnson gandsDick gandsTheChief,neither,0.03945320844208391,0.33037608806864915,0.630170703489267
@john_sparks_jr awww poo! It was small but awesome. And it wasn’t very long.,neither,0.035604335126840615,0.31432472154595525,0.650070943327204
gandsJohnson gandsDick,neither,0.03945320844208391,0.33037608806864915,0.630170703489267
"@johndmcc NOt familiar with PlutoTV. I've been watching G&S off and on since literally the first show, the Lupis Livestream",neither,0.022308872658056002,0.2788605726706891,0.6988305546712549
Hello all! Marisha HYPE!!! gandsJohnson gandsBeau gandsDick,neither,0.041334507797783256,0.4057018882155827,0.5529636039866341
Tell me where to GO !,neither,0.04154262883796574,0.34020395666351305,0.6182534144985212
gandsSaxHype gandsSaxHype gandsSaxHype gandsSaxHype gandsSaxHype,neither,0.03945320844208391,0.33037608806864915,0.630170703489267
"@johndmcc Was a fan of Felicia way back when, so when she launched the channel, I was in.",neither,0.027874878740046453,0.46068496142962884,0.5114401598303248
"Hi Sax, Hector, Marisha and Keller!",neither,0.03870944257742205,0.292987672328244,0.6683028850943339
LOL,neither,0.020706217963973744,0.4882283491876925,0.4910654328483337
"@john_sparks_jr you can get it on the Fire stick, or Roku. It’s like a free tv watching thing. But, not major channels or anything",neither,0.045555679545564776,0.36651684826258757,0.5879274721918477
gandsHecBird late again,neither,0.03712367796572132,0.36991429984260715,0.5929620221916716
!djwiki,neither,0.03945320844208391,0.33037608806864915,0.630170703489267
"""The Dick and Johnson wikia, the most unsatisfying misclick on the Internet."" -Sax Carr 2017 #PutItInTheWiki http://dickandjohnson.wikia.com/wiki/The_Dick_and_Johnson_Wiki",neither,0.04705533552773973,0.46992134562560794,0.48302331884665234
"Hector *is* alive though, yea?",neither,0.04741222346898228,0.3308621772605016,0.6217255992705162
Hello all!,neither,0.04217753453783664,0.43734383323855475,0.5204786322236087
@john_sparks_jr same. I fell in love with her as Charlie on SPN. But. I always crushed on her,neither,0.004945844644364846,0.35052564222389526,0.6445285131317398
hi @japenrose,neither,0.03945320844208391,0.33037608806864915,0.630170703489267
"@johndmcc Oh okay, yeah never used Fire or anything, I literally watch EVERYTHING on my PC, I have my TV as a 2nd monitor.",neither,0.023706405383050855,0.46860838197171717,0.507685212645232
"Sax looks so happy about this game, and I can't blame him. gandsSaxHype gandsBeau",neither,0.03719339857031731,0.3206613043424326,0.64214529708725
who's the mustache guy with the dog sled?,neither,0.02931546601073848,0.3895269433762824,0.5811575906129791
confirmed - Sax only like Erika and nobody else,neither,0.040451064042036904,0.42726746194848975,0.5322814740094735
"@john_sparks_jr I think you can PlutoTV on the computer, as well",neither,0.048362450453565506,0.3860799782813122,0.5655575712651224
gandsJohnson gandsDick,neither,0.03945320844208391,0.33037608806864915,0.630170703489267
gandsLessthanthree gandsLessthanthree gandsLessthanthree,neither,0.03945320844208391,0.33037608806864915,0.630170703489267
"@johndmcc Yeah, she's always a joy. I actually was a fan before even SPN, back during the Guild's 1st season.",neither,0.02787521997540276,0.48264889041492615,0.489475889609671
@apatrosminer LUL,neither,0.03945320844208391,0.33037608806864915,0.630170703489267
Fun,neither,0.03945320844208391,0.33037608806864915,0.630170703489267
"I mean, I would watch that show. #TableTopGamingTeam",neither,0.057183326602400296,0.28696726242224696,0.6558494109753527
"Download the new Critical Role theme song for Campaign Two! http://itunes.apple.com/album/id1331550250?ls=1&app=itunes Sales of the song support the musician, Jason Charles Miller.",neither,0.04445767596344001,0.2510827790306858,0.7044595450058742
@john_sparks_jr I learned of the Guild after SPN,neither,0.038473241132905366,0.3124075066026832,0.6491192522644115
"@johndmcc It was Critical Role though, along with D&J and TBDRPG that really cemented my fandom of this channel.",neither,0.025017972053741934,0.3988425876574672,0.5761394402887908
"That sounded way more sarcastic than I intended, apologies",neither,0.03805509079249596,0.35368169996804594,0.6082632092394581
gandsJohnson Squid1 gandsRage Squid4 gandsDick,neither,0.03945320844208391,0.33037608806864915,0.630170703489267
gandsJohnson gandsSaxHype gandsDick (pet the Sax),neither,0.038189321764368164,0.30699900157265414,0.6548116766629778
hey chess is awesome gandsRage,neither,0.049049106089106335,0.32707561884216974,0.6238752750687239
HAHAHAHA,neither,0.03945320844208391,0.33037608806864915,0.630170703489267
"Duh! Dumb me! I found out about FD on Eureka, first",neither,0.025944760318615177,0.39370936308333737,0.5803458765980475
gandsJohnson gandsDick gandsSaxHype,neither,0.03945320844208391,0.33037608806864915,0.630170703489267
"Pet that Sax, that's funny, @owifig",neither,0.03108754868215203,0.42875148037578437,0.5401609709420635
gandsJohnson gandsBeau gandsDick,neither,0.03945320844208391,0.33037608806864915,0.630170703489267
"Help G&S make great content! $4.99/month gets you emotes, Minecraft server access, sub-only VODs, and more! Every sub keeps the channel alive! twitch.tv/geekandsundry/subscribe",neither,0.043907990691603095,0.31135964332838284,0.644732365980014
lol,neither,0.020706217963973744,0.4882283491876925,0.4910654328483337
gandsDick,neither,0.03945320844208391,0.33037608806864915,0.630170703489267
LUL #DickAlwaysComesLast,neither,0.03945320844208391,0.33037608806864915,0.630170703489267
gandsHecBird gandsHecBird gandsHecBird gandsHecBird gandsHecBird gandsHecBird attack,neither,0.03945320844208391,0.33037608806864915,0.630170703489267
@John_Sparks_Jr My new fav use of the D&J emotes is making them pet things,neither,0.02375340691262122,0.36688018888711643,0.6093664042002622
gandsJohnson gandsLessthanthree gandsDick,neither,0.03945320844208391,0.33037608806864915,0.630170703489267
Dick got to interview Agent Coulson! gandsDick,offensive_language,0.06525062499369613,0.8222110685461185,0.11253830646018537
Yay HecThor's back!,neither,0.03945320844208391,0.33037608806864915,0.630170703489267
gandsJohnson gandsCaleb gandsDick,neither,0.03945320844208391,0.33037608806864915,0.630170703489267
@owifig gandsJohnson gandsTrinketArmor gandsDick,neither,0.03945320844208391,0.33037608806864915,0.630170703489267
gandsJohnson gandsDick,neither,0.03945320844208391,0.33037608806864915,0.630170703489267
"In Maybe Louisiana, game starts you!",neither,0.050926262093490285,0.3291673681314158,0.619906369775094
https://clips.twitch.tv/NiceCooperativeLobsterTheRinger,neither,0.03945320844208391,0.33037608806864915,0.630170703489267
I figured as much,neither,0.03338724522857734,0.3680340169231891,0.5985787378482335
HOORAY !! Marisha is on too!!!,neither,0.04850730936197029,0.35767794134351205,0.5938147492945177
@John_Sparks_Jr Nice!,neither,0.03945320844208391,0.33037608806864915,0.630170703489267
it's cool because it's Marisha,neither,0.03621765791971427,0.33148894226141074,0.632293399818875
"and yes indeed, HECTOR is alive!",neither,0.04572215617998919,0.2939187021815111,0.6603591416384996
That's how autocracies start...Marisha has ideas,neither,0.036306280001956154,0.3622498530743296,0.6014438669237142
Is that Sean Connery on Marisha's t shirt?,neither,0.040181503032593546,0.3796966617413349,0.5801218352260715
#ThanksKeyleth!,neither,0.03945320844208391,0.33037608806864915,0.630170703489267
LUL,neither,0.03945320844208391,0.33037608806864915,0.630170703489267
gandsJohnson gandsOwlbear gandsDick How's this one?,neither,0.03782490347352073,0.3868687902441977,0.5753063062822815
^,neither,0.03945320844208391,0.33037608806864915,0.630170703489267
Marisha killed democracy. It's all over :P,neither,0.037007939298490444,0.397651327219815,0.5653407334816944
Marisha has all the guns. #SleevesAreBullshit gandsBeau gandsBeau,neither,0.040766803702498404,0.38383540269438576,0.5753977936031159
"The big question is, will we see Daryl again?",neither,0.031714685447269964,0.3667418119028991,0.6015435026498309
gandsJohnson gandsDick gandsHooman,neither,0.03945320844208391,0.33037608806864915,0.630170703489267
(oops) gandsJohnson gandsHooman gandsDick,neither,0.03945320844208391,0.33037608806864915,0.630170703489267
"Democracy was damaged horribly in 1937, Marisha is not responsible. XD",neither,0.04372234466609464,0.3331881720074,0.6230894833265054
@chaoticloony I thought he ascended into becoming a K-Mart?,neither,0.046268594150097125,0.2533458506024881,0.7003855552474147
@chaoticloony I hear he's going to make a full recovery from his many knife wounds,neither,0.07397837117785797,0.32830714897157165,0.5977144798505705
LUL,neither,0.03945320844208391,0.33037608806864915,0.630170703489267
@japenrose It is hard to tell with Daryl!,offensive_language,0.032444591571549934,0.5300224630322471,0.4375329453962029
gandsJohnson gandsLollypop gandsDick (learning to share candy),neither,0.04480777338350921,0.32722780494713827,0.6279644216693525
Bathroom candy,neither,0.03945320844208391,0.33037608806864915,0.630170703489267
oh gosh lol,neither,0.036351193302038856,0.3356329830621722,0.628015823635789
RIP Marisha,neither,0.03945320844208391,0.33037608806864915,0.630170703489267
She is DONE. I warned her.,offensive_language,0.03821999040535958,0.6234476841549539,0.3383323254396865
juliaWtf would not eat from that candy bowl,neither,0.03579007076451214,0.34865338994804623,0.6155565392874416
Hey Eric :),neither,0.03945320844208391,0.33037608806864915,0.630170703489267
Oh hey Eric.,neither,0.044724675810055375,0.2801586325749987,0.6751166916149458
"whatever happened to ""never eat where you do your buisness""",neither,0.09310818636075746,0.3622895010336648,0.5446023126055777
Hi @16bitEric,neither,0.03945320844208391,0.33037608806864915,0.630170703489267
gandsGandsPoo,neither,0.03945320844208391,0.33037608806864915,0.630170703489267
@16bitEric Hi Eric!,neither,0.03945320844208391,0.33037608806864915,0.630170703489267
Hey Eric!,neither,0.03945320844208391,0.33037608806864915,0.630170703489267
One can never be truly prepared for D&J,neither,0.03186212360410743,0.360373134348086,0.6077647420478066
@16biteric sup,neither,0.03945320844208391,0.33037608806864915,0.630170703489267
it is something that just has to be LIVED @16bitEric :P,neither,0.043735158138397894,0.3760982831848995,0.5801665586767026
Hi Eric,neither,0.03945320844208391,0.33037608806864915,0.630170703489267
XD,neither,0.03945320844208391,0.33037608806864915,0.630170703489267
Hullo@16bitEric,neither,0.03945320844208391,0.33037608806864915,0.630170703489267
Hey all. Mostly tuned in because I needed to know what Marisha's shirt said. I heartily approve.,neither,0.04705385995179894,0.3628983820088791,0.590047758039322
gandsJohnson gandsDick,neither,0.03945320844208391,0.33037608806864915,0.630170703489267
Hi @16bitEric!,neither,0.03945320844208391,0.33037608806864915,0.630170703489267
Hi!,neither,0.03945320844208391,0.33037608806864915,0.630170703489267
"OMG, MARISHA YOU DIDN'T!!! YESSSSSSS!!!",neither,0.036667733423818114,0.4621795502698393,0.5011527163063426
@16biteric rama10 on getting glittered the other week,neither,0.031633309517534874,0.40012704881311617,0.5682396416693489
Hey @16bitEric,neither,0.03945320844208391,0.33037608806864915,0.630170703489267
"Also, hi @16bitEric . :D",neither,0.03945320844208391,0.33037608806864915,0.630170703489267
"When gandsJohnson gandsDick don't have an interesting mission, I'm quitting the planet.",neither,0.032733447887125545,0.35239151113057693,0.6148750409822976
hahaha southworld oh my,neither,0.030944320598191015,0.378211173228636,0.5908445061731731
Southworld sounds like a really REALLY bad idea,neither,0.04479446911678053,0.3440157319652849,0.6111897989179347
LUL southworld,neither,0.03945320844208391,0.33037608806864915,0.630170703489267
LUL Is Mexico SouthWorld,neither,0.04673026438175797,0.3278731748372105,0.6253965607810316
"the ""south-world"" will rise again?!?",neither,0.03843666068882618,0.3233798463219253,0.6381834929892486
South By Southwest World?,neither,0.040452828496092864,0.36866372394453606,0.5908834475593712
"Oh, No! He's gonna attack with 11 herbs and spices!",neither,0.03588618321466174,0.3350965966097746,0.6290172201755637
Colonel Mustard,neither,0.03945320844208391,0.33037608806864915,0.630170703489267
OMG ROFL!!,neither,0.03945320844208391,0.33037608806864915,0.630170703489267
Was southworld considered a park at one point?,neither,0.03803338929075992,0.37650360069220834,0.5854630100170317
"self-styled ""Colonel"" iirc",neither,0.03945320844208391,0.33037608806864915,0.630170703489267
TacoBellWolrd is a thing right?,neither,0.05036674346420079,0.35286058947441995,0.5967726670613792
"So, it's now become Southwest World?",neither,0.03827846665104113,0.3670044588098537,0.5947170745391052
