text,top_class,hate_speech,offensive_language,neither
I guess Marisha wants to surprise us with her role,offensive_language,0.04989167806228605,0.5027569195502252,0.4473514023874889
gandsLHMercer this Toronto v Boston game7 now 1-1,neither,0.03938675190300727,0.33150402897452613,0.6291092191224666
Has a character choose thing appeared for this week's AMAZING guest? XD,neither,0.03635681322094625,0.31145503000359137,0.6521881567754623
Are they still taking episode suggestions? How are those decided on?,neither,0.0895120545959437,0.2508829601935637,0.6596049852104927
Marisha on today?,neither,0.032247529883072605,0.3160880244535991,0.6516644456633283
yay Marisha!,neither,0.03945320844208391,0.33037608806864915,0.630170703489267
yup,neither,0.03945320844208391,0.33037608806864915,0.630170703489267
Yay from 5 mins from her hometown!,neither,0.03376526883614151,0.47808508120094007,0.48814964996291854
Hey I'm like ten minutes from there @johndmcc,neither,0.04913533457630249,0.2921143595434114,0.6587503058802862
feliciaYEAH Toronto winning again,neither,0.03784141838435061,0.3577323717852396,0.6044262098304098
Critternation3000 I lost interest in the NHL playoffs when the Canucks did not even come close,neither,0.03203156248024929,0.36149796031647335,0.6064704772032774
"@john_sparks_jr I’m off Shepherdsville road, rn",neither,0.03945320844208391,0.33037608806864915,0.630170703489267
"good grief, everyone! check the title",neither,0.03319784040660602,0.4045477806439572,0.5622543789494368
@johndmcc I'm literally IN Shepherdsville. Lol,neither,0.029130259904786914,0.4077430226875565,0.5631267174076565
good title but what does it mean juliaThink,neither,0.027714020991394778,0.44250181187618626,0.5297841671324188
"Lol! I’m by Bardstown Road, we isn’t that far!!!",neither,0.03126577505175918,0.44589979291660325,0.5228344320316377
I wonder if she still has the knife?,neither,0.025554871595039986,0.43109342677279056,0.5433517016321695
"Still waiting on ""Dick & Johnson go down the ASMR rabbithole""",offensive_language,0.055659154351534144,0.7837694693710874,0.16057137627737852
@PreFightDonut Whoa... that is not a crossover I expect...,neither,0.04169675288175655,0.37089405912481294,0.5874091879934304
That Flipforce twitter suggestion sounded pretty rad,neither,0.036473494382726956,0.4301610872894739,0.5333654183277992
uh oh a westworld parody?!,neither,0.04643193976314166,0.26471338503087416,0.6888546752059841
@johndmcc Lol yeah I know that area too. I didn't think there was a fellow G&S fan for 50 miles. XD,neither,0.018936423625877722,0.41424993988587394,0.5668136364882482
!whodat,neither,0.03945320844208391,0.33037608806864915,0.630170703489267
"GM Sax Carr ( twitter.com/SaxCarr ), Hector Navarro ( twitter.com/Hectorisfunny ), Keller Knoblock ( twitter.com/KellerKnoblock ), with guest Marisha Ray ( twitter.com/Marisha_Ray ).",neither,0.0354768356827387,0.4706203538140062,0.4939028105032552
"@john_sparks_jr, agreed! I went to LCTC but, when I FINALLY got to go meet Matt Mercer, he closed up. I was so butt hurt!",neither,0.042198703375720556,0.4523392971481912,0.5054619994760883
Hello Everyone gandsLessthanthree,neither,0.03269494828970791,0.4450814005079928,0.5222236512022994
"@johndmcc Lexington Comic con?! I was there too! I saw him, but I didn't get to meet him either.",neither,0.031805563846954814,0.3450521762422103,0.6231422599108348
gandsGandSKiki gandsGandSKiki gandsGandSKiki gandsBeau gandsBeau gandsBeau,neither,0.03945320844208391,0.33037608806864915,0.630170703489267
@john_sparks_jr I’ve been watching G&S on PlutoTV (where I first found out about it) and then I finally found this,neither,0.02062384516054836,0.31702529034951965,0.6623508644899321
@john_sparks_jr yeah! Did you go to the Critter meetup?,offensive_language,0.041219598227627594,0.49598303956106427,0.4627973622113082
If gandsJohnson gandsDick start making sandwiches tonight...,neither,0.024246725003978703,0.3450499940561955,0.6307032809398258
"@johndmcc I didn't even know there WAS one, or I would have... damn...",offensive_language,0.029888694036694766,0.7242054078186053,0.24590589814469993
oh gosh no more sandwiches please,neither,0.04399816518931183,0.29750973629586397,0.6584920985148242
gandsDick gandsJohnson,neither,0.03945320844208391,0.33037608806864915,0.630170703489267
gandsGandSKiki gandsBeau gandsJohnson gandsDick gandsTheChief,neither,0.03945320844208391,0.33037608806864915,0.630170703489267
@john_sparks_jr awww poo! It was small but awesome. And it wasn’t very long.,neither,0.035604335126840615,0.31432472154595525,0.650070943327204
gandsJohnson gandsDick,neither,0.03945320844208391,0.33037608806864915,0.630170703489267
"@johndmcc NOt familiar with PlutoTV. I've been watching G&S off and on since literally the first show, the Lupis Livestream",neither,0.022308872658056002,0.2788605726706891,0.6988305546712549
Hello all! Marisha HYPE!!! gandsJohnson gandsBeau gandsDick,neither,0.041334507797783256,0.4057018882155827,0.5529636039866341
Tell me where to GO !,neither,0.04154262883796574,0.34020395666351305,0.6182534144985212
gandsSaxHype gandsSaxHype gandsSaxHype gandsSaxHype gandsSaxHype,neither,0.03945320844208391,0.33037608806864915,0.630170703489267
"@johndmcc Was a fan of Felicia way back when, so when she launched the channel, I was in.",neither,0.027874878740046453,0.46068496142962884,0.5114401598303248
"Hi Sax, Hector, Marisha and Keller!",neither,0.03870944257742205,0.292987672328244,0.6683028850943339
LOL,neither,0.020706217963973744,0.4882283491876925,0.4910654328483337
"@john_sparks_jr you can get it on the Fire stick, or Roku. It’s like a free tv watching thing. But, not major channels or anything",neither,0.045555679545564776,0.36651684826258757,0.5879274721918477
gandsHecBird late again,neither,0.03712367796572132,0.36991429984260715,0.5929620221916716
!djwiki,neither,0.03945320844208391,0.33037608806864915,0.630170703489267
"""The Dick and Johnson wikia, the most unsatisfying misclick on the Internet."" -Sax Carr 2017 #PutItInTheWiki http://dickandjohnson.wikia.com/wiki/The_Dick_and_Johnson_Wiki",neither,0.04705533552773973,0.46992134562560794,0.48302331884665234
"Hector *is* alive though, yea?",neither,0.04741222346898228,0.3308621772605016,0.6217255992705162
Hello all!,neither,0.04217753453783664,0.43734383323855475,0.5204786322236087
@john_sparks_jr same. I fell in love with her as Charlie on SPN. But. I always crushed on her,neither,0.004945844644364846,0.35052564222389526,0.6445285131317398
hi @japenrose,neither,0.03945320844208391,0.33037608806864915,0.630170703489267
"@johndmcc Oh okay, yeah never used Fire or anything, I literally watch EVERYTHING on my PC, I have my TV as a 2nd monitor.",neither,0.023706405383050855,0.46860838197171717,0.507685212645232
"Sax looks so happy about this game, and I can't blame him. gandsSaxHype gandsBeau",neither,0.03719339857031731,0.3206613043424326,0.64214529708725
who's the mustache guy with the dog sled?,neither,0.02931546601073848,0.3895269433762824,0.5811575906129791
confirmed - Sax only like Erika and nobody else,neither,0.040451064042036904,0.42726746194848975,0.5322814740094735
"@john_sparks_jr I think you can PlutoTV on the computer, as well",neither,0.048362450453565506,0.3860799782813122,0.5655575712651224
gandsJohnson gandsDick,neither,0.03945320844208391,0.33037608806864915,0.630170703489267
gandsLessthanthree gandsLessthanthree gandsLessthanthree,neither,0.03945320844208391,0.33037608806864915,0.630170703489267
