text,top_class,hate_speech,offensive_language,neither
"Good Wednesday @shidareAKI , Everyone",neither,0.03308870833616604,0.42926799388711456,0.5376432977767195
hey guys!,neither,0.03929207127355727,0.33311100635304525,0.6275969223733975
More Infinity talk tonight?,neither,0.02416105401353894,0.30719638414026756,0.6686425618461934
We have a subscriber-only Discord server! Join here: https://discord.gg/geekandsundry (you'll need to sub and link it to your Twitch) and be a part of the fun!...Warning: It can take up to an hour for the server to update and give you access to the channels,neither,0.08464076273808444,0.286394834032893,0.6289644032290227
gandsTWC gandsTWC,neither,0.03945320844208391,0.33037608806864915,0.630170703489267
he's a 4d shape,neither,0.046366429421143746,0.3279983143640371,0.6256352562148192
Bidet y’all! .o/. gandsTWC,offensive_language,0.046917543854519406,0.6277741405869331,0.3253083155585475
hey aki!!,neither,0.03945320844208391,0.33037608806864915,0.630170703489267
yayyy!!,neither,0.03945320844208391,0.33037608806864915,0.630170703489267
Shooowwww,neither,0.03945320844208391,0.33037608806864915,0.630170703489267
EEEEEEEEEEEEE ITS TIME,neither,0.028403263479439233,0.36615975061363926,0.6054369859069215
Taliesin is Gorgeous Eldritch ArchFae Overlord,neither,0.050886191836019265,0.3264437608131326,0.6226700473508482
yay!,neither,0.03945320844208391,0.33037608806864915,0.630170703489267
gandsTWC gandsTWC gandsTWC gandsTWC gandsTWC,neither,0.03945320844208391,0.33037608806864915,0.630170703489267
bidet,neither,0.03945320844208391,0.33037608806864915,0.630170703489267
gandsTWC gandsTWC gandsTWC gandsTWC,neither,0.03945320844208391,0.33037608806864915,0.630170703489267
hellloooo Wednesday Club!!,neither,0.03945320844208391,0.33037608806864915,0.630170703489267
so exciting,neither,0.03940934168832202,0.38195233036853654,0.5786383279431415
yaaaay,neither,0.03945320844208391,0.33037608806864915,0.630170703489267
wooooo,neither,0.03945320844208391,0.33037608806864915,0.630170703489267
Taliesin is fourth dimensional. You all are blind to the truth.,neither,0.08705738947342037,0.3577304555707749,0.5552121549558048
aayyy\,neither,0.03945320844208391,0.33037608806864915,0.630170703489267
@misssunflower94 perhaps it is part of our finite minds trying to grasp Eternity,neither,0.04862408026611802,0.3261306126202707,0.6252453071136113
Amy once upon a time swallowed the Enthusiasm Gem,neither,0.03838321847574226,0.33197153934179646,0.6296452421824613
I love Wednesdays,neither,0.03217296676969875,0.3657703709031763,0.602056662327125
hello,neither,0.03945320844208391,0.33037608806864915,0.630170703489267
Yay!,neither,0.03945320844208391,0.33037608806864915,0.630170703489267
Hi!,neither,0.03945320844208391,0.33037608806864915,0.630170703489267
Hi Wednesdaisies!!!,neither,0.03945320844208391,0.33037608806864915,0.630170703489267
"gandsTWC Hi Amy, Taliesin, and Matt!",neither,0.0388100252782571,0.29846695177565247,0.6627230229460904
!yay,neither,0.03945320844208391,0.33037608806864915,0.630170703489267
!schedule,neither,0.03945320844208391,0.33037608806864915,0.630170703489267
instagram fight?,neither,0.03747249391381031,0.3639939828664536,0.5985335232197361
gandsTWC gandsTWC gandsTWC gandsTWC gandsTWC,neither,0.03945320844208391,0.33037608806864915,0.630170703489267
Hugs for the hugs inclined,neither,0.03542907399106771,0.3037356387767809,0.6608352872321515
instagram fight!?!,neither,0.03747249391381031,0.3639939828664536,0.5985335232197361
YOUTHS!,neither,0.03945320844208391,0.33037608806864915,0.630170703489267
gandsTWC gandsTWC gandsTWC,neither,0.03945320844208391,0.33037608806864915,0.630170703489267
Hi lovely hosts! <3,neither,0.03945320844208391,0.33037608806864915,0.630170703489267
I love Amy's sweater!,neither,0.036921556861422684,0.34212340866012425,0.6209550344784531
omg Matt,neither,0.03945320844208391,0.33037608806864915,0.630170703489267
"Nice segway, Amy :D",neither,0.03945320844208391,0.33037608806864915,0.630170703489267
"Hey, everyone. The real question is that if Taliesin is a polymorphed cat, who polymorphed him in the first place?",neither,0.025680617408453777,0.4861256203653821,0.4881937622261642
Woo!!!,neither,0.03945320844208391,0.33037608806864915,0.630170703489267
cause reasons,neither,0.03735074554420552,0.3660603704365723,0.5965888840192222
gandsTWC gandsTWC gandsTWC,neither,0.03945320844208391,0.33037608806864915,0.630170703489267
god what a great start lmao,neither,0.04180761103253475,0.31865001594965586,0.6395423730178095
hello fellow kids,neither,0.03945320844208391,0.33037608806864915,0.630170703489267
!ocr,neither,0.03945320844208391,0.33037608806864915,0.630170703489267
what are kids?,neither,0.0974388118194574,0.2559224826740807,0.646638705506462
"We most likely don't know what the exact song that's playing is, but chances are it's from OverClocked ReMix! ocremix.org",neither,0.05370311096414692,0.31815031989144693,0.6281465691444061
Kids: Yes or No?,neither,0.038502348940417666,0.34651465535748005,0.6149829957021022
in sta gram is for the children,neither,0.039872958628040446,0.296577686073339,0.6635493552986206
sup chief!,neither,0.03945320844208391,0.33037608806864915,0.630170703489267
Taliesin has less hair!,neither,0.03990409734202871,0.3227233267103256,0.6373725759476456
To be fair I don't understand it much either,neither,0.04050295307636896,0.3318675561773257,0.6276294907463054
"Download the new Critical Role theme song for Campaign Two! http://itunes.apple.com/album/id1331550250?ls=1&app=itunes Sales of the song support the musician, Jason Charles Miller.",neither,0.04445767596344001,0.2510827790306858,0.7044595450058742
double Amys!,neither,0.03945320844208391,0.33037608806864915,0.630170703489267
2 amies!?!?!,neither,0.03945320844208391,0.33037608806864915,0.630170703489267
lol,neither,0.020706217963973744,0.4882283491876925,0.4910654328483337
gandsTWC gandsTWC gandsTWC gandsTWC gandsTWC gandsTWC gandsTWC,neither,0.03945320844208391,0.33037608806864915,0.630170703489267
Taliesin is an enigma wrapped in a mystery shrouded in a quandry.,neither,0.04777597190504906,0.3224260853278788,0.6297979427670721
The art you can find on your favorite comic creators gram pages is pretty fab,neither,0.07049578701604091,0.2942964751306515,0.6352077378533075
Double Amy Double the Fun!,neither,0.03887647193685981,0.319916657379756,0.6412068706833841
soon we will all be amy dallen,neither,0.04271435737005443,0.37787214001039077,0.5794135026195548
gandsHype gandsHype gandsHype gandsHype gandsHype gandsHype gandsHype gandsHype gandsHype gandsHype gandsHype,neither,0.03945320844208391,0.33037608806864915,0.630170703489267
Free Amy Dallen!,neither,0.03945320844208391,0.33037608806864915,0.630170703489267
2 Amy Dallens for the price of 1,neither,0.03370910039639223,0.29235002181011444,0.6739408777934933
"tal have a new haircut? love the hair, i gotta figure out how to get my hair so silky",neither,0.03350936690321627,0.3744673033140723,0.5920233297827115
Soon this will be an all-Amy Dallen webshow.,neither,0.042951338293404966,0.37050223442638175,0.5865464272802132
All the amy dallen,neither,0.040268850094874374,0.39281163065459906,0.5669195192505265
"I want an Amy Dallen card, where do I get one?",neither,0.041299662173527624,0.32951603033320853,0.6291843074932638
Those dang chillins and their com-poo-tors!,neither,0.05897629392428734,0.23981069338921315,0.7012130126864995
gandsHappy,neither,0.03945320844208391,0.33037608806864915,0.630170703489267
Enthusiarmy!,neither,0.03945320844208391,0.33037608806864915,0.630170703489267
Can I be Amy Dallen?,neither,0.04029801261114919,0.32938458536093385,0.6303174020279169
Can I be Amy Dallen?,neither,0.04029801261114919,0.32938458536093385,0.6303174020279169
"Amy Dallen cards are not punched, they are hugged",neither,0.07143030371034721,0.2781805824658898,0.6503891138237631
I looooove Amy's sweater!!,neither,0.03945320844208391,0.33037608806864915,0.630170703489267
"No, Taliesin is a pyramid",neither,0.0593320852302512,0.35597755390269653,0.5846903608670523
Fir we are many,neither,0.0645973212201326,0.2887131799927693,0.6466894987870981
All Amy all the time,neither,0.04074719405573413,0.472212427665865,0.4870403782784007
And I'm Damy Allen.,neither,0.03849532262610919,0.28064596753809684,0.680858709835794
"kids, what are they? we just don't know",neither,0.06642295097508187,0.30424484807547425,0.6293322009494439
We Are All Amy Dallen,neither,0.07126449310481539,0.3591889823863718,0.5695465245088128
Yay!!! very excited to talk about this,neither,0.028746463059838127,0.3544333186403122,0.6168202182998497
we're all getting uploaded into the amy matrix,neither,0.04854808519449804,0.3965992906006698,0.5548526242048322
#NoPunchingAmy,neither,0.03945320844208391,0.33037608806864915,0.630170703489267
And Tal is wearing the Dalen's closet shirt. Close enough?,neither,0.04321979781514377,0.29541973933099946,0.6613604628538569
"Bless you, Tal and Matt",neither,0.05067630656733453,0.33069217084480035,0.618631522587865
ROFL Busteeeeeeed!,neither,0.03945320844208391,0.33037608806864915,0.630170703489267
!spoilers,neither,0.03945320844208391,0.33037608806864915,0.630170703489267
"Spoilers suck. Please don't post them in chat for those who haven't experienced this yet. Spoilers will be mercilessly smited, be they real or fake.",neither,0.06583532000113067,0.3641718040332324,0.5699928759656369
for we are many,neither,0.06413569413826911,0.2379746753802376,0.6978896304814933
Amy Dallen is the Pumat Sol of TWC,neither,0.04776561993727717,0.3092231205060549,0.6430112595566679
Such a good movie!!!,neither,0.041664752254639746,0.2792843057127445,0.6790509420326158
There's exciting movies? where?,neither,0.040861714926306726,0.26887192746312355,0.6902663576105698
gandsTrinketArmor No Spoilers Chat,neither,0.03835412258411806,0.34903044346384865,0.6126154339520333
Today is my 25th wedding anniversary and we are celebrating in Disney world,neither,0.0477475619589092,0.3176310062872125,0.6346214317538783
gandsHappy gandsHappy,neither,0.03945320844208391,0.33037608806864915,0.630170703489267
Dynot,neither,0.03945320844208391,0.33037608806864915,0.630170703489267
"QUESTION: I just want to know, is Talisen a Pyramid?",neither,0.05068865182455134,0.34105414276597584,0.6082572054094728
Insta-Grahams... Amy has gone too deep into Daventry and KQ games....,neither,0.039023209636511784,0.30759491074895834,0.6533818796145299
"Help G&S make great content! $4.99/month gets you emotes, Minecraft server access, sub-only VODs, and more! Every sub keeps the channel alive! twitch.tv/geekandsundry/subscribe",neither,0.043907990691603095,0.31135964332838284,0.644732365980014
hey,neither,0.03945320844208391,0.33037608806864915,0.630170703489267
we're looking into THE FUTURE!,neither,0.055607711503360656,0.2908288738120139,0.6535634146846254
amydFocus gandsPercy,neither,0.03945320844208391,0.33037608806864915,0.630170703489267
I havent seen Infinity War so ty mods! <3,neither,0.03942103425399592,0.3587059996705413,0.6018729660754627
"Holy shit, Avengers tomorrow night for me",offensive_language,0.034108206079556544,0.9491389186296351,0.01675287529080843
crap spoilers closing chat,neither,0.03945320844208391,0.33037608806864915,0.630170703489267
Better put it in sub mode than.,neither,0.038052897321727015,0.33653002322669223,0.6254170794515808
ooooh we got charts!,neither,0.037966259664269635,0.38070101240169824,0.5813327279340321
:),neither,0.03945320844208391,0.33037608806864915,0.630170703489267
Tal talking about it so much got me to read the wicked and the divine,neither,0.03258177124687277,0.37571276934609427,0.591705459407033
I love when Amy talks about the industry!,neither,0.029478007449935922,0.37977492546387226,0.5907470670861917
@philbe63 Congrats!!,neither,0.03945320844208391,0.33037608806864915,0.630170703489267
D:,neither,0.03945320844208391,0.33037608806864915,0.630170703489267
https://clips.twitch.tv/AmazonianBenevolentNikudonRedCoat,neither,0.03945320844208391,0.33037608806864915,0.630170703489267
!spoilers Matt!,neither,0.03945320844208391,0.33037608806864915,0.630170703489267
"Spoilers suck. Please don't post them in chat for those who haven't experienced this yet. Spoilers will be mercilessly smited, be they real or fake.",neither,0.06583532000113067,0.3641718040332324,0.5699928759656369
this is the best Stats class I'll ever take,neither,0.04383817125367704,0.3128567947490366,0.6433050339972864
NotLikeThis Oh no,neither,0.04751210705993949,0.26629718932274826,0.6861907036173122
gandsOne gandsOne gandsOne,neither,0.03945320844208391,0.33037608806864915,0.630170703489267
LUL,neither,0.03945320844208391,0.33037608806864915,0.630170703489267
bye matt,neither,0.03945320844208391,0.33037608806864915,0.630170703489267
LUL,neither,0.03945320844208391,0.33037608806864915,0.630170703489267
oh my god. poor Matt,neither,0.033645456514943974,0.3614611367790419,0.6048934067060141
lololol,neither,0.03945320844208391,0.33037608806864915,0.630170703489267
meh,neither,0.03945320844208391,0.33037608806864915,0.630170703489267
Hallo Wednesdaisies!,neither,0.03945320844208391,0.33037608806864915,0.630170703489267
"QUESTION: No but really I just want to know, is Talisen a Pyramid?",neither,0.04436984923581004,0.36042613237614635,0.5952040183880436
awww no we love you Matt,neither,0.048745039729760714,0.39355875782686917,0.55769620244337
I feel like this now justifies that I'm not doing my stats work,neither,0.033855605670196576,0.43863398035478834,0.5275104139750151
oh man i think i need a hug,neither,0.04506232114071985,0.3319185796192258,0.6230190992400545
"Oh that's wonderful, Matt <3",neither,0.040429330068334345,0.3235623790423193,0.6360082908893462
heyyy @cinphoria !,neither,0.03945320844208391,0.33037608806864915,0.630170703489267
"Please, no spoilers for ""Infinity Wars"", real or fake",neither,0.03071456557549551,0.3944123192284316,0.5748731151960729
I was surprised to see Headlopper at Barnes and Noble last time I went. They sometimes dip their toes into the fringes.,neither,0.04080334379473149,0.3229076935166068,0.6362889626886618
So cool Matt!,neither,0.03941027233210229,0.3784569671228185,0.5821327605450792
omg,neither,0.03945320844208391,0.33037608806864915,0.630170703489267
Hugs for the hug inclined @AromiaFlyce,neither,0.03454421066142405,0.2978767114667817,0.6675790778717943
ahahahaha,neither,0.03945320844208391,0.33037608806864915,0.630170703489267
chief pls,neither,0.03945320844208391,0.33037608806864915,0.630170703489267
woohooo for Matt,neither,0.03230642378606592,0.2947176413993014,0.6729759348146326
,neither,0.03945320844208391,0.33037608806864915,0.630170703489267
nice norse mythology/comics jokes!,neither,0.03945320844208391,0.33037608806864915,0.630170703489267
:-) gandsTheChief,neither,0.03945320844208391,0.33037608806864915,0.630170703489267
BibleThump So Proud,neither,0.03940891918231556,0.39901618723081084,0.5615748935868736
gandsTWC gandsTWC @feathersflight,neither,0.03945320844208391,0.33037608806864915,0.630170703489267
the old new gods,neither,0.04303408889050491,0.18089068057058122,0.7760752305389139
Freya is Vanir,neither,0.081172750358939,0.3160268245287109,0.60280042511235
yay Matt!,neither,0.03945320844208391,0.33037608806864915,0.630170703489267
You're thinking Anaheim,neither,0.11326211275356031,0.35218829382088745,0.5345495934255522
old... gods?,neither,0.03945320844208391,0.33037608806864915,0.630170703489267
the new old gods,neither,0.04303408889050491,0.18089068057058122,0.7760752305389139
The old new old gods,neither,0.04194545607032461,0.23060259793101903,0.7274519459986564
QUESTION: Do Tal's socks match?,neither,0.04042697969368474,0.3300411634823561,0.6295318568239591
"c'mon, Matt! you KNOW you are and shall always be a Key component of TWC",neither,0.08031296783873688,0.3687243092631192,0.5509627228981437
the vanyr are from vanahiem,neither,0.09965054901475956,0.18862994878073125,0.7117195022045092
Hugs for the hug inclined,neither,0.03454421066142405,0.2978767114667817,0.6675790778717943
"The old gods are from Anaheim, ask Taliesin",neither,0.07145194264872112,0.23975791201974542,0.6887901453315336
"meet the new gods, same as the old gods",neither,0.040067776605473594,0.2598277330946099,0.7001044902999165
gandsTWC gandsTWC @phoenixgoth,neither,0.03945320844208391,0.33037608806864915,0.630170703489267
"Meet the new gods, same as the old gods",neither,0.040067776605473594,0.2598277330946099,0.7001044902999165
can we go back Sesame Street: Infinity War,neither,0.040263827251393276,0.33164041611635847,0.6280957566322484
"""Not important.""",neither,0.037689472563959416,0.3370314327810513,0.6252790946549892
Niiiiiiice,neither,0.03945320844208391,0.33037608806864915,0.630170703489267
@GreyAngel sometimes,neither,0.03945320844208391,0.33037608806864915,0.630170703489267
"There are nine worlds in Norse Mythology, they are called Niflheim, Muspelheim, Asgard, Midgard, Jotunheim, Vanaheim, Alfheim, Svartalfheim, Helheim. The nine worlds in Norse mythology are held in the branches and roots of the world tree Yggdrasil.",neither,0.06076060366508817,0.2537816341714483,0.6854577621634635
Erika is so full of energy that at 3 AM she'll be at normal energy levels,neither,0.050120143304577106,0.430942769435917,0.5189370872595059
QUESTION: How do you think the trade mainstream comic books like Sunny Side Up and Ghosts will affect traditional comic industry actions? it's so much easier to buy the trades from our library distributers!,neither,0.046203858971576646,0.3520944679203523,0.6017016731080711
Woo!,neither,0.03945320844208391,0.33037608806864915,0.630170703489267
Drawves are from vanaheim,neither,0.11159922374361635,0.202521915145033,0.6858788611113507
Old gods. So old. Old as balls.,offensive_language,0.04246430065306267,0.48352729810582024,0.47400840124111704
The Interstitial Intermission Intervention would be a good Middleman episode,neither,0.03767261387594026,0.3120599232138269,0.6502674629102327
So everyone is going to be awake for Age of Ultron if Erika is introducing it.,neither,0.03185415996388234,0.43435938816953806,0.5337864518665796
Erika is like a perpetual motion dynamo,neither,0.056810984928944784,0.3407840140570099,0.6024050010140454
Umbral part DOOOOS,neither,0.03945320844208391,0.33037608806864915,0.630170703489267
It's old magic.,neither,0.03780849926804148,0.33094177897273247,0.631249721759226
Weave Society is next and Awesome.,neither,0.04426845545245829,0.3078399602452722,0.6478915843022696
I'm so tired,neither,0.039409854653143256,0.40323008181050174,0.557360063536355
gandsHappy gandsHappy gandsHappy gandsHappy gandsHappy gandsHappy gandsHappy gandsHappy,neither,0.03945320844208391,0.33037608806864915,0.630170703489267
Vanir Gods are from Vanaheim,neither,0.11159922374361635,0.202521915145033,0.6858788611113507
Number 3!!!!!,neither,0.03945320844208391,0.33037608806864915,0.630170703489267
Question: Can Tal do a Dr. Lizardo Cosplay sometime in the future?,neither,0.03985767840581874,0.31896396347657724,0.641178358117604
Whoa!,neither,0.03945320844208391,0.33037608806864915,0.630170703489267
PHYSICAL WHEN?,neither,0.028273516521338353,0.38809103930686895,0.5836354441717927
PogChamp But i'm so broke lol NotLikeThis,neither,0.026189003301398922,0.478067034146087,0.4957439625525141
so proud yall,neither,0.03757937282839194,0.41513452550556673,0.5472861016660414
NotLikeThis riPepperonis RIP My Wallet,neither,0.028928918208007266,0.41168966351837427,0.5593814182736184
Damn I still need to get a copy,offensive_language,0.05031306519078891,0.7712019901988817,0.17848494461032932
Everything Critical Role deserves fame!,neither,0.03945320844208391,0.33037608806864915,0.630170703489267
so awesome,neither,0.03940831064796619,0.39344133035444445,0.5671503589975895
gandsHappy gandsHappy gandsLessthanthree gandsLessthanthree,neither,0.03945320844208391,0.33037608806864915,0.630170703489267
*chanting* Number 3! Number 3! Number 3!,neither,0.03945320844208391,0.33037608806864915,0.630170703489267
It's tearin' up the charts when I'm with you!,offensive_language,0.02827088990561181,0.48808671994358027,0.48364239015080807
lets get it to #1,neither,0.044501043856726534,0.354884941989243,0.6006140141540306
!questions,neither,0.03945320844208391,0.33037608806864915,0.630170703489267
simple man with simple needs haha,neither,0.030036862460686563,0.4367565469091931,0.5332065906301203
"To make it easier to read questions in chat, please preface your questions with the word question in all caps. For example, QUESTION: How are you today?",neither,0.06209713493468228,0.3342013724685751,0.6037014925967426
Keep forgetting to pick up Action 1000,neither,0.04549679948278744,0.3101388707385679,0.6443643297786447
!topics,neither,0.03945320844208391,0.33037608806864915,0.630170703489267
merch idea: amy dallen punchcard key chain,neither,0.03945320844208391,0.33037608806864915,0.630170703489267
"To make it easier to read the five-minute topic suggestions in chat, please preface your suggestions with the word topic in all caps. For example, TOPIC: I think so and so would be great for this role.",neither,0.04149502028580888,0.331123278479518,0.6273817012346732
"A lot of people watching are going, ""Mood, Taliesin. Mood.""",neither,0.07279626446899701,0.3174901416267657,0.6097135939042374
Daily Wednesday times!!!,neither,0.03945320844208391,0.33037608806864915,0.630170703489267
huzzah!,neither,0.03945320844208391,0.33037608806864915,0.630170703489267
wootwoot,neither,0.03945320844208391,0.33037608806864915,0.630170703489267
Tea,neither,0.03945320844208391,0.33037608806864915,0.630170703489267
Huzzah!,neither,0.03945320844208391,0.33037608806864915,0.630170703489267
!twc,neither,0.03945320844208391,0.33037608806864915,0.630170703489267
"Here are some handy The Wednesday Club resources! TWC Reddit: reddit.com/r/WednesdayClub/ | Discord: https://discord.gg/6QK9fVB | Wednesday Club Fanclub on Facebook: facebook.com/groups/1945232949091586/ | Send in your thoughts, comic recommendations, questions, and more to Matt, Amy, and Taliesin at thewednesdayclub@geekandsundry.com",neither,0.05001524745118048,0.31503641584425707,0.6349483367045624
I was making a bad joke but also the new God of War is making me really wanna deep dive into Norse mythology stuff again,neither,0.03756478933674762,0.3093925284835974,0.653042682179655
hey yall!,neither,0.0373829100190767,0.36551445535541816,0.5971026346255053
gandsTWC gandsTWC,neither,0.03945320844208391,0.33037608806864915,0.630170703489267
i love how coordinated they are,neither,0.07508565887688999,0.28224329933153697,0.6426710417915732
All y'all wednesdaisies!,offensive_language,0.046917543854519406,0.6277741405869331,0.3253083155585475
Time to have all of the feelings!,neither,0.04555696556728207,0.412724555012117,0.5417184794206009
I cant wait for that trade of the Vox Machina books,neither,0.03205020352184395,0.32777228687385807,0.640177509604298
BibleThump I'm ready to cry,neither,0.04801664043149446,0.32541311421351515,0.6265702453549905
gandsTWC gandsTWC gandsTWC,neither,0.03945320844208391,0.33037608806864915,0.630170703489267
"I was gonna send mine in today, but I remembered I forgot to write a letter",neither,0.03961335560827708,0.349495011194128,0.6108916331975948
the most supreme of salutations nice,neither,0.038650600381626654,0.3157331898184894,0.645616209799884
Heeroo Everybody! gandsTWC,neither,0.03945320844208391,0.33037608806864915,0.630170703489267
Day of Weds & Nes,neither,0.04044585358091327,0.30093875473154474,0.6586153916875419
#Tea4Key,neither,0.03945320844208391,0.33037608806864915,0.630170703489267
I'm loving all the alliteration,neither,0.040365923844421184,0.3996153911151677,0.5600186850404112
@axelobo Oh awesome! Tolkien has some awesome writings on Norse mythology!,neither,0.03596924761216855,0.3133153824581935,0.650715369929638
That is an excellent way to begin,neither,0.04815209661346162,0.35307230968765996,0.5987755936988784
2/3,neither,0.03945320844208391,0.33037608806864915,0.630170703489267
"""We are..."" ""...all punchy!"" <3",neither,0.10629901295492546,0.3812499397304359,0.5124510473146386
,neither,0.03945320844208391,0.33037608806864915,0.630170703489267
"@japenrose I need to read those, I read his Beowulf stuff",neither,0.08619516237480586,0.27744047404131406,0.6363643635838802
I'm loving this person's word choices,neither,0.039381469158523516,0.33159369093528007,0.6290248399061965
wait free stuff!?!,neither,0.03945320844208391,0.33037608806864915,0.630170703489267
PogChamp,neither,0.03945320844208391,0.33037608806864915,0.630170703489267
"yeeeees, Amy",neither,0.03945320844208391,0.33037608806864915,0.630170703489267
I feel like Taliesin added more bright blue to his hair,neither,0.07515502185470117,0.3316797131812063,0.5931652649640925
"@phoenixgoth It's good, it's epic poetry style!",neither,0.037093156328869836,0.3311878182119951,0.631719025459135
A much needed psa @shidareAKI,neither,0.036042159646933726,0.331549304164999,0.6324085361880672
whoaaaaaa,neither,0.03945320844208391,0.33037608806864915,0.630170703489267
@shidareAKI come to NY we have rain and cold weather still,neither,0.04112535850786536,0.33621584158648804,0.6226587999056465
PogChamp Netflix Remake Never Ending Story,neither,0.03675774418202918,0.3576448850342604,0.6055973707837103
is this daisy in chat?,neither,0.04963864017043276,0.32876631937268624,0.621595040456881
That is was 80's,neither,0.043890744147715,0.37782196572350446,0.5782872901287806
"and with comics it truely is a never ending story, because the rabbit hole is so soooo deep",neither,0.0374711196334037,0.35774010763312214,0.6047887727334741
@artistsomeday I think he's doing that peacock thing he tried and failed to explain to a small child :P,neither,0.05096426525550458,0.3196811446498114,0.629354590094684
I always want to congrats daisies when they're in chat,neither,0.04752604707514273,0.38100213871572225,0.571471814209135
@Fizonafan I care about you guys!,neither,0.058288888587918725,0.42844399382621434,0.513267117585867
@japenrose I need to find those x3,neither,0.07522761662211011,0.18756245235245436,0.7372099310254355
@cinphoria omg.,neither,0.03945320844208391,0.33037608806864915,0.630170703489267
We believe in you Amy Dallen,neither,0.0555003827992603,0.378832810476757,0.5656668067239826
#scripted lol,neither,0.031120645729857982,0.3912535864736078,0.5776257677965343
Taliesin your hair IS excellent,neither,0.08462537719949433,0.31691075692104753,0.598463865879458
tal no,neither,0.03852177801590115,0.3461848932406789,0.6152933287434199
QUESTION: It's much easier for schools to purchase comic books like Raina's through our pre approved government-discounted vendors. Image has started marketing directly to schools as well and is doing really well! Do you think the big comic publishers will find ways to spread their distribution out?,neither,0.045225567941132354,0.3126225232855516,0.642151908773316
"Of course you are, Taliesin.",neither,0.12127270349947397,0.32444539587837345,0.5542819006221525
its true taliesin,neither,0.03119883042707529,0.33321514717748796,0.6355860223954367
"@cljedi treasure it while you can, the first circle of hell is on the horizon",offensive_language,0.045740341434503305,0.5867253469204425,0.3675343116450541
Indeed,neither,0.03945320844208391,0.33037608806864915,0.630170703489267
Oh hi tumbler,neither,0.04645180976672622,0.26453612080258093,0.689012069430693
@misssunflower94 they are calling you out,neither,0.10253094904252731,0.349780962444159,0.5476880885133136
@japenrose speaking of Tolkien I kinda wanna also dive into the silmarillion since someone gave a good rec for it,neither,0.0349973317737389,0.30756722706697276,0.6574354411592883
but your hair IS excellent,neither,0.07620932345306615,0.327651402184798,0.5961392743621359
Taliesin Jaffe hair is Awesome,neither,0.04908561075348343,0.3270630632141471,0.6238513260323695
lol,neither,0.020706217963973744,0.4882283491876925,0.4910654328483337
I mean it's true tho Taliesin,neither,0.03370724264919427,0.34060576898786205,0.6256869883629437
JANE! \o/ is this our mod Jane?,neither,0.04443456018425725,0.3296434619266391,0.6259219778891038
oh hai tumblr,neither,0.045551730371242716,0.27262385067210176,0.6818244189566555
can confirm my tumblr is run by Taliesin,neither,0.0370078604173898,0.4211226029676528,0.5418695366149575
"@shidareAKI I was just out here in Io-way and thinking it would be a few short weeks before it will be uncomfortably hot again, yay, ""moderate climates""",neither,0.04687134621382672,0.34647392375264174,0.6066547300335317
@jessieleaf shhhhhhhhh,neither,0.03945320844208391,0.33037608806864915,0.630170703489267
@cinphoria I think so too but I feel like he added more blue so there wasn't so much teal,neither,0.04493587079840111,0.3875438553975679,0.5675202738040309
OH HEY THATS ME!!,neither,0.03647131202211006,0.3185684122635573,0.6449602757143327
That is an AMAZING class.,neither,0.04360411640835894,0.36328851325541617,0.5931073703362248
"@axelobo Also good, from what I've heard too!",neither,0.023544177800725232,0.30002934494178424,0.6764264772574906
Jane🙌,neither,0.03945320844208391,0.33037608806864915,0.630170703489267
IT IS OUR JANE,neither,0.046351284201171815,0.3280035234996786,0.6256451922991495
wooo,neither,0.03945320844208391,0.33037608806864915,0.630170703489267
That sounds amazing!,neither,0.035346433208694863,0.3750897675579955,0.5895637992333097
New theory: Taliesin is intentionally planting all of those tumblr theories about his true nature to get us further away from the truth.,neither,0.10346604185548508,0.2681950381784502,0.6283389199660646
@Deathstar_Taco RIP,neither,0.03945320844208391,0.33037608806864915,0.630170703489267
HI JANE!,neither,0.03945320844208391,0.33037608806864915,0.630170703489267
yay @sp_acevex !!,neither,0.03945320844208391,0.33037608806864915,0.630170703489267
@Alexanderhero83 pretty much like always,neither,0.044408049414399894,0.41854623786561307,0.5370457127199871
I'm a fan of this letter,neither,0.03936033822699384,0.33195233799067536,0.6286873237823308
That sounds amazing omg,neither,0.03588723125063112,0.3691068316683699,0.595005937080999
it me!,neither,0.020928709296978248,0.4277646322666584,0.5513066584363633
that's a great topic!,neither,0.033868414439714785,0.34636661404613067,0.6197649715141547
YAAAY,neither,0.03945320844208391,0.33037608806864915,0.630170703489267
This is a very sweet letter!,neither,0.04638569283808427,0.3293266551993267,0.6242876519625891
it's @sp_acevex !,neither,0.034373745257138544,0.33212314837979673,0.6335031063630647
Way to go @sp_acevex!!,neither,0.05349612215669351,0.331681186666869,0.6148226911764375
no it was last week!,neither,0.03684983004163172,0.34891014236269174,0.6142400275956765
This is amazing! Yay @sp_acevex!,neither,0.04728150384016448,0.32917619922132496,0.6235422969385105
!timer,neither,0.03945320844208391,0.33037608806864915,0.630170703489267
ohh Gratz grats @sp_acevex,neither,0.03945320844208391,0.33037608806864915,0.630170703489267
@sp_acevex !!!!!,neither,0.03945320844208391,0.33037608806864915,0.630170703489267
That sounds great!,neither,0.03314936193798386,0.34889670225266706,0.6179539358093491
@sp_acevex congratulations on conning your college into paying for you to see Black Panther ;),neither,0.09334237923112686,0.32288371921844866,0.5837739015504244
Facts!!!!,neither,0.03945320844208391,0.33037608806864915,0.630170703489267
I DID IT! THEY WERENT CONFUSED AT ALL!,neither,0.03903613412473716,0.4080366933483819,0.552927172526881
http://www.wheniscriticalrole.com/ <<< countdown clock at this site.,neither,0.036659707098952145,0.2726517477080504,0.6906885451929975
@sp_acevex I hope the presentation went well!,neither,0.06892370216520696,0.2218614225531555,0.7092148752816375
I mean you don't get more influential than Superman. Its an obvious Christ allegory.,neither,0.04470179077332814,0.3574842271266589,0.5978139821000131
I'm glad it went well! :D,neither,0.03794993904564441,0.3308931313474086,0.6311569296069469
Is your dad a pyramid?!,neither,0.11834997232517427,0.30659484438396367,0.575055183290862
LUL,neither,0.03945320844208391,0.33037608806864915,0.630170703489267
this is so cool,neither,0.05124439864023613,0.39204888809969735,0.5567067132600664
@sp_acevex Awesome,neither,0.03945320844208391,0.33037608806864915,0.630170703489267
lol,neither,0.020706217963973744,0.4882283491876925,0.4910654328483337
@sp_acevex Hooray!,neither,0.03945320844208391,0.33037608806864915,0.630170703489267
@cinphoria i think you're metting mixaphors,neither,0.1424730481392475,0.33859500602770365,0.5189319458330488
the awkward stares was perfect,neither,0.038677258057006836,0.3194477264334039,0.6418750155095893
@phoenixgoth shhhhhhhhh,neither,0.03945320844208391,0.33037608806864915,0.630170703489267
I love this so much!!!!,neither,0.030554670301820085,0.4160811300226451,0.5533641996755347
Jane's dad being Clark Kent explains everything,neither,0.03590567262550475,0.35060410639904543,0.6134902209754498
@sp_acevex this is so cool!,neither,0.05124439864023613,0.39204888809969735,0.5567067132600664
@sp_acevex that's awesome!!! I hope your presentation went well!!,neither,0.09185313161612976,0.268418215880748,0.6397286525031223
@sp_acevex Awesome awesome facts you found! These are awesome!,neither,0.06530515227165003,0.3633211314402452,0.5713737162881048
@sp_acevex is infact superkid,neither,0.081172750358939,0.3160268245287109,0.60280042511235
Awe Little nemo,neither,0.03919490965481216,0.3347600925947687,0.6260449977504192
TOPIC: For some reason punching comics are far easier to find than dancing ones. Pitch the revolutionary title that would turn the tide.,neither,0.043365827842775276,0.27709736932609563,0.6795368028311292
love me some Windsor McCay,neither,0.023946575721904208,0.3935288601391069,0.5825245641389889
the movies neat too,neither,0.03845938198512222,0.3199497149683208,0.641590903046557
My Intro to Religion professor in college had us learn about the Hero's Cycle via Luke Skywalker/ Star Wars,neither,0.051875024659697094,0.25923341953498513,0.6888915558053179
@sp_acevex I hope it went well. That course sounds so interesting,neither,0.05863142126972564,0.30957496273099616,0.6317936159992783
my presentation went really well!,neither,0.0300647999654755,0.40199376068552467,0.5679414393489997
Coffee 🤔 ? OR Tea 🤔 ? Dun Dun Dun i need a gif,neither,0.04316723072607941,0.2654555784541168,0.6913771908198038
YAY!,neither,0.03945320844208391,0.33037608806864915,0.630170703489267
huzzah!,neither,0.03945320844208391,0.33037608806864915,0.630170703489267
yaaaay,neither,0.03945320844208391,0.33037608806864915,0.630170703489267
Yay @sp_acevex !,neither,0.03945320844208391,0.33037608806864915,0.630170703489267
Congrats @sp_acevex ! I'm so glad it went well!,neither,0.038241001958059025,0.36823390266784123,0.5935250953740998
YAy,neither,0.03945320844208391,0.33037608806864915,0.630170703489267
Yay,neither,0.03945320844208391,0.33037608806864915,0.630170703489267
@Deathstar_Taco That's how I explained the Hero's Cycle to my 10th grade classmates! :D,neither,0.034127109502851305,0.383950557275879,0.5819223332212696
@sp_acevex yay! Huzzah,neither,0.03945320844208391,0.33037608806864915,0.630170703489267
Time travel letter! like comics!,neither,0.04586954015581845,0.3549473626730431,0.5991830971711385
pennyBwomp pennyBwomp pennyBwomp,neither,0.03945320844208391,0.33037608806864915,0.630170703489267
@Deathstar_Taco was that at SAGU,neither,0.031256296349789554,0.4482884981622197,0.5204552054879908
Yay!,neither,0.03945320844208391,0.33037608806864915,0.630170703489267
@jesta578 coffee tea,neither,0.050023038560297495,0.15097848590410026,0.7989984755356023
Uay!,neither,0.03945320844208391,0.33037608806864915,0.630170703489267
hooray!,neither,0.03945320844208391,0.33037608806864915,0.630170703489267
Yay for being successful!,neither,0.030572621513090713,0.32804555265545166,0.6413818258314576
Yay!,neither,0.03945320844208391,0.33037608806864915,0.630170703489267
Did Taliesin steal his shirt from Amy's house?,neither,0.05811411184889745,0.3194438081558319,0.6224420799952707
Yay,neither,0.03945320844208391,0.33037608806864915,0.630170703489267
gandsOwlbear,neither,0.03945320844208391,0.33037608806864915,0.630170703489267
Does it feature trunks?,neither,0.02724844132914721,0.43633836065753084,0.536413198013322
yay,neither,0.03945320844208391,0.33037608806864915,0.630170703489267
In tents Wednesday Club!!! Show while Camping!!,neither,0.04846781480843276,0.283956806606677,0.6675753785848904
oh Matt you can do it,neither,0.06411201712297726,0.3210667357164022,0.6148212471606205
