text,top_class,hate_speech,offensive_language,neither
always,neither,0.03557448528484342,0.4519132619047061,0.5125122528104504
Let's weave!,neither,0.021617883238538308,0.3709251056580786,0.6074570111033831
woot!,neither,0.03945320844208391,0.33037608806864915,0.630170703489267
Erika has dressed the part,neither,0.03896090141699099,0.3077747967550814,0.6532643018279277
"Looking LOVELY tonight, Erika! @GeekandSundry",neither,0.03685961237575699,0.308657648523202,0.6544827391010409
gandsClassic gandsClassic gandsClassic gandsHype gandsHype gandsHype,neither,0.03945320844208391,0.33037608806864915,0.630170703489267
gandsHype gandsHype gandsHype gandsHype gandsHype,neither,0.03945320844208391,0.33037608806864915,0.630170703489267
"Ooh, perfect timing!",neither,0.03945320844208391,0.33037608806864915,0.630170703489267
gandsHype gandsHype gandsHype gandsHype gandsHype gandsHype gandsHype gandsHype gandsHype gandsHype gandsHype gandsHype,neither,0.03945320844208391,0.33037608806864915,0.630170703489267
HIIIIIIIII ERIKA,neither,0.03945320844208391,0.33037608806864915,0.630170703489267
Blondie says Hi Erika!,neither,0.03945320844208391,0.33037608806864915,0.630170703489267
HooraY!,neither,0.03945320844208391,0.33037608806864915,0.630170703489267
"What, A Look™",neither,0.05506508618439775,0.32109269991049305,0.6238422139051091
"Erika, all the love from Blondie!",neither,0.03770542654177155,0.4088370284834569,0.5534575449747716
Hey Chat and @GeekandSundry !,neither,0.038589712668144205,0.2862141593850597,0.6751961279467961
Gosh Erika looks phenomenal tonight,neither,0.037414848812145754,0.3133071269572963,0.6492780242305579
ohhh Whitney has ears cute,neither,0.04128535943066969,0.29927970425928985,0.6594349363100406
hello all!,neither,0.04217753453783664,0.43734383323855475,0.5204786322236087
"Gremlins, mist, and Shade Cats FTW",neither,0.04136571270147193,0.18965995776545727,0.7689743295330708
chilling until I turn into a pumpkin,neither,0.03945320844208391,0.33037608806864915,0.630170703489267
Hi @misssunflower94,neither,0.03945320844208391,0.33037608806864915,0.630170703489267
also that Ek dress gandsHype,neither,0.03496783544063366,0.3792930430328284,0.585739121526538
oh my gosh Gina,neither,0.03236932916326653,0.3691666553057533,0.59846401553098
Ha ha Whtiney,neither,0.03945320844208391,0.33037608806864915,0.630170703489267
Svetlana is a centaur?,neither,0.04912624121044723,0.3270490885368631,0.6238246702526896
@chaoticloony They can't see chat.,neither,0.03975837164655782,0.32519667207622616,0.635044956277216
LUL,neither,0.03945320844208391,0.33037608806864915,0.630170703489267
yup,neither,0.03945320844208391,0.33037608806864915,0.630170703489267
What,neither,0.057770773616808734,0.3180719994247239,0.6241572269584672
@Danoba Pass on the love for us? :3,neither,0.061737559076121475,0.30642253990817664,0.631839901015702
Svetlana is such a Knife agaent!,neither,0.0483499939647173,0.32313780051438873,0.6285122055208939
I LOVE that Gina always goes 110% into her characters,offensive_language,0.027282473456730134,0.5686405346716401,0.40407699187162976
are their face tattoos real?,neither,0.054389528962408513,0.4027368289323929,0.5428736421051987
love these character personalities,neither,0.044578852702706534,0.40856109318534317,0.5468600541119504
@phoenixgoth will do.,neither,0.0450026630396543,0.28390237408752217,0.6710949628728236
"@Mistea17 No, just face paint",neither,0.03394387767780343,0.3672906406049458,0.5987654817172507
"@Danoba I know, but said i would do it!",neither,0.03502294744947762,0.33539917148522497,0.6295778810652974
LUL Turtle Club,neither,0.03945320844208391,0.33037608806864915,0.630170703489267
I'm sure Erika can sense that Blondie wishes her well with this endeavor.,offensive_language,0.022236614702804504,0.5983308259731174,0.37943255932407816
"@Mistea17 Nope, probably makeup applied by Gina",neither,0.039410196807276886,0.3895190929632917,0.5710707102294316
Oh ok,neither,0.04713570804197639,0.2590205851270262,0.6938437068309974
dear god Gina is perfect,neither,0.04746954220059814,0.32761890329528154,0.6249115545041203
I just logged on and all I'm getting from anyone is black screens. is this happening right now?,neither,0.053445336154132654,0.39183261300239147,0.554722050843476
like Natasha from Rocky & Bullwinkle,neither,0.053542485715162576,0.32782464377379494,0.6186328705110423
Ohhhhhhh snap!,neither,0.03945320844208391,0.33037608806864915,0.630170703489267
LUL,neither,0.03945320844208391,0.33037608806864915,0.630170703489267
GINA OMG,neither,0.03945320844208391,0.33037608806864915,0.630170703489267
BOOM!,neither,0.03945320844208391,0.33037608806864915,0.630170703489267
Hahahahahahahaha Gina,neither,0.03945320844208391,0.33037608806864915,0.630170703489267
Would make him interesting,neither,0.03868854404582695,0.32740444841856176,0.6339070075356112
@mikelrf try refreshing.,neither,0.03945320844208391,0.33037608806864915,0.630170703489267
CenKanye,neither,0.03945320844208391,0.33037608806864915,0.630170703489267
How have i never watched this before. Great people!,neither,0.05128946185405456,0.3932461360787815,0.5554644020671639
gina is a national treasure,neither,0.0475586761782431,0.3275882460330772,0.6248530777886797
Kantaur,neither,0.03945320844208391,0.33037608806864915,0.630170703489267
I need Gina on Critical Role her rp is amazing,offensive_language,0.03553162054590623,0.49352101317442015,0.47094736627967354
Actually I am getting a black screen as well,neither,0.04888105879663808,0.39664990316203985,0.5544690380413221
You can find more information at: https://weave.game/,neither,0.05451009481896072,0.2709834279768425,0.6745064772041968
apparently saying things are cringy are not allowed,neither,0.06989749988395011,0.2691422794849809,0.6609602206310691
"@harberst ok just had to check if it was on my end. suddenly Microsoft Edge doesn't want to play Twitch.. is working on Chrome now, thanks",neither,0.03024897226757178,0.3888160786352134,0.5809349490972148
@TheeLobo Try refreshing your browser,neither,0.10923671116705219,0.3107434872764861,0.5800198015564617
@TheeLobo It's on.,neither,0.029359548185187243,0.36677741506693295,0.6038630367478798
!whodat,neither,0.03945320844208391,0.33037608806864915,0.630170703489267
"Amy Dallen as Margot Jones ( twitter.com/enthusiamy ), Gina DeVivo as Svedlana ""KGBeast"" ( twitter.com/pocketgina ), Becca Scott as River Mist ( twitter.com/thebeccascott ), Whitney Moore as Samantha Meow Meow ( twitter.com/TweetneyMoore ), and Storyteller Erika Ishii ( twitter.com/erikaishii ).",neither,0.0368913617616911,0.46373102880218814,0.49937760943612075
@NotKen_ It's inherently meanspirited.,neither,0.034373745257138544,0.33212314837979673,0.6335031063630647
@NotKen_ !respect,neither,0.03945320844208391,0.33037608806864915,0.630170703489267
LUL,neither,0.03945320844208391,0.33037608806864915,0.630170703489267
@misssunflower94 Guest star!,neither,0.03945320844208391,0.33037608806864915,0.630170703489267
oh MY GOD,neither,0.030266422441093326,0.38268872444249025,0.5870448531164164
@TheeLobo I did for about ten minutes. It would not refresh but is working now.,neither,0.03556187957232593,0.3325900229085197,0.6318480975191544
this is already best,neither,0.047148202251013495,0.3417027332136474,0.611149064535339
for me,neither,0.01617243925086924,0.3583234659224788,0.6255040948266518
oh dear gods,neither,0.0461327075271576,0.2673899063118408,0.6864773861610016
Ha Ha,neither,0.03945320844208391,0.33037608806864915,0.630170703489267
same here finally,neither,0.10155119352769963,0.29274409521900385,0.6057047112532964
@GeekandSundry Are we able to give bits?,neither,0.07754678406911863,0.2809660657214402,0.6414871502094412
... becca what,neither,0.057770773616808734,0.3180719994247239,0.6241572269584672
gandsHR gandsHR,neither,0.03945320844208391,0.33037608806864915,0.630170703489267
"Aww, Amy doesn't have her Ziggy lightning bolt this week :(",offensive_language,0.03248530029470099,0.49070436536890183,0.47681033433639736
LUL This episode already getting wild,neither,0.03587197697083184,0.3911589324051694,0.5729690906239986
Oh dear. I fear my nightmares tonight.,neither,0.03150627432371369,0.3395911159948239,0.6289026096814625
;),neither,0.03945320844208391,0.33037608806864915,0.630170703489267
Interesting time to enter the stream lol,neither,0.03671604723064906,0.36729699995586357,0.5959869528134875
good is so subjective,neither,0.05371581062743705,0.4071450768424978,0.5391391125300652
MIST VAGINAS-NEW BAND NAME!,neither,0.042403538986666975,0.2573121141307763,0.7002843468825568
There is a tennis player called Misty Hymen,neither,0.04061468863741302,0.3651736148421033,0.5942116965204837
"@CharacterStigma With this cast, i'd be disappointed if it wasn't!",neither,0.02128766970659982,0.3967345050396686,0.5819778252537315
"@misssunflower94 I second that , we need Gina!",neither,0.03469580735623974,0.37953230911563524,0.585771883528125
LUL That dance off was the best,neither,0.03525918283019488,0.34551249665350786,0.6192283205162973
ANY BAJS forsen1,neither,0.03945320844208391,0.33037608806864915,0.630170703489267
@16bitEric whatever music they play I know I'd love them,neither,0.048598533763757286,0.33514636888818233,0.6162550973480604
!points Becca,neither,0.03945320844208391,0.33037608806864915,0.630170703489267
"That was an excellent pun, Becca! Here, have some points for that one! You have been awarded 73 points!",neither,0.050805666259642904,0.3851811885541635,0.5640131451861937
gandsTrinketArmor So True @chaoticloony,neither,0.03940988895743227,0.40335630922105503,0.5572338018215127
LUL,neither,0.03945320844208391,0.33037608806864915,0.630170703489267
Chairlady Miao,neither,0.03945320844208391,0.33037608806864915,0.630170703489267
Dance magic dance,neither,0.03945320844208391,0.33037608806864915,0.630170703489267
DANCE MAGIC DANCE,neither,0.03945320844208391,0.33037608806864915,0.630170703489267
bidet all,offensive_language,0.046917543854519406,0.6277741405869331,0.3253083155585475
@16bitEric I can only imagine the album covers heh,neither,0.03906031464793912,0.3174001386250761,0.6435395467269848
ROFL,neither,0.03945320844208391,0.33037608806864915,0.630170703489267
Uses magical Jazz hands,neither,0.03945320844208391,0.33037608806864915,0.630170703489267
"She can dance if she wants to, she can leave her friends behind",offensive_language,0.030042544344750552,0.6333180503299268,0.3366394053253226
Want the inside scoop? Join the cast of Critical Role and discuss this episode right here on Talks Machina. Tuesdays 7pm Pacific at twitch.tv/geekandsundry and projectalpha.com,neither,0.04630302093207864,0.22484473131932575,0.7288522477485957
Hi @Istillsmile1,neither,0.03945320844208391,0.33037608806864915,0.630170703489267
It is the most magical magic,neither,0.04406445778461471,0.31508328710044586,0.6408522551149395
meow you guys doing today !,neither,0.051563971319804926,0.3486718414957524,0.5997641871844428
LUL Hide in the what,neither,0.04340596177547734,0.3128851958797428,0.6437088423447799
"1st smash hit: 1/2 Centaur, 1/2 Meow meow",neither,0.03945320844208391,0.33037608806864915,0.630170703489267
Erika's hair is especially magnificent tonight,neither,0.04477493202336464,0.30565647955684905,0.6495685884197864
Magic The Gathering scraps,neither,0.03823936441126825,0.3079604620448533,0.6538001735438785
LUL,neither,0.03945320844208391,0.33037608806864915,0.630170703489267
Means she's terminally cute,neither,0.0440790309330137,0.4002139259703833,0.555707043096603
So much magic,neither,0.03498351930337276,0.38457420383302393,0.5804422768636032
ok Amy but what about your CHARACTER,neither,0.06248844624343655,0.3491199195370101,0.5883916342195534
:D :D,neither,0.03945320844208391,0.33037608806864915,0.630170703489267
"Oh Eric, have you had a chance to check out the changes in your new Changeling book? Looked very sweet! :)",neither,0.06965166412008217,0.2798246424005186,0.6505236934793993
ikr,neither,0.03945320844208391,0.33037608806864915,0.630170703489267
