text,top_class,hate_speech,offensive_language,neither
i closed satellite reign for this aaaa (that games golden),neither,0.03374687717313534,0.33743507192302236,0.6288180509038424
BIDET FROM WICHITA,neither,0.04228451509352876,0.2823214250720796,0.6753940598343917
PogChamp,neither,0.03945320844208391,0.33037608806864915,0.630170703489267
"bidet from Stillwater, ok",neither,0.04104157946423444,0.3034172865047108,0.6555411340310547
RECAP,neither,0.03945320844208391,0.33037608806864915,0.630170703489267
tfw crit role is the only reason geek and sundry exists\,neither,0.04413665412367163,0.28824415492453026,0.667619190951798
DANI!,neither,0.03945320844208391,0.33037608806864915,0.630170703489267
Bidet from Western KY!!,neither,0.040334677536117594,0.315415257091876,0.6442500653720065
Hi Dani,neither,0.03945320844208391,0.33037608806864915,0.630170703489267
WOOOO,neither,0.03945320844208391,0.33037608806864915,0.630170703489267
I was raised in Tulsa lol,neither,0.03057139188239645,0.39704464473577633,0.5723839633818272
bidet from Hartland Wisconsin,neither,0.04071751644889743,0.3089174816120565,0.6503650019390461
gandsHype gandsHype gandsHype gandsHype gandsHype,neither,0.03945320844208391,0.33037608806864915,0.630170703489267
"btw, google bidet. it's a plumbing fixture",neither,0.03806847262948953,0.33085236221249537,0.6310791651580151
bidet fom southeast Houston tx,neither,0.03945320844208391,0.33037608806864915,0.630170703489267
HUZZAH,neither,0.03945320844208391,0.33037608806864915,0.630170703489267
bidet from Vancouver!,neither,0.04228451509352876,0.2823214250720796,0.6753940598343917
ITS THE RECAP YO,neither,0.03262147276210712,0.3850561243531199,0.5823224028847729
Bidet!,neither,0.03945320844208391,0.33037608806864915,0.630170703489267
"@Helgr1nd bidet is a Grog-ism of ""good day""",neither,0.05179803107759089,0.30505738170637775,0.6431445872160314
bidet from delaware,neither,0.04228451509352876,0.2823214250720796,0.6753940598343917
recccaaaap,neither,0.03945320844208391,0.33037608806864915,0.630170703489267
They up yet??,neither,0.03574717922487979,0.4074438752231257,0.5568089455519946
BIdet and beep beep all,neither,0.04146947419607382,0.4041736992784376,0.5543568265254885
LIVE NOW Refresh if you're not seeing the recap,neither,0.04730358481573986,0.36718878574174524,0.5855076294425149
Hey Dani,neither,0.03945320844208391,0.33037608806864915,0.630170703489267
LETS GO,neither,0.039984317429425154,0.35542799280679366,0.6045876897637812
monkaS,neither,0.03945320844208391,0.33037608806864915,0.630170703489267
She scared me.,offensive_language,0.03145582036151664,0.5004147371697573,0.4681294424687261
bidet from pennsylvania,neither,0.04069404815304118,0.30931579984010865,0.6499901520068502
ayyyyy,neither,0.03945320844208391,0.33037608806864915,0.630170703489267
Bidet from Bidet,neither,0.04228451509352876,0.2823214250720796,0.6753940598343917
gandsHype gandsHype gandsHype gandsHype gandsHype gandsHype gandsHype,neither,0.03945320844208391,0.33037608806864915,0.630170703489267
PogChamp ITS LIVE PogChamp,neither,0.03646146549147045,0.3314050856575407,0.6321334488509888
Bidet from Arizona OWLTracer,neither,0.04078317879478948,0.307803020237201,0.6514138009680096
WOOOOO!!!!!!,neither,0.03945320844208391,0.33037608806864915,0.630170703489267
bidet from arizona everyone,neither,0.034315970656495866,0.4175684204123382,0.548115608931166
WOOOOOO,neither,0.03945320844208391,0.33037608806864915,0.630170703489267
Awwww yeah! It begins!,neither,0.025850605274764564,0.4176420992809805,0.5565072954442549
bidet from atlanta!,neither,0.04078317879478948,0.307803020237201,0.6514138009680096
scared the shit out of me,offensive_language,0.03284341739664887,0.9664659986492729,0.0006905839540782002
bidet from IL,neither,0.04066490145509902,0.30981049537100724,0.6495246031738937
BIDGET from houston!,neither,0.040875471929787875,0.3062365648703896,0.6528879631998226
LETS GGGGOOOO,neither,0.0381375099945381,0.3527069244228318,0.6091555655826302
BIDET,neither,0.03945320844208391,0.33037608806864915,0.630170703489267
aha,neither,0.03945320844208391,0.33037608806864915,0.630170703489267
bidet from southern Ontario,neither,0.04036750444974338,0.31485809869622855,0.644774396854028
The Might Nein!,neither,0.03793643190813121,0.3020808020200829,0.659982766071786
oh shit! im an episode behind! fuck,offensive_language,0.08777753477099345,0.91221023249492,1.223273408662988e-05
bidet!,neither,0.03945320844208391,0.33037608806864915,0.630170703489267
thanks,neither,0.035884468650613,0.3004919205142699,0.6636236108351171
Bidet from Miami,neither,0.04082729608690459,0.3070542346530501,0.6521184692600454
YES HELLO,neither,0.03945320844208391,0.33037608806864915,0.630170703489267
wowie,neither,0.03945320844208391,0.33037608806864915,0.630170703489267
Bidet from california! :3,neither,0.06971251856910227,0.2972619859879888,0.633025495442909
heyyyy!!!!!!,neither,0.03945320844208391,0.33037608806864915,0.630170703489267
@michellanger Não sei. Tá rolando um revival de RPG no rio.,neither,0.038797516664790185,0.341504888748502,0.6196975945867078
gandsHype gandsHype gandsHype gandsHype gandsHype,neither,0.03945320844208391,0.33037608806864915,0.630170703489267
lobe is squish,neither,0.04912624121044723,0.3270490885368631,0.6238246702526896
Bidit from AL,neither,0.04724196013466046,0.19818064482348735,0.7545773950418522
<3,neither,0.03945320844208391,0.33037608806864915,0.630170703489267
"Bidet from Staten Island, NY",neither,0.04026355780937027,0.3166223444624745,0.6431140977281553
bidet from Denver ✌,neither,0.04069404815304118,0.30931579984010865,0.6499901520068502
Hey all.,neither,0.04285346742239823,0.46255625023407465,0.49459028234352725
Bidet!,neither,0.03945320844208391,0.33037608806864915,0.630170703489267
Squid1 Squid2 Squid2 Squid3 Squid4,neither,0.03945320844208391,0.33037608806864915,0.630170703489267
LEZ GOOOOO,neither,0.03945320844208391,0.33037608806864915,0.630170703489267
gandsHype gandsHype gandsHype gandsHype gandsHype gandsHype gandsHype gandsHype gandsHype gandsHype gandsHype gandsHype gandsHype gandsHype gandsHype gandsHype gandsHype,neither,0.03945320844208391,0.33037608806864915,0.630170703489267
Bidet from New Orleans,neither,0.04450700662299174,0.21166473641774403,0.7438282569592642
yooooo we ready kids????,neither,0.03932178281605745,0.33260672393587043,0.6280714932480722
BIDET!!!,neither,0.03945320844208391,0.33037608806864915,0.630170703489267
"Beep beep from Portland, OR!",neither,0.040570124267008914,0.3114191116016469,0.6480107641313441
BIDET FROM NEW YORK,neither,0.044690599332616286,0.20708884905532376,0.7482205516120599
My BODY IS READY!,neither,0.03405984045513004,0.42505863100050806,0.540881528544362
Bidet!,neither,0.03945320844208391,0.33037608806864915,0.630170703489267
lol i was just sitting here with my volume really loud,neither,0.03663064172439559,0.4356445104480842,0.52772484782752
yo how long till we go?,neither,0.04034402486245325,0.40241798237968107,0.5572379927578658
*shrinks chat away for meow*,neither,0.03616295869866399,0.2937155260430932,0.6701215152582429
LOVE IS SQUISH,neither,0.0446687979083656,0.3414492689855318,0.6138819331061025
hello from Lubbock Texas,neither,0.040553695508357114,0.31169795051161153,0.6477483539800314
this woman is too animated,neither,0.04419742912470824,0.36517768597886513,0.5906248848964267
hype!!!,neither,0.03945320844208391,0.33037608806864915,0.630170703489267
BIDET FROM CALIFORNIA,neither,0.06971251856910227,0.2972619859879888,0.633025495442909
Bidet from Germany where it is 3:46am now XD,neither,0.04848519096956083,0.2825238426416631,0.668990966388776
"bidet from lancaster, pa!",neither,0.04034574383703774,0.31522743308451706,0.6444268230784452
Be pleased,neither,0.04002562477733436,0.33516942876397554,0.6248049464586901
gandsCaleb gandsJester gandsFjord gandsNott gandsMolly gandsBeau,neither,0.03945320844208391,0.33037608806864915,0.630170703489267
bidet,neither,0.03945320844208391,0.33037608806864915,0.630170703489267
oooooooh yeah!!!!!!!!!!!,offensive_language,0.013968601452186464,0.5182923869769311,0.4677390115708824
Bidet from Minnesota,neither,0.04071751644889743,0.3089174816120565,0.6503650019390461
yay commercial covers half of Critical Recap....,neither,0.03945320844208391,0.33037608806864915,0.630170703489267
Bidet and Hi Dani!,neither,0.03869401354372475,0.29213104977327864,0.6691749366829968
"""Evasive""",neither,0.03945320844208391,0.33037608806864915,0.630170703489267
:),neither,0.03945320844208391,0.33037608806864915,0.630170703489267
Evasive Rowing had a great bass player.,neither,0.033671686734713956,0.3862416615752077,0.5800866516900784
bloody h3ll -- audio was out on alpha LOL,neither,0.02993006992050295,0.3883873283068824,0.5816826017726147
Bidet from Alberta,neither,0.04062582848913359,0.31047366557575606,0.6489005059351104
gandsTrinketArmor gandsTrinketArmor,neither,0.03945320844208391,0.33037608806864915,0.630170703489267
bidet from Portland!,neither,0.04066490145509902,0.30981049537100724,0.6495246031738937
Bidet everyone!!!,offensive_language,0.02988896790634741,0.4927062106388782,0.4774048214547744
bidet from Aurora Colorado,neither,0.04035096305996787,0.3151388492503063,0.6445101876897258
Be pleased all of you,offensive_language,0.06384825699722005,0.49098819064737453,0.44516355235540533
http://www.perfect-face.pt/2.5%20Skin%20Type%20III.html,neither,0.036925106172567265,0.24823878791572296,0.7148361059117099
yay,neither,0.03945320844208391,0.33037608806864915,0.630170703489267
Bidet from the hospital room with my newborn daughter!,neither,0.026061911920546254,0.3864908473548011,0.5874472407246527
yay Crit Recap!!! Dani is gandsLessthanthree,neither,0.04546007632879655,0.3283100507538624,0.626229872917341
"Bidet, glad to be back!",neither,0.04902092112876381,0.33003931780793827,0.6209397610632978
recap is a go!,neither,0.05039972447298993,0.33164028704880005,0.61795998847821
"Bidet from Sault Ste. Marie, Ontario",neither,0.04036750444974338,0.31485809869622855,0.644774396854028
oops,neither,0.03945320844208391,0.33037608806864915,0.630170703489267
bidet from montreal! gandsLollypop,neither,0.04062582848913359,0.31047366557575606,0.6489005059351104
what time does critical go live?,neither,0.03437350293558001,0.44851028477408983,0.5171162122903301
Bidet from ME!,neither,0.02714513780008315,0.3752517439437372,0.5976031182561796
burkeAhoy,neither,0.03945320844208391,0.33037608806864915,0.630170703489267
"Beep beep, all!",offensive_language,0.046917543854519406,0.6277741405869331,0.3253083155585475
"""evasive""",neither,0.03945320844208391,0.33037608806864915,0.630170703489267
"Bidet from Berlin, Germany.",neither,0.04036266062233628,0.31494031108870923,0.6446970282889545
"""It can only get better from here.""",neither,0.08944149849922083,0.2767773806995796,0.6337811208011995
Bidet,neither,0.03945320844208391,0.33037608806864915,0.630170703489267
bidet from Washington,neither,0.04080695066346891,0.3073995495860776,0.6517934997504536
CRITICAL ROLE!!!!!!,neither,0.03945320844208391,0.33037608806864915,0.630170703489267
!rbschedule,neither,0.03945320844208391,0.33037608806864915,0.630170703489267
congrats!!!,neither,0.03945320844208391,0.33037608806864915,0.630170703489267
when we get to 100+ episodes I want a 2 hour version of this recap!,neither,0.03677218588795574,0.3609625470938274,0.6022652670182168
bidet from New Orleans!!!,neither,0.04450700662299174,0.21166473641774403,0.7438282569592642
biiiiidet from NZ,neither,0.04228451509352876,0.2823214250720796,0.6753940598343917
from the uk waiting for this before i have to go to work at 5;30 XD,neither,0.04113920917638524,0.3486472752700741,0.6102135155535405
gandsCaleb gandsCaleb,neither,0.03945320844208391,0.33037608806864915,0.630170703489267
Bidet from BOSTONNN,neither,0.04228451509352876,0.2823214250720796,0.6753940598343917
bidet from voreginia,neither,0.04228451509352876,0.2823214250720796,0.6753940598343917
PowerUpL gandsCaleb PowerUpR,neither,0.03945320844208391,0.33037608806864915,0.630170703489267
Bidet from New Hampshire fellow critters!!,neither,0.043234651736688584,0.2426912525716812,0.7140740956916302
YEAH GO NOTT,offensive_language,0.018258171744295643,0.4985396988882979,0.4832021293674063
bidet from Georgia!,neither,0.04066490145509902,0.30981049537100724,0.6495246031738937
Bidet from Atlanta,neither,0.04078317879478948,0.307803020237201,0.6514138009680096
gandsHype,neither,0.03945320844208391,0.33037608806864915,0.630170703489267
yay!,neither,0.03945320844208391,0.33037608806864915,0.630170703489267
bidet from ma,neither,0.031816597323666866,0.4599893087150652,0.5081940939612679
I can't wait!,neither,0.03991073413903658,0.3226106829444422,0.6374785829165213
Bidet from Chicago,neither,0.04078317879478948,0.307803020237201,0.6514138009680096
ysssssss its thursday,neither,0.032172426933007474,0.33288028269424347,0.634947290372749
bidet from Berlin!,neither,0.04066490145509902,0.30981049537100724,0.6495246031738937
DoritosChip gandsCaleb gandsMatt,neither,0.03945320844208391,0.33037608806864915,0.630170703489267
hi guys,neither,0.03930687933907141,0.3328596748352989,0.6278334458256297
bidet!,neither,0.03945320844208391,0.33037608806864915,0.630170703489267
"@You_can_call_me_randy you would think that, but everything can always get worse",neither,0.051733296925912935,0.3364289585318802,0.6118377445422069
biday,neither,0.03945320844208391,0.33037608806864915,0.630170703489267
Ohhhh those Traps! they were hard...poor Nott,neither,0.0461589349779138,0.4312355552580868,0.5226055097639993
Bidetaa,neither,0.03945320844208391,0.33037608806864915,0.630170703489267
"I got a black screen in youtube, thats not normal is it?",neither,0.05680721809708099,0.3522197027035855,0.5909730791993335
Hello people,neither,0.08342635347872217,0.3250217469284455,0.5915518995928324
@Dalpatine Congratulations!,neither,0.03945320844208391,0.33037608806864915,0.630170703489267
"Oh snaps, I have no idea what is happening.",neither,0.05412129968523421,0.3044135268579893,0.6414651734567766
Loving the recaps!,neither,0.03825742109612947,0.30830648690722096,0.6534360919966495
"Bidet from Rolla, MO",neither,0.040912083971464244,0.30561516297332675,0.653472753055209
I forgot about the rage rowing lol,neither,0.030782226981238947,0.38640384353621,0.582813929482551
bidet from Kansas!!,neither,0.04071751644889743,0.3089174816120565,0.6503650019390461
Puzzles NotLikeThis,neither,0.03945320844208391,0.33037608806864915,0.630170703489267
Heller,neither,0.03945320844208391,0.33037608806864915,0.630170703489267
I really hope Nott starts using mage hand more often,neither,0.06189103538963837,0.2898657387142003,0.6482432258961612
Bidet from Wisconsin!,neither,0.04071751644889743,0.3089174816120565,0.6503650019390461
awww yehhhh,neither,0.03945320844208391,0.33037608806864915,0.630170703489267
Bidet Springfield MO.. Is it Thur. yet?,neither,0.04380990511805728,0.3288776203028308,0.6273124745791119
gandsCaleb gandsCaleb gandsCaleb gandsCaleb gandsCaleb,neither,0.03945320844208391,0.33037608806864915,0.630170703489267
bidet from mckinney texas,neither,0.040937266849991,0.30518774380265185,0.6538749893473571
Bidet and beep beep from New Zealand :),neither,0.04399857857129187,0.12516059002389057,0.8308408314048176
Bidet from Canada,neither,0.04071751644889743,0.3089174816120565,0.6503650019390461
intentionally scheduled my classes around knowing that i would be up unitl 2 am every morning for this,neither,0.031052546344589323,0.3340582734187625,0.6348891802366481
Oh god it sped up again,neither,0.03874311468581211,0.3582040662954063,0.6030528190187816
Ayyyyyy bidet from ATL this time,neither,0.03925082376217952,0.33381108426855255,0.626938091969268
"should be starting in the next ten minutes or so, the YouTube stream is up already",neither,0.04671870483732272,0.3997882204125473,0.5534930747501301
hello,neither,0.03945320844208391,0.33037608806864915,0.630170703489267
Bidet,neither,0.03945320844208391,0.33037608806864915,0.630170703489267
gandsLessthanthree gandsLessthanthree,neither,0.03945320844208391,0.33037608806864915,0.630170703489267
anybody spice?,neither,0.03945320844208391,0.33037608806864915,0.630170703489267
I never did understand that puzzle.,neither,0.03115807707262601,0.4192425304190054,0.5495993925083686
I hate it when a sneeze comes on buy then it passes,neither,0.10479473207825482,0.3143177576113463,0.580887510310399
Bidet from Las Vegas!,neither,0.040400041164603724,0.3143058657309893,0.6452940931044071
@shannologic since CR has not occurred yet a rb schedule cann not show how long it was,neither,0.04470879997441179,0.2924648651167475,0.6628263349088408
Bidet from Texas Y'all,neither,0.04359220329948612,0.4041574955162046,0.5522503011843093
What,neither,0.057770773616808734,0.3180719994247239,0.6241572269584672
1 Hour of Puzzles Hype PogChamp,neither,0.03945320844208391,0.33037608806864915,0.630170703489267
cant wait for tonight,neither,0.03153394095500464,0.28382432075875574,0.6846417382862395
Bidet from Boston!,neither,0.040769555981420263,0.3080342349327864,0.6511962090857933
bidet!,neither,0.03945320844208391,0.33037608806864915,0.630170703489267
monkaS,neither,0.03945320844208391,0.33037608806864915,0.630170703489267
BloodTrail,neither,0.03945320844208391,0.33037608806864915,0.630170703489267
yay Dani!,neither,0.03945320844208391,0.33037608806864915,0.630170703489267
Bidet from nyc,neither,0.04081748366884477,0.3072207769958956,0.6519617393352596
Bidet from Wisconsin,neither,0.04071751644889743,0.3089174816120565,0.6503650019390461
Beep beep yall,neither,0.03639464868045676,0.3822878294283694,0.5813175218911739
Bidet from Barbados!,neither,0.04228451509352876,0.2823214250720796,0.6753940598343917
Bidet from Calgary,neither,0.04228451509352876,0.2823214250720796,0.6753940598343917
Bidet from yahooville,neither,0.04228451509352876,0.2823214250720796,0.6753940598343917
Bidet from Indianapolis!,neither,0.04062582848913359,0.31047366557575606,0.6489005059351104
Bidet from Tucson!,neither,0.04228451509352876,0.2823214250720796,0.6753940598343917
Bidet,neither,0.03945320844208391,0.33037608806864915,0.630170703489267
Bidet ya'll! Bidet from the So of the Cal,offensive_language,0.027150675017797433,0.525727935775051,0.4471213892071516
Bidet from Missouri Everyone,neither,0.034477366269092084,0.4148291156575959,0.5506935180733121
Bidet from Argentina <:,neither,0.04062582848913359,0.31047366557575606,0.6489005059351104
Video from a road trip,neither,0.04532827855822468,0.23066081548654013,0.7240109059552352
@Monoculus_Rift same,neither,0.04148851938089603,0.3488915597363099,0.609619920882794
do you spice?,neither,0.06340458516664035,0.38876294420848057,0.5478324706248792
"Bidet, everyone!",offensive_language,0.02988896790634741,0.4927062106388782,0.4774048214547744
Bidet from Seattle!,neither,0.040754399270683486,0.3082914838698526,0.650954116859464
Mage hand? that sounds like a job for... The Metagaming Pigeon!!,neither,0.03830671571530627,0.33888232069554863,0.6228109635891452
I'M EXCITED,neither,0.03945320844208391,0.33037608806864915,0.630170703489267
spice spice,neither,0.03945320844208391,0.33037608806864915,0.630170703489267
gandsLollypop gandsLollypop gandsLollypop gandsLollypop,neither,0.03945320844208391,0.33037608806864915,0.630170703489267
Bidet,neither,0.03945320844208391,0.33037608806864915,0.630170703489267
Party? I think it was just Molly. XD,neither,0.03441093570692175,0.34409602773707343,0.6214930365560049
bidet from england,neither,0.04071751644889743,0.3089174816120565,0.6503650019390461
Nott!,neither,0.03945320844208391,0.33037608806864915,0.630170703489267
Bidet from Lapeer MI R),neither,0.04081748366884477,0.3072207769958956,0.6519617393352596
im on time right?,neither,0.03233382462924499,0.435620328260474,0.5320458471102809
What’s going on everyone,neither,0.03371409497164337,0.477209008434467,0.4890768965938896
bidet,neither,0.03945320844208391,0.33037608806864915,0.630170703489267
Bidet from Texas!!,neither,0.040937266849991,0.30518774380265185,0.6538749893473571
MVP NOTT,neither,0.03945320844208391,0.33037608806864915,0.630170703489267
im so happy to be here,neither,0.11324119850782714,0.36868425171043373,0.5180745497817392
Bidet!,neither,0.03945320844208391,0.33037608806864915,0.630170703489267
gandsOne gandsTwenty,neither,0.03945320844208391,0.33037608806864915,0.630170703489267
Bidet from Denver!,neither,0.04069404815304118,0.30931579984010865,0.6499901520068502
Bidet!,neither,0.03945320844208391,0.33037608806864915,0.630170703489267
BIDET FROM SAN DIEGO. burkeMug,neither,0.040446282760733435,0.31352102516371877,0.6460326920755478
PogChamp PogChamp PogChamp PogChamp PogChamp PogChamp PogChamp,neither,0.03945320844208391,0.33037608806864915,0.630170703489267
"Bidet from Fairfield, Maine",neither,0.04069404815304118,0.30931579984010865,0.6499901520068502
bidet from TooExcited,neither,0.04228451509352876,0.2823214250720796,0.6753940598343917
Here we goooooooo gandsTwenty gandsTwenty gandsTwenty,neither,0.15579607761817918,0.2572279575342963,0.5869759648475245
With how this season has been so far with matts crits. A new term should be NO MERCY MERCER,neither,0.03460638566073453,0.3758698685927327,0.5895237457465328
bidet from texas,neither,0.040937266849991,0.30518774380265185,0.6538749893473571
woot is it Friday yet,neither,0.044839882618919774,0.32852336381004527,0.6266367535710349
Yay Thursday!,neither,0.03945320844208391,0.33037608806864915,0.630170703489267
bidet from Colorado!,neither,0.04066490145509902,0.30981049537100724,0.6495246031738937
gandsNott gandsNott gandsNott gandsNott gandsNott,neither,0.03945320844208391,0.33037608806864915,0.630170703489267
UPDATE,neither,0.03945320844208391,0.33037608806864915,0.630170703489267
It's Thursday!,neither,0.03752336384949593,0.3310398501182267,0.6314367860322773
I just tried the discord link and it di not work :'(,neither,0.03351771591927027,0.3099734794521611,0.6565088046285688
Bidet from Oklahoma,neither,0.04066490145509902,0.30981049537100724,0.6495246031738937
bidet from Texas,neither,0.040937266849991,0.30518774380265185,0.6538749893473571
bidet from kentucky,neither,0.04071751644889743,0.3089174816120565,0.6503650019390461
Yay Nott,neither,0.03945320844208391,0.33037608806864915,0.630170703489267
Bidet from Texas!,neither,0.040937266849991,0.30518774380265185,0.6538749893473571
evening gents,neither,0.03945320844208391,0.33037608806864915,0.630170703489267
Bidet!,neither,0.03945320844208391,0.33037608806864915,0.630170703489267
"Bidet! From San Antonio, Texas!!",neither,0.04031505647017286,0.3157482777878597,0.6439366657419674
perma mvp sam,neither,0.03945320844208391,0.33037608806864915,0.630170703489267
D:,neither,0.03945320844208391,0.33037608806864915,0.630170703489267
beep beep,neither,0.03945320844208391,0.33037608806864915,0.630170703489267
@ObsiAJ It's a quote from a friend that they said right before he rolled a nat 1,neither,0.037195746782462485,0.39026338660393495,0.5725408666136025
my 2nd episode live!,neither,0.03268579069776343,0.4053677841663208,0.5619464251359156
YEAAAH,neither,0.03945320844208391,0.33037608806864915,0.630170703489267
Bidet from Toronto!,neither,0.04066490145509902,0.30981049537100724,0.6495246031738937
it starts in 12 mins right?,neither,0.03755416455746567,0.3457570409176249,0.6166887945249094
Bidet from Tampa.,neither,0.04069404815304118,0.30931579984010865,0.6499901520068502
hhhhhh gelatinous cube,neither,0.03945320844208391,0.33037608806864915,0.630170703489267
evening all,neither,0.041793358651534496,0.4229818652092969,0.5352247761391685
poor Frumkin,neither,0.03945320844208391,0.33037608806864915,0.630170703489267
Love all the classic monsterse,neither,0.03679347681634673,0.40901685238439706,0.5541896707992563
Bidet from South Central PA!!,neither,0.04026504418807167,0.31659711673677243,0.643137839075156
Hello Critters from far and wide how goes it,neither,0.038556581391954954,0.2890108740205973,0.6724325445874477
bidet from australia,neither,0.04062582848913359,0.31047366557575606,0.6489005059351104
Bidet from NJ,neither,0.04069404815304118,0.30931579984010865,0.6499901520068502
cube?! PogChamp,neither,0.03945320844208391,0.33037608806864915,0.630170703489267
0 viewers POGGERS,neither,0.03945320844208391,0.33037608806864915,0.630170703489267
Let’s get this started!,neither,0.022042115351296927,0.38063630179798574,0.5973215828507175
gandsCaleb,neither,0.03945320844208391,0.33037608806864915,0.630170703489267
Bengay from FL,neither,0.04066490145509902,0.30981049537100724,0.6495246031738937
Bidet from Edmonton ab,neither,0.04071751644889743,0.3089174816120565,0.6503650019390461
Bidet,neither,0.03945320844208391,0.33037608806864915,0.630170703489267
Hiya all!,offensive_language,0.046917543854519406,0.6277741405869331,0.3253083155585475
oh oskar,neither,0.051363287716059566,0.22255663153133606,0.7260800807526044
Heh nice Dani,neither,0.03945320844208391,0.33037608806864915,0.630170703489267
Oh Oskar,neither,0.051363287716059566,0.22255663153133606,0.7260800807526044
"Oh right, first time live!",neither,0.03915953079164327,0.32000589083340214,0.6408345783749545
POGGERS,neither,0.03945320844208391,0.33037608806864915,0.630170703489267
hi,neither,0.03945320844208391,0.33037608806864915,0.630170703489267
Bidet from Georgia!,neither,0.04066490145509902,0.30981049537100724,0.6495246031738937
Sam's cube attacks!!! LOL,neither,0.033705421585156776,0.3710369157809415,0.5952576626339017
... The cube didnt consume frumpkin...,neither,0.03861422477977264,0.31505416738948794,0.6463316078307395
REGULAR CUBE REGULAR CUBE,neither,0.03945320844208391,0.33037608806864915,0.630170703489267
bidet from houston texas,neither,0.040553695508357114,0.31169795051161153,0.6477483539800314
Bidet from Brazil,neither,0.04079557052152802,0.30759270029461827,0.6516117291838538
Bidet from Alabama,neither,0.04078317879478948,0.307803020237201,0.6514138009680096
yeassssss!!!!!,neither,0.03945320844208391,0.33037608806864915,0.630170703489267
I think Calib was the MVP for that,neither,0.030385092739567843,0.3217191626214594,0.6478957446389727
Bidet from NY,neither,0.04084513770590474,0.30675141581570226,0.6524034464783931
Tusk Love,neither,0.03217296676969875,0.3657703709031763,0.602056662327125
bidet!,neither,0.03945320844208391,0.33037608806864915,0.630170703489267
Rod in a hole Kappa,neither,0.03945320844208391,0.33037608806864915,0.630170703489267
BIDET FROM MARISHA'S HOME STATE,neither,0.08281814821901266,0.19127600655641216,0.7259058452245752
Why is everyone saying bidet?,neither,0.02184349720939639,0.4565264463017188,0.5216300564888849
FeelsGoodMan,neither,0.03945320844208391,0.33037608806864915,0.630170703489267
Love gelatinous cubes,neither,0.03633489270100109,0.3449275588628445,0.6187375484361545
Beefcake gandsHR gandsHR,neither,0.03945320844208391,0.33037608806864915,0.630170703489267
It didn't actually engulf Frumpkin Matt was just fucking with Liam IIRC,offensive_language,0.05362889644476349,0.9283435290982947,0.018027574456941767
Omg they're too cute,neither,0.0615330278504835,0.2716228567369337,0.6668441154125827
gandsLHMercer,neither,0.03945320844208391,0.33037608806864915,0.630170703489267
Bidet friends,neither,0.03945320844208391,0.33037608806864915,0.630170703489267
PogChamp,neither,0.03945320844208391,0.33037608806864915,0.630170703489267
Bidet from Maryland.,neither,0.04066490145509902,0.30981049537100724,0.6495246031738937
Oskar~,neither,0.03945320844208391,0.33037608806864915,0.630170703489267
gandsMatt,neither,0.03945320844208391,0.33037608806864915,0.630170703489267
Bidet from Ireland y'all,neither,0.042808078011918105,0.39053103227606023,0.5666608897120217
"Bidet from Gander, NL",neither,0.04069404815304118,0.30931579984010865,0.6499901520068502
bidet from PA!,neither,0.04069404815304118,0.30931579984010865,0.6499901520068502
It didn't really engulf frumpkin,neither,0.019858726591957043,0.3921971590138969,0.5879441143941461
if yr worried for the nein clap yr hands,neither,0.026518941199334504,0.33450270147998806,0.6389783573206775
Oskar!,neither,0.03945320844208391,0.33037608806864915,0.630170703489267
bidet,neither,0.03945320844208391,0.33037608806864915,0.630170703489267
lexemoteHELLO lexemoteWave,neither,0.03945320844208391,0.33037608806864915,0.630170703489267
Love Is Sqeeze,neither,0.05113073542103987,0.3529752881257868,0.5958939764531734
Bidet from Michigan!,neither,0.040769555981420263,0.3080342349327864,0.6511962090857933
Frumpkin would have died,neither,0.03803946378416389,0.3349345772359391,0.6270259589798971
"First time actually being here!!! I tried before, but now I totally can be here ^^ woot for no work tomorrow!!!",neither,0.06267535353952067,0.3453320877340404,0.5919925587264389
its the revenge of the cube from the Pthfinder one shot,neither,0.03410561252857812,0.309741124778075,0.6561532626933467
Bidet from nevada y'all!,neither,0.042808078011918105,0.39053103227606023,0.5666608897120217
oof,neither,0.03945320844208391,0.33037608806864915,0.630170703489267
Bidet from Omaha,neither,0.04228451509352876,0.2823214250720796,0.6753940598343917
beepbeep,neither,0.03945320844208391,0.33037608806864915,0.630170703489267
CLAP,neither,0.03945320844208391,0.33037608806864915,0.630170703489267
FeelsGoodMan FeelsAmazingMan I LOVE FROGS FeelsAmazingMan FeelsGoodMan,neither,0.03217296676969875,0.3657703709031763,0.602056662327125
hello,neither,0.03945320844208391,0.33037608806864915,0.630170703489267
Bidet!!,neither,0.03945320844208391,0.33037608806864915,0.630170703489267
:D,neither,0.03945320844208391,0.33037608806864915,0.630170703489267
thank god it thursday!,neither,0.03769107719874306,0.33760463988444095,0.6247042829168159
bidet from oregon!,neither,0.04071751644889743,0.3089174816120565,0.6503650019390461
bidet from salt lake city!,neither,0.04031822098218303,0.3156945677603287,0.6439872112574881
Bidet from California,neither,0.06971251856910227,0.2972619859879888,0.633025495442909
so excited to finally be watching this live OSFrog,neither,0.049075602656956666,0.36582156424901124,0.585102833094032
"@majetteduncan Grog for ""hello""",neither,0.031687910026117996,0.2916528070030392,0.6766592829708428
Bidet from St. Louis. Luckily my connection started working.,neither,0.03340045798736237,0.36913106633096054,0.5974684756816772
Bidet from Boston <3,neither,0.040769555981420263,0.3080342349327864,0.6511962090857933
@BlazeZap -> ONLY HULK CAPSLOCKS [warning],neither,0.03945320844208391,0.33037608806864915,0.630170703489267
Need more Oskar,neither,0.042412164058580164,0.31087707204257947,0.6467107638988403
gandsHype gandsHype gandsHype gandsHype gandsHype,neither,0.03945320844208391,0.33037608806864915,0.630170703489267
bidet from Philadelphia!,neither,0.04066490145509902,0.30981049537100724,0.6495246031738937
Sith Lord Duthar,neither,0.03945320844208391,0.33037608806864915,0.630170703489267
bidet from Newfoundland,neither,0.04228451509352876,0.2823214250720796,0.6753940598343917
Niiiiiiiine!,neither,0.03945320844208391,0.33037608806864915,0.630170703489267
"@majetteduncan It's a joke from Campaign one, in which Travis's character, Grog mistook how someone said ""Good Day"" as ""Bidet""",neither,0.037720925713676,0.34796727605888034,0.6143117982274438
lets do this,neither,0.040148419443759686,0.3496283523875733,0.610223228168667
god this 5 min update is so helpful,neither,0.04487934496466742,0.36041255515785725,0.5947080998774752
Bidet from Czech Republic,neither,0.04228451509352876,0.2823214250720796,0.6753940598343917
I'm from Michigan!,neither,0.040769555981420263,0.3080342349327864,0.6511962090857933
yush,neither,0.03945320844208391,0.33037608806864915,0.630170703489267
?,neither,0.03945320844208391,0.33037608806864915,0.630170703489267
oh man it's been a hot minute since i've watched CR live. I miss this!,neither,0.02640226053956841,0.3288368949912687,0.6447608444691629
Fjord is my favorite,neither,0.032611318641918983,0.4514347285139468,0.5159539528441343
Howdy Howdy,neither,0.03945320844208391,0.33037608806864915,0.630170703489267
it didnt actually engulf frumpkin cause it needed to use its action to do so but Matt REALLY wanted to use his fancy Cube Miniature,neither,0.02260390799239648,0.4368292340714248,0.5405668579361786
Bidet friends gandsGandsPoo,neither,0.03945320844208391,0.33037608806864915,0.630170703489267
This makes me upset that I can't see this in alpha,neither,0.03198603800267472,0.38462731318649274,0.5833866488108326
Matt did that JUST to screw with Caleb... but the cat was NOT consumed *pushes up glasses*,neither,0.02947902517315682,0.40060436193392795,0.5699166128929153
Buffet from Texas!,neither,0.04042489113558478,0.3138840968701843,0.6456910119942308
I finally get that reference thank you Critical Role Facebook Fangroup!!,neither,0.03441235417597307,0.4180229972065597,0.5475646486174673
@Zaniacv MI Rep!,neither,0.03945320844208391,0.33037608806864915,0.630170703489267
7.7k viewers :),neither,0.03945320844208391,0.33037608806864915,0.630170703489267
"@majetteduncan it was something Travis' old character Grog mis-spelled when saying it, a greeting in another city of ""Good Day"" and it kinda stuck",neither,0.04369225495313858,0.3013137117816564,0.654994033265205
Bidet from ST George UT,neither,0.04030999699338926,0.3158341503130595,0.6438558526935512
lol,neither,0.020706217963973744,0.4882283491876925,0.4910654328483337
woooohhooo,neither,0.03945320844208391,0.33037608806864915,0.630170703489267
Bidet from Quebec,neither,0.04228451509352876,0.2823214250720796,0.6753940598343917
Can someone explain Bidet to me,neither,0.03824562902204803,0.36224686840935877,0.5995075025685932
Bidet from PA,neither,0.04069404815304118,0.30931579984010865,0.6499901520068502
bidet from Indiana!!!,neither,0.0408364874901429,0.30689823255244486,0.6522652799574122
bidet from Maryland,neither,0.04066490145509902,0.30981049537100724,0.6495246031738937
"@majetteduncan its a joke from campaign 1, bidet means good day (or so ive been told)",neither,0.03616399371395495,0.34195751554590237,0.6218784907401428
bidet!!!,neither,0.03945320844208391,0.33037608806864915,0.630170703489267
Bidet from Texas!! Howdy y’all!!!,neither,0.04359220329948612,0.4041574955162046,0.5522503011843093
the crawling god is insanely creepy,neither,0.04756634339453932,0.3096674805964188,0.642766176009042
I thought he said that when the cube went for Frumpkin the cat just desummoned before it could engulf it?,neither,0.02754540500602201,0.3397114344008332,0.6327431605931448
Bidet from Mississippi!,neither,0.040754399270683486,0.3082914838698526,0.650954116859464
"just started a new cleric tonight and rolled my stats... got a 17, 3 16's, a 15 and a 10....",neither,0.030926561716995708,0.3096135330436729,0.6594599052393314
Beep beep from bama,neither,0.04069404815304118,0.30931579984010865,0.6499901520068502
bidet/howdy!,neither,0.03945320844208391,0.33037608806864915,0.630170703489267
gandsHype gandsHype gandsHype gandsHype,neither,0.03945320844208391,0.33037608806864915,0.630170703489267
Bidet from Alberta!,neither,0.04062582848913359,0.31047366557575606,0.6489005059351104
Bidet everyone,offensive_language,0.02988896790634741,0.4927062106388782,0.4774048214547744
YEEEEAAAAAAAHHHHHHH KomodoHype,neither,0.03945320844208391,0.33037608806864915,0.630170703489267
Bidet from Wisconsin,neither,0.04071751644889743,0.3089174816120565,0.6503650019390461
bidet fellow critters!,neither,0.03945320844208391,0.33037608806864915,0.630170703489267
anextr7453 anextr7453,neither,0.03945320844208391,0.33037608806864915,0.630170703489267
bidet from indiana,neither,0.0408364874901429,0.30689823255244486,0.6522652799574122
@SilverWolfMage me too!,neither,0.025456656249999262,0.41690574403459846,0.5576375997154023
monkaS,neither,0.03945320844208391,0.33037608806864915,0.630170703489267
ohnPanic ohnPanic ohnPanic,neither,0.03945320844208391,0.33037608806864915,0.630170703489267
Let It Begin!!!!! Bidet from Dallas!,neither,0.026603699269589446,0.34232230888060805,0.6310739918498025
PowerUpL GOWKratos PowerUpR,neither,0.03945320844208391,0.33037608806864915,0.630170703489267
Bidet from Indiana!,neither,0.0408364874901429,0.30689823255244486,0.6522652799574122
bidet,neither,0.03945320844208391,0.33037608806864915,0.630170703489267
PowerUpL gandsCaleb PowerUpR,neither,0.03945320844208391,0.33037608806864915,0.630170703489267
Is anyone else getting skips and repeats in the stream?,neither,0.04106498053812985,0.3399785438360793,0.6189564756257908
gandsMatt gandsMatt gandsMatt gandsMatt gandsMatt gandsMatt gandsMatt gandsMatt,neither,0.03945320844208391,0.33037608806864915,0.630170703489267
Can the Mighty Nine beat a book???,neither,0.03901499580013402,0.3158639874378402,0.6451210167620258
"Beep beep from San Bernardino, CA!",neither,0.040493867778092676,0.31271338323213294,0.6467927489897743
Bidet from Minnesota!!!!,neither,0.04071751644889743,0.3089174816120565,0.6503650019390461
Bidet,neither,0.03945320844208391,0.33037608806864915,0.630170703489267
"Bidet, from NASA, Tx! :D",neither,0.04081748366884477,0.3072207769958956,0.6519617393352596
Bidet from Georgia!,neither,0.04066490145509902,0.30981049537100724,0.6495246031738937
Bidet from Maryland!,neither,0.04066490145509902,0.30981049537100724,0.6495246031738937
Sam's 1x1x1 cube attacked the Nein,neither,0.03877874868034626,0.3181134282250672,0.6431078230945867
bidet from savannah,neither,0.04228451509352876,0.2823214250720796,0.6753940598343917
Bidet from California,neither,0.06971251856910227,0.2972619859879888,0.633025495442909
lich,neither,0.03945320844208391,0.33037608806864915,0.630170703489267
there,neither,0.03938975662112344,0.2339556726221167,0.7266545707567599
ITS ZE RED SKULL,neither,0.03469267416554393,0.33089074488773595,0.63441658094672
Finally watching live!,neither,0.044276099228360045,0.32871727477068585,0.627006626000954
hes so powerful,neither,0.03941236851434089,0.372859359918277,0.5877282715673822
hit point reductions coming up,neither,0.036711439777814624,0.3859978735370155,0.57729068668517
gandsLHMercer,neither,0.03945320844208391,0.33037608806864915,0.630170703489267
Bidet from Austin TX!,neither,0.0404991143919742,0.31262433450199256,0.6468765511060333
Yay for Michigan peeps!,neither,0.034845956556661575,0.30735523353057953,0.657798809912759
ITS A LIIIICH,neither,0.02700859978372578,0.3346563596412867,0.6383350405749875
5his is gonna be good,neither,0.04965020032908979,0.40112363971575216,0.549226159955158
ERMERGERD,neither,0.03945320844208391,0.33037608806864915,0.630170703489267
Bidet from Canada!,neither,0.04071751644889743,0.3089174816120565,0.6503650019390461
I missed some of that info drop in the first viewing. WOW,neither,0.03246510703699486,0.35337145298794725,0.614163439975058
"Bidet from Richmond, Virginia! gandsDrink",neither,0.04079557052152802,0.30759270029461827,0.6516117291838538
Whiskey and crit role. Its Thursday indeed.,neither,0.03504374147273382,0.3058987423477608,0.6590575161795054
Bidet from SoCal!,neither,0.04062582848913359,0.31047366557575606,0.6489005059351104
cant wait,neither,0.03945320844208391,0.33037608806864915,0.630170703489267
oh heck I thought I joined halfway then],neither,0.04471899035046837,0.23696788700017501,0.7183131226493568
first time watching live cause I'm on vacation this week!,neither,0.03362833508355279,0.3745830811137435,0.5917885838027037
Bidet from Connecticut!,neither,0.04062582848913359,0.31047366557575606,0.6489005059351104
bidet from CT,neither,0.04066490145509902,0.30981049537100724,0.6495246031738937
