text,top_class,hate_speech,offensive_language,neither
"feliciaOoh connecting to the first one, nice. that was a lot of fun",neither,0.034941958386062066,0.36807734659638314,0.5969806950175549
:> Yay Stef is back!,neither,0.04921417798562584,0.3270188430474854,0.6237669789668887
i liked the space theme one that becca did.,neither,0.03565685032963044,0.36881017044100217,0.5955329792293673
gandsHype gandsHype stefHighFive stefHighFive gandsClassic gandsClassic,neither,0.03945320844208391,0.33037608806864915,0.630170703489267
"@flubb2 I saw them because PBS would show Doctor Who on Saturday nights, and i was so addicted to them!",neither,0.06392852098523283,0.3193020207188062,0.6167694582959611
@kadosho SeemsGood,neither,0.03945320844208391,0.33037608806864915,0.630170703489267
Oh hello lovelies :),neither,0.04616347283623516,0.2671141167429414,0.6867224104208235
gandsHype gandsHype gandsHype gandsHype gandsHype gandsHype gandsHype gandsHype gandsHype,neither,0.03945320844208391,0.33037608806864915,0.630170703489267
"Ooh, Stef is back!",neither,0.04940235854754502,0.3269541191231084,0.6236435223293467
STef is back!,neither,0.05875706531986774,0.3237366064983911,0.6175063281817412
YAY Steff,neither,0.03945320844208391,0.33037608806864915,0.630170703489267
gandsApplaud gandsApplaud gandsApplaud gandsApplaud gandsApplaud,neither,0.03945320844208391,0.33037608806864915,0.630170703489267
welcome back!,neither,0.03945320844208391,0.33037608806864915,0.630170703489267
WHOO-HOO!,neither,0.03945320844208391,0.33037608806864915,0.630170703489267
jcvimLove jcvimLove jcvimLove jcvimLove jcvimLove jcvimLove,neither,0.03945320844208391,0.33037608806864915,0.630170703489267
cheer1000 stefling bits stefHeart,neither,0.03945320844208391,0.33037608806864915,0.630170703489267
gandsHype gandsHype gandsHype,neither,0.03945320844208391,0.33037608806864915,0.630170703489267
I aunt was a hugh Doctor who nerd.,neither,0.039750605718472116,0.37269447488269714,0.5875549193988308
yay!!!! she's back,neither,0.04114224783672562,0.4300018746623848,0.5288558775008897
Welcome Back Stef!,neither,0.03945320844208391,0.33037608806864915,0.630170703489267
whoisthebest,neither,0.03945320844208391,0.33037608806864915,0.630170703489267
Stef is the best! ❤,neither,0.05135998456280659,0.2889087219359037,0.6597312935012896
Hiya Stef!,neither,0.03945320844208391,0.33037608806864915,0.630170703489267
Stef!!!,neither,0.03945320844208391,0.33037608806864915,0.630170703489267
return of the stef!!!,neither,0.038353223192269734,0.3101346756120217,0.6515121011957086
OMG Gina's outfit,neither,0.03945320844208391,0.33037608806864915,0.630170703489267
shes back,neither,0.03945320844208391,0.33037608806864915,0.630170703489267
Stef wb and congrats!,neither,0.038448419023825814,0.277791940581765,0.6837596403944092
Did I miss anything??,neither,0.03184965714655773,0.3329912980246066,0.6351590448288357
STEF!!!,neither,0.03945320844208391,0.33037608806864915,0.630170703489267
stefHeart stefHeart stefHeart stefHeart stefHeart stefHeart stefHeart,neither,0.03945320844208391,0.33037608806864915,0.630170703489267
Revenge of the Seth,neither,0.03865797646683673,0.3158706928434073,0.645471330689756
I missed my Mines N Crafts Ladies!,neither,0.02986157903275899,0.4041868112343113,0.5659516097329297
*Stef,neither,0.03945320844208391,0.33037608806864915,0.630170703489267
Stef returns!,neither,0.03945320844208391,0.33037608806864915,0.630170703489267
cheer800 #BitsForGencon,neither,0.03945320844208391,0.33037608806864915,0.630170703489267
I love this scarf,neither,0.036216690539557936,0.3467758508576156,0.6170074586028266
KonCha KAPOW,neither,0.03945320844208391,0.33037608806864915,0.630170703489267
haha. gloom bay,neither,0.03495897023610671,0.40665503945116005,0.5583859903127332
wowe,neither,0.03945320844208391,0.33037608806864915,0.630170703489267
"Hi Amy, Whitney Gina, Stef and Becca",neither,0.03882788631130355,0.299422105481188,0.6617500082075084
NotLikeThis Time goes by so fast,neither,0.039466245101492145,0.4398088212349247,0.5207249336635832
My Aunt would have love Amy Dallen as The Doctor.,neither,0.028278808067978205,0.4055775428295726,0.5661436491024492
"oh, same characters?",neither,0.04575538253043526,0.28784145423856944,0.6664031632309954
amydFocus on the new episode,neither,0.0390865996861924,0.22678559411916444,0.734127806194643
awesome!,neither,0.03945320844208391,0.33037608806864915,0.630170703489267
gandsFacepalm gandsHappy gandsSpoopy,neither,0.03945320844208391,0.33037608806864915,0.630170703489267
campaign!!!,neither,0.03945320844208391,0.33037608806864915,0.630170703489267
"this is like the perfect cast, IMO.",neither,0.053461097921805804,0.3279606910891363,0.6185782109890579
"Ah, this will extend the episode because we won't need as much character creation.",neither,0.036544262534571506,0.32937242070072237,0.6340833167647061
@jimmy_eat_meatloaf perfect cast,neither,0.03945320844208391,0.33037608806864915,0.630170703489267
New Amy Dallen Character always good.,neither,0.04050984600122117,0.30229659958588695,0.6571935544128918
"Sofia ""went to Seattle""",neither,0.04491345364537167,0.32716724904948913,0.6279192973051393
Stef has some serious scarf cred working tonight,neither,0.031952450850274164,0.3186318870292653,0.6494156621204604
So... Gales is charisma/social?,neither,0.05151152168769665,0.390303639323283,0.5581848389890204
Hmm do i need to have watched the previous eps of this to understand whats goin on?,neither,0.04543842585408648,0.32909979976340914,0.6254617743825043
LUL,neither,0.03945320844208391,0.33037608806864915,0.630170703489267
First time watching Weave Society live! Hooray!,neither,0.03637912211601427,0.3453155475281125,0.6183053303558732
@Zismarith Don't underestimate their ability to lose focus and delay the episode.,neither,0.04276961325980193,0.29096449165494603,0.666265895085252
NotLikeThis,neither,0.03945320844208391,0.33037608806864915,0.630170703489267
@stormofsouls Me too,neither,0.025456656249999262,0.41690574403459846,0.5576375997154023
lol whitney,neither,0.03086375243375458,0.3933351323513132,0.5758011152149323
#FarmsAreMurder,neither,0.03945320844208391,0.33037608806864915,0.630170703489267
The Farm in Sin City.,neither,0.03872154438621544,0.3170531574617511,0.6442252981520334
"I've visited ""The Farm"" aka Pet Semetary",neither,0.021566098778164997,0.30411225819059756,0.6743216430312375
"Ladies, Ladies, Ladies! as delivered as Jay.",neither,0.03752999867831249,0.3630179769373752,0.5994520243843124
becca savage,neither,0.03945320844208391,0.33037608806864915,0.630170703489267
"the Cookie Boss is totally the kind of person to send their kid to... ""Summer Camp""",neither,0.04947874681101277,0.31241360703677634,0.6381076461522108
"you just need to know the rules, @Shadowstorm_0",neither,0.056648294521743546,0.3726199959609986,0.5707317095172577
stefBelle stefBelle stefBelle,neither,0.03945320844208391,0.33037608806864915,0.630170703489267
hah @harberst,neither,0.03945320844208391,0.33037608806864915,0.630170703489267
camp campbell,neither,0.03945320844208391,0.33037608806864915,0.630170703489267
@jimmy_eat_meatloaf Sweet! I know that!,neither,0.03435538949339928,0.3861167238746771,0.5795278866319236
"@harberst Oh, no, I EXPECT that. In spades.",neither,0.03976227102357074,0.33734779347460137,0.6228899355018278
jcvimCry dont trust farms,neither,0.03945320844208391,0.33037608806864915,0.630170703489267
"Becca: ""Beat that anecdote, ladies""",neither,0.034753027922187076,0.3821341618707861,0.5831128102070268
Ive always had class the day after this so i couldnt stay up ! But ! I have no more class!,neither,0.03563630887986264,0.40111693985845776,0.5632467512616796
Wait. WHAT,neither,0.04877470361900789,0.3238348708445956,0.6273904255363965
A van down by the river?,neither,0.03959655220653213,0.3542223776594019,0.606181070134066
LUL WTF,offensive_language,0.04231805002032073,0.5786253524025317,0.3790565975771476
My dog's name is Revan.,neither,0.033776860881402776,0.43017602095206775,0.5360471181665295
"Becca, don't take SECRET DOGS from JANITOR VANS",neither,0.040114392890966466,0.31915406241720323,0.6407315446918304
"gandsHR gandsHR don't accept kids out of a janitor's trunk, kids",neither,0.03692817033570347,0.3398945237777256,0.6231773058865709
ranger?,neither,0.03945320844208391,0.33037608806864915,0.630170703489267
jcvimGasp the basement is REAL?,neither,0.03857976801467689,0.4363764070022464,0.5250438249830767
"oh, you kids and classes and homework. lol.",neither,0.046685571338318535,0.30259955820305295,0.6507148704586286
"Just remember that although many of the hosts of the channel are attractive, there's much more to them than that. For example, Becca is also incredibly evil.",neither,0.050801964798290446,0.3068730903519036,0.6423249448498061
@Shadowstorm_0 so are you a Level 1 Human with No Class? #Munchkinreference,neither,0.2234402444671041,0.2524249431711934,0.5241348123617023
"To be fair, Bentley is kind of a dude's name.",neither,0.05025188604144707,0.3281885346857556,0.6215595792727974
Sounds like a butlers name.,neither,0.05354378053780602,0.35034790424815443,0.5961083152140394
"Welcome home, Stef!",neither,0.03945320844208391,0.33037608806864915,0.630170703489267
For the folks playing along at home,neither,0.033742483702505294,0.3138338649130239,0.6524236513844709
Boop \o/,neither,0.03945320844208391,0.33037608806864915,0.630170703489267
w,neither,0.03945320844208391,0.33037608806864915,0.630170703489267
"is this live, this is crazy",neither,0.04755037907288531,0.4241369394241872,0.5283126815029275
this is live,neither,0.06264826366348325,0.3248039992423424,0.6125477370941744
"OH NO, everything's the same hehe",neither,0.042884942636876956,0.29410638866509703,0.6630086686980259
It is good she is back @DanManMtn,neither,0.05995007217981044,0.4239717623175489,0.5160781655026407
!whodat,neither,0.03945320844208391,0.33037608806864915,0.630170703489267
"Amy Dallen ( twitter.com/enthusiamy ), Gina DeVivo ( twitter.com/pocketgina ), Becca Scott ( twitter.com/thebeccascott ), Whitney Moore ( twitter.com/TweetneyMoore ), and Storyteller Stef Woodburn ( twitter.com/StefWoodburn ).",neither,0.03841222203370019,0.456830841076907,0.5047569368893927
"Whoops, audience just shot up, must be frontpage",neither,0.03545075701588536,0.37387172981481964,0.590677513169295
She went to Seattle.,neither,0.04828768422686398,0.4153869513547097,0.5363253644184263
The farm in Seattle,neither,0.03863599446665675,0.31546072573799,0.6459032797953533
stef looking like a BDSM mistress as usual,neither,0.04566037487809659,0.3680323674401795,0.586307257681724
!frontpage,neither,0.03945320844208391,0.33037608806864915,0.630170703489267
"We are on the front page, which means we have an influx of new people coming in here. Some are polite, some are not. Please let the mods handle those who are not. Sit back, enjoy the show, and DON'T FEED THE TROLLS.",neither,0.10504481977893397,0.20508308154005317,0.6898720986810128
oh nice. front page.,neither,0.044197763139479,0.28500970646966617,0.6707925303908548
"Whitney would like that show, but it's be weird.",neither,0.05202265682919615,0.32222564522528085,0.625751697945523
I wonder when #WeftSociety becomes a thing,neither,0.03051891326124492,0.3754525986643632,0.5940284880743919
Watch Amy Dallen playing Mass effect.,neither,0.04325796461754917,0.3290674579505197,0.6276745774319311
Amy's Twitch stream on Tuesday was let's watch Amy figure out Twitch polls.,neither,0.03296107546431276,0.3522613361283939,0.6147775884072934
"Yo, what's Weave about?",neither,0.043767273371849595,0.43351695609590385,0.5227157705322466
"becca, lmao",neither,0.03705015143476208,0.3711622369619404,0.5917876116032975
Amy does that on her own Twitch channel,offensive_language,0.03322224165228184,0.5435441349795044,0.42323362336821374
it'd*,neither,0.034373745257138544,0.33212314837979673,0.6335031063630647
i really like that headband for some reason. is that what those are called?,neither,0.07644500032138044,0.300544377829041,0.6230106218495787
is this story going be about seattle,neither,0.043546518427470725,0.3775345677162842,0.578918913856245
!weave,neither,0.03945320844208391,0.33037608806864915,0.630170703489267
"Weave is a 21st century storytelling platform for everyone. With just two decks of cards and a handful of dice, you and your friends can create adventures in any genre, from sci-fi to high school comedy. When combined with the free companion app, Weave provides all the power you'll need to discover new worlds, imagine amazing characters, and save your stories online in minutes. You can find more information at: https://weave.game/",neither,0.05424416382335852,0.3425299335395282,0.6032259026371134
!backpages,neither,0.03945320844208391,0.33037608806864915,0.630170703489267
hahahaha amy,neither,0.03945320844208391,0.33037608806864915,0.630170703489267
heh @darkofnate,neither,0.03945320844208391,0.33037608806864915,0.630170703489267
"I would watch Amy as she watched paint dry,",neither,0.04190736340182741,0.39853012345129113,0.5595625131468814
amydFocus amydFocus amydFocus amydFocus,neither,0.03945320844208391,0.33037608806864915,0.630170703489267
I want Amy Dallen on Critical role.,neither,0.037536772580838394,0.3374022344605969,0.6250609929585647
Want the inside scoop? Join the cast of Critical Role and discuss this episode right here on Talks Machina. Tuesdays 7pm Pacific at twitch.tv/geekandsundry and projectalpha.com,neither,0.04630302093207864,0.22484473131932575,0.7288522477485957
Amy playing Mass Effect is pretty epic,neither,0.04429171501618749,0.3287119037851806,0.6269963811986319
Ha ha,neither,0.03945320844208391,0.33037608806864915,0.630170703489267
!frontpage,neither,0.03945320844208391,0.33037608806864915,0.630170703489267
"We are on the front page, which means we have an influx of new people coming in here. Some are polite, some are not. Please let the mods handle those who are not. Sit back, enjoy the show, and DON'T FEED THE TROLLS.",neither,0.10504481977893397,0.20508308154005317,0.6898720986810128
@Bidoing This is kinda like a Goonies style story,neither,0.057155793102597316,0.3423849275264388,0.600459279370964
"Oooo I had a GREAT lobster roll today, it felt like summer here in early Spring Maine. :)",neither,0.0634251035770978,0.28438560879535507,0.6521892876275472
!respect,neither,0.03945320844208391,0.33037608806864915,0.630170703489267
"If you would like to share opinions on our hosts, guests or fellow viewers, please do so in a respectful manner. Don't make them feel uncomfortable.",neither,0.04843323757214918,0.39559142321184637,0.5559753392160044
"And it's often ""Let's watch Amy adjust her tech settings while the stream freezes""",neither,0.027019162596084827,0.429830608718498,0.5431502286854172
Got it! Thx,neither,0.0364523474921997,0.3830454385754186,0.5805022139323817
#payamydallen,neither,0.03945320844208391,0.33037608806864915,0.630170703489267
we need to get the Weave gals on CR as a rival adventuring party,neither,0.039294269826613576,0.3505155537658048,0.6101901764075816
LUL This episode is already getting wild,neither,0.04099071720691201,0.3882232559282258,0.5707860268648621
@jbradleywhitman I love how long she spends in the codex.,neither,0.0370695090599007,0.3940619131189715,0.5688685778211278
,neither,0.03945320844208391,0.33037608806864915,0.630170703489267
@darkofnate is she the one freezing the stream!,neither,0.04436020078331754,0.38849118713421643,0.5671486120824661
im shocked it not a dune style story @chaoticloony,neither,0.03671628894494394,0.3599694203924034,0.6033142906626526
"has anyone ever done a ""Sims 5"" sponsored reality show yet?",neither,0.04741531137610598,0.2912782873051716,0.6613064013187225
"Monster Patrol, that takes me back.",neither,0.03170108316617854,0.3875608446582766,0.580738072175545
It's a hockey player :P,neither,0.03262072012532653,0.4254905254868037,0.5418887543878698
A devil horse with wings that breathes fire and shit.,offensive_language,0.04071718171066568,0.92120278186368,0.038080036425654294
jersey devil is a large winged demon thing,neither,0.04484149338285377,0.32852280979446585,0.6266356968226804
It's horrific.,neither,0.037770165237438216,0.33095496380368705,0.6312748709588748
Jersey Devil is Snooki.,neither,0.047947823140779514,0.3274544005480925,0.624597776311128
"@kynaeus2 Not as far as I know, but maybe she's just pretending...",neither,0.03195359880517934,0.45076567565165354,0.517280725543167
moon2OWO moon2OWO,neither,0.03945320844208391,0.33037608806864915,0.630170703489267
@ThatDeadHe4d I would watch the HECK out of that,neither,0.03573021002718262,0.35939259087324177,0.6048771990995757
PogChamp So that's what that means,neither,0.036489847502121496,0.4624546700932337,0.5010554824046449
"@chuckytheclown11 They don't a module for that kind of adventure, YET!!!!",neither,0.03240015577704968,0.3384712202310668,0.6291286239918835
Thx @chaoticloony,neither,0.03945320844208391,0.33037608806864915,0.630170703489267
@kbtibbs Which is worth the deep dive,neither,0.04483208309964255,0.3160433114557563,0.639124605444601
I'm still not over the X Files episode with the monster living in the port a potty,neither,0.030227669790791445,0.3357522686299911,0.6340200615792174
Scully -= Snooky,neither,0.03945320844208391,0.33037608806864915,0.630170703489267
it's a devil from jersey,neither,0.03908553319454055,0.31357219983286655,0.647342266972593
I <3 Gina more,neither,0.044084690295906365,0.306805713525994,0.6491095961780997
Oh god the xfiles toilet monster was so scary!,neither,0.042206993028186215,0.31641784715197196,0.6413751598198418
i did a whole paper on it in middle school,neither,0.036209996498919685,0.34122555325118936,0.6225644502498909
Jersey Xfiles,neither,0.03945320844208391,0.33037608806864915,0.630170703489267
This is a rooms full of hilarious ADD ladies,neither,0.05809220247239754,0.3256118229105168,0.6162959746170856
"""we've gone through some things.""",neither,0.01647630523598326,0.3277149497357762,0.6558087450282405
AWWW we're back to these kids <3,neither,0.07428549485819774,0.36266102479255546,0.5630534803492468
Or the ep that was like cops but hunting a monster,neither,0.040294892037200054,0.3621098078120221,0.5975953001507779
I celebrated Gina's outfit BEFORE I even saw the face on the front.,neither,0.03405295183645731,0.3670668687804616,0.598880179383081
@chaoticloony yet indeed it perfect for stef,neither,0.0332479876712528,0.30515806184629574,0.6615939504824514
lmao,neither,0.03705015143476208,0.3711622369619404,0.5917876116032975
NOT WOLVES,neither,0.03793410507293058,0.33609447229256983,0.6259714226344996
sub 8,neither,0.03945320844208391,0.33037608806864915,0.630170703489267
LUL,neither,0.03945320844208391,0.33037608806864915,0.630170703489267
"wolves are big doggos, always protect them",neither,0.050707601822112536,0.3805869607466331,0.5687054374312543
this is hilarious,neither,0.050298936780661496,0.3286480543696765,0.621053008849662
