text,top_class,hate_speech,offensive_language,neither
Happy Wednesday gandsTWC gandsTWC gandsTWC,neither,0.03945320844208391,0.33037608806864915,0.630170703489267
Theme is Character: C A P T A I N / C A N _ C _ : E L S R F M S O,neither,0.04701865991252575,0.3277739823896286,0.6252073576978455
We have a subscriber-only Discord server! Join here: https://discord.gg/geekandsundry (you'll need to sub and link it to your Twitch) and be a part of the fun!...Warning: It can take up to an hour for the server to update and give you access to the channels,neither,0.08464076273808444,0.286394834032893,0.6289644032290227
"Yeah, mine blipped or something",neither,0.023474765350578547,0.44148192531587443,0.535043309333547
FAK I didnt see that,neither,0.034630904175562575,0.3830434488564522,0.5823256469679851
heyo,neither,0.03945320844208391,0.33037608806864915,0.630170703489267
@jodyhouser good evening!,neither,0.03869882722860525,0.3306355543605695,0.6306656184108252
@JodyHouser Hi Jody,neither,0.03945320844208391,0.33037608806864915,0.630170703489267
And we're on!,neither,0.06291922144365669,0.2512512386976529,0.6858295398586904
YAY~,neither,0.03945320844208391,0.33037608806864915,0.630170703489267
My brain is trying to make that into Captain Caveman...,neither,0.03785737816466981,0.4058873675620485,0.5562552542732817
Captain Canuck.,neither,0.03945320844208391,0.33037608806864915,0.630170703489267
gandsTribble,neither,0.03945320844208391,0.33037608806864915,0.630170703489267
"Whoo, I made it in time!",neither,0.0371431472763239,0.34857674426260143,0.6142801084610747
Captain Canuck,neither,0.03945320844208391,0.33037608806864915,0.630170703489267
Ooomg browser freaked out but im here,neither,0.06798210690644932,0.3496966801681371,0.5823212129254135
It begins,neither,0.037828236809968684,0.3309349903269868,0.6312367728630445
Hi Jody,neither,0.03945320844208391,0.33037608806864915,0.630170703489267
captain canuck?,neither,0.03945320844208391,0.33037608806864915,0.630170703489267
captain canuck?,neither,0.03945320844208391,0.33037608806864915,0.630170703489267
hellooooooooo Wednesdaisies,neither,0.03945320844208391,0.33037608806864915,0.630170703489267
let's go y'all!,offensive_language,0.021332693469601077,0.5151277642033143,0.4635395423270848
hahahaha,neither,0.03945320844208391,0.33037608806864915,0.630170703489267
hi to everyone :),neither,0.039644680664805816,0.4407142664162929,0.5196410529189013
Oh hello Jody!,neither,0.04413077237110488,0.2856292597724891,0.670239967856406
Hiya @JodyHouser,neither,0.03945320844208391,0.33037608806864915,0.630170703489267
@vexelghost Got it!!!,neither,0.033384131469087024,0.4408120912412251,0.525803777289688
Woot!,neither,0.03945320844208391,0.33037608806864915,0.630170703489267
'YAY FEMMY THEY LOVE U,neither,0.0361950444241016,0.3456007010640859,0.6182042545118125
"gandsTWC Hi Taliesin, Matt, and Amy!",neither,0.0388100252782571,0.29846695177565247,0.6627230229460904
woo made it,neither,0.037976528148713294,0.3308839861356039,0.6311394857156828
Hello!,neither,0.03945320844208391,0.33037608806864915,0.630170703489267
Hiiiiiiiii everybody!,neither,0.03945320844208391,0.33037608806864915,0.630170703489267
first time catching wednesday club live!,neither,0.0364317468271941,0.3450524437373491,0.6185158094354568
Hello all!,neither,0.04217753453783664,0.43734383323855475,0.5204786322236087
FEMMIE,neither,0.03945320844208391,0.33037608806864915,0.630170703489267
Hiiiii guys!,neither,0.03922184957078739,0.3343028519130907,0.6264752985161218
b'daisey!,neither,0.03945320844208391,0.33037608806864915,0.630170703489267
no video?,neither,0.046848757063929526,0.2048543271120338,0.7482969158240367
they love,neither,0.03379682500779001,0.3574340063994301,0.6087691685927799
?! I know Fembot Artsypants o.O,neither,0.03945320844208391,0.33037608806864915,0.630170703489267
hello Wednesdaisies,neither,0.03945320844208391,0.33037608806864915,0.630170703489267
um what?,neither,0.04688693609143763,0.32510578774146254,0.6280072761670997
Hi all,neither,0.0423466876598404,0.4436528871510691,0.5140004251890904
hey yallll,neither,0.03945320844208391,0.33037608806864915,0.630170703489267
The Goth Dad shirt!,neither,0.03867180081629842,0.3161282353827376,0.645199963800964
If by the slim chance my package has made it (which is unlikely) someone tell me on twitter or discord,offensive_language,0.023888736844659565,0.4898385973595201,0.48627266579582024
@jodyhouser Hello,neither,0.03945320844208391,0.33037608806864915,0.630170703489267
Oh! Ok. I was wondering why you were talking about her xD,offensive_language,0.036563737206113577,0.5190258566546792,0.4444104061392073
well hello @Fembot_ArtsyPantS,neither,0.03945320844208391,0.33037608806864915,0.630170703489267
Hey all!,neither,0.04285346742239823,0.46255625023407465,0.49459028234352725
HI EVERYONE,neither,0.032490659208996964,0.4485487193596734,0.5189606214313296
"Download the new Critical Role theme song for Campaign Two! http://itunes.apple.com/album/id1331550250?ls=1&app=itunes Sales of the song support the musician, Jason Charles Miller.",neither,0.04445767596344001,0.2510827790306858,0.7044595450058742
grrr...momentary disruption.,neither,0.03945320844208391,0.33037608806864915,0.630170703489267
shoutout to @Fembot_ArtsyPantS,neither,0.04965982151778053,0.324501875937197,0.6258383025450225
Goth Dad is back,neither,0.047250867719747784,0.3276941154766961,0.6250550168035562
I WAS ALMOST LATE OMG,neither,0.039336702633291455,0.33235349569978906,0.6283098016669195
oh man. What a great naaaame,neither,0.04999266051666038,0.3063110170132806,0.6436963224700589
Hi @Fembot_ArtsyPantS,neither,0.03945320844208391,0.33037608806864915,0.630170703489267
HI,neither,0.03945320844208391,0.33037608806864915,0.630170703489267
hi! it is a good name,neither,0.04565797611894064,0.32824198394121773,0.6261000399398416
hey @Fembot_ArtsyPantS it's IcLubYou from KoL :P,neither,0.03889118203758348,0.3047906228178569,0.6563181951445596
Matt got shorter today,neither,0.03724518595414306,0.34778018958140844,0.6149746244644484
Hi @misssunflower94,neither,0.03945320844208391,0.33037608806864915,0.630170703489267
BTW Sup wednesdaisies,neither,0.03945320844208391,0.33037608806864915,0.630170703489267
oh my goodness I was almost late,neither,0.03399997996946855,0.36047352498879126,0.60552649504174
Drink!,neither,0.03945320844208391,0.33037608806864915,0.630170703489267
Hi everyone,neither,0.032490659208996964,0.4485487193596734,0.5189606214313296
Hehehhehe,neither,0.03945320844208391,0.33037608806864915,0.630170703489267
"@misssunflower94 You made it Tangy, you made it!",neither,0.06331512731965579,0.40525849906256306,0.5314263736177811
DRINK,neither,0.03945320844208391,0.33037608806864915,0.630170703489267
I'm never late lol,neither,0.026445045193373474,0.44347728657206986,0.5300776682345566
"Femmie, I hope you're not dead rn. We have to watch Critrole tomorr",neither,0.13366308471288096,0.25105530483156496,0.6152816104555541
They pulled a bamboozle!,neither,0.03945320844208391,0.33037608806864915,0.630170703489267
gandsHappy gandsHappy gandsLessthanthree gandsLessthanthree,neither,0.03945320844208391,0.33037608806864915,0.630170703489267
cteam ended just in time,neither,0.03336322387148488,0.3749693196606911,0.5916674564678241
Hai! I am internet famous now.,neither,0.03926908159127277,0.33043941773589075,0.6302915006728363
Not too late I hope,neither,0.07954793107321613,0.21545500913388452,0.7049970597928994
Amy has Matt's hand placement down pat.,neither,0.03968332524488369,0.3264704053681376,0.6338462693869787
@misssunflower94 You arrive precisely when you mean to ;),neither,0.06217178797998434,0.4413114854869756,0.49651672653304013
"Oh, that's who Lovelywifebrittanny is.",neither,0.05566914497734547,0.4122686975054248,0.5320621575172297
"Yes, Taliesin",neither,0.03945320844208391,0.33037608806864915,0.630170703489267
DRINK.,neither,0.03945320844208391,0.33037608806864915,0.630170703489267
@misssunflower94 scooted on in,neither,0.03222978487939703,0.3665839129166945,0.6011863022039085
bidet wednesdasies - you can reply to this message,neither,0.06476047922133318,0.368119803871514,0.5671197169071528
"Probably, Taliesin.",neither,0.037248874780404465,0.3677893831597844,0.5949617420598112
dawwwww Taliesin.,neither,0.03945320844208391,0.33037608806864915,0.630170703489267
"Yes, Taliesin",neither,0.03945320844208391,0.33037608806864915,0.630170703489267
teach me taliesin,neither,0.03781078823813072,0.2191800307196808,0.7430091810421885
of course you're the liar Taliesin,neither,0.0747057400642088,0.32654334478574726,0.5987509151500439
#LiarGoth,neither,0.03945320844208391,0.33037608806864915,0.630170703489267
we trust you to be the liar,neither,0.062453398265171184,0.35803510894921664,0.5795114927856121
that tracks,neither,0.03469116754114899,0.3823720002990532,0.5829368321597979
da shirt tho,offensive_language,0.07275055221365856,0.48294539983867557,0.444304047947666
Twitter handles wrong. Bizarro confused.,neither,0.03887295743713082,0.4248912255617388,0.5362358170011303
yah its @misssunflower94,neither,0.03199124668635707,0.332942598889196,0.635066154424447
"@Fembot_ArtsyPantS they love your name! How can they not, you are so awesome!",neither,0.10713520600124296,0.3665847997680137,0.5262799942307435
"Help G&S make great content! $4.99/month gets you emotes, Minecraft server access, sub-only VODs, and more! Every sub keeps the channel alive! twitch.tv/geekandsundry/subscribe",neither,0.043907990691603095,0.31135964332838284,0.644732365980014
Hi @JodyHouser :),neither,0.03945320844208391,0.33037608806864915,0.630170703489267
Taliesin is dishonest and we can trust him to be dishonest,neither,0.056040987954787014,0.28586804014091444,0.6580909719042987
We've established that Amy couldn't even be in the room when other students were lying without tattling.,neither,0.022721516375004493,0.3554842021425072,0.6217942814824882
Tal is the shady slytherin friend,neither,0.045170277985867056,0.31522512641539185,0.639604595598741
good teacher xD,neither,0.038571578928237635,0.33067932088611346,0.6307491001856489
@AnomalyBones Bones! gandsTWC gandsTWC,neither,0.03945320844208391,0.33037608806864915,0.630170703489267
Hi @misssunflower94,neither,0.03945320844208391,0.33037608806864915,0.630170703489267
"""Lies"" is literally in the middle of his name.",neither,0.06683864797397736,0.31624483032673195,0.6169165216992908
"Taliesin was a child actor, of course he can lie",neither,0.04334751634373652,0.3272419112269432,0.6294105724293203
@jodyhouser Is a TimeLord,neither,0.081172750358939,0.3160268245287109,0.60280042511235
Oh yeah that is always a good lesson from a teacher,neither,0.031757809511855015,0.4269427295855201,0.5412994609026249
"That's a very good lesson, Matt!",neither,0.03600751168833223,0.36279760248469917,0.6011948858269687
great teachers teach you to lie lol,neither,0.05520205959583913,0.28868947458847394,0.6561084658156869
Amy ILU,neither,0.03945320844208391,0.33037608806864915,0.630170703489267
Hello everyone <3,neither,0.03269494828970791,0.4450814005079928,0.5222236512022994
So true,neither,0.03940988895743227,0.40335630922105503,0.5572338018215127
BIG MOOD,neither,0.02201470483416176,0.40388067414108464,0.5741046210247535
"""something, something, plate tectonics.""",neither,0.03945320844208391,0.33037608806864915,0.630170703489267
"I'm not fond of that lesson, frankly. I don't care if you sound correct or not, I only care if you are correct.",neither,0.04021152410656798,0.4230672085015016,0.5367212673919306
"Yeah, women are trained to ""soften"" our tones",neither,0.04959209685703983,0.4117672914902331,0.5386406116527271
"oh mood, Amy",neither,0.04410630342735983,0.28585571334280047,0.6700379832298399
im so happy about todays episode,neither,0.037493943421111654,0.4108755626209888,0.5516304939578994
Yeah - Amy w/ the truth,neither,0.024668498506274467,0.41392130851707803,0.5614101929766475
I thank Amy everyday.,neither,0.03908317861062882,0.33665646000934923,0.624260361380022
And thats how misinformation is spread kids :D,neither,0.04604457905960085,0.29228851146540064,0.6616669094749984
I'm writing a Time Lord right now. ),neither,0.03775429091202329,0.3611383730827345,0.6011073360052422
"That's genius, Taliesin",neither,0.03462336300107231,0.3831274915853991,0.5822491454135285
Confidence is key. You can get away with saying so much if you say it confidently.,neither,0.03416297327455967,0.4739286465780649,0.4919083801473754
That's some deep wisdom Talesin,neither,0.025099303160968235,0.40362396684329005,0.5712767299957415
"TOPIC: Farenheit 451 style all comic books are about to be destroyed. you have one entire series you can memorize and embody, which one do you pick? do you go with you favorite or the most culturally impacting/important?",neither,0.08605833666432938,0.4289476104123262,0.4849940529233444
"(well, I never do it, even though I probably should've)",neither,0.02426691853228798,0.39573799394902365,0.5799950875186883
Goth Dad </3,neither,0.03945320844208391,0.33037608806864915,0.630170703489267
Hi @JodyHouser,neither,0.03945320844208391,0.33037608806864915,0.630170703489267
#TruthWithEntusiamy,neither,0.03945320844208391,0.33037608806864915,0.630170703489267
Taliesin your family is fascinating,neither,0.1177235873136502,0.30678808787219397,0.5754883248141559
@JodyHouser Brilliant! I love your Time Lords! :D,neither,0.05845828976034934,0.349468071016806,0.5920736392228447
Shout out to Amy from a Valk up in Washington,neither,0.03960995583770994,0.3640316795516085,0.5963583646106816
Taliesin: Yes I lied. I give the truth scope.,neither,0.038808936836741116,0.31867153998895265,0.6425195231743063
Drinking game? This German is intrigued,neither,0.045774886820378134,0.2934331910759874,0.6607919221036345
I think Talesin's grandpa and my grandpa would get along really well,neither,0.03263685853223387,0.3504493899340381,0.6169137515337281
There's cats and dogs and camels coming down out there. Egads.,neither,0.03803216952104937,0.17443199627446743,0.7875358342044833
i love getting this sick taliesin backstory,neither,0.03180386222660075,0.42405893245758886,0.5441372053158104
That's *amazing*,neither,0.03413659802039229,0.3885612680816893,0.5773021338979183
:D,neither,0.03945320844208391,0.33037608806864915,0.630170703489267
oh Taliesin's grandpa *shakes head*,neither,0.04301025302511286,0.3083701333927847,0.6486196135821024
That's so good,neither,0.03183503215138613,0.4797468265973004,0.4884181412513134
That... explains so much,neither,0.03174171988649497,0.4207961759097541,0.547462104203751
that sounds awesome,neither,0.035373284636212046,0.3747921102284513,0.5898346051353366
That's so much work just to be full of shit,offensive_language,0.06004810387458032,0.9371100793048653,0.0028418168205544356
I love it XD,neither,0.030831260484157012,0.3601344986151421,0.609034240900701
i really want the goth dad shirt,neither,0.0389250739864005,0.31441189719907325,0.6466630288145263
dang,neither,0.03945320844208391,0.33037608806864915,0.630170703489267
...that's genius.,neither,0.03462336300107231,0.3831274915853991,0.5822491454135285
@misssunflower94 right??,neither,0.03719022913728602,0.3744360956046963,0.5883736752580178
YES Texas!,neither,0.03945320844208391,0.33037608806864915,0.630170703489267
"oh right, it's not Thursday. Nevermind",neither,0.04051592524570692,0.3096323281214802,0.6498517466328128
"Hi MAtt, Taliesin and Amy!",neither,0.0388100252782571,0.29846695177565247,0.6627230229460904
What's the theme for tonight?,neither,0.036244263804801405,0.2746311791562031,0.6891245570389956
thats what i aspire to be omg,neither,0.05561605661471534,0.32508961260596103,0.6192943307793237
XD,neither,0.03945320844208391,0.33037608806864915,0.630170703489267
But you miss out on all the sweet interior meats of the books!,neither,0.03681776163668682,0.4125165782315114,0.5506656601318016
That's the level of brilliance I want to achieve when I am older,neither,0.033765459693252245,0.373653823902859,0.5925807164038887
So Taliesin's grandpa is Mollymauk?,neither,0.04951426752576614,0.38124462776860285,0.5692411047056309
w o w. So being extra is apparently genetic,neither,0.041318500533788514,0.3822448331504933,0.5764366663157181
Hi matt's dad!,neither,0.03945320844208391,0.33037608806864915,0.630170703489267
QUESTION: Have you or will you ever do a bit about Drinky Crow? or are single strip 3 panel comics below the calibre of discussion?,neither,0.06819300391402781,0.19404365290899112,0.737763343176981
@philbe63 Warren Ellis,neither,0.03945320844208391,0.33037608806864915,0.630170703489267
"Nope, Key parents not here yet",neither,0.07121589341393617,0.3059227495186197,0.6228613570674442
"Texas?! Holy crap, my mom's side of the family is from there",neither,0.03361027819970066,0.35568431701299397,0.6107054047873055
It's clear where Taliesin got his style from,neither,0.060729395542329034,0.3298141114334862,0.6094564930241847
"@Furbzalicious I mean, he did write Mollymauk :P",neither,0.04508178145240914,0.32844016370879153,0.6264780548387993
sounds like blarney city - which would be my dad's family (we didn't have many males on either side of my family),neither,0.02475774619779501,0.4524233713765014,0.5228188824257036
I actually checked lol,neither,0.031831314702180896,0.38556485050626615,0.582603834791553
Clip that story,neither,0.03564361845721804,0.3717988021748163,0.5925575793679656
"We in Texas have that BS-Gene, this is a fact",neither,0.0414009906419998,0.36451756696694043,0.5940814423910598
Most grandpaps are major bullshiters XD,neither,0.07113565913398023,0.2773377497154084,0.6515265911506114
so thats why my dad was such a good story teller,neither,0.02379068030437309,0.4392457274318377,0.5369635922637891
@Furbzalicious Taliesin is from a family of Mollymauks,neither,0.05207298840295859,0.30346032774428416,0.6444666838527572
sup Matt’s dad!!,neither,0.03945320844208391,0.33037608806864915,0.630170703489267
"I heard of the Texas Sharpshooter, never heard of the Texas bullshitter",neither,0.03638699206397026,0.33489596195619764,0.6287170459798321
Heyyyyyyyyy he is right,neither,0.06444481058895164,0.3513329489192608,0.5842222404917875
Orange COWnty,neither,0.03945320844208391,0.33037608806864915,0.630170703489267
"I looked my DM in the eye and with a straight face, i lied to him while cracking up inside! The Frost Giant merchant then rolled a 20 and totally believed me.",neither,0.029461975606778323,0.2796193995878219,0.6909186248053999
Yes,neither,0.03945320844208391,0.33037608806864915,0.630170703489267
Taliesin is a true carney,neither,0.053881947745982164,0.32541338298350403,0.6207046692705137
and thats where my brother gets his awesome brown nosing skills,neither,0.04606393414977187,0.3398209137913282,0.6141151520589
"Among the Irish, it isn't BS it's Blarney and a well cultivated skill",neither,0.03691285105029146,0.29899922749504865,0.6640879214546599
I am from Dallas...,neither,0.04041155069092274,0.3104195627239084,0.6491688865851688
Goin' down to cow town? Live beneath the ocean?,neither,0.046397019380680936,0.31608747719338787,0.6375155034259312
fort worth stock yards represent,neither,0.03945320844208391,0.33037608806864915,0.630170703489267
Is Goth Dad Taliesin or is Goth Dad as in Dream Daddies?,neither,0.045616453620532,0.3429207803128021,0.6114627660666659
Orange County of Dallas? Isn't that all of Dallas?,neither,0.03820778992308415,0.38924667649731254,0.5725455335796034
I am so interested to see the brilliant segue they use to bring this all around to the topic,neither,0.02930847739965629,0.4161894147768538,0.55450210782349
yes,neither,0.03945320844208391,0.33037608806864915,0.630170703489267
They have *A* good bar?,neither,0.03812754860115956,0.3408954207530747,0.6209770306457658
any one backing Street Fighter: The Miniatures Game,neither,0.03784178198578253,0.31206589478775165,0.6500923232264659
I just remembered that I had the Table Top stream playing on Saturday and a friend who hadn't seen it thought Matt looked just like Dr. Strange,neither,0.03721962583418,0.33675144864394435,0.6260289255218756
"No, please do tangent more!",neither,0.042532282034613136,0.3351709968472707,0.6222967211181161
my dad was born in ft worth,neither,0.03123891979331569,0.3930172120884778,0.5757438681182064
@Praxagorathesmophoria Aye! My Uncle Jerry Brady is damn good at blarney,offensive_language,0.10182042060529115,0.6311106706631018,0.26706890873160694
@misssunflower94 mmhmm,neither,0.03945320844208391,0.33037608806864915,0.630170703489267
make it worse Amy,neither,0.0452376007635248,0.20677583102316358,0.7479865682133117
@brassmama it’s the dream daddy mercy but it’s perfect for hi,neither,0.031909718866839194,0.3089670095004627,0.6591232716326981
always make it worse,neither,0.04509708677544992,0.23822255737353684,0.7166803558510133
@likesthevillain it is NOT,neither,0.05039172813663029,0.3355620426682221,0.6140462291951476
Infinity War! GO!,neither,0.040526339383706755,0.33409928565757485,0.6253743749587184
@brassmama Dream Daddy,neither,0.03945320844208391,0.33037608806864915,0.630170703489267
WARREN ELLIS!!!!,neither,0.03945320844208391,0.33037608806864915,0.630170703489267
"damn, I'm late :(",offensive_language,0.044506754151827366,0.8854594448973141,0.07003380095085854
him,neither,0.0391405574965401,0.33568259056847527,0.6251768519349846
"Aw, no segue, just an admission of digression",neither,0.035463514333886906,0.35414652651680767,0.6103899591493055
ooooo,neither,0.03945320844208391,0.33037608806864915,0.630170703489267
Greetings Matt's father,neither,0.03945320844208391,0.33037608806864915,0.630170703489267
make it worse!,neither,0.0471424439058347,0.16236480837942865,0.7904927477147367
Fort cill,neither,0.03945320844208391,0.33037608806864915,0.630170703489267
Warren Ellis pt 1,neither,0.03945320844208391,0.33037608806864915,0.630170703489267
obviously,neither,0.03945320844208391,0.33037608806864915,0.630170703489267
drink,neither,0.03945320844208391,0.33037608806864915,0.630170703489267
YAY! Warren Ellis!,neither,0.03945320844208391,0.33037608806864915,0.630170703489267
Lot of anime voice actors call Ft Worth home.,neither,0.03945320844208391,0.33037608806864915,0.630170703489267
"I'm an imported Texan, so I suppose I lack the BS gene.",neither,0.039053211050025696,0.34313203653842167,0.6178147524115526
@GreyAngel Thanks@,neither,0.035884468650613,0.3004919205142699,0.6636236108351171
@mainnalle they’re just getting into it dw,neither,0.04574982526592438,0.3977418314410853,0.5565083432929903
"No, he is right. Fort Worth is the Orange County of DFW. We just dont bring it up if we dont have to ;)",neither,0.036466039706385005,0.3992463441981401,0.564287616095475
I'm just gonna say this once bc I'm gonna die if I don't... Taliesin's hair looks AMAZING! (ok I'm good now),neither,0.07065173698201269,0.3143271659053861,0.6150210971126013
warren ellis and the weirdness of second life,neither,0.03556500042410392,0.33391954295020565,0.6305154566256904
Calling it early @misssunflower94,neither,0.0395146980418363,0.29897035991283477,0.6615149420453288
(I have a stapler icon! Yay!),neither,0.039072652143678874,0.3368351216253795,0.6240922262309417
@brassmama sure thing,offensive_language,0.03211494965963363,0.5024104158020763,0.4654746345382899
Grant drink,neither,0.03945320844208391,0.33037608806864915,0.630170703489267
Squid4,neither,0.03945320844208391,0.33037608806864915,0.630170703489267
I'm glad they keep coming across 'whole other episodes' because that means Wednesday Club can NEVER END!!!!,neither,0.035886128651152364,0.36701374078149107,0.5971001305673566
Morrison is much trippier,neither,0.04671289982641915,0.32787914730405365,0.6254079528695271
I from San Angelo Tx so Bs is my middle name,neither,0.03725118417685003,0.3945233072272254,0.5682255085959245
"oh good! thanks, @hundredsofsmallbirds",neither,0.04206976491842567,0.24900040841683868,0.7089298266647356
sure,offensive_language,0.030544123004943555,0.5442266193377375,0.42522925765731895
@ladyamphy I know them lol,neither,0.0470741473475522,0.40868601478145716,0.5442398378709907
I will forever be greatful for Midnighter and Apollo,neither,0.03593231503578929,0.26928155571126466,0.6947861292529461
I kinda want Taliesin to go seafoam with his hair on the next dye job,neither,0.04812493883719934,0.3595419013403586,0.592333159822442
p much,neither,0.03139125485428135,0.33314896359323376,0.635459781552485
Warren Ellis had an interesting online short comic called SuperIdol. It was his commentary on virtual idols like Hatsune Miku.,neither,0.05809355994814466,0.3471988044806837,0.5947076355711717
@artistsomeday I LOVE seafoam so I would die,neither,0.23991618219002425,0.14110835656730358,0.6189754612426722
shamrock100 Im at 37 sub months. Can I get a shout out from you wonderful hosts?,neither,0.0448412351431445,0.391903042674444,0.5632557221824116
That's so cool,neither,0.03370500952970764,0.45829613352409315,0.5079988569461991
"Of course you did, Tal...",neither,0.05384343507545211,0.37122731214412513,0.5749292527804227
my aesthetic is matt just sitting crosslegged on the couch cause i do the exact same thing lmao,neither,0.03271772392078088,0.395819891564716,0.571462384514503
I would give anything in my life to have Taliesin guest lecture my comic seminar at university :O,neither,0.028955115043029157,0.44963480753347007,0.5214100774235008
Taliesin is just delightful,neither,0.047281383926257976,0.3744882218681629,0.5782303942055791
most of my exposure to ellis is excalibur. /hides,neither,0.040827743361284294,0.4039468274367699,0.5552254292019458
Taliesin how many documentaries are you in?,neither,0.1238234126437219,0.3241821662588607,0.5519944210974174
Want to see that doc now.,neither,0.04207406239474134,0.36232425578007843,0.5956016818251801
true,neither,0.03945320844208391,0.33037608806864915,0.630170703489267
taliesin is in so many comics documentaries,neither,0.047123054838152545,0.369972555066998,0.5829043900948494
They used the weirdest quotes...from Taliesin...,neither,0.03957724934832851,0.2977622693404172,0.6626604813112542
@misssunflower94 many.... too many...,neither,0.03920410637768093,0.33460400020615144,0.6261918934161675
The weirdest quotes. YOU MEAN ALL OF THEM,neither,0.07655199638113115,0.4260903186087289,0.4973576850101399
Warren Ellis has written SSOOOOO MUCH stuff!!!,neither,0.036906681972307315,0.326445860733246,0.6366474572944467
"@misssunflower94 Don't die, you'll maske Taliesin sad!",neither,0.2824556145544577,0.1431450429246007,0.5743993425209416
wait which documentary is he in,neither,0.051074857619898835,0.3263788699986732,0.622546272381428
*goes to look up hellstorm*,neither,0.047118186122944876,0.392140957268821,0.5607408566082343
I eant want Wednesday Club to talk about Critical role Vox machina Comics,neither,0.03137592741264609,0.34518974213537457,0.6234343304519794
"i wanna watch it, esp if its abt comics",neither,0.027266904724661648,0.36429216792269026,0.6084409273526481
rooW rooVV,neither,0.03945320844208391,0.33037608806864915,0.630170703489267
Amy blows minds! <3,neither,0.03945320844208391,0.33037608806864915,0.630170703489267
@nebulaprinz I like to think thats the only way his stilts of legs will be comfortable,neither,0.07464444791396231,0.30768879961698364,0.617666752469054
"He was married to Hellcat, wasn't he?",neither,0.05665373605394546,0.3247683049734684,0.6185779589725862
Hell-strom?,offensive_language,0.04200371988054301,0.9217873149033805,0.03620896521607647
SHE LOOKS LIKE A FREAK,neither,0.05412233304142685,0.44995726731631924,0.49592039964225393
I keep hearing Halestorm,neither,0.03945320844208391,0.33037608806864915,0.630170703489267
I'm late did I miss anything?,neither,0.03307693233707866,0.33256918180914313,0.6343538858537783
QUESTION: what was your first Warren Ellis book/what got you hooked on his writing?,neither,0.08159019370873587,0.37916925276534036,0.5392405535259236
I just have to say all these deep and thought filled discussions on the Wednesday club was the finial push for me to go to Full Sail.,neither,0.05273432328255139,0.32405999534967467,0.623205681367774
lmao u right @Slippydude,neither,0.036201770551135076,0.38944760599739797,0.574350623451467
Alestorm?,neither,0.03945320844208391,0.33037608806864915,0.630170703489267
"You're wrong, Taliesin.",neither,0.12147782314181849,0.35345380900110274,0.5250683678570788
I always thought it was Dark'seed' too Tal,neither,0.03931311257802042,0.3057806004470831,0.6549062869748965
frieza or freiza,neither,0.03945320844208391,0.33037608806864915,0.630170703489267
i know even less abt this topic than i normally do lmao,neither,0.03880616897941029,0.35477110203531337,0.6064227289852763
Do goth dad birth goth kids?,neither,0.040213479093663254,0.3301145961289022,0.6296719247774346
QUESTION: Have any of been reading the new Wildstorm books?,neither,0.04073807583640641,0.2680708393589917,0.691191084804602
"How can we not, Matt?",neither,0.03825944883050219,0.3332581713559711,0.6284823798135267
"Hellstrom is his name, Hellstorm is a codename",neither,0.11507699328019588,0.3177560507670753,0.5671669559527287
I before e,neither,0.03234611550329437,0.4510020032744584,0.5166518812222473
@safespaceinvador both dads do not birth any kids,neither,0.03950295062050281,0.3335006236077716,0.6269964257717257
*most dads,neither,0.03945320844208391,0.33037608806864915,0.630170703489267
wow. listening and typing,neither,0.03877808130649459,0.29674572290453544,0.66447619578897
"heres a compramize, dark ""say-eed""",neither,0.03945320844208391,0.33037608806864915,0.630170703489267
"meh, 'side' sounds better. anyway, Warren Ellis!",neither,0.03612484021232811,0.35392907270793833,0.6099460870797336
"The only thing Ive read from Ellis is Orbiter, and the first issue or Planetary. I enjoyed both alot",neither,0.03869406956214273,0.28547845053397464,0.6758274799038827
@cinphoria i almost said that,neither,0.034453782080226016,0.3850185323562741,0.5805276855634999
"@brassmama i read Vol. 1. Really liked it, looking forward to Vol 2",neither,0.04327839068285656,0.3278315059106538,0.6288901034064895
@hellbore64 That is very on brand for comics.,neither,0.03559182898057559,0.34610982282210745,0.618298348197317
there's a ton of cool futurism stuff in french comics,neither,0.03939932338572042,0.3041503982213755,0.656450278392904
@hellbore64 that's not a very good codename huh? :/,neither,0.033923531075027706,0.3762082707644456,0.5898681981605267
you would think there would be more science-y scifi in comics....,neither,0.050359178892562445,0.3125904022354172,0.6370504188720203
"Properly, it *should* be pronounced ""dark-side"" Darkseid (similar to my last name, ""Preis"", pronounced ""Price"")",neither,0.03887540129834898,0.3969038185798057,0.5642207801218453
"The ""John Hurt"" Voice",neither,0.03859840324833189,0.31475834567131006,0.6466432510803581
@Smarcey You need to read Planetary. It's very very good,neither,0.05415470600935334,0.3583784442625681,0.5874668497280785
"Damien Hellstrom, aka Hellstorm or the Son of Satan",neither,0.038714018021078156,0.3169133910168636,0.6443725909620583
"Hey, we Brits are not dru...crab... damn it",offensive_language,0.05672399738314936,0.596866966714305,0.3464090359025458
@RMutt1917 That and Injection are pretty much the best things that Ellis has ongoing RN.,neither,0.044902799699368744,0.310764072775692,0.6443331275249392
gandsHype gandsHype gandsHype gandsHype gandsHype gandsHype gandsHype gandsHype gandsHype,neither,0.03945320844208391,0.33037608806864915,0.630170703489267
Planetary is basically a commentary on science fiction,neither,0.044330724076734676,0.34096900024193916,0.6147002756813261
FreakaAngles was my life!!!,offensive_language,0.02031586217201222,0.5300116288298174,0.44967250899817046
aw forums,neither,0.03945320844208391,0.33037608806864915,0.630170703489267
"Im keen to read some more planetary, as well as Ocean looks pretty cool too",neither,0.03624928374366441,0.38945113097337364,0.5742995852829619
"B-movies, monsters, superheroes, etc",neither,0.03945320844208391,0.33037608806864915,0.630170703489267
mondo magazine,neither,0.03945320844208391,0.33037608806864915,0.630170703489267
Taliesin needs a seashell crown,neither,0.03945320844208391,0.33037608806864915,0.630170703489267
@misssunflower94 It makes sense because it so easy to publish plup sci fi stories.So most writers don't have to going through comic book channels to do it,neither,0.04458897754723062,0.3709138991497912,0.5844971233029782
why dont the cheer bit messages get pinned to the top of the chat for a short time anymore?,neither,0.032109497661512804,0.31334098162124707,0.6545495207172403
That is precious,neither,0.04413001575400946,0.3762643213398253,0.5796056629061653
True forum loves,neither,0.03945320844208391,0.33037608806864915,0.630170703489267
FreakAngels*,neither,0.03945320844208391,0.33037608806864915,0.630170703489267
iconic,neither,0.03945320844208391,0.33037608806864915,0.630170703489267
"The phrase ""flirting at someone"" amuses me",neither,0.032561206261398315,0.3663227335297575,0.6011160602088442
Matt FRACTION. wow,neither,0.03945320844208391,0.33037608806864915,0.630170703489267
And they're great,neither,0.06100009979899191,0.22064898955387577,0.7183509106471323
I did not pick up on that,neither,0.03312911038704759,0.3705016842998542,0.5963692053130981
@brassmama his James Bond run was really fun as well,neither,0.0538240916443099,0.3555185910354453,0.5906573173202447
Kelly Sue knows who you guys are,neither,0.07613838449693723,0.382597772502768,0.5412638430002947
gandsTrinketArmor Getting there,neither,0.03344335806800295,0.3739050852116076,0.5926515567203894
aw it's not weird,neither,0.03670463612162708,0.33590879939008317,0.6273865644882897
LUL,neither,0.03945320844208391,0.33037608806864915,0.630170703489267
"Matt's parentals signing on from Fort Worth. Discussion about Matt's feet on the sofa - where he just fits his 6'6"" body better!!",neither,0.046129829279982354,0.33414414864074116,0.6197260220792765
I first name you three all the time ;),neither,0.04608641608117998,0.4543591830516461,0.4995544008671738
Its not weird when its Kelly Sue and Matt,neither,0.026867485066767692,0.33977674157215426,0.633355773361078
Who doesn't aspire to be friends with Matt Fraction?,neither,0.035570438458969234,0.4180161784524777,0.546413383088553
"Lol, it's not weird unless you make it weird...",neither,0.04072077938436377,0.4026080648992039,0.5566711557164323
you mean all matts don't know each other? sadness.,neither,0.05382262919801096,0.4265953980252646,0.5195819727767245
Y'all are weird and thats why we love you,neither,0.06277027571470792,0.3877840419289609,0.5494456823563312
yeah I remember the first time I saw Spider Jerusalem was as an icon on LiveJournal...,neither,0.0238624031798362,0.41939652532092836,0.5567410714992355
its weird!,neither,0.03147251943380984,0.33312101297789765,0.6354064675882924
"The way things have been going, they're probably in the chat",neither,0.04708865270635644,0.3318994076757213,0.6210119396179223
I was just talking earlier today that I talk about the G&S hosts like they're my friends,neither,0.027528639406964133,0.4143260992874951,0.5581452613055409
Amy was on an ep of Tabletop with the DeFractions,neither,0.029172220699194375,0.3529779294269469,0.6178498498738587
So many comic writers are super introverts.,neither,0.06072317669521526,0.32928573898115077,0.6099910843236341
@miriamkey Thats what we'd figured,neither,0.04481586284873504,0.32902090979205195,0.6261632273592131
"@RMutt1917 I need to read his James Bond. It's among the FCBD pickings this year at my shop, so I'm gonna borrow a copy.",neither,0.04464995986401831,0.4151258616567909,0.5402241784791909
"It's okay, we first-name you guys like we know you too so...",neither,0.06559111631565438,0.46516547176310785,0.4692434119212378
I wonder if the Wednesday Club crew has done an episode on Grant Morrison. He has this comic i love called The Filth and it is an experience.,neither,0.03328039918609856,0.3285292097389241,0.6381903910749773
(Not me),neither,0.022550859986703052,0.42744074840138796,0.5500083916119091
did any of you guys read the new DC nation that came out today its pretty good BMB is gonna be great in DC,neither,0.04130104752045161,0.32816144065131275,0.6305375118282356
OH NO.,neither,0.04751210705993949,0.26629718932274826,0.6861907036173122
dark sense of humor? no wonder Taliesin likes him,neither,0.04213628040627916,0.37036774834728126,0.5874959712464397
@misssunflower94 I am the same way,neither,0.039229180708442,0.32046188871832304,0.6403089305732349
@JodyHouser HI!,neither,0.03945320844208391,0.33037608806864915,0.630170703489267
"@misssunflower94 I know, right?",neither,0.03772648452600981,0.3640217083279442,0.598251807146046
LUL,neither,0.03945320844208391,0.33037608806864915,0.630170703489267
"@JodyHouser surely not. also, hi",neither,0.038322548249404426,0.33461599738453596,0.6270614543660596
that sounds amazing omg,neither,0.03588723125063112,0.3691068316683699,0.595005937080999
@JodyHouser we love you regardless Jody,neither,0.05028613533920861,0.38517294741514174,0.5645409172456496
@iam3dpunk -> ONLY HULK CAPSLOCKS [warning],neither,0.03945320844208391,0.33037608806864915,0.630170703489267
@MissNayoung I think they did one a while ago,neither,0.039144792306565236,0.3516683411508992,0.6091868665425355
