text,top_class,hate_speech,offensive_language,neither
@kabney That is not unusual!,neither,0.04468782820727363,0.4149728437881622,0.5403393280045642
"@kabney sub only chat is only during CR.... but that chat is so fast, you can´t really chat there anyway",neither,0.04803200970215785,0.36075369076425134,0.5912142995335908
gandsHype gandsHype gandsLore gandsLore,neither,0.03945320844208391,0.33037608806864915,0.630170703489267
PogChamp,neither,0.03945320844208391,0.33037608806864915,0.630170703489267
"CR live, to be more precise",neither,0.053185100849393284,0.31940746761684,0.6274074315337668
that's the issue with content creators that get too big. they no longer have time to notice their individual fans,neither,0.025509449394933062,0.42467290387119416,0.5498176467338728
"Download the new Critical Role theme song for Campaign Two! http://itunes.apple.com/album/id1331550250?ls=1&app=itunes Sales of the song support the musician, Jason Charles Miller.",neither,0.04445767596344001,0.2510827790306858,0.7044595450058742
cohhHi,neither,0.03945320844208391,0.33037608806864915,0.630170703489267
"You might try and find a local discord channel for critical role, otherwise you may find that you don't enjoy chatting during the show. :)",neither,0.06827908744399733,0.24125081099066267,0.6904701015653399
Hi Ryan,neither,0.03945320844208391,0.33037608806864915,0.630170703489267
"7PST, not 7 EST",neither,0.03554889144452836,0.3454295093440936,0.619021599211378
...,neither,0.03945320844208391,0.33037608806864915,0.630170703489267
oof,neither,0.03945320844208391,0.33037608806864915,0.630170703489267
That bear skin rug in that animation better not have been Trinket.,neither,0.03320760280901004,0.3966389805736009,0.570153416617389
CARRIE!,neither,0.03945320844208391,0.33037608806864915,0.630170703489267
"Help G&S make great content! $4.99/month gets you emotes, Minecraft server access, sub-only VODs, and more! Every sub keeps the channel alive! twitch.tv/geekandsundry/subscribe",neither,0.043907990691603095,0.31135964332838284,0.644732365980014
Carriiieeeeeee <3,neither,0.03945320844208391,0.33037608806864915,0.630170703489267
Hi Carrie!,neither,0.03945320844208391,0.33037608806864915,0.630170703489267
"Hooray, it's Carrie!",neither,0.034373745257138544,0.33212314837979673,0.6335031063630647
Hi Carrie!!!!!!!!! <3,neither,0.03945320844208391,0.33037608806864915,0.630170703489267
Carrie! <3,neither,0.03945320844208391,0.33037608806864915,0.630170703489267
yeah it is best not to Eastimate when it comes to time... @0xFFF1,neither,0.0290987225855628,0.44715674804534394,0.5237445293690933
oof,neither,0.03945320844208391,0.33037608806864915,0.630170703489267
the vox nein! or the migty machina?,neither,0.03677159688307602,0.27761940369538046,0.6856089994215434
BegWan,neither,0.03945320844208391,0.33037608806864915,0.630170703489267
@Thanedarkone vox,neither,0.03945320844208391,0.33037608806864915,0.630170703489267
@Deathstar_Taco that's an unBEARable pun,neither,0.035807828096014016,0.36797838999229504,0.5962137819116909
That Deadfire shirt bloojDerp,neither,0.03372650852319189,0.39315224868719,0.5731212427896182
Vox Machinein!,neither,0.03945320844208391,0.33037608806864915,0.630170703489267
Pillars of Eternity is one of the most loved RPG's in years,neither,0.04436837053641931,0.3399444206777648,0.615687208785816
@Thanedarkone The inner machinations of my mind are an enigma,neither,0.04702568813511631,0.3464276776871199,0.6065466341777639
Who is the person invited ? :),neither,0.04684435415206615,0.3713204893591409,0.581835156488793
"I don't have a goodenough PC, it looks fun though.",neither,0.03794758589981369,0.3377544427565948,0.6242979713435916
Is the White March good?,hate_speech,0.6059827601120183,0.3487021123968281,0.04531512749115344
!whodat,neither,0.03945320844208391,0.33037608806864915,0.630170703489267
"""Long Haired God of Loud Talking Nerds"" Jessica Chobot ( twitter.com/JessicaChobot ), ""The Spectacled God of Bearded Goodness"" Kyle Anderson ( twitter.com/FunctionalNerd ), ""Crunch Wrap God"" Ben McShane ( twitter.com/TeeVeeBen ), ""Don't At Me God Of"" Kate Meyers, Michelle Buchman ( twitter.com/michelledeidre ).",neither,0.03685116970063859,0.4349210468815043,0.5282277834178573
"@ChronoTravis Yes, its really good",neither,0.03204293735312584,0.33292482009858754,0.6350322425482867
Carrie Patel ( twitter.com/Carrie_Patel ),neither,0.038643638597066765,0.475547814777205,0.4858085466257283
"Carrie Patel, co-narrative lead at PoE2: Deadfire",neither,0.03875882548699954,0.35152083314316823,0.6097203413698321
this sounds cool,neither,0.03934059988671175,0.33228734913822566,0.6283720509750625
It is,neither,0.059603583318096655,0.32344545014120724,0.616950966540696
thx dragonchrome :),neither,0.03945320844208391,0.33037608806864915,0.630170703489267
@0xFFF1 are the inner machinations of your mind an enigma wrapped in mystery or just bacon?,neither,0.07193009082682872,0.29618610460813866,0.6318838045650327
@ChronoTravis I think the White March content is better than the base game,offensive_language,0.33127519699472197,0.39083254502544884,0.27789225797982925
carry Kreygasm,neither,0.03945320844208391,0.33037608806864915,0.630170703489267
!whodat,neither,0.03945320844208391,0.33037608806864915,0.630170703489267
"Ryan Green ( twitter.com/HydroSnail ), Carrie Patel ( twitter.com/Carrie_Patel ).",neither,0.0393526388645448,0.44279132069361565,0.5178560404418394
:),neither,0.03945320844208391,0.33037608806864915,0.630170703489267
how long until critical role?,neither,0.03927810744174978,0.3289098148353273,0.6318120777229229
!wheniscr,neither,0.03945320844208391,0.33037608806864915,0.630170703489267
"Critical Role is on at 7 PM PDT on Thursdays, it is currently 4:07 PM PDT on Thursday. There is 2 Hours, 52 Minutes, 19 Seconds until the next episode of Critical Role. This command has been run 933 times but has probably been asked about way more.",neither,0.040927848641521075,0.3439936739353914,0.6150784774230875
@bobadylan about 3 hours,neither,0.037272476258172586,0.36738880448711053,0.5953387192547169
The Wild West sea's,neither,0.0387045959890644,0.31673833299377957,0.644557071017156
He didn't know what deadfire was?,neither,0.03252875786522649,0.37750656730471527,0.5899646748300582
okay thank you,neither,0.06192038896699667,0.4039254355685798,0.5341541754644236
Looks like he didn't play the first,neither,0.030956728993254717,0.3701837886413983,0.5988594823653471
@z_Liquid He's asking questions for those in chat who have not played.,neither,0.05263189279855186,0.31090166025892274,0.6364664469425254
pretty fired up for this,neither,0.03128419749410679,0.34945637680027225,0.619259425705621
He's asking for the audience. I'm sure Ryan has played it.,neither,0.03421325129829955,0.3796261381493058,0.5861606105523947
"I saw ""Lore of Pillars of Eternity"" on Twitter, and I came running! What have I missed?!?",neither,0.0394821360787411,0.3897212880895845,0.5707965758316743
have it pre-orderd cant wat,neither,0.037761950849650214,0.3386785516248974,0.6235594975254524
"Yeah, I gotta finish the first. Someday . . .",neither,0.02228764014063741,0.4208934297539055,0.5568189301054571
Trust @Danoba he's like a master at the Jenga-likes,neither,0.05813716258778332,0.38751184353379625,0.5543509938784205
kinda worried about only having 5 in party instead of 6 :(,neither,0.038316980786767936,0.34966083669724707,0.612022182515985
Should I buy the first one? I'm not a huge isometric RPG guy.,neither,0.039452119661238946,0.38356684224426885,0.5769810380944923
"My watcher in POE is from Deadfire, it's gonna be cool to go to her homeland",offensive_language,0.03835121003369916,0.5594521702238093,0.4021966197424916
^ same for me!!,neither,0.02252784990338572,0.35512471134899654,0.6223474387476178
^ same too! Deadfire represent,neither,0.040105329426687646,0.34346603633103073,0.6164286342422816
"first one was awesome, If you are a baldurs gate game type fan",neither,0.042823978748076016,0.35965371298939053,0.5975223082625334
the pirate life is For Me,neither,0.030974178236970084,0.37394872987063077,0.5950770918923991
@yerboykizzle hide Morgwin ;p,neither,0.03945320844208391,0.33037608806864915,0.630170703489267
"Former pirate from Deadfire, it's gonna be like going back to your bad habits",neither,0.06509005034665306,0.37000823905598734,0.5649017105973595
"For combat like 5 just as 6, but for the story yes, the more the better :c",neither,0.03159904840072991,0.3107930925465345,0.6576078590527357
Is the story on par with planescape torment in terms of weird settings and characters?,neither,0.03446826504142367,0.32578477358837804,0.6397469613701984
she couldn't hide if she tried her best xD @Nanawatzin,offensive_language,0.02312107785203864,0.6461813731463097,0.33069754900165166
I Want Ash vs Evil Dead The Game for PC,neither,0.03534427044909867,0.27943862356212523,0.685217105988776
!respect,neither,0.03945320844208391,0.33037608806864915,0.630170703489267
"If you would like to share opinions on our hosts, guests or fellow viewers, please do so in a respectful manner. Don't make them feel uncomfortable.",neither,0.04843323757214918,0.39559142321184637,0.5559753392160044
"Sigh. I need to win the lottery. I have so many games I need to finish, and work really gets in the way",neither,0.04436464352772914,0.3154654669952588,0.6401698894770121
@yerboykizzle at least keep her away from Basmir... we don't want to see him turning into a puddle xD,neither,0.03832922534738638,0.4426388392933162,0.5190319353592974
Wonder if the first will be on sale on Steam.,neither,0.022602585040620786,0.35983028663125116,0.6175671283281281
My PC is from the Living Lands SeemsGoof,neither,0.03616488566811419,0.36448948588644925,0.5993456284454366
SeemsGood,neither,0.03945320844208391,0.33037608806864915,0.630170703489267
more like VAIN republic,neither,0.05349498093243076,0.3365972662764745,0.6099077527910947
not sure if i want to import my save or start a new character with the multiclassing stuff.,neither,0.019904966937727853,0.44644298768708796,0.5336520453751842
^^ correct,neither,0.03945320844208391,0.33037608806864915,0.630170703489267
"I'm excited to see the Living Lands, eventually",neither,0.04319114810202014,0.3171147735873741,0.6396940783106058
Do both. The aave only carries over choices you made. You still have to recreate your character.,neither,0.08374502025944365,0.3789159797791218,0.5373389999614345
@Tyrol_Aspenleaf you can multiclass even if you import your save :) It's more like a world state.,neither,0.1345365209292447,0.3753283561545769,0.4901351229161784
"josh sawyer said on tumblr that you can change ANYTHING about an imported save, so you can do both afaik",neither,0.05085225722586215,0.4264846766544914,0.5226630661196463
how long before critical role ?,neither,0.03640720576369728,0.3778813576329331,0.5857114366033697
!wheniscr,neither,0.03945320844208391,0.33037608806864915,0.630170703489267
"Critical Role is on at 7 PM PDT on Thursdays, it is currently 4:15 PM PDT on Thursday. There is 2 Hours, 44 Minutes, 42 Seconds until the next episode of Critical Role. This command has been run 934 times but has probably been asked about way more.",neither,0.040904430036832695,0.34378921660851985,0.6153063533546476
The backstory builder mentioned sounds similar to what they did in Dragon Age Inquisition.,neither,0.04612314898062636,0.3162928568512844,0.6375839941680893
"ahh nice, so you can reroll your stats etc just keep world state nice",neither,0.08377454691155185,0.32720960072125954,0.5890158523671886
2 hours 45 min.,neither,0.03945320844208391,0.33037608806864915,0.630170703489267
Exactly :),neither,0.03945320844208391,0.33037608806864915,0.630170703489267
@vexelghost kind of,neither,0.03945320844208391,0.33037608806864915,0.630170703489267
"unfortunatelly today was my last day off and I have to get up in 6 hours again. Good night (or whatever fits best to your timezone), all",neither,0.04414413235168836,0.40440461470948014,0.5514512529388316
@Tyrol_Aspenleaf That's right :),neither,0.030490043889724962,0.4444770456658195,0.5250329104444554
"That’s like my dream job, that’s awesome",neither,0.03159070124241858,0.473705394800545,0.4947039039570364
i am actually more interested in Ixamitl Plains,neither,0.0409391820579775,0.3217295416290782,0.6373312763129442
Later @Ossborn,neither,0.03945320844208391,0.33037608806864915,0.630170703489267
hello everyone,neither,0.03269494828970791,0.4450814005079928,0.5222236512022994
@ossborn roo7,neither,0.03945320844208391,0.33037608806864915,0.630170703489267
We have a subscriber-only Discord server! Join here: https://discord.gg/geekandsundry (you'll need to sub and link it to your Twitch) and be a part of the fun!...Warning: It can take up to an hour for the server to update and give you access to the channels,neither,0.08464076273808444,0.286394834032893,0.6289644032290227
"i like her shirt. wonder if that's included in the stuff that's being postponed, the email of which i haven't received yet.",neither,0.026028362707736924,0.4812133369385517,0.4927583003537115
good night @Ossborn,neither,0.027408777718339543,0.3300282295872874,0.6425629926943731
Hello,neither,0.03945320844208391,0.33037608806864915,0.630170703489267
Night @Ossborn,neither,0.02550723072422885,0.32941079269047424,0.6450819765852968
Hi @iamconfusion101,neither,0.03945320844208391,0.33037608806864915,0.630170703489267
Night @Ossborn,neither,0.02550723072422885,0.32941079269047424,0.6450819765852968
!whodat,neither,0.03945320844208391,0.33037608806864915,0.630170703489267
"Ryan Green ( twitter.com/HydroSnail ), Carrie Patel ( twitter.com/Carrie_Patel ).",neither,0.0393526388645448,0.44279132069361565,0.5178560404418394
gandsHype gandsHype gandsHype gandsHype gandsHype gandsHype gandsHype gandsHype gandsHype gandsHype gandsHype gandsHype gandsHype,neither,0.03945320844208391,0.33037608806864915,0.630170703489267
hi everyone,neither,0.032490659208996964,0.4485487193596734,0.5189606214313296
Hi @katkafili,neither,0.03945320844208391,0.33037608806864915,0.630170703489267
anyone know when critical role is on today? did I miss it?,neither,0.030380593183391286,0.3548061829694166,0.6148132238471922
