text,top_class,hate_speech,offensive_language,neither
bidet from VA,neither,0.04066490145509902,0.30981049537100724,0.6495246031738937
Refresh the stream is up.,neither,0.042801022345961455,0.35597371006553763,0.601225267588501
Bidet from MA,neither,0.031816597323666866,0.4599893087150652,0.5081940939612679
bidet from san francisco!,neither,0.040391840503121675,0.31444505235836057,0.6451631071385178
this is my first critical recap,neither,0.03045348706452413,0.39927554491474604,0.5702709680207299
RECAP,neither,0.03945320844208391,0.33037608806864915,0.630170703489267
nm),neither,0.03945320844208391,0.33037608806864915,0.630170703489267
Critical Role (C2ep17) will preceded by the recap of episode 16 .,neither,0.04040057051060544,0.33230522420050357,0.627294205288891
Soon people calm you role lassLUL,neither,0.08438677248955294,0.36524305741273094,0.550370170097716
OOOOO,neither,0.03945320844208391,0.33037608806864915,0.630170703489267
AYYY,neither,0.03945320844208391,0.33037608806864915,0.630170703489267
Bidet from Maryland,neither,0.04066490145509902,0.30981049537100724,0.6495246031738937
PowerUpR,neither,0.03945320844208391,0.33037608806864915,0.630170703489267
LIVE,neither,0.04891340716200846,0.3271222919257548,0.6239643009122369
Here we go!!,neither,0.13156755280784707,0.2765461283225309,0.5918863188696221
Bidet from the High Desert,neither,0.036163076462785965,0.3787591821003628,0.5850777414368513
woooooooooooooooooooo,neither,0.03945320844208391,0.33037608806864915,0.630170703489267
It's dani time!,neither,0.03675027121489696,0.351733250156266,0.6115164786288371
Recap!,neither,0.03945320844208391,0.33037608806864915,0.630170703489267
hi dani!,neither,0.03945320844208391,0.33037608806864915,0.630170703489267
Daniiiii<3,neither,0.03945320844208391,0.33037608806864915,0.630170703489267
WE LIVE,neither,0.04675156173251523,0.3319383047908141,0.6213101334766706
bidet from dc,neither,0.0408364874901429,0.30689823255244486,0.6522652799574122
AAAAA,neither,0.03945320844208391,0.33037608806864915,0.630170703489267
"Been watching this on YouTube, exited to watch it live",neither,0.049268576114870406,0.34075534461581714,0.6099760792693125
@Masterelite1030 Welcome! chat gets nuts when the show starts,neither,0.04084871379173322,0.301999681428386,0.6571516047798807
recap is live now,neither,0.05268240315094484,0.32582596137557757,0.6214916354734776
Yay Dani!,neither,0.03945320844208391,0.33037608806864915,0.630170703489267
oh recap,neither,0.04535734983354261,0.27438591475104485,0.6802567354154126
bidet from VANCOUVER,neither,0.04228451509352876,0.2823214250720796,0.6753940598343917
bidet from uk,neither,0.04079557052152802,0.30759270029461827,0.6516117291838538
yaaaaa recap,neither,0.03945320844208391,0.33037608806864915,0.630170703489267
@Vox_noctis Here it is! xD,neither,0.18920298618551698,0.2433825668613281,0.5674144469531549
ayyy!,neither,0.03945320844208391,0.33037608806864915,0.630170703489267
WOOOOOOOOOOOOOOOOOOOOOOO,neither,0.03945320844208391,0.33037608806864915,0.630170703489267
BTW Thanks mods for being awesome!,neither,0.02988396126791967,0.3163604431707637,0.6537555955613166
The time has come!,neither,0.0355206809835327,0.35998286628077864,0.6044964527356886
Yyyyyyyyeeeeeeaaaaahhhhhh,neither,0.03945320844208391,0.33037608806864915,0.630170703489267
that scared the crap outta me,neither,0.029772607991611216,0.38403140802014807,0.5861959839882407
bidet from texarkana!,neither,0.04062582848913359,0.31047366557575606,0.6489005059351104
so its weird to see ppl say Larkin since i've been called that by typo accident from a friend lol,neither,0.022657331620942824,0.4083894249181024,0.5689532434609548
B I D E T :) gandsPartyShield gandsPartyShield gandsPartyShield,neither,0.03945320844208391,0.33037608806864915,0.630170703489267
Bidet from Brazil,neither,0.04079557052152802,0.30759270029461827,0.6516117291838538
huzzah!,neither,0.03945320844208391,0.33037608806864915,0.630170703489267
Bidet from Nebraska!,neither,0.04062582848913359,0.31047366557575606,0.6489005059351104
Bidet everyone !,offensive_language,0.02988896790634741,0.4927062106388782,0.4774048214547744
woot,neither,0.03945320844208391,0.33037608806864915,0.630170703489267
PogChamp,neither,0.03945320844208391,0.33037608806864915,0.630170703489267
"This should be called ""Critical Rollback.""",neither,0.05262333639844754,0.3737641599590966,0.5736125036424559
"The recap has started , if you cannot see it please refresh",neither,0.034775490534124806,0.37529621209774683,0.5899282973681284
i rwally wanna see ford eat another sword,neither,0.07243549011521497,0.2776041048830994,0.6499604050016856
YUS!! HERE WE GO!!,neither,0.13156755280784707,0.2765461283225309,0.5918863188696221
Bidet from GA,neither,0.040737273169946825,0.30858215849491494,0.6506805683351382
Hello All,neither,0.04217753453783664,0.43734383323855475,0.5204786322236087
woo,neither,0.03945320844208391,0.33037608806864915,0.630170703489267
bidet!,neither,0.03945320844208391,0.33037608806864915,0.630170703489267
early and proud,neither,0.040159097567762106,0.25467679802534443,0.7051641044068935
It is,neither,0.059603583318096655,0.32344545014120724,0.616950966540696
whoooooot!,neither,0.03945320844208391,0.33037608806864915,0.630170703489267
dani = bae gandsTWC gandsGameEngine,neither,0.036411095294617925,0.3820086874638117,0.5815802172415703
costume time folks,neither,0.03833998105309768,0.3492704621517194,0.6123895567951829
#420praiseit,neither,0.03945320844208391,0.33037608806864915,0.630170703489267
Bidet from Maryland @SkullCGaming,neither,0.04066490145509902,0.30981049537100724,0.6495246031738937
recap recap recap recap recap,neither,0.03945320844208391,0.33037608806864915,0.630170703489267
Bidet from Spain,neither,0.04228451509352876,0.2823214250720796,0.6753940598343917
Bidet from Alabama,neither,0.04078317879478948,0.307803020237201,0.6514138009680096
Our Lady of Recaps Dani Carr ( twitter.com/ItsDaniCarr ),neither,0.03893243441116944,0.413649997352151,0.5474175682366794
HAIL SITHIS!,neither,0.03945320844208391,0.33037608806864915,0.630170703489267
"Bidet from Kansas City, Kansas!",neither,0.040095117957638336,0.319481208339349,0.6404236737030127
Bidet,neither,0.03945320844208391,0.33037608806864915,0.630170703489267
bidet from Nebraska,neither,0.04062582848913359,0.31047366557575606,0.6489005059351104
reecap ahhhh,neither,0.03945320844208391,0.33037608806864915,0.630170703489267
bidet,neither,0.03945320844208391,0.33037608806864915,0.630170703489267
I'm jhapppy,neither,0.03945320844208391,0.33037608806864915,0.630170703489267
Bidet from Tampa.,neither,0.04069404815304118,0.30931579984010865,0.6499901520068502
Bidet from arkansas,neither,0.04066490145509902,0.30981049537100724,0.6495246031738937
bidet from Austin TX!,neither,0.0404991143919742,0.31262433450199256,0.6468765511060333
Bigger,neither,0.03945320844208391,0.33037608806864915,0.630170703489267
Thursday yet,neither,0.03945320844208391,0.33037608806864915,0.630170703489267
Let's dooooo this,neither,0.015332965544688803,0.39434739173319505,0.5903196427221162
Bidet!,neither,0.03945320844208391,0.33037608806864915,0.630170703489267
Bidet from Idaho!!,neither,0.04066490145509902,0.30981049537100724,0.6495246031738937
WOOT,neither,0.03945320844208391,0.33037608806864915,0.630170703489267
bidet from the east coast,neither,0.03957574166208066,0.29812588388908123,0.6622983744488381
Bidet from Virginia,neither,0.04079557052152802,0.30759270029461827,0.6516117291838538
LET'S DO THIS!,neither,0.0195438059392097,0.382678239993645,0.5977779540671454
Bitet from Regina sk,neither,0.04062582848913359,0.31047366557575606,0.6489005059351104
Whats with that overlay?,neither,0.02304976475582676,0.4257210420823558,0.5512291931618175
IS BIDET STILL A THING?!?!?!?!?!,neither,0.05067774295405962,0.3478989926757848,0.6014232643701556
bidet from Louisiana,neither,0.04062582848913359,0.31047366557575606,0.6489005059351104
bidet from toronto!,neither,0.04066490145509902,0.30981049537100724,0.6495246031738937
See you all on the other side o7,offensive_language,0.04781710319817539,0.5101565063955547,0.44202639040626995
gandsLessthanthree gandsLessthanthree gandsLessthanthree gandsLessthanthree,neither,0.03945320844208391,0.33037608806864915,0.630170703489267
Bidet from Buffalo,neither,0.04069404815304118,0.30931579984010865,0.6499901520068502
bidet from UK,neither,0.04079557052152802,0.30759270029461827,0.6516117291838538
bidet de nyc,neither,0.03945320844208391,0.33037608806864915,0.630170703489267
"repeat The recap has started , if you cannot see it please refresh",neither,0.03512926544355241,0.37158131072334744,0.5932894238331002
F,neither,0.03945320844208391,0.33037608806864915,0.630170703489267
low level d&d combat yikes,neither,0.03945320844208391,0.33037608806864915,0.630170703489267
Bidet from my sickbed. LOL,offensive_language,0.015951567417982298,0.5326982438837019,0.4513501886983157
Bidet from Low-Earth Orbit. currently over the Pacific Ocean,neither,0.03767746865102032,0.31073892480779214,0.6515836065411876
Bidet from PA,neither,0.04069404815304118,0.30931579984010865,0.6499901520068502
Always @Thegrossface,neither,0.03557448528484342,0.4519132619047061,0.5125122528104504
howdy yall,neither,0.03639464868045676,0.3822878294283694,0.5813175218911739
bidet from Indiana,neither,0.0408364874901429,0.30689823255244486,0.6522652799574122
Bidet from Massachusetts,neither,0.04069404815304118,0.30931579984010865,0.6499901520068502
I WANT TO KNOW WHAT CALEBS SECRET WASSSSS,neither,0.05401685530454835,0.31733311460158165,0.62865003009387
"bidet from ""far cry 5"" country!",neither,0.0459769126078292,0.3116681134610203,0.6423549739311505
bidet from alaska,neither,0.04066490145509902,0.30981049537100724,0.6495246031738937
IS BIDET STILL A THING?,neither,0.05067774295405962,0.3478989926757848,0.6014232643701556
bidet from the 7 cities Va,neither,0.039557575977768565,0.30256119263049763,0.6578812313917339
Bidet!!,neither,0.03945320844208391,0.33037608806864915,0.630170703489267
Bidet from Mexico,neither,0.040769555981420263,0.3080342349327864,0.6511962090857933
,neither,0.03945320844208391,0.33037608806864915,0.630170703489267
Bidet and beepbeep from TN!,neither,0.03968440849664494,0.2634782097525502,0.696837381750805
bidet from fl,neither,0.04066490145509902,0.30981049537100724,0.6495246031738937
,neither,0.03945320844208391,0.33037608806864915,0.630170703489267
I hope bidet never stops being a thing,neither,0.05930291124018669,0.28997892320026225,0.650718165559551
bidet is last campaign its all ogre,neither,0.04239101044857388,0.4013049864424759,0.5563040031089502
bidet from indiana,neither,0.0408364874901429,0.30689823255244486,0.6522652799574122
Bidet from toronto!,neither,0.04066490145509902,0.30981049537100724,0.6495246031738937
"Bidet from Austin, TX",neither,0.0404991143919742,0.31262433450199256,0.6468765511060333
Budget from northern Manitoba,neither,0.04034574383703774,0.31522743308451706,0.6444268230784452
Is it 8:00 yet?,neither,0.04616165528476351,0.32806874557957966,0.6257695991356569
what,neither,0.057770773616808734,0.3180719994247239,0.6241572269584672
rooKb rooKb rooKb,neither,0.03945320844208391,0.33037608806864915,0.630170703489267
bidet from KC!,neither,0.04066490145509902,0.30981049537100724,0.6495246031738937
its my BIRTHDAY!,neither,0.020211776060827313,0.44517777076548976,0.5346104531736828
@Thegrossface no,neither,0.036918905254960256,0.37338982715841207,0.5896912675866277
Bidet from Broken Bow Nebraska,neither,0.04026691734663583,0.3165653243473843,0.6431677583059798
Bidet from Hawaii!,neither,0.04062582848913359,0.31047366557575606,0.6489005059351104
Anyone is here listen to Hit Dice?,neither,0.09545329221539836,0.2928948870732372,0.6116518207113645
"Bidet from Newfoundland, Canada",neither,0.04071751644889743,0.3089174816120565,0.6503650019390461
Bidet from Alabama!,neither,0.04078317879478948,0.307803020237201,0.6514138009680096
ground control to @pvtzombi,neither,0.0466984392245402,0.32615272514669513,0.6271488356287647
Bidet from Iowa!,neither,0.04069404815304118,0.30931579984010865,0.6499901520068502
bidet from Riverside CA,neither,0.04039749100449293,0.314349148603457,0.6452533603920501
Hail to the all powerful world builder!,neither,0.04519168919393378,0.3669884902291124,0.5878198205769539
Bidet from MD,neither,0.04062582848913359,0.31047366557575606,0.6489005059351104
Bidet from Missouri,neither,0.04071751644889743,0.3089174816120565,0.6503650019390461
@pvtzombi Big if true,neither,0.010579365874346595,0.46181132798366664,0.5276093061419868
gandsJester gandsJester gandsJester,neither,0.03945320844208391,0.33037608806864915,0.630170703489267
HAPPY BIRTHDAY!,neither,0.03945320844208391,0.33037608806864915,0.630170703489267
BACk! had to restart the comp,neither,0.04879743936319486,0.3003103794928834,0.6508921811439216
Hi guys!,neither,0.03930687933907141,0.3328596748352989,0.6278334458256297
BIDET from NYC,neither,0.04081748366884477,0.3072207769958956,0.6519617393352596
RUSTON LOUISIANA,neither,0.03945320844208391,0.33037608806864915,0.630170703489267
Bidet!,neither,0.03945320844208391,0.33037608806864915,0.630170703489267
@mercules420 happy birthday!,neither,0.03945320844208391,0.33037608806864915,0.630170703489267
Bidet all!!!,offensive_language,0.046917543854519406,0.6277741405869331,0.3253083155585475
"bidet from HIllsboro, OR",neither,0.04147775179570021,0.2960143037206597,0.66250794448364
"Bidet from Manitoba, Canada",neither,0.04071751644889743,0.3089174816120565,0.6503650019390461
"""I'm poisoned.""",neither,0.03945320844208391,0.33037608806864915,0.630170703489267
first time watching this on twitch and not youtube,neither,0.030823989971600973,0.33112836877760515,0.6380476412507939
Good evening friendos,neither,0.03869882722860525,0.3306355543605695,0.6306656184108252
thank youuuu,neither,0.03903960342148096,0.33739604469137,0.623564351887149
Bidet from ohio,neither,0.040754399270683486,0.3082914838698526,0.650954116859464
Bidet from Ohio,neither,0.040754399270683486,0.3082914838698526,0.650954116859464
What up party people,neither,0.08624421595756354,0.38421966805859525,0.5295361159838412
Finally a sub :D,neither,0.03945320844208391,0.33037608806864915,0.630170703489267
bidet from ontario,neither,0.04062582848913359,0.31047366557575606,0.6489005059351104
Bidet from texas!,neither,0.040937266849991,0.30518774380265185,0.6538749893473571
gandsHype gandsHype gandsHype gandsHype gandsHype,neither,0.03945320844208391,0.33037608806864915,0.630170703489267
Bidet!,neither,0.03945320844208391,0.33037608806864915,0.630170703489267
First live episode!!!,neither,0.03623662413047561,0.3314824189118229,0.6322809569577015
Bidet,neither,0.03945320844208391,0.33037608806864915,0.630170703489267
gandsLHMercer gandsLHMercer gandsLHMercer,neither,0.03945320844208391,0.33037608806864915,0.630170703489267
,neither,0.03945320844208391,0.33037608806864915,0.630170703489267
bidet from Austin!,neither,0.04086843745212,0.30635595831493706,0.6527756042329429
@Spessmarens -> ONLY HULK CAPSLOCKS [warning],neither,0.03945320844208391,0.33037608806864915,0.630170703489267
Bidet from Winnipeg Canada,neither,0.04071751644889743,0.3089174816120565,0.6503650019390461
!clock,neither,0.03945320844208391,0.33037608806864915,0.630170703489267
Wooooooo I’m back! Couldn’t subscribe last month!,neither,0.03945320844208391,0.33037608806864915,0.630170703489267
,neither,0.03945320844208391,0.33037608806864915,0.630170703489267
It is currently Thursday 6:47 PM at the Geek & Sundry studio in California.,neither,0.051308125346847665,0.3296246508122163,0.6190672238409359
would the opposite of Mighty Nein be Fragile 12?,neither,0.038680869230801024,0.3176779912163109,0.643641139552888
Bidet from NC.,neither,0.04066490145509902,0.30981049537100724,0.6495246031738937
bidet from nebraska!!! gandsSpoopy gandsSpoopy SeemsGood,neither,0.04062582848913359,0.31047366557575606,0.6489005059351104
Beep beep,neither,0.03945320844208391,0.33037608806864915,0.630170703489267
Bidet from FL,neither,0.04066490145509902,0.30981049537100724,0.6495246031738937
Bidet from Arizona!,neither,0.04078317879478948,0.307803020237201,0.6514138009680096
bidet from oklahoma ! gandsJester gandsNott gandsJester gandsNott,neither,0.04066490145509902,0.30981049537100724,0.6495246031738937
WOOT CRITICAL ROLE!!!,neither,0.03945320844208391,0.33037608806864915,0.630170703489267
Bidet from Bellingham,neither,0.04228451509352876,0.2823214250720796,0.6753940598343917
@Mercules420 Same! First time being able to watch the show live (living in Poland) and it's my birthday too!,neither,0.03994339121445513,0.3339799223851002,0.6260766864004447
Bidet mates!,neither,0.03945320844208391,0.33037608806864915,0.630170703489267
"Bidet from Illinois, festival time!",neither,0.03937667937916446,0.3316749859913311,0.6289483346295045
gandsNott,neither,0.03945320844208391,0.33037608806864915,0.630170703489267
Bidet from Vashon Island Washington USA,neither,0.04028906282609389,0.31618945776588525,0.643521479408021
bidet cutie critters,neither,0.03945320844208391,0.33037608806864915,0.630170703489267
"Bidet from Springfield, Missouri!",neither,0.040354386843928725,0.3150807387011266,0.6445648744549448
Bidet!,neither,0.03945320844208391,0.33037608806864915,0.630170703489267
yay!,neither,0.03945320844208391,0.33037608806864915,0.630170703489267
bidet from Amarillo TX!,neither,0.04081748366884477,0.3072207769958956,0.6519617393352596
@PopElectricBh Redlands here!,neither,0.22097653003277068,0.2221615150675793,0.55686195489965
bidet from Texas San Antonio,neither,0.04031505647017286,0.3157482777878597,0.6439366657419674
bidet from the eat coast!!,neither,0.039590626799939674,0.2945649194717399,0.6658444537283204
gandsFjord gandsSpoopy,neither,0.03945320844208391,0.33037608806864915,0.630170703489267
ew,neither,0.03945320844208391,0.33037608806864915,0.630170703489267
Yayyyy,neither,0.03945320844208391,0.33037608806864915,0.630170703489267
Fjord eats the sword,neither,0.03862592081621688,0.31527266449149327,0.64610141469229
bidet from stl,neither,0.04228451509352876,0.2823214250720796,0.6753940598343917
sup,neither,0.03945320844208391,0.33037608806864915,0.630170703489267
WOOO,neither,0.03945320844208391,0.33037608806864915,0.630170703489267
CONSUME!,neither,0.03945320844208391,0.33037608806864915,0.630170703489267
H-hewwo...?,neither,0.03945320844208391,0.33037608806864915,0.630170703489267
Bidet from BC Canada!,neither,0.04052303010603489,0.3122184224193425,0.6472585474746226
Most badass thing in the campaign,neither,0.03873136001113787,0.31723534205037834,0.6440332979384837
Here we go!,neither,0.13156755280784707,0.2765461283225309,0.5918863188696221
blade vore FeelsAmazingMan,neither,0.03945320844208391,0.33037608806864915,0.630170703489267
Bidet from The Gold Coast!,neither,0.03957724824020515,0.2977625363440141,0.6626602154157809
It's Thursday my Dudes... NyaaaaAAAAAAAAAAAAAAAAAAAAAAAAAAAAAAAAHHHHHHHHHHHH!,neither,0.027176770590922265,0.417999444957747,0.5548237844513306
Woo!,neither,0.03945320844208391,0.33037608806864915,0.630170703489267
Bidet from Western MA!,neither,0.034183873238019254,0.4198104583506768,0.5460056684113038
bidet from utah,neither,0.04066490145509902,0.30981049537100724,0.6495246031738937
Fjord the sword swallower...,neither,0.03839939302560993,0.311011251109799,0.6505893558645911
Bidet from Pennslyvania!,neither,0.04228451509352876,0.2823214250720796,0.6753940598343917
CONSUME,neither,0.03945320844208391,0.33037608806864915,0.630170703489267
Bidet critters! #dance_critters,neither,0.03945320844208391,0.33037608806864915,0.630170703489267
Bidet from Wisconsin,neither,0.04071751644889743,0.3089174816120565,0.6503650019390461
bidet?,neither,0.03945320844208391,0.33037608806864915,0.630170703489267
"what the frak, keeps cutting out at me",neither,0.0326216665527462,0.3788406276541221,0.5885377057931317
My first live CR!,neither,0.02718748443016395,0.40877728952263354,0.5640352260472025
deep throat!!,neither,0.10845866749171997,0.31167700069119053,0.5798643318170894
Hello chat mattyLove,neither,0.03945320844208391,0.33037608806864915,0.630170703489267
"Bidet from Newmarket, ON!",neither,0.03565618507881084,0.3206728838469784,0.6436709310742107
poor forddddddddddd,neither,0.03945320844208391,0.33037608806864915,0.630170703489267
Bidet from the watermelon capital of Texas critters,neither,0.03954759513296356,0.30504244495931904,0.6554099599077173
danOh danOh,neither,0.03945320844208391,0.33037608806864915,0.630170703489267
bidet!,neither,0.03945320844208391,0.33037608806864915,0.630170703489267
Bidet!,neither,0.03945320844208391,0.33037608806864915,0.630170703489267
"bidet from Notre Dame, IN!",neither,0.04031606111802873,0.31573122629182365,0.6439527125901476
Bidet!!,neither,0.03945320844208391,0.33037608806864915,0.630170703489267
Bidet from New York!,neither,0.044690599332616286,0.20708884905532376,0.7482205516120599
poor fjord,neither,0.03945320844208391,0.33037608806864915,0.630170703489267
Bidet from NYC,neither,0.04081748366884477,0.3072207769958956,0.6519617393352596
danYum danYum danYum,neither,0.03945320844208391,0.33037608806864915,0.630170703489267
gandsTwenty,neither,0.03945320844208391,0.33037608806864915,0.630170703489267
(cpu went weird for a sec) would the opposite of Mighty Nein be the Fragile 12?,neither,0.03529477565318073,0.2974654727985437,0.6672397515482755
Bidet from Oregon friends!,neither,0.040542959819268296,0.31188016317336464,0.647576877007367
Bidet from Lapeer MI R),neither,0.04081748366884477,0.3072207769958956,0.6519617393352596
Hi from Washington DC!,neither,0.04033869887199069,0.3153470045272592,0.6443142966007501
Bidet from Houston,neither,0.040875471929787875,0.3062365648703896,0.6528879631998226
gandsFjord gandsFjord,neither,0.03945320844208391,0.33037608806864915,0.630170703489267
bidet from across the water from Seattle,neither,0.04030286796774316,0.29196403480299477,0.6677330972292621
Bidet from St Louis MO!,neither,0.040325751892290734,0.3155667485616919,0.6441074995460174
bidet from minnesota,neither,0.04071751644889743,0.3089174816120565,0.6503650019390461
"Bidet from Edmonton, You can reply to this message",neither,0.06455737764081496,0.3489631420722707,0.5864794802869143
bidet from ks,neither,0.04228451509352876,0.2823214250720796,0.6753940598343917
Bidet from NE Ohio!,neither,0.040417606421261354,0.3140077374838422,0.6455746560948964
Bidet from Kentucky,neither,0.04071751644889743,0.3089174816120565,0.6503650019390461
I'm going to YouTube stay turnt,neither,0.04368668001469229,0.350666002581132,0.6056473174041758
"bidet from indiana, pa",neither,0.04042908359285578,0.31381293992885384,0.6457579764782904
Bidet!,neither,0.03945320844208391,0.33037608806864915,0.630170703489267
My first and probably only for a while live crit role!!,neither,0.025242184384288994,0.35419799133069546,0.6205598242850155
i like these recaps a lot,offensive_language,0.08343330786583954,0.5075576583911067,0.4090090337430539
broW broW,neither,0.03945320844208391,0.33037608806864915,0.630170703489267
danOh danOh,neither,0.03945320844208391,0.33037608806864915,0.630170703489267
Bidet from Virginia Beach,neither,0.040454134749990676,0.3133877564139642,0.6461581088360451
Bidet from Edmonton ab!,neither,0.04071751644889743,0.3089174816120565,0.6503650019390461
fjord tough is great,neither,0.04641634741201901,0.29965972652257145,0.6539239260654095
BIDET FROM SF,neither,0.04062582848913359,0.31047366557575606,0.6489005059351104
Bidet from Ga,neither,0.040737273169946825,0.30858215849491494,0.6506805683351382
gandsLollypop,neither,0.03945320844208391,0.33037608806864915,0.630170703489267
Falchion Vore Enthusiast Fjord,neither,0.03945320844208391,0.33037608806864915,0.630170703489267
bidet from Vineland NJ!,neither,0.04069404815304118,0.30931579984010865,0.6499901520068502
The gentleman is evil gilmore,neither,0.045912028014117395,0.31346078320508164,0.6406271887808009
gandsJester,neither,0.03945320844208391,0.33037608806864915,0.630170703489267
The Mighty Nein actually has nine members if you include Frumpkin and Schmitt,neither,0.03513186799008275,0.34854115122137824,0.616326980788539
how do we get accepted to the subscribers only discord?,neither,0.04498204434489911,0.32264753344319247,0.6323704222119084
I work nights so they start normally right as I clock in,neither,0.03755957337077072,0.3901971804273107,0.5722432462019187
Bidet from AZ,neither,0.04078317879478948,0.307803020237201,0.6514138009680096
"Rip me got no video, only audio :<",neither,0.036354998040426315,0.33498486620690465,0.6286601357526691
bidet/beep beep in DFW,neither,0.03945320844208391,0.33037608806864915,0.630170703489267
His story is so sweeet yeah Fjord,offensive_language,0.05109738653160553,0.48622293862492616,0.46267967484346834
Roleaular Crit,neither,0.03945320844208391,0.33037608806864915,0.630170703489267
Good evening all,neither,0.0407757687943942,0.4132731801052576,0.545951051100348
"Bidet from Petersburg, Indiana",neither,0.0408364874901429,0.30689823255244486,0.6522652799574122
bidet from rhode island,neither,0.04039476597904064,0.31439539939713196,0.6452098346238274
Bidet form Kansas,neither,0.03945320844208391,0.33037608806864915,0.630170703489267
i had a hiccup,neither,0.03945320844208391,0.33037608806864915,0.630170703489267
i still don't get that joke,neither,0.033816138988559695,0.4012004780999014,0.5649833829115389
:3,neither,0.03945320844208391,0.33037608806864915,0.630170703489267
"bidet from Buffalo, NY",neither,0.04043211762049359,0.3137614445616591,0.6458064378178473
"if you are having buffering trouble , try a refresh or try dropping you video quality lower",neither,0.05960875682200021,0.3348345291419609,0.605556714036039
danH danH,neither,0.03945320844208391,0.33037608806864915,0.630170703489267
bidet from FL,neither,0.04066490145509902,0.30981049537100724,0.6495246031738937
finally figured out how to wash on apple tv :),neither,0.03877990455173043,0.3468847888100564,0.6143353066382133
Well that sucks. Twitch reboot.,neither,0.03677003669889338,0.3593972459595207,0.603832717341586
Hi from MD,neither,0.04042618578566652,0.3138621232795296,0.6457116909348039
Bidet from Norway!,neither,0.04228451509352876,0.2823214250720796,0.6753940598343917
"Bidet from Montclair, NJ",neither,0.04069404815304118,0.30931579984010865,0.6499901520068502
@carbonneutral congrats on catching up. Have a good night,neither,0.029147456329864676,0.38871984372141266,0.5821326999487225
LUL,neither,0.03945320844208391,0.33037608806864915,0.630170703489267
Bidet from Northern California!,neither,0.058218649711469915,0.3084304411370911,0.6333509091514389
bidet from Edmonton,neither,0.04228451509352876,0.2823214250720796,0.6753940598343917
@tick_tock83 Hello fellow Edmontonion,neither,0.03945320844208391,0.33037608806864915,0.630170703489267
Bidet from Fey,neither,0.04228451509352876,0.2823214250720796,0.6753940598343917
"oh, I though I was late",neither,0.044780826294233404,0.28056987768021285,0.6746492960255538
lol,neither,0.020706217963973744,0.4882283491876925,0.4910654328483337
Bidet from Kansas City!,neither,0.04050054910234117,0.3125999837227694,0.6468994671748894
2 breakfast,neither,0.03945320844208391,0.33037608806864915,0.630170703489267
stud,neither,0.03945320844208391,0.33037608806864915,0.630170703489267
BIDET MY LOVELY WEIRDOS!,neither,0.029495671364030432,0.4068214470406983,0.5636828815952712
Did they ever identify the shackles,neither,0.03863803298205722,0.3154987677238413,0.6458631992941015
lol,neither,0.020706217963973744,0.4882283491876925,0.4910654328483337
Bidet from Oregon,neither,0.04071751644889743,0.3089174816120565,0.6503650019390461
"Hey howdy hey from Madison, WI",neither,0.04015268510055277,0.31850414368582003,0.6413431712136273
first time watching his on twitch and not youtube,neither,0.04486981795648961,0.33196879046416417,0.6231613915793462
Is that Millennium Falcon desk lower in the front than where she's sitting?,neither,0.04293652692132903,0.3801424921170543,0.5769209809616165
aw dani haha,neither,0.035850810846170464,0.3915181767798566,0.5726310123739728
bidet from NH,neither,0.04066490145509902,0.30981049537100724,0.6495246031738937
Bidet from Colorado,neither,0.04066490145509902,0.30981049537100724,0.6495246031738937
bidet from central Indiana,neither,0.0404404044375207,0.3136207956498399,0.6459387999126394
bidet from nj!,neither,0.04069404815304118,0.30931579984010865,0.6499901520068502
"I haven't finished my breakfast, and my breakfast! Love it!",neither,0.025273501189728556,0.40833333914096576,0.5663931596693056
What did he say about his breakfast?,neither,0.07536471518013871,0.3485455817402585,0.5760897030796028
Hello and Welcome @stormbeard117,neither,0.038622036130741805,0.2880724547727782,0.67330550909648
Bidet from Virginia!,neither,0.04079557052152802,0.30759270029461827,0.6516117291838538
Bidet from Seattle!,neither,0.040754399270683486,0.3082914838698526,0.650954116859464
bidet!,neither,0.03945320844208391,0.33037608806864915,0.630170703489267
bidet from Iowa,neither,0.04069404815304118,0.30931579984010865,0.6499901520068502
I wish I could get some Breakfast with my breakfast gandsLHMercer gandsLHMercer,neither,0.02273950097659745,0.41814574191430376,0.5591147571090987
Bidet from Seattle!,neither,0.040754399270683486,0.3082914838698526,0.650954116859464
Bidet from RI.,neither,0.04069404815304118,0.30931579984010865,0.6499901520068502
beep beep,neither,0.03945320844208391,0.33037608806864915,0.630170703489267
Bidet from Omaha,neither,0.04228451509352876,0.2823214250720796,0.6753940598343917
bidet from NH,neither,0.04066490145509902,0.30981049537100724,0.6495246031738937
Bidet from MA,neither,0.031816597323666866,0.4599893087150652,0.5081940939612679
hmm,neither,0.03945320844208391,0.33037608806864915,0.630170703489267
"Bidet from Rochester, New York my fellow Critters",neither,0.033300546204709985,0.30959517127855973,0.6571042825167303
Bidet from Barbados!,neither,0.04228451509352876,0.2823214250720796,0.6753940598343917
my first Critical Role live stream!!!,neither,0.03002700825148835,0.38854221052078775,0.581430781227724
ugh having issues with alpha again tonight,neither,0.02967333863110425,0.35899769855581687,0.611328962813079
ahh yes the drugs,neither,0.03864668161690299,0.3156601118617333,0.6456932065213637
@pseudoish where jn Oregon?,neither,0.041633936317330686,0.29336344477946985,0.6650026189031994
lol while high,offensive_language,0.026831624148056957,0.49359137403939374,0.47957700181254925
Bidet from Cincy!,neither,0.04062582848913359,0.31047366557575606,0.6489005059351104
cheer100 cheer100,neither,0.03945320844208391,0.33037608806864915,0.630170703489267
Bidet!,neither,0.03945320844208391,0.33037608806864915,0.630170703489267
Bidet from TX,neither,0.04081748366884477,0.3072207769958956,0.6519617393352596
bidet from South Australia!,neither,0.04041079298828133,0.31412337922315653,0.6454658277885622
Bidet from va,neither,0.04066490145509902,0.30981049537100724,0.6495246031738937
bidet from Texas,neither,0.040937266849991,0.30518774380265185,0.6538749893473571
bidet from MA!,neither,0.031816597323666866,0.4599893087150652,0.5081940939612679
BIDGET from houston!,neither,0.040875471929787875,0.3062365648703896,0.6528879631998226
BIDET!,neither,0.03945320844208391,0.33037608806864915,0.630170703489267
No flashback of Fjord's Sean Connery impression?,neither,0.03871489927319145,0.3429071214981432,0.6183779792286653
bidet all,offensive_language,0.046917543854519406,0.6277741405869331,0.3253083155585475
Gandsmatt,neither,0.03945320844208391,0.33037608806864915,0.630170703489267
Bidet from ATX,neither,0.04228451509352876,0.2823214250720796,0.6753940598343917
BIDET,neither,0.03945320844208391,0.33037608806864915,0.630170703489267
Bidet from Alberta,neither,0.04062582848913359,0.31047366557575606,0.6489005059351104
All caught up and now I get to watch live,neither,0.052601366804789815,0.3979273700856984,0.5494712631095118
bidet from australia,neither,0.04062582848913359,0.31047366557575606,0.6489005059351104
Bidet from AZ!,neither,0.04078317879478948,0.307803020237201,0.6514138009680096
bidet fron Ontario!,neither,0.03945320844208391,0.33037608806864915,0.630170703489267
"Bidet from Ypsilanti, MI y'all",neither,0.04324940744025782,0.3982080527344978,0.5585425398252444
Bidet from Miami,neither,0.04082729608690459,0.3070542346530501,0.6521184692600454
"Bidet from Grand Rivers, KY!!!",neither,0.040247472636505174,0.3168953518249512,0.6428571755385437
Bidet from the void,neither,0.039779025773403386,0.2539611253407979,0.7062598488857987
Norhtern Cali hype gandsHype sipsO,neither,0.03945320844208391,0.33037608806864915,0.630170703489267
LETS DO THIS!!!!!!!!,neither,0.040148419443759686,0.3496283523875733,0.610223228168667
sup yall,neither,0.03772907095554554,0.3596392008554866,0.6026317281889678
Beep beep from Amsterdam morf3,neither,0.04066490145509902,0.30981049537100724,0.6495246031738937
The Entherial Plain? LUL,neither,0.038669717214372894,0.31608943256376787,0.6452408502218593
Bidet from NC,neither,0.04066490145509902,0.30981049537100724,0.6495246031738937
@DarthDanny25 NH represent!,neither,0.03945320844208391,0.33037608806864915,0.630170703489267
bidet from michigan,neither,0.040769555981420263,0.3080342349327864,0.6511962090857933
Bidet?,neither,0.03945320844208391,0.33037608806864915,0.630170703489267
Drugs are bad mmmkay,neither,0.06822380768583282,0.27359900386351804,0.6581771884506492
Bidet from San Antonio Tx,neither,0.04028946704880015,0.31618259705162277,0.6435279358995771
bidet from Seattle,neither,0.040754399270683486,0.3082914838698526,0.650954116859464
First Time making it to Live!!!!,neither,0.04072610292030968,0.33498769476045165,0.6242862023192387
"Remember, drugs are bad.",neither,0.0625396139504295,0.28305181881210084,0.6544085672374698
"Bidet from Sacramento, CA",neither,0.04039749100449293,0.314349148603457,0.6452533603920501
Bidet from Texas! Howdy y’all!!!,neither,0.04359220329948612,0.4041574955162046,0.5522503011843093
nott is suspisssshh,neither,0.081172750358939,0.3160268245287109,0.60280042511235
hello,neither,0.03945320844208391,0.33037608806864915,0.630170703489267
bidet from Brazil,neither,0.04079557052152802,0.30759270029461827,0.6516117291838538
"congrats @ghostiix, Welcome!",neither,0.03945320844208391,0.33037608806864915,0.630170703489267
SOUTHERN CALI HYPE! burkeHype,neither,0.03945320844208391,0.33037608806864915,0.630170703489267
Bidet,neither,0.03945320844208391,0.33037608806864915,0.630170703489267
Two weeks ago my girl friend and I finished all of critical role episodes. WHAT YEAR IS IT?!?!?!??!,neither,0.03639579634769386,0.4049864593020051,0.558617744350301
"Is Ashley live tonight, or is she back to work?",neither,0.05984309652696985,0.35863823563656355,0.5815186678364667
"Greetings from Wales, the land of druids and bards <3",neither,0.038838434840069255,0.25096338439150917,0.7101981807684217
:),neither,0.03945320844208391,0.33037608806864915,0.630170703489267
Bidet from Texas!,neither,0.040937266849991,0.30518774380265185,0.6538749893473571
Anyone else jacked for the fan art this week?,neither,0.03463822313304567,0.299982343822255,0.6653794330446995
Bidet from Main before chat is choked for subscribers.,neither,0.038453603982645565,0.34010721180472897,0.6214391842126253
Bidet from Las Vegas,neither,0.040400041164603724,0.3143058657309893,0.6452940931044071
4,neither,0.03945320844208391,0.33037608806864915,0.630170703489267
Bidet from Ohayo!,neither,0.04228451509352876,0.2823214250720796,0.6753940598343917
AHH CALEB BACKSTORY FHSGAFJKGDASJKAS,neither,0.03945320844208391,0.33037608806864915,0.630170703489267
Bidet from upstate NY!,neither,0.04041758291270955,0.31400813648531894,0.6455742806019715
i am so interested in Notts back story,neither,0.03924942205984448,0.3687347589934762,0.5920158189466793
First time viewer y’all,neither,0.03030652915414309,0.4734706360161093,0.4962228348297475
Bidet from Waco Texas,neither,0.04042489113558478,0.3138840968701843,0.6456910119942308
,neither,0.03945320844208391,0.33037608806864915,0.630170703489267
aw little liam,neither,0.03919044783803171,0.3348358212699469,0.6259737308920216
Bidet from Montreal!,neither,0.04062582848913359,0.31047366557575606,0.6489005059351104
Bidet from Boston,neither,0.040769555981420263,0.3080342349327864,0.6511962090857933
@aceofalmonds a joke from campaign 1,neither,0.040520224219691724,0.31226604563336585,0.6472137301469425
Bidet from Pittsburgh!,neither,0.04066490145509902,0.30981049537100724,0.6495246031738937
10 mins till pure heaven,neither,0.03945320844208391,0.33037608806864915,0.630170703489267
"bidet from Kingston, Ontario",neither,0.04031924518627951,0.315677184343852,0.6440035704698686
gandsLessthanthree,neither,0.03945320844208391,0.33037608806864915,0.630170703489267
bidet from MIchigan,neither,0.040769555981420263,0.3080342349327864,0.6511962090857933
I watched from the beginning in one week to get caught up for today,neither,0.03627515681119212,0.32991781664411174,0.633807026544696
Bidet from texas everyone,neither,0.03397014056332003,0.42343805963815495,0.542591799798525
SeemsGood,neither,0.03945320844208391,0.33037608806864915,0.630170703489267
bidet from Edmonton Alberta,neither,0.04062582848913359,0.31047366557575606,0.6489005059351104
"Bidet fron Tucson, AZ",neither,0.03945320844208391,0.33037608806864915,0.630170703489267
I love seeing people chime in that they are from Ontario too!,neither,0.07731262987359072,0.3240531283197339,0.5986342418066755
Bidet from Toronto!!,neither,0.04066490145509902,0.30981049537100724,0.6495246031738937
Bidet form Austin,neither,0.03945320844208391,0.33037608806864915,0.630170703489267
Bidet everyone ! gandsHype gandsHype,offensive_language,0.02988896790634741,0.4927062106388782,0.4774048214547744
all the cali hypes! :D,neither,0.04034846186190782,0.3983977317614947,0.5612538063765975
gandsHype gandsHype gandsHype gandsHype,neither,0.03945320844208391,0.33037608806864915,0.630170703489267
Bidet from LA!,neither,0.04094187055022747,0.3051096069949388,0.6539485224548338
Bidet from Michigan,neither,0.040769555981420263,0.3080342349327864,0.6511962090857933
bidet,neither,0.03945320844208391,0.33037608806864915,0.630170703489267
Bidet from Toronto!,neither,0.04066490145509902,0.30981049537100724,0.6495246031738937
bidet from calgary!,neither,0.04228451509352876,0.2823214250720796,0.6753940598343917
gandsMatt gandsMatt gandsMatt gandsMatt gandsTwenty gandsTwenty,neither,0.03945320844208391,0.33037608806864915,0.630170703489267
burkeLove burkeLove burkeLove burkeLove burkeLove burkeLove PARTY TIME!!! burkeLove burkeLove burkeLove burkeLove burkeLove burkeLove,neither,0.037758730060642426,0.35913580843789616,0.6031054615014614
bidet from Maryland,neither,0.04066490145509902,0.30981049537100724,0.6495246031738937
Hey,neither,0.03945320844208391,0.33037608806864915,0.630170703489267
Oh thank goodness I thought it wasn't coming on tonight,neither,0.03977108259978315,0.23451830439012425,0.7257106130100927
Bidet from Peru!,neither,0.04228451509352876,0.2823214250720796,0.6753940598343917
Bidet from Bulgaria :),neither,0.04228451509352876,0.2823214250720796,0.6753940598343917
FESTIVALS MEANS BAD THINGS,neither,0.03667942127170336,0.331330120670225,0.6319904580580716
Bidet from Maine! UMF rep rep,neither,0.04006526658681201,0.31998786400814155,0.6399468694050464
bidet from ct hamden,neither,0.04066490145509902,0.30981049537100724,0.6495246031738937
