text,top_class,hate_speech,offensive_language,neither
May the Fourth of others be with you!,neither,0.04195709282197014,0.366119455881806,0.5919234512962239
Hi folks!,neither,0.03945320844208391,0.33037608806864915,0.630170703489267
Unless the Connie has a super secret Donut Weapon that makes all the Borg crave cinnamon donuts,neither,0.037729300062237126,0.3606112798385102,0.6016594200992528
Hi @gogt200,neither,0.03945320844208391,0.33037608806864915,0.630170703489267
@NitemarePhoenix Same.,neither,0.04148851938089603,0.3488915597363099,0.609619920882794
Hi @renson_arcalian,neither,0.03945320844208391,0.33037608806864915,0.630170703489267
gandsTribble gandsTribble gandsTricorder gandsTricorder,neither,0.03945320844208391,0.33037608806864915,0.630170703489267
May the force of others be in your favor,neither,0.060999496721564184,0.29862397754051623,0.6403765257379195
"@laternalux ooh, those sound good",neither,0.06251081644539339,0.26327019860764894,0.6742189849469576
gandsHype gandsHype gandsHype gandsHype gandsHype gandsHype gandsHype,neither,0.03945320844208391,0.33037608806864915,0.630170703489267
"that could make sense. the borg were such a huge threat to earth that everyone had to try, yeah?",neither,0.03044813761631792,0.44305647545799576,0.5264953869256864
Eric growing out the beard?,neither,0.035485360570946804,0.3304620451349757,0.6340525942940775
pretend?,neither,0.03945320844208391,0.33037608806864915,0.630170703489267
It has the corbomite glazer,neither,0.0361101763720052,0.29073392679385707,0.6731558968341377
this isn't real?,offensive_language,0.03042705567319696,0.4933492144747872,0.47622372985201583
May the Forth be with you.,neither,0.04257621750231758,0.3747842150303869,0.5826395674672955
fun buns,neither,0.03945320844208391,0.33037608806864915,0.630170703489267
thats a new one,neither,0.043273031901043764,0.2510281126355318,0.7056988554634244
Hey everyonel,neither,0.03945320844208391,0.33037608806864915,0.630170703489267
We have a subscriber-only Discord server! Join here: https://discord.gg/geekandsundry (you'll need to sub and link it to your Twitch) and be a part of the fun!...Warning: It can take up to an hour for the server to update and give you access to the channels,neither,0.08464076273808444,0.286394834032893,0.6289644032290227
"Wrong uniforms for the era, right?",neither,0.0337770867924759,0.3105211902010444,0.6557017230064797
Dat Space,neither,0.03945320844208391,0.33037608806864915,0.630170703489267
lol,neither,0.020706217963973744,0.4882283491876925,0.4910654328483337
"Space on top, space on bottom.",neither,0.03629818819650096,0.3455768241382735,0.6181249876652255
Gina can do no wrong.,neither,0.04057271188719093,0.34213849271609786,0.6172887953967113
!points Bonnie,neither,0.03945320844208391,0.33037608806864915,0.630170703489267
"That was an excellent pun, Bonnie! Here, have some points for that one! You have been awarded 59 points!",neither,0.049980789310414435,0.3817775744187309,0.5682416362708548
"That's a new one... ""I'm wearing space down there"" :P",neither,0.03855222798904774,0.28292841617969916,0.6785193558312531
wewll uniforms are expensive,neither,0.06319770115985114,0.28857937970516484,0.6482229191349841
"Well, a grammy maybe?",neither,0.03945320844208391,0.33037608806864915,0.630170703489267
gandsHappy gandsDick gandsFacepalm gandsPencil gandsTricorder gandsTribble,neither,0.03945320844208391,0.33037608806864915,0.630170703489267
"""It's all in my nebula"" Bonnie Gordon 2017",offensive_language,0.028238547346851675,0.5013508677216661,0.47041058493148213
no hector ;(,neither,0.036918905254960256,0.37338982715841207,0.5896912675866277
bedtime for me but I wish everybody a great time watching! May the 4th be with our beloved crew of the Sally <3,neither,0.02625750551585548,0.3299123650031255,0.6438301294810191
Hector has bin stuck in that time warp for the longest,neither,0.032217168394264556,0.3360796810529822,0.6317031505527533
Later @fardreamer_,neither,0.03945320844208391,0.33037608806864915,0.630170703489267
Bonnie would make a fantastic Captain Killy,neither,0.0389063080128741,0.3257964142854475,0.6352972777016784
"Download the new Critical Role theme song for Campaign Two! http://itunes.apple.com/album/id1331550250?ls=1&app=itunes Sales of the song support the musician, Jason Charles Miller.",neither,0.04445767596344001,0.2510827790306858,0.7044595450058742
Gen Con Hype!!,neither,0.03945320844208391,0.33037608806864915,0.630170703489267
Back at ya! @Caoticloony,offensive_language,0.021819448269507106,0.6799858199298857,0.2981947318006072
waiting for the show where the crew gets to the future and meet admiral sage.,neither,0.04651300250725877,0.21627640687389454,0.7372105906188468
Can you all come to Comic Con Honolulu? I would fangirl into the 24th century if you did.,offensive_language,0.04910442647754168,0.4802700985380515,0.4706254749844068
the captain is missing a lot,neither,0.045876701511127,0.313543890956967,0.6405794075319059
But I was promised 2 Bonnie and Xanders,neither,0.03509108341750374,0.3004950190597151,0.6644138975227812
"They got the only ""Bonnie"" and ""Xander"" tickets for the con.",neither,0.03273757908177618,0.29177741410792885,0.6754850068102949
*jazz hands*,neither,0.03945320844208391,0.33037608806864915,0.630170703489267
"Hector's still on the bridge frozen, he'll unfreeze when Sage is actually captain.",neither,0.03806254958432576,0.36085227326268077,0.6010851771529935
https://clips.twitch.tv/GracefulCredulousShrewOptimizePrime,neither,0.03945320844208391,0.33037608806864915,0.630170703489267
I hope some greek & Sundry go to Alamo city Com Con.,neither,0.06075236306709569,0.2644059885284036,0.6748416484045008
I think the panel is at noon on Friday,neither,0.041899603708050105,0.3366013834067801,0.6214990128851697
"Help G&S make great content! $4.99/month gets you emotes, Minecraft server access, sub-only VODs, and more! Every sub keeps the channel alive! twitch.tv/geekandsundry/subscribe",neither,0.043907990691603095,0.31135964332838284,0.644732365980014
high noon?,neither,0.0359097634575303,0.4142632085520573,0.5498270279904125
Heyooo Aux Crew,neither,0.03945320844208391,0.33037608806864915,0.630170703489267
Jaba the Hutt got his hands on Ramierez,neither,0.0632042583034751,0.38096156620424376,0.5558341754922812
"Yes, it will be at night",neither,0.03143673191152168,0.3345928753234917,0.6339703927649867
"Wow...Martinez hasn't been pulling his own weight for the last month...just not showing up for the job. (Joking, love you Hector if you are watching this as a later date.)",neither,0.058016613320917364,0.373648345858783,0.5683350408202996
"kinda wish i had saved my anniversary announcement for this episode, but i didnt plan on not working today",neither,0.027832023921009176,0.3584125261021932,0.6137554499767977
Yay! The best show!,neither,0.05265675670022487,0.23387172289087896,0.7134715204088963
Hi @shidareAKI,neither,0.03945320844208391,0.33037608806864915,0.630170703489267
Hi @shidareAKI,neither,0.03945320844208391,0.33037608806864915,0.630170703489267
Hi @shidareAKI,neither,0.03945320844208391,0.33037608806864915,0.630170703489267
Love sam lose they shit.,offensive_language,0.04277070426703215,0.9548345403920726,0.0023947553408952193
Sam is soooo cute <3,neither,0.048948701887644774,0.2989019169111533,0.652149381201202
So much stuff...,neither,0.034795183354323495,0.3870916527653943,0.5781131638802822
fmgLOVE,neither,0.03945320844208391,0.33037608806864915,0.630170703489267
thank gods they sent her pens,offensive_language,0.03195685561974003,0.5064023101451279,0.4616408342351321
"stars above, that's awesome",neither,0.03632635603273428,0.36426795676222135,0.5994056872050445
@chuckswain they,neither,0.03945320844208391,0.33037608806864915,0.630170703489267
*They,neither,0.03945320844208391,0.33037608806864915,0.630170703489267
!nonbinary,neither,0.03945320844208391,0.33037608806864915,0.630170703489267
"Just your weekly reminder that Sam/Junil Rue is non-binary and uses they/them/their pronouns. Non-binary people, such as Sam, do not identify as male or female. For more information about people who identify as non-binary, check out this helpful link: https://goo.gl/yiBWJP",neither,0.05767622204307906,0.37610167259611094,0.56622210536081
woops,neither,0.03945320844208391,0.33037608806864915,0.630170703489267
*them,neither,0.09030710510890627,0.3048958638649268,0.6047970310261669
that would have been really creepy,neither,0.03473310006110801,0.3758403223402353,0.5894265775986568
Sam warms my nonbinary heart.,neither,0.027539753852116676,0.4238847222488906,0.5485755238989928
gandsHug gandsHug gandsHug gandsHug,neither,0.03945320844208391,0.33037608806864915,0.630170703489267
"Hello, Aux Crew! May the Fourth be with you!",neither,0.04143594052173078,0.35878670275728775,0.5997773567209814
"When i went to GenCon, i got to meet All of the Palladium Games crew but MaryAnne Siembieda. I also got to meet Gary Gygax!",neither,0.04087006510508317,0.41958892161258327,0.5395410132823336
vieHype,neither,0.03945320844208391,0.33037608806864915,0.630170703489267
"Speaking of gifts for Sam, @Danoba you ever been able to investigate my mail to them?",neither,0.050443315789473774,0.3721020618391917,0.5774546223713345
@NitemarePhoenix or Q...,neither,0.03945320844208391,0.33037608806864915,0.630170703489267
gandsHype gandsHug gandsHug,neither,0.03945320844208391,0.33037608806864915,0.630170703489267
Yay enabling! bardHype,neither,0.03945320844208391,0.33037608806864915,0.630170703489267
@gogt200 We only had the two so far on stream so I don't know for sure.,neither,0.03081038778891909,0.4334667317169701,0.5357228804941109
@Caode Yay enbies!,neither,0.03945320844208391,0.33037608806864915,0.630170703489267
:O,neither,0.03945320844208391,0.33037608806864915,0.630170703489267
hahaha,neither,0.03945320844208391,0.33037608806864915,0.630170703489267
#SoSayWeAll,neither,0.03945320844208391,0.33037608806864915,0.630170703489267
"Happy May the 4th, everyone!",neither,0.034827151842681675,0.3847698121311614,0.5804030360261568
"we're enablers, chat!",neither,0.06186868555807418,0.2992880984734001,0.6388432159685256
thats so cool,neither,0.039408332415700915,0.38917678151634416,0.5714148860679549
So Say We All!,offensive_language,0.04218846115961932,0.5230800739010243,0.4347314649393562
That's AWESOME,neither,0.03419525192306799,0.38790559219732307,0.5778991558796089
and one snort already,neither,0.03699525937410316,0.33816104800511504,0.6248436926207819
Are we going to have a little Star Wars in today's episode because it's May 4th?,neither,0.05373363728670942,0.30315510703545684,0.6431112556778337
May the Fourth of others be with you. So say we all. ~Babylon 5.,neither,0.04312891911356345,0.4543929815941959,0.5024780992922409
I got two cap from them,neither,0.05361391632539123,0.3394221093874611,0.6069639742871477
Science Fiction knows no boundaries.,neither,0.03860292667010138,0.34480758879778955,0.616589484532109
"Star wars, star trek, BSG? You're crossing the streams guys.",neither,0.055543655493099725,0.329637718197503,0.6148186263093972
fancy,neither,0.03945320844208391,0.33037608806864915,0.630170703489267
I want a USS sally ride hat,neither,0.03970406731320075,0.32611835833631236,0.6341775743504869
"So when are we getting ""Sally Ride"" gear available in the GNS store??????",neither,0.05997992388509231,0.3864971534168617,0.5535229226980459
@Zismarith 200 points for that,neither,0.030713922434686347,0.34111590492439253,0.6281701726409212
So say we all!,offensive_language,0.04218846115961932,0.5230800739010243,0.4347314649393562
!,neither,0.03945320844208391,0.33037608806864915,0.630170703489267
May we meet again,neither,0.03889317587846754,0.3398813022417435,0.6212255218797891
Hi,neither,0.03945320844208391,0.33037608806864915,0.630170703489267
I wonder if Eric has ever played the Battlestar Galactica RPG?,neither,0.02615276678231046,0.3534392659007789,0.6204079673169106
:D,neither,0.03945320844208391,0.33037608806864915,0.630170703489267
incoming loud noises,neither,0.03945320844208391,0.33037608806864915,0.630170703489267
!pointssam,neither,0.03945320844208391,0.33037608806864915,0.630170703489267
for some reason i feel like i have more BSG to watch even tho i am pretty sure ive seen them all,neither,0.045293049549486354,0.44170910484892073,0.5129978456015929
Take 2 fmgSUP,neither,0.03945320844208391,0.33037608806864915,0.630170703489267
<3 Free Comic Book Day,neither,0.03998655412632869,0.31463036245610143,0.6453830834175699
there's a BSG RPG? That would be a lot of fun,neither,0.035729994799424396,0.3280054781945384,0.6362645270060372
we <3 you all,offensive_language,0.08928743029024357,0.6392194048155051,0.2714931648942514
I love Sam so much. they are my absolute favorite!!!,neither,0.04056345440807846,0.4042693184652336,0.555167227126688
"Tomorrow, I will be guest playing on a streamed STA game that some STO friends of mine run/play",neither,0.03261644656341657,0.33319731019976884,0.6341862432368145
Here comes the penalty kick...,neither,0.0912421127472891,0.2726698934010524,0.6360879938516584
"Fun Fact: the word of the day on Dictionary.com today was ""Sith"". As in the archaic form of ""since""",neither,0.03586253184105416,0.3156861993798663,0.6484512687790795
"@Danoba Well crud. That should have been received two weeks ago. In fact, according to tracking, it was. Meeerrrr.",neither,0.04564275185260465,0.3697201013933105,0.5846371467540847
First Live Episode!!! gandsHug gandsLessthanthree gandsPencil gandsHappy gandsTricorder,neither,0.03623662413047561,0.3314824189118229,0.6322809569577015
@shidareAKI Dot! vieHype 🖖,neither,0.03945320844208391,0.33037608806864915,0.630170703489267
They’re excited! We can start!,neither,0.0572281961070016,0.3009613436132166,0.6418104602797817
No one would trust anyone in the BSG RPG,neither,0.03651036078190579,0.35257277755392413,0.61091686166417
...and it's a goal!!,neither,0.0366883093344391,0.28054272201760583,0.6827689686479551
cool @DJPheonyx,neither,0.03945320844208391,0.33037608806864915,0.630170703489267
good luck,neither,0.038607236521895655,0.330667056604554,0.6307257068735503
wooohooo @aleph_sharp,neither,0.03945320844208391,0.33037608806864915,0.630170703489267
"Breaking News, Sam is excited. details at 11 or sooner maybe later",neither,0.04289331969010168,0.34075923703956157,0.6163474432703367
@rtk142 I wish there was a BSG roleplaying game for the consoles and PC. Like Bioware-esque.,neither,0.04105646378691017,0.22507560526459977,0.73386793094849
There's a BSG board game and it's paranoia incarnate,neither,0.037498546520706603,0.244866865356277,0.7176345881230165
@frankiedoospace gandsLessthanthree,neither,0.03945320844208391,0.33037608806864915,0.630170703489267
"I didn't really much care for the rebooted BSG, they tried to hard for the edgy/dark theme and the ending failed miserablely",neither,0.024280853022496808,0.3961333365915278,0.5795858103859755
I have seen all the episodes of all 3 BSG series.,neither,0.04094438435131483,0.432828439169495,0.52622717647919
ENGAGE fmgSUP,neither,0.03945320844208391,0.33037608806864915,0.630170703489267
"@velvetdove yeah, I JUST caught up",offensive_language,0.018194117733066558,0.5131296577714198,0.46867622449551366
very cool,neither,0.03945320844208391,0.33037608806864915,0.630170703489267
Sounds about right.,neither,0.03637722011448991,0.38541838037572435,0.5782043995097856
"Aaaah, this is my first live episode!",neither,0.032390633482580644,0.4090783664214553,0.5585310000959642
PEOPLES ELBOW!,neither,0.03945320844208391,0.33037608806864915,0.630170703489267
love being able to be here live,neither,0.08440063186497616,0.3294777311329588,0.586121637002065
vieHeart,neither,0.03945320844208391,0.33037608806864915,0.630170703489267
Sounds good,neither,0.03854999574512859,0.3306867443324945,0.6307632599223769
It's not paranoia if he/she/they are a Changeling.,neither,0.04316239047989082,0.4151119500290778,0.5417256594910315
"@caode welcome, me too!",neither,0.030261674278796856,0.3847506271360122,0.584987698585191
@Caode Welcome and Enjoy!,neither,0.03860730184226345,0.28722824611601955,0.6741644520417169
"Rue was what STarfleet needed to end the war all along, good for them",neither,0.052263771231591614,0.3323862136535147,0.6153500151148937
"later season was dragged out way too much @Vance1982 but I liked the first half, never got to see the Original show, tho",neither,0.03469176843707873,0.3373765721479362,0.6279316594149851
that was the star trek/World Wrestling crossover ending,neither,0.03653445622070503,0.3468317588360691,0.6166337849432257
"@alchemistid yeah, the BSG board game is a head trip. It really shows you who your friends are.",neither,0.07286160761738449,0.4046381389947016,0.522500253387914
^_^,neither,0.03945320844208391,0.33037608806864915,0.630170703489267
@rtk142 Thanks,neither,0.035884468650613,0.3004919205142699,0.6636236108351171
hey @Danoba ive been trying to message you and for some reason it doesn't seem to go through even after you message me,neither,0.04662518874059042,0.36615497052114665,0.5872198407382629
I think Eric should be Zhiv in the introduction.,neither,0.052163571849634674,0.34321780710317573,0.6046186210471896
Nice to meet you all,offensive_language,0.07656590373519313,0.48364644374692484,0.43978765251788204
This is crazy,neither,0.03380032850639522,0.4779764166013079,0.48822325489229684
#MilestonesbetterthanKidneystones,neither,0.03945320844208391,0.33037608806864915,0.630170703489267
"@AtmaPrime Warp 13, Aye sir! Engaging warp drive now!",neither,0.03496337806242155,0.4065802271350871,0.5584563948024913
THey all certainly deserve,neither,0.049823659999946715,0.3935902897722243,0.556586050227829
fmgNICE,neither,0.03945320844208391,0.33037608806864915,0.630170703489267
That's 2,neither,0.026110925149043836,0.4791292047641166,0.4947598700868395
You can find something for everyone on Twitch,neither,0.04165395773286797,0.35599638859245675,0.6023496536746752
@Paladin356 Let me try.,neither,0.015052022506000804,0.42498550760339354,0.5599624698906056
Admiral Sage is my STO headcanon.,neither,0.03433744156966291,0.4200543338148834,0.5456082246154538
Thank you for addressing that.,neither,0.0424402626540381,0.38358188341734895,0.573977853928613
It's the Reswole,neither,0.03324079787543189,0.28729122359747633,0.6794679785270917
"For the record, it is totally my head-canon that Sage becomes Captain of the USS Sally Ride after Martinez gets promoted to Admiral.",neither,0.034111050055255505,0.36472907097777296,0.6011598789669715
"@Danoba it went through, but for whatever reason when i try to message you back it just deletes the message",neither,0.0356200430692459,0.36181980065419755,0.6025601562765565
That's why its the Re-fit Sam!,neither,0.03320367770889333,0.342832123001903,0.6239641992892037
niceeee,neither,0.03945320844208391,0.33037608806864915,0.630170703489267
The Rue-fit?,neither,0.03822330179312246,0.3076522537423983,0.6541244444644794
"Maybe ""Janus""?",neither,0.03945320844208391,0.33037608806864915,0.630170703489267
!rbschedule,neither,0.03945320844208391,0.33037608806864915,0.630170703489267
Find the unfinished rebroadcast schedule for the weekend here: http://bit.ly/WeekRebroadcast,neither,0.05904738035105781,0.17020024858160615,0.7707523710673361
The Perfect-Fit,neither,0.03848680539145012,0.3126632089314393,0.6488499856771106
!points @darkofnate,neither,0.03945320844208391,0.33037608806864915,0.630170703489267
"That was an excellent pun, @darkofnate! Here, have some points for that one! You have been awarded 32 points!",neither,0.050107313171023064,0.38230503055647863,0.5675876562724983
"I can agree to that @The_TBoyce , others would get good assignments as well",neither,0.03865588192330976,0.380348519534187,0.5809955985425034
@Paladin356 Twitchs chat is glitchy for me too,neither,0.03292228994958852,0.3419844210567777,0.6250932889936338
Sally gonna get swol,neither,0.036611997406863,0.4333007423121565,0.5300872602809805
upgrades?? dgaHype,neither,0.03945320844208391,0.33037608806864915,0.630170703489267
Sally Ride is Beautiful,neither,0.04933364467258552,0.3269777529756231,0.6236886023517915
im glad to know its not me. IDK why it keeps doing that,neither,0.024474235281330407,0.41430118585658304,0.5612245788620865
3,neither,0.03945320844208391,0.33037608806864915,0.630170703489267
#shipofknowledge,neither,0.03945320844208391,0.33037608806864915,0.630170703489267
XO IRL FYI IMHO,neither,0.03945320844208391,0.33037608806864915,0.630170703489267
Fun!,neither,0.03945320844208391,0.33037608806864915,0.630170703489267
I also Just posted my Ensign AuxCrew character in discord,neither,0.02868858796652075,0.38672783951513484,0.5845835725183444
"Hehhehehhehe, we so love Bonnie!",neither,0.034507430517984806,0.43190422092090797,0.5335883485611074
Let's go fight the Dominion! vieHype,neither,0.026544170475758935,0.34694859455099186,0.6265072349732492
"Sally ride upgrades list, warp core overhaul, warp coil replacement, 6 borg in the cargo.... wait what?!",neither,0.041695203811935165,0.32008067351183556,0.6382241226762293
"To quote Auli'i Cravalho, ""My fries and emotions are ready.""",neither,0.0507836975569827,0.32671773657638276,0.6224985658666347
"but they got to meet three time lords and others, so, worth it",neither,0.03833960619099498,0.3727712240993075,0.5888891697096975
I love Dominion ships... they will be my next purchase in STO.,neither,0.03071948780853871,0.39260042287718605,0.5766800893142753
Nnnngn hungry,neither,0.03945320844208391,0.33037608806864915,0.630170703489267
Carrier and Fighter.,neither,0.03850868819351477,0.2814481268397341,0.6800431849667511
"I wonder if when the Romulans enter the war, the empire will send some ships to Narenda",neither,0.023728556153444717,0.3526110383784189,0.6236604054681364
Ohai @shidareAKI ! Hydrate!,neither,0.03945320844208391,0.33037608806864915,0.630170703489267
Gina was awesome last episode. Professional Quality Actress that what Gina is.,neither,0.044613980184626666,0.3507811202793829,0.6046048995359905
the bug ship is so sweet @Lefty79,neither,0.04466538559099904,0.34865960122244943,0.6066750131865516
im excited for the new update to STO,neither,0.041194824734583184,0.24441156580719353,0.7143936094582233
Thanks @lefty79,neither,0.035884468650613,0.3004919205142699,0.6636236108351171
@Lefty79 I am going to get the Gamma pack,neither,0.04189974310383006,0.34256687902018423,0.6155333778759857
!rbschedule,neither,0.03945320844208391,0.33037608806864915,0.630170703489267
Find the unfinished rebroadcast schedule for the weekend here: http://bit.ly/WeekRebroadcast,neither,0.05904738035105781,0.17020024858160615,0.7707523710673361
!rbschedule,neither,0.03945320844208391,0.33037608806864915,0.630170703489267
@shidareAKI ..but not for chicken pasta? haha,neither,0.028824670175780682,0.37335547422477766,0.5978198555994416
I just wish we got an actual Cardassian faction not just Fed and KDF playable,neither,0.032562965629000316,0.35826255319488437,0.6091744811761153
"@rtk142 It's like Blue Beetle's ship, but MUCH cooler!",neither,0.04000437578707472,0.34759536934205637,0.6124002548708689
@chuckswain just hungry in general,neither,0.034888674392093526,0.35192404610207934,0.6131872795058271
Like Archer did.....,neither,0.06321692056702809,0.361925423977959,0.574857655455013
Good news: Cold War with Klingons is over. Bad news: Shooting war with entire Gamma Quadrant in full swing.,neither,0.03674864269000147,0.3570592419137024,0.606192115396296
Commander Rue would crush the enemies,neither,0.03839447199219257,0.3153130750411789,0.6462924529666286
i agree rtk,neither,0.03945320844208391,0.33037608806864915,0.630170703489267
"It still feels weird that Sally Ride is to remain in the Shackleton Expanse. I mean, it is a science vessel, but we're losing...all hands on deck.",neither,0.05116007826044927,0.37193110495241627,0.5769088167871345
Hey guys what did I mis...oh that's a bomb!,neither,0.043888301544003125,0.3236899750930756,0.6324217233629214
!rbschedule,neither,0.03945320844208391,0.33037608806864915,0.630170703489267
Find the unfinished rebroadcast schedule for the weekend here: http://bit.ly/WeekRebroadcast,neither,0.05904738035105781,0.17020024858160615,0.7707523710673361
"""Victory is life!""",neither,0.04416163757698704,0.3899840462954032,0.5658543161276097
"i would have really desired a full Cardassian campaign.... i mean what we get is cool, but i wanted it to be so much more",neither,0.05767915514982194,0.35635823007131723,0.5859626147788608
roll credits,neither,0.03945320844208391,0.33037608806864915,0.630170703489267
"...you know, I've never watched Star Trek, but I might after watching these guys.",neither,0.031916196051559306,0.41272678823403763,0.5553570157144032
Looks like a lot of fun.,neither,0.05084576915484472,0.3468410624746326,0.6023131683705226
at least until Sisko cons them into wat,neither,0.0483658131873827,0.34163762129293024,0.6099965655196871
wait jem hadar? we got dominion stuff going on?,neither,0.03523516215555267,0.39488590697710524,0.5698789308673422
*GASP* i have ice cream,neither,0.039017754207284434,0.33776688287819034,0.6232153629145253
war,neither,0.03945320844208391,0.33037608806864915,0.630170703489267
"@The_TBoyce I am Miles O'Brien. I am alive. And I expect you to shoot anyone who tries to change that!""",neither,0.062096119167464346,0.34568247905890775,0.5922214017736278
"someone should really do something about that. Like Sisko maybe, and Garak",neither,0.054400871395930805,0.3927322684826722,0.5528668601213971
its a good time @CrippledProfiler,neither,0.029282641011843778,0.36073354642625965,0.6099838125618966
!rbschedule,neither,0.03945320844208391,0.33037608806864915,0.630170703489267
Find the unfinished rebroadcast schedule for the weekend here: http://bit.ly/WeekRebroadcast,neither,0.05904738035105781,0.17020024858160615,0.7707523710673361
rooNom,neither,0.03945320844208391,0.33037608806864915,0.630170703489267
when ever i hear Eric say Jim hadar. ithink he is talking about a guy named jim,neither,0.03945786223575356,0.3673316288092534,0.5932105089549929
