text,top_class,hate_speech,offensive_language,neither
#rebringbackasininewisdom,neither,0.03945320844208391,0.33037608806864915,0.630170703489267
this show made sub to the g&s twitch,neither,0.05634412550442932,0.2584979790608322,0.6851578954347385
Give us more of the goofy 'bama boys please! #ReBringBackAsinineWisdom,neither,0.06469838375197491,0.3090299887946224,0.6262716274534026
1 hashtag = 1 like,neither,0.05538671333580579,0.35266920112084554,0.5919440855433487
evening all!,neither,0.041793358651534496,0.4229818652092969,0.5352247761391685
Yesssssssssssss,neither,0.03945320844208391,0.33037608806864915,0.630170703489267
Bidet from Indiana!,neither,0.0408364874901429,0.30689823255244486,0.6522652799574122
!awdisclaimer,neither,0.03945320844208391,0.33037608806864915,0.630170703489267
"The views expressed here are those of the hosts only (and possibly not even that), and do not represent the views of Geek & Sundry, Legendary, or any reasonable person.",neither,0.06910053739593268,0.2577091001413053,0.6731903624627621
#ReBringBackAsinineWisdom,neither,0.03945320844208391,0.33037608806864915,0.630170703489267
Is everyone ready?,neither,0.041262036450053476,0.4450965041340042,0.5136414594159423
Here it is!!! :-D,neither,0.18920298618551698,0.2433825668613281,0.5674144469531549
sorry,neither,0.03945320844208391,0.33037608806864915,0.630170703489267
I wonder if Ryan hating the show is a gimmick or if he genuinely hates this show,neither,0.06592998021882483,0.29071055833583137,0.6433594614453437
@TheDiMono of course not,neither,0.0376960296429906,0.3370062592650134,0.6252977110919961
"""Nor SHOULD anyone hold these opinions.""",neither,0.0573782412469998,0.41993744534889355,0.5226843134041067
Want the inside scoop? Join the cast of Critical Role and discuss this episode right here on Talks Machina. Tuesdays 7pm Pacific at twitch.tv/geekandsundry and projectalpha.com,neither,0.04630302093207864,0.22484473131932575,0.7288522477485957
"Howdy, folks!",neither,0.03945320844208391,0.33037608806864915,0.630170703489267
"i have my tissues for crying, that is, both types...",neither,0.028558204266329927,0.40568030334523636,0.5657614923884337
Hi @scottmacs,neither,0.03945320844208391,0.33037608806864915,0.630170703489267
Love this show,neither,0.05833385288354363,0.23792695023094135,0.703739196885515
Hi @scottmacs,neither,0.03945320844208391,0.33037608806864915,0.630170703489267
#rebringbackasininewisdom,neither,0.03945320844208391,0.33037608806864915,0.630170703489267
Hi @scottmacs,neither,0.03945320844208391,0.33037608806864915,0.630170703489267
Hello all! Here for the Asinine Wisdom series finale!,neither,0.06037053112443513,0.31838901741736475,0.6212404514582001
I get the feeling @hydrosnail can't hare.,neither,0.03804956223158266,0.3153113817045747,0.6466390560638428
ReBringbackAsinineWisdom,neither,0.03945320844208391,0.33037608806864915,0.630170703489267
"@kolbedanielson little column a , little column B",neither,0.03913165087055051,0.33583375925596015,0.6250345898734893
#ReBringbackAsinineWisdom,neither,0.03945320844208391,0.33037608806864915,0.630170703489267
Jake Bennett ( twitter.com/jakegbennett ) andDaryl Crittenden ( twitter.com/irdaryl ),neither,0.03869502270959988,0.46280262931243193,0.4985023479779682
#ReBringBackAsinineWisdom,neither,0.03945320844208391,0.33037608806864915,0.630170703489267
Me: *is sad*,neither,0.03914787555457909,0.38295621867902535,0.5778959057663956
Taps?,neither,0.03945320844208391,0.33037608806864915,0.630170703489267
NOOOOO the tears so soon,neither,0.03864351080835245,0.35231307369336695,0.6090434154982806
@The_TBoyce Just season finale,neither,0.035257764973762644,0.3472323978857834,0.617509837140454
BibleThump,neither,0.03945320844208391,0.33037608806864915,0.630170703489267
swiCry swiCry swiCry swiCry swiCry,neither,0.03945320844208391,0.33037608806864915,0.630170703489267
heartbreaking,neither,0.03945320844208391,0.33037608806864915,0.630170703489267
Are they going to burn the banner?,neither,0.07081809691418964,0.22269739633466498,0.7064845067511454
@The_TBoyce Season Finale!,neither,0.03970109683685264,0.3261687750722654,0.6341301280908821
"Oh, I made it.",neither,0.044718518000780486,0.2597556641032122,0.6955258178960073
never @harberst,neither,0.030459082922392345,0.4239770323623975,0.5455638847152102
We have a subscriber-only Discord server! Join here: https://discord.gg/geekandsundry (you'll need to sub and link it to your Twitch) and be a part of the fun!...Warning: It can take up to an hour for the server to update and give you access to the channels,neither,0.08464076273808444,0.286394834032893,0.6289644032290227
@harberst not on set lol,neither,0.02626935358536906,0.42000685759682893,0.553723788817802
#ReBringBackAsinineWisdom,neither,0.03945320844208391,0.33037608806864915,0.630170703489267
I'm in awe of the dedication to craft that I'm witnessing. You can't fake this stuff folks.,neither,0.04900517589769836,0.36389643821773376,0.5870983858845679
i need many more episodes,neither,0.04103920684927265,0.31977304334472817,0.6391877498059992
o7,neither,0.03945320844208391,0.33037608806864915,0.630170703489267
@harberst they'll need it for season3,neither,0.0304915715605158,0.29316031411432275,0.6763481143251615
Clap,neither,0.03945320844208391,0.33037608806864915,0.630170703489267
\,neither,0.03945320844208391,0.33037608806864915,0.630170703489267
gandsApplaud gandsApplaud gandsApplaud,neither,0.03945320844208391,0.33037608806864915,0.630170703489267
Good night!,neither,0.027408777718339543,0.3300282295872874,0.6425629926943731
\ Kappa /,neither,0.03945320844208391,0.33037608806864915,0.630170703489267
"It had a good run, but alas it is demised...",neither,0.03995094191959616,0.33682127259142625,0.6232277854889775
Home run!,neither,0.03945320844208391,0.33037608806864915,0.630170703489267
gandsHype gandsHype gandsHype,neither,0.03945320844208391,0.33037608806864915,0.630170703489267
gandsLessthanthree 🎩 🐴 Hi Daryl and Jake!,neither,0.03882285958443696,0.2991538059129915,0.6620233345025716
Now they have to burn it,neither,0.05126508023656871,0.23051940014726055,0.7182155196161707
WHOO HOO!!! :-D,neither,0.03945320844208391,0.33037608806864915,0.630170703489267
Daryl tucked his shirt in for this week! Good look man!,neither,0.050004519267427605,0.349063183822783,0.6009322969097893
In Jake and Daryl we enjoy!,neither,0.03874876952174137,0.3027976310963817,0.658453599381877
@The_TBoyce not if we cast Revivify quick enough@,neither,0.025357530031511782,0.37751864510661615,0.5971238248618721
"nope, i forgot again",neither,0.03762623776267305,0.3613845485117806,0.6009892137255464
"Download the new Critical Role theme song for Campaign Two! http://itunes.apple.com/album/id1331550250?ls=1&app=itunes Sales of the song support the musician, Jason Charles Miller.",neither,0.04445767596344001,0.2510827790306858,0.7044595450058742
#rebringbackasininewisdom,neither,0.03945320844208391,0.33037608806864915,0.630170703489267
#ReBringbackAsinineWisdom,neither,0.03945320844208391,0.33037608806864915,0.630170703489267
#rebringbackAsininewisdom,neither,0.03945320844208391,0.33037608806864915,0.630170703489267
#ReBringBackAsinineWisdom,neither,0.03945320844208391,0.33037608806864915,0.630170703489267
"Oh, today is the everybody is Jake episode.",neither,0.054169905426880535,0.2652028510783129,0.6806272434948066
Rico Suave? :P,neither,0.03945320844208391,0.33037608806864915,0.630170703489267
"A very fine hat, for a very fine... um... cup?",neither,0.036389421209895814,0.3150628948151113,0.6485476839749929
gandsLessthanthree gandsLessthanthree,neither,0.03945320844208391,0.33037608806864915,0.630170703489267
#ReBringbackAsinineWisdom,neither,0.03945320844208391,0.33037608806864915,0.630170703489267
sun dried asinine wisdom,neither,0.03945320844208391,0.33037608806864915,0.630170703489267
!wtfisthis,neither,0.03945320844208391,0.33037608806864915,0.630170703489267
"This is Talks Machina! Brian Wayne Foster is joined by various Critical Role cast members to discuss the previous week's episode of Critical Role! Joining him tonight will be Ashley Johnson, and Marisha Ray!",neither,0.04525353785068517,0.31255413850455044,0.6421923236447645
last episode...?,neither,0.03945320844208391,0.33037608806864915,0.630170703489267
CLIFFHANGER,neither,0.03945320844208391,0.33037608806864915,0.630170703489267
#ReCancelAsitenKnowledge,neither,0.03945320844208391,0.33037608806864915,0.630170703489267
no its noooooottttttt,neither,0.027940763124904927,0.3597873177327292,0.6122719191423658
What's going to happen to Chatsworth!!! OH NO!!!! :-O,neither,0.06274046487715973,0.311478222485159,0.6257813126376813
Asinine Wisdom is where common sense and civil discourse go to die. Two idiots (Jake Bennett and Daryl Crittenden) and one unfortunate guest get to the bottom of the issues no one is talking about.,neither,0.08447096936480233,0.23498343136853395,0.6805455992666638
"Nightbot, you're fired",neither,0.0952805399600041,0.34875496194191397,0.5559644980980819
This show is soon to be replaced with Sundry Tomatoes...,neither,0.05425507951296158,0.2976125123951874,0.6481324080918511
ramaSavage ramaSavage ramaSavage ramaSavage,neither,0.03945320844208391,0.33037608806864915,0.630170703489267
"Help G&S make great content! $4.99/month gets you emotes, Minecraft server access, sub-only VODs, and more! Every sub keeps the channel alive! twitch.tv/geekandsundry/subscribe",neither,0.043907990691603095,0.31135964332838284,0.644732365980014
"Only for the season! By Daryl, it was nice knowing you!",neither,0.04384288861319761,0.35405937544988947,0.602097735936913
itll be darly,neither,0.04123264533942032,0.34527686355234677,0.613490491108233
!awdisclaimer,neither,0.03945320844208391,0.33037608806864915,0.630170703489267
"The views expressed here are those of the hosts only (and possibly not even that), and do not represent the views of Geek & Sundry, Legendary, or any reasonable person.",neither,0.06910053739593268,0.2577091001413053,0.6731903624627621
It's kind'a like looking at someone ear lobe while you chat them up.,neither,0.06553106734640747,0.420037650838427,0.5144312818151656
#ReBringBackAsinineWisdom,neither,0.03945320844208391,0.33037608806864915,0.630170703489267
#ReBringbackAsinineWisdom,neither,0.03945320844208391,0.33037608806864915,0.630170703489267
#ReBringBackAsinineWisdom,neither,0.03945320844208391,0.33037608806864915,0.630170703489267
Please! #ReBringBackAsinineWisdom,neither,0.03945320844208391,0.33037608806864915,0.630170703489267
#ReBringBackAsinineWisdom,neither,0.03945320844208391,0.33037608806864915,0.630170703489267
#rebringbackasininewisdom!,neither,0.03945320844208391,0.33037608806864915,0.630170703489267
#rebringbackasininewisdom,neither,0.03945320844208391,0.33037608806864915,0.630170703489267
#ReBringBackAsinineWisdom,neither,0.03945320844208391,0.33037608806864915,0.630170703489267
...of the season,neither,0.0385006512199986,0.3005636557097304,0.6609356930702711
#ReBringbackAsinineWisdom,neither,0.03945320844208391,0.33037608806864915,0.630170703489267
"Daryl, are you wearing cool socks?",neither,0.07520848684377081,0.32820565890453424,0.5965858542516949
well,neither,0.03945320844208391,0.33037608806864915,0.630170703489267
#ReBringBackAsinineWisdom,neither,0.03945320844208391,0.33037608806864915,0.630170703489267
#ReBringBackAsinineWisdom,neither,0.03945320844208391,0.33037608806864915,0.630170703489267
Asinine Wisdom Podcast link http://www.podcastgarden.com/podcast/asininewisdom,neither,0.03718714204021709,0.2576190538344173,0.7051938041253656
#RBBAW,neither,0.03945320844208391,0.33037608806864915,0.630170703489267
#rebringbackasininewisdom,neither,0.03945320844208391,0.33037608806864915,0.630170703489267
#ReBringBackAsinineWisdom,neither,0.03945320844208391,0.33037608806864915,0.630170703489267
#ReBringbackAsinineWisdom !! Sounds like a plan,neither,0.051458563485060595,0.3476492761405892,0.6008921603743501
#rebringbackasininewisdom,neither,0.03945320844208391,0.33037608806864915,0.630170703489267
#ReBringBackAsinineWisdom,neither,0.03945320844208391,0.33037608806864915,0.630170703489267
"I sent in a question, but I don't know whether it will be used",neither,0.03755232419219661,0.323681527811394,0.6387661479964095
"It is passed on. This show is no more. It has ceased to be. It is expired and gone to meet its makers. It's a stiff. Bereft of life, it rests in peace. If it wasn't nailed to the set, it'd be pushing up daisies. It's metabolic processes are now history. It's kicked the bucket. It's shuffled off this mortal coil, run down the curtain, and joined the bleeding choir invisible. This is an ex-show.",neither,0.048725622396240884,0.3048333986903509,0.6464409789134082
#ReBringBackAsinineWisdom,neither,0.03945320844208391,0.33037608806864915,0.630170703489267
#ReBringBackAsinineWisdom,neither,0.03945320844208391,0.33037608806864915,0.630170703489267
#AsinineMoocher,neither,0.03945320844208391,0.33037608806864915,0.630170703489267
those socks are sick,neither,0.1030441743043395,0.21532198512542872,0.6816338405702317
stop,offensive_language,0.03955985943432937,0.5175432020074249,0.44289693855824575
SWEET!,neither,0.03945320844208391,0.33037608806864915,0.630170703489267
#rebrangbacktheasswisdom,neither,0.03945320844208391,0.33037608806864915,0.630170703489267
that joke socks,neither,0.03545459120568211,0.373891172166254,0.5906542366280638
The original fans of AsinineWisdom were from Super Geeked Up on YouTube. #Justsayin #SGU,neither,0.036794926998283954,0.33458417858510753,0.6286208944166086
I can fax you a question. What's your fax number?,neither,0.07050112239339244,0.3447939710253517,0.5847049065812558
#closeenough,neither,0.03945320844208391,0.33037608806864915,0.630170703489267
The_TBoyce no it's not,neither,0.033145751123292586,0.36666329808820297,0.6001909507885044
#ReBringBackAsnineWisdom,neither,0.03945320844208391,0.33037608806864915,0.630170703489267
or Alpaca six,neither,0.03945320844208391,0.33037608806864915,0.630170703489267
👎 daryl,neither,0.03945320844208391,0.33037608806864915,0.630170703489267
danRE danRE,neither,0.03945320844208391,0.33037608806864915,0.630170703489267
alpaca pair of socks in his mouth if he keeps making those jokes :P,neither,0.058613991412556896,0.3137396931563975,0.6276463154310455
piboFail piboFail,neither,0.03945320844208391,0.33037608806864915,0.630170703489267
Quit Llamaing to us Daryl!,neither,0.08523312404511889,0.31878913324598174,0.5959777427088994
Send your questions to Asininewisdom@gmail.com,neither,0.0680134347441391,0.3208127786622398,0.6111737865936211
im ok mooching,neither,0.03806018559065172,0.3815282071777973,0.5804116072315509
#ReBringBackAsinineWisdom,neither,0.03945320844208391,0.33037608806864915,0.630170703489267
!poll new The Big Question #BigPole | Fighting With Myself | Cast-Away,neither,0.02692597854846949,0.3134837632650018,0.6595902581865286
"Danoba started a new poll: ""The Big Question #BigPole"" - Head to https://www.strawpoll.me/15663048 to vote!",neither,0.03330330226880974,0.3393523930847806,0.6273443046464097
#TeamMoochList,neither,0.03945320844208391,0.33037608806864915,0.630170703489267
#ReBringBackAsinineWisdom,neither,0.03945320844208391,0.33037608806864915,0.630170703489267
SUBMIT,neither,0.03945320844208391,0.33037608806864915,0.630170703489267
#ReBringBackAsnineWisdom,neither,0.03945320844208391,0.33037608806864915,0.630170703489267
#selfweighcist ??,neither,0.03945320844208391,0.33037608806864915,0.630170703489267
Get off on the mooch list,neither,0.034938049882307275,0.3370155949730847,0.6280463551446082
man jake with the weighcism tonigfht,neither,0.02707162514942659,0.41912307641046503,0.5538052984401085
#achinforajakein,neither,0.03945320844208391,0.33037608806864915,0.630170703489267
"i'm a broke college student, mooching is what i do",neither,0.053128236756915,0.3239541699440298,0.6229175932990552
jake hates walking,neither,0.03945320844208391,0.33037608806864915,0.630170703489267
hrpgOhMyGoodness Daryl was right for once,neither,0.033595828341920445,0.3221348037576259,0.6442693679004537
Because I love and admire Tom Hanks: Cast-Away.,neither,0.03765118662733139,0.291336735289136,0.6710120780835327
Chatsworth Esq. ( twitter.com/itsdanoba ).,neither,0.038643638597066765,0.475547814777205,0.4858085466257283
"Give us some Fjord-like smolder, Chatsworth!",neither,0.10132971119483854,0.35706052427212703,0.5416097645330344
Lies.,neither,0.03945320844208391,0.33037608806864915,0.630170703489267
Chatsworth has some fantastic lighting today,neither,0.03267140416168174,0.3188205234521771,0.6485080723861413
0,neither,0.03945320844208391,0.33037608806864915,0.630170703489267
"quick, post bad things while Danobas not watching",neither,0.035970358838658206,0.33499045391024224,0.6290391872510994
Chatsworth is a superhero!!! :-D,neither,0.05005952611256733,0.3267280890626825,0.6232123848247502
@chuckswain I saw that.,neither,0.03331973661388551,0.3977170722870928,0.5689631910990217
Noooooooo @chuckswain,neither,0.03945320844208391,0.33037608806864915,0.630170703489267
What is the mooch list?,neither,0.05691996617607755,0.30225415775029385,0.6408258760736287
#ReBringBackAsinineWisdom,neither,0.03945320844208391,0.33037608806864915,0.630170703489267
@Danoba darn,neither,0.03945320844208391,0.33037608806864915,0.630170703489267
i feel like this is going to get weird,neither,0.06534007764850046,0.37300830142946184,0.5616516209220378
#ReBringbackAsinineWisdom,neither,0.03945320844208391,0.33037608806864915,0.630170703489267
#onelung,neither,0.03945320844208391,0.33037608806864915,0.630170703489267
I'm just wondering what blackmail these two have on Dan Casey.,neither,0.043367003702394165,0.3955169757449257,0.5611160205526802
Was looking forward to this all week...there better be more episodes!,neither,0.04618335157402517,0.34142597492359766,0.6123906735023771
"I don't want these guys to be gone forever, but according to what I've seen, AYBGF will be in this slot next week and you know what? That's very awesome. The powers that be probably have something similar in line, but I believe G&S should have one quarter of serious cultural talk and interpretation from the black perspective, and then one quarter of... this.",neither,0.04026032032892223,0.3608731901074804,0.5988664895635973
@chuckswain Danoba is always watching. He's like an emu.,neither,0.059930239345584696,0.37860154183635575,0.5614682188180595
WOW!!! A book!!!,neither,0.03945320844208391,0.33037608806864915,0.630170703489267
whooo! Dan mfn Casey,neither,0.03945320844208391,0.33037608806864915,0.630170703489267
@ybzptww Anyone that didn't send a question,neither,0.024944092214427303,0.4012014367948404,0.5738544709907324
#RebringBackAsinineWisdom,neither,0.03945320844208391,0.33037608806864915,0.630170703489267
@Journeyman0186 indeed,neither,0.03945320844208391,0.33037608806864915,0.630170703489267
@TheDiMono @Danoba An emu hawk?,neither,0.039727409530628026,0.32572217998823844,0.6345504104811336
Dan Casey ( twitter.com/DanCasey ),neither,0.038923010521111606,0.41539523721612603,0.5456817522627623
One quarter meaning three months.,neither,0.038844885544077036,0.35275069488238964,0.6084044195735334
"@TheDiMono tbh, i knew it would play out exactly that way lol, but thx yall",neither,0.027802779001311378,0.40917974139929875,0.5630174795993897
Welcome Dan!,neither,0.03945320844208391,0.33037608806864915,0.630170703489267
Yay Dan!!!,neither,0.03945320844208391,0.33037608806864915,0.630170703489267
Hence the book,neither,0.03822330179312246,0.3076522537423983,0.6541244444644794
I don't want to lose Asinine Wisdom or AYBGF! I love both shows,neither,0.04195147652534508,0.3339818476174046,0.6240666758572504
dan hrpgOhMyGoodness Casey,neither,0.03945320844208391,0.33037608806864915,0.630170703489267
Hi Dan!,neither,0.03945320844208391,0.33037608806864915,0.630170703489267
@chaoticloony Both. Both is good,neither,0.04599178657270838,0.3281271712190875,0.6258810422082041
dan casey hype,neither,0.03945320844208391,0.33037608806864915,0.630170703489267
#ReBringBackAsinineWisdom,neither,0.03945320844208391,0.33037608806864915,0.630170703489267
"QUESTION for Dan: Since the book is titled ""100 Things A Star Wars Fan Should Know Before They Die"", am I going to die if I don't read the book, or will I die as a result of reading the book?",neither,0.1413689462770866,0.1932304520062362,0.6654006017166771
Crap! Dan Casey has 3 first names! He is statistically an assassin or serial killer!,neither,0.042458578719516187,0.3233923904724262,0.6341490308080576
#ReBringBackAsinineWisdom,neither,0.03945320844208391,0.33037608806864915,0.630170703489267
Is there a replay of Talks Machina?,neither,0.04623866615032868,0.2925917019148451,0.6611696319348261
@Jonkiley Nope. But it's available as a vod for subs,neither,0.030987416986463172,0.33993307839925174,0.629079504614285
3 first names.... isnt that a serial killer 1st warning sign ??? This is so not fair he's aweomse,neither,0.039293105441927476,0.37300932346634036,0.5876975710917322
"in for a treat guys, Dan is one of the funniest people I have ever met",neither,0.05472380181510705,0.3245254837563834,0.6207507144285096
never trust a man with three first names,neither,0.024509066176860436,0.43708002466986834,0.5384109091532713
@The_TBoyce Yes.,neither,0.03945320844208391,0.33037608806864915,0.630170703489267
There is no replay of Talks.,neither,0.045246329033438185,0.30524663589755724,0.6495070350690045
RUn Ryan Run,neither,0.03945320844208391,0.33037608806864915,0.630170703489267
Ryan will be Dan's first victim,neither,0.03569972184469628,0.3179174172791238,0.6463828608761799
@Jonkiley Talks Mchina is not rebroadcast but the vods are available for Subsciberts,neither,0.05580798905278504,0.26831355698831183,0.675878453958903
"he hasn't established a pattern to qualify as serial, yet",neither,0.04525909305204538,0.3466084291302196,0.608132477817735
Other than this one of course.,neither,0.0380665791541437,0.37047909176058835,0.591454329085268
"Considering they almost murdered Liam, I don't put it past these guys.",neither,0.04329341171567907,0.37013096510288707,0.586575623181434
!points dan,neither,0.03945320844208391,0.33037608806864915,0.630170703489267
"That was an excellent pun, dan! Here, have some points for that one! You have been awarded 107 points!",neither,0.04941300954392702,0.37938624920040165,0.5712007412556714
"No, that's Brian W. Foster :P",neither,0.035524888262194125,0.37736844855491936,0.5871066631828865
not yet is what all serial killers say in the middle of a killing spree,neither,0.046212507859320275,0.3558100491516932,0.5979774429889866
ramaSavage ramaSavage ramaSavage ramaSavage,neither,0.03945320844208391,0.33037608806864915,0.630170703489267
"Fat Mercer, come on, don't steal me bit",neither,0.10337592619941635,0.29348833388073126,0.6031357399198524
brian w fatter,neither,0.03945320844208391,0.33037608806864915,0.630170703489267
"Chat, new order of business: Pillow Dan Casey!!!",neither,0.041547875858516894,0.2789113099302412,0.6795408142112419
i think that's like a full given name that they go by,neither,0.058332169050728445,0.42812824783756365,0.5135395831117078
jesus haha,neither,0.03424182295273919,0.4188269004551757,0.5469312765920852
thats what happens when matt shaves his head,neither,0.06617733748328415,0.37123574355975875,0.5625869189569571
"No, Bananas W. Foster Jake.",neither,0.03884715704793181,0.3406623618955121,0.620490481056556
but does he smell like cabbage?,offensive_language,0.03484100599691622,0.48542421735890323,0.47973477664418057
lmao,neither,0.03705015143476208,0.3711622369619404,0.5917876116032975
Not serial Killer or Assassin. Triple first names are patseys.,neither,0.0476359093395648,0.3070438478985596,0.6453202427618756
gandsFacepalm gandsFacepalm gandsFacepalm,neither,0.03945320844208391,0.33037608806864915,0.630170703489267
Are we? I'm already scared.,neither,0.0670984615623984,0.3024668751083866,0.630434663329215
YES,neither,0.03945320844208391,0.33037608806864915,0.630170703489267
i am suddenly glad I am sitting down,neither,0.039198173242687116,0.33046380636851447,0.6303380203887985
Yay!,neither,0.03945320844208391,0.33037608806864915,0.630170703489267
As The Die Rolls???,neither,0.18140717638052997,0.152435369310896,0.666157454308574
As The Die Turns Season 2!!!!,neither,0.1657205420855494,0.161465038500962,0.6728144194134886
YES,neither,0.03945320844208391,0.33037608806864915,0.630170703489267
I LOVE THIS,neither,0.033354624610487035,0.36213039408674813,0.6045149813027648
bet theres pizza,neither,0.03945320844208391,0.33037608806864915,0.630170703489267
YASSS!,neither,0.03945320844208391,0.33037608806864915,0.630170703489267
YyyyyyyyEeeeeeeeesssssss!!!!!,neither,0.03945320844208391,0.33037608806864915,0.630170703489267
WHOO HOO!!!,neither,0.03945320844208391,0.33037608806864915,0.630170703489267
It's... back?,neither,0.03654534214784638,0.3313762366291984,0.6320784212229552
this is what i wanted!!,neither,0.06046325434402097,0.32247275116306334,0.6170639944929157
More AfterSchool Specials,neither,0.04148097430408516,0.3198152807841912,0.6387037449117237
