text,top_class,hate_speech,offensive_language,neither
@Dragonchrome I love that last sentence of that command,neither,0.030325459269600445,0.416972565968097,0.5527019747623027
studio is live if you cannot see please refrsh,neither,0.04377804063116194,0.40321082751169895,0.553011131857139
pyramid,neither,0.03945320844208391,0.33037608806864915,0.630170703489267
@slendersnipes pretty much yeah....lol we',neither,0.016830330111052037,0.4880651270898576,0.49510454279909033
hey,neither,0.03945320844208391,0.33037608806864915,0.630170703489267
that board though,neither,0.035534437660370496,0.37300696351905493,0.5914585988205746
bryan,neither,0.03945320844208391,0.33037608806864915,0.630170703489267
"""Who is taliesin jaffe"" LUL",neither,0.049131565424771526,0.39689703281573707,0.5539714017594913
molly's murder board,neither,0.03945320844208391,0.33037608806864915,0.630170703489267
man im sad i missed the talisan conspiracy chart episode i want to know the backstory of that,neither,0.03942140874312031,0.3847203593783291,0.5758582318785505
Morning everyone. 03.45 am here.,neither,0.07999708158341615,0.27454402115236287,0.6454588972642209
@Siulaim it's accurate,neither,0.03766131712739339,0.3309924016600271,0.6313462812125794
didn't we already do this gag? :thinking:,neither,0.02869600182350707,0.37842392315346185,0.5928800750230311
Bidet from Michigan,neither,0.040769555981420263,0.3080342349327864,0.6511962090857933
"Oh, the conspiracy board is back.",neither,0.05218834165817011,0.26457828001796535,0.6832333783238647
deez nutz,neither,0.03945320844208391,0.33037608806864915,0.630170703489267
Heck,neither,0.03945320844208391,0.33037608806864915,0.630170703489267
"Bidet from Hell, California... where it was 107 degrees this afternoon.",offensive_language,0.0523178700138622,0.5399226910874839,0.40775943889865396
"we're still trying to master Taleisin - that is SO not gonna happen, but it's amusing to try",neither,0.05465075157991465,0.39854896945105256,0.5468002789690328
Percy,neither,0.03945320844208391,0.33037608806864915,0.630170703489267
Ah hey,neither,0.03945320844208391,0.33037608806864915,0.630170703489267
bidet from Washington,neither,0.04080695066346891,0.3073995495860776,0.6517934997504536
Bidet from New Jersey,neither,0.04458029923653559,0.209841401288464,0.7455782994750004
oh my god xD,neither,0.030266422441093326,0.38268872444249025,0.5870448531164164
bidet from Philly,neither,0.040769555981420263,0.3080342349327864,0.6511962090857933
they really need to start earlier its about to be 10pm here,neither,0.07750125028506774,0.3192276809983073,0.6032710687166248
"repeat the studio is live, if you cannot see the Conspiracy Board please refresh",neither,0.04129250352816623,0.3609441893368175,0.5977633071350162
who's on tonight?,neither,0.03219449630939791,0.40065554799937175,0.5671499556912303
Bidet from Ohio.,neither,0.040754399270683486,0.3082914838698526,0.650954116859464
@magji How're you now?,neither,0.1177997212055993,0.3529092113862217,0.529291067408179
Don't hate on the conspiracy board,neither,0.23347943697167586,0.21437626561091272,0.5521442974174114
I swear that this cello sounds like a digeridoo.,neither,0.046350609266484155,0.39614013528294034,0.5575092554505754
bidet from north dakota!,neither,0.04038150078596344,0.3146205443430473,0.6449979548709892
Bidet from Arizona!,neither,0.04078317879478948,0.307803020237201,0.6514138009680096
Bidet from Houston,neither,0.040875471929787875,0.3062365648703896,0.6528879631998226
@Dynalmite -> ONLY HULK CAPSLOCKS [warning],neither,0.03945320844208391,0.33037608806864915,0.630170703489267
im about to go to bed,neither,0.05302693261612845,0.38708061181068737,0.5598924555731843
bidet from va,neither,0.04066490145509902,0.30981049537100724,0.6495246031738937
bidet from maryland,neither,0.04066490145509902,0.30981049537100724,0.6495246031738937
Bidet from Missouri,neither,0.04071751644889743,0.3089174816120565,0.6503650019390461
Bidet from Utah,neither,0.04066490145509902,0.30981049537100724,0.6495246031738937
"@TerraRising1 NC here it was 88 out with 100% humidity, i feel ya",offensive_language,0.03840195663758961,0.4980251435119564,0.463572899850454
Anyone else waiting for Pillars of Eternity II to download?,neither,0.039460393703271354,0.30852029666381514,0.6520193096329135
Bidet from Florida,neither,0.0408948396164547,0.30590784468201904,0.6531973157015263
Bidet from Maine,neither,0.04069404815304118,0.30931579984010865,0.6499901520068502
Bidet from North California,neither,0.060190245324170236,0.3064190976465055,0.6333906570293244
"Our guests this Tuesday are Marisha and Ashley, discussing Episode 17!",neither,0.05224546667002174,0.28340168844432717,0.664352844885651
bidet from Florida,neither,0.0408948396164547,0.30590784468201904,0.6531973157015263
Yeah!!! My first talksmachina.,offensive_language,0.009590114322104468,0.547673173574088,0.4427367121038075
bidet from Oklahoma,neither,0.04066490145509902,0.30981049537100724,0.6495246031738937
Bidet from Eureka Springs,neither,0.04062582848913359,0.31047366557575606,0.6489005059351104
#GreenComedy#Recycling,neither,0.03945320844208391,0.33037608806864915,0.630170703489267
we're back to taliesin conspiracies?,neither,0.0854502161791432,0.2837649625652418,0.630784821255615
BIDET! From VA,neither,0.04066490145509902,0.30981049537100724,0.6495246031738937
"Help G&S make great content! $4.99/month gets you emotes, Minecraft server access, sub-only VODs, and more! Every sub keeps the channel alive! twitch.tv/geekandsundry/subscribe",neither,0.043907990691603095,0.31135964332838284,0.644732365980014
Hello critters!!,neither,0.03945320844208391,0.33037608806864915,0.630170703489267
thanks @Dragonchrome !,neither,0.035884468650613,0.3004919205142699,0.6636236108351171
some good good beauyasha tonight,neither,0.028354410826120013,0.32206174315353986,0.6495838460203401
hi,neither,0.03945320844208391,0.33037608806864915,0.630170703489267
"I was sort of expecting just a big sign saying ""GO PLAY PILLARS OF ETERNITY""",neither,0.024571159026699693,0.3844090480901816,0.5910197928831186
@dicechef same my man same,offensive_language,0.030391526048900684,0.49702614910826237,0.47258232484283685
Bidet from Tijuana,neither,0.04228451509352876,0.2823214250720796,0.6753940598343917
"HeeyOhhAyyy from Portland, OR!",neither,0.040570124267008914,0.3114191116016469,0.6480107641313441
Bidet from Oregon! Have we had the break yet? Who won the giveaway?,neither,0.038794155269831765,0.3451186274144814,0.6160872173156869
@dicechef This is my 2nd. 😉👍,neither,0.033655012117827246,0.4322598924312058,0.534085095450967
Bidet from someone in Alaska that’s going to be living in California in a month!,neither,0.051475867505849884,0.3552745698264231,0.5932495626677271
Bidet from oz,neither,0.04071751644889743,0.3089174816120565,0.6503650019390461
Bidet from the Pacific Northwest,neither,0.039779025773403386,0.2539611253407979,0.7062598488857987
"The Taliesin Jaffe I know was in the sitcom ""She's the Sheriff"" in the late 80s. I'm not convinced that one and this one are the same person. For one, the Taliesin in the sitcom was much smaller.",neither,0.038735711870079535,0.33153662087571334,0.6297276672542071
Bidet from Orlando!!,neither,0.04062582848913359,0.31047366557575606,0.6489005059351104
"what is up critters from around the world. The lord of Dragons coming to you from Ohio, USA",neither,0.057877641595258836,0.33674981063188153,0.6053725477728596
"Not Taliesin conspiracy, Taliesin truths!",neither,0.03793410507293058,0.33609447229256983,0.6259714226344996
"Today's guests are, apparently, Two-time BAFTA award winner (and Brian Foster's parole officer) Ashley Johnson and Winespeaker Marisha Ray.",neither,0.04743265590841039,0.27406663864138997,0.6785007054501997
wow almost forgot to resub with Twitch Prime!,neither,0.03585900694215926,0.3521093120147333,0.6120316810431075
bidet critters!,neither,0.03945320844208391,0.33037608806864915,0.630170703489267
Bidet! Are we on the internet?,neither,0.06455044260466253,0.27765074222486363,0.6577988151704739
everybody enjoying the Vox Machina portraits and voicesets in POE 2?,neither,0.0379158261500945,0.27543401815179436,0.6866501556981113
SKOL FROM MINNESOTA,neither,0.04071751644889743,0.3089174816120565,0.6503650019390461
#GoPlayPillarsOfEternityII:Deadfire,neither,0.03945320844208391,0.33037608806864915,0.630170703489267
"As we know, Taliesin has gone on record saying he is NOT a pyramid... suspicious",neither,0.0381142287913257,0.36049762469921204,0.6013881465094624
Bidet from Tallahassee Florida,neither,0.0408948396164547,0.30590784468201904,0.6531973157015263
does anyone eslse feel it should be pyramids of eternity?,offensive_language,0.03400373842038113,0.4917653833522253,0.4742308782273935
bidet from pittsburgh,neither,0.04066490145509902,0.30981049537100724,0.6495246031738937
Sup binches luv uwu,neither,0.03945320844208391,0.33037608806864915,0.630170703489267
bidet from edmonton!,neither,0.04228451509352876,0.2823214250720796,0.6753940598343917
Bidet All,offensive_language,0.046917543854519406,0.6277741405869331,0.3253083155585475
#SghadowyFigure,neither,0.03945320844208391,0.33037608806864915,0.630170703489267
oh my,neither,0.02748693229954249,0.40236076101129065,0.5701523066891669
!whothat,neither,0.03945320844208391,0.33037608806864915,0.630170703489267
What is this opening song at the beginning of every critical role stream?,neither,0.04537941385328429,0.33540434076113557,0.6192162453855802
oh hello grim reaper,neither,0.04314229326532243,0.29484342068286823,0.6620142860518093
Um,neither,0.03945320844208391,0.33037608806864915,0.630170703489267
Bidet from Los Angeles,neither,0.04078317879478948,0.307803020237201,0.6514138009680096
lmao!,neither,0.03705015143476208,0.3711622369619404,0.5917876116032975
"Beep beep, from Ames, IA ☕🐢",neither,0.04228451509352876,0.2823214250720796,0.6753940598343917
Bidet from Idaho!,neither,0.04066490145509902,0.30981049537100724,0.6495246031738937
CLOAK,neither,0.03945320844208391,0.33037608806864915,0.630170703489267
Bidet from Buffalo NY critter fam :),neither,0.04031202113890832,0.3157997952810023,0.6438881835800894
is that liche,neither,0.05154613418987003,0.42924314326430335,0.5192107225458266
Cult of Jaffe,neither,0.03945320844208391,0.33037608806864915,0.630170703489267
who is the cultist?,neither,0.047580681895494505,0.3750795707224528,0.5773397473820527
All hail Talesin Jaffe,neither,0.04167083427717469,0.4183849112737958,0.5399442544490295
oh no here we go,neither,0.11279955241677285,0.2504581124174573,0.63674233516577
Bidet from San Diego.,neither,0.040446282760733435,0.31352102516371877,0.6460326920755478
LOOK OUT! NECRONOMICON!!!,neither,0.03446499458005878,0.3607513384964408,0.6047836669235005
It's the CR script :O,neither,0.03748439662311036,0.3168355138228553,0.6456800895540342
Bidet to the grim reaper from Florida!,neither,0.04427131690069711,0.3035693416898466,0.6521593414094561
"Taliesin Jaffe, famous for his role in Mr. Mom.",neither,0.05189182736532356,0.30936423829079723,0.6387439343438792
@megalozzy It's called Welcome to wildemount!,neither,0.04564300116947472,0.326310852652047,0.6280461461784782
Someone belongs to the cult of Tal?,neither,0.044017965862647446,0.3144257594520785,0.641556274685274
Master of hair colors,neither,0.03945320844208391,0.33037608806864915,0.630170703489267
"ah good, G&S finally got Death on the payrole. it's about time.",neither,0.03263274323595464,0.3943743957765849,0.5729928609874604
!whodat,neither,0.03945320844208391,0.33037608806864915,0.630170703489267
Praise the Pyramids,neither,0.03831673657550799,0.3094399058884286,0.6522433575360634
"Brian Wayne Foster ( twitter.com/BrianWFoster ), Ashley Johnson ( twitter.com/TheVulcanSalute ), Marisha Ray ( twitter.com/Marisha_Ray ).",neither,0.038763151826155785,0.4473512812687665,0.5138855669050776
Jeez! Can't a thousand-year-old immortal just get some peace!,neither,0.03035582951113747,0.3592582146206661,0.6103859558681964
"@megalozzy idk if I can post links, but google welcome to wildemount and you'll find it",neither,0.03874813718366928,0.30920189378033164,0.6520499690359992
"@megalozzy ""Welcome to Wildemount"" by Colm McGuinness - https://www.youtube.com/watch?v=WEQC2HyhgTc",neither,0.04841069102486315,0.3553960437567833,0.5961932652183535
"bidet from Illinois :) it's a great night, watching talks and playing pillars",neither,0.0328171253520602,0.278475778745893,0.6887070959020467
I was kind of looking forward to more Jenga :/,neither,0.04658476041897601,0.32077525574464383,0.6326399838363801
Bidet from Howell NJ,neither,0.04069404815304118,0.30931579984010865,0.6499901520068502
@wanderingace ME!!!! *waves hadn* I DO!!!!!!!,neither,0.034516954314122494,0.36178086474439336,0.603702180941484
WHO IS WHO,offensive_language,0.052992437733944575,0.5073360859240973,0.43967147634195813
Bidet from CA,neither,0.04084513770590474,0.30675141581570226,0.6524034464783931
Bidet from Wisconsin,neither,0.04071751644889743,0.3089174816120565,0.6503650019390461
The Grim Reaper would use that computer... but he's a Mac guy.,neither,0.02105560503726242,0.3993731879291986,0.5795712070335389
Bidet from WKU!,neither,0.04228451509352876,0.2823214250720796,0.6753940598343917
A cloaked figure?,neither,0.03945320844208391,0.33037608806864915,0.630170703489267
bidet from Kansas!,neither,0.04071751644889743,0.3089174816120565,0.6503650019390461
Who's on tonight?,neither,0.03219449630939791,0.40065554799937175,0.5671499556912303
SwiftRage,neither,0.03945320844208391,0.33037608806864915,0.630170703489267
taking a break from finals season stress for talks,neither,0.03645620470161339,0.2987697634977834,0.6647740318006032
"@megalozzy Look for ""Welcome to Wildemount"" from Colm McGuiness",neither,0.04280419669674202,0.27488228561630157,0.6823135176869564
!whodat,neither,0.03945320844208391,0.33037608806864915,0.630170703489267
"Brian Wayne Foster ( twitter.com/BrianWFoster ), Ashley Johnson ( twitter.com/TheVulcanSalute ), Marisha Ray ( twitter.com/Marisha_Ray ).",neither,0.038763151826155785,0.4473512812687665,0.5138855669050776
dundundun,neither,0.03945320844208391,0.33037608806864915,0.630170703489267
bidet from australia,neither,0.04062582848913359,0.31047366557575606,0.6489005059351104
That the music,neither,0.03249980433952888,0.3694939355312754,0.5980062601291957
bidet from Charleston SC! :-p,neither,0.040737273169946825,0.30858215849491494,0.6506805683351382
taelisin is a paradox,neither,0.081172750358939,0.3160268245287109,0.60280042511235
Then who was phone!?,neither,0.040116595457532496,0.4165062096487169,0.5433771948937506
Bidet from Kansas City!,neither,0.04050054910234117,0.3125999837227694,0.6468994671748894
bidet,neither,0.03945320844208391,0.33037608806864915,0.630170703489267
bidet from the shadows,neither,0.0395975487247086,0.2929303761973238,0.6674720750779677
Ready for some Beau and Yasha my dudes!!,neither,0.018778812255073826,0.3567071653608015,0.6245140223841248
Is it Thursday yet?,neither,0.04651135664277627,0.32794846724679255,0.6255401761104311
"if i understand all these clues, i am a figment of talisin imiganation",offensive_language,0.03145312432182176,0.5185769917174494,0.44996988396072873
bidet from Omaha,neither,0.04228451509352876,0.2823214250720796,0.6753940598343917
who's on tonight?,neither,0.03219449630939791,0.40065554799937175,0.5671499556912303
gandsHype gandsHype gandsHype gandsHype gandsHype gandsHype gandsHype,neither,0.03945320844208391,0.33037608806864915,0.630170703489267
What are the commands available?,neither,0.07873799922499658,0.2565440089736419,0.6647179918013616
BeauYasha,neither,0.03945320844208391,0.33037608806864915,0.630170703489267
Anyone know what this opening song is called?,neither,0.050103412988417716,0.3320014770855062,0.617895109926076
phone was taliesin?,neither,0.03925107085518999,0.3338068904553035,0.6269420386895066
Huh? Is Tal on tonight? The board is back?,neither,0.04547390405937412,0.31158556287537087,0.6429405330652551
GivePLZ TakeNRG,neither,0.03945320844208391,0.33037608806864915,0.630170703489267
!whodat,neither,0.03945320844208391,0.33037608806864915,0.630170703489267
"Brian Wayne Foster ( twitter.com/BrianWFoster ), Ashley Johnson ( twitter.com/TheVulcanSalute ), Marisha Ray ( twitter.com/Marisha_Ray ).",neither,0.038763151826155785,0.4473512812687665,0.5138855669050776
Bidet from NJ,neither,0.04069404815304118,0.30931579984010865,0.6499901520068502
"Ashley and Marisha, I think",neither,0.03913368982400085,0.2772319582951949,0.6836343518808042
Pillars finally finishes installing just in time for Talks to start. Now I have to wait to play it.,neither,0.04261969347342893,0.3348499545230107,0.6225303520035604
dagger dagger dagger,neither,0.03945320844208391,0.33037608806864915,0.630170703489267
Bidet from Washington!,neither,0.04080695066346891,0.3073995495860776,0.6517934997504536
How deep the rabbit hole goes?,neither,0.03881519355619959,0.3187870920888708,0.6423977143549296
@caiocobra there's always SUBMIT,neither,0.03655127566617605,0.349507897167871,0.6139408271659529
:o,neither,0.03945320844208391,0.33037608806864915,0.630170703489267
"May not be a pyramid, but could be a vampire that is as old as the pyramids",neither,0.037206983400420605,0.3833103755970998,0.5794826410024795
@megalozzy welcome to wildemount,neither,0.05036155158341772,0.3241161757817237,0.6255222726348585
@megalozzy Welcome to Wildemount from Colm McGuiness,neither,0.050464511911482435,0.30102381063445594,0.6485116774540616
"gandsTrinketArmor I'm watching from school, SHHH don't tell anybody",neither,0.04020236821135201,0.31766089163296996,0.642136740155678
"Taliesin is a riddle, wrapped in a puzzle, squeezed out a conundrum, and covered in enigma sauce.",neither,0.041055756694415454,0.3122588072193736,0.6466854360862109
@LegionKai Dude same!! You in the actual city? Cause I'm in the suburbs but I say KC cause it's easier,neither,0.04160623161523896,0.3719133483790957,0.5864804200056655
"@megalozzy ""Welcome to Wildemount"" by Colm McGuinness - https://www.youtube.com/watch?v=WEQC2HyhgTc",neither,0.04841069102486315,0.3553960437567833,0.5961932652183535
welcome to wildemount @megalozzy,neither,0.05036155158341772,0.3241161757817237,0.6255222726348585
gandsHype gandsHype gandsHype gandsHype gandsHype gandsHype gandsHype gandsHype gandsHype gandsHype,neither,0.03945320844208391,0.33037608806864915,0.630170703489267
Bidet from New Orleans!,neither,0.04450700662299174,0.21166473641774403,0.7438282569592642
I'm downloading pillars now,neither,0.03945320844208391,0.33037608806864915,0.630170703489267
Bidet from Philly!,neither,0.040769555981420263,0.3080342349327864,0.6511962090857933
Bidet from Brisbane Australia,neither,0.04062582848913359,0.31047366557575606,0.6489005059351104
Bidet from NJ also,neither,0.04050016173213581,0.31260655840611007,0.6468932798617543
"And for the record: I'd love an animated series of ""You got Gayle!""",neither,0.040685209174532805,0.33309479998738484,0.6262199908380824
@JollyGreen1881 But I am Submit,neither,0.033342750406743504,0.34821866705598203,0.6184385825372745
Thanks,neither,0.035884468650613,0.3004919205142699,0.6636236108351171
Meow,neither,0.03945320844208391,0.33037608806864915,0.630170703489267
The rabbit hole goes under the pyramid.,neither,0.03823386449120911,0.3078549721910112,0.6539111633177797
@TerraRising1 sounds delicious,neither,0.03945320844208391,0.33037608806864915,0.630170703489267
bidet from Florida,neither,0.0408948396164547,0.30590784468201904,0.6531973157015263
TALIESIN ISN'T EVEN ON TONIGHT,neither,0.03284117110764925,0.337676079495324,0.6294827493970268
Anyone else see Friday's GYP where Lord Taliesin of RenFaire realized at the end just how well he knew The MErry Wives of Windsor?,neither,0.03935572318451573,0.3220285567573346,0.6386157200581497
bidet yall,neither,0.03639464868045676,0.3822878294283694,0.5813175218911739
Death has a chest area?,neither,0.03978203492360906,0.3247950445084347,0.6354229205679562
bidet yall,neither,0.03639464868045676,0.3822878294283694,0.5813175218911739
@Xayagami lmao! arent we all? I'mpretty sure the entire universe is sitting in a globe on the top shelf of his office....gathering dust,neither,0.047738979294501084,0.4137844281049583,0.5384765926005407
Greetings Programs!,neither,0.03945320844208391,0.33037608806864915,0.630170703489267
GAG ME WITH A SPOON MRS HENDERSON,neither,0.027413445015026253,0.38324648005775985,0.5893400749272139
We've got Gail!,neither,0.01882473326706495,0.35412996374445266,0.6270453029884823
gandsSpoopy,neither,0.03945320844208391,0.33037608806864915,0.630170703489267
"And now, we have ""other reaper""",neither,0.038211134104085304,0.3059082288242816,0.6558806370716331
bidet from ontario!,neither,0.04062582848913359,0.31047366557575606,0.6489005059351104
bidet from houston yall,neither,0.038999700409256016,0.3380733029473909,0.6229269966433532
rooSip,neither,0.03945320844208391,0.33037608806864915,0.630170703489267
"Yasha was a best, last episode",neither,0.03844830105085519,0.3249494203665638,0.6366022785825809
@draculasboy Or is he?,neither,0.06880472145438718,0.3202807568124038,0.610914521733209
AAAHHHH! DEMENTOR!!!!,neither,0.03945320844208391,0.33037608806864915,0.630170703489267
Different death o.o,neither,0.03945320844208391,0.33037608806864915,0.630170703489267
@draxxeon Vampires have sharp fangs... sharp as a pair of pyramids!,neither,0.03768914641746548,0.3603168244614467,0.6019940291210878
"Bidet from ~Times Square, NY",neither,0.04035746683556989,0.3150284632048382,0.6446140699595919
beast*,neither,0.03945320844208391,0.33037608806864915,0.630170703489267
Bidet from Brazil!,neither,0.04079557052152802,0.30759270029461827,0.6516117291838538
who is on tonight?,neither,0.04263739210545923,0.3923205286799001,0.5650420792146407
"Yes Gayle, gag us all with a spoon :(",neither,0.06005692010719162,0.42221595413470964,0.5177271257580988
bidet from... ontario,neither,0.04062582848913359,0.31047366557575606,0.6489005059351104
"Bidet from Carlsbad, CA",neither,0.04084513770590474,0.30675141581570226,0.6524034464783931
is that the traveler?,neither,0.04769012279630405,0.3815138507012186,0.5707960265024773
yes Gale! Gag us ALL with a spoon.,neither,0.06005692010719162,0.42221595413470964,0.5177271257580988
Boston bidet,neither,0.03945320844208391,0.33037608806864915,0.630170703489267
Yasha was really YAS QUEEN last episode.,neither,0.03936641339603382,0.33184922651713916,0.628784360086827
TALIESIN NO,neither,0.036918905254960256,0.37338982715841207,0.5896912675866277
Bided from Brazil,neither,0.04079557052152802,0.30759270029461827,0.6516117291838538
@Danoba taliesin is always watching,neither,0.04802692628877522,0.3998575495221218,0.5521155241891029
"Bidet from Ypsilanti, MI y'all",neither,0.04324940744025782,0.3982080527344978,0.5585425398252444
Bidet from the watermelon capital of Texas critters,neither,0.03954759513296356,0.30504244495931904,0.6554099599077173
theyre really playing up the taelisin thing arent they lmfao this is hilarious,neither,0.04615591901850814,0.3480472735005602,0.6057968074809316
Can you get the Vox Machina DLC on the console port? Specifically the Switch?,neither,0.04385119153062562,0.3350667999585341,0.6210820085108403
Bidet from Sacramento,neither,0.04062582848913359,0.31047366557575606,0.6489005059351104
@draculasboy Indeed.,neither,0.03945320844208391,0.33037608806864915,0.630170703489267
hi everyone :),neither,0.032490659208996964,0.4485487193596734,0.5189606214313296
who is it today?,neither,0.047418173853382456,0.3820937944927358,0.5704880316538817
Bidet from AZ o/,neither,0.04078317879478948,0.307803020237201,0.6514138009680096
#GagUsAllWithASpoonMrsHenderson @EigengrauL,neither,0.03945320844208391,0.33037608806864915,0.630170703489267
Bidet from the so of cal,neither,0.03951019901889832,0.3399165947073998,0.6205732062737017
Bidet from Tx,neither,0.04081748366884477,0.3072207769958956,0.6519617393352596
Bidet from FL,neither,0.04066490145509902,0.30981049537100724,0.6495246031738937
@shot_of_happiness Hi🤗,neither,0.03945320844208391,0.33037608806864915,0.630170703489267
Marisha and Ashley on tonight,neither,0.03392596208552459,0.28706146543635147,0.679012572478124
Bidet from Metro Detroit. ferociousHype,neither,0.04038525337528278,0.3145568531088204,0.6450578935158968
@Mainnalle maybe we are,neither,0.07961152099593115,0.2694716661650937,0.6509168128389751
!whodat,neither,0.03945320844208391,0.33037608806864915,0.630170703489267
"Brian Wayne Foster ( twitter.com/BrianWFoster ), Ashley Johnson ( twitter.com/TheVulcanSalute ), Marisha Ray ( twitter.com/Marisha_Ray ).",neither,0.038763151826155785,0.4473512812687665,0.5138855669050776
Bidet from PA!,neither,0.04069404815304118,0.30931579984010865,0.6499901520068502
:D,neither,0.03945320844208391,0.33037608806864915,0.630170703489267
bidet from maine,neither,0.04069404815304118,0.30931579984010865,0.6499901520068502
"What is a Ypsilanti? IS that the next ""spice?""",neither,0.05491498848468919,0.3538791476429565,0.5912058638723543
"crack, i missed it.",neither,0.03795552518511967,0.3308912100178873,0.6311532647969931
interested to know if the DLC will be available for console as well.,neither,0.02932359252375791,0.3396460034824306,0.6310304039938115
"Bidet from Seattle, WA!",neither,0.04040912852695437,0.3141516294757728,0.6454392419972729
bidet from aus,neither,0.04228451509352876,0.2823214250720796,0.6753940598343917
bidet from toronto!,neither,0.04066490145509902,0.30981049537100724,0.6495246031738937
Bidet from LA.,neither,0.04094187055022747,0.3051096069949388,0.6539485224548338
Bidet from Saskatoon gandsBrian gandsBrian gandsBrian,neither,0.04228451509352876,0.2823214250720796,0.6753940598343917
hello everyone!,neither,0.03269494828970791,0.4450814005079928,0.5222236512022994
i deel loved in this chat,neither,0.039361704430389895,0.3319291499535376,0.6287091456160725
gandsLollypop gandsLollypop gandsLollypop,neither,0.03945320844208391,0.33037608806864915,0.630170703489267
Bidet,neither,0.03945320844208391,0.33037608806864915,0.630170703489267
"Ashley and Marisha, according to Nightbot",neither,0.04474901910769228,0.2913774679160001,0.6638735129763075
lmao,neither,0.03705015143476208,0.3711622369619404,0.5917876116032975
Bidet Mexico City,neither,0.03945320844208391,0.33037608806864915,0.630170703489267
,neither,0.03945320844208391,0.33037608806864915,0.630170703489267
Yay!! Ashley!!,neither,0.03945320844208391,0.33037608806864915,0.630170703489267
roo7,neither,0.03945320844208391,0.33037608806864915,0.630170703489267
feel*,neither,0.03945320844208391,0.33037608806864915,0.630170703489267
Bidet from Newfoundland!,neither,0.04228451509352876,0.2823214250720796,0.6753940598343917
bidet from england:),neither,0.04071751644889743,0.3089174816120565,0.6503650019390461
<3 <3,neither,0.03945320844208391,0.33037608806864915,0.630170703489267
bidet from pittsburgh,neither,0.04066490145509902,0.30981049537100724,0.6495246031738937
Bidet from Baltimore!,neither,0.04079557052152802,0.30759270029461827,0.6516117291838538
TheIlluminati TheIlluminati TheIlluminati,neither,0.03945320844208391,0.33037608806864915,0.630170703489267
@Xayagami I'd believe it....,neither,0.0371157565344616,0.3311800449649461,0.6317041985005923
Bidet from Prince George,neither,0.04042526135537527,0.31387781327414327,0.6456969253704816
bidet,neither,0.03945320844208391,0.33037608806864915,0.630170703489267
Bidet from xorhas,neither,0.04228451509352876,0.2823214250720796,0.6753940598343917
Bidet from Texas! Howdy y’all!!!,neither,0.04359220329948612,0.4041574955162046,0.5522503011843093
Can someone explain this whole bidet thing to me please,neither,0.038507299448846975,0.3547206984598359,0.6067720020913172
greets from Australia,neither,0.04062582848913359,0.31047366557575606,0.6489005059351104
Im new,neither,0.04425594721921149,0.23204866997204066,0.7236953828087478
"Bidet, Everyone!",offensive_language,0.02988896790634741,0.4927062106388782,0.4774048214547744
"It's actually ""Good Day"" Kappa",neither,0.03811791903900173,0.31839983527327,0.6434822456877284
I'm disappointed in the lack of Jenga happening right now.,neither,0.03826590700482929,0.33169300559641607,0.6300410873987546
love IS squeeze,neither,0.04483927479398513,0.3417822377925241,0.6133784874134908
"Man, England, you're up late for this.",neither,0.06020671827481518,0.41365031785600515,0.5261429638691796
bidet and beep beep critters! :),neither,0.03763944115734239,0.1918412352459551,0.7705193235967025
Finished my calculus final just in time,neither,0.026149979026554263,0.43494353488475307,0.5389064860886926
Beep Beep,neither,0.03945320844208391,0.33037608806864915,0.630170703489267
bidet everyone!,offensive_language,0.02988896790634741,0.4927062106388782,0.4774048214547744
Bidet,neither,0.03945320844208391,0.33037608806864915,0.630170703489267
@TerraRising1 jenga last week was so good,neither,0.038590239527284756,0.3816057619497547,0.5798039985229604
@mkeefeus it’s what frog used to say instead of good day,neither,0.04703800978768017,0.3150237551384868,0.637938235073833
@Mkeefeus Bidet is grog trying to say be pleased on 4 mugs of mead,neither,0.04706199136339748,0.3367727005934524,0.6161653080431501
"@Mkeefeus a misheard ""good day"" which became a greeting",neither,0.03931511287005708,0.31698054558438504,0.6437043415455579
"@Mkeefeus It's how Grog heard some elf people saying ""good day""",neither,0.042652638636998294,0.3320905846999329,0.6252567766630687
gandsLessthanthree gandsLessthanthree gandsLessthanthree gandsLessthanthree,neither,0.03945320844208391,0.33037608806864915,0.630170703489267
lol good to see that the board is back,neither,0.039615481361840316,0.3894483445946585,0.5709361740435012
Grog*,neither,0.03945320844208391,0.33037608806864915,0.630170703489267
Bidet from Indiana,neither,0.0408364874901429,0.30689823255244486,0.6522652799574122
Beep beep critters!,neither,0.03945320844208391,0.33037608806864915,0.630170703489267
gandsRaid gandsRaid gandsRaid gandsRaid gandsRaid gandsRaid,neither,0.03945320844208391,0.33037608806864915,0.630170703489267
MercyWing1 GOWKratos MercyWing2,neither,0.03945320844208391,0.33037608806864915,0.630170703489267
Bidet from Co all,neither,0.045914185777907034,0.4444017128587277,0.5096841013633653
bidet from scotland,neither,0.04062582848913359,0.31047366557575606,0.6489005059351104
Beep beep from Bloomington,neither,0.04066490145509902,0.30981049537100724,0.6495246031738937
"@Mkeefeus Hi, New. We're chat",neither,0.05966726376538898,0.22883499290564288,0.7114977433289682
Bidet from New Orleans,neither,0.04450700662299174,0.21166473641774403,0.7438282569592642
What if... Taliesin is on tonight?,neither,0.02561952148038797,0.3767082831713781,0.5976721953482339
its a season 1 thing lol,neither,0.026340048581833364,0.38722320862818704,0.5864367427899796
Bidet from England,neither,0.04071751644889743,0.3089174816120565,0.6503650019390461
bidet,neither,0.03945320844208391,0.33037608806864915,0.630170703489267
beep beep,neither,0.03945320844208391,0.33037608806864915,0.630170703489267
Bidet from South Carolina. Beep beep.,neither,0.04043176250036363,0.31376747187705417,0.6458007656225822
"""Bidet"" is Grog's mispronunciation of ""Good Day""",neither,0.05179803107759089,0.30505738170637775,0.6431445872160314
"Bidet from NC, hope everyone's doing great!",neither,0.0583381708898185,0.2927986565773527,0.6488631725328289
"Bidet, fellow Critters, from Georgia!",neither,0.040391260989805194,0.3144548882117505,0.6451538507984442
Bidet from France!,neither,0.04071751644889743,0.3089174816120565,0.6503650019390461
and yes it was Grog,neither,0.03631052763135374,0.2790854835554227,0.6846039888132236
bidet from dc,neither,0.0408364874901429,0.30689823255244486,0.6522652799574122
@Mkeefeus sounded kinda like G'day,neither,0.05034501578930674,0.3311517315670655,0.6185032526436277
Bidet,neither,0.03945320844208391,0.33037608806864915,0.630170703489267
Test,neither,0.03945320844208391,0.33037608806864915,0.630170703489267
Owifig y,neither,0.03945320844208391,0.33037608806864915,0.630170703489267
i haven't been on twitter much. who's on today?,neither,0.030887146680582903,0.476466170361557,0.49264668295786007
bidet from Georgia,neither,0.04066490145509902,0.30981049537100724,0.6495246031738937
!whodat,neither,0.03945320844208391,0.33037608806864915,0.630170703489267
"Beep-Bidet, Pyramids!",neither,0.03945320844208391,0.33037608806864915,0.630170703489267
"Brian Wayne Foster ( twitter.com/BrianWFoster ), Ashley Johnson ( twitter.com/TheVulcanSalute ), Marisha Ray ( twitter.com/Marisha_Ray ).",neither,0.038763151826155785,0.4473512812687665,0.5138855669050776
bidet from Oregon MercyWing1 KappaHD MercyWing2,neither,0.04071751644889743,0.3089174816120565,0.6503650019390461
Be pleased,neither,0.04002562477733436,0.33516942876397554,0.6248049464586901
Bidet.,neither,0.03945320844208391,0.33037608806864915,0.630170703489267
Bidet,neither,0.03945320844208391,0.33037608806864915,0.630170703489267
Bidet from STL M0,neither,0.04228451509352876,0.2823214250720796,0.6753940598343917
Marisha and ashley,neither,0.03852460340978638,0.282397176840787,0.6790782197494266
Eating at a restaurant and streaming with their WiFi. Good thing I set an alarm on my phone for this!,neither,0.025438157041399925,0.36805378424443264,0.6065080587141675
Bidet from Key West,neither,0.04050859201572737,0.3124634744922743,0.6470279334919984
Bidet from France o/,neither,0.04071751644889743,0.3089174816120565,0.6503650019390461
@Mkeefeus Elves saying Good Day (G'day) + Grog being Grog = B'day (Bidet),neither,0.03245599822759205,0.32243713171983485,0.6451068700525732
Bidet from Oregon!,neither,0.04071751644889743,0.3089174816120565,0.6503650019390461
Beepbeep,neither,0.03945320844208391,0.33037608806864915,0.630170703489267
SPOTTED,neither,0.03945320844208391,0.33037608806864915,0.630170703489267
Bidet from Colorado,neither,0.04066490145509902,0.30981049537100724,0.6495246031738937
Bidet from China! :D,neither,0.04079557052152802,0.30759270029461827,0.6516117291838538
if taliesin is a pyramid then does that make Brian a rhombus?,offensive_language,0.018945575481266835,0.49698771775744244,0.4840667067612907
Life needs things to live.... like us Critters,neither,0.10195784601991023,0.37583289006067266,0.522209263919417
hi talesin!!,neither,0.03945320844208391,0.33037608806864915,0.630170703489267
The pyramid himself!,neither,0.03818333146884059,0.3068836632137256,0.6549330053174338
omg Tal,neither,0.03945320844208391,0.33037608806864915,0.630170703489267
PERCYYY,neither,0.03945320844208391,0.33037608806864915,0.630170703489267
lmao,neither,0.03705015143476208,0.3711622369619404,0.5917876116032975
TAL!,neither,0.03945320844208391,0.33037608806864915,0.630170703489267
BEEP BEEP @captain_pandaman,neither,0.03945320844208391,0.33037608806864915,0.630170703489267
Shout out to my fellow Oregonians,neither,0.03054582626899289,0.419748680256788,0.549705493474219
HI!!!!!,neither,0.03945320844208391,0.33037608806864915,0.630170703489267
Nice coat,neither,0.03945320844208391,0.33037608806864915,0.630170703489267
DoritosChip,neither,0.03945320844208391,0.33037608806864915,0.630170703489267
LUL,neither,0.03945320844208391,0.33037608806864915,0.630170703489267
::scream::,neither,0.03945320844208391,0.33037608806864915,0.630170703489267
Talesin!!!,neither,0.03945320844208391,0.33037608806864915,0.630170703489267
Nice Robe,neither,0.03945320844208391,0.33037608806864915,0.630170703489267
#CUltConfirmed,neither,0.03945320844208391,0.33037608806864915,0.630170703489267
LUL,neither,0.03945320844208391,0.33037608806864915,0.630170703489267
The question is not whether Taliesin is a pyramid. The question is HOW MANY pyramids he is.,neither,0.05902230892911546,0.3097719343414335,0.6312057567294511
lol,neither,0.020706217963973744,0.4882283491876925,0.4910654328483337
LOOK AT YHAT BOY,neither,0.040873516836873174,0.3638561753852899,0.595270307777837
Taliesin was at Ren Faire...,neither,0.0384979089129585,0.3577136990656109,0.6037883920214305
LuL,neither,0.03945320844208391,0.33037608806864915,0.630170703489267
So tonight is Ladies Night?,neither,0.03609392214016602,0.347792675309446,0.6161134025503878
lmfaooo,neither,0.03945320844208391,0.33037608806864915,0.630170703489267
Bidet from Los Angeles!,neither,0.04078317879478948,0.307803020237201,0.6514138009680096
TALIESIN ME BOY,neither,0.027178881103212805,0.40017965747129214,0.5726414614254951
I think the Taleisin board needs some red string in the shape of an inverted pentagram.... <3 Taleisin!,neither,0.0340748579359139,0.31076032081356336,0.6551648212505228
The lord of pyramids.,neither,0.03827508405352246,0.30864451507548935,0.6530804008709882
gandsLessthanthree gandsLessthanthree gandsLessthanthree,neither,0.03945320844208391,0.33037608806864915,0.630170703489267
See? They're basically gods,neither,0.06151974805435097,0.2969986000229057,0.6414816519227435
Lol,neither,0.020706217963973744,0.4882283491876925,0.4910654328483337
Ahaaaa,neither,0.03945320844208391,0.33037608806864915,0.630170703489267
TheIlluminati TheIlluminati TheIlluminati TheIlluminati TheIlluminati,neither,0.03945320844208391,0.33037608806864915,0.630170703489267
Handshake to all out European Critters. pleasure to have ya with us!,offensive_language,0.046188953897910154,0.5481993730764424,0.4056116730256474
Lord Taliesin!,neither,0.03945320844208391,0.33037608806864915,0.630170703489267
Marsha Roy,neither,0.03945320844208391,0.33037608806864915,0.630170703489267
TALEISIN,neither,0.03945320844208391,0.33037608806864915,0.630170703489267
SCRUB!,neither,0.03945320844208391,0.33037608806864915,0.630170703489267
Why is Taliesin,neither,0.0299643235054833,0.3586684403814974,0.6113672361130192
Taliesin!,neither,0.03945320844208391,0.33037608806864915,0.630170703489267
Keyleth was right,neither,0.03746023435591603,0.368631170880943,0.593908594763141
Clip please,neither,0.03945320844208391,0.33037608806864915,0.630170703489267
Taliesin is the PYRAMID!,neither,0.06634763790238427,0.27637293114625994,0.6572794309513558
Bidet Critters!,neither,0.03945320844208391,0.33037608806864915,0.630170703489267
gandsMolly gandsMolly gandsMolly gandsMolly gandsMolly,neither,0.03945320844208391,0.33037608806864915,0.630170703489267
Taleisin lookin' spiffy tonight :O,neither,0.03615405921996673,0.30274943723344955,0.6610965035465838
bidet from houston!,neither,0.040875471929787875,0.3062365648703896,0.6528879631998226
liuLUL liuLUL liuLUL liuLUL,neither,0.03945320844208391,0.33037608806864915,0.630170703489267
is taliesin on with the girls tonigt?,neither,0.015477967139947127,0.47208069424079485,0.512441338619258
Bidet from carmichael!,neither,0.04228451509352876,0.2823214250720796,0.6753940598343917
lololol~,neither,0.03945320844208391,0.33037608806864915,0.630170703489267
Bidet from Vancouver BC,neither,0.041095261662497835,0.30250615950080734,0.6563985788366947
talesin is the leader of the illuminati #confirmed,neither,0.0436983527180202,0.30676683631224677,0.649534810969733
"Bidet from Canada, not Quebec.",neither,0.039151666018566574,0.3158568313560086,0.6449915026254249
I love that pyramid tails on became a thing,neither,0.030765542139798718,0.3957887969308998,0.5734456609293016
He's not even a guest tonight!,neither,0.03967537320410041,0.3269439587431107,0.6333806680527889
who is it tonight?,neither,0.04483193907263857,0.37598157728818904,0.5791864836391724
