text,top_class,hate_speech,offensive_language,neither
gandsHype Thank you very much for the gift sub! gandsLessthanthree gandsLessthanthree,neither,0.04098196503468771,0.3308777092765141,0.6281403256887982
HERE WE GO,neither,0.13156755280784707,0.2765461283225309,0.5918863188696221
gandsHype,neither,0.03945320844208391,0.33037608806864915,0.630170703489267
"Weave is unpredictable, smart, witty, and can deliver the feels",neither,0.04288163119892114,0.2969666267827943,0.6601517420182846
Weav!,neither,0.03945320844208391,0.33037608806864915,0.630170703489267
Weave*,neither,0.03945320844208391,0.33037608806864915,0.630170703489267
gandsClassic gandsClassic gandsClassic gandsHype gandsHype gandsHype,neither,0.03945320844208391,0.33037608806864915,0.630170703489267
@Deathstar_Taco gandsTWC,neither,0.03945320844208391,0.33037608806864915,0.630170703489267
<3 to all!,offensive_language,0.07037653542857761,0.5454179388470466,0.3842055257243759
WOOOOOOO,neither,0.03945320844208391,0.33037608806864915,0.630170703489267
gandsHype gandsHype gandsHype gandsHype gandsHype gandsHype gandsHype gandsHype,neither,0.03945320844208391,0.33037608806864915,0.630170703489267
"Hi Amy, Whitney, Stef, Becca and Gina!",neither,0.03882788631130355,0.299422105481188,0.6617500082075084
Howdy yall,neither,0.03639464868045676,0.3822878294283694,0.5813175218911739
KAPOW YouDontSay,neither,0.03945320844208391,0.33037608806864915,0.630170703489267
Hi @Joesyphh,neither,0.03945320844208391,0.33037608806864915,0.630170703489267
wtf is this,offensive_language,0.05875134067276458,0.7027317341486384,0.23851692517859707
Bidet to ye people who have joined us,neither,0.11071270525322105,0.3669749393283615,0.5223123554184174
!whodat,neither,0.03945320844208391,0.33037608806864915,0.630170703489267
Beep 4 President!,neither,0.03945320844208391,0.33037608806864915,0.630170703489267
"Becca Scott ( twitter.com/thebeccascott ) playing Bleep, Gina DeVivo ( twitter.com/pocketgina ) playing Chrissa Dane, Amy Dallen ( twitter.com/enthusiamy ) playing Penny Bedlam, Whitney Moore ( twitter.com/TweetneyMoore ) playing Sally 5000, and Storyteller Stef Woodburn ( twitter.com/StefWoodburn ).",neither,0.03852735293962778,0.44046209150216636,0.521010555558206
!wtfisthis,neither,0.03945320844208391,0.33037608806864915,0.630170703489267
"Weave Society is the RPG tale for the digital age. Storytellers Amy Dallen, Whitney Moore, Becca Scott, Stef Woodburn, and Gina DeVivo come together to jump into one of the many fantastical worlds of Weave. Where will they end up next?",neither,0.03997484976940308,0.3113440925008771,0.6486810577297198
"Oh, I am loving Gina's hair right now.",neither,0.04279526889437827,0.304363206453324,0.6528415246522977
gandsHug,neither,0.03945320844208391,0.33037608806864915,0.630170703489267
That side eye tho,neither,0.03400244549531948,0.4156198088120127,0.5503777456926678
mcaT HeyGuys,neither,0.03945320844208391,0.33037608806864915,0.630170703489267
Bleep*,neither,0.03945320844208391,0.33037608806864915,0.630170703489267
"Help G&S make great content! $4.99/month gets you emotes, Minecraft server access, sub-only VODs, and more! Every sub keeps the channel alive! twitch.tv/geekandsundry/subscribe",neither,0.043907990691603095,0.31135964332838284,0.644732365980014
Hate that I fell asleep before last week's episode started,neither,0.10874378961363106,0.37997165656105786,0.5112845538253111
Hey Chat!,neither,0.03945320844208391,0.33037608806864915,0.630170703489267
"WEAVE SOCIETY 9.30-11pm, Hosts jump into one of the many fantastical worlds of the Weave RPG ... more information at: https://weave.game/",neither,0.03868494829054548,0.32040579516634665,0.6409092565431078
"No, Becca. No you can't.",neither,0.061427953951591834,0.4322743470518272,0.506297698996581
LUL,neither,0.03945320844208391,0.33037608806864915,0.630170703489267
Hi @Holrend,neither,0.03945320844208391,0.33037608806864915,0.630170703489267
haHAA,neither,0.03945320844208391,0.33037608806864915,0.630170703489267
Ha Ha,neither,0.03945320844208391,0.33037608806864915,0.630170703489267
DayWalker!!!,neither,0.03945320844208391,0.33037608806864915,0.630170703489267
Also you have the coolest hair,neither,0.05229459459112162,0.3626840741776501,0.5850213312312282
More like Psychotic! :),neither,0.05397470571020206,0.33678790376107337,0.6092373905287246
MonsterClubTM,neither,0.03945320844208391,0.33037608806864915,0.630170703489267
!frontpage,neither,0.03945320844208391,0.33037608806864915,0.630170703489267
!respect,neither,0.03945320844208391,0.33037608806864915,0.630170703489267
"We are on the front page, which means we have an influx of new people coming in here. Some are polite, some are not. Please let the mods handle those who are not. Sit back, enjoy the show, and DON'T FEED THE TROLLS.",neither,0.10504481977893397,0.20508308154005317,0.6898720986810128
s,neither,0.03945320844208391,0.33037608806864915,0.630170703489267
JAMES DEAN,neither,0.03945320844208391,0.33037608806864915,0.630170703489267
Morse code?,neither,0.03945320844208391,0.33037608806864915,0.630170703489267
Hehhehe,neither,0.03945320844208391,0.33037608806864915,0.630170703489267
"Gina's gone Diva. It's earned, but sad.",neither,0.03604797953900008,0.3388295029510904,0.6251225175099094
wut dis ? mopO,neither,0.03945320844208391,0.33037608806864915,0.630170703489267
!wtfisthis,neither,0.03945320844208391,0.33037608806864915,0.630170703489267
gandsTrinketArmor chicken Tenders,neither,0.03945320844208391,0.33037608806864915,0.630170703489267
"Weave Society is the RPG tale for the digital age. Storytellers Amy Dallen, Whitney Moore, Becca Scott, Stef Woodburn, and Gina DeVivo come together to jump into one of the many fantastical worlds of Weave. Where will they end up next?",neither,0.03997484976940308,0.3113440925008771,0.6486810577297198
!wtfisthis,neither,0.03945320844208391,0.33037608806864915,0.630170703489267
Poooound KAPOW,neither,0.03945320844208391,0.33037608806864915,0.630170703489267
The gentle area,neither,0.038610540359263014,0.31498530452332846,0.6464041551174086
what part of a chicken are the tenders?,neither,0.0724670148330782,0.26577397152779253,0.6617590136391291
I love that we literally have a command to run when someone enters and asks what's on screen,neither,0.03349832665114158,0.378483056958313,0.5880186163905455
"Just remember that although many of the hosts of the channel are attractive, there's much more to them than that. For example, Becca is also incredibly evil.",neither,0.050801964798290446,0.3068730903519036,0.6423249448498061
"@KBTibbs Not sad, just more gina ;)",neither,0.03470040535212812,0.3498856059212864,0.6154139887265854
"WEAVE SOCIETY 9.30-11pm, Hosts jump into one of the many fantastical worlds of the Weave RPG ... more information at: https://weave.game/",neither,0.03868494829054548,0.32040579516634665,0.6409092565431078
i thought dis is Fortnite mopO,neither,0.05576282786211169,0.20008303856534684,0.7441541335725413
wtf robots now o_O,offensive_language,0.04367459568960724,0.7126061233261942,0.24371928098419846
@Captain_Gumball it's not :),neither,0.033343388287243585,0.34312202601138486,0.6235345857013717
@BlackLionoftheStars That's a nice silver lining,neither,0.0353877175995038,0.3746321410814382,0.5899801413190578
@Captain_Gumball Not really on this channel,neither,0.03527207751116555,0.3505907253910798,0.6141371970977547
gandsFacepalm,neither,0.03945320844208391,0.33037608806864915,0.630170703489267
Whitney plays a robot,neither,0.03945320844208391,0.33037608806864915,0.630170703489267
mopO,neither,0.03945320844208391,0.33037608806864915,0.630170703489267
"Wait, this *isn't* Fortnite?",neither,0.039334834290689874,0.33238520634972346,0.6282799593595867
I aim for the silver linings :),neither,0.03357512962691045,0.29146376479428965,0.6749611055788
Fortnite and Dragons.,neither,0.03854442882677734,0.28357035124239044,0.6778852199308323
Oh hey @MonocleSociety,neither,0.04724942694866229,0.25746865428102644,0.6952819187703113
word booty,neither,0.03289323265973878,0.44171599726759925,0.525390770072662
@MonocleSociety haha troll in the dungeon XD,neither,0.034388772948812735,0.3868260380363837,0.5787851890148035
i think dis is Fortnite mopO,neither,0.052743654055809185,0.3133296172935464,0.6339267286506444
LUL Took the batteries out .... gandsTrinketArmor,neither,0.03465419188710356,0.3305451372519611,0.6348006708609353
GothBot 5000,neither,0.03945320844208391,0.33037608806864915,0.630170703489267
"Actually, since each campaign takes two episodes, it kind of is a fortnight ;)",neither,0.043439108384195964,0.3231545430984282,0.6334063485173759
Hi @MonocleSociety,neither,0.03945320844208391,0.33037608806864915,0.630170703489267
omg BUXION,neither,0.03945320844208391,0.33037608806864915,0.630170703489267
LUL whitney,neither,0.03945320844208391,0.33037608806864915,0.630170703489267
So Goth,neither,0.03940857945358607,0.38636408546123996,0.5742273350851739
A boyfriend MANSION,neither,0.03945320844208391,0.33037608806864915,0.630170703489267
GOTHBOT 5000,neither,0.03945320844208391,0.33037608806864915,0.630170703489267
Gothbot,neither,0.03945320844208391,0.33037608806864915,0.630170703489267
cheers @MonocleSociety thanks for this awesome rpg,neither,0.033216017224482496,0.29593096800203483,0.6708530147734827
:-P,neither,0.03945320844208391,0.33037608806864915,0.630170703489267
@chaoticloony heyooo!!!,neither,0.03945320844208391,0.33037608806864915,0.630170703489267
whose name I have never managed to spell correctly,neither,0.040630629667918486,0.36165895243488233,0.5977104178971994
"@MonocleSociety only if someone plays a ""FourtKnight"" module...",neither,0.02242518124305497,0.386386757419361,0.591188061337584
Sally is in a ditch some where ;_;,neither,0.04012239670165168,0.30990905513644873,0.6499685481618996
so sally 5000 is Elphaba now,neither,0.047967355948028575,0.37400702536822045,0.5780256186837511
!point @TheDiMono,neither,0.03945320844208391,0.33037608806864915,0.630170703489267
who is bleep TearGlove,offensive_language,0.06273239322143805,0.47642182036533837,0.4608457864132235
cubis was a good game,neither,0.037484021362803134,0.27509239020248905,0.6874235884347077
lol @BlackLionoftheStars thank you for playing it! it's still crazy to see everybody so into it :-D,neither,0.03272847053174765,0.4696434113868559,0.49762811808139634
Hehehhehehhe,neither,0.03945320844208391,0.33037608806864915,0.630170703489267
"@cybaslasher I read that with a different vowel in the middle of the last word, and it came across very differently :P",neither,0.030457972149669495,0.33405314669989766,0.6354888811504329
Sally 5000 (at some point): I think I'll try defying gravity~,neither,0.03457240578016252,0.3470645038541556,0.618363090365682
Whitney might need a chin strap for that hat,neither,0.03360069643930958,0.3358915269236639,0.6305077766370265
HSWP,neither,0.03945320844208391,0.33037608806864915,0.630170703489267
she's not a real goth that hat comes right off LUL,offensive_language,0.03262327167071078,0.48971376553066404,0.4776629627986252
@TheDiMono Pls this is a civilized chat :P,neither,0.047072217300113496,0.32921162137341414,0.6237161613264723
@Deathstar_Taco well maybe we'll see that when the next community beta of weave comes out...,neither,0.029652492123760105,0.38457386192172927,0.5857736459545108
RollerKid,neither,0.03945320844208391,0.33037608806864915,0.630170703489267
"""Du hat!"" ""Du hat me!""",neither,0.03582511788478076,0.3493717058419532,0.6148031762732661
Holy crap! I saw Penny explaining comic books to Chelsea Handler. It was hilarious,neither,0.042086286141532654,0.329660709672934,0.6282530041855334
!whodat,neither,0.03945320844208391,0.33037608806864915,0.630170703489267
"Amy Dallen ( twitter.com/enthusiamy ) playing Penny Bedlam, Gina DeVivo ( twitter.com/pocketgina ) playing Chrissa Dane, Becca Scott ( twitter.com/thebeccascott ) playing Bleep, Whitney Moore ( twitter.com/TweetneyMoore ) playing Sally 5000, and Storyteller Stef Woodburn ( twitter.com/StefWoodburn ).",neither,0.03852735293962778,0.44046209150216636,0.521010555558206
https://clips.twitch.tv/AdorableNastyRutabagaStrawBeary,neither,0.03945320844208391,0.33037608806864915,0.630170703489267
"""Intermittent accent"" was build for Amy.",neither,0.03497909833442168,0.3098721105821783,0.6551487910834
built*,neither,0.03945320844208391,0.33037608806864915,0.630170703489267
Good call @Danoba,neither,0.03834978857227872,0.33075560475985816,0.6308946066678632
thanks @Danoba :) <3,neither,0.035884468650613,0.3004919205142699,0.6636236108351171
they found the real Sally way back,neither,0.03189198993548203,0.43190355546992865,0.5362044545945893
Amy's characters are just the best <3,neither,0.052311073819743405,0.29422652512030206,0.6534624010599546
gandsFacepalm,neither,0.03945320844208391,0.33037608806864915,0.630170703489267
Np.,neither,0.03945320844208391,0.33037608806864915,0.630170703489267
wut cheez it disease? I'd want that,neither,0.03594331558477397,0.35735166794298806,0.606705016472238
@Danoba YES. I require that you receive a raise right now,neither,0.047184411712167335,0.41261337946554233,0.5402022088222904
#steffacts,neither,0.03945320844208391,0.33037608806864915,0.630170703489267
If you eat too many carrots you turn orange,neither,0.0453700506710468,0.4429200102383774,0.5117099390905758
"@MonocleSociety keep up the great work, btw gandsParty",neither,0.034810099803855986,0.3367421288155936,0.6284477713805504
Also all the cheese under your fingernails is hard to come off,offensive_language,0.059475392579752616,0.5083988236672525,0.4321257837529949
#DanobaRaise,neither,0.03945320844208391,0.33037608806864915,0.630170703489267
Want the inside scoop? Join the cast of Critical Role and discuss this episode right here on Talks Machina. Tuesdays 7pm Pacific at twitch.tv/geekandsundry and projectalpha.com,neither,0.04630302093207864,0.22484473131932575,0.7288522477485957
"Cannabilistic Koan, how does one eat their own face?",neither,0.043327874132745865,0.45302207334602707,0.5036500525212271
Very carefully,neither,0.03945320844208391,0.33037608806864915,0.630170703489267
#DanobaRaise *nod nod,neither,0.03945320844208391,0.33037608806864915,0.630170703489267
hehe,neither,0.03945320844208391,0.33037608806864915,0.630170703489267
Scrunchies are coming back in fashion. So are socks and sandals,neither,0.07401462839357972,0.27392695328004846,0.6520584183263718
guess that conversation about gore is fitting coming off Deadpool Wednesday club,neither,0.040288409815453216,0.3676171851637654,0.5920944050207814
I own two scrunchies from my time with long hair,neither,0.0370986462928951,0.4133022530228555,0.5495991006842494
Storybook is actually Never Ending Story blu-ray,neither,0.04171390468601492,0.35454082180050417,0.603745273513481
gandsTricorder gandsHappy,neither,0.03945320844208391,0.33037608806864915,0.630170703489267
Is Penny or Chrissa the Monster Whisperer?,neither,0.045456220220262064,0.3145401307760333,0.6400036490037045
"@Deathstar_Taco Thank you! I was programming all day at Mox Boardinghouse board game cafe today, got the new beta build out for Weave Advanced and Umbral.",neither,0.0404012048019787,0.30296954450018493,0.6566292506978363
"Not existing is a huge problem for google. Or anything, really.",neither,0.03940013561330288,0.31348394978857497,0.6471159145981221
"Chrissa is the whisperer, I believe",neither,0.05158656640203444,0.30117523689354764,0.647238196704418
this just start?,neither,0.0325972321479615,0.36524034189961135,0.6021624259524272
@Sirenhunter5 is it not bleep,neither,0.05039172813663029,0.3355620426682221,0.6140462291951476
woop de doop de doo im here,neither,0.06588760270335549,0.3273331251536783,0.6067792721429663
?,neither,0.03945320844208391,0.33037608806864915,0.630170703489267
@king_booty Yep,neither,0.03945320844208391,0.33037608806864915,0.630170703489267
Bleep is so smart...I believe that,neither,0.04333525917789744,0.41635955686962345,0.5403051839524791
inB4 Penny Bedlam is really a top tier Roller Derby player,neither,0.040329378499551684,0.38064624890505266,0.5790243725953955
@king_booty yep - just re-introduced the characters,neither,0.04728186214509686,0.31365940131772096,0.6390587365371823
perrrfect,neither,0.03945320844208391,0.33037608806864915,0.630170703489267
ty @TheDiMono,neither,0.03945320844208391,0.33037608806864915,0.630170703489267
@TheDiMono Good thing you didn't go scrunchy crazy. Some of my friends have a drawer full of them,offensive_language,0.035637246351410926,0.5158903285017629,0.4484724251468262
"@king_booty This is part 2, but it just started",neither,0.0375217241887364,0.359145925714612,0.6033323500966516
LUL,neither,0.03945320844208391,0.33037608806864915,0.630170703489267
Ha Ha,neither,0.03945320844208391,0.33037608806864915,0.630170703489267
@BlackLionoftheStars *begins to question everything* *X-Files theme song starts playing*,neither,0.04261678388264545,0.33224796974419557,0.625135246373159
@MonocleSociety Will Weave Advanced be a separate app or like a unlock inside the existing Weave? Or is it too early for you to say?,neither,0.04793166060934867,0.22224603448624947,0.7298223049044018
I have a bunch of elastics and a few bobby pins,neither,0.039809172351962144,0.3944198964218386,0.5657709312261993
"""Yeah, let's just see...""",offensive_language,0.010247188199072468,0.4993618759104135,0.4903909358905141
I love everything about this show,neither,0.05049560389167699,0.2926417952052137,0.6568626009031093
Where'd that voice come from?! Clearly none of these women were talking,neither,0.05037658116308956,0.4329487127460023,0.5166747060909083
"Beat you to it, Danoba :P",neither,0.08512286435119802,0.40531328595320026,0.5095638496956016
"@TheDiMono Haha, yeah, I don't have my regular program, so just a chat window.",offensive_language,0.021016626714519187,0.5090762975334073,0.4699070757520736
ectogoo window theme is kinds gross,neither,0.044762591896199654,0.3285499476338014,0.626687460469999
what a well behaved chat such wow,neither,0.04348649738408508,0.32466207271657793,0.631851429899337
i can actually read something here xD,neither,0.08553724995542773,0.28930481128271,0.6251579387618622
bf mansion met on tindr,neither,0.0369987004658179,0.3421230818923146,0.6208782176418673
were listening to the story :D,neither,0.04532119485701577,0.2918950554548712,0.6627837496881129
Hotel Fartimis,neither,0.03945320844208391,0.33037608806864915,0.630170703489267
You said see you later boy to that skater boy,neither,0.06488032949023405,0.4187093462633038,0.5164103242464622
!point @cybaslasher,neither,0.03945320844208391,0.33037608806864915,0.630170703489267
she's not good enough for hium,neither,0.03172424743810292,0.38944995283803063,0.5788257997238665
@dice0ne Chat has standards. As opposed to the hosts Kappa,neither,0.04186043222492618,0.3347479907185934,0.6233915770564804
"are you saying the ectogoo window theme doesn't quite gel with you, @BlackLionoftheStars ?",neither,0.06188318601903908,0.3782128508621563,0.5599039631188045
:o,neither,0.03945320844208391,0.33037608806864915,0.630170703489267
:D,neither,0.03945320844208391,0.33037608806864915,0.630170703489267
"stef, definitely the cuteness expert.",neither,0.038583588971641665,0.3144810890989898,0.6469353219293685
@SprinklesTheDragonCat *groans* lol,neither,0.020706217963973744,0.4882283491876925,0.4910654328483337
We have a subscriber-only Discord server! Join here: https://discord.gg/geekandsundry (you'll need to sub and link it to your Twitch) and be a part of the fun!...Warning: It can take up to an hour for the server to update and give you access to the channels,neither,0.08464076273808444,0.286394834032893,0.6289644032290227
