text,top_class,hate_speech,offensive_language,neither
Smuggled artifacts... hopefully not more artifacts bought from ISIS,neither,0.04287140932767411,0.2750799352402048,0.682048655432121
"Hello, Bizarros!",neither,0.03945320844208391,0.33037608806864915,0.630170703489267
Hi Bowser and Jessica,neither,0.038674051282198134,0.29101592752475275,0.6703100211930493
Hi Jess and Bowser!,neither,0.03870944257742205,0.292987672328244,0.6683028850943339
"Hi Jess, hi Bowser",neither,0.03945320844208391,0.33037608806864915,0.630170703489267
Insanity is the new normal!,neither,0.04876911050746588,0.24161155092503284,0.7096193385675013
I've... never had that instinct.,neither,0.017130307898346537,0.38055567710193955,0.6023140149997138
"I HAVE had that feeling about politicians, but not comic book epicness.",neither,0.03255170451680249,0.3924222679856757,0.5750260274975219
The feel like best cure for feeling this way is being creative or learning something,neither,0.041669660319838875,0.3242388806176933,0.6340914590624678
"I don´t hate the movie, I just hate that Captain Marvel, and thge possible solution too the Infinity War situation is one fBEEPing year away",neither,0.17696591832574363,0.22424121500998614,0.5987928666642702
"@GeekandSundry think of the comic book heroes are pseudo-religious profits, and how huge these movies are, budget-wise etc",neither,0.0675637787041755,0.2840790465817771,0.6483571747140474
@Ossborn I do know what you mean there. Lol,neither,0.05493958988703015,0.38622950037948633,0.5588309097334835
chipless selves?,neither,0.03945320844208391,0.33037608806864915,0.630170703489267
It happens to all of us,neither,0.15154831786867692,0.3695759082398677,0.4788757738914553
It's a Lawrence Welk movement. And a 1 and a 2 :P,neither,0.037166451675103455,0.26863913470265505,0.6941944136222415
@JeffM0307 lol,neither,0.020706217963973744,0.4882283491876925,0.4910654328483337
"I was on the edge of a meltdown myself yesterday.... browsed Netflix to find something to calm me down and watched something I havnt watched in a decade.... one episode into Gilmore Girls, and my bad mood was gone :-D",neither,0.030554465142262323,0.3519486804005427,0.6174968544571948
oh this story is crazy. guy pooping at work and he was pretty much the boss,neither,0.03885458695200292,0.3525895883193954,0.6085558247286017
I was in submarines... and every submarine... had a phantom pooper!!!,neither,0.03887640990905649,0.30689575808414615,0.6542278320067975
When the Deadfire playing on?,neither,0.023302660662751586,0.39123881451103804,0.5854585248262104
HanMan371 That was yesterday during Game Engine,neither,0.03613694936061501,0.3312494177926746,0.6326136328467105
@HanMan371 that was yesterday,neither,0.03429555204404829,0.3877316176195117,0.57797283033644
"Okay, that's ridiculous.",neither,0.03559205474905363,0.3723692613715428,0.5920386838794035
He can't wear his hat because it has a logo? Copyright nonsense has gone off the rails.,neither,0.05489399085217749,0.3131731760817057,0.6319328330661167
"Nah, he can't wear the hat cos the Dodgers are poop",neither,0.056039646816927365,0.28268007093633707,0.6612802822467356
yea pretty dumb considering it's an sports cap,neither,0.0386195748552326,0.32937382265369003,0.6320066024910774
THE SUPERINTENDANT,neither,0.03613032604487659,0.2619290779399786,0.7019405960151449
What´s next? Dot say the wrong words? I think that´s double-plus-good!,neither,0.03918526196769006,0.34507210124890014,0.6157426367834098
Lol,neither,0.020706217963973744,0.4882283491876925,0.4910654328483337
Is it part of a school rivalry?,neither,0.04490641461548058,0.32850048040556323,0.6265931049789562
HEY lol i live in Jersey,neither,0.03596348988350019,0.3796792244928385,0.5843572856236613
Talk about a Crappy superintendent!,neither,0.022098722466711188,0.36310208948891615,0.6147991880443726
!points @chaoticloony,neither,0.03945320844208391,0.33037608806864915,0.630170703489267
"That was an excellent pun, @chaoticloony! Here, have some points for that one! You have been awarded 76 points!",neither,0.049980789310414435,0.3817775744187309,0.5682416362708548
Poop in nj,neither,0.03945320844208391,0.33037608806864915,0.630170703489267
"this is why I like Poo Corner, all the puns in chat!",neither,0.04349966133414124,0.39000992168225257,0.5664904169836062
@nerdstroms Are you saying that we Dump them here in chat?,neither,0.12804500534185606,0.32215964592305585,0.549795348735088
lol,neither,0.020706217963973744,0.4882283491876925,0.4910654328483337
!points @chaoticloony,neither,0.03945320844208391,0.33037608806864915,0.630170703489267
"That was an excellent pun, @chaoticloony! Here, have some points for that one! You have been awarded 100 points!",neither,0.0503953807466276,0.3834986199781799,0.5661059992751925
I have bad bowl isuse sometimes I poop myself and falls out my pant leg,neither,0.029518698842618152,0.36597180467501195,0.6045094964823698
police always come after the crime is done tho,neither,0.03839014675184368,0.3872258351072667,0.5743840181408897
Someone buy mom a latte and a massage.,neither,0.03884495847308818,0.3003303657454469,0.660824675781465
"what about the documentary ""Minority Report""? @MasterSteel",neither,0.041399556332471985,0.33499558642469746,0.6236048572428305
Wide-eye city!,neither,0.047468067080610084,0.3276194106566879,0.6249125222627019
i duno man I DONT EVEN KNOW,neither,0.03840718445878588,0.42885298479091355,0.5327398307503005
gonna find people in his poop,neither,0.10932309018983706,0.2850938571998982,0.6055830526102648
He's working his way up to serial killer by first killing school spirit,neither,0.05417907800315238,0.384153278936686,0.5616676430601616
!points @nerdstroms,neither,0.03945320844208391,0.33037608806864915,0.630170703489267
"That was an excellent pun, @nerdstroms! Here, have some points for that one! You have been awarded 37 points!",neither,0.05003766897837674,0.38201493930407926,0.5679473917175439
Hes gonna be treated as a terrorist for making bomb making material.... that damn fertalizer man...,offensive_language,0.03693949537394063,0.6083569630537423,0.3547035415723169
!points @RemarK_ble,neither,0.03945320844208391,0.33037608806864915,0.630170703489267
"That was an excellent pun, @RemarK_ble! Here, have some points for that one! You have been awarded 50 points!",neither,0.0503424684208552,0.3832801408358578,0.5663773907432869
@RemarK_ble lol nice,neither,0.02800779621733344,0.4174226989041296,0.554569504878537
"Happy Wednesday @Danoba hope the week's been going well for you, and that it gets better for the folks at the studio having a rough wek",neither,0.04842732992570584,0.27772202222725184,0.6738506478470424
There was group on line about for pics of poop,neither,0.03274339243567146,0.3112828840133801,0.6559737235509484
hi,neither,0.03945320844208391,0.33037608806864915,0.630170703489267
Did he tell her that Urine trouble!,offensive_language,0.03206887027141105,0.5605367923993289,0.40739433732926006
kinda makes sense. I've heard gun powder can be made with urine,neither,0.021417023577068005,0.33862767998114773,0.6399552964417843
