text,top_class,hate_speech,offensive_language,neither
!christhesoundguy,neither,0.03945320844208391,0.33037608806864915,0.630170703489267
"Chris Willmott is the sound mixer for Critical Role, Talks Machina. He loves maple. Chris is wearing a Military Green t-shirt, black slacks, A FRESH Haircut and white Adidas sneakers. Follow him over at twitter.com/cwillmott for more!",neither,0.14477695445256789,0.38687159011287586,0.4683514554345562
amydFocus,neither,0.03945320844208391,0.33037608806864915,0.630170703489267
Perfect timeing!,neither,0.03945320844208391,0.33037608806864915,0.630170703489267
#EntusiArmy Raid! Hugs for the hug-inclined!,neither,0.03519761243420562,0.3022028610332387,0.6625995265325556
Raiding Amy,neither,0.03945320844208391,0.33037608806864915,0.630170703489267
@InventoryFullPT And that is accurate for today.,neither,0.03618758970014996,0.2907054588316531,0.6731069514681969
Hugs for the hug inclined,neither,0.03454421066142405,0.2978767114667817,0.6675790778717943
EnthusiARMY RAID. Hugs for the hug inclined,neither,0.03519761243420562,0.3022028610332387,0.6625995265325556
Welcome Amy and raiders.,neither,0.038822933363010945,0.2991577467117473,0.6620193199252418
Greetings Amy and Raiders!,neither,0.03874561192742724,0.2949784511471569,0.666275936925416
ENTHUSIARMY RAID gandsHappy gandsHug s for the gandsHug inclined!,neither,0.03412816705421331,0.29512293809077,0.6707488948550168
#EnthusiArmy RAID amydFocus amydFocus amydFocus,neither,0.03945320844208391,0.33037608806864915,0.630170703489267
how do i art,neither,0.04110198305060035,0.3298089988752272,0.6290890180741724
EnthusiARMY raid! amydFocus Hugs for the Hug inclined!,neither,0.03519761243420562,0.3022028610332387,0.6625995265325556
Lore me Sempai!,neither,0.018491955366437673,0.460246435692358,0.5212616089412043
#EnthusiArmy RAID! tinytatoHugs for the gandsHug inclined!,neither,0.03412816705421331,0.29512293809077,0.6707488948550168
#enthusiArmy raid amydFocus amydFocus amydFocus,neither,0.03945320844208391,0.33037608806864915,0.630170703489267
FACK GLASSES!,neither,0.03945320844208391,0.33037608806864915,0.630170703489267
lol,neither,0.020706217963973744,0.4882283491876925,0.4910654328483337
EnthusiARMY raid! amydFocus Hugs for the Hug inclined!,neither,0.03519761243420562,0.3022028610332387,0.6625995265325556
Raiding for the Raiding inclined,neither,0.03254860053960828,0.28467712773523957,0.6827742717251521
Hi @ErikaIshii,neither,0.03945320844208391,0.33037608806864915,0.630170703489267
!whodat,neither,0.03945320844208391,0.33037608806864915,0.630170703489267
"Ryan Green ( twitter.com/HydroSnail ), Vian Izak and Hein Zaayman ( twitter.com/vianizak ), Sarah Jane Wood ( twitter.com/throughjunipervale ).",neither,0.038773155550838795,0.4260435296399171,0.5351833148092441
@ErikaIshii Enjoy that new badge.,neither,0.03924960442653856,0.286471335819033,0.6742790597544284
whow ryan faked me out I thought his knee fast messed up for a sec,neither,0.04122884277172051,0.31808463989428565,0.6406865173339938
Ooooh three year badge!,neither,0.03945320844208391,0.33037608806864915,0.630170703489267
SJW lol omg.,neither,0.028153223926309316,0.41615248093853685,0.5556942951351538
@ErikaIshii congrats on that!,neither,0.031553718977387915,0.3980605796317028,0.5703857013909094
woo,neither,0.03945320844208391,0.33037608806864915,0.630170703489267
hey @ErikaIshii,neither,0.03945320844208391,0.33037608806864915,0.630170703489267
Huzzah for 3 years!,neither,0.03056451495136693,0.28610394573336734,0.6833315393152657
what is there band called?,neither,0.05412907467826517,0.281899103066071,0.6639718222556639
@Critternation3000 He usually has leggings on but you're not the first one to have that happen.,neither,0.05376480020723291,0.39105584083931233,0.5551793589534549
We have a subscriber-only Discord server! Join here: https://discord.gg/geekandsundry (you'll need to sub and link it to your Twitch) and be a part of the fun!...Warning: It can take up to an hour for the server to update and give you access to the channels,neither,0.08464076273808444,0.286394834032893,0.6289644032290227
their*,neither,0.03945320844208391,0.33037608806864915,0.630170703489267
!vianizak,neither,0.03945320844208391,0.33037608806864915,0.630170703489267
Website: vianizak.com | Webcomic: vianizaksadventures.com | Print comic: http://www.vohnicmusic.com/store/#!/Comics/c/25187442/offset=0&sort=normal,neither,0.04615567050228798,0.28779663219565205,0.6660476973020599
@ErikaIshii Hi Erika,neither,0.03945320844208391,0.33037608806864915,0.630170703489267
!junipervale,neither,0.03945320844208391,0.33037608806864915,0.630170703489267
Website: Throughjunipervale.com | Spotify: https://open.spotify.com/artist/5ektKXWvSR9FjUExrpg1xK?si=VJ-92hlvSFu-dqGQApH6Qg,neither,0.03945320844208391,0.33037608806864915,0.630170703489267
thank you,neither,0.07325166854587051,0.43632638485078484,0.49042194660334476
forsen1337 looks like some potential fan fic,neither,0.04033350677464546,0.3563302842317025,0.603336208993652
!timer,neither,0.03945320844208391,0.33037608806864915,0.630170703489267
"There is 3 days 8 hours 19 minutes 46 seconds ago until the Next REBROADCAST of Critical Role Campaign 2 - Episode 17. Give or take 15 minutes. Basically, show up 30 minutes early. This has been asked 9 times.",neither,0.044867716127230714,0.3019918553073995,0.6531404285653698
http://www.wheniscriticalrole.com/ <<< countdown clock to Critical Role (C2ep18) .,neither,0.04116065064107587,0.2597753030292712,0.6990640463296528
"Download the new Critical Role theme song for Campaign Two! http://itunes.apple.com/album/id1331550250?ls=1&app=itunes Sales of the song support the musician, Jason Charles Miller.",neither,0.04445767596344001,0.2510827790306858,0.7044595450058742
Ahhh this is so surreal to me. I was a fan of these bands and now they're playing on my show tomorrow!!,neither,0.0569014170230718,0.3861687434148388,0.5569298395620894
@ErikaIshii gandsPartyShield gandsHype,neither,0.03945320844208391,0.33037608806864915,0.630170703489267
@ErikaIshii is that what that question on FB was for?,neither,0.036322981622726465,0.37605744070774766,0.5876195776695259
tinytatoBallpit tinytatoBallpit tinytatoBallpit,neither,0.03945320844208391,0.33037608806864915,0.630170703489267
gandsHype gandsHype gandsHype,neither,0.03945320844208391,0.33037608806864915,0.630170703489267
gandsParty,neither,0.03945320844208391,0.33037608806864915,0.630170703489267
"Help G&S make great content! $4.99/month gets you emotes, Minecraft server access, sub-only VODs, and more! Every sub keeps the channel alive! twitch.tv/geekandsundry/subscribe",neither,0.043907990691603095,0.31135964332838284,0.644732365980014
oh man,neither,0.0497452509521963,0.354443561064239,0.5958111879835646
@RMutt1917 Yeah! I was wondering if any friends knew their work as well.,neither,0.019909869493343245,0.44813633078785087,0.531953799718806
"Hey chat, first time here. Is Critical Role still on this channel? When do they go live?",neither,0.05358584423944745,0.36196596490594063,0.5844481908546121
http://www.wheniscriticalrole.com/ <<< countdown clock to Critical Role (C2ep18) .,neither,0.04116065064107587,0.2597753030292712,0.6990640463296528
@Hedgehogcrazy27 In about 3 hours,neither,0.03739236851081592,0.3653539200659071,0.5972537114232771
"@Hedgehogcrazy27 Yes, every Thursday at 7pm PT",neither,0.03892739714745936,0.3464035810145652,0.6146690218379754
Thanks!!!!,neither,0.035884468650613,0.3004919205142699,0.6636236108351171
oh look at that cute bear,neither,0.0432325563572303,0.3157497346379471,0.6410177090048227
(It is not playing on the stream(,neither,0.040403186099242774,0.33036302512482035,0.6292337887759368
"Nope, no audio on stream.",neither,0.03678862783789219,0.3505688882037223,0.6126424839583855
"I tip my hat at the guests, Ryan set a VERY, VERY high bar for dressing and they hit it, looking awesome",neither,0.029728203635136164,0.3723056780504947,0.5979661183143691
Looked great though!,neither,0.037506889157105545,0.304430132345008,0.6580629784978865
who are these well dressed ppl?,neither,0.07805324348370542,0.42283721792648404,0.4991095385898106
!whodat,neither,0.03945320844208391,0.33037608806864915,0.630170703489267
"Ryan Green ( twitter.com/HydroSnail ), Vian Izak and Hein Zaayman ( twitter.com/vianizak ), Sarah Jane Wood ( twitter.com/throughjunipervale ).",neither,0.038773155550838795,0.4260435296399171,0.5351833148092441
oooo,neither,0.03945320844208391,0.33037608806864915,0.630170703489267
What time is critical roll?,neither,0.05126207982446005,0.34140619942687994,0.60733172074866
http://www.wheniscriticalrole.com/ <<< countdown clock to Critical Role (C2ep18) .,neither,0.04116065064107587,0.2597753030292712,0.6990640463296528
Ty @postdataest,neither,0.03945320844208391,0.33037608806864915,0.630170703489267
Sarah Jane's Twitter doesn't work. maybe it's her insta account?,offensive_language,0.033216968671816324,0.518783234361881,0.44799979696630265
!respect,neither,0.03945320844208391,0.33037608806864915,0.630170703489267
"If you would like to share opinions on our hosts, guests or fellow viewers, please do so in a respectful manner. Don't make them feel uncomfortable.",neither,0.04843323757214918,0.39559142321184637,0.5559753392160044
https://twitter.com/thrjunipervale?lang=en,neither,0.038847118455795415,0.4299570803769345,0.5311958011672703
thank you @chaoticloony,neither,0.07325166854587051,0.43632638485078484,0.49042194660334476
"Thanks, I'm adjusting Nightbot now and the respective commands.",neither,0.03579433719475458,0.24728317902840347,0.7169224837768421
Devon is ON IT,neither,0.04716140751131578,0.35461070313804294,0.5982278893506413
!whodat,neither,0.03945320844208391,0.33037608806864915,0.630170703489267
"Ryan Green ( twitter.com/HydroSnail ), Vian Zaayman and Hein Zaayman ( twitter.com/vianizak ), Sarah Jane Wood ( twitter.com/thrjunipervale ).",neither,0.038773155550838795,0.4260435296399171,0.5351833148092441
That's Adorable,neither,0.0343714251695459,0.38593769553176943,0.5796908792986846
a big boy. :P,neither,0.018810141478626415,0.42136197081067084,0.5598278877107027
"""Roads? Where we are going, we don't need roads.""",neither,0.0517751100372127,0.3064467746338769,0.6417781153289104
So freaking cool ðŸ™ŒðŸ»,neither,0.039410610967142094,0.3773997705274018,0.583189618505456
I want a sculpted one,neither,0.038266362255436365,0.3829191818153167,0.578814455929247
!vianizak,neither,0.03945320844208391,0.33037608806864915,0.630170703489267
Twitter: twitter.com/VianIzak | Instagram: instagram.com/vian_izak | Website: vianizak.com | Webcomic: vianizaksadventures.com | Print comic: http://www.vohnicmusic.com/store/#!/Comics/c/25187442/offset=0&sort=normal,neither,0.04269326201190715,0.36353952267397555,0.5937672153141172
"oh, that's very cool to know",neither,0.047395353924460884,0.31877327541085965,0.6338313706646793
The art IS very fantastic!,neither,0.045253176674009264,0.3150259026110572,0.6397209207149336
!junipervale,neither,0.03945320844208391,0.33037608806864915,0.630170703489267
Twitter: twitter.com/thrjunipervale| Instagram: instagram.com/throughjunipervale | Website: Throughjunipervale.com | Spotify: https://open.spotify.com/artist/5ektKXWvSR9FjUExrpg1xK?si=VJ-92hlvSFu-dqGQApH6Qg,neither,0.03809432303954459,0.41257857014292515,0.5493271068175303
!junipervale,neither,0.03945320844208391,0.33037608806864915,0.630170703489267
Twitter: twitter.com/thrjunipervale | Instagram: instagram.com/throughjunipervale | Website: Throughjunipervale.com | Spotify: https://open.spotify.com/artist/5ektKXWvSR9FjUExrpg1xK?si=VJ-92hlvSFu-dqGQApH6Qg,neither,0.03809432303954459,0.41257857014292515,0.5493271068175303
forsenKek HE DOESNT KNOW,neither,0.046276578848099506,0.3280292180962591,0.6256942030556413
Disconnect,neither,0.03945320844208391,0.33037608806864915,0.630170703489267
QUESTION: Do you have tips or resources for self-taught artists wanting to take advantage of colour values to make their art more accessible?,neither,0.04938222443063124,0.3301911640798704,0.6204266114894983
@namioo know what?,neither,0.051473770870239015,0.322057812991555,0.6264684161382059
This comic format is kinda genius.,neither,0.04755776101081639,0.32912919287713693,0.6233130461120467
Pre-ordered my comic and it is even more beautiful in person ðŸ˜,neither,0.03547668254138337,0.36147692653757757,0.6030463909210391
time to CR?,neither,0.045491231802886035,0.34710566977740653,0.6074030984197074
!wheniscr,neither,0.03945320844208391,0.33037608806864915,0.630170703489267
"gandsMattBlindfold Critical Role is on at 7 PM PDT on Thursdays, it is currently 4:18 PM PDT on Thursday. There is 2 Hours, 41 Minutes, 16 Seconds until the next episode of Critical Role. This command has been run 945 times but has probably been asked about way more. gandsNein",neither,0.04097479403665617,0.34440241166378227,0.6146227942995617
hi,neither,0.03945320844208391,0.33037608806864915,0.630170703489267
thanks,neither,0.035884468650613,0.3004919205142699,0.6636236108351171
Hi @jimdonatelli_,neither,0.03945320844208391,0.33037608806864915,0.630170703489267
when is game the game on tonight?,neither,0.03236154419852682,0.2906054084504019,0.6770330473510713
>.>,neither,0.03945320844208391,0.33037608806864915,0.630170703489267
what time is critical role? less than an hour,neither,0.04739652306584496,0.3397806018072823,0.6128228751268728
Love you guys!,neither,0.06167918433826641,0.4366455781003419,0.5016752375613917
gandsPartyShield gandsHype Watch the music tomorrow!,neither,0.04442669055270672,0.3114403309498075,0.6441329784974857
@hubbs40 It is on YouTube!,neither,0.0438714936975714,0.34497003565210965,0.611158470650319
http://www.wheniscriticalrole.com/ <<< countdown clock to Critical Role (C2ep18) . @BippityBoo45,neither,0.04116065064107587,0.2597753030292712,0.6990640463296528
@hubbs40 it's on YouTube. GTG hasn't been on the twitch channel for months now.,neither,0.03213742114873188,0.32310803710964214,0.6447545417416259
@chaoticloony i was jk,neither,0.03928262304235673,0.33327136749443714,0.6274460094632062
who... are these people?,offensive_language,0.23176374605537559,0.45402936811677264,0.3142068858278517
