text,top_class,hate_speech,offensive_language,neither
@BalthezarX FIRST ONE I SEE WITH THE ANSWER,neither,0.022702851617882755,0.3822193291355353,0.595077819246582
ehehe,neither,0.03945320844208391,0.33037608806864915,0.630170703489267
We have a subscriber-only Discord server! Join here: https://discord.gg/geekandsundry (you'll need to sub and link it to your Twitch) and be a part of the fun!...Warning: It can take up to an hour for the server to update and give you access to the channels,neither,0.08464076273808444,0.286394834032893,0.6289644032290227
is it silent for anyone else?,neither,0.039340404969721195,0.30440240262187573,0.656257192408403
t,neither,0.03945320844208391,0.33037608806864915,0.630170703489267
Helllo @ladyamphy,neither,0.03945320844208391,0.33037608806864915,0.630170703489267
THEME IS THING: _ _ _ _ / _ A _ _ A _ :F,neither,0.04808911061884846,0.3274058053055621,0.6245050840755894
"Must be a blue moon, because I don't have to get up tomorrow and can watch live! Hi errybody!",neither,0.046710780225570805,0.33176293514925714,0.6215262846251721
Yes,neither,0.03945320844208391,0.33037608806864915,0.630170703489267
Hiiiii!,neither,0.03945320844208391,0.33037608806864915,0.630170703489267
gandsParty gandsPartyShield Hi Erika and Taliesin!,neither,0.038358606956405694,0.2721397086643902,0.6895016843792041
HIIII!,neither,0.03945320844208391,0.33037608806864915,0.630170703489267
"WHOA, those ACOUSTICS!!",neither,0.07186689619406073,0.24454044770309835,0.6835926561028409
GAME OVER,neither,0.03384899033750616,0.2688877552514681,0.6972632544110258
there must be a hottub ish.. remote somewhere,neither,0.04029615732272743,0.2928431070953273,0.6668607355819453
<3,neither,0.03945320844208391,0.33037608806864915,0.630170703489267
woooo!!,neither,0.03945320844208391,0.33037608806864915,0.630170703489267
Woo!!! <3,neither,0.03945320844208391,0.33037608806864915,0.630170703489267
Whooooo!,neither,0.03945320844208391,0.33037608806864915,0.630170703489267
Hiii,neither,0.03945320844208391,0.33037608806864915,0.630170703489267
hiiii guys!,neither,0.03922184957078739,0.3343028519130907,0.6264752985161218
yeaaaahhh,neither,0.03945320844208391,0.33037608806864915,0.630170703489267
YES!,neither,0.03945320844208391,0.33037608806864915,0.630170703489267
Dem acoustics,neither,0.03945320844208391,0.33037608806864915,0.630170703489267
Yaaaaaaaaay!,neither,0.03945320844208391,0.33037608806864915,0.630170703489267
gandsApplaud gandsApplaud gandsApplaud gandsApplaud gandsApplaud gandsApplaud gandsApplaud gandsApplaud gandsApplaud gandsApplaud gandsApplaud,neither,0.03945320844208391,0.33037608806864915,0.630170703489267
Ello,neither,0.03945320844208391,0.33037608806864915,0.630170703489267
Woohoo!,neither,0.03945320844208391,0.33037608806864915,0.630170703489267
gandsHype gandsHype gandsHype gandsHype gandsHype gandsHype gandsHype gandsHype,neither,0.03945320844208391,0.33037608806864915,0.630170703489267
need some hypemen,neither,0.02551459517396695,0.3531100038963697,0.6213754009296633
<3 <3,neither,0.03945320844208391,0.33037608806864915,0.630170703489267
lol I've loved the hype!,neither,0.01643190214010551,0.3445287705413538,0.6390393273185409
"Hi Erika, hi Tal!",neither,0.03945320844208391,0.33037608806864915,0.630170703489267
gandsParty gandsPartyShield gandsParty gandsPartyShield,neither,0.03945320844208391,0.33037608806864915,0.630170703489267
!!!!,neither,0.03945320844208391,0.33037608806864915,0.630170703489267
helloooo,neither,0.03945320844208391,0.33037608806864915,0.630170703489267
glowsticks!,neither,0.03945320844208391,0.33037608806864915,0.630170703489267
Woooo,neither,0.03945320844208391,0.33037608806864915,0.630170703489267
awww Backstage!,neither,0.03945320844208391,0.33037608806864915,0.630170703489267
So style,neither,0.039408268585317555,0.3917566628364959,0.5688350685781864
gandsApplaud gandsApplaud gandsApplaud gandsApplaud gandsApplaud gandsApplaud gandsApplaud gandsApplaud,neither,0.03945320844208391,0.33037608806864915,0.630170703489267
nice!,neither,0.03945320844208391,0.33037608806864915,0.630170703489267
hi everyone!,neither,0.032490659208996964,0.4485487193596734,0.5189606214313296
:D,neither,0.03945320844208391,0.33037608806864915,0.630170703489267
"Can't believe I'm able to not only finally watch this again, but also be able to subscribe!!",neither,0.04574283702432708,0.34820944533218506,0.6060477176434879
I love music episodes of GYP!,neither,0.03725730677841759,0.340532742266018,0.6222099509555644
ya'll lookin amazing,offensive_language,0.02631511705613094,0.5637409645562561,0.4099439183876129
I freaking love these two dorks,neither,0.0444055231091535,0.38837669546658743,0.567217781424259
Hi @hamezfound,neither,0.03945320844208391,0.33037608806864915,0.630170703489267
Good evening lovely peoples,neither,0.03897862314739341,0.33053931971388784,0.6304820571387187
But Erica what about Flowers Biting Blood Carrots?!,neither,0.03956832023488802,0.34888704434095197,0.6115446354241602
"Download the new Critical Role theme song for Campaign Two! http://itunes.apple.com/album/id1331550250?ls=1&app=itunes Sales of the song support the musician, Jason Charles Miller.",neither,0.04445767596344001,0.2510827790306858,0.7044595450058742
The internet is nothing if not magical,neither,0.02725395517567487,0.39506305600934666,0.5776829888149784
Yes get your lighters ready,neither,0.06491930500300033,0.33057725904919955,0.6045034359478001
asdasd,neither,0.03945320844208391,0.33037608806864915,0.630170703489267
They sure impressed me yeaterday!,neither,0.028130666171014406,0.4846826458161239,0.48718668801286164
so excited for these guys!,neither,0.040783604421025715,0.41839809633037184,0.5408182992486025
Woo!,neither,0.03945320844208391,0.33037608806864915,0.630170703489267
@whippetpuli No one beat FBBC!,neither,0.037033897963620964,0.3952792435169275,0.5676868585194516
talesin in a flannel is killin me,neither,0.039196285164728825,0.37414987782363185,0.5866538370116393
"ah, there's the volume!",neither,0.03867082196230909,0.2793091432566818,0.682020034781009
this is gonna be so exciting!,neither,0.04624607700233161,0.41912233574302377,0.5346315872546444
gandsApplaud gandsApplaud,neither,0.03945320844208391,0.33037608806864915,0.630170703489267
Oh. Volume boost!,neither,0.04362059357776138,0.2903680746032665,0.6660113318189722
Taliesin looks very soft,neither,0.03945320844208391,0.33037608806864915,0.630170703489267
i got 15 minutes to listen before going to vod later. currently in intermission at theater,neither,0.04228424209756061,0.40997055336865584,0.5477452045337835
<3,neither,0.03945320844208391,0.33037608806864915,0.630170703489267
I like it when Taliesin gets smooshy over Erika,neither,0.03328337941723522,0.41196577726415123,0.5547508433186137
@kingcroww Taliesin in general,neither,0.03945320844208391,0.33037608806864915,0.630170703489267
like extremely soft,neither,0.05031737057535367,0.34613846984707675,0.6035441595775695
the softest,neither,0.03613032604487659,0.2619290779399786,0.7019405960151449
Oh man I’m hyped for this!,neither,0.038048421845890926,0.3116098651837902,0.6503417129703188
he looks cozy,neither,0.048728957490322425,0.32718573262589845,0.6240853098837792
#WeKnow - should be better now.,neither,0.05156098997820284,0.3684403672980492,0.579998642723748
#WeKnow about the thing that may or may not be happening on a technical level currently. The crew lives at least 30 seconds in the future and are likely already solving or have solved the problem! Thanks for your concern!,neither,0.04751991085222859,0.298407411164976,0.6540726779827954
"Help G&S make great content! $4.99/month gets you emotes, Minecraft server access, sub-only VODs, and more! Every sub keeps the channel alive! twitch.tv/geekandsundry/subscribe",neither,0.043907990691603095,0.31135964332838284,0.644732365980014
aw man what great hair,neither,0.04238734193037904,0.35595747602654143,0.6016551820430796
@misssunflower94 he is very soft tonight <3,neither,0.04980470622474397,0.30588786005977764,0.6443074337154783
volume to 11,neither,0.046040367532930004,0.32652495997685643,0.6274346724902135
I love the flannel. that was my go to over shirt back in high school,neither,0.027397528547499245,0.4702106699751481,0.5023918014773525
!whodis,neither,0.03945320844208391,0.33037608806864915,0.630170703489267
"damn tornado, internet eez greeaat.",offensive_language,0.04476983563058937,0.7700471333350924,0.18518303103431816
BloodTrail,neither,0.03945320844208391,0.33037608806864915,0.630170703489267
Tales in looks relaxed today,neither,0.038364965363240605,0.31377479952561116,0.6478602351111481
@GreyAngel Honestly same,neither,0.04062839644515201,0.3410813398689167,0.6182902636859312
a Padawan!,neither,0.03945320844208391,0.33037608806864915,0.630170703489267
!whodat,neither,0.03945320844208391,0.33037608806864915,0.630170703489267
"Erika Ishii ( twitter.com/erikaishii ), Taliesin Jaffe ( twitter.com/executivegoth ), with Lauren Stewart ( twitter.com/MerchantGreen ), Gina DeVivo ( twitter.com/PocketGina ), Alex Cole ( twitter.com/TheAlexicon ), Jared Rosen ( twitter.com/notquitefrodo ), Vian Zaayman and Hein Zaayman ( twitter.com/vianizak ), Sarah Jane Wood ( twitter.com/thrjunipervale ).",neither,0.03679318876116046,0.46567611405460974,0.49753069718422993
@kingcroww right?,neither,0.03719022913728602,0.3744360956046963,0.5883736752580178
someone does comics AND is in a band? living the DREAM,neither,0.03363951457751723,0.37835879198019484,0.588001693442288
BrokeBack,neither,0.03945320844208391,0.33037608806864915,0.630170703489267
WOO larping!,neither,0.03945320844208391,0.33037608806864915,0.630170703489267
is that Anakin Skywalker?,neither,0.05154613418987003,0.42924314326430335,0.5192107225458266
right??,neither,0.03719022913728602,0.3744360956046963,0.5883736752580178
lolololl,neither,0.03945320844208391,0.33037608806864915,0.630170703489267
Who's having tornados?,neither,0.04060536074996715,0.4421872722918285,0.5172073669582042
I love that outfit so much,neither,0.02962482272421719,0.4295928752089062,0.5407823020668766
better where?,neither,0.04253558492749778,0.2780601147495722,0.6794043003229301
Please do a black metal Gather Your Party?,neither,0.08136165803219937,0.3108658172375551,0.6077725247302457
"""Dressing up as your true selves"" is the tagline for Gather Your Party",neither,0.07209113629989776,0.33767464592734003,0.5902342177727623
@misssunflower94 Agreed!,neither,0.03945320844208391,0.33037608806864915,0.630170703489267
Gather Your Metal?,neither,0.06686429266126687,0.3227681299255917,0.6103675774131414
@southpawx7n They did do Gather Your Goth...,neither,0.06393349778230104,0.32347883841851666,0.6125876637991823
so many geeks in metal,neither,0.03941058863184915,0.377467025967712,0.5831223854004389
@MissNayoung if it's not it should be,neither,0.026862776042220503,0.45611483501913896,0.5170223889386404
Erika Fangirls: The Party,neither,0.03799529613624273,0.3032349030897623,0.6587698007739949
hi pals,neither,0.03945320844208391,0.33037608806864915,0.630170703489267
Awww <3,neither,0.03945320844208391,0.33037608806864915,0.630170703489267
"You're here forever, Sarah",neither,0.1455631411192115,0.2987616539798643,0.5556752049009243
New Friends!,neither,0.04468835575407101,0.1968501885617301,0.758461455684199
@phoenixgoth Not really black metal?,neither,0.05917705908047006,0.31785775230018387,0.6229651886193461
What am I watching,neither,0.046402523336255365,0.3253363894887553,0.6282610871749894
xD,neither,0.03945320844208391,0.33037608806864915,0.630170703489267
Sarah please stay,neither,0.03945320844208391,0.33037608806864915,0.630170703489267
!respect,neither,0.03945320844208391,0.33037608806864915,0.630170703489267
"If you would like to share opinions on our hosts, guests or fellow viewers, please do so in a respectful manner. Don't make them feel uncomfortable.",neither,0.04843323757214918,0.39559142321184637,0.5559753392160044
!wtfisthis,neither,0.03945320844208391,0.33037608806864915,0.630170703489267
"This is Gather Your Party! It’s Friday night, and you know what that means… Party time! Join us for a weekly themed party, where anything can happen, with all your favorite people. Gather Your Party is a must-watch show for your Friday night.",neither,0.10380257106743707,0.30547507527859313,0.5907223536539699
What ya drinking Taliesin?,offensive_language,0.028429943342221195,0.6069998568493448,0.36457019980843414
Darkthrone. I'm asking for Darkthrone live. Or Mayhem. Either.,neither,0.03772958752251112,0.3017506615764405,0.6605197509010484
Haha,neither,0.03186685585600258,0.45913629025701075,0.5089968538869867
"sarah you guys just need to stay, lol!",neither,0.04594161955391839,0.4304975494920988,0.5235608309539828
yasss,neither,0.03945320844208391,0.33037608806864915,0.630170703489267
You did NOT :o,neither,0.0695962837147673,0.43039561662073095,0.5000080996645018
bRAND new flanel!,neither,0.043825246739557455,0.220290948419491,0.7358838048409515
yess this asthetic,neither,0.03933437660267604,0.33239297450978883,0.6282726488875351
oh it must be so soft,neither,0.04461674593226763,0.31465601965361767,0.6407272344141147
and sarcasm,neither,0.03763944115734239,0.1918412352459551,0.7705193235967025
I'd even take Gorgoroth.,neither,0.03791934070453106,0.3564098266507267,0.6056708326447423
new flannel celebration woooo,neither,0.043301118494078285,0.23413499177287803,0.7225638897330438
He bought Flannel,neither,0.047411426400912324,0.32763889198372853,0.6249496816153592
"Ahhh, finding community ... feels",neither,0.03945320844208391,0.33037608806864915,0.630170703489267
Hello everyone!😄,neither,0.03269494828970791,0.4450814005079928,0.5222236512022994
ohhh man,offensive_language,0.040018442559345856,0.5018538837344726,0.4581276737061815
gandsApplaud gandsApplaud gandsApplaud gandsApplaud gandsApplaud gandsApplaud gandsApplaud,neither,0.03945320844208391,0.33037608806864915,0.630170703489267
"gandsOwlbear guys, what's this theme?",neither,0.04456245317692802,0.32997029134366385,0.6254672554794082
coooool,neither,0.03945320844208391,0.33037608806864915,0.630170703489267
one day! fire!!,neither,0.03901296205409282,0.3512629736611105,0.6097240642847966
Hi @LuluTheGamingArtist,neither,0.03945320844208391,0.33037608806864915,0.630170703489267
gandsApplaud gandsApplaud gandsApplaud gandsApplaud gandsApplaud gandsApplaud,neither,0.03945320844208391,0.33037608806864915,0.630170703489267
it goes well with his hair,neither,0.04753755865606068,0.370140179857129,0.5823222614868104
taliesin and his flannel are so soft,neither,0.11731043192701848,0.2777880444717238,0.6049015236012577
ONE DAY,neither,0.038810872641298524,0.36083901314639366,0.6003501142123079
Flannel is amazing,neither,0.051766257226869686,0.3261410659692903,0.62209267680384
FIRE! FIRE! I love fire,neither,0.03786639940322495,0.33767300144705875,0.6244605991497162
We like this building being intact Erika...,neither,0.04437736686368162,0.3803655203682614,0.5752571127680569
No fire :o Erika whatchoo doing,neither,0.038460670733593626,0.34722204329873635,0.6143172859676701
Band,neither,0.03945320844208391,0.33037608806864915,0.630170703489267
I can hear Ryan's screams of horror from Asia.,neither,0.04024817753373674,0.31688338787929654,0.6428684345869669
fire! fire! fire!,neither,0.03945320844208391,0.33037608806864915,0.630170703489267
one day....FIRE,neither,0.03901296205409282,0.3512629736611105,0.6097240642847966
there is always a remote parking lot cam for fire @GeekandSundry,neither,0.03917541317474815,0.31843241639356334,0.6423921704316885
Just you wait.,neither,0.05848614547819194,0.4501870732104628,0.49132678131134533
"my first pair of fake docs, 1993: mud pit at 4 non blondes/aerosmith concert",neither,0.031235195126282814,0.37910209274711865,0.5896627121265985
FIRE FIRE FIRE,neither,0.03945320844208391,0.33037608806864915,0.630170703489267
JUST YOU WAAAAAAAIT,offensive_language,0.07766585983551075,0.5548444567350452,0.3674896834294441
last time this fellows play nintendo,neither,0.03837361436206773,0.34869961712255587,0.6129267685153764
LIGHTERS? gandsNopeNopeNope gandsApplaud gandsApplaud gandsApplaud gandsApplaud gandsApplaud gandsApplaud gandsApplaud gandsApplaud gandsApplaud gandsApplaud,neither,0.03945320844208391,0.33037608806864915,0.630170703489267
"the ENTIRE chat just went ""just you waaaaait""",neither,0.042590217230472974,0.3864040330034026,0.5710057497661245
glowsticks go back to the 80s Use to be a group who did fancons using them to do a nuclear room party (very cool but I think they probably caused problems with the hotel rooms),neither,0.030461236622433475,0.41561392378420636,0.5539248395933601
XD,neither,0.03945320844208391,0.33037608806864915,0.630170703489267
Just let her flip another table and that'll tied her over for a while,offensive_language,0.028495379876581996,0.5282532582958511,0.4432513618275669
gandsRage if Jason can have fire why can't Erika :P,neither,0.020161444492871414,0.3829240321298227,0.5969145233773059
fire soon,neither,0.03945320844208391,0.33037608806864915,0.630170703489267
fire and hamilton,neither,0.038336916359885245,0.27073350187366035,0.6909295817664545
@Critternation3000 Gather Your Band,neither,0.06848005098815896,0.3223166459454905,0.6092033030663505
yup @cinphoria,neither,0.03945320844208391,0.33037608806864915,0.630170703489267
@cinphoria we know them too well XD,neither,0.0558569186923258,0.3290127875797158,0.6151302937279584
Gather your fire,neither,0.06980423868878573,0.3219462366611561,0.6082495246500581
I'm just gonna keep chanting fire lmao,neither,0.03448545889101402,0.3957464618890042,0.5697680792199818
!whodat,neither,0.03945320844208391,0.33037608806864915,0.630170703489267
"Erika Ishii ( twitter.com/erikaishii ), Taliesin Jaffe ( twitter.com/executivegoth ), with Lauren Stewart ( twitter.com/MerchantGreen ), Gina DeVivo ( twitter.com/PocketGina ), Alex Cole ( twitter.com/TheAlexicon ), Jared Rosen ( twitter.com/notquitefrodo ), Vian Zaayman and Hein Zaayman ( twitter.com/vianizak ), Sarah Jane Wood ( twitter.com/thrjunipervale ).",neither,0.03679318876116046,0.46567611405460974,0.49753069718422993
One Day Fire...Sounds like a band name.,neither,0.0472465527868964,0.3556133286593263,0.5971401185537774
HI LAUREN I LOVED YOUR FANFIC,neither,0.06432599382012197,0.3234763487069065,0.6121976574729715
Gather Your FLAME,neither,0.06582875000452618,0.3230572119719133,0.6111140380235606
hiiii Lauren <3,neither,0.03945320844208391,0.33037608806864915,0.630170703489267
Lauren is my fave I’m always happy to see her,offensive_language,0.033094132676290085,0.562224708949636,0.40468115837407387
very beautiful people,neither,0.07427169257641685,0.3265920508503584,0.5991362565732248
Gather Your Pyromaniacs,neither,0.0780690733417637,0.3196259537601841,0.6023049728980522
"Morning (or whatever fit s best to your timezone), all",neither,0.08562349727036932,0.25601147163997245,0.6583650310896583
nice,neither,0.03945320844208391,0.33037608806864915,0.630170703489267
thats awesome,neither,0.03945320844208391,0.33037608806864915,0.630170703489267
"I love how great Vian, Hein and Sarah dress!",neither,0.035307559420343186,0.29088762319596756,0.6738048173836891
My first concert was KISS,neither,0.024721396035236928,0.40955322026160357,0.5657253837031595
Arcade Fire cover band @wanderingace ?,neither,0.03945320844208391,0.33037608806864915,0.630170703489267
Yoooooo Beach Boys! Lauren is my new fav!,neither,0.03871154430978641,0.32509973690546795,0.6361887187847457
@cinphoria link?,neither,0.03945320844208391,0.33037608806864915,0.630170703489267
xD,neither,0.03945320844208391,0.33037608806864915,0.630170703489267
Damn Lauren has seen some cool shows,offensive_language,0.03790861037331973,0.6766240886882917,0.28546730093838857
Hi @Ossborn,neither,0.03945320844208391,0.33037608806864915,0.630170703489267
My first concert was Queen only a few years ago,neither,0.02818211113965814,0.3881649568059836,0.5836529320543583
my first concert was the 1969 Monterey Pops festival,neither,0.028347564024756317,0.3739885512020756,0.5976638847731681
Mine was Barry Manilow at the Red Rocks,neither,0.03807338954524005,0.3360543512264189,0.625872259228341
i swear that guy is cosplaying as Anakin,neither,0.040868345744506075,0.41550363086098135,0.5436280233945125
My first concert was secondhand serenade lol,neither,0.018823302963894208,0.46837456669140354,0.5128021303447023
favourite chanel,neither,0.03945320844208391,0.33037608806864915,0.630170703489267
I've never been to a concert...,neither,0.020380053048362816,0.35143403506918613,0.628185911882451
Herooooo Gyp KonCha !!! :D,neither,0.03945320844208391,0.33037608806864915,0.630170703489267
absolutly,neither,0.03945320844208391,0.33037608806864915,0.630170703489267
My first concert was Blind Guardian,neither,0.025061945274362077,0.4073532299856988,0.5675848247399391
"@undercovergoth oh, it was a reading :P",neither,0.04340556501236211,0.277543730648453,0.6790507043391849
@ladyamphy Queen with Adam Lambert?,neither,0.02883555980243248,0.36735420920718664,0.6038102309903808
well @loganschlieghliegh wins,neither,0.03945320844208391,0.33037608806864915,0.630170703489267
The 8bit Brothers?!? Rob and Kevin <3<3<3,neither,0.03818078657372776,0.28614926139855157,0.6756699520277206
!vianizak,neither,0.03945320844208391,0.33037608806864915,0.630170703489267
Twitter: twitter.com/VianIzak | Instagram: instagram.com/vian_izak | Website: vianizak.com | Webcomic: vianizaksadventures.com | Print comic: http://www.vohnicmusic.com/store/#!/Comics/c/25187442/offset=0&sort=normal,neither,0.04269326201190715,0.36353952267397555,0.5937672153141172
!junipervale,neither,0.03945320844208391,0.33037608806864915,0.630170703489267
Twitter: twitter.com/thrjunipervale | Instagram: instagram.com/throughjunipervale | Website: Throughjunipervale.com | Spotify: https://open.spotify.com/artist/5ektKXWvSR9FjUExrpg1xK?si=VJ-92hlvSFu-dqGQApH6Qg,neither,0.03809432303954459,0.41257857014292515,0.5493271068175303
My first concert was CAKE,neither,0.024923937507793363,0.4082421175511585,0.5668339449410481
my 8th grade graduation present,neither,0.031452836844272546,0.3904695546126163,0.5780776085431111
mine was a weird al concert,neither,0.04299070533105686,0.2703355337315701,0.6866737609373732
I've never been to a concert,neither,0.020380053048362816,0.35143403506918613,0.628185911882451
mine was cyndi lauper and stevie ray vaughn in 1983,neither,0.03881585186041798,0.30428899536234644,0.6568951527772355
"I've never been either, if it helps",neither,0.012842920301981727,0.38666274536839323,0.6004943343296252
My first concert was Alabama in the '80s I think,neither,0.02791890918737674,0.3714803981643967,0.6006006926482265
also hey guys,neither,0.03932506695770412,0.33255098348119944,0.6281239495610964
First concert for me was a thing called Edge fest in the 90s. It was 90s rock in canada,neither,0.03102577133019385,0.32982852073603414,0.639145707933772
but i was also 3 yearsold,neither,0.03474832788443283,0.3469579231666777,0.6182937489488893
"My first and only concert was seeing the band Red, it was awesome.",neither,0.027872482029077952,0.3487200601851648,0.6234074577857572
@ryvil1 yep,neither,0.03945320844208391,0.33037608806864915,0.630170703489267
@Ossborn I think you win,neither,0.06818217465168837,0.3907769249943831,0.5410409003539285
all I remember about one of my first concerts was my ears rang for three freakin' days,neither,0.021907319309667005,0.4727798668051618,0.5053128138851711
first concert was The Pixies,neither,0.03112640760182663,0.31771678521744307,0.6511568071807303
I can't even remember what my first concert was...,neither,0.028533863822660738,0.40723860963369307,0.5642275265436462
!whodat,neither,0.03945320844208391,0.33037608806864915,0.630170703489267
"Erika Ishii ( twitter.com/erikaishii ), Taliesin Jaffe ( twitter.com/executivegoth ), with Lauren Stewart ( twitter.com/MerchantGreen ), Gina DeVivo ( twitter.com/PocketGina ), Alex Cole ( twitter.com/TheAlexicon ), Jared Rosen ( twitter.com/notquitefrodo ), Vian Zaayman and Hein Zaayman ( twitter.com/vianizak ), Sarah Jane Wood ( twitter.com/thrjunipervale ).",neither,0.03679318876116046,0.46567611405460974,0.49753069718422993
Rammstein was my first. It was intense. Fireworks. XD,neither,0.02661813764937897,0.39450683299049294,0.5788750293601281
I NEED THAT STORY,neither,0.034319143725337675,0.3822004104826596,0.5834804457920026
@cinphoria which ep? Must have missed that one,neither,0.03640768866564141,0.37724578322362484,0.5863465281107338
That... sounds alarming. xD,neither,0.03372650852319189,0.39315224868719,0.5731212427896182
My first was Asia,neither,0.023577648530611933,0.4171077747640101,0.559314576705378
mine was nine inch nails and a perfect circle. i was in grade 8,neither,0.03888812108173823,0.31106451607467117,0.6500473628435905
@ladyamphy I saw that concert too in MD... was great,neither,0.035424871206167954,0.3447682316812443,0.6198068971125877
I NEED FOOTAGE OF THIS,neither,0.03896506422714307,0.3305500925090834,0.6304848432637735
My first concert was Bruce Springsteen and the E Street Band,neither,0.027572717876552716,0.3500536793004486,0.6223736028229986
@wrathofrathie i loved the edge in the 90s,neither,0.03822048018237843,0.3075980740848166,0.654181445732805
My first was Backstreet Boys lol,neither,0.0172370945482916,0.48292327344631675,0.49983963200539155
"I had to go to a concert on 4th of July, while at Army Basic!. That is the only concert i went to",neither,0.04839947418224024,0.35169662275967317,0.5999039030580867
My favorite concert to this day was my Killers show earlier this year,neither,0.03696230170952552,0.37623123493986255,0.5868064633506119
link?,neither,0.03945320844208391,0.33037608806864915,0.630170703489267
@undercovergoth Erika's 24-hour birthday stream :P,neither,0.03945320844208391,0.33037608806864915,0.630170703489267
i drink caco,neither,0.03945320844208391,0.33037608806864915,0.630170703489267
I went to my first concert just a couple years ago..Weird Al even...,neither,0.03170716467259204,0.3559759206784844,0.6123169146489236
"My first was Queens of the Stone Age and Nine Inch Nails, then it was Puscifer and Rammstein",neither,0.029152673389694385,0.32770048632779253,0.6431468402825131
jajajajajajajaja,neither,0.03945320844208391,0.33037608806864915,0.630170703489267
!!!!!!!!,neither,0.03945320844208391,0.33037608806864915,0.630170703489267
orchestra kids!!,neither,0.03945320844208391,0.33037608806864915,0.630170703489267
they were both amazing,neither,0.03976168486916713,0.30906201469431827,0.6511763004365145
@minor_glitch @hazgarn great firsts,neither,0.03629809395026052,0.28705760395740076,0.6766443020923386
"omg, that's amazing",neither,0.0351863545101083,0.3768655517422805,0.5879480937476113
they should do a gather your phantasmagoria,neither,0.09160381406000116,0.3557752956986243,0.5526208902413745
Some day Erika & Sax should recreate the Matrix lobby shootout with nerf,neither,0.03262405292391614,0.37004835088156907,0.5973275961945149
My first concert was Garth Brooks,neither,0.025862590142672073,0.4022663876387376,0.5718710222185904
my first concert was the Black Eyed Peas back in middle school,neither,0.03753968331699392,0.3627727851270427,0.5996875315559634
Orchestra! Violas represent,neither,0.03945320844208391,0.33037608806864915,0.630170703489267
@owifig YES,neither,0.03945320844208391,0.33037608806864915,0.630170703489267
my first was the stones in the superdome in 81,neither,0.026796426894730788,0.3676524083490695,0.6055511647561996
:D,neither,0.03945320844208391,0.33037608806864915,0.630170703489267
99' ozzfest was my first concert,neither,0.024774371721902926,0.40920953705164564,0.5660160912264514
oooo can we watch that?,neither,0.04156924164292969,0.38047426885393,0.5779564895031403
Percussionist here yo! :D,neither,0.15498261327516794,0.37225665610779113,0.4727607306170408
:p,neither,0.03945320844208391,0.33037608806864915,0.630170703489267
!whodat,neither,0.03945320844208391,0.33037608806864915,0.630170703489267
"Erika Ishii ( twitter.com/erikaishii ), Taliesin Jaffe ( twitter.com/executivegoth ), with Lauren Stewart ( twitter.com/MerchantGreen ), Gina DeVivo ( twitter.com/PocketGina ), Alex Cole ( twitter.com/TheAlexicon ), Jared Rosen ( twitter.com/notquitefrodo ), Vian Zaayman and Hein Zaayman ( twitter.com/vianizak ), Sarah Jane Wood ( twitter.com/thrjunipervale ).",neither,0.03679318876116046,0.46567611405460974,0.49753069718422993
how tall is Vian,neither,0.05010344140353372,0.3267129845803571,0.6231835740161092
Hiiii Jared!,neither,0.03945320844208391,0.33037608806864915,0.630170703489267
My first concert was Trans-Siberian Orchestra and THAT was an experience,neither,0.02649868677175836,0.38233117894957014,0.5911701342786715
"It's hard to pick a favorite concert. Pat Benatar, Voltaire, and American Murder Song are tied for me.",neither,0.04337829776357211,0.3558793559453843,0.6007423462910436
oh dAMN JARED,offensive_language,0.05068058354384204,0.764080999901575,0.18523841655458295
NICE,neither,0.03945320844208391,0.33037608806864915,0.630170703489267
WOAH JARED,neither,0.03945320844208391,0.33037608806864915,0.630170703489267
WHAAAAAA,neither,0.03945320844208391,0.33037608806864915,0.630170703489267
jam,neither,0.03945320844208391,0.33037608806864915,0.630170703489267
"Nevermind, HE wins",neither,0.04463451608082008,0.3285939987797041,0.6267714851394758
how are all of these people SO INTERESTING,offensive_language,0.13361798159725016,0.4768588514183426,0.3895231669844071
was first concert was the spice girls,neither,0.024616823087447826,0.38415088248006646,0.5912322944324857
HOLY HECK JARED,neither,0.03945320844208391,0.33037608806864915,0.630170703489267
That is awesome.,neither,0.044625028035607146,0.38055477549368516,0.5748201964707076
such a fun event,neither,0.039680666923761994,0.32651552401523803,0.633803809061
@misssunflower94 I mean...,neither,0.03945320844208391,0.33037608806864915,0.630170703489267
Taliesin and Erika know THE COOLEST PEOPLE,neither,0.06886784234720093,0.27201872128799226,0.6591134363648067
"Oh, man, that's so cool",neither,0.04099892079291063,0.44933769408605173,0.5096633851210376
w h a t j a r e d,neither,0.03945320844208391,0.33037608806864915,0.630170703489267
daaaaaaaang,neither,0.03945320844208391,0.33037608806864915,0.630170703489267
we’re all winners but mostly him,neither,0.05467492303041027,0.38530901326513894,0.5600160637044508
moms a groupie POGGERS,neither,0.03945320844208391,0.33037608806864915,0.630170703489267
I'd say my most memorable because of just for everything that happened was Huey Lewis and the News with Stevie Ray Vaugan as the opening act (1985?)) My ex was freaked out by the audience (it totally swtich between sets) but I was so impressed with Stevie - he could really play (but was way late getting to the show),neither,0.025572916658995047,0.4230091883449647,0.5514178949960402
"Man, I missed the reveal. Who was his dad with?",neither,0.04758935258428398,0.46022247798120974,0.4921881694345062
Jared is now officially the coolest person in the room,neither,0.04311561480409414,0.3096534816660306,0.6472309035298753
my first concert was celtic thunder because i'm lame and also no one ever comes to canada,neither,0.05043236709438774,0.29003832329658047,0.6595293096090318
this guy,neither,0.038507230577569405,0.34643180123495726,0.6150609681874732
Jared wins,neither,0.03945320844208391,0.33037608806864915,0.630170703489267
lord almighty Jared,neither,0.03945320844208391,0.33037608806864915,0.630170703489267
omg,neither,0.03945320844208391,0.33037608806864915,0.630170703489267
leave some coolness for the rest of us,neither,0.05418651391162821,0.2985515445626039,0.6472619415257679
lul,neither,0.03945320844208391,0.33037608806864915,0.630170703489267
jared you rock,neither,0.05599378559214362,0.3769820387665527,0.5670241756413036
hard to say in a room that has Taliesin Jaffe in it,offensive_language,0.033125032546583624,0.5317083653481116,0.43516660210530467
#ForestRaves,neither,0.03945320844208391,0.33037608806864915,0.630170703489267
next,neither,0.03789346648057766,0.35684897975755947,0.6052575537618629
He's like a young Taliesin,neither,0.06108785990420153,0.42219690159647033,0.5167152384993281
Bless you Gina,neither,0.06637703555667432,0.4035321832267536,0.5300907812165722
HI GINA!,neither,0.03945320844208391,0.33037608806864915,0.630170703489267
lol,neither,0.020706217963973744,0.4882283491876925,0.4910654328483337
Jared is the protege to Taliesin,neither,0.05626270929319933,0.3053617892513506,0.6383755014554501
Jared is the reason im not cool he absorbed all my cool,neither,0.03863186671651429,0.4333241597682319,0.5280439735152538
hahaha yessssss,neither,0.03945320844208391,0.33037608806864915,0.630170703489267
NOICE!,neither,0.03945320844208391,0.33037608806864915,0.630170703489267
Jared is on the lvl with Tal lol,neither,0.030044812213727682,0.3835425900516528,0.5864125977346195
How much of a dick was Liam Gallagher?,offensive_language,0.054845136787607024,0.7351771821296689,0.20997768108272413
!whodat,neither,0.03945320844208391,0.33037608806864915,0.630170703489267
nice Gina!,neither,0.03945320844208391,0.33037608806864915,0.630170703489267
"Erika Ishii ( twitter.com/erikaishii ), Taliesin Jaffe ( twitter.com/executivegoth ), with Lauren Stewart ( twitter.com/MerchantGreen ), Gina DeVivo ( twitter.com/PocketGina ), Alex Cole ( twitter.com/TheAlexicon ), Jared Rosen ( twitter.com/notquitefrodo ), Vian Zaayman and Hein Zaayman ( twitter.com/vianizak ), Sarah Jane Wood ( twitter.com/thrjunipervale ).",neither,0.03679318876116046,0.46567611405460974,0.49753069718422993
YAsS,neither,0.03945320844208391,0.33037608806864915,0.630170703489267
!wishlist,neither,0.03945320844208391,0.33037608806864915,0.630170703489267
Weird AL is the BEST concert,neither,0.048421653227188007,0.2478531837034654,0.7037251630693465
Gina you are still wonderful!!,neither,0.09963287136039871,0.3436855288761878,0.5566815997634135
We still believe in you Gina!,neither,0.059434665100841055,0.4134836483731043,0.5270816865260546
ohh me too!!!,neither,0.030989040910893603,0.38011511721767877,0.5888958418714277
So are we Gina!,neither,0.0950977074473026,0.33029877850610784,0.5746035140465895
gina is me haha,neither,0.033424813590037405,0.4770985185195495,0.4894766678904131
So are we!,neither,0.0950977074473026,0.33029877850610784,0.5746035140465895
Hi Gina! Weird Al is awesome!,neither,0.05016113503401312,0.2657505594307613,0.6840883055352256
well said that,neither,0.03393885816469193,0.39077353727145664,0.5752876045638514
@MeggieMay328 I've seen both Stevie Ray Vaugan and Carlos Santana in concert. They were both amazing. Especially great because I play a little guitar as well.,neither,0.028397369213610718,0.3063576300268686,0.6652450007595208
<3,neither,0.03945320844208391,0.33037608806864915,0.630170703489267
so say we all!!,offensive_language,0.04218846115961932,0.5230800739010243,0.4347314649393562
gandsLessthanthree Gina,neither,0.03945320844208391,0.33037608806864915,0.630170703489267
gina is hilarious,neither,0.05133238316897197,0.32629029515335767,0.6223773216776702
aw Gina,neither,0.03945320844208391,0.33037608806864915,0.630170703489267
Gina is COOLEST,neither,0.05026584871334308,0.3266571252592286,0.6230770260274283
awesome @stargazer1977,neither,0.03945320844208391,0.33037608806864915,0.630170703489267
eee I'm excite!,neither,0.03945320844208391,0.33037608806864915,0.630170703489267
yeyeye,neither,0.03945320844208391,0.33037608806864915,0.630170703489267
!rbschedule,neither,0.03945320844208391,0.33037608806864915,0.630170703489267
Find the unfinished rebroadcast schedule for the weekend here: http://bit.ly/WeekRebroadcast,neither,0.05904738035105781,0.17020024858160615,0.7707523710673361
I've literally only gone to a Back Street Boys concert.,neither,0.026756283670335872,0.31620081967266467,0.6570428966569994
,neither,0.03945320844208391,0.33037608806864915,0.630170703489267
How do!?,neither,0.04229663383404011,0.32939810368937084,0.6283052624765891
"all of those who are about to rock, we salute you!",neither,0.12792007812528386,0.4022803384174044,0.4697995834573118
@cinphoria that’s rad tho,neither,0.031954206092270794,0.3809102781172072,0.5871355157905219
How do you do the thing,neither,0.05983964707029891,0.3576880410952881,0.582472311834413
"where, how to, and with whom to record music?",neither,0.04064184622816842,0.3004062899345541,0.6589518638372776
I’m just here for great concert stories... backstage or otherwise,neither,0.05523579507620036,0.28785123769029897,0.6569129672335006
or being creative in general,neither,0.03552950458693992,0.35282482322371217,0.611645672189348
i love all of this,offensive_language,0.03745576454228862,0.48171744081232437,0.48082679464538697
Spats are absolutely necessary,neither,0.06579307930922232,0.284790273989351,0.6494166467014267
dress for the job you want,neither,0.047170533105977346,0.31805342298365413,0.6347760439103686
"Well, at least I have a semi-better concert story than Gina.",neither,0.03835289149321764,0.35558455803624345,0.6060625504705388
spats and a smile and That’s It,neither,0.032672824281668095,0.2924769314609775,0.6748502442573544
I only went to one concert in my life - The Bangles back in the late 80's,neither,0.03270036796526233,0.40898842986867456,0.5583112021660632
"@hundredsofsmallbirds I was like, 20, and they were coming to town and I was like, ""BEST FRIEND FROM JUNIOR HIGH, would you come with me to re-experience our terrible tween nostalgia?""",neither,0.05625271362623332,0.3668785419953599,0.5768687443784069
facepalm,neither,0.03945320844208391,0.33037608806864915,0.630170703489267
