text,top_class,hate_speech,offensive_language,neither
title card is up refresh if you dont see it gandsJohnson gandsDick,neither,0.03763915078568186,0.4334050016455071,0.5289558475688111
PartyPopper,neither,0.03945320844208391,0.33037608806864915,0.630170703489267
TwitchLit PowerUpL HSCheers PowerUpR TwitchLit,neither,0.03945320844208391,0.33037608806864915,0.630170703489267
thanks gandsJohnson gandsDick,neither,0.035884468650613,0.3004919205142699,0.6636236108351171
gandsTWC gandsJohnson gandsDick gandsTWC,neither,0.03945320844208391,0.33037608806864915,0.630170703489267
gandsJohnson gandsDick,neither,0.03945320844208391,0.33037608806864915,0.630170703489267
gandsJohnson gandsDick,neither,0.03945320844208391,0.33037608806864915,0.630170703489267
do they play D&D?,neither,0.04160147592883684,0.32963720036985483,0.6287613237013083
gandsJohnson gandsDick,neither,0.03945320844208391,0.33037608806864915,0.630170703489267
gandsJohnson gandsDick,neither,0.03945320844208391,0.33037608806864915,0.630170703489267
"@Fallenangelken Not D&D. A RPG system called ""All Out Of Bubblegum""",neither,0.03635852241367164,0.4013573976615342,0.5622840799247942
gandsJohnson gandsDick,neither,0.03945320844208391,0.33037608806864915,0.630170703489267
!bubblegum @Fallenangelken,neither,0.03945320844208391,0.33037608806864915,0.630170703489267
"You came here to chew Bubblegum and watch an RPG. Check out the rules for Dick & Johnson's RPG system here, https://gist.github.com/anonymous/2e00cd265c8628d4fb13",offensive_language,0.10878855305517567,0.46746033330792874,0.42375111363689555
gandsJohnson gandsTheChief gandsDick,neither,0.03945320844208391,0.33037608806864915,0.630170703489267
gandsJohnson gandsTheChief gandsDick,neither,0.03945320844208391,0.33037608806864915,0.630170703489267
huzzah for 29 months :D @ryan_witalison,neither,0.033743111842598185,0.3018582189420352,0.6643986692153666
gandsJohnson gandsDick,neither,0.03945320844208391,0.33037608806864915,0.630170703489267
gandsDick gandsJohnson,neither,0.03945320844208391,0.33037608806864915,0.630170703489267
shameless plug ramaWut,neither,0.03945320844208391,0.33037608806864915,0.630170703489267
gandsDick Ampersand gandsJohnson gandsLessthanthree gandsClassic,neither,0.03945320844208391,0.33037608806864915,0.630170703489267
little bit of cross promotion today,neither,0.03821173544632024,0.3180791950549301,0.6437090694987496
Check out the 500 greatest film podcast https://fivehundredgreatestfilms.podbean.com/,neither,0.03625001102719255,0.330407324931609,0.6333426640411984
Thanks @Andyinsomnia,neither,0.035884468650613,0.3004919205142699,0.6636236108351171
I'm Pickle Dick,offensive_language,0.04776859127771223,0.9517687721838161,0.00046263653847171285
That sound so wrong.,neither,0.03492562971720892,0.430265375808693,0.5348089944740981
"Good job Chief, Put Dick and Johnson in a Pickle!",offensive_language,0.059093655815577385,0.7127052593385707,0.22820108484585208
*sounds,neither,0.03945320844208391,0.33037608806864915,0.630170703489267
LUL,neither,0.03945320844208391,0.33037608806864915,0.630170703489267
!whodat,neither,0.03945320844208391,0.33037608806864915,0.630170703489267
"GM Sax Carr ( twitter.com/SaxCarr ), Hector Navarro ( twitter.com/Hectorisfunny ), Keller Knoblock ( twitter.com/KellerKnoblock ), with guest Alex Frew ( twitter.com/DriveFrew ).",neither,0.035473491963363045,0.47075143636086003,0.493775071675777
perfect,neither,0.03945320844208391,0.33037608806864915,0.630170703489267
"Hahaha, brilliant.",neither,0.03945320844208391,0.33037608806864915,0.630170703489267
wait til next week when it is eggplants...,neither,0.03595943164691641,0.3707407068309096,0.5932998615221741
"Sorry, I'm late. What have I missed?",neither,0.04383459110182051,0.33487036222796535,0.6212950466702142
Is that a chin or his tenders?,neither,0.07241780630271596,0.3685485362520463,0.5590336574452378
He's going to look two minutes into the future to see how the plan goes.,neither,0.05025133025630232,0.3159414458222926,0.6338072239214051
"It´s past 2 AM, I´m off. Good night (or whatever fits bestto your timezone), all",neither,0.05143488126697019,0.3738171411458673,0.5747479775871626
"Wait...is that Pickle Rick, but as Nicholas Cage?!? :O",neither,0.03827364558600056,0.3839561212941476,0.5777702331198518
that bar looks hot. they need to get some type of con. air con I guess,neither,0.03605985718513873,0.36038078509921145,0.6035593577156497
@The_TBoyce It's Picklas Cage,neither,0.03769120445960379,0.3309821220359783,0.6313266735044178
Later @Ossborn,neither,0.03945320844208391,0.33037608806864915,0.630170703489267
LUL,neither,0.03945320844208391,0.33037608806864915,0.630170703489267
His eyes,neither,0.09086440553779498,0.2864028974541528,0.6227326970080521
pic cage,neither,0.03578352069498763,0.39266026625872996,0.5715562130462823
what is this?,neither,0.07282678549990032,0.31792604547631814,0.6092471690237815
!wtfisthis,neither,0.03945320844208391,0.33037608806864915,0.630170703489267
"This is Dick & Johnson! An improvised RPG using the ""All Outta Bubblegum"" system and the adventure is determined by YOU!",offensive_language,0.06934293956297523,0.6551074395412864,0.2755496208957385
tbf Dick & Johnson are Legendary Treasures (was gonna say 'that which is relating to the universe' but...),offensive_language,0.0715074217676254,0.6012155268519028,0.3272770513804718
!bubblegum,neither,0.03945320844208391,0.33037608806864915,0.630170703489267
"You came here to chew Bubblegum and watch an RPG. Check out the rules for Dick & Johnson's RPG system here, https://gist.github.com/anonymous/2e00cd265c8628d4fb13",offensive_language,0.10878855305517567,0.46746033330792874,0.42375111363689555
The Flaming Carrot was the greatest superhero of the mid-late-1980s.,neither,0.0380787651845398,0.30702576369385737,0.6548954711216028
I feel like wtf is this doesnt really capture dick and johnson,offensive_language,0.07030739028149992,0.7943388711796914,0.13535373853880858
think of it as more nuanced DnJ if you will @keldon888,neither,0.033686727856689566,0.4338437746454507,0.5324694974978597
theonlyDance theonlyDance,neither,0.03945320844208391,0.33037608806864915,0.630170703489267
"I missed the intro, are we watching a DnJ video tonight instead of playing a game",neither,0.053563195808250925,0.213270062350451,0.7331667418412979
WutFace No seatbelts,neither,0.03852177801590115,0.3461848932406789,0.6152933287434199
