text,top_class,hate_speech,offensive_language,neither
Happy Wednesday errybody gandsTWC,neither,0.03945320844208391,0.33037608806864915,0.630170703489267
Q,neither,0.03945320844208391,0.33037608806864915,0.630170703489267
I hope they do the daily Wednesday I wrote a letter! I’ll just cross my fingers,neither,0.04603152304764377,0.31687085623324973,0.6370976207191065
@misssunflower94 Brian Foster owes you a cookie or a cupcake. <3,neither,0.04979832393969525,0.36015766960907125,0.5900440064512334
@Mainnalle Then why has chat labeled him a Pyrimid?,neither,0.031186145965710343,0.33862637276688207,0.6301874812674076
"!clock ... THE WEDNESDAY CLUB: 7-9pm, Amy, Taliesin and Matt talk about comics old and new. | WEAVE SOCIETY 9.30-11pm, Hosts jump into one of the many fantastical worlds of the Weave RPG",neither,0.0326887935934379,0.2837551347378886,0.6835560716686736
"Hello there. New to Wednesday Club. Also, hi to Michelle! I'm her brother :-D Looking forward to the chat, especially on Valerian and The Incal.",neither,0.04240655734882007,0.32966925292808513,0.6279241897230948
It is currently Wednesday 7:02 PM at the Geek & Sundry studio in California.,neither,0.05099674081407455,0.32965433924134396,0.6193489199445814
E,neither,0.03945320844208391,0.33037608806864915,0.630170703489267
Talisen is indeed a pyramid... mysterious and awesome,neither,0.04641124236669183,0.29045957020141094,0.6631291874318972
"Pardon, the accent was on the wrong e",neither,0.03530404017549562,0.3156559527162106,0.6490400071082938
EYYY~,neither,0.03945320844208391,0.33037608806864915,0.630170703489267
Theme is TV SHOW: S _ _ _ _ _ / _ _ _ _ _ _ S _ : G,neither,0.06248540061146421,0.26007214010986285,0.677442459278673
gandsHappy gandsHappy gandsHappy gandsLessthanthree gandsLessthanthree gandsLessthanthree,neither,0.03945320844208391,0.33037608806864915,0.630170703489267
WOOHOO!,neither,0.03945320844208391,0.33037608806864915,0.630170703489267
@Nate_BB Welcome!,neither,0.03945320844208391,0.33037608806864915,0.630170703489267
Heya glorious hosts,neither,0.03945320844208391,0.33037608806864915,0.630170703489267
AND WE'RE BEGUN!,neither,0.07417780578167926,0.22110321847723569,0.7047189757410851
Greetings Wednesdaisies!,neither,0.03945320844208391,0.33037608806864915,0.630170703489267
The only European comics Ive read are the first few Incal books. So I’m hoping to learn a lot today. Should be fun.,neither,0.0529872844708638,0.3200593331586778,0.6269533823704584
It was Steven Universe,neither,0.038129286552203316,0.33256062181557783,0.6293100916322187
H,neither,0.03945320844208391,0.33037608806864915,0.630170703489267
there we go,neither,0.04083933629015207,0.27628362646603744,0.6828770372438104
hello!,neither,0.03945320844208391,0.33037608806864915,0.630170703489267
yay,neither,0.03945320844208391,0.33037608806864915,0.630170703489267
"Help G&S make great content! $4.99/month gets you emotes, Minecraft server access, sub-only VODs, and more! Every sub keeps the channel alive! twitch.tv/geekandsundry/subscribe",neither,0.043907990691603095,0.31135964332838284,0.644732365980014
Hi everyone,neither,0.032490659208996964,0.4485487193596734,0.5189606214313296
Ello,neither,0.03945320844208391,0.33037608806864915,0.630170703489267
OMG I see the package i sent.,neither,0.03874633470812106,0.3175130787245925,0.6437405865672864
good morning lmao,neither,0.04741566169385407,0.17850300328707763,0.7740813350190683
"Alright Daisies, I'm going in to lurking mode. Must. Finish. Cosplay.",neither,0.04260233992572963,0.3347985887108026,0.6225990713634678
Good morning,neither,0.04970930963283925,0.13564577574880146,0.8146449146183593
Hiya!,neither,0.03945320844208391,0.33037608806864915,0.630170703489267
wooooo~,neither,0.03945320844208391,0.33037608806864915,0.630170703489267
Yay!,neither,0.03945320844208391,0.33037608806864915,0.630170703489267
"gandsTWC Hi Amy, Taliesin, and Matt! Welcome Michelle!",neither,0.03892062889845105,0.3043034849077867,0.6567758861937623
hi michelle/sis! Time to obsess about Valerian XD,neither,0.04235498390242146,0.36316079713511135,0.5944842189624673
"@brassmama becuase he is - but i felt if the crew had to write lines, I should as well - since i was complicit",neither,0.041091814518720994,0.39011523499628875,0.5687929504849902
Happy Thursday Club!,neither,0.03945320844208391,0.33037608806864915,0.630170703489267
!whodat,neither,0.03945320844208391,0.33037608806864915,0.630170703489267
hi friends,neither,0.03945320844208391,0.33037608806864915,0.630170703489267
"Amy Dallen ( twitter.com/enthusiamy ), Taliesin Jaffe ( twitter.com/executivegoth ), and Matt Key ( twitter.com/TheMattKey ) and special guest Michelle Buchman ( twitter.com/michelledeidre ).",neither,0.04561284450105268,0.4254139036324105,0.5289732518665368
PogChamp Thursday Club,neither,0.03945320844208391,0.33037608806864915,0.630170703489267
BANDES DESINÉES!,neither,0.03945320844208391,0.33037608806864915,0.630170703489267
Nice @AromiaFlyce,neither,0.03945320844208391,0.33037608806864915,0.630170703489267
"the pond, not the puddle.",neither,0.0364272068466005,0.30316541608308556,0.6604073770703139
"Greetings, Michelle!",neither,0.03945320844208391,0.33037608806864915,0.630170703489267
morning,neither,0.05283876784042269,0.1031882115525248,0.8439730206070525
Thurs morn = Breakfast Club,neither,0.03945320844208391,0.33037608806864915,0.630170703489267
hi Michelle!,neither,0.03945320844208391,0.33037608806864915,0.630170703489267
The Thursday Club yay,neither,0.038680423015277667,0.3162887538783485,0.6450308231063738
!wtfisthis,neither,0.03945320844208391,0.33037608806864915,0.630170703489267
"Welcome to The Wednesday Club where Amy, Taliesin, and Matt talk about comics old and new.",neither,0.03356453638198711,0.24263158377310745,0.7238038798449055
Michelle is SUPER SUPER nice and awesome,neither,0.04374586280539538,0.3043855456751864,0.6518685915194181
Welcome Michelle,neither,0.03945320844208391,0.33037608806864915,0.630170703489267
<3,neither,0.03945320844208391,0.33037608806864915,0.630170703489267
"First Europe, next Latin American comics hopefully!",neither,0.03682800021938216,0.3049059726925443,0.6582660270880736
The Wednesday Breakfast Club,neither,0.03868453143979841,0.3163652103925019,0.6449502581676997
i tal went for a darker shade of blue,neither,0.03571502824681961,0.3116936395006813,0.6525913322524991
Taliesin's outfit is adorable,neither,0.04765508651952307,0.32755508609575673,0.6247898273847202
gandsTWC thursdaisies,neither,0.03945320844208391,0.33037608806864915,0.630170703489267
or its the lighting,neither,0.032869364333063276,0.31660267824457633,0.6505279574223605
welcome Michelle,neither,0.03945320844208391,0.33037608806864915,0.630170703489267
L @Slippydude,neither,0.03945320844208391,0.33037608806864915,0.630170703489267
@artistsomeday he always is <3,neither,0.061456933882468444,0.40841186303768057,0.530131203079851
Does this make us Thursdaisies now?,neither,0.05640237249753603,0.45718837685507474,0.4864092506473893
Michelle! ramaV,neither,0.03945320844208391,0.33037608806864915,0.630170703489267
@japenrose I can vouch for that XD,neither,0.030461875273156244,0.3373803632220604,0.6321577615047835
he’s wearin like the same thing i am,neither,0.05401657995275182,0.33401420514243996,0.6119692149048083
@artistsomeday it's his goth polo,neither,0.06075055661016195,0.3328158593826093,0.6064335840072287
"are we talking Asterix, Spirou, Smurf, Achille Talon, Marsupilami?",neither,0.06550356170979701,0.2874613046279061,0.647035133662297
#Thursdaisies!,neither,0.03945320844208391,0.33037608806864915,0.630170703489267
lol goth polo,neither,0.03252388208086862,0.38011743943522275,0.5873586784839085
I hope for Asterix,neither,0.09425875231541017,0.1168338286046625,0.7889074190799273
as usual this is one of my blind spots,neither,0.03451973776798809,0.4261275903828856,0.5393526718491263
it's so delightfully punny,neither,0.037879336342691194,0.38030240068653764,0.5818182629707711
Valerian?,neither,0.03945320844208391,0.33037608806864915,0.630170703489267
@hundredsofsmallbirds SAME,neither,0.04148851938089603,0.3488915597363099,0.609619920882794
Woo Belgian comics!,neither,0.03945320844208391,0.33037608806864915,0.630170703489267
I'm so ready for Valerian chat :-D,neither,0.03325405405759481,0.34228604168786875,0.6244599042545365
!whodat,neither,0.03945320844208391,0.33037608806864915,0.630170703489267
"Amy Dallen ( twitter.com/enthusiamy ), Taliesin Jaffe ( twitter.com/executivegoth ), and Matt Key ( twitter.com/TheMattKey ) and special guest Michelle Buchman ( twitter.com/michelledeidre ).",neither,0.04561284450105268,0.4254139036324105,0.5289732518665368
BlessRNG Knowledge,neither,0.03945320844208391,0.33037608806864915,0.630170703489267
Thank you Amy Dallen for using that phrase.,neither,0.03882557648100031,0.413873879754146,0.5473005437648537
@phoenixgoth @misssunflower94 He needs a black trucker hat then he is Ness,neither,0.06594613849168669,0.315160006451851,0.6188938550564622
Asterix is great,neither,0.05061484561512324,0.2864395912068406,0.6629455631780362
3:04 am UK and Europe Hype,neither,0.038705655455657385,0.30060666829481286,0.6606876762495297
I'm most hyped for Valerian,neither,0.033521696957295094,0.30075605453115145,0.6657222485115534
That expression though AMY \,neither,0.036406608915657425,0.36338555311846515,0.6002078379658774
gandsTWC gandsTWC gandsTWC gandsTWC,neither,0.03945320844208391,0.33037608806864915,0.630170703489267
!!!!!,neither,0.03945320844208391,0.33037608806864915,0.630170703489267
,neither,0.03945320844208391,0.33037608806864915,0.630170703489267
"Haha, Amy's posture is literally bouncing. XD",neither,0.041902889654913726,0.3800416343209639,0.5780554760241224
YAY DAILY WEDNESDAY,neither,0.03945320844208391,0.33037608806864915,0.630170703489267
"Matt Key's parentals greeting the Wednesdaisies from Fort Worth, TX!!",neither,0.039543524998654135,0.30606371615028594,0.6543927588510601
Been waiting for 3 weeks!,neither,0.033372627955202495,0.3066410712430866,0.6599863008017108
amydFocus,neither,0.03945320844208391,0.33037608806864915,0.630170703489267
I hope mine came in but nooope,neither,0.0722228992429974,0.22520285618564972,0.702574244571353
"I liked Valerian, but The Incal was much better, in my opinion.",neither,0.025846458935197422,0.3919785513525865,0.582174989712216
Hey @miriamkey,neither,0.03945320844208391,0.33037608806864915,0.630170703489267
OH MY GOD ISN IT THE THING,neither,0.031180995360755533,0.34856052752378275,0.6202584771154618
giiiifts!,neither,0.03945320844208391,0.33037608806864915,0.630170703489267
@miriamkey Greetings from Singapore! :D,neither,0.04228451509352876,0.2823214250720796,0.6753940598343917
I see Asterix,neither,0.03945320844208391,0.33037608806864915,0.630170703489267
God did it get lost in the mail?,neither,0.03721293395442479,0.32475263120109776,0.6380344348444774
"I missed it, what is the topic tonight?",neither,0.046352544462062606,0.296577788089796,0.6570696674481414
exciting things!,neither,0.03945320844208391,0.33037608806864915,0.630170703489267
Hi @miriamkey,neither,0.03945320844208391,0.33037608806864915,0.630170703489267
YES! It is,neither,0.0504428408951861,0.3265962495318096,0.6229609095730043
is it a shortbox?,neither,0.059603583318096655,0.32344545014120724,0.616950966540696
@miriamkey Awesome!,neither,0.03945320844208391,0.33037608806864915,0.630170703489267
@DrSpeakEasy European comics,neither,0.03945320844208391,0.33037608806864915,0.630170703489267
IT is Taliesins,neither,0.059603583318096655,0.32344545014120724,0.616950966540696
now,neither,0.03945320844208391,0.33037608806864915,0.630170703489267
:D,neither,0.03945320844208391,0.33037608806864915,0.630170703489267
@ChixwithJoystix says that to Matt anyway though,neither,0.04144870891140389,0.36046515282171226,0.5980861382668838
Hi Key parents,neither,0.03945320844208391,0.33037608806864915,0.630170703489267
It IS a lady and a unicorn then,neither,0.0443920064263224,0.29386869284561823,0.6617393007280593
Laurel or Yanny?,neither,0.03945320844208391,0.33037608806864915,0.630170703489267
aw Amy's laugh is so cute,neither,0.04713114636685738,0.3383118138966385,0.614557039736504
"Wait, what's in that bag?",neither,0.0443116667203843,0.3178985660579727,0.6377897672216429
"Ah, interesting, thank you @jeffm0307",neither,0.05497476608035256,0.3825855153868495,0.562439718532798
what is tals necklace,neither,0.08191733112755817,0.31109320414220176,0.6069894647302402
Laurel @NeverwinterFool,neither,0.03945320844208391,0.33037608806864915,0.630170703489267
I love Amy Dallen and Taliesin Jaffe,neither,0.03553285848116949,0.30098570734684527,0.6634814341719852
@NeverwinterFool Black and Blue,neither,0.06709056071620458,0.25402397865582604,0.6788854606279693
I'm more excited by Amy having used God (usually hear Lord) willing and the creek don't rise. It's the best. Feels like a neighbor said it.,neither,0.041839567989561725,0.31825491554289925,0.639905516467539
Laur-anny,neither,0.03945320844208391,0.33037608806864915,0.630170703489267
Yeah I wouldn't fight Amy xD,neither,0.025912035774121996,0.42275628541929355,0.5513316788065845
Amy gets the things it's her birth!,neither,0.031098866913693794,0.4747702515537627,0.4941308815325436
This is adorable,neither,0.05013403335429788,0.32867772607031026,0.6211882405753918
hahahahaha Go AMY!,neither,0.040479581846970335,0.3339367058593102,0.6255837122937195
Than by anything else I meant to say. It's been a long day.,neither,0.04334612372142143,0.3561267511256435,0.6005271251529352
And a swift right hook is the other 10%,neither,0.04328178393406332,0.3023167802067443,0.6544014358591924
Am I the only one who Ships Amy and Taleisin in my heart?,neither,0.03084888905582734,0.40601986352780034,0.5631312474163724
Solo movie birthday woot,neither,0.0411967551797364,0.300783549636296,0.6580196951839676
BIRTHS!,neither,0.03945320844208391,0.33037608806864915,0.630170703489267
Talesin was never born. He's just always exisited,neither,0.03446635119263313,0.435817448095606,0.5297162007117608
"Taliesin, is that a Witcher medalion??",neither,0.05154613418987003,0.42924314326430335,0.5192107225458266
,neither,0.03945320844208391,0.33037608806864915,0.630170703489267
yaaaay @AromiaFlyce !!!,neither,0.03945320844208391,0.33037608806864915,0.630170703489267
THAT LOOKS AWESOME,neither,0.03514854707832469,0.37728526826500763,0.5875661846566677
that's hilarious oh my goodness,neither,0.030800759085057423,0.39597966974313753,0.5732195711718051
@mainnalle Please don't ship real people....,neither,0.05609541905850236,0.4339476504881429,0.5099569304533548
@AromiaFlyce Woohoo!!,neither,0.03945320844208391,0.33037608806864915,0.630170703489267
Atomic Housewife? Cool,neither,0.03945320844208391,0.33037608806864915,0.630170703489267
@AromiaFlyce Props for that first comic alone,neither,0.026471625288933927,0.34162755597369604,0.63190081873737
great gifts :) @AromiaFlyce,neither,0.03755358728743713,0.3050757550531077,0.6573706576594552
I am so shaking right now,neither,0.03832984327017255,0.38934740589344063,0.5723227508363867
Well then,neither,0.03945320844208391,0.33037608806864915,0.630170703489267
oh that's hilarious,neither,0.04078303352060683,0.32111958117518763,0.6380973853042057
When is this comic from ? It looks amazing!,neither,0.036248295208660686,0.3587470340252958,0.6050046707660436
@aromiaflyce <3,neither,0.03945320844208391,0.33037608806864915,0.630170703489267
"dang, those are fantastic, @AromiaFlyce",neither,0.1121368514693466,0.2044576429845008,0.6834055055461528
@AromiaFlyce *hug!*,neither,0.03945320844208391,0.33037608806864915,0.630170703489267
oh god i know exactly what it is ands its so ggod,neither,0.04843928692732416,0.3229037031794638,0.628657009893212
OH MY GOD,neither,0.030266422441093326,0.38268872444249025,0.5870448531164164
i dont see my or @jessieleaf package on that table....hmmm,neither,0.02862690479264087,0.4178330938165813,0.5535400013907779
WHAT,neither,0.057770773616808734,0.3180719994247239,0.6241572269584672
@ShandraVdeG Okay,neither,0.03945320844208391,0.33037608806864915,0.630170703489267
OMG WHAT,neither,0.04850341396315357,0.32401603866832057,0.6274805473685258
Oh no,neither,0.04751210705993949,0.26629718932274826,0.6861907036173122
WHAT,neither,0.057770773616808734,0.3180719994247239,0.6241572269584672
"I wear a Witcher medalion, also have a Witcher keychain. @GreyAngel",neither,0.03881674990363958,0.3411784504904744,0.6200047996058861
Where did you FIND that?,neither,0.06536135441080689,0.28216004802763495,0.6524785975615582
Question: When is Amy Dallen Birthday?,neither,0.03698255241209061,0.3679772084045518,0.5950402391833577
Oh my god,neither,0.030266422441093326,0.38268872444249025,0.5870448531164164
HOW DID YOU FIND THAT,neither,0.06295029450205335,0.3226758613453553,0.6143738441525913
Tal is going to STEAL that,neither,0.04700745491216344,0.38048711209761954,0.5725054329902172
OMG!,neither,0.03945320844208391,0.33037608806864915,0.630170703489267
"@igilboa1 and considering we're talking comics, *Rebirths*",neither,0.05177910629243554,0.28179395506114907,0.6664269386464153
I think being born on StarWars day makes you an honorary Jedi,neither,0.0443170418819318,0.3652467487560852,0.5904362093619829
:D,neither,0.03945320844208391,0.33037608806864915,0.630170703489267
holy HELL,offensive_language,0.04183669911814072,0.8081177332907072,0.15004556759115203
@Alexanderhero83 May 18,neither,0.041171215278256325,0.3012170284182445,0.6576117563034992
Omg,neither,0.03945320844208391,0.33037608806864915,0.630170703489267
talesinn,neither,0.03945320844208391,0.33037608806864915,0.630170703489267
Sweet!!!!!!!!!!,neither,0.03945320844208391,0.33037608806864915,0.630170703489267
@Alexanderhero83 This Friday.,neither,0.039310290001359466,0.3328017869951513,0.6278879230034893
Dr. Whom is wild,neither,0.046097237904540664,0.32809090167053606,0.6258118604249233
Thats intense.,neither,0.03945320844208391,0.33037608806864915,0.630170703489267
lol,neither,0.020706217963973744,0.4882283491876925,0.4910654328483337
Awwww Taliesin xD,neither,0.03945320844208391,0.33037608806864915,0.630170703489267
Amy's birthday is Friday.,neither,0.04661765582222483,0.32791190608456733,0.6254704380932079
OMG THATS AMAZBALLS!!!!,neither,0.03945320844208391,0.33037608806864915,0.630170703489267
Taliesin is dying lol,neither,0.038534288236095185,0.3983638076648283,0.5631019040990766
That cuddke,neither,0.026110925149043836,0.4791292047641166,0.4947598700868395
wow,neither,0.03945320844208391,0.33037608806864915,0.630170703489267
*cuddle,neither,0.03945320844208391,0.33037608806864915,0.630170703489267
that's so effin' sweet,neither,0.03409877011335785,0.4491826059172069,0.5167186239694354
"@Gerridwynn9 Yeah I sent it weeks ago and I'm just...aug it should have arrived this makes me super sad, there was really well made art in mine",neither,0.02992928450066686,0.3867164685972958,0.5833542469020373
IM SO HERE,neither,0.12546393909125358,0.3814399477535863,0.4930961131551602
:D,neither,0.03945320844208391,0.33037608806864915,0.630170703489267
I WIN,neither,0.03945320844208391,0.33037608806864915,0.630170703489267
#TeamAmy,neither,0.03945320844208391,0.33037608806864915,0.630170703489267
Well THAT was a pleased reaction from Tal.,neither,0.0375119631559891,0.34746602798707793,0.6150220088569331
YEEE.,neither,0.03945320844208391,0.33037608806864915,0.630170703489267
@AromiaFlyce YOU WIN,neither,0.07479404404104097,0.4236051269769241,0.501600828982035
@AromiaFlyce You certainly did,neither,0.05831628939299921,0.3830974202616649,0.558586290345336
That reaction needs to be a gif.,neither,0.041795818063389806,0.3633821871120674,0.5948219948245428
@AromiaFlyce WON THE INTERNET,neither,0.03838614752327503,0.3107600643542349,0.6508537881224901
Citizen v,neither,0.03945320844208391,0.33037608806864915,0.630170703489267
Taliesin Axelrod Mollymauk Percival Fredrickstein Von Musel Klossowski De Rolo III Tealeaf Jaffe,neither,0.03945320844208391,0.33037608806864915,0.630170703489267
I am so happy guys,neither,0.039051497070155386,0.38438824723426196,0.5765602556955828
im crying,neither,0.03821765982030472,0.3772247750915321,0.5845575650881633
can you put that to the table cam?,neither,0.05457956205574622,0.3794768261626922,0.5659436117815615
I love how all their reactions is to immediately open up the sleeves xD,neither,0.04577994880651113,0.40371688678587253,0.5505031644076165
Doctor who for president 20/20,neither,0.03571364568726724,0.3491584863304167,0.615127867982316
@cinphoria But of course :D,neither,0.03504912776177731,0.3436332291150047,0.6213176431232179
@aromiaflyce <3 <3 <3 I think you've won Wed. :),neither,0.024661067814379885,0.34493060111743234,0.6304083310681877
Weird covers are at least 4% of the Super appeal!,neither,0.05287381578122468,0.3073958290249576,0.6397303551938176
@AromiaFlyce you did great,neither,0.059786816830215805,0.3511294495784099,0.5890837335913743
@AromiaFlyce do you have a twitter?,offensive_language,0.06753620751631152,0.6084349987193889,0.3240287937642995
@jessieleaf mine had original inks and teeshirts. ive reached Frankenfurter lvls of Antici.....pation,neither,0.03889980405912832,0.3032183545455622,0.6578818413953095
Amy Dallen is Doctor Who.,neither,0.04731705335266606,0.38509421738185234,0.5675887292654815
i <3 you all,offensive_language,0.11713568322928106,0.7458927592248179,0.1369715575459011
@AromiaFlyce That is so fabulous!,neither,0.043607406573461995,0.4217806114184502,0.5346119820080878
this is so TIGHT,neither,0.050082705162029256,0.3865432997574107,0.56337399508056
old old comic,neither,0.03945320844208391,0.33037608806864915,0.630170703489267
Taliesin Jaffe is The Master,neither,0.04906142182953156,0.3063959035186499,0.6445426746518185
that's a great Spy name Hans Ofdoom,neither,0.035332949203544746,0.34158162590348967,0.6230854248929656
Amy for president,neither,0.03380073457901513,0.30214514330027864,0.6640541221207062
whats the point of reading it if they gave the story away,neither,0.027597801731551092,0.329488509971789,0.6429136882966598
Jason Blood is a fantastic name,neither,0.04550891936183759,0.32829325139507287,0.6261978292430895
Jason BLOOD?,neither,0.03945320844208391,0.33037608806864915,0.630170703489267
@Alexanderhero83 well duh,neither,0.03945320844208391,0.33037608806864915,0.630170703489267
ok,neither,0.03935517884257045,0.3320399062092607,0.6286049149481688
Etrigan!,neither,0.03945320844208391,0.33037608806864915,0.630170703489267
Guys the store did NOT know what they had,neither,0.06494039898214156,0.3119952838456687,0.6230643171721897
HSWP superman villain,neither,0.03945320844208391,0.33037608806864915,0.630170703489267
@Gerridwynn9 I just hope it didn't get lost because those art pieces were very dear to me.,neither,0.054809772560696225,0.27792480892684335,0.6672654185124605
Jason Blood?! love etrigan!,neither,0.03668214203297857,0.34326394725184,0.6200539107151813
"I seem to remember ""Jason Blood"" from the JLA tv show",neither,0.05452260379592867,0.25601620766523153,0.6894611885388399
I'm so syked for Etrigan,neither,0.026758777361964418,0.35807160292279583,0.6151696197152398
The rhyming demon,neither,0.03866446523013375,0.3159916032197419,0.6453439315501244
When was Jason Blood mentioned. I LOVE Etrigan.,neither,0.03039939104610031,0.37695517020209457,0.5926454387518052
Vote loki Variant!,neither,0.03945320844208391,0.33037608806864915,0.630170703489267
that dragon thing looks cool,neither,0.03611718441372433,0.36657068634357404,0.5973121292427016
I’m fond of that old school looking shield.,neither,0.035288681168489704,0.37573017486724264,0.5889811439642677
these are all so amazing,offensive_language,0.09768910756092554,0.5374931754492324,0.36481771698984194
HAH!,neither,0.03945320844208391,0.33037608806864915,0.630170703489267
gasp. oh my goodness,neither,0.03392722230868291,0.35980695428210785,0.6062658234092093
Very nice <3,neither,0.03945320844208391,0.33037608806864915,0.630170703489267
SPOILER: Jason Blood turns into Etrigan,neither,0.03945320844208391,0.33037608806864915,0.630170703489267
AW,neither,0.03945320844208391,0.33037608806864915,0.630170703489267
Ok it finally loaded. So what's tonight's topic and Hi! everyone :),neither,0.036080644252076695,0.3759615952496588,0.5879577604982645
THAT'S SO SWEET OF YOU,offensive_language,0.055402050888392854,0.5158217990131728,0.4287761500984343
they should set up a little camera on the table there to make chief's life a little easier,neither,0.042844264908610194,0.38177545321500894,0.5753802818763809
Talesin has real witch tarot cards now,neither,0.03418000621165077,0.4219104274468227,0.5439095663415265
ooh even the back looks nice,neither,0.037954609954592954,0.32986683588923804,0.6321785541561691
HE LOVES IT YES,neither,0.04381683041310966,0.3288752383762987,0.6273079312105916
those cards have baggage,neither,0.06863602138248277,0.2593930127198857,0.6719709658976316
cause he isn't magical enough on his own,neither,0.0830652937013119,0.3519886995337647,0.5649460067649232
!!!!!!,neither,0.03945320844208391,0.33037608806864915,0.630170703489267
Aww.,neither,0.03945320844208391,0.33037608806864915,0.630170703489267
"Well, Molly's got a new card deck!",neither,0.041292970015029934,0.29659614401898204,0.6621108859659881
yo what deck is it,neither,0.053310811282351225,0.39726339229239754,0.5494257964252512
@MeggieMay328 European comics,neither,0.03945320844208391,0.33037608806864915,0.630170703489267
just started reading up on tarot,neither,0.03033623775154081,0.4150162142416917,0.5546475480067673
oh my god WHAT,neither,0.03681216382589304,0.3726143793022543,0.5905734568718527
@purrplegal98 implies he didn't already have real witch tarot cards,neither,0.02707040738230867,0.4594520969036851,0.5134774957140062
did we just gloss over that this wensdaisy WORKED FOR A WITCH?,neither,0.028076433082872432,0.3565935462962578,0.6153300206208698
That's... creepy,neither,0.0343714251695459,0.38593769553176943,0.5796908792986846
oh my god,neither,0.030266422441093326,0.38268872444249025,0.5870448531164164
it's like a spoopy 70s Christmas photo,neither,0.04544649586795333,0.34137481263761027,0.6131786914944364
Thanks @JeffM0307,neither,0.035884468650613,0.3004919205142699,0.6636236108351171
That is a fantastic deck!,neither,0.04288888761128615,0.365015802615449,0.5920953097732647
WHAT COOL ART,neither,0.045400373693306885,0.3261241976289602,0.628475428677733
@Slippydude Checks ou.,neither,0.03945320844208391,0.33037608806864915,0.630170703489267
out*,neither,0.027825811811235897,0.3787197998747999,0.5934543883139641
DUDE what a cool deck,neither,0.044607716642313854,0.32667394378770337,0.6287183395699829
That's creepy and Awesome,neither,0.0351386523892083,0.3317788083354804,0.6330825392753113
what card is that?,neither,0.05181133583474634,0.3713189056231161,0.5768697585421375
@Slippydude I mean... I am a witch,neither,0.03925830332074455,0.33044312487736954,0.630298571801886
i think i will never be as happy as i am right now,neither,0.034680779843336576,0.3996127453441495,0.5657064748125139
so nothing surprises me,neither,0.030351056844070277,0.44831775376528193,0.5213311893906478
This is amzing,neither,0.06444388513749441,0.32581973129223984,0.6097363835702658
@misssunflower94 you are so right,offensive_language,0.14418796131824554,0.43791867534037343,0.417893363341381
"@Slippydude I mean, there are a lot of Wednesdaisies who ARE witches :P",neither,0.0825336434605119,0.2760199123583589,0.6414464441811294
That is super cool,neither,0.043855573882017704,0.37383735132154466,0.5823070747964376
I am a Witch too,neither,0.03898657625870484,0.3349476338086546,0.6260657899326405
@Slippydude It seams,neither,0.034373745257138544,0.33212314837979673,0.6335031063630647
@aromiaflyce you’ve lived a killer life,neither,0.026262362498489473,0.3971007374774423,0.5766369000240683
ROFL that's absolutely Scanlan!,neither,0.03589947937251947,0.36897162690947893,0.5951288937180016
And now Taliesin is haunted by a demon,neither,0.04810287047702233,0.32968487726693785,0.6222122522560397
8O spooky tarot neat-o!,neither,0.03945320844208391,0.33037608806864915,0.630170703489267
Niiiiiccccee!!!!,neither,0.03945320844208391,0.33037608806864915,0.630170703489267
@hundredsofsmallbirds aww thank you,neither,0.057780898325302935,0.39134854824816984,0.5508705534265272
Now that's what I call a Scanman.,neither,0.04131171759967546,0.38193940643705526,0.5767488759632694
That is so Scanlan! Lol,offensive_language,0.032571377287353265,0.5466095181452943,0.4208191045673524
"@AromiaFlyce After the effect you had on them, i don't blame you!",neither,0.07945061739388014,0.39447055011079185,0.526078832495328
Cups are usually personal emotions,neither,0.05669163335329644,0.2986316481059411,0.6446767185407625
Scanlon or Tarry?,neither,0.03945320844208391,0.33037608806864915,0.630170703489267
