text,top_class,hate_speech,offensive_language,neither
HI,neither,0.03945320844208391,0.33037608806864915,0.630170703489267
party1 party1 party1 party1 party1 party100,neither,0.03945320844208391,0.33037608806864915,0.630170703489267
BIdet Critters,neither,0.03945320844208391,0.33037608806864915,0.630170703489267
HYPE!!!!!!,neither,0.03945320844208391,0.33037608806864915,0.630170703489267
I FINALLY MADE IT TO A STREAM!!!!!!,neither,0.043984669211664044,0.32737340014872135,0.6286419306396147
WOOOOO,neither,0.03945320844208391,0.33037608806864915,0.630170703489267
IT'S TIIIIE,neither,0.034373745257138544,0.33212314837979673,0.6335031063630647
ayyyyyy,neither,0.03945320844208391,0.33037608806864915,0.630170703489267
its happening,neither,0.03309144916294284,0.33256418880705063,0.6343443620300065
We have a subscriber-only Discord server! Join here: https://discord.gg/geekandsundry (you'll need to sub and link it to your Twitch) and be a part of the fun!...Warning: It can take up to an hour for the server to update and give you access to the channels,neither,0.08464076273808444,0.286394834032893,0.6289644032290227
recap tieee,neither,0.03945320844208391,0.33037608806864915,0.630170703489267
@EldritchWolf I actually really like Beau... I mean Beau's an asshole... But a likeable asshole? Maybe?,offensive_language,0.049471658329633066,0.510418499003518,0.440109842666849
RECAP,neither,0.03945320844208391,0.33037608806864915,0.630170703489267
Hi Dani! :),neither,0.03945320844208391,0.33037608806864915,0.630170703489267
me,neither,0.018491955366437673,0.460246435692358,0.5212616089412043
Bidet from Edmonton,neither,0.04228451509352876,0.2823214250720796,0.6753940598343917
RECAP,neither,0.03945320844208391,0.33037608806864915,0.630170703489267
gandsOwlbear,neither,0.03945320844208391,0.33037608806864915,0.630170703489267
after listening to campaigns 1 and 2 via podcast i now embrace the visual medium live,neither,0.050288630763415804,0.13731629346208465,0.8123950757744997
Yooo,neither,0.03945320844208391,0.33037608806864915,0.630170703489267
Bidet from Vancouver BC,neither,0.041095261662497835,0.30250615950080734,0.6563985788366947
HI,neither,0.03945320844208391,0.33037608806864915,0.630170703489267
Hi Dani~!,neither,0.03945320844208391,0.33037608806864915,0.630170703489267
IT's Dani TIme!,neither,0.03675027121489696,0.351733250156266,0.6115164786288371
after a long day and you know you wont make it through the episode D:,neither,0.05959655673562525,0.33776984085056877,0.602633602413806
Hi Dani!,neither,0.03945320844208391,0.33037608806864915,0.630170703489267
bidet,neither,0.03945320844208391,0.33037608806864915,0.630170703489267
o7,neither,0.03945320844208391,0.33037608806864915,0.630170703489267
CALEB BACKSTORYY,neither,0.03945320844208391,0.33037608806864915,0.630170703489267
see you guys at the break,neither,0.054904872167438355,0.38935930594372564,0.555735821888836
Bidet from Philly! :D,neither,0.040769555981420263,0.3080342349327864,0.6511962090857933
yaaaay!,neither,0.03945320844208391,0.33037608806864915,0.630170703489267
,neither,0.03945320844208391,0.33037608806864915,0.630170703489267
DANIIIIII,neither,0.03945320844208391,0.33037608806864915,0.630170703489267
"Bidet from San Bernardino, CA!",neither,0.040493867778092676,0.31271338323213294,0.6467927489897743
Bidet from Massachusetts,neither,0.04069404815304118,0.30931579984010865,0.6499901520068502
Volume so low MrDestructoid,neither,0.03941204427101475,0.37360919789541985,0.5869787578335655
"The recap has started , if you cannot see it, please refresh",neither,0.034775490534124806,0.37529621209774683,0.5899282973681284
WE ALL CRIED THATS WHAT HAPPENED,neither,0.04541373399609821,0.3880320094237558,0.566554256580146
@GeekandSundry Love the hard work you all p[ut into this and it is greatly appreciated!!!,offensive_language,0.043659257274065014,0.5226788140282088,0.4336619286977263
yahhh boiiiiiii!,neither,0.03945320844208391,0.33037608806864915,0.630170703489267
gandsHype gandsHype gandsHype gandsHype gandsHype gandsHype gandsHype,neither,0.03945320844208391,0.33037608806864915,0.630170703489267
"Bidet from South Salt Lake, Utah",neither,0.04016485666181209,0.3182975605260056,0.6415375828121823
yay,neither,0.03945320844208391,0.33037608806864915,0.630170703489267
gandsHype gandsHype gandsHype gandsHype gandsHype gandsHype,neither,0.03945320844208391,0.33037608806864915,0.630170703489267
"Bidet from San Marcos, CA",neither,0.040493867778092676,0.31271338323213294,0.6467927489897743
Dani Carr serving LOOKS!!!,neither,0.03945320844208391,0.33037608806864915,0.630170703489267
been waiting 3 years for cr to be on my birthday and its not going to happen again for 11 years. so happy birthday to me!,neither,0.029529430287777693,0.3825837690878151,0.5878868006244072
gluten almonds needs to be the new greeting,neither,0.04838862591503091,0.23876244604529676,0.7128489280396723
bidet from florida,neither,0.0408948396164547,0.30590784468201904,0.6531973157015263
WOOOOOO,neither,0.03945320844208391,0.33037608806864915,0.630170703489267
Bidet from poland!,neither,0.04228451509352876,0.2823214250720796,0.6753940598343917
i love the Recaps!,neither,0.03145119199065299,0.32476063973837394,0.643788168270973
Dani!!,neither,0.03945320844208391,0.33037608806864915,0.630170703489267
BIDET FROM AK!,neither,0.04069404815304118,0.30931579984010865,0.6499901520068502
Our Lady of Recaps Dani Carr ( twitter.com/ItsDaniCarr ),neither,0.03893243441116944,0.413649997352151,0.5474175682366794
bidet from santa barbara!,neither,0.040354386843928725,0.3150807387011266,0.6445648744549448
YAY!!!!,neither,0.03945320844208391,0.33037608806864915,0.630170703489267
PogChamp,neither,0.03945320844208391,0.33037608806864915,0.630170703489267
Molly is my Favorite in Campaign 2 Mighty Nien.,neither,0.036179628285149264,0.3872210038422742,0.5765993678725767
Bidet From Indiana,neither,0.0408364874901429,0.30689823255244486,0.6522652799574122
"Bidet from Jersey, UK",neither,0.040476345051733406,0.31301078962912166,0.646512865319145
Quiet?,neither,0.03945320844208391,0.33037608806864915,0.630170703489267
man that table is so nice,neither,0.04308757345592117,0.46706639653859827,0.4898460300054806
Bidet all,offensive_language,0.046917543854519406,0.6277741405869331,0.3253083155585475
That desk is so epic,neither,0.04265287222075128,0.4023211160843903,0.5550260116948584
bcc,neither,0.03945320844208391,0.33037608806864915,0.630170703489267
Bidet,neither,0.03945320844208391,0.33037608806864915,0.630170703489267
The Stubrn Stock defeat their wyfu? wat,neither,0.03876252895937687,0.31781315952395184,0.6434243115166712
"The next merch release should be a apron that reads ""Dont Fuck Me Grill""",offensive_language,0.1101106408033125,0.8481433828538587,0.04174597634282876
"random fact, I met noel and molly last weekend and they are the nicest people ever! hope they're asked back this season",neither,0.09839645053369248,0.2037058341235373,0.6978977153427702
#KillTrent,neither,0.03945320844208391,0.33037608806864915,0.630170703489267
PogChamp PogChamp,neither,0.03945320844208391,0.33037608806864915,0.630170703489267
I vote Caleb as the main character for the next few episodes!,neither,0.034073708134677215,0.3230759496039744,0.6428503422613484
gandsLollypop gandsLollypop gandsLollypop,neither,0.03945320844208391,0.33037608806864915,0.630170703489267
boo trent!!!,neither,0.03945320844208391,0.33037608806864915,0.630170703489267
Happy Birthday @Morac101,neither,0.03945320844208391,0.33037608806864915,0.630170703489267
Bidet fam,neither,0.03945320844208391,0.33037608806864915,0.630170703489267
thank god for Reddit! would be a nightmare trying to chat here only,neither,0.07017011809930537,0.2845923749385942,0.6452375069621004
"@RegalNoodle I don't dislike any of their characters. But if I had to pick a least favourite, it's definitely Beau.",neither,0.032662777524522596,0.3225781729462895,0.6447590495291878
bidet from ak,neither,0.04069404815304118,0.30931579984010865,0.6499901520068502
"Wow I just read on reddit about someone getting triggered about Beau calling the Hill Giants penis ""tiny"" lmao",neither,0.03199225750642924,0.40396692864209915,0.5640408138514716
bidet from NY!,neither,0.04084513770590474,0.30675141581570226,0.6524034464783931
"repeat The recap has started , if you cannot see it, please refresh",neither,0.03512926544355241,0.37158131072334744,0.5932894238331002
bidet from north carolina,neither,0.04040057148408362,0.31429686482539193,0.6453025636905245
gluten almonds,neither,0.03945320844208391,0.33037608806864915,0.630170703489267
Caleb nooooooooooo,neither,0.03945320844208391,0.33037608806864915,0.630170703489267
Bidet from East Salt Lake City Utah,neither,0.04011813900550916,0.31909048107683374,0.6407913799176571
"Dear GeekandSundry. your volume is really low, can you please turn it up?",neither,0.07669687537563336,0.3848914160553657,0.538411708569001
#killtrent,neither,0.03945320844208391,0.33037608806864915,0.630170703489267
hat that I have to reload browser when it kicks over like that,neither,0.034110208603329036,0.44135128614063696,0.524538505256034
"Sleepy bidet from South Carolina, beep beep.",neither,0.04025053496734902,0.3168433760784845,0.6429060889541665
it's starting,neither,0.037399315187144885,0.3310825161415354,0.6315181686713197
bidet from NJ,neither,0.04069404815304118,0.30931579984010865,0.6499901520068502
#KillTrent #Asshat,neither,0.03945320844208391,0.33037608806864915,0.630170703489267
bidet from Magic Mirror Comics!,neither,0.040250712013902956,0.3168403711364096,0.6429089168496875
Bidet from New Jersey,neither,0.04458029923653559,0.209841401288464,0.7455782994750004
Bidet from burns Lake bc Canada,neither,0.040189076312376996,0.31788648984766804,0.641924433839955
bidet from washington,neither,0.04080695066346891,0.3073995495860776,0.6517934997504536
@bjorning_II -> ONLY HULK CAPSLOCKS [warning],neither,0.03945320844208391,0.33037608806864915,0.630170703489267
I like when they have the character names and portraits.,neither,0.03690245083172578,0.34361313410806177,0.6194844150602126
bidet from texas,neither,0.040937266849991,0.30518774380265185,0.6538749893473571
"Help G&S make great content! $4.99/month gets you emotes, Minecraft server access, sub-only VODs, and more! Every sub keeps the channel alive! twitch.tv/geekandsundry/subscribe",neither,0.043907990691603095,0.31135964332838284,0.644732365980014
Bidet from Georgia!,neither,0.04066490145509902,0.30981049537100724,0.6495246031738937
Bidet from Baltimore!,neither,0.04079557052152802,0.30759270029461827,0.6516117291838538
Yay,neither,0.03945320844208391,0.33037608806864915,0.630170703489267
bidet everyone!,offensive_language,0.02988896790634741,0.4927062106388782,0.4774048214547744
bidet from Northern VA,neither,0.040334677536117594,0.315415257091876,0.6442500653720065
bidet from Oregon!,neither,0.04071751644889743,0.3089174816120565,0.6503650019390461
wait what,neither,0.04877470361900789,0.3238348708445956,0.6273904255363965
Bidet from Indiana!,neither,0.0408364874901429,0.30689823255244486,0.6522652799574122
greetings from Berlin!,neither,0.04066490145509902,0.30981049537100724,0.6495246031738937
bidet from ks,neither,0.04228451509352876,0.2823214250720796,0.6753940598343917
MY BODY IS READY,neither,0.03405984045513004,0.42505863100050806,0.540881528544362
Recap,neither,0.03945320844208391,0.33037608806864915,0.630170703489267
my idea is that caleb is probably gonna die with in the next few episodes,neither,0.081980237566313,0.3378673529617929,0.5801524094718942
its funny cause I'm just seeing the buffer spell being cast lol,neither,0.02498088578661066,0.41132820160093037,0.563690912612459
Bidet from OK,neither,0.04104157946423444,0.3034172865047108,0.6555411340310547
"Welcome to new folks, joining us for the first time, and welcome back regulars.",neither,0.05312718288270182,0.25049359933385756,0.6963792177834405
"oh riiight, the recap",neither,0.043995491774744454,0.25941053461495855,0.6965939736102968
"Marisha's fae when Caleb says ""my mother and father""...epic chock.",neither,0.026535997533486264,0.3873981794016484,0.5860658230648652
bidet everyone\,offensive_language,0.02988896790634741,0.4927062106388782,0.4774048214547744
bidet from germany,neither,0.04069404815304118,0.30931579984010865,0.6499901520068502
Bidet from Mexico,neither,0.040769555981420263,0.3080342349327864,0.6511962090857933
Bidet from New Zealand!!,neither,0.046710622032705686,0.1542697019613409,0.7990196760059534
Bidet from VA!!,neither,0.04066490145509902,0.30981049537100724,0.6495246031738937
bidet from california,neither,0.06971251856910227,0.2972619859879888,0.633025495442909
Bidet from Ga,neither,0.040737273169946825,0.30858215849491494,0.6506805683351382
why is it so quiet?,neither,0.032949967048599205,0.39510466055243176,0.5719453723989691
anyone else have no stream,neither,0.03831604989839573,0.3496766363023484,0.6120073137992558
Bidet from Missouri!,neither,0.04071751644889743,0.3089174816120565,0.6503650019390461
Bidet from michigan,neither,0.040769555981420263,0.3080342349327864,0.6511962090857933
bidet from georgia,neither,0.04066490145509902,0.30981049537100724,0.6495246031738937
bidet from pittsburgh!,neither,0.04066490145509902,0.30981049537100724,0.6495246031738937
Greetings from Georgia,neither,0.04066490145509902,0.30981049537100724,0.6495246031738937
wtf is bidget?,offensive_language,0.06133462473558788,0.7368762788078915,0.20178909645652043
bidet from houston rooHappy,neither,0.040875471929787875,0.3062365648703896,0.6528879631998226
Bidet from PA,neither,0.04069404815304118,0.30931579984010865,0.6499901520068502
Bidet from Florida!,neither,0.0408948396164547,0.30590784468201904,0.6531973157015263
"!WARNING at the start of the session, chat will be Subscriber Only",neither,0.038984114450057034,0.31217137909012466,0.6488445064598183
can not wait for gencon,neither,0.030826437548369404,0.2933117465762238,0.675861815875407
Bidet from Texas!!,neither,0.040937266849991,0.30518774380265185,0.6538749893473571
Bidet from Tacoma WA,neither,0.04071751644889743,0.3089174816120565,0.6503650019390461
ohhh are they going to show Beau ignore Calebs entire monologue and then say he shouldnt be ashamed?. . . . . coz that'd be great gandsFacepalm gandsDrink gandsBeau gandsFacepalm,neither,0.0619566506396394,0.2814632887682998,0.6565800605920609
bidet from Ohio,neither,0.040754399270683486,0.3082914838698526,0.650954116859464
Hey newbie from Houston,neither,0.04062621938800205,0.3104670310017934,0.6489067496102044
Bidet from MD,neither,0.04062582848913359,0.31047366557575606,0.6489005059351104
BBW PogChamp,neither,0.03945320844208391,0.33037608806864915,0.630170703489267
is the voice volume a little quiet for anyone?,neither,0.039626946849701986,0.30211130929514346,0.6582617438551546
bidet from Oklahoma City!,neither,0.04046999571874058,0.31311855438044855,0.646411449900811
"@Sephrinx gorillas have small penises, humans have the biggest compared to body size",neither,0.04177626109279298,0.3291707086824013,0.6290530302248057
gandsLHMercer gandsLHMercer gandsLHMercer gandsPartyShield gandsLHMercer gandsLHMercer,neither,0.03945320844208391,0.33037608806864915,0.630170703489267
"Bidet from SLC, Utah!",neither,0.04066490145509902,0.30981049537100724,0.6495246031738937
Bidet from Oahu!,neither,0.04228451509352876,0.2823214250720796,0.6753940598343917
Bidet from Pittsburgh,neither,0.04066490145509902,0.30981049537100724,0.6495246031738937
BIDET! FutureMan,neither,0.03945320844208391,0.33037608806864915,0.630170703489267
bidet from China!,neither,0.04079557052152802,0.30759270029461827,0.6516117291838538
hello everyone,neither,0.03269494828970791,0.4450814005079928,0.5222236512022994
bidet from florida,neither,0.0408948396164547,0.30590784468201904,0.6531973157015263
"first time live, I'm jonesin' hard for critical role so I will watch at least an hour before bed",neither,0.031189148766976336,0.4802992491810619,0.48851160205196187
Bidet from Sunny California!!,neither,0.058218649711469915,0.3084304411370911,0.6333509091514389
Bidet from minnesota!!,neither,0.04071751644889743,0.3089174816120565,0.6503650019390461
bidet from Minneapolis,neither,0.04228451509352876,0.2823214250720796,0.6753940598343917
Bidet from a train slowly leaving Toronto,neither,0.04018520866677177,0.3179521338873393,0.6418626574458889
bidet from las vegas,neither,0.040400041164603724,0.3143058657309893,0.6452940931044071
bidet,neither,0.03945320844208391,0.33037608806864915,0.630170703489267
Bidet from Ontario,neither,0.04062582848913359,0.31047366557575606,0.6489005059351104
Hello there!,neither,0.03937036753510788,0.27621722592919734,0.6844124065356949
Bidet from Arizona,neither,0.04078317879478948,0.307803020237201,0.6514138009680096
"Bidet from Edmonton, you can reply to this message",neither,0.06455737764081496,0.3489631420722707,0.5864794802869143
Bidet from ND,neither,0.04103702612018923,0.303494568636439,0.6554684052433717
' w',neither,0.03945320844208391,0.33037608806864915,0.630170703489267
Hello everyone,neither,0.03269494828970791,0.4450814005079928,0.5222236512022994
Bidet,neither,0.03945320844208391,0.33037608806864915,0.630170703489267
no stream it on YouTube but it hasn't started,neither,0.03340494681912652,0.3550750358013114,0.611520017379562
bidet from MO,neither,0.040912083971464244,0.30561516297332675,0.653472753055209
gandsCaleb,neither,0.03945320844208391,0.33037608806864915,0.630170703489267
first stream :3,neither,0.03183144858848599,0.3329975607826918,0.6351709906288221
Bidet from Washington !,neither,0.04080695066346891,0.3073995495860776,0.6517934997504536
Bidet from NYC.,neither,0.04081748366884477,0.3072207769958956,0.6519617393352596
bidet from tulsa,neither,0.04228451509352876,0.2823214250720796,0.6753940598343917
Caaaaaleb,neither,0.03945320844208391,0.33037608806864915,0.630170703489267
Bidet from the watermelon capital of Texas critters,neither,0.03954759513296356,0.30504244495931904,0.6554099599077173
recap over?,neither,0.036038576704020976,0.3324628760117773,0.6314985472842016
@tick_tock83 rooVV,neither,0.03945320844208391,0.33037608806864915,0.630170703489267
Bidet from California,neither,0.06971251856910227,0.2972619859879888,0.633025495442909
bidet from alberta!,neither,0.04062582848913359,0.31047366557575606,0.6489005059351104
YOTE the library over the rooftops,neither,0.03581043761269189,0.30712995906545737,0.6570596033218508
How does this work?,neither,0.024094254019682394,0.4755975660776991,0.5003081799026187
bidet from Alaska,neither,0.04066490145509902,0.30981049537100724,0.6495246031738937
quite audio here,neither,0.07884094456768337,0.29788603616087983,0.6232730192714367
Bidet from Western Massachusetts!,neither,0.04036266062233628,0.31494031108870923,0.6446970282889545
Bidet from Olney Maryland,neither,0.04066490145509902,0.30981049537100724,0.6495246031738937
Bidet from Oregon,neither,0.04071751644889743,0.3089174816120565,0.6503650019390461
Bidet from Idaho! 🤗,neither,0.04066490145509902,0.30981049537100724,0.6495246031738937
"@krystalfighter if you have a black screen try refresh, then report issue if it persists, try dropping video quality lower",neither,0.037373267523980125,0.35323358431501206,0.6093931481610078
Bidet from Anaheim,neither,0.04228451509352876,0.2823214250720796,0.6753940598343917
Hello from Florida,neither,0.040536001003355936,0.3119982724404598,0.6474657265561843
molly in the red,neither,0.03830325343772918,0.3109853540726493,0.6507113924896215
"Bidet from Minneapolis, Minnesota. I myself am also Enchanter Pumat Sol.",neither,0.04015878188965323,0.31569985896279973,0.6441413591475471
"Bidet from Melbourne, Australia!!!! (sitting in a Orthopaedics lecture at the moment but this is so much more fun!!)",neither,0.04004598195601378,0.34846577775384335,0.6114882402901429
Bidet from Ireland,neither,0.04066490145509902,0.30981049537100724,0.6495246031738937
"is anyone else having volume issues? I have them at 100% on twitch, my average comp volume is at 30%, most channels i don't need to turn up past 50% on twitch... I still can't hear anything said.",neither,0.04238880231273216,0.3899459186121682,0.5676652790750996
bidet from itah,neither,0.04228451509352876,0.2823214250720796,0.6753940598343917
bidet from Maryland!,neither,0.04066490145509902,0.30981049537100724,0.6495246031738937
"Yeah, voice is really low. Had to check my settings.",neither,0.027947726228527644,0.4649397420402481,0.5071125317312244
Bidet from Indiana,neither,0.0408364874901429,0.30689823255244486,0.6522652799574122
Bidet from Toronto,neither,0.04066490145509902,0.30981049537100724,0.6495246031738937
"Bidet and beep beep from Ohio, fellow cirtters :D",neither,0.03962167078527647,0.27895525049563247,0.681423078719091
Bidet from Tampa,neither,0.04069404815304118,0.30931579984010865,0.6499901520068502
hey guys im bad at timezones cr is in 15 minutes right :?,neither,0.040311335662021754,0.37656948433580817,0.5831191800021701
oh snap,neither,0.04610041286253887,0.2676795543969371,0.6862200327405242
BibleThump,neither,0.03945320844208391,0.33037608806864915,0.630170703489267
Bidet from Florida,neither,0.0408948396164547,0.30590784468201904,0.6531973157015263
Bidet from California,neither,0.06971251856910227,0.2972619859879888,0.633025495442909
Bidet from Washington!,neither,0.04080695066346891,0.3073995495860776,0.6517934997504536
Bidet from Toronto~ next critter meet up when?? Love!,neither,0.028653229870952708,0.41299254476879577,0.5583542253602516
UTah*,neither,0.03945320844208391,0.33037608806864915,0.630170703489267
Bidet from San Diego!,neither,0.040446282760733435,0.31352102516371877,0.6460326920755478
bidet from Denver,neither,0.04069404815304118,0.30931579984010865,0.6499901520068502
Bidet from Alberta,neither,0.04062582848913359,0.31047366557575606,0.6489005059351104
bidet form KS,neither,0.03945320844208391,0.33037608806864915,0.630170703489267
bidet from Madrid,neither,0.04228451509352876,0.2823214250720796,0.6753940598343917
"Bidet and beep-beep, critters!! First time watching live in 3 weeks! Booyah! <3",neither,0.035361424343007916,0.3141040743445803,0.6505345013124119
the audio really low for anyone else?,neither,0.03465123158377752,0.2985851954324247,0.6667635729837978
So excited it's my first live show,neither,0.036705965668107,0.3814137424764999,0.5818802918553931
Bidet from Colorado!,neither,0.04066490145509902,0.30981049537100724,0.6495246031738937
Bidet from USA!,neither,0.040737273169946825,0.30858215849491494,0.6506805683351382
"what is up with all the ""bidet from"" stuff?",neither,0.03920350524789555,0.44957190838842087,0.5112245863636835
Bidet from Spain,neither,0.04228451509352876,0.2823214250720796,0.6753940598343917
Bidet form Vancouver gandsDrink,neither,0.03945320844208391,0.33037608806864915,0.630170703489267
Bidet from Hong Kong!,neither,0.040334677536117594,0.315415257091876,0.6442500653720065
hello from South Carolina,neither,0.04029322752383825,0.31611877197616833,0.6435880004999934
I'm pumpes up for this one!,neither,0.02598273627402272,0.4066919085825016,0.5673253551434757
Bidet From N. Alabama,neither,0.04078317879478948,0.307803020237201,0.6514138009680096
Bidet all!,offensive_language,0.046917543854519406,0.6277741405869331,0.3253083155585475
MrDestructoid audio so low MrDestructoid,neither,0.03941204427101475,0.37360919789541985,0.5869787578335655
"Casper, Wyoming here!",neither,0.07828768743408786,0.2982690317957682,0.623443280770144
music is distracting,neither,0.054344339306900274,0.32525434532246067,0.620401315370639
@captainharrie yes,neither,0.03945320844208391,0.33037608806864915,0.630170703489267
Bidet,neither,0.03945320844208391,0.33037608806864915,0.630170703489267
Bidet from Georgia!,neither,0.04066490145509902,0.30981049537100724,0.6495246031738937
bidet from CoMo,neither,0.04062582848913359,0.31047366557575606,0.6489005059351104
bidet from Virginia!!,neither,0.04079557052152802,0.30759270029461827,0.6516117291838538
hewwo from dallas,neither,0.04081748366884477,0.3072207769958956,0.6519617393352596
bidet from IL,neither,0.04066490145509902,0.30981049537100724,0.6495246031738937
"Bidet from Naples, Florida",neither,0.0408948396164547,0.30590784468201904,0.6531973157015263
Bidet everyone!,offensive_language,0.02988896790634741,0.4927062106388782,0.4774048214547744
Bidet from Barbados!,neither,0.04228451509352876,0.2823214250720796,0.6753940598343917
bidet from MO!!! What will they do next!,neither,0.047525490620671164,0.30014262479842324,0.6523318845809055
"Bidet from Richmond, Virginia! gandsCaleb",neither,0.04079557052152802,0.30759270029461827,0.6516117291838538
That was such good acting!,neither,0.0348839011850036,0.3726724046774581,0.5924436941375383
"Bidet, Everyone!",offensive_language,0.02988896790634741,0.4927062106388782,0.4774048214547744
Audio very quiet here too,neither,0.0721523340348353,0.3055944492948534,0.6222532166703113
Bidet from Boston!,neither,0.040769555981420263,0.3080342349327864,0.6511962090857933
Bidet from Brazil,neither,0.04079557052152802,0.30759270029461827,0.6516117291838538
Bidet from Florida,neither,0.0408948396164547,0.30590784468201904,0.6531973157015263
bidet from cali o/,neither,0.04079557052152802,0.30759270029461827,0.6516117291838538
Bidet from Queens NY,neither,0.0404610193939263,0.3132709060388878,0.6462680745671858
bidet from Missouri!,neither,0.04071751644889743,0.3089174816120565,0.6503650019390461
Bidet,neither,0.03945320844208391,0.33037608806864915,0.630170703489267
"Yea, its pretty quiet",neither,0.033743736438022455,0.33537975111851936,0.6308765124434581
Calebs backstory killed me,neither,0.02872110126036865,0.3904992702609135,0.580779628478718
bidet from chicagooooo,neither,0.04228451509352876,0.2823214250720796,0.6753940598343917
Bidet from Corpus Christi!,neither,0.04228451509352876,0.2823214250720796,0.6753940598343917
bidet from Cal,neither,0.04066490145509902,0.30981049537100724,0.6495246031738937
that was really dark and messed up,neither,0.03360448852494703,0.37276009133246746,0.5936354201425855
Bidet from North Carolina,neither,0.04040057148408362,0.31429686482539193,0.6453025636905245
bidet,neither,0.03945320844208391,0.33037608806864915,0.630170703489267
Hello,neither,0.03945320844208391,0.33037608806864915,0.630170703489267
"yes 8bit_rabbit I was just saying the same, volume is really low.",neither,0.03553392169425228,0.3401096083994927,0.6243564699062549
@Hiig00886 same man!,neither,0.041487771009598814,0.45871290882240323,0.49979932016799794
audio is extremely low,neither,0.0457833957780308,0.3281988463692626,0.6260177578527066
bidet from Brazil:D,neither,0.04079557052152802,0.30759270029461827,0.6516117291838538
@alberthowe93 thank you!,neither,0.07325166854587051,0.43632638485078484,0.49042194660334476
Bidet from NC y'all!!,neither,0.042808078011918105,0.39053103227606023,0.5666608897120217
-.- I hate windows updates,neither,0.33100934883817246,0.19251387609346732,0.4764767750683602
bidet,neither,0.03945320844208391,0.33037608806864915,0.630170703489267
bidet from Michigan,neither,0.040769555981420263,0.3080342349327864,0.6511962090857933
bidet from iowa,neither,0.04069404815304118,0.30931579984010865,0.6499901520068502
bidet from Finland!,neither,0.04228451509352876,0.2823214250720796,0.6753940598343917
bidet from kcmo,neither,0.04228451509352876,0.2823214250720796,0.6753940598343917
Bidet,neither,0.03945320844208391,0.33037608806864915,0.630170703489267
oh shit Caleb,offensive_language,0.04860431224681753,0.9500714430140751,0.0013242447391073474
I also can't hear things,neither,0.039730920448968345,0.3256625905412364,0.6346064890097953
Bidet from Texas,neither,0.040937266849991,0.30518774380265185,0.6538749893473571
Bidet from Michigan fellow critters!!!!!!!!!,neither,0.04043750414436148,0.31367002119391385,0.6458924746617246
Dani Carr is great at Recapping,neither,0.04436361716661866,0.32572623782246246,0.6299101450109188
BibleThump,neither,0.03945320844208391,0.33037608806864915,0.630170703489267
bidet folks,neither,0.03945320844208391,0.33037608806864915,0.630170703489267
Bidet,neither,0.03945320844208391,0.33037608806864915,0.630170703489267
why is everyone saying bidet,neither,0.02184349720939639,0.4565264463017188,0.5216300564888849
"bidet from, oklahoma",neither,0.04066490145509902,0.30981049537100724,0.6495246031738937
Hey hey you guys! Who's ready for some critical role!?!,neither,0.03901414981864417,0.3831964800009568,0.5777893701803991
bidet from PA,neither,0.04069404815304118,0.30931579984010865,0.6499901520068502
Bidet,neither,0.03945320844208391,0.33037608806864915,0.630170703489267
isn't it always quiet?,neither,0.03634084352756709,0.3856964057621289,0.577962750710304
bidet from ontario,neither,0.04062582848913359,0.31047366557575606,0.6489005059351104
Hello everyone,neither,0.03269494828970791,0.4450814005079928,0.5222236512022994
whats the music going on in the background? sounds cool,neither,0.035559453683416446,0.33617329401160934,0.6282672523049743
Bidet from,neither,0.04228451509352876,0.2823214250720796,0.6753940598343917
I’m finally managing to watch an episode live! Hello chat HeyGuys,neither,0.05135187054877859,0.3218491526140732,0.6267989768371482
@8bit_rabbit Yep low too,neither,0.039185756561280996,0.3349154444796632,0.6258987989590559
Bidet All From CT!,neither,0.042808078011918105,0.39053103227606023,0.5666608897120217
Caleb its k BibleThump,neither,0.03277433243904416,0.3326732597899778,0.634552407770978
BibleThump,neither,0.03945320844208391,0.33037608806864915,0.630170703489267
bidet from georgia o/,neither,0.04066490145509902,0.30981049537100724,0.6495246031738937
I can't wait for Trent Ikathon to DIE,neither,0.15960152700182517,0.13813425359286688,0.702264219405308
BibleThump,neither,0.03945320844208391,0.33037608806864915,0.630170703489267
"Bidet from Woodland, Ca",neither,0.04084513770590474,0.30675141581570226,0.6524034464783931
Bidet,neither,0.03945320844208391,0.33037608806864915,0.630170703489267
bidet from tx!,neither,0.04081748366884477,0.3072207769958956,0.6519617393352596
Beep Beep from Illinois,neither,0.04069404815304118,0.30931579984010865,0.6499901520068502
"Just saying, but I would kill for Telltale to make games based on C1 and C2.",neither,0.18135795318544182,0.21927176347941219,0.5993702833351461
Bidet,neither,0.03945320844208391,0.33037608806864915,0.630170703489267
WHAT DOES BIDET MEAN,neither,0.027815304832343783,0.4783471917130365,0.49383750345461963
bidet,neither,0.03945320844208391,0.33037608806864915,0.630170703489267
bidet from minnesota,neither,0.04071751644889743,0.3089174816120565,0.6503650019390461
"@hawkinaround same here, low volume",neither,0.08000978549895055,0.30422649554333653,0.6157637189577129
bidet from californiaaaaaaaaaaaa!,neither,0.04228451509352876,0.2823214250720796,0.6753940598343917
Bidet from Wisconsin!,neither,0.04071751644889743,0.3089174816120565,0.6503650019390461
Bidet from Nebraska,neither,0.04062582848913359,0.31047366557575606,0.6489005059351104
CHILLS,neither,0.03945320844208391,0.33037608806864915,0.630170703489267
Bidet from Missouri,neither,0.04071751644889743,0.3089174816120565,0.6503650019390461
gandsCaleb gandsCaleb gandsCaleb,neither,0.03945320844208391,0.33037608806864915,0.630170703489267
"bidet to you, bidet to you, bidet to you and you and you",offensive_language,0.20567015012146359,0.43818906417639397,0.35614078570214247
@landsnail its a C1 reference,neither,0.03266664412200374,0.33271029874032065,0.6346230571376755
fire boy caleb,neither,0.03945320844208391,0.33037608806864915,0.630170703489267
Bidet from Saskatoon,neither,0.04228451509352876,0.2823214250720796,0.6753940598343917
<3<3<3,neither,0.03945320844208391,0.33037608806864915,0.630170703489267
:(,neither,0.03945320844208391,0.33037608806864915,0.630170703489267
OH SHIT IT ALREADY STARTED.,offensive_language,0.04651640593902986,0.9518802908710097,0.001603303189960544
Bidget from Michigan,neither,0.040769555981420263,0.3080342349327864,0.6511962090857933
bidet from georgia,neither,0.04066490145509902,0.30981049537100724,0.6495246031738937
Trent gonna FUCKING die.,offensive_language,0.410515487431974,0.5868890737794529,0.002595438788573136
Bidet from Maine,neither,0.04069404815304118,0.30931579984010865,0.6499901520068502
yeah this first time to see them live,neither,0.03544345784293776,0.4336869885224463,0.530869553634616
"@landsnail its ""good day"" from Grog last campaign",neither,0.034956596676673,0.3041303826433091,0.6609130206800179
bidet everyone,offensive_language,0.02988896790634741,0.4927062106388782,0.4774048214547744
bidet from MICHIGAN!!!!,neither,0.040769555981420263,0.3080342349327864,0.6511962090857933
bidet means good day,neither,0.03926533549258831,0.3123487210953728,0.6483859434120388
hi Everyone!,neither,0.032490659208996964,0.4485487193596734,0.5189606214313296
gandsCaleb,neither,0.03945320844208391,0.33037608806864915,0.630170703489267
bidet from texas,neither,0.040937266849991,0.30518774380265185,0.6538749893473571
saddest backstory ever,neither,0.03945320844208391,0.33037608806864915,0.630170703489267
gandsBeau,neither,0.03945320844208391,0.33037608806864915,0.630170703489267
BibleThump BibleThump,neither,0.03945320844208391,0.33037608806864915,0.630170703489267
bidet is grog speak for hello,neither,0.04090830636369942,0.29814257024809276,0.6609491233882078
gandsRaid gandsRaid gandsRaid,neither,0.03945320844208391,0.33037608806864915,0.630170703489267
Bidet from Eugene Oregon,neither,0.040354386843928725,0.3150807387011266,0.6445648744549448
bidet from alaska,neither,0.04066490145509902,0.30981049537100724,0.6495246031738937
press f to pay respects to parents parents,neither,0.04833179537455947,0.3252374416135579,0.6264307630118827
bidet from arizona,neither,0.04078317879478948,0.307803020237201,0.6514138009680096
bidet from Portland!,neither,0.04066490145509902,0.30981049537100724,0.6495246031738937
BibleThump,neither,0.03945320844208391,0.33037608806864915,0.630170703489267
bidet from PA,neither,0.04069404815304118,0.30931579984010865,0.6499901520068502
bidet from Minnesota,neither,0.04071751644889743,0.3089174816120565,0.6503650019390461
Bidet from Florida,neither,0.0408948396164547,0.30590784468201904,0.6531973157015263
That was such a moving moment in the episode,neither,0.036094534916892004,0.3474055947067137,0.6164998703763942
bidet all,offensive_language,0.046917543854519406,0.6277741405869331,0.3253083155585475
bidet from indianapolis!!,neither,0.04062582848913359,0.31047366557575606,0.6489005059351104
"@TheRealSev Nah, I'd rather see a full blown RPG with the characters.",neither,0.04189755168783972,0.34010893803312997,0.6179935102790304
Bidet means BIDET,neither,0.03945320844208391,0.33037608806864915,0.630170703489267
Beep Beep,neither,0.03945320844208391,0.33037608806864915,0.630170703489267
bidet from NC,neither,0.04066490145509902,0.30981049537100724,0.6495246031738937
oh ok thanks chuck,neither,0.04184207039212493,0.27238196812364246,0.6857759614842325
So good.,neither,0.03814044697628118,0.4245687317089837,0.5372908213147352
First time watching live !!,neither,0.03513206370154816,0.3516282956383994,0.6132396406600524
Bidet from georgia,neither,0.04066490145509902,0.30981049537100724,0.6495246031738937
Oh thank god no it didn't,neither,0.028047125614416482,0.34472474283761656,0.6272281315479669
Bidet from NC,neither,0.04066490145509902,0.30981049537100724,0.6495246031738937
Gluten Almonds from North Carolina,neither,0.04021546413503678,0.3174386196304021,0.6423459162345612
Bidet fron UK guys! First time watching with decent internet 1080p Crit Roll here I COME!,neither,0.045941634107693016,0.3602978140402828,0.593760551852024
bidet gentle peoples,neither,0.03945320844208391,0.33037608806864915,0.630170703489267
f,neither,0.03945320844208391,0.33037608806864915,0.630170703489267
Greetings Programs!,neither,0.03945320844208391,0.33037608806864915,0.630170703489267
bidet!,neither,0.03945320844208391,0.33037608806864915,0.630170703489267
bidet from Chicago,neither,0.04078317879478948,0.307803020237201,0.6514138009680096
bidet,neither,0.03945320844208391,0.33037608806864915,0.630170703489267
Bidet from Toronto!,neither,0.04066490145509902,0.30981049537100724,0.6495246031738937
Bidet from Maine,neither,0.04069404815304118,0.30931579984010865,0.6499901520068502
Bidet from Ontario!,neither,0.04062582848913359,0.31047366557575606,0.6489005059351104
Gluten almonds from NH,neither,0.040334677536117594,0.315415257091876,0.6442500653720065
"Bidet from Miami,FL",neither,0.040411567367633947,0.31411023598457355,0.6454781966477925
Gluton Almonds!,neither,0.03945320844208391,0.33037608806864915,0.630170703489267
Caleb needs some hugs ;_;,neither,0.0328668321898198,0.34169744508020805,0.6254357227299722
Anyone in Minneapolis running an RP-focused D&D campaign? ^^,neither,0.039676722846467886,0.3265824653001405,0.6337408118533916
bidet,neither,0.03945320844208391,0.33037608806864915,0.630170703489267
@All_rye_t hey homie i just moved from there,neither,0.03659621210899595,0.2989237954729346,0.6644799924180694
Man Caleb’s backstory CurseLit,neither,0.039614816991561344,0.4039823140660171,0.5564028689424217
bidet from Indiana,neither,0.0408364874901429,0.30689823255244486,0.6522652799574122
@TheRealSev I recently made a Vox Machina party for Icewind Dale.,neither,0.033910946777274215,0.3026940275618528,0.6633950256608728
war were declared,neither,0.039734847710658425,0.31091719541695867,0.6493479568723829
"I was so sure, so sure... Until I wasn't.",offensive_language,0.032580150681247956,0.5486786244197307,0.4187412248990212
Bidet from MI,neither,0.04081748366884477,0.3072207769958956,0.6519617393352596
what is bidet?,neither,0.08191733112755817,0.31109320414220176,0.6069894647302402
#KillTrent,neither,0.03945320844208391,0.33037608806864915,0.630170703489267
beep beep,neither,0.03945320844208391,0.33037608806864915,0.630170703489267
Bidet from ND,neither,0.04103702612018923,0.303494568636439,0.6554684052433717
"Bidet from Ottawa, Ontario",neither,0.04062582848913359,0.31047366557575606,0.6489005059351104
Trent gonna be ashes,neither,0.03883757309594675,0.38640127820625125,0.574761148697802
bidet from Farog,neither,0.04228451509352876,0.2823214250720796,0.6753940598343917
gahhhh this is so sad BibleThump BibleThump BibleThump BibleThump,neither,0.0506952628012965,0.38946070602132815,0.5598440311773754
gandsGandsVaxSigil gandsGandsVaxSigil gandsGandsVaxSigil,neither,0.03945320844208391,0.33037608806864915,0.630170703489267
Bidet from SC,neither,0.040737273169946825,0.30858215849491494,0.6506805683351382
Bidet from San Jose!,neither,0.04043703551170087,0.3136779751131982,0.645884989375101
Im from oklahoma,neither,0.03967115819386475,0.3458900379587753,0.61443880384736
"bidet from oak ridge, tn!",neither,0.040391260989805194,0.3144548882117505,0.6451538507984442
sodSAD,neither,0.03945320844208391,0.33037608806864915,0.630170703489267
bidet from Hong Kong,neither,0.040334677536117594,0.315415257091876,0.6442500653720065
Bidet from California!,neither,0.06971251856910227,0.2972619859879888,0.633025495442909
Stream is quiet,neither,0.047243225225592746,0.32769674408088717,0.6250600306935201
bidet i am excite,neither,0.039246452605914695,0.33044720088162116,0.6303063465124641
Bidet from Ohio,neither,0.040754399270683486,0.3082914838698526,0.650954116859464
Bidet is also goodbye.,neither,0.048328618815833724,0.32732342745382625,0.6243479537303401
bidet from libya,neither,0.04228451509352876,0.2823214250720796,0.6753940598343917
