text,top_class,hate_speech,offensive_language,neither
gandsTWC gandsTWC gandsTWC,neither,0.03945320844208391,0.33037608806864915,0.630170703489267
@misssunflower94 It's pretty close to regular old improv,neither,0.043909523387456975,0.32742197896162656,0.6286684976509165
Good friday/Saturday friends?,neither,0.03885455289714538,0.3305819931622642,0.6305634539405903
personification of a class act,neither,0.037607776255436653,0.3616978884702768,0.6006943352742866
wait when do they stream D&D,neither,0.031763369178002196,0.37389984804597376,0.594336782776024
@japenrose I did tech once for an elementary school play. it was loads of fun,neither,0.035553759435486935,0.31241220193907715,0.6520340386254359
Hi @Pandaikon0980,neither,0.03945320844208391,0.33037608806864915,0.630170703489267
Found out today I get to start hosting regular DND games at my local library for a wide range of ages and I'm both excited and terrified lol,neither,0.03016672518135585,0.34735210756898666,0.6224811672496575
good job geniespool!,neither,0.03847136223752934,0.3307137900015447,0.6308148477609259
gandsPartyShield gandsPartyShield gandsHype gandsHype gandsClassic gandsClassic gandsRyanHype gandsRyanHype stefHighFive stefHighFive tinytatoBallpit tinytatoBallpit,neither,0.03945320844208391,0.33037608806864915,0.630170703489267
gandsParty gandsPartyShield Hi Erika and Taliesin!,neither,0.038358606956405694,0.2721397086643902,0.6895016843792041
oh MY GOD,neither,0.030266422441093326,0.38268872444249025,0.5870448531164164
Woo!!! <3,neither,0.03945320844208391,0.33037608806864915,0.630170703489267
I haven't really done any acting since year 10... I miss that drama class,neither,0.03323557868689817,0.3618755179631465,0.6048889033499553
Best,neither,0.03765011267139979,0.31527719622551265,0.6470726911030876
@VexedAndPerplexed I always like it when people have the same usenames on both platforms.,neither,0.05583079162052334,0.4412662636238558,0.5029029447556208
i already love this,neither,0.03384949934339445,0.3772782993026663,0.5888722013539391
HAPPY BIRTHDAY Amy gandsTWC,neither,0.03945320844208391,0.33037608806864915,0.630170703489267
oh these clothes!,neither,0.050643952195649815,0.17682521363391013,0.7725308341704401
Ahahaha these goobers,offensive_language,0.08325495145653314,0.6755039965066537,0.2412410520368132
why are like this,neither,0.08083641674897578,0.30937568225912293,0.6097879009919013
inoh my gosh those sunglasses,neither,0.04660619853212626,0.34206460473686134,0.6113291967310124
*finger snaps*,neither,0.03945320844208391,0.33037608806864915,0.630170703489267
omg,neither,0.03945320844208391,0.33037608806864915,0.630170703489267
So it begins.,neither,0.037879336342691194,0.38030240068653764,0.5818182629707711
"Help G&S make great content! $4.99/month gets you emotes, Minecraft server access, sub-only VODs, and more! Every sub keeps the channel alive! twitch.tv/geekandsundry/subscribe",neither,0.043907990691603095,0.31135964332838284,0.644732365980014
Act-ing!,neither,0.037779603846636166,0.358781525813342,0.6034388703400219
We can have a whole gyp theatre company here,neither,0.0652053847803269,0.31178628333306824,0.6230083318866049
!snaps lol,neither,0.020706217963973744,0.4882283491876925,0.4910654328483337
LUL,neither,0.03945320844208391,0.33037608806864915,0.630170703489267
why are you sweet babies like this,neither,0.08392081336900165,0.36465826795382533,0.551420918677173
@jessieleaf Tech is WONDERFUL,neither,0.046966537634371974,0.32779190963118415,0.6252415527344438
Morning Y'all =),neither,0.061967905254982546,0.21215969689978753,0.7258723978452299
God I lvoe these bozos,offensive_language,0.05954600204608397,0.4903509710664917,0.45010302688742426
oooh set?,neither,0.03945320844208391,0.33037608806864915,0.630170703489267
So dramatic,neither,0.03940840016725221,0.3881618993133147,0.5724297005194332
Gather you Hipster,neither,0.05515735631365947,0.3747542372304161,0.5700884064559244
Happy Birthday Amy!!!,neither,0.03945320844208391,0.33037608806864915,0.630170703489267
oh wow pretension off the charts right then,neither,0.041914405689037204,0.2940801617732121,0.6640054325377508
*love,neither,0.03217296676969875,0.3657703709031763,0.602056662327125
what is this set?,neither,0.059327592414475584,0.322893403305621,0.6177790042799034
Yay Darin!,neither,0.03945320844208391,0.33037608806864915,0.630170703489267
Happy birthday Amy!,neither,0.03945320844208391,0.33037608806864915,0.630170703489267
Snaps snaps!,neither,0.03945320844208391,0.33037608806864915,0.630170703489267
"@skull4146 hi, Thursday",neither,0.03945320844208391,0.33037608806864915,0.630170703489267
A Wild Darin Appears!,neither,0.03945320844208391,0.33037608806864915,0.630170703489267
"Whoa, different set",neither,0.03945320844208391,0.33037608806864915,0.630170703489267
Amazing this is already amazing,neither,0.044134247872409646,0.3419243095737339,0.6139414425538564
I already love this! lol,neither,0.0259324911764247,0.4398979283649555,0.5341695804586198
What is this set?,neither,0.059327592414475584,0.322893403305621,0.6177790042799034
eeee,neither,0.03945320844208391,0.33037608806864915,0.630170703489267
all the rose tinted glasses,neither,0.03996137582041795,0.370594181206912,0.58944444297267
Why does Taliesin always have the most banger weird pieces for his outfits?,neither,0.031291400003763535,0.4165678567665661,0.5521407432296702
Oh cloves.... I miss those damn things. The fat ones you get now arent as good,offensive_language,0.15218167157220572,0.5133570353175746,0.3344612931102198
really digging Amy's scarf,neither,0.03945320844208391,0.33037608806864915,0.630170703489267
Where are we?,neither,0.09077760373542544,0.21558654673813607,0.6936358495264384
"@stardustinoureyes haha, i actually changed my username on here to match my tumblr/alpha name!",neither,0.04335784170396633,0.43341904002244247,0.5232231182735911
Happy Birthday Amy,neither,0.03945320844208391,0.33037608806864915,0.630170703489267
I am so ready for this party,neither,0.03331197358351057,0.34320749771172077,0.6234805287047686
oh what a great party gathered!,neither,0.04891665063277793,0.24894830120008749,0.7021350481671346
Light up a pair of Levi's :P,neither,0.036759936273826274,0.3849457729291484,0.5782942907970254
Yay Darin!,neither,0.03945320844208391,0.33037608806864915,0.630170703489267
It is a fascinating set,neither,0.04931404616060237,0.32698449380259564,0.6237014600368019
"Erika, you look like Doug's sister Judy so so much right now",neither,0.0541443944548449,0.4411711077723834,0.5046844977727717
Happy B-day amy,neither,0.039951466568467736,0.31567089303958323,0.6443776403919491
Darin and Taliesin are the coolest drama kids! :D,neither,0.058383079300920425,0.25029254058526745,0.6913243801138121
Erica and Tal look like they're about to tell Mr. DeMille they're ready for their close ups.,neither,0.062446263752700806,0.2885119264957442,0.649041809751555
this is amazing,neither,0.050638740814203484,0.3285866302672563,0.6207746289185402
lol,neither,0.020706217963973744,0.4882283491876925,0.4910654328483337
Smoking cloves? I thought this was Gather Your Drama not Gather Your Goths?,neither,0.07121153869497678,0.27812211314517654,0.6506663481598467
oh MY GOD,neither,0.030266422441093326,0.38268872444249025,0.5870448531164164
welp,neither,0.03945320844208391,0.33037608806864915,0.630170703489267
Does Erika ever look bad? Never.,neither,0.022265376443235438,0.48668536330957274,0.49104926024719187
SHE DOES,offensive_language,0.022172821384674968,0.6190617875057389,0.3587653911095861
HAHAAhahaaha,neither,0.03945320844208391,0.33037608806864915,0.630170703489267
YES OMG,neither,0.03945320844208391,0.33037608806864915,0.630170703489267
YES,neither,0.03945320844208391,0.33037608806864915,0.630170703489267
YES,neither,0.03945320844208391,0.33037608806864915,0.630170703489267
omg YS,neither,0.03945320844208391,0.33037608806864915,0.630170703489267
I already so LOVE this!,neither,0.03420451221152919,0.43220274982148016,0.5335927379669905
Yes,neither,0.03945320844208391,0.33037608806864915,0.630170703489267
SCREAMING YES SHE DOES,offensive_language,0.027237559885894318,0.5249486844378476,0.44781375567625803
hello lovely chat,neither,0.03945320844208391,0.33037608806864915,0.630170703489267
yes*,neither,0.03945320844208391,0.33037608806864915,0.630170703489267
Destroyed Tal right then,neither,0.038705532935080035,0.34496996053508155,0.6163245065298384
YES YES YES!!!,neither,0.03945320844208391,0.33037608806864915,0.630170703489267
Y E S,neither,0.03945320844208391,0.33037608806864915,0.630170703489267
Erika looks perfect,neither,0.03945320844208391,0.33037608806864915,0.630170703489267
I'm backstage at the,neither,0.035468087084034115,0.3495570072638211,0.6149749056521449
YEEEESSSSSS,neither,0.03945320844208391,0.33037608806864915,0.630170703489267
SHE DOES,offensive_language,0.022172821384674968,0.6190617875057389,0.3587653911095861
Happy birthday Amy!! We stan a comic book queen!!,neither,0.039346664331281936,0.33218441968693047,0.6284689159817877
Very snazzy set. :D,neither,0.03945320844208391,0.33037608806864915,0.630170703489267
the art,neither,0.03827813141413388,0.3087027896769399,0.6530190789089262
!rbschedule,neither,0.03945320844208391,0.33037608806864915,0.630170703489267
Find the unfinished rebroadcast schedule for the weekend here: http://bit.ly/WeekRebroadcast,neither,0.05904738035105781,0.17020024858160615,0.7707523710673361
doug's sister judy is closer,neither,0.04476785757112615,0.32854813652673354,0.6266840059021405
Yeess,neither,0.03945320844208391,0.33037608806864915,0.630170703489267
YES!!!,neither,0.03945320844208391,0.33037608806864915,0.630170703489267
@poopdoggyballsdaphny -> ONLY HULK CAPSLOCKS [warning],neither,0.03945320844208391,0.33037608806864915,0.630170703489267
Happy birthday Amy!!,neither,0.03945320844208391,0.33037608806864915,0.630170703489267
The Craft is a great movie ;),neither,0.04868990404843546,0.23968647096100218,0.7116236249905623
!gold,neither,0.03945320844208391,0.33037608806864915,0.630170703489267
Erica correcting Erika is so fabulous,neither,0.04649595005097154,0.3669365739294912,0.5865674760195371
#ForThoseOfYouWhoDontKnow,neither,0.03945320844208391,0.33037608806864915,0.630170703489267
Oh clove cigs..,neither,0.04522550427656808,0.27558419280407476,0.6791903029193572
Hey now - Trade or Craft kinda depends on how much and if anyone's paying you to do it,neither,0.03536510734475613,0.36614894619917626,0.5984859464560677
This looks like a beatnik intervention.,neither,0.05790197231117041,0.35856316410058137,0.5835348635882482
gandsHype gandsHype gandsHype gandsHype gandsHype gandsHype gandsHype,neither,0.03945320844208391,0.33037608806864915,0.630170703489267
"The Craft, 90s fashion at it's best",neither,0.03632464288878593,0.330925766535755,0.6327495905754591
oh these babies,neither,0.06104721574721001,0.35944049580676296,0.579512288446027
@VexedAndPerplexed ....I have the tumblr version of your name that doesn't have an and. Also my Xbox name.,neither,0.042365778308270215,0.36633986385092915,0.5912943578408005
I'm already dying,neither,0.038151748886896694,0.3524652532589585,0.6093829978541448
ok that was the first bell for end of intermission. will have to take off soon,neither,0.03297386147137158,0.319879193144331,0.6471469453842974
When do you ever take things seriously!,neither,0.044111378561208385,0.41659668276535405,0.5392919386734376
!clock,neither,0.03945320844208391,0.33037608806864915,0.630170703489267
"Huh, I know ADR as ""Additional Dialogue Recording""",neither,0.037667191709545654,0.36068945315206824,0.6016433551383863
It is currently Friday 9:04 PM at the Geek & Sundry studio in California.,neither,0.05257364532538693,0.3294993765834879,0.6179269780911252
Erika you've been wearing the beret for days we have to talk about this.,neither,0.018401384512798828,0.34497427991588203,0.6366243355713191
@poopdoggyballsdaphny -> ONLY HULK CAPSLOCKS,neither,0.03945320844208391,0.33037608806864915,0.630170703489267
Happy Birthday Amy!!!,neither,0.03945320844208391,0.33037608806864915,0.630170703489267
HI TALIESIN,neither,0.03945320844208391,0.33037608806864915,0.630170703489267
Hector would be able to confirm that about Erika looking like anyone related to movies Goofy,neither,0.04894533087780275,0.3680714038175842,0.5829832653046131
less than five minutes and I'm notice XD,neither,0.03856761285609995,0.3072458222749654,0.6541865648689348
I'm loving these outfits,neither,0.04830949828459632,0.40100045266270046,0.5506900490527034
is that the craft like light as a feather and stiff as a board,neither,0.04434693064927791,0.3673942679788552,0.5882588013718668
"I did not do it, I diiiid nooot",neither,0.03757240262879748,0.33729094051474406,0.6251366568564585
Love the glasses,neither,0.0349708819738298,0.32675932456625256,0.6382697934599176
IASTE in canada sometimes is called a craft union,neither,0.04681934040233418,0.3278425375090997,0.625338122088566
Happy birthday AMY!,neither,0.03945320844208391,0.33037608806864915,0.630170703489267
!howfar,neither,0.03945320844208391,0.33037608806864915,0.630170703489267
I love Taliesin's scarf always,neither,0.03479910272651563,0.4002993068601333,0.5649015904133512
Happy Birthday Amy!,neither,0.03945320844208391,0.33037608806864915,0.630170703489267
i watched the craft like two weeks ago but i already feel like i need to watch it again,neither,0.05495972207610362,0.36178095833204227,0.5832593195918542
YES,neither,0.03945320844208391,0.33037608806864915,0.630170703489267
It's a great scarf,neither,0.03614773780570299,0.30531166958684786,0.6585405926074492
Tal has the best scarves,neither,0.0382211987298088,0.30286652748827025,0.658912273781921
that's true - as someone very far from this,neither,0.03570360260065116,0.3761034055720539,0.5881929918272948
!timer,neither,0.03945320844208391,0.33037608806864915,0.630170703489267
XD,neither,0.03945320844208391,0.33037608806864915,0.630170703489267
Taliesin always has the best scarves,neither,0.0357579155299698,0.35945995376852485,0.6047821307015053
"I love it, my favorite EKbot and favorite Erica together on one show!",neither,0.035110363408794275,0.3458771977983569,0.6190124387928487
"The guy behind Tal is like ""who me? no way, I gotta go now, I don't meet your qualifications...""",neither,0.06253069493910851,0.41466986485464197,0.5227994402062494
as a horse can confirm,neither,0.03799351789024604,0.355150846222115,0.606855635887639
@gospodin_bo the how far command is set up for use During CR replays,neither,0.019162323570841945,0.39039648274284977,0.5904411936863083
"And if there aren't parts you want to play, write them yourself!",neither,0.047394106279463374,0.32788495021913205,0.6247209435014046
That's quite the visual.,neither,0.03383292139568968,0.3614796495705104,0.6046874290337999
oh Erica,neither,0.04535734983354261,0.27438591475104485,0.6802567354154126
you're precious,neither,0.09426752584987273,0.348532074065353,0.5572004000847742
Tatctic and intent. and beating your scenes,neither,0.06319952546761985,0.2584826673567221,0.678317807175658
Tal's outfit game is always on point,neither,0.04103918369955488,0.3460321142670399,0.6129287020334052
#erika i instantly thought judy funnie from doug,neither,0.041915946490518,0.26287660311108724,0.6952074503983949
Whos we? You got a turd in your pocket?,neither,0.076324082956244,0.3947509367104752,0.5289249803332807
How many people here have worked tech for drama?,neither,0.08552654823317021,0.2901095529586231,0.6243638988082066
miss acting. started there then went to costume design and landed as a makeup artist. strange journey.,neither,0.0377980646440539,0.3083919458823972,0.653809989473549
Esteemed Panel of Guests,neither,0.03945320844208391,0.33037608806864915,0.630170703489267
god I miss acting,neither,0.0321240729307266,0.3328969138529298,0.6349790132163435
!whodat,neither,0.03945320844208391,0.33037608806864915,0.630170703489267
"Erika Ishii ( twitter.com/erikaishii ), Taliesin Jaffe ( twitter.com/executivegoth ), with Amy Dallen (twitter.com/enthusiamy), Erica Lindbeck ( twitter.com/ericalindbeck), Alex Ward ( twitter.com/AlexWard777), Bryan Forrest ( twitter.com/SirBryanForrest), Jesse Merlin ( twitter.com/JesseMerlin), and Darin De Paul ( twitter.com/DarinDePaul)",neither,0.03680440340577079,0.4650388279552096,0.4981567686390196
I have done nothing but theatre for the last 10+ years,neither,0.03107130817529186,0.34883716695248185,0.6200915248722263
I don't even recognize the couch. This is confusing.,neither,0.043621081186639016,0.32911894381316886,0.627259975000192
yeah!!,offensive_language,0.013968601452186464,0.5182923869769311,0.4677390115708824
judy funnie,neither,0.03945320844208391,0.33037608806864915,0.630170703489267
Sure it does!,offensive_language,0.02014789217439788,0.5677663690732063,0.4120857387523958
@pointless_twitch_name me. what my degrees in :-D,neither,0.026045789811246913,0.4521156001246658,0.5218386100640872
As a tech or AM,neither,0.037362329370657955,0.36289862639659604,0.5997390442327462
Hands up here,neither,0.10061393871749383,0.34432551824583,0.5550605430366762
I also will never forget Erica's fabulous Harley Quinn voice!,neither,0.037950772302563496,0.3399242337853628,0.6221249939120737
remember the friend from Daria?,neither,0.03960499779814821,0.2911859759302555,0.6692090262715962
RESPECT YOUR TECHS,neither,0.10081573377764451,0.3131634932406763,0.5860207729816793
oh hey it's Birthday Sensation Amy Dallen,neither,0.042536584799193325,0.2886542869253434,0.6688091282754633
BloodTrail,neither,0.03945320844208391,0.33037608806864915,0.630170703489267
Gotta be versatile,neither,0.0369469634791009,0.3942785352414497,0.5687745012794495
yeah techs!!,offensive_language,0.013968601452186464,0.5182923869769311,0.4677390115708824
"Evening, guys!",neither,0.0393257792009554,0.33253889485441845,0.6281353259446261
love your tech! they make you look good!,neither,0.08502066987117925,0.37383465716896075,0.54114467295986
UCLA?!?!,neither,0.03945320844208391,0.33037608806864915,0.630170703489267
@hundredsofsmallbirds Jane Lane,neither,0.03945320844208391,0.33037608806864915,0.630170703489267
Bryan Forrest is in normal clothes... i dont think i have ever seen that,neither,0.04018309986298973,0.28144100736140387,0.6783758927756065
RESPECT THY TECHIES,neither,0.03945320844208391,0.33037608806864915,0.630170703489267
birthday sensation Amy fallen!!!,neither,0.03945320844208391,0.33037608806864915,0.630170703489267
ERICA WAS AT UCLA?!?!?!,neither,0.03871164536004278,0.35162026515298084,0.6096680894869764
Taliesin? Poncy? Never!,neither,0.030459082922392345,0.4239770323623975,0.5455638847152102
Hi folks,neither,0.03945320844208391,0.33037608806864915,0.630170703489267
Hi @adamkunn,neither,0.03945320844208391,0.33037608806864915,0.630170703489267
goth kids make the most natural techies,neither,0.03876305977840755,0.3178229908339132,0.6434139493876793
dallen,neither,0.03945320844208391,0.33037608806864915,0.630170703489267
"As a current tech, I second that",neither,0.035034959013010694,0.3878090903982021,0.5771559505887872
We had to do Tech at our school too.,neither,0.044583369795344385,0.3498906435753349,0.6055259866293208
techie love/designer lover,neither,0.0368727922661525,0.3423552911693516,0.6207719165644959
Hi @DJPheonyx,neither,0.03945320844208391,0.33037608806864915,0.630170703489267
tech is the best but also the worst,neither,0.0415562275873279,0.2938337342207075,0.6646100381919646
"Should I go to the box in my closet, find my BA in Theatre, and cuddle it during this party?",neither,0.03707903411688499,0.35641474929066774,0.6065062165924473
heh. currently running tech live. let's go act two. will catch the restlater,neither,0.033353831895420155,0.33479366552213913,0.6318525025824406
omg godspell!!,neither,0.03945320844208391,0.33037608806864915,0.630170703489267
Best way to stay employed. Diversify,neither,0.044381482162148905,0.321434985617577,0.634183532220274
my college was the same way,neither,0.028615632121949362,0.4074059275872967,0.563978440290754
"Sorry, get very excited seeing fellow Bruins",neither,0.03912845697736629,0.33588796795869347,0.6249835750639403
Taliesin how many math classes did you just skip?,neither,0.0464213165855925,0.3761607310768754,0.5774179523375321
just curious,neither,0.034173936331271054,0.35547382489611734,0.6103522387726116
pocket glitter is the best version of pocket sand,neither,0.04242459782903128,0.31740768470933645,0.6401677174616323
never forget finger guns,neither,0.035979201021541375,0.365666639536462,0.5983541594419965
Pocket Glitter is infinitely superior to Pocket Sand,neither,0.046554239559753886,0.32715922325747887,0.6262865371827673
"That’s the best way to do it though, actors teching shows",neither,0.04000015070999409,0.3404707276743024,0.6195291216157035
grapevine lol,neither,0.031120645729857982,0.3912535864736078,0.5776257677965343
"Hi, happy to be listening tonight",neither,0.04292726338448548,0.3110205971240592,0.6460521394914551
pelvic thrust out of the room?,neither,0.03486813566643782,0.33052130482284253,0.6346105595107197
@postdataest ok. I didn't catch cr yesterday so i wanted to see how long until rebroadcast,neither,0.03380802616134271,0.3777432185405391,0.5884487552981181
"jazz, daddyo",neither,0.03945320844208391,0.33037608806864915,0.630170703489267
pocket glitter... too real!!,neither,0.03361236328152204,0.4316652956094638,0.5347223411090143
america is a strange strange land,neither,0.13127592555394849,0.26717107312611105,0.6015530013199404
@nachochopizza *high five* same joke,neither,0.03709479783998945,0.4106866979694141,0.5522185041905964
what a party,neither,0.04849024390625138,0.32402484599028125,0.6274849101034673
http://www.wheniscriticalrole.com/rebroadcast <<< countdown clock to next Critical Role rebroadcast (C2ep19) . @gospodin_bo,neither,0.040671615187664385,0.2695966589741628,0.6897317258381729
But is Pocket Bacon better than pocket glitter?,neither,0.041436901724079094,0.33809394181668184,0.6204691564592391
"I did a musical in high school, then a small one-act play in college",neither,0.036222148508275216,0.407362114526605,0.5564157369651199
You never recover,offensive_language,0.0696427660925691,0.5435313325621821,0.3868259013452487
@undercovergoth !samejoke!,neither,0.03945320844208391,0.33037608806864915,0.630170703489267
Godspell and its Giant chain link fence backdrop,neither,0.03496347757207446,0.3054389844229085,0.659597538005017
!rbschedule @gospodin_bo,neither,0.03945320844208391,0.33037608806864915,0.630170703489267
Find the unfinished rebroadcast schedule for the weekend here: http://bit.ly/WeekRebroadcast,neither,0.05904738035105781,0.17020024858160615,0.7707523710673361
"Retiring at 14, what a life",neither,0.040455205428522115,0.4117072604420537,0.5478375341294244
@stardustinoureyes would you rather get lint on your glitter or your bacon?,neither,0.10059551290580121,0.3572476172303495,0.5421568698638494
I know it's no longer my birthday here (5am) but pretty sure this counts as my birthday Party,neither,0.03709984280076662,0.4739620453587064,0.48893811184052705
I miss teching...,neither,0.02789410451089843,0.33435179396025927,0.6377541015288424
DREAD IS PERFECT,neither,0.04758289286269939,0.327579916804822,0.6248371903324785
DREAD IS BEST,neither,0.047002435071267216,0.31976890699010474,0.6332286579386281
dread was something,neither,0.039330444614553935,0.3324597106098922,0.6282098447755539
it's my birthday in two days and i Don't Want,neither,0.02875872577257477,0.35602557187956085,0.6152157023478644
Dread was AMAZING,neither,0.039341450280038937,0.3322729157441137,0.6283856339758475
Everyone and their cat needs to watch Dread,neither,0.04281643203668894,0.37053102029944784,0.5866525476638633
I thought he said Drag,neither,0.0480616438148431,0.23480454458482702,0.7171338116003299
Dread was fantastic...,neither,0.03934797195569926,0.3321622258879409,0.62848980215636
Dread was amazing,neither,0.039341450280038937,0.3322729157441137,0.6283856339758475
dread saved my life lmaoooo,neither,0.028922182538205807,0.43451960970288633,0.5365582077589078
DREAD IS AMAZING,neither,0.04722903612026424,0.3277016243648596,0.6250693395148762
Yay Dread,neither,0.03945320844208391,0.33037608806864915,0.630170703489267
DREAD,neither,0.03945320844208391,0.33037608806864915,0.630170703489267
"@Slippydude I mean, I don't like Bacon.",neither,0.05134723907400437,0.3475029722352296,0.6011497886907662
@stardustinoureyes also I appreciate the Mika reference.,neither,0.03869376851206862,0.31653704007274724,0.6447691914151841
@postdataest tnx,neither,0.03945320844208391,0.33037608806864915,0.630170703489267
that was great,neither,0.031738606339660885,0.35644657876003094,0.6118148149003082
Dread is awesome,neither,0.0471859699920646,0.32771643678117074,0.6250975932267647
dread as in judge dread?,neither,0.03832531178921964,0.34951943784345796,0.6121552503673225
Dread and Madness were fucking AMAZING,offensive_language,0.109628782618268,0.8657985366097258,0.02457268077200605
Dread???,neither,0.03945320844208391,0.33037608806864915,0.630170703489267
I got home from tech in time for this! Squee!,neither,0.03347945536888179,0.3436799966070416,0.6228405480240766
Got hooked when it got played on ITTD 2017,neither,0.027597743161469433,0.4468547072970598,0.5255475495414709
"omg someone have mister merlin sing in his beautiful baritone voice or i will cry, i will cry my heart out! jesse please sing about something really gross and foriegn! no do pirates of penzance im just such a huge fan of jesse merlin! i thought we were supposed to do introductions!",neither,0.04235596374374511,0.3280338810480228,0.6296101552082322
Dread is what made me an Alpha kid.,neither,0.042956584009181294,0.35330458172032536,0.6037388342704934
I need to rewatch Dread now,neither,0.04614500929985912,0.32485411223844113,0.6290008784616998
you're welcome,neither,0.10626763448287628,0.35096606821718634,0.5427662972999374
dread got me from critrole to all of gns im in love w it,neither,0.03547320390475549,0.47444646342021424,0.4900803326750304
It's been so long,neither,0.0368755054157818,0.39369720544702486,0.5694272891371933
Dread as in Sagas of Sundry?,neither,0.03737434935593868,0.3656597521504206,0.5969658984936407
and it's still so good,neither,0.03442610173200118,0.3545630451871426,0.6110108530808563
hello im in the chat now im not a spam bot i just type fast and get excited,neither,0.0349507773918082,0.35005220388210756,0.6149970187260841
hello everyone,neither,0.03269494828970791,0.4450814005079928,0.5222236512022994
"@sunlitlake I am treating this (the Friday after my Monday birthday) as a birthday party, so let's party!",neither,0.02635769784322714,0.4119811343280533,0.5616611678287194
how are you tonight,neither,0.11312337122008055,0.2831517851101887,0.6037248436697309
"Sagas of Sundry: Dread, and the next show Madness",neither,0.04821286994649968,0.24605325762280827,0.705733872430692
Can i just say i LOVE Darin de Paul!!!,neither,0.03355864369725411,0.35573007420915126,0.6107112820935946
God I can relate to that,neither,0.04227427022313741,0.3634260437454362,0.5942996860314265
I need to rewatch MAdness too - I think I missed the end of it,neither,0.04241289954059229,0.31255630072869334,0.6450307997307144
@Slippydude ? I was leaning towards a CR ref...,neither,0.039375490565784176,0.3316951632569502,0.6289293461772656
im on the internet alone :( #feelsbadman,neither,0.03501641672707017,0.35926036169930337,0.6057232215736266
"Ugh, 6 AQM really is to early... literally can´t read chat right now, all is blurry.... guess I need a few minutes )and a coffee) to wake up :-/",neither,0.05782907890693076,0.28077409530131187,0.6613968257917574
Darin's suit is wonderfully dapper,neither,0.05044627423290362,0.3265950686495308,0.6229586571175656
@TestSubject_35 We are all love Darin de Paul,neither,0.060737129299664495,0.36648488652043587,0.5727779841798997
look at all these theatre nerds do you think they slap their foreheads with the back of their hands and say IM AN ACTUER? i dunnmo seems like something theyd do,neither,0.051183410716724206,0.4322600598973961,0.5165565293858797
woobie,neither,0.03945320844208391,0.33037608806864915,0.630170703489267
Amy's face!,neither,0.03945320844208391,0.33037608806864915,0.630170703489267
@alannamalfoy 🎉,neither,0.03945320844208391,0.33037608806864915,0.630170703489267
Ahh! I'm late!,neither,0.03945320844208391,0.33037608806864915,0.630170703489267
TO THE GOOGLES,neither,0.06348207243887267,0.2676115413284709,0.6689063862326565
@stardustinoureyes in your name?,neither,0.10142298066213767,0.3129894639663889,0.5855875553714736
W H A T,neither,0.03945320844208391,0.33037608806864915,0.630170703489267
Amy's face,neither,0.03945320844208391,0.33037608806864915,0.630170703489267
SORRY WHAt,neither,0.04883727548875765,0.32379315364871947,0.6273695708625229
well,neither,0.03945320844208391,0.33037608806864915,0.630170703489267
please find these,neither,0.06295455425162268,0.2944440376178049,0.6426014081305724
is Talesin related to Sam Jaffe?,neither,0.05564694735097657,0.3231962588506086,0.6211567937984149
"INTERNET. Do the thing, find the things, share the things.",neither,0.04118548932078488,0.2499364860457833,0.7088780246334319
quick to the internet,neither,0.04603718233346905,0.30818203227299634,0.6457807853935346
"I want to hear Taliesin say ""Oh Hamburgers...""",neither,0.049822337690045564,0.283559701712646,0.6666179605973084
danP,neither,0.03945320844208391,0.33037608806864915,0.630170703489267
wow stealing the whole showww,neither,0.03859453019244305,0.3146858846050231,0.6467195852025338
MY BOY N O,neither,0.021444584624538354,0.48220956225782785,0.49634585311763385
"Oh AMY!!!! No, it's all false",neither,0.0433852827874192,0.35940006111006606,0.5972146561025148
Amy's face xD,neither,0.03945320844208391,0.33037608806864915,0.630170703489267
Erika and Amy's reactions lmao,neither,0.03803525107198375,0.31182883694585195,0.6501359119821642
Tal man you're upsetting the birthday girl,neither,0.062161081322619924,0.43268905730761337,0.5051498613697668
baby tal did some weird stuff,neither,0.03363994125493989,0.3402852573608844,0.6260748013841757
doing better than ya Ossborn,offensive_language,0.024546567630714625,0.6002873692975997,0.37516606307168565
I love you Taliesen!!!!!!!,offensive_language,0.079837142191777,0.5038574454704381,0.4163054123377849
"@Slippydude Oh. No, that's a poem I wrote...",neither,0.03968317371982062,0.3355709873222223,0.624745838957957
mods we need these potential links,neither,0.04662655357369155,0.39113935690809043,0.562234089518218
Starring Robert Blake as a rough and tough priest,neither,0.03788498486723923,0.3267955860110332,0.6353194291217276
Jesus taliesin,neither,0.03945320844208391,0.33037608806864915,0.630170703489267
"""I had a very burnable face""",neither,0.03945320844208391,0.33037608806864915,0.630170703489267
jesse! jesse! jesse! jesse! jesse! jesse!,neither,0.03945320844208391,0.33037608806864915,0.630170703489267
Ohh nooo Tal I love you,neither,0.048662689980865766,0.37458507904935434,0.5767522309697798
we need to see babby Tal,neither,0.04536140458823135,0.32774805486988895,0.6268905405418798
oh poor Taliesin,neither,0.046526057630038906,0.26387425542176934,0.6895996869481918
And I am not surprised by this at all xD,neither,0.03901165302962089,0.4270873775767062,0.5339009693936728
im jesses biggest fan! HI JESSE HI JESSE,neither,0.03906338959910073,0.3452070088925204,0.615729601508379
"""I had a very burnable face"" ~Taliesin Jaffe, 2018",neither,0.03945320844208391,0.33037608806864915,0.630170703489267
"have they talked about the ""you have eyes"" exercise?",neither,0.04874906459620583,0.3594125384628482,0.5918383969409461
No wonder child actors wind up so screwed up,neither,0.03596755700799562,0.4273615738695907,0.5366708691224138
Taliesin looked like the cute cabbage patch dolls as a child,neither,0.04523077566688694,0.33132693346883846,0.6234422908642746
Tal darling ahkdf,neither,0.03945320844208391,0.33037608806864915,0.630170703489267
oh hey Alex!,neither,0.04512834081231828,0.2764688589194947,0.6784028002681872
jesse open your big baritone mouth and singgggggggggggggggggggggggg,neither,0.04371408186023347,0.3424665935608929,0.6138193245788736
hellooooo im a little late but i made it,neither,0.03403229216392087,0.37622979297146736,0.5897379148646117
segue!!!,neither,0.03945320844208391,0.33037608806864915,0.630170703489267
I miss acting. One bad teacher kinda ruined it for me.,neither,0.02497128200750501,0.357013400958178,0.6180153170343169
:D,neither,0.03945320844208391,0.33037608806864915,0.630170703489267
HI ALEX,neither,0.03945320844208391,0.33037608806864915,0.630170703489267
you're not alexander!,neither,0.08304281913711309,0.3524186997282575,0.5645384811346295
My dad was a child actor too and had a very similar experience,neither,0.032489814290596594,0.35766888492734733,0.6098413007820561
there's only so much moister in my body man <3,neither,0.026725289276595763,0.4651063423647395,0.5081683683586646
Alex is an inhuman character,neither,0.04766745291518842,0.3225240088942021,0.6298085381906096
Hooray monsters!,neither,0.03945320844208391,0.33037608806864915,0.630170703489267
we all know it,neither,0.039894818321168944,0.45577413455835025,0.5043310471204808
give him the god hand,neither,0.03844127207509093,0.31658021991458746,0.6449785080103216
hiii Alex,neither,0.03945320844208391,0.33037608806864915,0.630170703489267
Baby Jones,neither,0.03945320844208391,0.33037608806864915,0.630170703489267
Hi Alex!,neither,0.03945320844208391,0.33037608806864915,0.630170703489267
hes kinda got Sam eyes,neither,0.03986795425847616,0.34318425416344983,0.6169477915780741
Alex are you basically Doug Jones' Apprentice? Because that's what it sounds like and that is awesome.,neither,0.07294088946750969,0.35381208481133003,0.5732470257211604
all these professionals,offensive_language,0.0698242255687262,0.787952350347919,0.14222342408335495
this is the most hair I've seen Alex have,neither,0.02508853677726523,0.3112888053649726,0.6636226578577622
@misssunflower94 -- as in Marvel or something else?,neither,0.037795450519040506,0.358512566426121,0.6036919830548386
oh Erica we love you,neither,0.058712938273686156,0.34251226958223785,0.598774792144076
We still believe in you Erica!,neither,0.053122142806914394,0.3888671316600985,0.558010725532987
Alex looks normal... that makes me scared,neither,0.03169973622474492,0.387417809821451,0.580882453953804
come this way lol,neither,0.028301089637095538,0.4361295140364922,0.5355693963264122
an english major's nightmare,neither,0.039762230116967806,0.3251311837635635,0.6351065861194688
thats a sell lol,neither,0.03061178919631008,0.395389918939416,0.5739982918642738
Community t,neither,0.03945320844208391,0.33037608806864915,0.630170703489267
makeup!,neither,0.03945320844208391,0.33037608806864915,0.630170703489267
power of makeup :-D,neither,0.03945320844208391,0.33037608806864915,0.630170703489267
"nice rings, nice nailpolish",neither,0.03945320844208391,0.33037608806864915,0.630170703489267
@sunlitlake he's just inhuman like Taliesin is inhuman,neither,0.08276176500124831,0.3813795778654307,0.535858657133321
Nice!,neither,0.03945320844208391,0.33037608806864915,0.630170703489267
what a good sell,neither,0.04570188816937036,0.3255890802716955,0.628709031558934
too magical to be real,neither,0.038615746782648806,0.45435024461139917,0.507034008605952
and then,neither,0.03804029216595213,0.24922872557769626,0.7127309822563517
open your sweatshirt and show us what your shirt says,neither,0.156634514939843,0.2301493148075126,0.6132161702526444
