text,top_class,hate_speech,offensive_language,neither
gandsLore gandsLore gandsLore gandsHype gandsHype gandsHype,neither,0.03945320844208391,0.33037608806864915,0.630170703489267
JCM and Cynthia on Lore Masters with Ryan should be so fabulous,neither,0.03617783305954215,0.40474460442032484,0.5590775625201329
hrpgHeyo gandsClassic,neither,0.03945320844208391,0.33037608806864915,0.630170703489267
When's DnD?,neither,0.029005800438506337,0.38390556720316915,0.5870886323583246
@m4le0 In about 3 hours,neither,0.03739236851081592,0.3653539200659071,0.5972537114232771
It´s going to be a short night for me (again),neither,0.02550084710430107,0.3831837625157703,0.5913153903799285
"Ryan ""sexy eyes"" Green",neither,0.04183951213243839,0.2837331685598084,0.6744273193077532
@chaoticloony thank you :3,neither,0.07325166854587051,0.43632638485078484,0.49042194660334476
YES. Lord of the Rings deep dive.,neither,0.03885555135817311,0.3195314569258249,0.641612991716002
"Hi Ryan, JCM and Cynthia!",neither,0.03865039986561582,0.28968446037165835,0.6716651397627258
@Mosbaked narrowing things down to one doesn't make all the other sexiness untrue tho,neither,0.040814566023781154,0.3892685690792538,0.569916864896965
WOO! Jason is back! You're the man! :D,neither,0.07831176411792248,0.37424518119915573,0.5474430546829218
Hello Everyone <3,neither,0.03269494828970791,0.4450814005079928,0.5222236512022994
"@Deathstar_Taco Agreed, nicknames are fickle and cant be as long as the sexy list is",neither,0.055926017881368396,0.3101368646320173,0.6339371174866143
2 of my favorite people with Ryan!,neither,0.038527832909063815,0.4385377217986705,0.5229344452922656
Hi @Leigh574,neither,0.03945320844208391,0.33037608806864915,0.630170703489267
jcvimHi all,offensive_language,0.046917543854519406,0.6277741405869331,0.3253083155585475
Hello @chaoticloony :),neither,0.03945320844208391,0.33037608806864915,0.630170703489267
Hi @Andyinsomnia,neither,0.03945320844208391,0.33037608806864915,0.630170703489267
"Hey, folks!",neither,0.03945320844208391,0.33037608806864915,0.630170703489267
Can't wait to get more learnd-ed :O,neither,0.04730163693284536,0.3216569540955057,0.631041408971649
thuluJACK Leigh574,neither,0.03945320844208391,0.33037608806864915,0.630170703489267
hello everyone!,neither,0.03269494828970791,0.4450814005079928,0.5222236512022994
Hey @Ossborn :),neither,0.03945320844208391,0.33037608806864915,0.630170703489267
"I'm an ""abnormal"" nerd, I haven't ready LotR nor the Hobbit.",neither,0.039122744484549506,0.318294133843013,0.6425831216724374
gandsTribble,neither,0.03945320844208391,0.33037608806864915,0.630170703489267
Hugs for the Hug-inclined!,neither,0.03454421066142405,0.2978767114667817,0.6675790778717943
Hugs for the hug inclined!,neither,0.03454421066142405,0.2978767114667817,0.6675790778717943
#EnthusiArmyRAID amydFocus amydFocus amydFocus,neither,0.03945320844208391,0.33037608806864915,0.630170703489267
WELCOME Enthusiarmy <3,neither,0.03945320844208391,0.33037608806864915,0.630170703489267
gandsHappy ENTHUSIARMY ARMY RAID gandsHappy gandsHug s for the gandsHug inclined! amydFocus,neither,0.03468827772683211,0.2988304527889929,0.6664812694841749
Welcome EnthusiArmy!,neither,0.03945320844208391,0.33037608806864915,0.630170703489267
amydFocus amydFocus,neither,0.03945320844208391,0.33037608806864915,0.630170703489267
jcvimHi @Enthusiamy and the Enthusiarmy gandsTWC,neither,0.03677169773327704,0.19072166333761692,0.772506638929106
"Download the new Critical Role theme song for Campaign Two! http://itunes.apple.com/album/id1331550250?ls=1&app=itunes Sales of the song support the musician, Jason Charles Miller.",neither,0.04445767596344001,0.2510827790306858,0.7044595450058742
ENTHUSIARMY RAID gandsHappy gandsHappy,neither,0.03945320844208391,0.33037608806864915,0.630170703489267
a boarding party of enthusiamy Pirates.,neither,0.03945320844208391,0.33037608806864915,0.630170703489267
Cynthia was super fabulous when she was on Brick Battles! I also remember her from Erika's birthday stream a couple of years ago,offensive_language,0.030812768934764916,0.4872192083264033,0.48196802273883166
"@justinpsluder neither have I, I JUST bought The Hobbit last week, haven't started it yet",neither,0.035443519494320876,0.33812315694189243,0.6264333235637867
Chrome crashed for me when we raided from Amy's stream,neither,0.028723935506804053,0.3510558602538242,0.6202202042393717
Welcome Amy and Raiders,neither,0.038822933363010945,0.2991577467117473,0.6620193199252418
the Hobbit movies are an abomination,neither,0.06127156050477899,0.27210240133787356,0.6666260381573474
its all orcs,offensive_language,0.03164884060030055,0.487158250064668,0.48119290933503134
@Marb04 I prefer the animated version,neither,0.03878137491815118,0.3181620200584539,0.643056605023395
"Help G&S make great content! $4.99/month gets you emotes, Minecraft server access, sub-only VODs, and more! Every sub keeps the channel alive! twitch.tv/geekandsundry/subscribe",neither,0.043907990691603095,0.31135964332838284,0.644732365980014
the first Hobbit movie was okay second one's pretty good I love smog the third one is an Abomination and should be destroyed,neither,0.04219966115961125,0.3282337537239448,0.6295665851164438
We had orcs the whole time but no Aragorn,neither,0.03349011211286452,0.3592101977805625,0.6072996901065729
the animated one is great,neither,0.04328777244487373,0.319237345940123,0.6374748816150033
"@Leigh574 I've had a copy of LotR since before the movies, I just read other things...mostly RPG books...",neither,0.024821189346667917,0.3529605525113473,0.6222182581419847
Nobody really needed the new Hobbit movies...except movie producers,neither,0.03791003628142177,0.33562031946842147,0.6264696442501568
"I loved the Hobbit Movies, fight me",neither,0.03352749691143564,0.3468107654828524,0.619661737605712
Lindsey Ellis has a great 3-part series on YouTube about the behind the scenes reasons *why* this movies ended up so iffy.,neither,0.03052769254540308,0.3657632798010443,0.6037090276535526
Beren and Luthien is an epic tale,neither,0.04605139856488295,0.2891336709635871,0.6648149304715298
@Lh_sabre Northern hemisphere will be having schools out in parts which will shift the internet workloads...,neither,0.03840111303793367,0.3086087011214455,0.6529901858406207
@xerkoro_neo I punch you and hurt my hand.,neither,0.04018427185563926,0.4130283533390913,0.5467873748052695
Luthien was also half divine being,neither,0.03422836532359156,0.3620586976621139,0.6037129370142945
'Cause my feelings are too strong! jk,neither,0.04488789290058297,0.38990713775027,0.5652049693491471
elf incest is not okay,neither,0.04569328803531478,0.3323714032588757,0.6219353087058096
Aragorn is descended from Elronds brother,neither,0.04824503925732279,0.31102818663314014,0.640726774109537
what show is this,neither,0.0966670472368512,0.2129778229796929,0.6903551297834558
!wtfisthis,neither,0.03945320844208391,0.33037608806864915,0.630170703489267
Ryan Green and a guest spend 90 minutes going deeper into a fandom then you may have thought possible. From Magic: The Gathering to Street Fighter we’re examining the stories and worldbuilding that makes these properties so enchanting. The guests and subjects are as varied as can be but the one thing that brings them together is passion.,neither,0.06281962001923072,0.30912234923769066,0.6280580307430785
elfterlife,neither,0.03945320844208391,0.33037608806864915,0.630170703489267
elfterlife,neither,0.03945320844208391,0.33037608806864915,0.630170703489267
"ok Loremasters, is there ANY form of Tom Bombadil stand-alone adventure movie/animation/claymation... ANYthing?",neither,0.044834291831457776,0.28648118008056356,0.6686845280879785
@DeLevely Hi Sam!,neither,0.03945320844208391,0.33037608806864915,0.630170703489267
O hai!,neither,0.03945320844208391,0.33037608806864915,0.630170703489267
!points @DeLevely,neither,0.03945320844208391,0.33037608806864915,0.630170703489267
"That was an excellent pun, @DeLevely! Here, have some points for that one! You have been awarded 70 points!",neither,0.050169273600559075,0.38256261623107957,0.5672681101683612
last time I was this early my dad left my mom,neither,0.025033529259484082,0.4461050644156266,0.5288614063248893
!time,neither,0.036668274527354654,0.377643684699956,0.5856880407726893
Hi Sam :) @DeLevely How was book club?,neither,0.03936271389385511,0.3319120167240431,0.6287252693821017
Lotr is the most confusing thing ever,neither,0.044424442694476596,0.3170412806077295,0.6385342766977937
3,neither,0.03945320844208391,0.33037608806864915,0.630170703489267
Demi-Gods,neither,0.03945320844208391,0.33037608806864915,0.630170703489267
@EricaTheStrange It was excellent! We'll probably do more soon (with a special guest ;) ),neither,0.04842261998991479,0.34940947139158024,0.602167908618505
"However, the Istari had their Maiar power hella reduced",neither,0.035378175795505555,0.380491304457041,0.5841305197474534
The mystery of the blue wizard keeps me up at night.,neither,0.027009972509703828,0.38404614513465407,0.588943882355642
"It's been so long since I've gone through LoTR lore that this a whole lot of, ""Oh, yeah!"" for me",neither,0.016735743468579745,0.3993719314355032,0.583892325095917
looking forward to it :D @DeLevely,neither,0.04505748290179047,0.32668397205134037,0.6282585450468692
"they're seen more as ""angelic counsellors"" iirc",neither,0.054432776719476134,0.3268634534624778,0.6187037698180462
Balrogs: Also Maiar!,neither,0.03945320844208391,0.33037608806864915,0.630170703489267
!points JCM,neither,0.03945320844208391,0.33037608806864915,0.630170703489267
"Well, corrupted by Melkor. But once Maiar!",neither,0.03700372467943445,0.3958572642830722,0.5671390110374933
"That was an excellent pun, JCM! Here, have some points for that one! You have been awarded 48 points!",neither,0.050169273600559075,0.38256261623107957,0.5672681101683612
Gandalf v Balrog was just a 1v1,neither,0.03450858348294238,0.35540316425119434,0.6100882522658633
"It's so funny to listen to this - I play Lord of the Rings Online , and have for 11 years (We're past Mordor now) and it's so interesting to hear this stuff and relate it to the game",neither,0.048565573567252954,0.2832791819075246,0.6681552445252225
When you want to remember this but you know you have bad memory haha,offensive_language,0.06193402276583765,0.5274451151982628,0.4106208620358997
!points Cynthia,neither,0.03945320844208391,0.33037608806864915,0.630170703489267
"That was an excellent pun, Cynthia! Here, have some points for that one! You have been awarded 29 points!",neither,0.050107313171023064,0.38230503055647863,0.5675876562724983
woohoo lotr talk,neither,0.025727883523310076,0.3350968566912595,0.6391752597854304
rip TB,neither,0.03945320844208391,0.33037608806864915,0.630170703489267
Gandalf v Balrog was Gandalf fighting a end raid boss,neither,0.039364801295772724,0.3318765880658163,0.6287586106384109
she is Indian Jones!,neither,0.04820886209611321,0.4036378333784219,0.5481533045254648
We lost Total Biscuit :(,neither,0.03932839929304837,0.3324944250537054,0.6281771756532462
Keepo,neither,0.03945320844208391,0.33037608806864915,0.630170703489267
!whodat,neither,0.03945320844208391,0.33037608806864915,0.630170703489267
"Ryan Green ( twitter.com/HydroSnail ), Jason Charles Miller ( twitter.com/JasonCMiller ), Cynthia Egan ( twitter.com/CyndianaLuna ).",neither,0.039147175131961524,0.4427837862079785,0.5180690386600599
no,neither,0.036918905254960256,0.37338982715841207,0.5896912675866277
"That is one of the reasons i so love Cynthia, she LOVES puns!",neither,0.0395156201441157,0.4796051011793319,0.48087927867655245
really?,neither,0.03945320844208391,0.33037608806864915,0.630170703489267
""" It belongs in a museum!""",neither,0.03822427860086773,0.3307987733943617,0.6309769480047706
Yeah I saw that @WinterStyrm,offensive_language,0.018297625755409472,0.49778195772090816,0.4839204165236824
Yay archaeology!,neither,0.03945320844208391,0.33037608806864915,0.630170703489267
yea... Tb is gone.,neither,0.05026311202748302,0.33293267420598244,0.6168042137665345
man,offensive_language,0.040018442559345856,0.5018538837344726,0.4581276737061815
fuck,offensive_language,0.34803241646388117,0.6519675835059184,3.0200377847433446e-11
hehehe,neither,0.03945320844208391,0.33037608806864915,0.630170703489267
Ryan is about to sail into the west from these puns! :P,neither,0.058733545310930814,0.37056488664716153,0.5707015680419077
whelp,neither,0.03945320844208391,0.33037608806864915,0.630170703489267
demigods,neither,0.03945320844208391,0.33037608806864915,0.630170703489267
The best food I had in a week in England was at Nando´s Portuguese Broiled Chicken.,neither,0.03795597715913111,0.33150487826551944,0.6305391445753494
we have to get on cloning now team. Gotta bring TB back,neither,0.03986271068285642,0.3776390355386278,0.5824982537785157
Hey y'all. I'm new to this. When does Critical Role start?,neither,0.030289057587217963,0.43582481269067197,0.53388612972211
aah silmarilion?,neither,0.03945320844208391,0.33037608806864915,0.630170703489267
wait....I thought that through,neither,0.03881763679183758,0.268574246134739,0.6926081170734233
We have a subscriber-only Discord server! Join here: https://discord.gg/geekandsundry (you'll need to sub and link it to your Twitch) and be a part of the fun!...Warning: It can take up to an hour for the server to update and give you access to the channels,neither,0.08464076273808444,0.286394834032893,0.6289644032290227
