text,top_class,hate_speech,offensive_language,neither
gandsHug for the gandsHug inclinded,neither,0.025530574474639644,0.23858405014631345,0.7358853753790469
gandsGameEngine gandsHype gandsGameEngine,neither,0.03945320844208391,0.33037608806864915,0.630170703489267
gandsGameEngine Hi Trisha and Erika!,neither,0.038358606956405694,0.2721397086643902,0.6895016843792041
3 year sub hype :D @zathyr,neither,0.03945320844208391,0.33037608806864915,0.630170703489267
Hi Erika and Trisha!,neither,0.038358606956405694,0.2721397086643902,0.6895016843792041
LOL Bethesda,neither,0.020706217963973744,0.4882283491876925,0.4910654328483337
"It´s 1 AM for me, so I´m okay with not wearing pants, @FuffyButt ... just don´t post any images on social media :-D",neither,0.02434169580879691,0.39174849697170055,0.5839098072195026
Is this an Eye Exam?,neither,0.06329945424994411,0.3177359466122851,0.6189645991377707
EKBot needs a reboot,neither,0.03945320844208391,0.33037608806864915,0.630170703489267
Hey Erika and Trish!,neither,0.03823530628758278,0.2638960051144801,0.6978686885979372
three year gandsHype gandsLessthanthree gandsLessthanthree gandsLessthanthree,neither,0.03945320844208391,0.33037608806864915,0.630170703489267
gandsGameEngine gandsGameEngine gandsGameEngine,neither,0.03945320844208391,0.33037608806864915,0.630170703489267
hahaha,neither,0.03945320844208391,0.33037608806864915,0.630170703489267
39 month sub hype :D @Paladin356,neither,0.03945320844208391,0.33037608806864915,0.630170703489267
... someone poke Erika,neither,0.03945320844208391,0.33037608806864915,0.630170703489267
"Download the new Critical Role theme song for Campaign Two! http://itunes.apple.com/album/id1331550250?ls=1&app=itunes Sales of the song support the musician, Jason Charles Miller.",neither,0.04445767596344001,0.2510827790306858,0.7044595450058742
thuluJACK Trish thuluJACK Erika,neither,0.03945320844208391,0.33037608806864915,0.630170703489267
Don't break Erika!,neither,0.03945320844208391,0.33037608806864915,0.630170703489267
I love you two,neither,0.06451236370404437,0.41913040578975547,0.5163572305062002
Sheś joined Team No-Stream.,neither,0.03880036987063319,0.34145646239907246,0.6197431677302944
Erika is trying so hard not to laugh,offensive_language,0.042546928409446454,0.556442667121143,0.4010104044694107
4+ hours of please stand-by,neither,0.04058209214091632,0.3733953111449639,0.5860225967141198
Erika.exe has stopped working.,neither,0.03977020517784449,0.32499582616723566,0.6352339686549199
trisha having none of that,neither,0.034932762878416526,0.3796830190900611,0.5853842180315224
Team No-Stream!,neither,0.03861714758347495,0.3445662227842136,0.6168166296323115
gandsGameEngine gandsGameEngine gandsGameEngine gandsGameEngine gandsGameEngine gandsGameEngine gandsGameEngine,neither,0.03945320844208391,0.33037608806864915,0.630170703489267
"Detroit has been great so far, not finished yet",neither,0.0373228831203857,0.34315849649717906,0.6195186203824353
news gandsHype,neither,0.03945320844208391,0.33037608806864915,0.630170703489267
"Help G&S make great content! $4.99/month gets you emotes, Minecraft server access, sub-only VODs, and more! Every sub keeps the channel alive! twitch.tv/geekandsundry/subscribe",neither,0.043907990691603095,0.31135964332838284,0.644732365980014
so much news past few weeks,neither,0.03641804176608158,0.3660473936912323,0.5975345645426862
I spent my weekend playing Deadfire and Shadow of War.,neither,0.031550976612815446,0.3584836165870951,0.6099654068000896
3 more weeks for that expansion! Can´t wait!,neither,0.03238103908122443,0.32789476577666904,0.6397241951421065
I remember in one of the previous Sims one of my sims died because they got a cold.,neither,0.03272461198798828,0.40747777841033195,0.5597976096016798
*plays soap opera organ music*,neither,0.03945320844208391,0.33037608806864915,0.630170703489267
I used to do horrible things to my sims,neither,0.04057766285001098,0.3834822620749409,0.5759400750750482
don't worry robots like me,neither,0.04203212791577778,0.4007917833563683,0.557176088727854
#samfacts,neither,0.03945320844208391,0.33037608806864915,0.630170703489267
"This has been Facts With Sam! #SamFacts Also, bench press builds the muscles you use to gandsHug, so it's SUPER important for them to get those cuddle-gains! Sam is the Sovereign of Hugs! All hail Their Majesty of Hugs Sam de Leve! For more facts about random things follow Sam at: twitter.com/ChaiKovsky",neither,0.03897935538359827,0.3894333033978542,0.5715873412185475
I make robots,neither,0.03945320844208391,0.33037608806864915,0.630170703489267
Rip Game Journalism.,neither,0.038647566062843274,0.2797424201250023,0.6816100138121545
Hey we had EKbot to read our gaming news first,neither,0.03855648492007447,0.3312746899479471,0.6301688251319785
so I'm hard to replace,offensive_language,0.036825509929806335,0.5726685142692844,0.39050597580090934
She was the canary.,neither,0.03965207402881727,0.40039628180652764,0.559951644164655
Androids: they're taking our jobs!,neither,0.055868860950905555,0.30456927790337,0.6395618611457244
for now,neither,0.028690729876224785,0.2769107983702842,0.694398471753491
But seriously: androids are basically a sci-fi allegory for immigrants.,neither,0.046379947483390284,0.2930118642809862,0.6606081882356236
Google is selling AI to the military. Soon we will all be batteries for robots.\,neither,0.04537555045056318,0.32613485982415763,0.6284895897252791
jcvimCry,neither,0.03945320844208391,0.33037608806864915,0.630170703489267
Erika. LOL,neither,0.020706217963973744,0.4882283491876925,0.4910654328483337
Nothing wrong with paying tribute to gaming LEGENDS. :D,neither,0.03484795235121094,0.37448593240554523,0.5906661152432438
39 month sub hype :D @Ossborn,neither,0.03945320844208391,0.33037608806864915,0.630170703489267
That was only 10 :P,neither,0.03449091676057536,0.3855162190272323,0.5799928642121923
No you must finish boops.,neither,0.058678503366289644,0.3817669971468322,0.5595544994868781
TRON HYPU!,neither,0.03945320844208391,0.33037608806864915,0.630170703489267
PS 420?,neither,0.03945320844208391,0.33037608806864915,0.630170703489267
Just like a replicant.,neither,0.05429137799516933,0.4259550070329759,0.5197536149718549
Please don't throw out your PS4s. Just leave it on the sidewalk and I'll . . . handle it.,neither,0.044375007944580734,0.3231462282084892,0.63247876384693
"my PS4 already took a trip to europe, which is handy as I live in europe",neither,0.04060831588700893,0.38453194400889473,0.5748597401040962
DON'T ANNOUNCE A NEW CONSOLE UNTIL WE CAN UPLOAD ALL OF OUR CURRENT GAMES,neither,0.04242215905974832,0.3169175454530279,0.6406602954872238
they can't really update it to ps5 yet as the console would cost too much if it would have any noticeable upgrades,neither,0.028730476408189442,0.3625287827115802,0.6087407408802304
AND ALSO CHANGE OUR PSN NAMES...,neither,0.03875843401545388,0.2956785331776003,0.6655630328069458
exactly @darkofnate,neither,0.03945320844208391,0.33037608806864915,0.630170703489267
Historical Accuracy? In video games? Perish the thot,neither,0.04199677807812966,0.2677602112544795,0.6902430106673908
"oh boy, whats going to happen here",neither,0.08817856367750539,0.27994794068082035,0.6318734956416743
You guys are such dorks,neither,0.084969427340119,0.3255587157895625,0.5894718568703184
"yup, i had a feeling it was going to be Dani",neither,0.04195606733441162,0.3508951883461622,0.6071487443194262
LOL,neither,0.020706217963973744,0.4882283491876925,0.4910654328483337
I go to Final Fantasy for my accurate historical representations.,neither,0.03283737166039306,0.36291563750167083,0.6042469908379361
BF4????,neither,0.03945320844208391,0.33037608806864915,0.630170703489267
!whodat,neither,0.03945320844208391,0.33037608806864915,0.630170703489267
"Erika Ishii ( twitter.com/erikaishii ), and Trisha Hershberger ( twitter.com/thatgrltrish ), Dani Carr ( twitter.com/ItsDaniCarr ), Bryan Forrest ( twitter.com/SirBryanForrest ).",neither,0.03837949046370184,0.4499330229672408,0.5116874865690573
Except the Soviet Army and countless guerrilla forces.,neither,0.03838243034882995,0.29382339396515994,0.6677941756860102
"Not going to lie, I was about to skip this episode until I found out Bryan Forrest was going to be on. lol",neither,0.03826063141158945,0.40082242452194683,0.5609169440664638
gandsLessthanthree Dani and Bryan!,neither,0.03874774543435278,0.2950951412172348,0.6661571133484124
Shhh...no one tell the misogynists about the Women's Auxiliary Air Force or the female Soviet fighter pilots.,neither,0.03870494177883193,0.38609916185280735,0.5751958963683608
👍,neither,0.03945320844208391,0.33037608806864915,0.630170703489267
"Oh hey, Bryan and Dani! :D",neither,0.04261714075305777,0.26265462984611276,0.6947282294008295
The Night Witches,neither,0.03122893395557523,0.3138922881623587,0.6548787778820659
WAC & ATS were awesome. <3,neither,0.03983467586207037,0.30401313921509293,0.6561521849228367
I get my history from Big Brother.,neither,0.019911214495007285,0.4440442341753356,0.536044551329657
WW2 had a lot of badass women!,neither,0.0455937764281576,0.3817964138131745,0.5726098097586679
"There we're russian female soilders yes, but she's wearing an american uniform",neither,0.049023186013956756,0.3246223250089403,0.626354488977103
@The_TBoyce The Soviets also had female snipers.,neither,0.03704786619973577,0.3460537188794275,0.6168984149208367
"Yeah, amazing stories all",neither,0.02634964179715019,0.48595536722352867,0.4876949909793212
Get him Liz,neither,0.03823945036862901,0.35097673023133247,0.6107838194000385
"And I know, from all of my Hollywood historical films, that only white people existed until 1962...",offensive_language,0.25635481666358545,0.5236319974097429,0.2200131859266717
hi liz,neither,0.03945320844208391,0.33037608806864915,0.630170703489267
love this,neither,0.033354624610487035,0.36213039408674813,0.6045149813027648
"The band Sabaton created a pretty great song about the Night Witches, you can find it on their ""Heroes"" CD",neither,0.03954403795581183,0.2999532023122199,0.6605027597319684
We're talking about a game series that has Zombies,neither,0.04663348915681679,0.32614775953102576,0.6272187513121574
i like your hair,neither,0.1383373480383935,0.33334094319039403,0.5283217087712127
LOL,neither,0.020706217963973744,0.4882283491876925,0.4910654328483337
"Women had to learn how to fly even MORE planes than the men did, in just as dangerous zone, becauase they were taking them to and from the other pilots",neither,0.053259258994275235,0.3264196761952105,0.6203210648105142
Anyone got a shovel,neither,0.038172601754088376,0.37641121188703974,0.5854161863588718
LOL,neither,0.020706217963973744,0.4882283491876925,0.4910654328483337
"I don't buy into the realism bit, but the trailer to me felt like it hadn't decided on a time period yet.",neither,0.10186261079240755,0.3811071209808239,0.5170302682267686
I LOVE ALL OF YOU,offensive_language,0.07192470199488624,0.6169817338869633,0.31109356411815053
Is he going to get smacked with a rifle butt? XD,neither,0.04744936446011559,0.4158558761524768,0.5366947593874075
"Okay, awards for everyone, this is friggin wonderful. Special award for holding on that wide shot",neither,0.043396964427812074,0.3646061861847999,0.5919968493873881
*giggles*,neither,0.03945320844208391,0.33037608806864915,0.630170703489267
LOL,neither,0.020706217963973744,0.4882283491876925,0.4910654328483337
for a sec I thought that was Jessica Marzipan,neither,0.034436134139499086,0.2666159811647881,0.6989478846957128
ouch,neither,0.03945320844208391,0.33037608806864915,0.630170703489267
Thanks for this gandsGameEngine gandsGameEngine,neither,0.029545760740583054,0.27705236147162304,0.6934018777877939
hey Enthusiamy,neither,0.03945320844208391,0.33037608806864915,0.630170703489267
gandsApplaud gandsApplaud gandsApplaud gandsApplaud,neither,0.03945320844208391,0.33037608806864915,0.630170703489267
I love this chanel so very much gandsJohnson gandsDick,neither,0.03389435430824842,0.381255121143015,0.5848505245487366
Hey @Enthusiamy,neither,0.03945320844208391,0.33037608806864915,0.630170703489267
That was great :D,neither,0.031738606339660885,0.35644657876003094,0.6118148149003082
hey Danoba,neither,0.03945320844208391,0.33037608806864915,0.630170703489267
@Enthusiamy Ohai Amy. How was Dream Daddy? Datin' more Dads? :D,neither,0.040595440392462184,0.3253093665737187,0.6340951930338191
In total warfare the dividing line between combat and noncombat military service collapses. Everyone gets bombed.,neither,0.03567666490515284,0.35527414102792354,0.6090491940669236
also loads of Women served in WW1 becauase they were so desperate for people they just stopped bothering with checking who was signing up.,neither,0.041702101208346595,0.42639340847291346,0.53190449031874
Oh. This story. Yikes.,neither,0.04604250278147501,0.26908420159387453,0.6848732956246504
suu,neither,0.03945320844208391,0.33037608806864915,0.630170703489267
smacks ya booty,offensive_language,0.024387447104420697,0.5943129303974874,0.3812996224980919
completely wrong and needs pulled imo,neither,0.038887479400633924,0.30257323899328203,0.658539281606084
Hey @Paladin356,neither,0.03945320844208391,0.33037608806864915,0.630170703489267
