text,top_class,hate_speech,offensive_language,neither
Holy gandsGandsEars,neither,0.03945320844208391,0.33037608806864915,0.630170703489267
One More Time!,neither,0.039155781182777905,0.38997658458470863,0.5708676342325135
!ears,neither,0.03945320844208391,0.33037608806864915,0.630170703489267
𝐖𝐀𝐑𝐍𝐈𝐍𝐆! Incoming LOUD NOISES. Adjust your volume and protect your ears!,neither,0.08369346292336456,0.2909372434945657,0.6253692935820697
Hi @Andyinsomnia,neither,0.03945320844208391,0.33037608806864915,0.630170703489267
woot,neither,0.03945320844208391,0.33037608806864915,0.630170703489267
I'll miss these boys. gandsTWC gandsJohnson gandsDick gandsTWC,neither,0.0411487182747673,0.4202526613433404,0.5385986203818922
gandsJohnson gandsSaxHype gandsDick,neither,0.03945320844208391,0.33037608806864915,0.630170703489267
gupO7 gupO7 gupO7 gupO7 gupO7,neither,0.03945320844208391,0.33037608806864915,0.630170703489267
ears!,neither,0.03945320844208391,0.33037608806864915,0.630170703489267
"@Danoba Hey, happy Wednesday. Hope you're having a good week, despite the ending of D&J!",neither,0.08368388396368047,0.26232585457110164,0.6539902614652179
"Hi Sax, Hector, Keller and all the guests!",neither,0.039167056975332834,0.3374885735502312,0.6233443694744359
too soon!,neither,0.03908673363696001,0.3365961219346294,0.6243171444284106
gandsJohnson gandsSaxHype gandsDick,neither,0.03945320844208391,0.33037608806864915,0.630170703489267
The end of an era... gandsJohnson gandsDick,neither,0.038903280857943985,0.3099540671443656,0.6511426519976905
"Sorry guys, never heard of you =/ My first time on this Twitch channel",neither,0.03180789485940137,0.45319837661725065,0.514993728523348
"@japenrose I know, it's going to be a super show though.",neither,0.05717664448833125,0.28827981034172684,0.6545435451699418
HAHAHAHA burn,neither,0.04591723664888175,0.2206646596299551,0.7334181037211631
!rbschedule,neither,0.03945320844208391,0.33037608806864915,0.630170703489267
I belong to the small 1 1/2 hours faction.,neither,0.04347733529477296,0.3161748516186252,0.6403478130866019
Wait... Aw! Is all of GnS shuttering its shows?,neither,0.041835469073550124,0.38817268172390706,0.5699918492025429
That time Johnson was Dick,offensive_language,0.051345048056165375,0.8809399551651801,0.06771499677865449
@Danoba Yeah! They know how to do things fantastically (and with lots of explosions),neither,0.026501692545818734,0.39505042717509337,0.5784478802790879
You can't end Dick & Johnson before they hit 100 episodes - WHAT ABOUT THEIR FUTURE SYNDICATION!,offensive_language,0.06521135655880873,0.7119530591784855,0.2228355842627058
@groudonmyfun We just went live,neither,0.03890125404749754,0.3557904265956081,0.6053083193568943
Hello Everyone gandsJohnson gandsLessthanthree gandsDick,neither,0.03269494828970791,0.4450814005079928,0.5222236512022994
"@japenrose Just you wait, haha.",offensive_language,0.04640433257138572,0.501868493262062,0.4517271741665524
10+ guests today.,neither,0.03748389757748738,0.29967462718693144,0.6628414752355812
sorry thanks!,neither,0.03672431358068692,0.30752467383240417,0.6557510125869088
Hi @Leigh574,neither,0.03945320844208391,0.33037608806864915,0.630170703489267
jcvimHi @Leigh574,neither,0.03945320844208391,0.33037608806864915,0.630170703489267
Maybe closer to 15 actually.,neither,0.04491127164382036,0.3271684987901392,0.6279202295660403
"DJCU, The Dick and Johnson Cinematic Universe",offensive_language,0.061352951569703856,0.7596877359287484,0.17895931250154773
Hey @chaoticloony Hey @Andyinsomnia :) :),neither,0.03945320844208391,0.33037608806864915,0.630170703489267
but i have so many dumb character to suggest,neither,0.041214674704647895,0.374583284955665,0.5842020403396871
Like maybe *500* best movie endings?,neither,0.04975323826205628,0.30413686610101587,0.6461098956369278
"@danoba , how many shows are ending?",neither,0.06128315445053436,0.29145172329432273,0.647265122255143
@Danoba Whoa!,neither,0.03945320844208391,0.33037608806864915,0.630170703489267
Let's LOTR this shit,offensive_language,0.0295973703388101,0.9683959471200622,0.0020066825411278522
"Hosts the 500 Films podcast, doesn't know any film endings. gandsFacepalm",neither,0.03886674433867219,0.3197376035198417,0.6413956521414862
@DEATHlikescats D&J is all I know of.,neither,0.059066404946548086,0.45523073320533686,0.485702861848115
We have a subscriber-only Discord server! Join here: https://discord.gg/geekandsundry (you'll need to sub and link it to your Twitch) and be a part of the fun!...Warning: It can take up to an hour for the server to update and give you access to the channels,neither,0.08464076273808444,0.286394834032893,0.6289644032290227
can't wait for that ABC's Dinosaurs finale,neither,0.03348082087464494,0.33423707491400245,0.6322821042113527
15 Guests!! PogChamp,neither,0.03945320844208391,0.33037608806864915,0.630170703489267
Ok. Thanks,neither,0.036679458346100965,0.30877397624175834,0.6545465654121406
It's best to begin at the beginning...,neither,0.041361666958199886,0.3279301077011282,0.6307082253406721
Is Marisha Ray back for ANOTHER episode?!? gandsBeau,neither,0.08201210650877082,0.24358358112656583,0.6744043123646634
D&J will live on inside.,neither,0.03851843944810456,0.14230927096268592,0.8191722895892096
INb4 Betty White cameo!,offensive_language,0.37162892743571635,0.45653127068796434,0.1718398018763193
inb4 Sopranos ending,neither,0.03945320844208391,0.33037608806864915,0.630170703489267
"Download the new Critical Role theme song for Campaign Two! http://itunes.apple.com/album/id1331550250?ls=1&app=itunes Sales of the song support the musician, Jason Charles Miller.",neither,0.04445767596344001,0.2510827790306858,0.7044595450058742
lol,neither,0.020706217963973744,0.4882283491876925,0.4910654328483337
IB4 Dick and Johnson turn to dust,offensive_language,0.06925213796982425,0.7406230193394491,0.19012484269072674
"I really hope Dick & Johnson still have to roll to kick-ass, even in the Adult Swim cartoon.",offensive_language,0.13851833396882735,0.8363635034645153,0.0251181625666573
@DANfan69 that'll be the final ending,neither,0.035796955270283225,0.35503119880142886,0.609171845928288
noooooo,neither,0.03945320844208391,0.33037608806864915,0.630170703489267
"Help G&S make great content! $4.99/month gets you emotes, Minecraft server access, sub-only VODs, and more! Every sub keeps the channel alive! twitch.tv/geekandsundry/subscribe",neither,0.043907990691603095,0.31135964332838284,0.644732365980014
literal shocked gasp off camera LOL,neither,0.03387657435044693,0.3697432739511304,0.5963801516984226
Oh no D:,neither,0.04751210705993949,0.26629718932274826,0.6861907036173122
Hhehehe,neither,0.03945320844208391,0.33037608806864915,0.630170703489267
"Oh no, Hector is going full ""Man on the Moon""... :(",neither,0.061974877190332456,0.36089040292338653,0.577134719886281
jcvimCry,neither,0.03945320844208391,0.33037608806864915,0.630170703489267
Has a replacement for this show been announced?,neither,0.04469946681999661,0.2568656059918726,0.6984349271881307
gandsJohnson gandsDick just in time,neither,0.030301954458447782,0.39891765189907363,0.5707803936424786
just use... prophelactics,neither,0.005243417365055744,0.4936630371413096,0.5010935454936347
The next show will be Jerry and Johnson after Dick dies,offensive_language,0.07293905085187204,0.5709928201099029,0.356068129038225
I don't think there has been any talk about what is on next season,neither,0.031783662277704204,0.32793240891235353,0.6402839288099422
So glad I got home in time for this.... this,neither,0.032374266085994814,0.3941385576969655,0.5734871762170397
Wow.,neither,0.03945320844208391,0.33037608806864915,0.630170703489267
!phrasing,neither,0.03945320844208391,0.33037608806864915,0.630170703489267
Danger Zoooooonnnneee!,neither,0.03945320844208391,0.33037608806864915,0.630170703489267
Wait?! He's gonna Dick the bucket?!,offensive_language,0.06396051760759228,0.827859691416353,0.10817979097605478
gandsFacepalm,neither,0.03945320844208391,0.33037608806864915,0.630170703489267
O NO IT'S JCM xD,neither,0.03432144911607103,0.36487411038982576,0.6008044404941032
!points @Deathstar_Taco,neither,0.03945320844208391,0.33037608806864915,0.630170703489267
"That was an excellent pun, @Deathstar_Taco! Here, have some points for that one! You have been awarded 74 points!",neither,0.050805666259642904,0.3851811885541635,0.5640131451861937
OMG!,neither,0.03945320844208391,0.33037608806864915,0.630170703489267
gandsRage gandsRage gandsRage,neither,0.03945320844208391,0.33037608806864915,0.630170703489267
@Deathstar_Taco HAHA,neither,0.03186685585600258,0.45913629025701075,0.5089968538869867
Put some Pep into the show!,neither,0.04278002850366292,0.26485403020643816,0.692365941289899
no vana,neither,0.036918905254960256,0.37338982715841207,0.5896912675866277
hey is anyone on,neither,0.045353344819246875,0.34299669725199367,0.6116499579287594
!vana,neither,0.03945320844208391,0.33037608806864915,0.630170703489267
gandsRage Pep R Ridge broke the Masquarade to DnJs credit,neither,0.04431430165257984,0.31348139046124784,0.6422043078861723
@littelnemo She's streaming on her own channel,offensive_language,0.04768758334185442,0.5624173819367149,0.38989503472143083
gandsHype gandsHype gandsHype gandsHype gandsHype gandsHype gandsHype gandsHype gandsHype gandsHype gandsHype gandsHype,neither,0.03945320844208391,0.33037608806864915,0.630170703489267
i have a question about the scedual today,neither,0.03531293498444223,0.3294301165211426,0.635256948494415
Milano cookies seem to work like Senzu Beans,neither,0.05467447073299261,0.3395486932744463,0.605776835992561
Pep R Ridge Farm Remembers,neither,0.03945320844208391,0.33037608806864915,0.630170703489267
I...I don't know what film thatw as?,neither,0.04284100774594973,0.361063339025624,0.5960956532284263
was*,neither,0.039089514555301665,0.336548922492753,0.6243615629519452
LUL,neither,0.03945320844208391,0.33037608806864915,0.630170703489267
We'll be saying that all hour,neither,0.03061235551938484,0.4440171701803946,0.5253704743002204
1 of all the endings,neither,0.041225401144613816,0.4573131778439112,0.501461421011475
I am so enjoying this CHAOS!,neither,0.03918208559423384,0.367819619156355,0.5929982952494112
Oh no,neither,0.04751210705993949,0.26629718932274826,0.6861907036173122
gandsLessthanthree gandsLessthanthree,neither,0.03945320844208391,0.33037608806864915,0.630170703489267
"""You cured cancer...but you killed improv."". I mean, seems like a fair trade-off.",neither,0.06723604294229725,0.4089299950381243,0.5238339620195783
LOL love and miss you guys already ;-),neither,0.03377921463676402,0.41866513393891575,0.5475556514243203
BONNIE,neither,0.03945320844208391,0.33037608806864915,0.630170703489267
<3,neither,0.03945320844208391,0.33037608806864915,0.630170703489267
oh ok i didn't switch over untile i refreshed,neither,0.028499153839792693,0.3271517642109473,0.6443490819492599
Hi Bonnie!,neither,0.03945320844208391,0.33037608806864915,0.630170703489267
Bonnie! <3,neither,0.03945320844208391,0.33037608806864915,0.630170703489267
And Bonnie!,neither,0.03763944115734239,0.1918412352459551,0.7705193235967025
Bonnie !,neither,0.03945320844208391,0.33037608806864915,0.630170703489267
<3 Bonnie!,neither,0.03945320844208391,0.33037608806864915,0.630170703489267
whoa,neither,0.03945320844208391,0.33037608806864915,0.630170703489267
bonnie,neither,0.03945320844208391,0.33037608806864915,0.630170703489267
hehehe,neither,0.03945320844208391,0.33037608806864915,0.630170703489267
LMAO,neither,0.03705015143476208,0.3711622369619404,0.5917876116032975
Hehhehhehehe,neither,0.03945320844208391,0.33037608806864915,0.630170703489267
LUL,neither,0.03945320844208391,0.33037608806864915,0.630170703489267
Mrs. Clauses has a had a lot of work done,neither,0.039178897722760245,0.33503185686950243,0.6257892454077373
I love Mrs Claus ;_;,neither,0.03590019277228542,0.3470259104819143,0.6170738967458003
WUT,neither,0.03945320844208391,0.33037608806864915,0.630170703489267
!points Bonnie,neither,0.03945320844208391,0.33037608806864915,0.630170703489267
"That was an excellent pun, Bonnie! Here, have some points for that one! You have been awarded 58 points!",neither,0.049980789310414435,0.3817775744187309,0.5682416362708548
