text,top_class,hate_speech,offensive_language,neither
i might not be here for long cause all my roommates are home for once,neither,0.06250303935813162,0.35751446114386903,0.5799824994979994
@cljedi ppfffft that's crazy,offensive_language,0.02017889292460961,0.5288348696651859,0.45098623741020444
@cljedi we all know its his dad,neither,0.05983504818927835,0.4145311509923973,0.5256338008183243
Are we just getting started?,neither,0.05431831086056258,0.38095696706798515,0.5647247220714522
We have a subscriber-only Discord server! Join here: https://discord.gg/geekandsundry (you'll need to sub and link it to your Twitch) and be a part of the fun!...Warning: It can take up to an hour for the server to update and give you access to the channels,neither,0.08464076273808444,0.286394834032893,0.6289644032290227
That is a good guess but I don't think so.,neither,0.03897975357685253,0.41910874569523293,0.5419115007279145
Hello :-),neither,0.03945320844208391,0.33037608806864915,0.630170703489267
@Vance1982 aw you're too kind!,neither,0.07971134479975608,0.3494363128955531,0.5708523423046908
@Pinkish_Pie_ Still streaming live,neither,0.04289772575847936,0.3429912127708001,0.6141110614707206
First time joining you lovely folks here! KomodoHype,neither,0.07617816806264323,0.35027771575598327,0.5735441161813737
gandsHappy gandsHappy gandsLessthanthree gandsLessthanthree gandsLessthanthree,neither,0.03945320844208391,0.33037608806864915,0.630170703489267
yaaay Wednesday club!,neither,0.03945320844208391,0.33037608806864915,0.630170703489267
And here we go! Hello Lovely Hosts!,neither,0.07785497498823216,0.2716362081350491,0.6505088168767188
YAY!!,neither,0.03945320844208391,0.33037608806864915,0.630170703489267
Woohoo!!!!!,neither,0.03945320844208391,0.33037608806864915,0.630170703489267
Woo!!! <3,neither,0.03945320844208391,0.33037608806864915,0.630170703489267
YES YEAR ONE! yeeeeeeeeeeeeees,neither,0.03836752729012995,0.37022864615034823,0.5914038265595218
Made it! Hello Daisies!,neither,0.03777401484548013,0.3309536397469553,0.6312723454075646
my JAM,neither,0.02539829958183044,0.4434464228801837,0.5311552775379859
wool,neither,0.03945320844208391,0.33037608806864915,0.630170703489267
was just watching barbara kill some brains on drwho,neither,0.19550576035893144,0.2814342941765977,0.5230599454644709
Nananananananana,neither,0.03945320844208391,0.33037608806864915,0.630170703489267
HUZZAH,neither,0.03945320844208391,0.33037608806864915,0.630170703489267
"gandsTWC Hi Matt, Amy, and Taliesin!",neither,0.0388100252782571,0.29846695177565247,0.6627230229460904
I'll be listen-watching tonight! so much art to finish in less than 2 days...meep!,neither,0.03902066963088275,0.3456741836948817,0.6153051466742356
Holy Wednesday Club!,neither,0.03945320844208391,0.33037608806864915,0.630170703489267
Helloooo Wednesday Club!,neither,0.03945320844208391,0.33037608806864915,0.630170703489267
Was that Chief or Ryan?,neither,0.036010797091151715,0.36838166278332707,0.5956075401255212
@mr_falcon275 Welcome!,neither,0.03945320844208391,0.33037608806864915,0.630170703489267
@cljedi A playboy billionaire philanthropist is a superhero? Inconceivable....,neither,0.046565519065701666,0.327929838305898,0.6255046426284003
Hi lovely hosts!,neither,0.03945320844208391,0.33037608806864915,0.630170703489267
yay!,neither,0.03945320844208391,0.33037608806864915,0.630170703489267
The Dynamic Trio!!!,neither,0.03613032604487659,0.2619290779399786,0.7019405960151449
Matt's glasses look so good!,neither,0.04037697957843245,0.36830922202186456,0.591313798399703
gandsTWC,neither,0.03945320844208391,0.33037608806864915,0.630170703489267
LMAO,neither,0.03705015143476208,0.3711622369619404,0.5917876116032975
Taliesin YOUR SHIRT,neither,0.09617576386107471,0.3144907264781655,0.5893335096607598
lol,neither,0.020706217963973744,0.4882283491876925,0.4910654328483337
we love you Chief!,neither,0.054687584648391824,0.40618139520176877,0.5391310201498394
Tal's shirt looks delightful,neither,0.03945320844208391,0.33037608806864915,0.630170703489267
that would be a yes it looks like,neither,0.04392618317398112,0.38754456894399697,0.568529247882022
"@wadewilson1983 Me too, got my reading list today for my summer comics class",neither,0.021295717743565003,0.4340272695947352,0.5446770126616998
:D,neither,0.03945320844208391,0.33037608806864915,0.630170703489267
stsHello Wednesdaisies,neither,0.03945320844208391,0.33037608806864915,0.630170703489267
!twc,neither,0.03945320844208391,0.33037608806864915,0.630170703489267
"Here are some handy The Wednesday Club resources! TWC Reddit: reddit.com/r/WednesdayClub/ | Discord: https://discord.gg/6QK9fVB | Wednesday Club Fanclub on Facebook: facebook.com/groups/1945232949091586/ | Send in your thoughts, comic recommendations, questions, and more to Matt, Amy, and Taliesin at thewednesdayclub@geekandsundry.com",neither,0.05001524745118048,0.31503641584425707,0.6349483367045624
Yes!,neither,0.03945320844208391,0.33037608806864915,0.630170703489267
@misssunflower94 it's us on his shirt!,neither,0.12682988546709506,0.3314881784975339,0.5416819360353708
"All three of our hosts are puppies, confirmed",neither,0.0583956776601946,0.34680908892455625,0.5947952334152492
The first screen saver,neither,0.0303390347209265,0.313762490203986,0.6558984750750876
Taliesin your shirt is amazing where did you get,neither,0.10382270240729519,0.33660846094344055,0.5595688366492643
"Download the new Critical Role theme song for Campaign Two! http://itunes.apple.com/album/id1331550250?ls=1&app=itunes Sales of the song support the musician, Jason Charles Miller.",neither,0.04445767596344001,0.2510827790306858,0.7044595450058742
"OH, VIDEO TOASTER",neither,0.049708236669479856,0.19740242950352918,0.7528893338269909
"I look forward to someone mocking the fact that early issues always called him the ""bat-man"" quotes and all.",neither,0.04062667383111356,0.3853076040090474,0.574065722159839
"Oh god, I got that reference.",neither,0.0393029152350381,0.36551036811200577,0.5951867166529561
"Wow, I forgot about that",neither,0.03383202378713136,0.4018957328970204,0.5642722433158484
LOL,neither,0.020706217963973744,0.4882283491876925,0.4910654328483337
yup,neither,0.03945320844208391,0.33037608806864915,0.630170703489267
@cinphoria no Tal is a cat!,neither,0.04609913165009173,0.3406491277551039,0.6132517405948044
I was trying to get my professor to watch the thanos episode today because she just watched infinity war and had so many questions,neither,0.0385078674673246,0.39471624050109316,0.5667758920315822
#teambatslayeggs,neither,0.03945320844208391,0.33037608806864915,0.630170703489267
I love Amy's sweater!,neither,0.036921556861422684,0.34212340866012425,0.6209550344784531
Hehhehehhe,neither,0.03945320844208391,0.33037608806864915,0.630170703489267
oh god Chief you're giving us vertigo,neither,0.13157862760001596,0.28938474932260805,0.5790366230773759
yup - I remember video toasters though I never used one,neither,0.03983872970180473,0.3153638851325331,0.6447973851656621
a,neither,0.03945320844208391,0.33037608806864915,0.630170703489267
That is going to make me dizzy.,neither,0.040046240421213,0.4155795366490594,0.5443742229297275
shh ;),neither,0.03945320844208391,0.33037608806864915,0.630170703489267
Chief if you've got BAM and WHAM stickers now is the time to add them,neither,0.03262749854874182,0.3673774331264598,0.5999950683247984
"lol Chief, now you're just showing off",neither,0.055484706135451464,0.4084385586209655,0.5360767352435831
Watch Tim's Vermeer!,neither,0.04605814760240327,0.32810434661795046,0.6258375057796463
Notice you have never seen Batman and Sax Carr in the same place at the same time?,neither,0.04493374652174484,0.34309955177724993,0.6119667017010052
i am literally guffawing over here,neither,0.08599597428749366,0.29150075258524627,0.6225032731272601
Time keeps on spinnin' spinnin' spinnin' in to the future.,neither,0.04080984281478954,0.3418954552851087,0.6172947019001017
I think that's almost as old as the flying toasters screen saver,neither,0.0343137999108944,0.3839610372749051,0.5817251628142005
Star swipe! You can do it Chief! We believe in you!,neither,0.06342834789762217,0.39457776485415647,0.5419938872482215
"Tal, I love your death metal kitten shirt holy shit",offensive_language,0.06888481856117208,0.8869698364532975,0.04414534498553037
AromiaFlyce Technically its the first year of Batman in Detective comics. Not nesssicarily the book Year One but I doubt they stay on topic enough to not talk about Year One lol,neither,0.02560080483725844,0.3789731178847402,0.5954260772780015
I know what a chyron board is. does that count?,neither,0.034244372608566956,0.45207660241688036,0.5136790249745526
thanks chief,neither,0.0370810009996598,0.3105115283569621,0.6524074706433781
Aw man gotta go to a family dinner I’ll have to watch the rebroadcast :( night wendsdaisies!,neither,0.04463966695339649,0.37701550799049705,0.5783448250561065
Matt's fancy smart kid glasses,neither,0.03918576356043626,0.334915325685732,0.6258989107538319
Tim is the inventor of Video Toaster,neither,0.04987315648557134,0.24226090383334892,0.7078659396810798
1994 yall,neither,0.03639464868045676,0.3822878294283694,0.5813175218911739
YES,neither,0.03945320844208391,0.33037608806864915,0.630170703489267
@smarcey yup,neither,0.03945320844208391,0.33037608806864915,0.630170703489267
do that always Matt,neither,0.03515590810750125,0.42659725417708744,0.5382468377154113
hey daisies!,neither,0.03945320844208391,0.33037608806864915,0.630170703489267
awwwwwwww,neither,0.03945320844208391,0.33037608806864915,0.630170703489267
Matt that is ADORABLE,neither,0.04302165399132681,0.36625241090335037,0.5907259351053228
LOL,neither,0.020706217963973744,0.4882283491876925,0.4910654328483337
QUESTION: Taliesin where did you get your shirt?,neither,0.092000695612766,0.3420030984450532,0.5659962059421808
gandsTheChief gandsTWC,neither,0.03945320844208391,0.33037608806864915,0.630170703489267
All transitions today shall be Batman transitions,neither,0.03981662544127856,0.36994718485723005,0.5902361897014915
XD omgosh Matt,neither,0.03945320844208391,0.33037608806864915,0.630170703489267
do that ALWAYS,neither,0.03313981037653344,0.4723776849868933,0.49448250463657334
awwwww,neither,0.03945320844208391,0.33037608806864915,0.630170703489267
Now that is a nerd!,neither,0.04346408893508271,0.37031589503875134,0.5862200160261659
boooo! i mean awesom but Boooo,neither,0.03383997718532444,0.3474944731594687,0.6186655496552069
Oh Matt :P,neither,0.0456283565223502,0.2719307315164877,0.6824409119611621
That is the cutest thing.\,neither,0.04239283535551343,0.3523329072544224,0.6052742573900641
hehehe so cute,neither,0.04136974606829301,0.34404675005207336,0.6145835038796336
"Oh Matt, that's amazing",neither,0.040472560093036326,0.3232630701457543,0.6362643697612093
Hi Aki! :D,neither,0.03945320844208391,0.33037608806864915,0.630170703489267
What's this week,neither,0.04743821749147678,0.3269049151976741,0.625656867310849
1994...... the year of my Birth.....,neither,0.027336879139276432,0.4003919252345485,0.5722711956261751
Matt I am totally bonding right now. I did the same shit,offensive_language,0.04866995288098353,0.9339024456369379,0.017427601482078458
Matt you are magical,neither,0.08637729721929216,0.3274621126817841,0.5861605900989236
"Help G&S make great content! $4.99/month gets you emotes, Minecraft server access, sub-only VODs, and more! Every sub keeps the channel alive! twitch.tv/geekandsundry/subscribe",neither,0.043907990691603095,0.31135964332838284,0.644732365980014
@ matt PLEASE do that,neither,0.03694984811341416,0.3714413085627215,0.5916088433238644
Spinning picture is actually making me sick,neither,0.03983661901582271,0.3472465221469126,0.6129168588372648
what's this week's topic?,neither,0.04472781823937261,0.32806858789709403,0.6272035938635334
bold Matt,neither,0.03945320844208391,0.33037608806864915,0.630170703489267
"That's so powergeek and if my name were appropriate, it would've been me.",neither,0.010421290328217434,0.43244206552020886,0.5571366441515737
LOVE THAT PUN,neither,0.03273129482786803,0.3870198458359321,0.5802488593361999
"Hey, Wednesdaisies!",neither,0.03945320844208391,0.33037608806864915,0.630170703489267
ohhh Teenage Taliesin,neither,0.03945320844208391,0.33037608806864915,0.630170703489267
@dj_squalid The first year of Batman comics,neither,0.033701122826210926,0.32026398755593694,0.646034889617852
"Just got in, what did I miss?",neither,0.031629084343460165,0.39937278334916126,0.5689981323073787
Welp no gift this week. Sad face. I really had hoped this would be the week that it got there,neither,0.03565657907547393,0.34949609283749944,0.6148473280870267
i love it,neither,0.030831260484157012,0.3601344986151421,0.609034240900701
xD,neither,0.03945320844208391,0.33037608806864915,0.630170703489267
He's trying to sit,neither,0.05547305804815053,0.32293538644436753,0.6215915555074819
Matt is bouncing off the walls,neither,0.044358834267149046,0.31720312237139703,0.6384380433614539
talie-teen,neither,0.03945320844208391,0.33037608806864915,0.630170703489267
"I think thats modern taliesin also, did you here about kiri?",neither,0.09093314426666761,0.3463985867958538,0.5626682689374787
QUESTION: is matt excited?,neither,0.04628649625731978,0.3280258070444595,0.6256876966982207
The current Mother Panic arc is called Different Bat Channel. gandsTWC,neither,0.04301704452039021,0.32059005476952257,0.6363929007100871
thanks @JeffM0307,neither,0.035884468650613,0.3004919205142699,0.6636236108351171
"Matt, how much sugar did you have?",neither,0.04772579411900412,0.3752821687460159,0.5769920371349798
lol. hes always got his feet up on it. lol,offensive_language,0.03603792942385501,0.5267366293505792,0.4372254412255658
Matt is so happy today,neither,0.04541405258052943,0.34672865219146576,0.6078572952280048
Rikering!!!,neither,0.03945320844208391,0.33037608806864915,0.630170703489267
so awesome how he can riker that chair,neither,0.040574892187482406,0.3934392528956672,0.5659858549168504
lmao I dont think I can Riker any chair. I am too short,neither,0.03900757491948951,0.33576958462361955,0.625222840456891
Matt is in top form tonight,neither,0.04326218401301231,0.3113760641304931,0.6453617518564946
Amy can Riker into kindergarten chairs,neither,0.03967588047658062,0.32659676251553776,0.6337273570078817
Matt is in rare wonderful form tonight,neither,0.04258136541030125,0.3142358067750433,0.6431828278146553
"""I don't fit in some parking garages."" - Matt Key, 2018",neither,0.03394618960993128,0.339732582148008,0.6263212282420608
Taliesin: Year One was exactly 1 A.D.,neither,0.03840531485417651,0.3662687510540471,0.5953259340917765
batman?,neither,0.03945320844208391,0.33037608806864915,0.630170703489267
I just love how Riker is a verb now.,neither,0.03940615409634296,0.35825633568971726,0.6023375102139398
QUESTION: Who let Matt into Amy's candy stash?,neither,0.030632508769507415,0.38561983108837583,0.5837476601421168
#Thanosdidnothingwrong,neither,0.03945320844208391,0.33037608806864915,0.630170703489267
frakes is gonna be at the comicon im going to this weekend and i am HYPE,neither,0.04548765965871558,0.37836035536738444,0.5761519849739
He did that because he had back problems.,neither,0.044795687855703384,0.35973332134260744,0.5954709908016891
#thanoswasright,neither,0.03945320844208391,0.33037608806864915,0.630170703489267
us smol folks can use the best hiding spaces in hide and seek. ;p,neither,0.031612102049871055,0.3489265283635901,0.619461369586539
"So, supposedly he sat that way because Frakes has chronic back pain???",neither,0.04035165254631349,0.3731385985057908,0.5865097489478956
Please no more spinning picture,neither,0.04027005186012663,0.33392332758228316,0.6258066205575902
"It's first year of the ""bat-man"" ;)",neither,0.03157065349837173,0.3717482404704264,0.5966811060312018
And it ended up making him undeniably cool.,neither,0.03588945114618978,0.3297124024333427,0.6343981464204675
@cinphoria Can I have permission to link Amy doing the Riker Maneuver?,neither,0.042594102617658315,0.32111123760291255,0.6362946597794292
Matt is really Key'ed up today,neither,0.041833352707352146,0.34739857711185934,0.6107680701807885
@phoenixgoth Amy?,neither,0.03945320844208391,0.33037608806864915,0.630170703489267
whaaaaat????,neither,0.03945320844208391,0.33037608806864915,0.630170703489267
@Smarcey beat me to it,neither,0.03528468243923446,0.383420382677509,0.5812949348832565
hehehehehe! Matt is so excited,neither,0.04545854975430982,0.3618391193248988,0.5927023309207914
We all bat fans!,neither,0.04108246859225605,0.405350839723476,0.5535666916842679
!permit KBTibbs,neither,0.03945320844208391,0.33037608806864915,0.630170703489267
@cinphoria -> KBTibbs has been granted permission to post a link for 60 seconds.,neither,0.03948094283137336,0.31126035666296836,0.6492587005056583
gandsTheChief No more spin pls,neither,0.04030783057206917,0.3340851591139718,0.6256070103139589
@KBTibbs go go go :3,neither,0.04276165647058889,0.34190019769565555,0.6153381458337556
Matt-Man,neither,0.03962654998027599,0.40766635976872373,0.5527070902510002
Great minds think alike.,neither,0.03829762043878455,0.3028272036232075,0.658875175938008
Matt almost said Mattman,neither,0.03945320844208391,0.33037608806864915,0.630170703489267
@Shadowsoflife Somebody's candy stash.,neither,0.03945320844208391,0.33037608806864915,0.630170703489267
gasp! Daily Wednesday!,neither,0.03945320844208391,0.33037608806864915,0.630170703489267
Amy CAN do the Riker Maneuver https://i.imgur.com/pNJlriA.gif,neither,0.03990998479635629,0.3175758110088208,0.642514204194823
Daily Wednesday!,neither,0.03945320844208391,0.33037608806864915,0.630170703489267
DAILY WEDNESDAY!,neither,0.03945320844208391,0.33037608806864915,0.630170703489267
I rad those adventures. Suprisingly good and not as far away from the Batman we know as I imagined.,neither,0.04843498596090969,0.28152914536857127,0.670035868670519
huzzahhh!,neither,0.03945320844208391,0.33037608806864915,0.630170703489267
"is it gonna spin, Chief? is it gonna spin?",neither,0.04473375388074855,0.3744237309401945,0.5808425151790569
Please... no more spin.,neither,0.040409611109978934,0.3345201830097176,0.6250702058803034
*crosses fingers?*,neither,0.03945320844208391,0.33037608806864915,0.630170703489267
WOO!,neither,0.03945320844208391,0.33037608806864915,0.630170703489267
SPIN,neither,0.03945320844208391,0.33037608806864915,0.630170703489267
yay daily Wednesday!!!!,neither,0.03945320844208391,0.33037608806864915,0.630170703489267
IT SPUN!,neither,0.037828236809968684,0.3309349903269868,0.6312367728630445
back when was just barely a millionaire,neither,0.028818311474103166,0.38569418896294533,0.5854874995629515
pleasepleaseplease,neither,0.03945320844208391,0.33037608806864915,0.630170703489267
YAY CHIEF,neither,0.03945320844208391,0.33037608806864915,0.630170703489267
Please no more spin :( To much to fast makes chat dizzy.,neither,0.0451536128517701,0.32915539716609493,0.6256909899821349
hard cut 'no',offensive_language,0.029574028600166013,0.5788342556807023,0.3915917157191316
🤞,neither,0.03945320844208391,0.33037608806864915,0.630170703489267
@phoenixgoth Yeaj,neither,0.03945320844208391,0.33037608806864915,0.630170703489267
Now my head is spinning and I'm sitting,neither,0.03411916897702226,0.3818181877462281,0.5840626432767495
Chief you're having too much fun with the switcher,neither,0.05031465891341487,0.363560119889562,0.5861252211970231
wow matt,neither,0.03945320844208391,0.33037608806864915,0.630170703489267
Taliesin's hair is especially peacock today,neither,0.046370502379522706,0.30488101817958607,0.6487484794408912
ok im getting queezy now from all the spin,neither,0.03676937231202063,0.4357509292082756,0.5274796984797037
No spin it actually making me sick,neither,0.03285892142870242,0.3616105571186242,0.6055305214526734
Frackin' toasters...,neither,0.03945320844208391,0.33037608806864915,0.630170703489267
"Nice linked video, I've never seen Amy do a Riker Maneuver before.",neither,0.026135540362781175,0.3263809434307869,0.6474835162064319
Amy doing the Riker maneuver is the best,neither,0.04321115750093957,0.3018064551612197,0.6549823873378408
Some of the best part of doing the homework for this week was the ads and super weird other stories in Detective Comics being published during this time.,neither,0.031026814677641013,0.31056347825132946,0.6584097070710296
Please tell me someone clipped that,neither,0.028105263763921383,0.41627812444336354,0.555616611792715
I'm sorry what,neither,0.04883727548875765,0.32379315364871947,0.6273695708625229
"Omg, Taliesin",neither,0.03945320844208391,0.33037608806864915,0.630170703489267
what,neither,0.057770773616808734,0.3180719994247239,0.6241572269584672
Taliesin waht,neither,0.03945320844208391,0.33037608806864915,0.630170703489267
uh... yes pls,neither,0.03945320844208391,0.33037608806864915,0.630170703489267
:D,neither,0.03945320844208391,0.33037608806864915,0.630170703489267
Happy Wednesday everybody! gandsTWC,neither,0.03945320844208391,0.33037608806864915,0.630170703489267
Where is this picture,neither,0.05262764943842367,0.2891766021498273,0.6581957484117489
not surprised.,neither,0.037651533371888236,0.3371771509625762,0.6251713156655355
I need to see this talisin,neither,0.049650413056243924,0.3244154215845566,0.6259341653591994
"@ninja_theory_ashrams yeah but that was still when 'murica was on Gold Standard economy, right?",neither,0.022206024012720815,0.45658643589044373,0.5212075400968355
must see pics,neither,0.04053114503656669,0.3120806908699367,0.6473881640934965
hey what the hell,offensive_language,0.04800557349356671,0.7695576384589374,0.18243678804749577
omg yes!,neither,0.03945320844208391,0.33037608806864915,0.630170703489267
omg,neither,0.03945320844208391,0.33037608806864915,0.630170703489267
Ty chief,neither,0.03945320844208391,0.33037608806864915,0.630170703489267
Yes please post that bathing suit,neither,0.036799784498466964,0.3590713550538007,0.6041288604477322
Yus,neither,0.03945320844208391,0.33037608806864915,0.630170703489267
waht,neither,0.03945320844208391,0.33037608806864915,0.630170703489267
"Pardon, where is this?",neither,0.05893058562184965,0.2724447875952968,0.6686246267828536
that sounds awesome,neither,0.035373284636212046,0.3747921102284513,0.5898346051353366
I have to applaud this one Chief,neither,0.04355442115111682,0.3611366718810908,0.5953089069677923
"Yep no mine is not there. that's ok, I just really hope it actually got there",neither,0.054503478773410004,0.2869320844818387,0.6585644367447512
"@misssunflower94 Yeah, you heard it right, I want the pics too",neither,0.0328944848497128,0.45893835857003734,0.5081671565802499
"Chief, can you have the spin bounce around the frame?",neither,0.04728063253403061,0.33812513049505744,0.614594236970912
TY gandsTheChief,neither,0.03945320844208391,0.33037608806864915,0.630170703489267
I love you chief,neither,0.05678480960395681,0.4111942171739237,0.5320209732221195
Chief i will never call you that. NEVER,neither,0.04216857134892218,0.4452835304144964,0.5125478982365815
Those honestly need to come back. lol,neither,0.057736136344983764,0.3339513714056111,0.6083124922494051
Welcome Erin!,neither,0.03945320844208391,0.33037608806864915,0.630170703489267
"Well, I appreciate the apology, but I may have to stop watching this week if you do it too much. I had to go to the hospital last week due to extreme dizziness, nausia, and vertigo.",neither,0.0433673697228189,0.3620591770441211,0.5945734532330601
See my incredible shock that Taliesin has a 1900's bathing costume. This is my surprised face.,neither,0.029805217702046773,0.43286651107181473,0.5373282712261386
so are we going to discuss Batman executing people with the bat plane?,neither,0.06594836946934292,0.3543793864116862,0.579672244118971
"QUESTION: Matt, where is this photo of Taliesin's swimsuit?",neither,0.04720844459568478,0.3049810606364485,0.6478104947678668
Matt is so excitable,neither,0.04951426752576614,0.38124462776860285,0.5692411047056309
"@owifig yeah, lol",offensive_language,0.011806779804805862,0.5514052530606893,0.43678796713450474
"Better the Spins than the Runs, amirite? Kappa",neither,0.038069288725240916,0.31484457940333516,0.6470861318714238
"If Chief is The Spin Doctor, does that mean that Liz is Little Miss Can't Be Wrong?",neither,0.02394988669204333,0.45251855468957103,0.5235315586183857
What the fuck is this,offensive_language,0.2970489361552025,0.7029351106598204,1.5953184977101437e-05
This is mine,neither,0.05192123063184247,0.3283514612828387,0.6197273080853188
haha,neither,0.03186685585600258,0.45913629025701075,0.5089968538869867
Hey @seratonia !,neither,0.03945320844208391,0.33037608806864915,0.630170703489267
nice @seratonia,neither,0.03945320844208391,0.33037608806864915,0.630170703489267
Hello I'm the Erin in the letter,neither,0.03820669608877018,0.3073332286137029,0.654460075297527
hello Erin in the letter!,neither,0.03877711570525612,0.31808321046051447,0.6431396738342295
@jeffm0307 i thought that may have been dani,neither,0.039425406675988255,0.27582017872173414,0.6847544146022776
YAY ERIN!,neither,0.03945320844208391,0.33037608806864915,0.630170703489267
@seratonia Wonderful letter! Also your family sounds awesome!,neither,0.05784358320261466,0.32527968853678874,0.6168767282605966
Hurrah!,neither,0.03945320844208391,0.33037608806864915,0.630170703489267
nice @seratonia !!!!,neither,0.03945320844208391,0.33037608806864915,0.630170703489267
@seratonia Yay! cool!,neither,0.03945320844208391,0.33037608806864915,0.630170703489267
WELCOME!,neither,0.03945320844208391,0.33037608806864915,0.630170703489267
!twc,neither,0.03945320844208391,0.33037608806864915,0.630170703489267
"Here are some handy The Wednesday Club resources! TWC Reddit: reddit.com/r/WednesdayClub/ | Discord: https://discord.gg/6QK9fVB | Wednesday Club Fanclub on Facebook: facebook.com/groups/1945232949091586/ | Send in your thoughts, comic recommendations, questions, and more to Matt, Amy, and Taliesin at thewednesdayclub@geekandsundry.com",neither,0.05001524745118048,0.31503641584425707,0.6349483367045624
lol @seratonia Yay!,neither,0.030180287398268595,0.39893956378812934,0.570880148813602
@seratonia YAY! Erin!,neither,0.03945320844208391,0.33037608806864915,0.630170703489267
Yay @seratonia !,neither,0.03945320844208391,0.33037608806864915,0.630170703489267
@seratonia Welcome to the Wednesdaisy patch! We hope you enjoy your stay! :D,neither,0.12656219084314677,0.25420505091019,0.6192327582466632
erin hype,neither,0.03945320844208391,0.33037608806864915,0.630170703489267
Hello Erin :),neither,0.03945320844208391,0.33037608806864915,0.630170703489267
@seratonia Hi! Welcome to the Wednesdaisies!,neither,0.045850775154070156,0.30874023639728454,0.6454089884486454
@seratonia glad your here,neither,0.20208106015515426,0.25137629676948997,0.5465426430753557
I bet your sera-tonins are off the charts rn @seratonia,neither,0.08893844148315255,0.2747963345471497,0.6362652239696979
"i read all her books in 2 weeks, during covering peoples breaks at work",offensive_language,0.035046014908236625,0.4948808856272819,0.4700730994644816
gandsLessthanthree,neither,0.03945320844208391,0.33037608806864915,0.630170703489267
ohhh Matt,neither,0.03945320844208391,0.33037608806864915,0.630170703489267
awww poor Matt,neither,0.03945320844208391,0.33037608806864915,0.630170703489267
@seratonia Yay! Welcome to the crazy,neither,0.03430733751833792,0.4062486068242109,0.5594440556574511
*patpat* poor Matt,neither,0.03945320844208391,0.33037608806864915,0.630170703489267
"ah, I forgot about what day it was. How mych did I miss?",neither,0.03615457142159454,0.34017003022584447,0.623675398352561
omg Matt learned Thirst,neither,0.03945320844208391,0.33037608806864915,0.630170703489267
you are internet famous Erin,neither,0.07883307111002684,0.3279748055379748,0.5931921233519983
gandsTWC gandsTWC gandsTWC,neither,0.03945320844208391,0.33037608806864915,0.630170703489267
do do,neither,0.04358573029058539,0.32895472430567013,0.6274595454037444
THAT'S WHAT I THOUGHT TOO TALIESIN,neither,0.04565937196731373,0.2557473888369992,0.698593239195687
jeez,neither,0.03945320844208391,0.33037608806864915,0.630170703489267
"Erin I encourage you to read those Raina books, im a 30 year old dude and I found them powerful.",neither,0.07114251669425974,0.3053494389543775,0.6235080443513628
"also, Matt said ""doodoo""",neither,0.03945320844208391,0.33037608806864915,0.630170703489267
yum sushi,neither,0.03945320844208391,0.33037608806864915,0.630170703489267
Glad I'm not the only one who's brain went that way when he said 'date myself'.,neither,0.032918662335227736,0.42783353565329213,0.5392478020114803
drink,neither,0.03945320844208391,0.33037608806864915,0.630170703489267
drink,neither,0.03945320844208391,0.33037608806864915,0.630170703489267
take a drink,neither,0.03945320844208391,0.33037608806864915,0.630170703489267
Does that count as a drink?,offensive_language,0.02397452276584656,0.49102041772962335,0.4850050595045302
Drink!,neither,0.03945320844208391,0.33037608806864915,0.630170703489267
drink,neither,0.03945320844208391,0.33037608806864915,0.630170703489267
Hydrate,neither,0.03945320844208391,0.33037608806864915,0.630170703489267
@Smarcey I fully plan on it,neither,0.03557088874611661,0.34344991477759657,0.6209791964762869
*drinks*,neither,0.03945320844208391,0.33037608806864915,0.630170703489267
i hate goin to the movies. i cant smoke dangit,neither,0.1778761046498682,0.27507019031720237,0.5470537050329295
drink,neither,0.03945320844208391,0.33037608806864915,0.630170703489267
I wonder if Matt knows what smol is,neither,0.03345448328912726,0.3700075791386683,0.5965379375722044
READ,neither,0.03945320844208391,0.33037608806864915,0.630170703489267
Read read read read!,neither,0.03945320844208391,0.33037608806864915,0.630170703489267
,neither,0.03945320844208391,0.33037608806864915,0.630170703489267
drink for lovely wife,neither,0.034140494258249374,0.3038376285283398,0.6620218772134109
Lovely wife is lovely. True facts. *drinks*,neither,0.0436497021483619,0.3289327214503127,0.6274175764013253
HI,neither,0.03945320844208391,0.33037608806864915,0.630170703489267
yesss drink in time,neither,0.03836671773213447,0.34881667093129304,0.6128166113365724
The Euro comics episode was the most expensive episode on my wallet. I purchased 3 books of Lone Sloane and 2 books of Moebius Edena. All of which I have sitting next to me.,neither,0.03356999333854054,0.37774386071311383,0.5886861459483457
Drink,neither,0.03945320844208391,0.33037608806864915,0.630170703489267
Hi Taliesin!,neither,0.03945320844208391,0.33037608806864915,0.630170703489267
Tal your hair look extra awesome today :),neither,0.0595824943049733,0.30872802492671253,0.6316894807683141
YES WE DO,neither,0.04123256842281052,0.3333434682486652,0.6254239633285242
YAY!,neither,0.03945320844208391,0.33037608806864915,0.630170703489267
WE SURE DO,offensive_language,0.0337744575313008,0.49975763131144046,0.4664679111572588
ohh Jessie this might be u,neither,0.03974225281476676,0.33473085818865816,0.625526888996575
Is it Wednesdaisies at MCM?,neither,0.04607502070396648,0.3553160836420269,0.5986088956540068
I love how we know who Taliesin is waving at,neither,0.043141868318953794,0.4152759675956119,0.5415821640854344
gasp YES,neither,0.03945320844208391,0.33037608806864915,0.630170703489267
IT'S THE BEST,neither,0.03450094177757821,0.2943394220921508,0.6711596361302711
Howdy Wednesdaisies!,neither,0.03945320844208391,0.33037608806864915,0.630170703489267
EURO DAISIES,neither,0.03945320844208391,0.33037608806864915,0.630170703489267
👋,neither,0.03945320844208391,0.33037608806864915,0.630170703489267
Oh yes I saw these,neither,0.05849994165493039,0.3554169177775254,0.5860831405675443
OHH HELL YES,offensive_language,0.041458477535269635,0.732070367195814,0.22647115526891642
EURO DAISIES,neither,0.03945320844208391,0.33037608806864915,0.630170703489267
Eurodaisies!,neither,0.03945320844208391,0.33037608806864915,0.630170703489267
OMG YOU GUYS! your letter made it!,neither,0.08442717622646738,0.36423491445183775,0.5513379093216949
YAAAAAAAA SYL,neither,0.03945320844208391,0.33037608806864915,0.630170703489267
oh! I heard about that! It looked like they had a bunch of fun!,neither,0.046986067897254576,0.44645382116959237,0.5065601109331529
SYLIEN NICE;,neither,0.03945320844208391,0.33037608806864915,0.630170703489267
That's so cool!,neither,0.03370500952970764,0.45829613352409315,0.5079988569461991
WOHH HOO! Go MCM Daisies!,neither,0.040503766783308755,0.3340207951572365,0.6254754380594547
NICK!,neither,0.03945320844208391,0.33037608806864915,0.630170703489267
woot woot,neither,0.03945320844208391,0.33037608806864915,0.630170703489267
Niiicce!,neither,0.03945320844208391,0.33037608806864915,0.630170703489267
WOOOo,neither,0.03945320844208391,0.33037608806864915,0.630170703489267
T-Shirts!!!!,neither,0.03945320844208391,0.33037608806864915,0.630170703489267
cool,neither,0.03945320844208391,0.33037608806864915,0.630170703489267
IT WAS THE BEST,neither,0.03492732660208073,0.30152746011077963,0.6635452132871397
Those t-shirts were amazing,neither,0.061671592148035234,0.24985572126550207,0.6884726865864627
of course,neither,0.03945320844208391,0.33037608806864915,0.630170703489267
The Wednesday Eurovision,neither,0.038351000110748164,0.310092396174505,0.6515566037147468
Hey Matt!,neither,0.03945320844208391,0.33037608806864915,0.630170703489267
The shirts were so cool,neither,0.038807956875561066,0.33568729542034176,0.6255047477040971
"Man, Forbidden Planet has the hookups.",neither,0.03892267413236012,0.3728710141452819,0.5882063117223579
"aw, did Syl go to bed? <3",neither,0.0471106457065049,0.33041487332022473,0.6224744809732705
THE SHIRTS WERE AMAZING,neither,0.03894242032416083,0.29636693842373124,0.664690641252108
YEAH ANNIVERSARY,neither,0.023144578457473645,0.4440631255406231,0.5327922960019034
"Syl got some incredible pins to, from photos from their twitter",neither,0.038175232128356246,0.41013498425318384,0.55168978361846
You folk are amazing!,neither,0.11749508115377716,0.319433813386334,0.5630711054598888
@cinphoria yay Cin!!! :D,neither,0.03945320844208391,0.33037608806864915,0.630170703489267
that sounds about on par for this community,neither,0.030066905941444486,0.36654686775173706,0.6033862263068185
That is awesome!,neither,0.044625028035607146,0.38055477549368516,0.5748201964707076
gandsHype gandsHype gandsHype gandsHype gandsHype gandsHype gandsHype gandsHype gandsHype gandsHype gandsHype gandsHype gandsHype,neither,0.03945320844208391,0.33037608806864915,0.630170703489267
Y'all are amazing!,neither,0.08168931637573272,0.36277482672575945,0.5555358568985079
YEAH DISCORD,offensive_language,0.013968601452186464,0.5182923869769311,0.4677390115708824
@cinphoria WOOHOO! gandsTWC gandsTWC gandsTWC gandsTWC gandsTWC gandsTWC gandsTWC,neither,0.03945320844208391,0.33037608806864915,0.630170703489267
which means this is great!,neither,0.045184286657511306,0.3052926520419986,0.6495230613004902
our motto,neither,0.03945320844208391,0.33037608806864915,0.630170703489267
Yas,neither,0.03945320844208391,0.33037608806864915,0.630170703489267
<3,neither,0.03945320844208391,0.33037608806864915,0.630170703489267
<3,neither,0.03945320844208391,0.33037608806864915,0.630170703489267
YAYYY,neither,0.03945320844208391,0.33037608806864915,0.630170703489267
Never enough Barbara Gordon merch,neither,0.03688995679101272,0.35628876154710376,0.6068212816618835
