text,top_class,hate_speech,offensive_language,neither
Heyo! @Andyinsomnia,neither,0.03945320844208391,0.33037608806864915,0.630170703489267
Stairs... and don´t forget doors! Doors are the worst!,neither,0.05182875111959447,0.26659562564199996,0.6815756232384056
stairs and doors my two biggest rivals,neither,0.030750165213414896,0.35529313321283396,0.6139567015737513
thuluJACK @Andyinsomnia,neither,0.03945320844208391,0.33037608806864915,0.630170703489267
Hi @Andyinsomnia,neither,0.03945320844208391,0.33037608806864915,0.630170703489267
gandsLore gandsLore gandsLore gandsLore gandsLore gandsLore,neither,0.03945320844208391,0.33037608806864915,0.630170703489267
"lol, doors I can handle.. stairs though, nope. :P",neither,0.03441945424334134,0.3638594385174927,0.601721107239166
"Stairs keep the Daleks at bay, though.",neither,0.03817208763357546,0.3360035978989387,0.6258243144674858
YAY Loremasters <3 This is going to be a great one,neither,0.048580370538763754,0.3551615437355631,0.5962580857256732
doors are hard for mt wrist,neither,0.042314926523854275,0.4459189083649951,0.5117661651111506
Lore Me Sempai!,neither,0.018491955366437673,0.460246435692358,0.5212616089412043
gandsLore gandsLore gandsLore gandsLore gandsLore,neither,0.03945320844208391,0.33037608806864915,0.630170703489267
LUL,neither,0.03945320844208391,0.33037608806864915,0.630170703489267
lore me up before ya go go,offensive_language,0.021243468842263,0.6526623835015498,0.3260941476561872
!points @cosplayerkittie,neither,0.03945320844208391,0.33037608806864915,0.630170703489267
"That was an excellent pun, @cosplayerkittie! Here, have some points for that one! You have been awarded 24 points!",neither,0.05037983996645441,0.3834344862531679,0.5661856737803777
Hector is my hero,neither,0.03375199155900735,0.430626548326953,0.5356214601140397
Hi Hector~,neither,0.03945320844208391,0.33037608806864915,0.630170703489267
HECTOR!,neither,0.03945320844208391,0.33037608806864915,0.630170703489267
gandsHecBird gandsRyanHype gandsHype,neither,0.03945320844208391,0.33037608806864915,0.630170703489267
Hector knows who is better than whom.,neither,0.046239326046275425,0.38716779674102153,0.566592877212703
"Note, you guys only have 90 minutes",neither,0.05086702373269409,0.3732057838058932,0.5759271924614127
We have a subscriber-only Discord server! Join here: https://discord.gg/geekandsundry (you'll need to sub and link it to your Twitch) and be a part of the fun!...Warning: It can take up to an hour for the server to update and give you access to the channels,neither,0.08464076273808444,0.286394834032893,0.6289644032290227
"Mmm, Spider-Man and his Amazing Friends.",neither,0.055995514073140545,0.3448970949989772,0.5991073909278821
where's the D&D stream,neither,0.040454245709640575,0.2779207771211507,0.6816249771692088
LUL I did THAT SAME THING. xD <3,neither,0.036891572464325055,0.3723986969439897,0.5907097305916852
!wheniscr,neither,0.03945320844208391,0.33037608806864915,0.630170703489267
"gandsMattBlindfold Critical Role is on at 7 PM PDT on Thursdays, it is currently 4:04 PM PDT on Thursday. There is 2 Hours, 55 Minutes, 59 Seconds until the next episode of Critical Role. This command has been run 991 times but has probably been asked about way more. gandsNein",neither,0.04095032796986723,0.3441895804454861,0.6148600915846467
"They are going to need the Time Stone, if they want to get through this topic in 90 minutes :-D",neither,0.04422396982560966,0.3493740523951568,0.6064019777792335
"Download the new Critical Role theme song for Campaign Two! http://itunes.apple.com/album/id1331550250?ls=1&app=itunes Sales of the song support the musician, Jason Charles Miller.",neither,0.04445767596344001,0.2510827790306858,0.7044595450058742
@trashfrank You're a bit early.,neither,0.09224920322581524,0.31744981396534977,0.590300982808835
ty @Danoba,neither,0.03945320844208391,0.33037608806864915,0.630170703489267
"Wolverine's my dude. My name's Logan, so it just fits.",neither,0.024629345638662647,0.46456911919338484,0.5108015351679525
@trashfrank Np.,neither,0.03945320844208391,0.33037608806864915,0.630170703489267
Do you know Italian Spiderman?,neither,0.05448509850223156,0.3683154516640593,0.5771994498337091
"Help G&S make great content! $4.99/month gets you emotes, Minecraft server access, sub-only VODs, and more! Every sub keeps the channel alive! twitch.tv/geekandsundry/subscribe",neither,0.043907990691603095,0.31135964332838284,0.644732365980014
I kind of dig Nightcrawler... same nationality :-D,neither,0.040270762168004515,0.3378282430753009,0.6219009947566946
Spider-Man had a manga in the '70s. And it was like super dark and violent.,neither,0.04231557433697583,0.31987267102982486,0.6378117546331993
of course Hector brought a stack of Marvel encyclopedias LUL,neither,0.03945320844208391,0.33037608806864915,0.630170703489267
"I never got into super heroes in general... I don't know why. We gobbled up spider-man cartoons when we were kids, same as everywhere else, but I never got the urge to go pick up a comic book.",neither,0.02964557656545986,0.4457387209718307,0.5246157024627093
Very yes to Italian Spidermab,neither,0.045688074290512325,0.3267250826882876,0.6275868430212
"Oh, I still love the 90's Spiderman series.",neither,0.039651526994154626,0.3044234448013145,0.6559250282045309
"I remember the episode that had Morbius, Punisher and Blade. It was sick.",neither,0.03502508787273605,0.32273121355853823,0.6422436985687258
it had a great theme tune @John_Sparks_Jr,neither,0.0369601704693306,0.31147226221269003,0.6515675673179793
Kurt Wagner is a strong character,neither,0.04591224134377673,0.32815453047091153,0.6259332281853117
LUL I did that too!!,neither,0.03564034066565482,0.3732815772603011,0.5910780820740441
"Hector, I had the same thing.",neither,0.03934707432776207,0.3192985487844922,0.6413543768877458
@EricaTheStrange YES. SO MUCH YES. XD,neither,0.03602117832485476,0.37106023248311354,0.5929185891920317
"Hector, you rock buddy. :)",neither,0.058894012232327236,0.384602606606964,0.5565033811607089
"@ThorIsBetterThanSuperman Yeah, I remember that part ~ And the ""secret wars"" arc, when they brought everyone else into the series for this huge mashup.",neither,0.023150148569061325,0.4118553014031149,0.5649945500278237
"Yeah, crossover is a big detail I love. @GeekandSundry",offensive_language,0.013773636318705816,0.5135619633309608,0.4726644003503333
I grew up on Superfriends and the Batman tv show,neither,0.044090034722055124,0.28124534723346556,0.6746646180444794
"How is flying while on fire not a sport? It's totally a sport, dad.",neither,0.04036350802569423,0.33807575583575655,0.6215607361385493
One of my favorites was the Justice League showing up on Static Shock. Hilarious.,neither,0.0299957352737825,0.4172822037337749,0.5527220609924426
@Sarazzard The Spider-Man cartoon is why I'm a Madame Web fan.,neither,0.03590045271592983,0.36671126358721723,0.5973882836968528
hahaha @John_Sparks_Jr,neither,0.03945320844208391,0.33037608806864915,0.630170703489267
lol He was only one man!,offensive_language,0.03525589786775165,0.4981366101409561,0.4666074919912922
"Ohhh, I forgot about Madam Web @ThorIsBetterThanSuperman",neither,0.038273089552500736,0.35040578548975515,0.611321124957744
I recently wanted to watch the Avengers animated tv show on netflix.... but they translated the theme song into german and it wasd sung so bad that I cringed and gandsNopeNopeNope the EFF out of there after 3 episodes,neither,0.039862843673994536,0.29203155750548015,0.6681055988205253
awe sweet Hector Ryan and Comics,neither,0.038892129767946176,0.30281691272400085,0.6582909575080531
"@ThorIsBetterThanSuperman Though, I have to say, I kind of disagree on your username. Don't get me wrong, I don't think Superman is better either, but... they're both good guys. XD",neither,0.05937331531930045,0.3427382707123743,0.5978884139683254
Really? That's funky.. :/ @Ossborn,neither,0.034900335429184505,0.3800436715309958,0.5850559930398198
It's still hard to wrap my head around Loki being popular with people who aren't super into comics. I remember when NOBODY cared.,offensive_language,0.02931489058897576,0.5651116488854351,0.4055734605255891
Francisco Scaramanga,neither,0.03945320844208391,0.33037608806864915,0.630170703489267
he's not Marvel,neither,0.04389726954675897,0.3337552558504324,0.6223474746028086
"In Portugal, she was called ""mulher aranha"". Spider woman, literally. Let it never be said that all our dubs were creative.",neither,0.028538841118336166,0.4678640703963792,0.5035970884852847
"Rest In Peace, Mr. Lee",neither,0.03945320844208391,0.33037608806864915,0.630170703489267
@ThorIsBetterThanSuperman I really am not a fan of Loki. Folks love him.. I don't get it either. haha,neither,0.03301152924753365,0.3938159894265881,0.5731724813258784
"And now, I haven't seen Infinity War, but I'm seeing people talking about Thanos now. That's insane to me.",neither,0.04615685858449718,0.36458363059349974,0.5892595108220031
Really? I love Hiddleston's Loki.,neither,0.034406450350353404,0.35437309904950437,0.6112204506001423
Great character.,neither,0.0373468635068956,0.302205941464075,0.6604471950290294
@ThorIsBetterThanSuperman You really should check it out.,neither,0.06844365114268368,0.4604283430497576,0.4711280058075587
"That was all Tom Hiddleston's doing, I think. He really sold the character, you rarely see a guy having that much fun with his part.",neither,0.04808952078248969,0.4333896334318393,0.518520845785671
"TBH Some of us just get really drawn to villains. Growing up, I was into Disney like all the other girls. But I was into the Villains, not the princesses.",neither,0.04148233226198303,0.4076307582408544,0.5508869094971627
@John_Sparks_Jr I like HIddleston more than I like Loki.,neither,0.07666400076436374,0.3696150386461118,0.5537209605895245
"If Marvel ever makes an Alpha Flight movie, people will start talking about Sasquatch and Puck.",neither,0.04171267188870341,0.3169243795486849,0.6413629485626116
Wade Wilson and Thanos both love Death. Death digs Wade. Thanos is a dork,neither,0.041080318873085754,0.317753564401979,0.6411661167249352
That's cool. @CherryGryffon,neither,0.0331105145141573,0.4000689531361105,0.5668205323497322
"@SuperGimpoMan I'm... really not sure I understand that statement. It sounds like ""I love blue, but I hate blue"" to me.",neither,0.09286654806116589,0.42883101094148135,0.4783024409973527
I just tuned in...Ryan's tie game is on point today,neither,0.03826702113546699,0.31139522928244245,0.6503377495820907
South Park Cartman business plan for MCU,neither,0.034803513811331774,0.3071434882330714,0.6580529979555968
"@SuperGimpoMan As soon as it comes out to TV I will. Not really able to get out to a theater, sadly.",neither,0.04147999784363157,0.36875510999387007,0.5897648921624984
My problem with comics is that they are too expensive for the amount of reading involved,neither,0.03593659400135691,0.3656123295229792,0.598451076475664
"@John_Sparks_Jr Other people love him and I don't understand why, is what I meant.",neither,0.05651810006220133,0.31735485334997837,0.6261270465878203
"""Catwoman""",neither,0.03945320844208391,0.33037608806864915,0.630170703489267
"Yeah, they are that, @chaoticloony",neither,0.03700995479019606,0.468948918589185,0.49404112662061894
"@ThorIsBetterThanSuperman Aw, bummer. Okie doke!",neither,0.03945320844208391,0.33037608806864915,0.630170703489267
remember Catwoman?,neither,0.03945320844208391,0.33037608806864915,0.630170703489267
!critrole,neither,0.03945320844208391,0.33037608806864915,0.630170703489267
"@SuperGimpoMan He's a well written, well built character. It's pretty simple.",neither,0.04162170512606878,0.3296302426213047,0.6287480522526264
"I loved the Marvel and DC Handbooks, but otherwise only bought a few comics",neither,0.036925590472707936,0.3066629726665156,0.6564114368607764
@SuperGimpoMan I just found it on YouTube... it´s terrible! https://youtu.be/jFfPg72U9FU,neither,0.03368063091921504,0.3546055120019177,0.6117138570788672
!tillcritrole,neither,0.03945320844208391,0.33037608806864915,0.630170703489267
!wheniscr,neither,0.03945320844208391,0.33037608806864915,0.630170703489267
"gandsMattBlindfold Critical Role is on at 7 PM PDT on Thursdays, it is currently 4:13 PM PDT on Thursday. There is 2 Hours, 46 Minutes, 7 Seconds until the next episode of Critical Role. This command has been run 992 times but has probably been asked about way more. gandsNein",neither,0.04096108982915729,0.3442832482620017,0.614755661908841
tks,neither,0.03945320844208391,0.33037608806864915,0.630170703489267
moon knight,neither,0.03945320844208391,0.33037608806864915,0.630170703489267
Movie fans still don't know what Dr. Doom really is. Tragic.,neither,0.04951859489691494,0.31084397764226546,0.6396374274608196
@Ossborn I'll give it a shot. xD,neither,0.037841509599366496,0.3309304252060812,0.6312280651945523
@ThorIsBetterThanSuperman Doom probably is one of the characters I want to explore most.,neither,0.04750816913420563,0.345870862882893,0.6066209679829012
We have a subscriber-only Discord server! Join here: https://discord.gg/geekandsundry (you'll need to sub and link it to your Twitch) and be a part of the fun!...Warning: It can take up to an hour for the server to update and give you access to the channels,neither,0.08464076273808444,0.286394834032893,0.6289644032290227
gandsHype gandsHype gandsHype gandsHype gandsHype gandsHype gandsHype gandsHype gandsHype gandsHype gandsHype gandsOne gandsOne,neither,0.03945320844208391,0.33037608806864915,0.630170703489267
@Ossborn I didn't mind the intro. :/,neither,0.026187305297761827,0.35431487715342813,0.6194978175488102
Oooooh. Darkness and Witchblade. Two great characters. I love Jackie.,neither,0.03642579205746875,0.29177035307951615,0.6718038548630152
@CharacterStigma Yo!,offensive_language,0.04010381111145228,0.5271105317972344,0.4327856570913131
BlessRNG Marvel,neither,0.03945320844208391,0.33037608806864915,0.630170703489267
"Help G&S make great content! $4.99/month gets you emotes, Minecraft server access, sub-only VODs, and more! Every sub keeps the channel alive! twitch.tv/geekandsundry/subscribe",neither,0.043907990691603095,0.31135964332838284,0.644732365980014
"That singers voice, especially in the refrain NOPE",neither,0.036535485283942626,0.3459870436395119,0.6174774710765456
Does the host have a twitter account?,offensive_language,0.027276874883902655,0.5000975343025319,0.4726255908135656
!whodat,neither,0.03945320844208391,0.33037608806864915,0.630170703489267
"Ryan Green ( twitter.com/HydroSnail ), Hector Navarro ( twitter.com/Hectorisfunny ).",neither,0.0393526388645448,0.44279132069361565,0.5178560404418394
"I only bought a handful of comics in my life, but none of them were super-hero themed. There was Tomb Raider one, then a couple from a series called ""Sillage"" and another that I don't remember but that took place in hell... mostly.",neither,0.04631007499088042,0.46085225818745335,0.49283766682166624
Thank you.,neither,0.07325166854587051,0.43632638485078484,0.49042194660334476
You're Welcome,neither,0.10626763448287628,0.35096606821718634,0.5427662972999374
The original run of Tomb Raider comics were amazing.,neither,0.03914265307378204,0.31040031675192237,0.6504570301742956
FutureMan Whats up @SuperGimpoMan,neither,0.03597034933595279,0.4023906385329718,0.5616390121310755
HAHA,neither,0.03186685585600258,0.45913629025701075,0.5089968538869867
I once won a Tomb Raider comic from G&S.... it was from the 14 hour Fallout 4 stream and Amy brought it from her comic book store for a raffle,neither,0.040741301917526986,0.3504652015308528,0.6087934965516202
