text,top_class,hate_speech,offensive_language,neither
GOGOGOGOGOGOGO,neither,0.03945320844208391,0.33037608806864915,0.630170703489267
"Bidet from North Carolina, USA",neither,0.04024382007905528,0.3169573452572912,0.6427988346636536
LIVE,neither,0.04891340716200846,0.3271222919257548,0.6239643009122369
ayyyyyy,neither,0.03945320844208391,0.33037608806864915,0.630170703489267
LIVVVEEEE,neither,0.03945320844208391,0.33037608806864915,0.630170703489267
Bidet from St. Louis,neither,0.040470992782370326,0.313101631608523,0.6464273756091067
YES,neither,0.03945320844208391,0.33037608806864915,0.630170703489267
yaaaaaaaaa!,neither,0.03945320844208391,0.33037608806864915,0.630170703489267
bidet from texas!,neither,0.040937266849991,0.30518774380265185,0.6538749893473571
Bidet from Missouri!!,neither,0.04071751644889743,0.3089174816120565,0.6503650019390461
Bidet from Saskatoon gandsBrian,neither,0.04228451509352876,0.2823214250720796,0.6753940598343917
WE LIVE BOIS,neither,0.043823996325729364,0.3313955421409929,0.6247804615332777
its happening!!,neither,0.03309144916294284,0.33256418880705063,0.6343443620300065
BIDET FROM MICHIGAN!,neither,0.040769555981420263,0.3080342349327864,0.6511962090857933
"Bidet from Denver, CO!",neither,0.040644782651300455,0.31015196397736267,0.6492032533713368
HII DANIII,neither,0.03945320844208391,0.33037608806864915,0.630170703489267
Bidet from LA!,neither,0.04094187055022747,0.3051096069949388,0.6539485224548338
Know your ready too kick some but in a mine shaft full of gnolls,neither,0.06158099402581404,0.338769213483642,0.5996497924905441
D:,neither,0.03945320844208391,0.33037608806864915,0.630170703489267
WOOO!!!,neither,0.03945320844208391,0.33037608806864915,0.630170703489267
lET'S GO BOIS,neither,0.025381646234780238,0.3673023986012888,0.6073159551639309
DANI,neither,0.03945320844208391,0.33037608806864915,0.630170703489267
Bidet Critters! from Ohio!,neither,0.040754399270683486,0.3082914838698526,0.650954116859464
BUFFALO IS THE WORST,neither,0.04770276246304335,0.2938982680609911,0.6583989694759655
Wooo,neither,0.03945320844208391,0.33037608806864915,0.630170703489267
bidet from Oregon!,neither,0.04071751644889743,0.3089174816120565,0.6503650019390461
Bidet from MN,neither,0.040737273169946825,0.30858215849491494,0.6506805683351382
"Bidet from Oakland, CA!",neither,0.04043211762049359,0.3137614445616591,0.6458064378178473
Bidet from MD,neither,0.04062582848913359,0.31047366557575606,0.6489005059351104
bidet from mckinney texas,neither,0.040937266849991,0.30518774380265185,0.6538749893473571
"Woah, ads!",neither,0.03945320844208391,0.33037608806864915,0.630170703489267
yay!,neither,0.03945320844208391,0.33037608806864915,0.630170703489267
moon2S,neither,0.03945320844208391,0.33037608806864915,0.630170703489267
WOOO!,neither,0.03945320844208391,0.33037608806864915,0.630170703489267
YESSSSS,neither,0.03945320844208391,0.33037608806864915,0.630170703489267
Dani is the best,neither,0.045884199685318774,0.30483354442372795,0.6492822558909532
welp we are live,neither,0.07231210890509578,0.285554385501652,0.6421335055932522
Bidet from Kansas!,neither,0.04071751644889743,0.3089174816120565,0.6503650019390461
Here we go.,neither,0.13156755280784707,0.2765461283225309,0.5918863188696221
HERE WE GO KIDS,neither,0.10468713433693778,0.28992846682237483,0.6053843988406874
woohoo!,neither,0.03945320844208391,0.33037608806864915,0.630170703489267
that scared the heck out of me,neither,0.02710139276538645,0.3955051589951227,0.5773934482394907
She scared me!,offensive_language,0.03145582036151664,0.5004147371697573,0.4681294424687261
Bidet and Beep Beep from AZ,neither,0.03968692788310135,0.26288412776704095,0.6974289443498578
"Ah, greetings, Ad.",neither,0.03945320844208391,0.33037608806864915,0.630170703489267
prius,neither,0.03945320844208391,0.33037608806864915,0.630170703489267
BIDET DANI,neither,0.03945320844208391,0.33037608806864915,0.630170703489267
Bidet from United Kingdom,neither,0.04035096305996787,0.3151388492503063,0.6445101876897258
"The recap has started , if you cannot see it, please refresh",neither,0.034775490534124806,0.37529621209774683,0.5899282973681284
gutten almond and bidet from CA TwitchUnity,neither,0.03961546312385162,0.2805656814908339,0.6798188553853145
bidet from Canada!!!,neither,0.04071751644889743,0.3089174816120565,0.6503650019390461
Bidet,neither,0.03945320844208391,0.33037608806864915,0.630170703489267
bidet from sydney aus,neither,0.04062582848913359,0.31047366557575606,0.6489005059351104
hey dani!,neither,0.03945320844208391,0.33037608806864915,0.630170703489267
Bidet from WI via MN!,neither,0.04370174744238014,0.13023840344206403,0.8260598491155559
Bidet from Waco!!,neither,0.04062582848913359,0.31047366557575606,0.6489005059351104
LET'S GOOOOOO,neither,0.01259774405356427,0.402817721707079,0.5845845342393566
anyone else not getting image?,neither,0.035089634485938444,0.39120320070954706,0.5737071648045144
Bidet from PA!!!,neither,0.04069404815304118,0.30931579984010865,0.6499901520068502
bidet from the north country,neither,0.045344609428833435,0.29501693166385007,0.6596384589073163
High rollers is ok...but its not Critical Role!,neither,0.035256032692606694,0.3896722823706117,0.5750716849367816
just in time!,neither,0.030301954458447782,0.39891765189907363,0.5707803936424786
GOWKratos BOIS,neither,0.03945320844208391,0.33037608806864915,0.630170703489267
gandsLessthanthree gandsLessthanthree,neither,0.03945320844208391,0.33037608806864915,0.630170703489267
Bidet from Finland!,neither,0.04228451509352876,0.2823214250720796,0.6753940598343917
Bidet from Vasselheim,neither,0.04228451509352876,0.2823214250720796,0.6753940598343917
daddy matt,neither,0.03945320844208391,0.33037608806864915,0.630170703489267
bidet wi,neither,0.03945320844208391,0.33037608806864915,0.630170703489267
finally! :D,neither,0.03945320844208391,0.33037608806864915,0.630170703489267
bidet from Florida,neither,0.0408948396164547,0.30590784468201904,0.6531973157015263
Bidet from the US,neither,0.11790013681330186,0.2627055607244951,0.6193943024622031
"Evening chat, bidet from Fort Smith, Arkansas. :D",neither,0.04016438856970791,0.31830550527063667,0.6415301061596554
so live right now it hurts,neither,0.04120126931086573,0.38680283263818044,0.5719958980509539
bidet,neither,0.03945320844208391,0.33037608806864915,0.630170703489267
Wow the audio is really quiet,neither,0.044881183957089364,0.31592397822279655,0.6391948378201141
Our Lady of Recaps Dani Carr ( twitter.com/ItsDaniCarr ),neither,0.03893243441116944,0.413649997352151,0.5474175682366794
How is everyone doing?,neither,0.04112161118637407,0.44015552196004953,0.5187228668535763
DADDY MATT,neither,0.03945320844208391,0.33037608806864915,0.630170703489267
Hyulms!,neither,0.03945320844208391,0.33037608806864915,0.630170703489267
"bidet from Owen Sound, Ontario",neither,0.04045277971432842,0.31341075490551423,0.6461364653801575
budget form Dallas TX,neither,0.03945320844208391,0.33037608806864915,0.630170703489267
Hey y’all,neither,0.04285346742239823,0.46255625023407465,0.49459028234352725
Bidget form Michigan,neither,0.03945320844208391,0.33037608806864915,0.630170703489267
Hulmes!,neither,0.03945320844208391,0.33037608806864915,0.630170703489267
Bidet from Colorado!,neither,0.04066490145509902,0.30981049537100724,0.6495246031738937
Weheeeeew!,neither,0.03945320844208391,0.33037608806864915,0.630170703489267
gandsHype,neither,0.03945320844208391,0.33037608806864915,0.630170703489267
Bidet from Shanghai,neither,0.04228451509352876,0.2823214250720796,0.6753940598343917
It's Thursday!!!!!!!!!,neither,0.03752336384949593,0.3310398501182267,0.6314367860322773
JESTER is the BEST-ER,neither,0.04662813012089419,0.30241659064489546,0.6509552792342104
bidet from alberta!,neither,0.04062582848913359,0.31047366557575606,0.6489005059351104
bidet from good ol' Iowa,neither,0.039821584140694165,0.3142983020192783,0.6458801138400277
Dani is fine :P,neither,0.047685242874722825,0.3275447139423657,0.6247700431829114
Bidet from Missoula MT,neither,0.04084513770590474,0.30675141581570226,0.6524034464783931
"oh yeah, I still need to make Caliana as a WWE 2k18 wrestler",neither,0.03304995450268004,0.3976482601324964,0.5693017853648235
bidet from dallas texas all!,neither,0.04240415225844948,0.3834807307774838,0.5741151169640667
north korea?,neither,0.03945320844208391,0.33037608806864915,0.630170703489267
Bidet from Michigan,neither,0.040769555981420263,0.3080342349327864,0.6511962090857933
guys,neither,0.03922184957078739,0.3343028519130907,0.6264752985161218
Bidet From Michigan!,neither,0.040769555981420263,0.3080342349327864,0.6511962090857933
god Cali was a fave,neither,0.03935061382632295,0.3321173864487239,0.6285319997249532
why does the overlay look different in recap then live?,neither,0.025827588509420452,0.4197392559055379,0.5544331555850417
Bidet!,neither,0.03945320844208391,0.33037608806864915,0.630170703489267
"Im stoked, i havent been here for a live show for months",neither,0.06783874644050401,0.25343868923070617,0.6787225643287897
Bidet from Las Vegas,neither,0.040400041164603724,0.3143058657309893,0.6452940931044071
DADDY MATT,neither,0.03945320844208391,0.33037608806864915,0.630170703489267
Hmm.. hopefully The ad's won't be every 10 minuts like Vods on another Channel... welp. This is where I say goodbye to the chat.,neither,0.07130150768658527,0.28166757333404624,0.6470309189793685
"repeat The recap has started , if you cannot see it, please refresh",neither,0.03512926544355241,0.37158131072334744,0.5932894238331002
Bidet from Colorado!,neither,0.04066490145509902,0.30981049537100724,0.6495246031738937
Bidet from Arizona,neither,0.04078317879478948,0.307803020237201,0.6514138009680096
HERE WE GO BOIS,neither,0.08788874066493838,0.298919475072031,0.6131917842630307
Bidet everyone!,offensive_language,0.02988896790634741,0.4927062106388782,0.4774048214547744
Because Durr n' durr,neither,0.03945320844208391,0.33037608806864915,0.630170703489267
What if the cast is in this chat right now...we’d never know it’s them lol,neither,0.03313601583464352,0.4128148743180135,0.5540491098473429
bidet from NY NY,neither,0.040220296988860565,0.31735659348826895,0.6424231095228705
i would die for cali,neither,0.1665642896585718,0.12033641409999472,0.7130992962414333
Who else wtached the D&D Beyond clip about 500 times last week? gandsLessthanthree,neither,0.038283306996299726,0.3720037334023753,0.5897129596013249
Bidet from STL,neither,0.04228451509352876,0.2823214250720796,0.6753940598343917
Uuuh calis my wife,neither,0.0227432005940288,0.4690763273166866,0.5081804720892846
omg i love you all 😍😍,offensive_language,0.06332040066582176,0.545977653713142,0.3907019456210363
Bidet from Arizona~,neither,0.04078317879478948,0.307803020237201,0.6514138009680096
Bidet from NC!,neither,0.04066490145509902,0.30981049537100724,0.6495246031738937
Bidet from Bidet,neither,0.04228451509352876,0.2823214250720796,0.6753940598343917
"bidet from Grand Prairie, TX!",neither,0.040273752950650436,0.3164493063077516,0.643276940741598
"Bidet from Ft Worth, TX!",neither,0.04030537390514312,0.31591261618589545,0.6437820099089614
Ive been looking forward to this all day,neither,0.04601746906675349,0.3744733050704507,0.5795092258627959
Bidet from Io-way,neither,0.04063624178208405,0.31295862974420746,0.6464051284737083
Cali mvp,neither,0.03945320844208391,0.33037608806864915,0.630170703489267
Bidet from nyc,neither,0.04081748366884477,0.3072207769958956,0.6519617393352596
Bidet to ALL!,offensive_language,0.07037653542857761,0.5454179388470466,0.3842055257243759
bidet from uk,neither,0.04079557052152802,0.30759270029461827,0.6516117291838538
@jaggedone bc they use the Alpha clips for the recap,neither,0.018008452926815983,0.35233284370785645,0.6296587033653277
You got the perfect warlock,neither,0.060365910895019456,0.44157170423760617,0.49806238486737436
Hello all!,neither,0.04217753453783664,0.43734383323855475,0.5204786322236087
@jaggedone it's the Alpha overlay,neither,0.03669420584570019,0.31137187723100834,0.6519339169232915
"Bidet from Maine, everyone!",neither,0.03453719590716363,0.4138136505566087,0.5516491535362276
i am also from STL! Hey fellow St. Louisian,neither,0.04009333966367693,0.3170648828723461,0.642841777463977
I am currently trying to avoid hockey game,neither,0.04327285348635343,0.2995614861535456,0.6571656603601009
Bidet from North Dakota,neither,0.04038150078596344,0.3146205443430473,0.6449979548709892
Bidet,neither,0.03945320844208391,0.33037608806864915,0.630170703489267
"Bidet from napa, ca",neither,0.04039749100449293,0.314349148603457,0.6452533603920501
Bidet from Florida!!,neither,0.0408948396164547,0.30590784468201904,0.6531973157015263
Bidet from SLC,neither,0.04228451509352876,0.2823214250720796,0.6753940598343917
KIRI BEST BIRB,neither,0.03765011267139979,0.31527719622551265,0.6470726911030876
"bidet from Carlsbad, CA",neither,0.04084513770590474,0.30675141581570226,0.6524034464783931
Bidet from Houston,neither,0.040875471929787875,0.3062365648703896,0.6528879631998226
and bidet,neither,0.03763944115734239,0.1918412352459551,0.7705193235967025
bidet from vegas,neither,0.040853311764050625,0.30661268071637476,0.6525340075195746
bidet from my base,neither,0.027607160952417,0.41219878818951733,0.5601940508580657
bidet from alberta canada,neither,0.040354386843928725,0.3150807387011266,0.6445648744549448
Bidet from NYC!,neither,0.04081748366884477,0.3072207769958956,0.6519617393352596
Bidet from Pennsylvania,neither,0.04069404815304118,0.30931579984010865,0.6499901520068502
bidet from Indiana!,neither,0.0408364874901429,0.30689823255244486,0.6522652799574122
bidet from norcal! <3,neither,0.04228451509352876,0.2823214250720796,0.6753940598343917
Bidet from South Dakots,neither,0.04088864702710942,0.3060129490845789,0.6530984038883118
Bidet,neither,0.03945320844208391,0.33037608806864915,0.630170703489267
Bidet from MA,neither,0.031816597323666866,0.4599893087150652,0.5081940939612679
bidet from Edmonton,neither,0.04228451509352876,0.2823214250720796,0.6753940598343917
Bidet from Minnesota! gandsTwenty gandsTwenty gandsTwenty gandsLessthanthree gandsLessthanthree gandsLessthanthree,neither,0.04071751644889743,0.3089174816120565,0.6503650019390461
bidet,neither,0.03945320844208391,0.33037608806864915,0.630170703489267
Bidet from Boston!,neither,0.040769555981420263,0.3080342349327864,0.6511962090857933
bidet from Texas!,neither,0.040937266849991,0.30518774380265185,0.6538749893473571
Bidet from North Dakota,neither,0.04038150078596344,0.3146205443430473,0.6449979548709892
BibleThump,neither,0.03945320844208391,0.33037608806864915,0.630170703489267
STL Critters UNITE!,neither,0.03945320844208391,0.33037608806864915,0.630170703489267
Bidet from Carson City,neither,0.041017613602777656,0.3038240497195468,0.6551583366776755
bidet from pyongyang,neither,0.04228451509352876,0.2823214250720796,0.6753940598343917
i hate how the very first thing they play is the recap,neither,0.1349510371599868,0.23663482115368165,0.6284141416863316
"Bidet from Newcastle, Australia",neither,0.04062582848913359,0.31047366557575606,0.6489005059351104
Bidet from Austin,neither,0.04086843745212,0.30635595831493706,0.6527756042329429
Bidet,neither,0.03945320844208391,0.33037608806864915,0.630170703489267
bidet from austin,neither,0.04086843745212,0.30635595831493706,0.6527756042329429
whats up,neither,0.03597034933595279,0.4023906385329718,0.5616390121310755
Bidet!,neither,0.03945320844208391,0.33037608806864915,0.630170703489267
Bedit from #Arizona,neither,0.04078317879478948,0.307803020237201,0.6514138009680096
bidet from virginia,neither,0.04079557052152802,0.30759270029461827,0.6516117291838538
Bidet from Oregon,neither,0.04071751644889743,0.3089174816120565,0.6503650019390461
"Bidet from Seabeck, Washington",neither,0.04080695066346891,0.3073995495860776,0.6517934997504536
North Dakota Sucks.,neither,0.03945320844208391,0.33037608806864915,0.630170703489267
hello,neither,0.03945320844208391,0.33037608806864915,0.630170703489267
Bidet from Norway,neither,0.04228451509352876,0.2823214250720796,0.6753940598343917
bidet from California,neither,0.06971251856910227,0.2972619859879888,0.633025495442909
"Bidet and Beep Beep from Rockford, IL",neither,0.039665017157423446,0.26811748049299106,0.6922175023495856
bidet from rochester,neither,0.04228451509352876,0.2823214250720796,0.6753940598343917
I wish I had twitch prime,neither,0.03945320844208391,0.33037608806864915,0.630170703489267
bidet,neither,0.03945320844208391,0.33037608806864915,0.630170703489267
bidet from denver colorado,neither,0.04036266062233628,0.31494031108870923,0.6446970282889545
Bidet from Pennsylvania,neither,0.04069404815304118,0.30931579984010865,0.6499901520068502
Bidet from Schenectady New York,neither,0.044690599332616286,0.20708884905532376,0.7482205516120599
sup party peopl,neither,0.03945320844208391,0.33037608806864915,0.630170703489267
hrpgCrit,neither,0.03945320844208391,0.33037608806864915,0.630170703489267
"!WARNING at the start of the session, chat will be Subscriber Only",neither,0.038984114450057034,0.31217137909012466,0.6488445064598183
Bidet from Bradford Ontario Canada,neither,0.040354386843928725,0.3150807387011266,0.6445648744549448
NC here,neither,0.09607790202741834,0.28656612893178507,0.6173559690407966
Bidet from Sweden!,neither,0.04228451509352876,0.2823214250720796,0.6753940598343917
hey everyone,neither,0.031959242684595296,0.4575682446653829,0.5104725126500218
bidet from Texas yall,neither,0.038985767791626096,0.33830977582980515,0.6227044563785687
bidet from Wisconsin,neither,0.04071751644889743,0.3089174816120565,0.6503650019390461
beep beep from ny,neither,0.04084513770590474,0.30675141581570226,0.6524034464783931
OMG I LVOED THIS LMAO,neither,0.0379555966241625,0.35579446907417095,0.6062499343016666
Bidet from Missouri!,neither,0.04071751644889743,0.3089174816120565,0.6503650019390461
BIDET,neither,0.03945320844208391,0.33037608806864915,0.630170703489267
Bidet from Wisconsin,neither,0.04071751644889743,0.3089174816120565,0.6503650019390461
heyo hey from wisconsin!!,neither,0.040532630252071426,0.3120554828867178,0.6474118868612108
why is everyone chanting bidet????,neither,0.030156870699779074,0.4343442793578083,0.5354988499424126
#goknightsgo,neither,0.03945320844208391,0.33037608806864915,0.630170703489267
Bidet from TN,neither,0.040769555981420263,0.3080342349327864,0.6511962090857933
love that,neither,0.026488847653706134,0.4435004223898887,0.5300107299564051
blerblebrlebrlebrle,neither,0.03945320844208391,0.33037608806864915,0.630170703489267
"Bidet from Kannapolis, NC",neither,0.04066490145509902,0.30981049537100724,0.6495246031738937
Bidet from norway 3:50 AM,neither,0.040478839984233336,0.30901170765780395,0.6505094523579626
Shit gonna be soon good,offensive_language,0.04285448932483464,0.9563916193404377,0.0007538913347276714
hi everyone,neither,0.032490659208996964,0.4485487193596734,0.5189606214313296
Allooooo,neither,0.03945320844208391,0.33037608806864915,0.630170703489267
is there any viewing party in napa?,neither,0.04490097379623688,0.2994063397536864,0.6556926864500768
bidet,neither,0.03945320844208391,0.33037608806864915,0.630170703489267
Bidet from Binghamton NY,neither,0.04084513770590474,0.30675141581570226,0.6524034464783931
@purplewumbat true,neither,0.03945320844208391,0.33037608806864915,0.630170703489267
gandsCaleb,neither,0.03945320844208391,0.33037608806864915,0.630170703489267
bidet North Dakota,neither,0.03945320844208391,0.33037608806864915,0.630170703489267
"Bidet from Coarsegold, CA!",neither,0.04084513770590474,0.30675141581570226,0.6524034464783931
bidet from texas,neither,0.040937266849991,0.30518774380265185,0.6538749893473571
bidet and beep beep from east Texas! also kiri is best birb.,neither,0.04536292133293075,0.27778398569729895,0.6768530929697704
OMG Laura's reaction was the best.,neither,0.037779112504386314,0.3111094428982563,0.6511114445973575
The midwest isn't cool,neither,0.03865687195014066,0.31585010670126584,0.6454930213485935
"yeah, the recap should wait at least 5min after steam start",neither,0.03389513098711688,0.4215233917308923,0.5445814772819909
Beep beep fellow Critters!,neither,0.03945320844208391,0.33037608806864915,0.630170703489267
@euvaftrudner bidet from Sweden as well!,neither,0.038096777958772116,0.35339825337192315,0.6085049686693048
Bidet from ATL y'all :D,neither,0.043150563600555976,0.39649058521260827,0.5603588511868358
Bidet from Missouri <3,neither,0.04071751644889743,0.3089174816120565,0.6503650019390461
Bidet from Cambridgeshire UK :),neither,0.04079557052152802,0.30759270029461827,0.6516117291838538
blidleldeld,neither,0.03945320844208391,0.33037608806864915,0.630170703489267
I wanna see how she sums up the Caleb Beau drama,neither,0.037987412850115164,0.406380950863374,0.5556316362865108
is twitch having issues?,neither,0.04617431863561162,0.32806439007253735,0.625761291291851
sup bitches,offensive_language,0.003248617062994486,0.9967511955970789,1.873399265961554e-07
My first liiiiive!!,neither,0.014755728947254607,0.48422019921476606,0.5010240718379794
gandsLollypop gandsLollypop gandsLollypop gandsLollypop gandsLollypop gandsLollypop gandsLollypop,neither,0.03945320844208391,0.33037608806864915,0.630170703489267
Bidet from chesapeake,neither,0.04228451509352876,0.2823214250720796,0.6753940598343917
bidet,neither,0.03945320844208391,0.33037608806864915,0.630170703489267
Bidet from Georgia,neither,0.04066490145509902,0.30981049537100724,0.6495246031738937
bidet DC,neither,0.03945320844208391,0.33037608806864915,0.630170703489267
"@TheCorvid It's a joke from the first campaign. It basically means ""Good Day"". :D",neither,0.03336096849375268,0.3019388150068289,0.6647002164994184
Bidet from Maryland!,neither,0.04066490145509902,0.30981049537100724,0.6495246031738937
bidet,neither,0.03945320844208391,0.33037608806864915,0.630170703489267
hey yall!,neither,0.0373829100190767,0.36551445535541816,0.5971026346255053
Bidet from OH,neither,0.050416241482135554,0.21698369937451742,0.732600059143347
Bidet from France,neither,0.04071751644889743,0.3089174816120565,0.6503650019390461
twitch is being twitchy,neither,0.04217568788269278,0.3560214058145098,0.6018029063027974
bidet everyone,offensive_language,0.02988896790634741,0.4927062106388782,0.4774048214547744
I want that table,neither,0.035175662032641,0.37530478312576493,0.5895195548415941
Bidet from Toronto,neither,0.04066490145509902,0.30981049537100724,0.6495246031738937
biget from Kentucky,neither,0.04071751644889743,0.3089174816120565,0.6503650019390461
hello there,neither,0.03937036753510788,0.27621722592919734,0.6844124065356949
bidet!!,neither,0.03945320844208391,0.33037608806864915,0.630170703489267
I love how they freaked out when the corpse moved :D,neither,0.02898154685496231,0.36847014046745574,0.602548312677582
Evening all!,neither,0.041793358651534496,0.4229818652092969,0.5352247761391685
Bidet from southwest Michigan!,neither,0.040391260989805194,0.3144548882117505,0.6451538507984442
"Bidet from Flint, Mi!!",neither,0.04081748366884477,0.3072207769958956,0.6519617393352596
Bidet from Georgia!,neither,0.04066490145509902,0.30981049537100724,0.6495246031738937
I'm ready. Got 2 Corona's chips and a water. Let's boogy!,neither,0.0258332003428081,0.35909510073414663,0.6150716989230453
bidet,neither,0.03945320844208391,0.33037608806864915,0.630170703489267
Bidet from Tyler Texas,neither,0.040502252076286216,0.3125710798105141,0.6469266681131998
gandsRaid,neither,0.03945320844208391,0.33037608806864915,0.630170703489267
Can't wait to see the art of Beau and Fabran in the arms of the Troll.... we all know it will be there will be at least one,neither,0.041693782050365044,0.30389962164930173,0.6544065963003332
sup folks,neither,0.03945320844208391,0.33037608806864915,0.630170703489267
Bidet from Florida,neither,0.0408948396164547,0.30590784468201904,0.6531973157015263
bidet from Houston,neither,0.040875471929787875,0.3062365648703896,0.6528879631998226
"Bidet from Olympia, WA",neither,0.04071751644889743,0.3089174816120565,0.6503650019390461
what's bidet?,neither,0.057770773616808734,0.3180719994247239,0.6241572269584672
Bidet from Roseville SC,neither,0.040737273169946825,0.30858215849491494,0.6506805683351382
Bidet from Ontario,neither,0.04062582848913359,0.31047366557575606,0.6489005059351104
bidet from maryland,neither,0.04066490145509902,0.30981049537100724,0.6495246031738937
Bidet from VA y'all,neither,0.042808078011918105,0.39053103227606023,0.5666608897120217
bidet,neither,0.03945320844208391,0.33037608806864915,0.630170703489267
Bidet!,neither,0.03945320844208391,0.33037608806864915,0.630170703489267
Bidet from Sunny SoCal! TGIT!,neither,0.04031924518627951,0.315677184343852,0.6440035704698686
Bidet from Iowa,neither,0.04069404815304118,0.30931579984010865,0.6499901520068502
bidet from florida!,neither,0.0408948396164547,0.30590784468201904,0.6531973157015263
Bidet y'all,offensive_language,0.046917543854519406,0.6277741405869331,0.3253083155585475
woah! im actually gonna be able to watch this live tonight! thank gawd for allergies,neither,0.041911901572617,0.3437153181033156,0.6143727803240674
ohhh shite,neither,0.03945320844208391,0.33037608806864915,0.630170703489267
OH shit I joined at the perfect time,offensive_language,0.050298622472838464,0.9404380079290053,0.009263369598156204
Bidet,neither,0.03945320844208391,0.33037608806864915,0.630170703489267
Bidet from Florida,neither,0.0408948396164547,0.30590784468201904,0.6531973157015263
Bidet from Illinois!,neither,0.04069404815304118,0.30931579984010865,0.6499901520068502
Bidet from NJ,neither,0.04069404815304118,0.30931579984010865,0.6499901520068502
"Re: buffering issues: try 1. clearing cache 2. resetting your router/modem 3. switching browsers. One or more of those things seems to have worked for me., also try dropping video quality lower,, and as always, start with a refresh",neither,0.057879688087331536,0.30093644543114306,0.6411838664815254
When are they doing the Matt Mercer fireside?,neither,0.049392516370671706,0.3190871063046929,0.6315203773246354
firsties,neither,0.03945320844208391,0.33037608806864915,0.630170703489267
Bidet from California!,neither,0.06971251856910227,0.2972619859879888,0.633025495442909
!!,neither,0.03945320844208391,0.33037608806864915,0.630170703489267
Bidet from Washington,neither,0.04080695066346891,0.3073995495860776,0.6517934997504536
Bidet from Orlando,neither,0.04062582848913359,0.31047366557575606,0.6489005059351104
@Damien_ZD hey fellow Georgian!,neither,0.03945320844208391,0.33037608806864915,0.630170703489267
regrets,neither,0.03945320844208391,0.33037608806864915,0.630170703489267
bidet from californiaaaaaaaaaaa,neither,0.04228451509352876,0.2823214250720796,0.6753940598343917
bidet from Wisconsin,neither,0.04071751644889743,0.3089174816120565,0.6503650019390461
oh shit everyone died,offensive_language,0.04615384101405859,0.9523874142226292,0.0014587447633122262
#brianfostersmellslikecabbage,neither,0.03945320844208391,0.33037608806864915,0.630170703489267
Bidet from Calgary rooHappy,neither,0.04228451509352876,0.2823214250720796,0.6753940598343917
Bidet from Indiana,neither,0.0408364874901429,0.30689823255244486,0.6522652799574122
F the worst tour guide,neither,0.03960256442922501,0.3015686838087717,0.6588287517620033
"@strangers07 It's a joke from the first campaign. It basically means ""Good Day"".",neither,0.03336096849375268,0.3019388150068289,0.6647002164994184
bidet from Virginia,neither,0.04079557052152802,0.30759270029461827,0.6516117291838538
"bidet everyone, from Texas",neither,0.03397014056332003,0.42343805963815495,0.542591799798525
lmao cast regret,neither,0.038609594244443525,0.3446944226602208,0.6166959830953356
"ah yes, the magical spell of regret",neither,0.03885437395576628,0.31950976465278563,0.6416358613914481
I cast regret XD,neither,0.03945320844208391,0.33037608806864915,0.630170703489267
I CAST REGRET,neither,0.03945320844208391,0.33037608806864915,0.630170703489267
Bidet from NYC,neither,0.04081748366884477,0.3072207769958956,0.6519617393352596
holy sheet I made it,neither,0.0381932941412797,0.3308094303708251,0.6309972754878952
bidet!,neither,0.03945320844208391,0.33037608806864915,0.630170703489267
gandsHype gandsHype gandsHype,neither,0.03945320844208391,0.33037608806864915,0.630170703489267
bidet from iowa,neither,0.04069404815304118,0.30931579984010865,0.6499901520068502
cali love,neither,0.03590019277228542,0.3470259104819143,0.6170738967458003
daddy matt?,neither,0.03945320844208391,0.33037608806864915,0.630170703489267
Bidet from Idaho,neither,0.04066490145509902,0.30981049537100724,0.6495246031738937
That fight was crazy,neither,0.024523417178889687,0.48656173665096464,0.4889148461701457
I cast Regret,neither,0.03945320844208391,0.33037608806864915,0.630170703489267
hiiiiiiii,neither,0.03945320844208391,0.33037608806864915,0.630170703489267
hope Caleb isnt a total ass tonight,offensive_language,0.1831511298668054,0.7589442117482995,0.057904658384895176
Bidet from Denver!,neither,0.04069404815304118,0.30931579984010865,0.6499901520068502
Hey criters!! :D,neither,0.03945320844208391,0.33037608806864915,0.630170703489267
bidet from hawaii,neither,0.04062582848913359,0.31047366557575606,0.6489005059351104
"Bidet fromLong Island,NY!!",neither,0.03945320844208391,0.33037608806864915,0.630170703489267
I cast regret,neither,0.03945320844208391,0.33037608806864915,0.630170703489267
Bidet From Straya,neither,0.04228451509352876,0.2823214250720796,0.6753940598343917
Bidet,neither,0.03945320844208391,0.33037608806864915,0.630170703489267
Bidet from Seattle!,neither,0.040754399270683486,0.3082914838698526,0.650954116859464
Bidet from Edmonton,neither,0.04228451509352876,0.2823214250720796,0.6753940598343917
@strangers07 it's good day in grog speak,neither,0.03772701305655294,0.3148253379608308,0.6474476489826162
Bidet from Tennessee,neither,0.04071751644889743,0.3089174816120565,0.6503650019390461
"Bidet from Sahuarita, AZ!",neither,0.04078317879478948,0.307803020237201,0.6514138009680096
"Bidet from Dallas,Tx!",neither,0.040477971317663786,0.312983187652067,0.6465388410302692
Bidet from KC,neither,0.04066490145509902,0.30981049537100724,0.6495246031738937
Bidet from PA,neither,0.04069404815304118,0.30931579984010865,0.6499901520068502
@ImALadyDangIt ah thank you! i watched the first campaign but i missed that xD i would of thought grog's 'beep beep' from be pleased be a joke here,neither,0.06025223745974009,0.29817523188510087,0.6415725306551591
Bidet from Austin tx,neither,0.0404991143919742,0.31262433450199256,0.6468765511060333
excitementtt,neither,0.03945320844208391,0.33037608806864915,0.630170703489267
Bidet from Omaha!,neither,0.04228451509352876,0.2823214250720796,0.6753940598343917
This is the first stream I'm able to catch and I can't wait,neither,0.04281214907552232,0.2895711971402759,0.6676166537842019
I CAST DADDY MATT,neither,0.03945320844208391,0.33037608806864915,0.630170703489267
Bidet from Toronto,neither,0.04066490145509902,0.30981049537100724,0.6495246031738937
I CAST FLARE!~,neither,0.03945320844208391,0.33037608806864915,0.630170703489267
Bidet!,neither,0.03945320844208391,0.33037608806864915,0.630170703489267
bidet,neither,0.03945320844208391,0.33037608806864915,0.630170703489267
bidet errybdy,neither,0.03945320844208391,0.33037608806864915,0.630170703489267
could you imagine if Cali hadn't been there to save Beau,neither,0.0391097756660622,0.3651575044230301,0.5957327199109076
bidet,neither,0.03945320844208391,0.33037608806864915,0.630170703489267
"""I cast Regret"" - Travis",neither,0.03945320844208391,0.33037608806864915,0.630170703489267
Bidet from Tennessee!,neither,0.04071751644889743,0.3089174816120565,0.6503650019390461
"@kalanthorlos1 I'm so sorry, but for a second I thout you were saying bedet from cheesecake.",neither,0.037219809456936925,0.34984648106968763,0.6129337094733754
@Lorgatris they will announce when it will happen,neither,0.03324555048769956,0.3312930010750244,0.6354614484372759
Bidet from NEPA!!!!!,neither,0.04228451509352876,0.2823214250720796,0.6753940598343917
no regerts,neither,0.036918905254960256,0.37338982715841207,0.5896912675866277
Bidet,neither,0.03945320844208391,0.33037608806864915,0.630170703489267
love that she doesn't mention liam almost killing beau :p,neither,0.035938309430528496,0.4186260654838729,0.5454356250855985
I cast regret,neither,0.03945320844208391,0.33037608806864915,0.630170703489267
Bidet from Bethlehem PA,neither,0.04069404815304118,0.30931579984010865,0.6499901520068502
Montreal bidet to all!! <3,neither,0.04953728328696688,0.40718489053006685,0.5432778261829662
BIDET AND BEEP BEEP FROM SEATTLE,neither,0.039681603862927066,0.26414184792613987,0.6961765482109331
regret >.>,neither,0.03945320844208391,0.33037608806864915,0.630170703489267
how dare you sit where he sat,neither,0.05968859015684828,0.3390238551674001,0.6012875546757517
I cast REGRET....LOL,neither,0.03293430441100055,0.37693317865953785,0.5901325169294617
Bidet from SoCal,neither,0.04062582848913359,0.31047366557575606,0.6489005059351104
hiiiiiiiiiiiii,neither,0.03945320844208391,0.33037608806864915,0.630170703489267
bidet from ALSO Tennessissy,neither,0.04106389839533116,0.30303847599623085,0.655897625608438
Bidet from Seattle!!!!,neither,0.040754399270683486,0.3082914838698526,0.650954116859464
my stream keeps buffering,neither,0.028972306121373616,0.41131481276367726,0.5597128811149491
bidet from newfoundland,neither,0.04228451509352876,0.2823214250720796,0.6753940598343917
Bidet from Salt Lake City Utah!,neither,0.04017919982799684,0.3180541195631696,0.6417666806088336
"Can ""I cast regret"" be a shirt?",neither,0.04000395463927167,0.3297097050544431,0.6302863403062853
celxHype,neither,0.03945320844208391,0.33037608806864915,0.630170703489267
Bidet from Vashon Island Washington USA,neither,0.04028906282609389,0.31618945776588525,0.643521479408021
bidet from stl,neither,0.04228451509352876,0.2823214250720796,0.6753940598343917
"""I cast gay"" -Travis.",neither,0.19312182781751241,0.2149173445376964,0.5919608276447912
bidet,neither,0.03945320844208391,0.33037608806864915,0.630170703489267
@methmaker77 he never was...,neither,0.040953066641283044,0.3930672166126125,0.5659797167461045
Bidet from Brooklyn.,neither,0.04079557052152802,0.30759270029461827,0.6516117291838538
Bidet from Memphis TN,neither,0.04042374769943318,0.3139035039658076,0.6456727483347593
Hope Beau isn't a butt tonight,neither,0.07759830381255088,0.22934298173661774,0.6930587144508313
"Beep Beep and Bidet with no regrets from Houston, TX",neither,0.03133682686596568,0.32526695658159427,0.6433962165524401
Bidet from Las Vegas!,neither,0.040400041164603724,0.3143058657309893,0.6452940931044071
So hyped!,neither,0.039408962504520015,0.38382265604540616,0.5767683814500738
Casting regret is a little different from casting fist :D,neither,0.04608825681873059,0.31876351692289606,0.6351482262583734
10 min for central time lol,neither,0.028918859491516555,0.36112531372722295,0.6099558267812606
Hello everyone! ❤️,neither,0.03269494828970791,0.4450814005079928,0.5222236512022994
Bidet from Ohio.,neither,0.040754399270683486,0.3082914838698526,0.650954116859464
the dnd beyond song has been stuck in my head all week. Hope they make a ringtone!,neither,0.048305796626918716,0.3609923480378153,0.590701855335266
Bidet from Florida,neither,0.0408948396164547,0.30590784468201904,0.6531973157015263
bidet from mid-missouri,neither,0.04041510871920598,0.31405013000620496,0.645534761274589
"""yeah, I cast regret""",neither,0.02629631707135899,0.4198589118846745,0.5538447710439665
Bidet and Beep Beep from Fredericton New Brunswick!,neither,0.04399857857129187,0.12516059002389057,0.8308408314048176
@TheCorvid Oh 'beep beep' is a joke here too lol,neither,0.09412032344220761,0.29781190984460026,0.608067766713192
Bidet form California!!!,neither,0.059666608590021444,0.3234237728601305,0.616909618549848
BIDET YALL,neither,0.03639464868045676,0.3822878294283694,0.5813175218911739
"bidet from SoFlo folks, lets make sure to keep it positive and pleasant tonight! Love y'all critters!",neither,0.036242307214931185,0.40502967024653436,0.5587280225385346
Bidet from Oregon,neither,0.04071751644889743,0.3089174816120565,0.6503650019390461
Yea,neither,0.03908133164861177,0.3366878077749653,0.624230860576423
Hello!,neither,0.03945320844208391,0.33037608806864915,0.630170703489267
FortOne,neither,0.03945320844208391,0.33037608806864915,0.630170703489267
hi,neither,0.03945320844208391,0.33037608806864915,0.630170703489267
bidet!!!,neither,0.03945320844208391,0.33037608806864915,0.630170703489267
hi,neither,0.03945320844208391,0.33037608806864915,0.630170703489267
HAPPY PRIDE MONTH,neither,0.03945320844208391,0.33037608806864915,0.630170703489267
"let's be honest, Fjord... lot's of casters have Aura of Regret/Deep Regret",neither,0.0314097411160608,0.3527599735903765,0.6158302852935628
Bidet from Atlanta!!,neither,0.04078317879478948,0.307803020237201,0.6514138009680096
"Now now folks, both Caleb and Beau had their points.",neither,0.03894929859160601,0.3057875626078616,0.6552631388005323
Biget Augusta Ga,neither,0.03945320844208391,0.33037608806864915,0.630170703489267
ferociousHype Bidet from Metro Detroit! gandsBeau LesbianPride Love is Squeeze!,neither,0.04352819360826016,0.3253398854443994,0.6311319209473405
I CAST FLARE ON THE CARAGE!~,neither,0.03544871912850776,0.3273670060351998,0.6371842748362925
#2,neither,0.03945320844208391,0.33037608806864915,0.630170703489267
Eyyyy! Fellow Ohio person!,neither,0.03945320844208391,0.33037608806864915,0.630170703489267
"I want an ""I cast regret"" t-shirt",neither,0.039854398343488556,0.32356684841960276,0.6365787532369088
bidet from oregon!,neither,0.04071751644889743,0.3089174816120565,0.6503650019390461
"@TheCorvid Yeah, Grog is responsible for both things. XD",neither,0.027490338636017825,0.3910427605791784,0.5814669007848038
whos here to love and support Marisha Ray,neither,0.1166389326588943,0.26724592016114507,0.6161151471799607
bidet from michigan,neither,0.040769555981420263,0.3080342349327864,0.6511962090857933
herro,neither,0.03945320844208391,0.33037608806864915,0.630170703489267
bidet from toronto! is anyone crafting tonight?,neither,0.04466644821813451,0.2947579114567726,0.6605756403250929
bidet from Illinois,neither,0.04069404815304118,0.30931579984010865,0.6499901520068502
Bidet from ATL,neither,0.04078317879478948,0.307803020237201,0.6514138009680096
Bidet from Ontario,neither,0.04062582848913359,0.31047366557575606,0.6489005059351104
look Minis!!,neither,0.04415703775132217,0.3287582254722749,0.6270847367764029
KappaPride,neither,0.03945320844208391,0.33037608806864915,0.630170703489267
bidet from Wisconsin,neither,0.04071751644889743,0.3089174816120565,0.6503650019390461
@Nandersen2905 Yesss! I immediately looked the day after!,neither,0.03915850507896805,0.3080474575338859,0.6527940373871461
gandsTwenty,neither,0.03945320844208391,0.33037608806864915,0.630170703489267
Bidet from Maine!,neither,0.04069404815304118,0.30931579984010865,0.6499901520068502
Anyone else here from the south east?,neither,0.07284219527994547,0.2774799367272669,0.6496778679927875
Wooot its thursday,neither,0.032172426933007474,0.33288028269424347,0.634947290372749
Bidet from Anchorage!,neither,0.04228451509352876,0.2823214250720796,0.6753940598343917
