text,top_class,hate_speech,offensive_language,neither
"I have to share something that totally happened to me today... if you have one of those 5 wheel office chairs, be careful during a thunderstorm! https://twitter.com/0ssborn/status/1004826962827862017",neither,0.04395222821665288,0.4223753413996744,0.5336724303836727
The problem with time travel is getting it right,neither,0.03075096124360795,0.4182785185126401,0.5509705202437519
Want the inside scoop? Join the cast of Critical Role and discuss this episode right here on Talks Machina. Tuesdays 7pm Pacific at twitch.tv/geekandsundry and projectalpha.com,neither,0.04630302093207864,0.22484473131932575,0.7288522477485957
@EricaTheStrange I don't think I would like FF13 anyway because I didn't really like Lightning as a character to begin with,neither,0.036615215877306546,0.40466383749088203,0.5587209466318114
LIVE,neither,0.04891340716200846,0.3271222919257548,0.6239643009122369
gandsLore gandsLore gandsLore gandsLore gandsLore,neither,0.03945320844208391,0.33037608806864915,0.630170703489267
came in just in time,neither,0.033429868123671505,0.37445906671256807,0.5921110651637606
gandsHype gandsHype gandsHype gandsHype gandsHype gandsHype gandsHype gandsHype gandsHype gandsHype,neither,0.03945320844208391,0.33037608806864915,0.630170703489267
Yay! So ready Ryan!!!,neither,0.039414545206798796,0.36845589728806616,0.5921295575051351
#EnthusiArmy Raid! Hugs for the hug-inclined!,neither,0.03519761243420562,0.3022028610332387,0.6625995265325556
Kingdom Hearts time?!?!,neither,0.03846598230579448,0.347131892056389,0.6144021256378166
gandsLore gandsLore gandsRyanHype gandsLore gandsLore,neither,0.03945320844208391,0.33037608806864915,0.630170703489267
Hugs for the Hug-inclined!,neither,0.03454421066142405,0.2978767114667817,0.6675790778717943
gandsLore gandsLore gandsHype gandsHype,neither,0.03945320844208391,0.33037608806864915,0.630170703489267
Lore me Sempai!,neither,0.018491955366437673,0.460246435692358,0.5212616089412043
Hi Hector!,neither,0.03945320844208391,0.33037608806864915,0.630170703489267
Lore Masters is no simple vegetables though. they are expertly prepared veg by our master chef Ryan with sous chef Hector,neither,0.04916480267617936,0.35600031612862015,0.5948348811952003
gandsHecBird gandsHecBird gandsHecBird gandsHecBird gandsHecBird,neither,0.03945320844208391,0.33037608806864915,0.630170703489267
hi all!,neither,0.0423466876598404,0.4436528871510691,0.5140004251890904
welcome to the internet!,neither,0.04581011161757677,0.3088624791717547,0.6453274092106686
Welcome Amy and raiders.,neither,0.038822933363010945,0.2991577467117473,0.6620193199252418
Co-host power,neither,0.03945320844208391,0.33037608806864915,0.630170703489267
Welcome Amy and Raiders!,neither,0.038822933363010945,0.2991577467117473,0.6620193199252418
@GeekandSundry What's up HECTOR & RYAN?!,neither,0.04258884039445235,0.38797600273241695,0.5694351568731306
gandsRyanHype gandsDick,neither,0.03945320844208391,0.33037608806864915,0.630170703489267
gandsHappy amydFocus ENTHUSIARMY RAID! gandsHug s for the gandsHug -inclined!,neither,0.03412816705421331,0.29512293809077,0.6707488948550168
We have a subscriber-only Discord server! Join here: https://discord.gg/geekandsundry (you'll need to sub and link it to your Twitch) and be a part of the fun!...Warning: It can take up to an hour for the server to update and give you access to the channels,neither,0.08464076273808444,0.286394834032893,0.6289644032290227
#EnthusiArmy Raid! hugs for the hug inclined!,neither,0.03519761243420562,0.3022028610332387,0.6625995265325556
#EnthusiArmy RAID. Hugs for the hug inclined,neither,0.03519761243420562,0.3022028610332387,0.6625995265325556
gandsDick,neither,0.03945320844208391,0.33037608806864915,0.630170703489267
#EnthusiArmy Raid! tinytatoHugs for the gandsHug inclined!,neither,0.03412816705421331,0.29512293809077,0.6707488948550168
gandsLore,neither,0.03945320844208391,0.33037608806864915,0.630170703489267
A WHOOOOLE NEW WORLD,neither,0.044634059562939025,0.19835244194536955,0.7570134984916914
!whodat,neither,0.03945320844208391,0.33037608806864915,0.630170703489267
"Ryan Green ( twitter.com/HydroSnail ), Hector Navarro ( twitter.com/Hectorisfunny ), Mica Burton ( twitter.com/MicaBurton ).",neither,0.039136783610362644,0.4503317921716166,0.5105314242180207
#EnthusiArmy RAID gandsHug for the gandsHug inclined! amydFocus amydFocus amydFocus,neither,0.03412816705421331,0.29512293809077,0.6707488948550168
gandsJohnson gandsRyanHype gandsDick,neither,0.03945320844208391,0.33037608806864915,0.630170703489267
Ryan and Hector.,neither,0.03846438058034846,0.2787701933039564,0.6827654261156952
Hugs for the hug inclined,neither,0.03454421066142405,0.2978767114667817,0.6675790778717943
greetings,neither,0.03945320844208391,0.33037608806864915,0.630170703489267
gandsHype hrpgHeyo Ryan hrpgHeyo Hector hrpgHeyo Mica,neither,0.03945320844208391,0.33037608806864915,0.630170703489267
<3,neither,0.03945320844208391,0.33037608806864915,0.630170703489267
It wouldn't be G&S without multiple Hector shows.,neither,0.03869894637369523,0.3336905807800638,0.6276104728462409
"Hi Mica, glad to see you out here!",neither,0.11403588277177883,0.34208083371042786,0.5438832835177932
"Hector ""Dreamy eyes"" Navarro",neither,0.041245115570604805,0.29996274759269637,0.6587921368366989
@Ossborn it's Micah. :P,neither,0.034373745257138544,0.33212314837979673,0.6335031063630647
And lots of confusion. :D,neither,0.03850315564568478,0.2811166584730002,0.680380185881315
Oops...,neither,0.03945320844208391,0.33037608806864915,0.630170703489267
"""slightly confusing"" unicorn cupcake, i love it",neither,0.03645536355755786,0.34011125172478823,0.623433384717654
jcvimHi Mica,neither,0.03945320844208391,0.33037608806864915,0.630170703489267
"Download the new Critical Role theme song for Campaign Two! http://itunes.apple.com/album/id1331550250?ls=1&app=itunes Sales of the song support the musician, Jason Charles Miller.",neither,0.04445767596344001,0.2510827790306858,0.7044595450058742
MIICA,neither,0.03945320844208391,0.33037608806864915,0.630170703489267
gandsHug S for the gandsHug -inclined!,neither,0.03254860053960828,0.28467712773523957,0.6827742717251521
low-key the series wasn't hard to understand until 3d,neither,0.036503591024456036,0.4556656802144848,0.5078307287610593
!whodat,neither,0.03945320844208391,0.33037608806864915,0.630170703489267
"Ryan Green ( twitter.com/HydroSnail ), Hector Navarro ( twitter.com/Hectorisfunny ), Mica Burton ( twitter.com/MicaBurton ).",neither,0.039136783610362644,0.4503317921716166,0.5105314242180207
Hold my hoops,neither,0.0289859600802335,0.4111969236847168,0.5598171162350497
Challenge accepted!,neither,0.03945320844208391,0.33037608806864915,0.630170703489267
JMPickering It´s also 1 AM and I´m tired already ... typos happen,neither,0.037200032712849926,0.3158685214400583,0.6469314458470918
gandsHecBird gandsHecBird gandsHecBird,neither,0.03945320844208391,0.33037608806864915,0.630170703489267
"Oh, Hey Mica Burton!",neither,0.04434680580347627,0.28363356546311086,0.6720196287334128
i so miss Mica on The Know,neither,0.027388177232183036,0.3840296913090835,0.5885821314587335
"Sille me... I thought you were talking to me, @Ossborn lol",neither,0.039899520874069914,0.37971289010188275,0.5803875890240472
See? I´m not the only one typing her name wrong :-P,offensive_language,0.030607895814560932,0.5010831670233745,0.4683089371620646
Wait Marvel? Is that confirmed for 3? Like actually?,neither,0.044637154276300516,0.3453804190663161,0.6099824266573834
Silly*,neither,0.03945320844208391,0.33037608806864915,0.630170703489267
"Help G&S make great content! $4.99/month gets you emotes, Minecraft server access, sub-only VODs, and more! Every sub keeps the channel alive! twitch.tv/geekandsundry/subscribe",neither,0.043907990691603095,0.31135964332838284,0.644732365980014
Pete's a villain? What about his dragon?,neither,0.06563185881055768,0.350340935691679,0.5840272054977634
i havent seen anything confirming marvel,neither,0.03945320844208391,0.33037608806864915,0.630170703489267
leia is not a princess of heart >.>,neither,0.045989082342375094,0.3324512702659732,0.6215596473916518
"BibleThump Rooster Teeth and Geek and Sundry, When worlds collide. I thought I would never see the day",neither,0.032972606928713614,0.26934574901810904,0.6976816440531775
Loki is gender fluid,neither,0.04912624121044723,0.3270490885368631,0.6238246702526896
Loki has birthed 3 things.,neither,0.03983604435130319,0.323878363567091,0.6362855920816058
I said weeks ago Kingdom hearts should be mashed up with the Infinite Gauntlet: one world per gem.,neither,0.03733991673252552,0.3934501745197445,0.56920990874773
is that hackerman? LUL,neither,0.0436934699612105,0.3723876712986079,0.5839188587401816
"Argh.. .and I didnt misstype the name, I blame my last 2 wrong comments on @JMPickering :-P",neither,0.029400846484952628,0.3570697693799456,0.6135293841351017
"Okay, time to break and replace my keyboard. :P",neither,0.03431295381794694,0.3694375915073623,0.5962494546746907
Best Disney Princess: Squirrel Girl.,neither,0.03469720542090338,0.36623314585153416,0.5990696487275624
"Loki will do anything, male, female and animal!",neither,0.03940697163364448,0.30871235347037806,0.6518806748959775
"Totally my fault, @Ossborn . I thought you were typing out my name. lol",neither,0.02897548540723231,0.4339025492028786,0.537121965389889
...and now I feel old. :(,neither,0.0385051682541156,0.2812373325963686,0.6802574991495157
I stand by the point that Elsa is NOT a princess,neither,0.04144791901450913,0.3869709443577168,0.5715811366277741
wait wait wait... MMO?,neither,0.03945320844208391,0.33037608806864915,0.630170703489267
@JMPickering And I fell for it because of my tiredness :-D,neither,0.02078616671706884,0.3977921338434245,0.5814216994395067
@GreenishPtero She is. Let it go. :P,offensive_language,0.028845308312559034,0.4990661823606377,0.4720885093268033
!whodat,neither,0.03945320844208391,0.33037608806864915,0.630170703489267
"Ryan Green ( twitter.com/HydroSnail ), Hector Navarro ( twitter.com/Hectorisfunny ), Mica Burton ( twitter.com/MicaBurton ).",neither,0.039136783610362644,0.4503317921716166,0.5105314242180207
NO,neither,0.036918905254960256,0.37338982715841207,0.5896912675866277
!points @DHStom,neither,0.03945320844208391,0.33037608806864915,0.630170703489267
"That was an excellent pun, @DHStom! Here, have some points for that one! You have been awarded 62 points!",neither,0.05003766897837674,0.38201493930407926,0.5679473917175439
,neither,0.03945320844208391,0.33037608806864915,0.630170703489267
,neither,0.03945320844208391,0.33037608806864915,0.630170703489267
"@RuzgofDI kinda. She means KH X, which was originally on PC and rereleased in the west on phones. It explains the history of the Keyblade War, thousands of years before the main series.",neither,0.03465857880497753,0.35299657433629866,0.6123448468587239
Proverbial*,neither,0.03945320844208391,0.33037608806864915,0.630170703489267
Kingdom HEARTS!! bleedPurple bleedPurple bleedPurple,neither,0.03945320844208391,0.33037608806864915,0.630170703489267
so Kingdom Hearts Keyblade Notes!,neither,0.039417510222034616,0.36356695758822477,0.5970155321897407
There are not any alternate timelines in the Kingdom Hearts franchise.,neither,0.05117578831030145,0.27596089934404805,0.6728633123456506
I can't. thats why I'm dropping out of my master,neither,0.022176823790253805,0.41370228049600694,0.5641208957137392
Hector could dictate a 60 page dissertation in his sleep,neither,0.060025078997900806,0.33211017381108077,0.6078647471910185
Hey it's mica pika,neither,0.03703312613422011,0.3312084653486559,0.631758408517124
Don't want to deal with the 3ds game again....,neither,0.032415258467242296,0.33355729397750844,0.6340274475552493
I can't get enough of the confusing bullshit,neither,0.04673201256124673,0.44258150098591326,0.5106864864528401
Oh Honey,neither,0.045811638806079476,0.27027630719149476,0.6839120540024257
never play Kingdom hearts ...is it a good game ?,neither,0.03997229472023111,0.327970848810381,0.6320568564693878
"Kingdom Hearts ""3"" (But really like 14)",neither,0.044298180957472566,0.348940265894752,0.6067615531477754
ALl the games in the franchise are important in the story leading into KH3,neither,0.051737579805782176,0.3142810806316697,0.6339813395625482
Amen @DHStom,neither,0.03945320844208391,0.33037608806864915,0.630170703489267
I'm already confused,neither,0.038129397215398986,0.35284461945748896,0.6090259833271122
so who all here is hyped for Fallout 5?,neither,0.07481695812564391,0.40381928388628857,0.5213637579880674
I have never played any of the Kingdom Hearts game but they do sound like fun,neither,0.04027983691418816,0.3382607620656854,0.6214594010201263
1.5 + 2.5 is it's own game on PS4,neither,0.0666990669110182,0.2956163727250058,0.637684560363976
confused? welcome to KH,neither,0.04715759129831531,0.325894208107604,0.6269482005940807
wait ... there is more than 1 Console on the Franchise?...... Q.Q,neither,0.04301962338980839,0.2982394815330268,0.6587408950771647
chain of memories was my first and yes it was aweful,neither,0.026748940480655146,0.363274804965279,0.6099762545540659
chain of memories was my first kingdom hearts game,neither,0.028821684759818108,0.35681464092907356,0.6143636743111084
my poor wallet,neither,0.028606940285699278,0.4144827048846625,0.5569103548296381
Chained Memories? I think my sister played it.,neither,0.030010914489205853,0.39143619495439136,0.5785528905564029
LUL Right!,neither,0.038432676442350794,0.35028548725472264,0.6112818363029265
