text,top_class,hate_speech,offensive_language,neither
Oh,neither,0.051363287716059566,0.22255663153133606,0.7260800807526044
peacock nebula would be a great name for a band,neither,0.033030085551486794,0.2857646437262635,0.6812052707222498
THEME IS THING: _ _ _ _ _ / _ _ / _ _ _ _ _ _ :,neither,0.04808911061884846,0.3274058053055621,0.6245050840755894
I alt-tabbed for a sec,neither,0.03437413967765019,0.30500216449335943,0.6606236958289905
A,neither,0.03945320844208391,0.33037608806864915,0.630170703489267
O,neither,0.03945320844208391,0.33037608806864915,0.630170703489267
S,neither,0.03945320844208391,0.33037608806864915,0.630170703489267
Open Hail,neither,0.03945320844208391,0.33037608806864915,0.630170703489267
Sup chat and mods!!,neither,0.03867350484414754,0.29098529252858907,0.6703412026272634
GAME OVER!!!!,neither,0.03384899033750616,0.2688877552514681,0.6972632544110258
"Greetings, all",offensive_language,0.046917543854519406,0.6277741405869331,0.3253083155585475
oooh glasses!Eric,neither,0.03945320844208391,0.33037608806864915,0.630170703489267
NEXT TIME,neither,0.03649685261852679,0.38055316186829746,0.5829499855131758
glasses!,neither,0.03945320844208391,0.33037608806864915,0.630170703489267
Rings Of Saturn,neither,0.03945320844208391,0.33037608806864915,0.630170703489267
Eric Glasses!,neither,0.03945320844208391,0.33037608806864915,0.630170703489267
@sunlitlake accurate xD,neither,0.03945320844208391,0.33037608806864915,0.630170703489267
Eric looks super fancy today,neither,0.038379110312108417,0.3139955047954481,0.6476253848924436
<3,neither,0.03945320844208391,0.33037608806864915,0.630170703489267
Hi @Avenger1735 @flamingidiot25,neither,0.03945320844208391,0.33037608806864915,0.630170703489267
a snort so early,neither,0.04095196987319707,0.34942186101982875,0.6096261691069741
awww no Aliza B(,neither,0.038465455673613855,0.34714083037889465,0.6143937139474915
Darin Appauling,neither,0.03945320844208391,0.33037608806864915,0.630170703489267
because we dont have enough of those,neither,0.062030612496492304,0.2748145233395731,0.6631548641639345
"Dawwwww, no Aliza? :(",neither,0.036918905254960256,0.37338982715841207,0.5896912675866277
@Slippydude was it Rings Of Saturn?,neither,0.03772350351510153,0.33324144358072566,0.6290350529041728
he has the screen back!,neither,0.04457831495516793,0.30489575551730336,0.6505259295275287
"Download the new Critical Role theme song for Campaign Two! http://itunes.apple.com/album/id1331550250?ls=1&app=itunes Sales of the song support the musician, Jason Charles Miller.",neither,0.04445767596344001,0.2510827790306858,0.7044595450058742
Chat loves Amy..... Right,neither,0.03870235206225652,0.3450319566731547,0.6162656912645889
No Alesha?,neither,0.036918905254960256,0.37338982715841207,0.5896912675866277
@JMPickering nope,neither,0.03945320844208391,0.33037608806864915,0.630170703489267
!amy,neither,0.03945320844208391,0.33037608806864915,0.630170703489267
"Internet Sensation Amy Dallen is a comic enthusiast, a Geek & Sundry host, and a wonderfully thoughtful and charming fan-centric person! She plays 'Curie' in the Future Girl webseries! Find her at twitter.com/enthusiamy and check out Future Girl here, http://bit.ly/1U6LQdy",neither,0.04242970691477908,0.3812436685823175,0.5763266245029034
Aww,neither,0.03945320844208391,0.33037608806864915,0.630170703489267
XD,neither,0.03945320844208391,0.33037608806864915,0.630170703489267
gandsFacepalm gandsFacepalm gandsFacepalm gandsFacepalm,neither,0.03945320844208391,0.33037608806864915,0.630170703489267
Eric sporting the Clark Kent look,neither,0.0401972431827327,0.3162937881084742,0.6435089687087931
gandsFacepalm gandsFacepalm gandsFacepalm gandsFacepalm,neither,0.03945320844208391,0.33037608806864915,0.630170703489267
Awww Gina <3,neither,0.03945320844208391,0.33037608806864915,0.630170703489267
is the game over?,neither,0.044232839978171686,0.25484275866669653,0.7009244013551318
FailFish <3,neither,0.03945320844208391,0.33037608806864915,0.630170703489267
Gena!,neither,0.03945320844208391,0.33037608806864915,0.630170703489267
This is the Federation's new official bowling uniform.,neither,0.047401028706955485,0.25390721815443124,0.6986917531386133
Hey Aux Crew!,neither,0.03945320844208391,0.33037608806864915,0.630170703489267
We still believe in you Gina!,neither,0.059434665100841055,0.4134836483731043,0.5270816865260546
gandsFacepalm gandsFacepalm gandsFacepalm gandsFacepalm gandsFacepalm gandsFacepalm,neither,0.03945320844208391,0.33037608806864915,0.630170703489267
gandsFacepalm gandsFacepalm gandsFacepalm,neither,0.03945320844208391,0.33037608806864915,0.630170703489267
She just comes straight from the holodeck to whatever they encounter,neither,0.042066405180125846,0.3844872881307047,0.5734463066891695
holodeck bowling episode. I'd watch that,neither,0.040665130085429775,0.364284882367623,0.5950499875469473
2,neither,0.03945320844208391,0.33037608806864915,0.630170703489267
Gina rolled several Complications IRL,neither,0.03945320844208391,0.33037608806864915,0.630170703489267
hi @shidareAKI <3,neither,0.03945320844208391,0.33037608806864915,0.630170703489267
We need STABeyond,neither,0.038840361614517614,0.3324442359914764,0.6287154023940059
"Help G&S make great content! $4.99/month gets you emotes, Minecraft server access, sub-only VODs, and more! Every sub keeps the channel alive! twitch.tv/geekandsundry/subscribe",neither,0.043907990691603095,0.31135964332838284,0.644732365980014
Doesn't quite roll of the tongue though.,neither,0.038805007700387854,0.31859895372464364,0.6425960385749686
"@nomlicious hangperson -> yes, Shield of Tomorrow -> no, just started",neither,0.03463388183312638,0.36248471523405856,0.6028814029328152
this is why I always have a copy of my players characters.,neither,0.028099587504495527,0.436021005902445,0.5358794065930594
Gina's wearing something from the Laverne & Shirley Collection :P,neither,0.039541184614907854,0.30665349212817455,0.6538053232569175
,neither,0.03945320844208391,0.33037608806864915,0.630170703489267
I hope everyone is doing well today!,neither,0.0731807556668554,0.30004719660516366,0.626772047727981
.........what?,neither,0.057770773616808734,0.3180719994247239,0.6241572269584672
eeekkkkkkk,neither,0.03945320844208391,0.33037608806864915,0.630170703489267
bnansCry,neither,0.03945320844208391,0.33037608806864915,0.630170703489267
Don't make Gina roll anything important because she doesn't have her dice so good rolls are not guaranteed,offensive_language,0.044660474871403455,0.4900071027625981,0.46533242236599853
D:,neither,0.03945320844208391,0.33037608806864915,0.630170703489267
Is it now!,neither,0.052746092264029106,0.3258040557690852,0.6214498519668857
IT'S TIME,neither,0.034389982057555904,0.3710596410554468,0.5945503768869974
"I usually send a copy of my character sheet to my DM, as a backup",neither,0.030066246798080804,0.430016564894779,0.5399171883071403
11 months,neither,0.03945320844208391,0.33037608806864915,0.630170703489267
GASP,neither,0.03945320844208391,0.33037608806864915,0.630170703489267
is how you say it,neither,0.08374055627920764,0.3998571358575161,0.5164023078632762
Hi everyone. it's been awhile since I've had the chance to watch live,neither,0.02903855590711499,0.3682424846591985,0.6027189594336865
11 monthaversary?,neither,0.03945320844208391,0.33037608806864915,0.630170703489267
oops,neither,0.03945320844208391,0.33037608806864915,0.630170703489267
NotLikeThis It's been a year already,neither,0.0362983231000923,0.35774711451377306,0.6059545623861347
Bowling pin wedged in the Jeffries Tube...,neither,0.03881360255856512,0.31875771268569814,0.6424286847557368
"yeah, i remember the 4th of july marathon for TBD",neither,0.025590506393179824,0.37240844712380394,0.6020010464830162
Wow....,neither,0.03945320844208391,0.33037608806864915,0.630170703489267
Noooooo!!! Don't leave us!,neither,0.09888639052562166,0.3180968560516573,0.5830167534227211
:(,neither,0.03945320844208391,0.33037608806864915,0.630170703489267
NOOO!!!!,neither,0.03945320844208391,0.33037608806864915,0.630170703489267
shield ofNoooooooooo,neither,0.03945320844208391,0.33037608806864915,0.630170703489267
WHAT,neither,0.057770773616808734,0.3180719994247239,0.6241572269584672
why?,neither,0.016768318525353994,0.3685911158159394,0.6146405656587067
noooooo!,neither,0.03945320844208391,0.33037608806864915,0.630170703489267
Awww :(,neither,0.03945320844208391,0.33037608806864915,0.630170703489267
About a week after my birthday.,neither,0.0273942678885215,0.43847402166447785,0.5341317104470007
why not just make more?,neither,0.023363671301222636,0.3679349253240641,0.6087014033747131
final episode. well that's disappointing,neither,0.03596857592555903,0.36820913582332204,0.5958222882511189
"Oh, Erik isn't going fast enough to the better news",neither,0.046128457926428806,0.3008773900903078,0.6529941519832634
"Wait, wrapping up as in the show, or just the campaign?",neither,0.04105248107723745,0.3283245806993055,0.6306229382234569
"ERIC, JUST MAKE MORE",neither,0.036633451873694364,0.34200593885001357,0.621360609276292
Keep listening :),neither,0.03945320844208391,0.33037608806864915,0.630170703489267
will there be another one? OnO,neither,0.10367184622193597,0.2106982985648679,0.6856298552131961
Shield of Tomorrow and its characters shall live on in our hearts and minds!,neither,0.036194268902997664,0.29663695008688984,0.6671687810101126
"Noooooooo, I'm going to miss this show",neither,0.04948184988811549,0.29031467099933406,0.6602034791125505
Let Eric finish all the news,neither,0.027933564228214334,0.3958768967633533,0.5761895390084323
,neither,0.03945320844208391,0.33037608806864915,0.630170703489267
sad,neither,0.03945320844208391,0.33037608806864915,0.630170703489267
THERE'S MORE NEWS,neither,0.04154144204570381,0.2696019796139241,0.688856578340372
So next is a Star Wars Old Republic rpg show?,neither,0.057923854551273066,0.3131864844689471,0.6288896609797799
their?,neither,0.03945320844208391,0.33037608806864915,0.630170703489267
my,offensive_language,0.011017215557639733,0.6062201221254095,0.3827626623169507
campaign,neither,0.03945320844208391,0.33037608806864915,0.630170703489267
"Calm down, folks! There's more!",neither,0.040941777397262395,0.2862580573089716,0.6728001652937661
Breath everyone.,neither,0.03281926852693339,0.4429713616323113,0.5242093698407553
My modversary is Tomorrow,neither,0.03272061566674757,0.44942826744398184,0.5178511168892707
8(,neither,0.03945320844208391,0.33037608806864915,0.630170703489267
@shidareAKI *petpet* xD,neither,0.03945320844208391,0.33037608806864915,0.630170703489267
way to go GNS no fear to embrace the noob and geeks,neither,0.049147238226821544,0.29663503832367244,0.654217723449506
Happy modversary @shidareAKI,neither,0.03945320844208391,0.33037608806864915,0.630170703489267
???,neither,0.03945320844208391,0.33037608806864915,0.630170703489267
oh no,neither,0.04751210705993949,0.26629718932274826,0.6861907036173122
but,neither,0.02962635344032169,0.3618162153579155,0.6085574312017628
👀,neither,0.03945320844208391,0.33037608806864915,0.630170703489267
<3 you @shidareAKI,offensive_language,0.21217306638279385,0.6099082758190073,0.17791865779819876
,neither,0.03945320844208391,0.33037608806864915,0.630170703489267
Thank you @EricaTheStrange I was modded during an episode of TBD,neither,0.0528791395882564,0.37234053433041525,0.5747803260813283
but but star trek,neither,0.034127719865907166,0.34656626192532,0.6193060182087728
Thank all I want.,neither,0.04182578003769395,0.4392587348424059,0.5189154851199
And today was that day last year!,neither,0.03462655272685089,0.30238945821008434,0.6629839890630649
@Zismarith id love to see that,neither,0.03886437239796163,0.3872824806443442,0.5738531469576942
I am so excited for the new show,neither,0.0482180476256088,0.1879318431400564,0.7638501092343349
Oh wow...so it's not just the campaign. Shield of Tomorrow is ending... :(,neither,0.04223797329585942,0.3314247007801977,0.6263373259239429
interesting,neither,0.03945320844208391,0.33037608806864915,0.630170703489267
OOOOOOOOOOOOHHHHHHHH YES!,neither,0.03945320844208391,0.33037608806864915,0.630170703489267
I remember @shidareAKI,neither,0.03945320844208391,0.33037608806864915,0.630170703489267
<3,neither,0.03945320844208391,0.33037608806864915,0.630170703489267
Cypher System HYPE!!!!!!,neither,0.03945320844208391,0.33037608806864915,0.630170703489267
you can kind of see the room reflected in Eric's glasses,neither,0.04845491307454027,0.3436260830309529,0.6079190038945068
@OceanicPicon815 Ikr?,neither,0.03945320844208391,0.33037608806864915,0.630170703489267
"Change happens everyone... DON""T PANIC! <3",neither,0.05019039803814282,0.40265080886126436,0.5471587931005928
oh numinara is good,neither,0.06186859941731578,0.24978423786052037,0.6883471627221638
but my trek fix 8(,neither,0.027697780093507783,0.411051522425512,0.5612506974809802
"KappaHD We've all been through a lot in just a year, Glad to see more is on it's way gang",neither,0.02895183723495388,0.3711657351103603,0.5998824276546859
Numa Numa?,neither,0.03945320844208391,0.33037608806864915,0.630170703489267
"@GeekandSundry thank you for having me as a part of your team for the last year, I love you guys!",neither,0.05697693374225368,0.38143112962488834,0.561591936632858
Kappa,neither,0.03945320844208391,0.33037608806864915,0.630170703489267
@ShandraVdeG too late!!!,neither,0.039095774028857416,0.33644268289058776,0.6244615430805548
"Always Panic! like, all the time!",neither,0.04714972783110829,0.4665359460365522,0.48631432613233944
Sci fi or High fantasy?,neither,0.037095654956212934,0.3862655937111858,0.5766387513326012
"You can cancel VAST, Legendary, but it just keeps growing back thru the ventilation ducts.",neither,0.04139000604398077,0.35632091373408076,0.6022890802219384
eh. i guess i'll check it out. hopefully something else sci fi,neither,0.03624335530936551,0.34210949233802396,0.6216471523526106
gandsLessthanthree @shidareAKI Congrats on your Modiversary tomorrow,neither,0.06808732017714968,0.33546843047808295,0.5964442493447674
well i forgot that this started at 6 central glad i didn't miss anything,neither,0.025464838714432822,0.3952742818034651,0.5792608794821021
whoa two new campaigns in the same year... yes,neither,0.04259456811718197,0.2470129861528398,0.7103924457299783
@shidareAKI I was modded during SoT....,neither,0.039279601932671895,0.33332264361025676,0.6273977544570715
gandsTribble gandsTribble gandsTribble gandsTribble,neither,0.03945320844208391,0.33037608806864915,0.630170703489267
"@shidareAKI of course they chose you, because you're awesome. :)",neither,0.08770782075945205,0.3794530247565629,0.532839154483985
What about that Orion commodore they were trying to take down?,neither,0.04546966672193403,0.3637197932286431,0.5908105400494228
"Now get them to bring back After Trek, Eric!",neither,0.05348005464700755,0.32813863592681397,0.6183813094261784
"lays down, tries not to cry, cries",neither,0.04285690152136075,0.33104094339707635,0.626102155081563
if only CBS didn't go hardline with its streaming service.,neither,0.01673978215140845,0.4108956946247173,0.5723645232238742
wait are they doing a new campaign in voyager timeline,neither,0.06132445818966552,0.2320278447640384,0.7066476970462959
Called Eric not being able to get through this without tears. <3,neither,0.039076054861262255,0.3534229251080046,0.6075010200307331
;___;,neither,0.03945320844208391,0.33037608806864915,0.630170703489267
so much love for the Star Trek team...,neither,0.0302730491958121,0.33766365379141006,0.6320632970127779
awwww Eric,neither,0.03945320844208391,0.33037608806864915,0.630170703489267
,neither,0.03945320844208391,0.33037608806864915,0.630170703489267
if only cbs weren't total dicks about everything else,neither,0.02838857747509517,0.3766314797324107,0.5949799427924942
we love you too!,neither,0.05987235140481781,0.439487593510106,0.5006400550850761
🤗 <3 the Aux Crew.,neither,0.03858240665544655,0.31445895023239806,0.6469586431121553
TOO LATE ERIC,neither,0.03920283464918531,0.3346255847576692,0.6261715805931455
"Or, the fan backlash over Axanar made CBS a little more thoughtful.",neither,0.037704572669225785,0.3167465087321814,0.6455489185985929
"on one hand I'm sad there's no more Star Trek, but I'm happy I'll still see these guys playing something else",neither,0.039646645060621315,0.37767700343500504,0.5826763515043736
<3,neither,0.03945320844208391,0.33037608806864915,0.630170703489267
We love you too eric,neither,0.05226626928459579,0.4009301153062202,0.5468036154091839
gandsLessthanthree gandsLessthanthree gandsLessthanthree,neither,0.03945320844208391,0.33037608806864915,0.630170703489267
there will always be more tears....,neither,0.04110557083306268,0.3139855170804857,0.6449089120864516
www eric we love you,neither,0.05007280405664287,0.38413694015771505,0.565790255785642
ohhhhhhhhhhhhhh,neither,0.03945320844208391,0.33037608806864915,0.630170703489267
yay Jo :D,neither,0.03945320844208391,0.33037608806864915,0.630170703489267
love you guys on the team of Shield of Tomorrow,neither,0.0460459612308903,0.3783074396215351,0.5756465991475745
SO. EXCITED.,neither,0.03940839469474773,0.3948270312238364,0.565764574081416
did I miss the big announcement?,neither,0.017661633329214887,0.3834096581098166,0.5989287085609686
Oh my god Eric.,neither,0.03279076721390075,0.3665823120018041,0.6006269207842952
Eric as Mitazi?!? YAY!!!,neither,0.037626710085914776,0.36137653195370295,0.6009967579603822
that is amazing,neither,0.04468338400483953,0.38105317870292815,0.5742634372922323
oh come on we all know,neither,0.04202890055834746,0.40576902608154025,0.5522020733601123
I am so excited for that!,neither,0.029468739513773677,0.38466721615221555,0.5858640443340108
lower decks episode then,neither,0.03945320844208391,0.33037608806864915,0.630170703489267
will you be back too? @shidareAKI,neither,0.06810633642912682,0.3773316178590304,0.5545620457118428
jcvimHype jcvimHype jcvimHype,neither,0.03945320844208391,0.33037608806864915,0.630170703489267
its Amy,neither,0.03277433243904416,0.3326732597899778,0.634552407770978
the cast does not have good poker faces ;),neither,0.028717886632882075,0.41192509007766437,0.5593570232894535
3,neither,0.03945320844208391,0.33037608806864915,0.630170703489267
@EricaTheStrange I hope so!,neither,0.12463897626450345,0.20298967407480611,0.6723713496606905
mazearcSquee,neither,0.03945320844208391,0.33037608806864915,0.630170703489267
here's hoping Gina makes some cat ears for Eric,neither,0.05245156225218666,0.29861788127740135,0.6489305564704121
"@cinphoria No, no they don't",neither,0.03735074548609775,0.36606037142281267,0.5965888830910895
DABO!,neither,0.03945320844208391,0.33037608806864915,0.630170703489267
amy\,neither,0.03945320844208391,0.33037608806864915,0.630170703489267
"Series finale should have a cast member from Star Trek, like Garrett Wang, or Robert Picardo.",neither,0.05108314460781145,0.3510024914157236,0.5979143639764649
it's so going to be Sam.,neither,0.04342540194412693,0.40712749916464,0.549447098891233
All the annoucements tonight,neither,0.03573022854468891,0.36891472195131203,0.5953550495039991
Wish I could have joined the rp but this and voyager were the only two trek things I've seen so I felt unprepared to do this,neither,0.028684904325005492,0.3031806394880627,0.6681344561869318
i can't take anymore Eric,neither,0.03970990713991645,0.3260192412362138,0.6342708516238699
hector?,neither,0.03945320844208391,0.33037608806864915,0.630170703489267
I could see Hector since he's the Captain,neither,0.04346211846272639,0.3143068657537787,0.642231015783495
,neither,0.03945320844208391,0.33037608806864915,0.630170703489267
Amy Amy Amy Amy Amy,neither,0.03945320844208391,0.33037608806864915,0.630170703489267
Totally Amy,neither,0.03945320844208391,0.33037608806864915,0.630170703489267
no...,neither,0.036918905254960256,0.37338982715841207,0.5896912675866277
here it comes,neither,0.1093903443202627,0.27721022655596433,0.613399429123773
eeeeeeeeeeeeeeeee,neither,0.03945320844208391,0.33037608806864915,0.630170703489267
its gandsHappy,neither,0.02700859978372578,0.3346563596412867,0.6383350405749875
AHHHH!!!!!!!!!!!!!!!!!!!!!!!!!!,neither,0.03945320844208391,0.33037608806864915,0.630170703489267
Oh SHIET!,neither,0.051363287716059566,0.22255663153133606,0.7260800807526044
eeeeeeeeeeeee,neither,0.03945320844208391,0.33037608806864915,0.630170703489267
"Gina , Sam or Amy?",neither,0.03945320844208391,0.33037608806864915,0.630170703489267
OMFG!,neither,0.03945320844208391,0.33037608806864915,0.630170703489267
WHAT?!?!?!,neither,0.057770773616808734,0.3180719994247239,0.6241572269584672
what,neither,0.057770773616808734,0.3180719994247239,0.6241572269584672
WHAT,neither,0.057770773616808734,0.3180719994247239,0.6241572269584672
wow,neither,0.03945320844208391,0.33037608806864915,0.630170703489267
WHAT,neither,0.057770773616808734,0.3180719994247239,0.6241572269584672
YES!,neither,0.03945320844208391,0.33037608806864915,0.630170703489267
PogChamp PogChamp PogChamp PogChamp PogChamp PogChamp,neither,0.03945320844208391,0.33037608806864915,0.630170703489267
Wow that's amazing!!,neither,0.0352068775586594,0.3766377661013102,0.5881553563400305
:o,neither,0.03945320844208391,0.33037608806864915,0.630170703489267
NOICE!,neither,0.03945320844208391,0.33037608806864915,0.630170703489267
Whut.,neither,0.03945320844208391,0.33037608806864915,0.630170703489267
WHAAAAATT!!?,neither,0.03945320844208391,0.33037608806864915,0.630170703489267
WHAT,neither,0.057770773616808734,0.3180719994247239,0.6241572269584672
OMGOMGOMGOMGOMGOMG,neither,0.03945320844208391,0.33037608806864915,0.630170703489267
Sweeeet!,neither,0.03945320844208391,0.33037608806864915,0.630170703489267
what???? that is mazing,neither,0.06192082320891666,0.3949353930334496,0.5431437837576337
hmm,neither,0.03945320844208391,0.33037608806864915,0.630170703489267
OMFG!!!,neither,0.03945320844208391,0.33037608806864915,0.630170703489267
holy crap,neither,0.03945320844208391,0.33037608806864915,0.630170703489267
HOLY SHIT NOW I HAVE TO PLAY STO,offensive_language,0.05244846857144302,0.9457148554540371,0.0018366759745198958
I NEED HER!,offensive_language,0.02471967533893091,0.7202383053520942,0.2550420193089749
omgomgomg!!!!!!,neither,0.03945320844208391,0.33037608806864915,0.630170703489267
Yay!,neither,0.03945320844208391,0.33037608806864915,0.630170703489267
Ooooh boooyy.,neither,0.03945320844208391,0.33037608806864915,0.630170703489267
"is it currently on the system, or is it on a future patch?",neither,0.04285983152306993,0.33396034985168044,0.6231798186252496
Sally Ride is canon now.,neither,0.05116851835422635,0.3263466557772685,0.6224848258685051
The hunt is on!,neither,0.044183117393829754,0.3242281383172817,0.6315887442888886
CANONIZATION!!,neither,0.03945320844208391,0.33037608806864915,0.630170703489267
O.O Must get!,neither,0.040120198224423136,0.3190555307577303,0.6408242710178464
that's cool,neither,0.0331105145141573,0.4000689531361105,0.5668205323497322
"that did it, now i'm crying",neither,0.0338556297527304,0.376380607815165,0.5897637624321045
"Nice, now I have to go looking.",neither,0.04724702676182645,0.33968652615816225,0.6130664470800112
DUDE!,neither,0.03945320844208391,0.33037608806864915,0.630170703489267
Keepo Legacy- Complete,neither,0.03945320844208391,0.33037608806864915,0.630170703489267
Validation and a form of immortality. <3,neither,0.038771128120393926,0.2963688016940047,0.6648600701856013
BONNIE IS CANNON CONFIRMED!,neither,0.04690607540476405,0.3278127053644783,0.6252812192307576
wait what?,neither,0.04877470361900789,0.3238348708445956,0.6273904255363965
sheild is ending?,neither,0.050607197438268026,0.3265397197799755,0.6228530827817566
TT_TT but I want more Sally Ride.....,neither,0.03792824126806137,0.3257774275210388,0.6362943312109
Let the Hunt begin!!,neither,0.025947903648781582,0.34341847905471584,0.6306336172965027
yes ;n;,neither,0.03945320844208391,0.33037608806864915,0.630170703489267
This means that the AKI is kind of also star trek canon too XD,neither,0.0410254381981592,0.34799725668741543,0.6109773051144253
@That_One_Guy212 It's turning back into TBD RPG,neither,0.03791037762361801,0.3309067383345563,0.6311828840418255
,neither,0.03945320844208391,0.33037608806864915,0.630170703489267
"Yes, Lieutenant.",neither,0.03945320844208391,0.33037608806864915,0.630170703489267
So is Sally Ride in game now or will it be added later?,neither,0.04453808985453538,0.3154096098185093,0.6400523003269551
@KBTibbs what is TBD?,neither,0.08191733112755817,0.31109320414220176,0.6069894647302402
@shidareAKI and Dot!,neither,0.03850868819351477,0.2814481268397341,0.6800431849667511
"The game doesn't matter, but the cast does!",neither,0.026782182360851624,0.38076577020200764,0.5924520474371407
,neither,0.03945320844208391,0.33037608806864915,0.630170703489267
@That_One_Guy212 IT was the show that Eric GM'd immediately prior to this.,neither,0.049547965774294336,0.2964386316919947,0.654013402533711
TwitchUnity,neither,0.03945320844208391,0.33037608806864915,0.630170703489267
so the announcementhas been made?,neither,0.03764521690824273,0.3747576082983821,0.5875971747933751
,neither,0.03945320844208391,0.33037608806864915,0.630170703489267
ok trying out Alpha and it keeps dropping out Twitch just keeps kicking on lol,neither,0.029153282319479105,0.36479260871394187,0.6060541089665791
so they did the BIG announcement?,neither,0.021024758071509622,0.4354129193375807,0.5435623225909096
,neither,0.03945320844208391,0.33037608806864915,0.630170703489267
gandsApplaud,neither,0.03945320844208391,0.33037608806864915,0.630170703489267
But will Sam have an aftershow for the new thing?,neither,0.03486750189497478,0.21756984581944716,0.747562652285578
"That Mercer, such a standup dude",neither,0.03470397696787657,0.3802807296238468,0.5850152934082766
you absolutly should world build,neither,0.0773927132204127,0.43227047817701975,0.49033680860256756
and what was this about the SoT crew being available on STO?,neither,0.03522351377094169,0.3392359777880058,0.6255405084410526
To bad you can't take the Ride on future missions if only on your youtube.,neither,0.04884437310932807,0.3868630165744088,0.5642926103162631
I don't have anything in my eyes. You have something in your eyes.,neither,0.06175373126037915,0.3851642269945509,0.5530820417450699
They need their aftershow!,neither,0.039183045063973264,0.32811377472268566,0.6327031802133412
@KBTibbs was it a bunch of random rpgs that happened each week?,neither,0.037390405933751314,0.43303216949558315,0.5295774245706656
*gasp* Bonnie's wearing Sage's earring!,neither,0.03945320844208391,0.33037608806864915,0.630170703489267
ship in the admiralty system,neither,0.0386396600492514,0.31552912797618743,0.6458312119745611
is it out yet I wonder?,neither,0.04125204678208907,0.3460045934381025,0.6127433597798085
please keep the Sam Loses Their Shit segment at least,offensive_language,0.05052115570971559,0.9114055803896896,0.038073263900594866
"TBD was supposed to be a rotating set of RPGs, but ended up being just Dr. Who.",neither,0.03490753797722362,0.4289492401852661,0.5361432218375103
it's buffering really badly for me,neither,0.0265532647354615,0.3392557830043752,0.6341909522601633
Diceses! My Precious!,neither,0.026159491189004316,0.4363839857563656,0.53745652305463
Dese dice,neither,0.03945320844208391,0.33037608806864915,0.630170703489267
agreed @fallout4critter,neither,0.03945320844208391,0.33037608806864915,0.630170703489267
Sam loves those deeces to pieces.,neither,0.0667317757583057,0.26971111035603423,0.66355711388566
@fallout4critter I doubt that is gonna go away anytime soon ;),neither,0.04324708849242546,0.3773642052171905,0.5793887062903841
Dieesaaay,neither,0.03945320844208391,0.33037608806864915,0.630170703489267
awww Amy.,neither,0.03945320844208391,0.33037608806864915,0.630170703489267
i just got into this show and its ending NOOOOOOO brownCRY,neither,0.03963098195635257,0.29816212658808,0.6622068914555674
:D,neither,0.03945320844208391,0.33037608806864915,0.630170703489267
*cue entire chat throwing their puppers at Amy*,neither,0.03897902283385574,0.3448346245587307,0.6161863526074136
Dice have no pluralization just like deer,neither,0.042521715791007574,0.37862089973306845,0.5788573844759239
