text,top_class,hate_speech,offensive_language,neither
He @shesoffonatangent,neither,0.057568607992634975,0.3241453714706532,0.6182860205367118
Gather Your SciFi! gandsTricorder gandsTribble gandsHype,neither,0.0780690733417637,0.3196259537601841,0.6023049728980522
@misssunflower94 Watching Sense8 finale,neither,0.03945320844208391,0.33037608806864915,0.630170703489267
heyohey,neither,0.03945320844208391,0.33037608806864915,0.630170703489267
"I hope that we can get to talk about Mass Effect, I could go on and on about it.",neither,0.03936138861262984,0.31977487304532864,0.6408637383420416
hello shiney happy people,neither,0.07487593227570083,0.3264935694035567,0.5986304983207426
"@villainousone No, I am 40, so I understand",neither,0.03841994142108015,0.3862134635190662,0.5753665950598534
the FB post said there would be an Aliza but she was off being an actor during SoT. did the FB ad have the wrong list?,neither,0.035679883998700236,0.33851383610332847,0.6258062798979712
heyyy @ladyamphy !,neither,0.03945320844208391,0.33037608806864915,0.630170703489267
Here we go!,neither,0.13156755280784707,0.2765461283225309,0.5918863188696221
:D,neither,0.03945320844208391,0.33037608806864915,0.630170703489267
HEEYYYY,neither,0.03945320844208391,0.33037608806864915,0.630170703489267
Nice opening xD,neither,0.03945320844208391,0.33037608806864915,0.630170703489267
gandsHype gandsHype gandsHype gandsHype gandsHype gandsHype gandsHype gandsHype gandsHype,neither,0.03945320844208391,0.33037608806864915,0.630170703489267
@rtk142 I feel that! I'm running a game on monday for some folks and I'm pumped for it!!,neither,0.025398079112473826,0.29603529747309304,0.6785666234144332
<3,neither,0.03945320844208391,0.33037608806864915,0.630170703489267
so professional,neither,0.039408962504520015,0.38382265604540616,0.5767683814500738
What a great opening :D,neither,0.04318843317479353,0.29968989740056046,0.6571216694246459
Want the inside scoop? Join the cast of Critical Role and discuss this episode right here on Talks Machina. Tuesdays 7pm Pacific at twitch.tv/geekandsundry and projectalpha.com,neither,0.04630302093207864,0.22484473131932575,0.7288522477485957
HI GUYS!,neither,0.03930687933907141,0.3328596748352989,0.6278334458256297
gandsParty gandsPartyShield Hi Erika and Taliesin!,neither,0.038358606956405694,0.2721397086643902,0.6895016843792041
so well done,neither,0.03835815660469776,0.40800690921490873,0.5536349341803936
oh well he tried,neither,0.052069903805427226,0.27335861085683405,0.6745714853377386
nice,neither,0.03945320844208391,0.33037608806864915,0.630170703489267
It's ok!,neither,0.036964990910480354,0.33268475953818333,0.6303502495513362
lol opps,neither,0.031120645729857982,0.3912535864736078,0.5776257677965343
Wooo! gandsHype gandsHype,neither,0.03945320844208391,0.33037608806864915,0.630170703489267
Well done everyone,neither,0.03222252359206553,0.4530996805571974,0.514677795850737
Gorg,neither,0.03945320844208391,0.33037608806864915,0.630170703489267
0 to corpsing *immediately*. :D,neither,0.04866657844635786,0.3250513026133567,0.6262821189402855
LOL this is amazing,neither,0.03849074276804197,0.39497857361969674,0.5665306836122614
gandsTwenty,neither,0.03945320844208391,0.33037608806864915,0.630170703489267
Haiiii,neither,0.03945320844208391,0.33037608806864915,0.630170703489267
Oh you're the most professional of people,neither,0.12040578240223163,0.27822179250108725,0.6013724250966811
wonderful opening as usual,neither,0.03796985778406827,0.35555241997190834,0.6064777222440234
Hi EKbot and Taliesin!,neither,0.038358606956405694,0.2721397086643902,0.6895016843792041
What a wonderful opening!,neither,0.04470106644054855,0.32660895092794556,0.6286899826315059
this is starting so well,neither,0.0483095081647855,0.37791419963016915,0.5737762922050454
Woo!!!,neither,0.03945320844208391,0.33037608806864915,0.630170703489267
there is an Aliza!,neither,0.05388337794422856,0.2524658290219035,0.6936507930338679
"Happy Friday, All!",neither,0.041768027623564546,0.422032307141171,0.5361996652352645
"It's not just Critical Role that does it, eh?",neither,0.02422252161430324,0.4530706023272805,0.5227068760584163
Taliesin where is your blue lipstick?,neither,0.0821642512357165,0.29017386116210775,0.6276618876021758
Scifriday!,neither,0.03945320844208391,0.33037608806864915,0.630170703489267
Woo hoo GYP Sci-fry hype!,neither,0.03945320844208391,0.33037608806864915,0.630170703489267
24 hours for me. Also that was the branding for SciFi back in the day,neither,0.027247108564192497,0.3207552406350798,0.6519976508007278
It's Saturday though =T,neither,0.037798648439452805,0.3309451671243998,0.6312561844361474
#SciFri,neither,0.03945320844208391,0.33037608806864915,0.630170703489267
CLOSE ENOUGH,neither,0.03945320844208391,0.33037608806864915,0.630170703489267
wait did Kyle break them,neither,0.050821031706395604,0.3239776869348578,0.6252012813587468
evening friends,neither,0.03945320844208391,0.33037608806864915,0.630170703489267
PogChamp,neither,0.03945320844208391,0.33037608806864915,0.630170703489267
It's a beautiful jacket,neither,0.03794767059025995,0.3308939115732367,0.6311584178365033
Taliesin do you space socks?,neither,0.05726463422436976,0.3748437426200311,0.5678916231555992
Heard about shield of Tomorrow ending. I'm heartbroken,neither,0.03832247553717784,0.34956757644263514,0.6121099480201869
I have a suggestion: Gather Your Prisoner,neither,0.06391640954600855,0.33076934426969495,0.6053142461842964
We have a subscriber-only Discord server! Join here: https://discord.gg/geekandsundry (you'll need to sub and link it to your Twitch) and be a part of the fun!...Warning: It can take up to an hour for the server to update and give you access to the channels,neither,0.08464076273808444,0.286394834032893,0.6289644032290227
oh that true - it's the necklines,neither,0.03799555838242674,0.3022800772412392,0.6597243643763342
hello friends~,neither,0.03945320844208391,0.33037608806864915,0.630170703489267
B Dave Walters WHATUP,neither,0.03945320844208391,0.33037608806864915,0.630170703489267
Cool,neither,0.03945320844208391,0.33037608806864915,0.630170703489267
LOVE your dress Erika,neither,0.0799013082893535,0.33576779518362454,0.5843308965270221
"doh, i thought this started at 930",neither,0.04147396957418942,0.26814322985622496,0.6903828005695856
Oh gods this fashion is AMAZING,neither,0.05230112222693011,0.2839520942831233,0.6637467834899465
is that a BSG patch on his left?,neither,0.0644722330818651,0.3776186596027906,0.5579091073153443
two tank topsTM,neither,0.04021661661419129,0.3174190590514191,0.6423643243343896
all rufus all the time,offensive_language,0.04150134023549581,0.5431329249578116,0.41536573480669253
"That's VERY good Battlestar tank-top work, Taliesin.",neither,0.03586536290737947,0.36416345935043937,0.5999711777421811
It's sexy,neither,0.03720222243566936,0.3311503053765747,0.6316474721877559
because boobs lol,neither,0.03095202500799822,0.392618356088388,0.5764296189036139
<3,neither,0.03945320844208391,0.33037608806864915,0.630170703489267
it's stretched a bit thin,neither,0.03802859557064876,0.33086607776161725,0.631105326667734
Dig the blue lipstick,neither,0.038732950795093195,0.3172648580854772,0.6440021911194296
two tanktops tho,neither,0.03448905426576912,0.3274634675351226,0.6380474781991082
"Evening, everyone.",neither,0.033219361956460275,0.4361807319725941,0.5305999060709456
2 tank tops is called a Ripley :D,neither,0.046781156821589405,0.327855670593449,0.6253631725849617
Boob Window,neither,0.03945320844208391,0.33037608806864915,0.630170703489267
I love this show. So much.,neither,0.04798001537335284,0.3122537792619416,0.6397662053647055
ah the good ol boob window,neither,0.03834680974821106,0.3187580520591636,0.6428951381926254
boob windows,neither,0.03945320844208391,0.33037608806864915,0.630170703489267
Is it mesh is it boobs I don’t know,neither,0.0520052051786879,0.32605888081155776,0.6219359140097543
Amy and her war against boob windows,neither,0.033915776502377114,0.41968038697187426,0.5464038365257485
It's not scifi until your clothing layers are warring.,neither,0.08475250823438095,0.2924893814345464,0.6227581103310726
Oh man we started early!,neither,0.04637194753756469,0.31980282982275254,0.6338252226396828
"Download the new Critical Role theme song for Campaign Two! http://itunes.apple.com/album/id1331550250?ls=1&app=itunes Sales of the song support the musician, Jason Charles Miller.",neither,0.04445767596344001,0.2510827790306858,0.7044595450058742
Hello everyone!,neither,0.03269494828970791,0.4450814005079928,0.5222236512022994
AW yes it has,neither,0.038399097005886396,0.32384959127706736,0.6377513117170462
we love you guys,neither,0.05790767845636211,0.4249638180323251,0.5171285035113128
"You know, I can't tell the difference between cyberpunk Erika and sci-fi Erika xD",neither,0.04791488953606758,0.3168663081178392,0.6352188023460932
oh I love sifi,neither,0.04307194494246774,0.2677487561558086,0.6891792989017236
"I love your dress, Ericka~",neither,0.0799013082893535,0.33576779518362454,0.5843308965270221
SPAAAAACE,neither,0.03945320844208391,0.33037608806864915,0.630170703489267
apologies for the rough week you guys,neither,0.04445232062104024,0.32610780432336367,0.6294398750555962
We're all here for SPACE,neither,0.10507301982304776,0.2980476475378868,0.5968793326390655
Hi @Shadowstorm_0,neither,0.03945320844208391,0.33037608806864915,0.630170703489267
"I wish I still had my glow in the dark Costellations shirt that read ""Heavenly Bodies"" (and maybe could still fit)",neither,0.03156381890664111,0.3722818092647485,0.5961543718286103
I have a happy thing happen this week!! I bought a comic book store!,neither,0.05512145269987826,0.3313761557578496,0.613502391542272
SPACEEEE,neither,0.03945320844208391,0.33037608806864915,0.630170703489267
SPACE MADNESS!,neither,0.03945320844208391,0.33037608806864915,0.630170703489267
@chaoticloony Heya!!,neither,0.03945320844208391,0.33037608806864915,0.630170703489267
!whodat,neither,0.03945320844208391,0.33037608806864915,0.630170703489267
"Erika Ishii ( twitter.com/erikaishii ), Taliesin Jaffe ( twitter.com/executivegoth ), Aliza Pearl ( twitter.com/AlizaPearl ), Amy Dallen ( twitter.com/enthusiamy ), Rachel Seeley ( twitter.com/sunnyseeley ), Kyle Hill ( twitter.com/Sci_Phile ), B.Dave Walters ( twitter.com/BDaveWalters )",neither,0.038673709946433245,0.4679561237064764,0.49337016634709024
Where do you find Sci-Fi fans at G&S on a Friday though?,neither,0.051621263907593605,0.30386855133930474,0.6445101847531016
It's been a rough week for everyone and we love all of you,neither,0.037237204390207695,0.44141196382025927,0.521350831789533
PowerUpL gandsRage PowerUpR Hail Science,neither,0.03945320844208391,0.33037608806864915,0.630170703489267
Wait its pride month so Gay Space??,neither,0.14518796142317242,0.2688591345730545,0.5859529040037731
yay dumb toys,neither,0.03945320844208391,0.33037608806864915,0.630170703489267
"I usually am not home to tune in on Friday nights, is this live??!!!",neither,0.048179780066063306,0.3370275624779053,0.6147926574560314
"Hi B Dave, Amy, Kyle, Aliza and Rachel",neither,0.03895801672918227,0.30623665366498887,0.6548053296058289
make kyle use the glasses,neither,0.01659989714916441,0.39274950367934824,0.5906505991714872
@Shadowstorm_0 YAAA,neither,0.03945320844208391,0.33037608806864915,0.630170703489267
I'm*,neither,0.03945320844208391,0.33037608806864915,0.630170703489267
I’m so excited for the sci-fi chats,neither,0.035162750201100795,0.32789645875366313,0.636940791045236
I want to try those glasses so bad,neither,0.06581281810616843,0.29961142106636995,0.6345757608274616
The Hypnosis Machine!!!,neither,0.038351000110748164,0.310092396174505,0.6515566037147468
@mikelfoxx Yes!,neither,0.03945320844208391,0.33037608806864915,0.630170703489267
#GaysInSpace,neither,0.03945320844208391,0.33037608806864915,0.630170703489267
Killer Klowns from Mars,neither,0.040411567367633947,0.31411023598457355,0.6454781966477925
*wave*,neither,0.03945320844208391,0.33037608806864915,0.630170703489267
"Help G&S make great content! $4.99/month gets you emotes, Minecraft server access, sub-only VODs, and more! Every sub keeps the channel alive! twitch.tv/geekandsundry/subscribe",neither,0.043907990691603095,0.31135964332838284,0.644732365980014
Amy is a Science Fiction Person yes,neither,0.04561921127615005,0.3282553169482386,0.6261254717756113
<3 MrDestructoid <3,neither,0.03945320844208391,0.33037608806864915,0.630170703489267
oh dang tal and i both have purple hawks rn,neither,0.041921216718331204,0.27587659448471014,0.6822021887969587
The week started well and has ended very rough. Tonight's ridiculousness is very much needed.,neither,0.03928653782542256,0.29375053295335213,0.6669629292212254
YES,neither,0.03945320844208391,0.33037608806864915,0.630170703489267
#AceInSpace,neither,0.03945320844208391,0.33037608806864915,0.630170703489267
#GaysInSpace,neither,0.03945320844208391,0.33037608806864915,0.630170703489267
@shesoffonatangent hopefully it will be less dangerous than buying a zoo Good Luck!,neither,0.039095347645047865,0.32388783606567983,0.6370168162892723
3 minutes late but I made it!!,neither,0.03513907353196161,0.3399510466568058,0.6249098798112327
Ty @Shadowstorm_0 !!,neither,0.03945320844208391,0.33037608806864915,0.630170703489267
amy's dress is so cute :D,neither,0.04845031382845303,0.33961326424386146,0.6119364219276856
Did he bring the mind machine,neither,0.04310230194294348,0.31563167034564316,0.6412660277114134
"Wow. Kyle, you've achieved the look. Yep",neither,0.03007073794193199,0.33277707049108074,0.6371521915669873
Shady Tony Stark?,neither,0.03945320844208391,0.33037608806864915,0.630170703489267
I'm an Ace in Space,neither,0.03973117275581088,0.32565830823565034,0.6346105190085389
a Space Ace if you will,neither,0.03560004642530847,0.39911137741592034,0.5652885761587713
@misssunflower94 eyyyyy,neither,0.03945320844208391,0.33037608806864915,0.630170703489267
he looks like troy baker honestly,neither,0.051844533175833644,0.34027118189888855,0.6078842849252778
So many great boots on people tonight!,neither,0.05401779878047555,0.3339573154405174,0.6120248857790072
who dat ninja,neither,0.04014215218881714,0.40110658974804453,0.5587512580631384
where's @sp_acevex when we need her :P,offensive_language,0.022022979527949627,0.6022152880989623,0.37576173237308813
yo,offensive_language,0.04010381111145228,0.5271105317972344,0.4327856570913131
@misssunflower94 A Sp-ace?,neither,0.03945320844208391,0.33037608806864915,0.630170703489267
He does look like Shinji Ikari's Dad a bit,neither,0.039780162890823964,0.4546339742779374,0.5055858628312385
We knoww youuu,neither,0.03932272667537138,0.33259070418003633,0.6280865691445923
i like that moon pillow,neither,0.04543847630724046,0.3856527748380952,0.5689087488546644
Replace her arm with robotics? This is the man Erika has been looking for.,offensive_language,0.02701425057409583,0.49031907128664687,0.4826666781392574
Would the new PS4 game Detroit Become Human count as a Sci-Fi based game?,neither,0.08273466184289796,0.20065738427939322,0.7166079538777089
A Sp-Ace,neither,0.03945320844208391,0.33037608806864915,0.630170703489267
QUESTION: Kyle can you see?,neither,0.05438504429462931,0.36756138213079914,0.5780535735745717
"syfy properties who's gandsHype gandsHype gandsHype for Nightflyers the series? ... just me then, I'm still really hyped",neither,0.028771587417081954,0.3814591585418864,0.5897692540410316
This is reminding me I need to get a nice new pair of boots.,neither,0.04537625280751767,0.30073081159872406,0.6538929355937582
He looks like he's from Deus Ex,neither,0.05959349690976784,0.36617813121140896,0.5742283718788233
MrDestructoid Do we dream of electric Sheep?,neither,0.04035521603403027,0.3319016353621328,0.627743148603837
Kyle!! I love Because Science sooooo much,neither,0.03494707563716573,0.3402711229791928,0.6247818013836415
Sp-ACE,neither,0.03945320844208391,0.33037608806864915,0.630170703489267
space version of res evil item guy,neither,0.039164429287203706,0.33527742398050475,0.6255581467322915
Kyle is Nerdist's own Thor,neither,0.06920975051719605,0.3201414487448521,0.6106488007379518
"Yay, Because Science!!! <3",neither,0.03945320844208391,0.33037608806864915,0.630170703489267
ugh I love Because Science. Its such a mood,neither,0.03358871800201733,0.3380783338237941,0.6283329481741885
Yeah,offensive_language,0.013968601452186464,0.5182923869769311,0.4677390115708824
Hi Kyle!,neither,0.03945320844208391,0.33037608806864915,0.630170703489267
"If it's one thing Shield of Tomorrow has taught me, it's that nothing in space is straight",neither,0.02515800021561285,0.43749514441836834,0.5373468553660188
ophBeep,neither,0.03945320844208391,0.33037608806864915,0.630170703489267
The Major is after him? DUDE STOP RUNNING she's my first animated girl crush let her catch you please,offensive_language,0.026719116310128382,0.6086557688833576,0.36462511480651405
LOL,neither,0.020706217963973744,0.4882283491876925,0.4910654328483337
hahahaha,neither,0.03945320844208391,0.33037608806864915,0.630170703489267
that's fucking HILARIOUS,offensive_language,0.09748960368001242,0.9023302293202663,0.0001801669997212693
woow xD,neither,0.03945320844208391,0.33037608806864915,0.630170703489267
LOL,neither,0.020706217963973744,0.4882283491876925,0.4910654328483337
Because Science is so great. Educational about weird stuff!,neither,0.042250649138886535,0.35854128475518415,0.5992080661059292
He really does look like Thor,neither,0.0397468967134821,0.4504805897586478,0.5097725135278701
Kyle is Thor that's just fact,neither,0.03867752035484366,0.37410271359089975,0.5872197660542565
Oh no Im Late! Hello everyone!,neither,0.03704475878213023,0.4111980772857973,0.5517571639320725
HAHA,neither,0.03186685585600258,0.45913629025701075,0.5089968538869867
#Canon,neither,0.03945320844208391,0.33037608806864915,0.630170703489267
"No, you are no longer Kyle - you are now Shady Black-Market Tony Stark",neither,0.10742421567026615,0.3314441492792811,0.5611316350504527
@axelobo he's not Gendo without the gloves and GendoPose,neither,0.04161140316796404,0.28472091264487226,0.6736676841871638
Kyle Hill the NBA Star,neither,0.03883474547057927,0.31914792175166085,0.6420173327777599
Hi @fireshadowktreva,neither,0.03945320844208391,0.33037608806864915,0.630170703489267
lol the boards,neither,0.030515600098526528,0.3703532686958464,0.599131131205627
@fireshadowktreva Hello!,neither,0.03945320844208391,0.33037608806864915,0.630170703489267
boooooooooooooooooooooooooooooooooooooooooooo,neither,0.03945320844208391,0.33037608806864915,0.630170703489267
it's his scifi alter ego,neither,0.07103330333235491,0.33306215754393553,0.5959045391237096
boards or Borg?,neither,0.03945320844208391,0.33037608806864915,0.630170703489267
Moon Pillow,neither,0.03945320844208391,0.33037608806864915,0.630170703489267
Erika looks are on POINT,neither,0.06652908527294801,0.2923523217996359,0.6411185929274161
#ScienceKyle,neither,0.03945320844208391,0.33037608806864915,0.630170703489267
Totally Dan because he lost the Match LUL,neither,0.04208414380657998,0.31949777203453833,0.6384180841588816
Are those Dichroic Glasses?,neither,0.11940146260503515,0.19634684825991422,0.6842516891350506
"Science Kyle, or Sycle",neither,0.03945320844208391,0.33037608806864915,0.630170703489267
Kyle's outlook on life is soo bright he has to wear shades indoors gandsTricorder,neither,0.0468462730089636,0.3599119117436351,0.5932418152474013
if you google kyle hill he is first on the list,neither,0.036460066103364434,0.3862585612792517,0.5772813726173839
Erika’s pillow is awesome! I love it,neither,0.04249348824558711,0.3404983389558915,0.6170081727985214
!whodat,neither,0.03945320844208391,0.33037608806864915,0.630170703489267
"Erika Ishii ( twitter.com/erikaishii ), Taliesin Jaffe ( twitter.com/executivegoth ), Aliza Pearl ( twitter.com/AlizaPearl ), Amy Dallen ( twitter.com/enthusiamy ), Rachel Seeley ( twitter.com/sunnyseeley ), Kyle Hill ( twitter.com/Sci_Phile ), B. Dave Walters ( twitter.com/BDaveWalters )",neither,0.038673709946433245,0.4679561237064764,0.49337016634709024
@laternalux true true but the sinister energy is there,neither,0.04180796087422227,0.29545713074145824,0.6627349083843195
Why is Mark Cuban editing Kylie's Wiki page? :P,neither,0.03645411904155032,0.33869605593005936,0.6248498250283903
them self edits,neither,0.05296102963680882,0.3228390114834714,0.6241999588797197
I love erika's makeup,neither,0.035714521531851555,0.34792756620297893,0.6163579122651696
Dichroic Mirrors are freaking sick!,neither,0.06668635264276862,0.283512668163234,0.6498009791939973
hello,neither,0.03945320844208391,0.33037608806864915,0.630170703489267
*Kyle's,neither,0.03945320844208391,0.33037608806864915,0.630170703489267
Sci-fi is by far my favorite genre. It so easily lets you openly use science and technology in interesting ways to point out the issues of our society and where were possibly going.,neither,0.030289100117910035,0.3965637018768971,0.5731471980051929
Scyle,neither,0.03945320844208391,0.33037608806864915,0.630170703489267
lol you would look it up Tal,neither,0.042380622002354214,0.4676553150788511,0.4899640629187947
Erika's shoes are so dope,neither,0.067483364609788,0.3287354335109307,0.6037812018792813
ive always been jealous of his boots... where do we get them?,neither,0.06664348930880803,0.3510950969963856,0.5822614136948064
Scyle Scliza Scamy,neither,0.03945320844208391,0.33037608806864915,0.630170703489267
Evening all!,neither,0.041793358651534496,0.4229818652092969,0.5352247761391685
gandsOwlbear,neither,0.03945320844208391,0.33037608806864915,0.630170703489267
"Somewhere on another plane of existence, Curtis Mayfield got very confused.",neither,0.06248992591934009,0.32172845666810057,0.6157816174125592
You mean KITT Kyle!!!,neither,0.05293951752702634,0.36878146989994387,0.5782790125730297
gandsTwenty gandsTwenty gandsTwenty,neither,0.03945320844208391,0.33037608806864915,0.630170703489267
Cylon Yes,neither,0.03945320844208391,0.33037608806864915,0.630170703489267
"Man, Kyle looks so cool",neither,0.03957111975972556,0.42372098466272173,0.5367078955775528
GAWD,neither,0.03945320844208391,0.33037608806864915,0.630170703489267
Morning all,neither,0.061967905254982546,0.21215969689978753,0.7258723978452299
Because Science = the bomb,neither,0.038619040082647015,0.3151441428163907,0.6462368171009624
"Hi, Aliza! <3",neither,0.03945320844208391,0.33037608806864915,0.630170703489267
Hi Alizaaaa,neither,0.03945320844208391,0.33037608806864915,0.630170703489267
Hi @Ossborn,neither,0.03945320844208391,0.33037608806864915,0.630170703489267
no Kyle you're Kit,neither,0.07115424308049811,0.35484447665909497,0.5740012802604069
we love the things you do here!,neither,0.11921887141079361,0.32740176276204624,0.5533793658271603
Hello,neither,0.03945320844208391,0.33037608806864915,0.630170703489267
The B stands for Battlestar?,neither,0.03178485501432406,0.27963361079769017,0.6885815341879857
Shield of Tomorrowwwww,neither,0.03945320844208391,0.33037608806864915,0.630170703489267
Aliza's outfit is very good,neither,0.04683053978443179,0.3278386855280419,0.6253307746875262
Aliza is wearing a DOPE ass Lando outfit,offensive_language,0.12753565028533814,0.862520504334516,0.009943845380145904
So jealous of Aliza's shirt,neither,0.03941036886908153,0.37814698131509117,0.5824426498158274
Love your boots Aliza!,neither,0.07385801910649424,0.33555702688247446,0.5905849540110313
It's Lando Calrissean,neither,0.034373745257138544,0.33212314837979673,0.6335031063630647
It's a Jedi robe,neither,0.038270007001287375,0.330783045300554,0.6309469476981585
SoT!!! <3,neither,0.03945320844208391,0.33037608806864915,0.630170703489267
Yeah,offensive_language,0.013968601452186464,0.5182923869769311,0.4677390115708824
Internet sensation Angel Amy Dallen,neither,0.03945320844208391,0.33037608806864915,0.630170703489267
StarTrekian is an Aesthetic,neither,0.04857339289485587,0.32171060177291566,0.6297160053322284
"Aliza, your top is fantastic! <3",neither,0.08595958121904088,0.3165064256919699,0.5975339930889892
Vulcan hype!,neither,0.03945320844208391,0.33037608806864915,0.630170703489267
that looks super trekky tho,neither,0.03171137525879045,0.38265045226689937,0.5856381724743102
Oooo! B Dave! Glamdo,neither,0.03945320844208391,0.33037608806864915,0.630170703489267
#Glam-do,neither,0.04358573029058539,0.32895472430567013,0.6274595454037444
did she not bring her pips?,offensive_language,0.03009124094655611,0.6827849032066884,0.28712385584675554
like ds9 trek,neither,0.05243838686756891,0.3489271222005886,0.5986344909318426
GLAMDO YES,neither,0.03945320844208391,0.33037608806864915,0.630170703489267
Glamdo Fabrissean?,neither,0.03945320844208391,0.33037608806864915,0.630170703489267
Glamdo xD,neither,0.03945320844208391,0.33037608806864915,0.630170703489267
We all went there -- Lando,neither,0.041210888064959,0.3646479657935345,0.5941411461415065
Yes! GLAMDO!,neither,0.03945320844208391,0.33037608806864915,0.630170703489267
If Lando was a Vulcan,neither,0.011887591322577863,0.442478677355784,0.5456337313216382
Glamdo YES,neither,0.03945320844208391,0.33037608806864915,0.630170703489267
Glamdo BOUNDING YES,neither,0.03945320844208391,0.33037608806864915,0.630170703489267
"an entire feeling, Tal?",neither,0.03970468310189464,0.32610790679509666,0.6341874101030088
oooooh loki suit jacket is GOALS,neither,0.046061528444323006,0.3281031837913837,0.6258352877642932
"Capes are a thing in Star Wars, yet not Star Trek.",neither,0.05127464439426776,0.30882358480625266,0.6399017707994795
it looks super soft,neither,0.03809257807538533,0.33084407124428206,0.6310633506803326
"I was gonna say, it looks very soft",neither,0.03739150660344728,0.370924656769,0.5916838366275526
low-key loki,neither,0.03945320844208391,0.33037608806864915,0.630170703489267
i totally wanna steal the lando cardboard cutout at work,neither,0.038292301945121676,0.33545560118854756,0.6262520968663307
xD,neither,0.03945320844208391,0.33037608806864915,0.630170703489267
QUESTION: Would the new PS4 game Detroit Become Human count as a Sci-Fi based game?,neither,0.08065283568813225,0.20494546789547302,0.7144016964163948
It's Taliesin's second title,neither,0.03798988750481767,0.33087939124043825,0.6311307212547441
#subtlenerd,neither,0.03945320844208391,0.33037608806864915,0.630170703489267
She reminds me of gingama,neither,0.032741709422067625,0.4693691656175905,0.4978891249603419
It’s really pretty,neither,0.03743483113725249,0.3310703005776881,0.6314948682850594
Low-key nerd.,neither,0.03945320844208391,0.33037608806864915,0.630170703489267
Executive Goth Executive Nerd,neither,0.03945320844208391,0.33037608806864915,0.630170703489267
@darkhalfelf284 yes,neither,0.03945320844208391,0.33037608806864915,0.630170703489267
"Hi, Rachel!",neither,0.03945320844208391,0.33037608806864915,0.630170703489267
!weather,neither,0.03945320844208391,0.33037608806864915,0.630170703489267
"Weather for Los Angeles, CA: Conditions are Clear with a temperature of 68 F (20 C). The wind is blowing Calm and the current humidity is 68%. At the studio.",neither,0.04543468187150659,0.2904216435225246,0.6641436746059688
low key Low Key,neither,0.03945320844208391,0.33037608806864915,0.630170703489267
Sci-rachel!,neither,0.03945320844208391,0.33037608806864915,0.630170703489267
Androids are pretty muh SciFi,neither,0.06704605907631732,0.2830019030376517,0.6499520378860308
AW feel better Rachel!,neither,0.03945320844208391,0.33037608806864915,0.630170703489267
LUL,neither,0.03945320844208391,0.33037608806864915,0.630170703489267
T'Lan now has a fashion line to go with the makeup? #ItsLogical,neither,0.036287741531208804,0.3394312548125932,0.6242810036561981
YES,neither,0.03945320844208391,0.33037608806864915,0.630170703489267
"""Who am I? I'm Jean Val Jean""",neither,0.039657966816613696,0.3643922957115137,0.5959497374718725
LMAO,neither,0.03705015143476208,0.3711622369619404,0.5917876116032975
hahahahahha,neither,0.03945320844208391,0.33037608806864915,0.630170703489267
ha,neither,0.03945320844208391,0.33037608806864915,0.630170703489267
:-D,neither,0.03945320844208391,0.33037608806864915,0.630170703489267
this is true,neither,0.052226555623309454,0.3282947143461781,0.6194787300305125
OH GOD,neither,0.047523175703714664,0.25506489023357065,0.6974119340627147
... now I can't unsee that.,neither,0.03325834332990266,0.3955478411953582,0.5711938154747391
Never go high-key Loki,neither,0.03344175239343832,0.4508635576652325,0.5156946899413293
HELL NOOOOO!!!!!!!!,offensive_language,0.0416429583279829,0.7664314945416981,0.191925547130319
welp - now I can't unsee that,neither,0.035657069812749964,0.3698728493493032,0.5944700808379468
Yodi Sanders,neither,0.03945320844208391,0.33037608806864915,0.630170703489267
Bless you Rae,neither,0.06637703555667432,0.4035321832267536,0.5300907812165722
HA!,neither,0.03945320844208391,0.33037608806864915,0.630170703489267
!points Rachel,neither,0.03945320844208391,0.33037608806864915,0.630170703489267
<3 <3 <3 <3,neither,0.03945320844208391,0.33037608806864915,0.630170703489267
omg i love her,offensive_language,0.02541317931247552,0.6347137576655825,0.33987306302194203
"That was an excellent pun, Rachel! Here, have some points for that one! You have been awarded 18 points!",neither,0.049665367140885965,0.3804540421943896,0.5698805906647244
:D,neither,0.03945320844208391,0.33037608806864915,0.630170703489267
LUL,neither,0.03945320844208391,0.33037608806864915,0.630170703489267
LMAO WOW,neither,0.03798376768706179,0.3553163326161543,0.606699899696784
"brb in a few, need to run rounds. Also I love this already. It's gonna be a fun day. :D",neither,0.039733433623935284,0.36428396223696136,0.5959826041391033
I CAN'T UNSEE THAT NOW,neither,0.03325834332990266,0.3955478411953582,0.5711938154747391
I hate how true that is oh nooooooo,neither,0.1996907154998682,0.23456554693989606,0.5657437375602357
:D,neither,0.03945320844208391,0.33037608806864915,0.630170703489267
You are so right,offensive_language,0.14418796131824554,0.43791867534037343,0.417893363341381
OH NO HE DOES,neither,0.03196716771346015,0.4433642195007345,0.5246686127858053
kyle.. clock out and go home,neither,0.036328839326629524,0.31469414966114984,0.6489770110122207
She reminds me of Gintama,neither,0.032741709422067625,0.4693691656175905,0.4978891249603419
NOOO WAY MAN!!!!!,neither,0.03971590532069584,0.39882839927241626,0.5614556954068879
omg,neither,0.03945320844208391,0.33037608806864915,0.630170703489267
AH hahaha!,neither,0.03945320844208391,0.33037608806864915,0.630170703489267
omg,neither,0.03945320844208391,0.33037608806864915,0.630170703489267
LUL,neither,0.03945320844208391,0.33037608806864915,0.630170703489267
Bwahahahahahahahahahahaha,neither,0.03945320844208391,0.33037608806864915,0.630170703489267
Hahahahhhhahaha,neither,0.03945320844208391,0.33037608806864915,0.630170703489267
I'm never gonna unsee Bernie = Yoda now,neither,0.03483697448790783,0.41080052679719536,0.5543624987148968
Do the Dnds!,neither,0.04093240694525662,0.29231155090068645,0.6667560421540569
lmao,neither,0.03705015143476208,0.3711622369619404,0.5917876116032975
rachel was amazing on dca,neither,0.03678265288922031,0.34451939932048004,0.6186979477902996
He lives in the swamps of Vermont.,neither,0.04500403810084616,0.30885833392593753,0.6461376279732164
:D WE WILL LOVE THE THING,neither,0.03647421603065726,0.30133595511973965,0.6621898288496031
"With that, I'm out.",neither,0.013784777422751632,0.4871114507466803,0.49910377183056814
lol,neither,0.020706217963973744,0.4882283491876925,0.4910654328483337
LUL I love it,neither,0.03506374805929893,0.3448386692086834,0.6200975827320176
I love doing the d&d,neither,0.034001127400519734,0.3261205848600049,0.6398782877394754
We believe in you Rachel!,neither,0.0555003827992603,0.378832810476757,0.5656668067239826
Omg yesssss,neither,0.03945320844208391,0.33037608806864915,0.630170703489267
Yeah!,offensive_language,0.013968601452186464,0.5182923869769311,0.4677390115708824
Where,neither,0.04379278224195774,0.2567221952996476,0.6994850224583946
"No, it's Yogurt!",neither,0.03432144911607103,0.36487411038982576,0.6008044404941032
"Wait, she Dms? What game?",neither,0.045112927402304284,0.36115635404451607,0.5937307185531796
whyyyyy,neither,0.03945320844208391,0.33037608806864915,0.630170703489267
"Oh,hi Kyle",neither,0.044227425833258394,0.28473557652146586,0.6710369976452758
"Taliesin, I thought you'd be the one person that'd rock some Buckaroo Banzai stuff.",neither,0.042211540025409194,0.34337422528281525,0.6144142346917756
why like this,neither,0.03463233840934987,0.3961945797133864,0.5691730818772637
YES WE NEED THIS,neither,0.0389150641986054,0.333796101298656,0.6272888345027386
hahahahaha,neither,0.03945320844208391,0.33037608806864915,0.630170703489267
It can never be unseen,neither,0.03246931963508358,0.3926296114703144,0.5749010688946019
XD,neither,0.03945320844208391,0.33037608806864915,0.630170703489267
Yoda will now be played by Larry David :P,neither,0.04148892850245094,0.3466410486399324,0.6118700228576166
oh HEY IT'S THE INTERNET SENSATION,neither,0.04212160271796876,0.2642376383015382,0.693640758980493
Ah yes. Do the D&D.,neither,0.04006219237564074,0.31138936694345964,0.6485484406808997
Hi Amy! :D,neither,0.03945320844208391,0.33037608806864915,0.630170703489267
IT YOU! \o/,offensive_language,0.10775621576729445,0.5156008245489676,0.37664295968373807
Hi Amy!!,neither,0.03945320844208391,0.33037608806864915,0.630170703489267
It Amy!,neither,0.03772653554390317,0.33096997005595963,0.6313034944001372
internet sensation amy dallen,neither,0.03945320844208391,0.33037608806864915,0.630170703489267
yes please!!!,neither,0.03945320844208391,0.33037608806864915,0.630170703489267
"Hey, Amy!!! :D",neither,0.03945320844208391,0.33037608806864915,0.630170703489267
She is precious,neither,0.05154769422807861,0.42975734126530896,0.5186949645066125
#InternetSensationAmyDallen,neither,0.03945320844208391,0.33037608806864915,0.630170703489267
"Whoa, Miller is there!",neither,0.046451574127911725,0.2915326368265363,0.6620157890455519
AMY!,neither,0.03945320844208391,0.33037608806864915,0.630170703489267
