text,top_class,hate_speech,offensive_language,neither
late start or is twitch messing with me?,neither,0.031871009377444956,0.3792516571548676,0.5888773334676874
"We just got teased a bit of ankle, metaphorically speaking.",neither,0.035707317766855526,0.3742129805164115,0.590079701716733
whooo,neither,0.03945320844208391,0.33037608806864915,0.630170703489267
YAY,neither,0.03945320844208391,0.33037608806864915,0.630170703489267
YAY!,neither,0.03945320844208391,0.33037608806864915,0.630170703489267
cheer300 pride100,neither,0.03945320844208391,0.33037608806864915,0.630170703489267
yay!,neither,0.03945320844208391,0.33037608806864915,0.630170703489267
MARKEIA,neither,0.03945320844208391,0.33037608806864915,0.630170703489267
gandsHype gandsHype gandsHype gandsClassic gandsClassic gandsClassic,neither,0.03945320844208391,0.33037608806864915,0.630170703489267
a bit late tech difficulties,neither,0.03945320844208391,0.33037608806864915,0.630170703489267
oh there they are,neither,0.08715734245145929,0.16225711448116903,0.7505855430673718
<3,neither,0.03945320844208391,0.33037608806864915,0.630170703489267
yay,neither,0.03945320844208391,0.33037608806864915,0.630170703489267
gandsApplaud gandsApplaud gandsApplaud,neither,0.03945320844208391,0.33037608806864915,0.630170703489267
ramaV ramaV ramaV ramaV ramaV,neither,0.03945320844208391,0.33037608806864915,0.630170703489267
sup guys,neither,0.039318079907253584,0.33266957196209385,0.6280123481306527
cheer100,neither,0.03945320844208391,0.33037608806864915,0.630170703489267
Oh cool finally got it playing,neither,0.041605853650406005,0.32728367585810075,0.6311104704914933
Erika has turned back into Whitney!,neither,0.039776547918623964,0.3248881733029737,0.6353352787784025
Woot,neither,0.03945320844208391,0.33037608806864915,0.630170703489267
is that Whitney!? Congrats!!! <3,neither,0.04284926269738935,0.36464519470187695,0.5925055426007338
LoveFooty,neither,0.03945320844208391,0.33037608806864915,0.630170703489267
"Hi Markeia, Becca, Whitney, Gina and Amy!",neither,0.03882788631130355,0.299422105481188,0.6617500082075084
Hooray for Weave!,neither,0.03165356808201977,0.29148282677906484,0.6768636051389154
ramaO ramaO erika really steped up her whitney impersonation game,offensive_language,0.030640388200772962,0.4901765791582862,0.47918303264094086
gandsHR,neither,0.03945320844208391,0.33037608806864915,0.630170703489267
Captain Pilot Addy Obscura!,neither,0.03945320844208391,0.33037608806864915,0.630170703489267
Already,neither,0.03738043260619613,0.36555650351753366,0.5970630638762703
First time watching live because I don't have to be up early tomorrow!,neither,0.039949391127354676,0.3690029078667731,0.5910477010058723
East coast sucks,neither,0.03945320844208391,0.33037608806864915,0.630170703489267
same captain pilot lol,neither,0.03347315909094153,0.38589043261059286,0.5806364082984656
"Markeia is a better 10 Candles GM than Zac, she can actually roll!",neither,0.04441496492880084,0.37534038497575023,0.5802446500954489
I just don't sleep at night anyway >.>,neither,0.028581087601764445,0.37125674314843626,0.6001621692497993
"Welcome @seratonia , it's even more fun live :)",neither,0.04288912130951513,0.33463768458329934,0.6224731941071855
Oh no. Halleberry is gone *sobbs*,neither,0.057354112136192674,0.2823362662157958,0.6603096216480117
"Only my second time watching live, yay for having a Thursday off!",neither,0.031023490051489126,0.37142061088330586,0.597555899065205
@seratonia Welcome and Enjoy!,neither,0.03860730184226345,0.28722824611601955,0.6741644520417169
@seratonia gandsJohnson gandsDick,neither,0.03945320844208391,0.33037608806864915,0.630170703489267
Becca has the ballerina bun in her hair today. CUTE! <3 <3,neither,0.03211433560240784,0.43018944175786417,0.537696222639728
!whodat,neither,0.03945320844208391,0.33037608806864915,0.630170703489267
"Amy Dallen ( twitter.com/enthusiamy ), Taliesin Jaffe ( twitter.com/executivegoth ), Matt Key ( twitter.com/TheMattKey ), Anthony Carboni ( twitter.com/acarboni ).",neither,0.03869585715153073,0.4626043240501789,0.49869981879829045
@seratonia i know the pain. east coast here too. but these ladies are worth my pain,neither,0.06741581672356385,0.3624854080295841,0.570098775246852
"man, twitch is buffering likecrazy for me tonight",neither,0.03229173787253722,0.3644406904215181,0.6032675717059448
Your drunkenly wake up in Riften and have to find your pants. Id do that quest,neither,0.0786102219753043,0.3001350485921627,0.621254729432533
#driftinriftin,neither,0.03945320844208391,0.33037608806864915,0.630170703489267
Want the inside scoop? Join the cast of Critical Role and discuss this episode right here on Talks Machina. Tuesdays 7pm Pacific at twitch.tv/geekandsundry and projectalpha.com,neither,0.04630302093207864,0.22484473131932575,0.7288522477485957
!wtfisthis,neither,0.03945320844208391,0.33037608806864915,0.630170703489267
"Weave Society is the RPG tale for the digital age. Storytellers Markeia McCarty, Gina DeVivo, Whitney Moore, Becca Scott, and Amy Dallen come together to jump into one of the many fantastical worlds of Weave. Where will they end up next?",neither,0.03997484976940308,0.3113440925008771,0.6486810577297198
party100 party100 party100 party100 party100 party100,neither,0.03945320844208391,0.33037608806864915,0.630170703489267
#eastcoastersunite,neither,0.03945320844208391,0.33037608806864915,0.630170703489267
Hi K-8!,neither,0.03945320844208391,0.33037608806864915,0.630170703489267
hey @KBTibbs cheers :),neither,0.03945320844208391,0.33037608806864915,0.630170703489267
"@zepaddon It's so late, but the girls",neither,0.021001149693850397,0.45328581985279814,0.5257130304533515
"Awe, AI named Tandy! Thats amazing.",neither,0.03945320844208391,0.33037608806864915,0.630170703489267
Hi k-8,neither,0.03945320844208391,0.33037608806864915,0.630170703489267
Cheers @BlackLionoftheStars,neither,0.03945320844208391,0.33037608806864915,0.630170703489267
An wow what a fight it was....,neither,0.043607135857935124,0.32359355575064114,0.6327993083914238
*applauds*,neither,0.03945320844208391,0.33037608806864915,0.630170703489267
"Oh no! It's no longer sorrow happiness, it's just regular sorrow!",neither,0.037633358757990995,0.3307027059205547,0.6316639353214543
"No, K-8 ain't delusional :P",offensive_language,0.018009562550882287,0.5659705572053505,0.4160198802437672
Ha ha,neither,0.03945320844208391,0.33037608806864915,0.630170703489267
becca is E.V.I.L.,neither,0.081172750358939,0.3160268245287109,0.60280042511235
"and by ""Football"" they do NOT mean ""Handegg""",neither,0.039696343321952474,0.336529272804696,0.6237743838733516
"That's right, K-8, live in blissful denial.",neither,0.03896109620129942,0.38438840899166554,0.5766504948070351
lmao,neither,0.03705015143476208,0.3711622369619404,0.5917876116032975
I can't believe it. That's the same combination on my luggage.,neither,0.02575374199780206,0.4276412167118422,0.5466050412903558
Rev Dr Sally Ride?,neither,0.03945320844208391,0.33037608806864915,0.630170703489267
oops switch top and bottom!,neither,0.038851747572434384,0.30069030049237233,0.6604579519351933
@GeekandSundry names graphic off,neither,0.03945320844208391,0.33037608806864915,0.630170703489267
I hereby request the players swap characters to make the names work,neither,0.042077977241092863,0.3105408604182065,0.6473811623407006
lol that works too :),neither,0.027334902778802277,0.4394364079625475,0.5332286892586502
"Up is down, top is bottom, the whole world has gone crazy!",neither,0.03949884636671755,0.41115279799300475,0.5493483556402776
Makes sence,neither,0.03943864926973048,0.3302541714337903,0.6303071792964793
lol,neither,0.020706217963973744,0.4882283491876925,0.4910654328483337
@KBTibbs I just want to hear Amy's southern accent,neither,0.040726419516694756,0.3391930434454233,0.620080537037882
I enjoy this name CHAOS!!!!!,neither,0.03937329238777121,0.3317324720746178,0.628894235537611
Although... no one does screaming eyes like Gina.,neither,0.03493401905167957,0.44863955080994194,0.5164264301383785
I second that,neither,0.0338091185299295,0.39222650183379953,0.573964379636271
welcome to a typical #WeaveSociety @darkofnate :),neither,0.046929241672260626,0.326022654350574,0.6270481039771654
@seratonia It's actually pretty good.,neither,0.03712853600931138,0.3311756495175347,0.6316958144731539
We have a subscriber-only Discord server! Join here: https://discord.gg/geekandsundry (you'll need to sub and link it to your Twitch) and be a part of the fun!...Warning: It can take up to an hour for the server to update and give you access to the channels,neither,0.08464076273808444,0.286394834032893,0.6289644032290227
OX-gen!,neither,0.03945320844208391,0.33037608806864915,0.630170703489267
Al-key-hall fumes,neither,0.04343651019730505,0.2627690616933487,0.6937944281093463
She sounds like my neighbor,offensive_language,0.03842121425612963,0.51188297488189,0.4496958108619804
Fumes from Al Keyhall...,neither,0.04724196013466046,0.19818064482348735,0.7545773950418522
@KBTibbs i wouldn't mind hearing amy try sally ride,neither,0.03945320844208391,0.33037608806864915,0.630170703489267
"Help G&S make great content! $4.99/month gets you emotes, Minecraft server access, sub-only VODs, and more! Every sub keeps the channel alive! twitch.tv/geekandsundry/subscribe",neither,0.043907990691603095,0.31135964332838284,0.644732365980014
But what about Becca's character in this game?,neither,0.03902619928501126,0.323498678812546,0.6374751219024427
Sprout!,neither,0.03945320844208391,0.33037608806864915,0.630170703489267
Sprout is bae,neither,0.04774802271121307,0.40523027171091003,0.5470217055778768
"That's right, neon pink is very conducive to hiding in shadows.",neither,0.04511720040288003,0.3612585294493956,0.5936242701477243
is it jumping around for anyone else?,neither,0.03933523557616184,0.3055447837713724,0.6551199806524657
"Catching the Weave stream live for the first time, for the first 3 part campaign! i really like this story and its characters; love that they're playing roles they're not accustomed to as well :3",neither,0.040566060877445964,0.30856091601641833,0.6508730231061356
nimbus @chaoticloony,neither,0.03945320844208391,0.33037608806864915,0.630170703489267
@Akeluus Welcome and enjoy!,neither,0.03860730184226345,0.28722824611601955,0.6741644520417169
"Wait, I thought Amy was Sally Ride this time?!?",neither,0.04091051560184873,0.2729225731157696,0.6861669112823816
@hellocommanderstone yeah we got pc updates and dropped packets due to nothern hemisphere being in Summer/ holidays,neither,0.02969129665565077,0.40621983186486144,0.5640888714794878
;),neither,0.03945320844208391,0.33037608806864915,0.630170703489267
Yup!^,neither,0.03945320844208391,0.33037608806864915,0.630170703489267
"That might be a fun twist for next another session, switching characters midway through?",neither,0.055140262048760394,0.30564880207035605,0.6392109358808835
@GeekandSundry Thanks for the name fix,neither,0.032254523748746926,0.28027495957014903,0.6874705166811039
What is this?,neither,0.07282678549990032,0.31792604547631814,0.6092471690237815
!wtfisthis,neither,0.03945320844208391,0.33037608806864915,0.630170703489267
"Weave Society is the RPG tale for the digital age. Storytellers Markeia McCarty, Gina DeVivo, Whitney Moore, Becca Scott, and Amy Dallen come together to jump into one of the many fantastical worlds of Weave. Where will they end up next?",neither,0.03997484976940308,0.3113440925008771,0.6486810577297198
!wtfisthis,neither,0.03945320844208391,0.33037608806864915,0.630170703489267
!whodat,neither,0.03945320844208391,0.33037608806864915,0.630170703489267
"Amy Dallen ( twitter.com/enthusiamy ), Taliesin Jaffe ( twitter.com/executivegoth ), Matt Key ( twitter.com/TheMattKey ), Anthony Carboni ( twitter.com/acarboni ).",neither,0.03869585715153073,0.4626043240501789,0.49869981879829045
@BlackLionoftheStars kinda would be a throwback to AXYB scrumbles,neither,0.04527925342282968,0.3253468964750899,0.6293738501020804
"@Deathstar_Taco gotcha, thanks! I was just hoping my computer wasn't freaking out!",neither,0.027950028671948065,0.3866027990647543,0.5854471722632977
@BlackLionoftheStars That's an almost weekly feature of the games in Tempting Fate on Saving Throw Show.,neither,0.04353279851710192,0.30382858630013343,0.6526386151827647
just call it a WEAVE,neither,0.03299371377417122,0.35478294216276285,0.612223344063066
um...,neither,0.03945320844208391,0.33037608806864915,0.630170703489267
AHHHH,neither,0.03945320844208391,0.33037608806864915,0.630170703489267
STEF!,neither,0.03945320844208391,0.33037608806864915,0.630170703489267
STEPH,neither,0.03945320844208391,0.33037608806864915,0.630170703489267
SURPRISE GUEST!,neither,0.03945320844208391,0.33037608806864915,0.630170703489267
Hi Stef!,neither,0.03945320844208391,0.33037608806864915,0.630170703489267
Yay Stef!,neither,0.03945320844208391,0.33037608806864915,0.630170703489267
