text,top_class,hate_speech,offensive_language,neither
We have a subscriber-only Discord server! Join here: https://discord.gg/geekandsundry (you'll need to sub and link it to your Twitch) and be a part of the fun!...Warning: It can take up to an hour for the server to update and give you access to the channels,neither,0.08464076273808444,0.286394834032893,0.6289644032290227
"@AromiaFlyce oh, sorry, well we can talk now if youd like",neither,0.024675197161316755,0.3480167803485839,0.6273080224900994
I was wearing my tshirt!,neither,0.029218795586529487,0.41017259817179,0.5606086062416806
I'm so behind on the new releases. I keep meaning to see if there's a trade but I have a shortbox of comics I'm behind on,neither,0.031126826537476913,0.32614052530193305,0.6427326481605901
BIDET!,neither,0.03945320844208391,0.33037608806864915,0.630170703489267
Yes - we need the 'lovely wife Brittany'!,neither,0.038588280619411545,0.31961858609768445,0.641793133282904
@JMPickering thanks for boosting @SprlngheelJack 's guess!,neither,0.03260590484718941,0.2975298971648208,0.6698641979879899
Lol @Slippydude we all miss one at least one time.,offensive_language,0.027957100876931693,0.5085178972601246,0.4635250018629436
@AromiaFlyce jealousss! Hope to meet her at GenCon!,offensive_language,0.07730832279181703,0.4765551234957304,0.4461365537124526
Sandman made me change the way I think about deities like Anubis and the old pantheons. No joke,neither,0.03792166882429665,0.3401230235798912,0.6219553075958122
Enter Sandman!,neither,0.03945320844208391,0.33037608806864915,0.630170703489267
HEEYYY,neither,0.03945320844208391,0.33037608806864915,0.630170703489267
Woo!!! <3,neither,0.03945320844208391,0.33037608806864915,0.630170703489267
Good Zone Daisies!,neither,0.03861556489324797,0.33066419209574344,0.6307202430110085
HELLO LOVELY HOESTS,neither,0.03945320844208391,0.33037608806864915,0.630170703489267
"American Gods, too, but y'know",neither,0.039241360363065435,0.2749870393889387,0.6857716002479959
I am so ready for this,neither,0.03235520629627778,0.3454490083871837,0.6221957853165385
and were live,neither,0.045163668914878975,0.250522766870479,0.704313564214642
HOSTS AND GUEST!,neither,0.03854442882677734,0.28357035124239044,0.6778852199308323
Hey everyone!,neither,0.031959242684595296,0.4575682446653829,0.5104725126500218
HELLO,neither,0.03945320844208391,0.33037608806864915,0.630170703489267
,neither,0.03945320844208391,0.33037608806864915,0.630170703489267
HI AMY!!,neither,0.03945320844208391,0.33037608806864915,0.630170703489267
MOVIE SIIIIGN,neither,0.04346952624217752,0.2622086932468518,0.6943217805109707
"No worries, @Slippydude",neither,0.03848957175417732,0.3467315175537778,0.6147789106920449
"gandsTWC Hi Taliesin, Matt, and Amy!",neither,0.0388100252782571,0.29846695177565247,0.6627230229460904
oh hi,neither,0.04645180976672622,0.26453612080258093,0.689012069430693
hi!,neither,0.03945320844208391,0.33037608806864915,0.630170703489267
Hi!,neither,0.03945320844208391,0.33037608806864915,0.630170703489267
HEY!,neither,0.03945320844208391,0.33037608806864915,0.630170703489267
YAY! it is time for the club of Wednesday.,neither,0.038053547288931754,0.3109627560135659,0.6509836966975024
broHi,neither,0.03945320844208391,0.33037608806864915,0.630170703489267
"Hello, hello!",neither,0.03945320844208391,0.33037608806864915,0.630170703489267
hello guest!,neither,0.03945320844208391,0.33037608806864915,0.630170703489267
hello hosts and crew!,neither,0.03864789386565313,0.28954271560616884,0.671809390528178
HI!,neither,0.03945320844208391,0.33037608806864915,0.630170703489267
How are you all? <3,offensive_language,0.17883006872903914,0.4701152098685429,0.35105472140241806
...and we're off! XD,neither,0.06646119575208412,0.23915676221503715,0.6943820420328788
We're learning as we go!,neither,0.05236419020544847,0.3419578560366781,0.6056779537578735
Hey Guys!,neither,0.03929207127355727,0.33311100635304525,0.6275969223733975
Hello guest,neither,0.03945320844208391,0.33037608806864915,0.630170703489267
DRINKS,neither,0.03945320844208391,0.33037608806864915,0.630170703489267
Welcome Anthony!,neither,0.03945320844208391,0.33037608806864915,0.630170703489267
Guest!,neither,0.03945320844208391,0.33037608806864915,0.630170703489267
"Download the new Critical Role theme song for Campaign Two! http://itunes.apple.com/album/id1331550250?ls=1&app=itunes Sales of the song support the musician, Jason Charles Miller.",neither,0.04445767596344001,0.2510827790306858,0.7044595450058742
"Finally, time for Sandman.",neither,0.031185945956581404,0.318680429330592,0.6501336247128267
"'None in particular'. Y'know, not the comics on the table or anything.",neither,0.03614792487437334,0.3224266766502901,0.6414253984753366
,neither,0.03945320844208391,0.33037608806864915,0.630170703489267
Yay Anthony!,neither,0.03945320844208391,0.33037608806864915,0.630170703489267
wut dis toopic?,neither,0.03945320844208391,0.33037608806864915,0.630170703489267
tell us all about you Anthony! tell us your secrets!,neither,0.14705892371817872,0.3904825803019263,0.462458495979895
Comixology Originals? That's new to me.,neither,0.036937334402462996,0.3093169503237515,0.6537457152737856
!comixology,neither,0.03945320844208391,0.33037608806864915,0.630170703489267
These Wednesday Club episodes are sponsored by ComiXology Originals which you can learn more about RIGHT HERE https://www.comixology.com/,neither,0.09153613425939514,0.379690685593756,0.5287731801468488
This is the moment. THIS is your life!,neither,0.08350452302842548,0.3534816513649823,0.5630138256065922
Then again it's been a bit since I've watched.,neither,0.021525500308123762,0.34216814631326165,0.6363063533786145
"The topic is Sandman, probably Part 1.",neither,0.04456344345914815,0.3311547277943411,0.6242818287465108
"Hi Taliesin, Matt, Amy and Anthony!",neither,0.038888711686586544,0.30263783983575654,0.6584734484776569
Hello everyone!,neither,0.03269494828970791,0.4450814005079928,0.5222236512022994
love that jaw,neither,0.03219369039036831,0.3917578985782516,0.5760484110313802
Give us all your secrets!,neither,0.1352918620187736,0.3745754406901927,0.49013269729103376
Those lovely Sandman hardcovers,neither,0.07148985596282975,0.2453214433980429,0.6831887006391274
Hi @Impossiblegirl11,neither,0.03945320844208391,0.33037608806864915,0.630170703489267
What's this dude's medichlorian count?,neither,0.04544586754634336,0.3277589719739822,0.6267951604796745
oh boy,neither,0.04768565599480007,0.25364348607606696,0.698670857929133
i think i need to follow that channel,neither,0.041995128583780766,0.35443989817352994,0.6035649732426893
this is gonna be a fun night,neither,0.03824472439570758,0.3827398619651452,0.5790154136391472
"They have Death's book too, so hopefully we'll get to cover her too!",offensive_language,0.03647826701297156,0.48919662118429125,0.47432511180273723
"Help G&S make great content! $4.99/month gets you emotes, Minecraft server access, sub-only VODs, and more! Every sub keeps the channel alive! twitch.tv/geekandsundry/subscribe",neither,0.043907990691603095,0.31135964332838284,0.644732365980014
gawd. Sandman. finally,neither,0.03945320844208391,0.33037608806864915,0.630170703489267
We Have Concerns is the best name for anything,neither,0.038936263453182574,0.29491467850676095,0.6661490580400564
?,neither,0.03945320844208391,0.33037608806864915,0.630170703489267
#YoutubeAround,neither,0.03945320844208391,0.33037608806864915,0.630170703489267
What is the topic tonight?,neither,0.04976856080339477,0.2901025831372323,0.6601288560593729
Do the YouTubes,neither,0.04093240694525662,0.29231155090068645,0.6667560421540569
,neither,0.03945320844208391,0.33037608806864915,0.630170703489267
yeae sam witwer does have one hell of a chin,offensive_language,0.03071016399833562,0.6964459215753382,0.27284391442632616
@Impossiblegirl11 Sandman,neither,0.03945320844208391,0.33037608806864915,0.630170703489267
@Impossiblegirl11 Sandman,neither,0.03945320844208391,0.33037608806864915,0.630170703489267
"also, damn, loving tal's hair lately",offensive_language,0.043757875985152066,0.6503643950900491,0.3058777289247988
Sounds Boring. Kappa,neither,0.03945320844208391,0.33037608806864915,0.630170703489267
well done Tal,neither,0.03875198863020552,0.3422776183141059,0.6189703930556886
BOOM,neither,0.03945320844208391,0.33037608806864915,0.630170703489267
TALIESIN SLEEEEEP,neither,0.03945320844208391,0.33037608806864915,0.630170703489267
Never heard of it so I’m glad to be watching tonight!,neither,0.038117878938208775,0.3744799889923507,0.5874021320694406
segue champ,neither,0.03945320844208391,0.33037608806864915,0.630170703489267
@ToonEzon and more!,neither,0.04179084612257124,0.2343044033039325,0.7239047505734963
Taliesin zips in on a tricked-out segue.,neither,0.02684426223405475,0.3888229580056552,0.5843327797602901
for the love of god Taliesin sleep,neither,0.03012338434144478,0.299041540108968,0.6708350755495871
dat Cthulhlu t-shirt,neither,0.03945320844208391,0.33037608806864915,0.630170703489267
#LetTaliesinSleep,neither,0.03945320844208391,0.33037608806864915,0.630170703489267
Oh no Tal has insomnia too? :(,neither,0.042609582829459515,0.30340423152005597,0.6539861856504845
Taliesin sleeps?,neither,0.03945320844208391,0.33037608806864915,0.630170703489267
SLEEP BOY,neither,0.03945320844208391,0.33037608806864915,0.630170703489267
once my buddy had an electric trigger,neither,0.032057907941354845,0.38358464676721243,0.5843574452914327
"Woo hoo, live Wednesday Club",neither,0.0423705706411795,0.32937267343097876,0.6282567559278418
is taliesin's hair going from black to purple?,neither,0.0759809629980297,0.31597825308841404,0.6080407839135564
SANDMAN!,neither,0.03945320844208391,0.33037608806864915,0.630170703489267
"Taliesin, sleep more",neither,0.042281915200109814,0.31574866537268764,0.6419694194272026
mine was mechanical,neither,0.03926980617163552,0.33348890323994296,0.6272412905884215
Let Him Nap,neither,0.023645322724020954,0.3674806164893277,0.6088740607866513
SANDMAN!,neither,0.03945320844208391,0.33037608806864915,0.630170703489267
i think i won more,neither,0.0427068915256403,0.3052877579672183,0.6520053505071415
For some folks sleep isn't easy.,neither,0.02888345120716468,0.3171184377073681,0.6539981110854672
Seque or Segway?,neither,0.03945320844208391,0.33037608806864915,0.630170703489267
i dunno,neither,0.03945320844208391,0.33037608806864915,0.630170703489267
For that Futurama future where we all move around like bank deposits at the drive thru!,neither,0.0357857240464515,0.43615187245197135,0.5280624035015772
im still not fully convinced that taliesin isnt me from an alternate universe,neither,0.03303881715406287,0.38599323512212164,0.5809679477238154
nice,neither,0.03945320844208391,0.33037608806864915,0.630170703489267
I still believe in you Chief!,neither,0.05530183390221681,0.39397725942829337,0.5507209066694899
Sleep does not exist,neither,0.0257405114631735,0.4541353447963088,0.5201241437405176
Let Sleeping Pyramids Lie,neither,0.02441788378830455,0.36317104082622614,0.6124110753854695
sleep yay sleep,neither,0.03945320844208391,0.33037608806864915,0.630170703489267
Poor tal. let him sneep,neither,0.026772651208821125,0.35888406325071553,0.6143432855404634
Taliesin brought the key to hell because of course he did,offensive_language,0.0488161017714147,0.5922352148207249,0.3589486834078603
!comixology,neither,0.03945320844208391,0.33037608806864915,0.630170703489267
These Wednesday Club episodes are sponsored by ComiXology Originals which you can learn more about RIGHT HERE https://www.comixology.com/,neither,0.09153613425939514,0.379690685593756,0.5287731801468488
Because the Segway sponsorship?,neither,0.037722927596074624,0.29784258222153837,0.664434490182387
I have all 4 volumes of those large leatherbound slip case versions. They are so worth owning.,neither,0.06519781086451289,0.3323560133812989,0.6024461757541881
it's a magical tiny box,neither,0.038299379083558974,0.3307729428945863,0.6309276780218547
sponsorshippp!,neither,0.03945320844208391,0.33037608806864915,0.630170703489267
"Hey, everyone!",neither,0.031959242684595296,0.4575682446653829,0.5104725126500218
YAYYYY,neither,0.03945320844208391,0.33037608806864915,0.630170703489267
Mikey's going left,neither,0.03786592673901354,0.3573164010449009,0.6048176722160856
Hi @igilboa1,neither,0.03945320844208391,0.33037608806864915,0.630170703489267
You got it!,offensive_language,0.07540088504229261,0.5719594387537538,0.35263967620395364
is it too early to submit topics?,neither,0.053894364481739405,0.30509004370991977,0.6410155918083408
Anthony needs to beware the surprise attack of an angry Erika who wanted to talk about Sandman,neither,0.034807088630288016,0.3640840467425139,0.601108864627198
hi im taliesin and ths is disney,neither,0.0450549089076605,0.32061292554985354,0.6343321655424861
yeah counter strike experience,neither,0.027401991915674,0.4116095402162743,0.5609884678680516
but like,neither,0.059107789418246064,0.39889399516999574,0.5419982154117582
"I MEAN YOU BOOST THEIR SALES LIKE EVERY WEEK, ITS ABOUT DAMN TIME",offensive_language,0.053667897549120644,0.6881951376258636,0.25813696482501575
"The real challenge is will I be able to stay awake to the end of the Sandman episode, having been awake for 19 hours...",neither,0.041575030479863315,0.33516135715946715,0.6232636123606696
i read the first two tpbs of new xmen on comixology FOR FREE this week,neither,0.031674009210773686,0.251464353315922,0.7168616374733042
i lost to rainbow six moves once,neither,0.04388943819596042,0.3277564259963976,0.6283541358076419
This is a book ive been meaning to read forever and i just haven’t gotten around to it yet lol,neither,0.04173830035779282,0.34503124340392133,0.6132304562382859
#RegularMoney,neither,0.03945320844208391,0.33037608806864915,0.630170703489267
Amazon prime? cool,neither,0.03945320844208391,0.33037608806864915,0.630170703489267
I didn't realize he was talking about the comixology box for a moment and I was like 'Is... is it an invisible box?'.,neither,0.04005871909308754,0.33740356481754563,0.6225377160893667
i have the things Amy! :D,neither,0.03809450940753988,0.3233518787670901,0.63855361182537
OMG! So Comixology started selling manga.,neither,0.039417083673284614,0.3642153324902955,0.59636758383642
regular money!? in this day and age?,neither,0.03910602850484683,0.285743289091703,0.6751506824034502
how much is CXU?,neither,0.04532386126708094,0.32835690135981016,0.6263192373731089
first hits free,neither,0.03204493843078725,0.3329241318362191,0.6350309297329936
!twc,neither,0.03945320844208391,0.33037608806864915,0.630170703489267
"Here are some handy The Wednesday Club resources! TWC Reddit: reddit.com/r/WednesdayClub/ | Discord: https://discord.gg/6QK9fVB | Wednesday Club Fanclub on Facebook: facebook.com/groups/1945232949091586/ | Send in your thoughts, comic recommendations, questions, and more to Matt, Amy, and Taliesin at thewednesdayclub@geekandsundry.com",neither,0.05001524745118048,0.31503641584425707,0.6349483367045624
Unlimited is pretty rad.,neither,0.045796183646452944,0.3281944480349168,0.6260093683186302
gandsTWC,neither,0.03945320844208391,0.33037608806864915,0.630170703489267
I read Call For Mercy which is a comixology original and I loved it,neither,0.03897526150578246,0.2886815843019939,0.6723431541922236
Tal's goth rainbow hair,neither,0.03945320844208391,0.33037608806864915,0.630170703489267
$5/mo,neither,0.03945320844208391,0.33037608806864915,0.630170703489267
REMINDER: you cant get comixology unlimited in australia,neither,0.04923803646410207,0.36558619924658997,0.585175764289308
great now I have Super Freak stuck in my head,neither,0.029265608359404022,0.3933088639524041,0.5774255276881918
"really loving taliesin's hair, cant say that enough",neither,0.03652555406762205,0.36207883774018046,0.6013956081921975
"oo i saw that one, ill read it tomorrow",neither,0.035372661626479986,0.38006145661474405,0.584565881758776
"LUL AMY ""that's how we get ya!""",offensive_language,0.026661226211363055,0.5376146091618,0.43572416462683683
Why am I here lol. Joking of corse.,neither,0.05150003368625991,0.36086465542267954,0.5876353108910607
That was literally an episode of Young Justice...,neither,0.03489218504117936,0.39183017817753113,0.5732776367812894
Super freaks Super freaks its super freaky!,neither,0.03702677521244976,0.331210649721878,0.6317625750656721
What about Nightwing?,neither,0.04753712308015706,0.3758554328400185,0.5766074440798244
"Way to find something you're not qualified for, Taliesin, Handmodel Jaffe.",neither,0.0846154932700143,0.22181932353107187,0.6935651831989138
"sorry, $5.99/mo",neither,0.03945320844208391,0.33037608806864915,0.630170703489267
Will you trust Nightwing then?,neither,0.06668501523060909,0.36260710455577616,0.5707078802136147
Good evening everyone!,neither,0.03308870833616604,0.42926799388711456,0.5376432977767195
Are they super freaky?,neither,0.06538326264759434,0.28538087092545555,0.6492358664269502
Between that and MU its eased my weekly pain but my omnibus habit is still going strong... those sweet sweet hardcovers Kreygasm,neither,0.03343309876180692,0.3990227003640648,0.5675442008741284
gandsTrinketArmor Tell me about it,neither,0.026053361351690018,0.4231884923624614,0.5507581462858486
@misssunflower94 me too :),neither,0.025456656249999262,0.41690574403459846,0.5576375997154023
"I'm a little late, but hello everybody",neither,0.0363350346081767,0.3432999996690891,0.6203649657227341
Hi @phoenixgoth,neither,0.03945320844208391,0.33037608806864915,0.630170703489267
@VermillionCrimson ty! Nightwing!,neither,0.03945320844208391,0.33037608806864915,0.630170703489267
I'd trust Dick Grayson,offensive_language,0.05557215515358749,0.932592663337128,0.011835181509284518
Nightwing is the most trusted hero in the DC Universe,neither,0.04326410725419599,0.3089084660222701,0.6478274267235339
Comixology and Marvel Unlimited are totally worth it. MU is especially great if you're reading older stuff. At a few issues read a month you've saved money,neither,0.04612597239248772,0.3295662196462708,0.6243078079612415
hi @phoenixgoth,neither,0.03945320844208391,0.33037608806864915,0.630170703489267
Hold on...there are people who trust Batman!?,neither,0.08371347825026915,0.31640191467049983,0.599884607079231
That's adorable,neither,0.0343714251695459,0.38593769553176943,0.5796908792986846
!comixology,neither,0.03945320844208391,0.33037608806864915,0.630170703489267
These Wednesday Club episodes are sponsored by ComiXology Originals which you can learn more about RIGHT HERE https://www.comixology.com/,neither,0.09153613425939514,0.379690685593756,0.5287731801468488
(except maybe in Young Justice),neither,0.03706665537192708,0.37088212207640636,0.5920512225516664
And they're on number 5 already. Good sign.,neither,0.04867417433593068,0.30078811012735557,0.6505377155367137
"@misssunflower94 Agreed, I would absolutely trust Dick Grayson",offensive_language,0.05988472437310366,0.778855408459949,0.1612598671669473
agreed on nightwing,neither,0.03582950867507171,0.34791347289591373,0.6162570184290146
wasp is coming back???,neither,0.04768327468025259,0.3275453908946968,0.6247713344250507
such an excitable table today,neither,0.038576464398964665,0.3000901715013451,0.6613333640996902
@phoenixgoth AND MORE,neither,0.04179084612257124,0.2343044033039325,0.7239047505734963
Daily Wednesday?,neither,0.03945320844208391,0.33037608806864915,0.630170703489267
"I don't recognize our guest, but I'm excited!",neither,0.037129597299784566,0.33722031618841597,0.6256500865117994
ive been holding out for those massive hardcover annotated sandman editions,neither,0.046471234205631116,0.2764060086199688,0.6771227571744001
I would definitely trust Nightwing,neither,0.03875473659000434,0.3245271747044836,0.6367180887055119
is that a bone key?,neither,0.0433188626239242,0.36899185079793395,0.5876892865781418
@iceilluser It was just announced. I'm super excited,neither,0.03481144220863474,0.348833598375494,0.6163549594158713
what? wow,neither,0.04840825057292334,0.32407970387965335,0.6275120455474233
Joker is probably the only one who I would trust in the DC Universe. I always know what he's going to do so I can expect it.,neither,0.04796042072412839,0.41191883529919243,0.5401207439766792
show us your trailers Taliesin!,neither,0.26874399522575376,0.18400040410915136,0.5472556006650948
the annotated versions are AMAZING.,neither,0.06147688771396156,0.27555670063482945,0.6629664116512091
show us!,neither,0.16769537339040438,0.2005943964582871,0.6317102301513084
OG BOOOK,neither,0.03945320844208391,0.33037608806864915,0.630170703489267
Oh this is Matt’s first time seeing the sick graphic,neither,0.041267674875577386,0.3021082949836484,0.6566240301407743
@kaioraya very excited!,neither,0.03945320844208391,0.33037608806864915,0.630170703489267
"Show of hands, who wound up with a weird crush on Death?",neither,0.03735440887835352,0.39426680954175464,0.5683787815798919
I kinda miss Motion Comics. I really enjoyed the Watchmen one.,neither,0.03447134775102639,0.34037546413044945,0.6251531881185242
,neither,0.03945320844208391,0.33037608806864915,0.630170703489267
@LilyRose28 there's nothing weird about having a crush on Death :P,neither,0.03479000288249808,0.3584224401470468,0.6067875569704552
My library has a copy of that giant Sandman compendium.,neither,0.02934110461417956,0.41436661120964213,0.5562922841761784
The Segue Club,neither,0.038010640380216267,0.3035347825394268,0.6584545770803568
Segue Man & Segue Woman are on the job tonight,neither,0.05240150705485209,0.35130943203147574,0.5962890609136721
..true,neither,0.03945320844208391,0.33037608806864915,0.630170703489267
Going full screen cause I am watching with my BF who is watching the show for the first time!,neither,0.036208241905422885,0.3847015535934568,0.5790902045011203
THATS THE EDITION I NEED,neither,0.038471172738035686,0.31397667687811653,0.6475521503838478
"@LilyRose28 I had a crush on Death, but I never considered it weird. You are supposed to have a dangerous crush on Death, if not, you are not writing Death correctly.",neither,0.05323051615482866,0.37744648581439283,0.5693229980307785
That is a thicc book. Dang.,neither,0.044593699028192976,0.3802865595297556,0.5751197414420515
@herladykrow -> ONLY HULK CAPSLOCKS [warning],neither,0.03945320844208391,0.33037608806864915,0.630170703489267
ohhh prettty,neither,0.03945320844208391,0.33037608806864915,0.630170703489267
"Hi, Wednesdaisies from the hospital",neither,0.03957605914966374,0.2980492582235978,0.6623746826267385
QUESTION: How would one differentiate Comic Book from Graphic Novel? or is it just a tomato to-mah-to?,neither,0.0470058963912758,0.3399983230025443,0.61299578060618
Oh gawd look at that art,neither,0.0411300481591415,0.34264585049216284,0.6162241013486955
"God, that's an amazing copy.",neither,0.03647524846121606,0.3609882462341545,0.6025365053046294
so pretty but so hard to actually carry around and read....,offensive_language,0.03441104853248624,0.5073341619124948,0.45825478955501897
I have all 4 volumes of the Absolute editions. They are great.,neither,0.05536976421634311,0.31998394341737874,0.6246462923662782
sweeeet...,neither,0.03945320844208391,0.33037608806864915,0.630170703489267
Peel the comic onion for us,neither,0.06802051640973657,0.2825338188046742,0.6494456647855893
"I own that edition, but the binding is falling apart. I'm so sad",neither,0.05425562544479215,0.3706185263466827,0.5751258482085252
Hardcover collections are my jam.,neither,0.047582660475054196,0.3661609944146734,0.5862563451102724
That is a thing I've wanted since it was announced,neither,0.023866160405760277,0.34587179273875757,0.630262046855482
Such a damn good series too,offensive_language,0.04408257971173595,0.7692730025143977,0.18664441777386648
book strip tease,neither,0.03945320844208391,0.33037608806864915,0.630170703489267
wooooooooow,neither,0.03945320844208391,0.33037608806864915,0.630170703489267
Dangerous crush on Gaiman's Death? she's just lovely all around,neither,0.03670808095799451,0.45491386657389266,0.5083780524681129
"I have that, it's falling to pieces cos it's a canceled library one",neither,0.03845653701375676,0.37205155321529915,0.589491909770944
@misssunflower94 that is a good question,neither,0.04321242662269434,0.3760215065913363,0.5807660667859693
@DJPheonyx oh no u ok?,neither,0.04520778729518567,0.28436147970908127,0.6704307329957331
omgggggggggg,neither,0.03945320844208391,0.33037608806864915,0.630170703489267
They cost me like $125 each.,neither,0.04133618646104035,0.38217336326957924,0.5764904502693804
@stargazer1977 yeah I was in a BAD place when I read these so it always felt real heckin strange,offensive_language,0.02392358242479547,0.5673411533855743,0.4087352641896303
That looks brand new,neither,0.039217292816568,0.2811803383432658,0.6796023688401663
oh god that is a sexy book,neither,0.04769731003446994,0.3210959828098772,0.6312067071556529
"mckean illustrated john cale's autobiog, WHAT'S WELSH FOR ZEN, it is fantastic",neither,0.0431727920940684,0.3051409322555915,0.65168627565034
ngl Sandown is my fav series,neither,0.03489870190038953,0.4099830534873995,0.555118244612211
Vol 1 is on Sale,neither,0.04588312266931925,0.34402310124537244,0.6100937760853082
VOLUME 1!!!??!!,neither,0.03945320844208391,0.33037608806864915,0.630170703489267
"@misssunflower94 Typically, I would say a comic is an ongoing series and a graphic novel is a one or two shot.",neither,0.04769235855630061,0.31079975183690695,0.6415078896067925
,neither,0.03945320844208391,0.33037608806864915,0.630170703489267
I would kill for that book >.>,neither,0.34470313520011275,0.18878353172334678,0.4665133330765406
Yep,neither,0.03945320844208391,0.33037608806864915,0.630170703489267
https://www.amazon.com/Absolute-Sandman-Vol-1/dp/1401210821/ref=pd_sim_14_5?_encoding=UTF8&pd_rd_i=1401210821&pd_rd_r=79MCXA9XV99NY19BG9M8&pd_rd_w=UWfWO&pd_rd_wg=uyf6E&psc=1&refRID=79MCXA9XV99NY19BG9M8,neither,0.03945320844208391,0.33037608806864915,0.630170703489267
"@LilyRose28 hopefully you feel in a better place now. But embrace the attraction to Death, it's more healthy. ;)",neither,0.050627947318804156,0.31472455512334785,0.634647497557848
@misssunflower94 i was thinking exactly the same thing. that is a beautiful thing,neither,0.04172479876469408,0.3506598858710897,0.6076153153642162
I Saw that on sale on Indigo for under $200 CAD.,neither,0.029623318461392947,0.3556284947375737,0.6147481868010335
@misssunflower94 Graphic novel tells a story in one book while comic books tells the story in many issues.,neither,0.03872377961833642,0.336474380307581,0.6248018400740826
@stargazer1977 oh yeah I'm FINE now. She's cute.,neither,0.03053332911111003,0.43920764575560967,0.5302590251332804
omfg that is a LOT of money,neither,0.04302352572612673,0.36626978785672365,0.5907066864171497
"...What was that, Taliesin? :P",neither,0.041736715604486524,0.40105550120025046,0.557207783195263
@misssunflower94 Just looked it up.,neither,0.02965942610993074,0.4223508556801379,0.5479897182099314
That's the one I got at my library book sale for $1! I felt like I was robbing them.,neither,0.037046854856959716,0.42560713694618907,0.5373460081968512
I'm working through Black Orchid right now. So strange watching McKean do whole issues instead of just covers.,neither,0.04600611197067002,0.3613999643615325,0.5925939236677975
You sell the trades to buy the hardcover,neither,0.05739342710323076,0.3335212000755885,0.6090853728211807
the sound of her wings is so good,offensive_language,0.03610135348687587,0.5378241306374356,0.4260745158756884
,neither,0.03945320844208391,0.33037608806864915,0.630170703489267
how do your thighs not get sore and num from reading those tomes?,neither,0.07930439635136423,0.24933421270479217,0.6713613909438436
You give friends .cbr copies,neither,0.06712738814133765,0.4053732171273405,0.5274993947313219
@geekmomma3 library book sales are the best,neither,0.05513166736087883,0.28284269396460804,0.6620256386745131
SeemsGood,neither,0.03945320844208391,0.33037608806864915,0.630170703489267
@ToonEzon I bet it's like having a cat on your lap - yeah your legs fall asleep but it's worth it,neither,0.05564296556623639,0.39780699294177774,0.5465500414919858
@ToonEzon they are actually really inconveniently sized,neither,0.06309194617670728,0.2887362876370819,0.6481717661862108
Mr. Miracle was in the first volume,neither,0.03385832158852178,0.3221059007261267,0.6440357776853515
"also, some people are into that.",neither,0.0871575245554135,0.3355806862843633,0.5772617891602232
"Watchmen is technically not a Graphic Novel, it's a limited run comic. But at a certain point the definitions interfere rather than help. So call it a graphic novel if you want.",neither,0.03635404724756089,0.3936048682528721,0.5700410844995669
I just bought Vol 1 Absolute,neither,0.03489761452273599,0.35187995922637666,0.6132224262508872
@iceilluser I'm a BIG believer in supporting local libraries.,neither,0.02800003875467052,0.37515637318487965,0.5968435880604498
"i saw neil call pat rothfuss fancy on twitter and pat was like ""be cool everyone""",neither,0.03899402665339698,0.42333359559490363,0.5376723777516994
bloody internet is barely working tonight WHY,neither,0.03451674230873779,0.3235178949613846,0.6419653627298777
Matt is mind blown,neither,0.0460553885839075,0.32810529557092766,0.625839315845165
excellent,neither,0.03945320844208391,0.33037608806864915,0.630170703489267
"@mathemagician_ yea, i mean somthing like sandman would be perfect beach reading",neither,0.04548689628712933,0.3407742617933935,0.6137388419194774
NO WE NEED YOU MATT,neither,0.05536357444906676,0.39560461295262467,0.5490318125983086
Omg!,neither,0.03945320844208391,0.33037608806864915,0.630170703489267
"lol, poor matt",neither,0.03194140341377764,0.3846926460836488,0.5833659505025736
i have absolute sandman 1-4 and its like... one of my favourite material possessions,neither,0.032592378839524816,0.3957061025082299,0.5717015186522453
Matt can never leave,neither,0.03588522982978659,0.3648665543835363,0.5992482157866771
MATT NOOO,neither,0.03945320844208391,0.33037608806864915,0.630170703489267
"Matt, as always, is me",neither,0.03572012064273396,0.44553616478746144,0.5187437145698046
I'm surprised Matt didn't catch on to that before.,neither,0.026802303270083462,0.43649710793933943,0.5367005887905771
"We need you Matt, don't go!",neither,0.05716106186848871,0.38294356599429524,0.5598953721372162
Amy <3,neither,0.03945320844208391,0.33037608806864915,0.630170703489267
"that i did know, despite not knowing a whole lot about the sandman material",neither,0.035032931422060584,0.36395705900854614,0.6010100095693932
@geekmomma3 local libraries deserve all the support they can get and i wish they would get more of the local budget,neither,0.056926036147182585,0.3196101419830677,0.6234638218697498
So Amy.... Who is Sandman?,neither,0.0491592895683603,0.4484576597864383,0.5023830506452013
Matt has been preparing for reading Sandman for all his life,neither,0.043542745835530694,0.36711528371066277,0.5893419704538065
I seriously need to finish Sandman. I'm through 8 volumes.,neither,0.04406094680642877,0.3265174328980892,0.6294216202954821
"Sandman was a rite of passage, for sure.",neither,0.029000061035839606,0.42634733765623845,0.5446526013079219
i just started to read sandman less than a week ago because of these folks! its sooo goodd,neither,0.04100122245021191,0.3839693998324877,0.5750293777173006
gandsTrinketArmor My Brothers sucked lol,neither,0.023569708512697775,0.4600197232072375,0.5164105682800647
"QUESTION: would you guys mind posting a list of the best collections of sandman and the order in which to read them, bc these days, there are different folds of collections and it can get confusing",neither,0.06119610146438653,0.28893592251147576,0.6498679760241378
