text,top_class,hate_speech,offensive_language,neither
That doesn't sound up to code @ossborn :p,neither,0.03915471030017129,0.4089564781727636,0.5518888115270649
Lore me Sempai!,neither,0.018491955366437673,0.460246435692358,0.5212616089412043
This stream is scheduled for one fall :P,neither,0.03965581006779298,0.32978969527456403,0.6305544946576431
He's got a BIIICYCLE!,neither,0.048565976505156434,0.4226954785610864,0.5287385449337572
"@vexelghost Well, industry workers obviously like bouncing castlees :-D",neither,0.046059035287802794,0.3402739707754657,0.6136669939367316
!dapper,neither,0.03945320844208391,0.33037608806864915,0.630170703489267
"Ryan Green has a unique style all his own. We can't always explain it, but rest assured, he's always going to look dapper AF.",neither,0.06659971876757347,0.40271519875690504,0.5306850824755214
"Ryan knows what's best for business, brother.",neither,0.03813977740754243,0.3020991080684026,0.659761114524055
"look at our handsome gentlemen hosts, hi guys!",neither,0.04012439636722333,0.34997119415888983,0.6099044094738868
guess we'll be schooling Ryan about wrestling,neither,0.03834268837642649,0.35475028917871065,0.6069070224448627
jcvimHi @shidareAKI,neither,0.03945320844208391,0.33037608806864915,0.630170703489267
hiiiiii guys,neither,0.03922184957078739,0.3343028519130907,0.6264752985161218
I used to watch Pro Wrestling!,neither,0.049555845957012755,0.32562716284028215,0.6248169912027052
Hi @shidareAKI,neither,0.03945320844208391,0.33037608806864915,0.630170703489267
@shidareAKI Hi Aki,neither,0.03945320844208391,0.33037608806864915,0.630170703489267
"Wrestling never was huge in my country, I remember as a kid, there were some matches shown on some TV station... at first I liked it, then I discovered it was all fake...",neither,0.026399414243918718,0.4132753394846059,0.5603252462714754
hooow you all doin,offensive_language,0.07213868222826306,0.538236789247043,0.38962452852469404
John Cena an actor? Kappa,neither,0.03969087601380057,0.3263422491136815,0.633966874872518
Hi all,neither,0.0423466876598404,0.4436528871510691,0.5140004251890904
"Classy Freddie Blassie, listen here you pencil necked geeks",neither,0.08727738446565231,0.33280101174694776,0.5799216037874
Hi @Yames007,neither,0.03945320844208391,0.33037608806864915,0.630170703489267
My mom = obsessed with wrestling. It was a cornerstone of my southern upbringing,neither,0.020952423288583658,0.4561229050713383,0.5229246716400782
"Chris Benoit is still one of my favorite wrestlers along with Bam Bam Bigelow, Bruiser Brody and Gail Kim!",neither,0.03248425168619768,0.377582139364339,0.5899336089494633
"Wait, what happened to Gail Kim?>",neither,0.048705049787313624,0.32451201661113316,0.6267829336015532
ROH ROH,neither,0.03945320844208391,0.33037608806864915,0.630170703489267
ECW was so Fabulous!,neither,0.03926563994627031,0.3844033878427509,0.5763309722109788
ECW was brutal,neither,0.0393133255125878,0.3327502664475535,0.6279364080398587
Sub and Resubs gandsHype gandsLessthanthree,neither,0.038417409140660864,0.2758696473484317,0.6857129435109074
I am lfg for dnd in Oceanside Ca,neither,0.03446039848430957,0.3061856250692965,0.6593539764463939
@ThorIsBetterThanSuperman She is the last of my favorite wrestlers still alive!,neither,0.0357278054277831,0.4427320957458561,0.5215400988263609
WWE is the Disney of wrestling. Gobble up the competition and ruin it like Star Wars.,neither,0.04426419413957012,0.32558401452128194,0.6301517913391478
WCW had great cruiserweights like Kidman etc,neither,0.04660767930061927,0.32007312129452625,0.6333191994048545
WCW was one of the worst run companies in history which is a shame because they had the talent to keep going and be bigger than WWE,neither,0.04352068042910551,0.3202783134345176,0.6362010061363769
@Andyinsomnia Yeah but they had SO MUCH talent that they couldn't possibly use every episode.,neither,0.014996743297058374,0.4748392594185235,0.5101639972844182
cheer1,neither,0.03945320844208391,0.33037608806864915,0.630170703489267
cheer1,neither,0.03945320844208391,0.33037608806864915,0.630170703489267
afc nfc,neither,0.03945320844208391,0.33037608806864915,0.630170703489267
Is Lucha Underground still around? Saw a few episodes on Netflix and is was pretty good.,neither,0.04495650041467118,0.3222752090804956,0.6327682905048332
yeah that was part of the being poorly run. people were earning 6 figure sums to wrestle twice a year @ThorIsBetterThanSuperman,neither,0.03996801783662456,0.3920956479685691,0.5679363341948065
@vexelghost I believe it is still going,neither,0.04373009249171568,0.37474200353591286,0.5815279039723714
!whois,neither,0.03945320844208391,0.33037608806864915,0.630170703489267
!whodat,neither,0.03945320844208391,0.33037608806864915,0.630170703489267
"Ryan Green ( twitter.com/HydroSnail ), Hector Navarro ( twitter.com/Hectorisfunny ) with guest Mark B Donica ( twitter.com/MarkBDonica )",neither,0.03505666327029983,0.45784233963811366,0.5071009970915865
@Andyinsomnia I imagine a few of them had the names and reps to back up being paid that much.,neither,0.04020622544741028,0.35758944613114885,0.6022043284214408
Wrestlers are traveling 360 days,neither,0.05618696910998282,0.29944768825326973,0.6443653426367475
@Andyinsomnia I wonder how much Dwayne would need to be paid now to make a comeback to wrestling.,neither,0.048308614014646645,0.32279700126561006,0.6288943847197433
Live shows occasionally have a title change,neither,0.042067326336828345,0.335307277811379,0.6226253958517927
"Hey Mark, explain Kayfabe for us.",neither,0.062150504121740155,0.30204231826082656,0.6358071776174333
"Ugh, I hate Pro Wrestling, especially as someone who used to real wrestle in school. I'll be back next week.",neither,0.09337246594577876,0.4076373589779373,0.49899017507628396
"@shidareaki, It would be crazy, his own fee would be huge and there are issues with movie insurence people who would want a lot to let him wrestle",neither,0.06485420507308888,0.34980914924681494,0.5853366456800962
Later @stargazer1977,neither,0.03945320844208391,0.33037608806864915,0.630170703489267
The Miz came from MTV so there is a possibility of crossover knowledge for Hector,neither,0.04025784859453715,0.29168426391910857,0.6680578874863543
"this is the best crossover of my interests: GeekandSundry and wrasslin, who else is in Flair country! WOO!!!",neither,0.04301826893510659,0.37305240449601984,0.5839293265688736
"Never a fan of Flair, but i respect the hell out of him!",offensive_language,0.03203416569245231,0.6488141287308868,0.3191517055766609
It comes from circus speak,neither,0.039139430135021795,0.31602513074288346,0.6448354391220946
kayfabe could probably have a whole episode to itself on its history,neither,0.03664301701280819,0.3553008482669118,0.6080561347202801
I've peaked again.,neither,0.01214229064098001,0.34723221578741725,0.6406254935716028
"Kayfabe is pig latin for Fake, not named after someone sorry",neither,0.039400825008304434,0.31334843221711883,0.6472507427745768
if ur a fan of Mr.Flair watch the Rick Flair Drip music video. Dude musta had a blast shooting it lmao,neither,0.04250782432782696,0.31059417790039573,0.6468979977717775
