text,top_class,hate_speech,offensive_language,neither
"Whatever comes next, it'll be great. But I'm really going to miss these characters.",neither,0.03812340235626536,0.38292786051814476,0.5789487371255899
"Download the new Critical Role theme song for Campaign Two! http://itunes.apple.com/album/id1331550250?ls=1&app=itunes Sales of the song support the musician, Jason Charles Miller.",neither,0.04445767596344001,0.2510827790306858,0.7044595450058742
Hi!,neither,0.03945320844208391,0.33037608806864915,0.630170703489267
I'm happy as long this epic crew stays together for another show :D,neither,0.06833038085855626,0.24957245445523296,0.6820971646862108
@ShandraVdeG Thanks! I appreciate it.,neither,0.035659617760320166,0.31158820442574925,0.6527521778139306
Shield of Tomorrow often gives Feels of Today!,neither,0.03843312837258908,0.314836962056924,0.6467299095704869
we're UP,neither,0.06722242231738261,0.3739609693567138,0.5588166083259035
yaaaay! we're live!,neither,0.07702019449600846,0.29035571652515796,0.6326240889788335
Thanks everyone. it's looking good so far with the medications they have been giving me.,neither,0.023243408835051202,0.4462479889349686,0.5305086022299802
hi!!,neither,0.03945320844208391,0.33037608806864915,0.630170703489267
"ooohh, new lighting?",neither,0.043301118494078285,0.23413499177287803,0.7225638897330438
helloooo,neither,0.03945320844208391,0.33037608806864915,0.630170703489267
always sexy zazrit,neither,0.037001959735747054,0.4067387667689913,0.5562592734952616
NEW BADGE onSAM,neither,0.043491983419288865,0.22912321039323882,0.7273848061874723
whoop whoop,neither,0.03945320844208391,0.33037608806864915,0.630170703489267
And maybe give Bonnie Gordon her own new show as well next to it :D,neither,0.06233724002294818,0.3517404265098055,0.5859223334672463
@DJPheonyx Good to hear,neither,0.04830306996474394,0.32501750114436057,0.6266794288908956
@DJPheonyx Yay!,neither,0.03945320844208391,0.33037608806864915,0.630170703489267
gandsHype gandsHype gandsTribble gandsTribble gandsTricorder gandsTricorder gandsClassic gandsClassic,neither,0.03945320844208391,0.33037608806864915,0.630170703489267
He's Zazrit and he knows it,neither,0.04877106196520462,0.2863606575249075,0.6648682805098879
Mourn not the conclusion of the Sally Ride's tale; merely be joyful at the many opportunities Eric will have to make his players suffer in the Cypher system!,neither,0.04889587610966977,0.3124177999066346,0.6386863239836956
Good for you Eric!!,neither,0.04787568283674669,0.3411659273379637,0.6109583898252896
Sam's Pride Trek badge is great!,neither,0.04306528219849254,0.3127231779462629,0.6442115398552445
Don't faint on us Eric!,neither,0.07772790055940412,0.33645483226352046,0.5858172671770754
"@misroi Will Wheton did a game that was a syfy fantasy, it is also the system the new game is",neither,0.046499982981953854,0.23285926619078512,0.7206407508272611
"Help G&S make great content! $4.99/month gets you emotes, Minecraft server access, sub-only VODs, and more! Every sub keeps the channel alive! twitch.tv/geekandsundry/subscribe",neither,0.043907990691603095,0.31135964332838284,0.644732365980014
damnit jafey,neither,0.03945320844208391,0.33037608806864915,0.630170703489267
"We believe you can do this, Eric! Giving up cofree is a good thing to do~",neither,0.060964132005750585,0.38822934042433965,0.5508065275699098
Pyramids gotta sew chaos.,neither,0.038079453304530754,0.35369229796814367,0.6082282487273256
wifi plz behave,neither,0.03945320844208391,0.33037608806864915,0.630170703489267
TheIlluminati,neither,0.03945320844208391,0.33037608806864915,0.630170703489267
"I'll drink the coffee for you, Eric!",neither,0.05370642449593342,0.19259006330024736,0.7537035122038193
As someone who does not drink coffee and wakes up energized early in the morning I enjoy the glares from coffee drinkers as I walk by.,neither,0.04126265743322154,0.24200161596143496,0.7167357266053435
lower decks. so awesome,neither,0.039416980451461775,0.3643746094975852,0.5962084100509529
Does that include the Master?,neither,0.025275127204732042,0.4510943452065726,0.5236305275886953
Speculation continues,neither,0.03945320844208391,0.33037608806864915,0.630170703489267
way to brag,neither,0.04778428916786659,0.32660967843835254,0.6256060323937809
"It's Gina, she has a tell heh",neither,0.03982510357226952,0.40251988832055574,0.5576550081071747
I think it was posted in chat a bit ago.,neither,0.0403523796354226,0.2974861704891899,0.6621614498753875
Amy it's okay!,neither,0.03800599884944182,0.33087384981022666,0.6311201513403316
"heres a joke, ""why did the chicken cross the rode? why did the chicken receive a mysterious package? why did the chicken make a fake id?... what the fock is this chicken up too?!"" lol",neither,0.030265100434234516,0.34742077744314465,0.6223141221226208
please set it up to allow conflicts,neither,0.041403870868277674,0.37200299096541345,0.5865931381663089
"Hector, I say it is Hector",neither,0.052376781449389266,0.32593107869320975,0.6216921398574009
"Oh, Amy.",neither,0.04535734983354261,0.27438591475104485,0.6802567354154126
i'll be so sad if i can't buy a ticket,neither,0.026548960851538465,0.4062417029115642,0.5672093362368973
new camera angles,neither,0.04262922176432492,0.2515401437535959,0.7058306344820792
!clock,neither,0.03945320844208391,0.33037608806864915,0.630170703489267
It is currently Friday 4:05 PM at the Geek & Sundry studio in California.,neither,0.051344039320626145,0.3296211973671989,0.619034763312175
we went from six antenna to zero.,neither,0.04580209993325577,0.31454349025111233,0.6396544098156318
"There's a first for everything, Amy",neither,0.02915326934265367,0.2737855146284524,0.697061216028894
Use the straws :D,neither,0.01324398320472699,0.40660311543620775,0.5801529013590652
*judging*,neither,0.03945320844208391,0.33037608806864915,0.630170703489267
Clearly Amy is displeased with us...,neither,0.0668391905738761,0.3539486027432661,0.5792122066828578
"Don't be blue, Amy... be teal instead",neither,0.04017392400423769,0.3364112673971973,0.623414808598565
who's between Mala and Lark?!?!?,neither,0.039108111803742,0.34877667154890246,0.6121152166473556
I still believe in you Amy!,neither,0.05422916914205457,0.3899531224251519,0.5558177084327935
!rbschedule,neither,0.03945320844208391,0.33037608806864915,0.630170703489267
Find the unfinished rebroadcast schedule for the weekend here: http://bit.ly/WeekRebroadcast,neither,0.05904738035105781,0.17020024858160615,0.7707523710673361
@Yamatros *what the Flock,neither,0.04524907471458358,0.3056909875849364,0.64905993770048
!points @Deathstar_Taco,neither,0.03945320844208391,0.33037608806864915,0.630170703489267
"That was an excellent pun, @Deathstar_Taco! Here, have some points for that one! You have been awarded 21 points!",neither,0.05028957640842011,0.38306140444113307,0.5666490191504467
@chuckswain lol,neither,0.020706217963973744,0.4882283491876925,0.4910654328483337
You could use those two blue straws in front of you.,neither,0.04635030686637598,0.4093300391547522,0.5443196539788718
Yay,neither,0.03945320844208391,0.33037608806864915,0.630170703489267
*jazz hands*,neither,0.03945320844208391,0.33037608806864915,0.630170703489267
gandsFacepalm gandsHype,neither,0.03945320844208391,0.33037608806864915,0.630170703489267
!whodat,neither,0.03945320844208391,0.33037608806864915,0.630170703489267
"GM Eric Campbell ( twitter.com/16BitEric ), with Amy Dallen ( twitter.com/enthusiamy ), Hector Navarro ( twitter.com/Hectorisfunny ), Sam de Leve ( twitter.com/ChaiKovsky ), Bonnie Gordon ( twitter.com/BonnieBellG ), Aliza Pearl ( twitter.com/AlizaPearl ) and Gina DeVivo ( twitter.com/PocketGina ).",neither,0.03656628259155547,0.46359893935151064,0.49983477805693394
gandsHype,neither,0.03945320844208391,0.33037608806864915,0.630170703489267
Hector's TBD Life.,neither,0.03238624993753793,0.45143259807257424,0.5161811519898878
Because Seattle's awesome?,neither,0.03945320844208391,0.33037608806864915,0.630170703489267
!schedule,neither,0.03945320844208391,0.33037608806864915,0.630170703489267
"what gif was eric talking about, i missed it?",neither,0.040868453659832035,0.3477521802487073,0.6113793660914607
Coooooon!,neither,0.03945320844208391,0.33037608806864915,0.630170703489267
feel better :),neither,0.03945320844208391,0.33037608806864915,0.630170703489267
!rbschedule,neither,0.03945320844208391,0.33037608806864915,0.630170703489267
Find the unfinished rebroadcast schedule for the weekend here: http://bit.ly/WeekRebroadcast,neither,0.05904738035105781,0.17020024858160615,0.7707523710673361
#SallyRideOrDie,neither,0.03945320844208391,0.33037608806864915,0.630170703489267
Take care @djpheonyx,neither,0.03945320844208391,0.33037608806864915,0.630170703489267
ty,neither,0.03945320844208391,0.33037608806864915,0.630170703489267
Sally Rides across the CON-try?,neither,0.03878213565552568,0.31817609418496573,0.6430417701595086
this aired yesterday?,neither,0.03936509385052321,0.33187162264819364,0.6287632835012833
finally watching live 😊,neither,0.044276099228360045,0.32871727477068585,0.627006626000954
SAY IT,neither,0.03653769773853749,0.3313788658920987,0.6320834363693637
Ah,neither,0.03945320844208391,0.33037608806864915,0.630170703489267
Oh...hardwick.,neither,0.051363287716059566,0.22255663153133606,0.7260800807526044
gandsLessthanthree gandsLessthanthree gandsLessthanthree,neither,0.03945320844208391,0.33037608806864915,0.630170703489267
<3,neither,0.03945320844208391,0.33037608806864915,0.630170703489267
Eric gonna make us cry before we even start?,neither,0.058543942280940515,0.40986943546921667,0.5315866222498429
I desperately needed Dr. Throllo at work today. Someone was refusing to go to sick bay,neither,0.04533912295211749,0.3297681793631269,0.6248926976847556
<3 We love you guys.,neither,0.05790767845636211,0.4249638180323251,0.5171285035113128
maybe not.,neither,0.03738639750069936,0.338198574598048,0.6244150279012527
cheer1 cheer1 cheer1 cheer1 cheer1 cheer1 cheer1 cheer1 cheer1 cheer1,neither,0.03945320844208391,0.33037608806864915,0.630170703489267
gandsLessthanthree gandsLessthanthree gandsLessthanthree,neither,0.03945320844208391,0.33037608806864915,0.630170703489267
What happened?,neither,0.04722295797655572,0.3248777811305592,0.6278992608928851
@bookity101 Welcome and enjoy!,neither,0.03860730184226345,0.28722824611601955,0.6741644520417169
gandsHug gandsHug gandsHug,neither,0.03945320844208391,0.33037608806864915,0.630170703489267
<333 Eric,neither,0.03945320844208391,0.33037608806864915,0.630170703489267
"This is awesome....... Thank you, Eric.",neither,0.06166410402647234,0.37399603283069166,0.564339863142836
mic drop,neither,0.05009352988342831,0.32671639360662,0.6231900765099516
"Also, Sam is excited",neither,0.046940254991708286,0.3278009494372026,0.625258795571089
*applause*,neither,0.03945320844208391,0.33037608806864915,0.630170703489267
Well said,neither,0.03945320844208391,0.33037608806864915,0.630170703489267
Thanks guys,neither,0.03655862387837074,0.3098941200382932,0.6535472560833362
im glad they are talking about this it needed to be said,neither,0.06033417038435982,0.3415156763859141,0.598150153229726
"@ollahair we'll not go into detail here, but you can look it up",neither,0.09213738712395518,0.3968179026684797,0.5110447102075651
YAY,neither,0.03945320844208391,0.33037608806864915,0.630170703489267
I think I missed something...,neither,0.040048459407598595,0.3202731257026358,0.6396784148897657
I'd like to make an announcement. Don't end SoT.,neither,0.06201392374536203,0.3366977369813332,0.6012883392733048
OOOHHH!,neither,0.03945320844208391,0.33037608806864915,0.630170703489267
what happenned?,neither,0.057770773616808734,0.3180719994247239,0.6241572269584672
Yay!,neither,0.03945320844208391,0.33037608806864915,0.630170703489267
Gotcha,neither,0.03945320844208391,0.33037608806864915,0.630170703489267
oh yay,neither,0.045695983327835026,0.2713197213800484,0.6829842952921167
Sam is BREAKING THE RULES,neither,0.04528026264568192,0.31496092162794576,0.6397588157263723
ooh,neither,0.03945320844208391,0.33037608806864915,0.630170703489267
yes!!!!!!,neither,0.03945320844208391,0.33037608806864915,0.630170703489267
I'm excited for that,neither,0.02806843589880081,0.3459988038434226,0.6259327602577767
,neither,0.03945320844208391,0.33037608806864915,0.630170703489267
!statement,neither,0.03945320844208391,0.33037608806864915,0.630170703489267
Here's the official statement from Nerdist: https://twitter.com/nerdist/status/1007709216021229568,neither,0.06485667821714897,0.3552125731131275,0.5799307486697236
Not that much of a surprise. But good all the same.,neither,0.030716781099199765,0.4267076365533372,0.5425755823474631
SAM DE GM!!!!,neither,0.03945320844208391,0.33037608806864915,0.630170703489267
Sam is going to GM??? That is going to be amazing!!,neither,0.0542062576250269,0.3804395185884636,0.5653542237865095
GM Sam HYPE!!!!!!,neither,0.03945320844208391,0.33037608806864915,0.630170703489267
gandsHug,neither,0.03945320844208391,0.33037608806864915,0.630170703489267
cheer99,neither,0.03945320844208391,0.33037608806864915,0.630170703489267
WE ALL THOUGHT IT WAS AMY?,neither,0.042637526358195385,0.30363875313667676,0.653723720505128
Thanks Danoba.,neither,0.035884468650613,0.3004919205142699,0.6636236108351171
If anyone needs to GM it's Sam,neither,0.02913611368487976,0.36860403093292904,0.6022598553821913
"@shidareaki of course you did, All Knowing Interface.....",neither,0.058436364731530493,0.4558998369707017,0.4856637982977678
"so, I think I missed the nerdist news info, anyone want to give me a quick update without triggering anyone? :)",neither,0.0386488446283692,0.35410077858701283,0.607250376784618
"If your curious, it's all over the internet. This is not the right forum to discuss it.",neither,0.045206758982715804,0.39101360130034596,0.5637796397169382
<3,neither,0.03945320844208391,0.33037608806864915,0.630170703489267
kk,neither,0.03945320844208391,0.33037608806864915,0.630170703489267
@shandravdeg it was back when it was a possibility that I may be able to join the lower decks episode when it was first mentioned that they told me.,neither,0.026532149825189682,0.39687778267010143,0.5765900675047088
Short version: Chris Hardwick is an asshole.,neither,0.049038784046171416,0.4172678132218332,0.5336934027319955
If you google Chris Hardwick you'll find out real quick.,offensive_language,0.04045526417180785,0.4822727621679229,0.4772719736602692
"it's trending on Twitter, you can read the statement there.",neither,0.045831894780116636,0.4082197873494876,0.5459483178703958
It only seems fitting that Commander Rue is in the center seat,neither,0.040230044154710945,0.34345721776512705,0.6163127380801621
Gina's guest-starred on it,neither,0.03600940433552893,0.3419204923267757,0.6220701033376955
SHNARDLE,neither,0.03945320844208391,0.33037608806864915,0.630170703489267
"Eric, please stop doing that.",neither,0.03595894745364946,0.4327642893164883,0.5312767632298622
this is my first time catching the intro - it's so good,neither,0.029137569586956177,0.42161789069393324,0.5492445397191105
oh my not cool,neither,0.029900484384224903,0.38242400817172867,0.5876755074440463
yeahhh JCM!,neither,0.03945320844208391,0.33037608806864915,0.630170703489267
JCM HYPE!!!!!!\,neither,0.03945320844208391,0.33037608806864915,0.630170703489267
That graphic the book uses for human always looks like Pamela Horton to me,neither,0.10588511746423741,0.2898117208370609,0.6043031616987017
,neither,0.03945320844208391,0.33037608806864915,0.630170703489267
He got a shoutout from Billy Ray Cyrus on Twitter,neither,0.04029441702039047,0.4285362609324363,0.5311693220471733
"not his first rodeo, literally",neither,0.05582370779397257,0.34253451320823236,0.601641778997795
,neither,0.03945320844208391,0.33037608806864915,0.630170703489267
"Seriously, I love his cover of Wish You Were HEre",neither,0.1249959733120008,0.32277445134938937,0.55222957533861
"Well JCM knows ""You Get What You Pay For""",neither,0.07096459556560497,0.38628448320121694,0.5427509212331781
gandsRage,neither,0.03945320844208391,0.33037608806864915,0.630170703489267
"Sorry, I had something in my eyes... stupid onions. Also, SAM IS GMING!!!",neither,0.08282033179682087,0.29046536199426615,0.6267143062089129
,neither,0.03945320844208391,0.33037608806864915,0.630170703489267
"You ARE a good friend, you talked to me for like an hour, and you didn't know me from Prince.",neither,0.06795081897726746,0.4000785922589659,0.5319705887637665
I finally saw Coco recently too! It is so good.,neither,0.042994279553183315,0.3614222776254761,0.5955834428213406
LUL,neither,0.03945320844208391,0.33037608806864915,0.630170703489267
I want Hellclaw and Snakefire.,neither,0.03846291135600555,0.24061608490574282,0.7209210037382515
"He has a lot of great songs, but his best is still his cover of the Pokémon theme.",neither,0.07182373445606245,0.3121604910102625,0.6160157745336752
cheer200 <3,neither,0.03945320844208391,0.33037608806864915,0.630170703489267
,neither,0.03945320844208391,0.33037608806864915,0.630170703489267
zazrit was the key all along,neither,0.03996487739456825,0.38179399123656865,0.578241131368863
,neither,0.03945320844208391,0.33037608806864915,0.630170703489267
@shidareaki Thank you,neither,0.07325166854587051,0.43632638485078484,0.49042194660334476
,neither,0.03945320844208391,0.33037608806864915,0.630170703489267
"I kinda want Gina to show up for the Lower Decks ep also, but playing her El-Aurian.",neither,0.03771703122939642,0.39809839373016115,0.5641845750404425
Oh Xander,neither,0.051363287716059566,0.22255663153133606,0.7260800807526044
That would be fun @misroi,neither,0.03442133170494906,0.38061501177249424,0.5849636565225567
"It played hell with the shields, and Gina's dice rolls.",offensive_language,0.030587220752484726,0.5889783100942987,0.3804344691532167
the lower decks of the sally ride is just all the secrets they've picked up along the way in humanoid form,neither,0.027893437012632843,0.3511519532217224,0.6209546097656448
Eric playing M'Tazi? Oh hell yes.,offensive_language,0.045585390480203804,0.6417090312335043,0.31270557828629186
,neither,0.03945320844208391,0.33037608806864915,0.630170703489267
I want Taliesin Jaffe playing the Master or anyone he wants.,neither,0.042924879267084576,0.3140512912184775,0.6430238295144378
