text,top_class,hate_speech,offensive_language,neither
"FOR THE GAMES! FOR THE ENTHUSIASM, FOR THE HUUUUGSSS! ENTHUSIARMY RAAAAAAIIIIDDD!! gandsTWC gandsHug gandsHappy",neither,0.028197464278415338,0.25603476470934927,0.7157677710122354
evanneCarried evanneCarried evanneCarried evanneCarried,neither,0.03945320844208391,0.33037608806864915,0.630170703489267
gandsGameEngine Hi Trisha and Erika!,neither,0.038358606956405694,0.2721397086643902,0.6895016843792041
LOL,neither,0.020706217963973744,0.4882283491876925,0.4910654328483337
Had anyone heard news that critical role is splitting off of Geek and Sundry,neither,0.04091472639345005,0.32947678527245566,0.6296084883340943
gandsGameEngine gandsGameEngine gandsGameEngine,neither,0.03945320844208391,0.33037608806864915,0.630170703489267
Erika with the awesome shades,neither,0.02870529904791953,0.349741517600682,0.6215531833513985
evanneYup evanneYup evanneYup,neither,0.03945320844208391,0.33037608806864915,0.630170703489267
evanneSock evanneSock evanneSock evanneSock,neither,0.03945320844208391,0.33037608806864915,0.630170703489267
Erika is living her best cyberpunk life,offensive_language,0.03337759453886965,0.5715462866067416,0.39507611885438876
justbecciHi Trish justbecciHi Erika,neither,0.03945320844208391,0.33037608806864915,0.630170703489267
@Ossborn just bubble hearth out of that one (j/k - paladins are what I normally roll in rpgs but friends were all on Mal'ganis at vanilla WoW),neither,0.04278693774824772,0.4025362214594249,0.5546768407923274
I must be on a time delay,neither,0.036094850904388305,0.357941931834065,0.6059632172615468
gandsGameEngine erika gandsGameEngine trisha,neither,0.03945320844208391,0.33037608806864915,0.630170703489267
LUL,neither,0.03945320844208391,0.33037608806864915,0.630170703489267
Wait what? @Alexanderhero83,neither,0.04877470361900789,0.3238348708445956,0.6273904255363965
We have a subscriber-only Discord server! Join here: https://discord.gg/geekandsundry (you'll need to sub and link it to your Twitch) and be a part of the fun!...Warning: It can take up to an hour for the server to update and give you access to the channels,neither,0.08464076273808444,0.286394834032893,0.6289644032290227
"Okay, we won't tell Erika that the game doesn't have a release date.",neither,0.03576073742419957,0.3274276507316641,0.6368116118441363
Erika has found her true purpose in life: playing Cyperpunk 20177,offensive_language,0.030842968681242065,0.5189631061632942,0.45019392515546364
now thats a job...,neither,0.03945320844208391,0.33037608806864915,0.630170703489267
"Live streaming, folks :D",neither,0.04338277134731805,0.3290245311930644,0.6275926974596175
gandsGameEngine gandsGameEngine gandsGameEngine gandsGameEngine,neither,0.03945320844208391,0.33037608806864915,0.630170703489267
@im_sylien I thought she always knew that,neither,0.03842824506280484,0.41401935061928585,0.5475524043179094
no news ramaPANIC ramaPANIC ramaPANIC,neither,0.038256808161934594,0.35068212317870606,0.6110610686593594
great to see you @ E3,neither,0.07393461234685421,0.34365878140806544,0.5824066062450804
Evanne!,neither,0.03945320844208391,0.33037608806864915,0.630170703489267
!tuesday Welcome to another awesome week of programming from Geek and Sundry everyone!,neither,0.0640978318531722,0.31493727931118437,0.6209648888356435
"TUESDAY (All Times Pacific) - GAME ENGINE: 4-6pm Erika and Trisha present the latest news in gaming, developer interviews, and revolving segments with our correspondents. | TALKS MACHINA: 7-8pm, Brian Wayne Foster dissects the adventures of the new party on this Critical Role after-show, featuring cast members, fan creations and giveaways.",neither,0.03886066336069754,0.2630825652811979,0.6980567713581046
evanneSock evanneYup evanneSwoon evanneChamp evanneSock,neither,0.03945320844208391,0.33037608806864915,0.630170703489267
Critical Role are starting their own studio to make new content. Both Critical Role and Talks Machina will still be broadcasting on Geek and Sundry,neither,0.05944276538759592,0.25657072152816374,0.6839865130842402
Evanne the GOAT evanneSwoon evanneYup evanneCarried,neither,0.03825742109612947,0.30830648690722096,0.6534360919966495
evanneSock evanneSock evanneSock,neither,0.03945320844208391,0.33037608806864915,0.630170703489267
Erika I love your hair today,neither,0.07115147029950637,0.3078818787414047,0.6209666509590889
if no news is good news...,neither,0.030167608637658112,0.37749592234894347,0.5923364690133984
Whoo! Misty Lee!,neither,0.03945320844208391,0.33037608806864915,0.630170703489267
"Download the new Critical Role theme song for Campaign Two! http://itunes.apple.com/album/id1331550250?ls=1&app=itunes Sales of the song support the musician, Jason Charles Miller.",neither,0.04445767596344001,0.2510827790306858,0.7044595450058742
don't know what you did with it today but I love it,neither,0.036448699467569116,0.3961874945023472,0.5673638060300837
"I can see the game being subpar, at least when compared to general release games. Most games based off of movies are poor in quality. We can hope though!",neither,0.05606804586175795,0.28259924012229287,0.6613327140159492
Ha!,neither,0.03945320844208391,0.33037608806864915,0.630170703489267
Who is guesting on talk machina?,neither,0.02179719233818566,0.4562015766143055,0.5220012310475087
omg,neither,0.03945320844208391,0.33037608806864915,0.630170703489267
Hay backward L is mine,neither,0.04572493608656065,0.32821895333786355,0.6260561105755758
Tetris VR? Will blocks be falling on my head?,neither,0.029522303350454564,0.4087843348684039,0.5616933617811415
In the shape of a backwards L on your forehead,neither,0.05707052256204634,0.3222418847543112,0.6206875926836425
lol,neither,0.020706217963973744,0.4882283491876925,0.4910654328483337
@Alexanderhero83 we have Matt and Sam tonight.,neither,0.03645030457712188,0.29262283090908237,0.6709268645137958
"Help G&S make great content! $4.99/month gets you emotes, Minecraft server access, sub-only VODs, and more! Every sub keeps the channel alive! twitch.tv/geekandsundry/subscribe",neither,0.043907990691603095,0.31135964332838284,0.644732365980014
@shidareaki Thank YOU,neither,0.07325166854587051,0.43632638485078484,0.49042194660334476
they need a crowd to laugh at the jokes,neither,0.04306411870156218,0.33193683099026766,0.6249990503081703
"now there will be a new show called ""The Backwards ""L"" Ward""",neither,0.05171757604219775,0.18002587402511253,0.7682565499326897
square block is best bae,neither,0.04264279765044602,0.36341722599993265,0.5939399763496213
@Alexanderhero83 no problem dude,neither,0.03843055513536412,0.3477331835961394,0.6138362612684964
That´s why I havnt bought Pillars 2 yet... need to play the first one first,neither,0.02632851540461527,0.3705917189911355,0.6030797656042493
ppl interested in a spin on tetris should check out tricky towers...,neither,0.04175977445784737,0.36985745336927267,0.5883827721728799
"@achorn316 Yes, they do! Also hey!",neither,0.04084777123620136,0.329896433975235,0.6292557947885636
Reddit has standards?! :P,neither,0.039937737438172034,0.32215236648511847,0.6379098960767096
"Erika, I love your love for cyperpunk",neither,0.056617641945882445,0.3158556661219055,0.627526691932212
Yo @achorn316 @PSWii2008,offensive_language,0.04010381111145228,0.5271105317972344,0.4327856570913131
LUL,neither,0.03945320844208391,0.33037608806864915,0.630170703489267
"Sorry trolls, but at least you've always got 4chan...",neither,0.02601245373199291,0.4414237991413779,0.5325637471266291
"@Andyinsomnia ""they keep comin' and they don't stop comin'""",neither,0.038820955269027575,0.34985013200631526,0.6113289127246572
jcvimTeabag,neither,0.03945320844208391,0.33037608806864915,0.630170703489267
whats with the hands,neither,0.027920568145755,0.35136858777364033,0.6207108440806046
@electro30006 Hey!,neither,0.03945320844208391,0.33037608806864915,0.630170703489267
erika's jacket is 50% zippers,neither,0.045877792834105036,0.32816637889304484,0.6259558282728502
Nobody's getting my Charizard. xD,offensive_language,0.01978234198019577,0.5901024949504576,0.39011516306934657
Don't touch Erika's Moltres. Gotcha.,neither,0.03945320844208391,0.33037608806864915,0.630170703489267
"1 game, 1 joke.. when does the 1 joke start? lol",neither,0.021703056245869087,0.43401215567639906,0.544284788077732
Nobody is getting a single one of my Pokemon.... but that is because I stopped playing Go after 1 week :-P,offensive_language,0.0322718542686141,0.503600028339035,0.4641281173923508
HA,neither,0.03945320844208391,0.33037608806864915,0.630170703489267
"Okay, the Gears joke legitimately made me LOL",neither,0.029926832640542616,0.37778821147885966,0.5922849558805978
"just as an unrelated side note apropos of nothing, I have an audition next Saturday, and I've decided to do All Star as monologue cause f*ck it.",neither,0.025597304708356867,0.41085140042725987,0.5635512948643832
gandsTheChief gandsRage,neither,0.03945320844208391,0.33037608806864915,0.630170703489267
BATTLETOADS,neither,0.03945320844208391,0.33037608806864915,0.630170703489267
gandsPike gandsPike gandsPike gandsPike,neither,0.03945320844208391,0.33037608806864915,0.630170703489267
I liked the Anthem joke :P,neither,0.03869765727424072,0.31660935088412295,0.6446929918416363
That is AMAZING @Aki lol Break a Leg,neither,0.03567447175908738,0.4074420711018262,0.5568834571390865
"@shidareaki, YES (also break a leg)",neither,0.03945320844208391,0.33037608806864915,0.630170703489267
LOL,neither,0.020706217963973744,0.4882283491876925,0.4910654328483337
Super Smash Bros Ultimate is the last ever instalment.,neither,0.04416986870046719,0.3176711771062316,0.6381589541933012
lolol,neither,0.03945320844208391,0.33037608806864915,0.630170703489267
hehehe thanks guys <3,neither,0.03743859590954527,0.3160347406801391,0.6465266634103156
These jokes aren't hitting.,neither,0.04802153596599933,0.39870393442041363,0.553274529613587
LMAO,neither,0.03705015143476208,0.3711622369619404,0.5917876116032975
!respect,neither,0.03945320844208391,0.33037608806864915,0.630170703489267
"If you would like to share opinions on our hosts, guests or fellow viewers, please do so in a respectful manner. Don't make them feel uncomfortable.",neither,0.04843323757214918,0.39559142321184637,0.5559753392160044
gandsJohnson gandsDick,neither,0.03945320844208391,0.33037608806864915,0.630170703489267
Bravo ladies!,neither,0.03939051721585584,0.3314401217888025,0.6291693609953417
WOOHOO!!,neither,0.03945320844208391,0.33037608806864915,0.630170703489267
"They're wearing different clothes, clearly teleportation is a lie",neither,0.05670894722034444,0.22511003371026897,0.7181810190693866
Randwo WOO guy in background!,neither,0.03907157984600401,0.3368533213153958,0.6240750988386002
Reminds me of Attack of the Show imo,neither,0.042968228231882385,0.2940759632995485,0.662955808468569
cutest baby award lol,neither,0.03318639189324801,0.3749933024468761,0.5918203056598758
she looks so much like Ashley in that specific shot. She doesn't always.,offensive_language,0.04116872647807927,0.5220591615558965,0.4367721119660243
I hope jim wins best friend again,neither,0.06234082874460433,0.26396333519504683,0.6736958360603489
lol,neither,0.020706217963973744,0.4882283491876925,0.4910654328483337
YAY GAMEENGINE,neither,0.03945320844208391,0.33037608806864915,0.630170703489267
@Critternation3000 Oooohh yeeaahh.,neither,0.03945320844208391,0.33037608806864915,0.630170703489267
Smosh Games!,neither,0.03945320844208391,0.33037608806864915,0.630170703489267
Love it!,neither,0.030831260484157012,0.3601344986151421,0.609034240900701
"@critternation3000, Jo is always the best friend in our heart jcvimHearts",neither,0.04233953864960998,0.34944568350968097,0.608214777840709
nice one hah,neither,0.03858188914641529,0.3623836375828328,0.5990344732707519
"Aw, missed part of the E3 recap, but I was there so there's that. lol",neither,0.030882903371720494,0.3570111735332191,0.6121059230950604
Nothing will beat Erika's E3 speedrun though!,neither,0.038224645603351946,0.3512280057354427,0.6105473486612053
KINGDOM HEARTS 3,neither,0.03945320844208391,0.33037608806864915,0.630170703489267
It counts as swag if you can get it out of the building without anyone noticing,neither,0.02945768890805267,0.4300223013660672,0.54052000972588
Hi @dayntee,neither,0.03945320844208391,0.33037608806864915,0.630170703489267
tinytatoHeart,neither,0.03945320844208391,0.33037608806864915,0.630170703489267
Hey @dayntee,neither,0.03945320844208391,0.33037608806864915,0.630170703489267
*cough cough* Kingdom Hearts 3 *cough cough*,neither,0.03945320844208391,0.33037608806864915,0.630170703489267
@dayntee you didn't miss much,neither,0.026480216290089294,0.4451890361014767,0.5283307476084341
sup @JeffM0307,neither,0.03945320844208391,0.33037608806864915,0.630170703489267
GHOSTS OF TSUSHIMA,neither,0.03945320844208391,0.33037608806864915,0.630170703489267
"Personally, I like PAX more.. but I'm prolly biased since I'm out by Seattle.",neither,0.042393550968195796,0.3766102856458727,0.5809961633859315
death's gambit,neither,0.03945320844208391,0.33037608806864915,0.630170703489267
Sup @Danoba,neither,0.03945320844208391,0.33037608806864915,0.630170703489267
Hey fam,neither,0.03945320844208391,0.33037608806864915,0.630170703489267
Oh good.,neither,0.04716213370137962,0.24743001978374096,0.7054078465148794
Who doesn't want to be a president in a giant mecha?,neither,0.046160714769972314,0.38018931213588564,0.573649973094142
gandsGameEngine Cyberpunk is the game I'm most excited about,neither,0.044202586437007,0.30055164328352635,0.6552457702794665
there are some ice cream sandwiches in the freezer. i am pretty excited about that,neither,0.04297281381267733,0.31846229096932543,0.6385648952179973
man it is hard to explain,offensive_language,0.04305816489346977,0.5755196695825919,0.38142216552393826
tinytatoPotato,neither,0.03945320844208391,0.33037608806864915,0.630170703489267
I'm torn between KH3 and Smash Brothers Ultimate,neither,0.03892920747954523,0.3047487308008943,0.6563220617195605
Both are super hype for me,neither,0.04589252417345129,0.30051686242909853,0.6535906133974502
"For me Cyberpunk 2077,and although it's still early, Bethesda's Starfield, a single-player Sci-Fi RPG might wind up being really cool.",neither,0.028035462468415793,0.3877408929874905,0.5842236445440937
I think Chloe had a gun for like a minute.,neither,0.04226861869970432,0.31211287431080836,0.6456185069894874
No gun? I don't inderstand...,neither,0.038358603991017065,0.34895438229323256,0.6126870137157504
"I think that pretty much covers it, Erika.",neither,0.032616616584379886,0.3590175636038605,0.6083658198117596
the last of us 2 <3,neither,0.099042407568221,0.296581551303845,0.604376041127934
"Dontnod really recovered from the ""not so good"" Remember Me (story was great, the controls were catastrophic) ... Life Is Strange was soooo good",neither,0.035650930518624384,0.3526069478942958,0.6117421215870797
assassin's creed odyssey means you can throw your helmet and control people,neither,0.10995108364556175,0.31477267868224884,0.5752762376721894
shishRAGE Spartan Kick!,neither,0.03945320844208391,0.33037608806864915,0.630170703489267
@dayntee Smash Brothers Ultimate does look pretty tempting...,neither,0.030441220409983948,0.4220890699070581,0.5474697096829579
!points @achorn316,neither,0.03945320844208391,0.33037608806864915,0.630170703489267
"That was an excellent pun, @achorn316! Here, have some points for that one! You have been awarded 73 points!",neither,0.050805666259642904,0.3851811885541635,0.5640131451861937
overcooked looks sweet,neither,0.03945320844208391,0.33037608806864915,0.630170703489267
Guaranteed!,neither,0.03945320844208391,0.33037608806864915,0.630170703489267
"""si tacuisses, philosophus mansisses!""",neither,0.03945320844208391,0.33037608806864915,0.630170703489267
tinytatoSpoopy Resident Evil 2,neither,0.03945320844208391,0.33037608806864915,0.630170703489267
cyberpunk for the win,neither,0.030459681658036572,0.27089736810521176,0.6986429502367517
twice baked overcooked,neither,0.03945320844208391,0.33037608806864915,0.630170703489267
CYBERPUNK evanneChamp evanneChamp evanneChamp evanneChamp,neither,0.03945320844208391,0.33037608806864915,0.630170703489267
Last of Us 2,neither,0.1054121175562809,0.31644037436370326,0.5781475080800159
fallout 76,neither,0.03945320844208391,0.33037608806864915,0.630170703489267
Should be asleep,neither,0.05676116067446505,0.3844994356096397,0.5587394037158953
It might actually get me back into competitive Smash @Deathstar_Taco - it was very smooth to play,neither,0.036987668856573154,0.35433570508731344,0.6086766260561135
"Cyberpunk, All 3 Samurai games! Just Cause 4!",neither,0.03387138418473721,0.47836217300594486,0.48776644280931797
Instead I Game Engine,neither,0.03883392079253082,0.2928361253126507,0.6683299538948185
Control,neither,0.03945320844208391,0.33037608806864915,0.630170703489267
TLOU2,neither,0.03945320844208391,0.33037608806864915,0.630170703489267
overcooked 2 : burnt,neither,0.03945320844208391,0.33037608806864915,0.630170703489267
"2 days ago I read that, as bad as the AC movie was, the lead designer liked the robot arm Animus so much, that there is a biig chance, that we will see it in future AC games",neither,0.034592702630965144,0.357041034348463,0.6083662630205718
Super psyched for Metal Wolf Chaos.,neither,0.035420830835597536,0.31022449282060127,0.6543546763438012
Fallout 76 multiplayer looks amazing.,neither,0.03945320844208391,0.33037608806864915,0.630170703489267
"Erika, aren't you a bit biased when it comes to Cyberpunk though? :P",neither,0.045551127333128015,0.392923062709695,0.561525809957177
"Just Dragon Quest 11 for me, thanks.",neither,0.02720199991036835,0.33928575579389925,0.6335122442957323
@dayntee any mains you care to share?,neither,0.05958785342116,0.36399612066625014,0.5764160259125899
I'm still on the fence about Fallout 76,neither,0.03561466302229669,0.3549047272803511,0.6094806096973522
"Oh, I'm an adult Link player. Been that way since N64. ;) @Deathstar_Taco",neither,0.03655888428041461,0.38746826438308934,0.575972851336496
Secondary is Sheik,neither,0.04981691255257763,0.32681153499115395,0.6233715524562684
Sekiro! Yay samurai souls game.,neither,0.038861922357966476,0.2947061545477156,0.666431923094318
Tales of Vesperia Definitive Edition and Kingdom Hearts 3 was the highlight for me. two games I have been waiting for those games for so long. Good to finally see they're coming,neither,0.044430189981869234,0.27757900105550065,0.6779908089626301
We have a subscriber-only Discord server! Join here: https://discord.gg/geekandsundry (you'll need to sub and link it to your Twitch) and be a part of the fun!...Warning: It can take up to an hour for the server to update and give you access to the channels,neither,0.08464076273808444,0.286394834032893,0.6289644032290227
I fope for private lobbies in Fallout 76... only want to play with trusted peoople and dont want trolls to nuke my settlement,neither,0.032178481031880334,0.3448683358253189,0.6229531831428008
@dayntee that's cool,neither,0.0331105145141573,0.4000689531361105,0.5668205323497322
cool meter ultimate stat,neither,0.03945320844208391,0.33037608806864915,0.630170703489267
"I think that was somebody saying what they WISHED the mechanic was, but I could be wrong.",neither,0.03325091289982293,0.34992233752488305,0.6168267495752939
"Cyberpunk 2077, All 3 Samurai Combat RPGs, Just Cause 4, Spiderman, Last of Us part 2,",neither,0.057655693942108385,0.4018289965461249,0.5405153095117669
"Help G&S make great content! $4.99/month gets you emotes, Minecraft server access, sub-only VODs, and more! Every sub keeps the channel alive! twitch.tv/geekandsundry/subscribe",neither,0.043907990691603095,0.31135964332838284,0.644732365980014
i would like a Steampunk DLC,neither,0.04728662544301775,0.33820969526210637,0.6145036792948759
"Games coming out this year, I think Mario Party I'm hyped for. Maybe they can do a sponsored Gather Your Mario Party when it releases.",neither,0.04094029013080676,0.3362552302713369,0.6228044795978563
Oh (take your) JOY!,neither,0.08163679784106923,0.2699979487326691,0.6483652534262618
We happy few was first looked at on Back to School I think,neither,0.03636700865122223,0.3521980762336173,0.6114349151151605
That released like like 2 years ago didn't,neither,0.03869115096442891,0.4223853342663281,0.5389235147692429
it,neither,0.034373745257138544,0.33212314837979673,0.6335031063630647
"One game that totally was not on my radar before E3 was Seas Of Solitude.... but it looked so gorgeous, I really want to play it myself now",neither,0.029148691803329848,0.43574721897424407,0.535104089222426
