text,top_class,hate_speech,offensive_language,neither
oh sorry. It's 12:31am here so my clock says thurday. I'm a day early. working thirds messes with my days. lol,neither,0.03610751726289615,0.43138025330805513,0.5325122294290489
hullo!,neither,0.03945320844208391,0.33037608806864915,0.630170703489267
YAAAAAY,neither,0.03945320844208391,0.33037608806864915,0.630170703489267
gandsHype gandsHype gandsTWC gandsTWC gandsHappy gandsHappy gandsClassic gandsClassic,neither,0.03945320844208391,0.33037608806864915,0.630170703489267
@misfitmangas come back in 21~ hours for more crit role!,neither,0.035376268895000174,0.3212124473862135,0.6434112837187863
"I've never seen anything Weave, but I'm interested, hoping I'll enjoy",neither,0.02303263001939506,0.34693576358051226,0.6300316064000927
hey @16bitEric !,neither,0.03945320844208391,0.33037608806864915,0.630170703489267
@16bitEric Hey Eric,neither,0.03945320844208391,0.33037608806864915,0.630170703489267
Wooo!!! Yayyyy Rachel!!!,neither,0.03945320844208391,0.33037608806864915,0.630170703489267
hope your work gets a bit better,neither,0.11495742283439073,0.22047648154202149,0.6645660956235877
@misfitmangas happens to me too,neither,0.06623281690628435,0.3666181264861476,0.5671490566075681
jcvimHype jcvimHype jcvimHype jcvimHype,neither,0.03945320844208391,0.33037608806864915,0.630170703489267
who is fhe gm?,neither,0.050368378633187896,0.4047729637296749,0.5448586576371373
!whodat,neither,0.03945320844208391,0.33037608806864915,0.630170703489267
"Rachel Seeley ( twitter.com/sunnyseeley ) as the Storyteller, with Amy Dallen ( twitter.com/enthusiamy ), Gina DeVivo ( twitter.com/pocketgina ), Whitney Moore ( twitter.com/tweetneymore ), Becca Scott ( twitter.com/thebeccascott ), Stef Woodburn ( twitter.com/stefwoodburn ), and Selina Ruthe ( twitter.com/selinaruthe ).",neither,0.035998898978176014,0.468316032124863,0.49568506889696085
6 players!,neither,0.03945320844208391,0.33037608806864915,0.630170703489267
"oh shoot, didnt realize i'm missing a thing. hold on",neither,0.052631074570700744,0.28025399843330506,0.6671149269959943
Rachel is the storyteller ^,neither,0.04821859290557782,0.30822268935231695,0.6435587177421052
is this middle school?,neither,0.04916897369580513,0.3288495458188973,0.6219814804852974
Selina HYPE!!!!!,neither,0.03945320844208391,0.33037608806864915,0.630170703489267
I will. I'll stick around for this to. @kynaeus2,neither,0.04073772703884111,0.2786137863211435,0.6806484866400154
"Help G&S make great content! $4.99/month gets you emotes, Minecraft server access, sub-only VODs, and more! Every sub keeps the channel alive! twitch.tv/geekandsundry/subscribe",neither,0.043907990691603095,0.31135964332838284,0.644732365980014
Selina <3,neither,0.03945320844208391,0.33037608806864915,0.630170703489267
WOAH SIX PLAYERS,neither,0.03945320844208391,0.33037608806864915,0.630170703489267
US,neither,0.16231652794574625,0.30086888815671975,0.5368145838975339
Junior Minaj,neither,0.03945320844208391,0.33037608806864915,0.630170703489267
such a big cast tonight,neither,0.02495000129154558,0.35924732226631706,0.6158026764421373
No presents but I very much will watch this tomorrow,neither,0.038337777021370464,0.3310457093753616,0.6306165136032679
gandsHype gandsHype gandsHype gandsHype,neither,0.03945320844208391,0.33037608806864915,0.630170703489267
We got aaaaalll the ladies tonight,neither,0.03449291992973797,0.3404312408663009,0.6250758392039611
they all look so cute,neither,0.047226450488177835,0.44650288414121436,0.5062706653706077
ramaSalute ramaSalute ramaSalute ramaSalute ramaSalute ramaSalute,neither,0.03945320844208391,0.33037608806864915,0.630170703489267
!whodat,neither,0.03945320844208391,0.33037608806864915,0.630170703489267
"Rachel Seeley ( twitter.com/sunnyseeley ) as the Storyteller, with Amy Dallen ( twitter.com/enthusiamy ), Gina DeVivo ( twitter.com/pocketgina ), Whitney Moore ( twitter.com/tweetneymore ), Becca Scott ( twitter.com/thebeccascott ), Stef Woodburn ( twitter.com/stefwoodburn ), and Selina Ruthe ( twitter.com/selinaruthe ).",neither,0.035998898978176014,0.468316032124863,0.49568506889696085
ack I see the mistake,neither,0.038401835734522556,0.31105754913594547,0.6505406151295321
I'll fix it,neither,0.037802414552839544,0.3309438717853087,0.6312537136618518
Oh its Rachel,neither,0.03800943477009531,0.28200150848133104,0.6799890567485736
Team Mines 'n' Crafts on the bottom,neither,0.036330668688950095,0.32795777964851364,0.6357115516625362
Hi everyone!,neither,0.032490659208996964,0.4485487193596734,0.5189606214313296
I have seen one game of weave before. It looks like a lot of fun,neither,0.04090721318452757,0.3771678844221646,0.5819249023933079
@derekleeketchum gandsHype gandsHype gandsHype gandsHype gandsHype,neither,0.03945320844208391,0.33037608806864915,0.630170703489267
!whodat,neither,0.03945320844208391,0.33037608806864915,0.630170703489267
"Rachel Seeley ( twitter.com/sunnyseeley ) as the Storyteller, with Amy Dallen ( twitter.com/enthusiamy ), Gina DeVivo ( twitter.com/pocketgina ), Whitney Moore ( twitter.com/tweetneymoore ), Becca Scott ( twitter.com/thebeccascott ), Stef Woodburn ( twitter.com/stefwoodburn ), and Selina Ruthe ( twitter.com/selinaruthe ).",neither,0.035998898978176014,0.468316032124863,0.49568506889696085
character creation is gonna be fun ramaLul,neither,0.04501480966572393,0.36680944029079576,0.5881757500434803
@TheDiMono wow I didn't notice ;_; awwww <3,neither,0.028304182675490525,0.363934284689974,0.6077615326345355
now it's fixed,neither,0.03781507167311939,0.3309395184212446,0.6312454099056359
"Yeah, Rachel. Congrats! :P",neither,0.025593852780788674,0.42516693353960716,0.5492392136796042
I believe in you Rachel!,neither,0.05698936905571374,0.37961617285713595,0.5633944580871502
gandsHR gandsHR gandsHR gandsHR,neither,0.03945320844208391,0.33037608806864915,0.630170703489267
gandsHR gandsHR gandsHR gandsHR gandsHR gandsHR gandsHR,neither,0.03945320844208391,0.33037608806864915,0.630170703489267
gandsHR gandsHR gandsHR gandsHR gandsHR,neither,0.03945320844208391,0.33037608806864915,0.630170703489267
love weave night. all the lovely ladies at once.,neither,0.03241889645546763,0.3913232815303049,0.5762578220142276
Critical Role sized group - good luck,neither,0.0390515765631685,0.33051422768887995,0.6304341957479516
Hello lovelies :),neither,0.03945320844208391,0.33037608806864915,0.630170703489267
"LOL that eyebrow game is on point, Rachel",neither,0.03410999958323653,0.37295878109331365,0.5929312193234499
yo who's that girl top right?,offensive_language,0.030256411295100386,0.5653529695583047,0.4043906191465949
Is everyone ready?,neither,0.041262036450053476,0.4450965041340042,0.5136414594159423
...he said as if he wasn't 5 minutes late with it,neither,0.024899269074039578,0.41118940672596954,0.5639113241999908
!whodat Becca!,neither,0.03945320844208391,0.33037608806864915,0.630170703489267
"Rachel Seeley ( twitter.com/sunnyseeley ) as the Storyteller, with Amy Dallen ( twitter.com/enthusiamy ), Gina DeVivo ( twitter.com/pocketgina ), Whitney Moore ( twitter.com/tweetneymoore ), Becca Scott ( twitter.com/thebeccascott ), Stef Woodburn ( twitter.com/stefwoodburn ), and Selina Ruthe ( twitter.com/selinaruthe ).",neither,0.035998898978176014,0.468316032124863,0.49568506889696085
!becca,neither,0.03945320844208391,0.33037608806864915,0.630170703489267
"""The Boss"", Lady of the Fancy Pants, is half lion half dragon half assassin. She likes kittens and games where you kill stuff. After an unfortunate incident involving half-eaten donuts, the Disciples of Ushnux declared her to be the Absolute Worst. twitter.com/thebeccascott & twitch.tv/thebeccascott Check out her Web Series ""Gregg and Becca"" - http://bit.ly/1U7RlsA",neither,0.07696031799442647,0.39887947921807887,0.5241602027874945
What's the base theme tonight?,neither,0.04093077001454305,0.2981384311640436,0.6609307988214134
pre-emptive !respect,neither,0.03945320844208391,0.33037608806864915,0.630170703489267
I've DMed Weave with this size group before. It worked surprisingly well!,neither,0.018789164444460413,0.3784820248649862,0.6027288106905533
!respect,neither,0.03945320844208391,0.33037608806864915,0.630170703489267
"If you would like to share opinions on our hosts, guests or fellow viewers, please do so in a respectful manner. Don't make them feel uncomfortable.",neither,0.04843323757214918,0.39559142321184637,0.5559753392160044
was busy working on my Weave build :),neither,0.02970401891202547,0.40111007581736335,0.5691859052706111
90's High School!,neither,0.03585615298328882,0.41553147104665855,0.5486123759700526
Are they doing Gloomies again?,neither,0.06965281327300318,0.3121854471918133,0.6181617395351836
90's cliques,neither,0.03945320844208391,0.33037608806864915,0.630170703489267
Tonight's theme is Clique,neither,0.04355220547164623,0.3102148726860295,0.6462329218423242
Hey Eric! @16bitEric,neither,0.03945320844208391,0.33037608806864915,0.630170703489267
kk thanks Eric :),neither,0.037706194466882566,0.3157468179606033,0.6465469875725143
Clique,neither,0.03945320844208391,0.33037608806864915,0.630170703489267
@16bitEric haha fancy seeing you here!,neither,0.09795687374771037,0.3954790487416854,0.5065640775106044
Was hoping for Gloomies,neither,0.03275456626462427,0.2997844441410375,0.6674609895943383
;),neither,0.03945320844208391,0.33037608806864915,0.630170703489267
Happy Pride Amy... i missed the Wednesday club today,neither,0.038114183394936475,0.30824528279778224,0.6536405338072814
What @shidareAKI said!,neither,0.05034658838073345,0.3227944691989943,0.6268589424202722
hey Eric xD,neither,0.03945320844208391,0.33037608806864915,0.630170703489267
Hi!,neither,0.03945320844208391,0.33037608806864915,0.630170703489267
Doing Heathers,neither,0.03945320844208391,0.33037608806864915,0.630170703489267
,neither,0.03945320844208391,0.33037608806864915,0.630170703489267
First live #WeaveSociety? @16bitEric,neither,0.03503950172450729,0.3318941642020047,0.6330663340734881
:),neither,0.03945320844208391,0.33037608806864915,0.630170703489267
This is going to be so chaotic I love it!,neither,0.04986270516844153,0.4255773934855357,0.5245599013460227
Powerpuff girls vs Rowdy Rough boys?,neither,0.029287279963677366,0.3896607211453305,0.5810519988909921
basically the description says HIGH SCHOOL DRAMA lol,neither,0.03194129517514314,0.40625999344571917,0.5617987113791377
hey @shidareAKI how goes?,neither,0.03945320844208391,0.33037608806864915,0.630170703489267
hey @cinphoria !,neither,0.03945320844208391,0.33037608806864915,0.630170703489267
4th!,neither,0.03945320844208391,0.33037608806864915,0.630170703489267
"@BlackLionoftheStars it's going well! I'm finished teaching classes for the day, just sitting and chilling at my desk until it's time for me to leave.",neither,0.02599739369238246,0.3630919685333284,0.6109106377742891
nice!,neither,0.03945320844208391,0.33037608806864915,0.630170703489267
How are you doing? @16bitEric,neither,0.12999653192473482,0.32352155420731316,0.5464819138679521
Something smells like teen spirit...,neither,0.04767755203617741,0.3425466725124902,0.6097757754513323
The chaos adds to the 90's lameness to make a creative mess - should be interesting,neither,0.05201027664930998,0.32740369164444344,0.6205860317062467
"so Regina George at the end of Mean Girls, after she joins lacrosse Kappa",neither,0.03138460722062269,0.4409702796803628,0.5276451130990145
@BlackLionoftheStars Welcome and enjoy,neither,0.03860730184226345,0.28722824611601955,0.6741644520417169
hey @BlackLionoftheStars :),neither,0.03945320844208391,0.33037608806864915,0.630170703489267
Yes,neither,0.03945320844208391,0.33037608806864915,0.630170703489267
"If anyone wants to see Whitney and Taliesin in a movie together, go check out House Of Demons later.",neither,0.03219102820056861,0.32631485142509675,0.6414941203743347
it's nice to have you here @16bitEric,neither,0.16334168925909726,0.33018515268029036,0.5064731580606123
awesome @shidareAKI hope your day went swimmingly :),neither,0.12376402534053228,0.20080542110798516,0.6754305535514826
Hi @16bitEric,neither,0.03945320844208391,0.33037608806864915,0.630170703489267
I thought Erika Fermina would be on as well. Thought they said that on Wednesday Club.,neither,0.0365891977091013,0.2752263719901576,0.6881844303007411
Thank you dear friend :) Nice to be here! HI!,neither,0.09958043415494354,0.3362737212392074,0.564145844605849
"If you just want to see Whitney in a movie... well, you know",neither,0.04953412925094381,0.4266750552460328,0.5237908155030234
Looking forward to 6 players.,neither,0.04561887160030266,0.32676446448331886,0.6276166639163785
hi @chaoticloony how goes?,neither,0.03945320844208391,0.33037608806864915,0.630170703489267
totally hoping for some lacrosse from Amy after the Regina George comment,neither,0.03241762484761096,0.30476386370943914,0.6628185114429498
Erikla is sick :(,neither,0.053969607134207245,0.32538323290021937,0.6206471599655734
!glittereric,neither,0.03945320844208391,0.33037608806864915,0.630170703489267
Trust in the heart of the card!,neither,0.037980978959673554,0.3029547405423546,0.6590642804979718
*Wrika,neither,0.03945320844208391,0.33037608806864915,0.630170703489267
lol,neither,0.020706217963973744,0.4882283491876925,0.4910654328483337
@16bitEric hi! I miss you guys!,neither,0.047530905122922136,0.386681673783403,0.5657874210936749
"@BlackLionoftheStars Ok, and Yourself?",neither,0.03845405930435375,0.28266133942546956,0.6788846012701767
Ermagerd!,neither,0.03945320844208391,0.33037608806864915,0.630170703489267
DAMN IT. *ERIKA,offensive_language,0.04002844476305787,0.9453293414076719,0.01464221382927025
Erika is definitely dying if twitter is to believed,neither,0.039521028518984765,0.44059824544705506,0.5198807260339601
oh it's gone feliciaCrying,neither,0.04454798220674687,0.2624486455561286,0.6930033722371244
I was already glittered @Critternation3000 !,neither,0.037523802439809906,0.36312314327565787,0.5993530542845322
poor thing :(,neither,0.03945320844208391,0.33037608806864915,0.630170703489267
"Erika went hard for her charity stream, girl needs to rest.",offensive_language,0.026828292686475217,0.5672755745535483,0.4058961327599765
"Yeah, so much with me goingn to bed early.....",neither,0.017998257590051688,0.4883427875151376,0.49365895489481065
RossWhell,neither,0.03945320844208391,0.33037608806864915,0.630170703489267
Want the inside scoop? Join the cast of Critical Role and discuss this episode right here on Talks Machina. Tuesdays 7pm Pacific at twitch.tv/geekandsundry and projectalpha.com,neither,0.04630302093207864,0.22484473131932575,0.7288522477485957
!glitter eric,neither,0.03945320844208391,0.33037608806864915,0.630170703489267
,neither,0.03945320844208391,0.33037608806864915,0.630170703489267
@16bitEric Calm down! I'm sure she doesn't mean to be sick! :P,offensive_language,0.04092636904359508,0.48669004857291875,0.47238358238348616
@shidareAKI Erika Fermina,neither,0.03945320844208391,0.33037608806864915,0.630170703489267
but the command lived on for awhile,neither,0.029719256777486765,0.3128638786845693,0.657416864537944
sending healing vibes!,neither,0.03945320844208391,0.33037608806864915,0.630170703489267
Glitter Eric yaaay,neither,0.03945320844208391,0.33037608806864915,0.630170703489267
Every weave episode needs either a UFO nut or a UMA nut or both.,neither,0.03945320844208391,0.33037608806864915,0.630170703489267
I kept misspelling her name hah,offensive_language,0.03172275958689953,0.5163864811636658,0.4518907592494348
"Hey, i just jumped in. I thought Whitney was GMing this week?",neither,0.038395383484004335,0.28021646934397276,0.6813881471720229
hello,neither,0.03945320844208391,0.33037608806864915,0.630170703489267
you forgot to space glitter and eric :D @Critternation3000,neither,0.05471138702668015,0.3276283997004488,0.617660213272871
@Impossiblegirl11 @shidareAKI Hehe,neither,0.03945320844208391,0.33037608806864915,0.630170703489267
Hello @16bitEric hope your evening is going well,neither,0.11225638321015906,0.25081379050208813,0.6369298262877529
@hellocommanderstone Change of plans,neither,0.03945320844208391,0.33037608806864915,0.630170703489267
Hippies + river?,neither,0.03945320844208391,0.33037608806864915,0.630170703489267
!whoisdat,neither,0.03945320844208391,0.33037608806864915,0.630170703489267
!whodat,neither,0.03945320844208391,0.33037608806864915,0.630170703489267
"Rachel Seeley ( twitter.com/sunnyseeley ) as the Storyteller, with Amy Dallen ( twitter.com/enthusiamy ), Gina DeVivo ( twitter.com/pocketgina ), Whitney Moore ( twitter.com/tweetneymoore ), Becca Scott ( twitter.com/thebeccascott ), Stef Woodburn ( twitter.com/stefwoodburn ), and Selina Ruthe ( twitter.com/selinaruthe ).",neither,0.035998898978176014,0.468316032124863,0.49568506889696085
never disregard hippies! ;0,neither,0.030459082922392345,0.4239770323623975,0.5455638847152102
I know. haha Could pass it up though.,neither,0.032658229095824824,0.43438124613762114,0.532960524766554
Hey @16bitEric how goes?,neither,0.03945320844208391,0.33037608806864915,0.630170703489267
@Impossiblegirl11 well played,neither,0.03945320844208391,0.33037608806864915,0.630170703489267
@JeffM0307 gotcha. thanks!,neither,0.0372760594165796,0.3121449224273436,0.6505790181560769
Hippies + river = the LA River,neither,0.03888798691395995,0.3201284867671903,0.6409835263188497
hopefully Gina will have better luck this match instead of gandsTwenty gandsFacepalm,neither,0.03998318581467829,0.32138098892499634,0.6386358252603255
Hehhehe,neither,0.03945320844208391,0.33037608806864915,0.630170703489267
According to authority (Cartman) Hippies do not like water,neither,0.0534664777616688,0.3422140918677178,0.6043194303706134
I wish @16biteric played in Sunnys dnd game,neither,0.0388997364481041,0.2971973074570433,0.6639029560948525
I'd be so mad if people were finishing my sandwiches ramaSavage,neither,0.033779382182617466,0.4441467152614174,0.5220739025559652
hippies lay down by the river heh,neither,0.03956893322749816,0.34988514638351553,0.6105459203889864
jcvimLol,neither,0.03945320844208391,0.33037608806864915,0.630170703489267
hahaha,neither,0.03945320844208391,0.33037608806864915,0.630170703489267
I finish my friends' sestinas.,neither,0.02721672323337655,0.4267752198377679,0.5460080569288555
Selina <3,neither,0.03945320844208391,0.33037608806864915,0.630170703489267
"Oh, is that what that was.",neither,0.05268640726516516,0.3631524788549618,0.584161113879873
I finish my friends' sangrias.,neither,0.02721672323337655,0.4267752198377679,0.5460080569288555
Wait summer school for Spring break?,neither,0.03493427072357881,0.30779587251645074,0.6572698567599704
"I may have been giggling over how Selina, who was crew, was the one with the wonky mic placement ;)",neither,0.031839682407806574,0.37546919370983356,0.5926911238823598
@JMPickering Hell yeah,offensive_language,0.024014075456083226,0.8806496383571902,0.0953362861867266
I finish my friends' siestas.,neither,0.02721672323337655,0.4267752198377679,0.5460080569288555
"Oh, Breakfast Club",neither,0.04494941364453882,0.2781015104123339,0.6769490759431271
i feel very attacked by this story lmao,neither,0.03946806840964781,0.37731131113383476,0.5832206204565175
@obsequiousdiphthong Just go with it :P,neither,0.01940412669030182,0.42565519130990026,0.5549406819997981
oh no Gina BibleThump,neither,0.04751210705993949,0.26629718932274826,0.6861907036173122
"My first live show of Weave cause I am in bed asleep by but I've been stressed out with relationship problems and can't sleep cause the stress is a big ball that is inside me saying "" You can't sleep?""",neither,0.020621856077666468,0.3315771253177667,0.647801018604567
"Selina was cameras though, not sound",neither,0.03823752083603496,0.33629358101211226,0.6254688981518527
hehe good call @cinphoria,neither,0.03881800261602802,0.3305945644799757,0.6305874329039964
