text,top_class,hate_speech,offensive_language,neither
gandsLessthanthree gandsLessthanthree gandsLessthanthree gandsLessthanthree gandsLessthanthree,neither,0.03945320844208391,0.33037608806864915,0.630170703489267
yeet,neither,0.03945320844208391,0.33037608806864915,0.630170703489267
RECAP is up,neither,0.045475273565137704,0.38726277146109006,0.5672619549737722
HERE WE GO,neither,0.13156755280784707,0.2765461283225309,0.5918863188696221
yaaaaaaaaaaaaas,neither,0.03945320844208391,0.33037608806864915,0.630170703489267
Hello,neither,0.03945320844208391,0.33037608806864915,0.630170703489267
woooo!,neither,0.03945320844208391,0.33037608806864915,0.630170703489267
Pog,neither,0.03945320844208391,0.33037608806864915,0.630170703489267
RECAP,neither,0.03945320844208391,0.33037608806864915,0.630170703489267
I cant complain anymore brazil has it worse,neither,0.04418662306770756,0.2313636927867133,0.7244496841455792
Bidet from Alexandria VA,neither,0.04066490145509902,0.30981049537100724,0.6495246031738937
here we go !!,neither,0.13156755280784707,0.2765461283225309,0.5918863188696221
Hupperduke hype,neither,0.03945320844208391,0.33037608806864915,0.630170703489267
HELLO!,neither,0.03945320844208391,0.33037608806864915,0.630170703489267
"Bidet from Newport Beach, CA",neither,0.04047425114956354,0.3130463286135936,0.646479420236843
"@elJAKJAK i am torn myself, some days i prefer twitch, others Alpha",neither,0.03508188984793075,0.3375883305662024,0.6273297795858668
HI DANI,neither,0.03945320844208391,0.33037608806864915,0.630170703489267
hype,neither,0.03945320844208391,0.33037608806864915,0.630170703489267
Bidet from Michigan!,neither,0.040769555981420263,0.3080342349327864,0.6511962090857933
oh im from New Brunswick :D,neither,0.05042263568717431,0.18402513275918073,0.7655522315536449
Yea DANI,neither,0.03924693984562397,0.33387700446871466,0.6268760556856614
yay!,neither,0.03945320844208391,0.33037608806864915,0.630170703489267
Kiri died,neither,0.03945320844208391,0.33037608806864915,0.630170703489267
YASS,neither,0.03945320844208391,0.33037608806864915,0.630170703489267
Hi Dani!,neither,0.03945320844208391,0.33037608806864915,0.630170703489267
Bidet and greetings from New Hampshire,neither,0.0427326514292982,0.19444089509275606,0.7628264534779456
Bidet from Montana,neither,0.04078317879478948,0.307803020237201,0.6514138009680096
Bidet from VT,neither,0.04228451509352876,0.2823214250720796,0.6753940598343917
Bidet from Illinois,neither,0.04069404815304118,0.30931579984010865,0.6499901520068502
bidet from the Netherlands,neither,0.0395975487247086,0.2929303761973238,0.6674720750779677
bidet from Wisconsin,neither,0.04071751644889743,0.3089174816120565,0.6503650019390461
almost time,neither,0.03781171612478011,0.35823649664687146,0.6039517872283484
"The recap has started , if you cannot see it, please refresh",neither,0.034775490534124806,0.37529621209774683,0.5899282973681284
Oh i tuned in at the perfect time,neither,0.04122638364315322,0.3123077791459492,0.6464658372108975
o7,neither,0.03945320844208391,0.33037608806864915,0.630170703489267
bidet from LA!,neither,0.04094187055022747,0.3051096069949388,0.6539485224548338
bidet from Nebraska!,neither,0.04062582848913359,0.31047366557575606,0.6489005059351104
( . ) ( . ),neither,0.03945320844208391,0.33037608806864915,0.630170703489267
Bidet everyone!,offensive_language,0.02988896790634741,0.4927062106388782,0.4774048214547744
bidet from boston!!,neither,0.040769555981420263,0.3080342349327864,0.6511962090857933
bidet,neither,0.03945320844208391,0.33037608806864915,0.630170703489267
Bidet from Maryland,neither,0.04066490145509902,0.30981049537100724,0.6495246031738937
Dani LUL,neither,0.03945320844208391,0.33037608806864915,0.630170703489267
LOL,neither,0.020706217963973744,0.4882283491876925,0.4910654328483337
I love her,offensive_language,0.02127227746861266,0.7493632064772636,0.2293645160541237
Bidet from PA.,neither,0.04069404815304118,0.30931579984010865,0.6499901520068502
Bidet from MD,neither,0.04062582848913359,0.31047366557575606,0.6489005059351104
Bidet!,neither,0.03945320844208391,0.33037608806864915,0.630170703489267
THE PETTY NEIN LOL,neither,0.029206667481442634,0.3768306483940418,0.5939626841245155
hi dani we love you,neither,0.05063360103829242,0.38685680037710185,0.5625095985846058
LUL petty nein,neither,0.03945320844208391,0.33037608806864915,0.630170703489267
"@thondiac I'm on the Northwest side, also just OTP",neither,0.02915029046388267,0.3754374070509191,0.5954123024851983
I'm on early!,neither,0.03723578944459268,0.31052577274067344,0.6522384378147339
Bidet All!,offensive_language,0.046917543854519406,0.6277741405869331,0.3253083155585475
Yeet,neither,0.03945320844208391,0.33037608806864915,0.630170703489267
The Petty Nein. lololol,neither,0.038588457704863265,0.3145722385870658,0.646839303708071
LOVE,neither,0.03217296676969875,0.3657703709031763,0.602056662327125
Bidet from Massachusetts,neither,0.04069404815304118,0.30931579984010865,0.6499901520068502
Our Lady of Recaps Dani Carr ( twitter.com/ItsDaniCarr ),neither,0.03893243441116944,0.413649997352151,0.5474175682366794
Bidet from Rapid City!,neither,0.041017613602777656,0.3038240497195468,0.6551583366776755
Bidet from Colorado!,neither,0.04066490145509902,0.30981049537100724,0.6495246031738937
bidet from LA!,neither,0.04094187055022747,0.3051096069949388,0.6539485224548338
here from argentina,neither,0.09033861841445666,0.2738626087439128,0.6357987728416304
BIDET,neither,0.03945320844208391,0.33037608806864915,0.630170703489267
The petty nein! :D,neither,0.038248109054999424,0.30812809647739126,0.6536237944676092
"bidet from Kyoto, Japan",neither,0.04069404815304118,0.30931579984010865,0.6499901520068502
you should be able to see the recap of episode 23,neither,0.06405739555192172,0.3719463124557581,0.5639962919923203
Dani is so spicy,neither,0.046455763226932165,0.36674086111152976,0.5868033756615381
yesss,neither,0.03945320844208391,0.33037608806864915,0.630170703489267
@broken_tigerwalker how dare you say something so terrible,neither,0.05310655074219826,0.41021449961670003,0.5366789496411016
bidet,neither,0.03945320844208391,0.33037608806864915,0.630170703489267
Hello :D,neither,0.03945320844208391,0.33037608806864915,0.630170703489267
bidet from Indianapolis,neither,0.04062582848913359,0.31047366557575606,0.6489005059351104
Steampunk gnomes,neither,0.03945320844208391,0.33037608806864915,0.630170703489267
Bidet from Toronto!,neither,0.04066490145509902,0.30981049537100724,0.6495246031738937
It's so hard to decide on the chat to follow! lol,offensive_language,0.032830060550646835,0.5319331728585531,0.43523676659079996
Ayyyye Bidet all!!!,offensive_language,0.046917543854519406,0.6277741405869331,0.3253083155585475
BIDET FROM NEVADA,neither,0.04066490145509902,0.30981049537100724,0.6495246031738937
"Bidet from Orlando, FL",neither,0.040334677536117594,0.315415257091876,0.6442500653720065
bidet from Illinois,neither,0.04069404815304118,0.30931579984010865,0.6499901520068502
BIDET FROM SPAIN,neither,0.04228451509352876,0.2823214250720796,0.6753940598343917
Will Michael come out of his coma in time to learn that Rachel is having the ogre's baby? Will Lisa finally confess her true love for nachos? Find out on tonights exciting episode of As the Critical Roles!,neither,0.0394481387534064,0.3858649590122526,0.5746869022343409
Bidet from Spain :D,neither,0.04228451509352876,0.2823214250720796,0.6753940598343917
Bidet and Beep Beep from WI!,neither,0.03967843299723475,0.26489508746062856,0.6954264795421368
"repeat The recap has started , if you cannot see it, please refresh",neither,0.03512926544355241,0.37158131072334744,0.5932894238331002
from Colorado!,neither,0.04066490145509902,0.30981049537100724,0.6495246031738937
Petty Nein! haha,neither,0.034654542261726484,0.41182197667009557,0.553523481068178
HAH!,neither,0.03945320844208391,0.33037608806864915,0.630170703489267
The troll deserved it TBH,neither,0.037587904579871434,0.3175499598189517,0.644862135601177
Bidet guys! (Finally reached that point of campaign 1!),neither,0.036747047657757013,0.3601311783241277,0.6031217740181154
Is it just me or is there no video?,neither,0.04502499557303362,0.2708255904266264,0.6841494140003399
"Beau, the asshole with the heart of gold",neither,0.031195675194518678,0.43227038288047515,0.5365339419250063
Bidet from Virginia Beach,neither,0.040454134749990676,0.3133877564139642,0.6461581088360451
Fantastic Danni!,neither,0.03945320844208391,0.33037608806864915,0.630170703489267
does anyone spice?,neither,0.026702116394850615,0.44953682061048533,0.5237610629946641
"LOL! ""The Petty Nein""",neither,0.029206667481442634,0.3768306483940418,0.5939626841245155
'Guten Tag' my fellow critters. *You may reply to this message,neither,0.04622635597393432,0.4019435213832741,0.5518301226427916
Bidet!,neither,0.03945320844208391,0.33037608806864915,0.630170703489267
"Bidet from Sacramento, CA!",neither,0.04039749100449293,0.314349148603457,0.6452533603920501
yaaah itsstarting,neither,0.03945320844208391,0.33037608806864915,0.630170703489267
bidet from new york,neither,0.044690599332616286,0.20708884905532376,0.7482205516120599
Bidet from Florida,neither,0.0408948396164547,0.30590784468201904,0.6531973157015263
"Oh my god, so much shade.",neither,0.030541810233277712,0.40498102494008253,0.5644771648266398
from Canada:),neither,0.04071751644889743,0.3089174816120565,0.6503650019390461
What a waste. WutFace 100 GOLD.,neither,0.0443627412459885,0.3268448253121748,0.6287924334418366
I felt that eyeroll from here,neither,0.08986445836234043,0.31307084553698417,0.5970646961006754
bidit from KY,neither,0.04062582848913359,0.31047366557575606,0.6489005059351104
Hmm... I'm not seeing any video.,neither,0.04285746619112968,0.2566586211565587,0.7004839126523117
NEIIINNN,neither,0.03945320844208391,0.33037608806864915,0.630170703489267
Bidet fom Toronto!,neither,0.03945320844208391,0.33037608806864915,0.630170703489267
Bidet from Ireland,neither,0.04066490145509902,0.30981049537100724,0.6495246031738937
Bidet from Yorktown Virginia,neither,0.04079557052152802,0.30759270029461827,0.6516117291838538
Dani's sass is THE BEST SASS.,neither,0.045884199685318774,0.30483354442372795,0.6492822558909532
"Good evening and WELCOME friends! New and old, my fellow critters REJOICE FOR TONIGHT IS THURSDAY NIGHT!!",neither,0.030380343067175707,0.26458028436181114,0.705039372571013
"""The petty nine"" XD",neither,0.03860354647632942,0.3148545430354004,0.6465419104882703
bless dani for doing these recaps BlessRNG BlessRNG BlessRNG,neither,0.04039393534353875,0.35451584365927075,0.6050902209971905
"oh my gosh I had youtube up and was typing while I waited for things to start up and I was startled like crazy when the sound kicked up. Also, Bidet everyone from NC. (still new so not sure what Bidet is)",neither,0.031063055605182997,0.45913045697288846,0.5098064874219285
bidet from brazil,neither,0.04079557052152802,0.30759270029461827,0.6516117291838538
bidet from pennsylvania,neither,0.04069404815304118,0.30931579984010865,0.6499901520068502
Bidet from WV!,neither,0.04069404815304118,0.30931579984010865,0.6499901520068502
BIDET CRITTERS!!! It's almost time!!!!,neither,0.036088931351621376,0.35708609377273953,0.606824974875639
Bidet from Amherstburg. Miss you 🐝!,neither,0.05442678812595187,0.3843722333836678,0.5612009784903802
bidet friends,neither,0.03945320844208391,0.33037608806864915,0.630170703489267
LUL,neither,0.03945320844208391,0.33037608806864915,0.630170703489267
25 words only.....,neither,0.03945320844208391,0.33037608806864915,0.630170703489267
Bidet from Tennessee everybody,neither,0.0405375245653374,0.3119724136174544,0.6474900618172083
bidet from colorado!!!!,neither,0.04066490145509902,0.30981049537100724,0.6495246031738937
from greece,neither,0.04062582848913359,0.31047366557575606,0.6489005059351104
*chants* STEAMPUNK GNOMES,neither,0.03945320844208391,0.33037608806864915,0.630170703489267
Bidet,neither,0.03945320844208391,0.33037608806864915,0.630170703489267
xD 25 words,neither,0.03945320844208391,0.33037608806864915,0.630170703489267
going on both channels,neither,0.03552962403400415,0.3670942723400727,0.5973761036259232
Bidet from Minnesota,neither,0.04071751644889743,0.3089174816120565,0.6503650019390461
BIDET from sleepy England!!!,neither,0.04038434874462851,0.31457220705192124,0.6450434442034502
oh god I thought I was late for a second there,neither,0.04024373735245436,0.17972139464617315,0.7800348680013725
Bidet from al,neither,0.04724196013466046,0.19818064482348735,0.7545773950418522
Bidet from NC,neither,0.04066490145509902,0.30981049537100724,0.6495246031738937
Bridget Nevada,neither,0.03945320844208391,0.33037608806864915,0.630170703489267
@zier84 the recap i splayig refreash,neither,0.038372653207642965,0.3105039192898759,0.6511234275024811
bidetUK,neither,0.03945320844208391,0.33037608806864915,0.630170703489267
Bidet,neither,0.03945320844208391,0.33037608806864915,0.630170703489267
THE FUNGAL FART!,neither,0.03830256976187925,0.3091696505564884,0.6525277796816323
STEAMPUNK GNOMES,neither,0.03945320844208391,0.33037608806864915,0.630170703489267
Bidet from Sweden,neither,0.04228451509352876,0.2823214250720796,0.6753940598343917
bidet from Pennsylvania,neither,0.04069404815304118,0.30931579984010865,0.6499901520068502
bidet from Arizona,neither,0.04078317879478948,0.307803020237201,0.6514138009680096
Bidet from VA,neither,0.04066490145509902,0.30981049537100724,0.6495246031738937
is anyone else not getting sound?,neither,0.04127843357321345,0.3919234265912255,0.566798139835561
Bidet from Texas! taveriSub,neither,0.040937266849991,0.30518774380265185,0.6538749893473571
bidet from melbourne fl,neither,0.04066490145509902,0.30981049537100724,0.6495246031738937
Daddy Beau,neither,0.03945320844208391,0.33037608806864915,0.630170703489267
@I_want_my_COFFEE REPRESENT!!,neither,0.03945320844208391,0.33037608806864915,0.630170703489267
bidet from chile!,neither,0.04069404815304118,0.30931579984010865,0.6499901520068502
Bidet from PEI Canada.,neither,0.04071751644889743,0.3089174816120565,0.6503650019390461
Bidet from Perú!,neither,0.04228451509352876,0.2823214250720796,0.6753940598343917
Dani is adorable!!,neither,0.04705192862195666,0.3277625397548986,0.6251855316231447
Bidet from Northwest Arkansas,neither,0.04066490145509902,0.30981049537100724,0.6495246031738937
25 words...That's gonna be hard for Jester,offensive_language,0.025986699342739464,0.5316365706510382,0.44237673000622224
bidet from Northampton MA,neither,0.031816597323666866,0.4599893087150652,0.5081940939612679
@jemini_3576 It's what chat was saying the entire episode last week.,neither,0.03574531164090046,0.3209082472114912,0.6433464411476083
"Re: buffering issues: try 1. clearing cache 2. resetting your router/modem 3. switching browsers. One or more of those things seems to have worked for me., also try dropping video quality lower,, and as always, start with a refresh",neither,0.057879688087331536,0.30093644543114306,0.6411838664815254
bidet from Alabama,neither,0.04078317879478948,0.307803020237201,0.6514138009680096
Bidet from Cincinnati Ohio,neither,0.040754399270683486,0.3082914838698526,0.650954116859464
bidet all!,offensive_language,0.046917543854519406,0.6277741405869331,0.3253083155585475
sound is fine,neither,0.049630945019442915,0.3268754977534523,0.6234935572271049
Bidet from Oregon!,neither,0.04071751644889743,0.3089174816120565,0.6503650019390461
England best bidet,neither,0.0384576577554569,0.32203947479156386,0.6395028674529792
Bidet from Chicago!!!!!,neither,0.04078317879478948,0.307803020237201,0.6514138009680096
Hello everyone!,neither,0.03269494828970791,0.4450814005079928,0.5222236512022994
video is fine,neither,0.05816518274934152,0.2131571783380467,0.7286776389126117
bidet from missouri everyone,neither,0.034477366269092084,0.4148291156575959,0.5506935180733121
Bidet from Arizona! (:,neither,0.04078317879478948,0.307803020237201,0.6514138009680096
That damn book :D,offensive_language,0.040874568326028836,0.8651169293359289,0.09400850233804225
BIDET and BEEP BEEP from rainy indianapolis!!!,neither,0.03965776716412151,0.26988353053137865,0.6904587023044999
@tinyjunker I am getting sound just fine. Something on your end.,neither,0.04971651277193692,0.4004655513019242,0.549817935926139
bidet from georgia,neither,0.04066490145509902,0.30981049537100724,0.6495246031738937
Hi,neither,0.03945320844208391,0.33037608806864915,0.630170703489267
bidet from Saskatchewan,neither,0.04228451509352876,0.2823214250720796,0.6753940598343917
yes im sorry refresh people i said i would do that but i failed,neither,0.05056899572631751,0.37621544824146436,0.5732155560322182
julian from Virginia,neither,0.04038150078596344,0.3146205443430473,0.6449979548709892
bidet from mass!,neither,0.04078317879478948,0.307803020237201,0.6514138009680096
bidet from holiday Florida,neither,0.04049937143341105,0.3126199718379845,0.6468806567286045
@mistydog05 Hey! Nevada bidet!,neither,0.03945320844208391,0.33037608806864915,0.630170703489267
bidet from Illinois,neither,0.04069404815304118,0.30931579984010865,0.6499901520068502
bidet from radcliff KY,neither,0.04062582848913359,0.31047366557575606,0.6489005059351104
Bidet from South Carolina!,neither,0.04043176250036363,0.31376747187705417,0.6458007656225822
bidet,neither,0.03945320844208391,0.33037608806864915,0.630170703489267
Bidet from Portland!,neither,0.04066490145509902,0.30981049537100724,0.6495246031738937
Feather Leather,neither,0.03945320844208391,0.33037608806864915,0.630170703489267
hiiiiiii!,neither,0.03945320844208391,0.33037608806864915,0.630170703489267
ford focus haha,neither,0.03580540557329595,0.3922888227588566,0.5719057716678474
finally after a whole lot of catching up first live crit role in 2 years,neither,0.03620077886226727,0.3606371488976363,0.6031620722400964
Bidet from Malaysia,neither,0.04228451509352876,0.2823214250720796,0.6753940598343917
"oh no, not this again, i think i wont able to watch this Ep of Critical role. it's 5:48 am here where i am now.",neither,0.06313826108145888,0.2978257499099792,0.6390359890085618
Fjord Focus 🤔,neither,0.03945320844208391,0.33037608806864915,0.630170703489267
bidet from Texas,neither,0.040937266849991,0.30518774380265185,0.6538749893473571
Bidet from Brasil!,neither,0.04228451509352876,0.2823214250720796,0.6753940598343917
bidet from northern NY,neither,0.04039749100449293,0.314349148603457,0.6452533603920501
Fjord Focus,neither,0.03945320844208391,0.33037608806864915,0.630170703489267
fjord focuses. hahaha,neither,0.03945320844208391,0.33037608806864915,0.630170703489267
Bidet from Puerto Rico,neither,0.040392180697499655,0.3144392783719297,0.6451685409305706
lol Fjord Focus,neither,0.029805912114948485,0.40205111358152873,0.5681429743035228
"!WARNING at the start of the session, chat will be Subscriber Only",neither,0.038984114450057034,0.31217137909012466,0.6488445064598183
BIdet from the Twin Cities,neither,0.039561553584535815,0.3015812847199107,0.6588571616955535
Bidet from Seattle!!,neither,0.040754399270683486,0.3082914838698526,0.650954116859464
We hereee,neither,0.039025862747262004,0.3376292597931679,0.6233448774595702
"Bidet from Kannaoplis, NC",neither,0.04066490145509902,0.30981049537100724,0.6495246031738937
refresh from black screen,neither,0.058256583046577354,0.30030945173559165,0.641433965217831
bidet from burns lake bc canada,neither,0.040189076312376996,0.31788648984766804,0.641924433839955
bidet from ontario canada my friends,neither,0.03155446455222084,0.3821520334149957,0.5862935020327834
First time watching live! Hello from Chicago!,neither,0.0371591792081362,0.3323029714319702,0.6305378493598937
last time I can watch this live,neither,0.04877264982072426,0.3426119701953146,0.6086153799839611
gandsHype gandsHype gandsHype Bidet from Washington state!!!,neither,0.07569869260918143,0.20816383471815325,0.7161374726726654
Fjord Focus,neither,0.03945320844208391,0.33037608806864915,0.630170703489267
"Bidet from Atìleanenu, The Absolute Planet!",neither,0.039579336694715694,0.29725996235475677,0.6631607009505276
Bidet critters,neither,0.03945320844208391,0.33037608806864915,0.630170703489267
Bidet from Oregon!!!! Guess what??? I graduated from my Masters program this week! #TeacherCritter,neither,0.03637395567735857,0.3604449405290839,0.6031811037935575
gandsPartyShield gandsPartyShield gandsPartyShield,neither,0.03945320844208391,0.33037608806864915,0.630170703489267
fjord focus Kappa,neither,0.03945320844208391,0.33037608806864915,0.630170703489267
I wonder how much they make in subscriptions alone each month,neither,0.0367047864994137,0.33132139640527764,0.6319738170953088
BEAUYASHA TRASH here,neither,0.16802755354522383,0.03988479756997674,0.7920876488847994
bidet from western ny,neither,0.04041758291270955,0.31400813648531894,0.6455742806019715
Bidet from Michigan!,neither,0.040769555981420263,0.3080342349327864,0.6511962090857933
@RoyAwesome Poland! Bidet! Got any perogies to spare?,neither,0.044980610991807224,0.3731418399691232,0.5818775490390696
Bidet from Minneapolis!,neither,0.04228451509352876,0.2823214250720796,0.6753940598343917
Seattle!,neither,0.03945320844208391,0.33037608806864915,0.630170703489267
"focus, FJORD!",neither,0.03945320844208391,0.33037608806864915,0.630170703489267
It was old magic,neither,0.03779026760235722,0.33312905409614996,0.629080678301493
Bidet from Maryland!,neither,0.04066490145509902,0.30981049537100724,0.6495246031738937
Bidet from Minneapolis,neither,0.04228451509352876,0.2823214250720796,0.6753940598343917
bidet from iceland,neither,0.04228451509352876,0.2823214250720796,0.6753940598343917
Bidet from Tucson AZ,neither,0.04078317879478948,0.307803020237201,0.6514138009680096
"Its Thursday my dudes, ahhhhhhh",neither,0.02445503321405377,0.4143935589981753,0.5611514077877711
Gluten Almonds,neither,0.03945320844208391,0.33037608806864915,0.630170703489267
hey guys this is the first week i can talk i finally subbed!,neither,0.02787798401629207,0.32312988850155644,0.6489921274821515
bidet from tibet,neither,0.04228451509352876,0.2823214250720796,0.6753940598343917
first time live bidet,neither,0.03431649502744929,0.3558392226370607,0.6098442823354902
PartyPopper,neither,0.03945320844208391,0.33037608806864915,0.630170703489267
MercyWing1 gandsCaleb MercyWing2,neither,0.03945320844208391,0.33037608806864915,0.630170703489267
bidet from north carolina!,neither,0.04040057148408362,0.31429686482539193,0.6453025636905245
That stone sounds like a spell component.,neither,0.04476606565657712,0.37981668979789257,0.5754172445455303
bidet from New Delhi,neither,0.046710622032705686,0.1542697019613409,0.7990196760059534
@jynxono Grats! Huge accomplishment to get caught back up!,neither,0.041833491430667606,0.3723465693604496,0.5858199392088829
Bidet from Maryland,neither,0.04066490145509902,0.30981049537100724,0.6495246031738937
hi,neither,0.03945320844208391,0.33037608806864915,0.630170703489267
Bidet from Fort Bragg,neither,0.04228451509352876,0.2823214250720796,0.6753940598343917
Grats @jaggedone,neither,0.03945320844208391,0.33037608806864915,0.630170703489267
bidet from oregon,neither,0.04071751644889743,0.3089174816120565,0.6503650019390461
Awww Yeza :),neither,0.03945320844208391,0.33037608806864915,0.630170703489267
Bidet from Detroit #MotorCityCritters,neither,0.04080695066346891,0.3073995495860776,0.6517934997504536
"Bidet from UK, looking forward to losing myself in Tal'dorei to get away from the madness going on in the real world :D",neither,0.0402502647398647,0.35942149031367343,0.6003282449464619
fjord EXPLORERS,neither,0.03945320844208391,0.33037608806864915,0.630170703489267
so many good moments last episode!!,neither,0.03893539950354933,0.3644268085352489,0.5966377919612018
bidet from dfw!,neither,0.04228451509352876,0.2823214250720796,0.6753940598343917
bidet,neither,0.03945320844208391,0.33037608806864915,0.630170703489267
bidet from Pendleton OR!,neither,0.04147775179570021,0.2960143037206597,0.66250794448364
bidet from Montreal!,neither,0.04062582848913359,0.31047366557575606,0.6489005059351104
And there goes Matt writing down the spoilers,neither,0.0383691551315057,0.2628676864718852,0.6987631583966091
bidet and Beep Beep from Missouri,neither,0.039674772959784124,0.26576846215513467,0.6945567648850811
Bidet from texas!!,neither,0.040937266849991,0.30518774380265185,0.6538749893473571
Bidet from VA!!,neither,0.04066490145509902,0.30981049537100724,0.6495246031738937
HUPERDOOOOOOK,neither,0.03945320844208391,0.33037608806864915,0.630170703489267
bidet from Maine!,neither,0.04069404815304118,0.30931579984010865,0.6499901520068502
bidet from connecticut,neither,0.04062582848913359,0.31047366557575606,0.6489005059351104
Bidet from Kentucky,neither,0.04071751644889743,0.3089174816120565,0.6503650019390461
samuel,neither,0.03945320844208391,0.33037608806864915,0.630170703489267
Bidet from Michigan!,neither,0.040769555981420263,0.3080342349327864,0.6511962090857933
"Bidet form Sacramento, CA",neither,0.03945320844208391,0.33037608806864915,0.630170703489267
Bidet from Michigan!,neither,0.040769555981420263,0.3080342349327864,0.6511962090857933
bidet from texas,neither,0.040937266849991,0.30518774380265185,0.6538749893473571
Bidet from St Louis Missouri,neither,0.040278014386681806,0.31637697861683733,0.6433450069964808
gandsLessthanthree gandsLessthanthree gandsLessthanthree,neither,0.03945320844208391,0.33037608806864915,0.630170703489267
bidet from raleigh nc!,neither,0.04066490145509902,0.30981049537100724,0.6495246031738937
"bidet from Seattle, WA!!",neither,0.04040912852695437,0.3141516294757728,0.6454392419972729
Bidet from Edmonton :D,neither,0.04228451509352876,0.2823214250720796,0.6753940598343917
Bidet from Chicago,neither,0.04078317879478948,0.307803020237201,0.6514138009680096
bidet and beep beep from AZ,neither,0.03968692788310135,0.26288412776704095,0.6974289443498578
Bidet from France!,neither,0.04071751644889743,0.3089174816120565,0.6503650019390461
BIDET from vancouver canada,neither,0.04071751644889743,0.3089174816120565,0.6503650019390461
Holy shit I forgot we're going to a rave tonight!,offensive_language,0.06921477946956706,0.9053562497182229,0.025428970812210138
bidet from Illinois!!,neither,0.04069404815304118,0.30931579984010865,0.6499901520068502
Bidet from CT.,neither,0.04066490145509902,0.30981049537100724,0.6495246031738937
beep beep from huntsville tx,neither,0.04081748366884477,0.3072207769958956,0.6519617393352596
@thepittengineer i may have made a typo i meant Portland,neither,0.04015176297811358,0.31851979451016094,0.6413284425117255
Humperdink,neither,0.03945320844208391,0.33037608806864915,0.630170703489267
bidet from pyongyang,neither,0.04228451509352876,0.2823214250720796,0.6753940598343917
Critical Recaps with Dani Carr on Youtube https://www.youtube.com/watch?v=rDrGA0fPDig&index=6&list=PL7atuZxmT957HmF7l0AFBLyC4w8TTvVTd,neither,0.035243474218736845,0.35264656139827943,0.6121099643829837
Crazy Gnome Parties inbound!,neither,0.02783595946882838,0.44788533609014897,0.5242787044410228
Bidet from New Hampshire,neither,0.04402155579737495,0.2236345274837781,0.7323439167188469
bidet from washington state!,neither,0.07569869260918143,0.20816383471815325,0.7161374726726654
"gidet from Sydney, Aus",neither,0.04062582848913359,0.31047366557575606,0.6489005059351104
LETS DO THIS!,neither,0.040148419443759686,0.3496283523875733,0.610223228168667
"Beep beep from San Bernardino, CA!",neither,0.040493867778092676,0.31271338323213294,0.6467927489897743
bidet from Wisconsin,neither,0.04071751644889743,0.3089174816120565,0.6503650019390461
Dani has the prettiest eyes valeBlush,neither,0.04055401571923217,0.2815082305436467,0.6779377537371212
"Bidet from LongIsland,NY!",neither,0.04084513770590474,0.30675141581570226,0.6524034464783931
After 8 months of vods I'm watching live for the first time!,neither,0.031651818180971514,0.3123079980429266,0.656040183776102
bidet from missouri,neither,0.04071751644889743,0.3089174816120565,0.6503650019390461
Bidet from the big Apple,neither,0.023328877317441456,0.3613364497967864,0.6153346728857721
Bidet from washington!! <3,neither,0.04080695066346891,0.3073995495860776,0.6517934997504536
Bidet from San Diego!,neither,0.040446282760733435,0.31352102516371877,0.6460326920755478
Bidet from Missouri,neither,0.04071751644889743,0.3089174816120565,0.6503650019390461
bidet from IN,neither,0.041809934750563944,0.290376292048192,0.667813773201244
Bidet from detroit!,neither,0.04080695066346891,0.3073995495860776,0.6517934997504536
hey fellow critiers,neither,0.03945320844208391,0.33037608806864915,0.630170703489267
raaaaave!,neither,0.03945320844208391,0.33037608806864915,0.630170703489267
Finally able to watch live!,neither,0.05525777739417501,0.3235703710524136,0.6211718515534115
man im gonna need to listen to last episode after this stream ends,neither,0.04564003952149941,0.4037346340358203,0.5506253264426804
MORE LIKE HYPE-RDOOOOK,neither,0.05616957812654934,0.33764319598286935,0.6061872258905814
bidet from rainesville,neither,0.04228451509352876,0.2823214250720796,0.6753940598343917
Bidet from FL,neither,0.04066490145509902,0.30981049537100724,0.6495246031738937
hello all critters,neither,0.04217753453783664,0.43734383323855475,0.5204786322236087
New studio hype,neither,0.04284205558368398,0.24606419667097393,0.7110937477453421
Poor bandits. XD gandsTwenty gandsTwenty,neither,0.03945320844208391,0.33037608806864915,0.630170703489267
Bidet from Minnesota!,neither,0.04071751644889743,0.3089174816120565,0.6503650019390461
Bidet from Carson City,neither,0.041017613602777656,0.3038240497195468,0.6551583366776755
yes its thurday again <3,neither,0.030537230383462278,0.3699355837537486,0.599527185862789
Watching episode 22 of the first campaign :/,neither,0.0339114276224039,0.3206549469666506,0.6454336254109455
Bidet,neither,0.03945320844208391,0.33037608806864915,0.630170703489267
@Cera_Giles Sac-Town fist bump!,neither,0.03945320844208391,0.33037608806864915,0.630170703489267
Bidet,neither,0.03945320844208391,0.33037608806864915,0.630170703489267
hello fellow Michiganders,neither,0.03945320844208391,0.33037608806864915,0.630170703489267
so many also from Seattle!,neither,0.04039615973350613,0.35450556681603523,0.6050982734504585
be pleased. *bows*,neither,0.03985647074205286,0.33375295465035903,0.626390574607588
Fucking love the bandits.,offensive_language,0.1142441600325406,0.8857525130907605,3.326876698865447e-06
"bidet from Eureka, Ca",neither,0.04084513770590474,0.30675141581570226,0.6524034464783931
Bidet from KHAZAD-DÛM!!!,neither,0.04228451509352876,0.2823214250720796,0.6753940598343917
Bidet from Minnesota!!!!!!!!,neither,0.04071751644889743,0.3089174816120565,0.6503650019390461
Perfect way to celebrate my 30th!,neither,0.03514728139949978,0.3918545589398791,0.5729981596606212
XD,neither,0.03945320844208391,0.33037608806864915,0.630170703489267
Bidet from Florida!,neither,0.0408948396164547,0.30590784468201904,0.6531973157015263
WOot,neither,0.03945320844208391,0.33037608806864915,0.630170703489267
J0071jt!@warframe,neither,0.03945320844208391,0.33037608806864915,0.630170703489267
The fucking bandits,offensive_language,0.15198844031658396,0.8480115232097859,3.647363037489186e-08
I love those bandits xD,neither,0.0818552884577279,0.23041953125561174,0.6877251802866604
Bidet from the watermelon capital of Texas critters,neither,0.03954759513296356,0.30504244495931904,0.6554099599077173
"bidet from Crestview, FL",neither,0.04066490145509902,0.30981049537100724,0.6495246031738937
Bidet from Arizona,neither,0.04078317879478948,0.307803020237201,0.6514138009680096
bidet for nc,neither,0.032764864206104964,0.296993156639892,0.670241979154003
I loved this.,neither,0.03932416101137122,0.3325663597548006,0.6281094792338283
#arcanatuswashere,neither,0.03945320844208391,0.33037608806864915,0.630170703489267
bidet from florida,neither,0.0408948396164547,0.30590784468201904,0.6531973157015263
Bidet from Iowa!,neither,0.04069404815304118,0.30931579984010865,0.6499901520068502
the worst bandits LuL,neither,0.03962900098759884,0.2967473621722247,0.6636236368401764
such a good mometn,neither,0.03880879515499375,0.32401833602335794,0.6371728688216483
Bidet from Tasmania Australia!,neither,0.04062582848913359,0.31047366557575606,0.6489005059351104
the same bandits. LOL,neither,0.027570001690261345,0.4046584622512009,0.5677715360585379
moment,neither,0.03945320844208391,0.33037608806864915,0.630170703489267
Bidet from Woodland CA,neither,0.04084513770590474,0.30675141581570226,0.6524034464783931
Bidet from OK,neither,0.04104157946423444,0.3034172865047108,0.6555411340310547
i adored that scene,neither,0.0343714251695459,0.38593769553176943,0.5796908792986846
Love these guys,offensive_language,0.048852882446699906,0.4795186339532859,0.4716284836000141
"Bidet from Wilmington, NC",neither,0.04066490145509902,0.30981049537100724,0.6495246031738937
Bidet from Delaware! :D,neither,0.04228451509352876,0.2823214250720796,0.6753940598343917
bidet from aus,neither,0.04228451509352876,0.2823214250720796,0.6753940598343917
Bidet from WNY gandsLollypop gandsTwenty,neither,0.04228451509352876,0.2823214250720796,0.6753940598343917
Bidet and Beep Beep Critters!,neither,0.03763944115734239,0.1918412352459551,0.7705193235967025
bidet from dallas tx!,neither,0.040477971317663786,0.312983187652067,0.6465388410302692
"bidet from wichita, ks",neither,0.04228451509352876,0.2823214250720796,0.6753940598343917
MercyWing1 gandsCaleb MercyWing2,neither,0.03945320844208391,0.33037608806864915,0.630170703489267
Bidet from Houston,neither,0.040875471929787875,0.3062365648703896,0.6528879631998226
"new studio is in 2 weeks, cant wait!",neither,0.048777056833990744,0.2597709211683233,0.6914520219976859
"Bidet From Rochester, New York.",neither,0.044690599332616286,0.20708884905532376,0.7482205516120599
Bidet from PA,neither,0.04069404815304118,0.30931579984010865,0.6499901520068502
RIP Trevor,neither,0.03945320844208391,0.33037608806864915,0.630170703489267
Bidet from Seattle,neither,0.040754399270683486,0.3082914838698526,0.650954116859464
gg bad banditos,neither,0.03134487231026809,0.3331649166770195,0.6354902110127125
"Bidet from Pensacola, FL",neither,0.04066490145509902,0.30981049537100724,0.6495246031738937
Lmfao,neither,0.05470637918084239,0.32512982320825545,0.6201637976109021
fucking love those bandits.,offensive_language,0.20336966997168765,0.7965829732412839,4.735678702844276e-05
bidet va,neither,0.03945320844208391,0.33037608806864915,0.630170703489267
yas,neither,0.03945320844208391,0.33037608806864915,0.630170703489267
"Bidet from Vermont, you beautiful Critters",neither,0.06876648460858562,0.37550639568717764,0.5557271197042367
bidet from Oklahoma City!,neither,0.04046999571874058,0.31311855438044855,0.646411449900811
"Get your drugs, get your glow sticks, get your pacifier cause everybody ravin out her",offensive_language,0.07853957881817272,0.4638551182768149,0.4576053029050124
bidet from kansas,neither,0.04071751644889743,0.3089174816120565,0.6503650019390461
Bidet from Cincinnati,neither,0.04228451509352876,0.2823214250720796,0.6753940598343917
Bidet from Chicago,neither,0.04078317879478948,0.307803020237201,0.6514138009680096
rip Trevor,neither,0.03945320844208391,0.33037608806864915,0.630170703489267
The absolute worst at banditry!,neither,0.03886100845066896,0.31892083723273995,0.6422181543165911
Bidet !,neither,0.03945320844208391,0.33037608806864915,0.630170703489267
I'm so excited!!!!,neither,0.03940839469474773,0.3948270312238364,0.565764574081416
@kaznecronorcal Hell Yess *fist bump*,offensive_language,0.0409000284329514,0.6388885024677964,0.32021146909925213
bidet from Newfoundland,neither,0.04228451509352876,0.2823214250720796,0.6753940598343917
"!WARNING at the start of the session, chat will be Subscriber Only",neither,0.038984114450057034,0.31217137909012466,0.6488445064598183
bidet from Georgia!,neither,0.04066490145509902,0.30981049537100724,0.6495246031738937
Bidet from the 'Peg!,neither,0.039779025773403386,0.2539611253407979,0.7062598488857987
bidet from NC,neither,0.04066490145509902,0.30981049537100724,0.6495246031738937
Bidet from Colorado Springs!,neither,0.040334677536117594,0.315415257091876,0.6442500653720065
bidet from lapeer mi. R),neither,0.04081748366884477,0.3072207769958956,0.6519617393352596
Bidet from windsor ontario,neither,0.04031924518627951,0.315677184343852,0.6440035704698686
They'll hold back next time. They love them.,neither,0.04569670773429602,0.35887299160143704,0.5954303006642669
Bidet from California!,neither,0.06971251856910227,0.2972619859879888,0.633025495442909
Bidet from NYC!!!!!,neither,0.04081748366884477,0.3072207769958956,0.6519617393352596
Hello all! Hope yall had a gud day,neither,0.07471776186467577,0.29470447557768176,0.6305777625576424
yay,neither,0.03945320844208391,0.33037608806864915,0.630170703489267
BEAUREGARD Q KAZZO,neither,0.03945320844208391,0.33037608806864915,0.630170703489267
bidet from Missouri,neither,0.04071751644889743,0.3089174816120565,0.6503650019390461
"They ashed Trevor, poor Trevor you are just dust in the wind.",neither,0.06809197915930773,0.3309208555028689,0.6009871653378234
Bidet from Nebraska!,neither,0.04062582848913359,0.31047366557575606,0.6489005059351104
Bidet from DFW,neither,0.04228451509352876,0.2823214250720796,0.6753940598343917
Bidet from Austin,neither,0.04086843745212,0.30635595831493706,0.6527756042329429
Bidet from Oregon,neither,0.04071751644889743,0.3089174816120565,0.6503650019390461
"Bidet from Slippery Rock, PA!!",neither,0.04029398481315654,0.31610591880006933,0.6436000963867741
Beep beep from Pittsburgh,neither,0.04066490145509902,0.30981049537100724,0.6495246031738937
bidet from indiana,neither,0.0408364874901429,0.30689823255244486,0.6522652799574122
Bidet from Chattanooga,neither,0.04228451509352876,0.2823214250720796,0.6753940598343917
I wanna know if what number the bandits were if matt rols on random encounter tables,neither,0.021837864584521804,0.3750805922996372,0.603081543115841
I really wish I wasn't about to turn this off and do work -.-,neither,0.04363352344038599,0.3184460870369755,0.6379203895226384
Bidet from Phoenix!,neither,0.04066490145509902,0.30981049537100724,0.6495246031738937
bidet from new jersay,neither,0.046710622032705686,0.1542697019613409,0.7990196760059534
I want to see another encounter with the bandits but them doing actual honest work,neither,0.07176343220047632,0.2923044427400241,0.6359321250594996
Bidet from Ontario!,neither,0.04062582848913359,0.31047366557575606,0.6489005059351104
yo critter fam what up!,neither,0.04293234400867003,0.4775332431892284,0.4795344128021016
Bidet from Illinois!! gandsMolly gandsMatt,neither,0.04069404815304118,0.30931579984010865,0.6499901520068502
millenium falcon table!?,neither,0.03945320844208391,0.33037608806864915,0.630170703489267
bidet from Atlanta,neither,0.04078317879478948,0.307803020237201,0.6514138009680096
that's it something is so wrong with my internet,offensive_language,0.023861117715328208,0.49598281728924754,0.48015606499542424
Bidet from Southern Ontario!!,neither,0.04036750444974338,0.31485809869622855,0.644774396854028
Woooo HYPE for this episode!!!,neither,0.03374248066146493,0.3037298050170057,0.6625277143215292
bidet from fl,neither,0.04066490145509902,0.30981049537100724,0.6495246031738937
