text,top_class,hate_speech,offensive_language,neither
Gnight Dimono,neither,0.03945320844208391,0.33037608806864915,0.630170703489267
@TheDiMono bon soir,neither,0.03945320844208391,0.33037608806864915,0.630170703489267
YES! It's time to get hype!!!,neither,0.042672033718664175,0.3540709129883031,0.6032570532930327
LOL omg birthday party,neither,0.0318272638298613,0.3855969903222929,0.5825757458478459
gandsHype gandsHype gandsClassic gandsClassic stefHighFive stefHighFive stefMacaron stefMacaron,neither,0.03945320844208391,0.33037608806864915,0.630170703489267
party100,neither,0.03945320844208391,0.33037608806864915,0.630170703489267
you're our BEST DM?! yes you are!,neither,0.14004637404666134,0.32850911457470605,0.5314445113786327
happy birthday!!!!!,neither,0.03945320844208391,0.33037608806864915,0.630170703489267
gandsHype gandsHype gandsHype gandsHype gandsHype gandsHype gandsHype gandsHype gandsHype,neither,0.03945320844208391,0.33037608806864915,0.630170703489267
Yayyy,neither,0.03945320844208391,0.33037608806864915,0.630170703489267
Happy Birthday!,neither,0.03945320844208391,0.33037608806864915,0.630170703489267
Happy Birthday!!!,neither,0.03945320844208391,0.33037608806864915,0.630170703489267
PartyPopper PartyPopper PartyPopper PartyPopper PartyPopper PartyPopper PartyPopper PartyPopper PartyPopper PartyPopper PartyPopper PartyPopper PartyPopper,neither,0.03945320844208391,0.33037608806864915,0.630170703489267
Happy Birthday Rachel!,neither,0.03945320844208391,0.33037608806864915,0.630170703489267
piboParty piboParty piboParty piboParty piboParty happy birthday whitney and rachael,neither,0.03873321391458363,0.29429874385059834,0.6669680422348181
Happy Birthday,neither,0.03945320844208391,0.33037608806864915,0.630170703489267
Happy Birthday Whitney,neither,0.03945320844208391,0.33037608806864915,0.630170703489267
The mostest happiest of b-days!,neither,0.038576094666443635,0.31434073005879465,0.6470831752747617
gandsHype gandsHype gandsHype,neither,0.03945320844208391,0.33037608806864915,0.630170703489267
lawl at becca's hat mustache,neither,0.03868057759193651,0.3538934278566032,0.6074259945514603
Happy birthdays!,neither,0.03945320844208391,0.33037608806864915,0.630170703489267
Happy Birthday!,neither,0.03945320844208391,0.33037608806864915,0.630170703489267
snail slime!,neither,0.03945320844208391,0.33037608806864915,0.630170703489267
"Help G&S make great content! $4.99/month gets you emotes, Minecraft server access, sub-only VODs, and more! Every sub keeps the channel alive! twitch.tv/geekandsundry/subscribe",neither,0.043907990691603095,0.31135964332838284,0.644732365980014
LUL well we know whitney didn't go to disneyland because shes yebbadBanned,neither,0.034326168009375206,0.3579603735493088,0.6077134584413159
The table sure shrunk,neither,0.03249886612302778,0.4539817331016306,0.5135194007753416
"Hi Selinea, Whitney, Becca, Rachel, Stef, Gina and Amy!",neither,0.038908188719412755,0.30365599391837733,0.65743581736221
oooo that cake looks goooood,neither,0.03620234717021136,0.3656326562195741,0.5981649966102145
"if this is your first Weave stream, buckle up!",neither,0.04036842505550362,0.4104400002736275,0.549191574670869
"Hi, Happy Birthday",neither,0.03945320844208391,0.33037608806864915,0.630170703489267
"gandsTrinketArmor Let be real, there are no birthdays. it's either birthweeks or birthmonths ladies",neither,0.03488319138885539,0.3955380334580977,0.5695787751530469
PartyPopper Keepo Party now! study later!,neither,0.03945320844208391,0.33037608806864915,0.630170703489267
I love this damn show,offensive_language,0.06120690084615686,0.8419744475253302,0.0968186516285128
I'm really digging Rachel's sundress over a T-shirt look. it gives me so much nostalgia,neither,0.03162657215202325,0.38108438701002034,0.5872890408379563
LUL,neither,0.03945320844208391,0.33037608806864915,0.630170703489267
lol love this,neither,0.023600127124158547,0.44760990791338723,0.5287899649624542
radical,neither,0.03945320844208391,0.33037608806864915,0.630170703489267
i like this setup,neither,0.052058714068663886,0.3504529605540715,0.5974883253772646
Anyone else getting audio popping?,neither,0.036553073877553376,0.3795989403768221,0.5838479857456245
"Nice, it's Gather Your Weave",neither,0.06267159267027142,0.32405631742743213,0.6132720899022965
!rbschedule,neither,0.03945320844208391,0.33037608806864915,0.630170703489267
Find the rebroadcast schedule for today here: http://bit.ly/TueRebroadcast,neither,0.05993176898675194,0.16282973960513905,0.7772384914081091
"@John_Sparks_Jr for whatever reason, if it happens, I hear it, and I'm not getting any audio difficulties right now.",neither,0.030894217124986082,0.3675419674071894,0.6015638154678246
blondi3FINE blondi3FINE blondi3FINE blondi3FINE blondi3FINE,neither,0.03945320844208391,0.33037608806864915,0.630170703489267
@MajykFngrz that is the previous rb schedcule no new one until live shows end for the day,neither,0.04118174750736083,0.28452226068070485,0.6742959918119342
@Zismarith Itr's very intermittent yeah.,neither,0.02041323562433068,0.46577294082486637,0.513813823550803
"PogChamp It's a me, Mario",neither,0.020928709296978248,0.4277646322666584,0.5513066584363633
Fashionjock,neither,0.03945320844208391,0.33037608806864915,0.630170703489267
failed spring break oh man,neither,0.04381532639996419,0.34012527912919954,0.6160593944708361
what? when did i miss an episode of weave?now i'm sad,neither,0.031958897260413704,0.3580912574590667,0.6099498452805195
Did someone say Denton? Is this the Home of Happiness?,neither,0.043997876518155746,0.31897143157256713,0.6370306919092771
!whodat,neither,0.03945320844208391,0.33037608806864915,0.630170703489267
"Rachel Seeley ( twitter.com/sunnyseeley ) as the Storyteller, with Amy Dallen ( twitter.com/enthusiamy ) as Claire Fuerza, Gina DeVivo ( twitter.com/pocketgina ) as Mindy Mathews, Whitney Moore ( twitter.com/tweetneymoore ) as Cammy Van Kingsley, Becca Scott ( twitter.com/thebeccascott ) as Dinah Steele, Stef Woodburn ( twitter.com/stefwoodburn ) as Galfoyle, and Selina Ruthe ( twitter.com/selinaruthe ) as Donna Steele.",neither,0.034729513534863914,0.47665605402977834,0.48861443243535785
"PogChamp This is a chill set up, really shows how this can be a perfect for RP parties",neither,0.03880899099511634,0.3407696971554802,0.6204213118494034
RoleParties,neither,0.03945320844208391,0.33037608806864915,0.630170703489267
love the planned hand-off,neither,0.03619329742976606,0.32764550335312825,0.6361611992171056
@CharacterStigma Oh yeah! Basically no table required for Weave.,neither,0.026530131367364783,0.36481993468716534,0.6086499339454698
that's handy,neither,0.03486124774340957,0.38047850944979694,0.5846602428067935
!whodat,neither,0.03945320844208391,0.33037608806864915,0.630170703489267
"Rachel Seeley ( twitter.com/sunnyseeley ) as the Storyteller, with Amy Dallen ( twitter.com/enthusiamy ) as Claire Fuerza, Gina DeVivo ( twitter.com/pocketgina ) as Mindy Mathews, Whitney Moore ( twitter.com/tweetneymoore ) as Cammy Van Kingsley, Becca Scott ( twitter.com/thebeccascott ) as Dinah Steele, Stef Woodburn ( twitter.com/stefwoodburn ) as Galfoyle, and Selina Ruthe ( twitter.com/selinaruthe ) as Donna Steele.",neither,0.034729513534863914,0.47665605402977834,0.48861443243535785
@CharacterStigma @MrMatthewPlays a bunch of us already have plans to play Weave while standing in queues at GenCon xD,neither,0.06586458638874379,0.427248277562975,0.5068871360482813
Ooh that's great,neither,0.0336370774292325,0.3471670442348421,0.6191958783359253
"@CharacterStigma I pretty much play all my weave in casual couch set up, its so great",neither,0.027333479165830555,0.4530093510345663,0.5196571697996032
@cinphoria Like a traveling pop-up improv show! Perfect!,neither,0.06178321036855917,0.3032377604900324,0.6349790291414084
That sounds like a fantastic way to wait @cinphoria :D,neither,0.05044296287310807,0.37341787912502794,0.576139158001864
^_^,neither,0.03945320844208391,0.33037608806864915,0.630170703489267
NotLikeThis I keep forgetting to have money during Con season >.<,neither,0.04364779739970075,0.3310784513213519,0.6252737512789475
I feel like Donna and Dinah secretly wanted the baked sale. I mean bake sale.,neither,0.043350652758452186,0.3105832145165259,0.6460661327250219
Why is Dinah the fuckboy of my dreams,neither,0.026525944164097412,0.3965128437803276,0.576961212055575
"No, but Keanu Reeves did a really good Don John, though!",neither,0.03559864550137793,0.35015358034573657,0.6142477741528855
-- from Much Ado abouth Nothing,neither,0.03475792437901021,0.3544979972554191,0.6107440783655708
"Bill & Ted's is from 1989, maaan",neither,0.046385566627515765,0.3148757709448738,0.6387386624276103
bill and ted? nope never head of it.,neither,0.03419796352297785,0.3500555519081208,0.6157464845689014
Would've thought it was earlier.,neither,0.021121100302473834,0.23116701671578768,0.7477118829817385
Benvolio and Mercutio's excellent adventure?,neither,0.03877406619239607,0.29652817042778334,0.6646977633798206
Another school in Canada?,neither,0.08817898925818196,0.25880634561594895,0.653014665125869
Steph's glare is my everything right now,neither,0.03477186067469102,0.41361081502486075,0.5516173243004482
!spelling,neither,0.03945320844208391,0.33037608806864915,0.630170703489267
"Stef is spelled with just one F, Ify is also spelled with just one F, Erika is spelled with a K, and Steflings is spelled with one E! Keller is only spelled with one Keller. Thanks! https://clips.twitch.tv/FriendlySlipperyPelicanFailFish",neither,0.032703284507210474,0.38199495958571156,0.5853017559070779
Tiffani ?,neither,0.03945320844208391,0.33037608806864915,0.630170703489267
Haemophilia?,neither,0.03945320844208391,0.33037608806864915,0.630170703489267
"wow, they got a macro for everything here! thanks!",neither,0.06575089532145345,0.298443650926665,0.6358054537518815
it's probably Tifini DansGame (jk),neither,0.036497890135393674,0.3540629340497353,0.6094391758148711
LUL What's the prep school name xD,neither,0.04261697159072477,0.31613791834834887,0.6412451100609264
Tifinii,neither,0.03945320844208391,0.33037608806864915,0.630170703489267
!weather @MrMatthewPlays They really do.,neither,0.04108214358038378,0.32981582257878556,0.6291020338408306
"Weather for Los Angeles, CA: Conditions are Clear with a temperature of 67 F (19 C). The wind is blowing Calm and the current humidity is 76%. At the studio.",neither,0.044764864485217847,0.2939582381318954,0.6612768973828868
Bad Dragon School for gifted students LUL,neither,0.033982842036678326,0.312805171117181,0.6532119868461407
"He's a Russian prince? Oh dear, he's both under age and over 100 years old. Awkward.",neither,0.044878403883260365,0.2886954281891893,0.6664261679275504
haha! @Zismarith,neither,0.03186685585600258,0.45913629025701075,0.5089968538869867
Awww <3 this schoool,neither,0.039338750043462496,0.33231874580587173,0.6283425041506657
@Zismarith is there a list of the macros somewhere?,neither,0.04605570892099142,0.2765845815377495,0.677359709541259
gandsLessthanthree,neither,0.03945320844208391,0.33037608806864915,0.630170703489267
Mindy ;_;,neither,0.03945320844208391,0.33037608806864915,0.630170703489267
high school immortality!,neither,0.034647614396352625,0.4442715074146024,0.5210808781890449
"!commands @Southuhnboi probably, or something to that effect.",neither,0.04057307035742894,0.3804905251628475,0.5789364044797236
@Zismarith -> The bot commands for this channel are available at https://beta.nightbot.tv/t/geekandsundry/commands,neither,0.04695462833040224,0.29561718809185006,0.6574281835777477
She's an *influencer*,offensive_language,0.043454574214226084,0.5028484381068414,0.4536969876789326
hi chat hope everyone is great! <3,neither,0.06665219453035491,0.3021545522963615,0.6311932531732837
hey @BlackLionoftheStars,neither,0.03945320844208391,0.33037608806864915,0.630170703489267
Not every command is up to date :D,neither,0.05191421280956267,0.3853576667659391,0.5627281204244983
hi @cinphoria ! :) <3,neither,0.03945320844208391,0.33037608806864915,0.630170703489267
hullo @BlackLionoftheStars,neither,0.03945320844208391,0.33037608806864915,0.630170703489267
Hi @blacklionofthestars,neither,0.03945320844208391,0.33037608806864915,0.630170703489267
@Zismarith THANKS! gandsJohnson,neither,0.035884468650613,0.3004919205142699,0.6636236108351171
@Grading At this point that would hardly be possible!,neither,0.03582043994966197,0.3786836086948399,0.5854959513554981
#GalStrats,neither,0.03945320844208391,0.33037608806864915,0.630170703489267
@Southuhnboi Ya welcome.,offensive_language,0.02305915978576449,0.6353557688211211,0.3415850713931143
some commands aren't even up to prune @Grading,neither,0.03300428134962017,0.4187448097168402,0.5482509089335398
I believe in you ladies!,neither,0.06039482621390282,0.390082402640512,0.5495227711455852
Hi @BlackLionoftheStars,neither,0.03945320844208391,0.33037608806864915,0.630170703489267
hey @Deathstar_Taco @glshade1 hope you're both great too :),neither,0.12143251691705131,0.21708452376042442,0.6614829593225243
This is a very interesting episode of Weave,neither,0.045232303183041334,0.3295157900440521,0.6252519067729065
Omagad I see what you did there @Deathstar_Taco,neither,0.07057372687368293,0.3232712178238467,0.6061550553024704
"@Zismarith We've done cleanups before, it's like cleaning a barn :P",neither,0.025210484812078243,0.37948076256547597,0.5953087526224458
"Help G&S make great content! $4.99/month gets you emotes, Minecraft server access, sub-only VODs, and more! Every sub keeps the channel alive! twitch.tv/geekandsundry/subscribe",neither,0.043907990691603095,0.31135964332838284,0.644732365980014
