text,top_class,hate_speech,offensive_language,neither
@cinphoria We realised that tomorrow is gonna be my last day to have access to a free printer. So I'm frantically getting PDFs of ALL my important docs.,offensive_language,0.03479280650231103,0.5031472186132342,0.46205997488445477
"OMG I am going to shrink some of the mandalas I've colored, it will be awesome",neither,0.023715841330031396,0.1439133215886425,0.8323708370813262
Good evening Wednesdaisies.,neither,0.03869882722860525,0.3306355543605695,0.6306656184108252
Yep Lobo crossed with Howard,neither,0.030811468877676187,0.3597855280267306,0.6094030030955931
Hello,neither,0.03945320844208391,0.33037608806864915,0.630170703489267
@CaillechPlays -- 3:02am,neither,0.03945320844208391,0.33037608806864915,0.630170703489267
BisexualPride BisexualPride BisexualPride BisexualPride BisexualPride,neither,0.03945320844208391,0.33037608806864915,0.630170703489267
yaaaay it's starting!,neither,0.037399315187144885,0.3310825161415354,0.6315181686713197
*flails*,neither,0.03945320844208391,0.33037608806864915,0.630170703489267
"Yaaas, here we go :D",neither,0.08788874066493838,0.298919475072031,0.6131917842630307
SQUEE,neither,0.03945320844208391,0.33037608806864915,0.630170703489267
Yaaaay,neither,0.03945320844208391,0.33037608806864915,0.630170703489267
ur so freaking valid @sunlitlake,neither,0.06663317225088494,0.36841035555561646,0.5649564721934985
@philbe63 that sounds awesome,neither,0.035373284636212046,0.3747921102284513,0.5898346051353366
yay!,neither,0.03945320844208391,0.33037608806864915,0.630170703489267
Hi everyone,neither,0.032490659208996964,0.4485487193596734,0.5189606214313296
Hello Everyone,neither,0.03269494828970791,0.4450814005079928,0.5222236512022994
hello!,neither,0.03945320844208391,0.33037608806864915,0.630170703489267
gandsTWC gandsTWC gandsTWC gandsTWC,neither,0.03945320844208391,0.33037608806864915,0.630170703489267
"gandsTWC Hi Matt, Amy, and Taliesin!",neither,0.0388100252782571,0.29846695177565247,0.6627230229460904
Very Very Morning,neither,0.045857677272190464,0.22167553768999324,0.7324667850378163
Woo!!! <3,neither,0.03945320844208391,0.33037608806864915,0.630170703489267
Eeeeeeeeeeeeeeeeey!,neither,0.03945320844208391,0.33037608806864915,0.630170703489267
Dan!,neither,0.03945320844208391,0.33037608806864915,0.630170703489267
Happy Zone!,neither,0.03945320844208391,0.33037608806864915,0.630170703489267
"Hey, Dan hrpgHeyo",neither,0.03945320844208391,0.33037608806864915,0.630170703489267
heeeyoooo,neither,0.03945320844208391,0.33037608806864915,0.630170703489267
They are all so great!,neither,0.0735848358648927,0.3794059444507067,0.5470092196844005
hello everyone,neither,0.03269494828970791,0.4450814005079928,0.5222236512022994
"Hi Matt, Dan, Amy and Taliesin!",neither,0.03889346534830831,0.30288683774529934,0.6582196969063925
The Truman show line,neither,0.05934711457723086,0.21094901504758978,0.7297038703751793
"In the Discord, we say Good Timezone, or Good Zone.",neither,0.03762156948670658,0.3198322146254192,0.6425462158878743
Hello,neither,0.03945320844208391,0.33037608806864915,0.630170703489267
Good zone,neither,0.03861556489324797,0.33066419209574344,0.6307202430110085
@sunlitlake oh jeeeeez,neither,0.051363287716059566,0.22255663153133606,0.7260800807526044
GOOD ZONE! :D,neither,0.03861556489324797,0.33066419209574344,0.6307202430110085
time is a social construct,neither,0.04885424930994801,0.35200646834858135,0.5991392823414706
My favorite fight during the cross over was cap vs batman. the not-fight,neither,0.031325135954308816,0.3587889550655148,0.6098859089801765
GOOD ZONE!,neither,0.03861556489324797,0.33066419209574344,0.6307202430110085
It' DuPont DuPont!,neither,0.034373745257138544,0.33212314837979673,0.6335031063630647
"Help G&S make great content! $4.99/month gets you emotes, Minecraft server access, sub-only VODs, and more! Every sub keeps the channel alive! twitch.tv/geekandsundry/subscribe",neither,0.043907990691603095,0.31135964332838284,0.644732365980014
GOOD ZONE MY DUDES,neither,0.028031800680798507,0.415510434814364,0.5564577645048376
yo where is critital roll,neither,0.0522232395631211,0.37235379550493203,0.575422964931947
all the bombast of a steven moffatt ending,neither,0.04003466720852136,0.3759966372204839,0.5839686955709948
Dan taking you to the gun show,neither,0.07565417565830287,0.284299790710955,0.6400460336307421
"Goooood morning! And if I don't see you, good afternoon, good evening, and good night!",neither,0.034673989052858116,0.26922998928572306,0.6960960216614189
"wait, nerdist and G&S is merging?",neither,0.051996201718652775,0.26549522339390813,0.6825085748874391
They go together like cocaine and waffles.,neither,0.049636453666527844,0.3097192483663189,0.6406442979671532
Hi Taliesin!,neither,0.03945320844208391,0.33037608806864915,0.630170703489267
@fonchiniman the same place its always been. tomorrow might,neither,0.03541155022195143,0.331413073593801,0.6331753761842475
How to annoy the husband part 6 Matt,neither,0.0433118891330152,0.3167170232433714,0.6399710876236133
"For those of you who don't know (i.e. aren't on the Discord ;) ), we started out with ""Good timezone"" and went to ""good zone"" and now it's just ""zone"" and it's hilarious",neither,0.04076119479115781,0.3099511539323836,0.6492876512764586
"I mean, this is just the definition of being an international watcher. Wednesday Club in the afternoon on a Thursday morning where it's dark",neither,0.04017563662370896,0.2650486969623271,0.694775666413964
Waffles wil kill you.,hate_speech,0.850880449302312,0.08292524024778626,0.06619431044990169
Fun Fact: the DC Universe really really wrecked Scarlet Witch at the beginning due to all the chaos magic in DC,neither,0.04094706098828377,0.3428164888061168,0.6162364502055995
Amalgam! I loved this whole works,neither,0.039368933186399675,0.33180645909850165,0.6288246077150986
Don't Tell Mom the Babysitter's Dank,neither,0.03866573545677533,0.31601526676186875,0.6453189977813559
!tc,neither,0.03945320844208391,0.33037608806864915,0.630170703489267
@cinphoria or B'Zone,neither,0.03945320844208391,0.33037608806864915,0.630170703489267
It's called being an adult.,neither,0.03397435678052321,0.3518991856955165,0.6141264575239602
wait.... does that make Dan the babysitter?,neither,0.025091117293953934,0.4527112561032949,0.5221976266027513
Welcome Dan!,neither,0.03945320844208391,0.33037608806864915,0.630170703489267
!twc,neither,0.03945320844208391,0.33037608806864915,0.630170703489267
"Here are some handy The Wednesday Club resources! TWC Reddit: reddit.com/r/WednesdayClub/ | Discord: https://discord.gg/6QK9fVB | Wednesday Club Fanclub on Facebook: facebook.com/groups/1945232949091586/ | Send in your thoughts, comic recommendations, questions, and more to Matt, Amy, and Taliesin at thewednesdayclub@geekandsundry.com",neither,0.05001524745118048,0.31503641584425707,0.6349483367045624
!waffles,neither,0.03945320844208391,0.33037608806864915,0.630170703489267
"Yes, please!",neither,0.03945320844208391,0.33037608806864915,0.630170703489267
What about Waffles?,neither,0.04753712308015706,0.3758554328400185,0.5766074440798244
lol,neither,0.020706217963973744,0.4882283491876925,0.4910654328483337
We’re doing amalgam tonight?,neither,0.05683725487872131,0.2773639144781301,0.6657988306431486
Ohhh Wensfolks,neither,0.03945320844208391,0.33037608806864915,0.630170703489267
Dan the MAN Casey!,neither,0.038711129439829704,0.3676640177124341,0.593624852847736
Lost I was never found,neither,0.03514876612162594,0.37513487396279827,0.5897163599155758
I really kind of love amalgam stuff,neither,0.036746686377150305,0.3429559502739843,0.6202973633488654
!whodat,neither,0.03945320844208391,0.33037608806864915,0.630170703489267
"Amy Dallen ( twitter.com/enthusiamy ), Taliesin Jaffe ( twitter.com/executivegoth ), and Matt Key ( twitter.com/TheMattKey ), with special guest Dan Casey ( twitter.com/DanCasey ).",neither,0.04221616156423786,0.4448272245853236,0.5129566138504386
"love this, but shame on you taliesin, for betraying your house with those gryfindor colors",neither,0.06777296781604016,0.3338165211815647,0.5984105110023953
Wensfolks thats a new one,neither,0.043273031901043764,0.2510281126355318,0.7056988554634244
"I just did the thing Amy did, but with noodles. ow xD",neither,0.029168066673726865,0.358417880670868,0.6124140526554053
Hello fellw nerds!,neither,0.03945320844208391,0.33037608806864915,0.630170703489267
Wensfolks!,neither,0.03945320844208391,0.33037608806864915,0.630170703489267
hahahaha wensfolks,neither,0.03945320844208391,0.33037608806864915,0.630170703489267
hello dan casey!,neither,0.03945320844208391,0.33037608806864915,0.630170703489267
It's Dupont Dupont!,neither,0.034373745257138544,0.33212314837979673,0.6335031063630647
I am lovely,neither,0.039223384228204525,0.33045513515453007,0.6303214806172655
I still prefer wednesdaisies,neither,0.03841352571753351,0.34802221725996396,0.6135642570225025
i love you tal but seriously,neither,0.047146428252408994,0.3936489291128694,0.5592046426347215
Wendsfolks? That's awesome,neither,0.03419525192306799,0.38790559219732307,0.5778991558796089
Nice to see him here! I see him on Nerdist all the time,neither,0.07102541882770891,0.36045684748282997,0.5685177336894611
@ToonEzon surely he's being ironic :P,neither,0.039551490206296135,0.3510407738345315,0.6094077359591724
I so love the Amalgam stuff!,neither,0.0348507746953143,0.37944469228532024,0.5857045330193655
WOTAN'S CHILDREN,neither,0.03945320844208391,0.33037608806864915,0.630170703489267
"Amalgam, the least essential of comics. gandsHype",neither,0.03861604433379728,0.31508816950723,0.6462957861589728
First time watching live in so long! Who needs to be up for work?,neither,0.035251978887247175,0.42479569206244727,0.5399523290503057
@CaillechPlays hrpgWaffle hrpgWaffle hrpgWaffle,neither,0.03945320844208391,0.33037608806864915,0.630170703489267
Kindling.,neither,0.03945320844208391,0.33037608806864915,0.630170703489267
:D,neither,0.03945320844208391,0.33037608806864915,0.630170703489267
@cinphoria as a ravenclaw who would also feel comfortable in slytherin i kinda hope so,neither,0.06167518229616394,0.3444789216488134,0.5938458960550228
I'm in chat!,neither,0.03945320844208391,0.33037608806864915,0.630170703489267
,neither,0.03945320844208391,0.33037608806864915,0.630170703489267
"Taliesin, being weird? Heaven forbid.",neither,0.035719043322458385,0.3517040212490163,0.6125769354285254
Who needs clothes when you have comics?,neither,0.0393956007929521,0.34684773697022775,0.6137566622368202
He was a cartoon character!,neither,0.04419349391328356,0.33052800376203473,0.6252785023246817
@tortugadelmar yeah same but wendsfolks was just an unexpected curveball,neither,0.019216240962595724,0.4730962436838686,0.5076875153535357
"Tal is such a Slytherin, in the Gryffendor colors",neither,0.045318929135700285,0.31211859574479817,0.6425624751195016
FEMMY! @Fembot_ArtsyPantS gandsTWC gandsTWC gandsTWC gandsTWC gandsTWC,neither,0.03945320844208391,0.33037608806864915,0.630170703489267
Matt-Libs,neither,0.03945320844208391,0.33037608806864915,0.630170703489267
mood @seratonia,neither,0.03945320844208391,0.33037608806864915,0.630170703489267
MASSIVE~,neither,0.03945320844208391,0.33037608806864915,0.630170703489267
"Like a cartoon character, always wearing the same outfit",neither,0.0449757953268258,0.3714337965465852,0.583590408126589
HE DID IT,neither,0.04581928436087133,0.32818650263993115,0.6259942129991976
YOU DID IT,neither,0.07166810242296817,0.42882795882198005,0.4995039387550518
https://clips.twitch.tv/FurryTenuousRamenMoreCowbell,neither,0.03945320844208391,0.33037608806864915,0.630170703489267
SAM LEVEL SKILLS,neither,0.03945320844208391,0.33037608806864915,0.630170703489267
Daring?,neither,0.03945320844208391,0.33037608806864915,0.630170703489267
Yaaaaay Comixology,neither,0.03945320844208391,0.33037608806864915,0.630170703489267
Yay!,neither,0.03945320844208391,0.33037608806864915,0.630170703489267
YOU GOT IT MATT!,neither,0.055866569469985465,0.44960035586494657,0.494533074665068
ComiXology <3,neither,0.03945320844208391,0.33037608806864915,0.630170703489267
HE DID IT! \o/,neither,0.04581928436087133,0.32818650263993115,0.6259942129991976
wait.... final week?!,neither,0.03945320844208391,0.33037608806864915,0.630170703489267
I'm finally making a dent in my Wednesday Club reading list (thank you public library) reading Saga of the Swamp Thing and OMG The Anatomy Lesson! O_o,neither,0.0391587750817282,0.34637452027089355,0.6144667046473782
"bless you, Matt Key.",neither,0.053272176495519304,0.3696834377499912,0.5770443857544895
final week?,neither,0.03945320844208391,0.33037608806864915,0.630170703489267
FINAL WEEK?,neither,0.03945320844208391,0.33037608806864915,0.630170703489267
!mattwink,neither,0.03945320844208391,0.33037608806864915,0.630170703489267
Hey Daisies! gandsTWC gandsTWC gandsTWC,neither,0.03945320844208391,0.33037608806864915,0.630170703489267
You're not comic book fan until your bedroom looks like an Egyptian Tomb,neither,0.09391244822791599,0.34137820965434007,0.564709342117744
Matt needs to trim the beard...its looking a little shaggy,neither,0.038738943370142415,0.32327483913984933,0.6379862174900083
We believe in you Matt!,neither,0.056107164997849304,0.38055341644607776,0.5633394185560728
Final week of Comixolog sponsorship,neither,0.03945320844208391,0.33037608806864915,0.630170703489267
"ok, diggin the new cut matt, the tweet made it look like you shaved your entire head",neither,0.07212276184859133,0.30582839574577536,0.6220488424056333
"not for the show, yall. For the Sponsorship",neither,0.03741344026631863,0.21817509932314774,0.7444114604105336
Final week OF THE SPONSORSHIP,neither,0.03850800961563512,0.3130624713280862,0.6484295190562787
*+y,neither,0.03945320844208391,0.33037608806864915,0.630170703489267
oooo i do want to read ask for mercy,neither,0.04079666817853291,0.3007991144313624,0.6584042173901046
"Yeah, It was only a month long sponsor",neither,0.026482193222971653,0.411698567296163,0.5618192394808654
Hi gandsTWC gandsTWC gandsTWC gandsTWC,neither,0.03945320844208391,0.33037608806864915,0.630170703489267
ASK FOR MERCY IS SO GOOD,neither,0.03982305601741335,0.33854401315941013,0.6216329308231765
breath,neither,0.03945320844208391,0.33037608806864915,0.630170703489267
Gods bless Prime! <3,neither,0.03945320844208391,0.33037608806864915,0.630170703489267
final week of the sponsor,neither,0.038724396799772194,0.3171061111168746,0.6441694920833533
"Ohhh, very nice looking",neither,0.03945320844208391,0.33037608806864915,0.630170703489267
!breathe chat,neither,0.03945320844208391,0.33037608806864915,0.630170703489267
"Breathe chat, don't forget to breathe!",neither,0.043240660000419984,0.32813254730532265,0.6286267926942574
Final week being sponsored? right? RIGHT?,neither,0.03509064779895754,0.3724084953455644,0.5925008568554779
"Breath, yall. Its ok",neither,0.032569878581040566,0.3562280544360105,0.6112020669829488
@AppleSeedEnigma yes,neither,0.03945320844208391,0.33037608806864915,0.630170703489267
Please sir may i have some mercy,neither,0.034086778051184805,0.32929625961297554,0.6366169623358396
@iceilluser Do it it's so good so far,neither,0.037579803636877296,0.4127637664792893,0.5496564298838333
Harding is a huge dr strange fan,neither,0.045435472220003506,0.3283185132351126,0.6262460145448839
Be the Doctor Strange Matt Key Wants To See In The World,neither,0.04239617733383572,0.3118785442277252,0.6457252784384392
,neither,0.03945320844208391,0.33037608806864915,0.630170703489267
oh dang,neither,0.051363287716059566,0.22255663153133606,0.7260800807526044
oooh pretty,neither,0.03945320844208391,0.33037608806864915,0.630170703489267
That art is BRILLIANT,neither,0.042886004463116995,0.36498886059113567,0.5921251349457474
Panic averted.,neither,0.03945320844208391,0.33037608806864915,0.630170703489267
@seratonia is it only in comixology?,neither,0.05101739318109027,0.3263986346542459,0.6225839721646638
oooh im intrigued,neither,0.03851573713138852,0.3659471027577181,0.5955371601108934
42,neither,0.03945320844208391,0.33037608806864915,0.630170703489267
Next Wed is the 4th though - not sure if we'll have a show or not,neither,0.03356842440374489,0.40834869980062666,0.5580828757956284
I have prime but comixology still wants to charge in Canada. Odd.,neither,0.04035354041999511,0.3477029015368156,0.6119435580431892
I won't panic. I have my towel @cinphoria,neither,0.0302461482842282,0.4042417032679254,0.5655121484478464
It was the first comixology original I read,neither,0.031434592124617036,0.3202750132963933,0.6482903945789895
I'm living vicariously through Erika in England,neither,0.03945320844208391,0.33037608806864915,0.630170703489267
Also is that the mug Matt made with Britney?,neither,0.03399639064964862,0.36682263777047136,0.59918097157988
this restructuring is KILLING ME,neither,0.03907206940471141,0.37725236123120487,0.5836755693640837
@CaillechPlays -> Only those that we deem worthy shall possess the power of the Hyperlink [warning],neither,0.048140585852785724,0.2990817588418225,0.6527776553053918
That is gorgeous,neither,0.044361748312246936,0.3782867918943173,0.5773514597934356
Ooh yeah,neither,0.02199502004116046,0.45312598903625545,0.524878990922584
Whoa this is breathtaking. I am asphyxiated.,neither,0.0481168884143285,0.32907711159905995,0.6228059999866116
Ohh... :(,neither,0.03945320844208391,0.33037608806864915,0.630170703489267
@sunlitlake it looks like it,neither,0.049379197534805776,0.3527829804036046,0.5978378220615896
!permit @CaillechPlays,neither,0.03945320844208391,0.33037608806864915,0.630170703489267
@cinphoria -> @CaillechPlays has been granted permission to post a link for 60 seconds.,neither,0.03948094283137336,0.31126035666296836,0.6492587005056583
The shading! So beautiful...,neither,0.03798824097309856,0.36995572634987073,0.5920560326770308
Thanks Cin!,neither,0.035884468650613,0.3004919205142699,0.6636236108351171
:3,neither,0.03945320844208391,0.33037608806864915,0.630170703489267
i have prime too and they def asked for me to sign up to a monthly sub,neither,0.03662630578943795,0.3419459921221451,0.6214277020884169
Ducking out to play Diablo <3,neither,0.04130892272091644,0.3429346513057863,0.6157564259732972
"This is the artist's instagram, her art is amazing",neither,0.041026281550272645,0.47125004947568566,0.4877236689740417
I feel bad that Hope & Spike are the only names I know in there,neither,0.07553494087426386,0.21794413184432204,0.7065209272814141
https://www.instagram.com/abzjharding/,neither,0.03824940233055219,0.35080781946494516,0.6109427782045027
I failed... What Happened,neither,0.044959989535322924,0.32642903295070147,0.6286109775139757
@brassmama seasonal?,neither,0.03945320844208391,0.33037608806864915,0.630170703489267
(But they are awesome and everyone should check out their stuff!),neither,0.052062687410151444,0.38262965149889333,0.5653076610909553
@ladyamphy either that or the giant mug just looks normal sized in his hands,neither,0.04607366289741492,0.35567990339869443,0.5982464337038907
Hehhehe,neither,0.03945320844208391,0.33037608806864915,0.630170703489267
!twc,neither,0.03945320844208391,0.33037608806864915,0.630170703489267
"Here are some handy The Wednesday Club resources! TWC Reddit: reddit.com/r/WednesdayClub/ | Discord: https://discord.gg/6QK9fVB | Wednesday Club Fanclub on Facebook: facebook.com/groups/1945232949091586/ | Send in your thoughts, comic recommendations, questions, and more to Matt, Amy, and Taliesin at thewednesdayclub@geekandsundry.com",neither,0.05001524745118048,0.31503641584425707,0.6349483367045624
"Matt's parentals from Fort Worth, TX waving HI to all in chat-land.",neither,0.04457532206538444,0.35565059919367864,0.5997740787409368
Oh! Who is this handsome Matt Key with glasses?,neither,0.040112545530512564,0.3626629657451479,0.5972244887243396
@R3V3N4NT We haven'[t decided yet. Any idea when the season started?,neither,0.033001769139093994,0.34901282954757223,0.6179854013133338
What's the ship name guys? Caseycomix?,neither,0.0433469482031083,0.3144024892107991,0.6422505625860927
"D'aw, Amy <3",neither,0.03945320844208391,0.33037608806864915,0.630170703489267
hey @brittanywalloch <3,neither,0.03945320844208391,0.33037608806864915,0.630170703489267
Caseyology?,neither,0.03945320844208391,0.33037608806864915,0.630170703489267
Hi Parents!,neither,0.03945320844208391,0.33037608806864915,0.630170703489267
Emotional roller coaster over here,neither,0.08799210117647262,0.29029667051760005,0.6217112283059273
Hello @brittanywalloch and @miriamkey,neither,0.03840264189818727,0.2749437060729204,0.6866536520288923
hi keys!,neither,0.03945320844208391,0.33037608806864915,0.630170703489267
Amy Dallen Never Change,neither,0.03562776064533167,0.36930732560919666,0.5950649137454715
<3 <3 <3,neither,0.03945320844208391,0.33037608806864915,0.630170703489267
@brittanywalloch Hi Brittany,neither,0.03945320844208391,0.33037608806864915,0.630170703489267
"It's okay comixology, you'll find love again lol",neither,0.0436705482385193,0.3811266233398189,0.5752028284216618
June 5th it started.,neither,0.03831946821651159,0.33076603332056465,0.6309144984629239
Hi Brittany!,neither,0.03945320844208391,0.33037608806864915,0.630170703489267
hey! @brittanywalloch,neither,0.03945320844208391,0.33037608806864915,0.630170703489267
Matt's from Ft. Worth? Hello parents!,neither,0.040136836717901116,0.31877313210040137,0.6410900311816976
Hi Key family!,neither,0.03945320844208391,0.33037608806864915,0.630170703489267
I'm glad I'm not the only one who was jealous of Comixology's impending nuptuals.,neither,0.037243428867215024,0.3997993793239194,0.5629571918088655
hello @miriamkey and Papa Key!,neither,0.038796990198159416,0.29776662385780367,0.663436385944037
@miriamkey Howdy Key Creators!,neither,0.03945320844208391,0.33037608806864915,0.630170703489267
Hello Britney! =D,neither,0.03945320844208391,0.33037608806864915,0.630170703489267
@brittanywalloch hey there brittany! gandsTWC,neither,0.039379090889212855,0.2883032559272967,0.6723176531834905
!points @Fatty_Melt,neither,0.03945320844208391,0.33037608806864915,0.630170703489267
"That was an excellent pun, @Fatty_Melt! Here, have some points for that one! You have been awarded 68 points!",neither,0.050805666259642904,0.3851811885541635,0.5640131451861937
@miriamkey hi back!!,neither,0.03945320844208391,0.33037608806864915,0.630170703489267
Hi Keys,neither,0.03945320844208391,0.33037608806864915,0.630170703489267
"dark claw, amirite",neither,0.03945320844208391,0.33037608806864915,0.630170703489267
Hello Parent Keys ^__&,neither,0.03945320844208391,0.33037608806864915,0.630170703489267
Daily Wednesday?,neither,0.03945320844208391,0.33037608806864915,0.630170703489267
Things to do in Whitestone,neither,0.05163742903064508,0.3239203336850235,0.6244422372843315
"Does it look darker on set, or is my tv confused?",neither,0.0271553250865243,0.4623485823907071,0.5104960925227686
gary coleman meets the harlem globetrotters on scooby doo,neither,0.03731768321042313,0.3286706345674991,0.6340116822220778
"Damn, I thought it was thursday >_<",offensive_language,0.04761881255826735,0.7268825232803203,0.22549866416141234
"@jakenookah haha, nope, but welcome to Wednesday?",neither,0.038421415494650314,0.3881040518553882,0.5734745326499616
I remember the Marvel vs DC Comics series and love that it led to the Amalgam Universe,neither,0.037495931062675666,0.3211346767211174,0.6413693922162069
"Dark Claw was ok, but the villians from Dark Claw were the best",neither,0.037446223292551255,0.3026868990431267,0.659866877664322
i hope the topic won't be combine 2 characters,neither,0.06138205945944534,0.2478631051752421,0.6907548353653126
"@jakenookah well, why not enjoy this show that we all love so much",neither,0.03301605069536572,0.42316270785451854,0.5438212414501157
It is if you're in Australia,neither,0.056683611813076996,0.3985384328596881,0.5447779553272349
But will stay for Taliesen <3,neither,0.02996750605550149,0.2753667455739544,0.694665748370544
It is if you're in Europe!,neither,0.05752350852094281,0.40152710716748397,0.5409493843115731
just as a test:,neither,0.03178768660494013,0.39720817413060866,0.5710041392644511
!nonbinary,neither,0.03945320844208391,0.33037608806864915,0.630170703489267
"Just your weekly reminder that Sam/Junil Rue is non-binary and uses they/them/their pronouns. Non-binary people, such as Sam, do not identify as male or female. For more information about people who identify as non-binary, check out this helpful link: https://goo.gl/yiBWJP",neither,0.05767622204307906,0.37610167259611094,0.56622210536081
Hyena was my favorite amalgam,neither,0.024614665876460416,0.45221176705542765,0.523173567068112
I hope you enjoy yourself here @jakenookah <3 It is a brilliant show imo <3,neither,0.15494788485873556,0.20448129245561997,0.6405708226856445
I'm looking for nutty behind the scenes shit on this one. Nutty shit.,offensive_language,0.038267078623417966,0.9615875947382762,0.00014532663830591952
Lolvarients,neither,0.03945320844208391,0.33037608806864915,0.630170703489267
"""Key creators"".....that's a new term - but guess we'll need to go with it!!",neither,0.03379525338819737,0.3337174735817039,0.6324872730300988
thats a whole nother episode,neither,0.03945320844208391,0.33037608806864915,0.630170703489267
In 30 years we'll get Amalgam Movies after Marvel Buys the last Free Movie Studios,neither,0.039791561497099795,0.30780507101429977,0.6524033674886004
"so he is as ComiWonkologist (yes, repeatitively redundant)",neither,0.049491643045742474,0.39247009370613334,0.5580382632481242
"@jakenookah Welcome to The Wednesday Club! Stay for Taliesin, find yourself loving Amy and Matt Key as well",neither,0.039810025388854656,0.26515065091465656,0.6950393236964887
Hi sweet Brittany.....,neither,0.03945320844208391,0.33037608806864915,0.630170703489267
I am in Europe xD so it is wednesday but the wrong side of noon,neither,0.03726528524859981,0.3710683378808025,0.5916663768705976
oh MAN. CHIEF,neither,0.04580795712514522,0.3448423567068118,0.6093496861680431
OH WOW,neither,0.04699983224225219,0.25967008852857676,0.6933300792291711
<3,neither,0.03945320844208391,0.33037608806864915,0.630170703489267
Nice Chief!!,neither,0.03945320844208391,0.33037608806864915,0.630170703489267
Nice Chief,neither,0.03945320844208391,0.33037608806864915,0.630170703489267
BAHAHAAH,neither,0.03945320844208391,0.33037608806864915,0.630170703489267
one random card from the RAGE CCG,neither,0.03890391081908876,0.32809031467878547,0.6330057745021259
:-O,neither,0.03945320844208391,0.33037608806864915,0.630170703489267
"Oh god, the colors!",neither,0.04368925717295234,0.2640170472152025,0.6922936956118452
Oh god I thought my eyes just gave up,neither,0.03240797233968174,0.3112360296125478,0.6563559980477703
oooo that's cool,neither,0.0331105145141573,0.4000689531361105,0.5668205323497322
lol,neither,0.020706217963973744,0.4882283491876925,0.4910654328483337
pride filters,neither,0.03945320844208391,0.33037608806864915,0.630170703489267
My eyes do not like,neither,0.03854330102089227,0.4291416877230697,0.532315011256038
VARIANT WEDNESDAY CLUB!,neither,0.03945320844208391,0.33037608806864915,0.630170703489267
Chief what have you done,neither,0.062530266538151,0.39691820944206324,0.5405515240197858
"Great going, Chief!",neither,0.03603513916940656,0.332561861862736,0.6314029989678575
AWHOAAAAAAAAAA,neither,0.03945320844208391,0.33037608806864915,0.630170703489267
Go chief,neither,0.040986033902687326,0.3356992020481982,0.6233147640491145
What do the peeps talk about on Wednesday club,neither,0.027895308389694524,0.3482436508572534,0.623861040753052
:D,neither,0.03945320844208391,0.33037608806864915,0.630170703489267
luv u chief,neither,0.03945320844208391,0.33037608806864915,0.630170703489267
Hah!,neither,0.03945320844208391,0.33037608806864915,0.630170703489267
We goin full Gene Wilder here,neither,0.10304446319376234,0.29298154207012206,0.6039739947361156
WOW,neither,0.03945320844208391,0.33037608806864915,0.630170703489267
"Oh No, it's Thanos!",neither,0.04405595514790319,0.2732053002248381,0.6827387446272587
"Dude, i'm having a flashback! :D",neither,0.03945320844208391,0.33037608806864915,0.630170703489267
That was quite a thing,neither,0.03540342556453147,0.375206427048208,0.5893901473872606
There are 2 copies of everyone for that episode. One to read and another to bag and board,neither,0.08045356727596817,0.25564177029387397,0.6639046624301579
is there no critical role tonight?,neither,0.04289523416389503,0.2913612403918325,0.6657435254442725
That was awesome Chief,neither,0.035709365801431664,0.37176476961424915,0.5925258645843193
Woot Chief,neither,0.03945320844208391,0.33037608806864915,0.630170703489267
!clock,neither,0.03945320844208391,0.33037608806864915,0.630170703489267
It is currently Wednesday 7:12 PM at the Geek & Sundry studio in California.,neither,0.05145596390489073,0.3296103962000096,0.6189336398950996
"I have the Spider Man comic with the holo sticker on it, unopened!",neither,0.027579759492162355,0.39247825703143585,0.5799419834764018
"@bluepurple1213 It is Wednesday in the studio, hence the Wednesday Club :)",neither,0.04186921318523318,0.31206913467584113,0.6460616521389256
that Kracle!,neither,0.026110925149043836,0.4791292047641166,0.4947598700868395
we talk comics! @jakenookah,neither,0.023010554039960683,0.33863836148955245,0.6383510844704868
@bluepurple1213 tomorrow,neither,0.03945320844208391,0.33037608806864915,0.630170703489267
Did I just get rose colored glasses?,neither,0.03807623702511789,0.13396017752995867,0.8279635854449234
@bluepurple1213 thursday,neither,0.03945320844208391,0.33037608806864915,0.630170703489267
IS THERE NO CRITICAL ROLE TONIGHT?,neither,0.04289523416389503,0.2913612403918325,0.6657435254442725
@bluepurple1213 *patpat* there there.,neither,0.03938975662112344,0.2339556726221167,0.7266545707567599
AWKWARD THOUGHT IT WAS THURSDAY LOLOLOLOL,neither,0.04061669999215103,0.2614168989922416,0.6979664010156075
@bluepurple1213 no.,neither,0.036918905254960256,0.37338982715841207,0.5896912675866277
a 3-year old was put in charge of the mashup names.,neither,0.03869385814313215,0.3196844565454958,0.641621685311372
