text,top_class,hate_speech,offensive_language,neither
here we go...,neither,0.13156755280784707,0.2765461283225309,0.5918863188696221
Hi all!,neither,0.0423466876598404,0.4436528871510691,0.5140004251890904
!rbschedule,neither,0.03945320844208391,0.33037608806864915,0.630170703489267
hi @chiplickin,neither,0.03945320844208391,0.33037608806864915,0.630170703489267
hey everyone!,neither,0.031959242684595296,0.4575682446653829,0.5104725126500218
hi @Kloudus91 what's up,neither,0.04293890686682951,0.39425450005285023,0.5628065930803202
"not much , how is everyone?",neither,0.035193435813376694,0.44218267365550595,0.5226238905311174
"Pretty good, you?",neither,0.06712012358607113,0.40990465930247755,0.5229752171114513
We're about to start!,neither,0.07228755839135693,0.32476135756481767,0.6029510840438255
im awesome!,neither,0.03833429368541044,0.3728110426471635,0.588854663667426
briaPoke briaBooty,neither,0.03945320844208391,0.33037608806864915,0.630170703489267
I just saw today where NASA is simulating a manned mission to an NEA. They are planing to do a 4 month mission to this astroid and then hop back to earth. how rad would that be?,neither,0.05974662211770763,0.2938548309326937,0.6463985469495985
I have not seen this show before!,neither,0.048123077494422795,0.3345245815896229,0.6173523409159544
!whodat,neither,0.03945320844208391,0.33037608806864915,0.630170703489267
Kyle Hill ( twitter.com/Sci_Phile ),neither,0.038926398775368944,0.4147662855164059,0.5463073157082252
No Ant-Man and the Wasp spoilers today,neither,0.03652498702507208,0.3263296409276208,0.6371453720473071
ew...,neither,0.03945320844208391,0.33037608806864915,0.630170703489267
YUM,neither,0.03945320844208391,0.33037608806864915,0.630170703489267
I wonder if you can see large bacteria in a beam of sunlight against a dark background.,neither,0.03697847661200513,0.3713578344689914,0.5916636889190034
Hi,neither,0.03945320844208391,0.33037608806864915,0.630170703489267
whoow thats tiny,neither,0.03945320844208391,0.33037608806864915,0.630170703489267
Have you guys Hurd of the name brad Williams on YouTube he funny,neither,0.047673489823269986,0.36695180631691465,0.5853747038598154
w00t,neither,0.03945320844208391,0.33037608806864915,0.630170703489267
the void,neither,0.03613032604487659,0.2619290779399786,0.7019405960151449
Does Kyle take questions from here? Or just the tube?,neither,0.04754413886783233,0.382875727451963,0.5695801336802048
He takes questions from here too!,neither,0.08820617776019112,0.28399643847504813,0.6277973837647607
take in more light,neither,0.04165503093168218,0.3189265736883776,0.6394183953799403
Drop your question in chat and I'll pass it to the producer,neither,0.07330994712295809,0.2799070786865418,0.6467829741905002
Better dark vision maybe.,neither,0.03945320844208391,0.33037608806864915,0.630170703489267
Have you guys Hurd of the name brad Williams on YouTube he funny,neither,0.047673489823269986,0.36695180631691465,0.5853747038598154
that makes sense,neither,0.034971060831370915,0.3789492395430761,0.586079699625553
better night vision because more light comes into the eye,neither,0.03996731332398399,0.3125481684318862,0.6474845182441298
ohhhh myyy,neither,0.03945320844208391,0.33037608806864915,0.630170703489267
Have you guys play skyrim gems,neither,0.053434991877957076,0.38227414010453,0.5642908680175128
Question If antman shrinks what would happen to the non-organic mater in his body which wouldn't shrink mass wise such as water and Iron.,neither,0.04280753792995931,0.3373122195666917,0.619880242503349
wouldn't some things burst his blood vessals and that?,neither,0.04663199561042797,0.3449517970077071,0.608416207381865
That’s cool they are 12th on trending,neither,0.051331590162483794,0.3377109383262382,0.610957471511278
Trending HYPE,neither,0.03945320844208391,0.33037608806864915,0.630170703489267
"Question: As per the Ant-man episode, how big is ""too big"", or at least what would happen is Scott grew to the size of a planet?",neither,0.033825352699266245,0.402092547800333,0.5640820995004008
"If you have a nerdy science question for Kyle, drop it in chat!",neither,0.03607634285750163,0.3684250762045538,0.5954985809379446
Question if you power wut wood it be,neither,0.03473698814039953,0.40521956258149594,0.5600434492781046
"oops, If*",neither,0.02053392227504572,0.3943861401349376,0.5850799375900165
D:,neither,0.03945320844208391,0.33037608806864915,0.630170703489267
Yes. air becomes too jiggly at tiny scales.,neither,0.03880522251701334,0.347965748806974,0.6132290286760126
2,neither,0.03945320844208391,0.33037608806864915,0.630170703489267
I remember that from Charlotte's Web (the far superior animated one),neither,0.037024067786809445,0.35092039026972743,0.6120555419434632
Great thats all we need is flying spooders,neither,0.045382607032244233,0.36161366670153655,0.5930037262662192
ok that is amazing omg,neither,0.04301227201289047,0.36742567947738747,0.589562048509722
anti-grav spiders ... creepy,neither,0.03945320844208391,0.33037608806864915,0.630170703489267
flying nopes... nope nope nope,neither,0.03945320844208391,0.33037608806864915,0.630170703489267
Spiders are cool. And creepy.,neither,0.05859296410203806,0.2633650630855392,0.6780419728124227
LuL,neither,0.03945320844208391,0.33037608806864915,0.630170703489267
Magic is real PogChamp,neither,0.039683832652882896,0.46951857048566753,0.49079759686144964
Kyle is on this season of Spellslingers!,neither,0.04399842741868141,0.33785210056485104,0.6181494720164675
Comparisone of like FMA magic vs Harry Potter magic vs Gandalf Magic... stuff like that,neither,0.04554335296842725,0.3572279638550027,0.5972286831765699
It's a real good episode,neither,0.030302433904599295,0.4609937776745293,0.5087037884208713
FMA Alchemy is the coolest,neither,0.04857426747449921,0.3074463626051908,0.64397936992031
I love v sauce,neither,0.035733287235145336,0.34783628867904354,0.6164304240858111
