text,top_class,hate_speech,offensive_language,neither
in Mass...,neither,0.03945320844208391,0.33037608806864915,0.630170703489267
@darthangelus2141 I'll have to see what i can get for scents to give that a shot,neither,0.045397675250807616,0.33975191162675455,0.6148504131224378
cheer200 <3 mazearcSquee <3,neither,0.03945320844208391,0.33037608806864915,0.630170703489267
Yammers,neither,0.03945320844208391,0.33037608806864915,0.630170703489267
@shadowstorm_0 sup small bean,neither,0.03945320844208391,0.33037608806864915,0.630170703489267
"@perfectcosima You mean, she's doing it right meow?",neither,0.05248819001252708,0.4667848367929997,0.4807269731944733
!sotauxdiscord,neither,0.03945320844208391,0.33037608806864915,0.630170703489267
gandsTribble USS Sally Ride Aux Crew Discord: https://discord.gg/zxt2TeH,neither,0.03945320844208391,0.33037608806864915,0.630170703489267
I'm here and I'm ready!,neither,0.11315116625374137,0.22720763608018354,0.6596411976660751
Eric's already verklempt,neither,0.038266105083909596,0.3505243301497573,0.6112095647663331
Is everyone ready to kick some Orion butt!,neither,0.0418721071949141,0.4528849176129627,0.5052429751921231
"Download the new Critical Role theme song for Campaign Two! http://itunes.apple.com/album/id1331550250?ls=1&app=itunes Sales of the song support the musician, Jason Charles Miller.",neither,0.04445767596344001,0.2510827790306858,0.7044595450058742
@super390 lmaooo,neither,0.03391848853660531,0.42431472933255177,0.541766782130843
anyone elses audio poping?,neither,0.03945320844208391,0.33037608806864915,0.630170703489267
Oh no Erics gunna cry and I’m gonna cry,neither,0.04100432398589868,0.31060923326642564,0.6483864427476757
@perfectcosima instead of or in addition to stopping you from using the laptop itself by walking across the keyboard...,neither,0.04732315595152404,0.3739375739341467,0.5787392701143292
been bingeing shields all week to try and catch up. didnt finish last weeks episode. ive watched so much ive burned the LCARS and shield logo into my lcd screen,neither,0.034558546217699423,0.38361790276249585,0.5818235510198047
Epilogue!,neither,0.03945320844208391,0.33037608806864915,0.630170703489267
gandsFacepalm gandsHappy gandsPencil gandsTricorder gandsDick gandsTribble,neither,0.03945320844208391,0.33037608806864915,0.630170703489267
"Much sadness, I suspect I'll be crying a lot tonight and next Friday",neither,0.035280472830935536,0.3057908042298859,0.6589287229391786
I just ate and I'm feeling nauseous.... Oh jeez,neither,0.038895215803847964,0.2646038587208428,0.6965009254753091
No crying allowed until next week guys!,neither,0.03823284976355742,0.351088759725604,0.6106783905108386
i will cry today,neither,0.039333144191098644,0.27566524888876637,0.685001606920135
None!,neither,0.03945320844208391,0.33037608806864915,0.630170703489267
@Echo__12 oh in addition of course,neither,0.043887014903609266,0.28788889872137086,0.6682240863750197
"This may be the end, but there will be a New Beginning!",neither,0.040967854982117816,0.21321741384590984,0.7458147311719724
There's no crying in Starfleet!,neither,0.038431009684344146,0.29623196048602146,0.6653370298296344
I'll be in the transporter with a type 3 phaser,neither,0.026932088554162608,0.358313630704617,0.6147542807412204
"Yeah, I'm getting audio popping as well.",neither,0.025031460967830776,0.4664761069949452,0.508492432037224
"Also, We are not robbing a bank",neither,0.05721819804772328,0.30115792447702466,0.6416238774752521
;__;,neither,0.03945320844208391,0.33037608806864915,0.630170703489267
*weeps*,neither,0.03945320844208391,0.33037608806864915,0.630170703489267
gandsPencil gandsPencil gandsPencil gandsPencil,neither,0.03945320844208391,0.33037608806864915,0.630170703489267
😭😭😭😭,neither,0.03945320844208391,0.33037608806864915,0.630170703489267
,neither,0.03945320844208391,0.33037608806864915,0.630170703489267
"Help G&S make great content! $4.99/month gets you emotes, Minecraft server access, sub-only VODs, and more! Every sub keeps the channel alive! twitch.tv/geekandsundry/subscribe",neither,0.043907990691603095,0.31135964332838284,0.644732365980014
Hi!!,neither,0.03945320844208391,0.33037608806864915,0.630170703489267
and my project alpha acount is exspired now :(,neither,0.03486999129957304,0.36440189963741365,0.6007281090630132
gandsHug gandsHug gandsHug,neither,0.03945320844208391,0.33037608806864915,0.630170703489267
yup we're not crying like we're not robbing a bank,neither,0.06564817572224081,0.3148064433510862,0.6195453809266729
"I'm not crying, I'm being controlled by the master",neither,0.03520010995356292,0.3733152666788694,0.5914846233675677
Hi @aleph_sharp,neither,0.03945320844208391,0.33037608806864915,0.630170703489267
think of every pop as a tiny pencil snapping.,neither,0.039389240410856306,0.33146179250184,0.6291489670873036
<s> OH no.... that show I can't watch is also ending. </s>,neither,0.06475521218003366,0.27049967175814144,0.664745116061825
"It's over 115 degrees F in Burbank, hotter on the pavement. :-P",neither,0.03307957148632675,0.3298319044938538,0.6370885240198195
Yeah there is a bit of audio popping.,neither,0.032121194035423024,0.37723366291581667,0.5906451430487601
I love this show so much,neither,0.04798001537335284,0.3122537792619416,0.6397662053647055
aww Bonnie <3,neither,0.03945320844208391,0.33037608806864915,0.630170703489267
@shidareAKI thanks,neither,0.035884468650613,0.3004919205142699,0.6636236108351171
"Hugs for the hug inclined! I've already cried today, and I'm about to cry again",neither,0.0250276572374318,0.30996521598500143,0.6650071267775669
gandsPencil,neither,0.03945320844208391,0.33037608806864915,0.630170703489267
<3,neither,0.03945320844208391,0.33037608806864915,0.630170703489267
3 minutes in a we are all crying already. :(,neither,0.06261948686515023,0.3695006912433216,0.5678798218915282
of course its canon bonnie.... of course,neither,0.03509014876624064,0.3318767443619019,0.6330331068718574
@Betsyj77 But did Mr. The Master give you a nice dress?,neither,0.04694955581670697,0.3564362508930985,0.5966141932901945
#StreamOfSecrets,neither,0.03945320844208391,0.33037608806864915,0.630170703489267
gandsHug s for the gandsHug -inclined,neither,0.03254860053960828,0.28467712773523957,0.6827742717251521
Tears... Tears will last through the next couple days,neither,0.03931587177381363,0.3156381378440275,0.6450459903821589
It'll be.....CATS IN SPACE!,neither,0.041343348034554604,0.20282985190886713,0.7558268000565783
A StarWars sstory ?!? LOL :P,neither,0.020706217963973744,0.4882283491876925,0.4910654328483337
@harberst no! he is making me cry and he didn't even give me a new dress,neither,0.03266094495880694,0.33213611258593684,0.6352029424552563
Aww,neither,0.03945320844208391,0.33037608806864915,0.630170703489267
"previous comment isn't meant to imply that I'm unhappy Sam is hosting... Sam should host more, but on twitch",neither,0.04673376072696088,0.36416505048040365,0.5891011887926354
"I remember that episode, I was like ""who the hell is this GM? He'll never catch on...""",offensive_language,0.04829276801369769,0.6438480460210674,0.3078591859652348
Join us at the food trucks!,neither,0.06674769765458075,0.3306489847638959,0.6026033175815234
"Friday at 2pm at the food trucks, y'all! ^_^",neither,0.03872648575266397,0.4056919413331769,0.5555815729141592
So sad i can’t get to gencon,neither,0.04764187275126254,0.38667445871005757,0.5656836685386798
Bring sot to NYCC !,neither,0.04631870435161911,0.32636727006998895,0.627314025578392
"Space... The final frontier!These are the voyages of the starship Sally RideIts 6 month mission, to expolre the Shackleton ExpanseTo explore new worlds, and new spacial anomaliesTo boldy do the Science!",neither,0.05759694135250089,0.211987619534236,0.730415439113263
@shidareAKI Dot!,neither,0.03945320844208391,0.33037608806864915,0.630170703489267
Look for the giant Wednesdaisy and SoT banner!,neither,0.03512515127122889,0.2669418982452423,0.6979329504835289
@shadowstorm_0 YEEEEESSSSS! MORE NY,neither,0.04185003904148967,0.31793417918909783,0.6402157817694125
I so wish I could go to gencon,neither,0.04906522864496013,0.3838420118713395,0.5670927594837004
A BSG story?,neither,0.03945320844208391,0.33037608806864915,0.630170703489267
still popping audio,neither,0.03869152765576466,0.34330379884093687,0.6180046735032985
I see fanmail I think!,neither,0.04039781712436023,0.3143436134982039,0.645258569377436
All of the NY @aleph_sharp I want gns there so badly,neither,0.04000836815079501,0.367834201371355,0.59215743047785
"Gah, it feels like my ears are constantly popping.",neither,0.051013689408093345,0.3655710779714203,0.5834152326204863
Yeah it's painful... @OrionLightning,neither,0.02246868120984175,0.44254798321195576,0.5349833355782024
hey @frankiedoospace,neither,0.03945320844208391,0.33037608806864915,0.630170703489267
"calm down guys, the Camera is just eating pop rocks",neither,0.041504944543827416,0.3183366564484461,0.6401583990077264
I'd flip out for a Firefly story,neither,0.029696868908580924,0.3169093235703158,0.6533938075211031
That audio is pop locking and droping,neither,0.043608625759863615,0.30798181008323205,0.6484095641569044
#weknow,neither,0.03945320844208391,0.33037608806864915,0.630170703489267
#WeKnow about the thing that may or may not be happening on a technical level currently. The crew lives at least 30 seconds in the future and are likely already solving or have solved the problem! Thanks for your concern!,neither,0.04751991085222859,0.298407411164976,0.6540726779827954
panel vieHype,neither,0.03945320844208391,0.33037608806864915,0.630170703489267
"Yes, we need to hang and hug you!",neither,0.05808876855968939,0.3277863866457986,0.614124844794512
Even the audio is sad about the show ending.,neither,0.05226005236914015,0.2856589821678871,0.6620809654629728
Any word on Taliesan and the Dolphin during SDCC?,neither,0.036212705616053706,0.2992560407426205,0.6645312536413257
@shadowstorm_0 i live here so yeah,neither,0.06656614480837547,0.455481983662357,0.47795187152926766
@mify2015 Same$,neither,0.04148851938089603,0.3488915597363099,0.609619920882794
@shidareAKI franki9Love,neither,0.03945320844208391,0.33037608806864915,0.630170703489267
yeeees,neither,0.03945320844208391,0.33037608806864915,0.630170703489267
@aleph_sharp same. I’m nyc so it’d be amazing,neither,0.03941126764005769,0.38232407876851493,0.5782646535914274
#CreditsOfOurFaces,neither,0.03945320844208391,0.33037608806864915,0.630170703489267
:D,neither,0.03945320844208391,0.33037608806864915,0.630170703489267
I love the Animation Investigation show,neither,0.05709702963275321,0.21076577820133435,0.7321371921659124
i heard that as well,neither,0.03304964756421511,0.41397122789415874,0.5529791245416261
aaaaaah I finally struggle to watch live and there's not enough signal at AX to actually watch!,neither,0.05245921712129375,0.2995237525803603,0.6480170302983459
yea it's going to be the mirror mirror episode and the Evil Kirk will kill Checkov.,neither,0.14333967080909113,0.24200262166446165,0.6146577075264472
"I think this is the episode Hector is talking about, https://www.youtube.com/watch?v=UXX4PqR7qa8",neither,0.05103416831774813,0.3278055009492114,0.6211603307330404
Tarantino Trek = Chekov is gunned down in the opening credits.,neither,0.044213399725194814,0.31756310032749535,0.63822349994731
Tarantino is still making other movies so it's still possible the studio is willing to work with him,neither,0.04242283509738945,0.36734794388359,0.5902292210190206
WAHHHHHHHHHHHHHHHH IM SO EXCITED,neither,0.03835248773688177,0.42672104618676693,0.5349264660763514
Yaaay!,neither,0.03945320844208391,0.33037608806864915,0.630170703489267
i heard star trek takes place in space,neither,0.041390327690460055,0.29749811894531886,0.6611115533642212
Ooooh,neither,0.03945320844208391,0.33037608806864915,0.630170703489267
@super390 also feet stuff and pushing actors into more and more dangerous stunts,neither,0.040489249649115454,0.2809627843483768,0.6785479660025078
!!!!!!,neither,0.03945320844208391,0.33037608806864915,0.630170703489267
"no Tarantino please, he's a jerk",neither,0.043996649066772954,0.3425104757392138,0.6134928751940132
Woo!!!,neither,0.03945320844208391,0.33037608806864915,0.630170703489267
oops did I say that outloud,neither,0.035677206987612446,0.37142733071769496,0.5928954622946926
https://www.facebook.com/ImproTheatreStudio/,neither,0.027368386377871087,0.3644252101067383,0.6082064035153907
XD,neither,0.03945320844208391,0.33037608806864915,0.630170703489267
can someone post that somewhere? no facebook& cant watch live,neither,0.03180659882777438,0.38830046548039016,0.5798929356918354
no AKI you typed that outloud,neither,0.051217073821386,0.4453283316938003,0.5034545944848137
is this the last or second last episode?,neither,0.04435109176118522,0.3181580681493603,0.6374908400894543
It's ImproTheatreStudio actually? I think,neither,0.03820087228616579,0.3185474605969533,0.6432516671168809
darn,neither,0.03945320844208391,0.33037608806864915,0.630170703489267
"It's ok @shidareAKI , we're still fond of you",neither,0.08174157779843942,0.3688609256997271,0.5493974965018336
Impro Studio is in France,neither,0.04689606579412047,0.32781614812857535,0.6252877860773041
"Good evening, everyone.",neither,0.03308870833616604,0.42926799388711456,0.5376432977767195
Last if the campaign next week is an epilogue @kynaeus2,neither,0.029538926481959518,0.36347035273077405,0.6069907207872665
oh god i'm gonna cry,neither,0.04386811733058605,0.32815740776101143,0.6279744749084024
this is my first time watching live! can't believe its the last episode!!!!!,neither,0.030098377120484764,0.3838086485785675,0.5860929743009478
Anyone else getting crackly audio?,neither,0.03614240641634015,0.38656903895028033,0.5772885546333796
STO Winter is coming :P,neither,0.048947758171876306,0.327110477038275,0.6239417647898488
Oh that sounds awesome,neither,0.04055215914961702,0.32271249984138584,0.6367353410089971
that sounds amazing,neither,0.035346433208694863,0.3750897675579955,0.5895637992333097
One more time...,neither,0.039155781182777905,0.38997658458470863,0.5708676342325135
I rolled a 15!,neither,0.03945320844208391,0.33037608806864915,0.630170703489267
It'll be streamed? Hell yeah!,offensive_language,0.025237183373565744,0.8145035899824771,0.1602592266439573
Gays! In Space!,neither,0.03945320844208391,0.33037608806864915,0.630170703489267
"Yay, roll for queer!",hate_speech,0.4828531205376755,0.44360403883892674,0.0735428406233977
"Oof, dropped in just in time :D",neither,0.03371897016355294,0.37225119305166676,0.5940298367847803
GayPride,neither,0.03945320844208391,0.33037608806864915,0.630170703489267
gandsTribble gandsTWC,neither,0.03945320844208391,0.33037608806864915,0.630170703489267
Wow my break is over so I’ll catch ya guys during behind the shield !!,offensive_language,0.02644057233402632,0.5420055752853703,0.4315538523806035
Gonna miss this a lot,neither,0.031072910676604008,0.3873784107916921,0.5815486785317039
AsexualPride yoooo,neither,0.03945320844208391,0.33037608806864915,0.630170703489267
I will always get goosebumps from this opening. So good,neither,0.038986803376731737,0.3908945008586707,0.5701186957645975
PopCorn .... Not just because of the episode but because MY EARS!,neither,0.02752429960112318,0.3921224755206617,0.5803532248782152
"@FrankieDooSpace Risa event is live right now, if you're not in the mood for waiting. XD",neither,0.04694861913524265,0.353418865785702,0.5996325150790554
This was such a good show and I'm definitely gonna miss it,neither,0.041218655806249144,0.27970970995161765,0.6790716342421332
so this is the last episode,neither,0.04660894496023554,0.35678347468475724,0.596607580355007
I love how so many people come just in time for Shield but you have people come an hour early for Crit roll,neither,0.05963003926911041,0.38288648635761346,0.5574834743732762
I'm here and I'm ready to cry!,neither,0.10492287793550412,0.24471929449802526,0.6503578275664706
I love this introooo ramaO ramaO,neither,0.033354624610487035,0.36213039408674813,0.6045149813027648
@dstunna1 there is an epilogue next week,neither,0.04753808049414825,0.29144232250256114,0.6610195970032906
"to pick sexuality roll a 4 sided dice, strait gay, bi, and A",neither,0.12445047453427413,0.2011265999006363,0.6744229255650895
morning all,neither,0.061967905254982546,0.21215969689978753,0.7258723978452299
:D,neither,0.03945320844208391,0.33037608806864915,0.630170703489267
@StageEastEastport might just be a timing thing,neither,0.03593413701980225,0.3519041798888366,0.6121616830913611
"I love this intro, and I want to make a choir arrangement of it",neither,0.04037453327367441,0.3078132413223859,0.6518122254039396
@StageEastEastport That's because the SoT audience is smart enough to manage time zones ;),neither,0.044164933085811056,0.35109126082171077,0.6047438060924781
yep,neither,0.03945320844208391,0.33037608806864915,0.630170703489267
have we just gone live?,neither,0.03825043238248512,0.36585793784296405,0.5958916297745508
@StageEastEastport i.e. 7pm PT is better for most people,neither,0.06106033898529553,0.3049208584869441,0.6340188025277604
Happy anniversary! <3 gandsHype gandsHype gandsHappy gandsHappy,neither,0.03945320844208391,0.33037608806864915,0.630170703489267
@StageEastEastport well lots of ppl cannot even chat during CR due to logistics reasons...,neither,0.04215617077367034,0.3360928743851382,0.6217509548411914
@soszcny just finished announcements and titles,neither,0.03478563443139619,0.31318983763373237,0.6520245279348715
Lag,neither,0.03945320844208391,0.33037608806864915,0.630170703489267
Amy has a face full of feels,neither,0.05423476339974583,0.32035215047732657,0.6254130861229276
:( :( :(,neither,0.03945320844208391,0.33037608806864915,0.630170703489267
ERIC,neither,0.03945320844208391,0.33037608806864915,0.630170703489267
Hello,neither,0.03945320844208391,0.33037608806864915,0.630170703489267
Amy's face!,neither,0.03945320844208391,0.33037608806864915,0.630170703489267
Hector has been around Amy for a long long time.,neither,0.03478337599601648,0.3204722729335091,0.6447443510704743
"Bless Amy, who started tearing up 2 minutes in to a 12 hour charity stream last weekend...",neither,0.041355928398989925,0.37962609976345385,0.5790179718375562
the one time that my bad video quality saves me,neither,0.025114726412636696,0.4038481374190561,0.5710371361683073
!wallet,neither,0.03945320844208391,0.33037608806864915,0.630170703489267
ramaShield shields up! :( ramaShield,offensive_language,0.031680140546704795,0.5091262166492487,0.45919364280404645
"So they split into ""table feels"" and ""table stoic""",neither,0.03892948460985752,0.3316905079830767,0.6293800074070658
"sweet, first time live viewing for me",neither,0.02773242916217807,0.35090934758006415,0.6213582232577577
ALL THE THREAT!,neither,0.04030248856244175,0.3951790576802499,0.5645184537573085
so much threat,neither,0.0352256452674854,0.38136726959348877,0.583407085139026
