text,top_class,hate_speech,offensive_language,neither
PogChamp,neither,0.03945320844208391,0.33037608806864915,0.630170703489267
uhhgggg give me one,neither,0.027785286108163915,0.43595044142786255,0.5362642724639737
hector's grabby! take his away!,neither,0.0806928048138057,0.3008563472503253,0.6184508479358689
@SirHellsing420 That does make sense!,offensive_language,0.02301299420018539,0.49082834393705294,0.4861586618627615
make it a show!!!!!!! with guest of course,neither,0.03954623429105594,0.3000247446420852,0.660429021066859
They both get a copy of the home game! :P,neither,0.03790805454341034,0.2923874004874611,0.6697045449691286
you can find those deckbuilder boxes at game stores and Walmart and Target,neither,0.06402143334984405,0.20609147078368714,0.7298870958664688
question: IS BLUE THE BEST COLOR,neither,0.045772623794890686,0.3090646064435372,0.6451627697615722
chat wants free stuff too,neither,0.039247740980447726,0.33386340711996026,0.6268888518995921
INB4 we never see Hector or Gina again,neither,0.03476344600323068,0.38882452029888287,0.5764120336978865
"QUESTION for Hector: See what happens when you call Becca ""bad luck""?",neither,0.053389827382633585,0.36343098706550175,0.5831791855518645
is this a regular show now??!,neither,0.06784912980211912,0.24833908386105805,0.6838117863368229
https://magic.wizards.com/en/game-info/gameplay/rules-and-formats/rules,neither,0.038803048422430604,0.2947290178744805,0.6664679337030889
lol,neither,0.020706217963973744,0.4882283491876925,0.4910654328483337
@CosmicVoyagerX we got free entertainment and info,neither,0.03775568440059129,0.33526964338773363,0.6269746722116751
what happens when you attack with 2 banding creatures and opponent blocks with multiple creatures?,neither,0.040379717729590946,0.37779330764536917,0.5818269746250398
Maaaaaaaagic,neither,0.03945320844208391,0.33037608806864915,0.630170703489267
"Not until Friday, though, SirHellsing.",neither,0.03814787495095087,0.33527942793821036,0.6265726971108387
Thank you for the answers!,neither,0.04610625550738917,0.32950926453341045,0.6243844799592003
oh Hector...,neither,0.051363287716059566,0.22255663153133606,0.7260800807526044
@Lynx_sys I hope so!,neither,0.12463897626450345,0.20298967407480611,0.6723713496606905
@TGHondo -> Only those that we deem worthy shall possess the power of the Hyperlink [warning],neither,0.048140585852785724,0.2990817588418225,0.6527776553053918
So beautiful this girl CoolCat,neither,0.03198598423119328,0.4550672220655031,0.5129467937033035
rphael,neither,0.03945320844208391,0.33037608806864915,0.630170703489267
"Yup Hector, I'm on Mono Red stuff too",neither,0.03719030548999649,0.3418224675229082,0.6209872269870954
"Thank You Becca, Ryan, Hector, Gina!! Look forward to next week TwitchUnity",neither,0.05705834615474546,0.3727086678034234,0.570232986041831
"Heh, I haven't typed www in many years.",neither,0.03945320844208391,0.33037608806864915,0.630170703489267
I so love my White Weenie First Strike deck!,offensive_language,0.25907996317669724,0.5942943887447537,0.14662564807854905
topzeta attackers assigns which blockers take the damage,neither,0.03861576955166795,0.31508303488502004,0.646301195563312
Hector *would* do a Red/Blue deck. LOL #SpiderMan,neither,0.03458530177775207,0.3616561029234993,0.6037585952987486
He prefers red? No wonder he went with Captain on Shield of Tomorrow.,neither,0.03592714616436037,0.368389951399653,0.5956829024359865
ok I'll note that down about Hector likes red,neither,0.03864242715809625,0.4131142847942955,0.5482432880476084
Oh gosh! I just did it! Y,neither,0.03846429463936467,0.3046191623658092,0.6569165429948262
cool,neither,0.03945320844208391,0.33037608806864915,0.630170703489267
The art of the cards,neither,0.03793901381005546,0.3021315478015597,0.6599294383883849
the art in this game is insanely good,neither,0.04493883012785755,0.2774027132991179,0.6776584565730246
"If you're interested in the flavor of the game, check out the Loregoyfs podcast!",neither,0.04014010902040056,0.325538061181927,0.6343218297976725
inb4 people tweet Hector the mono-red burn deck currently played in standard Kappa,neither,0.05381489263499769,0.2771815001097994,0.6690036072552029
the dominaria art book just became available (dominaria is the previous set),neither,0.04018667898395081,0.32207676052297207,0.6377365604930771
fountain isn't great,neither,0.0377594281324417,0.30790434309702236,0.654336228770536
You all have done so very well!,offensive_language,0.05672742065642413,0.5291323955323006,0.4141401838112753
WHAAT,neither,0.03945320844208391,0.33037608806864915,0.630170703489267
He got Ajaniiiii,neither,0.048565976505156434,0.4226954785610864,0.5287385449337572
Oh snap!,neither,0.04610041286253887,0.2676795543969371,0.6862200327405242
AJANI!,neither,0.03945320844208391,0.33037608806864915,0.630170703489267
Oh wow he got Ajani,neither,0.05144310180880911,0.3232516809027402,0.6253052172884508
hector got a mythic rare,neither,0.03782257951921994,0.3891512675486963,0.5730261529320838
@GeekandSundry Can we dance too?,neither,0.03929945961927572,0.3329856068441574,0.6277149335365669
woa ajani planeswalker!,neither,0.03945320844208391,0.33037608806864915,0.630170703489267
Ajani is good,neither,0.057176020302150646,0.32428040037975586,0.6185435793180933
Heeeeeyyyyy Hecotr opened a $10 planeswalker!,neither,0.03945320844208391,0.33037608806864915,0.630170703489267
Hector got an Ajani!,neither,0.037606633920511195,0.4101576625507374,0.5522357035287514
"Hector got Ajani, nice",neither,0.037398212600387934,0.4047366279713513,0.5578651594282608
mythic,neither,0.03945320844208391,0.33037608806864915,0.630170703489267
like pokemon holofoils i guess huh,neither,0.048676085180830476,0.3497478844418499,0.6015760303773197
mythic,neither,0.03945320844208391,0.33037608806864915,0.630170703489267
WOW Awesome!,neither,0.03945320844208391,0.33037608806864915,0.630170703489267
egyptian ladder to eternity consisted of 13 steps :D,neither,0.04595083386687092,0.3265757634574095,0.6274734026757195
thats my pick for the best card in the set,neither,0.028914099982970686,0.2886015919500635,0.6824843080669658
