text,top_class,hate_speech,offensive_language,neither
What is Weave Society???,neither,0.05317554688292246,0.3237438772162109,0.6230805759008667
"Honestly, I think goblins are misunderstood.",neither,0.07614596888136663,0.26105010453288546,0.6628039265857478
Getting a little late for me so going to catch what I can and then watch the VOD.,neither,0.03683201016132091,0.3819189352357535,0.5812490546029256
34 years? obviously someone had a kid and the epilogue will have them being sent off on their adventure.,neither,0.041124737238919205,0.3154668402298413,0.6434084225312394
!wtfisthis,neither,0.03945320844208391,0.33037608806864915,0.630170703489267
"Weave Society is the RPG tale for the digital age. Storytellers Gina DeVivo, Whitney Moore, Becca Scott, Stef Woodburn, and Amy Dallen come together to jump into one of the many fantastical worlds of Weave. Where will they end up next?",neither,0.03997484976940308,0.3113440925008771,0.6486810577297198
so Ill be was watching it like everyone else,neither,0.041207116199075515,0.46376514347855985,0.49502774032236463
!weave,neither,0.03945320844208391,0.33037608806864915,0.630170703489267
"Weave is a 21st century storytelling platform for everyone. With just two decks of cards and a handful of dice, you and your friends can create adventures in any genre, from sci-fi to high school comedy. When combined with the free companion app, Weave provides all the power you'll need to discover new worlds, imagine amazing characters, and save your stories online in minutes. You can find more information at: https://weave.game/",neither,0.05424416382335852,0.3425299335395282,0.6032259026371134
WHITNEY DM HYPE ramaV ramaV,neither,0.03945320844208391,0.33037608806864915,0.630170703489267
<3 <3 <3,neither,0.03945320844208391,0.33037608806864915,0.630170703489267
!whodat,neither,0.03945320844208391,0.33037608806864915,0.630170703489267
"Whitney Moore ( twitter.com/tweetneymoore ) as the Storyteller, with Amy Dallen ( twitter.com/enthusiamy ), Gina DeVivo ( twitter.com/pocketgina ), Becca Scott ( twitter.com/thebeccascott ), and Stef Woodburn ( twitter.com/stefwoodburn ).",neither,0.035063937482961126,0.46527231385267076,0.49966374866436797
VIVACIOUS QUEENS,neither,0.03945320844208391,0.33037608806864915,0.630170703489267
AT LAST,neither,0.03807717139906596,0.37214844857801177,0.5897743800229223
I never catch the beginning of this live! So happy that I can tonight!,neither,0.03494462878554379,0.38109182333897484,0.5839635478754814
Hooray,neither,0.03945320844208391,0.33037608806864915,0.630170703489267
ramaLove QUEENS,neither,0.03945320844208391,0.33037608806864915,0.630170703489267
nice outfits :P,neither,0.03945320844208391,0.33037608806864915,0.630170703489267
... I want Amy's hat,neither,0.039672039739381534,0.3266619498493316,0.6336660104112869
"Hi Amy, Stef, Whitney, Gina and Becca!",neither,0.03882788631130355,0.299422105481188,0.6617500082075084
I'm so excited,neither,0.03940839469474773,0.3948270312238364,0.565764574081416
Gina has a goblin advantage.,neither,0.03989735448983053,0.32283777050957063,0.6372648750005988
the costumes are so good!,neither,0.06431410641301818,0.31136362636888837,0.6243222672180934
@FirstClone the character creation is so much fun!,neither,0.04131568479492,0.34938629685989187,0.609298018345188
OMG the pointu ears,neither,0.03848312768429865,0.31259390270568266,0.6489229696100187
Ahaha Gina did the ears,neither,0.038664230590353545,0.31598723182368793,0.6453485375859586
Yayyyy~,neither,0.03945320844208391,0.33037608806864915,0.630170703489267
Gina plays one of the best goblins on the planet,neither,0.03460521301136356,0.33482557148931286,0.6305692154993237
Windsgar,neither,0.03945320844208391,0.33037608806864915,0.630170703489267
The Future is Gindsgar!,neither,0.050283631901052055,0.3038234478461923,0.6458929202527556
YYYYAAAAASSSSSSSSSSSS!!!!!!,neither,0.03945320844208391,0.33037608806864915,0.630170703489267
666,neither,0.03945320844208391,0.33037608806864915,0.630170703489267
Rules Assistant Amy Dallen. XD,neither,0.03945320844208391,0.33037608806864915,0.630170703489267
Team work makes the dream work,neither,0.03878876531662958,0.3183964480833763,0.642814786599994
The future is indeed Windsgar,neither,0.04656473093276783,0.3119413940714205,0.6414938749958117
more Fire for amy please,neither,0.035905413405609654,0.2980759216043447,0.6660186649900457
DansGame DansGame DansGame DansGame,neither,0.03945320844208391,0.33037608806864915,0.630170703489267
YYYYYYAAAAAAAAYYYYYYYYYYY,neither,0.03945320844208391,0.33037608806864915,0.630170703489267
I encourage CHAOS!,neither,0.03945320844208391,0.33037608806864915,0.630170703489267
"Wow, a 4x gale round. Fascinating thought.",neither,0.04281423525496522,0.22529299127409552,0.7318927734709393
YES,neither,0.03945320844208391,0.33037608806864915,0.630170703489267
Good job guys!,neither,0.038533485238291025,0.33303358036535663,0.6284329343963523
allah certainly isnt,neither,0.03945320844208391,0.33037608806864915,0.630170703489267
Lmao,neither,0.03705015143476208,0.3711622369619404,0.5917876116032975
Jesus is here,neither,0.1364423712395269,0.2695897706469106,0.5939678581135625
I hope^,neither,0.14056371858180408,0.11973895085255552,0.7396973305656404
Well... Goblin Jesus,neither,0.03945320844208391,0.33037608806864915,0.630170703489267
Ooh! We're using the advanced rules tonight!,neither,0.04484112481523625,0.3324252533092979,0.6227336218754659
advanced is fun,neither,0.04794037721512011,0.3274569615433642,0.6246026612415158
Twitch chat is being so wholesome tonight,neither,0.0391673434422972,0.3580977853069611,0.6027348712507418
19days till gen con,neither,0.03945320844208391,0.33037608806864915,0.630170703489267
It was done just to stop Becka,neither,0.03855377092398831,0.45263104635177065,0.5088151827242411
Hello @KBTibbs!,neither,0.03945320844208391,0.33037608806864915,0.630170703489267
hi @OrionLightning,neither,0.03945320844208391,0.33037608806864915,0.630170703489267
"Gawd, that is a fantastic denim coat...",neither,0.04181044375876014,0.3546803099403403,0.6035092463008995
"Becca wins so much, they rebalance the rules for her?",neither,0.02532091638909965,0.48447331161772944,0.49020577199317095
This is very Nott like,neither,0.07030618981832135,0.3487062492217867,0.580987560959892
HELLO I AM NEW AND WHAT IS THIS,neither,0.05609751277064137,0.20920613527780765,0.734696351951551
(may),neither,0.0420143992663076,0.2869059956061574,0.6710796051275351
The moon was a jerk,neither,0.03852444661597089,0.3172616157745514,0.6442139376094778
Racist moon goblins,hate_speech,0.5715769946548717,0.06444973401847566,0.3639732713266527
That damn Moonbase Alpha!,offensive_language,0.04102023355929124,0.8442422042424627,0.11473756219824614
Want the inside scoop? Join the cast of Critical Role and discuss this episode right here on Talks Machina. Tuesdays 7pm Pacific at twitch.tv/geekandsundry and projectalpha.com,neither,0.04630302093207864,0.22484473131932575,0.7288522477485957
"@zimbuthemonkey Welcome. There going to be playing an RPG where they're goblins, I think. It's going to get silly.",neither,0.05679946549023324,0.2983114583280753,0.6448890761816913
moon goblins,neither,0.03945320844208391,0.33037608806864915,0.630170703489267
They're*,neither,0.08622719944284905,0.2688219705217552,0.6449508300353959
oh yes. very silly,neither,0.04421176010801867,0.28488033710513344,0.6709079027868478
"wrong day, Nightbot...",neither,0.04021361997404426,0.3078787305495359,0.6519076494764198
That goblin came from the moon,neither,0.03590789395938565,0.33769828254406875,0.6263938234965455
Not not not not not favored,neither,0.03554889144452836,0.3454295093440936,0.619021599211378
Nott favored?,neither,0.03945320844208391,0.33037608806864915,0.630170703489267
Sounds great 9000,neither,0.037174132302263616,0.2997833317308442,0.6630425359668922
"This playset is amazing, guys. Best thing ever. Enjoy the experience",neither,0.04327959785700207,0.3158127093476288,0.6409076927953691
CRAFTING,neither,0.03945320844208391,0.33037608806864915,0.630170703489267
YYYYYYAAAAAAAAYYYYYYYYYY,neither,0.03945320844208391,0.33037608806864915,0.630170703489267
CRAFTING? This playset is 10/10!,neither,0.04683485990799042,0.32925159556176603,0.6239135445302436
she plays with her charger plugged in?,offensive_language,0.025186006682872988,0.620808629391185,0.354005363925942
GOLEMS!,neither,0.03945320844208391,0.33037608806864915,0.630170703489267
Oh crafting,neither,0.051363287716059566,0.22255663153133606,0.7260800807526044
KappaPride,neither,0.03945320844208391,0.33037608806864915,0.630170703489267
Whoa... that girl with the red hair. I am smitten.,neither,0.026374630501456355,0.40605045457721667,0.5675749149213271
CRAFTING?!,neither,0.03945320844208391,0.33037608806864915,0.630170703489267
this isn't gonna go well,neither,0.03950101821556336,0.3869260387945122,0.5735729429899245
So many queens,neither,0.03940990042488986,0.3797278512807944,0.5808622482943158
noice,neither,0.03945320844208391,0.33037608806864915,0.630170703489267
Craft u Everthing,neither,0.03945320844208391,0.33037608806864915,0.630170703489267
Becca so wholesome,neither,0.039408962504520015,0.38382265604540616,0.5767683814500738
!respect,neither,0.03945320844208391,0.33037608806864915,0.630170703489267
"If you would like to share opinions on our hosts, guests or fellow viewers, please do so in a respectful manner. Don't make them feel uncomfortable.",neither,0.04843323757214918,0.39559142321184637,0.5559753392160044
What?,neither,0.057770773616808734,0.3180719994247239,0.6241572269584672
"Gina and crafting, oh my",neither,0.027265844253113534,0.3202909165134109,0.6524432392334755
What are they doing on there phones?,neither,0.06537938880697007,0.26162964008742184,0.6729909711056081
dodeStare,neither,0.03945320844208391,0.33037608806864915,0.630170703489267
Best of both worlds for Gina. Crafting and RPGs,neither,0.03444312550366706,0.28023442697784895,0.6853224475184839
more information at: https://weave.game/,neither,0.03970139788368581,0.30938520508028766,0.6509133970360265
gandsHR gandsHR,neither,0.03945320844208391,0.33037608806864915,0.630170703489267
gandsHR,neither,0.03945320844208391,0.33037608806864915,0.630170703489267
The whole geek monarchy reunited here tonight,neither,0.07263443227285196,0.2710938032136199,0.656271764513528
Crafting?!,neither,0.03945320844208391,0.33037608806864915,0.630170703489267
Lol,neither,0.020706217963973744,0.4882283491876925,0.4910654328483337
the thickest deck,neither,0.038659900373150986,0.3159065475583009,0.6454335520685481
,neither,0.03945320844208391,0.33037608806864915,0.630170703489267
amy's got that Big Deck Energy,neither,0.025499275544181164,0.4318064120577089,0.5426943123981098
The game uses an app to generate characters,neither,0.04268017710471919,0.2902105431449131,0.6671092797503676
@Crazyfox55 The game is part app.,neither,0.045562891315177725,0.2769034152243427,0.6775336934604796
I think they are reading something that was sent.,neither,0.05572601384609583,0.32192362354439785,0.6223503626095063
@Crazyfox55 they're making their characters with the Weave app,neither,0.041731398618387414,0.3175125122405192,0.6407560891410935
@Crazyfox55 Part of Weave is played with a phone app,neither,0.03642234219935226,0.3542943028155512,0.6092833549850966
Kick it in the tenders,neither,0.03636906251036685,0.3091188327490975,0.6545121047405356
gandsHR gandsHR,neither,0.03945320844208391,0.33037608806864915,0.630170703489267
This is on the front at twitch LUL,neither,0.041519721280574184,0.34392832226355063,0.6145519564558752
Becca is very crafty when it comes to always not cheating ever,neither,0.038622192623930005,0.3940560284525159,0.567321778923554
the game app is on the phones @Crazyfox55,neither,0.04166061454462256,0.2825864600751314,0.6757529253802461
@immortalduck891 you did it. You made the joke (nearly did myself),neither,0.06012189608735234,0.3806448788553689,0.5592332250572788
you can use your camera to scan the Weave cards in and they're looking through options for their characters to pick stuff,neither,0.05082341801545465,0.2984666821252843,0.6507098998592611
Fullmetal moon goblins,neither,0.03945320844208391,0.33037608806864915,0.630170703489267
!weave The weave phone app is a key component of the game,neither,0.042425075355117796,0.29000220166491497,0.6675727229799673
"Weave is a 21st century storytelling platform for everyone. With just two decks of cards and a handful of dice, you and your friends can create adventures in any genre, from sci-fi to high school comedy. When combined with the free companion app, Weave provides all the power you'll need to discover new worlds, imagine amazing characters, and save your stories online in minutes. You can find more information at: https://weave.game/",neither,0.05424416382335852,0.3425299335395282,0.6032259026371134
this is already the best episode,neither,0.044216197523989274,0.3245335779046192,0.6312502245713917
more information at: https://weave.game/,neither,0.03970139788368581,0.30938520508028766,0.6509133970360265
love lookin at my phone,neither,0.025195998108879413,0.4557271496615819,0.5190768522295387
"@Zismarith @kynaeus2 Thanks, it would be super weird if they were just browsing twitter. LUL",neither,0.02476995587793837,0.4140465088474285,0.561183535274633
Why no pregnancy jokes?,neither,0.029369182378480557,0.3557165473042656,0.6149142703172538
,neither,0.03945320844208391,0.33037608806864915,0.630170703489267
DrinkPurple,neither,0.03945320844208391,0.33037608806864915,0.630170703489267
@SamTheNannerMan I'm thinking the same thing,neither,0.0393562580717926,0.32028408949743836,0.640359652430769
Go-Lem,neither,0.04276165647058889,0.34190019769565555,0.6153381458337556
...or flesh,neither,0.03945320844208391,0.33037608806864915,0.630170703489267
blood and bones,neither,0.038653977479702326,0.28988659362937164,0.671459428890926
"Golem, not Gollum.",neither,0.03554889144452836,0.3454295093440936,0.619021599211378
not a smeagol,neither,0.03554889144452836,0.3454295093440936,0.619021599211378
"Gollem = ""my precious!"" -- lat least to me",neither,0.03007756826143252,0.41897820911823536,0.550944222620332
hi,neither,0.03945320844208391,0.33037608806864915,0.630170703489267
Stef wants to inflict a lot of wounds ramaLul,neither,0.04528056744932511,0.3269573240753274,0.6277621084753476
My precious,neither,0.026159491189004316,0.4363839857563656,0.53745652305463
"@Crazyfox55 Really, we're all browsing Twitter really> Just sayin.",offensive_language,0.04989726002136057,0.47832681246511977,0.47177592751351977
Hi @ajayshar,neither,0.03945320844208391,0.33037608806864915,0.630170703489267
The robots of fantasy,neither,0.03834343279738344,0.3099484277490263,0.6517081394535903
I'm sure glad golems don't have thoughts and feelings.,neither,0.03420614103966633,0.407286341689055,0.5585075172712788
why are they all on the phone?,neither,0.047291401550190994,0.3725927198308551,0.5801158786189538
Right???,neither,0.03719022913728602,0.3744360956046963,0.5883736752580178
now I need to know if there is a cartoon set for Weave...,neither,0.031647727538784455,0.31469163080338985,0.6536606416578257
We have a subscriber-only Discord server! Join here: https://discord.gg/geekandsundry (you'll need to sub and link it to your Twitch) and be a part of the fun!...Warning: It can take up to an hour for the server to update and give you access to the channels,neither,0.08464076273808444,0.286394834032893,0.6289644032290227
@Washed_Up_twitchviewer the game has an app for character creation,neither,0.03523913663672113,0.2696221018487454,0.6951387615145336
@Washed_Up_twitchviewer An app is part of the game,neither,0.045259055835163736,0.2766401153151579,0.6781008288496784
"They use an app, to play the game.",neither,0.01880591618441446,0.35505938847918284,0.6261346953364026
^,neither,0.03945320844208391,0.33037608806864915,0.630170703489267
!weave The phone app is a key component of the game,neither,0.04331281054850447,0.28038037496942303,0.6763068144820725
"Weave is a 21st century storytelling platform for everyone. With just two decks of cards and a handful of dice, you and your friends can create adventures in any genre, from sci-fi to high school comedy. When combined with the free companion app, Weave provides all the power you'll need to discover new worlds, imagine amazing characters, and save your stories online in minutes. You can find more information at: https://weave.game/",neither,0.05424416382335852,0.3425299335395282,0.6032259026371134
"@Washed_Up_twitchviewer the Weave app has their character creation options, they are making characters as part of the first episode",neither,0.04428326455582964,0.3049883544471889,0.6507283809969815
HappyFooty hey,neither,0.03945320844208391,0.33037608806864915,0.630170703489267
RedFooty,neither,0.03945320844208391,0.33037608806864915,0.630170703489267
just listen to Whitney until they're ready to introduce themselves,neither,0.05535016377210428,0.3212460615427203,0.6234037746851754
@Deathstar_Taco no cartoon set yet but soon the ability to make your own set will be coming out,neither,0.06616895960863464,0.32150755886222476,0.6123234815291407
Hi @peacoxickated,neither,0.03945320844208391,0.33037608806864915,0.630170703489267
TacticsFooty RefFooty,neither,0.03945320844208391,0.33037608806864915,0.630170703489267
"Help G&S make great content! $4.99/month gets you emotes, Minecraft server access, sub-only VODs, and more! Every sub keeps the channel alive! twitch.tv/geekandsundry/subscribe",neither,0.043907990691603095,0.31135964332838284,0.644732365980014
@doctorwht really cool!,neither,0.03945320844208391,0.33037608806864915,0.630170703489267
"With the app, they pick: 4 backstories 6 talents 2 flaws 2 items 1 Signature moon To make their character.",neither,0.03845739151259135,0.303594534134663,0.6579480743527456
what a cute sneeze,neither,0.04727497076706023,0.293911762948957,0.6588132662839828
bless u,neither,0.03945320844208391,0.33037608806864915,0.630170703489267
#cutesneeze,neither,0.03945320844208391,0.33037608806864915,0.630170703489267
yeah it's such a fun platform,neither,0.02571206771688432,0.41671941856957107,0.5575685137135445
,neither,0.03945320844208391,0.33037608806864915,0.630170703489267
hey there. are this smartphones?,neither,0.07503891331881271,0.22328635723619764,0.7016747294449897
Sneeze fire! bless you,neither,0.0533960406113602,0.3700187304266258,0.5765852289620139
elf sneezes are cute 🤣,neither,0.060730349654084206,0.2711999266669356,0.6680697236789802
*signature move,neither,0.03945320844208391,0.33037608806864915,0.630170703489267
!discord,neither,0.03945320844208391,0.33037608806864915,0.630170703489267
!discord,neither,0.03945320844208391,0.33037608806864915,0.630170703489267
We have a subscriber-only Discord server! Join here: https://discord.gg/geekandsundry (you'll need to sub and link it to your Twitch) and be a part of the fun!...Warning: It can take up to an hour for the server to update and give you access to the channels,neither,0.08464076273808444,0.286394834032893,0.6289644032290227
"wow, how very pg-13.",neither,0.03945320844208391,0.33037608806864915,0.630170703489267
U just used it!!,neither,0.03125705774551821,0.3619360100474698,0.606806932207012
oh,neither,0.051363287716059566,0.22255663153133606,0.7260800807526044
YouChoiceLp1: yes. the smart phone app guides the game.,neither,0.0380260449564093,0.2851432329669065,0.6768307220766843
