text,top_class,hate_speech,offensive_language,neither
omg its happening!,neither,0.033871301030118525,0.33229596198935163,0.6338327369805298
bidet from Saskatchewan,neither,0.04228451509352876,0.2823214250720796,0.6753940598343917
YES,neither,0.03945320844208391,0.33037608806864915,0.630170703489267
Bidet from Louisiana~,neither,0.04062582848913359,0.31047366557575606,0.6489005059351104
eyy,neither,0.03945320844208391,0.33037608806864915,0.630170703489267
and we all lift TOGETHER!,neither,0.03990071552632026,0.35549154020091517,0.6046077442727646
Bidet?,neither,0.03945320844208391,0.33037608806864915,0.630170703489267
"Hello all, cali reporting in",neither,0.041221758347189656,0.401423122555095,0.5573551190977153
splash screen HYPU,neither,0.03945320844208391,0.33037608806864915,0.630170703489267
CLAP CLAP CLAP!!!!!,neither,0.03945320844208391,0.33037608806864915,0.630170703489267
recap time,neither,0.03814432885341907,0.3525911905918181,0.6092644805547629
@whiskeycrowfromtv Wi??? Me too!,neither,0.03122162616387169,0.3786454388009612,0.5901329350351671
"oh nevermind its Dani, YAY Dani",neither,0.03874242837257935,0.30632955644436743,0.6549280151830533
Woop WOop,neither,0.03945320844208391,0.33037608806864915,0.630170703489267
WOOT,neither,0.03945320844208391,0.33037608806864915,0.630170703489267
"bidet from Minneapolis, MN!",neither,0.040737273169946825,0.30858215849491494,0.6506805683351382
"Bidet from Texas, Y'all! I'm on a business trip, but I HAVE to watch Critical Role!",neither,0.04408393721885987,0.37631363591205913,0.579602426869081
Bidet!,neither,0.03945320844208391,0.33037608806864915,0.630170703489267
aaaaaahhhhh,neither,0.03945320844208391,0.33037608806864915,0.630170703489267
@vladimir_shootn -> ONLY HULK CAPSLOCKS [warning],neither,0.03945320844208391,0.33037608806864915,0.630170703489267
gandsTwenty gandsTwenty gandsTwenty gandsTwenty,neither,0.03945320844208391,0.33037608806864915,0.630170703489267
Critical Recap time!,neither,0.03844580518021724,0.3474743505355363,0.6140798442842464
is it on,neither,0.04716140751131578,0.35461070313804294,0.5982278893506413
Lots from Ohio today. Shame.,neither,0.039108939479585304,0.3006006132247122,0.6602904472957026
bidet from central CA,neither,0.040443545309525104,0.31356748685490254,0.6459889678355725
my ears,neither,0.02549807631544042,0.4425136705936049,0.5319882530909548
So many fellow ohians tho,neither,0.035572136851598504,0.3835482664075455,0.580879596740856
eyy,neither,0.03945320844208391,0.33037608806864915,0.630170703489267
bidet already makin their rounds,neither,0.0385701007936728,0.34536472958949344,0.6160651696168338
"The recap has started , if you cannot see it, please refresh",neither,0.034775490534124806,0.37529621209774683,0.5899282973681284
WHATS UUUUUUUUP!!!!!,neither,0.03945320844208391,0.33037608806864915,0.630170703489267
Bidet from Oregon!,neither,0.04071751644889743,0.3089174816120565,0.6503650019390461
yaaay,neither,0.03945320844208391,0.33037608806864915,0.630170703489267
lolololol,neither,0.03945320844208391,0.33037608806864915,0.630170703489267
LET'S DO THIS,neither,0.0195438059392097,0.382678239993645,0.5977779540671454
"much appreciated recap, pls.",neither,0.03664885821969497,0.3313406327052978,0.6320105090750071
alright,neither,0.03945320844208391,0.33037608806864915,0.630170703489267
Woop woop,neither,0.03945320844208391,0.33037608806864915,0.630170703489267
I'M SO EXCITED - FIRST RECAP,neither,0.03330510555505875,0.37204135950557676,0.5946535349393646
wow more ohio's then i thought,neither,0.04380503457285581,0.2380955004822066,0.7180994649449376
"Beep Beep & Bidet from London, Ontario gandsLessthanthree",neither,0.04034574383703774,0.31522743308451706,0.6444268230784452
yesssssssssssss,neither,0.03945320844208391,0.33037608806864915,0.630170703489267
um,neither,0.03945320844208391,0.33037608806864915,0.630170703489267
Bidet from Tennessee!!,neither,0.04071751644889743,0.3089174816120565,0.6503650019390461
Bidet and Beep Beep from Los Angeles,neither,0.03968692788310135,0.26288412776704095,0.6974289443498578
'ere we go!,neither,0.04147345988742768,0.3436210257558678,0.6149055143567045
WOOO,neither,0.03945320844208391,0.33037608806864915,0.630170703489267
I've never gotten to watch live!,neither,0.02755021164963417,0.342659457750357,0.6297903306000088
YAY DANI,neither,0.03945320844208391,0.33037608806864915,0.630170703489267
"Bidet, from SLC, UT!",neither,0.04071751644889743,0.3089174816120565,0.6503650019390461
Cute jester plush!!!,neither,0.04322311181158326,0.266390989224455,0.6903858989639619
Bidet from The Bronx,neither,0.03961178605923053,0.2896091899656305,0.670779023975139
OH SHIIIT,neither,0.051363287716059566,0.22255663153133606,0.7260800807526044
Hai WOD boys!,neither,0.03945320844208391,0.33037608806864915,0.630170703489267
YEET,neither,0.03945320844208391,0.33037608806864915,0.630170703489267
scared the crap outta me xD,neither,0.03235015037095846,0.35035896104051084,0.6172908885885308
bidet!,neither,0.03945320844208391,0.33037608806864915,0.630170703489267
Bidet from St Louis MO!,neither,0.040325751892290734,0.3155667485616919,0.6441074995460174
NEW STUDIOOOO,neither,0.04660400397451208,0.1401930676750457,0.8132029283504423
New studio time! So excited!,neither,0.04169292057199343,0.30683990944825074,0.6514671699797558
bidet from indiana!,neither,0.0408364874901429,0.30689823255244486,0.6522652799574122
Our Lady of Recaps Dani Carr ( twitter.com/ItsDaniCarr ),neither,0.03893243441116944,0.413649997352151,0.5474175682366794
Bidet from FL!!!,neither,0.04066490145509902,0.30981049537100724,0.6495246031738937
we need some shiniganans...,neither,0.02736836353965645,0.3533272502802407,0.6193043861801029
this is a great way to finish a 12 hour work day =),neither,0.0484920349282213,0.30121585267652995,0.6502921123952489
Bidet from UK!! It's 2:47am!!,neither,0.038992100883883996,0.30933651616561864,0.6516713829504973
Matt give me ur love,neither,0.04894064895039597,0.3710424408170055,0.5800169102325984
:o the talks machina set?,neither,0.03848023049231133,0.3125392932677578,0.6489804762399308
bidet from Nova Scotia!,neither,0.04228451509352876,0.2823214250720796,0.6753940598343917
Critcal Recap!!!,neither,0.03945320844208391,0.33037608806864915,0.630170703489267
whg,neither,0.03945320844208391,0.33037608806864915,0.630170703489267
Bidet boys,neither,0.03945320844208391,0.33037608806864915,0.630170703489267
Here's what happened: I cried about a bird.,neither,0.010542190365182426,0.0865919773769352,0.9028658322578824
oh shit is this the begiging?,offensive_language,0.06100126990578092,0.9388909830366695,0.00010774705754955264
gandsNott,neither,0.03945320844208391,0.33037608806864915,0.630170703489267
I WANT THE JESTER DOLL!!!!,neither,0.03869711263924274,0.3072162093049556,0.6540866780558018
is that a jester plush,neither,0.05154613418987003,0.42924314326430335,0.5192107225458266
AAAAAAAAAAAAAA,neither,0.03945320844208391,0.33037608806864915,0.630170703489267
Yay. 3:46 am and ready for some critical roll,neither,0.031036252025671496,0.2984884696324178,0.6704752783419106
"Jesus, that scared me.",neither,0.028415949517481606,0.4137466934890884,0.55783735699343
Bidet and happy Thursday Critters!!! <3,neither,0.03857257220599953,0.28521915274727694,0.6762082750467234
love critical recap,neither,0.036921556861422684,0.34212340866012425,0.6209550344784531
Bidet from NJ EarthDay gandsLessthanthree gandsLollypop,neither,0.04069404815304118,0.30931579984010865,0.6499901520068502
SLC UTAH HERE TOO!!,neither,0.08914894118137388,0.29501189803532596,0.6158391607833003
Gonna be interesting to see how they play this,neither,0.04438299704917927,0.37086627437579406,0.5847507285750266
"New studio tonight as well, correct?",neither,0.03867371648864935,0.27415723897809513,0.6871690445332554
"The recap has started , if you cannot see it, please refresh",neither,0.034775490534124806,0.37529621209774683,0.5899282973681284
"Bidet. Says offline for me, anyone else?",neither,0.02776155367245591,0.3387043595935518,0.6335340867339924
Bidet from WI!!,neither,0.040737273169946825,0.30858215849491494,0.6506805683351382
love the new format :) no more table set,neither,0.04009195047197262,0.2578001719862461,0.7021078775417812
Bidet from Sydney! First time watching the new campaign live! :),neither,0.03901962402213581,0.2647788545213133,0.6962015214565509
back in the groove!,neither,0.03784492070000481,0.3002745824333281,0.6618804968666672
I think I like this recap format more!,neither,0.05292470293010776,0.32888574495010764,0.6181895521197845
Bidet from Indiana,neither,0.0408364874901429,0.30689823255244486,0.6522652799574122
Do they have their own channel now?,neither,0.06204775031866416,0.3296948282628263,0.6082574214185096
Hi guys,neither,0.03930687933907141,0.3328596748352989,0.6278334458256297
woohoo!!! bidet fellow critters,neither,0.03945320844208391,0.33037608806864915,0.630170703489267
"Hello, Everyone!",neither,0.03269494828970791,0.4450814005079928,0.5222236512022994
gandsOwlbear gandsOwlbear gandsOwlbear gandsOwlbear gandsOwlbear gandsOwlbear gandsOwlbear gandsOwlbear gandsOwlbear OHAIOOOOOOOOOO I MISSED YOU ALL,offensive_language,0.07070061034640265,0.5299392742493825,0.3993601154042148
bidet folks from Minnesota,neither,0.040463084270318445,0.3132358596976152,0.6463010560320664
fucking hell.... add while recap. sadness.,offensive_language,0.07350909419240102,0.9220334521558629,0.004457453651736017
why is Pop!Molly Above the rest of the nein,neither,0.035863336202843724,0.3004559328302373,0.6636807309669188
Bidet form CA,neither,0.03945320844208391,0.33037608806864915,0.630170703489267
Bidet from Atlanta.,neither,0.04078317879478948,0.307803020237201,0.6514138009680096
bidet,neither,0.03945320844208391,0.33037608806864915,0.630170703489267
Bidet from Leeds UK,neither,0.04079557052152802,0.30759270029461827,0.6516117291838538
PogChamp,neither,0.03945320844208391,0.33037608806864915,0.630170703489267
Hey everyone! I finally caught up on all of season 1 and 2! This is the first episode I get to watch live!,neither,0.04122501248721733,0.4213783206749422,0.5373966668378405
Bidet from Ontario!,neither,0.04062582848913359,0.31047366557575606,0.6489005059351104
HYPE,neither,0.03945320844208391,0.33037608806864915,0.630170703489267
Bidet everyone from AB Canada,neither,0.035408619180230645,0.39902332337914354,0.5655680574406258
is the baby going to be joining the party?,neither,0.048897708718622326,0.3244739672425263,0.6266283240388514
!caster CriticalRole,neither,0.03945320844208391,0.33037608806864915,0.630170703489267
You should give CriticalRole a follow! Check them out here: twitch.tv/CriticalRole !,neither,0.11039897335229146,0.3617950278714044,0.5278059987763041
Oh my god it IS a Jester plsuh!!!!,neither,0.03793610788112315,0.3740347889645663,0.5880291031543107
bidet friends!,neither,0.03945320844208391,0.33037608806864915,0.630170703489267
OH YEAh,neither,0.022533380315967178,0.4254575626619046,0.5520090570221282
Bidet from Denmark,neither,0.04228451509352876,0.2823214250720796,0.6753940598343917
Woohoo!!,neither,0.03945320844208391,0.33037608806864915,0.630170703489267
that jester plush,neither,0.026110925149043836,0.4791292047641166,0.4947598700868395
skype Liam,neither,0.03945320844208391,0.33037608806864915,0.630170703489267
I want that jester doll BibleThump,neither,0.035393652922490276,0.37297064966608934,0.5916356974114203
Bidet from NC gandsOwlbear,neither,0.04066490145509902,0.30981049537100724,0.6495246031738937
gandsHype gandsHype gandsHype,neither,0.03945320844208391,0.33037608806864915,0.630170703489267
Anyone else from UK?!,neither,0.040412916754435334,0.31408733336893496,0.6454997498766297
coming in from boston! <3,neither,0.04051101533030911,0.31242234451947504,0.6470666401502159
Bidet from NC,neither,0.04066490145509902,0.30981049537100724,0.6495246031738937
Finally caught up!,neither,0.0366010163189121,0.38840285100031885,0.5749961326807692
"you rock, Dani. love the new studio look",neither,0.05202775577171557,0.2924377426416198,0.6555345015866646
Bidet from France!,neither,0.04071751644889743,0.3089174816120565,0.6503650019390461
me want plushie!,neither,0.02600103048962835,0.40247726329333183,0.5715217062170398
Need me my CR Fix.,neither,0.025370526184933843,0.428685363332968,0.5459441104820981
Bidet from Baltimore!,neither,0.04079557052152802,0.30759270029461827,0.6516117291838538
:) !!1,neither,0.03945320844208391,0.33037608806864915,0.630170703489267
Is the baby going to play Kiri,neither,0.05427880651288908,0.3350033990342442,0.6107177944528668
Grats @Meg_TheDreamer,neither,0.03945320844208391,0.33037608806864915,0.630170703489267
ayeee,neither,0.03945320844208391,0.33037608806864915,0.630170703489267
1st live Episode too!,neither,0.04334194353310576,0.3328706678834394,0.6237873885834548
It's been so long!,neither,0.0368755054157818,0.39369720544702486,0.5694272891371933
black screen or something wrong?,neither,0.058787996893790564,0.3143510092302884,0.626860993875921
Hello there!,neither,0.03937036753510788,0.27621722592919734,0.6844124065356949
Bidet from California!,neither,0.06971251856910227,0.2972619859879888,0.633025495442909
:( :( :( :( :( :( :(,neither,0.03945320844208391,0.33037608806864915,0.630170703489267
so on to mission number 2 for the gentleman?,neither,0.0367538982575039,0.3344779482116302,0.6287681535308659
Bidet from the UK!,neither,0.039613273355342184,0.2892653269430044,0.6711213997016535
bidet from sweden!,neither,0.04228451509352876,0.2823214250720796,0.6753940598343917
my internet is so bad why,neither,0.02233029386047817,0.478297822249511,0.4993718838900109
Bidet!,neither,0.03945320844208391,0.33037608806864915,0.630170703489267
Bidet from Florida,neither,0.0408948396164547,0.30590784468201904,0.6531973157015263
Bidet from ohio,neither,0.040754399270683486,0.3082914838698526,0.650954116859464
Bidet from MN,neither,0.040737273169946825,0.30858215849491494,0.6506805683351382
I WANT THOSE POPS!,neither,0.07008961383546909,0.24473281963363905,0.6851775665308917
refresh @crimegods,neither,0.03945320844208391,0.33037608806864915,0.630170703489267
Bidet and beep beep from Indiana.,neither,0.039696771856685666,0.26058121240825,0.6997220157350644
"bidet beep beep, nien",neither,0.03945320844208391,0.33037608806864915,0.630170703489267
black screen,neither,0.0688425776513419,0.3074453880852506,0.6237120342634075
@crimegods refresh,neither,0.03945320844208391,0.33037608806864915,0.630170703489267
Thank you @Dragonchrome,neither,0.07325166854587051,0.43632638485078484,0.49042194660334476
@lileo46 -> ONLY HULK CAPSLOCKS [warning],neither,0.03945320844208391,0.33037608806864915,0.630170703489267
bidet all,offensive_language,0.046917543854519406,0.6277741405869331,0.3253083155585475
Bidet from London,neither,0.04069404815304118,0.30931579984010865,0.6499901520068502
Bidet from NYC!!,neither,0.04081748366884477,0.3072207769958956,0.6519617393352596
toot toot,neither,0.03945320844208391,0.33037608806864915,0.630170703489267
"bidet from Carlsbad, CA",neither,0.04084513770590474,0.30675141581570226,0.6524034464783931
Bidet from Colorado!!,neither,0.04066490145509902,0.30981049537100724,0.6495246031738937
already following Criticalrole here on twitch,neither,0.06979792908664366,0.32553718148584143,0.6046648894275147
Bidet from colorado!!,neither,0.04066490145509902,0.30981049537100724,0.6495246031738937
Bidet from Las Vegas,neither,0.040400041164603724,0.3143058657309893,0.6452940931044071
peoples!!,neither,0.03945320844208391,0.33037608806864915,0.630170703489267
does it bother anyone thats she's wearing shoes on a couch lol,offensive_language,0.025927593458054562,0.49032308879039577,0.4837493177515497
Bidet from Woodstock Ontario,neither,0.04062582848913359,0.31047366557575606,0.6489005059351104
Grats @GryphonArgent,neither,0.03945320844208391,0.33037608806864915,0.630170703489267
Bidet from Metro Detroit! ferociousHype,neither,0.04038525337528278,0.3145568531088204,0.6450578935158968
THAT QUALITY,neither,0.034563150067920476,0.3837986916761464,0.5816381582559332
her vocal fry is killing me,offensive_language,0.03272252033440871,0.5049548181889525,0.4623226614766388
"Man, seeing this episode live was one hell of a rollercoaster of emotion",offensive_language,0.043043504002261965,0.6416006170456635,0.3153558789520745
Bidet from Australia,neither,0.04062582848913359,0.31047366557575606,0.6489005059351104
"okay, so is this the primary channel or is that the cr one?",neither,0.044564406069364584,0.3749333310876,0.5805022628430355
Bidet critters,neither,0.03945320844208391,0.33037608806864915,0.630170703489267
"Gotta admit, I really loved this bit of Beau",neither,0.038081792982293715,0.35365258753043377,0.6082656194872725
"Bidet from Anoka, Minnesota!",neither,0.04071751644889743,0.3089174816120565,0.6503650019390461
bidet lovelies iamsleThinking,neither,0.03945320844208391,0.33037608806864915,0.630170703489267
Do they sell plushies in there store?,neither,0.06658820098588385,0.28372390433305666,0.6496878946810595
Bidet from Seattle,neither,0.040754399270683486,0.3082914838698526,0.650954116859464
Bidet from NE Ohio,neither,0.040417606421261354,0.3140077374838422,0.6455746560948964
Black screen just reload critters!,neither,0.05792621557084717,0.3354975369435551,0.6065762474855978
same,neither,0.04148851938089603,0.3488915597363099,0.609619920882794
Bidet from Texas!,neither,0.040937266849991,0.30518774380265185,0.6538749893473571
City funding WutFace,neither,0.03945320844208391,0.33037608806864915,0.630170703489267
Waddup rogues and rangers!,neither,0.038865728280077075,0.30142930134614576,0.6597049703737773
IS CR Still airing on G&S??,neither,0.042538656530851426,0.350388417000128,0.6070729264690206
"probably one of the better beau speeches, imo",neither,0.03738141204929224,0.3549919065019807,0.607626681448727
brb,neither,0.03945320844208391,0.33037608806864915,0.630170703489267
so excited!,neither,0.03940839469474773,0.3948270312238364,0.565764574081416
Bidet from Phoenix,neither,0.04066490145509902,0.30981049537100724,0.6495246031738937
bidet everyone from napa!!!,neither,0.034717737473301175,0.4107493890033132,0.5545328735233856
Bidet from indiana,neither,0.0408364874901429,0.30689823255244486,0.6522652799574122
Fjord SMOrc,neither,0.03945320844208391,0.33037608806864915,0.630170703489267
yayyy its backkkkk!!!!!,neither,0.02700859978372578,0.3346563596412867,0.6383350405749875
Bidet from Texas,neither,0.040937266849991,0.30518774380265185,0.6538749893473571
bidet from Quebec,neither,0.04228451509352876,0.2823214250720796,0.6753940598343917
Bidet from OH,neither,0.050416241482135554,0.21698369937451742,0.732600059143347
bidet from Oklahoma,neither,0.04066490145509902,0.30981049537100724,0.6495246031738937
Bidet from Vancouver,neither,0.04228451509352876,0.2823214250720796,0.6753940598343917
Bidet from Iowa!,neither,0.04069404815304118,0.30931579984010865,0.6499901520068502
"""can we please just go kill your damned death robot?!""",neither,0.2626915332279124,0.2484233550719634,0.4888851117001243
love you all!,offensive_language,0.07693210972157016,0.6561782186763016,0.26688967160212834
yo,offensive_language,0.04010381111145228,0.5271105317972344,0.4327856570913131
Hey guys! First time watching live!,neither,0.03585887087681055,0.3490855992097251,0.6150555299134643
who is this beauty doing the recap???,neither,0.045326621744328686,0.3650711272781091,0.5896022509775621
bidet from Michigan,neither,0.040769555981420263,0.3080342349327864,0.6511962090857933
bidet from Chicago!,neither,0.04078317879478948,0.307803020237201,0.6514138009680096
gandsLollypop gandsLollypop gandsLollypop gandsLollypop gandsLollypop,neither,0.03945320844208391,0.33037608806864915,0.630170703489267
poor jester lmao,neither,0.03807789215647419,0.3537187947249353,0.6082033131185905
hype,neither,0.03945320844208391,0.33037608806864915,0.630170703489267
bidet from Oakland,neither,0.04069404815304118,0.30931579984010865,0.6499901520068502
gandsDrink,neither,0.03945320844208391,0.33037608806864915,0.630170703489267
Bidet from Texas,neither,0.040937266849991,0.30518774380265185,0.6538749893473571
Love the Pops!,neither,0.03489701651775941,0.3267085822630515,0.6383944012191891
Bidet from Maine,neither,0.04069404815304118,0.30931579984010865,0.6499901520068502
Good Evening everyone,neither,0.03308870833616604,0.42926799388711456,0.5376432977767195
Will there be a VOD in the morning?,neither,0.04722146557061295,0.11592794189981047,0.8368505925295766
bidet all!,offensive_language,0.046917543854519406,0.6277741405869331,0.3253083155585475
bidet from georgia,neither,0.04066490145509902,0.30981049537100724,0.6495246031738937
@theminiaturedragon Not that I know of? Maybe they just started?,neither,0.03118724170341306,0.39070967557106645,0.5781030827255204
Bidet from Vashon Island Washington USA,neither,0.04028906282609389,0.31618945776588525,0.643521479408021
@deaftones3343 -> ONLY HULK CAPSLOCKS [warning],neither,0.03945320844208391,0.33037608806864915,0.630170703489267
Gratz @meg_thedreamer gandsLessthanthree,neither,0.03945320844208391,0.33037608806864915,0.630170703489267
bidet from syd australia,neither,0.04062582848913359,0.31047366557575606,0.6489005059351104
Oh first time watching live after finishing campaign one,neither,0.039333134149137396,0.33210658516588376,0.6285602806849789
"@jeremygeusebox and i love you, random citizen",neither,0.04995999616445627,0.3434058007343352,0.6066342031012085
new studio!!!!!!!!!!!,neither,0.043697716434837254,0.22368356517679006,0.7326187183883727
Bidet from Louisiana.,neither,0.04062582848913359,0.31047366557575606,0.6489005059351104
"thats Dani, shes great",neither,0.03794043914500957,0.3103700661568369,0.6516894946981535
"Hi Chat, we have 12 mins before Critical Role ep 26 starts. Please take the opportunity to visit the restroom, grab some drinks and snacks. Pull up a comfy chair, and get ready to watch the episode.",neither,0.038716738563805884,0.33350060563707,0.6277826557991242
Bidet from Oregon!,neither,0.04071751644889743,0.3089174816120565,0.6503650019390461
Sup,neither,0.03945320844208391,0.33037608806864915,0.630170703489267
WOW HD camera on minis,neither,0.03714808822211344,0.34139248679540324,0.6214594249824833
bidet from argentina!!,neither,0.04062582848913359,0.31047366557575606,0.6489005059351104
@pstrclericdstrclrc yes check the announcement video,neither,0.04395588309507283,0.21704791011080718,0.73899620679412
is it thursday already?,neither,0.04531057927841172,0.34718038330072387,0.6075090374208645
bidet from the ukk,neither,0.039779025773403386,0.2539611253407979,0.7062598488857987
bidet!,neither,0.03945320844208391,0.33037608806864915,0.630170703489267
@acylwood yay! welcome!,neither,0.03945320844208391,0.33037608806864915,0.630170703489267
how do you sub through Google play,neither,0.05313538289540188,0.36509276147076236,0.5817718556338357
Bidet from Reno y'all!!,neither,0.042694513426253154,0.3885514576687511,0.5687540289049957
i love the little jester,neither,0.03320359025913545,0.3340988888347303,0.6326975209061343
I WANT M9 POPS SO BAD,neither,0.036047254533603176,0.3776232389260273,0.5863295065403695
"Bidet from London, Ontario",neither,0.04034574383703774,0.31522743308451706,0.6444268230784452
"Bidet from windy, rainy, Central Newfoundland. Damn you Post-Tropical Cyclone Chris!",offensive_language,0.05441410623781467,0.6479874089805442,0.29759848478164114
a jester plushy!?,neither,0.03945320844208391,0.33037608806864915,0.630170703489267
@LilyRose28 yes there should be,neither,0.05621015345767975,0.3227432395392302,0.6210466070030901
"Beep Beep and Bidet from Spring, TX!!!!!! gandsLessthanthree gandsLessthanthree gandsLessthanthree gandsLessthanthree",neither,0.03962759915129754,0.27743169150435204,0.6829407093443505
Bidet from Michigan!,neither,0.040769555981420263,0.3080342349327864,0.6511962090857933
"@TrophiGaming It honestly was, unlike most she actually had the right position",neither,0.038057329571840444,0.38385063966073235,0.5780920307674272
bidet from Wisconsin,neither,0.04071751644889743,0.3089174816120565,0.6503650019390461
new set today??,neither,0.041688943978664156,0.20632763826093217,0.7519834177604037
"just spent last week watching some of the one shots from the other campaign, was p fun",neither,0.032090041349809785,0.33960140077229806,0.6283085578778922
just binged the whole 25 episodes for the last week and today is my first day watching live :D can,neither,0.029558746173744037,0.3131894781091185,0.6572517757171374
Bidet from Argentina!,neither,0.04062582848913359,0.31047366557575606,0.6489005059351104
why do people say bidet?,neither,0.059057995824338516,0.34836244389570264,0.5925795602799588
Bidet from south STL!,neither,0.04088864702710942,0.3060129490845789,0.6530984038883118
Are Laura and Trevor back for this episode?,neither,0.05654983313752189,0.224292384300963,0.7191577825615151
Bidet everyone,offensive_language,0.02988896790634741,0.4927062106388782,0.4774048214547744
gandsLessthanthree Dani!!!!,neither,0.03945320844208391,0.33037608806864915,0.630170703489267
TURN UP THURSDAY! BIDET FROM L.A.!,neither,0.037880667495121215,0.36601489002289367,0.5961044424819852
Grats @xddddsorandom,neither,0.03945320844208391,0.33037608806864915,0.630170703489267
bidet all,offensive_language,0.046917543854519406,0.6277741405869331,0.3253083155585475
Is this the start??,neither,0.05097475655081335,0.3044581179924789,0.6445671254567077
i need those pop figures!,neither,0.06255874548020485,0.24701202767139954,0.6904292268483957
Need those mighty nein pop vinyls!,neither,0.06255874548020485,0.24701202767139954,0.6904292268483957
cheer30 HYPE,neither,0.03945320844208391,0.33037608806864915,0.630170703489267
Nope laura and travis are still out,neither,0.053306684676028546,0.2870739550078806,0.6596193603160909
nerdist?,neither,0.03945320844208391,0.33037608806864915,0.630170703489267
Clef is too smart for his own good XD,neither,0.09815138131481088,0.2947244663754478,0.6071241523097413
@tylergreat23 probably have to do it on pc/mac desktop,neither,0.04073515280646987,0.358921054381159,0.6003437928123712
bidet from NH,neither,0.04066490145509902,0.30981049537100724,0.6495246031738937
ayyy,neither,0.03945320844208391,0.33037608806864915,0.630170703489267
damnit clef XD,neither,0.03945320844208391,0.33037608806864915,0.630170703489267
Yo Yo,offensive_language,0.04010381111145228,0.5271105317972344,0.4327856570913131
bidet from Western New York!,neither,0.0434230435812576,0.23816394028302149,0.7184130161357208
First time watching live today,neither,0.03435543761042242,0.32867142097715357,0.6369731414124241
GivePLZ,neither,0.03945320844208391,0.33037608806864915,0.630170703489267
Grats @thunderking8,neither,0.03945320844208391,0.33037608806864915,0.630170703489267
@thumper7999 Yay! Another Wisconsinian!,neither,0.10324653583129544,0.2430570000490191,0.6536964641196854
n e i n,neither,0.03945320844208391,0.33037608806864915,0.630170703489267
gandsTwenty gandsTwenty gandsTwenty gandsTwenty,neither,0.03945320844208391,0.33037608806864915,0.630170703489267
Is this time in the new studio?,neither,0.04893415315767116,0.24915620459654295,0.7019096422457859
CRITICAL ROLE HYPE!!!!,neither,0.03945320844208391,0.33037608806864915,0.630170703489267
First live episode for me! so excited!!!!,neither,0.027665863761932277,0.36961730761249745,0.6027168286255703
my nips are so hard right no,offensive_language,0.044768663673147246,0.6935862767830466,0.2616450595438063
@th3_doctor12 it was a thing grog said in c1 meant for good day,neither,0.033366245668127695,0.2967160817013087,0.6699176726305637
Grats @ExhaustedElox,neither,0.03945320844208391,0.33037608806864915,0.630170703489267
bidet from oklahoma,neither,0.04066490145509902,0.30981049537100724,0.6495246031738937
I want that Jester plush o:,neither,0.032007867239017905,0.4096419018032045,0.5583502309577777
Dani is too damn cute,offensive_language,0.05475571568987364,0.7372131240367696,0.2080311602733567
hyyypeee,neither,0.03945320844208391,0.33037608806864915,0.630170703489267
did they have an episode last week? or were they gone for the week,neither,0.03581467878773507,0.2979403986474009,0.666244922564864
Hope Crit-Baby is doing great.,neither,0.08669678850914057,0.19572050314164705,0.7175827083492125
is that a jester doll?!!!,neither,0.04413001575400946,0.3762643213398253,0.5796056629061653
Bidet from WI! I just finished catching up with Season 1 and am so ready for more!,neither,0.027899512173547716,0.35629342797083113,0.6158070598556211
HYPE!!!,neither,0.03945320844208391,0.33037608806864915,0.630170703489267
do we think the baby will be on the show today?,neither,0.04898584678446076,0.22014015587814725,0.7308739973373919
@S3thc0n yep!,neither,0.03945320844208391,0.33037608806864915,0.630170703489267
bidet from Philly,neither,0.040769555981420263,0.3080342349327864,0.6511962090857933
I think if we have either of the new parents I think we will only get one,neither,0.030282864008805956,0.30687348923540303,0.6628436467557911
Guest hype,neither,0.03945320844208391,0.33037608806864915,0.630170703489267
Did Matt get possessive about other people sitting in the DM spot and demote the recap to the Talks couch?,neither,0.05266969993066141,0.3041240956304949,0.6432062044388437
gandsRaid gandsRaid gandsRaid gandsRaid,neither,0.03945320844208391,0.33037608806864915,0.630170703489267
gandsHooman,neither,0.03945320844208391,0.33037608806864915,0.630170703489267
It is in the new studio,neither,0.04932833034524717,0.22227089879340955,0.7284007708613432
BIDGET from houston,neither,0.040875471929787875,0.3062365648703896,0.6528879631998226
woohoo Wisconsin watcher here also!!,neither,0.07338743951738134,0.30172462398130073,0.6248879365013179
New studio time PogChamp,neither,0.04214720636945621,0.25437962944529635,0.7034731641852473
bidet from Maine!!,neither,0.04069404815304118,0.30931579984010865,0.6499901520068502
Bidet to Critters around the world,neither,0.04743634712205272,0.30410249234796444,0.6484611605299827
First time watching!,neither,0.029989397366152245,0.3569857709202996,0.613024831713548
Yeah is that jester buyable?,offensive_language,0.021067438195931158,0.5231333338351034,0.4557992279689655
i wanna tour of the new digs on the break!! LOL!!,neither,0.0326102088905343,0.2862793816063091,0.6811104095031566
"This is Talks Machina's studio, i think",neither,0.04728015226369885,0.321237997826215,0.6314818499100862
kiri,neither,0.03945320844208391,0.33037608806864915,0.630170703489267
ARE YA READY KIDS,offensive_language,0.044693190198785135,0.5583750520720329,0.39693175772918193
i don't watch the whole episode... i just watch the recap,neither,0.04213110183414045,0.3214450483685434,0.6364238497973161
proxCRY Kiri,neither,0.03945320844208391,0.33037608806864915,0.630170703489267
testing my new ps4 keyboard! Still need to get used to button position,neither,0.040664715127872134,0.33504326763902653,0.6242920172331015
I want that doll!,neither,0.035393652922490276,0.37297064966608934,0.5916356974114203
Kiri BibleThump,neither,0.03945320844208391,0.33037608806864915,0.630170703489267
Hey! Just in time. I've only missed part of the recap.,neither,0.021988103174236658,0.3335068332993,0.6445050635264633
never noticed the jester doll before,neither,0.0328863836335013,0.3986541338631582,0.5684594825033406
KIRI,neither,0.03945320844208391,0.33037608806864915,0.630170703489267
oooh kiri!!!! <3,neither,0.03945320844208391,0.33037608806864915,0.630170703489267
Grats @AidanKells,neither,0.03945320844208391,0.33037608806864915,0.630170703489267
Kiri BibleThump,neither,0.03945320844208391,0.33037608806864915,0.630170703489267
Bidet from dallas!,neither,0.04081748366884477,0.3072207769958956,0.6519617393352596
Bidet from Boston!,neither,0.040769555981420263,0.3080342349327864,0.6511962090857933
KIRIIIIIIIIII,neither,0.03945320844208391,0.33037608806864915,0.630170703489267
BibleThump,neither,0.03945320844208391,0.33037608806864915,0.630170703489267
first time watching live...,neither,0.03513206370154816,0.3516282956383994,0.6132396406600524
I'M STILL CRYING,neither,0.03819901930280942,0.3516629509349646,0.610138029762226
,neither,0.03945320844208391,0.33037608806864915,0.630170703489267
BibleThump,neither,0.03945320844208391,0.33037608806864915,0.630170703489267
BibleThump,neither,0.03945320844208391,0.33037608806864915,0.630170703489267
I need those funko pops,neither,0.06900116257994823,0.24841051375566295,0.6825883236643889
"@hidinginthornbushes ty, you're cute too <3",neither,0.08236598231532155,0.31786159328282043,0.5997724244018581
BibleThump BibleThump BibleThump BibleThump BibleThump BibleThump BibleThump BibleThump BibleThump BibleThump BibleThump BibleThump BibleThump BibleThump BibleThump,neither,0.03945320844208391,0.33037608806864915,0.630170703489267
Here in Maine too!!,neither,0.08819036357399514,0.29558289703559987,0.6162267393904051
KIRI!,neither,0.03945320844208391,0.33037608806864915,0.630170703489267
where's the amazing beauyasha moment in the recap smh,neither,0.04886855825964153,0.28328869920453986,0.6678427425358187
KIRI BibleThump BibleThump BibleThump BibleThump,neither,0.03945320844208391,0.33037608806864915,0.630170703489267
or both at the begining to introduce us to our newest critter,neither,0.07437149223291917,0.3243570613676851,0.6012714463993958
bye kiri,neither,0.03945320844208391,0.33037608806864915,0.630170703489267
bidet from kentucky !!,neither,0.04071751644889743,0.3089174816120565,0.6503650019390461
BibleThump,neither,0.03945320844208391,0.33037608806864915,0.630170703489267
Bidet from Mississippi!,neither,0.040754399270683486,0.3082914838698526,0.650954116859464
Kiri :( :( :(,neither,0.03945320844208391,0.33037608806864915,0.630170703489267
this was sooooo sad,neither,0.03923782812527299,0.3340316541427659,0.6267305177319611
BibleThump,neither,0.03945320844208391,0.33037608806864915,0.630170703489267
oh no baby,neither,0.045477501134355454,0.2816921984589833,0.6728303004066613
i miss kiri already ;~;,neither,0.029499595107549542,0.3576117827012822,0.6128886221911682
KIRI!!!!!! Imma miss her,offensive_language,0.023413666636683896,0.5905101918003367,0.3860761415629794
BibleThump,neither,0.03945320844208391,0.33037608806864915,0.630170703489267
I had tears in my eyes,neither,0.03040004244000212,0.38386196660612404,0.5857379909538738
AYE AYE CAPTAIN,neither,0.03945320844208391,0.33037608806864915,0.630170703489267
BibleThump,neither,0.03945320844208391,0.33037608806864915,0.630170703489267
lobosSad,neither,0.03945320844208391,0.33037608806864915,0.630170703489267
KIRI,neither,0.03945320844208391,0.33037608806864915,0.630170703489267
GivePLZ SabaPing TakeNRG,neither,0.03945320844208391,0.33037608806864915,0.630170703489267
he probably took the table so she has to use the couch,neither,0.023811806622815263,0.45163403761418003,0.5245541557630048
Kiri BibleThump BibleThump BibleThump BibleThump,neither,0.03945320844208391,0.33037608806864915,0.630170703489267
Hello All,neither,0.04217753453783664,0.43734383323855475,0.5204786322236087
thefeels!,neither,0.03945320844208391,0.33037608806864915,0.630170703489267
:(,neither,0.03945320844208391,0.33037608806864915,0.630170703489267
TearGlove TearGlove TearGlove,neither,0.03945320844208391,0.33037608806864915,0.630170703489267
beep beep from detroit,neither,0.04080695066346891,0.3073995495860776,0.6517934997504536
Bidet from Ontario!,neither,0.04062582848913359,0.31047366557575606,0.6489005059351104
@melqueque AI AI CAPTAIN,neither,0.03945320844208391,0.33037608806864915,0.630170703489267
that was so SAAAD BibleThump,offensive_language,0.03220989497366466,0.49220612108714534,0.47558398393919
nope not again stop MATT,neither,0.03676281742571834,0.42187755766096247,0.5413596249133191
KIRI!!,neither,0.03945320844208391,0.33037608806864915,0.630170703489267
BibleThump,neither,0.03945320844208391,0.33037608806864915,0.630170703489267
I miss KIRI😭,neither,0.02789410451089843,0.33435179396025927,0.6377541015288424
BibleThump,neither,0.03945320844208391,0.33037608806864915,0.630170703489267
vbvcbvcbcvb,neither,0.03945320844208391,0.33037608806864915,0.630170703489267
Oh Kiri :(,neither,0.051363287716059566,0.22255663153133606,0.7260800807526044
NOOOOOOOOO BibleThump BibleThump BibleThump,neither,0.03945320844208391,0.33037608806864915,0.630170703489267
Don't eat people ok?,neither,0.07760601505326897,0.327025141060904,0.595368843885827
KIRI,neither,0.03945320844208391,0.33037608806864915,0.630170703489267
I AM KIRI! <3,neither,0.03902346103501681,0.3305238979082658,0.6304526410567174
is it announced if Rothfuss is guest ? he was on the wed. show :D,neither,0.045237908769111226,0.311413001874521,0.6433490893563678
i am kiri auughghghguhghug,neither,0.03902346103501681,0.3305238979082658,0.6304526410567174
Nott an emotional episode.,neither,0.03975930013286325,0.32518091324046683,0.63505978662667
real tears were had..,neither,0.03312704515217974,0.4248316220597294,0.542041332788091
BibleThump,neither,0.03945320844208391,0.33037608806864915,0.630170703489267
BibleThump BibleThump BibleThump BibleThump,neither,0.03945320844208391,0.33037608806864915,0.630170703489267
D:,neither,0.03945320844208391,0.33037608806864915,0.630170703489267
Bidet from Vancouver BC,neither,0.041095261662497835,0.30250615950080734,0.6563985788366947
Aaaaaaaa I miss Kira!!!!!,neither,0.02789410451089843,0.33435179396025927,0.6377541015288424
this moment made me cry,neither,0.03246162927973021,0.3691945792417444,0.5983437914785253
BibleThump,neither,0.03945320844208391,0.33037608806864915,0.630170703489267
Bidet from MN,neither,0.040737273169946825,0.30858215849491494,0.6506805683351382
:( :(,neither,0.03945320844208391,0.33037608806864915,0.630170703489267
ME TOOO,neither,0.0313868601768065,0.37441877101615234,0.5941943688070411
Bidet from louisville KENTUCKY!,neither,0.04038434874462851,0.31457220705192124,0.6450434442034502
My body is ready,neither,0.03405984045513004,0.42505863100050806,0.540881528544362
MARISHAS FACE SAME,neither,0.040828388636017086,0.34289894938811954,0.6162726619758634
Bidet from Wisconsin!,neither,0.04071751644889743,0.3089174816120565,0.6503650019390461
Crying in the club,neither,0.038434263706614395,0.3116714339130452,0.6498943023803404
NOOOOOOOOOOOO,neither,0.03945320844208391,0.33037608806864915,0.630170703489267
bidet from nj,neither,0.04069404815304118,0.30931579984010865,0.6499901520068502
IM TOO SAD THAT KIRI IS GONE,neither,0.04195920477243363,0.40548752787599573,0.5525532673515705
Kiriiiiiiiiiiiiiiiiiii,neither,0.03945320844208391,0.33037608806864915,0.630170703489267
Kiri will return for revenge,neither,0.03523855651196087,0.28281517561539776,0.6819462678726412
Kiiiiri!!! :(,neither,0.03945320844208391,0.33037608806864915,0.630170703489267
sameee,neither,0.03945320844208391,0.33037608806864915,0.630170703489267
I miss Kiri already!!,neither,0.029499595107549542,0.3576117827012822,0.6128886221911682
bidet from Dallas,neither,0.04081748366884477,0.3072207769958956,0.6519617393352596
crying while wearing a stupid Burt Renolds moustache,neither,0.10373015832078838,0.23838453978785898,0.6578853018913525
BibleThump BibleThump BibleThump BibleThump BibleThump KIRI.....,neither,0.03945320844208391,0.33037608806864915,0.630170703489267
I was really confused for a second,neither,0.033805006393825957,0.304534588503773,0.6616604051024011
dani XD,neither,0.03945320844208391,0.33037608806864915,0.630170703489267
lmao danni,neither,0.03705015143476208,0.3711622369619404,0.5917876116032975
