text,top_class,hate_speech,offensive_language,neither
"@DJPheonyx Thanks, and they have.",neither,0.03577120558589045,0.2744070673303302,0.6898217270837794
We have the best crew in the G&S studios!,neither,0.036664846909625945,0.30662172033039503,0.6567134327599791
audio....,neither,0.03945320844208391,0.33037608806864915,0.630170703489267
Eyoo,neither,0.03945320844208391,0.33037608806864915,0.630170703489267
YAY!,neither,0.03945320844208391,0.33037608806864915,0.630170703489267
wondering if it is the same issues Wednesday Club had,neither,0.031180438670609253,0.35774191552727574,0.6110776458021149
"Little hitchy, but getting better.",neither,0.03091710413722198,0.4268769327676672,0.5422059630951109
Phew I thought It was just me,neither,0.027670588472576228,0.2823586228898683,0.6899707886375556
this intro is great,neither,0.045229502503104674,0.3051303411694129,0.6496401563274825
someone needs to put the hamsters to the lash....,neither,0.051686413791668204,0.2927796819597228,0.655533904248609
gandsGnSLadders gandsSaxHype gandsRyanHype,neither,0.03945320844208391,0.33037608806864915,0.630170703489267
"Stream is great though, was just the intro.",neither,0.03952880348864763,0.3165395534088467,0.6439316431025057
Wednesday Club...*tear drop*,neither,0.046600933871764935,0.3279176575301256,0.6254814085981095
Hi Ryan and Hector!,neither,0.03865039986561582,0.28968446037165835,0.6716651397627258
"Alright, new person here, hello everyone. Now... See you all in 3 hours. I'm going to bed because I live in the UK and I'm just here for the Critical Role and it's midnight right now so NIGHT!",neither,0.06853513395308294,0.33278024191873185,0.5986846241281852
Hector's mic is a touch hot,neither,0.04694635624369675,0.3277988509368672,0.625254792819436
"Help G&S make great content! $4.99/month gets you emotes, Minecraft server access, sub-only VODs, and more! Every sub keeps the channel alive! twitch.tv/geekandsundry/subscribe",neither,0.043907990691603095,0.31135964332838284,0.644732365980014
Dressed up and dressed down..... Good Lore/Bad Lore ;P,neither,0.03474022500096586,0.3371229285989112,0.6281368464001229
gandsRyanHype gandsRyanHype gandsRyanHype gandsRyanHype gandsRyanHype gandsRyanHype gandsRyanHype gandsRyanHype gandsRyanHype gandsGnSLadders gandsGnSLadders gandsGnSLadders gandsGnSLadders gandsGnSLadders gandsGnSLadders gandsGnSLadders gandsGnSLadders gandsGnSLadders,neither,0.03945320844208391,0.33037608806864915,0.630170703489267
@later @MechaHaxGames,neither,0.03945320844208391,0.33037608806864915,0.630170703489267
"I love An American Weerewolf in London, and the classic Universal creature feature, Wolfman. But my favorite werewolf movie is Ginger Snaps.",neither,0.03666615704210738,0.30700550679361127,0.6563283361642813
Oh hey @guerulfus lookit that.,neither,0.04100596902990161,0.3195870707326877,0.6394069602374106
Therewolves!,neither,0.03945320844208391,0.33037608806864915,0.630170703489267
Werewolfs Where here Kappa,neither,0.09031931168471552,0.2618361905979112,0.6478444977173733
wear woofs?,neither,0.03945320844208391,0.33037608806864915,0.630170703489267
Anyone else suddenly want Taquitos....?,neither,0.03961751823294423,0.32758732210336594,0.6327951596636899
"New here, is it normal for the audio to be slightly behind?",neither,0.07332255134340863,0.23034078645174047,0.6963366622048508
Talk about weer,neither,0.02148550705771348,0.36457864264787204,0.6139358502944146
THERE... WOLF.,neither,0.039373109468880785,0.28100711473377177,0.6796197757973476
Werewolf? There wolf,neither,0.039385150797769664,0.2939235625222631,0.6666912866799672
Where wolves? here. Here wolves!,neither,0.0960553223641796,0.270943364117475,0.6330013135183454
I prefer Werewolves to Right-Therewolves.,neither,0.046073073061133,0.346791217222098,0.607135709716769
Herewolves,neither,0.03945320844208391,0.33037608806864915,0.630170703489267
@stargazer1977 I agree,neither,0.03945320844208391,0.33037608806864915,0.630170703489267
YAY,neither,0.03945320844208391,0.33037608806864915,0.630170703489267
"Werewolves, not swearwoves!",neither,0.03554889144452836,0.3454295093440936,0.619021599211378
"@super390 There, castle?",neither,0.03937607490075162,0.2849507453636636,0.6756731797355848
Love her hair,offensive_language,0.02513992278012551,0.642094385655478,0.33276569156439645
I can't wait til they explain how werewolf mythos proves sparkly vampires can be a thing,neither,0.03997003070717219,0.3275111522167471,0.6325188170760807
Funky green hair,neither,0.04054539183501159,0.3048177291302118,0.6546368790347766
Love that she also did her eyebrows the same green. That's a very nice touch.,offensive_language,0.03016180561397529,0.5305949592588955,0.4392432351271292
@stargazer1977 right?,neither,0.03719022913728602,0.3744360956046963,0.5883736752580178
"I have an idea for an episode of Loremasters. I want to suggest it, but don't want to blast it on something like Twitter",neither,0.042577847319761,0.3775282388168612,0.5798939138633777
what if that is her natural hair color and she just dyes the roots...,offensive_language,0.02586907296634376,0.5345674057157995,0.4395635213178568
I want to eat the taquitos on the table.,neither,0.040967202517189466,0.3111056106692144,0.6479271868135962
Then I would say she is related to Osiris.,neither,0.0552404627412237,0.39526820451890027,0.549491332739876
Wolfman's got nards!,neither,0.035663549208680506,0.47102480100978333,0.4933116497815363
I always love the Anime colored hair.,neither,0.038331751368816065,0.14550641121177807,0.816161837419406
when does CR start?,neither,0.021388967720630144,0.47538899325731604,0.503222039022054
Mac's appearances on Happy Jack's RPG podcast (and its accompanying RPG campaigns) are always delightful and entertaining.,neither,0.04442830658368318,0.2997251486817526,0.6558465447345642
@germandrewboat 2 hours,neither,0.03945320844208391,0.33037608806864915,0.630170703489267
That color of green was his color in Egyptian mythology. Hence why many cultures associate green with the underworld or death.,neither,0.03806069091521216,0.34317379285715044,0.6187655162276374
thank you!,neither,0.07325166854587051,0.43632638485078484,0.49042194660334476
He was also the Egyptian god of the underworld.,neither,0.04299779740116594,0.29982422944948445,0.6571779731493497
it had to be the universal movies,neither,0.04328950809476007,0.3170005574092719,0.639709934495968
Literal food groups in the cereal aisle,neither,0.038772500232252864,0.3179977869057126,0.6432297128620347
@germandrewboat i mean 3 hours,neither,0.03945320844208391,0.33037608806864915,0.630170703489267
"@otherdoc, she's on HJ tomorrow.",neither,0.03739566937728971,0.476236304277287,0.4863680263454232
"BooBerry, ya'll",offensive_language,0.020730940077770262,0.6929551195008575,0.2863139404213722
Hector with the excellent questions,neither,0.029111422199009137,0.3489131577301481,0.6219754200708427
"Almost all those Universal horror movies, the creature is very relatable and often the hero of the story.",neither,0.052829900732214954,0.2863243098836093,0.6608457893841758
That is true of Wolfman and many others.,neither,0.042215170991623224,0.32924038074886175,0.6285444482595149
"yar, Hector is a terrific interviewer",neither,0.081172750358939,0.3160268245287109,0.60280042511235
"hey, my subscription ran out for a couple days, i've resubscribed but I've been kicked off the discord, can I get the link again, please?",neither,0.01363855054614223,0.3530483876246124,0.6333130618292454
also why Old Yeller was such a moving story...,neither,0.03110002551468784,0.3404172876194771,0.6284826868658352
gandsOwlbear,neither,0.03945320844208391,0.33037608806864915,0.630170703489267
!discord,neither,0.03945320844208391,0.33037608806864915,0.630170703489267
We have a subscriber-only Discord server! Join here: https://discord.gg/geekandsundry (you'll need to sub and link it to your Twitch) and be a part of the fun!...Warning: It can take up to an hour for the server to update and give you access to the channels,neither,0.08464076273808444,0.286394834032893,0.6289644032290227
@Arsoncrafts Cool! I've been trying to tune into that more now that I've figured out the basics of Twitch. lol I'm terribly behind on the podcast and only just recently finished watching their Mote of Sin Vampire campaign.,neither,0.020551512922376395,0.35096508010880484,0.6284834069688188
We have a subscriber-only Discord server! Join here: https://discord.gg/geekandsundry (you'll need to sub and link it to your Twitch) and be a part of the fun!...Warning: It can take up to an hour for the server to update and give you access to the channels,neither,0.08464076273808444,0.286394834032893,0.6289644032290227
thanks,neither,0.035884468650613,0.3004919205142699,0.6636236108351171
Werewolf by night is great :D,neither,0.03818031583785571,0.3420219698730744,0.6197977142890698
So I guess you love the twilight series,neither,0.050491594003944415,0.42607350976038,0.5234348962356756
"Help G&S make great content! $4.99/month gets you emotes, Minecraft server access, sub-only VODs, and more! Every sub keeps the channel alive! twitch.tv/geekandsundry/subscribe",neither,0.043907990691603095,0.31135964332838284,0.644732365980014
Remus Lupin?,neither,0.03945320844208391,0.33037608806864915,0.630170703489267
"Jack Russell, because Jack Russell Terrier",neither,0.03945320844208391,0.33037608806864915,0.630170703489267
"Yeah, that classic catholic guilt.",neither,0.025682489700228225,0.4352169880210157,0.539100522278756
It's rather infamous.,neither,0.03807589562468781,0.3308498091040608,0.6310742952712515
Catholic self loathing? Check... and can confirm it exists,neither,0.03810702377786236,0.3001016541668966,0.6617913220552409
#OFFTOPIC,neither,0.03945320844208391,0.33037608806864915,0.630170703489267
"Common confusion though, Rahne isn't a catholic but a Scots Presbyterian.",neither,0.03692113577187816,0.33785031445871205,0.6252285497694098
Different podast,neither,0.03945320844208391,0.33037608806864915,0.630170703489267
Off topic is on topic on this channel!,neither,0.040371526800309865,0.3443592718485904,0.6152692013510997
QUESTION: Shifters have risen through the warewolf group as it were before coming into their own. When and how did shifters start becoming their own group?,neither,0.04932129824079997,0.35341821529407297,0.5972604864651271
What color traffic light causes werewolf transformations?,neither,0.04370840970742088,0.3276314341045704,0.6286601561880089
When do we talk about Ginger Snaps?,neither,0.018961203755982144,0.401795791391754,0.5792430048522639
is it so hard to just make driving accessible for color blind people???,neither,0.049529484591806644,0.47306401286948596,0.4774065025387074
Is there critical role tonight or are they still off?,neither,0.05996639799450616,0.26657606814430107,0.6734575338611928
yes,neither,0.03945320844208391,0.33037608806864915,0.630170703489267
QUESTION: What is your favorite non-wolf Were-creature?,neither,0.06837266213893221,0.307600883355852,0.6240264545052158
should be back tonight,neither,0.051112900013701876,0.3439751937517156,0.6049119062345826
@JacobMeredith1991 In 2 hours 45 minutes,neither,0.03945320844208391,0.33037608806864915,0.630170703489267
@JacobMeredith1991 There will be new CR tonight in new studio,neither,0.04266877184344397,0.17777926501331281,0.7795519631432433
"I like werewolves, and I love Ginger Snaps, but my favorite lycanthropes are werepanthers.",neither,0.04981353654012095,0.36122451674115685,0.5889619467187223
What about wolfweres,neither,0.04753712308015706,0.3758554328400185,0.5766074440798244
WereBuffalo,neither,0.03945320844208391,0.33037608806864915,0.630170703489267
"from the expanded Werewolf the Apocalypse, were-dinos, werebears and werecrocs are my favs",neither,0.044934926287417555,0.28278186617799833,0.6722832075345841
WereDolphins? can exist?,neither,0.03982433299974879,0.3240771357671611,0.6360985312330901
I once ran a Deadlands campaign with werebison in it. They were rather minotaur-like. :),neither,0.03709901229671303,0.35272644400114955,0.6101745437021373
Or the lizard man in the xfiles reboot,neither,0.03811310376519674,0.35039573455091166,0.6114911616838916
"Cat People was an amazing movie, one of my favorite classic horror movies.",neither,0.046864927904510655,0.37090075027756503,0.5822343218179242
"Cat People is mostly about fear of female sexuality, much like Ginger Snaps is.",neither,0.0663983348320125,0.3657963073668092,0.5678053578011782
I wonder how much of it comes from the time there were multiple homo-species around,neither,0.09556373937236673,0.27256384470973083,0.6318724159179024
I was a fan of the werebear and weredragon in Altered Beast.,neither,0.03796607973184271,0.2833357056936499,0.6786982145745073
Or they were supernatural animals who could pretend to be human,neither,0.1187165817132412,0.25578757169210237,0.6254958465946564
Stephen King's Silver Bullet was and is a great book/movie,neither,0.043412072140561676,0.27440356104663494,0.6821843668128034
Want the inside scoop? Join the cast of Critical Role and discuss this episode right here on Talks Machina. Tuesdays 7pm Pacific at twitch.tv/geekandsundry and projectalpha.com,neither,0.04630302093207864,0.22484473131932575,0.7288522477485957
Ergot poisoning!,neither,0.03945320844208391,0.33037608806864915,0.630170703489267
bUTT,neither,0.04895097686417551,0.40990917803974275,0.5411398450960817
LUL,neither,0.03945320844208391,0.33037608806864915,0.630170703489267
@Zismarith The werebear in Altered Beast made me feel as though only I could prevent Forest Fires. :D,neither,0.03386956030013413,0.36152043653433646,0.6046100031655293
Also eating human flesh to become,neither,0.14606057058556587,0.20854215055368802,0.6453972788607462
@splattercatt HA!!,neither,0.03945320844208391,0.33037608806864915,0.630170703489267
"A lot of that was just crap spread around by The Witch's Hammer, what a horrible book.",neither,0.03780789246139618,0.3731796164310254,0.5890124911075785
Killed a whole lot of people.,neither,0.06878640936125349,0.3274485566407213,0.6037650339980251
literally demonized.,neither,0.03945320844208391,0.33037608806864915,0.630170703489267
Mallus Maleficarum boooy,neither,0.03945320844208391,0.33037608806864915,0.630170703489267
i.e. turned into demons,neither,0.03945320844208391,0.33037608806864915,0.630170703489267
