text,top_class,hate_speech,offensive_language,neither
@laternalux Thank you,neither,0.07325166854587051,0.43632638485078484,0.49042194660334476
AAAAAAAAAAAAA,neither,0.03945320844208391,0.33037608806864915,0.630170703489267
aaa,neither,0.03945320844208391,0.33037608806864915,0.630170703489267
<3 <3 <3,neither,0.03945320844208391,0.33037608806864915,0.630170703489267
gandsTribble gandsTribble gandsTricorder gandsTricorder gandsHappy gandsHappy,neither,0.03945320844208391,0.33037608806864915,0.630170703489267
,neither,0.03945320844208391,0.33037608806864915,0.630170703489267
@ovr4tee omg that means id be alive,neither,0.036682716264834526,0.36721710294007726,0.5961001807950882
:(,neither,0.03945320844208391,0.33037608806864915,0.630170703489267
vieHype,neither,0.03945320844208391,0.33037608806864915,0.630170703489267
gandsTwenty gandsTwenty gandsTwenty gandsTwenty gandsTwenty gandsTwenty gandsTwenty gandsTwenty gandsTwenty gandsTwenty gandsTwenty gandsTwenty gandsTwenty gandsTwenty gandsTwenty gandsTwenty gandsTwenty gandsTwenty gandsTwenty,neither,0.03945320844208391,0.33037608806864915,0.630170703489267
Even the lighting is sad!,neither,0.04487784991268356,0.32746419386862224,0.6276579562186942
cryingggg,neither,0.03945320844208391,0.33037608806864915,0.630170703489267
Not ready! BibleThump,neither,0.03741288854270606,0.3380962759290845,0.6244908355282094
AAaa gandsTribble,neither,0.03945320844208391,0.33037608806864915,0.630170703489267
aaaaa gandsHug gandsHug gandsHug,neither,0.03945320844208391,0.33037608806864915,0.630170703489267
Your Combadge is crooked!,neither,0.09888702653262268,0.3125716165411793,0.5885413569261979
oh no,neither,0.04751210705993949,0.26629718932274826,0.6861907036173122
oops,neither,0.03945320844208391,0.33037608806864915,0.630170703489267
the past 24 hrs have already been so bittersweet,neither,0.03767854196428161,0.3665930541723711,0.5957284038633475
STO crew all jumping to find the Sally Ride!,neither,0.04907096580252008,0.2938636083007072,0.6570654258967729
LOL,neither,0.020706217963973744,0.4882283491876925,0.4910654328483337
awwwwwww,neither,0.03945320844208391,0.33037608806864915,0.630170703489267
aaaaaaaaaaahhhhh,neither,0.03945320844208391,0.33037608806864915,0.630170703489267
Mala no,neither,0.03852177801590115,0.3461848932406789,0.6152933287434199
That's fair.,neither,0.03429482415267468,0.38679306881498526,0.5789121070323401
mala plz,neither,0.03945320844208391,0.33037608806864915,0.630170703489267
gandsFacepalm gandsHappy gandsPencil gandsHug gandsTricorder gandsTribble,neither,0.03945320844208391,0.33037608806864915,0.630170703489267
AAAAAAAAAAAAAAAAAAAAAAA,neither,0.03945320844208391,0.33037608806864915,0.630170703489267
Oh gina,neither,0.051363287716059566,0.22255663153133606,0.7260800807526044
mala!,neither,0.03945320844208391,0.33037608806864915,0.630170703489267
lol,neither,0.020706217963973744,0.4882283491876925,0.4910654328483337
I am prepared,neither,0.03923542281563193,0.3304509945322771,0.630313582652091
Gina plz,neither,0.03945320844208391,0.33037608806864915,0.630170703489267
What? Where'd everybody go?,neither,0.05055046433069939,0.29162705492154456,0.6578224807477561
WHAT!!!!,neither,0.057770773616808734,0.3180719994247239,0.6241572269584672
MALA SHOW,neither,0.05611125562208515,0.24999087851708224,0.6938978658608326
what,neither,0.057770773616808734,0.3180719994247239,0.6241572269584672
they got eat,neither,0.03745091768612323,0.40279146306615643,0.5597576192477205
gina looks so cute,neither,0.04201701989643675,0.34869710878917487,0.6092858713143884
she looks tatood,offensive_language,0.042092933833423454,0.48143531522516575,0.47647175094141064
I expected this,neither,0.03933437660267604,0.33239297450978883,0.6282726488875351
lol,neither,0.020706217963973744,0.4882283491876925,0.4910654328483337
We still love you Gina!,neither,0.05813132291245476,0.45386647280487474,0.4880022042826703
XD Mala,neither,0.03945320844208391,0.33037608806864915,0.630170703489267
nomnomnom,neither,0.03945320844208391,0.33037608806864915,0.630170703489267
Ugh she looks so gooood,offensive_language,0.04118009869926953,0.4823931334561728,0.47642676784455773
@shidareAKI Dot!,neither,0.03945320844208391,0.33037608806864915,0.630170703489267
Im already sad!,neither,0.03722357986844107,0.3887751684667327,0.5740012516648262
yeah saw that coming from the first ep gina came on.,neither,0.022331321901740715,0.4151884565020367,0.5624802215962226
I'm already sad,neither,0.03806040151829871,0.3540156565017013,0.60792394198
oh man are they doing individual sessions?!,neither,0.06743643559830292,0.30119835726473565,0.6313652071369613
"For those in STO, the Sally Ride is in orbit around Narendra 2.",neither,0.057678466093808,0.24643992650311486,0.695881607403077
Ohno,neither,0.03945320844208391,0.33037608806864915,0.630170703489267
Oh this should be fun,neither,0.06345093023733797,0.32193040638241116,0.614618663380251
"@morpheus930 expecting the unexpected, hah, I get it! :P",neither,0.037055578791957755,0.3243677611125872,0.6385766600954551
gina's look is so cool,neither,0.05342704568316965,0.3844166690219785,0.5621562852948518
@shidareAKI Hello! Nice to see you again! :3,neither,0.06075621825423007,0.39918692837343217,0.5400568533723379
wtf.....,offensive_language,0.04410695246022759,0.7898861884776351,0.16600685906213722
Though I've not been able to watch all of this show. My heart is sad. <3,neither,0.03440733127639953,0.36614821810533915,0.5994444506182612
Mala Ren is apparently just back from 1983. :p,neither,0.041832089741029525,0.33070836476580134,0.6274595454931691
"Yeah, Gina looks incredible.",neither,0.024077944897361928,0.4367931192232827,0.5391289358793554
"@perfectcosima That would be the sensible explanation, so let's just reject that idea ;)",neither,0.02531909542630157,0.4141790298826799,0.5605018746910185
"Ah, a retrospective episode. Interesting.",neither,0.03945320844208391,0.33037608806864915,0.630170703489267
"Oh, yay! <3",neither,0.045695983327835026,0.2713197213800484,0.6829842952921167
What's the schedule for Critical Role during the weekend people?,neither,0.05389137936314638,0.29145380212710237,0.6546548185097513
one more SHIELD :P,neither,0.041251912906616034,0.3703256272208038,0.5884224598725802
So much crying that night,neither,0.0255098078550154,0.41961390708880786,0.5548762850561767
Eric is unaware that his communicator pin is totally cockeyed :P,neither,0.06406595190127791,0.35223504559804586,0.5836990025006763
@harberst tru truee,neither,0.03945320844208391,0.33037608806864915,0.630170703489267
A GnS retrospecitve! that's so cool!,neither,0.03370500952970764,0.45829613352409315,0.5079988569461991
franki9Love vieHeart vieHug franki9Hi gandsLessthanthree franki9Love vieHeart vieHug franki9Hi gandsLessthanthree franki9Love vieHeart vieHug franki9Hi gandsLessthanthree franki9Love vieHeart vieHug franki9Hi gandsLessthanthree,neither,0.03945320844208391,0.33037608806864915,0.630170703489267
!rbschedule,neither,0.03945320844208391,0.33037608806864915,0.630170703489267
@collux13 We're not going to know until after Gather Your Party (since it'll probably run long).,neither,0.06669588928502479,0.3361512689190338,0.5971528417959414
Find the half-done rebroadcast schedule for the weekend here: http://bit.ly/WeekRebroadcast,neither,0.05654449423335806,0.18742391105300937,0.7560315947136326
WE FOUND HER,offensive_language,0.028133565060939718,0.6216373701359603,0.3502290648031
woo!,neither,0.03945320844208391,0.33037608806864915,0.630170703489267
WOOHOO!!!,neither,0.03945320844208391,0.33037608806864915,0.630170703489267
WHAT I'm camp counseling on the 27th!!!,neither,0.04070930384531058,0.32471464503621134,0.6345760511184781
has been found,neither,0.03955015829289555,0.328730596081427,0.6317192456256774
WOOOO,neither,0.03945320844208391,0.33037608806864915,0.630170703489267
WE FOUND HER!,offensive_language,0.028133565060939718,0.6216373701359603,0.3502290648031
Hello,neither,0.03945320844208391,0.33037608806864915,0.630170703489267
Yay!,neither,0.03945320844208391,0.33037608806864915,0.630170703489267
WOO,neither,0.03945320844208391,0.33037608806864915,0.630170703489267
oooh,neither,0.03945320844208391,0.33037608806864915,0.630170703489267
Where!?,neither,0.04379278224195774,0.2567221952996476,0.6994850224583946
that was fast,neither,0.03421599787878812,0.3886345157146608,0.5771494864065511
Woo!!!,neither,0.03945320844208391,0.33037608806864915,0.630170703489267
I just found her!,offensive_language,0.023798573728455303,0.6436249838663916,0.33257644240515316
WhoooHooo!,neither,0.03945320844208391,0.33037608806864915,0.630170703489267
Found her :),offensive_language,0.027083496189863478,0.657337711029859,0.31557879278027745
of course she's been found,neither,0.04051944109636537,0.42057177653751654,0.538908782366118
"Oh man, I can't update with the stream on!",neither,0.032101821566478735,0.3615584840365359,0.6063396943969854
o.0,neither,0.03945320844208391,0.33037608806864915,0.630170703489267
i think we already found her,offensive_language,0.029956017142632334,0.5599298123107276,0.41011417054664
won't spoil but it was fun!,neither,0.03533107157748982,0.34106080203736744,0.6236081263851427
Not too hard to find,offensive_language,0.0378230549146654,0.5022004142942492,0.4599765307910853
WOOOOOOOOOO,neither,0.03945320844208391,0.33037608806864915,0.630170703489267
Last Shield *sad face*,neither,0.03945320844208391,0.33037608806864915,0.630170703489267
Who is her?,offensive_language,0.037907609622528385,0.7947785720056377,0.16731381837183387
"@harberst What's ""Gather Your Party?""",neither,0.07719901482476003,0.31744582410436717,0.6053551610708727
o/,neither,0.03945320844208391,0.33037608806864915,0.630170703489267
So where is everyone else????,neither,0.04264889383422443,0.44520988063303385,0.5121412255327416
!friday,neither,0.03945320844208391,0.33037608806864915,0.630170703489267
"FRIDAY (All Times Pacific) - BECAUSE SCIENCE: 3-4pm, Kyle takes your scientific questions and answers them using equations, pop culture, and more! | SHIELD OF TOMORROW: 4-7pm, Eric GMs our crew through wonderous adventures and exploration in space. | GATHER YOUR PARTY: 9-11pm, Erika Ishii hosts an awesome party! Party games, dancing, Rock Band with all your favorite people, and other crazy awesome stuff!",neither,0.06284356788348744,0.35404125162312045,0.5831151804933921
Mr. Eric! You are slightly out of uniform lillexiSmart,neither,0.06559630341056141,0.3404489623211976,0.593954734268241
STCC ?,neither,0.03945320844208391,0.33037608806864915,0.630170703489267
awwww Eric <3,neither,0.03945320844208391,0.33037608806864915,0.630170703489267
Mala ate them,neither,0.05286301866727836,0.32289078458878273,0.6242461967439389
Narendra System boys!!!. Captain T'Lan !!!!,neither,0.03945320844208391,0.33037608806864915,0.630170703489267
i really loved the cooperation betwen shield and STO... they did good. both of them. :),neither,0.048166534123406775,0.2821252451399453,0.669708220736648
Found the Sally Ride!,neither,0.03840183850345774,0.3110576016126578,0.6505405598838846
It will probably be very hot,neither,0.03876911200338434,0.3306002579491184,0.6306306300474972
called it,neither,0.03687705213569826,0.3312621463536148,0.6318608015106869
"Ah, okay...",neither,0.03945320844208391,0.33037608806864915,0.630170703489267
hopefully there will be a way to watch it for us not attending,neither,0.07246979782746121,0.2600602755043855,0.6674699266681534
Where is she?!,neither,0.06309507397392868,0.42303046825710744,0.5138744577689639
QUESTION: is that Gina or is it Murray F. Christmas again,neither,0.04508696542096047,0.374312737792338,0.5806002967867016
@fuffybutt lol,neither,0.020706217963973744,0.4882283491876925,0.4910654328483337
hehehe,neither,0.03945320844208391,0.33037608806864915,0.630170703489267
!whodat,neither,0.03945320844208391,0.33037608806864915,0.630170703489267
"Hopefully, the Sally Ride can be found on the PS4 version of STO",neither,0.03709114018229512,0.31819313622631606,0.6447157235913888
"GM Eric Campbell ( twitter.com/16BitEric ), with Amy Dallen ( twitter.com/enthusiamy ), Hector Navarro ( twitter.com/Hectorisfunny ), Sam de Leve ( twitter.com/ChaiKovsky ), Bonnie Gordon ( twitter.com/BonnieBellG ), Aliza Pearl ( twitter.com/AlizaPearl ) and Gina DeVivo ( twitter.com/PocketGina ).",neither,0.03656628259155547,0.46359893935151064,0.49983477805693394
@FuffyButt Nice :D,neither,0.03945320844208391,0.33037608806864915,0.630170703489267
We'll be at Gencon too if anyone wants their book signed by any of us...,neither,0.04503780725882969,0.4046508737475071,0.5503113189936631
"Tonight, on Mines n Starcrafts...",neither,0.03385401049499351,0.3210806786997369,0.6450653108052696
That would be awesome,neither,0.03490430551499995,0.375691734795222,0.5894039596897781
"@FuffyButt Allegedly Gina, but she did eat her costars so it could be Murray.",offensive_language,0.032022850829831084,0.5739382055583154,0.3940389436118534
lol @FuffyButt ;),neither,0.020706217963973744,0.4882283491876925,0.4910654328483337
where... wheres the rest of them?,neither,0.05244934429707109,0.28278282012717443,0.6647678355757546
GINA IS SO PRETTY,neither,0.052905918584915036,0.39644432730086904,0.550649754114216
"the whodat was made before they got eaten, sorry about that",neither,0.031694093164985115,0.4411021220014557,0.5272037848335592
The Eric and Gina show,neither,0.053753123553202525,0.1971470386889812,0.7490998377578164
Gina DeVivo is Awesome,neither,0.051604876223397336,0.3261965722966076,0.622198551479995
Clap,neither,0.03945320844208391,0.33037608806864915,0.630170703489267
@Shadowstorm_0 Mood,neither,0.03945320844208391,0.33037608806864915,0.630170703489267
I have no time but I’m super sad but excepted for this,neither,0.028767569075678727,0.35508117320564103,0.6161512577186802
o no,neither,0.036918905254960256,0.37338982715841207,0.5896912675866277
They need a band behind Gina but throughout the night there are fewer and fewer of them as the remaining get more and more scared.,neither,0.047660638889415796,0.26754236536422943,0.6847969957463548
Excited**,neither,0.03945320844208391,0.33037608806864915,0.630170703489267
gandsHug,neither,0.03945320844208391,0.33037608806864915,0.630170703489267
gandsApplaud gandsApplaud gandsApplaud gandsApplaud,neither,0.03945320844208391,0.33037608806864915,0.630170703489267
whaaaat new theme?,neither,0.04243593690040969,0.2564856178141279,0.7010784452854624
*makes note to stash STA book for signatures at GenCon*,neither,0.03896158156832326,0.32365258426452886,0.6373858341671479
gandsJohnson gandsDick,neither,0.03945320844208391,0.33037608806864915,0.630170703489267
vieHype,neither,0.03945320844208391,0.33037608806864915,0.630170703489267
I'm stress eating,neither,0.03945320844208391,0.33037608806864915,0.630170703489267
@Modiphius is in the chat!,neither,0.048763609860547556,0.30703633332195424,0.6442000568174983
GayPride <3 gandsApplaud,neither,0.03945320844208391,0.33037608806864915,0.630170703489267
Yay writer crew,neither,0.03945320844208391,0.33037608806864915,0.630170703489267
The question is how many times I will need to rewatch this episode because I miss things from crying,neither,0.04398388200079159,0.29627742604224044,0.659738691956968
Hi @Modiphius thanks for everything <3,neither,0.03231503403209795,0.2892896660150335,0.6783952999528686
<3 @Hertzorciphers truly our pleasure.,neither,0.03945320844208391,0.33037608806864915,0.630170703489267
"Since this episode is 30 years in the future....:SPOILER ALERT"".... Only Mala Ren survived to the end",neither,0.0451024895740222,0.3139878429009172,0.6409096675250607
(dooo eeeeet!),neither,0.03945320844208391,0.33037608806864915,0.630170703489267
It's Late Night somewhere show starring Eric and Gina,neither,0.04142058338193473,0.25856008044540657,0.7000193361726587
"@Modiphius , you rock, looking forward to when my group will be able to play",neither,0.04299136009655345,0.4239538501322579,0.5330547897711886
Feels already here,neither,0.09171319110327462,0.3069817548787424,0.601305054017983
The Saving Throw penguins will help you through the pain of tonight.,neither,0.04591565124826146,0.3071942214442717,0.6468901273074669
haha,neither,0.03186685585600258,0.45913629025701075,0.5089968538869867
It wasn't THAT confusing having JCM and JCVIM on the same episode.,neither,0.0336110212728697,0.33466756601956665,0.6317214127075637
Brians are interchangeable ;),neither,0.07049609250566351,0.2782067879527085,0.651297119541628
B DAve,neither,0.03945320844208391,0.33037608806864915,0.630170703489267
awww @shidareAKI shoutout,neither,0.03945320844208391,0.33037608806864915,0.630170703489267
whoooo aki!!,neither,0.03945320844208391,0.33037608806864915,0.630170703489267
It meee,neither,0.037828236809968684,0.3309349903269868,0.6312367728630445
gandsLessthanthree gandsHecBird gandsHype gandsPencil gandsHappy gandsFacepalm,neither,0.03945320844208391,0.33037608806864915,0.630170703489267
AKI! <3,neither,0.03945320844208391,0.33037608806864915,0.630170703489267
lol,neither,0.020706217963973744,0.4882283491876925,0.4910654328483337
AKIIIIIIIIIIIIII,neither,0.03945320844208391,0.33037608806864915,0.630170703489267
All the awesome people!!!,neither,0.07965513108225013,0.38854403655581576,0.531800832361934
<3,neither,0.03945320844208391,0.33037608806864915,0.630170703489267
Taliesin Jaffe is my Favorite Guest,neither,0.034938799174361865,0.4092658799418488,0.5557953208837892
haha Gina,neither,0.03186685585600258,0.45913629025701075,0.5089968538869867
@shidareAKI Dot!,neither,0.03945320844208391,0.33037608806864915,0.630170703489267
gandsLessthanthree gandsLessthanthree gandsLessthanthree gandsLessthanthree,neither,0.03945320844208391,0.33037608806864915,0.630170703489267
@shidareAKI :D,neither,0.03945320844208391,0.33037608806864915,0.630170703489267
Scrunch Face,neither,0.03945320844208391,0.33037608806864915,0.630170703489267
!section31,neither,0.03945320844208391,0.33037608806864915,0.630170703489267
<message deleted>,neither,0.03945320844208391,0.33037608806864915,0.630170703489267
@shidareaki Yay,neither,0.03945320844208391,0.33037608806864915,0.630170703489267
Hahaha,neither,0.03945320844208391,0.33037608806864915,0.630170703489267
Call her out Eric,offensive_language,0.026946593917170792,0.5670471513519825,0.4060062547308468
Hehe that section 31 command is so good,neither,0.041375080529926986,0.3845372939883795,0.5740876254816935
RIP Marisha,neither,0.03945320844208391,0.33037608806864915,0.630170703489267
Monty Python,neither,0.03945320844208391,0.33037608806864915,0.630170703489267
Amy Scruchface (tm),neither,0.03945320844208391,0.33037608806864915,0.630170703489267
,neither,0.03945320844208391,0.33037608806864915,0.630170703489267
"And also, we were promised JODY HOUSER",neither,0.03900202995089772,0.2888683799037355,0.6721295901453669
Love you guys thank you for having me!,neither,0.050205331748278584,0.4413294763515441,0.5084651919001774
"we still had Taliesin for an ep, s'all good! ramaDerp",neither,0.034624677108242664,0.3668805761249582,0.598494746766799
ahhhhhhhh,neither,0.03945320844208391,0.33037608806864915,0.630170703489267
oh nice,neither,0.047157506312557065,0.25827831660427925,0.6945641770831636
WHAT,neither,0.057770773616808734,0.3180719994247239,0.6241572269584672
lol,neither,0.020706217963973744,0.4882283491876925,0.4910654328483337
^ whoop there it is.,neither,0.04668871182095619,0.2818933945219987,0.6714178936570452
WHAT,neither,0.057770773616808734,0.3180719994247239,0.6241572269584672
gandsPencil gandsPencil gandsPencil gandsPencil gandsPencil gandsPencil,neither,0.03945320844208391,0.33037608806864915,0.630170703489267
OH GOD,neither,0.047523175703714664,0.25506489023357065,0.6974119340627147
THE CUBE!,neither,0.03843498882663835,0.31168514531390124,0.6498798658594604
Nuuuuuhh Run,neither,0.03945320844208391,0.33037608806864915,0.630170703489267
i think ii heard a wild Sam in the background,neither,0.039207389751165576,0.31447658171104337,0.646316028537791
vieHype LOL,neither,0.020706217963973744,0.4882283491876925,0.4910654328483337
Pencil snap! :D,neither,0.03945320844208391,0.33037608806864915,0.630170703489267
haha!,neither,0.03186685585600258,0.45913629025701075,0.5089968538869867
The borg cube! That thing is so cool. My GM has one.,neither,0.03323746650198826,0.4401677633498076,0.5265947701482041
I guesa that means we need a live SoT at a future GenCon where Marishka guest stars!,neither,0.04017371743148359,0.3504578184796543,0.6093684640888621
That’s so cool!,neither,0.03370500952970764,0.45829613352409315,0.5079988569461991
:O,neither,0.03945320844208391,0.33037608806864915,0.630170703489267
:D,neither,0.03945320844208391,0.33037608806864915,0.630170703489267
We know you're back there Rue! We can hear you gandsPencil gandsPencil gandsPencil,neither,0.09226443262013989,0.3428049437114659,0.5649306236683943
OOOOHMY DM GODS,neither,0.03945320844208391,0.33037608806864915,0.630170703489267
sweet,neither,0.03945320844208391,0.33037608806864915,0.630170703489267
whats in the box!!!,neither,0.03854795638761667,0.31381313345237344,0.64763891016001
WHOA,neither,0.03945320844208391,0.33037608806864915,0.630170703489267
how the heck did it do the coding and include the code in my comment lmao,neither,0.03191768014375019,0.3368581601693959,0.6312241596868537
w...t...f....,neither,0.03945320844208391,0.33037608806864915,0.630170703489267
JEALOUS,neither,0.03945320844208391,0.33037608806864915,0.630170703489267
gandsPencil gandsPencil gandsPencil,neither,0.03945320844208391,0.33037608806864915,0.630170703489267
omfg,neither,0.03945320844208391,0.33037608806864915,0.630170703489267
I WANT ONE!!!!!!,neither,0.038266362255436365,0.3829191818153167,0.578814455929247
"Can't stay to watch live, but I've enjoyed the Ride with all you folks and look forward to seeing you in the next campaign. Enjoy the show, LLAP!",neither,0.04787127210116394,0.33250872211801996,0.6196200057808161
wait thats actually super awesome,neither,0.03945320844208391,0.33037608806864915,0.630170703489267
oh WOW!!!,neither,0.04699983224225219,0.25967008852857676,0.6933300792291711
it looks like it's gonna fall,neither,0.04535955897289618,0.39229602156716686,0.562344419459937
That's siiiiiiiiick,neither,0.026110925149043836,0.4791292047641166,0.4947598700868395
That is so frakking cool!,neither,0.04484023917792395,0.44498222505035095,0.5101775357717251
lmao,neither,0.03705015143476208,0.3711622369619404,0.5917876116032975
I WANT IT SO BAD,neither,0.033105543208465364,0.39531961324498827,0.5715748435465464
@Modiphius : what did you do?! What did you do!!!,neither,0.08380996394521646,0.39455261170724104,0.5216374243475425
Where is Sam?,neither,0.05248169861450362,0.2880304491668646,0.6594878522186318
Do not hug the cube,neither,0.03877931136572534,0.32060165820859127,0.6406190304256834
by all the DM gods i need that set,neither,0.037401866765121146,0.45748317120693116,0.5051149620279477
Hug the borg,neither,0.03827813141413388,0.3087027896769399,0.6530190789089262
gandsDrink gandsDrink gandsDrink gandsDrink gandsDrink gandsDrink gandsDrink gandsDrink gandsDrink gandsDrink gandsDrink gandsDrink gandsDrink gandsDrink gandsDrink gandsDrink gandsDrink gandsDrink gandsDrink gandsDrink gandsDrink gandsDrink gandsDrink gandsDrink gandsDrink gandsDrink gandsDrink gandsDrink,neither,0.03945320844208391,0.33037608806864915,0.630170703489267
Bahahahahaha,neither,0.03945320844208391,0.33037608806864915,0.630170703489267
gandsPencil,neither,0.03945320844208391,0.33037608806864915,0.630170703489267
O.o that face with the hug was a weird one XD,neither,0.027095894062007787,0.4041725471669571,0.568731558771035
Hugging a borg cube never went badly for anyone ever...,neither,0.03380728654172024,0.3359243372300567,0.630268376228223
ALWAYS hug the cube,neither,0.03724508887705756,0.3621299626474662,0.6006249484754763
Cube vieHype,neither,0.03945320844208391,0.33037608806864915,0.630170703489267
"That's it! The Borg just needed a hug all along! Problem solved! Take that, Q!",neither,0.031600341091757994,0.4270146509502333,0.5413850079580087
"Seriously, A-Plus packaging for that set",neither,0.03144365839135485,0.3399305448893039,0.6286257967193413
I want one! gandsPencil gandsPencil gandsPencil gandsPencil gandsPencil gandsPencil gandsPencil gandsPencil gandsPencil gandsPencil,neither,0.038266362255436365,0.3829191818153167,0.578814455929247
lol,neither,0.020706217963973744,0.4882283491876925,0.4910654328483337
Hugs for the hug inclined,neither,0.03454421066142405,0.2978767114667817,0.6675790778717943
resistance is futile.,neither,0.081172750358939,0.3160268245287109,0.60280042511235
RESISTANCE IS FUTILE! I WANT THAT SOOOO BADLY.,neither,0.04294412949780678,0.3602004442410723,0.5968554262611209
Bad Modiphius! Bad!,neither,0.03134487231026809,0.3331649166770195,0.6354902110127125
Where can we find the PO box address for G&S?,neither,0.038491003154903204,0.21891052499343863,0.7425984718516582
I so need to get myself a STA book,neither,0.04379053940583264,0.3659587293531181,0.5902507312410493
Always kiss the borg queen.,neither,0.036857344935173994,0.36773853787411626,0.5954041171907097
vieHype STO vieHype,neither,0.03945320844208391,0.33037608806864915,0.630170703489267
Also Thanks to Derin DePaul for NOT ROBBING A BANK,neither,0.03726026692812272,0.29929760607746864,0.6634421269944086
@HeartOfHandprints it's on the discord,neither,0.028992053094917907,0.3263222285112088,0.6446857183938732
WOOHOO!!! Star Trek Online,neither,0.03945320844208391,0.33037608806864915,0.630170703489267
!pobox,neither,0.03945320844208391,0.33037608806864915,0.630170703489267
"PO Box 11149 Burbank, CA 91510",neither,0.03945320844208391,0.33037608806864915,0.630170703489267
vieHype Crew vieHype,neither,0.03945320844208391,0.33037608806864915,0.630170703489267
Is sto canon?,neither,0.081172750358939,0.3160268245287109,0.60280042511235
Thanks! @perfectcosima!,neither,0.035884468650613,0.3004919205142699,0.6636236108351171
thats us!,neither,0.11033395020928906,0.3151684257117039,0.574497624079007
Is tonights episode just Gina? Not that I'm complaining lmao,neither,0.03668567308730517,0.39696518120414925,0.5663491457085457
,neither,0.03945320844208391,0.33037608806864915,0.630170703489267
Its funny to hear applause and then see empty seats,neither,0.03817575892430751,0.31398613546928195,0.6478381056064105
Yay crew!!!,neither,0.03945320844208391,0.33037608806864915,0.630170703489267
Hai!,neither,0.03945320844208391,0.33037608806864915,0.630170703489267
Love you too!!!!,neither,0.06519789771101576,0.45812500439255194,0.4766770978964323
<3 <3 <3,neither,0.03945320844208391,0.33037608806864915,0.630170703489267
YAAAY Best. Aux. Crew.,neither,0.038636327897866696,0.3235356355611162,0.6378280365410172
gandsLessthanthree AUX CREW gandsLessthanthree,neither,0.03945320844208391,0.33037608806864915,0.630170703489267
sax isn't producing?,neither,0.03945320844208391,0.33037608806864915,0.630170703489267
gandsTWC gandsTWC gandsTWC,neither,0.03945320844208391,0.33037608806864915,0.630170703489267
vieHype Aux Crew vieHype,neither,0.03945320844208391,0.33037608806864915,0.630170703489267
Yay us! :D,neither,0.09046414007004604,0.3201777324063325,0.5893581275236215
We have a subscriber-only Discord server! Join here: https://discord.gg/geekandsundry (you'll need to sub and link it to your Twitch) and be a part of the fun!...Warning: It can take up to an hour for the server to update and give you access to the channels,neither,0.08464076273808444,0.286394834032893,0.6289644032290227
gandsTWC gandsTribble gandsTWC,neither,0.03945320844208391,0.33037608806864915,0.630170703489267
gandsLessthanthree gandsLessthanthree gandsLessthanthree,neither,0.03945320844208391,0.33037608806864915,0.630170703489267
There is a whole armada of ships at <location redacted>,neither,0.0446489798022837,0.3145212989136047,0.6408297212841116
Hugs to the crew <3,neither,0.045163301955325634,0.31083015595851715,0.6440065420861573
Aux crew best crew,neither,0.038884465700022214,0.32561350956972657,0.6355020247302513
thank you EVERYONE.,offensive_language,0.05005704696736268,0.5225205948056224,0.4274223582270148
LOL,neither,0.020706217963973744,0.4882283491876925,0.4910654328483337
yay aux crew~,neither,0.03945320844208391,0.33037608806864915,0.630170703489267
LOL,neither,0.020706217963973744,0.4882283491876925,0.4910654328483337
lol,neither,0.020706217963973744,0.4882283491876925,0.4910654328483337
"@cljedi well showrunner for the whole channel, so kinda :P",neither,0.03405939664657374,0.32748072066581285,0.6384598826876133
30 years,neither,0.03945320844208391,0.33037608806864915,0.630170703489267
Who was that?,offensive_language,0.03362639930533797,0.5209673050980553,0.44540629559660666
LOL,neither,0.020706217963973744,0.4882283491876925,0.4910654328483337
there they are!,neither,0.08902510824879958,0.19351788552519833,0.7174570062260021
ahahah,neither,0.03945320844208391,0.33037608806864915,0.630170703489267
One last Sam is excited,neither,0.045861476207638835,0.3559667306149151,0.598171793177446
Credits are emotional dang it!,neither,0.06001411858424264,0.29116570468524566,0.6488201767305116
thank you sam!!!,neither,0.05928267023472002,0.3959589318032821,0.5447583979619978
I heard a Sam esploded!,neither,0.03945320844208391,0.33037608806864915,0.630170703489267
<3 !,neither,0.03945320844208391,0.33037608806864915,0.630170703489267
"All hail the crew. And yes, that includes the AUX crew.",neither,0.03682100024037042,0.34759375259233577,0.6155852471672938
the rest of the crew needs to get on stage to give gina hugs,neither,0.044225508139258775,0.31996223433895227,0.6358122575217889
ramaThump LAST INTRO ramaThump,neither,0.03945320844208391,0.33037608806864915,0.630170703489267
<3 <3 <3,neither,0.03945320844208391,0.33037608806864915,0.630170703489267
You guys rock!,neither,0.06194408353555311,0.3956240851158436,0.5424318313486033
if Sam is still excited we're not watching Shield of tomorrow,neither,0.039631766632329056,0.3614345395046587,0.5989336938630123
What happened to the desks any way?,neither,0.05130838485828861,0.30771421012211947,0.640977405019592
i'm so emotional rn,neither,0.039411052980629156,0.3761297314877588,0.584459215531612
"Help G&S make great content! $4.99/month gets you emotes, Minecraft server access, sub-only VODs, and more! Every sub keeps the channel alive! twitch.tv/geekandsundry/subscribe",neither,0.043907990691603095,0.31135964332838284,0.644732365980014
,neither,0.03945320844208391,0.33037608806864915,0.630170703489267
sam!!!,neither,0.03945320844208391,0.33037608806864915,0.630170703489267
aaaaaaand i'm crying,neither,0.03945320844208391,0.33037608806864915,0.630170703489267
He gave a shoutout to the Below Decks podcast... I'm crying here,neither,0.07620500349320689,0.2933540443370112,0.6304409521697818
"Despite being eaten, the voice of an excited Sam still lingers in the studio.",neither,0.035777797428254786,0.3327863650754301,0.6314358374963152
im at work and trying not to cry oh no,neither,0.0451294329712162,0.31523300007440763,0.6396375669543761
TEARS,neither,0.03945320844208391,0.33037608806864915,0.630170703489267
who says they are done up like in the into?,neither,0.07095899786886763,0.4043632137473462,0.5246777883837862
"@seratonia it wont be the last, sam will always be excited on Erics TBDRPG",neither,0.03642831118590187,0.35419352833474543,0.6093781604793528
@WelshAndyT gandsLessthanthree,neither,0.03945320844208391,0.33037608806864915,0.630170703489267
gandsApplaud gandsApplaud gandsApplaud gandsApplaud gandsApplaud,neither,0.03945320844208391,0.33037608806864915,0.630170703489267
@seratonia Sam will never stop being excited,neither,0.033492716870453375,0.42612700758572797,0.5403802755438186
@totallynotagoat3 Nuhuh she'll eat them -again-,neither,0.054671095976906045,0.4489893128206192,0.4963395912024746
Oh...not ready not ready not ready,neither,0.03998809669825603,0.31242627049755584,0.6475856328041881
what a great intro,neither,0.04282762970803383,0.3021342567165715,0.6550381135753945
"Hello new friends, just found this channel and this is so exciting!",neither,0.04270409944004088,0.2924138140729376,0.6648820864870214
!rbschedule,neither,0.03945320844208391,0.33037608806864915,0.630170703489267
Find the half-done rebroadcast schedule for the weekend here: http://bit.ly/WeekRebroadcast,neither,0.05654449423335806,0.18742391105300937,0.7560315947136326
@3venth0rizon senioritis?,neither,0.03945320844208391,0.33037608806864915,0.630170703489267
i am so upset right now,neither,0.03827756441320513,0.3921502550829638,0.5695721805038311
gandsTribble <3 gandsTribble,neither,0.03945320844208391,0.33037608806864915,0.630170703489267
In the words of Kelvin-Timeline Spock: I am emotionally compromised,neither,0.03864989336580886,0.3184086707053095,0.6429414359288816
vieHype @Modiphius vieHype franki9Love,neither,0.03945320844208391,0.33037608806864915,0.630170703489267
What a great outro! T_T,neither,0.04527084180987993,0.28713580023171237,0.6675933579584078
"Aux. Crew, GnS Crew, mods, all of you. Tons of millions of bundles of love to all of you. You make my life better!",offensive_language,0.054486538075509496,0.5089907826027096,0.43652267932178085
,neither,0.03945320844208391,0.33037608806864915,0.630170703489267
gandsHug s for the gandsHug inclined!,neither,0.03254860053960828,0.28467712773523957,0.6827742717251521
lol gina of tomorrow,neither,0.02921314465623589,0.4070394190992296,0.5637474362445345
LOL,neither,0.020706217963973744,0.4882283491876925,0.4910654328483337
"Have STO on one screen, stream on the other...can't stop looking at Sally in all her glory!",offensive_language,0.031097094537579507,0.5691059594294644,0.3997969460329562
Gina of tomorrow is the Best spin off,neither,0.04455063971046399,0.30940489212014394,0.6460444681693921
:D,neither,0.03945320844208391,0.33037608806864915,0.630170703489267
Dying over here,neither,0.09161206449870518,0.28788123185973513,0.6205067036415596
LOL,neither,0.020706217963973744,0.4882283491876925,0.4910654328483337
ALL GINA Episode,neither,0.04208037332763173,0.43371708338630816,0.5242025432860601
"@skirratlast Just in time for the finale. But they're doing SOMETHING in the time slot after, and none of us know what!!",neither,0.05726979658725371,0.29957321584127705,0.6431569875714691
"Jeez, I never noticed before the i in ""Junil"" is lower case. G&S should fix that.",neither,0.042946172336972815,0.42316867894269167,0.5338851487203354
I've had this dream,neither,0.017552900194280907,0.3115947979195618,0.6708523018861573
if Sam is excited we're watching Shield of tomorrow,neither,0.04127042656499656,0.3496185279124673,0.6091110455225361
The once and future Gina,neither,0.03780200455026533,0.2705488716699528,0.6916491237797818
GnS? More like GinaS!,neither,0.0714038965299214,0.3428782749306524,0.5857178285394262
"Gina today, Gina Tomorrow, GINA FOREVER",neither,0.0379576576355556,0.30734915488237746,0.6546931874820671
"Hands up who else has had the ""All Gina SoT"" dream?",neither,0.03890886112127136,0.461308551612705,0.49978258726602365
Live long and Gina,neither,0.04424560872011084,0.27580861860336375,0.6799457726765255
Gina is an eternal being like Taleisin,neither,0.06263766841894529,0.381797906670676,0.5555644249103788
I would watch that,neither,0.0406496934657429,0.3779488573202785,0.5814014492139785
aw gina's outfit looks nice,neither,0.03945320844208391,0.33037608806864915,0.630170703489267
Oh no I only have 5 min left before I have to go! But but it’s Gina of tomorrow,neither,0.03860150001084301,0.3693708820598388,0.5920276179293182
