text,top_class,hate_speech,offensive_language,neither
that beige dress is SO cool and reminds me of steampunk!,neither,0.03622736434458033,0.38188893983670036,0.5818836958187192
I love that Amy's down on the whodat as Internet Sensation Amy Dallen,neither,0.03314813588817597,0.3752472369363002,0.5916046271755239
No AC with all that equipment. My sympathies.,offensive_language,0.022750419789289843,0.5096858021417179,0.46756377806899213
forced Windows updates or something?,neither,0.03945320844208391,0.33037608806864915,0.630170703489267
blondi3FINE blondi3FINE blondi3FINE,neither,0.03945320844208391,0.33037608806864915,0.630170703489267
Sounds like a scene out of Silent Hill,neither,0.04307450908981637,0.3519202024556929,0.6050052884544908
"Help G&S make great content! $4.99/month gets you emotes, Minecraft server access, sub-only VODs, and more! Every sub keeps the channel alive! twitch.tv/geekandsundry/subscribe",neither,0.043907990691603095,0.31135964332838284,0.644732365980014
I wasnt able to watch Scaredy Cats in such a long time :-(,neither,0.049602058935313616,0.23696136159745887,0.7134365794672275
'Something' manMVG,neither,0.03945320844208391,0.33037608806864915,0.630170703489267
Why are you putting Amy through this?,neither,0.06161046247831096,0.34442017869439867,0.5939693588272904
"Streamers Beware, You're in for a Scare",neither,0.0638515681207948,0.3129861185650541,0.6231623133141512
Amy has lost a hand. :(,neither,0.03979285108765078,0.32461146597670776,0.6355956829356414
How great would it be if VR was able to actually simulate touch. then the ghost child could grab your ankle for real.,neither,0.03590734801113478,0.36883164791841844,0.5952610040704468
"Just think, Amy, you could have been playing Dream Daddy tonight instead...",neither,0.043062902601939235,0.35543485022476184,0.6015022471732989
lmao,neither,0.03705015143476208,0.3711622369619404,0.5917876116032975
Start out already missing a hand D:,neither,0.03493023627566513,0.3595534870778222,0.6055162766465128
Floating disembodied singular hand would be pretty horrifying,neither,0.039281098661471045,0.32893486292416685,0.631784038414362
Man I haven't seen Trisha since her Sourcefed days,offensive_language,0.03204021972795541,0.5721509674405989,0.3958088128314457
hard mode engaged,offensive_language,0.0319254979097667,0.5129615518237732,0.4551129502664599
.....I question their decision to make your hands _disembodied_ in a horror game.,neither,0.06279829435970824,0.2955596813857636,0.641642024254528
And it's only the left hand.,neither,0.03650822059347635,0.2762051141413684,0.6872866652651552
kek,neither,0.03945320844208391,0.33037608806864915,0.630170703489267
HANDS!,neither,0.03945320844208391,0.33037608806864915,0.630170703489267
Had her hand for a moment..and then it just wondered off D:,neither,0.02629732278520081,0.4268887395001751,0.546813937714624
You play as the Addams Family´s Thing.,neither,0.05222576016922478,0.3928965604866273,0.554877679344148
Ooh! Two hands now!,neither,0.0400223699773531,0.3207159314218889,0.639261698600758
Still creepy disembodied hands thoguh,neither,0.03856851716258529,0.3453916079419964,0.6160398748954184
Bilateral symmetry achieved!,neither,0.03945320844208391,0.33037608806864915,0.630170703489267
There's writing on her hand,offensive_language,0.029253954472850573,0.48990245631808216,0.48084358920906733
2 Hands!,neither,0.03945320844208391,0.33037608806864915,0.630170703489267
@cinphoria That turns it kind of into an Addams Family game ^^,neither,0.03549194210424858,0.326248212183566,0.6382598457121853
does VR give you motion sickness if it has a gyroscope and moves with your head?,neither,0.03140558691568275,0.47708834593176147,0.49150606715255574
thats exactly what i was thinking adamms family lol,neither,0.03702005835405409,0.37187837482377833,0.5911015668221677
:/,neither,0.03945320844208391,0.33037608806864915,0.630170703489267
Ohhhhh thats why Amy s wearing contact lenses.,neither,0.032898861507059736,0.33922681855949594,0.6278743199334443
"as well-known for being focused, Amy might win this game in 12 minutes... KappaPride at least she won't have chat trying to distract her...",neither,0.032668684880110425,0.4467353491989559,0.5205959659209337
"wait, so you're in with a badge?",neither,0.058807294554845645,0.4258777449720275,0.5153149604731269
Can't you just play this with on hand tied behind your back? Kappa,neither,0.0526133827950437,0.39631216891859544,0.5510744482863609
"@cinphoria Agreed. It ruined RE7 VR for me. Terrible immersion, which horror games depend on.",neither,0.03085504141846728,0.34134607985509763,0.627798878726435
VR should make a pair of special gloves for these types of games.,neither,0.06862168540580267,0.3577616195029584,0.5736166950912389
"@Alicatt It still gives me motionsickness, but mine gets set off by so many things",neither,0.032453813194232586,0.4250334166193327,0.5425127701864347
Rakshasa,neither,0.03945320844208391,0.33037608806864915,0.630170703489267
Eeeeeeeeey Macarena,neither,0.03945320844208391,0.33037608806864915,0.630170703489267
Is this a body horror game?,neither,0.04611128079765933,0.2917252151231017,0.662163504079239
Raksasha~~~,neither,0.03945320844208391,0.33037608806864915,0.630170703489267
*jazz hands*,neither,0.03945320844208391,0.33037608806864915,0.630170703489267
"so basically when i finally am not poor enough to get a headset, i'm going to need to take motion sickness meds to play xD",neither,0.04467632627589668,0.38327822461358263,0.5720454491105207
shishWW shishWW shishWW,neither,0.03945320844208391,0.33037608806864915,0.630170703489267
The HDD is going to be full of screenshots.,neither,0.07159873487437726,0.3295811443502822,0.5988201207753406
What will your tiny human be cosplaying as Trish?,neither,0.23986766115248137,0.18348170922269402,0.5766506296248245
Hi,neither,0.03945320844208391,0.33037608806864915,0.630170703489267
@vexelghost It's to prove it happened,neither,0.04258177462273694,0.3278651636133635,0.6295530617638995
"@Alicatt It seems to affect people differently, but yeah depending on the game folks seem more susceptible to motion sickness :( Kinda why I'm worried about trying them myself",neither,0.04268127746495353,0.36663981028726644,0.59067891224778
Have you guys Hurd of the name brad Williams on YouTube he funny,neither,0.047673489823269986,0.36695180631691465,0.5853747038598154
oh man did i miss the scary games?,neither,0.03707660953912378,0.3277262043377419,0.6351971861231342
@Alicatt I recommend testing it out in a store or demo somewhere before making that kind of financial commitment,neither,0.04361680921475585,0.3740476475203985,0.5823355432648456
I thought the Hyrule lady had one leg for the longest time.,neither,0.03548588096772292,0.26283510416842265,0.7016790148638545
"@Alicatt apparently ginger can be useful for persons afflicted with carsickness, idk it might be helpful for motion sickness #NOTanExpert",neither,0.029618228019435092,0.32096781752607706,0.6494139544544879
Want the inside scoop? Join the cast of Critical Role and discuss this episode right here on Talks Machina. Tuesdays 7pm Pacific at twitch.tv/geekandsundry and projectalpha.com,neither,0.04630302093207864,0.22484473131932575,0.7288522477485957
