text,top_class,hate_speech,offensive_language,neither
white/green for me,hate_speech,0.618006423423811,0.3538370641252769,0.028156512450912295
I like blue and black,neither,0.08711384310173531,0.272824036580512,0.6400621203177527
chaoticloony you could have said the same about every color!,neither,0.05189534668793288,0.39016579895319575,0.5579388543588715
woohoo,neither,0.03945320844208391,0.33037608806864915,0.630170703489267
woah,neither,0.03945320844208391,0.33037608806864915,0.630170703489267
GGG,neither,0.03945320844208391,0.33037608806864915,0.630170703489267
gandsHype gandsHype gandsHype gandsHype,neither,0.03945320844208391,0.33037608806864915,0.630170703489267
hello ladies!,neither,0.03938237264802851,0.3315783563604605,0.629039270991511
woot,neither,0.03945320844208391,0.33037608806864915,0.630170703489267
"Hi Erika, Becca and Rachel",neither,0.03868284165753408,0.29150793163893735,0.6698092267035286
!whodat,neither,0.03945320844208391,0.33037608806864915,0.630170703489267
"Becca Scott ( twitter.com/thebeccascott ), Erika Fermina ( twitter.com/astylepixie ), Rachel Seeley ( twitter.com/sunnyseeley ), Ryan Green ( twitter.com/HydroSnail ).",neither,0.039019991690444934,0.4570709201978388,0.5039090881117162
hello,neither,0.03945320844208391,0.33037608806864915,0.630170703489267
gandsMolly gandsHype,neither,0.03945320844208391,0.33037608806864915,0.630170703489267
@Quaraxkad1 But i didn't have good cards in the other colors from the 1 starter and 4 boosters,neither,0.027969895392272556,0.3146288561854838,0.6574012484222437
Yas Becca,neither,0.03945320844208391,0.33037608806864915,0.630170703489267
LUL,neither,0.03945320844208391,0.33037608806864915,0.630170703489267
"wish I had all my old cards, had four purple lotus, I was one of the first people in my high school to get into magic",neither,0.036607374775750975,0.4711657391121841,0.492226886112065
"Nope, already back on before I could say anything.",neither,0.033938650920422996,0.40004948014826974,0.5660118689313073
Short vid normalLOL,neither,0.03945320844208391,0.33037608806864915,0.630170703489267
#WeKnow,neither,0.03945320844208391,0.33037608806864915,0.630170703489267
#WeKnow about the thing that may or may not be happening on a technical level currently. The crew lives at least 30 seconds in the future and are likely already solving or have solved the problem! Thanks for your concern!,neither,0.04751991085222859,0.298407411164976,0.6540726779827954
rip strim,neither,0.03945320844208391,0.33037608806864915,0.630170703489267
rip,neither,0.03945320844208391,0.33037608806864915,0.630170703489267
Whoa,neither,0.03945320844208391,0.33037608806864915,0.630170703489267
*jawdrop*,neither,0.03945320844208391,0.33037608806864915,0.630170703489267
a couple of _thousand_,neither,0.03945320844208391,0.33037608806864915,0.630170703489267
Hello everyone!,neither,0.03269494828970791,0.4450814005079928,0.5222236512022994
We have a subscriber-only Discord server! Join here: https://discord.gg/geekandsundry (you'll need to sub and link it to your Twitch) and be a part of the fun!...Warning: It can take up to an hour for the server to update and give you access to the channels,neither,0.08464076273808444,0.286394834032893,0.6289644032290227
I am so glad this is on! I like it much more than D&J.,neither,0.048335302599064926,0.3906983004622761,0.560966396938659
hii,neither,0.03945320844208391,0.33037608806864915,0.630170703489267
Hi @geekandsundry,neither,0.03945320844208391,0.33037608806864915,0.630170703489267
Hi @GeekandSundry,neither,0.03945320844208391,0.33037608806864915,0.630170703489267
hi @GeekandSundry,neither,0.03945320844208391,0.33037608806864915,0.630170703489267
Hello Ryan and possible also Sax @GeekandSundry !,neither,0.03884206266456185,0.3001766242861876,0.6609813130492506
hello to you as well GeekandSundry,neither,0.0648735238178331,0.4146062688815679,0.5205202073005991
#same ... just started playing again with my dnd group,neither,0.023779740238145986,0.44297190084900445,0.5332483589128496
I was recently gifted a huge box of magic and it's so overwhelming,neither,0.037983448802976584,0.3332913905118135,0.62872516068521
"organizing cards is one of the most fun ways to ""play? magic",neither,0.04683801687663474,0.3348209290087694,0.6183410541145958
possibly*,neither,0.03945320844208391,0.33037608806864915,0.630170703489267
It´s like having a really great dice collection that stays in sealed boxes.,neither,0.040742099037411696,0.3467213149385743,0.612536586024014
"@japenrose As of right now, as far as I know, it is only Ryan right now =P",neither,0.03852479589631402,0.39676885493190345,0.5647063491717825
Haha hi Ryan,neither,0.03557331007550779,0.39622808907730356,0.5681986008471888
@GeekandSundry Ha! Then hi Ryan!,neither,0.03945320844208391,0.33037608806864915,0.630170703489267
"Download the new Critical Role theme song for Campaign Two! http://itunes.apple.com/album/id1331550250?ls=1&app=itunes Sales of the song support the musician, Jason Charles Miller.",neither,0.04445767596344001,0.2510827790306858,0.7044595450058742
The 2 decks i have done best with are a White Weenie First Strike deck and a Red/Green speed Meekstone deck,neither,0.16869314757112708,0.3944549652934577,0.4368518871354153
Actually the limit is five colors Kappa,neither,0.043806684950021185,0.3185788501112482,0.6376144649387308
Resub gandsHype,neither,0.03945320844208391,0.33037608806864915,0.630170703489267
"When I was a student at the Univ of Washington, I saw plenty of people playing the earliest versions of MtG.….sadly, one thing has never changed in that I still do not understand this game",neither,0.03958179419336498,0.3777049518398395,0.5827132539667956
is this a personality test? because i'm a Hufflepuff,neither,0.04704575210987696,0.32921608898025434,0.6237381589098687
@sonicsanime44 feel free to watch and ask any questions you have,neither,0.06143389301002277,0.33210833705038556,0.6064577699395918
"Help G&S make great content! $4.99/month gets you emotes, Minecraft server access, sub-only VODs, and more! Every sub keeps the channel alive! twitch.tv/geekandsundry/subscribe",neither,0.043907990691603095,0.31135964332838284,0.644732365980014
red and blue unblockable and counter/removal,neither,0.038176036279847635,0.26624981065748643,0.695574153062666
The Albuquerque area got into Magic during Alpha release,neither,0.03813366516111229,0.34755799355806394,0.6143083412808237
"I couldn't care less about Magic, but this show seems like a really good way of getting people into the game. I am here so that Becca doesn't send her minions to beat me up.",neither,0.06684277549111113,0.46593197149799565,0.46722525301089324
@davidflegel That is a good reason to watch!,neither,0.05838156012125659,0.3637745932942158,0.5778438465845276
@chaoticloony lol,neither,0.020706217963973744,0.4882283491876925,0.4910654328483337
green: big dumb things,neither,0.025387680133987504,0.36629473357934494,0.6083175862866675
"Yeah, please say what Hodwartz house each color is like",neither,0.04289466398102958,0.4170900600654349,0.5400152759535356
who doesn't love blue,neither,0.03700092783525263,0.4151792011843981,0.5478198709803492
carnage tyrant is the best card currently in the meta,neither,0.04397944073486941,0.2971576436379209,0.6588629156272097
why would she do that davidflegel ?,offensive_language,0.02440501175877982,0.4975798720363796,0.47801511620484055
blue is the devil,neither,0.04722147677788473,0.31044272148995833,0.6423358017321569
"@chaoticloony Well, also because I want to support GnS and Becca is an awesome person. Just don't tell her I said that",neither,0.05239312330143761,0.44372228348829695,0.5038845932102655
I like all excpet black and red,neither,0.0926660077840713,0.3613787702645181,0.5459552219514107
@davidflegel Say what?,neither,0.05067354968250787,0.3225799983816024,0.6267464519358896
"@Marb04 actually, devils are generally red <ducks>",neither,0.05782141328303078,0.2955652031255105,0.6466133835914587
@sonicsanime44 I can't talk about it,neither,0.016222791717023458,0.3704552707076307,0.6133219375753458
davidflegel no one would believe it anyway,neither,0.0360294318413981,0.3679897368326936,0.5959808313259083
The newest season of Spellslingers got me into magic so this new how to play series came at the best time,neither,0.037706224154229036,0.3472058151806852,0.6150879606650858
uh oh,neither,0.04643193976314166,0.26471338503087416,0.6888546752059841
MTG Arena is a great digital version,neither,0.04338497826778083,0.3113571557101692,0.64525786602205
White maybe favorite. Im a paladin or cleric,hate_speech,0.5431730568146634,0.4142988765744629,0.04252806661087363
the white cat life gain decks are pretty good right now,offensive_language,0.3510915975409917,0.44421316316593407,0.20469523929307423
big daddy WotC,neither,0.020662306918156396,0.41105331511196375,0.5682843779698797
emelzz it's almost like it was planned out or something!,neither,0.04115812996431007,0.3568259929338999,0.60201587710179
red is the color of impulse and emotion,neither,0.04582973004511379,0.2828031549630982,0.6713671149917879
necromantic?,neither,0.03945320844208391,0.33037608806864915,0.630170703489267
anyone have a good commander deck?,neither,0.038564249357259016,0.3374074398651833,0.6240283107775576
I was huge on green/black decks,neither,0.0530075842015856,0.3092551442652745,0.63773727153314
Yes @Quaraxkad1 they are very clever!,neither,0.06160167854925475,0.2909691242591678,0.6474291971915775
"have an old red deck, with lots of mana gen artifacts to get them big dragons out on turn 2",neither,0.03058785578651972,0.3928357807762727,0.5765763634372076
rakdos lord of riots is a pretty bangin commander,neither,0.044215762542904304,0.32873802732358914,0.6270462101335066
"Black is fast, good for mana and hurting you!",neither,0.07414123164279962,0.2848319071440863,0.641026861213114
i got an odric master tactitian,neither,0.03835556950258208,0.37716408105061633,0.5844803494468016
coolioIsa,neither,0.03945320844208391,0.33037608806864915,0.630170703489267
commander,neither,0.03945320844208391,0.33037608806864915,0.630170703489267
green black is my favorite combo,neither,0.052416619602478134,0.3640563491322434,0.5835270312652785
@marb04 SeemsGood,neither,0.03945320844208391,0.33037608806864915,0.630170703489267
Wonder where they get those boxes?,neither,0.06175090630737046,0.2516934708227304,0.6865556228698992
CHEAT!!!!!!!!!,neither,0.03945320844208391,0.33037608806864915,0.630170703489267
whow a magic show with becca,neither,0.04124454949062568,0.28580049245677536,0.672954958052599
is this live?,neither,0.06264826366348325,0.3248039992423424,0.6125477370941744
!whodat,neither,0.03945320844208391,0.33037608806864915,0.630170703489267
"Becca Scott ( twitter.com/thebeccascott ), Erika Fermina ( twitter.com/astylepixie ), Rachel Seeley ( twitter.com/sunnyseeley ), Ryan Green ( twitter.com/HydroSnail ).",neither,0.039019991690444934,0.4570709201978388,0.5039090881117162
They look like ultrapro boxs?,neither,0.06558142899984121,0.3573915005459307,0.5770270704542282
@Critternation3000 Yup,neither,0.03945320844208391,0.33037608806864915,0.630170703489267
!respect,neither,0.03945320844208391,0.33037608806864915,0.630170703489267
"If you would like to share opinions on our hosts, guests or fellow viewers, please do so in a respectful manner. Don't make them feel uncomfortable.",neither,0.04843323757214918,0.39559142321184637,0.5559753392160044
who's coffee on that on the floor?,neither,0.03936725078240884,0.2814613887086384,0.6791713605089528
"@DiceAndDishes have an old Mortuary, Call of the Wild green black deck",neither,0.0530003411878068,0.29192498467905387,0.6550746741331394
"i really miss playing this game... haven't played the physical game for probably 15+ years, the online versions don't really do it for me!",neither,0.028959094837704577,0.2916608369423957,0.6793800682198997
Hey BECCA! D y see me?,neither,0.029690608093328442,0.3845569641108924,0.5857524277957792
those windows need a clean,neither,0.0619516147776564,0.26467849647251734,0.6733698887498262
"Yes, they are the new Ultra Pro boxes =D",neither,0.057435210474215875,0.23423413054734643,0.7083306589784378
"I really love White, since i won a Christmas tournament with only Red, Green and White cards allowed",hate_speech,0.5327891396444528,0.40379294603177984,0.06341791432376744
ok thanks!,neither,0.036679458346100965,0.30877397624175834,0.6545465654121406
juliaHullo becca tinytatoHeart tinytatoHeart,neither,0.03945320844208391,0.33037608806864915,0.630170703489267
"Oh actual Magic The Gathering, not the PC game",neither,0.04026671863600037,0.2534258051576074,0.7063074762063923
is WotC owned by anyone?,neither,0.048321031969926154,0.3703436783512251,0.5813352896788487
"already got mine, more coming",neither,0.038962162207574244,0.38042273101476354,0.5806151067776623
weenie white is fun,hate_speech,0.5562148254313986,0.38271418028860144,0.061070994280000034
@Dewneot hasbro,neither,0.03945320844208391,0.33037608806864915,0.630170703489267
"@Dewneot Hasbro, I believe",neither,0.03945320844208391,0.33037608806864915,0.630170703489267
Hasbro owns wotc,neither,0.03945320844208391,0.33037608806864915,0.630170703489267
Hasbro Dow,neither,0.03945320844208391,0.33037608806864915,0.630170703489267
what are the decks?,neither,0.07442892890777517,0.26281404897928906,0.6627570221129357
i wonder if those are real plants or plastic,neither,0.05001569245754935,0.37197870985446924,0.5780055976879813
