text,top_class,hate_speech,offensive_language,neither
I don't think this is OCRemix @japenrose,neither,0.054243339501939186,0.3139240183607392,0.6318326421373216
GIVE US AKI OR WE RIOT,neither,0.07387993216022355,0.3262434085797943,0.5998766592599821
ooooooo,neither,0.03945320844208391,0.33037608806864915,0.630170703489267
We need more Aki!,neither,0.04171638395648223,0.31769540100613286,0.640588215037385
@shandravdeg I wouldn’t be opposed to that,neither,0.04227885517081186,0.3698414453447574,0.5878796994844308
Oooh my,neither,0.02722336998821758,0.4267155325642117,0.5460610974475706
YAY!!!,neither,0.03945320844208391,0.33037608806864915,0.630170703489267
tragic,neither,0.03945320844208391,0.33037608806864915,0.630170703489267
ramaV ramaV ramaV ramaV,neither,0.03945320844208391,0.33037608806864915,0.630170703489267
well thanks for trying,neither,0.03170940780279364,0.28594664102713613,0.6823439511700702
Aki HYPE!!!!!!,neither,0.03945320844208391,0.33037608806864915,0.630170703489267
AKI! AKI! AKI!,neither,0.03945320844208391,0.33037608806864915,0.630170703489267
"@GeekandSundry I didn't think it was either, but it was the only music-based command I could remember",neither,0.02771493387969331,0.3491213807749314,0.6231636853453755
gandsApplaud gandsApplaud gandsApplaud gandsGandsPoo,neither,0.03945320844208391,0.33037608806864915,0.630170703489267
YAY AKI,neither,0.03945320844208391,0.33037608806864915,0.630170703489267
WOOOOOOOOOOOOOOOOOO ramaLewd,neither,0.03945320844208391,0.33037608806864915,0.630170703489267
Oh hey Aki,neither,0.04724942694866229,0.25746865428102644,0.6952819187703113
Yay!,neither,0.03945320844208391,0.33037608806864915,0.630170703489267
AKI! AKI! AKI! AKI! AKI!,neither,0.03945320844208391,0.33037608806864915,0.630170703489267
WOO!,neither,0.03945320844208391,0.33037608806864915,0.630170703489267
"As the Proud Best Friend, I am here for this",neither,0.062332495505517074,0.29266051071962706,0.6450069937748558
Tiny Aki behind the screen.,neither,0.03867510098034637,0.31618968410290194,0.6451352149167519
YAY Aki,neither,0.03945320844208391,0.33037608806864915,0.630170703489267
gandsHype gandsHype gandsHype gandsHype gandsHype stefMacaron stefMacaron stefMacaron stefMacaron feliciaBoom feliciaBoom feliciaBoom feliciaBoom,neither,0.03945320844208391,0.33037608806864915,0.630170703489267
"Hi Gina, Stef, Aki, Amy and Becca!",neither,0.03868284165753408,0.29150793163893735,0.6698092267035286
piboShock but what about the goblins?,neither,0.0385546037966932,0.3567266355448164,0.6047187606584904
Oh no Becca,neither,0.04751210705993949,0.26629718932274826,0.6861907036173122
@critternation3000 next week,neither,0.03841867567785115,0.34793480899304824,0.6136465153291008
Lol Aki needs to sit on a phone book to see above the gm screen,neither,0.039794213071141143,0.3541402317846935,0.6060655551441653
LOL becca,neither,0.020706217963973744,0.4882283491876925,0.4910654328483337
I guess Whitney is busy,neither,0.04581434662642548,0.33274408008063383,0.6214415732929406
No one hates you Becca.,neither,0.05772983272662949,0.44843467097122724,0.49383549630214324
@Critternation3000 that'll be next week,neither,0.03501006761352421,0.39271241809335367,0.5722775142931221
@Critternation3000 They're crashing SDCC?,neither,0.05914777790450416,0.3001116957400899,0.6407405263554059
We did the character creation before the show to maximize time in the show,neither,0.05620863816275494,0.2671479185289472,0.676643443308298
What setting is this?,neither,0.055851856760845614,0.3241845708156069,0.6199635724235476
This is Umbral again,neither,0.04952234357078301,0.3766098491601346,0.5738678072690824
@GeekandSundry Good move.,neither,0.0385055438153649,0.33070203338951026,0.6307924227951248
@GeekandSundry we appreciate everything about you <3,neither,0.053965654385759086,0.4085574824004475,0.5374768632137934
@geekandsundry good call because we love Aki and want maximum Aki time,neither,0.035597224840173795,0.3238119649136109,0.6405908102462152
Cool,neither,0.03945320844208391,0.33037608806864915,0.630170703489267
@geekandsundry juliaGood,neither,0.03945320844208391,0.33037608806864915,0.630170703489267
We love Aki too,neither,0.03457027612751971,0.3612188498089141,0.6042108740635662
Mau5,neither,0.03945320844208391,0.33037608806864915,0.630170703489267
"Welp, It's gotten uncomfortable",neither,0.0383682483675607,0.3307492555897756,0.6308824960426637
Goblins is going to come out soon though if you're a weave owner..,neither,0.05039837858119623,0.416796063582918,0.5328055578358859
what the hell,offensive_language,0.050756227603987104,0.8441747964024495,0.1050689759935634
New group of goblins tonight?,neither,0.04023825009838859,0.21876361748576675,0.7409981324158447
Amy is the best :D,neither,0.046020904535177494,0.3043825407993132,0.6495965546655093
This is awesome. Umbral FTW!,neither,0.046649956661399816,0.329282587900028,0.6240674554385722
omg becca s doing the old school Hubert voice bardSwoon,neither,0.03868475550746234,0.3163693796753586,0.6449458648171791
Aki is ONE OF US!,neither,0.1306917624617574,0.3492542432128086,0.520053994325434
Becca's accent gives me serious Captain Aeldys vibes,neither,0.034799315216366866,0.3549775940134826,0.6102230907701505
no goblins tonight! @CanHazBurritos this is umbral again and just a one shot,neither,0.03642484482556347,0.3577938410782606,0.6057813140961759
@MonocleSociety ppl gonna be goblin that up,offensive_language,0.03185327749205817,0.4949051883871675,0.4732415341207744
I'm sure it'll come out even if you're not a weave owner. You'll just be less affected by it. ;),offensive_language,0.04118165305270173,0.533206199846854,0.42561214710044415
Whitney is already at ComicCon so we did a one-shot,neither,0.04284854949935545,0.41370928262963874,0.5434421678710059
and Aki was in town so...,neither,0.038183679957252026,0.3357468605805061,0.626069459462242
Aki is also now one of @geekandsundry,neither,0.04816483793735488,0.3642104509919124,0.5876247110707327
o shit i didnt know piper perri played d&d thats awesome,offensive_language,0.04788368965082488,0.9428983023739375,0.009218007975237617
YAY!,neither,0.03945320844208391,0.33037608806864915,0.630170703489267
@geekandsundry good call,neither,0.03834978857227872,0.33075560475985816,0.6308946066678632
"Oh, thanks @kynaeus2",neither,0.0434491640266289,0.2380673145074624,0.7184835214659085
Hi ladies.n🙌,neither,0.03937999208685469,0.3316187606963496,0.6290012472167956
@harberst valid point. Well anyways you'll find out Friday,neither,0.05166503069218852,0.3050745392402999,0.6432604300675115
We all need more Aki in our lives.,neither,0.04249346467035084,0.38714501120551964,0.5703615241241295
Smooth. @GeekandSundry,neither,0.03945320844208391,0.33037608806864915,0.630170703489267
"@geekandsundry Protip Don’t feed Aki too much sugar, it makes them sick.",neither,0.044383242553009454,0.32939611665205426,0.6262206407949362
"I have to read Becca's shirt as ""I'm 'uge"" the accent nailed right away",neither,0.04158041284528324,0.34118377360974267,0.617235813544974
@JMPickering the truth,neither,0.03807752832599005,0.3048374885327583,0.6570849831412515
what is this?,neither,0.07282678549990032,0.31792604547631814,0.6092471690237815
!weave,neither,0.03945320844208391,0.33037608806864915,0.630170703489267
"Weave is a 21st century storytelling platform for everyone. With just two decks of cards and a handful of dice, you and your friends can create adventures in any genre, from sci-fi to high school comedy. When combined with the free companion app, Weave provides all the power you'll need to discover new worlds, imagine amazing characters, and save your stories online in minutes. You can find more information at: https://weave.game/",neither,0.05424416382335852,0.3425299335395282,0.6032259026371134
Are they faking the accents?,neither,0.05914646579071033,0.28042204123469483,0.6604314929745948
Becca = bureaucratic ninja blood drainer?,neither,0.03945320844208391,0.33037608806864915,0.630170703489267
Donkay.... ogres are like an onion....,neither,0.14083465969592032,0.2578862883874852,0.6012790519165945
@geekandsundry gandsTwenty on production planning,neither,0.036134218880570945,0.34639192828239246,0.6174738528370366
what is this knock off eric andre show?,neither,0.06085417703003266,0.27544474970951127,0.6637010732604561
@chewy067 This is a 1 shot using the Umbral set.,neither,0.04197725304685314,0.37372438146852627,0.5842983654846206
I need seatbelts for my ears because Becca's character is gonna take them for the ride of their lives.,neither,0.03611203049308115,0.35038648601387834,0.6135014834930405
aww right on,neither,0.03528212937360171,0.3662691517632841,0.5984487188631142
@chaoticloony thank you,neither,0.07325166854587051,0.43632638485078484,0.49042194660334476
!weave,neither,0.03945320844208391,0.33037608806864915,0.630170703489267
"Weave is a 21st century storytelling platform for everyone. With just two decks of cards and a handful of dice, you and your friends can create adventures in any genre, from sci-fi to high school comedy. When combined with the free companion app, Weave provides all the power you'll need to discover new worlds, imagine amazing characters, and save your stories online in minutes. You can find more information at: https://weave.game/",neither,0.05424416382335852,0.3425299335395282,0.6032259026371134
what is the girl on the rights name?,neither,0.04099787942483749,0.35967843379902475,0.5993236867761378
!rbschedule,neither,0.03945320844208391,0.33037608806864915,0.630170703489267
Find the rebroadcast schedule for today here: http://bit.ly/TueRebroadcast,neither,0.05993176898675194,0.16282973960513905,0.7772384914081091
Want the inside scoop? Join the cast of Critical Role and discuss this episode right here on Talks Machina. Tuesdays 7pm Pacific at twitch.tv/geekandsundry and projectalpha.com,neither,0.04630302093207864,0.22484473131932575,0.7288522477485957
Wait...wait. Did Becca say if her character had glasses?,offensive_language,0.024456681437108718,0.4891813875088182,0.4863619310540731
Wait... bureaucratic IRS ninja wizard with a deadly touch.,neither,0.03305770271107421,0.35160014466329886,0.615342152625627
@theonlyjason becca,neither,0.03945320844208391,0.33037608806864915,0.630170703489267
@jmpickering accurate,neither,0.03945320844208391,0.33037608806864915,0.630170703489267
Becca,neither,0.03945320844208391,0.33037608806864915,0.630170703489267
no seat on that bike,neither,0.03280811579930056,0.39322128974142945,0.57397059445927
So safe to assume Monty Python jokes tonight since they'll be questing for the Holy Grail?,neither,0.03779101234558352,0.31682161249645285,0.6453873751579636
Bicycle races are coming your way...,neither,0.08681442734936322,0.2900361836260354,0.6231493890246014
gandsTWC gandsGandsModAlert,neither,0.03945320844208391,0.33037608806864915,0.630170703489267
"@kalliala it is, this is a game of pretend",neither,0.05316660476573666,0.28912151696927996,0.6577118782649833
AKI!!!!,neither,0.03945320844208391,0.33037608806864915,0.630170703489267
Jsjsjsj,neither,0.03945320844208391,0.33037608806864915,0.630170703489267
@Kalliala they're role-playing.,neither,0.05805917356948105,0.3015710671424621,0.6403697592880568
@Kalliala Could be because it is a fake accent for the character she's playing.,neither,0.03962436540908157,0.35040093163645775,0.6099747029544608
Why can’t I watch in,neither,0.031095249337225603,0.3426799801006826,0.6262247705620918
@kalliala she's doing a character,neither,0.04108563186310628,0.42690473643176163,0.532009631705132
poop poop papa poop .... abracadabra,neither,0.03945320844208391,0.33037608806864915,0.630170703489267
!wtfisthis,neither,0.03945320844208391,0.33037608806864915,0.630170703489267
"Weave Society is the RPG tale for the digital age. Storytellers Aki, Gina DeVivo, Becca Scott, Stef Woodburn, and Amy Dallen come together to jump into one of the many fantastical worlds of Weave. Where will they end up next?",neither,0.03999985068809548,0.3107426222554849,0.6492575270564198
Am,neither,0.03902346103501681,0.3305238979082658,0.6304526410567174
doctorWARCRY doctorWARCRY,neither,0.03945320844208391,0.33037608806864915,0.630170703489267
"Where are you, guys",neither,0.12907479980457934,0.28213231711052844,0.5887928830848922
!wtfisthis,neither,0.03945320844208391,0.33037608806864915,0.630170703489267
"Weave Society is the RPG tale for the digital age. Storytellers Aki, Gina DeVivo, Becca Scott, Stef Woodburn, and Amy Dallen come together to jump into one of the many fantastical worlds of Weave. Where will they end up next?",neither,0.03999985068809548,0.3107426222554849,0.6492575270564198
oh,neither,0.051363287716059566,0.22255663153133606,0.7260800807526044
@ImDead You wouldn't know what to do with her,offensive_language,0.04557394704509022,0.6442996162964388,0.31012643665847084
Cables,neither,0.03945320844208391,0.33037608806864915,0.630170703489267
hi,neither,0.03945320844208391,0.33037608806864915,0.630170703489267
okay but ginas shirt is so cool..,neither,0.04342744963249983,0.37857960295353116,0.577992947413969
"Okay, it's offiical. Amy belongs to a cabal!",neither,0.04362235337524948,0.32760797709082695,0.6287696695339235
Hi @vexedkinkajou,neither,0.03945320844208391,0.33037608806864915,0.630170703489267
,neither,0.03945320844208391,0.33037608806864915,0.630170703489267
Cables,neither,0.03945320844208391,0.33037608806864915,0.630170703489267
!weave,neither,0.03945320844208391,0.33037608806864915,0.630170703489267
"Weave is a 21st century storytelling platform for everyone. With just two decks of cards and a handful of dice, you and your friends can create adventures in any genre, from sci-fi to high school comedy. When combined with the free companion app, Weave provides all the power you'll need to discover new worlds, imagine amazing characters, and save your stories online in minutes. You can find more information at: https://weave.game/",neither,0.05424416382335852,0.3425299335395282,0.6032259026371134
"Front paged tonight, fight bravely mods!",neither,0.03664043114778943,0.3068222531388113,0.6565373157133995
Insulting the mods is not a good way to be allowed to talk,neither,0.03718570797240099,0.3219828160763896,0.6408314759512095
^^^^^^^^^^^^,neither,0.03945320844208391,0.33037608806864915,0.630170703489267
!frontpage,neither,0.03945320844208391,0.33037608806864915,0.630170703489267
"We are on the front page, which means we have an influx of new people coming in here. Some are polite, some are not. Please let the mods handle those who are not. Sit back, enjoy the show, and DON'T FEED THE TROLLS.",neither,0.10504481977893397,0.20508308154005317,0.6898720986810128
@thedimono respect,neither,0.03945320844208391,0.33037608806864915,0.630170703489267
<3 xo_girlwonder,neither,0.03945320844208391,0.33037608806864915,0.630170703489267
it's ban o'clock LUL,neither,0.03837998395790756,0.33074521918211275,0.6308747968599797
hii,neither,0.03945320844208391,0.33037608806864915,0.630170703489267
cross-training your employees isn't a bad idea,neither,0.05484005678486609,0.3263125977474536,0.6188473454676803
THis is so cute uwu,neither,0.05528996602307563,0.3486176317291381,0.5960924022477863
@cinphoria Thanks for that!,neither,0.025475542971287693,0.3327108953172934,0.6418135617114188
Hi @kdude02,neither,0.03945320844208391,0.33037608806864915,0.630170703489267
IRL Smuggler,neither,0.03945320844208391,0.33037608806864915,0.630170703489267
Heya @Critternation3000 how goes?,neither,0.03945320844208391,0.33037608806864915,0.630170703489267
!wtfisthis,neither,0.03945320844208391,0.33037608806864915,0.630170703489267
"Weave Society is the RPG tale for the digital age. Storytellers Aki, Gina DeVivo, Becca Scott, Stef Woodburn, and Amy Dallen come together to jump into one of the many fantastical worlds of Weave. Where will they end up next?",neither,0.03999985068809548,0.3107426222554849,0.6492575270564198
@thedimono I usually only watch on Alpha but I came to support y’all,neither,0.06624543013348501,0.3791307650011727,0.5546238048653424
"Does Stef's character also make people ""disappear"" by sending them to Seattle? Or is that too close to reality for the game?",neither,0.05433938614413173,0.3787316075965909,0.5669290062592773
man i havent played D&D for years i miss it,neither,0.02945436598189109,0.3528324857914258,0.6177131482266832
Does she send the bodies to Seattle?,neither,0.032681279168193064,0.4706488716142201,0.49666984921758683
MODS - I’m sending you all love,offensive_language,0.059533886757016326,0.5135113076301394,0.4269548056128443
Shadow Seattle :P,neither,0.03945320844208391,0.33037608806864915,0.630170703489267
!notD&D,neither,0.03945320844208391,0.33037608806864915,0.630170703489267
Lol @cinphoria,neither,0.020706217963973744,0.4882283491876925,0.4910654328483337
!notDnD,neither,0.03945320844208391,0.33037608806864915,0.630170703489267
"Twitch doesn't have a generic RPG tag, so all RPGs get identified as D&D. It is a limitation of the platform.",neither,0.04106306835436559,0.395849038728528,0.5630878929171065
we all knew seattle would come back to haunt stef,neither,0.043239015154647245,0.3892797851338276,0.567481199711525
bleedPurple VoHiYo bleedPurple,neither,0.03945320844208391,0.33037608806864915,0.630170703489267
Its subscribe time bois,neither,0.03244348952800278,0.3520279028896917,0.6155286075823057
@xo_girlwonder Glad you joined us,neither,0.10265346921115388,0.3627969350229706,0.5345495957658755
#TryHarder,neither,0.03945320844208391,0.33037608806864915,0.630170703489267
that i love my mommy mayhem shirt tho DarkMode,neither,0.023438659198744525,0.4501346029701452,0.5264267378311103
Reading chat is generally a bad idea on any platform. Sometimes I'm morbidly curious though.,neither,0.040107244409359054,0.33669130199596126,0.6232014535946796
This character is oddly similar to the IRL Stef...,neither,0.049636769353112516,0.31520217588048155,0.6351610547664058
yeeeeep @Malias1188,neither,0.03945320844208391,0.33037608806864915,0.630170703489267
"@chaoticloony I mean I’m probably gonna go back to Alpha, the chat is tolerable there",neither,0.047997381998837386,0.33302241858828396,0.6189801994128785
"We generally do pretty okay here, @Malias1188 , but then sometimes we're on the front page of Twitch :P",neither,0.06835672060031314,0.3021679638891536,0.6294753155105334
But hi y’all,neither,0.037326997937670824,0.44557983610138224,0.5170931659609469
We have a subscriber-only Discord server! Join here: https://discord.gg/geekandsundry (you'll need to sub and link it to your Twitch) and be a part of the fun!...Warning: It can take up to an hour for the server to update and give you access to the channels,neither,0.08464076273808444,0.286394834032893,0.6289644032290227
"It's usually pretty okay, but front page and all that... @Malias1188",neither,0.034110532028873514,0.38362295238403804,0.5822665155870885
I know Aki loves you all here,neither,0.15068273720806707,0.4216958587237309,0.4276214040682021
Becca's character angling for a relationship already. lol,neither,0.0275552081811125,0.3645941910406603,0.6078506007782272
"Hey, wanna chat Weave on with us? Check us out on discord!",neither,0.06629273280103412,0.3689028401790755,0.5648044270198904
@xo_girlwonder I can understand that,neither,0.03446909288630099,0.3825293508469998,0.5830015562666991
<3,neither,0.03945320844208391,0.33037608806864915,0.630170703489267
hi @MonocleSociety !,neither,0.03945320844208391,0.33037608806864915,0.630170703489267
Hey @xo_girlwonder,neither,0.03945320844208391,0.33037608806864915,0.630170703489267
The unstoppable murder meets the unkillable force.,neither,0.03814977414644462,0.3062365462731225,0.6556136795804329
!help,neither,0.03945320844208391,0.33037608806864915,0.630170703489267
!frontpage,neither,0.03945320844208391,0.33037608806864915,0.630170703489267
"We are on the front page, which means we have an influx of new people coming in here. Some are polite, some are not. Please let the mods handle those who are not. Sit back, enjoy the show, and DON'T FEED THE TROLLS.",neither,0.10504481977893397,0.20508308154005317,0.6898720986810128
"all right, all right, all riiigghht.",offensive_language,0.042731059843934785,0.563986355844577,0.39328258431148805
@chaoticloony Aki loves being a part of you guys though,neither,0.04765935145278498,0.3941930077367494,0.5581476408104658
