text,top_class,hate_speech,offensive_language,neither
@watergentleman i started it but stopped to move over here,neither,0.07233279752706215,0.30757290613142474,0.6200942963415131
"Also! SD Zoo is having a special where if you come in wearing DC gear during SDCC they'll give you a discount on your entrance ticket. That's sort of assuming people have time/energy to get there, but the zoo is amazing",neither,0.07770792507668667,0.37097238400655635,0.5513196909167568
Hooray! I'm actually on time!,neither,0.034195780941747196,0.3749783210076769,0.590825898050576
YAYYYYY,neither,0.03945320844208391,0.33037608806864915,0.630170703489267
yah,neither,0.03945320844208391,0.33037608806864915,0.630170703489267
Hel-looooooo!,neither,0.03945320844208391,0.33037608806864915,0.630170703489267
PartyPopper,neither,0.03945320844208391,0.33037608806864915,0.630170703489267
yeah,offensive_language,0.013968601452186464,0.5182923869769311,0.4677390115708824
Yayyyy,neither,0.03945320844208391,0.33037608806864915,0.630170703489267
WHOOO!,neither,0.03945320844208391,0.33037608806864915,0.630170703489267
Hello love hosts,neither,0.035696624986906456,0.3480146470712482,0.6162887279418453
!whodat,neither,0.03945320844208391,0.33037608806864915,0.630170703489267
"Amy Dallen ( twitter.com/enthusiamy ), and Taliesin Jaffe ( twitter.com/executivegoth ), with guest Markeia McCarty ( twitter.com/markeiamccarty ).",neither,0.0341249034213545,0.45517700341057693,0.5106980931680685
@brassmama didn't know about black and red is great and so glad x-23 is keeping up with all new wolverine,neither,0.039902596524666274,0.3517260702696571,0.6083713332056766
WOOHOO!,neither,0.03945320844208391,0.33037608806864915,0.630170703489267
There we go...,neither,0.04083933629015207,0.27628362646603744,0.6828770372438104
I need the goodness of Wednesday Club tonight!,neither,0.03695715709375237,0.303544640787011,0.6594982021192367
Drinking Game commences #stayhydrated,neither,0.03862955522495201,0.27840671326133876,0.6829637315137093
YAY,neither,0.03945320844208391,0.33037608806864915,0.630170703489267
Markeia!,neither,0.03945320844208391,0.33037608806864915,0.630170703489267
Markeia's back!,neither,0.03945320844208391,0.33037608806864915,0.630170703489267
"gandsTWC Hi Amy, Markeia, and Taliesin!",neither,0.03868284165753408,0.29150793163893735,0.6698092267035286
"Yay, sound.",neither,0.03945320844208391,0.33037608806864915,0.630170703489267
Yay! And there's a Markeia!,neither,0.03867644485856352,0.24186133004619198,0.7194622250952445
Hey guys,neither,0.03929207127355727,0.33311100635304525,0.6275969223733975
Poor Matt,neither,0.03945320844208391,0.33037608806864915,0.630170703489267
Aw we DO HAVE GUEST,neither,0.040051688709273246,0.33965143737665016,0.6202968739140766
"Hi Amy, Markeia and Taliesin!",neither,0.03868284165753408,0.29150793163893735,0.6698092267035286
gandsTWC gandsTWC gandsTWC Taliesin and Amy and Guest!,neither,0.03829028762963343,0.2676497490769217,0.694059963293445
Woo!,neither,0.03945320844208391,0.33037608806864915,0.630170703489267
Hi Markeia,neither,0.03945320844208391,0.33037608806864915,0.630170703489267
is Matt not here today?,neither,0.09474247405982969,0.2745287048622546,0.6307288210779156
Poor poor Matt Key,neither,0.03945320844208391,0.33037608806864915,0.630170703489267
Let Matt Key sleep!,neither,0.0268773316886669,0.3569053506982349,0.6162173176130983
Sound? Ok now it works,neither,0.03812927684582038,0.3315930631837284,0.6302776599704513
Yay Markeia!,neither,0.03945320844208391,0.33037608806864915,0.630170703489267
got confused for a second; I've been watching the archives and just got to the Eisner episode there too! :D,neither,0.02388235587540221,0.3116254200129866,0.6644922241116111
yay,neither,0.03945320844208391,0.33037608806864915,0.630170703489267
yay!!,neither,0.03945320844208391,0.33037608806864915,0.630170703489267
"Awww me too, Matt, me too ;(",neither,0.02952708031503359,0.38949320471661697,0.5809797149683495
@That_One_Guy212 I think black was just announced. Magneto leads.,neither,0.050979865797930936,0.3283104704117221,0.620709663790347
"Oh hey, Markeia!",neither,0.04724942694866229,0.25746865428102644,0.6952819187703113
"Yup, there is Monstress. <3",neither,0.049304918100857256,0.27797155107694205,0.6727235308222007
hi!!!,neither,0.03945320844208391,0.33037608806864915,0.630170703489267
gandsTWC gandsTWC gandsTWC gandsHappy gandsHappy gandsHappy,neither,0.03945320844208391,0.33037608806864915,0.630170703489267
Hi @misssunflower94,neither,0.03945320844208391,0.33037608806864915,0.630170703489267
hey everybody :) /,neither,0.03945320844208391,0.33037608806864915,0.630170703489267
@brassmama well that will be interesting,neither,0.03742103736444793,0.352091072920738,0.6104878897148142
"I have the first two trades of Monstress, and the 3rd comes out in a couple months.",neither,0.032107252919395216,0.30082033342160264,0.667072413659002
"She has ""Ma"" and ""Ke"" in her name, so that's close enough...",offensive_language,0.029004376588188576,0.5835991703136738,0.3873964530981377
Hey Guys,neither,0.03929207127355727,0.33311100635304525,0.6275969223733975
Hi @chaoticloony,neither,0.03945320844208391,0.33037608806864915,0.630170703489267
wooo,neither,0.03945320844208391,0.33037608806864915,0.630170703489267
BLACK PANTHER World of WAKANDA!!,neither,0.07209181552334164,0.30535424974737996,0.6225539347292783
Hi @jrcROLLER,neither,0.03945320844208391,0.33037608806864915,0.630170703489267
"Amy, can SDCC badge holders go to the Eisners?",neither,0.04538645823566788,0.31327186520203326,0.641341676562299
Yay! Guest time!,neither,0.03845363583364621,0.34734144391046984,0.6142049202558839
A surprise Markeia!,neither,0.03945320844208391,0.33037608806864915,0.630170703489267
"Yay, Markeia!",neither,0.03945320844208391,0.33037608806864915,0.630170703489267
Monstress and Wic+Div. I am so here for this!,neither,0.06778001588085579,0.2801317127499415,0.6520882713692027
I'm still so in love with Taliesin's hair,neither,0.024847781464548732,0.4481781271047481,0.5269740914307032
It's SDCC Eve. Don't forget to leave out cookies and milk for Stan Lee.,neither,0.0358175645503391,0.29863756884988857,0.6655448665997724
Matt key is not here. i don't need to get any hydration now,neither,0.08432709820382993,0.30633466793624226,0.6093382338599277
Admittedly there's less traffic headed between LA and SD at 9PM. That's an hour I prefer driving at down there,neither,0.03703011205050868,0.3132815263513621,0.6496883615981293
i can't believe it. they be talking about monstress. i literrally discoveredd that a week ago,neither,0.034803433636014076,0.3828433210678825,0.5823532452961034
no Matt Key?,neither,0.03865371231474374,0.3439456238682378,0.6174006638170185
!questions,neither,0.03945320844208391,0.33037608806864915,0.630170703489267
"To make it easier to read questions in chat, please preface your questions with the word question in all caps. For example, QUESTION: How are you today?",neither,0.06209713493468228,0.3342013724685751,0.6037014925967426
"QUESTION: What, besides a SDCC badge, do you need in order to attend the Eisner awards?",neither,0.055724388105043605,0.33843838123437403,0.6058372306605825
YOU DID IT AMY,neither,0.05576596022893246,0.38276988508184795,0.5614641546892196
Where's Matt Key?,neither,0.041217240443812204,0.30043586124265065,0.6583468983135371
YOU DID IT!,neither,0.07166810242296817,0.42882795882198005,0.4995039387550518
Yay guests!,neither,0.03945320844208391,0.33037608806864915,0.630170703489267
where's Matt?,neither,0.04169328132328035,0.29235620515038,0.6659505135263395
yay amy!,neither,0.03945320844208391,0.33037608806864915,0.630170703489267
,neither,0.03945320844208391,0.33037608806864915,0.630170703489267
YAY AMY,neither,0.03945320844208391,0.33037608806864915,0.630170703489267
also loving tal's look,neither,0.040872380036129044,0.32988796988048846,0.6292396500833825
You tell them Amy!,neither,0.07843360130599715,0.37068936789774204,0.5508770307962608
meme,neither,0.03945320844208391,0.33037608806864915,0.630170703489267
"Aw, poor matt!",neither,0.03945320844208391,0.33037608806864915,0.630170703489267
"You can do it, Amy. We believe in you!",neither,0.0717827902168234,0.4144861172065352,0.5137310925766414
Amy you’re best,neither,0.0808643897161163,0.33573895444055507,0.5833966558433286
"oh, the SHADE!",neither,0.04427659820636432,0.2552061980786583,0.7005172037149774
"Nice one, chief.",neither,0.03853348761025138,0.3641552458751673,0.5973112665145814
Sending love and get well vibes to Matt,neither,0.04089357897387381,0.3156398780401092,0.6434665429860169
I hate missing a month of subbing,neither,0.1731135709687806,0.24844002857140787,0.5784464004598115
The guest is so pretty,neither,0.04621781524035405,0.3536239105139611,0.6001582742456849
gandsTheChief gandsTheChief gandsTheChief,neither,0.03945320844208391,0.33037608806864915,0.630170703489267
"""What's an Eisner Award?"" ""I don't know, what's an Eisner Award with you?"" ... wait, that doesn't work.",neither,0.04402139803595312,0.380733413039469,0.5752451889245778
I love you tali but i don't love this,neither,0.045294340416872414,0.4274496998247952,0.5272559597583324
I'm so happy they're talking both WicDiv and Monstress,neither,0.056052163347096236,0.3051952966020881,0.6387525400508155
I didn't know Monstress was up for an Eisner o_o,neither,0.018827840753849755,0.3909404138406744,0.5902317454054757
Who decides the nominees and whe selects the winner?,neither,0.03803640596181118,0.32210729954370804,0.6398562944944808
"Oscars of comic books, but without all the bribery of judges",neither,0.03771232396696709,0.3694231739707105,0.5928645020623226
@starpilotsix Only with a Rocky & Bullwinkle comic,neither,0.028106821371769248,0.3702399813800086,0.6016531972482221
"No details, but sorry Talieson",neither,0.035516349224099936,0.35341977859014584,0.6110638721857542
"With the art and story of Monstress, I would be upset if it wasn't.",neither,0.02127844551085491,0.3516141846721145,0.6271073698170306
"We're diving right in, Tal...",neither,0.051995332283477344,0.32462285105718564,0.6233818166593369
Oh man need to catch up on Monstress,neither,0.04583671799232165,0.4070536917265379,0.5471095902811404
!question,neither,0.03945320844208391,0.33037608806864915,0.630170703489267
!questions,neither,0.03945320844208391,0.33037608806864915,0.630170703489267
!questions,neither,0.03945320844208391,0.33037608806864915,0.630170703489267
"To make it easier to read questions in chat, please preface your questions with the word question in all caps. For example, QUESTION: How are you today?",neither,0.06209713493468228,0.3342013724685751,0.6037014925967426
yo wicked and divine that deserves a nom that is great book,neither,0.03775178168822733,0.3742140005141227,0.5880342177976499
@misssunflower94 the third trade comes out in September. <3,neither,0.035913329125934916,0.33042894463582406,0.633657726238241
"@shidareAKI Thank you, forgot the s",neither,0.05763073869480225,0.37186044913364885,0.5705088121715488
"@critworx there's a panel who decided nominees depending on who submits, and then comics professionals can vote on who wins",neither,0.03736062416159894,0.3854388153634444,0.5772005604749566
ooooooooooooooooooh,neither,0.03945320844208391,0.33037608806864915,0.630170703489267
All the books we’re talking about today are nominated for the Eisner Awards this year.,neither,0.05690102109464968,0.29626296336986924,0.6468360155354811
Last year was awesome and I got to vote.,neither,0.04280543555488938,0.331962661550972,0.6252319028941385
"oooh, so pretty",neither,0.03941145177721409,0.37506865565327047,0.5855198925695155
is tal using a wednesday club mug from merch store?,neither,0.05526388889882164,0.34906386727468414,0.5956722438264943
AKI!,neither,0.03945320844208391,0.33037608806864915,0.630170703489267
@seratonia Thanks!,neither,0.035884468650613,0.3004919205142699,0.6636236108351171
"FYI, the volume is a little low.",neither,0.044229842314673654,0.3205278945432047,0.6352422631421217
"I have soap in my eyes , keep the image on for a little bit! Everything is blurry!",neither,0.03268965012300306,0.34682036917797937,0.6204899806990176
I love Wednesday Rainbow Mug,neither,0.03744062279410413,0.33966855905389914,0.6228908181519967
@jmpickering hiya!,neither,0.03945320844208391,0.33037608806864915,0.630170703489267
"@shidareAKI Well, let's not promise that, you know how the Wednesday Club loves their tangents. They might wind up talking about random X-Men books. ;)",neither,0.03359560359533251,0.4118247332944203,0.554579663110247
that reminds me of the graphic novel of a girl who grew up in the middle east in the 80s(?),neither,0.029784559829022488,0.42154336458813374,0.5486720755828439
@starpilotsix ah yes true,neither,0.03945320844208391,0.33037608806864915,0.630170703489267
<3 tal,neither,0.03945320844208391,0.33037608806864915,0.630170703489267
"QUESTION: Has Image ever been nominated for, or won, an Eisner?",neither,0.03603654555921045,0.3082841274747688,0.6556793269660207
"@That_One_Guy212 persepolis, as mentined just now",neither,0.029946421535159827,0.41412051180645043,0.5559330666583897
Maybe Blankets? Fun Home?,neither,0.03945320844208391,0.33037608806864915,0.630170703489267
Probably Watchmen...everybody's got Watchmen,neither,0.03642409044355076,0.4110716844888119,0.5525042250676373
that escalated quickly,neither,0.03476908919624869,0.38150422245866583,0.5837266883450856
LIBRARIANS RULE!,neither,0.03945320844208391,0.33037608806864915,0.630170703489267
@shidareAKI how have you been? I absolutely LOVED seeing you on SoT!,neither,0.06270491302795125,0.42753271533018394,0.5097623716418648
@JMPickering several image comics have won eisners :),neither,0.039086087507571046,0.33660708843662357,0.6243068240558054
@JustHere4Coffee well i mean i said it right before that is so my luck lol,offensive_language,0.025945972864203897,0.5231067004685325,0.45094732666726367
@jmpickering things have been good!,neither,0.037726428855906075,0.34749338199163565,0.6147801891524581
GO LIBRARIANS,neither,0.04276165647058889,0.34190019769565555,0.6153381458337556
Looking forward to driving down to SDCC tomorrow!,neither,0.04994763176954466,0.32434343993276676,0.6257089282976886
We all adore Amy!,neither,0.04131712407827169,0.4154623778655683,0.5432204980561601
@That_One_Guy212 timing is everything :D,neither,0.047602724004712896,0.3275730959657146,0.6248241800295725
@JMPickering Saga has won many Eisners,neither,0.03980205662085515,0.3244552240537025,0.6357427193254425
GO LIBRARIANS,neither,0.04276165647058889,0.34190019769565555,0.6153381458337556
I love Amy’s headband,neither,0.037015675972776926,0.3416764720963355,0.6213078519308874
"I did not know that, @Im_Sylien",neither,0.03259232529311891,0.3941237264185784,0.5732839482883028
I adore Amy as well. amydFocus amydFocus,neither,0.03742062100948921,0.3648744014302754,0.5977049775602354
I seriously need to read The Wicked and The Divine now that I know it is possibly part of the Eisner's,neither,0.04252592109609168,0.30366920549340226,0.653804873410506
@JustHere4Coffee and i have no timing brownLUL,neither,0.03738996187383103,0.3134672396554881,0.649142798470681
@JMPickering First win for them was Astro City,neither,0.038046941205502116,0.3003248171540742,0.6616282416404237
amy is jam10,neither,0.04981691255257763,0.32681153499115395,0.6233715524562684
hola,neither,0.03945320844208391,0.33037608806864915,0.630170703489267
Bidet from PA! Hi Matt 🤗,neither,0.04028426805742733,0.31627083750350576,0.6434448944390669
@darkhalfelf284 it's really good,neither,0.0362177023536226,0.33148892697855215,0.6322933706678252
"@darkhalfelf284 It is REALLY REALLY good, I recommend it",neither,0.042647786592016804,0.3292773261535813,0.6280748872544019
Amy's enthusiasm is always invigorating,neither,0.04445072874777974,0.3730015753235297,0.5825476959286906
Fun Fact: Persepolis is require reading at West Point Military Academy for all cadets.,neither,0.04054316393694484,0.3645573347159172,0.5948995013471379
"Wait, where’s Matt?",neither,0.04136746009659438,0.29788624169288364,0.6607462982105221
I hadn't realized that Roslarian was on the list of short story nominees. She's been writing wonderful queer comics for a long time,offensive_language,0.1564808467738991,0.5316854924813053,0.3118336607447957
Out sick.,neither,0.03294709439841241,0.35593132934105814,0.6111215762605294
Oooo,neither,0.03945320844208391,0.33037608806864915,0.630170703489267
Love that art,neither,0.03191973319100901,0.39418299647259,0.5738972703364011
"@fergstar007 Sick, :(",neither,0.03945320844208391,0.33037608806864915,0.630170703489267
@darkhalfelf284 Do it! WicDiv was so good and I fell in love with it even more after I saw a panel dedicated to it at NYCC last year,neither,0.03284637089394807,0.38888652154961895,0.5782671075564331
Pre-con Flu,neither,0.03945320844208391,0.33037608806864915,0.630170703489267
!pewpew,neither,0.03945320844208391,0.33037608806864915,0.630170703489267
"""Pew, pew, pew, pew!"" -Amy Dallen",neither,0.03945320844208391,0.33037608806864915,0.630170703489267
will the Rainbow Wednesday mug ever appear in the G&S merch store?,neither,0.0516090253578763,0.2987138540812934,0.6496771205608303
I love Tal’s goth polo,neither,0.037380815401908046,0.33995016869499883,0.6226690159030931
Better to get over the crud before ConCrud becomes a thing.,neither,0.037897875457259755,0.3734864911924081,0.5886156333503321
Lots of sci-fi isnt pew pew,neither,0.03945320844208391,0.33037608806864915,0.630170703489267
wicdiv is so strange recently but i still love it,neither,0.0385431872464909,0.3913582298035984,0.5700985829499108
I'd say yes on the pants :D,neither,0.03572637939303191,0.32754803403868527,0.6367255865682829
TOPIC: you are hosting a Eisner Winner Brunch. Who is on the short list and what books do you talk about? a. k. a. Choose your favorite child,neither,0.0733101138505505,0.363467040681993,0.5632228454674565
Rosalarian has lots of great works! Yu+Me: Dream and Meaty Yogurt are soooo good!,neither,0.045107017811708054,0.2911269717427118,0.6637660104455801
"Clothes, badge, and the spoons to attend",neither,0.04222216402372696,0.20580613511710338,0.7519717008591696
@JustHere4Coffee I believe that was a gift to them from a fan,neither,0.054032935378974856,0.3411397996754522,0.6048272649455729
"Well, that knocks me out.",neither,0.026739052129660063,0.4158495915563404,0.5574113563139995
"But what about skirts, kilts etc?",neither,0.03962656460566785,0.35812972318232417,0.6022437122120078
"QUESTION: But what if I’m fully #TeamNoPants, Tal? It’s hot outside!",neither,0.028591300740445767,0.36773218037530503,0.6036765188842492
Thanks for that @mathemagician_ and @japenrose I will definitely pick it up when I go by the bookstore one of these days.,neither,0.031092460290212173,0.37574382061633893,0.5931637190934488
and a fanatical devotion to the Pope...,neither,0.05629872295133281,0.20171130958015418,0.741989967468513
"Pants are overrated, have kilt, will travel.",neither,0.055239890389974594,0.2927987564811323,0.651961353128893
Can anyone see Taliesin's necklace?,neither,0.03981899649509765,0.3241677101782584,0.636013293326644
"You also need to be physically in San Diego, so I'm out...",neither,0.05112101062762472,0.39967204527650424,0.5492069440958709
Skirt is probably OK too,neither,0.04505181113547257,0.34951569510421127,0.6054324937603163
I still want just an Eisner's badge,neither,0.03502504894761287,0.3549767669784672,0.6099981840739198
Anything that covers the so-called important bits!,neither,0.035917452843689364,0.3805704856557547,0.583512061500556
!questions,neither,0.03945320844208391,0.33037608806864915,0.630170703489267
@shidareAKI you must know Blondie. :P,neither,0.07135796529648954,0.3833389146104405,0.5453031200930699
"To make it easier to read questions in chat, please preface your questions with the word question in all caps. For example, QUESTION: How are you today?",neither,0.06209713493468228,0.3342013724685751,0.6037014925967426
"Even if I can't get on the SDCC floor, I would love to go to the Eisners",neither,0.028985605767638912,0.3733901304745915,0.5976242637577694
@Fatty_Melt Did you catch Lesbian Space Pirates? I really hope she gets the IP rights back soon,neither,0.06800116514514218,0.3259903752150926,0.6060084596397652
It's also super hot in the studio right now...,neither,0.03715034222527052,0.3321917326974731,0.6306579250772564
@japenrose thanks; makes sense but I can always dream,neither,0.03430480257779871,0.3607189684831471,0.6049762289390542
Kilts... they'd probably let you in if you're rocking a kilt as well.,neither,0.04114362629051763,0.4645410246508313,0.49431534905865093
I totally want Eisners badge,neither,0.039667268383746936,0.3267429322066966,0.6335897994095565
Would a kilt be acceptable at the Eisners?,neither,0.03801420242425439,0.33481251983753824,0.6271732777382074
"May Will Eisner rest in peace, one of the greats",neither,0.0403028188295356,0.30328632886383067,0.6564108523066338
@danoba eh it could be worse,neither,0.04581076336046249,0.2092078935361763,0.7449813431033613
Will Eisner Twitter account liked my tweet yesterday,neither,0.03169562035923576,0.4603828530499459,0.5079215265908184
i have Letter to God,neither,0.04594893661490852,0.33556898580374633,0.6184820775813452
@shidareAKI It could be.,neither,0.03784668039589906,0.3376893966061386,0.6244639229979623
@Danoba Oh no!,neither,0.04751210705993949,0.26629718932274826,0.6861907036173122
I remember when you said you would cover the Spirit last year...still waiting...,neither,0.04964887208115769,0.4115390963848005,0.5388120315340417
justice for Gerhard Schnobble!,neither,0.0322289169994526,0.29433324177559567,0.6734378412249518
"Also Ditko, too bad",neither,0.03492613208356891,0.3374588401903333,0.6276150277260979
@kaioraya Lesiban Space Pirates? That sounds amazing,neither,0.03671401311394294,0.36001122591026335,0.6032747609757937
31? damn,offensive_language,0.04488105798507942,0.8191309442030206,0.1359879978119
its pretty good,neither,0.03116983703728732,0.33322511933374543,0.6356050436289673
@phoenixgoth It's a full moon with a crescent on either side,neither,0.03538396012638096,0.3952403158248753,0.5693757240487438
Oh DANG,neither,0.051363287716059566,0.22255663153133606,0.7260800807526044
brownRIP ditko,neither,0.03945320844208391,0.33037608806864915,0.630170703489267
GASP,neither,0.03945320844208391,0.33037608806864915,0.630170703489267
woof thats a lot!,neither,0.03945320844208391,0.33037608806864915,0.630170703489267
@ladyamphy That's AWESOME,neither,0.03419525192306799,0.38790559219732307,0.5778991558796089
Aw Ditko,neither,0.03945320844208391,0.33037608806864915,0.630170703489267
what? ok thats awesome,neither,0.04477777745332598,0.3273538600325566,0.6278683625141174
We have a subscriber-only Discord server! Join here: https://discord.gg/geekandsundry (you'll need to sub and link it to your Twitch) and be a part of the fun!...Warning: It can take up to an hour for the server to update and give you access to the channels,neither,0.08464076273808444,0.286394834032893,0.6289644032290227
Nichelle Nichols YEAH,offensive_language,0.013968601452186464,0.5182923869769311,0.4677390115708824
Cas Anvar is presenting one and I'm so jealous I can't go,neither,0.047335010110210414,0.36086129822332236,0.5918036916664672
I LOVE Benedict Wong!,neither,0.03217296676969875,0.3657703709031763,0.602056662327125
"QUESTION: If we can't see the Eisner's live or in person, is there a way we can see it later?",neither,0.03429359462122907,0.32480273165418166,0.6409036737245892
"@fireshadowktreva yeah, she was writing it in the style of pulp comics from the 70s but ran into some issues with the publishing rights",neither,0.024557989873706616,0.4035920368351858,0.5718499732911075
and unfortunatley stan is gonna be soon too,neither,0.04622067489783261,0.34164198767002024,0.6121373374321472
"i ordered 8 books from betterworld yesterday inc. brom's the child theif, dorkin's hectic planet vol 1 & 2, ten-cent plague, dictionary of icons and symbols in art etc",neither,0.03916495748740819,0.2994911160121133,0.6613439265004786
@AromiaFlyce Ohhh good question!,neither,0.038603349900201235,0.3306683933919781,0.6307282567078207
Of Course Wong had to go. He had to get that Tuna Melt,neither,0.04870411435324872,0.35567811431952906,0.5956177713272223
I love Monstress. I had no idea they were going to talk about it tonight,neither,0.025080105088180735,0.35751887487534884,0.6174010200364703
Phil is good people.,neither,0.08615505020287965,0.3221085340732523,0.591736415723868
"Oh wow I didn't even realise that the dude who played Wong's last name is actually Wong, and also he's ALSO a Benedict",neither,0.03704052008076201,0.3556180103333387,0.6073414695858993
"All around was gloomy, and the world was closing in, when I heard a voice call unto me ""smile and be happy; things could get worse."" So I smiled, and was happy, and behold - things DID get worse!",neither,0.03736121891052082,0.25995735419625826,0.702681426893221
QUESTION: TALS what delightfulness is in your mug?,neither,0.08413958120234268,0.31501418718696444,0.600846231610693
@AbramVR it's up for at least one Eisner this year.,neither,0.029233335726111323,0.3983503439693725,0.5724163203045161
feliciaCreep feliciaCreep feliciaCreep,neither,0.03945320844208391,0.33037608806864915,0.630170703489267
That must've been the funniest set,neither,0.020133130369025733,0.32791738771758344,0.6519494819133907
QUESTION: Will you ever cover the JSA on here?,neither,0.09517633973938895,0.30930976804283544,0.5955138922177755
"Phil ""Deep Nerd"" Lamarr",neither,0.03945320844208391,0.33037608806864915,0.630170703489267
"Help G&S make great content! $4.99/month gets you emotes, Minecraft server access, sub-only VODs, and more! Every sub keeps the channel alive! twitch.tv/geekandsundry/subscribe",neither,0.043907990691603095,0.31135964332838284,0.644732365980014
Somehow I suspect Felicia isn't really checking her email for the rest of the week,neither,0.030791085619137494,0.40032449277715804,0.5688844216037044
Felicia appears in the MST3K comic from Dark Horse!,neither,0.03954813569427262,0.3049072245880226,0.6555446397177048
@kaioraya I did! That was such a gross situation with that company. I totally understand why she pulled it from the web,neither,0.02680170400157542,0.41153109877099764,0.5616671972274271
"@cinphoria I saw that at the end of Infinity War and got a crack out of that, it's really cool that happened!",neither,0.030276880006397874,0.3997773892247544,0.5699457307688477
QUESTION: Please tell me John Barrowman is hosting the Eisners again this year,neither,0.03766303686543784,0.3617589758120891,0.600577987322473
that sounds right,neither,0.03351058731777301,0.4055801925427221,0.560909220139505
what is Tals’s mug??,neither,0.05556313111362949,0.3226410524653571,0.6217958164210133
@polilaue as long as we skip the slip and go straight into the new 52,neither,0.03847520150887591,0.28589746690146994,0.6756273315896542
Omg yes John Barrownannnn,neither,0.03945320844208391,0.33037608806864915,0.630170703489267
"it's okay, Amy, math is hard",offensive_language,0.036379726607635526,0.5011410473392645,0.4624792260530999
split i mean,neither,0.03945320844208391,0.33037608806864915,0.630170703489267
Yay California heat wave,neither,0.0535966055605694,0.32551152524560534,0.6208918691938253
Have they not fixed the AC since yesterday??? Ugh...,neither,0.03774720445360944,0.3287945184369126,0.6334582771094779
!uptime,neither,0.03945320844208391,0.33037608806864915,0.630170703489267
"I approve of doing shows in the nude, too bad Twitch doesn't.",neither,0.03696366569604453,0.3242673849733346,0.6387689493306209
"I heard rumor of water falling from the sky down there, but I disbelieve.",neither,0.0375862932430856,0.2922894435865368,0.6701242631703775
"@diceypan new merch, just looked it up, its in the store",neither,0.04641936184171377,0.3030959834317704,0.650484654726516
barrowmaaaaaaaaan,neither,0.03945320844208391,0.33037608806864915,0.630170703489267
hahaha Chief,neither,0.03945320844208391,0.33037608806864915,0.630170703489267
"@japenrose and he's soooo perfect for the role, like wow",neither,0.04481862970253704,0.2809687232239182,0.6742126470735448
"Nice reference, Chief! :P",neither,0.03945320844208391,0.33037608806864915,0.630170703489267
I <3 Amy's rainbow tank top. SO cute!,neither,0.040701499042159375,0.3392612193199595,0.6200372816378812
"Man, we could use some heat up north",neither,0.014494131482565818,0.4898388967240381,0.49566697179339597
"Oh yeah, the random LA thunderstorm happened today yeah?",neither,0.02369205973761157,0.4039791887428913,0.572328751519497
"That is oddly specific, Chief.",neither,0.04286295741314069,0.3647733597168626,0.5923636828699969
Mathing is my least favorite thing next to wearing pants.,neither,0.039928550658225426,0.3947813375628565,0.5652901117789181
Not everything digital is on the web,neither,0.041291025751787315,0.3299373674176056,0.6287716068306072
"Nice ""Do The Right Thing"" reference",neither,0.039093979061369785,0.3317306172372643,0.6291754037013658
It's not just Cali getting the heat wave right now. Lots of places :(,neither,0.032644193481996736,0.382983063126194,0.5843727433918093
"Nice reference to ""Do the Right Thing"", Chief.",neither,0.043927625178408675,0.32868946014782907,0.6273829146737623
Yeah we had thunderstorms today,neither,0.021339046223188312,0.4279407372093061,0.5507202165675056
!weather,neither,0.03945320844208391,0.33037608806864915,0.630170703489267
Weather for Los Angeles: Conditions are Mostly Cloudy with a temperature of 75F (24C). The wind is blowing from the CALM at 0mph (0km/h) and the current humidity is 73%. At the studio.,neither,0.04522179846729539,0.2872186648302462,0.6675595367024584
Classic Spike Lee.,neither,0.03945320844208391,0.33037608806864915,0.630170703489267
"Web comics often are pretty frequent, such as weekly.",neither,0.053539236421216385,0.32071476283106926,0.6257460007477145
IF you cant get to comic con to see them live you can follow along here https://twitter.com/Fanbase_Press/status/1019295677023768578,neither,0.09124595396654187,0.43746484347061676,0.4712892025628414
Maybe a digital comic is a complete story that has ended and a webcomic is ongoing and may not be completed?,neither,0.044999193011834936,0.2980886303767724,0.6569121766113926
the most coveted award and hardest award to attain is the perfect attendance award,neither,0.04396147069863323,0.3011667277569293,0.6548718015444374
"I know what New 52 means, but Im still confused",neither,0.04213893159708852,0.3047702542733758,0.6530908141295357
@JeffM0307 just barely beat you to it. ;),neither,0.05771160076659563,0.39986495866412375,0.5424234405692805
@cinphoria He really is! I hadn't seen Dr Strange yet but he really helped sell me on wanting to see it,neither,0.043454710693800726,0.3532554323152725,0.6032898569909269
In some of the microclimates down here anyways,neither,0.06959558910770869,0.29332633353385507,0.6370780773584362
73% humidity omg kill me,hate_speech,0.5326634139630072,0.17137616924908164,0.2959604167879112
@starpilotsix seems like a solid theory to me,neither,0.0464608954806725,0.3702109283094189,0.5833281762099086
oh he's AMAZING,neither,0.0528866999994142,0.27008473675066225,0.6770285632499236
@polilaue You are not the only one that is confused about that,neither,0.07393653136546086,0.4311579657267265,0.49490550290781277
@polilaue there was a great JSA run then they split into two teams and was bad,neither,0.03633811485731615,0.26876719198215654,0.6948946931605274
also i will live blogging in the Discord,neither,0.043584033501412774,0.29642839563513956,0.6599875708634477
"Trade you, AKI... it's 83% humidity here, right now.",neither,0.09148716153333462,0.34806047749957697,0.5604523609670884
Good to know the west coast & east coast are suffering equally,neither,0.05300942639026303,0.30033814716791496,0.6466524264418221
@shidareaki That's low humidity compared to here most of the time,neither,0.07510867890798363,0.3316278159454864,0.59326350514653
Everytime people at GnS complain about the weather I'm glad I don't live in Cali,neither,0.056570556062778755,0.3476744851662085,0.5957549587710128
so what's todays show about?,neither,0.05890449510271406,0.3217036622551831,0.6193918426421028
I love detective conan,neither,0.03705975126722876,0.34146745212725155,0.6214727966055197
"I didn't understand why everyone in the watchalong I missed was going WONG! when he appeared but then he did and I was like, yep, that is a man you go WONG! \o/ for",neither,0.03123871474243097,0.4609266308148948,0.5078346544426742
"I always thought a web comic is a comic specifically published on a web site, whereas a digital comic is just a regular comic from a publisher that is just not available in hard copy",neither,0.038355820128420516,0.4282441507130311,0.5334000291585483
Especially the abridged versio,neither,0.038146634713421924,0.30617591835120866,0.6556774469353696
