text,top_class,hate_speech,offensive_language,neither
when will it staaaaaaaaaaaaaart,neither,0.02449777032999988,0.37311384559466554,0.6023883840753347
OOOh HERE IT IS GUYS,neither,0.09221725209431632,0.2942449373300548,0.6135378105756288
bidet from DC!,neither,0.0408364874901429,0.30689823255244486,0.6522652799574122
recap!,neither,0.03945320844208391,0.33037608806864915,0.630170703489267
I wonder which character is going to die tonight,neither,0.15071531183082867,0.18439178465948347,0.6648929035096879
this recap though :(,neither,0.03935599103717124,0.3320261211472263,0.6286178878156025
its coming,neither,0.031141760220659613,0.333234776238463,0.6356234635408773
thadChamp,neither,0.03945320844208391,0.33037608806864915,0.630170703489267
YAS,neither,0.03945320844208391,0.33037608806864915,0.630170703489267
YOOOOOOOOOOO,neither,0.03945320844208391,0.33037608806864915,0.630170703489267
Recap? PogChamp,neither,0.03945320844208391,0.33037608806864915,0.630170703489267
oooooooooooooooooooo,neither,0.03945320844208391,0.33037608806864915,0.630170703489267
oooh recap time?,neither,0.038500783066084926,0.3465412323315131,0.614957984602402
"@ChaozWolfy makes sense, will do, much appreciated, kind one.",neither,0.038066563899484915,0.33603989613657187,0.6258935399639431
bidet from Arizona,neither,0.04078317879478948,0.307803020237201,0.6514138009680096
First time watching live - can’t stay all night but super hyped ^^,neither,0.03168370759353239,0.3888821416960791,0.5794341507103885
here we go,neither,0.13156755280784707,0.2765461283225309,0.5918863188696221
LONGEST WEEK EVER,neither,0.03945320844208391,0.33037608806864915,0.630170703489267
mmmm I think Molly will be coming back,neither,0.04121157128556753,0.3090698596451267,0.6497185690693058
Popcorn ready! let's go!!:D,neither,0.02635776279438985,0.36425315694379556,0.6093890802618146
Bidet from Colorado,neither,0.04066490145509902,0.30981049537100724,0.6495246031738937
My guess is maybe a sorcerer or paladin,neither,0.033911234175985246,0.4249906493902255,0.5410981164337892
CRITICAL RECAP OH BOY,neither,0.043656930293993985,0.29002936587905503,0.6663137038269509
It's happeniiing,neither,0.034373745257138544,0.33212314837979673,0.6335031063630647
Bidet from Vegas,neither,0.040853311764050625,0.30661268071637476,0.6525340075195746
Jsjhs,neither,0.03945320844208391,0.33037608806864915,0.630170703489267
"Tal ""Hi i'm Tarrion Darrington!""",neither,0.03945320844208391,0.33037608806864915,0.630170703489267
"bidet from Quebec, Canada!",neither,0.04071751644889743,0.3089174816120565,0.6503650019390461
RECAP!!!,neither,0.03945320844208391,0.33037608806864915,0.630170703489267
!!!!!,neither,0.03945320844208391,0.33037608806864915,0.630170703489267
!wheniscr,neither,0.03945320844208391,0.33037608806864915,0.630170703489267
YAAAAAAAAAAAAAAAAAAAAAAS,neither,0.03945320844208391,0.33037608806864915,0.630170703489267
anticipation intensifies,neither,0.03945320844208391,0.33037608806864915,0.630170703489267
i beleive he will be. he rolled a new pc over the weekend.,neither,0.047378117814339905,0.24976515067772473,0.7028567315079354
wooot wot,neither,0.03945320844208391,0.33037608806864915,0.630170703489267
"The recap has started , if you cannot see it, please refresh",neither,0.034775490534124806,0.37529621209774683,0.5899282973681284
gandsMolly gandsMolly gandsMolly gandsMolly,neither,0.03945320844208391,0.33037608806864915,0.630170703489267
Bidet from Oklahoma,neither,0.04066490145509902,0.30981049537100724,0.6495246031738937
It's Dani time!,neither,0.03675027121489696,0.351733250156266,0.6115164786288371
RECAP!,neither,0.03945320844208391,0.33037608806864915,0.630170703489267
Not sure atm tho,neither,0.03045829025257811,0.45667013637502574,0.5128715733723962
Live! #EyesNeverShut,neither,0.04891340716200846,0.3271222919257548,0.6239643009122369
bidet from mckinney texas,neither,0.040937266849991,0.30518774380265185,0.6538749893473571
D A N I,neither,0.03945320844208391,0.33037608806864915,0.630170703489267
WOOOOT,neither,0.03945320844208391,0.33037608806864915,0.630170703489267
"My first time here live, I am EXCITED micOwO",neither,0.0548532069928721,0.38665124330743766,0.5584955496996902
HYPE,neither,0.03945320844208391,0.33037608806864915,0.630170703489267
When is Lauren and Travis coming back I miss them,neither,0.04032206733745113,0.3307187017429859,0.628959230919563
"I was so pleased when molly died man, early kills in the middle of nowhere means NO REVIVAL, so he must build a new character <3",neither,0.03898104747850744,0.357587442385987,0.6034315101355056
taliesin will only be playing tonight if the story organically allows him to play,neither,0.029225781368354693,0.326112505558478,0.6446617130731672
Bidet from AZ,neither,0.04078317879478948,0.307803020237201,0.6514138009680096
@dr3wrvin -> ONLY HULK CAPSLOCKS [warning],neither,0.03945320844208391,0.33037608806864915,0.630170703489267
Ah yeah,neither,0.02025348503219944,0.4670603035643007,0.5126862114034997
Oh boy oh boy,neither,0.04768565599480007,0.25364348607606696,0.698670857929133
Aaaany second now,neither,0.03945320844208391,0.33037608806864915,0.630170703489267
DANI!!!!,neither,0.03945320844208391,0.33037608806864915,0.630170703489267
WOO,neither,0.03945320844208391,0.33037608806864915,0.630170703489267
:0,neither,0.03945320844208391,0.33037608806864915,0.630170703489267
I would just appreciate tal being an elf ranger,neither,0.034086098649930965,0.35177745759770934,0.6141364437523597
"hi all, bye all :(",offensive_language,0.043498734014151046,0.48676556796811243,0.46973569801773657
bidet from Colorado,neither,0.04066490145509902,0.30981049537100724,0.6495246031738937
HYPEEE,neither,0.03945320844208391,0.33037608806864915,0.630170703489267
death,neither,0.03945320844208391,0.33037608806864915,0.630170703489267
IT BEGINS!,neither,0.037828236809968684,0.3309349903269868,0.6312367728630445
Here we go,neither,0.13156755280784707,0.2765461283225309,0.5918863188696221
"@ElTastyFreeze -> THE EMOTES, THEY`RE TOO MANY [warning]",neither,0.055080314918249766,0.29325628621143124,0.651663398870319
WHOOT,neither,0.03945320844208391,0.33037608806864915,0.630170703489267
how is danny not going to cry during this recap,neither,0.0469462972958832,0.3476580197488382,0.6053956829552786
Bidet,neither,0.03945320844208391,0.33037608806864915,0.630170703489267
Wooooot,neither,0.03945320844208391,0.33037608806864915,0.630170703489267
could be fuckin anything,offensive_language,0.07878131401282773,0.9147565794083565,0.006462106578815723
IT'S ON,neither,0.029359548185187243,0.36677741506693295,0.6038630367478798
gandsMolly gandsMolly gandsMolly gandsLessthanthree gandsLessthanthree gandsLessthanthree gandsLessthanthree,neither,0.03945320844208391,0.33037608806864915,0.630170703489267
Our Lady of Recaps Dani Carr ( twitter.com/ItsDaniCarr ),neither,0.03893243441116944,0.413649997352151,0.5474175682366794
BibleThump I'm ready,neither,0.03945320844208391,0.33037608806864915,0.630170703489267
Dani gonna cry,neither,0.038487462542798244,0.3748725427453426,0.5866399947118592
Let's go PogChamp,neither,0.01806316484133749,0.39391011985298136,0.5880267153056813
DANI <3,neither,0.03945320844208391,0.33037608806864915,0.630170703489267
Bidet from Oklahoma!,neither,0.04066490145509902,0.30981049537100724,0.6495246031738937
bidet from Florida,neither,0.0408948396164547,0.30590784468201904,0.6531973157015263
I'm so scared for this episode oh god,neither,0.03812719783602826,0.3011662032881146,0.6607065988758573
Yoyoyooooooo,neither,0.03945320844208391,0.33037608806864915,0.630170703489267
hey dani,neither,0.03945320844208391,0.33037608806864915,0.630170703489267
"Bidet, I have a drink and am ready to sob messily",neither,0.04338024125306759,0.3034442203570075,0.6531755383899248
eermahgerd,neither,0.03945320844208391,0.33037608806864915,0.630170703489267
DEEP BREATHES,neither,0.03945320844208391,0.33037608806864915,0.630170703489267
bidet from texas,neither,0.040937266849991,0.30518774380265185,0.6538749893473571
here we go,neither,0.13156755280784707,0.2765461283225309,0.5918863188696221
I see emotional support bear :(,neither,0.06626956039814308,0.3211527149509839,0.6125777246508731
Bidet Phoenix,neither,0.03945320844208391,0.33037608806864915,0.630170703489267
here we go bois,neither,0.08788874066493838,0.298919475072031,0.6131917842630307
bidet from NH,neither,0.04066490145509902,0.30981049537100724,0.6495246031738937
Honestly I think getting him back in quickly with a new character would probably help those people who are still upset.,neither,0.07143745223233393,0.3216464520359998,0.6069160957316663
"Recap, the characters were sad, so they tried to make it less sad, and ended up making it more sad.",neither,0.040145416948334164,0.3263208653483985,0.6335337177032673
Tal not playing? :(,neither,0.03818558774878499,0.33513599661178495,0.62667841563943
god she scare me,neither,0.033035692256229585,0.4624782692360058,0.5044860385077644
BibleThump,neither,0.03945320844208391,0.33037608806864915,0.630170703489267
"Help G&S make great content! $4.99/month gets you emotes, Minecraft server access, sub-only VODs, and more! Every sub keeps the channel alive! twitch.tv/geekandsundry/subscribe",neither,0.043907990691603095,0.31135964332838284,0.644732365980014
I’m gonna fuckin die no matter what happens,offensive_language,0.3620178483849105,0.5964855194453619,0.041496632169727675
rip molly,neither,0.03945320844208391,0.33037608806864915,0.630170703489267
Bidet from NC,neither,0.04066490145509902,0.30981049537100724,0.6495246031738937
djclicGuru djclicGuru djclicGuru djclicGuru djclicGuru,neither,0.03945320844208391,0.33037608806864915,0.630170703489267
It begins,neither,0.037828236809968684,0.3309349903269868,0.6312367728630445
"molly will be back.. becayse remember,,, his backstory has him rezzing",neither,0.06251481832648034,0.3123634222219464,0.6251217594515734
Come on,neither,0.031465329865955356,0.4061586881471455,0.562375981986899
damn chat is going so far,offensive_language,0.050751572545366865,0.7772264446138334,0.17202198284079973
Dani <3,neither,0.03945320844208391,0.33037608806864915,0.630170703489267
ooooooo,neither,0.03945320844208391,0.33037608806864915,0.630170703489267
"Bidet, everyone!",offensive_language,0.02988896790634741,0.4927062106388782,0.4774048214547744
First live stream!,neither,0.03645072026845664,0.33140878143246383,0.6321404982990795
Bidet from New Hampshire!!!!,neither,0.04402155579737495,0.2236345274837781,0.7323439167188469
It feels like episode 26 happened months ago,neither,0.04491100963242891,0.340428619525291,0.6146603708422801
bidet,neither,0.03945320844208391,0.33037608806864915,0.630170703489267
proxCRY im not ready,neither,0.036615750487804924,0.38017749597190786,0.5832067535402872
yah,neither,0.03945320844208391,0.33037608806864915,0.630170703489267
"Quick poll, WhattRace and Class is Tal now",neither,0.04432095212873672,0.3012524338706824,0.654426614000581
BibleThump,neither,0.03945320844208391,0.33037608806864915,0.630170703489267
Huzzah!,neither,0.03945320844208391,0.33037608806864915,0.630170703489267
@gizmoradio stop. Molly was enough lol,neither,0.0321855015017563,0.4560727874295562,0.5117417110686875
Bidet from Arkansas!,neither,0.04066490145509902,0.30981049537100724,0.6495246031738937
i already watched this on youtube earleir,neither,0.03590233833839382,0.3601680727107548,0.6039295889508514
,neither,0.03945320844208391,0.33037608806864915,0.630170703489267
Hello from Germany,neither,0.04044253611397438,0.3135846155371888,0.645972848348837
Buckle up folks..,neither,0.035826587720589914,0.405639601330545,0.5585338109488652
too many TYPIES,neither,0.03903746615917508,0.33743231961051084,0.623530214230314
Critical Role website https://critrole.com/,neither,0.03945320844208391,0.33037608806864915,0.630170703489267
bolsonaro2018,neither,0.03945320844208391,0.33037608806864915,0.630170703489267
"Bidet from Humble, Tx",neither,0.04045712835854078,0.31333694706417314,0.646205924577286
DANI,neither,0.03945320844208391,0.33037608806864915,0.630170703489267
Bidet from NC,neither,0.04066490145509902,0.30981049537100724,0.6495246031738937
oh yeah baby lets go,neither,0.028320849598844903,0.40611578360490846,0.5655633667962466
,neither,0.03945320844208391,0.33037608806864915,0.630170703489267
who is ready to cry lol,neither,0.046336750397742536,0.44629318579932503,0.5073700638029326
owl right?,neither,0.038400254669096495,0.350916768653741,0.6106829766771625
"bidet, everyone.",offensive_language,0.02988896790634741,0.4927062106388782,0.4774048214547744
Live,neither,0.04891340716200846,0.3271222919257548,0.6239643009122369
bidet from ecuador,neither,0.04062582848913359,0.31047366557575606,0.6489005059351104
BibleThump,neither,0.03945320844208391,0.33037608806864915,0.630170703489267
;-; shoot,neither,0.08138243506028471,0.21568577026226915,0.702931794677446
Also..,neither,0.03945320844208391,0.33037608806864915,0.630170703489267
:( :( :(,neither,0.03945320844208391,0.33037608806864915,0.630170703489267
Bidet from San Francisco California,neither,0.05509744828049453,0.3117083687315534,0.633194182987952
gandsTwenty gandsTwenty gandsTwenty gandsTwenty gandsTwenty gandsTwenty gandsTwenty gandsTwenty,neither,0.03945320844208391,0.33037608806864915,0.630170703489267
Yasah is going to be PISSED... just saying....,neither,0.03872550971075463,0.3756681882656765,0.5856063020235689
RIP Molly,neither,0.03945320844208391,0.33037608806864915,0.630170703489267
"deep breaths chat, deep breaths",neither,0.03945320844208391,0.33037608806864915,0.630170703489267
bidet!!,neither,0.03945320844208391,0.33037608806864915,0.630170703489267
Bidet from Indiana!,neither,0.0408364874901429,0.30689823255244486,0.6522652799574122
Bidet from Tulsa,neither,0.04228451509352876,0.2823214250720796,0.6753940598343917
a molly in the background :c,neither,0.038567741799765604,0.31418421209857367,0.6472480461016606
bidet and love from WI!,neither,0.036697184959308383,0.2836357848162644,0.6796670302244271
bidet,neither,0.03945320844208391,0.33037608806864915,0.630170703489267
DO A BREATHE,neither,0.04121617817376095,0.3297697219358861,0.629014099890353
yoo,neither,0.03945320844208391,0.33037608806864915,0.630170703489267
Bidet!,neither,0.03945320844208391,0.33037608806864915,0.630170703489267
pvpWhy,neither,0.03945320844208391,0.33037608806864915,0.630170703489267
hi all,neither,0.0423466876598404,0.4436528871510691,0.5140004251890904
good god.. all this spam XD,neither,0.04048245739655146,0.40415079522106134,0.5553667473823872
Bidet from Toronto lads,neither,0.04035096305996787,0.3151388492503063,0.6445101876897258
Bidet from Spain,neither,0.04228451509352876,0.2823214250720796,0.6753940598343917
BIDET FROM BRAZIL,neither,0.04079557052152802,0.30759270029461827,0.6516117291838538
hah shes in like a comfort pose,neither,0.04774697766955774,0.3426429302184541,0.6096100921119882
Bidet from Singapore!,neither,0.04228451509352876,0.2823214250720796,0.6753940598343917
hhewwo this is my first live show ever aftet finishing all of campaign 1 and 2 :'),neither,0.0437187910927106,0.3539534059495464,0.6023278029577429
BibleThump,neither,0.03945320844208391,0.33037608806864915,0.630170703489267
bidet edmonton,neither,0.03945320844208391,0.33037608806864915,0.630170703489267
beep beep,neither,0.03945320844208391,0.33037608806864915,0.630170703489267
The art is going to be soooo BibleThump,neither,0.05078859877414041,0.33694593173991405,0.6122654694859455
here we are,neither,0.23789526199467362,0.1888739865144435,0.573230751490883
bidet from PA,neither,0.04069404815304118,0.30931579984010865,0.6499901520068502
bidet from Minnesota,neither,0.04071751644889743,0.3089174816120565,0.6503650019390461
Not ready ;~;,neither,0.03741288854270606,0.3380962759290845,0.6244908355282094
bidet,neither,0.03945320844208391,0.33037608806864915,0.630170703489267
damn it's been a long week,offensive_language,0.042770459968424636,0.7982613203186093,0.158968219712966
oh boy here we go yall,neither,0.09482908604057934,0.2745425958510432,0.6306283181083775
I LOVE KEG <3 <3 <3,neither,0.03633489270100109,0.3449275588628445,0.6187375484361545
wonder what tali rolled up with his new pc,neither,0.05185407273234089,0.32853144482804275,0.6196144824396164
I cant wait for the new character,neither,0.036466680255029055,0.22058864689660082,0.7429446728483702
"Bidet from Lancaster,PA",neither,0.04034574383703774,0.31522743308451706,0.6444268230784452
boy this was a nice fluffy none eventful episode and everyone is fine,neither,0.03964714448506486,0.36905107276017074,0.5913017827547645
This should be fun :^),neither,0.057877320552895545,0.3906534846110498,0.5514691948360547
Heeeere we go...,neither,0.04147345988742768,0.3436210257558678,0.6149055143567045
Why am I not surprised that some people got mad at the cast,neither,0.035621709165819984,0.41030077234878065,0.5540775184853993
rip molly,neither,0.03945320844208391,0.33037608806864915,0.630170703489267
Bidet from Florida!,neither,0.0408948396164547,0.30590784468201904,0.6531973157015263
Omg I finally caught up,neither,0.03698288896346149,0.3801413129732068,0.5828757980633317
best intro between beau an keg,neither,0.03903811435359625,0.3213230203488156,0.6396388652975882
Good thing Sam had a suit for the funeral already,neither,0.034224331493339095,0.31327032465594284,0.652505343850718
Bidet from Indiana,neither,0.0408364874901429,0.30689823255244486,0.6522652799574122
noo molly,neither,0.03945320844208391,0.33037608806864915,0.630170703489267
BibleThump,neither,0.03945320844208391,0.33037608806864915,0.630170703489267
bidet I'm very afraid,neither,0.03945320844208391,0.33037608806864915,0.630170703489267
#KeepTheDeadDead,neither,0.03945320844208391,0.33037608806864915,0.630170703489267
Like it was their fault,neither,0.04934004972957333,0.3505642386988075,0.6000957115716191
Murderer! xd,neither,0.03945320844208391,0.33037608806864915,0.630170703489267
"WHOA i'm not used to the live format lol, used to watching it on youtube. this is cool.",neither,0.0448852981318176,0.354184117293692,0.6009305845744903
HI,neither,0.03945320844208391,0.33037608806864915,0.630170703489267
bidet from Michigan,neither,0.040769555981420263,0.3080342349327864,0.6511962090857933
Here we go,neither,0.13156755280784707,0.2765461283225309,0.5918863188696221
@Egg_benedicts -> ONLY HULK CAPSLOCKS [warning],neither,0.03945320844208391,0.33037608806864915,0.630170703489267
"bidet from Quebec, Canada",neither,0.04071751644889743,0.3089174816120565,0.6503650019390461
"@CyrusGenasi -> THE EMOTES, THEY`RE TOO MANY [warning]",neither,0.055080314918249766,0.29325628621143124,0.651663398870319
both excited and sad for tals new character,neither,0.03692931364153768,0.21965457115474377,0.7434161152037184
STOP YELLING AT ME,neither,0.03086111068440555,0.47893724649502506,0.4902016428205694
"fuck you Lorenzo. ""fuck me indeed"" sent chills",offensive_language,0.18518355176284518,0.8147623208416284,5.4127395526463346e-05
Bidet to everyone that's not Lorenzo from Arizona! OWLTracer,neither,0.035875442703288546,0.44143874297344315,0.5226858143232683
"I'm gonna get my snacks and drinks now, cause I can't handle going through this shit again",offensive_language,0.039888664892863024,0.9221853431053945,0.03792599200174248
Molly TearGlove TearGlove TearGlove,neither,0.03945320844208391,0.33037608806864915,0.630170703489267
Beau is gonna step up to the plate and become the new leader,neither,0.04707135946826665,0.28563103401588463,0.6672976065158488
rip mollllllllyyyyy,neither,0.03945320844208391,0.33037608806864915,0.630170703489267
Bidet from Salt Lake City airport!,neither,0.04017049326368167,0.3182018926819201,0.6416276140543982
Bidet,neither,0.03945320844208391,0.33037608806864915,0.630170703489267
lulalivre,neither,0.03945320844208391,0.33037608806864915,0.630170703489267
Keg is awesome and amazing,neither,0.045026642060734826,0.2975072021823949,0.6574661557568702
Bidet from OK.,neither,0.04104157946423444,0.3034172865047108,0.6555411340310547
Be strong Dani.,neither,0.03989725801705707,0.3340945020400638,0.6260082399428791
"Got my favorite sandwich, got my favorite stuffed animals, got my favorite tea, I am not prepared, but I'm as good as I'm gonna be.",offensive_language,0.024912260550984833,0.5016229032752874,0.47346483617372775
"bidet from Appalachia <3 I am totally, embarrassingly, new here.",neither,0.09118277321353566,0.19931864834153376,0.7094985784449306
I'm not ready for the art reel,neither,0.03355026264460578,0.3006884469029377,0.6657612904524566
WHO ELSE IS READY TO CRY,neither,0.05539200758455119,0.3839417591037857,0.5606662333116631
so interested in seeing whats next!!!!,neither,0.03882408133736088,0.3743987794193258,0.5867771392433133
BibleThump BibleThump BibleThump,neither,0.03945320844208391,0.33037608806864915,0.630170703489267
Test,neither,0.03945320844208391,0.33037608806864915,0.630170703489267
bidet from alaska,neither,0.04066490145509902,0.30981049537100724,0.6495246031738937
though a wreckless one,neither,0.03808150414998212,0.3806985608604342,0.5812199349895837
Hello All,neither,0.04217753453783664,0.43734383323855475,0.5204786322236087
Yasha is going to live out all of our fantasies when she breaks Lorenzo in half,offensive_language,0.042582813833331845,0.4938325538043732,0.4635846323622951
god I am dreading this episode bu I have to watch!,neither,0.0465855570239658,0.3332161411284783,0.6201983018475559
5 memebers? EZ LUL,neither,0.03945320844208391,0.33037608806864915,0.630170703489267
my first time watching live,neither,0.02550967514463663,0.4325846998132895,0.5419056250420737
bidet from St. Louis. Im not ready for tonight,neither,0.03300589349078753,0.308573965713127,0.6584201407960855
subscriptions..wooot!,neither,0.03945320844208391,0.33037608806864915,0.630170703489267
Bidet from Glasgow! rip Molly,neither,0.04052427463170344,0.3121972995707941,0.6472784257975025
hype from the UK gandsLessthanthree,neither,0.03957516687696495,0.2982646844891086,0.6621601486339266
Love those purple docs! Awesome.,neither,0.05442918304757838,0.2876339807098648,0.6579368362425567
@batshack70 same,neither,0.04148851938089603,0.3488915597363099,0.609619920882794
im not ready,neither,0.036615750487804924,0.38017749597190786,0.5832067535402872
so much crying,neither,0.034579688794650836,0.3899969937614823,0.5754233174438668
i feel pained with this coming episode,neither,0.029355206355448967,0.3665135870309828,0.6041312066135683
RIP MOLLY,neither,0.03945320844208391,0.33037608806864915,0.630170703489267
Bidet from Molly,neither,0.040882199174905286,0.30612238596403646,0.6529954148610584
cryW cryW cryW cryW,neither,0.03945320844208391,0.33037608806864915,0.630170703489267
rip Molly cohh7,neither,0.03945320844208391,0.33037608806864915,0.630170703489267
dani love your boots <3,neither,0.06259540282900322,0.33472624119983085,0.6026783559711659
oh today will be awesome,neither,0.04460432238859014,0.2422348563405146,0.7131608212708952
MOLLY FLGKMSF,neither,0.03945320844208391,0.33037608806864915,0.630170703489267
"The recap has started , if you cannot see it, please refresh",neither,0.034775490534124806,0.37529621209774683,0.5899282973681284
F,neither,0.03945320844208391,0.33037608806864915,0.630170703489267
djclicGuru djclicGuru djclicGuru,neither,0.03945320844208391,0.33037608806864915,0.630170703489267
lololololollo,neither,0.03945320844208391,0.33037608806864915,0.630170703489267
Yasha goin be a mad girl,neither,0.03311800269950011,0.4013154777620602,0.5655665195384396
Bidet from Texas,neither,0.040937266849991,0.30518774380265185,0.6538749893473571
DANI I LOVE YOUR SHOES,neither,0.0638431029064811,0.3348502648364845,0.6013066322570343
*fetal position* Cuddle to cope.,neither,0.044553301968778394,0.3273738518919409,0.6280728461392807
Bidet from a rehearsal of Little Shop of Horrors.,neither,0.0401841201223646,0.31797060932680354,0.6418452705508317
Keg is an inside job!,neither,0.041397639651429924,0.17537674942886114,0.783225610919709
F,neither,0.03945320844208391,0.33037608806864915,0.630170703489267
She's holding a support stuffed animal </3,neither,0.06384303059328826,0.3835211463301782,0.5526358230765336
"I think Molly’s dead for good, Taliesin said he rolled up a new character already. Besides, Molly would have amnesia if he did rez again",neither,0.03200468219487803,0.3401013256857781,0.6278939921193439
Bidet from Georgia,neither,0.04066490145509902,0.30981049537100724,0.6495246031738937
f,neither,0.03945320844208391,0.33037608806864915,0.630170703489267
They rode too fast!! They rode toooo fasssst!,neither,0.039330388042852375,0.332460670779308,0.6282089411778397
F,neither,0.03945320844208391,0.33037608806864915,0.630170703489267
f,neither,0.03945320844208391,0.33037608806864915,0.630170703489267
Bidet from DC.,neither,0.0408364874901429,0.30689823255244486,0.6522652799574122
i really just want to know mollys backstory,neither,0.04201618723537281,0.3477370334539012,0.6102467793107259
Hey fellow critters!,neither,0.03945320844208391,0.33037608806864915,0.630170703489267
MOOOOOLLLLLLLYYYYYYY!!!!!!,neither,0.03945320844208391,0.33037608806864915,0.630170703489267
djclicGuru djclicGuru djclicGuru djclicGuru,neither,0.03945320844208391,0.33037608806864915,0.630170703489267
F,neither,0.03945320844208391,0.33037608806864915,0.630170703489267
omg those FUNKO!!,neither,0.0803066592120058,0.22800223901628006,0.6916911017717141
Bidet from Texas,neither,0.040937266849991,0.30518774380265185,0.6538749893473571
"Blarg. Every week when I try to turn on G&S live, I have to sign out and back in to get it to recognize my sub.",neither,0.037549395921830805,0.38746434817903574,0.5749862558991334
Anyone find the stream on youtube?,neither,0.03972189514487017,0.2565806235904792,0.7036974812646506
F,neither,0.03945320844208391,0.33037608806864915,0.630170703489267
RIP horses,neither,0.03945320844208391,0.33037608806864915,0.630170703489267
WHY IS EVERYONE SAYING BIDET?? First time sub here,neither,0.04294942119514036,0.408963418888771,0.5480871599160886
hey justin if ur watchin dis is zack,neither,0.0440618956594313,0.3586677738725176,0.5972703304680511
Molly :'(,neither,0.03945320844208391,0.33037608806864915,0.630170703489267
F,neither,0.03945320844208391,0.33037608806864915,0.630170703489267
f,neither,0.03945320844208391,0.33037608806864915,0.630170703489267
"Gosh, this is going to be interesting!",neither,0.05075794248900484,0.35093707233878163,0.5983049851722135
rip Molly,neither,0.03945320844208391,0.33037608806864915,0.630170703489267
Bidet from a German visiting Colorado,neither,0.04022244350252012,0.31732016154951215,0.6424573949479678
nooooo,neither,0.03945320844208391,0.33037608806864915,0.630170703489267
Oh Boy. I'm ready and not ready at the same time.,neither,0.040001484259729346,0.29730514609751696,0.6626933696427538
F,neither,0.03945320844208391,0.33037608806864915,0.630170703489267
F,neither,0.03945320844208391,0.33037608806864915,0.630170703489267
f,neither,0.03945320844208391,0.33037608806864915,0.630170703489267
F,neither,0.03945320844208391,0.33037608806864915,0.630170703489267
f,neither,0.03945320844208391,0.33037608806864915,0.630170703489267
i hope you are watching cameron,neither,0.14723740398370694,0.21617277916231964,0.6365898168539734
dani baby,neither,0.03945320844208391,0.33037608806864915,0.630170703489267
bless Dani,neither,0.03945320844208391,0.33037608806864915,0.630170703489267
gandsRaid gandsRaid gandsRaid gandsRaid,neither,0.03945320844208391,0.33037608806864915,0.630170703489267
BCWarrior,neither,0.03945320844208391,0.33037608806864915,0.630170703489267
gandsOne gandsOne,neither,0.03945320844208391,0.33037608806864915,0.630170703489267
f,neither,0.03945320844208391,0.33037608806864915,0.630170703489267
f,neither,0.03945320844208391,0.33037608806864915,0.630170703489267
F,neither,0.03945320844208391,0.33037608806864915,0.630170703489267
MOLLY DIES,neither,0.03945320844208391,0.33037608806864915,0.630170703489267
When does it start,offensive_language,0.016657143906209267,0.5095962980709364,0.4737465580228543
f,neither,0.03945320844208391,0.33037608806864915,0.630170703489267
F,neither,0.03945320844208391,0.33037608806864915,0.630170703489267
F,neither,0.03945320844208391,0.33037608806864915,0.630170703489267
F,neither,0.03945320844208391,0.33037608806864915,0.630170703489267
f,neither,0.03945320844208391,0.33037608806864915,0.630170703489267
f,neither,0.03945320844208391,0.33037608806864915,0.630170703489267
F,neither,0.03945320844208391,0.33037608806864915,0.630170703489267
F,neither,0.03945320844208391,0.33037608806864915,0.630170703489267
F,neither,0.03945320844208391,0.33037608806864915,0.630170703489267
f,neither,0.03945320844208391,0.33037608806864915,0.630170703489267
f,neither,0.03945320844208391,0.33037608806864915,0.630170703489267
F,neither,0.03945320844208391,0.33037608806864915,0.630170703489267
F,neither,0.03945320844208391,0.33037608806864915,0.630170703489267
"Here we go, guys",neither,0.10531895213922622,0.2917542834715198,0.6029267643892541
F,neither,0.03945320844208391,0.33037608806864915,0.630170703489267
F,neither,0.03945320844208391,0.33037608806864915,0.630170703489267
RIP pvpRed,neither,0.03945320844208391,0.33037608806864915,0.630170703489267
"Evening chat, bidet from Fort Smith, Arkansas. :D",neither,0.04016438856970791,0.31830550527063667,0.6415301061596554
Bidet from depression!,neither,0.04066490145509902,0.30981049537100724,0.6495246031738937
F,neither,0.03945320844208391,0.33037608806864915,0.630170703489267
Bidet from San Antonio texas,neither,0.04031505647017286,0.3157482777878597,0.6439366657419674
F,neither,0.03945320844208391,0.33037608806864915,0.630170703489267
goodnight sweet prince,neither,0.03945320844208391,0.33037608806864915,0.630170703489267
Molly the Wraith!,neither,0.0381955476471936,0.307118819326112,0.6546856330266944
f,neither,0.03945320844208391,0.33037608806864915,0.630170703489267
f,neither,0.03945320844208391,0.33037608806864915,0.630170703489267
f,neither,0.03945320844208391,0.33037608806864915,0.630170703489267
f,neither,0.03945320844208391,0.33037608806864915,0.630170703489267
Ffffffffffffffffffffffffffffff,neither,0.03945320844208391,0.33037608806864915,0.630170703489267
"damn it, all I could think of was what would have happened if they had tried to talk to the shepards, if they could have come to an agreement to free their friends",offensive_language,0.02953539460736951,0.5761471189173327,0.39431748647529774
He just rises from the grave again this time as Lucian,neither,0.03662432449210743,0.37584907364301967,0.5875266018648728
f,neither,0.03945320844208391,0.33037608806864915,0.630170703489267
f,neither,0.03945320844208391,0.33037608806864915,0.630170703489267
Bidet,neither,0.03945320844208391,0.33037608806864915,0.630170703489267
New character hype?? anyone??,neither,0.04251448097684001,0.2544790084300275,0.7030065105931325
f,neither,0.03945320844208391,0.33037608806864915,0.630170703489267
RIP_ Molly! gandsRaid,neither,0.03945320844208391,0.33037608806864915,0.630170703489267
f,neither,0.03945320844208391,0.33037608806864915,0.630170703489267
T,neither,0.03945320844208391,0.33037608806864915,0.630170703489267
bidet from Orlando!,neither,0.04062582848913359,0.31047366557575606,0.6489005059351104
f,neither,0.03945320844208391,0.33037608806864915,0.630170703489267
F,neither,0.03945320844208391,0.33037608806864915,0.630170703489267
f,neither,0.03945320844208391,0.33037608806864915,0.630170703489267
Bidet from florida!!,neither,0.0408948396164547,0.30590784468201904,0.6531973157015263
RIP Molly may he roll well at the great table in the sky,neither,0.04063889233918564,0.29918253611491435,0.6601785715459001
I covet Dani's boots <3,neither,0.03945320844208391,0.33037608806864915,0.630170703489267
I'm not ready,neither,0.03741288854270606,0.3380962759290845,0.6244908355282094
F,neither,0.03945320844208391,0.33037608806864915,0.630170703489267
T,neither,0.03945320844208391,0.33037608806864915,0.630170703489267
gandsLessthanthree gandsLessthanthree RIP Molly,neither,0.03945320844208391,0.33037608806864915,0.630170703489267
F,neither,0.03945320844208391,0.33037608806864915,0.630170703489267
love dani,neither,0.036234544398670354,0.3454103886020359,0.6183550669992937
F,neither,0.03945320844208391,0.33037608806864915,0.630170703489267
F,neither,0.03945320844208391,0.33037608806864915,0.630170703489267
caleb is gonna crash after this molly and him were creating this silent bond,neither,0.04221424655602183,0.3243554336511,0.6334303197928782
bidet is how we say hello,neither,0.047985993874707054,0.3301105221830578,0.6219034839422352
F,neither,0.03945320844208391,0.33037608806864915,0.630170703489267
Eyes never shut :(,neither,0.05442997300311315,0.3173338861681464,0.6282361408287406
f,neither,0.03945320844208391,0.33037608806864915,0.630170703489267
F,neither,0.03945320844208391,0.33037608806864915,0.630170703489267
F,neither,0.03945320844208391,0.33037608806864915,0.630170703489267
Bidet from Seattle,neither,0.040754399270683486,0.3082914838698526,0.650954116859464
Ahhhh,neither,0.03945320844208391,0.33037608806864915,0.630170703489267
F!!!!!,neither,0.03945320844208391,0.33037608806864915,0.630170703489267
Bidet from Colorado,neither,0.04066490145509902,0.30981049537100724,0.6495246031738937
f,neither,0.03945320844208391,0.33037608806864915,0.630170703489267
F,neither,0.03945320844208391,0.33037608806864915,0.630170703489267
F,neither,0.03945320844208391,0.33037608806864915,0.630170703489267
Bidet,neither,0.03945320844208391,0.33037608806864915,0.630170703489267
cRIticAL rEECaP,neither,0.03945320844208391,0.33037608806864915,0.630170703489267
f,neither,0.03945320844208391,0.33037608806864915,0.630170703489267
f,neither,0.03945320844208391,0.33037608806864915,0.630170703489267
FF,neither,0.03945320844208391,0.33037608806864915,0.630170703489267
I can’t wait,neither,0.03991073413903658,0.3226106829444422,0.6374785829165213
Ahhhhhhh,neither,0.03945320844208391,0.33037608806864915,0.630170703489267
F,neither,0.03945320844208391,0.33037608806864915,0.630170703489267
bidet from NOVA ! i'm ready for this hell,offensive_language,0.03561270052384781,0.6988135442599716,0.2655737552161807
F,neither,0.03945320844208391,0.33037608806864915,0.630170703489267
Gg Molly,neither,0.03945320844208391,0.33037608806864915,0.630170703489267
"enough F spam, people",neither,0.07125292531801958,0.32707203499286475,0.6016750396891157
BisexualPride bye molly :( TransgenderPride,neither,0.03945320844208391,0.33037608806864915,0.630170703489267
that purple bobble head is a collectors item now..... XD,neither,0.04078778656164888,0.373710162219338,0.5855020512190132
it's 3:45 am. what is sleep i only know the critter life,neither,0.04491006261807657,0.35736089160128676,0.5977290457806368
F,neither,0.03945320844208391,0.33037608806864915,0.630170703489267
F,neither,0.03945320844208391,0.33037608806864915,0.630170703489267
F,neither,0.03945320844208391,0.33037608806864915,0.630170703489267
@YuhBoiSmoove it's an inside joke from the first campaign,neither,0.030341928092381877,0.17095671592320516,0.7987013559844129
I would sub but I am poor as f,neither,0.03452006836187853,0.36216618205895007,0.6033137495791713
F gandsMolly,neither,0.03945320844208391,0.33037608806864915,0.630170703489267
Dude still catching up as we speak,neither,0.03505915718537893,0.41075789479101676,0.5541829480236045
I love you molly :C Goodbye babyyyy,neither,0.052001523252589395,0.38989529181380206,0.5581031849336087
Molly :”(,neither,0.03945320844208391,0.33037608806864915,0.630170703489267
ThumpFooty ThumpFooty,neither,0.03945320844208391,0.33037608806864915,0.630170703489267
o7,neither,0.03945320844208391,0.33037608806864915,0.630170703489267
,neither,0.03945320844208391,0.33037608806864915,0.630170703489267
Bidet from Bama,neither,0.04069404815304118,0.30931579984010865,0.6499901520068502
f,neither,0.03945320844208391,0.33037608806864915,0.630170703489267
if Taliesin isn't here ill cry,neither,0.05287241112087795,0.34850496206627163,0.5986226268128505
Don't cry Dani. Don't cry.,neither,0.03945320844208391,0.33037608806864915,0.630170703489267
oh gotta put on the Might Nein shirt!,neither,0.03901907391050416,0.3105365057174701,0.6504444203720257
Bidet from Iowa,neither,0.04069404815304118,0.30931579984010865,0.6499901520068502
fff,neither,0.03945320844208391,0.33037608806864915,0.630170703489267
Be Kind To Each Other!,neither,0.04669687825432469,0.3301564153676159,0.6231467063780594
This is going to make me cry so hard,offensive_language,0.036505571643633834,0.57204751062798,0.3914469177283861
Bidet from Minnesota gandsTwenty gandsTwenty gandsTwenty gandsLessthanthree gandsLessthanthree gandsLessthanthree,neither,0.04071751644889743,0.3089174816120565,0.6503650019390461
Bidet from a pool of my own tears...,neither,0.048242882849859545,0.37811647216477273,0.5736406449853677
Hello,neither,0.03945320844208391,0.33037608806864915,0.630170703489267
GOODNIGHT SWEET PRINCE,neither,0.03945320844208391,0.33037608806864915,0.630170703489267
CLONE WARS is BACK!,neither,0.04883601461857011,0.3271489107703249,0.624015074611105
t101Idiot t101Club,neither,0.03945320844208391,0.33037608806864915,0.630170703489267
cheer78 F,neither,0.03945320844208391,0.33037608806864915,0.630170703489267
cRiTIcAL REEcaP,neither,0.03945320844208391,0.33037608806864915,0.630170703489267
Bidet from illinois,neither,0.04069404815304118,0.30931579984010865,0.6499901520068502
So good to see him die!!,neither,0.2325857541414183,0.15315530732749777,0.6142589385310839
bidet from LA !,neither,0.04094187055022747,0.3051096069949388,0.6539485224548338
AAAAAAAAAAAAHHHHHHHHHHHH,neither,0.03945320844208391,0.33037608806864915,0.630170703489267
beau is such a good talker,neither,0.04725620016734917,0.3236504055656895,0.6290933942669613
Boot budget = top tier FeelsGoodMan,neither,0.03945320844208391,0.33037608806864915,0.630170703489267
whos ready to cry!,neither,0.045629678163866524,0.3267583131566628,0.6276120086794706
oh i love beau,neither,0.04307194494246774,0.2677487561558086,0.6891792989017236
Bidet from Ann Arbor MI,neither,0.040442547282471694,0.31358442597864195,0.6459730267388865
Also bidet from NOVA,neither,0.04106389839533116,0.30303847599623085,0.655897625608438
its not gonna be the same without mollymock,neither,0.03210145854781664,0.37754093839602404,0.5903576030561593
So whats your name its (name here)...nope it is molly 2....,neither,0.08970635095847342,0.3272499458559815,0.5830437031855452
we got roughly 104 hours of molly,neither,0.03810178857345038,0.3760831762699545,0.5858150351565952
F,neither,0.03945320844208391,0.33037608806864915,0.630170703489267
Bidet from FL!,neither,0.04066490145509902,0.30981049537100724,0.6495246031738937
guys stahp the spam,neither,0.03862822044101524,0.31861385534749026,0.6427579242114944
f,neither,0.03945320844208391,0.33037608806864915,0.630170703489267
bidet from Kauai,neither,0.04228451509352876,0.2823214250720796,0.6753940598343917
I gotta get me some of their merch!!,neither,0.02626723834844595,0.40349400213225306,0.5702387595193009
Ff,neither,0.03945320844208391,0.33037608806864915,0.630170703489267
why f for molly,neither,0.021659864979669017,0.3128304747952192,0.6655096602251118
Holy heck I am hyperd for clone wars,neither,0.0349659922274922,0.3086334135820233,0.6564005941904845
Can't wait for him to come back as MollyGlock,neither,0.03661802202323519,0.35207417005541736,0.6113078079213474
