text,top_class,hate_speech,offensive_language,neither
gotcha. Thankyou @Danoba,neither,0.03945320844208391,0.33037608806864915,0.630170703489267
"See? It´s so hot, I cant even control my emotes ^^ Didnt mean too post them right now",neither,0.03738510971207296,0.42293358003562465,0.5396813102523023
After ComicCon I'm sure its going to take a few mins for everyone to reawuant themselves with the studio & tech. Plus lots of Blizzard guests today,neither,0.02898654216984365,0.4214839183943533,0.5495295394358031
gandsHype gandsHype gandsGameEngine gandsGameEngine gandsHype gandsHype gandsHype,neither,0.03945320844208391,0.33037608806864915,0.630170703489267
Timing!,neither,0.03945320844208391,0.33037608806864915,0.630170703489267
gandsHype gandsHype gandsHype,neither,0.03945320844208391,0.33037608806864915,0.630170703489267
gandsGameEngine gandsHype gandsGameEngine,neither,0.03945320844208391,0.33037608806864915,0.630170703489267
<3,neither,0.03945320844208391,0.33037608806864915,0.630170703489267
I'll take a Blizzard anyday vs this 115F hotness,neither,0.03937637353616685,0.33168017694518703,0.628943449518646
Hi Trisha ans EKbot,neither,0.03945320844208391,0.33037608806864915,0.630170703489267
gandsGameEngine Hi Erika and Trisha!,neither,0.038358606956405694,0.2721397086643902,0.6895016843792041
pokuriHI,neither,0.03945320844208391,0.33037608806864915,0.630170703489267
gandsHype gandsGameEngine gandsHype gandsGameEngine gandsHype gandsGameEngine gandsHype,neither,0.03945320844208391,0.33037608806864915,0.630170703489267
hrpgHeyo Trish hrpgHeyo Erika,neither,0.03945320844208391,0.33037608806864915,0.630170703489267
Snow? What's that? says the California,neither,0.05661628398041086,0.3421354811428065,0.6012482348767826
*californian,neither,0.03945320844208391,0.33037608806864915,0.630170703489267
gandsTeamNoStream gandsTeamNoStream,neither,0.03945320844208391,0.33037608806864915,0.630170703489267
I still believe in you Erika!,neither,0.06263317574846416,0.4205053889810971,0.5168614352704387
I´d like a Blizzard now too,neither,0.05878003213289176,0.364894419129115,0.5763255487379931
Did anyone What friday show is going to be?,neither,0.07286497265500307,0.2846013402291016,0.6425336871158954
"Great jokes, A+",neither,0.03725422317544982,0.30090957430816734,0.6618362025163829
gandsHug gandsHug gandsHug,neither,0.03945320844208391,0.33037608806864915,0.630170703489267
bardCool bit,neither,0.03945320844208391,0.33037608806864915,0.630170703489267
gandsGameEngine gandsGameEngine gandsGameEngine,neither,0.03945320844208391,0.33037608806864915,0.630170703489267
So is Talks Machina still tonight?,neither,0.043379498393005596,0.36029854740633627,0.5963219542006581
http://www.wheniscriticalrole.com/talksmachina <<< countdown clock to Talks Machina .,neither,0.04145966242276606,0.25114196311771403,0.7073983744595199
"I don't get to go to Blizzcon this year, but hopefully I'll be able to hang out outside!",neither,0.046832324548400424,0.34876117984294586,0.6044064956086538
needs more Mayor of Blizzard tho,neither,0.037610283077397944,0.329543832897508,0.6328458840250939
OWLpotg,neither,0.03945320844208391,0.33037608806864915,0.630170703489267
@Alexanderhero83 Not that i've heard about,neither,0.0141101234298866,0.3843832197533232,0.6015066568167903
"@warner05, yes, it will be a broadcast of the SDCC panel from Saturday",neither,0.039772695697446875,0.29538659186250016,0.664840712440053
Talks Machina is supposed to be the CR panel from comic-con tonight,neither,0.046453846632265504,0.29775021034717025,0.6557959430205643
Panel recorded at SDCC in the /tm spot tonight,neither,0.03694746624029209,0.3215630390403394,0.6414894947193686
@warner05 No please show the Comic-Con panel instead,neither,0.04833853897954665,0.27675466351341643,0.674906797507037
me too Ossborn toped at 40 at 18h here (belgium),neither,0.06658458225530059,0.37722348687225526,0.5561919308724441
SDCC was the most fun! But omg wow exhausting,neither,0.03581764410144641,0.32647961428018357,0.63770274161837
@shidareAKI srsly. it takes a week to decompress,neither,0.0453486225306746,0.3264981712884958,0.6281532061808297
I am very excited for the spiderman game,neither,0.03441706859118864,0.27350205160234947,0.6920808798064618
And I did about .01% of the stuff they had going on,neither,0.03457229784124273,0.3385345827783465,0.6268931193804107
"Amen to that, @shidareAKI",neither,0.04254834332994456,0.37569917692392485,0.5817524797461305
So they already did the panel and just showing it again tonight??,neither,0.031959613245237745,0.3510606544959236,0.6169797322588387
23°C right now... at 1.10 AM... This is madness,neither,0.04332342286690756,0.3579193394637134,0.5987572376693789
>.>,neither,0.03945320844208391,0.33037608806864915,0.630170703489267
@warner05 yes the SDCC panel from saturday,neither,0.0395568763668702,0.3027340657894345,0.6577090578436953
@warner05 yes it wasn’t broadcast live,neither,0.04198009322563778,0.3295069765197607,0.6285129302546015
does anyone find their jokes funny?,neither,0.03042243187921728,0.3808938946143958,0.5886836735063868
so whatever happens it should end in a fist fight,neither,0.0636583145858762,0.38185752640508425,0.5544841590090396
!respect @thepizzatrophy,neither,0.03945320844208391,0.33037608806864915,0.630170703489267
"If you would like to share opinions on our hosts, guests or fellow viewers, please do so in a respectful manner. Don't make them feel uncomfortable.",neither,0.04843323757214918,0.39559142321184637,0.5559753392160044
MGS film is gona be so hard to do. most of the games have 5-10 films worth of cutscenes,neither,0.041156786174583855,0.4645153287376715,0.4943278850877446
"@ThePizzaTrophy i'm assuming everyone in chat and watching, yes",neither,0.03468217159977485,0.3763853733790173,0.5889324550212078
The last Spiderman game I played was on PS2... definitely going to play the new one,neither,0.04079094788146466,0.2788289854040633,0.6803800667144719
@shidareaki was the Nightflyers activation one of them?,neither,0.05754206711759187,0.34229978972844166,0.6001581431539665
I'm a fan of silly humor.,neither,0.03945320844208391,0.33037608806864915,0.630170703489267
"Ah so it wasn't Live so I din't miss it, am I right here? Sorry, should have did my homework.",neither,0.05437363477777634,0.4424640576735464,0.5031623075486774
graphWHAT graphWHAT,neither,0.03945320844208391,0.33037608806864915,0.630170703489267
omg a pokemon and daft punk joke?!? how didnt i think of that?,neither,0.045958629071383914,0.1663268427338237,0.7877145281947924
@critternation3000 the shadow of the tomb raider was the only activation I went to,neither,0.04166777724376102,0.3021707239842185,0.6561614987720205
@warner05 what do you mean,neither,0.08245657491013737,0.3929748893959136,0.524568535693949
"@warner05, yes, it was filmed on saturday. Is being shown on the internet for the first time today",neither,0.028666810272745754,0.32823926645389473,0.6430939232733595
yote,neither,0.03945320844208391,0.33037608806864915,0.630170703489267
culling 2 OMEGALUL,neither,0.03945320844208391,0.33037608806864915,0.630170703489267
they are replaying the panel filmed on saturday,neither,0.056627797750231273,0.2900169731405499,0.6533552291092187
@Andyinsomnia Great! Thanks!!,neither,0.035150966832793534,0.2827534068754326,0.6820956262917739
We have a subscriber-only Discord server! Join here: https://discord.gg/geekandsundry (you'll need to sub and link it to your Twitch) and be a part of the fun!...Warning: It can take up to an hour for the server to update and give you access to the channels,neither,0.08464076273808444,0.286394834032893,0.6289644032290227
seremeWeird,neither,0.03945320844208391,0.33037608806864915,0.630170703489267
hello!,neither,0.03945320844208391,0.33037608806864915,0.630170703489267
this Go trend needs to stop lirikRE,neither,0.04660111539243967,0.4006727215688333,0.552726163038727
can't wait for Ghostbusters World,neither,0.03296211864313935,0.29132269347132594,0.6757151878855349
Feels like ages since I saw this live!,neither,0.050596417815414664,0.34133106007818614,0.6080725221063991
"That was pretty cool, when i saw it in action",neither,0.028609361835200724,0.3996104420500042,0.5717801961147951
@origamispaceship !preach,neither,0.03945320844208391,0.33037608806864915,0.630170703489267
"I went to one panel and one activation and then otherwise partied a lot, hung out at Nerdist House and spent indeterminate time on the con floor attempting to fight off overstimulation. 😆",neither,0.0389531461574889,0.3273060479214623,0.6337408059210489
Ghostbusters? Wonder if new lady Egon will be in it.,neither,0.02713512797546393,0.2797172424648939,0.6931476295596422
seremeWeird,neither,0.03945320844208391,0.33037608806864915,0.630170703489267
"Help G&S make great content! $4.99/month gets you emotes, Minecraft server access, sub-only VODs, and more! Every sub keeps the channel alive! twitch.tv/geekandsundry/subscribe",neither,0.043907990691603095,0.31135964332838284,0.644732365980014
graphWHAT graphWHAT,neither,0.03945320844208391,0.33037608806864915,0.630170703489267
over 9000 jnbV jnbV jnbV jnbV,neither,0.03258650799384449,0.33466307905687503,0.6327504129492805
@ThePizzaTrophy LUL,neither,0.03945320844208391,0.33037608806864915,0.630170703489267
Hey Everyone <3,neither,0.031959242684595296,0.4575682446653829,0.5104725126500218
YES!!,neither,0.03945320844208391,0.33037608806864915,0.630170703489267
Hi @Leigh574,neither,0.03945320844208391,0.33037608806864915,0.630170703489267
jcvimHi @Leigh574,neither,0.03945320844208391,0.33037608806864915,0.630170703489267
hi @chaoticloony,neither,0.03945320844208391,0.33037608806864915,0.630170703489267
@Leigh574 hello,neither,0.03945320844208391,0.33037608806864915,0.630170703489267
hi @Andyinsomnia,neither,0.03945320844208391,0.33037608806864915,0.630170703489267
hey @OrigamiSpaceship,neither,0.03945320844208391,0.33037608806864915,0.630170703489267
Hey @leigh574,neither,0.03945320844208391,0.33037608806864915,0.630170703489267
triska bardCool,neither,0.03945320844208391,0.33037608806864915,0.630170703489267
thuluJACK @Leigh574,neither,0.03945320844208391,0.33037608806864915,0.630170703489267
Oh wow,neither,0.04699983224225219,0.25967008852857676,0.6933300792291711
hi @shidareAKI,neither,0.03945320844208391,0.33037608806864915,0.630170703489267
hi @Ossborn,neither,0.03945320844208391,0.33037608806864915,0.630170703489267
LUL wut,neither,0.03945320844208391,0.33037608806864915,0.630170703489267
go trend ?,neither,0.04091319648627626,0.3354455221163608,0.6236412813973629
LUL,neither,0.03945320844208391,0.33037608806864915,0.630170703489267
seremeSip,neither,0.03945320844208391,0.33037608806864915,0.630170703489267
Hehhe,neither,0.03945320844208391,0.33037608806864915,0.630170703489267
Dragon ball Xenovese 2 is on the Switch,neither,0.04273867317948565,0.3258680330172761,0.6313932938032382
is John Grisham even still alive?,neither,0.043853154331409926,0.35041361851873853,0.6057332271498516
THEY WHERE NOT IN SINK THE FUSION MUST BE DON ONCE MORE!,neither,0.04149037689183048,0.28270118375290226,0.6758084393552672
:W£eir,neither,0.03945320844208391,0.33037608806864915,0.630170703489267
seremeWeird,neither,0.03945320844208391,0.33037608806864915,0.630170703489267
oh hi not Matt Key,neither,0.04240946754567766,0.29519611084055314,0.6623944216137692
LUL he looks so tall in this,neither,0.04343491260222398,0.36433874411132594,0.5922263432864501
:-D !,neither,0.03945320844208391,0.33037608806864915,0.630170703489267
dragon ball fighterz,neither,0.03945320844208391,0.33037608806864915,0.630170703489267
graphWTF,neither,0.03945320844208391,0.33037608806864915,0.630170703489267
YAY PATHEW KEY! :D,neither,0.03945320844208391,0.33037608806864915,0.630170703489267
GIANT lirikPOG,neither,0.03945320844208391,0.33037608806864915,0.630170703489267
Omg,neither,0.03945320844208391,0.33037608806864915,0.630170703489267
^_^ oh my lord. pat key.,neither,0.034116761137411945,0.35870348157670323,0.6071797572858848
*headdesk*,neither,0.03945320844208391,0.33037608806864915,0.630170703489267
Matt's towering over Trisha,neither,0.035887403128086595,0.33255719857421295,0.6315553982977006
Mr. Patthew,neither,0.03945320844208391,0.33037608806864915,0.630170703489267
A wild Patthew aooeared.,neither,0.03945320844208391,0.33037608806864915,0.630170703489267
Hey @Leigh574,neither,0.03945320844208391,0.33037608806864915,0.630170703489267
Hey @Danoba,neither,0.03945320844208391,0.33037608806864915,0.630170703489267
We need Patthew on all the shows please,neither,0.03706475769101693,0.3920058663737015,0.5709293759352816
OpieOP Clap,neither,0.03945320844208391,0.33037608806864915,0.630170703489267
Matt key is funny,neither,0.04560532282915033,0.34321568862556384,0.6111789885452857
rekt,neither,0.03945320844208391,0.33037608806864915,0.630170703489267
pokiHA,neither,0.03945320844208391,0.33037608806864915,0.630170703489267
His soul is gone.....,neither,0.08613245072478175,0.32829930358117326,0.585568245694045
lol,neither,0.020706217963973744,0.4882283491876925,0.4910654328483337
Patthew LUL,neither,0.03945320844208391,0.33037608806864915,0.630170703489267
emzW emzW,neither,0.03945320844208391,0.33037608806864915,0.630170703489267
Loved Matt's photos from SDCC,neither,0.04027088579256978,0.3164979694630665,0.6432311447443636
ah so THIS is what those pictures were for :p,neither,0.06747974002709554,0.26190201677302927,0.6706182431998752
What about the casadia?,neither,0.04522989272745547,0.34331171757297363,0.6114583896995709
Give Patthew his own show,neither,0.15946298051543492,0.22945361843620113,0.611083401048364
and the tweet series makes sense now,neither,0.038204571961449156,0.2873508634962154,0.6744445645423355
"If he makes it through this without busting a smile, I'll anoint him king.",neither,0.030506013400485806,0.36363402558368896,0.6058599610158252
LUL,neither,0.03945320844208391,0.33037608806864915,0.630170703489267
@misssunflower94 I was wondering myself too lol,neither,0.03208025567805001,0.386930116036221,0.580989628285729
I thought those were Matt but clearly they were Pat. It all makes sense now.,neither,0.05155592635796893,0.25930686299458167,0.6891372106474495
Watching the IRL streaming from SDCC was so cool,neither,0.03940980604422312,0.3379202995234018,0.6226698944323752
Wednesday Club is Awesome,neither,0.0464449519728472,0.32797130685780734,0.6255837411693455
Wow...,neither,0.03945320844208391,0.33037608806864915,0.630170703489267
OWLHanzo,neither,0.03945320844208391,0.33037608806864915,0.630170703489267
We need to get a photo of just Trish and Matt standing next to each other LOL,neither,0.037955398290072384,0.3576773532276374,0.6043672484822903
oh god,neither,0.047523175703714664,0.25506489023357065,0.6974119340627147
MLP DansGame,neither,0.03945320844208391,0.33037608806864915,0.630170703489267
This is hilarious! xD,neither,0.050298936780661496,0.3286480543696765,0.621053008849662
Uhhhhh,neither,0.03945320844208391,0.33037608806864915,0.630170703489267
Blink twice if you need help Pat,neither,0.03522137384317051,0.3990626754849632,0.5657159506718662
Kill it with fire,hate_speech,0.4400455745202741,0.19831020394005164,0.36164422153967435
OMEGALUL,neither,0.03945320844208391,0.33037608806864915,0.630170703489267
we need to know quesadilla,neither,0.04928029316415554,0.3260559803207306,0.6246637265151139
LUL,neither,0.03945320844208391,0.33037608806864915,0.630170703489267
#patthew4critcalroll,neither,0.03945320844208391,0.33037608806864915,0.630170703489267
pokiLUL lirikLUL exbcLul,neither,0.03945320844208391,0.33037608806864915,0.630170703489267
graphRUN graphRUN,neither,0.03945320844208391,0.33037608806864915,0.630170703489267
Kappa //,neither,0.03945320844208391,0.33037608806864915,0.630170703489267
friendship is magic sodaH,neither,0.047111087909416025,0.3277421921631566,0.6251467199274274
Want the inside scoop? Join the cast of Critical Role and discuss this episode right here on Talks Machina. Tuesdays 7pm Pacific at twitch.tv/geekandsundry and projectalpha.com,neither,0.04630302093207864,0.22484473131932575,0.7288522477485957
WOOHOO PATHEW!,neither,0.03945320844208391,0.33037608806864915,0.630170703489267
that was a good bit,neither,0.0341461677424261,0.38189195266367026,0.5839618795939036
A joke telling show with Patthew... Win!,neither,0.04083382942502832,0.2961854573364308,0.6629807132385409
retroHYPERS retroHYPERS,neither,0.03945320844208391,0.33037608806864915,0.630170703489267
lirikHS,neither,0.03945320844208391,0.33037608806864915,0.630170703489267
@Ossborn Like when Dustin did his jokes,neither,0.06652096516266388,0.40023098586733463,0.5332480489700013
Glad I made it back in time to catch Pathew Key,neither,0.04234260050075318,0.3423513151284247,0.6153060843708222
omg matt,neither,0.03945320844208391,0.33037608806864915,0.630170703489267
LUL,neither,0.03945320844208391,0.33037608806864915,0.630170703489267
Does Patthew have one t or two?,neither,0.024984135939734725,0.48598833816266385,0.4890275258976014
graphFGM,neither,0.03945320844208391,0.33037608806864915,0.630170703489267
@Ossborn Now if they can only retrieve the Angry Birds Joke Book from the landfill.,neither,0.013142956116019434,0.15787544252284333,0.8289816013611372
OWLMoira,neither,0.03945320844208391,0.33037608806864915,0.630170703489267
LUL,neither,0.03945320844208391,0.33037608806864915,0.630170703489267
3,neither,0.03945320844208391,0.33037608806864915,0.630170703489267
patttttthew,neither,0.03945320844208391,0.33037608806864915,0.630170703489267
4 ts,neither,0.03945320844208391,0.33037608806864915,0.630170703489267
"Dustin had to use a book, @Leigh574",neither,0.015546939847085594,0.4236188597945,0.5608342003584144
#PathewKey4WaLuigi,neither,0.03945320844208391,0.33037608806864915,0.630170703489267
oh man those pics were amazing,neither,0.06667860299586818,0.26169149531293706,0.6716299016911949
Lol,neither,0.020706217963973744,0.4882283491876925,0.4910654328483337
