text,top_class,hate_speech,offensive_language,neither
yea normally it says you have to be subbed to even view the videos...the last few times i could view the videos anyway but they wouldnt play so it took me a bit to figure out why it was broken,neither,0.0383865720790422,0.3709131673892323,0.5907002605317254
"I can see Becca being all coy and acting new to the game, start doing well, and then is all ""Yeah. I've actually played""",neither,0.024682418378227756,0.33706065357069287,0.6382569280510794
"Hi, ERIKA, BECCA and IFY!",neither,0.038358606956405694,0.2721397086643902,0.6895016843792041
"Hi Erika, Becca and Ify!",neither,0.038358606956405694,0.2721397086643902,0.6895016843792041
"Erika V Ify, The Rematch!",neither,0.03843498882663835,0.31168514531390124,0.6498798658594604
Ify!!,neither,0.03945320844208391,0.33037608806864915,0.630170703489267
Is this the Mulligang?,neither,0.05826455335773012,0.2920297504162585,0.6497056962260115
"Oh, right, this is new and I'm forgetting about it. Good!",neither,0.04839738084860833,0.22839630225715515,0.7232063168942365
#BringBackMulligan,neither,0.03945320844208391,0.33037608806864915,0.630170703489267
!whodat,neither,0.03945320844208391,0.33037608806864915,0.630170703489267
"Becca Scott ( twitter.com/thebeccascott ), Erika Ishii ( twitter.com/erikaishii ), and Ify Nwadiwe ( twitter.com/IfyNwadiwe ) with Ryan Green ( twitter.com/HydroSnail ).",neither,0.03534662019028918,0.45510797980342665,0.5095454000062842
Is that IFY? Looks like he's dropped a couple of pounds.,neither,0.05539202659836694,0.36804639275908674,0.5765615806425464
the Big Man has Big Hair.,neither,0.017585189612249474,0.45471328812492684,0.5277015222628236
"Erika & Ify, back to school",neither,0.050249435348113554,0.32417766497309364,0.6255728996787928
"Ify and Erika may have changed, but the shenanigans will be the same, I have no doubt.",neither,0.03712674195932368,0.28808432237934256,0.6747889356613338
Build! That! Deck!,neither,0.03582311638819414,0.36981480308917236,0.5943620805226335
Alright is Ify going to get wrecked?,neither,0.05042864290492003,0.354473929061713,0.595097428033367
I'm so terrible at trading card games.,neither,0.03886899942143346,0.3778807341599777,0.5832502664185889
5 color decks can be fun,neither,0.04114581487236353,0.3292852950037772,0.6295688901238593
"@vexelghost feel free to ask questions, people here will surely answer!",neither,0.10235284131203841,0.284749648571271,0.6128975101166905
I just got 2 foil Wrath of Gods and a foil Hadana's Climb today.,neither,0.03385871239908419,0.3326353995466996,0.6335058880542161
"@chaoticloony sounds like a lot of work in mana management, though.",neither,0.047138611746990175,0.34179603746353965,0.6110653507894701
i have beta codes for Magic the Gathering Arena for anyone who wants one,neither,0.03260698657622205,0.34159762043564584,0.625795392988132
"Help G&S make great content! $4.99/month gets you emotes, Minecraft server access, sub-only VODs, and more! Every sub keeps the channel alive! twitch.tv/geekandsundry/subscribe",neither,0.043907990691603095,0.31135964332838284,0.644732365980014
!questions,neither,0.03945320844208391,0.33037608806864915,0.630170703489267
"To make it easier to read questions in chat, please preface your questions with the word question in all caps. For example, QUESTION: How are you today?",neither,0.06209713493468228,0.3342013724685751,0.6037014925967426
@halfdonut Appreciated. :),neither,0.03945320844208391,0.33037608806864915,0.630170703489267
@HalfDonut It was a bit easier for me because i had 4 of each of the OG Dual Lands,neither,0.0314973744729418,0.32779782651151573,0.6407047990155426
@chaoticloony nice,neither,0.03945320844208391,0.33037608806864915,0.630170703489267
5 color is a little easier in EDH,neither,0.0481041967150689,0.3319297143979839,0.6199660888869473
@davidflegel hi there!,neither,0.039369405442012055,0.27395600237499595,0.686674592182992
"QUESTION for older sets of Magic cards, how can you tell which set the cards are from? not including stand alone sets like Iceage and Mirage.",neither,0.05389512417805419,0.2968512772193955,0.6492535986025503
ya dun gud kid,offensive_language,0.02620344928100645,0.5652270676260094,0.40856948309298424
Cool,neither,0.03945320844208391,0.33037608806864915,0.630170703489267
No-sleeve shamer? You mean like Marisha?,neither,0.06975838694562747,0.41081990917732164,0.5194217038770509
Mono red... it’s everywhere calebdBull,neither,0.038124333722049736,0.3296029074219342,0.632272758856016
Becca really is excellent at explaining game rules. :),neither,0.04363661835737589,0.3163577101838784,0.6400056714587458
"The symbol on the card, Perry.",neither,0.035470396584040005,0.3140629186639062,0.6504666847520537
"@Perry_J they will be able to say this for sure, I believe that the cards have a little icon somewhere on the card that indicates where they came from.",neither,0.03368680493662167,0.3766304078499429,0.5896827872134354
@Perry_J all sets except for the first core sets have an expansion symbol on them,neither,0.03748020221127569,0.344471268975118,0.6180485288136063
"@Perry_J for instance, the newer cards from the M19 set have an ""M19"" icon",neither,0.03545720465777299,0.28713548614205525,0.6774073092001718
"Above the text box, on the right is a symbol for what set its from",neither,0.03407003567481723,0.3528532374772376,0.6130767268479452
"@Perry_J Alpha has black borders and rounded corners, Beta was black border with the standard squarish corners. Unlimited had white borders",neither,0.16639889239727695,0.3647136754217242,0.4688874321809988
thanks all. I'll take a look at my cards.,neither,0.03056945193753014,0.45283942095904994,0.51659112710342
cool. i see ify. do they every play the yu-gi-oh trading card game?,neither,0.0420140559742951,0.27361693213916094,0.6843690118865441
!questions,neither,0.03945320844208391,0.33037608806864915,0.630170703489267
"To make it easier to read questions in chat, please preface your questions with the word question in all caps. For example, QUESTION: How are you today?",neither,0.06209713493468228,0.3342013724685751,0.6037014925967426
classic shivan,neither,0.03945320844208391,0.33037608806864915,0.630170703489267
"Hi there, @Danoba , how are you?",neither,0.10121344307316549,0.2730528612016475,0.625733695725187
"If it's ok, I can post a link to a site with all the MTG set symbol icons.",neither,0.025448822165274856,0.4141331723466928,0.5604180054880324
"@HalfDonut Good, thanks, how are you?",neither,0.09947608708717814,0.2980408198044945,0.6024830931083274
@Marb04 does that work on steam?,neither,0.023762799597816412,0.4757707361280559,0.5004664642741277
@Danoba good thanks,neither,0.03554594282838003,0.3055404074847705,0.6589136496868494
!permit @Knight_of_BAAWA,neither,0.03945320844208391,0.33037608806864915,0.630170703489267
@japenrose -> @Knight_of_BAAWA has been granted permission to post a link for 60 seconds.,neither,0.03948094283137336,0.31126035666296836,0.6492587005056583
"It includes ones that don't actually exist, like Alpha, etc.",neither,0.04242205639932634,0.3684392545057983,0.5891386890948754
https://andrewgioia.github.io/Keyrune/icons.html,neither,0.03945320844208391,0.33037608806864915,0.630170703489267
Thank you.,neither,0.07325166854587051,0.43632638485078484,0.49042194660334476
Hey guys,neither,0.03929207127355727,0.33311100635304525,0.6275969223733975
