text,top_class,hate_speech,offensive_language,neither
VoteYea VoteNay VoteYea VoteNay VoteYea VoteNay VoteYea VoteNay VoteYea VoteNay,neither,0.03945320844208391,0.33037608806864915,0.630170703489267
Hello Wednesdaisies!,neither,0.03945320844208391,0.33037608806864915,0.630170703489267
TableHere FlipThis,neither,0.03945320844208391,0.33037608806864915,0.630170703489267
gandsCaleb,neither,0.03945320844208391,0.33037608806864915,0.630170703489267
@GeekandSundry Volume increase please.,neither,0.03945320844208391,0.33037608806864915,0.630170703489267
We're off!,neither,0.07087626856805332,0.28908360695182783,0.6400401244801189
Whoot,neither,0.03945320844208391,0.33037608806864915,0.630170703489267
"Little late, but we're live.",neither,0.05729953242941949,0.3182384359535477,0.6244620316170327
gandsHype gandsHype gandsHype gandsHype,neither,0.03945320844208391,0.33037608806864915,0.630170703489267
yaayyyyyyyyyy,neither,0.03945320844208391,0.33037608806864915,0.630170703489267
"howdy, lovely people!",neither,0.0792775150304058,0.3257534606099189,0.5949690243596755
Wooo,neither,0.03945320844208391,0.33037608806864915,0.630170703489267
it begins woooo,neither,0.037828236809968684,0.3309349903269868,0.6312367728630445
Hello darling hosts!!,neither,0.03945320844208391,0.33037608806864915,0.630170703489267
Woo!,neither,0.03945320844208391,0.33037608806864915,0.630170703489267
"gandsTWC Hi Amy, Taliesin, and Matt!",neither,0.0388100252782571,0.29846695177565247,0.6627230229460904
Hullo Hullo!,neither,0.03945320844208391,0.33037608806864915,0.630170703489267
Its all dark!,neither,0.03412437606938405,0.42578692274740737,0.5400887011832086
gandsLessthanthree gandsHug gandsHappy gandsHug gandsLessthanthree,neither,0.03945320844208391,0.33037608806864915,0.630170703489267
Hi Amy <3,neither,0.03945320844208391,0.33037608806864915,0.630170703489267
Wooooo! Hello!,neither,0.03945320844208391,0.33037608806864915,0.630170703489267
Just in time!,neither,0.030301954458447782,0.39891765189907363,0.5707803936424786
everything's all dark and cozy,neither,0.040208566715115523,0.35923302578180055,0.6005584075030841
gandsHR,neither,0.03945320844208391,0.33037608806864915,0.630170703489267
you're beautiful and we love you!,neither,0.10902362974741457,0.3658329334567011,0.5251434367958844
,neither,0.03945320844208391,0.33037608806864915,0.630170703489267
Above lighting,neither,0.03945320844208391,0.33037608806864915,0.630170703489267
"Yes, Cabbage Key! :P",neither,0.03945320844208391,0.33037608806864915,0.630170703489267
ayyyyy,neither,0.03945320844208391,0.33037608806864915,0.630170703489267
it's so coooozy,neither,0.036059904940826074,0.4466212236479848,0.5173188714111893
"We are, in fact, on the internet, Matt Key!",neither,0.05301904704574578,0.29898272211161747,0.6479982308426367
"wow, new lighting scheme",neither,0.04215525871037289,0.26362364506227703,0.6942210962273502
Taliesin your hair is perfection,neither,0.08570352112692205,0.31658405157283676,0.5977124273002412
!questions,neither,0.03945320844208391,0.33037608806864915,0.630170703489267
"To make it easier to read questions in chat, please preface your questions with the word question in all caps. For example, QUESTION: How are you today?",neither,0.06209713493468228,0.3342013724685751,0.6037014925967426
"Hi Amy, Taliesin and Matt!",neither,0.0388100252782571,0.29846695177565247,0.6627230229460904
"oh goodness, they look exhausted!",neither,0.0465292326335345,0.2809991780661572,0.6724715893003083
Breaking everything to start. Excellent :D It only gets better from here.,neither,0.07155956625974971,0.29382504051300073,0.6346153932272496
The lights gandsTWC,neither,0.038215876222912545,0.3075096453319408,0.6542744784451466
time for fullscreen,neither,0.027501440403312122,0.315918077696926,0.6565804818997619
"The Doctor, The Master and the sorcerer Supreme",neither,0.03739992955529764,0.2732399395759674,0.6893601308687349
Wait is this the internet ???,neither,0.047336343706252317,0.3116416352907986,0.6410220210029491
Woo!,neither,0.03945320844208391,0.33037608806864915,0.630170703489267
Tals' shirt kinda hurts me,neither,0.03301002862821387,0.36501619972736443,0.6019737716444218
HI GUYS~~~,neither,0.03930687933907141,0.3328596748352989,0.6278334458256297
This episode of TWC is now goth edition.,neither,0.044981810607354594,0.3295561617144682,0.6254620276781773
Taliesin's hair AND shirt are amazing,neither,0.06214473826948455,0.25348801864542253,0.684367243085093
"@stargazer1977 still, I bet there are cons in Wyoming",neither,0.05586374541478292,0.2796045946531919,0.6645316599320252
Wait what.,neither,0.04877470361900789,0.3238348708445956,0.6273904255363965
Where is Patthew Key?!,neither,0.05235134149999462,0.28840889192870994,0.6592397665712953
Xander II,neither,0.03945320844208391,0.33037608806864915,0.630170703489267
,neither,0.03945320844208391,0.33037608806864915,0.630170703489267
Xander the second,neither,0.03812459404649665,0.30574984906218505,0.6561255568913182
Did we break everything so early on in the evening?,neither,0.03770833821457339,0.34292073937059414,0.6193709224148326
love this lightning,neither,0.033354624610487035,0.36213039408674813,0.6045149813027648
<3,neither,0.03945320844208391,0.33037608806864915,0.630170703489267
What's up with the lights?,neither,0.02896715807068423,0.4048800317734667,0.5661528101558492
"Taliesin, that shirt.",neither,0.03372650852319189,0.39315224868719,0.5731212427896182
Happy Post-SDCC!,neither,0.03945320844208391,0.33037608806864915,0.630170703489267
i hope Matts twin brother is on tonight . he is so funny,neither,0.07874792462244787,0.2793163622827707,0.6419357130947815
aww you all look sleepy,neither,0.05838905795404265,0.4413677251507753,0.500243216895182
@RMutt1917 Rodeo is our Cons.,neither,0.04771760926016778,0.32753358165823104,0.6247488090816011
I love everbodies hair!,neither,0.035023351694869836,0.35131278149809764,0.6136638668070324
Hello Wednesday club and welcome to the Everybody!,neither,0.04287119686644633,0.2899326516153093,0.6671961515182444
Vin Diesel is Matt Key's son?,neither,0.044445815832298126,0.3286589014481345,0.6268952827195675
All of my Fallout characters are named Xanderschlitz,neither,0.04742435148405265,0.4117176062028076,0.5408580423131397
We MISSED you Matt!,neither,0.055564352262127,0.37901457419486984,0.5654210735430031
gandsOwlbear,neither,0.03945320844208391,0.33037608806864915,0.630170703489267
Aww matt,neither,0.03945320844208391,0.33037608806864915,0.630170703489267
"I love this lighting on Tal's hair in particular, but also in general",neither,0.034805273702335694,0.35031287888087875,0.6148818474167856
xander...last name?,neither,0.03945320844208391,0.33037608806864915,0.630170703489267
Taliesin is the Matt Key translator,neither,0.046399173472884817,0.3123239165324439,0.6412769099946714
"kinda wanna get myself that ""Hope Springs INfernal",neither,0.060956068760804415,0.2821493925192263,0.6568945387199693
The Con Crud.,neither,0.03828979202080666,0.3089256540924729,0.6527845538867204
His voice went to SDCC,neither,0.08459901331892426,0.3255884586702831,0.5898125280107926
Same,neither,0.04148851938089603,0.3488915597363099,0.609619920882794
XANDER KEY,neither,0.03945320844208391,0.33037608806864915,0.630170703489267
!phrasing Matthew,neither,0.03945320844208391,0.33037608806864915,0.630170703489267
Danger Zoooooonnnneee!,neither,0.03945320844208391,0.33037608806864915,0.630170703489267
Jesus I want Taliesin's hair,neither,0.039724102952242345,0.3257783012529253,0.6344975957948324
That was basically Matt on the manga episode.,neither,0.03463333356370435,0.35641301197175623,0.6089536544645393
YAAAAYY,neither,0.03945320844208391,0.33037608806864915,0.630170703489267
we need a set of emergency post-con white boards in case of lost host voices,offensive_language,0.20163738384670946,0.44886714425590635,0.3494954718973843
Love him,neither,0.034411033786589065,0.35725389047771483,0.6083350757356961
"@stargazer1977 i live in a stated that has a rodeo weekend, so i am familair ;)",neither,0.03984154661764849,0.38672902730002295,0.5734294260823285
i wanna see the panel,neither,0.03859959875426197,0.314780708832015,0.6466196924137232
Maaaattttt you hugged me at the party and you were sick? man,neither,0.05492720460699584,0.4310612195714361,0.5140115758215681
Be The Con Crud You Want To See In The World,neither,0.0589592654201812,0.3337232018342214,0.6073175327455974
Same Tangy,neither,0.04039346788432985,0.3389448132743561,0.6206617188413139
HUZZAH! YAY PANEL!,neither,0.03945320844208391,0.33037608806864915,0.630170703489267
he should have came but just have a sharpie and big ass paper boards,offensive_language,0.0769461462080575,0.8524604521258794,0.07059340166606302
It was so good!!,neither,0.03615493376607099,0.4050715897024048,0.5587734765315241
i have that shirt,neither,0.03370415956894883,0.39760164947724924,0.568694190953802
is it recorded? can we see it?,neither,0.04383122341206427,0.3271390542965633,0.6290297222913723
WE LOVE YOUUUU,neither,0.036400064571877555,0.34655286371716637,0.6170470717109561
I believe Matt Key could host by gesturing emphatically,neither,0.040253476121043436,0.3612889984261894,0.5984575254527672
Hey now... First SDCC panel. Don't forget your excellent Wondercon panel.,neither,0.048224262033139,0.3282487284541214,0.6235270095127396
soy,neither,0.03945320844208391,0.33037608806864915,0.630170703489267
Taliesin's Nutrients Tube is a phrase I just heard w h a t,neither,0.041664047439325724,0.3440977430944942,0.61423820946618
"Which is worse, the Conflu or the Pax from PAX?",neither,0.0535993552832429,0.16866570336205994,0.7777349413546972
You all deserved BEST PANEL,neither,0.054275339744265655,0.4274406000775141,0.5182840601782203
QUESTION: Can we get an emergency set of dry-erase boards to prevent such situations?,neither,0.04240214383077009,0.3274657185605764,0.6301321376086536
@axelobo context is for the weak,neither,0.04010528415934866,0.28892871354298777,0.6709660022976636
Guess what y'all? I finally got my hands of Wicked and Divine and Motor Crush! Wooo!,neither,0.03465698255277405,0.39251216584606813,0.5728308516011578
@RMutt1917 every county has at least one rodeo weekend every year and we also have state rodeo separate. We are not called The Cowboy State for nothing.,neither,0.06743355644430321,0.2464987810567409,0.686067662498956
Alpha partyyyyy,neither,0.03945320844208391,0.33037608806864915,0.630170703489267
@darkhalfelf284 yay! WicDiv is great,neither,0.04603370080049516,0.3010225096897963,0.6529437895097085
"does that make Tal the responsible friend, or the friend who carries a pharmacy with them?",neither,0.03044538732136088,0.43702242512693057,0.5325321875517085
LMAO,neither,0.03705015143476208,0.3711622369619404,0.5917876116032975
"i mean, MOST sandwiches are tiny sandwiches to Matt",neither,0.055715322575159126,0.3051252499854716,0.6391594274393694
Whyyyyyy?,neither,0.03945320844208391,0.33037608806864915,0.630170703489267
Taliesin no,neither,0.036918905254960256,0.37338982715841207,0.5896912675866277
!points,neither,0.03945320844208391,0.33037608806864915,0.630170703489267
"That was an excellent pun, brassmama! Here, have some points for that one! You have been awarded 24 points!",neither,0.05037983996645441,0.3834344862531679,0.5661856737803777
I love these people,offensive_language,0.12329452913873395,0.48204004570101067,0.3946654251602553
I got yelled at at the panel for talking to Liz XD,neither,0.03697403340238286,0.35742852113811857,0.6055974454594986
so good but it's already taken,neither,0.0333819708666521,0.40210257772161395,0.564515451411734
christmas in july~,neither,0.03945320844208391,0.33037608806864915,0.630170703489267
"Good Tal, Good",neither,0.038329397622025516,0.3307626181426895,0.6309079842352849
Docs Martin :D,neither,0.03945320844208391,0.33037608806864915,0.630170703489267
I will never get that villain name out of my head now.,neither,0.022380813846678276,0.48014774524749854,0.4974714409058231
I suppose Wednesday Club might be a reason to pause in reading Squirrel Girl but it's a close call.,neither,0.03735175132521169,0.3634902379259028,0.5991580107488856
heyyyy @JodyHouser,neither,0.03945320844208391,0.33037608806864915,0.630170703489267
"@stargazer1977 the weekend I refer to is one the local school district has 2 days off for, like thanksgiving",neither,0.0478933234616831,0.31484517134982914,0.6372615051884877
Is it a mini?,neither,0.048214865386680295,0.32736255247434415,0.6244225821389756
heehee,neither,0.03945320844208391,0.33037608806864915,0.630170703489267
Oh my god,neither,0.030266422441093326,0.38268872444249025,0.5870448531164164
@jodyhouser Hello,neither,0.03945320844208391,0.33037608806864915,0.630170703489267
Taliesin's laugh brings me such JOY,neither,0.034052145287510556,0.3569719542437031,0.6089759004687865
Matt's parents - Greetings from Texas!!! Can't wait to hear about SDCC....,neither,0.04368702488501663,0.3307827963963183,0.6255301787186651
Amy was a ghost,neither,0.039343535454152694,0.3322375248975324,0.628418939648315
Hello @JodyHouser,neither,0.03945320844208391,0.33037608806864915,0.630170703489267
Ooh this is awesome!,neither,0.0473354502487341,0.3291670422151242,0.6234975075361417
Awwww,neither,0.03945320844208391,0.33037608806864915,0.630170703489267
Hello @miriamkey ^_^,neither,0.03945320844208391,0.33037608806864915,0.630170703489267
did they get action figures?!,neither,0.039031024070075346,0.3375416586750461,0.6234273172548784
GOOD JOB DAVID,neither,0.03879134130904847,0.33060373452601616,0.6306049241649353
@mathemagician_ I have read book one of WicDiv! And it was...epic!,neither,0.03677583299051143,0.3317835803400217,0.6314405866694668
omg omg Wednesdaisy minis!,neither,0.03945320844208391,0.33037608806864915,0.630170703489267
@JodyHouser Hello!,neither,0.03945320844208391,0.33037608806864915,0.630170703489267
That's so cool!,neither,0.03370500952970764,0.45829613352409315,0.5079988569461991
that's amazing!,neither,0.03413659802039229,0.3885612680816893,0.5773021338979183
that's so cute,neither,0.036211895180498735,0.4189318352015079,0.5448562696179934
"@stargazer1977 but, anyway. a quick Google search says there is a Cheyenne CC",neither,0.04196949330409202,0.3091456150192944,0.6488848916766137
I think Taliesin reacting to things is my favourite thing in the world.,neither,0.040116200856106884,0.36297838074057753,0.5969054184033156
This is adorable,neither,0.05013403335429788,0.32867772607031026,0.6211882405753918
they're PRESH,neither,0.08622719944284905,0.2688219705217552,0.6449508300353959
#MattsKeys,neither,0.03945320844208391,0.33037608806864915,0.630170703489267
AHAHAHA,neither,0.03945320844208391,0.33037608806864915,0.630170703489267
THAT IS SO COOL,neither,0.04484023917792395,0.44498222505035095,0.5101775357717251
"@RMutt1917 we have that, and also a week of Hunting Vacation in the Fall. It's so important to the State that school gets out a week later than the surrounding states because of it.",neither,0.04404966656414652,0.3193456772648156,0.6366046561710379
It's a Matt key!,neither,0.03806401710835137,0.33085389467052545,0.6310820882211233
omg. that is so cute!,neither,0.04618944087989034,0.3909630480497525,0.5628475110703571
OMG their LEGO supervillians!,neither,0.03945320844208391,0.33037608806864915,0.630170703489267
That's amazing. Use that on your business card,neither,0.02373000546862824,0.45928484063756936,0.5169851538938023
Now I want a Michael Chabon episode :(,neither,0.03967082463704072,0.3266825733072196,0.6336466020557397
It's The Legosday Club.,neither,0.03599246626238969,0.30650565117259126,0.6575018825650191
I put some matt keys on your matt key,neither,0.0468454616037582,0.3413957916746455,0.6117587467215964
"Matt Key, with the power to open any door or lock known to man and some fish people !!",neither,0.046945693819511164,0.34305690492245744,0.6099974012580315
aww!!!!,neither,0.03945320844208391,0.33037608806864915,0.630170703489267
You should get Patthew Key on the show sometime.,neither,0.07797433660774442,0.3386821113499817,0.5833435520422738
"as an aside, the lighting is legit today",neither,0.04190553640319812,0.32288597136675895,0.6352084922300428
"with that key, all doors are subservient to Matt Key",neither,0.04735106161889888,0.3865023379204507,0.5661466004606505
Wednesday Club is the one pure thing in this world,neither,0.043509905225944306,0.3395791135589955,0.6169109812150602
@misssunflower94 But you need to make sure they're printed on matte,neither,0.061290578593493815,0.4592899367515697,0.47941948465493645
Matt Key needs to put his matt key under a mat,neither,0.052852051695095985,0.32970256230780326,0.6174453859971009
"I like Michael Chabon a lot, but the only two books of his I love are Cavalier and Klay and The Yiddish Policeman's Union.",neither,0.0759311310224449,0.2514757124758349,0.6725931565017202
Taliesin is like the hairdo Satan.,neither,0.05582144648697516,0.3261678230691393,0.6180107304438855
SPONSOR YE,neither,0.03945320844208391,0.33037608806864915,0.630170703489267
Sure that's cool,offensive_language,0.029213014309817868,0.5208693969229058,0.4499175887672763
LOL,neither,0.020706217963973744,0.4882283491876925,0.4910654328483337
@Reciptan that's key,neither,0.03422672189597161,0.38755389974202165,0.5782193783620068
eheheheheheehehehe.,neither,0.03945320844208391,0.33037608806864915,0.630170703489267
oh good oh good good,neither,0.04517017272815367,0.263000309934045,0.6918295173378014
ehhhheheheheheheheh,neither,0.03945320844208391,0.33037608806864915,0.630170703489267
!!!!!,neither,0.03945320844208391,0.33037608806864915,0.630170703489267
We love you too Liz!!,neither,0.05987235140481781,0.439487593510106,0.5006400550850761
Is this who I think it is?,neither,0.06127375161414523,0.3928385915171196,0.5458876568687351
is the sponsor is a squirrel,neither,0.052196699988225105,0.31320121180411803,0.634602088207657
oooooh boy,neither,0.03945320844208391,0.33037608806864915,0.630170703489267
I knoooow the sponsor,neither,0.03839939302560993,0.311011251109799,0.6505893558645911
I'm...worried...,neither,0.03945320844208391,0.33037608806864915,0.630170703489267
Oh Boy,neither,0.04768565599480007,0.25364348607606696,0.698670857929133
"Taliesin, always up for helping friends do things to their hair!",neither,0.03726582321755201,0.37664785037000054,0.5860863264124474
@crthemighty the green back lighting makes me think the background is fake Kappa,neither,0.03929475658765854,0.31387858033127125,0.6468266630810703
Wednesday Club is secretly being sponsored by the Wayne Foundation.,neither,0.04100870177703749,0.3602893359344453,0.5987019622885174
"I know, at least. :)",neither,0.03838453284590136,0.3628571788735563,0.5987582882805423
Very Much Know,neither,0.03475855889590251,0.3319907933235645,0.633250647780533
I know Karnak!,neither,0.03945320844208391,0.33037608806864915,0.630170703489267
OMG!! Amy is wearing the pin i made on her lanyard!!!,neither,0.035350236124367225,0.4647984669104816,0.4998512969651512
omg amy silent squealing!,neither,0.03945320844208391,0.33037608806864915,0.630170703489267
Don't be it is a good sponsor,neither,0.04554063146387523,0.3320763709841436,0.6223829975519812
I remember that bit,neither,0.03498887842123328,0.3790591110948555,0.5859520104839112
SOMEONE GIF THAT,neither,0.03544101508272238,0.3740415666621237,0.5905174182551539
PLEASE,neither,0.03945320844208391,0.33037608806864915,0.630170703489267
I'm surprised Amy knows who Karnak is,neither,0.04657576516801541,0.38018613402039303,0.5732381008115917
"I'm old, I watched plenty of Johnny Carson.",neither,0.03945320844208391,0.33037608806864915,0.630170703489267
I knows!,neither,0.03945320844208391,0.33037608806864915,0.630170703489267
Because I see things,neither,0.03945320844208391,0.33037608806864915,0.630170703489267
:D,neither,0.03945320844208391,0.33037608806864915,0.630170703489267
But 'm old,neither,0.03372675215669114,0.3478613520411586,0.6184118958021502
EVERYBODY SHH,neither,0.03945320844208391,0.33037608806864915,0.630170703489267
1 vote for recognizing the Karnac bit,neither,0.032844847029728064,0.28663485695047963,0.6805202960197922
"i was born in the 80's, i get it tal :D",neither,0.037367912947764835,0.32678739832690246,0.6358446887253326
remember to breathe!,neither,0.04693543118795622,0.32601916959280797,0.6270453992192359
Oh Amy,neither,0.04535734983354261,0.27438591475104485,0.6802567354154126
"question, did amy color her hair, or is it the new lighting",neither,0.03955732723427183,0.38792817034998006,0.5725145024157481
Thats an amy scruchy face,neither,0.03974247970776856,0.3254663997521351,0.6347911205400963
The amazing Dallen?,neither,0.03820203110584179,0.30724353300194457,0.6545544358922136
im so happy,neither,0.03817749816449273,0.44367491088218625,0.5181475909533211
YES GOOD,neither,0.038450231640392206,0.3307210577828565,0.6308287105767514
hi everyone,neither,0.032490659208996964,0.4485487193596734,0.5189606214313296
this is the best possible reaction,neither,0.04467316157921618,0.3100047056418926,0.6453221327788913
Amy is such a youngin'. I can't believe that she knows Johnny Carson,neither,0.042720834341152536,0.3964370211797412,0.5608421444791062
Hi @clonecaptainrex001,neither,0.03945320844208391,0.33037608806864915,0.630170703489267
Taliesin must never know,neither,0.03542520342600954,0.3632163733985891,0.6013584231754013
perfect perfect,neither,0.03945320844208391,0.33037608806864915,0.630170703489267
HAHAHA,neither,0.03945320844208391,0.33037608806864915,0.630170703489267
5 min in and they broke amy already,neither,0.03811116901194407,0.31385727626936827,0.6480315547186877
O,neither,0.03945320844208391,0.33037608806864915,0.630170703489267
I love Taliesin being left out of the loop,neither,0.029701462429108556,0.3632192222158625,0.607079315355029
:D,neither,0.03945320844208391,0.33037608806864915,0.630170703489267
YES!!,neither,0.03945320844208391,0.33037608806864915,0.630170703489267
she's a daisy about to bloom,offensive_language,0.05307178905223178,0.5394502120756669,0.40747799887210123
OOOOOOOOOOO,neither,0.03945320844208391,0.33037608806864915,0.630170703489267
YEP,neither,0.03945320844208391,0.33037608806864915,0.630170703489267
Lol,neither,0.020706217963973744,0.4882283491876925,0.4910654328483337
omg! finally able to make it back to a live episode,neither,0.050725789225212765,0.3244010364366338,0.6248731743381534
oh good lord :),neither,0.04464962509499357,0.2735365875441384,0.6818137873608682
HAHAHAHAHA,neither,0.03945320844208391,0.33037608806864915,0.630170703489267
REPRESENT!,neither,0.03945320844208391,0.33037608806864915,0.630170703489267
OMG,neither,0.03945320844208391,0.33037608806864915,0.630170703489267
YES,neither,0.03945320844208391,0.33037608806864915,0.630170703489267
AHAHAHAHAHA,neither,0.03945320844208391,0.33037608806864915,0.630170703489267
"Karnak: ""Sis boom bah."" (Opens envelope.) ""What is the sound of an exploding sheep?""",neither,0.04636575647284092,0.31542415061028123,0.6382100929168778
AHAHAHAHAAHAHAHAHA,neither,0.03945320844208391,0.33037608806864915,0.630170703489267
Hahahahahaha,neither,0.03945320844208391,0.33037608806864915,0.630170703489267
:D,neither,0.03945320844208391,0.33037608806864915,0.630170703489267
That is incredible.,neither,0.04425804266994669,0.3773847265620151,0.5783572307680382
Amazing,neither,0.03945320844208391,0.33037608806864915,0.630170703489267
IT US,neither,0.13167588432324623,0.3100533881921174,0.5582707274846364
This is amazing!!!,neither,0.050638740814203484,0.3285866302672563,0.6207746289185402
LOL,neither,0.020706217963973744,0.4882283491876925,0.4910654328483337
lol,neither,0.020706217963973744,0.4882283491876925,0.4910654328483337
IT IS US,neither,0.15313367006028752,0.30127066299063204,0.5455956669490805
<3,neither,0.03945320844208391,0.33037608806864915,0.630170703489267
I still need to go sign up for that...,neither,0.03375990833006328,0.3944800500709561,0.5717600415989806
Hahahahhaa!,neither,0.03945320844208391,0.33037608806864915,0.630170703489267
hahahahahha,neither,0.03945320844208391,0.33037608806864915,0.630170703489267
<3,neither,0.03945320844208391,0.33037608806864915,0.630170703489267
AAAYYYY THATS US!!,neither,0.11033395020928906,0.3151684257117039,0.574497624079007
LOL,neither,0.020706217963973744,0.4882283491876925,0.4910654328483337
was there ever any doubt,neither,0.03927462647576126,0.29247312286978444,0.6682522506544544
YES,neither,0.03945320844208391,0.33037608806864915,0.630170703489267
CATPILE REPRESENT,neither,0.03945320844208391,0.33037608806864915,0.630170703489267
WE ARE THE SPONSOR,neither,0.06599681349356229,0.26882694773530846,0.6651762387711292
WHERE DO I SIGN UP?,neither,0.04024817044805628,0.3525909916725288,0.6071608378794149
this is so funny,neither,0.04952867636161893,0.4163509259571572,0.5341203976812237
I was going to guess The Traveler.,neither,0.04370971690714429,0.34844758596778086,0.6078426971250749
This is FANTASTIC,neither,0.0492744971941354,0.32883091238994555,0.6218945904159191
"THERE""S A LOGO!",neither,0.039373109468880785,0.28100711473377177,0.6796197757973476
Bog mummies,neither,0.03945320844208391,0.33037608806864915,0.630170703489267
BAHAHAHA,neither,0.03945320844208391,0.33037608806864915,0.630170703489267
"Where can I sign up for this? ""D",neither,0.032752799943537726,0.31372005850932266,0.6535271415471396
omg I am part of that club TY for who did this,neither,0.033267988485203764,0.37640107065483874,0.5903309408599575
LOL,neither,0.020706217963973744,0.4882283491876925,0.4910654328483337
lollllllkk,neither,0.03945320844208391,0.33037608806864915,0.630170703489267
gandsCaleb,neither,0.03945320844208391,0.33037608806864915,0.630170703489267
AH-MAZING,neither,0.03945320844208391,0.33037608806864915,0.630170703489267
"Amy, you're too young to know what that is. (I was in 3rd grade when that man retired.)",neither,0.05613873440952855,0.45919839765407316,0.48466286793639823
"@cinphoria Sax is a genius, as are you",neither,0.11190837619109004,0.3577123493065012,0.5303792745024088
OMG,neither,0.03945320844208391,0.33037608806864915,0.630170703489267
Hahahahahah,neither,0.03945320844208391,0.33037608806864915,0.630170703489267
<3,neither,0.03945320844208391,0.33037608806864915,0.630170703489267
Can we have that link?,neither,0.03517527163528987,0.3794993658831673,0.5853253624815429
CATPILE REPRESENT,neither,0.03945320844208391,0.33037608806864915,0.630170703489267
gotta have those bog mummies,neither,0.060023059271038924,0.2993769886271035,0.6405999521018577
I need a link to that,neither,0.04204609677085797,0.3698654918855023,0.5880884113436396
fifiLove,neither,0.03945320844208391,0.33037608806864915,0.630170703489267
OMG,neither,0.03945320844208391,0.33037608806864915,0.630170703489267
@cinphoria And Syl too,neither,0.0375840763840354,0.25895476736735284,0.7034611562486117
Ohmyglob this is amazing,neither,0.050638740814203484,0.3285866302672563,0.6207746289185402
I hear Morrisey is the founder member of TJFC,neither,0.04496007181014059,0.31573264078734725,0.6393072874025121
true..,neither,0.03945320844208391,0.33037608806864915,0.630170703489267
That's awesome,neither,0.03419525192306799,0.38790559219732307,0.5778991558796089
@cinphoria this is flawless,neither,0.049443321117322546,0.32880102194283745,0.62175565693984
FANCLUB REP UP IN HERE,neither,0.08640388661379758,0.3432317653258168,0.5703643480603856
"Thank you so much, Sax XD",offensive_language,0.054628503582362625,0.47454195832596063,0.47082953809167677
CHIEF! THE OVERLAY,neither,0.03825742109612947,0.30830648690722096,0.6534360919966495
The should call themselves TalPals.,neither,0.05301674426224414,0.35106142204282564,0.5959218336949301
lol,neither,0.020706217963973744,0.4882283491876925,0.4910654328483337
REP!,neither,0.03945320844208391,0.33037608806864915,0.630170703489267
omg it's an actually website,neither,0.03848686647315753,0.3260760969363746,0.6354370365904678
:D,neither,0.03945320844208391,0.33037608806864915,0.630170703489267
Ohmigod it's real. I love it!it's,neither,0.02678388026589405,0.46625349488900714,0.5069626248450988
,neither,0.03945320844208391,0.33037608806864915,0.630170703489267
"This is the best fan club ever! Please tell me more, I would like all of the brochures about your organization!",neither,0.061618090505863886,0.37491884877377163,0.5634630607203647
We love you,neither,0.0667431826429772,0.4602730207261189,0.47298379663090395
FANCLUB REP!!,neither,0.03945320844208391,0.33037608806864915,0.630170703489267
Summon the Jaffe,neither,0.03613032604487659,0.2619290779399786,0.7019405960151449
THE OVERLAY,neither,0.03613032604487659,0.2619290779399786,0.7019405960151449
gandsHappy gandsTWC,neither,0.03945320844208391,0.33037608806864915,0.630170703489267
TJFC!,neither,0.03945320844208391,0.33037608806864915,0.630170703489267
fanfclub,neither,0.03945320844208391,0.33037608806864915,0.630170703489267
yup that's the website,neither,0.03514029018302429,0.35385920216449823,0.6110005076524774
"I mean, the Ancient Egyptians were pretty Goth, before Goth",neither,0.03744937202004095,0.3428861655846249,0.6196644623953341
I approve of your font.,neither,0.0654286698199169,0.3231688418258844,0.6114024883541986
That is great.,neither,0.04282374351010199,0.3509192519777347,0.6062570045121632
"oh no, the mouse trails",neither,0.04304445865223433,0.2753257829234375,0.6816297584243282
Click on Members!,neither,0.0368167745637241,0.34301561118164087,0.620167614254635
Oh my god I was not expecting this to be ON SCREEN,neither,0.03599532828269927,0.3725369797007265,0.5914676920165742
AHAHAHAHAHAHA,neither,0.03945320844208391,0.33037608806864915,0.630170703489267
FANCLUB REP,neither,0.03945320844208391,0.33037608806864915,0.630170703489267
Link please,neither,0.03945320844208391,0.33037608806864915,0.630170703489267
this is glorious,neither,0.06444388513749441,0.32581973129223984,0.6097363835702658
It keeps getting more epic all the time.,neither,0.03614320526288444,0.42890112812673464,0.534955666610381
this is amazing,neither,0.050638740814203484,0.3285866302672563,0.6207746289185402
oh that IS where the pyramid came from,neither,0.0513222812646409,0.254666380342772,0.6940113383925871
Click on Members!,neither,0.0368167745637241,0.34301561118164087,0.620167614254635
They got promoted from the Champions League. :P,neither,0.03866086710357012,0.3377657355496008,0.623573397346829
he quietly stalks it omg,neither,0.04304879328978746,0.32913940156181426,0.6278118051483983
St Tali i'll pray you every night,neither,0.04504025947156251,0.369455174323791,0.5855045662046465
the TAJOUFC,neither,0.03613032604487659,0.2619290779399786,0.7019405960151449
ISN'T IT PERFECT,neither,0.03775631394025723,0.33095972789994715,0.6312839581597957
someone official LINK IT,neither,0.03821177234713389,0.3308030748685026,0.6309851527843635
TJOU FC,neither,0.03945320844208391,0.33037608806864915,0.630170703489267
the website is delightful and I need to get round to joining,neither,0.053995102450020205,0.29038549329232477,0.6556194042576551
it looks awesome,neither,0.03783655523366059,0.33093212923963283,0.6312313155267065
"Cin, I love you!",offensive_language,0.079837142191777,0.5038574454704381,0.4163054123377849
this is fabulous,neither,0.0492744971941354,0.32883091238994555,0.6218945904159191
I didn't know I needed a purple pyramid in my life til now,neither,0.022172666907553706,0.4501703518468296,0.5276569812456167
This is beautiful. I love this so much,neither,0.03973685370237986,0.38652055456528184,0.5737425917323382
We have a subscriber-only Discord server! Join here: https://discord.gg/geekandsundry (you'll need to sub and link it to your Twitch) and be a part of the fun!...Warning: It can take up to an hour for the server to update and give you access to the channels,neither,0.08464076273808444,0.286394834032893,0.6289644032290227
This Is So Very Good,neither,0.048193097999294075,0.38220688152290755,0.5696000204777983
Somebody clip this!,neither,0.03935638486495359,0.3320194368619513,0.6286241782730952
thank god,neither,0.03889004343580062,0.3399344679688249,0.6211754885953744
"That reminds me, I saw someone today with a shirt that said TWC Windsurfing Club, and my first thought was ""The Wednesday Club has a windsurfing club now? Wow, they're really branching out.""",neither,0.028100635429653596,0.34875341055804576,0.6231459540123008
Cinphore is perfect,neither,0.053242672636905186,0.32563325900786094,0.6211240683552339
what is happening,neither,0.05556313111362946,0.3226410524653571,0.6217958164210133
so so epic lol,neither,0.03201686386664201,0.4761149090215258,0.49186822711183215
I can't spell,neither,0.039837601388265864,0.32385193658629163,0.6363104620254424
I remember that under-construction gif well.,neither,0.036342145946043,0.36409429422348455,0.5995635598304725
Praise Talos--Taliesin!,neither,0.03945320844208391,0.33037608806864915,0.630170703489267
it's been updated since last I was there...,neither,0.03793570707737445,0.3029035674590285,0.6591607254635969
"That is a Taliesin Jaffe story... ""He quietly stalks his own fan site.""",neither,0.08572252513297508,0.3450632090651942,0.5692142658018307
I'm on the website right now this is amazing,neither,0.041767888525815235,0.3419047283352629,0.6163273831389219
:D,neither,0.03945320844208391,0.33037608806864915,0.630170703489267
TJOUFC.... the OU is Open University of fan clubs,neither,0.04394809410242617,0.3182241629846431,0.6378277429129308
It's ALL CINPHORIA,offensive_language,0.04091096056132941,0.5428201151798684,0.4162689242588023
they encapsulated Talisin's aesthetic so well,neither,0.0394119736555418,0.3737767603253206,0.5868112660191376
so beautiful,neither,0.03940923008359922,0.4006339228792627,0.559956847037138
"You're welcome, Amy. And yes it is. It's all because of you ;)",neither,0.09037758714092432,0.3941313715988601,0.5154910412602156
@cinphoria is our queen,neither,0.04926539521211586,0.3270012270946987,0.6237333776931855
where my Pyramid-locks at!,neither,0.024257222237187626,0.4583742053272793,0.5173685724355331
"AMY, it is! The Certified Cool Cat",neither,0.043253931411113763,0.31757321575685626,0.63917285283203
like geocities isn't a clue? ;D,neither,0.050996441711336854,0.34704043710452,0.6019631211841431
oh the comic sans,neither,0.04377487435600748,0.26272641125463436,0.6934987143893582
;D,neither,0.03945320844208391,0.33037608806864915,0.630170703489267
@cinphoria gandsLessthanthree gandsTWC,neither,0.03945320844208391,0.33037608806864915,0.630170703489267
@cinphoria is our High Priestess,neither,0.04509817015811479,0.4315620687106806,0.5233397611312046
https://clips.twitch.tv/ResilientIcyKuduDuDudu,neither,0.03945320844208391,0.33037608806864915,0.630170703489267
http://taliesinjaffefanclub.net/,neither,0.035815879859117446,0.20450262924250798,0.7596814908983746
Love you all !,offensive_language,0.07693210972157016,0.6561782186763016,0.26688967160212834
"Help G&S make great content! $4.99/month gets you emotes, Minecraft server access, sub-only VODs, and more! Every sub keeps the channel alive! twitch.tv/geekandsundry/subscribe",neither,0.043907990691603095,0.31135964332838284,0.644732365980014
Everyone join the fanclub it's a good fanclub,neither,0.03129576865923466,0.4137722954079504,0.554931935932815
awwwww,neither,0.03945320844208391,0.33037608806864915,0.630170703489267
it has,neither,0.037466634629501894,0.31789117281524343,0.6446421925552547
That website is SO geocities!,neither,0.043770344713617126,0.42497568359050525,0.5312539716958777
someone say CoolCat,neither,0.03945320844208391,0.33037608806864915,0.630170703489267
coxOmg coxMoozy,neither,0.03945320844208391,0.33037608806864915,0.630170703489267
We love each other and you,neither,0.05143630824969897,0.34815663033590083,0.6004070614144001
<3,neither,0.03945320844208391,0.33037608806864915,0.630170703489267
I'm a little verklempt and can't really clip this,neither,0.03861591777201125,0.29536170871816264,0.6660223735098263
@misssunflower94 They do excellent charity work!,neither,0.04055620404227401,0.3299967173032159,0.62944707865451
We love you :D,neither,0.0667431826429772,0.4602730207261189,0.47298379663090395
YESSS!,neither,0.03945320844208391,0.33037608806864915,0.630170703489267
"Oh, Amy...so preciously nerdy.",neither,0.04377327831211752,0.3262549356275382,0.6299717860603443
Hey look. Taliesin's got an internet thing.,neither,0.040172584423659875,0.36541287884949053,0.5944145367268496
We love you Tali!!,neither,0.0667431826429772,0.4602730207261189,0.47298379663090395
AMY: The font is a Bauhaus typeface ;),neither,0.04433967329059611,0.3172504528786983,0.6384098738307057
"You've created a cult Taliesin, good job.",neither,0.027266922487233353,0.3494906016333162,0.6232424758794504
Taleeesieeens,neither,0.03945320844208391,0.33037608806864915,0.630170703489267
<3,neither,0.03945320844208391,0.33037608806864915,0.630170703489267
i love your mug!!!!,neither,0.06895374527646206,0.3352716468198772,0.5957746079036608
Tehlehsian,neither,0.03945320844208391,0.33037608806864915,0.630170703489267
"Technically _I've_ created a cult, @Reciptan",neither,0.03945320844208391,0.33037608806864915,0.630170703489267
but it's all because of him,neither,0.03573393891867179,0.43528754169951606,0.5289785193818122
Telysium,neither,0.03945320844208391,0.33037608806864915,0.630170703489267
Taliesin's giggles have cured my shitty mood,offensive_language,0.03721722890338468,0.732608006422846,0.23017476467376943
Im so happy that this happened! Im a part sponsor! EEehehehehehee,neither,0.03589462516464392,0.42538422215307053,0.5387211526822856
Telehsm,neither,0.03945320844208391,0.33037608806864915,0.630170703489267
Tamlin,neither,0.03945320844208391,0.33037608806864915,0.630170703489267
Ehehehehehe,neither,0.03945320844208391,0.33037608806864915,0.630170703489267
@cinphoria thank you,neither,0.07325166854587051,0.43632638485078484,0.49042194660334476
hey everyone... awesome sponsor tonight TwitchUnity,neither,0.03346648595569973,0.3870721718584622,0.5794613421858381
just change the pronunciation of your name Tal,neither,0.057783475362669874,0.327312869149171,0.6149036554881591
That made me so happy,neither,0.027294900968224782,0.47222551228932513,0.50047958674245
@cinphoria So I'm a Friend of the Circle of a cult?,neither,0.03854088620210646,0.35508115666330736,0.6063779571345862
:3,neither,0.03945320844208391,0.33037608806864915,0.630170703489267
"TALiesin, we're tyalking about Taliesin right?",neither,0.06057830289169192,0.35492959971361215,0.584492097394696
Tallow sin,neither,0.03945320844208391,0.33037608806864915,0.630170703489267
I came across another Taliesin in database at work and freaked right the eff out,neither,0.05805551314170505,0.2905660975027314,0.6513783893555636
@Im_Sylien me too!,neither,0.025456656249999262,0.41690574403459846,0.5576375997154023
Whats a San DIego?,neither,0.03945320844208391,0.33037608806864915,0.630170703489267
Geez Taliesin your hair is glowing,neither,0.07233064571192828,0.32061978970522736,0.6070495645828443
"the tal-ysian fields are like elysium, but with more graveyards",neither,0.05275856765104754,0.32381926938456745,0.623422162964385
@japenrose yes,neither,0.03945320844208391,0.33037608806864915,0.630170703489267
The Welsh pronunciation and meaning is my favourite @Taliesin,neither,0.034376317544588954,0.35076735514743485,0.6148563273079761
Ta-LIE-sin,neither,0.03945320844208391,0.33037608806864915,0.630170703489267
