text,top_class,hate_speech,offensive_language,neither
LIVE,neither,0.04891340716200846,0.3271222919257548,0.6239643009122369
yes recap time!,neither,0.03831853568571218,0.3496344460042005,0.6120470183100875
WOOOOOOOOOOOOOOOOOOOO,neither,0.03945320844208391,0.33037608806864915,0.630170703489267
aw yiss,neither,0.03945320844208391,0.33037608806864915,0.630170703489267
recap up,neither,0.03635641562019727,0.3937768671741043,0.5698667172056985
Woo!,neither,0.03945320844208391,0.33037608806864915,0.630170703489267
Critical recap is live!,neither,0.05056248364580454,0.32655509890358153,0.6228824174506139
DANI!,neither,0.03945320844208391,0.33037608806864915,0.630170703489267
i had a dream that taliesin came in with a warforged,neither,0.026508507180897617,0.40303831861579653,0.570453174203306
bidet from Western NY,neither,0.04041758291270955,0.31400813648531894,0.6455742806019715
@joshupton101 Oathbreaker Pally would be his style I think tac0Think,neither,0.06705784624024652,0.32143880337786146,0.6115033503818922
Bidet from Alabama,neither,0.04078317879478948,0.307803020237201,0.6514138009680096
daniiiii,neither,0.03945320844208391,0.33037608806864915,0.630170703489267
RECAAAP,neither,0.03945320844208391,0.33037608806864915,0.630170703489267
YEAH,offensive_language,0.013968601452186464,0.5182923869769311,0.4677390115708824
@JunKun99 Have you seen the Giant Soul Sorcerer content? That's what I'm hoping for currently.,neither,0.04379019118225694,0.3521139683372827,0.6040958404804604
Bidet from Finland,neither,0.04228451509352876,0.2823214250720796,0.6753940598343917
yay dani!!!,neither,0.03945320844208391,0.33037608806864915,0.630170703489267
@Boushi_Adams omg if he just resurrected molly and then disappeared lol,neither,0.0248808366762031,0.38125567203633254,0.5938634912874643
"The recap has started , if you cannot see it, please refresh",neither,0.034775490534124806,0.37529621209774683,0.5899282973681284
Critical Recap love it,neither,0.035829684165636734,0.3422195647164543,0.621950751117909
RECAAAAP!,neither,0.03945320844208391,0.33037608806864915,0.630170703489267
Bidet,neither,0.03945320844208391,0.33037608806864915,0.630170703489267
Yeeet,neither,0.03945320844208391,0.33037608806864915,0.630170703489267
we also super don't need another cleric,neither,0.08280170285552538,0.26541219928483184,0.6517860978596428
to be fair they said a ressurrection is the opposite. and it could play as a thing not his choice but something he has to deal with,neither,0.05340481782667213,0.33761496588601464,0.6089802162873132
Refresh if you still see the schedule RECAP STARTING,neither,0.03464747018117438,0.38983592198938627,0.5755166078294394
DANI! <3 <3,neither,0.03945320844208391,0.33037608806864915,0.630170703489267
gandsJester gandsJester gandsJester gandsJester gandsFjord gandsFjord gandsFjord,neither,0.03945320844208391,0.33037608806864915,0.630170703489267
Bidet from Boston,neither,0.040769555981420263,0.3080342349327864,0.6511962090857933
DANI!!!!!,neither,0.03945320844208391,0.33037608806864915,0.630170703489267
nice! no refresh needed,neither,0.038783531983785244,0.3417422452822651,0.6194742227339497
It's starting!,neither,0.037399315187144885,0.3310825161415354,0.6315181686713197
"my level 3 sorcerer survived an encounter in Curse of Strahd against a pack of 5 dire wolves, we were a party of 4. I guess you could say Im a tough guy now",neither,0.040231635847117454,0.383030432555177,0.5767379315977055
awww shiiii...,neither,0.03945320844208391,0.33037608806864915,0.630170703489267
yassss,neither,0.03945320844208391,0.33037608806864915,0.630170703489267
OH SHIT A COUCH!,offensive_language,0.047910933583011676,0.9513956925219247,0.0006933738950635962
Bidet from Missouri!!!!!,neither,0.04071751644889743,0.3089174816120565,0.6503650019390461
Bidet from Québec,neither,0.04228451509352876,0.2823214250720796,0.6753940598343917
Bidet,neither,0.03945320844208391,0.33037608806864915,0.630170703489267
bidet,neither,0.03945320844208391,0.33037608806864915,0.630170703489267
THE JOURNEY BEGINS ANEW. DANI IS WONDERFUL!,neither,0.04449524971858847,0.3168669976303311,0.6386377526510805
yay!,neither,0.03945320844208391,0.33037608806864915,0.630170703489267
"@LucasBlackstone the challenge is taking a class that's boring mechanically and making the character behind it interesting, and I think Taliesin is up for that challenge",neither,0.037584877563851336,0.3172276023353208,0.6451875201008278
THAT SCARED THE FUCK OUT OF ME,offensive_language,0.10263603249822882,0.8967517145295775,0.0006122529721937474
woooo its starting,neither,0.0318254011087983,0.33299964078826727,0.6351749581029343
oh here we go. watching episode 13 rn. guess it's spoiler time,neither,0.06787873910889744,0.29712089758951105,0.6350003633015915
here we go,neither,0.13156755280784707,0.2765461283225309,0.5918863188696221
new boots this week! lol,neither,0.03536891126713364,0.29730565593218455,0.6673254328006818
its till offline for me,neither,0.020793190664147913,0.3428461856484634,0.6363606236873887
Hello,neither,0.03945320844208391,0.33037608806864915,0.630170703489267
Our Lady of Recaps Dani Carr ( twitter.com/ItsDaniCarr ),neither,0.03893243441116944,0.413649997352151,0.5474175682366794
SO MANY COMMENTS,neither,0.03940948862349859,0.3813198611546356,0.5792706502218657
yaaaasssssssss,neither,0.03945320844208391,0.33037608806864915,0.630170703489267
Bidet from Ontario,neither,0.04062582848913359,0.31047366557575606,0.6489005059351104
bidet from Indiana,neither,0.0408364874901429,0.30689823255244486,0.6522652799574122
myeeeeh a recap :3 yay,neither,0.03945320844208391,0.33037608806864915,0.630170703489267
,neither,0.03945320844208391,0.33037608806864915,0.630170703489267
@Vaeldarg I have not. where can I find it?,neither,0.0424558508345001,0.20445752760430155,0.7530866215611983
yay!,neither,0.03945320844208391,0.33037608806864915,0.630170703489267
WINTER IS COMING,neither,0.048947758171876306,0.327110477038275,0.6239417647898488
@Erratum404 He would be so badass!,neither,0.04485205284236891,0.37328376875285474,0.5818641784047762
"Woah, another Finn @Letaali",neither,0.09864535645841621,0.247672029737016,0.6536826138045678
"Jeez, I had a different tab open, Dani scared the crap outta me!",neither,0.034956816188585316,0.3426369723841052,0.6224062114273095
BibleThump,neither,0.03945320844208391,0.33037608806864915,0.630170703489267
gandsHype gandsHype gandsHype gandsHype gandsHype gandsHype gandsHype gandsHype gandsHype,neither,0.03945320844208391,0.33037608806864915,0.630170703489267
Bidet from Missouri! Can't wait.,neither,0.04074985021194555,0.3083686932687326,0.6508814565193219
headr thats a fjordy,neither,0.03945320844208391,0.33037608806864915,0.630170703489267
oh man this is going to be my first ever full watch live episode. HYPE,neither,0.05581407250599838,0.39819980532066424,0.5459861221733374
bidet from uk,neither,0.04079557052152802,0.30759270029461827,0.6516117291838538
"Evening chat, bidet from from Fort Smith, Arkansas. :D",neither,0.04076043789074974,0.30818899272778555,0.6510505693814647
Bidet!!!!,neither,0.03945320844208391,0.33037608806864915,0.630170703489267
bidet everyone,offensive_language,0.02988896790634741,0.4927062106388782,0.4774048214547744
bidet from utah,neither,0.04066490145509902,0.30981049537100724,0.6495246031738937
Yay!!!,neither,0.03945320844208391,0.33037608806864915,0.630170703489267
Critical Role website https://critrole.com/,neither,0.03945320844208391,0.33037608806864915,0.630170703489267
bidet!!!!!,neither,0.03945320844208391,0.33037608806864915,0.630170703489267
BisexualPride BisexualPride BisexualPride,neither,0.03945320844208391,0.33037608806864915,0.630170703489267
We're here! Bidet from Calgary!,neither,0.17173594355401114,0.21484029152381992,0.6134237649221689
BibleThump i cri every time BibleThump,neither,0.03754065921207648,0.36283703985762417,0.5996223009302993
i love the recaps!!!!!,neither,0.03145119199065299,0.32476063973837394,0.643788168270973
Winter is coming,neither,0.048947758171876306,0.327110477038275,0.6239417647898488
😢😢😢,neither,0.03945320844208391,0.33037608806864915,0.630170703489267
bidet from TEXAS,neither,0.040937266849991,0.30518774380265185,0.6538749893473571
whooy,neither,0.03945320844208391,0.33037608806864915,0.630170703489267
;_;,neither,0.03945320844208391,0.33037608806864915,0.630170703489267
gandsLollypop I miss Laura and Travis! gandsFjord,neither,0.032195122842630985,0.2936287593324556,0.6741761178249134
Dani lookin like a Snack tonight.,neither,0.044822311001483386,0.3234026143053256,0.6317750746931909
matthewk7 there's a few of us,neither,0.08822741277450787,0.27401569394602615,0.6377568932794659
dude,neither,0.03945320844208391,0.33037608806864915,0.630170703489267
rooCry rooBooli,neither,0.03945320844208391,0.33037608806864915,0.630170703489267
God that was such an emotional moment,neither,0.0368252717464591,0.3567048436816081,0.6064698845719327
:(,neither,0.03945320844208391,0.33037608806864915,0.630170703489267
daluThump,neither,0.03945320844208391,0.33037608806864915,0.630170703489267
<3,neither,0.03945320844208391,0.33037608806864915,0.630170703489267
Here we go again! Lets see if Taliesin can return today!,neither,0.04682804679266501,0.3592247460090388,0.5939472071982962
:'(,neither,0.03945320844208391,0.33037608806864915,0.630170703489267
bidet!!!,neither,0.03945320844208391,0.33037608806864915,0.630170703489267
RIP,neither,0.03945320844208391,0.33037608806864915,0.630170703489267
oh jeez this is the first CR i can watch live,neither,0.05092188821843039,0.277201843995503,0.6718762677860665
LOOK AT MATT...,neither,0.04055773880194496,0.3565030381602596,0.6029392230377956
Bidet Yall!,neither,0.03639464868045676,0.3822878294283694,0.5813175218911739
even sam was misty eyed,neither,0.038695001485951626,0.3432448388766898,0.6180601596373586
anniCRY,neither,0.03945320844208391,0.33037608806864915,0.630170703489267
beau's speech made me cry :'(,neither,0.032688919994601544,0.36685360574301484,0.6004574742623835
baby steps,neither,0.03945320844208391,0.33037608806864915,0.630170703489267
BibleThump,neither,0.03945320844208391,0.33037608806864915,0.630170703489267
PepeHands,neither,0.03945320844208391,0.33037608806864915,0.630170703489267
@rvb_Dopp be sure to strap in for a bumpy ride!,neither,0.03572847175537949,0.4005566530335508,0.5637148752110697
YES BEU YES,neither,0.03945320844208391,0.33037608806864915,0.630170703489267
d e v e l o p m e n t,neither,0.03945320844208391,0.33037608806864915,0.630170703489267
Molly said not to steal from happy people,neither,0.06965009910349165,0.3144579810783268,0.6158919198181816
(Beau takes the Tarot cards...leaves the greater healing potion equivalent healing salve....),neither,0.03826976599504559,0.3085427864460571,0.6531874475588972
so many feels,neither,0.039409052855885605,0.3833378766989401,0.5772530704451743
:'(,neither,0.03945320844208391,0.33037608806864915,0.630170703489267
"Matt's eyes get super red, yo",neither,0.040419013963668156,0.3672007542673976,0.5923802317689342
Bidet from east coast Canada!,neither,0.04028521217183959,0.3162548134179874,0.643459974410173
"Good local time, Chat. cohhD",neither,0.037838446947040597,0.34829609529694106,0.6138654577560183
Happy Thursday Everyone!,neither,0.03355760225671494,0.4304399113404305,0.5360024864028545
I honestly think that scene was Marisha's best performance in CR,neither,0.03686197161303732,0.3466011926496501,0.6165368357373125
ummm bidet?,neither,0.03945320844208391,0.33037608806864915,0.630170703489267
bidet!,neither,0.03945320844208391,0.33037608806864915,0.630170703489267
How do Critters !,neither,0.04229663383404011,0.32939810368937084,0.6283052624765891
bidet all how late am I!?,neither,0.04133276225586176,0.41451012859839936,0.5441571091457388
oh shit this is emotional,offensive_language,0.05907385206224119,0.9394820248286541,0.0014441231091046696
Bidet,neither,0.03945320844208391,0.33037608806864915,0.630170703489267
the funeral was heartbreaking,neither,0.03828167640844798,0.3137612817244077,0.6479570418671444
is beau gonna keep the card play alive from molly?,neither,0.044289521480142986,0.3369879089332223,0.6187225695866346
first time I made to a live streaming!!,neither,0.041030916210262294,0.3436179222411362,0.6153511615486014
Happy Thursday!,neither,0.03945320844208391,0.33037608806864915,0.630170703489267
I like immediately cried during that moment,neither,0.043863372716042126,0.37182733899077564,0.5843092882931822
that would be cool,neither,0.034334402764414435,0.3815030173187335,0.584162579916852
Idk if I can watch this :((((,neither,0.025663273275295714,0.38407013146706553,0.5902665952576388
Bidet from Indiana,neither,0.0408364874901429,0.30689823255244486,0.6522652799574122
"@highvoltage988 Oh yeah, no matter what class they pick they will crush it RP/story/personality wise. I just meant they are as fun to play for most people in my experience",neither,0.04776115568450913,0.34395642092660117,0.6082824233888896
bidet from indiana,neither,0.0408364874901429,0.30689823255244486,0.6522652799574122
bidet from So Cal.,neither,0.04061893750040714,0.3600390765880909,0.5993419859115019
"My first live show, I’m so happy to finally be here",neither,0.07992816736892554,0.3437692254806591,0.5763026071504154
am I too early?,neither,0.040757854867865276,0.30409272817849387,0.6551494169536408
NOTT BBY,neither,0.03945320844208391,0.33037608806864915,0.630170703489267
bidet from WV!,neither,0.04069404815304118,0.30931579984010865,0.6499901520068502
welcome @eldritchkirby,neither,0.03945320844208391,0.33037608806864915,0.630170703489267
I STAN,neither,0.03945320844208391,0.33037608806864915,0.630170703489267
I LOVE SUMALEE,neither,0.03217296676969875,0.3657703709031763,0.602056662327125
I LOVE HER,offensive_language,0.02127227746861266,0.7493632064772636,0.2293645160541237
i love her!!!,offensive_language,0.02127227746861266,0.7493632064772636,0.2293645160541237
NILAAAAA!,neither,0.03945320844208391,0.33037608806864915,0.630170703489267
nila <3,neither,0.03945320844208391,0.33037608806864915,0.630170703489267
Niiiilaaaa <3,neither,0.03945320844208391,0.33037608806864915,0.630170703489267
NILA~,neither,0.03945320844208391,0.33037608806864915,0.630170703489267
bidet!,neither,0.03945320844208391,0.33037608806864915,0.630170703489267
Nila,neither,0.03945320844208391,0.33037608806864915,0.630170703489267
NILA <3<3<3<3,neither,0.03945320844208391,0.33037608806864915,0.630170703489267
basically taking everything but his tapestry... leaving him without money or a way to defend himself :P way to go team!,neither,0.05661374391903773,0.3358549098085823,0.60753134627238
Bidget from Ohio,neither,0.040754399270683486,0.3082914838698526,0.650954116859464
The fear-bolg,neither,0.0381955476471936,0.307118819326112,0.6546856330266944
SUMALEEEEEE,neither,0.03945320844208391,0.33037608806864915,0.630170703489267
RIGHT ON TIME!!!!!,neither,0.03227539357918602,0.40734337409643595,0.5603812323243781
I can’t wait,neither,0.03991073413903658,0.3226106829444422,0.6374785829165213
took me months but im caught up and finally watching live!,neither,0.03276984300929495,0.3861711939500667,0.5810589630406383
Bidet from Florida!,neither,0.0408948396164547,0.30590784468201904,0.6531973157015263
QUEEN,neither,0.03945320844208391,0.33037608806864915,0.630170703489267
bidet from germany,neither,0.04069404815304118,0.30931579984010865,0.6499901520068502
Nila was cool,neither,0.03925740237805863,0.3336994279882646,0.6270431696336768
Nila <3,neither,0.03945320844208391,0.33037608806864915,0.630170703489267
Sumalee is amazing,neither,0.051766257226869686,0.3261410659692903,0.62209267680384
Beautiful creature,neither,0.03945320844208391,0.33037608806864915,0.630170703489267
Nilaa <3,neither,0.03945320844208391,0.33037608806864915,0.630170703489267
NILAA <3,neither,0.03945320844208391,0.33037608806864915,0.630170703489267
Wooo! Bidet from Oregon! Also Nila is amazing!!,neither,0.047109459184944115,0.31336378857556413,0.6395267522394918
Nila is great!,neither,0.05061484561512324,0.2864395912068406,0.6629455631780362
ooh she got a sofa,neither,0.03956778025385175,0.4467168075694995,0.5137154121766487
I love her so much,offensive_language,0.022447153254473527,0.6891869603257801,0.28836588641974636
PROTECT NILA'S SMILE,neither,0.03945320844208391,0.33037608806864915,0.630170703489267
@raeganrobinson WELCOME!,neither,0.03945320844208391,0.33037608806864915,0.630170703489267
Nila is best mom,neither,0.049519890019233584,0.31668400159066484,0.6337961083901016
<3 <3 <3 So happy I'm staying up for this!,neither,0.03123733968922227,0.39038042496333253,0.5783822353474452
THE BEST.,neither,0.03652221034163643,0.28968136375604325,0.6737964259023204
HARDCORE!!!!!!,neither,0.03945320844208391,0.33037608806864915,0.630170703489267
I hope Nila does some insane Murdertime,neither,0.042749713503780276,0.3675774338702959,0.5896728526259238
NILA,neither,0.03945320844208391,0.33037608806864915,0.630170703489267
We stan,neither,0.039025862747262004,0.3376292597931679,0.6233448774595702
Nila is beautiful,neither,0.053242672636905186,0.32563325900786094,0.6211240683552339
Bidet from Arizona!,neither,0.04078317879478948,0.307803020237201,0.6514138009680096
goosebumps,neither,0.03945320844208391,0.33037608806864915,0.630170703489267
My first live viewing of CR!!!!!,neither,0.029412029029931664,0.39280394250294476,0.5777840284671235
monkaS,neither,0.03945320844208391,0.33037608806864915,0.630170703489267
so nice,neither,0.03941075665216,0.406195269313673,0.554393974034167
best part right there haha,neither,0.034333615883783856,0.3665636626221605,0.5991027214940556
Bidet from houston!,neither,0.040875471929787875,0.3062365648703896,0.6528879631998226
Bidet! From Fitchburg Massachusetts,neither,0.04069404815304118,0.30931579984010865,0.6499901520068502
In this house we stan Mila,neither,0.03922208948976508,0.33429877986190093,0.626479130648334
"The recap has started , if you cannot see it, please refresh",neither,0.034775490534124806,0.37529621209774683,0.5899282973681284
sqeeeeeeee!,neither,0.03945320844208391,0.33037608806864915,0.630170703489267
I love Nila,neither,0.03217296676969875,0.3657703709031763,0.602056662327125
dam,neither,0.03945320844208391,0.33037608806864915,0.630170703489267
SUMAAALLLLEEEEEEEEE,neither,0.03945320844208391,0.33037608806864915,0.630170703489267
Just a liiitttlle insane,neither,0.03391818386094976,0.35675622077369323,0.6093255953653569
*Nila,neither,0.03945320844208391,0.33037608806864915,0.630170703489267
METAAAAAAAAAAAL,neither,0.03945320844208391,0.33037608806864915,0.630170703489267
I heart Dani. Bidet everyone! first time in chat.,neither,0.030301159091250137,0.4139787666454666,0.5557200742632832
monkaS,neither,0.03945320844208391,0.33037608806864915,0.630170703489267
it's METAL OCLOCK,neither,0.03766131712739339,0.3309924016600271,0.6313462812125794
so powerful,neither,0.039408962504520015,0.38382265604540616,0.5767683814500738
gandsLessthanthree,neither,0.03945320844208391,0.33037608806864915,0.630170703489267
Woooooo!,neither,0.03945320844208391,0.33037608806864915,0.630170703489267
Nila owns my heart..... for real she is so good,offensive_language,0.02754939956808621,0.5477098982533652,0.4247407021785486
bidet from germany,neither,0.04069404815304118,0.30931579984010865,0.6499901520068502
bidet from texas !!!!!,neither,0.040937266849991,0.30518774380265185,0.6538749893473571
Scary,neither,0.03945320844208391,0.33037608806864915,0.630170703489267
nila is the best,neither,0.05135998456280659,0.2889087219359037,0.6597312935012896
sounds good,neither,0.03854999574512859,0.3306867443324945,0.6307632599223769
Nila is best aggressive mother,neither,0.04571580026477192,0.32142281963335767,0.6328613801018704
Bidet from Oregon as well!,neither,0.03851967633240254,0.3462205642946072,0.6152597593729903
Fantastic moment,neither,0.03945320844208391,0.33037608806864915,0.630170703489267
Nila is Best Mom,neither,0.049519890019233584,0.31668400159066484,0.6337961083901016
r works!,neither,0.03945320844208391,0.33037608806864915,0.630170703489267
RIGHTO Awesome time love you folks <3,neither,0.05007482260694071,0.40610192006289514,0.5438232573301641
bidet from Perth Australia,neither,0.04062582848913359,0.31047366557575606,0.6489005059351104
no picture,neither,0.03819157002539395,0.3517893846137699,0.6100190453608362
Bring. Out. Talesian.,neither,0.03264040007621476,0.35722371821688365,0.6101358817069016
"Oh, and bidet from NC",neither,0.04449600902461812,0.22721206393480187,0.72829192704058
"lmao Caleb"" ... that sounds good.""",neither,0.03486573351534808,0.38021086228726075,0.5849234041973911
come back taliesen,neither,0.036802781673112656,0.3753607474007651,0.5878364709261223
in this chat we love and cherish Nila,neither,0.03558081738187066,0.30732501353051905,0.6570941690876103
Nila is wonderful and sweet and INTENSE. METAL BEAR O CLOCK,neither,0.042960943698690156,0.28536264372655645,0.6716764125747533
Bidet from New York,neither,0.044690599332616286,0.20708884905532376,0.7482205516120599
STINK POUCH,neither,0.03945320844208391,0.33037608806864915,0.630170703489267
Bidet,neither,0.03945320844208391,0.33037608806864915,0.630170703489267
"""tavern""",neither,0.03945320844208391,0.33037608806864915,0.630170703489267
That was not a good representation of Nila IMO. She is so calm and sweet normally,neither,0.040493401049907604,0.4078180800867558,0.5516885188633366
Bidet!,neither,0.03945320844208391,0.33037608806864915,0.630170703489267
"Welcome, @biff_mccracken !",neither,0.03945320844208391,0.33037608806864915,0.630170703489267
"Bidet from Champlin, MN",neither,0.040737273169946825,0.30858215849491494,0.6506805683351382
bidet from NJ,neither,0.04069404815304118,0.30931579984010865,0.6499901520068502
"""companion"" TehePelo",neither,0.03945320844208391,0.33037608806864915,0.630170703489267
bidet from rural Georgia!,neither,0.040334677536117594,0.315415257091876,0.6442500653720065
BIDET from Chicago,neither,0.04078317879478948,0.307803020237201,0.6514138009680096
VoHiYo,neither,0.03945320844208391,0.33037608806864915,0.630170703489267
see you on the other side critters!!,neither,0.045549381079128405,0.42345861145671315,0.5309920074641584
bidet from adelaide australia,neither,0.04062582848913359,0.31047366557575606,0.6489005059351104
BIDET!,neither,0.03945320844208391,0.33037608806864915,0.630170703489267
Grats @vampiresnvino,neither,0.03945320844208391,0.33037608806864915,0.630170703489267
bidet sexy chat from corona!!!,neither,0.040564606402716495,0.3115127641591677,0.6479226294381158
Gonna watch my first live Critical Role. So excited :D,neither,0.03279326909918437,0.4410345465974491,0.5261721843033665
so ready for this,neither,0.03150411019602629,0.3479540858914938,0.6205418039124799
Miss that blue hair.,neither,0.02933913058785738,0.37475158143425946,0.5959092879778831
odor bag,neither,0.04457331532071691,0.24347451192409175,0.7119521727551913
LEMME SEE THAT DROW TAL!,neither,0.03615873607236029,0.36611292958288016,0.5977283343447596
"""tavern"" lmao",neither,0.03705015143476208,0.3711622369619404,0.5917876116032975
howdy yalllllllll,neither,0.03945320844208391,0.33037608806864915,0.630170703489267
NOTT MY PRECIOUS BB,neither,0.029612770297938584,0.405823188332622,0.5645640413694394
ODOR SACK,neither,0.03945320844208391,0.33037608806864915,0.630170703489267
NOTTTTT,neither,0.03945320844208391,0.33037608806864915,0.630170703489267
"aight guys, whats talesin's new race & class gonna be?",neither,0.20104215318349108,0.0925300926375044,0.7064277541790045
bidet everyone from Ontario ! gandsLessthanthree,neither,0.034717737473301175,0.4107493890033132,0.5545328735233856
are there pictures on the stream?,neither,0.05705850143563189,0.25473671941007836,0.6882047791542896
bring back my boi molly,neither,0.029912891907591468,0.40327641785339713,0.5668106902390114
wait the vod didnt look like that,neither,0.04678231332824805,0.36962879752237676,0.5835888891493752
Grats @schleppythebrave,neither,0.03945320844208391,0.33037608806864915,0.630170703489267
nott ;_;,neither,0.03945320844208391,0.33037608806864915,0.630170703489267
Go NOTT!,neither,0.04276165647058889,0.34190019769565555,0.6153381458337556
NOTT BABY...,neither,0.03945320844208391,0.33037608806864915,0.630170703489267
RIP shirt bit,neither,0.03945320844208391,0.33037608806864915,0.630170703489267
:(,neither,0.03945320844208391,0.33037608806864915,0.630170703489267
NOTTT AAAAA,neither,0.03945320844208391,0.33037608806864915,0.630170703489267
Bidet from Maine!,neither,0.04069404815304118,0.30931579984010865,0.6499901520068502
FeelsBadMan,neither,0.03945320844208391,0.33037608806864915,0.630170703489267
AIR CONDITIONING!,neither,0.03945320844208391,0.33037608806864915,0.630170703489267
"Also, Bidet and Gluten Almonds from the glorious PNW!",neither,0.03892230974420128,0.2662702010759657,0.694807489179833
Will we see that Tali this week? stay tuned,neither,0.03742186827408026,0.34683116809883335,0.6157469636270864
bidet from Iowa,neither,0.04069404815304118,0.30931579984010865,0.6499901520068502
Welcome new subs,neither,0.04282174440375019,0.2465882019309291,0.7105900536653207
GivePLZ,neither,0.03945320844208391,0.33037608806864915,0.630170703489267
"Bidet, everyone!",offensive_language,0.02988896790634741,0.4927062106388782,0.4774048214547744
@CookievonSweet WELCOME ( Also awesome name ),neither,0.03945320844208391,0.33037608806864915,0.630170703489267
drow shadow sorcerer,neither,0.03945320844208391,0.33037608806864915,0.630170703489267
MUH HEART,neither,0.03945320844208391,0.33037608806864915,0.630170703489267
Woo! NOTT!,neither,0.03945320844208391,0.33037608806864915,0.630170703489267
Bidet from California,neither,0.06971251856910227,0.2972619859879888,0.633025495442909
evening all,neither,0.041793358651534496,0.4229818652092969,0.5352247761391685
NOTT IS A HERO,neither,0.050607197438268026,0.3265397197799755,0.6228530827817566
Nott! <3,neither,0.03945320844208391,0.33037608806864915,0.630170703489267
"First Critical Role I've seen live, Can't wait!",neither,0.023032312182159377,0.3148789405857961,0.6620887472320446
yes @theonlycalamariking,neither,0.03945320844208391,0.33037608806864915,0.630170703489267
IN THIS HOUSE WE STAN NOTT...,neither,0.039108852861579536,0.33622070096625994,0.6246704461721606
"Bidet from Lubbock, y'all!",neither,0.046953908045590145,0.46253302838538923,0.4905130635690207
Bidet from the Chicago land area. Finally all caught up and able to watch live very excited,neither,0.046783032803589884,0.34664537316577226,0.606571594030638
that's metal as fuck MorphinTime MorphinTime,offensive_language,0.1314771880019696,0.8678618601109839,0.0006609518870464236
BUUUDAAAAYYYYYY!,neither,0.03945320844208391,0.33037608806864915,0.630170703489267
Bidet from Texas! Enjoyed Nila so much--great character well played,neither,0.036487650651257454,0.33043091461132434,0.6330814347374183
Is this thing on?,neither,0.04694668421718002,0.34869111537816727,0.6043622004046527
Where's the audio?,neither,0.04040704954800579,0.2804404425152979,0.6791525079366962
@dpfunkhouser That layout is for Project Alpha,neither,0.037312863657539073,0.3379469944730685,0.6247401418693925
Bidet from SoCal!,neither,0.04062582848913359,0.31047366557575606,0.6489005059351104
I'm just waiting to see how many chairs are left open,neither,0.06075489627909341,0.30825971629554766,0.630985387425359
matt where you at,neither,0.06049854578042379,0.37617255690718143,0.5633288973123947
bidet from Houston TX,neither,0.040501953574932,0.3125761461575217,0.6469219002675464
whats happening,neither,0.03945320844208391,0.33037608806864915,0.630170703489267
"oh good, i thought i was late",neither,0.04654044108795528,0.19249647181064894,0.7609630871013958
my audio is fine on mobile,neither,0.03411461619743159,0.3993288254908576,0.5665565583117108
audio and video is fine,neither,0.05048751602716592,0.21824385588292106,0.7312686280899129
gandsTwenty gandsTwenty gandsTwenty,neither,0.03945320844208391,0.33037608806864915,0.630170703489267
same here,neither,0.14187967449237004,0.2733123625359359,0.584807962971694
bidet from michigan,neither,0.040769555981420263,0.3080342349327864,0.6511962090857933
Bidet from,neither,0.04228451509352876,0.2823214250720796,0.6753940598343917
"This time last week, I was trying to watch CritRole while tripping on acid.... it was too intense.",neither,0.04236015000338959,0.3492637353238887,0.6083761146727217
B),neither,0.03945320844208391,0.33037608806864915,0.630170703489267
OPHELIAAAAAAA,neither,0.03945320844208391,0.33037608806864915,0.630170703489267
Bidet from Columbia SC!,neither,0.040737273169946825,0.30858215849491494,0.6506805683351382
cmonBruh,neither,0.03945320844208391,0.33037608806864915,0.630170703489267
bidet bidet,neither,0.03945320844208391,0.33037608806864915,0.630170703489267
more like Bone Bears,neither,0.05114802853122047,0.3356449874622548,0.6132069840065248
Bidet from Dallas!,neither,0.04081748366884477,0.3072207769958956,0.6519617393352596
woooooo watching live once again,neither,0.04194096730811668,0.35859273388344876,0.5994662988084346
mattjwoodsy,neither,0.03945320844208391,0.33037608806864915,0.630170703489267
are people back yet?,neither,0.1353669056614924,0.26443342824860144,0.6001996660899062
"guys I don't know if I'm late due to time zones, have they started episode 28 yet =",neither,0.03226417110406265,0.3697551910539071,0.5979806378420304
"If you are having buffering issues, try refreshing, then try dropping the video quality to 360p or 160p , try another browser or clearing your cache.",neither,0.09489164566174521,0.2657466213213178,0.639361733016937
Beep beep,neither,0.03945320844208391,0.33037608806864915,0.630170703489267
@LucasBlackstone thanks! :D and you too!,neither,0.05668159321997858,0.3086868910933706,0.6346315156866509
Bidet from Phoenix.,neither,0.04066490145509902,0.30981049537100724,0.6495246031738937
,neither,0.03945320844208391,0.33037608806864915,0.630170703489267
"Bidet, Beep Beep, and Gluten Almonds",neither,0.03857111107789432,0.2851340175310554,0.6762948713910502
where you at??,neither,0.07889641572396747,0.41211288413587666,0.5089907001401559
audio sync fine on end,neither,0.03704712251163893,0.34188604234429226,0.6210668351440688
Dire beaaaars,neither,0.03945320844208391,0.33037608806864915,0.630170703489267
MOUSE QUESSSSSST,neither,0.03945320844208391,0.33037608806864915,0.630170703489267
"bidet and be pleased from Detroit, Michigan",neither,0.039895869515708546,0.28996655951879013,0.6701375709655013
bidet from tu madres casa,neither,0.040769555981420263,0.3080342349327864,0.6511962090857933
Bidet,neither,0.03945320844208391,0.33037608806864915,0.630170703489267
"I thought Nott was a joke character at first, but she is rapidly becoming my favorite.",neither,0.03274431617688788,0.3935648088517724,0.5736908749713396
Bidet from Tulsa!,neither,0.04228451509352876,0.2823214250720796,0.6753940598343917
Nvm im dumb thx,neither,0.0387383942903665,0.3575223868375584,0.603739218872075
Bidet From Indiana,neither,0.0408364874901429,0.30689823255244486,0.6522652799574122
Taliesin's new character is a direbear.,neither,0.054386440405339825,0.2231843444452296,0.7224292151494306
im so excited for tonight's episode,neither,0.03201642026214665,0.34737756809794124,0.6206060116399121
bidet from IL!,neither,0.04066490145509902,0.30981049537100724,0.6495246031738937
Bidet from Arizona,neither,0.04078317879478948,0.307803020237201,0.6514138009680096
Bidet from Boston!,neither,0.040769555981420263,0.3080342349327864,0.6511962090857933
Grats @AbramVR,neither,0.03945320844208391,0.33037608806864915,0.630170703489267
wait this is entire spolier,neither,0.048610130379290524,0.32894758345005315,0.6224422861706562
what's up critters!,neither,0.04549209283961305,0.43877665191533993,0.5157312552450469
live show in about 10 minutes?,neither,0.05618731340836557,0.2858971609139802,0.6579155256776542
bidet from quebec!!!,neither,0.04228451509352876,0.2823214250720796,0.6753940598343917
what's taliesins new charater?,neither,0.057434023085275766,0.16880291477951925,0.7737630621352051
why is the critical role twitch not online?,neither,0.03519959588382244,0.3313516580253375,0.63344874609084
anyone here play divinity?,neither,0.0784894785233231,0.2981291794375084,0.6233813420391685
this an*,neither,0.039919703793297505,0.322458444502702,0.6376218517040005
!caster CriticalRole,neither,0.03945320844208391,0.33037608806864915,0.630170703489267
You should give CriticalRole a follow! Check them out here: twitch.tv/CriticalRole !,neither,0.11039897335229146,0.3617950278714044,0.5278059987763041
@inkytoebeans yep,neither,0.03945320844208391,0.33037608806864915,0.630170703489267
Bidet from NJ,neither,0.04069404815304118,0.30931579984010865,0.6499901520068502
bring taliesan back,neither,0.03945320844208391,0.33037608806864915,0.630170703489267
Hello!!,neither,0.03945320844208391,0.33037608806864915,0.630170703489267
bidet from Argentina,neither,0.04062582848913359,0.31047366557575606,0.6489005059351104
Time for baby eating monster,neither,0.03350736342137373,0.3213642835743339,0.6451283530042923
Bidet from Cali Bay Area,neither,0.04028086016941558,0.31632867825694416,0.6433904615736403
why do they need a recap,neither,0.030057344940232673,0.3430119702108162,0.6269306848489511
bidet from MN,neither,0.040737273169946825,0.30858215849491494,0.6506805683351382
oh god,neither,0.047523175703714664,0.25506489023357065,0.6974119340627147
!schedule,neither,0.03945320844208391,0.33037608806864915,0.630170703489267
test,neither,0.03945320844208391,0.33037608806864915,0.630170703489267
hello :),neither,0.03945320844208391,0.33037608806864915,0.630170703489267
Grats @frequentbubbleflyer,neither,0.03945320844208391,0.33037608806864915,0.630170703489267
bidet from brazil,neither,0.04079557052152802,0.30759270029461827,0.6516117291838538
ONI,neither,0.03945320844208391,0.33037608806864915,0.630170703489267
bidet north Carolina,neither,0.03945320844208391,0.33037608806864915,0.630170703489267
New here... what's bidet,neither,0.15645135085409878,0.15012201768760353,0.6934266314582977
bidet from Ontario,neither,0.04062582848913359,0.31047366557575606,0.6489005059351104
Lorenzo is a literal monster,neither,0.05005952611256733,0.3267280890626825,0.6232123848247502
"Bidet from Reno, NV! gandsHug",neither,0.04062582848913359,0.31047366557575606,0.6489005059351104
bidet from california,neither,0.06971251856910227,0.2972619859879888,0.633025495442909
ashlyyyy,neither,0.03945320844208391,0.33037608806864915,0.630170703489267
bidet,neither,0.03945320844208391,0.33037608806864915,0.630170703489267
gandsMolly gandsMolly gandsMolly gandsMolly gandsMolly,neither,0.03945320844208391,0.33037608806864915,0.630170703489267
#BringTalBack,neither,0.03945320844208391,0.33037608806864915,0.630170703489267
bidet from Memphis,neither,0.040737273169946825,0.30858215849491494,0.6506805683351382
#BringTalBackToTheTable,neither,0.03945320844208391,0.33037608806864915,0.630170703489267
Where do I go if I wanna watch the ENTIRE campaign #1?,neither,0.03175830086794756,0.3361942299091821,0.6320474692228704
Man... if that's her kid...,offensive_language,0.01480534929585965,0.7028906784493927,0.28230397225474774
we don't know yet @brodofragginz,neither,0.03925899966307333,0.3336723178929836,0.6270686824439432
Bidet!,neither,0.03945320844208391,0.33037608806864915,0.630170703489267
LEO GET OUT,neither,0.033867623500023356,0.3601144598714095,0.6060179166285671
lorenzo die challenge,neither,0.23554002764204104,0.10970586046920906,0.6547541118887499
oh man this part was rough,neither,0.0439084558703131,0.3439541907923959,0.612137353337291
SMOrc SMOrc SMOrc SMOrc SMOrc SMOrc SMOrc,neither,0.03945320844208391,0.33037608806864915,0.630170703489267
"hey all. my first live Critical Role, is it still all the same characters from Campaign 1?",neither,0.03650382920418935,0.4415850490659271,0.5219111217298835
bidet from Ohio,neither,0.040754399270683486,0.3082914838698526,0.650954116859464
CurseLit,neither,0.03945320844208391,0.33037608806864915,0.630170703489267
bidet,neither,0.03945320844208391,0.33037608806864915,0.630170703489267
Jaffe Taffy,neither,0.03945320844208391,0.33037608806864915,0.630170703489267
bidet from Mass,neither,0.04078317879478948,0.307803020237201,0.6514138009680096
"I want them to stagger Fjord and Jester's return. Like 3 weeks from now Fjord is rescued, and then the week after Jester. The suspense will be KILLER",neither,0.06140670879150251,0.2544255789367015,0.684167712271796
What’s the start time??,neither,0.04401082796642693,0.3296859780390712,0.626303193994502
Youtube.,neither,0.03945320844208391,0.33037608806864915,0.630170703489267
does the episode begin after this recap?,neither,0.029339388502799105,0.40948286324756084,0.5611777482496401
"Bidet from Knoxville, TN",neither,0.04037273474496936,0.3147693269362608,0.6448579383187697
bidet from Kalamazoo Michigan,neither,0.040769555981420263,0.3080342349327864,0.6511962090857933
love liam,neither,0.03633489270100109,0.3449275588628445,0.6187375484361545
"@battlesack It is a catch up, they do this every week lol",neither,0.03660149069841037,0.41902400060563766,0.5443745086959519
Sam cracks me up,neither,0.031088538735353593,0.4096577756646719,0.5592536855999746
it was an animal skull...,neither,0.038405358287970315,0.3279172439613554,0.6336773977506742
There is no such thing as spoiler after monday,neither,0.04360883148685704,0.3294098736160739,0.626981294897069
"I hope they survived this fight, I’m confident they will",neither,0.06309794760074226,0.24119093874558997,0.6957111136536677
"@smashu22 Why not? It's not like it's cutting into stream time, it's filling dead air",neither,0.034345072703552415,0.3616930119556759,0.6039619153407718
bidet from gold coast,neither,0.04049702368297511,0.31265981929002273,0.6468431570270021
MATHEW rooWut,neither,0.03945320844208391,0.33037608806864915,0.630170703489267
bidet from ohio,neither,0.040754399270683486,0.3082914838698526,0.650954116859464
"bidet guys, they havent started yet ?",neither,0.03935856703488646,0.3319823997431806,0.628659033221933
Bidet from WA,neither,0.04071751644889743,0.3089174816120565,0.6503650019390461
!rerun,neither,0.03945320844208391,0.33037608806864915,0.630170703489267
Baby eater,neither,0.03945320844208391,0.33037608806864915,0.630170703489267
Bidet from MA,neither,0.031816597323666866,0.4599893087150652,0.5081940939612679
if thats her kid......maaaaaan,offensive_language,0.01606763919623605,0.6182053302828907,0.36572703052087324
Isn't this Episode 29?,neither,0.03937344789229556,0.3317298327570051,0.6288967193506994
RIP baby firbolg,neither,0.03945320844208391,0.33037608806864915,0.630170703489267
bidet,neither,0.03945320844208391,0.33037608806864915,0.630170703489267
time to kill those fuckbois,hate_speech,0.6330894445339178,0.08497348449611022,0.281937070969972
bidet from utah me and my wife and some timtams,neither,0.021396387813020445,0.35934851969055115,0.6192550924964284
DansGame what is that creature???,neither,0.05002621175458395,0.36633315834446034,0.5836406299009557
PogChamp when its starting,neither,0.02319600863037714,0.3894086195449481,0.5873953718246748
"Too big to be her kid, but Lorenzo eating babies is confirmed.",offensive_language,0.029043675835080274,0.5159144292207679,0.4550418949441518
"Bidet from Newfoundland, Canada",neither,0.04071751644889743,0.3089174816120565,0.6503650019390461
bidet,neither,0.03945320844208391,0.33037608806864915,0.630170703489267
