text,top_class,hate_speech,offensive_language,neither
@justinpsluder Old card.,neither,0.03945320844208391,0.33037608806864915,0.630170703489267
gandsHappy ENTHUSIARMY RAID amydFocus gandsHug s for the gandsHug -inclined! gandsHappy,neither,0.03412816705421331,0.29512293809077,0.6707488948550168
3 hours,neither,0.03945320844208391,0.33037608806864915,0.630170703489267
I thought mothership was canceled?,neither,0.042528062612890716,0.2331459675350103,0.7243259698520991
Ty,neither,0.03945320844208391,0.33037608806864915,0.630170703489267
@Digi three hours,neither,0.03945320844208391,0.33037608806864915,0.630170703489267
@murderbanjo Old card,neither,0.03945320844208391,0.33037608806864915,0.630170703489267
"@murderbanjo It is, that's an old card.",neither,0.04206250013605489,0.3640330151103918,0.5939044847535533
@murderbanjo It is,neither,0.059603583318096655,0.32344545014120724,0.616950966540696
So 8 my time,offensive_language,0.021553121089527835,0.5672156181559337,0.41123126075453853
Lore me Sempai!,neither,0.018491955366437673,0.460246435692358,0.5212616089412043
We have a subscriber-only Discord server! Join here: https://discord.gg/geekandsundry (you'll need to sub and link it to your Twitch) and be a part of the fun!...Warning: It can take up to an hour for the server to update and give you access to the channels,neither,0.08464076273808444,0.286394834032893,0.6289644032290227
ok. because if it was brought back and I didn't know I'd be so sad! lol,neither,0.017387822470801055,0.4307784695247075,0.5518337080044914
TWO!,neither,0.0407660999210139,0.30809289329748146,0.6511410067815048
TWO,neither,0.0407660999210139,0.30809289329748146,0.6511410067815048
HAHAHAHA,neither,0.03945320844208391,0.33037608806864915,0.630170703489267
!ears,neither,0.03945320844208391,0.33037608806864915,0.630170703489267
𝐖𝐀𝐑𝐍𝐈𝐍𝐆! Incoming LOUD NOISES. Adjust your volume and protect your ears!,neither,0.08369346292336456,0.2909372434945657,0.6253692935820697
#WeKnow,neither,0.03945320844208391,0.33037608806864915,0.630170703489267
#WeKnow about the thing that may or may not be happening on a technical level currently. The crew lives at least 30 seconds in the future and are likely already solving or have solved the problem! Thanks for your concern!,neither,0.04751991085222859,0.298407411164976,0.6540726779827954
Are the mics bad for anyone else?,neither,0.05140761947087589,0.24608792128323034,0.7025044592458937
#dotheyknow?,neither,0.03945320844208391,0.33037608806864915,0.630170703489267
that audio tho,neither,0.031954206092270794,0.3809102781172072,0.5871355157905219
oof LUL,neither,0.03945320844208391,0.33037608806864915,0.630170703489267
Owww,neither,0.03945320844208391,0.33037608806864915,0.630170703489267
wow reverb?,neither,0.03945320844208391,0.33037608806864915,0.630170703489267
whoa echo,neither,0.03945320844208391,0.33037608806864915,0.630170703489267
RIP Headphone users XD,neither,0.03945320844208391,0.33037608806864915,0.630170703489267
#WeKnow,neither,0.03945320844208391,0.33037608806864915,0.630170703489267
#WeKnow about the thing that may or may not be happening on a technical level currently. The crew lives at least 30 seconds in the future and are likely already solving or have solved the problem! Thanks for your concern!,neither,0.04751991085222859,0.298407411164976,0.6540726779827954
My ears!,neither,0.02549807631544042,0.4425136705936049,0.5319882530909548
!ears,neither,0.03945320844208391,0.33037608806864915,0.630170703489267
𝐖𝐀𝐑𝐍𝐈𝐍𝐆! Incoming LOUD NOISES. Adjust your volume and protect your ears!,neither,0.08369346292336456,0.2909372434945657,0.6253692935820697
#TheyKnow,neither,0.03945320844208391,0.33037608806864915,0.630170703489267
#weknow,neither,0.03945320844208391,0.33037608806864915,0.630170703489267
horid reverb,neither,0.03945320844208391,0.33037608806864915,0.630170703489267
Ahhhhh,neither,0.03945320844208391,0.33037608806864915,0.630170703489267
...,neither,0.03945320844208391,0.33037608806864915,0.630170703489267
They are talking through radios!,neither,0.07292906166323056,0.274932456809515,0.6521384815272545
Adjust your volume until we can fix it.,neither,0.06035583283946493,0.32320435693697813,0.616439810223557
They are clearly talking about robots this week :-D,neither,0.06020191992474591,0.3152266472206564,0.6245714328545977
I just assumed Ryan's voice naturally buzzed...,neither,0.03633934173754458,0.3448699012380307,0.6187907570244248
The crew knows that the mics are hot... they'll correct it,neither,0.049945394222951627,0.3071773028947062,0.6428773028823422
Revealed: Ryan and Hector ARE ROBOTS,neither,0.07201667299066714,0.22898776478374322,0.6989955622255896
"it's not their microphones, it's the amplifier, that maxed out",neither,0.026673730307020246,0.3812975514102532,0.5920287182827266
Hi Ryan and Hector,neither,0.03865039986561582,0.28968446037165835,0.6716651397627258
"Download the new Critical Role theme song for Campaign Two! http://itunes.apple.com/album/id1331550250?ls=1&app=itunes Sales of the song support the musician, Jason Charles Miller.",neither,0.04445767596344001,0.2510827790306858,0.7044595450058742
#NowWeAllKnowToo,neither,0.03945320844208391,0.33037608806864915,0.630170703489267
,neither,0.03945320844208391,0.33037608806864915,0.630170703489267
yeah the audio sounds wrong,neither,0.026121447789746576,0.4048064208971856,0.5690721313130678
@ossborn volume won't help distotion coming in,neither,0.03945320844208391,0.33037608806864915,0.630170703489267
Plot twist its a radio show now,neither,0.044821858931175906,0.2773244239555764,0.6778537171132478
We are aware of the audio and are working to fix it.,neither,0.0750379574443996,0.24487428364571034,0.68008775890989
#Theymayknow,neither,0.03945320844208391,0.33037608806864915,0.630170703489267
Is that Chris?,neither,0.04500826980009626,0.38379945695445583,0.5711922732454479
#WeKnow,neither,0.03945320844208391,0.33037608806864915,0.630170703489267
#WeKnow about the thing that may or may not be happening on a technical level currently. The crew lives at least 30 seconds in the future and are likely already solving or have solved the problem! Thanks for your concern!,neither,0.04751991085222859,0.298407411164976,0.6540726779827954
#Theydefinitelyknow,neither,0.03945320844208391,0.33037608806864915,0.630170703489267
where's crit role...?,neither,0.041739342232068884,0.29157443131884564,0.6666862264490854
"I have no sound at all, so I guess that's better than some of you?",offensive_language,0.039713162007035514,0.5495446209315973,0.4107422170613672
Is this World War I radio-show? LUL,neither,0.05640404625613419,0.2770074554865079,0.666588498257358
I want to know who the legs belong to!!,neither,0.051124443270714595,0.35802815959744033,0.5908473971318451
!wheniscr,neither,0.03945320844208391,0.33037608806864915,0.630170703489267
"gandsMattBlindfold Critical Role is on at 7 PM PDT on Thursdays, it is currently 4:04 PM PDT on Thursday. There is 2 Hours, 55 Minutes, 8 Seconds until the next episode of Critical Role. This command has been run 1096 times but has probably been asked about way more. gandsNein",neither,0.040984306832191765,0.34448505427000053,0.6145306388978078
!wheniscr,neither,0.03945320844208391,0.33037608806864915,0.630170703489267
Hi Chris!,neither,0.03945320844208391,0.33037608806864915,0.630170703489267
CHris!!!!,neither,0.03945320844208391,0.33037608806864915,0.630170703489267
@proper_bert you're early but it's here,neither,0.18102863100761482,0.2715876309219498,0.5473837380704354
Oh no. Chris is a Robot too!,neither,0.04964679356986096,0.3031008057066557,0.6472524007234833
"Help G&S make great content! $4.99/month gets you emotes, Minecraft server access, sub-only VODs, and more! Every sub keeps the channel alive! twitch.tv/geekandsundry/subscribe",neither,0.043907990691603095,0.31135964332838284,0.644732365980014
"Welcome back, Chris",neither,0.03945320844208391,0.33037608806864915,0.630170703489267
!clock,neither,0.03945320844208391,0.33037608806864915,0.630170703489267
It is currently Thursday 4:05 PM at the Geek & Sundry studio in California.,neither,0.05116902727914625,0.32963796927704553,0.6191930034438082
sound problems it the Vampire twitch conspiracy,neither,0.03785314950623107,0.3193794611092339,0.642767389384535
lol im an idiot,neither,0.03093874436579731,0.4181694626880808,0.5508917929461219
hrpgSharky hrpgSharky hrpgSharky,neither,0.03945320844208391,0.33037608806864915,0.630170703489267
Such a great show,neither,0.05502175231354967,0.21267198945008806,0.7323062582363622
it's coming to you over your old high school's public address sysrem.,neither,0.0729917912087749,0.4134325190509288,0.5135756897402962
thanks to every who responded (including that bot),neither,0.03986133952222673,0.38723377051041197,0.5729048899673613
the swag is in Chris's bag,neither,0.0465491706822826,0.3041452785415853,0.6493055507761321
Fray the Vampire slayer is great as well.,neither,0.04122625292532237,0.3245850056228842,0.6341887414517934
"is it just me, or is the audio blown out?",neither,0.03672523255085413,0.3672282985809783,0.5960464688681675
technically it's all the whedonverse,neither,0.038591772499931856,0.39155379905391435,0.5698544284461539
!whodat,neither,0.03945320844208391,0.33037608806864915,0.630170703489267
"Ryan Green ( twitter.com/HydroSnail ), Hector Navarro ( twitter.com/Hectorisfunny ) with guest Chris Bramante ( twitter.com/amontiock ).",neither,0.035009299517547325,0.4593668179269811,0.5056238825554716
Is something... crackley or odd about the audio?,neither,0.04334800145418459,0.3360615803580481,0.6205904181877674
is it my computer or is the sound muffled?,neither,0.039729261530899555,0.38297937749121164,0.5772913609778888
"Chris does a podcast of Buffy, so he is perfect for this!",neither,0.03216771869318763,0.43825474655618485,0.5295775347506275
It’s happening to me,neither,0.03648217850296274,0.36804808623463436,0.595469735262403
my high school public address system ayduo was better than this lol,neither,0.02625974080894574,0.4707627245749534,0.502977534616101
The sound is weird for me too,neither,0.03308984323237148,0.3275675364488543,0.6393426203187742
They know about the audio problems,neither,0.037447586369057775,0.3391531525091644,0.6233992611217779
it sounds muffled,neither,0.03729036240041516,0.3311199900009874,0.6315896475985974
@John_Sparks_Jr it sounds like the gain is turned up too high.,neither,0.04585466576747248,0.42539308370991913,0.5287522505226084
"@Mortarion09 it's ont the channel side, they are working on it, as far as we know :)",neither,0.042077275721214905,0.36247868948596096,0.5954440347928242
,neither,0.03945320844208391,0.33037608806864915,0.630170703489267
they're working on it,neither,0.05506762410249958,0.31306976874760317,0.6318626071498973
#WeKnow,neither,0.03945320844208391,0.33037608806864915,0.630170703489267
#WeKnow about the thing that may or may not be happening on a technical level currently. The crew lives at least 30 seconds in the future and are likely already solving or have solved the problem! Thanks for your concern!,neither,0.04751991085222859,0.298407411164976,0.6540726779827954
James Marsters worked with Darkhorse on most of the Spike Comics,neither,0.030801603950289302,0.35078997843117216,0.6184084176185386
thanks,neither,0.035884468650613,0.3004919205142699,0.6636236108351171
hey there it is,neither,0.04829481382250245,0.27268658370262666,0.6790186024748709
Everyone hold on!,neither,0.02990928901348163,0.45820118824601525,0.5118895227405031
"Fabulous job on Swag, Chris!",neither,0.035586097067549075,0.37030337299901916,0.5941105299334318
moon2H,neither,0.03945320844208391,0.33037608806864915,0.630170703489267
HEEEEY,neither,0.03945320844208391,0.33037608806864915,0.630170703489267
YAY!,neither,0.03945320844208391,0.33037608806864915,0.630170703489267
Much better,neither,0.033464116335600605,0.3324360114774959,0.6340998721869036
That's better.,neither,0.032263869722584625,0.40961070324178983,0.5581254270356256
Thanks,neither,0.035884468650613,0.3004919205142699,0.6636236108351171
WutFace,neither,0.03945320844208391,0.33037608806864915,0.630170703489267
Ryan would have made an awesome Vampire,neither,0.03888065728851557,0.32920384024908844,0.631915502462396
nearly perfect,neither,0.03945320844208391,0.33037608806864915,0.630170703489267
I still wish they would bring back Angel!,neither,0.038261284036646144,0.3379501239160987,0.6237885920472551
that better,neither,0.032263869722584625,0.40961070324178983,0.5581254270356256
#GuysTurnsouttheyknew,neither,0.03945320844208391,0.33037608806864915,0.630170703489267
"They're still working on it, thank you all for your patience!",neither,0.08433044390286627,0.38616099794626035,0.5295085581508734
finishing Angel would have been enough,neither,0.03836084073332208,0.33708764009626185,0.6245515191704162
audio is blown out,neither,0.04202400998214227,0.3416786304904227,0.616297359527435
noooo,neither,0.03945320844208391,0.33037608806864915,0.630170703489267
moon2A I'm so impatient moon2A,offensive_language,0.039501631330860744,0.48329170807269783,0.4772066605964413
"could still be adjusted, but its better than it was",neither,0.029841968599080077,0.36614046447341314,0.6040175669275067
Still not great,neither,0.034384764327274865,0.3236383441957646,0.6419768914769606
I don't think it's perfect yet but it's much better than it was.,neither,0.0322931927112941,0.3391046410233216,0.6286021662653842
@metymemety be nice,neither,0.040239296110501734,0.33695868499868403,0.6228020188908144
not yey,neither,0.03554889144452836,0.3454295093440936,0.619021599211378
We're still working on it.,neither,0.0516891360868866,0.33347296503930773,0.6148378988738057
just josk,neither,0.02667013123193722,0.39600456006212814,0.5773253087059346
"I still have reverb, but if that's good for you :)",neither,0.020553222961240344,0.4718542543274422,0.5075925227113176
The movie was ok!,neither,0.04074887758292203,0.27080589063899585,0.6884452317780823
:-),neither,0.03945320844208391,0.33037608806864915,0.630170703489267
just joking* moon2S,neither,0.03429717975759157,0.3548581641457409,0.6108446560966675
moon2SMUG moon2U1 moon2U2,neither,0.03945320844208391,0.33037608806864915,0.630170703489267
"Save the cheerleader, save the world.... wait.... wrong franchise",neither,0.03852602013786668,0.3134011597031078,0.6480728201590257
Hehhe,neither,0.03945320844208391,0.33037608806864915,0.630170703489267
Have you tried turning off and back on?,neither,0.048979731579249855,0.3512039296878211,0.5998163387329289
@Ossborn nice,neither,0.03945320844208391,0.33037608806864915,0.630170703489267
"shave the cheerleader, save the world?",neither,0.03820750668147721,0.30734881094967265,0.6544436823688502
audio peaking?,neither,0.03945320844208391,0.33037608806864915,0.630170703489267
@Ossborn oh man I'm such a sucker for heroes,neither,0.038584872561927185,0.3114295123354304,0.6499856151026424
!points @Ossborn,neither,0.03945320844208391,0.33037608806864915,0.630170703489267
"That was an excellent pun, @Ossborn! Here, have some points for that one! You have been awarded 24 points!",neither,0.05037983996645441,0.3834344862531679,0.5661856737803777
Does Critical Role still come on tonight 7pm pacific time?,neither,0.026984627878047104,0.4302115003821053,0.5428038717398476
I loved the buffy vampire's face change,neither,0.03875262627260772,0.31762969574729244,0.6436176779801
!ears We are experiencing ongoing audio issues. The Pit Crew is doing their best to resolve those issues. Please adjust your volume as best you can. We thank you for your patience!,neither,0.10094693647289045,0.299352114572182,0.5997009489549276
𝐖𝐀𝐑𝐍𝐈𝐍𝐆! Incoming LOUD NOISES. Adjust your volume and protect your ears!,neither,0.08369346292336456,0.2909372434945657,0.6253692935820697
nice one Ossborn,neither,0.038104981566877257,0.3798387499096277,0.582056268523495
PokMaskedpika,neither,0.03945320844208391,0.33037608806864915,0.630170703489267
@RaisingCanesChicken same as usual!,neither,0.03828688247671542,0.3717010817116785,0.5900120358116062
Thank you,neither,0.07325166854587051,0.43632638485078484,0.49042194660334476
!wheniscr wheniscriticalrole.com,neither,0.03945320844208391,0.33037608806864915,0.630170703489267
"gandsMattBlindfold Critical Role is on at 7 PM PDT on Thursdays, it is currently 4:11 PM PDT on Thursday. There is 2 Hours, 48 Minutes, 54 Seconds until the next episode of Critical Role. This command has been run 1097 times but has probably been asked about way more. gandsNein",neither,0.040973086346028385,0.34438756957461447,0.614639344079357
"ah, they found the AMP ^^",neither,0.0385306660101061,0.3134884606250062,0.6479808733648877
Vampires in the Rifts RPG are super scary!,neither,0.059132418479264856,0.28045189954691124,0.6604156819738238
@TG_Caligo lol,neither,0.020706217963973744,0.4882283491876925,0.4910654328483337
"yes they are, Rifts in general was nightmare fuel",neither,0.05872924369960836,0.29677003684984193,0.6445007194505499
Is this guy a buffy professional?,neither,0.04694938414891476,0.3366799285355132,0.6163706873155721
"""Zombies don't eat the flesh of the living, unless instructed to by their zombie master."" In Buffy.",neither,0.042100519578253934,0.333351813416417,0.6245476670053292
one of my favorite monsters are the gentlemen tbh,neither,0.04635354255916353,0.38204617402597296,0.5716002834148636
Buffy had most of the classic monsters,neither,0.03855918984090243,0.3140238766935897,0.6474169334655079
@Remote_OW yes,neither,0.03945320844208391,0.33037608806864915,0.630170703489267
"Nicely done, everything sounds good now :)",neither,0.038434946044802305,0.33991698562238676,0.6216480683328108
Let's give it up for Chief and our Pit crew!,neither,0.024162592423320268,0.33678196085504364,0.6390554467216361
"It's too quiet for me to hear well at this point, though",neither,0.03299786064349967,0.35291632425719777,0.6140858150993025
In the Crew i always believe!,neither,0.036886204918271714,0.36732080795759514,0.5957929871241331
gandsTheChief gandsHype,neither,0.03945320844208391,0.33037608806864915,0.630170703489267
@zathyr make sure you video audio is properly turned up,neither,0.053115932250265334,0.4262430460837476,0.5206410216659869
@zathyr there's a volume boost for you,neither,0.04556247017888074,0.30356643514695164,0.6508710946741677
"better vol, thanks crew",neither,0.0372795017899746,0.31217374841896306,0.6505467497910623
<3,neither,0.03945320844208391,0.33037608806864915,0.630170703489267
Buffy > Smallville,neither,0.03945320844208391,0.33037608806864915,0.630170703489267
The audio WutFace,neither,0.03843498882663835,0.31168514531390124,0.6498798658594604
omg can some one slap the person behind the sound stuff?,neither,0.03291382828432419,0.3353445935446189,0.631741578171057
Wolfram and Hart hype!,neither,0.038685053135802075,0.2916314707330221,0.6696834761311758
speaking for those using ear buds... OUCH,neither,0.046097819204727254,0.31047081096994505,0.6434313698253277
We have a subscriber-only Discord server! Join here: https://discord.gg/geekandsundry (you'll need to sub and link it to your Twitch) and be a part of the fun!...Warning: It can take up to an hour for the server to update and give you access to the channels,neither,0.08464076273808444,0.286394834032893,0.6289644032290227
Buffy > Veronica Mars (which came later obvi) > Smallville,neither,0.03945320844208391,0.33037608806864915,0.630170703489267
