text,top_class,hate_speech,offensive_language,neither
"@DeLevely A sport I could totally see in a D&D game would be ""Jugger""... a ball game that was played very often during my active LARP times",neither,0.03242285808198889,0.3474839802323916,0.6200931616856196
what is Callisto 6?,neither,0.08191733112755817,0.31109320414220176,0.6069894647302402
DICE HAIR!!!!,neither,0.03945320844208391,0.33037608806864915,0.630170703489267
Oh YES solid solid hair game Erika!!,neither,0.04196825967564105,0.27641506179095454,0.6816166785334045
"Download the new Critical Role theme song for Campaign Two! http://itunes.apple.com/album/id1331550250?ls=1&app=itunes Sales of the song support the musician, Jason Charles Miller.",neither,0.04445767596344001,0.2510827790306858,0.7044595450058742
Friday 9 Pacific for hopefully reveal,neither,0.03344959103434304,0.300397244318959,0.666153164646698
"@DeLevely we don't know what Callisto6 is, we thought you might know!",neither,0.06850669057552904,0.28361337301288053,0.6478799364115904
DeLevely Blame Eric,neither,0.03945320844208391,0.33037608806864915,0.630170703489267
I hope we'll all get caught up on Callistos 1-5 before 6 comes out.,neither,0.052645264953585603,0.4152112952924203,0.5321434397539941
thuluJACK Trish thuluJACK Erika,neither,0.03945320844208391,0.33037608806864915,0.630170703489267
keyboard knows,neither,0.03945320844208391,0.33037608806864915,0.630170703489267
Numbers Munchers fan fic XD,neither,0.03945320844208391,0.33037608806864915,0.630170703489267
"damn, erika's hair is awesome",offensive_language,0.05455477822064385,0.7981949007020331,0.1472503210773231
gandsGameEngine gandsGameEngine gandsGameEngine gandsGameEngine hey trish and ek gandsGameEngine,neither,0.03823530628758278,0.2638960051144801,0.6978686885979372
hi everyone,neither,0.032490659208996964,0.4485487193596734,0.5189606214313296
gandsGameEngine gandsGameEngine gandsGameEngine,neither,0.03945320844208391,0.33037608806864915,0.630170703489267
Will all Game Engine and no Gather Your Party make Erika go Crazy?,neither,0.048688810064712644,0.3760243110938423,0.5752868788414449
"Hahaha damn it Erika, why you make me laugh so loudly?! @GeekandSundry",offensive_language,0.03817229734219851,0.766402151134185,0.19542555152361663
YAY,neither,0.03945320844208391,0.33037608806864915,0.630170703489267
So...they found a way to ruin DND?,neither,0.04425750084888865,0.3601935693143459,0.5955489298367654
Woohoo!,neither,0.03945320844208391,0.33037608806864915,0.630170703489267
Erika will bash the Sam Bashor in Super Smash?,neither,0.03978673711119895,0.30226990108381935,0.6579433618049817
you are fat,hate_speech,0.536989730022844,0.09110357066839388,0.37190669930876213
i made all of this,neither,0.04221026223839699,0.44731403183288915,0.5104757059287139
"Help G&S make great content! $4.99/month gets you emotes, Minecraft server access, sub-only VODs, and more! Every sub keeps the channel alive! twitch.tv/geekandsundry/subscribe",neither,0.043907990691603095,0.31135964332838284,0.644732365980014
@shannis75 done by Taliesin ;),neither,0.040152237050278816,0.4243640610629517,0.5354837018867694
WOOHOO @Ossborn,neither,0.03945320844208391,0.33037608806864915,0.630170703489267
Merch Engine!!,neither,0.03945320844208391,0.33037608806864915,0.630170703489267
Merch...? Where's my wallet?,neither,0.03166157493165849,0.3744908965700611,0.5938475284982805
Sweet!,neither,0.03945320844208391,0.33037608806864915,0.630170703489267
gandsGameEngine gandsGameEngine gandsGameEngine gandsGameEngine gandsGameEngine,neither,0.03945320844208391,0.33037608806864915,0.630170703489267
gandsGameEngine gandsGameEngine gandsGameEngine gandsGameEngine,neither,0.03945320844208391,0.33037608806864915,0.630170703489267
i buy shirts!,neither,0.03945320844208391,0.33037608806864915,0.630170703489267
gandsGameEngine gandsHype gandsGameEngine,neither,0.03945320844208391,0.33037608806864915,0.630170703489267
gandsGameEngine gandsGameEngine gandsGameEngine gandsGameEngine gandsGameEngine,neither,0.03945320844208391,0.33037608806864915,0.630170703489267
i cry too,neither,0.03907935127511899,0.3367214198815007,0.6241992288433803
MEEEERRRRCCCHHHHHHH,neither,0.03945320844208391,0.33037608806864915,0.630170703489267
TAKE MY MONEY!!! [/Phillip J. Fry],neither,0.031008195264720737,0.3941231556302979,0.5748686491049814
Those good good FridayCon announcements,neither,0.0669585050311461,0.2505901460233734,0.6824513489454804
HERCH!! https://shop.geekandsundry.com/collections/geek-sundry/products/game-engine-controller-shirt,neither,0.0391268914080991,0.3114600970285146,0.6494130115633864
gandsGameEngine,neither,0.03945320844208391,0.33037608806864915,0.630170703489267
MERCH* <3,neither,0.03945320844208391,0.33037608806864915,0.630170703489267
yay Game Engine stuffs,neither,0.03887147808446005,0.29533930073509684,0.6657892211804431
Hi,neither,0.03945320844208391,0.33037608806864915,0.630170703489267
is talks on tonight at 7 like normal?,neither,0.04926922740092332,0.35003931929434445,0.6006914533047322
"@Leigh574 Aww, I wanted some herch...",neither,0.03128580357024731,0.34466504056258346,0.6240491558671691
erika's reaction to the news of the shirts was so cutee,neither,0.04277280853447758,0.33677812006472607,0.6204490714007963
lol It's been a long day,neither,0.029801607394290053,0.3788986021874385,0.5912997904182715
whoop whoop!,neither,0.03945320844208391,0.33037608806864915,0.630170703489267
!whenistm,neither,0.03945320844208391,0.33037608806864915,0.630170703489267
"gandsBrian Talks Machina gandsBrian is on at 7 PM PDT on Tuesdays, it is currently 4:07 PM PDT on Tuesday. There is 2 Hours, 52 Minutes, 27 Seconds until the next episode of Talks Machina. This has command has been run 311 times but has probably been asked about way more.",neither,0.0411367298733141,0.34315621947186115,0.6157070506548248
Is that JCM as a Pac-Man ghost? :-D,neither,0.04080483026437628,0.43667438226138194,0.5225207874742417
why are you being chased by Jamie from Mythbusters?,neither,0.056456239361473495,0.38573148078433506,0.5578122798541915
gandsTwenty gandsTwenty gandsTwenty gandsTwenty,neither,0.03945320844208391,0.33037608806864915,0.630170703489267
"Okay, that's awesome",neither,0.03522488641347686,0.37643791433623525,0.5883371992502879
When Erika eats the power up she should turn into a Trash Panda!,neither,0.04018280511077584,0.3193589072131412,0.6404582876760829
is that meant to be Sax?,neither,0.0542655736237613,0.3758306390254651,0.5699037873507736
thanks!,neither,0.035884468650613,0.3004919205142699,0.6636236108351171
your very pretty,neither,0.0816427601308616,0.3186180809752285,0.5997391588939099
"slick graphics, merch, this show is legit.",neither,0.05702737703920651,0.2753170965452491,0.6676555264155445
!respect,neither,0.03945320844208391,0.33037608806864915,0.630170703489267
"If you would like to share opinions on our hosts, guests or fellow viewers, please do so in a respectful manner. Don't make them feel uncomfortable.",neither,0.04843323757214918,0.39559142321184637,0.5559753392160044
"Sax or Key, probably Sax",neither,0.03818624631203054,0.3518797419233317,0.6099340117646378
girls are funny,neither,0.0438507533466921,0.40799191101717686,0.548157335636131
when my friends and I played mario kart there where no blue shells,neither,0.026872157356504632,0.35057430391525507,0.6225535387282404
"If Invader Zim isn't a character, it's not even worth it.",neither,0.027192160170795444,0.3724314671401988,0.6003763726890058
I like that we're talking about dad-dating sims when a bunch of us came from Amy's Dream Daddy raid,neither,0.061726658778491914,0.42055232572521584,0.5177210154962922
What's wrong with dads :(,neither,0.03314666622151461,0.363125893907164,0.6037274398713215
@beardtasticyogi its come along way from signs that fall on guests LUL,neither,0.03207806247578636,0.3694552538586376,0.5984666836655761
OMG,neither,0.03945320844208391,0.33037608806864915,0.630170703489267
ummmm,neither,0.03945320844208391,0.33037608806864915,0.630170703489267
what,neither,0.057770773616808734,0.3180719994247239,0.6241572269584672
yeah.. ummm,neither,0.02287963553190815,0.4461415187654656,0.5309788457026263
NOPE,neither,0.03945320844208391,0.33037608806864915,0.630170703489267
Satire... is not the same thing as bad taste...,neither,0.0400797574379074,0.35540416683846904,0.6045160757236235
but why tho,neither,0.01797527539322892,0.3790741594736808,0.6029505651330903
@Critternation3000 those were the dark timeline episodes.,neither,0.05670833691676315,0.2514927870043304,0.6917988760789063
indeed sam,neither,0.03945320844208391,0.33037608806864915,0.630170703489267
yikes,neither,0.03945320844208391,0.33037608806864915,0.630170703489267
To be edgy I guess,neither,0.05087107438001806,0.3389814285236219,0.6101474970963601
Great pass!,neither,0.03711190762171652,0.29890466288209216,0.6639834294961914
1.5 update made the game worse,neither,0.044104136056746034,0.17123400084514737,0.7846618630981065
#FuckingYikes,neither,0.03945320844208391,0.33037608806864915,0.630170703489267
"Heh ""You can't take No Man's Sky from me"" well done.",neither,0.04379236624038603,0.4320209864630413,0.5241866472965727
Can we have a dating sim around the DC character Isis instead?,neither,0.0407758882293762,0.2874490510148958,0.671775060755728
dfljshljsf,neither,0.03945320844208391,0.33037608806864915,0.630170703489267
Pluto will ALWAYS be a planet to me!,neither,0.03805989489452811,0.4024361651851606,0.5595039399203112
"""Playing"" No Man's Sky... That would be a first.",neither,0.03048204563687281,0.42310447047528055,0.5464134838878467
sdfjhksdjfhfds,neither,0.03945320844208391,0.33037608806864915,0.630170703489267
pluto is not a planet,neither,0.04856699216022982,0.33309809327327267,0.6183349145664976
#PlutoIsAPlanet,neither,0.03945320844208391,0.33037608806864915,0.630170703489267
Oh Mighty Isis!,neither,0.04753844177296154,0.23090197530227327,0.7215595829247651
"Okay, so Erika and I are doing a #LocalNews story on Pluto then?",neither,0.05696413927947826,0.3050350726588323,0.6380007880616894
Pluto is a dog. Not a planet. My question is what is Goofy?,neither,0.049463922577073646,0.3792373338233953,0.571298743599531
?????????,neither,0.03945320844208391,0.33037608806864915,0.630170703489267
effing JAPAN,neither,0.03945320844208391,0.33037608806864915,0.630170703489267
Japanese are smart,neither,0.06740977417182006,0.2824875785896975,0.6501026472384824
pluto will become a planet again once it cleared its orbit of enough mass to dominate the orbit,neither,0.03823079585018127,0.3259427851514923,0.6358264189983264
WOW smh lol,neither,0.04459489301145986,0.39338143321922875,0.5620236737693115
not my Pluto,offensive_language,0.01654674278241258,0.5265373068212256,0.4569159503963618
Creepy city,neither,0.03945320844208391,0.33037608806864915,0.630170703489267
Pluto will be whatever Disney wants it to be when they buy the EARTH,neither,0.03687588878510136,0.3379340439929748,0.6251900672219237
ouch throwing shade at Pokemon,neither,0.038921270660974845,0.34658971289340407,0.6144890164456212
@deathstar_taco indeed,neither,0.03945320844208391,0.33037608806864915,0.630170703489267
"So they'll make, what 12 of the systems and then pretend they'll make more?",neither,0.04244358475220208,0.3152915280604469,0.6422648871873511
ha ha ha,neither,0.03945320844208391,0.33037608806864915,0.630170703489267
YES,neither,0.03945320844208391,0.33037608806864915,0.630170703489267
LOL,neither,0.020706217963973744,0.4882283491876925,0.4910654328483337
What is on Trish's necklace? It looks...vaguely obscene...,neither,0.0520175631792984,0.33948858787468855,0.6084938489460131
noooooo not this,neither,0.03624316228015682,0.345550375959251,0.6182064617605921
Overwatch YEEET,neither,0.03945320844208391,0.33037608806864915,0.630170703489267
D&D Sports!!!,neither,0.03945320844208391,0.33037608806864915,0.630170703489267
well if even Io-way can get a Dave and Buster's...,neither,0.027983848486162262,0.3502857315196293,0.6217304199942084
,neither,0.03945320844208391,0.33037608806864915,0.630170703489267
Mine,neither,0.03945320844208391,0.33037608806864915,0.630170703489267
YEEEEEEES,neither,0.03945320844208391,0.33037608806864915,0.630170703489267
how ?,neither,0.03945320844208391,0.33037608806864915,0.630170703489267
gandsLHMercer gandsLHMercer gandsLHMercer gandsLHMercer,neither,0.03945320844208391,0.33037608806864915,0.630170703489267
HIRE ME!!!!,neither,0.030417710561350883,0.38017139541472955,0.5894108940239196
D&D E-Sports Ready? LUL,neither,0.03945320844208391,0.33037608806864915,0.630170703489267
meee? @welshandyt,neither,0.03945320844208391,0.33037608806864915,0.630170703489267
VINCE!,neither,0.03945320844208391,0.33037608806864915,0.630170703489267
Mine now,neither,0.03945320844208391,0.33037608806864915,0.630170703489267
LOL YAY!!,neither,0.030180287398268595,0.39893956378812934,0.570880148813602
Already sponsored :D,neither,0.03836747278472294,0.3488038557183366,0.6128286714969405
Bladez!,neither,0.03945320844208391,0.33037608806864915,0.630170703489267
OMG ITS BLADEZZ,neither,0.031071987481826623,0.3332587742828187,0.6356692382353547
Paladin with an Oath of contract,neither,0.030827135623029633,0.3562085871751511,0.6129642772018195
@darkofnate I think it might be the Leaf of Elendil from the Lord of the Rings.,neither,0.03823607380865335,0.2895671737811019,0.6721967524102448
And here I thought Bladezz was a rogue?,neither,0.08407755611048719,0.1865833918990544,0.7293390519904585
Competitive Critical Role?,neither,0.03945320844208391,0.33037608806864915,0.630170703489267
"@Lorzo2007 -> THE EMOTES, THEY`RE TOO MANY [warning]",neither,0.055080314918249766,0.29325628621143124,0.651663398870319
Heavily Sponsored and heavily armed! D&D Sports!,neither,0.03903724854589219,0.3102733071742073,0.6506894442799006
Bladez OMFG,neither,0.03945320844208391,0.33037608806864915,0.630170703489267
Good to see him,neither,0.04767047634251869,0.3284050079212221,0.6239245157362592
"damn, I never noticed how much Vince looks like Kevin Sorbo before.",offensive_language,0.041978844677424874,0.6677534736693357,0.2902676816532393
Man... Every Rogue is multi-classing into Paladin these days. thanks Vax,neither,0.04876813340489468,0.39940241402415094,0.5518294525709544
@delevely must be multiclassing,neither,0.041866631280162006,0.3098879997726791,0.6482453689471588
"OH, I just got that her dress is and LOTR map!",neither,0.03429894621106371,0.47450985932125106,0.4911911944676852
john?,neither,0.03945320844208391,0.33037608806864915,0.630170703489267
lvl 12? i am only lvl 6. time to use that charisma score,neither,0.024313554139705647,0.4021666862401895,0.5735197596201047
!whodat,neither,0.03945320844208391,0.33037608806864915,0.630170703489267
"Erika Ishii ( twitter.com/erikaishii ), and Trisha Hershberger ( twitter.com/thatgrltrish ) with guest Vince Caso ( twitter.com/vincecaso ).",neither,0.0341541759926193,0.45443293289779585,0.5114128911095848
lol Gilmore's,neither,0.020706217963973744,0.4882283491876925,0.4910654328483337
I'm really interested in D&D E-sport,neither,0.03945320844208391,0.33037608806864915,0.630170703489267
me too,neither,0.025456656249999262,0.41690574403459846,0.5576375997154023
The Alpha Alphas!,neither,0.03833268284400528,0.3097437752947421,0.6519235418612527
Lol LUL,neither,0.031120645729857982,0.3912535864736078,0.5776257677965343
FailFooty FailFooty,neither,0.03945320844208391,0.33037608806864915,0.630170703489267
M9 for the finals!!!,neither,0.03254860053960828,0.28467712773523957,0.6827742717251521
especially given all the randomness,neither,0.040140373899762896,0.38366426524761477,0.5761953608526224
#CompetitveRollplaying,neither,0.03945320844208391,0.33037608806864915,0.630170703489267
Live Action Role Playing Survivor....,neither,0.043206806301965966,0.32908505364114415,0.6277081400568898
tables2HOBO ?,neither,0.03945320844208391,0.33037608806864915,0.630170703489267
this is what has ruined Adventures League in Season 8,neither,0.05059389915799008,0.3183098471470005,0.6310962536950095
Los Angeles Aasimar of Anaheim that is TOO PERFECT,neither,0.04267745686400903,0.36917237756913684,0.5881501655668541
are you ready for the Jersey Barbarians,neither,0.07690864482000842,0.2760243105569386,0.6470670446230531
The best case scenario for that would be a bunch of douchy min-maxers taking on a boss rush of monsters...,neither,0.03331087976954752,0.38453433969364303,0.5821547805368095
"Critical Role will be at 6 PM PDT on Friday, August 3rd live from GenCon! It is currently 4:15 PM PDT on Tuesday. There is 3 days 1 hour 44 minutes 50 seconds until the next episode of Critical Role.",neither,0.04297749556954839,0.31950952999738613,0.6375129744330655
It would be a BR for Dnd LUL,neither,0.033906339594766854,0.30730018088485556,0.6587934795203776
So would it be larping?,neither,0.03688918892004422,0.399601261894263,0.5635095491856927
"Man, forget the Los Angeles Fallen Assamar of Anaheim. The real LA team are the Uncanny Dodgers.",neither,0.04507180474337924,0.3713999537200651,0.5835282415365557
"shame alpha branded e-mail won't market well in 2018, might've worked a few years ago as ""Alpha Mail"" but not now...",neither,0.028649643335428566,0.34008958886893653,0.6312607677956349
I'm Calling this one : New York City Trolls!!!,neither,0.041429068375261335,0.28944459346676576,0.6691263381579728
Detroit Half-Orcs!,neither,0.03945320844208391,0.33037608806864915,0.630170703489267
SEFooty DKFooty,neither,0.03945320844208391,0.33037608806864915,0.630170703489267
im making fb post now!,neither,0.03936133359465276,0.3477369269214221,0.6129017394839251
lol LA aasimar. of Anaheim f,neither,0.029670116587461656,0.4031871550957746,0.5671427283167638
GROG!!!!,neither,0.03945320844208391,0.33037608806864915,0.630170703489267
I bet he could take down a door,neither,0.04419841230356492,0.3287439948665037,0.6270575928299316
Hes SOOOO dead,neither,0.03945320844208391,0.33037608806864915,0.630170703489267
CALLED OUT,neither,0.032308418195095986,0.3586324160076802,0.6090591657972239
gandsDrink gandsDrink gandsDrink,neither,0.03945320844208391,0.33037608806864915,0.630170703489267
Grogsmatch?,neither,0.03945320844208391,0.33037608806864915,0.630170703489267
Isn't Grog level 20 now?,neither,0.03945320844208391,0.33037608806864915,0.630170703489267
gandsDrink gandsDrink gandsDrink,neither,0.03945320844208391,0.33037608806864915,0.630170703489267
Travis... you've been called out,neither,0.025733461210053064,0.3656161773801931,0.6086503614097537
