text,top_class,hate_speech,offensive_language,neither
Hi Whitney,neither,0.03945320844208391,0.33037608806864915,0.630170703489267
hahaha Whitney XD,neither,0.03945320844208391,0.33037608806864915,0.630170703489267
cheer500 Whitney's swearcount bits,neither,0.03945320844208391,0.33037608806864915,0.630170703489267
"Help G&S make great content! $4.99/month gets you emotes, Minecraft server access, sub-only VODs, and more! Every sub keeps the channel alive! twitch.tv/geekandsundry/subscribe",neither,0.043907990691603095,0.31135964332838284,0.644732365980014
is this a rerun or what?,neither,0.06500085226508534,0.3207974651041281,0.6142016826307866
we're live,neither,0.07702019449600846,0.29035571652515796,0.6326240889788335
gandsHype gandsHype stefMacaron stefMacaron gandsHappy gandsHappy,neither,0.03945320844208391,0.33037608806864915,0.630170703489267
beccaWIN beccaWIN beccaWIN beccaWIN beccaWIN,neither,0.03945320844208391,0.33037608806864915,0.630170703489267
@haviseverett Live,neither,0.04891340716200846,0.3271222919257548,0.6239643009122369
Mah Gobs!,neither,0.03945320844208391,0.33037608806864915,0.630170703489267
haHAA,neither,0.03945320844208391,0.33037608806864915,0.630170703489267
"@OrionLightning You think that's weird? Idaho is split between the Pacific and Mountain timezones, but in a north-south direction",neither,0.04601847582078479,0.3411986086606415,0.6127829155185737
@postdataest 1 bit per swear? Sounds about right.,neither,0.03758794814702043,0.3637761386867084,0.5986359131662713
Nice.,neither,0.03945320844208391,0.33037608806864915,0.630170703489267
:),neither,0.03945320844208391,0.33037608806864915,0.630170703489267
gandsTwenty gandsTwenty gandsTwenty gandsTwenty gandsTwenty,neither,0.03945320844208391,0.33037608806864915,0.630170703489267
there should be an All Goblin Bard party. Called Gobsmack.,neither,0.05506950215035356,0.394059449364208,0.5508710484854384
Hey Rache,neither,0.03945320844208391,0.33037608806864915,0.630170703489267
whitney so right,neither,0.03837927984111304,0.3973825724631772,0.5642381476957097
"In a wonderful coincidence, Stef ALSO has family with that accent.",neither,0.031048275046156686,0.3727615201161411,0.5961902048377022
Hehhehhehe,neither,0.03945320844208391,0.33037608806864915,0.630170703489267
Stef XD,neither,0.03945320844208391,0.33037608806864915,0.630170703489267
Giggles central,neither,0.03945320844208391,0.33037608806864915,0.630170703489267
Sophisticated lady. stefLanguage stefFremen stefRage,neither,0.03945320844208391,0.33037608806864915,0.630170703489267
<3,neither,0.03945320844208391,0.33037608806864915,0.630170703489267
Oh shit a SkeletonWitch shirt,offensive_language,0.04737692177939897,0.9522665629018006,0.00035651531880048244
SMOrc,neither,0.03945320844208391,0.33037608806864915,0.630170703489267
how are you,neither,0.19156335723385254,0.31525141242459664,0.49318523034155076
!weave,neither,0.03945320844208391,0.33037608806864915,0.630170703489267
"Weave is a 21st century storytelling platform for everyone. With just two decks of cards and a handful of dice, you and your friends can create adventures in any genre, from sci-fi to high school comedy. When combined with the free companion app, Weave provides all the power you'll need to discover new worlds, imagine amazing characters, and save your stories online in minutes. You can find more information at: https://weave.game/",neither,0.05424416382335852,0.3425299335395282,0.6032259026371134
Stef can be used as the definition of sophistication. It's true.,neither,0.03664778658333469,0.34397386636521093,0.6193783470514544
really,neither,0.03945320844208391,0.33037608806864915,0.630170703489267
Oh no! Dat Bootydoe!,neither,0.0457269663937206,0.2797756615821588,0.6744973720241206
jcvimLol,neither,0.03945320844208391,0.33037608806864915,0.630170703489267
PJSalt,neither,0.03945320844208391,0.33037608806864915,0.630170703489267
ligma,neither,0.03945320844208391,0.33037608806864915,0.630170703489267
"NIGHT MAN UWAAAA, Defender of the DAY, MAN UWAAAA",neither,0.03224730362689461,0.41861691927201056,0.5491357771010948
Titus Battlethighs 🎺🎺🎺,neither,0.03945320844208391,0.33037608806864915,0.630170703489267
heh @KBTibbs,neither,0.03945320844208391,0.33037608806864915,0.630170703489267
is it Booty Dough? or Booty Doh?,neither,0.03662688307595233,0.4320934811747884,0.5312796357492593
Reminds me of Mananananananananan,neither,0.031051499502486472,0.3763974941347982,0.5925510063627153
They're Putties trying to stop the Power Rangers? Awesome.,neither,0.05624592957664565,0.3462886187532701,0.5974654516700842
Maybe they know how to roll?,neither,0.04610447951766013,0.3264886049763963,0.6274069155059436
Battle to the Thighs 1-10 graphic novel now available wherever goblin goods are sold.,neither,0.05538532568004167,0.2964825749385441,0.6481320993814141
gina looks so different,neither,0.039408687757847415,0.38553464525732195,0.5750566669848306
E,neither,0.03945320844208391,0.33037608806864915,0.630170703489267
"Also, Amy Dallen Goblin best NPC",neither,0.038608199299885036,0.32330009030304985,0.6380917103970651
G'morning,neither,0.05283876784042269,0.1031882115525248,0.8439730206070525
Hi @Highfarm73,neither,0.03945320844208391,0.33037608806864915,0.630170703489267
@Ayanz0 That's Rachel Seeley filling in for Gina,neither,0.031682850093959825,0.33955582260044787,0.6287613273055924
Gina is very committed to her character work,offensive_language,0.04241966974008403,0.4859731899539689,0.4716071403059471
!whodat,neither,0.03945320844208391,0.33037608806864915,0.630170703489267
"Whitney Moore ( twitter.com/tweetneymoore ) as the Storyteller, with Amy Dallen as Spronk ( twitter.com/enthusiamy ), Rachel Seeley as Plankle ( twitter.com/sunnyseeley ), Becca Scott as Fleshmela ( twitter.com/thebeccascott ), and Stef Woodburn as Scalerzl ( twitter.com/stefwoodburn ).",neither,0.03394407819801213,0.47580911522148656,0.4902468065805014
cx,neither,0.03945320844208391,0.33037608806864915,0.630170703489267
Conjured Contracts eh,neither,0.03945320844208391,0.33037608806864915,0.630170703489267
Gina is a wizard and we ALL KNOW wizards change shape into Rachels sometimes.,neither,0.04382536773968077,0.3432813953903647,0.6128932368699544
"Thank you for teh font change, i's without dots are l's, same with !",neither,0.05289599747710509,0.3421807283737726,0.6049232741491223
:),neither,0.03945320844208391,0.33037608806864915,0.630170703489267
Want the inside scoop? Join the cast of Critical Role and discuss this episode right here on Talks Machina. Tuesdays 7pm Pacific at twitch.tv/geekandsundry and projectalpha.com,neither,0.04630302093207864,0.22484473131932575,0.7288522477485957
!commands,neither,0.03945320844208391,0.33037608806864915,0.630170703489267
@asdfghjkyle -> The bot commands for this channel are available at https://beta.nightbot.tv/t/geekandsundry/commands,neither,0.04695462833040224,0.29561718809185006,0.6574281835777477
I know Gina's good a cosplay so I didn't suspect she was being subbed for a long moment there.,neither,0.02725722424344339,0.3891653317475936,0.5835774440089629
"Oh, that is SO nice to have better 'i's",neither,0.056052261210350014,0.3679835345435358,0.5759642042461142
Vomiting is very attractive 😆,neither,0.04873789361909973,0.32718265908144034,0.62407944729946
Hey @GeekandSundry What is the name of that typeface?,neither,0.04641692447296084,0.34482035108368136,0.6087627244433578
!amy,neither,0.03945320844208391,0.33037608806864915,0.630170703489267
"Internet Sensation Amy Dallen is a comic enthusiast, a Geek & Sundry host, and a wonderfully thoughtful and charming fan-centric person! She plays 'Curie' in the Future Girl webseries! Find her at twitter.com/enthusiamy and check out Future Girl here, http://bit.ly/1U6LQdy",neither,0.04242970691477908,0.3812436685823175,0.5763266245029034
is Rachel's mic in properly?,neither,0.04545574479014001,0.32831154056863177,0.6262327146412283
"""Goblins Have All The Parts"" will be the title of Whitney's autobiography",neither,0.04012276956864935,0.34488515176238493,0.6149920786689657
"Oh, Becca is an Orlu",neither,0.06382096475935506,0.24189440831016792,0.6942846269304771
was the wizard named mahna mahna? XD,neither,0.03851519590056376,0.3171288650215747,0.6443559390778615
"Yeah, sounds like a problem with Rachel's mic",neither,0.026946319064970657,0.43982216655376516,0.5332315143812641
!becca,neither,0.03945320844208391,0.33037608806864915,0.630170703489267
"""The Boss"", Lady of the Fancy Pants, is half lion half dragon half assassin. She likes kittens and games where you kill stuff. After an unfortunate incident involving half-eaten donuts, the Disciples of Ushnux declared her to be the Absolute Worst. twitter.com/thebeccascott & twitch.tv/thebeccascott Check out her Web Series ""Gregg and Becca"" - http://bit.ly/1U7RlsA",neither,0.07696031799442647,0.39887947921807887,0.5241602027874945
WOOOOOO,neither,0.03945320844208391,0.33037608806864915,0.630170703489267
goblins are jerks!,neither,0.07049609250566351,0.2782067879527085,0.651297119541628
Oh hey @MonocleSociety,neither,0.04724942694866229,0.25746865428102644,0.6952819187703113
JERKS,neither,0.03945320844208391,0.33037608806864915,0.630170703489267
!whinteyswearcount,neither,0.03945320844208391,0.33037608806864915,0.630170703489267
jcvimHi jcvimHi jcvimHi jcvimHi,neither,0.03945320844208391,0.33037608806864915,0.630170703489267
"Oh, @rebel350 You're going to make friends here",neither,0.1802064064532489,0.26793179030742714,0.551861803239324
!whitneyswearcount,neither,0.03945320844208391,0.33037608806864915,0.630170703489267
For every swear Whitney says on stream she will be donating $5 to RAICES. Current swear count: 13.,neither,0.039427394459397906,0.34753139391897653,0.6130412116216256
"@rebel350 you misspelled ""Really entertaining""",neither,0.06190816648360776,0.39235313543420863,0.5457386980821837
crazy eyes whit,neither,0.03133232004991762,0.4011746781268771,0.5674930018232052
@Danoba oh hey gurl...,neither,0.04467633213691317,0.2806020803655625,0.6747215874975243
Is this accurate?,neither,0.049443321117322546,0.32880102194283745,0.62175565693984
Spronk is on Drugs,neither,0.04651821521562862,0.3452325241589162,0.6082492606254553
or?,neither,0.03945320844208391,0.33037608806864915,0.630170703489267
Frozen director's cut,neither,0.03945320844208391,0.33037608806864915,0.630170703489267
whoisthebest,neither,0.03945320844208391,0.33037608806864915,0.630170703489267
Stef is the best! ❤,neither,0.05135998456280659,0.2889087219359037,0.6597312935012896
"Spronk is probably only on beer, as she is a brewmaster",neither,0.0490539276155317,0.4499999054824975,0.5009461669019708
!respect,neither,0.03945320844208391,0.33037608806864915,0.630170703489267
"If you would like to share opinions on our hosts, guests or fellow viewers, please do so in a respectful manner. Don't make them feel uncomfortable.",neither,0.04843323757214918,0.39559142321184637,0.5559753392160044
"wait, Becca can't break rules/laws? how does that work? :P",neither,0.02832351908705797,0.4366197088423369,0.535056772070605
heh,neither,0.03945320844208391,0.33037608806864915,0.630170703489267
@DeusPravus we made it so.,neither,0.037226356728154886,0.39884799984560393,0.5639256434262413
hey @chaoticloony cheers,neither,0.03945320844208391,0.33037608806864915,0.630170703489267
@MonocleSociety well played,neither,0.03945320844208391,0.33037608806864915,0.630170703489267
@DeusPravus one can only presume she makes the rules/laws...,neither,0.03922597620391363,0.39976745039161143,0.561006573404475
Just wading in orphans!,neither,0.029163827439495513,0.38183499801906623,0.5890011745414383
Hi @BlackLionoftheStars,neither,0.03945320844208391,0.33037608806864915,0.630170703489267
"Critical Role will be at 6 PM PDT on Friday, August 3rd live from GenCon! It is currently 9:45 PM PDT on Wednesday. There is 1 day 20 hours 14 minutes 52 seconds until the next episode of Critical Role.",neither,0.043064185251166225,0.31584150398274347,0.6410943107660902
@DeusPravus I think Becca once explained that laws undo themselves immediately before she does something that *would* break the law and then reforms immediately after she's done.,neither,0.030427994405555794,0.45848004705420875,0.5110919585402355
Tolkien's least known book,neither,0.03945320844208391,0.33037608806864915,0.630170703489267
Doing it for that bootydoe jcvimLol,neither,0.025639616007123646,0.3485265966152947,0.6258337873775817
hello,neither,0.03945320844208391,0.33037608806864915,0.630170703489267
Like invisibility cloaks @KBTibbs just goes around,neither,0.04611542697454796,0.37606104380464983,0.5778235292208022
hi EleGiggle,neither,0.03945320844208391,0.33037608806864915,0.630170703489267
@KBTibbs that is a fantastic explaination,neither,0.04405202138229576,0.37557809385780416,0.5803698847599001
@BlackLionoftheStars Cheers,neither,0.03945320844208391,0.33037608806864915,0.630170703489267
We have a subscriber-only Discord server! Join here: https://discord.gg/geekandsundry (you'll need to sub and link it to your Twitch) and be a part of the fun!...Warning: It can take up to an hour for the server to update and give you access to the channels,neither,0.08464076273808444,0.286394834032893,0.6289644032290227
And you :),neither,0.11450103541960346,0.3329128945291256,0.5525860700512709
"@KBTibbs working nomenclature: ""Becca's Law-bending Bubble""",neither,0.03945320844208391,0.33037608806864915,0.630170703489267
sup,neither,0.03945320844208391,0.33037608806864915,0.630170703489267
Don't lose them!,neither,0.060054738633414796,0.31917809125622687,0.6207671701103582
@DeusPravus I also just made that up.,neither,0.02825462368800895,0.4550582157709834,0.5166871605410076
