text,top_class,hate_speech,offensive_language,neither
@Zismarith I believe that there are only a couple more episodes after this,neither,0.05435744486689702,0.29329502635157595,0.652347528781527
Hey woms,neither,0.03945320844208391,0.33037608806864915,0.630170703489267
I see. But I just glance down at the schedule on this page though.,neither,0.03138276969385642,0.3666437045855317,0.6019735257206118
hey @thotheads1981,neither,0.03945320844208391,0.33037608806864915,0.630170703489267
"so because of How to Play, my friend and I broke out our old Magic cards and started playing again",neither,0.03286555374249766,0.37415929459614505,0.5929751516613574
Oooh. 4 player coop mode.,neither,0.03518672968203296,0.40278936724900344,0.5620239030689634
Free-for-all,neither,0.03232654186751272,0.38201575703227586,0.5856577011002115
Hey post,neither,0.03945320844208391,0.33037608806864915,0.630170703489267
"so we know Hector will lose, but who will win",neither,0.03953812596805537,0.38798393188389757,0.572477942148047
jcvimHype jcvimHype jcvimHype,neither,0.03945320844208391,0.33037608806864915,0.630170703489267
I missed the guest names,neither,0.038724556009574446,0.31710906650404125,0.6441663774863843
"I remember playing 8 to 10 player games, with ante!",neither,0.031371868727450986,0.4260792843501145,0.5425488469224345
!whosat,neither,0.03945320844208391,0.33037608806864915,0.630170703489267
!whodat,neither,0.03945320844208391,0.33037608806864915,0.630170703489267
"Jessica Chobot ( twitter.com/JessicaChobot ), Andrew Bowser ( twitter.com/andrewbowser )",neither,0.038751073273585984,0.4499907813008431,0.5112581454255708
Booster Draft and Sealed Deck are the best formats! Booster War is also fun!,neither,0.05977352369789303,0.2612766723732054,0.6789498039289016
Working on it.,neither,0.03362231172073427,0.3504217794701194,0.6159559088091463
hey that's the dragon's lair sound,neither,0.03522616164692155,0.35336694955550124,0.6114068887975771
Commander! :O,neither,0.03945320844208391,0.33037608806864915,0.630170703489267
Commander/EDH seems to be the most prevalent format.,neither,0.04460458666518573,0.3165732025150609,0.6388222108197534
Adam Hann-Byrd was Little Man Tate (fwiw),neither,0.03912626431556319,0.40350148802089875,0.5573722476635381
and the kid in Jumanji who got pulled into the game.,neither,0.036228209106439944,0.3283266241707481,0.635445166722812
!whodat,neither,0.03945320844208391,0.33037608806864915,0.630170703489267
"Becca Scott ( twitter.com/thebeccascott ), Adam Hann-Byrd ( twitter.com/BigManTate ), Gina DeVivo ( twitter.com/PocketGina ), Erika Fermina ( twitter.com/astylepixie ), Hector Navarro ( twitter.com/Hectorisfunny ).",neither,0.038658582031351515,0.4717249830154934,0.489616434953155
#TeamAdam,neither,0.03945320844208391,0.33037608806864915,0.630170703489267
"Having played magic for over 20 years now, I find these segments both amusing and bemusing.",neither,0.04001407591314072,0.2704646209052232,0.689521303181636
But all I have to say is: may you draw well.,neither,0.06852383549223953,0.4213451726292833,0.5101309918784772
how are they playing so far apart,neither,0.06051680671900851,0.3293011541704499,0.6101820391105416
its the tables fault,neither,0.03334534222356257,0.3176554773861308,0.6489991803903066
"For those of you asking, we are doing Commander next week with Kyle Hill, Josh Lee Kwai! But let's enjoy the FFA battle about to take place =D",neither,0.048929559171677954,0.3076189096141929,0.643451531214129
Post is ossborn around because he loves becca,neither,0.05232884111937991,0.32594756757103277,0.6217235913095874
looks like a RPG table,neither,0.05201368028578199,0.3483753962026254,0.5996109235115926
my dream job... play games the whole day and be paid for it,neither,0.02808534736765651,0.3229429497080004,0.648971702924343
I love Game Knights.,neither,0.03608547032995511,0.30252381238117076,0.661390717288874
Themed decks FTW!!,neither,0.03945320844208391,0.33037608806864915,0.630170703489267
no seriously how are they keeping track of people across the table,neither,0.07324013699717763,0.2997177315973781,0.6270421314054444
with Magic,neither,0.025805044350720834,0.37971916009520945,0.5944757955540698
do not block,neither,0.03954492433265368,0.3361367405581388,0.6243183351092075
"Yeah, blocking here is bad.",neither,0.06020624187118872,0.39834850390233323,0.541445254226478
"the way she says ""right?"" xD",neither,0.03881866887275592,0.42606643733599137,0.5351148937912528
A gathering of magic if you will,neither,0.034579267950978175,0.4228753506657073,0.5425453813833144
Card draw is good.,neither,0.04652542825876876,0.3279436273727903,0.6255309443684409
@tariqisl2 each player has a dice to keep track of their own life total; in a competitive environment both players would have pen and paper to keep track to double check.,neither,0.05000167191444523,0.35946742058355413,0.5905309075020007
@doomdrake13 i meant the boardstate,neither,0.03820203110584179,0.30724353300194457,0.6545544358922136
"I would assume they ask Becca, tariq.",neither,0.038816027408786015,0.32504041613004064,0.6361435564611735
@tariqisl2 by asking and looking?,neither,0.03966648370118712,0.3328047756502991,0.6275287406485138
I'm assuming these 4 people playing are new/learning?,neither,0.10503509553423139,0.2709823160935964,0.6239825883721722
like in every game of magic?,neither,0.04911725662690259,0.3029109200289531,0.6479718233441443
"Yup the whole meaning with this special run of How To Play, is to learn and play Magic The Gathering :)",neither,0.057421913652642216,0.301693943330781,0.6408841430165768
;) <3,neither,0.03945320844208391,0.33037608806864915,0.630170703489267
"Critical Role will be at 6 PM PDT on Friday, August 3rd live from GenCon! It is currently 5:15 PM PDT on Wednesday. There is 2 days 44 minutes 51 seconds until the next episode of Critical Role.",neither,0.043079677134773925,0.31921210840288733,0.6377082144623388
"@Pulse_Ender Yes, and no. Some of them are new, some of been playing for years; but ultimately they just want to play some Magic. :)",neither,0.039940009785048455,0.2741030257868684,0.6859569644280831
I think I need to get me some MTG cards here at GenCon :),neither,0.0624063919978417,0.3589654982056925,0.578628109796466
@astylepixie !!!,neither,0.03945320844208391,0.33037608806864915,0.630170703489267
Yay Erika!,neither,0.03945320844208391,0.33037608806864915,0.630170703489267
hey guys!,neither,0.03929207127355727,0.33311100635304525,0.6275969223733975
"How about a Black Lotus, WOMS.",neither,0.05744604600345321,0.3396826088448809,0.602871345151666
Hey all!!,neither,0.04285346742239823,0.46255625023407465,0.49459028234352725
