text,top_class,hate_speech,offensive_language,neither
Yes'm,neither,0.03945320844208391,0.33037608806864915,0.630170703489267
"Ooh, nice guy! @Wildebranch PogChamp",neither,0.0390041910270154,0.3379970854444357,0.622998723528549
"@SuperGimpoMan Logically, our gate is up, because the enemy's gate is down. ;)",neither,0.0455788582883355,0.34448857121947857,0.6099325704921861
my right ear feels left out,neither,0.027221170140033047,0.4237398679308051,0.5490389619291617
^,neither,0.03945320844208391,0.33037608806864915,0.630170703489267
Same here @MasterSteel,neither,0.14187967449237004,0.2733123625359359,0.584807962971694
My volume is maxed,neither,0.03433744156966291,0.4200543338148834,0.5456082246154538
"well, I guess it's going to be hard to keep politics out of this one.",offensive_language,0.03593184327084121,0.5166070954576405,0.4474610612715182
These booms are amazing!,neither,0.10165218592634384,0.3637128307564627,0.5346349833171935
I've read a few of the Ender's Game series,neither,0.021620129869817577,0.27652993592395114,0.7018499342062312
#Theyareworkingonit,neither,0.03945320844208391,0.33037608806864915,0.630170703489267
!chief,neither,0.03945320844208391,0.33037608806864915,0.630170703489267
"Chief aka Zach Wilson ( twitter.com/ThatZachWilson ), is one of our Technical Directors, goes by GnSChief in the chat. In his words, ""I'm the guy who pushes buttons during Critical Role!"".",neither,0.04993106761240334,0.4116444862083017,0.5384244461792951
hay Chief,neither,0.03945320844208391,0.33037608806864915,0.630170703489267
Ender's Game was the book that single-handedly turned me from mostly reading fantasy to mostly science fiction. It's sad that the author's sort of ruined it these days.,neither,0.03712576887643087,0.36158948519602296,0.6012847459275462
"Ryan Green ( twitter.com/HydroSnail ), Hector Navarro ( twitter.com/Hectorisfunny ), Zach Wilson ( twitter.com/ThatZachWilson )",neither,0.039141794426239176,0.44657222625513027,0.5142859793186307
"Critical Role will be at 6 PM PDT on Friday, August 3rd live from GenCon! It is currently 4:04 PM PDT on Thursday. There is 1 day 1 hour 55 minutes 54 seconds until the next episode of Critical Role.",neither,0.043249681606540503,0.3151378185364173,0.6416124998570423
#Isnowhoveringnearvolumebuttoninfear,neither,0.03945320844208391,0.33037608806864915,0.630170703489267
GASP does zach pushes the red button at times O.O!!!??,neither,0.030872919720278613,0.4038387828042037,0.5652882974755176
Stream audio is only broadcasting the left channel and its peaking at roughly -20db which is too low,neither,0.04267231738554248,0.31433397894462567,0.6429937036698319
Hey dragon,neither,0.03945320844208391,0.33037608806864915,0.630170703489267
Card also believes that Obama was a radical conspirator plotting with Black street gangs to enslave America.,neither,0.10735799500364065,0.30829941941337735,0.584342585582982
#TheyKnow,neither,0.03945320844208391,0.33037608806864915,0.630170703489267
Hi @thotheads1981,neither,0.03945320844208391,0.33037608806864915,0.630170703489267
They know its quiet,neither,0.033063898040747164,0.33257366490134704,0.6343624370579058
#ThePowersThatBeAreWorkingOnIt,neither,0.03945320844208391,0.33037608806864915,0.630170703489267
Ah yes I know where Zach is going here I think,neither,0.07855290445733762,0.2934988563023365,0.6279482392403258
I told then useful information,neither,0.03945320844208391,0.33037608806864915,0.630170703489267
Thank you fpr your patience folks,neither,0.08870447396030752,0.3690250739684122,0.5422704520712802
cheers @xxX_Cheetah_Xxx,neither,0.03945320844208391,0.33037608806864915,0.630170703489267
is there no critical role ep tonight?,neither,0.04228934456176898,0.296574224327959,0.661136431110272
"Critical Role is tomorrow, and an hour earlier than usual.",neither,0.04317972540486444,0.308350181878008,0.6484700927171274
so did i see that critical role will be tomorrow instead of tonight?,neither,0.036485684892314116,0.3542006348019236,0.6093136803057624
@Automedon Reminder CR live from GenCon this FRIDAY at 6 Pacific/9 Eastern,neither,0.042226681559878014,0.33402832409748545,0.6237449943426365
Means foreigner in swedish afaik,neither,0.03945320844208391,0.33037608806864915,0.630170703489267
"@Automedon okay, thank you",neither,0.06192038896699667,0.4039254355685798,0.5341541754644236
"tomorrow, not tonight",neither,0.03494056534876835,0.31047175125624094,0.6545876833949907
How are you dragon I'm good just working on stuff,neither,0.06542780679082613,0.356570675377629,0.578001517831545
http://www.wheniscriticalrole.com/,neither,0.0364481805509037,0.2303424311669227,0.7332093882821735
Left ear FeelsGoodMan,neither,0.03945320844208391,0.33037608806864915,0.630170703489267
#TheyKnow @LoserGeekNerd,neither,0.03945320844208391,0.33037608806864915,0.630170703489267
raman is the term for an alien that is still fundamentally comprehensible and you can interact with.,neither,0.04291675704308677,0.3508043584378509,0.6062788845190623
"Download the new Critical Role theme song for Campaign Two! http://itunes.apple.com/album/id1331550250?ls=1&app=itunes Sales of the song support the musician, Jason Charles Miller.",neither,0.04445767596344001,0.2510827790306858,0.7044595450058742
"@thotheads1981 just got back , busy",neither,0.033306004568927156,0.4029913727541246,0.5637026226769482
Friday night FailFish,neither,0.03009989509203048,0.32996946722072057,0.6399306376872489
It's like Starship Troopers on the strategic plane.,neither,0.04503708079937945,0.34503780565934966,0.6099251135412709
Thursday Lore Masters is live 4pm - 5.30pm PDT,neither,0.05048271754891826,0.32658253412202315,0.6229347483290586
Grats @SuperGimpoMan,neither,0.03945320844208391,0.33037608806864915,0.630170703489267
"Help G&S make great content! $4.99/month gets you emotes, Minecraft server access, sub-only VODs, and more! Every sub keeps the channel alive! twitch.tv/geekandsundry/subscribe",neither,0.043907990691603095,0.31135964332838284,0.644732365980014
"""The difference between ramen (alien that we can interact with) and varelse (alien that we cannot meaningfully interact with and can only treat as a beast) is not in the creature judged, but in the creature judging. When we declare a species to be ramen, it does not mean that they have passed a threshold of moral maturity. It means that we have.""",neither,0.02614438006283799,0.41014728626653846,0.5637083336706235
@Dragonchrome Thank you! :),neither,0.07325166854587051,0.43632638485078484,0.49042194660334476
"Ryan Green ( twitter.com/HydroSnail ), Hector Navarro ( twitter.com/Hectorisfunny ), Zach Wilson ( twitter.com/ThatZachWilson )",neither,0.039141794426239176,0.44657222625513027,0.5142859793186307
i thought ramen was a Japanese soup,neither,0.0421465170096693,0.24584308430434476,0.712010398685986
Gen Con is Life . . .,neither,0.04302778933759304,0.37706811877634144,0.5799040918860655
@ManWOneRedShoe hope you are enjoying it,neither,0.1727498901508027,0.19783291907537953,0.6294171907738179
this has to be previously taped right?,neither,0.04533648502612838,0.34217958873206106,0.6124839262418106
this is live,neither,0.06264826366348325,0.3248039992423424,0.6125477370941744
"@Dragonchrome yes, it's a beautiful thing. rolled a natural 20 on my way in.",neither,0.030175285167655955,0.3923321202555394,0.5774925945768047
"What I really like about GenCon is it makes the host state a FlyTO state, for a change",neither,0.09137955081597825,0.21125196840792113,0.6973684807761006
