text,top_class,hate_speech,offensive_language,neither
"Fireside is coming up, right? Or is that in another hour?",neither,0.08611890687257559,0.3514580260652754,0.5624230670621492
gandsGameEngine gandsGameEngine gandsGameEngine,neither,0.03945320844208391,0.33037608806864915,0.630170703489267
Z,neither,0.03945320844208391,0.33037608806864915,0.630170703489267
Movie _ _ _ _ / L J H I,neither,0.04346952624217752,0.2622086932468518,0.6943217805109707
A,neither,0.03945320844208391,0.33037608806864915,0.630170703489267
Hi Trisha and Erika!,neither,0.038358606956405694,0.2721397086643902,0.6895016843792041
gandsGameEngine gandsGameEngine gandsGameEngine gandsGameEngine,neither,0.03945320844208391,0.33037608806864915,0.630170703489267
morning @chaoticloony,neither,0.05283876784042269,0.1031882115525248,0.8439730206070525
"Download the new Critical Role theme song for Campaign Two! http://itunes.apple.com/album/id1331550250?ls=1&app=itunes Sales of the song support the musician, Jason Charles Miller.",neither,0.04445767596344001,0.2510827790306858,0.7044595450058742
"Good heavens, the cat left the oven on??",neither,0.03616502210023303,0.3185423611112085,0.6452926167885586
"@Andyinsomnia On the CR Twitch channel, not here",neither,0.06269027978746365,0.3078010578024462,0.6295086624100901
jcvimHi Trisha and Erika,neither,0.03763944115734239,0.1918412352459551,0.7705193235967025
@ansnom On Critical Role's Twitch channel in an hour,neither,0.03798331797791064,0.33508456089313626,0.626932121128953
Movie J A _ _ / L J H Z,neither,0.04346952624217752,0.2622086932468518,0.6943217805109707
#NERDSVOTE,neither,0.03945320844208391,0.33037608806864915,0.630170703489267
good evening folks! icyHI,neither,0.03884767524324281,0.33058435870282027,0.6305679660539368
Is it Jaws? I said J,neither,0.052020776583914206,0.3260535250912643,0.6219256983248216
Hi @BeardtasticYogi,neither,0.03945320844208391,0.33037608806864915,0.630170703489267
THE OVEN IS ON A CAT BUS??,neither,0.04254368739810683,0.32610376242843864,0.6313525501734545
Thanks! @JeffM0307,neither,0.035884468650613,0.3004919205142699,0.6636236108351171
you need a better cat,neither,0.060357596639425554,0.38675301917184474,0.5528893841887297
Jaws,neither,0.03945320844208391,0.33037608806864915,0.630170703489267
OWLWidowmaker,neither,0.03945320844208391,0.33037608806864915,0.630170703489267
!points Erika,neither,0.03945320844208391,0.33037608806864915,0.630170703489267
"That was an excellent pun, Erika! Here, have some points for that one! You have been awarded 88 points!",neither,0.05003766897837674,0.38201493930407926,0.5679473917175439
FartNite sounds like a real gas!,neither,0.04203634120606089,0.47165043993366446,0.4863132188602747
jcvimHi ek jcvimHi trish gandsGameEngine,neither,0.03945320844208391,0.33037608806864915,0.630170703489267
"Jaws was the first four letter movie title I thought of, but you ruled out the J...",neither,0.040550246468193996,0.2761205018036358,0.6833292517281703
!points @Deathstar_Taco,neither,0.03945320844208391,0.33037608806864915,0.630170703489267
"That was an excellent pun, @Deathstar_Taco! Here, have some points for that one! You have been awarded 85 points!",neither,0.050107313171023064,0.38230503055647863,0.5675876562724983
Hi peaches,neither,0.03945320844208391,0.33037608806864915,0.630170703489267
"@Deathstar_Taco nah, that game stinks",neither,0.03532984282214745,0.32989240821353094,0.6347777489643216
the there is a lot of hype around Fartnite but i think it is just hot air,neither,0.0428900807426448,0.30502209278344344,0.6520878264739117
New graphics!,neither,0.04660400397451208,0.1401930676750457,0.8132029283504423
is that ghost Sax?,neither,0.04431228876202454,0.37785719046212624,0.5778305207758493
!points @Darastrygat,neither,0.03945320844208391,0.33037608806864915,0.630170703489267
"That was an excellent pun, @Darastrygat! Here, have some points for that one! You have been awarded 105 points!",neither,0.05003766897837674,0.38201493930407926,0.5679473917175439
"LOL, I was watching the IGN panel with Becca and Erika in it while waiting at the airport for my return flight, when Erika walked by IRL",neither,0.022556884503824873,0.4010046529354879,0.5764384625606871
Is the fireside chat with Matt happening today?,neither,0.03504820293497797,0.3281753880041142,0.6367764090609077
I enjoyed watching the trips on the floor this weekend!,neither,0.036657023601674325,0.319998073118772,0.6433449032795537
pegaAww Go Georgia!!!!,neither,0.040810256146617326,0.3350871100120312,0.6241026338413515
@onlytwentysallowed On Critical Role's Twitch channel,neither,0.03759873697670292,0.3392010338438009,0.6232002291794961
"@onlytwentysallowed Yes, but not on this channel.",neither,0.032824724352560335,0.3577773737936421,0.6093979018537976
Yay Atlanta!,neither,0.03945320844208391,0.33037608806864915,0.630170703489267
The Atlanta team is legally required to have Peach in the name.,neither,0.04818496933725306,0.31045701911307233,0.6413580115496748
Whats the walking dead lol,neither,0.03191853564275307,0.363601505739225,0.6044799586180218
firesude chat?,neither,0.03945320844208391,0.33037608806864915,0.630170703489267
I was wondering if thats true,neither,0.02438421309479979,0.3800623829885782,0.595553403916622
oh snap!,neither,0.04610041286253887,0.2676795543969371,0.6862200327405242
I've literally never seen an episode of The Walking Dead,neither,0.022360214592609656,0.3305822116063235,0.6470575738010669
"if i find a women who wears Zelda hearts as earrings, I am asking her to marry me asap",offensive_language,0.03069263419496682,0.5150282579694379,0.45427910783559533
Love a good cheat banning,neither,0.03635441457097077,0.3424343212743677,0.6212112641546615
best ep imho is the one with Eastman other than that consider reading the graphic novels,neither,0.03315121121346609,0.37036749827068594,0.5964812905158481
"iirc the ep is ""Here is not Here""",neither,0.1556135157912585,0.25155995028955797,0.5928265339191835
Nintendo will find ANY excuse to sell peripherals...,neither,0.04863551206881055,0.24509974731459652,0.7062647406165928
@darkofnate I watched season 1 but stopped Everyone told me it quickly became political team vs team and that I didn't miss any zombies. So I never went back.,neither,0.024097076865970256,0.4277339433209074,0.5481689798131223
Anything else COD wants to whore out to. Oh wait battle royal already included..,neither,0.06358995165983795,0.3134012890157733,0.6230087593243887
New lighting? Looks good,neither,0.042059498265644306,0.25066234591812064,0.7072781558162352
@Zismarith LOL,neither,0.020706217963973744,0.4882283491876925,0.4910654328483337
whaaat,neither,0.03945320844208391,0.33037608806864915,0.630170703489267
YEA Emily!!!,neither,0.03925259164124674,0.3337810787469851,0.6269663296117682
hi AttackFerret00,neither,0.03945320844208391,0.33037608806864915,0.630170703489267
Hello everyone!,neither,0.03269494828970791,0.4450814005079928,0.5222236512022994
COD for the OCD,neither,0.03390271877643265,0.29363105321805766,0.6724662280055098
Hi @Impossiblegirl11,neither,0.03945320844208391,0.33037608806864915,0.630170703489267
jcvimHi Impy,neither,0.03945320844208391,0.33037608806864915,0.630170703489267
<3 that name,neither,0.03278527483253215,0.40372998758299017,0.5634847375844777
Hello @Impossiblegirl11,neither,0.03945320844208391,0.33037608806864915,0.630170703489267
hi impy,neither,0.03945320844208391,0.33037608806864915,0.630170703489267
emily!!!!!!,neither,0.03945320844208391,0.33037608806864915,0.630170703489267
I'm pretty certain Trish's mom actually said that to her lol,offensive_language,0.029206152093414286,0.5507866949930063,0.4200071529135795
Ouch!,neither,0.03945320844208391,0.33037608806864915,0.630170703489267
"can't possibly emily, emily has curly hair",neither,0.03977457545718051,0.32492165112138316,0.6353037734214363
"Wow, it's like she's the voice of the gaming internet...",neither,0.04512026846120124,0.37461166083873504,0.5802680707000638
I need noise cause severe thunderstorms is happening right now.,neither,0.04242080490656001,0.3579308708925476,0.5996483242008923
Hay Liz did you ask for references,neither,0.046995584687281426,0.3390035019178513,0.6140009133948672
Liz IS a mom for this channel!,neither,0.04071927893735333,0.3012164263202522,0.6580642947423946
Liz is best stream mom,neither,0.0461639657543971,0.32084042855925465,0.6329956056863482
Reminds me of Attack of the Show imo,neither,0.042968228231882385,0.2940759632995485,0.662955808468569
she laughed xD,neither,0.04132540719906395,0.4399775856750427,0.5186970071258933
Liz IS stream mom lol,neither,0.03876930672823689,0.3812344477235392,0.5799962455482239
This is video game high school omg,neither,0.0473309420164868,0.28636814742187505,0.6663009105616382
!points Emily!,neither,0.03945320844208391,0.33037608806864915,0.630170703489267
"That was an excellent pun, Emily!! Here, have some points for that one! You have been awarded 73 points!",neither,0.049980789310414435,0.3817775744187309,0.5682416362708548
@Impossiblegirl11 is the gov't calling you constantly because they care about you (READ: can't afford to lose taxpayers),neither,0.06845846930514693,0.38002649638940855,0.5515150343054445
I was watching VGHS this afternoon :P @shidareAKI,neither,0.03924584022609873,0.3338956678818362,0.626858491892065
"Yes, ""reasonable approximations"" :P",neither,0.03945320844208391,0.33037608806864915,0.630170703489267
fortnite can suck a bbc,neither,0.06317814414502504,0.3340500138140016,0.6027718420409733
Logan to next Ninja?,neither,0.044251153592700355,0.3375213758469912,0.6182274705603084
#Reasonable,neither,0.03945320844208391,0.33037608806864915,0.630170703489267
"""Reasonable Approximations of Adults"" should be the tagline for this channel",neither,0.04203285011266786,0.32238025679742277,0.6355868930899093
@electro30006 that show is so fun. I kinda wish we could get a sequel or something,neither,0.050573720377589164,0.34138151869926686,0.6080447609231441
LUL i think that lady watched Dana Carvey,neither,0.03722476776101652,0.35225909499308417,0.6105161372458993
"Fornite is coming to andoid phones, all the kids will be unproducitive in no time",neither,0.051559450958856265,0.3732803639878961,0.5751601850532476
I will say that the tell tale walking dead games continue to be good.,neither,0.041113749573675244,0.33107577937139276,0.627810471054932
Me too,neither,0.025456656249999262,0.41690574403459846,0.5576375997154023
darkofnate and my autobiography,neither,0.014486773101956132,0.43890406142734667,0.5466091654706973
Lords of Hellas,neither,0.03945320844208391,0.33037608806864915,0.630170703489267
"I really wanted to see a Fortnite training montage... the ladies balancing on one foot in a bamboo forest, in rain while focusing on playing Fortnite",neither,0.038875126399487245,0.3477843705174879,0.6133405030830249
does ping pong count as a table top game,neither,0.03008433250914639,0.39994452106081746,0.5699711464300361
"The biggest difference is that video games are harder for Becca to cheat at. Harder, but not impossible...",neither,0.05159635852346196,0.28056005430647574,0.6678435871700623
"Best of both worlds, play a tabletop video game. Ticket to ride, Talisman, D&D etc",neither,0.0452853346408145,0.24985084604506277,0.7048638193141228
FuffyButt abso bloody lootly,neither,0.03945320844208391,0.33037608806864915,0.630170703489267
:D,neither,0.03945320844208391,0.33037608806864915,0.630170703489267
"Not real, as soon as the bats came out, Erika would of screamed and bolted the other way :D",neither,0.03003873993299259,0.3942651958519898,0.5756960642150176
By which beer pong is also a table top game!,neither,0.044363218891865015,0.32888043495278896,0.626756346155346
Back,neither,0.03945320844208391,0.33037608806864915,0.630170703489267
yay rad graphics!,neither,0.03945320844208391,0.33037608806864915,0.630170703489267
Graphics Department gandsHype gandsGameEngine,neither,0.03945320844208391,0.33037608806864915,0.630170703489267
@FuffyButt only if Rockstar or another AAA dev company makes it,neither,0.049041263626244724,0.3196421825499451,0.6313165538238102
Rad graphics for Rad hosts!,neither,0.03584007476358364,0.3123182242430071,0.6518417009934092
@darkofnate exploding the rule is not cheating,neither,0.04379026896838668,0.3195990176361454,0.6366107133954679
Yay beer pong!,neither,0.03945320844208391,0.33037608806864915,0.630170703489267
We have a subscriber-only Discord server! Join here: https://discord.gg/geekandsundry (you'll need to sub and link it to your Twitch) and be a part of the fun!...Warning: It can take up to an hour for the server to update and give you access to the channels,neither,0.08464076273808444,0.286394834032893,0.6289644032290227
"Tabletops bring back playing with people IRL, which video games are ignoring, most don't even have couch co-op any more",neither,0.05983308929897052,0.29170284488783693,0.6484640658131926
i play D&D online,neither,0.03945320844208391,0.33037608806864915,0.630170703489267
Growing up all I want for gifts for birthday and Christmas is tabletop board games to play with my children and show them what board games I played growing up.,neither,0.04019730355306711,0.34424653547892464,0.6155561609680082
It's funny this morning I got whisper from a troll,neither,0.04335770140685522,0.2648544720565411,0.6917878265366035
