text,top_class,hate_speech,offensive_language,neither
woo,neither,0.03945320844208391,0.33037608806864915,0.630170703489267
here we go!,neither,0.13156755280784707,0.2765461283225309,0.5918863188696221
gandsTwenty gandsTwenty gandsTwenty gandsTwenty gandsTwenty gandsTwenty,neither,0.03945320844208391,0.33037608806864915,0.630170703489267
I can’t play it,neither,0.037627121933734936,0.323650305719011,0.638722572347254
Dramatically lit,neither,0.03945320844208391,0.33037608806864915,0.630170703489267
New lighting gandsHype,neither,0.043301118494078285,0.23413499177287803,0.7225638897330438
Mood lighting,neither,0.03945320844208391,0.33037608806864915,0.630170703489267
Oh my.,neither,0.02748693229954249,0.40236076101129065,0.5701523066891669
Gina is in rare form,neither,0.047014595110363155,0.32777538046148635,0.6252100244281507
Oooohh. This explains Stef's photo a week ago.,neither,0.03937906862170794,0.3316344343099422,0.6289864970683499
!whodat,neither,0.03945320844208391,0.33037608806864915,0.630170703489267
"Whitney Moore ( twitter.com/tweetneymoore ) as the Storyteller, with Amy Dallen as Spronk ( twitter.com/enthusiamy ), Gina DeVivo as Plankie ( twitter.com/PocketGina), Becca Scott as Fleshmela ( twitter.com/thebeccascott ), and Stef Woodburn as Scalerz! ( twitter.com/stefwoodburn ).",neither,0.03387896695929189,0.477641488138192,0.4884795449025161
"Hi Amy, Stef, Whitney, Becca, and Gina!",neither,0.03882788631130355,0.299422105481188,0.6617500082075084
scalers gandsTWC gandsTWC,neither,0.03945320844208391,0.33037608806864915,0.630170703489267
yay so excited im trying to get into D&D,neither,0.04327238776324245,0.3923334125764134,0.5643941996603441
Plankie must be on the 405,neither,0.03723381828866479,0.3163818781870513,0.6463843035242839
it looks like so much fun,neither,0.04409964197937865,0.3972299996071867,0.5586703584134347
!notdnd,neither,0.03945320844208391,0.33037608806864915,0.630170703489267
"Twitch doesn't have a generic RPG tag, so all RPGs get identified as D&D. It is a limitation of the platform.",neither,0.04106306835436559,0.395849038728528,0.5630878929171065
gandsHug gandsTWC gandsHug,neither,0.03945320844208391,0.33037608806864915,0.630170703489267
!weave,neither,0.03945320844208391,0.33037608806864915,0.630170703489267
"Weave is a 21st century storytelling platform for everyone. With just two decks of cards and a handful of dice, you and your friends can create adventures in any genre, from sci-fi to high school comedy. When combined with the free companion app, Weave provides all the power you'll need to discover new worlds, imagine amazing characters, and save your stories online in minutes. You can find more information at: https://weave.game/",neither,0.05424416382335852,0.3425299335395282,0.6032259026371134
that's a bold new haircut for gina,neither,0.034306445777132925,0.2665436896809113,0.6991498645419558
Shots fired.,neither,0.03945320844208391,0.33037608806864915,0.630170703489267
stsPew stsPew stsPew stsPew,neither,0.03945320844208391,0.33037608806864915,0.630170703489267
I like character creation!,neither,0.04928688898755745,0.34475281592102497,0.6059602950914177
"@JohnneyRivers This is a TRPG, but it uses a different system from D&D",neither,0.042392579577980455,0.3236533842107313,0.6339540362112882
math society! ramaV,neither,0.03945320844208391,0.33037608806864915,0.630170703489267
All the pews PogChamp,offensive_language,0.041785587507551285,0.49387059749283524,0.46434381499961347
"Lauren ""@RandomTuesday"" Bond wrote it.",neither,0.03838431200090084,0.3307437305696624,0.6308719574294368
@shidareAKI Ohmagash a literal finger pistol emote!,neither,0.03945320844208391,0.33037608806864915,0.630170703489267
@chaoticloony ah okay still watch and give it a try,neither,0.04125974670202942,0.30943533019945835,0.6493049230985122
Lauren is such a great GM!,neither,0.04413544527600004,0.3059626208883247,0.6499019338356754
So great!,neither,0.03612825320577243,0.356871063222769,0.6070006835714585
@zismarith it’s a saving throw show emote and it’s awesome,neither,0.04746642409080188,0.24330197000183346,0.7092316059073647
@JohnneyRivers Welcome and enjoy!,neither,0.03860730184226345,0.28722824611601955,0.6741644520417169
thanks @chaoticloony and i will,neither,0.037830434438397016,0.2281518787143664,0.7340176868472367
i like this game,neither,0.05714632798257929,0.28591164532292596,0.6569420266944948
Hi,neither,0.03945320844208391,0.33037608806864915,0.630170703489267
what's gm mean,neither,0.04546286162452899,0.3260810618332388,0.6284560765422322
Hi @unknownplayer046,neither,0.03945320844208391,0.33037608806864915,0.630170703489267
and it is so crazy :),neither,0.03190880114400638,0.45981592511456604,0.5082752737414276
@Piantissimo Game master,neither,0.0386743213183761,0.28170104899517995,0.679624629686444
Oh no,neither,0.04751210705993949,0.26629718932274826,0.6861907036173122
welcome @unknownplayer046,neither,0.03945320844208391,0.33037608806864915,0.630170703489267
gandsLessthanthree gandsLessthanthree whitney,neither,0.03945320844208391,0.33037608806864915,0.630170703489267
Geeksundry can I play dnd with you guys on voice chat or something I know how to play a little but I don’t have anyone to play with,neither,0.037633959721626566,0.3909265726715244,0.571439467606849
Thank you mod falc7,neither,0.07325166854587051,0.43632638485078484,0.49042194660334476
Game master @piantissimo,neither,0.0386743213183761,0.28170104899517995,0.679624629686444
Tretched. Chalant. This is a night of inventing words.,neither,0.03879885375287302,0.3292414676380372,0.6319596786090897
ty,neither,0.03945320844208391,0.33037608806864915,0.630170703489267
@lil_boy_gaming unfortunately that’s not how this works.,neither,0.03517218670777386,0.3701757702105691,0.5946520430816571
Want the inside scoop? Join the cast of Critical Role and discuss this episode right here on Talks Machina. Tuesdays 7pm Pacific at twitch.tv/geekandsundry and projectalpha.com,neither,0.04630302093207864,0.22484473131932575,0.7288522477485957
gandsFacepalm gandsFacepalm,neither,0.03945320844208391,0.33037608806864915,0.630170703489267
Plankie seems a bit... stiff...,neither,0.03945320844208391,0.33037608806864915,0.630170703489267
<3,neither,0.03945320844208391,0.33037608806864915,0.630170703489267
but which gina is the real one gandsFacepalm gandsFacepalm,neither,0.0343514029944425,0.4752559245307499,0.49039267247480745
Wait a second.... lovely RPGing ladies? Where on earth is this?,neither,0.04389087974141944,0.3181973357086997,0.6379117845498808
Bet Gina keeps the puppet and uses it sometime tonight.,neither,0.03632659730059888,0.28744224821235126,0.6762311544870498
Is this on earth?,neither,0.04569757459965814,0.34591928143539236,0.6083831439649496
Ok I was looking to make a friend to play with,neither,0.03977853728984115,0.3563052101216369,0.603916252588522
$5 for RAICES?,neither,0.023896577328981292,0.2538532852897668,0.7222501373812519
@lil_boy_gaming You can check out Meetup and see if there are any RPG groups in your area,neither,0.06587360331108306,0.3115917115931118,0.6225346850958051
@Critternation3000 best to read the lease-lend agreement,neither,0.04295614417776446,0.31073613400961,0.6463077218126255
what is Becca wearing?! I must have one PogChamp,neither,0.05358643412681279,0.34791620681125063,0.5984973590619366
"G&S is, in fact, on Earth",neither,0.04463608540352108,0.34158100060650093,0.6137829139899781
Hi Gina,neither,0.03945320844208391,0.33037608806864915,0.630170703489267
YAY!,neither,0.03945320844208391,0.33037608806864915,0.630170703489267
lol,neither,0.020706217963973744,0.4882283491876925,0.4910654328483337
Hi again Gina!,neither,0.037150207243185115,0.36946402876814954,0.5933857639886654
@Zismarith that sounds gandsHR gandsHR gandsHR,neither,0.03372650852319189,0.39315224868719,0.5731212427896182
@lil_boy_gaming roll20 is a great place to look,neither,0.061812394833761816,0.2400333592531451,0.6981542459130929
ok thanks,neither,0.036679458346100965,0.30877397624175834,0.6545465654121406
"Whether it is this dimension's earth, I cannot say",neither,0.044246399588567416,0.3298986438326879,0.6258549565787447
#Treached,neither,0.03945320844208391,0.33037608806864915,0.630170703489267
GINA <3,neither,0.03945320844208391,0.33037608806864915,0.630170703489267
WOOOOO,neither,0.03945320844208391,0.33037608806864915,0.630170703489267
IT IS COMPLETE,neither,0.04862292236456448,0.3272222029679512,0.6241548746674844
girl in top right looks like an actress that i cant think of the name,neither,0.0383472116511118,0.39394173865050613,0.567711049698382
@lil_boy_gaming roll20 is a great place for finding game,neither,0.04138106149894737,0.21754518263423492,0.7410737558668177
"@Critternation3000 Not that kind of use! Like, if she needs a . . . well, like if they want to . . . uh, never mind.",offensive_language,0.015751352175152295,0.5326996924281635,0.45154895539668427
!whodat,neither,0.03945320844208391,0.33037608806864915,0.630170703489267
"Whitney Moore ( twitter.com/tweetneymoore ) as the Storyteller, with Amy Dallen as Spronk ( twitter.com/enthusiamy ), Gina DeVivo as Plankie ( twitter.com/PocketGina), Becca Scott as Fleshmela ( twitter.com/thebeccascott ), and Stef Woodburn as Scalerz! ( twitter.com/stefwoodburn ).",neither,0.03387896695929189,0.477641488138192,0.4884795449025161
Battle Thighs?😂,neither,0.03945320844208391,0.33037608806864915,0.630170703489267
!gril,neither,0.03945320844208391,0.33037608806864915,0.630170703489267
@monoclesociety oh hi!!,neither,0.04645180976672622,0.26453612080258093,0.689012069430693
!grill,neither,0.03945320844208391,0.33037608806864915,0.630170703489267
!girl,neither,0.026393579814477187,0.462096800417535,0.5115096197679879
"There are no grills in the studio. There are girls, although they usually prefer to be called skull crushing immortals. If you are seeing grills where none exist, you should see a doctor. However, Ryan did put a grill in the back of the studio for when he wants to cook vegetable fajitas so that one is okay.",neither,0.058418296754243516,0.3524333344081721,0.5891483688375844
!girl,neither,0.026393579814477187,0.462096800417535,0.5115096197679879
!girl,neither,0.026393579814477187,0.462096800417535,0.5115096197679879
@Critternation3000 Moot point! Puppet missing!,neither,0.03945320844208391,0.33037608806864915,0.630170703489267
"3rd times the charm, ha",neither,0.038796881921331815,0.31844878754521816,0.6427543305334501
cheers @KBTibbs !,neither,0.03945320844208391,0.33037608806864915,0.630170703489267
there are many different game on roll20,neither,0.05918423073820275,0.22679922096662358,0.7140165482951737
@Piantissimo That is Stef,neither,0.05154613418987003,0.42924314326430335,0.5192107225458266
hey @shidareAKI :),neither,0.03945320844208391,0.33037608806864915,0.630170703489267
allo @MonocleSociety,neither,0.03945320844208391,0.33037608806864915,0.630170703489267
My kind of ladies,neither,0.027627932477039763,0.4236782751678524,0.5486937923551078
skull crushing immortals are the best immortals.,neither,0.05695651749462881,0.27825121023341515,0.6647922722719561
@blacklionofthestars heyo,neither,0.03945320844208391,0.33037608806864915,0.630170703489267
Hi @MonocleSociety,neither,0.03945320844208391,0.33037608806864915,0.630170703489267
anyone know what the t-hoodie Becca is wearing is called?,neither,0.05593070903972714,0.3115339642873525,0.6325353266729203
Hi @BlackLionoftheStars,neither,0.03945320844208391,0.33037608806864915,0.630170703489267
"Hey @BlackLionoftheStars Thanks for the reminder, I should grab a beer for this show.",neither,0.04468790143693154,0.2516626034767248,0.7036494950863438
it's so cool,neither,0.037285084615035685,0.4009290718767237,0.5617858435082406
gandsHype,neither,0.03945320844208391,0.33037608806864915,0.630170703489267
right on :),neither,0.03228355599857406,0.3933220477730441,0.5743943962283818
"hehehheh, i so love this show!",neither,0.05694063185760807,0.30678539805556615,0.6362739700868257
LOL,neither,0.020706217963973744,0.4882283491876925,0.4910654328483337
Lmao,neither,0.03705015143476208,0.3711622369619404,0.5917876116032975
gandsHR ?,neither,0.03945320844208391,0.33037608806864915,0.630170703489267
a kick in the nuts and then you turn to copper from there?,neither,0.057152627295724207,0.2672893757758882,0.6755579969283875
there it is :D,neither,0.051988479486451335,0.2532541473775745,0.6947573731359742
"@Critternation3000 Oop, it's back. XD",neither,0.037972672018068164,0.3308853124357579,0.6311420155461738
Is It Wednesday Yet?,neither,0.04608238247924005,0.3280960111325014,0.6258216063882586
We have a subscriber-only Discord server! Join here: https://discord.gg/geekandsundry (you'll need to sub and link it to your Twitch) and be a part of the fun!...Warning: It can take up to an hour for the server to update and give you access to the channels,neither,0.08464076273808444,0.286394834032893,0.6289644032290227
for them yes,neither,0.04965466795647471,0.2789011188859407,0.6714442131575845
Poncess,neither,0.03945320844208391,0.33037608806864915,0.630170703489267
LUL amy,neither,0.03945320844208391,0.33037608806864915,0.630170703489267
Pr0ncess?,neither,0.03945320844208391,0.33037608806864915,0.630170703489267
Prawn-cess,neither,0.03945320844208391,0.33037608806864915,0.630170703489267
princess of shrimp,neither,0.03945320844208391,0.33037608806864915,0.630170703489267
"Help G&S make great content! $4.99/month gets you emotes, Minecraft server access, sub-only VODs, and more! Every sub keeps the channel alive! twitch.tv/geekandsundry/subscribe",neither,0.043907990691603095,0.31135964332838284,0.644732365980014
classic Didney Proncess story,neither,0.03945320844208391,0.33037608806864915,0.630170703489267
@shidareAKI That a door to chat you want to open? ;),neither,0.0628146705422413,0.3911504025908451,0.5460349268669136
if she took things in hawk she'd also be a Pawncess,offensive_language,0.028872950504250122,0.49669740673968255,0.4744296427560673
@kbtibbs I’m not afraid of anything :D,neither,0.038044028400711465,0.33567493524033865,0.6262810363589498
It's a monkey's paw! :P,neither,0.041777867264095415,0.046105327423640804,0.9121168053122638
I love the Drag(on) Queen.,neither,0.033841869309936205,0.339477531555209,0.6266805991348547
so they got their pot of gold too ?!? :P,neither,0.03817630173648696,0.40795125679051963,0.5538724414729933
@JeffM0307 you WISH it was a monkey's paw #BecarefulWhatYouWish,neither,0.06452797723914318,0.1241110288242297,0.8113609939366271
Walk it or ROCKET,neither,0.038105034964379045,0.330839786748939,0.631055178286682
Two goblins under a trench coat,neither,0.039921178745692704,0.32243341071123643,0.6376454105430708
Why is that so familiar,neither,0.03103389548132832,0.4314064801270105,0.5375596243916613
Random portal. What could go wrong?,neither,0.04598993446142891,0.3304431418059996,0.6235669237325716
@shidareAKI That would never work! :),neither,0.029895373212530094,0.4197737885018158,0.550330838285654
"was it... three dogs last time, Aki?",neither,0.03717174716773426,0.3492861632064554,0.6135420896258102
Haha,neither,0.03186685585600258,0.45913629025701075,0.5089968538869867
"@shidareAKI If you would grant me permission, I'll show you a memory-jogging gif.",neither,0.047792035033989405,0.392669571204816,0.5595383937611945
those elf ears though,neither,0.05897719185830448,0.27364660661650114,0.6673762015251945
Random HYPE!!!!!!,neither,0.03945320844208391,0.33037608806864915,0.630170703489267
stef is soo in character i love Scalerz,neither,0.04393290978559216,0.33999222531171813,0.6160748649026898
!permit @kbtibbs,neither,0.03945320844208391,0.33037608806864915,0.630170703489267
@shidareAKI -> @kbtibbs has been granted permission to post a link for 60 seconds.,neither,0.03948094283137336,0.31126035666296836,0.6492587005056583
Two gnomes in a trenchcoat? https://i.imgur.com/YN5G71x.gif,neither,0.03995597443641641,0.3218428370301386,0.6382011885334449
"with the right amount of misdirection maybe some smoke and/or mirrors perhaps some sort of properly administered pharma, and really good rolls anything is possible #FleaCircusesWereAThing",neither,0.02907174934368,0.3476917580890471,0.6232364925672729
Still the best XD,neither,0.035847786245687706,0.3194232769073772,0.6447289368469351
I've been thinking about getting Weave,neither,0.018757896132235316,0.39340345584933356,0.5878386480184311
It’s a really beautiful game. The cards are gorgeous,neither,0.05453051852050304,0.2580183439023599,0.687451137577137
@FlarePyro It is a cool system!,neither,0.04666285428668566,0.3278963602600364,0.625440785453278
Glhf !,neither,0.03945320844208391,0.33037608806864915,0.630170703489267
gandsFacepalm HEHE,neither,0.03945320844208391,0.33037608806864915,0.630170703489267
@MonocleSociety have you done a promo at a Con or Ren Faire with someone who does readings and explains how WEAVE works?,neither,0.03234059143964808,0.4569093931834809,0.5107500153768711
Amy knows this game :),neither,0.03875391455112614,0.29417811604302446,0.6670679694058494
Amy is Whitney's rules goblin,neither,0.04543315863258575,0.32831930898391654,0.6262475323834978
Fleshmela sees into the multiverse into infinity,neither,0.03882897503330051,0.31904147013699047,0.642129554829709
^^,neither,0.03945320844208391,0.33037608806864915,0.630170703489267
oh it's the Warden from CR's final evolution,neither,0.041975123805745,0.273213610618629,0.6848112655756261
Omg,neither,0.03945320844208391,0.33037608806864915,0.630170703489267
It's not a clench competition!,neither,0.03657125220047475,0.3361852252538287,0.6272435225456965
gandsHR gandsHR,neither,0.03945320844208391,0.33037608806864915,0.630170703489267
You're all good at clenching,offensive_language,0.11309290472430682,0.5173077743366986,0.36959932093899456
gandsHR gandsHR gandsHR,neither,0.03945320844208391,0.33037608806864915,0.630170703489267
"Wow, so many beautiful women in one stream.",neither,0.04486305296904012,0.4454806671637533,0.5096562798672066
!respect,neither,0.03945320844208391,0.33037608806864915,0.630170703489267
"If you would like to share opinions on our hosts, guests or fellow viewers, please do so in a respectful manner. Don't make them feel uncomfortable.",neither,0.04843323757214918,0.39559142321184637,0.5559753392160044
"Just remember that although many of the hosts of the channel are attractive, there's much more to them than that. For example, Gina is also incredibly constructive.",neither,0.05132565482739613,0.30605004356258825,0.6426243016100155
BUCKBUCK,neither,0.03945320844208391,0.33037608806864915,0.630170703489267
@chaoticloony You changed the line!,neither,0.057263712834693906,0.3616811051872886,0.5810551819780174
It’s Whitney,neither,0.037770165237438216,0.33095496380368705,0.6312748709588748
literally Whitney,neither,0.03945320844208391,0.33037608806864915,0.630170703489267
https://clips.twitch.tv/MoralFunnyNostrilThisIsSparta,neither,0.03945320844208391,0.33037608806864915,0.630170703489267
@Zismarith yes i did,neither,0.03945320844208391,0.33037608806864915,0.630170703489267
I love the voices,neither,0.03522969192619734,0.3269397222613407,0.637830585812462
"We had literal Amy Dallen, now we have literal Whitney Moore.",neither,0.03888622795017294,0.3399992267175507,0.6211145453322765
#ClenchClub,neither,0.03945320844208391,0.33037608806864915,0.630170703489267
