text,top_class,hate_speech,offensive_language,neither
Every time Amy dallen and taliesin jaffe is here it a treat,neither,0.07993592399143644,0.2838754781642106,0.636188597844353
Hello Corsair!,neither,0.03945320844208391,0.33037608806864915,0.630170703489267
Hi @JodyHouser,neither,0.03945320844208391,0.33037608806864915,0.630170703489267
@jodyhouser woot!,neither,0.03945320844208391,0.33037608806864915,0.630170703489267
@jodyhouser hiya!,neither,0.03945320844208391,0.33037608806864915,0.630170703489267
this music is so dope,neither,0.04812884960323078,0.37701940993181643,0.5748517404649528
"unrelated to comics but im dyeing my hair again today and im going full taliesin, tried something weird with the colors and hoping it pays off haha",neither,0.032389135522375365,0.40316017036116963,0.5644506941164551
"Hullo, @JodyHouser Have a productive writing session!",neither,0.038989134037171615,0.3382526418576969,0.6227582241051315
hi @JodyHouser,neither,0.03945320844208391,0.33037608806864915,0.630170703489267
hi Jody!,neither,0.03945320844208391,0.33037608806864915,0.630170703489267
Hi @JodyHouser,neither,0.03945320844208391,0.33037608806864915,0.630170703489267
Hello all!,neither,0.04217753453783664,0.43734383323855475,0.5204786322236087
Hey @JodyHouser ! How's our favorite comic writer doing?,neither,0.03945320844208391,0.33037608806864915,0.630170703489267
Good Zone @JodyHouser !!,neither,0.03861556489324797,0.33066419209574344,0.6307202430110085
yayyyyyy,neither,0.03945320844208391,0.33037608806864915,0.630170703489267
And we are on,neither,0.07862336552413898,0.22140843589373665,0.6999681985821244
Hi Jody!,neither,0.03945320844208391,0.33037608806864915,0.630170703489267
@trueheart78 doogPaw,neither,0.03945320844208391,0.33037608806864915,0.630170703489267
it is TIME,neither,0.04957552498532811,0.36090464428914903,0.5895198307255228
"Hiya Jody!,",neither,0.03945320844208391,0.33037608806864915,0.630170703489267
Woo!!!,neither,0.03945320844208391,0.33037608806864915,0.630170703489267
Hey all you Wednesdaises!,offensive_language,0.07806190374926013,0.5715077983857054,0.35043029786503455
they streaming on youtube as well?,neither,0.03572361538753624,0.36752883046654383,0.59674755414592
Whooooo,neither,0.03945320844208391,0.33037608806864915,0.630170703489267
@jodyhouser is it super secret?,neither,0.046248255253307606,0.3280389598793036,0.6257127848673888
Yaaaay!,neither,0.03945320844208391,0.33037608806864915,0.630170703489267
"Help G&S make great content! $4.99/month gets you emotes, Minecraft server access, sub-only VODs, and more! Every sub keeps the channel alive! twitch.tv/geekandsundry/subscribe",neither,0.043907990691603095,0.31135964332838284,0.644732365980014
Hi all! Can't stick around for the whole show today. Boys start school tomorrow.,neither,0.04329022844593284,0.2815828801464918,0.6751268914075755
Hi @JodyHouser,neither,0.03945320844208391,0.33037608806864915,0.630170703489267
"Wow, that was crazy timing: I got here literally as they started.",neither,0.04936202681979469,0.44156480963337713,0.5090731635468282
Yaaaaaaaaaay,neither,0.03945320844208391,0.33037608806864915,0.630170703489267
"gandsTWC Hi Matt, Amy, and Taliesin!",neither,0.0388100252782571,0.29846695177565247,0.6627230229460904
@JodyHouser Hi Jody,neither,0.03945320844208391,0.33037608806864915,0.630170703489267
so many daisies up in here!,neither,0.09853005330129798,0.4021295230216982,0.4993404236770038
@laviathin1991 not for TWC,neither,0.02581878751289962,0.2836285240141677,0.6905526884729326
Wooooo!,neither,0.03945320844208391,0.33037608806864915,0.630170703489267
"Mostly outling, but feel like I should try to write at least one page of Spider-Girls due to the topic.",neither,0.04456408438915522,0.41295574615117203,0.5424801694596727
wooooo,neither,0.03945320844208391,0.33037608806864915,0.630170703489267
"Hi Matt, Amy, and Taliesin!",neither,0.0388100252782571,0.29846695177565247,0.6627230229460904
It was,neither,0.03593062006447523,0.3363165027571517,0.627752877178373
Wooooo,neither,0.03945320844208391,0.33037608806864915,0.630170703489267
Good evening.,neither,0.03869882722860525,0.3306355543605695,0.6306656184108252
GenCon was SO MUCH,neither,0.03336012690592232,0.40755486060859636,0.5590850124854815
gandsTWC gandsTWC gandsTWC gandsTWC,neither,0.03945320844208391,0.33037608806864915,0.630170703489267
we loved it,neither,0.03752543071511751,0.3342132013810741,0.6282613679038084
"Wooooo!,,",neither,0.03945320844208391,0.33037608806864915,0.630170703489267
No we don't.,neither,0.03775133089689115,0.35926139155703407,0.6029872775460748
"Hi Amy, Matt, and Taliesin",neither,0.0388100252782571,0.29846695177565247,0.6627230229460904
gandsTWC <3 gandsTWC <3,neither,0.03945320844208391,0.33037608806864915,0.630170703489267
!whodat stsPew,neither,0.03945320844208391,0.33037608806864915,0.630170703489267
"Amy Dallen ( twitter.com/enthusiamy ), and Taliesin Jaffe ( twitter.com/executivegoth ), and Matt Key ( twitter.com/themattkey ).",neither,0.03796811557553895,0.4225264835523314,0.5395054008721296
XD,neither,0.03945320844208391,0.33037608806864915,0.630170703489267
That was a very interesting time for an audio glitch,neither,0.03327635780834416,0.3458809554855127,0.6208426867061431
@jodyhouser cool,neither,0.03945320844208391,0.33037608806864915,0.630170703489267
oh! their live!,neither,0.05270528446945259,0.26607951458248663,0.6812152009480609
yeah more or less that works. hi everyone!,neither,0.024420690966676217,0.47976974176948156,0.4958095672638421
it was extremely EXTRA,neither,0.038011167615644645,0.33275824371984153,0.6292305886645138
Hi Everyone!,neither,0.032490659208996964,0.4485487193596734,0.5189606214313296
"Gen Con was so fun, but so EXHAUSTING. It's good to sleep once in a while.",neither,0.03981017736505461,0.38653532082550945,0.5736545018094358
Hi @Leigh574,neither,0.03945320844208391,0.33037608806864915,0.630170703489267
"Hi Matt, Amy and Taliesin! It was great to meet you all at GenCon!",neither,0.0511110191693974,0.3701307880041784,0.5787581928264242
EXTRA awesome,neither,0.03945320844208391,0.33037608806864915,0.630170703489267
hey @chaoticloony,neither,0.03945320844208391,0.33037608806864915,0.630170703489267
Isn't Amy a millenial?,neither,0.03945320844208391,0.33037608806864915,0.630170703489267
You did,neither,0.08333395541377511,0.4427135921762094,0.47395245241001543
so many Dread Singles Shirts,neither,0.039418578148954976,0.36200730371936546,0.5985741181316797
"I mean, Matt and Tal are off being millennials by probably less than 5 years",neither,0.04839034621489294,0.33734146517651264,0.6142681886085943
@jessieleaf hi friend!,neither,0.03945320844208391,0.33037608806864915,0.630170703489267
hrpgLoveyousortof hrpgLoveyousortof hrpgLoveyousortof,neither,0.03945320844208391,0.33037608806864915,0.630170703489267
WE LOVE YOU,neither,0.0667431826429772,0.4602730207261189,0.47298379663090395
gandsTWC,neither,0.03945320844208391,0.33037608806864915,0.630170703489267
gandsTWC gandsTWC gandsTWC,neither,0.03945320844208391,0.33037608806864915,0.630170703489267
GenCon gandsHype,neither,0.03945320844208391,0.33037608806864915,0.630170703489267
"Next year, I need to try to make GenCon",neither,0.05156753739270133,0.33307120239392735,0.6153612602133713
gandsHappy gandsHappy gandsHappy,neither,0.03945320844208391,0.33037608806864915,0.630170703489267
I too am very tried,neither,0.039001671942855545,0.3347993375490849,0.6261989905080596
We love you!!!!,neither,0.0667431826429772,0.4602730207261189,0.47298379663090395
EEEehehehe,neither,0.03945320844208391,0.33037608806864915,0.630170703489267
There were pins? Awwww.... <3,neither,0.0396309511597348,0.28173351987598033,0.6786355289642849
one of these years...,offensive_language,0.05144705931215881,0.4910018049677101,0.457551135720131
Hullo! @WDM1262,neither,0.03945320844208391,0.33037608806864915,0.630170703489267
Someday I will go to a con where they are at and get THE MERCH!,neither,0.05994156489669651,0.2570783622589318,0.6829800728443717
#LetTaliesinSleep,neither,0.03945320844208391,0.33037608806864915,0.630170703489267
"it was a pleasure meeting you, Amy!",neither,0.04980521917586772,0.3661011967990068,0.5840935840251256
I remembered! I’m watching live!,neither,0.04578772813617695,0.32819735627263324,0.6260149155911898
WE MISS YOU,neither,0.05183915647011759,0.41802716761872033,0.530133675911162
I buy my mom a Spider-Gwen shirt it was on sale.,neither,0.030538006439353848,0.38945597523801845,0.5800060183226277
I so hope to go to GenCon next year,neither,0.10157208096317769,0.26567765312567604,0.6327502659111462
I miss this squad,neither,0.03197174166306801,0.33470025840939044,0.6333279999275415
LOL,neither,0.020706217963973744,0.4882283491876925,0.4910654328483337
It shall reside forever in Matt's sanctum,neither,0.03849681428749544,0.3307050358744424,0.6307981498380623
I miss seeing them every day,neither,0.04512922137071284,0.311825599285806,0.6430451793434812
aren't vampires supposed to be sleep during the day and be ready to go at night,neither,0.04201091031013878,0.3067409302234426,0.6512481594664186
:D,neither,0.03945320844208391,0.33037608806864915,0.630170703489267
HI ALL!!!!!,neither,0.0423466876598404,0.4436528871510691,0.5140004251890904
I wish I could have been at GenCon to see all of you lovely people!,neither,0.08645078194731835,0.4432339293906825,0.47031528866199906
"Gotta give up Dragon Con for GenCon next year, that's weird.",neither,0.03056826859270668,0.3923726162514129,0.5770591151558804
What is happening #TeamNoSleep ??,neither,0.05556313111362946,0.3226410524653571,0.6217958164210133
Time to bring back #LetTalSleep?,neither,0.04652872600932818,0.34968281165830595,0.6037884623323659
I hope you liked your pins!!!,neither,0.14612968017287345,0.25336001610855136,0.6005103037185752
That weird combo of Vincent Price and Ed Sullivan.,neither,0.03670126117640614,0.33093577463354124,0.6323629641900527
a Meeeeel-ion dollars!,neither,0.03945320844208391,0.33037608806864915,0.630170703489267
Wish I could afford to go to GenCon. One year...,neither,0.05091756006947584,0.35197870928391933,0.5971037306466048
@librarianlizz Hello,neither,0.03945320844208391,0.33037608806864915,0.630170703489267
,neither,0.03945320844208391,0.33037608806864915,0.630170703489267
MUCH LOVE,neither,0.029027934468787295,0.35487806353041457,0.6160940020007982
Yes we watch everything you do,neither,0.06548480875594624,0.37621471603672796,0.5583004752073258
Hi @LibrarianLizz !,neither,0.03945320844208391,0.33037608806864915,0.630170703489267
no we are not watching m,neither,0.06767361143837732,0.3016540839784079,0.6306723045832149
gandsTWC gandsTWC gandsTWC gandsTWC gandsTWC gandsTWC gandsTWC gandsTWC,neither,0.03945320844208391,0.33037608806864915,0.630170703489267
"We out here, Amy",neither,0.07892156510081955,0.31173819798109886,0.6093402369180816
I love seeing the trio reunited!! They were amazing individually but also so good to see them back together!!,neither,0.045950517998564346,0.33966768366901245,0.6143817983324231
Hi @LibrarianLizz,neither,0.03945320844208391,0.33037608806864915,0.630170703489267
!questions,neither,0.03945320844208391,0.33037608806864915,0.630170703489267
"To make it easier to read questions in chat, please preface your questions with the word question in all caps. For example, QUESTION: How are you today?",neither,0.06209713493468228,0.3342013724685751,0.6037014925967426
wooo,neither,0.03945320844208391,0.33037608806864915,0.630170703489267
Hey chat!,neither,0.03945320844208391,0.33037608806864915,0.630170703489267
????,neither,0.03945320844208391,0.33037608806864915,0.630170703489267
Who's got the inverted hamper cage?,neither,0.03764648545098677,0.4307362823575412,0.5316172321914721
Mouse Trap the Larp.... would play,neither,0.038185395758546174,0.31226742144642466,0.6495471827950292
Also yes @misssunflower94 I too miss the IRL squad,neither,0.03407212938730461,0.3237774813930958,0.6421503892195997
MouseTrap LARP would be amazeballs,neither,0.03904625593014855,0.3269683201270309,0.6339854239428206
we are indeed!,neither,0.07039267075891331,0.2809236301030622,0.6486836991380246
They should take a picture of what they see from that couch,neither,0.04996366569944749,0.36951449228649524,0.5805218420140573
"Mousetrap the larp, i wanna play this",neither,0.03814309341087226,0.3106271352521804,0.6512297713369473
Hi @Im_Sylien,neither,0.03945320844208391,0.33037608806864915,0.630170703489267
i miss talking to matt every day,neither,0.03907043615585305,0.3169603120152632,0.6439692518288838
I can only describe the feeling from Gen Con as overwhelming joy.,neither,0.03856412941504933,0.32781112524342026,0.6336247453415303
QUESTION: Who is Steve Ditko?,neither,0.04822940219249123,0.39106596612065186,0.5607046316868568
Oh we’re watching,neither,0.07009134735235154,0.24289464049726453,0.6870140121503839
@Im_Sylien Hello! Hope New York is as excellent as it look!,neither,0.06711588504050404,0.24609113449536898,0.6867929804641268
YOU'RE the most wonderful,neither,0.08127941990311477,0.3257379517590165,0.5929826283378689
Aw shucks we know,neither,0.03926738489157622,0.33352999868158684,0.627202616426837
looks*,neither,0.03945320844208391,0.33037608806864915,0.630170703489267
"I reminded Matt about the topic I sent in that got picked when I met him and he said I broke him because in asking about tragic backstory if you were batman's new ward, it meant he had to kill his parents",neither,0.10602647335674434,0.33184174909273617,0.5621317775505196
@sunlitlake and with their powers combined they will form captain planet,neither,0.03349007830674015,0.31505833139357264,0.6514515902996874
hrpgHeyo @Im_Sylien @LibrarianLizz doogPaw,neither,0.03945320844208391,0.33037608806864915,0.630170703489267
I would have hung out all day,neither,0.03629944880734788,0.39834862523941883,0.5653519259532332
We're wonderful because you're wonderful,neither,0.07526816907060979,0.3220565686267177,0.6026752623026725
omg...Brilliant idea. Wednesdaisy LARP,neither,0.03945320844208391,0.33037608806864915,0.630170703489267
You have my art,offensive_language,0.0411959966361332,0.5098962253636544,0.44890777800021225
almost forgot about Wednesday Club for a sec. Hello Daisies!!,neither,0.034952983038123046,0.3280875040184764,0.6369595129434007
OOOOOOO,neither,0.03945320844208391,0.33037608806864915,0.630170703489267
Hello @misssunflower94 ! Loved your Molly cosplay!,neither,0.060333266441436315,0.3245879314897009,0.6150788020688628
oh hey all my Wednesdaisy SQUAD is in here,neither,0.08284529771244953,0.3884939376893674,0.528660764598183
"I've been rewatching the back catalogue and it's so heartening to see the numbers climb as time passes, although the community engagement has always been stellar",neither,0.0280947680682642,0.348251790778848,0.6236534411528877
The Matts have intersected.,neither,0.03623268815617449,0.31434604460663085,0.6494212672371948
I felt a little bad XD,neither,0.035348674233291626,0.33756289337926926,0.6270884323874392
oh god the horns,neither,0.043406535249471814,0.26829393843241867,0.6882995263181094
Am.. am I real?,neither,0.032299109434420985,0.4506968437998317,0.5170040467657473
omg that made me jump,neither,0.029341146023445987,0.40626269268436066,0.5643961612921933
QUESTION: why can i see the table top today?,neither,0.02997157508731778,0.3105757780288267,0.6594526468838555
hi hi hi all!!!!!,neither,0.04036545777463879,0.36822243695898293,0.5914121052663782
Yay!!!,neither,0.03945320844208391,0.33037608806864915,0.630170703489267
"@ashblackpowder co-creator of spider-man. creator of dr. strange, the question, others.",neither,0.039071630042859684,0.34954906359345933,0.611379306363681
@The_TBoyce THANK,neither,0.03869991029225249,0.3431615236228004,0.6181385660849471
y’all good af,neither,0.04119778977439376,0.43668051093133053,0.5221216992942757
love this well oiled machine,neither,0.03652446609212285,0.34517344974819814,0.6183020841596789
@reciptan yes,neither,0.03945320844208391,0.33037608806864915,0.630170703489267
Oooooo,neither,0.03945320844208391,0.33037608806864915,0.630170703489267
omgggggggg its HUGE,neither,0.0317343081527336,0.3330309718329803,0.635234720014286
LIZ!,neither,0.03945320844208391,0.33037608806864915,0.630170703489267
BIG BOX WOW,neither,0.02372380819175292,0.3952042156629168,0.5810719761453302
Hi Liz,neither,0.03945320844208391,0.33037608806864915,0.630170703489267
holy cow!,neither,0.03945320844208391,0.33037608806864915,0.630170703489267
For the Horde! SMOrc,neither,0.025530574474639644,0.23858405014631345,0.7358853753790469
Hi Liz!,neither,0.03945320844208391,0.33037608806864915,0.630170703489267
"@japenrose I’m actually on my way to JFK now, but it was great!",neither,0.029730243189407445,0.3840060695361503,0.5862636872744423
Who was that?,offensive_language,0.03362639930533797,0.5209673050980553,0.44540629559660666
Goth Liz,neither,0.03945320844208391,0.33037608806864915,0.630170703489267
Is that mine?!,neither,0.04528008991568532,0.3860600913630339,0.5686598187212809
box box box!!,neither,0.03945320844208391,0.33037608806864915,0.630170703489267
Gosh Darn!,neither,0.03945320844208391,0.33037608806864915,0.630170703489267
#GothLiz,neither,0.03945320844208391,0.33037608806864915,0.630170703489267
the most biggest of boxes,neither,0.03866471249408702,0.3159962097393385,0.6453390777665745
Hearing Key say GD is funny,neither,0.04437138305744995,0.34083008492384653,0.6147985320187036
"GDI! WTF, Matt?!? LOL",offensive_language,0.033972319012974754,0.6384736041188089,0.3275540768682164
What's... In The Box!?,neither,0.04540404102601365,0.30511031956239276,0.6494856394115935
Liz is GothMom,neither,0.081172750358939,0.3160268245287109,0.60280042511235
omg is Sam missing this? Sam shouldnt miss this,neither,0.03949649609991236,0.33198830045444033,0.6285152034456473
Question: Where is Steve Ditko? Why is Steve Ditko?,neither,0.042263596969256766,0.3175224040441287,0.6402139989866145
bardYell GEE DEE COMICS MATT,neither,0.03945320844208391,0.33037608806864915,0.630170703489267
pennyPleased,neither,0.03945320844208391,0.33037608806864915,0.630170703489267
@Im_Sylien Well have a safe flight and a very fun time with your layover in Iceland! Hope Reykjavik pride is AMAZING!,neither,0.07195044900785338,0.27527921197091565,0.652770339021231
More shipment in a shipment!,neither,0.04339011812646382,0.3102172169752441,0.646392664898292
faaaancy letters wow,neither,0.03945320844208391,0.33037608806864915,0.630170703489267
ooo that font is amazing,neither,0.04224814053275211,0.35893699391685746,0.5988148655503905
How many people know the location of their secret headquarters? I wonder if they blindfold guests to bring them there.,neither,0.05320660199812592,0.3203762488405141,0.6264171491613599
IT IS!!!,neither,0.059603583318096655,0.32344545014120724,0.616950966540696
Does anyone really complain about the Daily Wednesday stuff delaying the comics talk?,neither,0.02295228188195043,0.3995214112644002,0.5775263068536493
#GeeDeeComicBooks,neither,0.03945320844208391,0.33037608806864915,0.630170703489267
@japenrose thank you!,neither,0.07325166854587051,0.43632638485078484,0.49042194660334476
Is this her!?,offensive_language,0.03615500410374661,0.7291334747995263,0.23471152109672708
much things wow,neither,0.035099284563151555,0.3318736021424168,0.6330271132944316
show and tell,neither,0.06112139620577446,0.17305115510516128,0.7658274486890644
IT IS,neither,0.059603583318096655,0.32344545014120724,0.616950966540696
ooooh,neither,0.03945320844208391,0.33037608806864915,0.630170703489267
WHAAAA,neither,0.03945320844208391,0.33037608806864915,0.630170703489267
THEY ARRIVED!!!!,neither,0.03945320844208391,0.33037608806864915,0.630170703489267
OMG OMG THEY OPENING IT!!@!!,neither,0.038385555832207,0.3307433027590395,0.6308711414087534
:D,neither,0.03945320844208391,0.33037608806864915,0.630170703489267
Yay,neither,0.03945320844208391,0.33037608806864915,0.630170703489267
YAY,neither,0.03945320844208391,0.33037608806864915,0.630170703489267
Oh yes finally,neither,0.04526873441144972,0.2751910207289648,0.6795402448595854
cute!!,neither,0.04322311181158326,0.266390989224455,0.6903858989639619
MAIL TIIIIIME,neither,0.03945320844208391,0.33037608806864915,0.630170703489267
Is chat empty for everyone...?,neither,0.03570157513878763,0.3871994176743643,0.5770990071868481
that is pretty cool,neither,0.04423672010423652,0.37719864613668386,0.5785646337590796
"Is that a ""Hold My Absinthe"" shirt?!?",neither,0.031026696748821313,0.45442847540527215,0.5145448278459066
HEY NICE,neither,0.03945320844208391,0.33037608806864915,0.630170703489267
Awesome!,neither,0.03945320844208391,0.33037608806864915,0.630170703489267
Finally!!!!,neither,0.03945320844208391,0.33037608806864915,0.630170703489267
yay!!!!!!,neither,0.03945320844208391,0.33037608806864915,0.630170703489267
nice!,neither,0.03945320844208391,0.33037608806864915,0.630170703489267
These are awesome.,neither,0.10076738630103642,0.36331021161963634,0.5359224020793272
They all look fucking GREAT,offensive_language,0.1071663638672439,0.8925126182225387,0.00032101791021748666
"@Im_Sylien Also I tried the Danish candy (sorry I forgot to while you were here) AND IT WAS AMAZING. My dad and I both love it, so thank you SO SO MUCH",neither,0.06143453518226851,0.402894451110543,0.5356710137071885
That is so cooooooll,offensive_language,0.04803106324352531,0.4946591072974737,0.4573098294590011
"I love Tal's is bigger, because of course it is",neither,0.0474170262585921,0.3358675391686727,0.6167154345727351
@Gerridwynn9 THE|Y GOT YOUR SHTUFF!!!,neither,0.11674687593084518,0.3626240014019465,0.5206291226672083
those are dope!,neither,0.1279970713370127,0.18732628746072522,0.6846766412022619
those are so coool omg,neither,0.093257955841763,0.2642493858785444,0.6424926582796925
So worried these were never gonna get there so happy they did!!!,neither,0.041133535508225245,0.465774485081776,0.4930919794099988
,neither,0.03945320844208391,0.33037608806864915,0.630170703489267
ohh that's so lovely,neither,0.03587097667167722,0.4089493055523702,0.5551797177759527
gandsMolly,neither,0.03945320844208391,0.33037608806864915,0.630170703489267
I'm so glad they got here,neither,0.09284596630609274,0.3860409403028272,0.5211130933910799
woooooooooooo!!!!!,neither,0.03945320844208391,0.33037608806864915,0.630170703489267
gandsMolly gandsMolly gandsMolly,neither,0.03945320844208391,0.33037608806864915,0.630170703489267
I'm so excited,neither,0.03940839469474773,0.3948270312238364,0.565764574081416
@Gerridwynn9 YAYYY,neither,0.03945320844208391,0.33037608806864915,0.630170703489267
Its been longer than that,neither,0.029700581451835763,0.38526032499517493,0.5850390935529892
I can't breathe for happiness,neither,0.0344360165548123,0.3002533597726708,0.6653106236725169
Evil Villian,neither,0.03945320844208391,0.33037608806864915,0.630170703489267
@gerridwynn9 yaaaaayyyy!!!,neither,0.03945320844208391,0.33037608806864915,0.630170703489267
YAY THERAPY!,neither,0.03945320844208391,0.33037608806864915,0.630170703489267
TwitchUnity TwitchUnity TwitchUnity TwitchUnity TwitchUnity,neither,0.03945320844208391,0.33037608806864915,0.630170703489267
What did the shirts say?,neither,0.04400604995990805,0.3104826853508614,0.6455112646892306
Yay for therapy!,neither,0.0340563195851777,0.3034182112877127,0.6625254691271096
<3 <3 <3,neither,0.03945320844208391,0.33037608806864915,0.630170703489267
YAY!!,neither,0.03945320844208391,0.33037608806864915,0.630170703489267
Happy late birthday!,neither,0.03945320844208391,0.33037608806864915,0.630170703489267
THERAPY RULES,neither,0.03945320844208391,0.33037608806864915,0.630170703489267
I love how much Wednesday Club has become a Mental Health resource of sorts,neither,0.03579819683819763,0.33487813717144077,0.6293236659903616
"@VonnieGeek ""Hold my Absinthe""",neither,0.023623811674156763,0.46039891883509054,0.5159772694907526
@VonnieGeek Hold my Absinth,neither,0.023623811674156763,0.46039891883509054,0.5159772694907526
it's so lovely,neither,0.03770157009710139,0.38636824560242483,0.5759301843004737
big mood,neither,0.02201470483416176,0.40388067414108464,0.5741046210247535
!!!!!!,neither,0.03945320844208391,0.33037608806864915,0.630170703489267
Yay therapy and brain chemistry fixings!,neither,0.038900907123903296,0.3032759864276802,0.6578231064484165
Therapy and meds rule,neither,0.0388321886832912,0.2996514261389719,0.661516385177737
"Yay, therapy!",neither,0.03945320844208391,0.33037608806864915,0.630170703489267
TwitchUnity TwitchUnity TwitchUnity,neither,0.03945320844208391,0.33037608806864915,0.630170703489267
Happy Belated Birthday!,neither,0.03945320844208391,0.33037608806864915,0.630170703489267
Get therapy people! Take care of your brains!,neither,0.08943270812929525,0.3261664374077928,0.584400854462912
I'm not cry you're cry,neither,0.07019343304701992,0.34711565953151635,0.5826909074214637
@Gerridwynn9 dang!!!,neither,0.03945320844208391,0.33037608806864915,0.630170703489267
we need a therapy emote,neither,0.03909517077297126,0.33157165984304726,0.6293331693839815
@misssunflower94 Virtual hug,neither,0.03945320844208391,0.33037608806864915,0.630170703489267
omg that art,neither,0.03535689870885288,0.37497374663022237,0.5896693546609247
DRINK!,neither,0.03945320844208391,0.33037608806864915,0.630170703489267
Yes. Therapy.,neither,0.03945320844208391,0.33037608806864915,0.630170703489267
Yeah! Selfcare and mental health!,neither,0.02525505239676707,0.39165817235071254,0.5830867752525203
Driiiiink!,neither,0.03945320844208391,0.33037608806864915,0.630170703489267
We love you @gerridwynn9,neither,0.0667431826429772,0.4602730207261189,0.47298379663090395
These were SO good!,offensive_language,0.05308675290693656,0.48500896497500523,0.4619042821180581
Happy late Birthday Your are Awesome,neither,0.09674259726373353,0.2825490845617338,0.6207083181745328
"eyyy, it's gerri's letter!",neither,0.03763529989067434,0.33100135018077087,0.6313633499285548
!hydrate y’all,offensive_language,0.046917543854519406,0.6277741405869331,0.3253083155585475
Therapy has been SO helpful for me. Do the thing.,neither,0.031354089358200186,0.35148913480094285,0.6171567758408568
Galactus ?,neither,0.03945320844208391,0.33037608806864915,0.630170703489267
YAS,neither,0.03945320844208391,0.33037608806864915,0.630170703489267
is there a vod for matt's fireside chat?,neither,0.040775867220322955,0.2697441187524074,0.6894800140272695
Galactamy,neither,0.03945320844208391,0.33037608806864915,0.630170703489267
Galactamy!,neither,0.03945320844208391,0.33037608806864915,0.630170703489267
,neither,0.03945320844208391,0.33037608806864915,0.630170703489267
@the,neither,0.03613032604487659,0.2619290779399786,0.7019405960151449
"@thelunargrey yeah, on the critrol channel",neither,0.021133171381827423,0.43632787684451435,0.5425389517736583
"@thelunargrey yes, on CR's channel",neither,0.03715628160892287,0.3413524761187234,0.6214912422723537
#LovelyWifeBrittany,neither,0.03945320844208391,0.33037608806864915,0.630170703489267
pride550 Taliesin <3,neither,0.03945320844208391,0.33037608806864915,0.630170703489267
@thelunargrey It's on CR Twitch VoDs.,neither,0.03600940433552893,0.3419204923267757,0.6220701033376955
"wow well done, yay for happier days",neither,0.03428427437748841,0.31687252379995545,0.6488432018225561
@thelunargrey yes but it's on the criticalrole channel,neither,0.03193396864539749,0.33723627929029376,0.6308297520643088
@thelunargrey yes but on the crit role twitch channel,neither,0.03487427190681395,0.3348690227677081,0.6302567053254778
Awesome @Gerridwynn9 <3,neither,0.03945320844208391,0.33037608806864915,0.630170703489267
So who sent these in?,offensive_language,0.05196040963360928,0.5825927853840261,0.36544680498236454
Amy is crying,neither,0.047774595643817454,0.327513981427749,0.6247114229284336
Nexus,neither,0.03945320844208391,0.33037608806864915,0.630170703489267
Could not see Amy's,neither,0.03818963910087093,0.3351205946421291,0.626689766257
We couldn’t really see Amy,neither,0.03932015033176152,0.33263443145481675,0.6280454182134217
"Amy needs to hold hers up again, I couldn't see it!",neither,0.039647995915922135,0.37885569122554746,0.5814963128585304
Yes please episode on underground comics,neither,0.03760276617279751,0.33918152447310257,0.6232157093541
All these wonderful artists better be getting the best jobs out there!,neither,0.038800667154881785,0.42774701011602784,0.5334523227290905
@The_TBoyce - @Gerridwynn9,neither,0.03945320844208391,0.33037608806864915,0.630170703489267
Underground? You mean Robert Krumb?,neither,0.05327661146369849,0.3696954481008916,0.57702794043541
You did it @gerridwynn9,neither,0.07166810242296817,0.42882795882198005,0.4995039387550518
ooo that is so cool,neither,0.043011938106449425,0.4097853618659976,0.547202700027553
Wow!!,neither,0.03945320844208391,0.33037608806864915,0.630170703489267
Thats spectacular,neither,0.03945320844208391,0.33037608806864915,0.630170703489267
"Were these from you, @Gerridwynn9 ? These are so cool!",offensive_language,0.13915068424542823,0.5188210539954041,0.3420282617591676
do it,neither,0.039361844991312706,0.33040751214889547,0.6302306428597919
so beaaautiful like it's so colorful and perfect,neither,0.04579968853723864,0.38238163724730145,0.57181867421546
@The_TBoyce The lovely Wednesdaisy Gerridwynn9!,neither,0.03830256976187925,0.3091696505564884,0.6525277796816323
Hugs for the hug included,neither,0.03448043533555893,0.2974545368694846,0.6680650277949564
Yessssss.,neither,0.03945320844208391,0.33037608806864915,0.630170703489267
yes do it underground 70's comics! And those are so nice gongrats!,neither,0.07008267605435696,0.2636556221409802,0.6662617018046629
Question: you are allowed to pitch any Marvel character in an Agent of S.H.I.E.L.D. Comic series. Who do you pick and why?,neither,0.06848906063979479,0.32807199609519744,0.6034389432650078
WOW!,neither,0.03945320844208391,0.33037608806864915,0.630170703489267
Those are all so cooool,neither,0.17265644706025182,0.31598816495064197,0.5113553879891062
gandsMolly gandsMolly gandsMolly,neither,0.03945320844208391,0.33037608806864915,0.630170703489267
gandsTWC. Wednesday’s is it? Wednesdasies blowing minds again .. the uuussssual. oMG!,neither,0.04174499822558264,0.33853235463839093,0.6197226471360263
Damn!,offensive_language,0.042479326866149344,0.9516554255713155,0.005865247562535126
MOLLY,neither,0.03945320844208391,0.33037608806864915,0.630170703489267
Awwww,neither,0.03945320844208391,0.33037608806864915,0.630170703489267
aw wow look at dat Molly,neither,0.04023210670609823,0.34885267770602063,0.6109152155878811
Look at that Molly.,neither,0.03614872735647369,0.40296568367186336,0.560885588971663
wowwww,neither,0.03945320844208391,0.33037608806864915,0.630170703489267
that looks so good!!,neither,0.03366064714183378,0.4423414939147073,0.523997858943459
These look like they could be official arts!,neither,0.06427823106246047,0.42644251681481427,0.5092792521227253
oh gosh!!!,neither,0.04522550427656808,0.27558419280407476,0.6791903029193572
<3,neither,0.03945320844208391,0.33037608806864915,0.630170703489267
Thats extraordinay.,neither,0.03945320844208391,0.33037608806864915,0.630170703489267
\Cry,neither,0.03945320844208391,0.33037608806864915,0.630170703489267
Wednesdaisies means FRIENDSHIP,neither,0.03945320844208391,0.33037608806864915,0.630170703489267
"Question: If Amy is Galatcamy, who's her herald?",offensive_language,0.024571268980104883,0.6015809943445196,0.3738477366753755
,neither,0.03945320844208391,0.33037608806864915,0.630170703489267
that is so pretty!,neither,0.04495171482084668,0.4469679792097139,0.5080803059694394
\me,neither,0.018491955366437673,0.460246435692358,0.5212616089412043
"Wow, that jacket’s even more complicated",neither,0.03675090887288006,0.37336897454737666,0.5898801165797434
Wednesdaisies Never say Die!!!,neither,0.25480806633701586,0.12358382567466225,0.621608107988322
HUGS @Gerridwynn9,neither,0.03945320844208391,0.33037608806864915,0.630170703489267
Hey kids wanna see a Bog Mummy?,neither,0.03945320844208391,0.33037608806864915,0.630170703489267
EEE,neither,0.03945320844208391,0.33037608806864915,0.630170703489267
@tortugadelmar definitely @JodyHouser,neither,0.03945320844208391,0.33037608806864915,0.630170703489267
@misssunflower94 yes!,neither,0.03945320844208391,0.33037608806864915,0.630170703489267
,neither,0.03945320844208391,0.33037608806864915,0.630170703489267
TwitchUnity TwitchUnity TwitchUnity TwitchUnity so so much,neither,0.034477552535382934,0.45491064855722524,0.5106117989073917
Wooo! Keep pluggin on,neither,0.034286570189494325,0.3557564059010748,0.6099570239094309
"Hye, that's me!",offensive_language,0.017350294158916552,0.5073325113214118,0.47531719451967175
always ask before showing someone a bog mummy!,neither,0.03485537526559967,0.4284958513020047,0.5366487734323956
I think there's a twitter post on that,neither,0.03276548625770571,0.4418812369300235,0.5253532768122707
god the Wednesday Club is so freaking pure!,neither,0.04399546319471099,0.3464526299898543,0.6095519068154347
@misssunflower94 Well yeah,neither,0.01871798024972514,0.47951149997546166,0.5017705197748131
<3,neither,0.03945320844208391,0.33037608806864915,0.630170703489267
I hope their comic shows up on the show someday!,neither,0.07399424655009747,0.22475772484591616,0.7012480286039864
OMG,neither,0.03945320844208391,0.33037608806864915,0.630170703489267
Hey*,neither,0.03945320844208391,0.33037608806864915,0.630170703489267
Hello all,neither,0.04217753453783664,0.43734383323855475,0.5204786322236087
<3,neither,0.03945320844208391,0.33037608806864915,0.630170703489267
"TOPIC: A superhero/supervillain is running for public office. Who is the best/worst/craziest candidate, and what is their campaign like?",neither,0.05412606244247561,0.30882537374211455,0.63704856381541
Daily Wednesdays never fail to blow me away,neither,0.03648621981897407,0.3684893208893137,0.5950244592917121
This show y’all,neither,0.0747342684564666,0.3237502113720479,0.6015155201714855
gandsTWC gandsTWC gandsTWC gandsTWC,neither,0.03945320844208391,0.33037608806864915,0.630170703489267
