text,top_class,hate_speech,offensive_language,neither
Hi Ryan,neither,0.03945320844208391,0.33037608806864915,0.630170703489267
Here we go!,neither,0.13156755280784707,0.2765461283225309,0.5918863188696221
Saheeli is gross. My friend found a way to get turn 3 Emrakul with her second +1,offensive_language,0.02790484467328163,0.539184045176033,0.4329111101506853
"Help G&S make great content! $4.99/month gets you emotes, Minecraft server access, sub-only VODs, and more! Every sub keeps the channel alive! twitch.tv/geekandsundry/subscribe",neither,0.043907990691603095,0.31135964332838284,0.644732365980014
RYAN!! :),neither,0.03945320844208391,0.33037608806864915,0.630170703489267
!wtfisthis,neither,0.03945320844208391,0.33037608806864915,0.630170703489267
"Tabletop games are super fun, but learning the complicated directions and rules can be a challenge. Becca Scott is your game tutor, explaining the game mechanics in an easy to follow way, so you can get to playing the games faster. Joining her today are Kyle Hill, Josephine McAdam, Trisha Hershberger, and Josh Lee Kwai!",neither,0.06795215008216249,0.3143858488000801,0.6176620011177575
Hi Ryan and Becca!,neither,0.03865039986561582,0.28968446037165835,0.6716651397627258
time machine PogChamp,neither,0.038120684439015874,0.3529924980112446,0.6088868175497395
oh...,neither,0.051363287716059566,0.22255663153133606,0.7260800807526044
hooray! its like a commandcast,neither,0.04685745255825466,0.36940892156171046,0.583733625880035
@SiegeofTeddyBears you can combo win with the bant planeswalker on turn 4,neither,0.03816872463831433,0.393172069925745,0.5686592054359408
How can i distract the players with nonsense if you pre-tape the show,neither,0.03608727492992323,0.3416313784308192,0.6222813466392575
"JLK of Command Zone/Game Knights, and Kyle was on today's-release of Game Knights.",neither,0.036979395476790106,0.2798552411392367,0.683165363383973
@cluislp That sounds gross,neither,0.0354989141257575,0.37340027859264385,0.5911008072815988
@fuffybutt mwahaha considering that they can’t see chat for this show anyway...,neither,0.04186513001966282,0.2856201037368368,0.6725147662435004
I got 99 problems but a card ain't one?,offensive_language,0.02070900098174902,0.5523668449249092,0.42692415409334183
@shidareAKI Well Becca and Ryan can see chat.,neither,0.03900682743495807,0.29399214168818744,0.6670010308768546
a Legendary Card,neither,0.03945320844208391,0.33037608806864915,0.630170703489267
@shidareAKI i have bin mentioned on this show before,neither,0.04440489176865838,0.33988313990966385,0.6157119683216777
so Danoba i heard oyu were at GenCon...and i missed you :(,neither,0.052675261297082866,0.3757644185758339,0.5715603201270832
@danoba well yeah,neither,0.01871798024972514,0.47951149997546166,0.5017705197748131
@Danoba How was Gencon?,neither,0.03920842303404325,0.3345307352821077,0.6262608416838491
that was 2 Colorless Mana and not Generic ... LUL,neither,0.03504135728011592,0.336381057043302,0.6285775856765821
@Paladin356 I'm certain we met.,neither,0.03929414408170551,0.3330758253891717,0.6276300305291229
OMG Becca referred to Becca! A time loop has been established!,neither,0.04270778408430755,0.338838298626205,0.6184539172894874
now that is a transition,neither,0.04719138670128295,0.4010107977854604,0.5517978155132567
Lord Windgrace is Jund. And we all know that the best advice ever is to Jund 'Em Out. But....it still doesn't do much for me.,neither,0.034224172372583433,0.37362594877916666,0.5921498788482499
!whoday,neither,0.03945320844208391,0.33037608806864915,0.630170703489267
!whodat,neither,0.03945320844208391,0.33037608806864915,0.630170703489267
@davidflegel Very busy but fun.,neither,0.03643436748019082,0.33933207531342857,0.6242335572063805
"Becca Scott ( twitter.com/thebeccascott ) with Kyle Hill ( twitter.com/Sci_Phile ), Josephine McAdam ( twitter.com/JCVIM ), Trisha Hershberger ( twitter.com/thatgrltrish ), Josh Lee Kwai ( twitter.com/JoshLeeKwai ), and Ryan Green ( twitter.com/HydroSnail ).",neither,0.036451170145517506,0.45764666341644983,0.5059021664380327
!whodat,neither,0.03945320844208391,0.33037608806864915,0.630170703489267
Becca knows how awesome Becca is,neither,0.04790658927362504,0.32746858276581076,0.6246248279605643
"Danoba did we? Did you see someone dressed as The Doctor, Finn, or Bob from ReBoot?",neither,0.04598708754209624,0.3534685567322193,0.6005443557256844
that was me,neither,0.021339471713967523,0.47493518215828323,0.5037253461277492
#TeamJCVIM,neither,0.03945320844208391,0.33037608806864915,0.630170703489267
"""How to play Live magic the gathering! Only not live! but that's ok!""",neither,0.04299371642459983,0.35062853485578005,0.6063777487196201
jcvimHype jcvimHype jcvimHype,neither,0.03945320844208391,0.33037608806864915,0.630170703489267
"Commander games take a while anyway, john.",neither,0.03945320844208391,0.33037608806864915,0.630170703489267
"this is only the third magic thing i've seen kyle on today, he needs to stop slacking",neither,0.032060957139506,0.3411768635227859,0.6267621793377082
@Paladin356 Well I was there when you introduced yourself to Sax and a few other people and also when you ran into Erika during us live streaming to her channel with the backpack outside of the hall floor.,neither,0.060953023628938216,0.41671759090127847,0.5223293854697834
aka the ancient one,neither,0.03784816084391006,0.3439519256425065,0.6181999135135834
"i vote for Becca, she'll find a way to win",neither,0.044042813313667946,0.2901632194115276,0.6657939672748046
"OOOOH, that WAS YOU!",offensive_language,0.06967649388307215,0.5475088487433553,0.3828146573735727
I am so glad to see Josephine back on GnS,neither,0.04263172214207414,0.3830473025338875,0.5743209753240384
I played a 2 1/2 hour commander game once.,neither,0.03894380606404358,0.3000541394568661,0.6610020544790903
"well, im glad to have finally met you...im sorry i didn't officially introduce myself to you :(",neither,0.052028704405456865,0.4344546681335217,0.5135166274610216
Are they still called Tabaxi in MTG?,neither,0.07284624417267409,0.2911677979260165,0.6359859579013095
i've heard rumors josh lee kwai has played commander once or twice before,neither,0.026573792903858768,0.3478392359455132,0.625586971150628
yoooo josh lee kwai niiice,neither,0.03945320844208391,0.33037608806864915,0.630170703489267
Did you catch her episodes of Shield of Tomorrow @davidflegel,offensive_language,0.04312140458113025,0.5421086997311174,0.4147698956877522
are these the out of box precons?,neither,0.07673266692444591,0.3541065149461583,0.5691608181293958
Lord wind grace aka Bagheera,neither,0.03945320844208391,0.33037608806864915,0.630170703489267
@shidareAKI I did,neither,0.03945320844208391,0.33037608806864915,0.630170703489267
"Just a few times, @mastershake29x , I think.",neither,0.03526539878961885,0.3432290858686536,0.6215055153417276
Halp!,neither,0.03945320844208391,0.33037608806864915,0.630170703489267
@pluto7443 sounds like it,neither,0.05336970546146622,0.354638474138524,0.5919918204000099
"@pluto7443 yes, these are the pre-cons that release tomorrow",neither,0.05735944163354379,0.35787826685664864,0.5847622915098075
aka creepy little girl,neither,0.03366468376557939,0.389071562192489,0.5772637540419316
team glasses vs team no glasses,neither,0.03900552027371619,0.3379745246588657,0.623019955067418
trisha's commander activated her planeswalker spark because she saw it happening in the future and decided to make it happen now instead,neither,0.036247600996530856,0.43510774967560606,0.5286446493278631
the jund deck won the game knights video today,neither,0.0402824474457459,0.21451406667576406,0.7452034858784902
"@Paladin356 Not to worry, I'm pretty certain we had but not a big deal.",neither,0.029359504993924975,0.38037893662028666,0.5902615583857884
Jund 'em right in the face.,neither,0.03737734784267462,0.33296364884844193,0.6296590033088835
Iiiitty bitty living space,neither,0.03945320844208391,0.33037608806864915,0.630170703489267
"Turns out Thanos can't snap with the glove, but Kyle has the true Unlimited Power.",neither,0.030368604017158823,0.3394867674857963,0.6301446284970449
Good ol' Khans gain lands.,neither,0.03895809783686092,0.3305463793093804,0.6304955228537585
@Knight_of_BAAWA couldn't of said it better myself,neither,0.038095694036564105,0.3308429995223484,0.6310613064410875
"these are the 4 new preconstructed commander decks, they all look super sweet",neither,0.06792966027633064,0.31707086502682413,0.6149994746968452
@Danoba Do you recall that time we were partying in Vietnam back in 1979? That was the craziest month of my life.,neither,0.034889505032450537,0.4424593252863764,0.5226511696811731
lol very exciting,neither,0.032350644697217136,0.3814712513977205,0.5861781039050624
I picked up a Chaos pack ($20) from Wal-Mart on Monday. Pulled a Windswept Heath.,neither,0.03731459834924603,0.353353248088865,0.609332153561889
"Hello, Magic fans! Sorry I'm late.",neither,0.03945320844208391,0.33037608806864915,0.630170703489267
Is that JLK???!!!,neither,0.05154613418987003,0.42924314326430335,0.5192107225458266
Hi @The_TBoyce,neither,0.03945320844208391,0.33037608806864915,0.630170703489267
"Oh hey, Trish is here too! Awesome!",neither,0.1026856273543582,0.252889830321776,0.6444245423238657
I'm going to pour a glass of wine and learn. Debating picking up a pack this month.,neither,0.039941027332499136,0.34665811776645594,0.6134008549010449
JOSH LEEE KWAI,neither,0.03945320844208391,0.33037608806864915,0.630170703489267
Fetch and Shock lands need reprints.,neither,0.038671476285899106,0.29690307733974763,0.6644254463743533
oh no trisha is losing! :),neither,0.05497809348166609,0.28648977849456597,0.6585321280237679
Is this 2 v 2 or 1 v 1 v 1 v 1?,neither,0.05616046804382501,0.3275391488621751,0.6163003830939999
@The_TBoyce no teams,neither,0.03833216230472147,0.3494031667169709,0.6122646709783076
1v1v1v1,neither,0.03945320844208391,0.33037608806864915,0.630170703489267
commanders are mostly free for all,neither,0.058685291548794344,0.3185266779116715,0.6227880305395341
1V1V1V1,neither,0.03945320844208391,0.33037608806864915,0.630170703489267
FFA yeah,offensive_language,0.013968601452186464,0.5182923869769311,0.4677390115708824
i believe free-for-all,neither,0.03385667910734889,0.37026351246971967,0.5958798084229313
@Danoba Hope GenCon was as fun as all the photos and stories made it look!,neither,0.05617122173773087,0.3083338200082492,0.6354949582540199
"Battle royale, eh? Oooh...I'm torn between rooting for Kyle or rooting for Trish.",neither,0.03464982792583302,0.306376871081405,0.658973300992762
is this c18 only?,neither,0.055476614494402006,0.3276736095672675,0.6168497759383305
We have a subscriber-only Discord server! Join here: https://discord.gg/geekandsundry (you'll need to sub and link it to your Twitch) and be a part of the fun!...Warning: It can take up to an hour for the server to update and give you access to the channels,neither,0.08464076273808444,0.286394834032893,0.6289644032290227
"@davidflegel It was a pretty wild time, but before my time.",neither,0.025361079488498035,0.4638970186075347,0.5107419019039674
"@kopibrian yes, these are the C18 pre-cons that release tomorrow",neither,0.05735944163354379,0.35787826685664864,0.5847622915098075
"Yeah, it's the precons",neither,0.01522467281264063,0.469901338916787,0.5148739882705724
@kopibrian it's the C18 precons,neither,0.03324079787543189,0.28729122359747633,0.6794679785270917
"@japenrose If you get a chance to go, please do it. It is a magical time",neither,0.04326649771028583,0.416053810359166,0.5406796919305481
ah nice,neither,0.03945320844208391,0.33037608806864915,0.630170703489267
@japenrose It was a lot of fun.,neither,0.03774293500241843,0.33320871771214217,0.6290483472854395
What decks is everyone playing?,neither,0.04518823992523782,0.4088323238462297,0.5459794362285325
this year they added a lot of crazy commanders,neither,0.03090259123527348,0.41645395183860107,0.5526434569261255
"How to Play is pre-taped, right? I went crazy for a hot minute seeing Trisha online on her own stream and here playing Magic",neither,0.05651907505635508,0.41530916144217517,0.5281717635014697
@davidflegel I'd love to go one year! See all the awesome people I know in that part of the country,neither,0.0604785196536703,0.39858230137108785,0.5409391789752418
"@Danoba I'm sorry, you told me not to bring up that dark period in your life. My bad",offensive_language,0.04640341984684332,0.5235912362069745,0.4300053439461823
CoolCat CoolCat CoolCat CoolCat,neither,0.03945320844208391,0.33037608806864915,0.630170703489267
"The gainlands get reprints, but not the fetch or shock.",neither,0.03358859487683859,0.3229677219315422,0.6434436831916192
"Help G&S make great content! $4.99/month gets you emotes, Minecraft server access, sub-only VODs, and more! Every sub keeps the channel alive! twitch.tv/geekandsundry/subscribe",neither,0.043907990691603095,0.31135964332838284,0.644732365980014
@WhatADumpling This paert was pre taped,neither,0.039269474882899884,0.3334945260743817,0.6272359990427185
@WhatADumpling this one is pre-taped (this part of it anyway),neither,0.04275589113275973,0.35077704999721004,0.6064670588700302
nice,neither,0.03945320844208391,0.33037608806864915,0.630170703489267
"""Shay-man"". :D",offensive_language,0.040018442559345856,0.5018538837344726,0.4581276737061815
@Danoba Good to hear!,neither,0.04830306996474394,0.32501750114436057,0.6266794288908956
sultai nice,neither,0.03945320844208391,0.33037608806864915,0.630170703489267
"Is that Thor? I'm not great at facial recognition, but... he looks like Thor.",neither,0.04458794541086286,0.3579038799978498,0.5975081745912874
ah I see,neither,0.03945320844208391,0.33037608806864915,0.630170703489267
kyle is on every mtg media today,neither,0.0421555759428454,0.3211064515110207,0.636737972546134
It's Thor when he's not channeling the Odin Force.,neither,0.03272321153413021,0.35865032241948197,0.6086264660463878
I remember when my friends would tap their cards and only kind of slant them to the side. Did they make it a rule that you have to fully turn them on their side?,neither,0.04714875950077241,0.3251926640030256,0.627658576496202
