text,top_class,hate_speech,offensive_language,neither
Hi @Atsutomo_Mapk,neither,0.03945320844208391,0.33037608806864915,0.630170703489267
gandsHype gandsLore,neither,0.03945320844208391,0.33037608806864915,0.630170703489267
Lore Me Sempai!,neither,0.018491955366437673,0.460246435692358,0.5212616089412043
First and last,neither,0.02911937619149363,0.27859676683373624,0.6922838569747701
<3 DxCat,neither,0.03945320844208391,0.33037608806864915,0.630170703489267
hmmm,neither,0.03945320844208391,0.33037608806864915,0.630170703489267
@chaoticloony hello!! How are you?,neither,0.11107249515052996,0.32544024340169986,0.5634872614477702
gudday,neither,0.03945320844208391,0.33037608806864915,0.630170703489267
<3,neither,0.03945320844208391,0.33037608806864915,0.630170703489267
"@Atsutomo_Mapk Ok, and yourself?",neither,0.03845405930435375,0.28266133942546956,0.6788846012701767
that feeling when you are on the channel you need to be for a long while and can actually use Theatre Mode,neither,0.03457205742927663,0.3989248555320422,0.566503087038681
"Ur and all of Babylonian/Assyrian/Sumerian myths did make their way into the Torah. But much of the biblical serpent myth comes from Apophis, particularly with his rival being Atum who split himself to create the gods.",neither,0.04806221403911573,0.36079554213926,0.5911422438216242
"why this, why this, oh daughter of the ruby of the sea, why this? did you forget your seaside days",neither,0.04121135410119535,0.3325389142980541,0.6262497316007507
"im new to watching this live, they said critical role started at 7 but?",neither,0.04534667591687493,0.31361950087775375,0.6410338232053713
"@chaoticloony I'm doing very well, thank you!! I thought that today would be D&D?",neither,0.04854986344171752,0.30396651034834865,0.6474836262099337
Snake you for the topic!,neither,0.045696109903116615,0.32344850514252665,0.6308553849543566
Villainousssss.,neither,0.03945320844208391,0.33037608806864915,0.630170703489267
@Atsutomo_Mapk Critical Role starts in about 3 hours,neither,0.03834813267190029,0.3491321079066093,0.6125197594214904
"Apophis wasn't directly evil, he more represents Chaos. And in the end, Atum is said to combine with Apohis along with Osiris, the ruler of the Dead.",neither,0.03689748027646062,0.31827650189839846,0.6448260178251409
At the end of time.,neither,0.03620413206286902,0.36174648753498473,0.6020493804021463
I wonder how many wizards have Unseen Serpent variant of Unseen Servant,neither,0.03909693199280606,0.33642302922033424,0.6244800387868598
@chaoticloony ah okay. I'm still watching this because it is very interesting and it's better than watching YouTube lol,neither,0.03672035236310582,0.3472311025199762,0.616048545116918
gandsLore gandsLore gandsLore,neither,0.03945320844208391,0.33037608806864915,0.630170703489267
"@Atsutomo_Mapk Welcome and enjoy, they do a different topic on here each week!",neither,0.06204072616490803,0.29318053196590493,0.6447787418691872
Huh...,neither,0.03945320844208391,0.33037608806864915,0.630170703489267
Snakes are cool!,neither,0.06721530059595474,0.282762315411904,0.6500223839921414
Where did the mighty nein emote go?,neither,0.041329095553541355,0.290702055122365,0.6679688493240937
this guy should meet Erika,neither,0.05326613039541751,0.3837883100248456,0.5629455595797369
"@chaoticloony if they are cool enough they get really laid-back, or so I've heard...",neither,0.025177572205352498,0.3548209990792483,0.6200014287153992
"I like the snakes, but I would have issues with one, I dont like feeding it dead things definitely not alive, I also dislike bugs :D",neither,0.03870500170508864,0.37298198564470886,0.5883130126502024
@FuffyButt They know each other. Chris works at the studio.,neither,0.038340887592335025,0.3352353332486815,0.6264237791589835
I've always thought snakes are kind of pretty in their own way.,neither,0.0495727519069961,0.26252886096021105,0.6878983871327928
"Download the new Critical Role theme song for Campaign Two! http://itunes.apple.com/album/id1331550250?ls=1&app=itunes Sales of the song support the musician, Jason Charles Miller.",neither,0.04445767596344001,0.2510827790306858,0.7044595450058742
Even in Sumeria the snake was largely venerated. In the Epic of Gilgamesh the snake swallowed the Plant of Rebirth in order to shed it's skin. It was the symbol of eternal life.,neither,0.037707970752677865,0.3294504730095903,0.6328415562377319
"Snakes, Tarantula's and Praying Mantis's are all interesting to watch!",neither,0.06442290008292709,0.3136340301076308,0.6219430698094421
@chaoticloony I've never really watched the Loremasters Talk Show before today. Though the Geek and Sundry's twitch page said that Critical Role would be 7 - 11. This most be not up to day lol.,neither,0.02272048345797743,0.35080017323923984,0.6264793433027828
"my great grandfather (maybe great, great) made some Chinese herbalist medicine using snakes, herbs, wine fermenting in an earthenware pot for 30 years",neither,0.02820421038236189,0.3488573873571791,0.6229384022604589
!clock,neither,0.03945320844208391,0.33037608806864915,0.630170703489267
It is currently Thursday 4:07 PM at the Geek & Sundry studio in California.,neither,0.0510853560815634,0.32964593687365445,0.6192687070447822
"It is 7-11, PST.",neither,0.04931404616060237,0.32698449380259564,0.6237014600368019
@Atsutomo_Mapk That is PDT!,neither,0.05154613418987003,0.42924314326430335,0.5192107225458266
how do i download on Android?,neither,0.038107460906425715,0.34222687043101085,0.6196656686625636
!weather,neither,0.03945320844208391,0.33037608806864915,0.630170703489267
Weather for Los Angeles: Conditions are Fair with a temperature of 91F (33C). The wind is blowing from the SW at 7mph (11km/h) and the current humidity is 35%. At the studio.,neither,0.045248884327036026,0.28706692503878567,0.6676841906341783
@chaoticloony PDT??,neither,0.03945320844208391,0.33037608806864915,0.630170703489267
"All times at G&S will always be Pacific time, that will never change.",neither,0.034949812325578776,0.4711822883878871,0.4938678992865341
@Atsutomo_Mapk Pacific Daylight Time,neither,0.03821333703971211,0.3514199415734102,0.6103667213868778
"any other animal phobias, i knew someone who was afraid of dogs",neither,0.03974752822450626,0.3722972002959342,0.5879552714795595
"@chaoticloony Ah okay. So their three hours behind me, since it's 7:08pm here for me.",neither,0.045592118406831326,0.3618702193245956,0.5925376622685731
That's a snake,neither,0.03462336300107231,0.3831274915853991,0.5822491454135285
I'm afraid of large dogs and snakes scare the crap out of me lol,neither,0.02916589794707927,0.35708775172055957,0.6137463503323611
"@Atsutomo_Mapk yep, that is a common occurence",neither,0.04319961702265902,0.3678975313237858,0.5889028516535552
"My youngest sister hated dogs as well, but that was after one tried to bite her face off.",offensive_language,0.02776604992621506,0.5314224074731825,0.4408115426006025
"I hate all pets, but that's for different reasons, not as a phobia.",neither,0.11136496195026786,0.35864464618060843,0.5299903918691237
crit role is tomorrow right?,neither,0.046392621496062485,0.3454808178704944,0.6081265606334432
@Stadix In 3 hours,neither,0.03945320844208391,0.33037608806864915,0.630170703489267
!wheniscr,neither,0.03945320844208391,0.33037608806864915,0.630170703489267
"CR is tonight, Honey Heist is tomorrow.",neither,0.049253255505251274,0.31031625558455345,0.6404304889101953
"gandsMattBlindfold Critical Role is on at 7 PM PDT on Thursdays, it is currently 4:10 PM PDT on Thursday. There is 2 Hours, 49 Minutes, 46 Seconds until the next episode of Critical Role. This command has been run 1115 times but has probably been asked about way more. gandsNein",neither,0.040935333937460426,0.34405894611031046,0.6150057199522292
crit role isin 3 hours,neither,0.03945320844208391,0.33037608806864915,0.630170703489267
No arbok for Hector.,neither,0.026643525022945026,0.30380002180915067,0.6695564531679044
They’re doing another Honey Heist?,neither,0.11710815211133636,0.23335165901679097,0.6495401888718726
man thats a bad time for a Finn like me,neither,0.03095843428204405,0.43165684604995813,0.5373847196679978
"oh, so both in same week",neither,0.0455875582495047,0.33414658999556507,0.6202658517549302
"nope, tonight. Honey Heist is tomorrow @Stadix",neither,0.04356731858907501,0.310155252290288,0.646277429120637
@stadix prerecorded honeyheist tomorrow,neither,0.03945320844208391,0.33037608806864915,0.630170703489267
@chaoticloony ah okay. But it's cool either way lol. I'll be happy to wait for three hours which will be interesting,neither,0.03462888998418236,0.33615393758900397,0.6292171724268137
i wasthinkin the heist was only thing playin this week,neither,0.03848437859970474,0.31923251794516067,0.6422831034551347
My class had pet lizards,neither,0.02836677251606381,0.4165791278283496,0.5550540996555867
sweet then :D,neither,0.03945320844208391,0.33037608806864915,0.630170703489267
It'll be 5 in a morning if Crit is in 3 h,neither,0.033841927076005224,0.24723522888512572,0.7189228440388691
@stadix :D,neither,0.03945320844208391,0.33037608806864915,0.630170703489267
gg,neither,0.03945320844208391,0.33037608806864915,0.630170703489267
Gila Monsters scare me,neither,0.030092717767541022,0.3821241621341028,0.5877831200983563
what a cute snake!!!!,neither,0.047584918497966394,0.29256898260674136,0.6598460988952922
"I wish we could ask questions. I've always wondered if you could keep larger snakes by feeding them eggs instead of mice. I know some eat eggs in the wild. I would feel so sad feeding cute mice to a snake, and that would always be the main thing preventing me from getting one. :D",neither,0.02928198233045653,0.4111378480623231,0.5595801696072202
did yall see joe mangionello on colbert?wasabit sad he didnt mention critical role,neither,0.03989220825283017,0.3502470891395938,0.609860702607576
They did talk dnd though^^,neither,0.02526984368902641,0.33525439759396225,0.6394757587170113
KomodoHype,neither,0.03945320844208391,0.33037608806864915,0.630170703489267
@laurhisiel But he did invite him to a game! Maybe Matt could DM? XD,neither,0.044052022386590325,0.30885767730591623,0.6470903003074934
there was a junkyard near me that a guard ostrich instead of a dog,neither,0.031930093806528184,0.3574202822433411,0.6106496239501308
"@ImALadyDangIt yeah his homegame^^ mightbe good start for colbert again,shame we wont be able tosee it",neither,0.03491687230332037,0.4015582402019365,0.5635248874947433
mornin,neither,0.03945320844208391,0.33037608806864915,0.630170703489267
goodmorning,neither,0.03945320844208391,0.33037608806864915,0.630170703489267
old but new here,neither,0.10419819782004958,0.19138136057508984,0.7044204416048606
welcome back;),neither,0.03945320844208391,0.33037608806864915,0.630170703489267
@laurhisiel But friendships could be made! Who knows what will happen after that! :D,neither,0.03967852444244016,0.39590779478179516,0.5644136807757646
HI @Zalxeel,neither,0.03945320844208391,0.33037608806864915,0.630170703489267
how r you all?,offensive_language,0.08987519967539023,0.6331643998570867,0.27696040046752296
@laurhisiel well we can speculate... like what sort of character would Steven Colbert roll? a monk that has taken an oath of silence?,neither,0.04477071947546718,0.34529150847836565,0.6099377720461672
bawnHEY,neither,0.03945320844208391,0.33037608806864915,0.630170703489267
@ImALadyDangIt fingers crossed!,neither,0.03945320844208391,0.33037608806864915,0.630170703489267
@chaoticloony hello!,neither,0.03945320844208391,0.33037608806864915,0.630170703489267
Apothecaries use snakes as symbols,neither,0.012809317514076,0.45117866025057146,0.5360120222353526
@Deathstar_Taco well he didnt know any of the new races so itd be fun if he picked noe of those,neither,0.04708220773453174,0.28908405788770036,0.6638337343777679
but i see him playing a great halfling thief,neither,0.035437860812424726,0.3198369566017905,0.6447251825857848
The symbol of my town is a snake,neither,0.03432036949468911,0.3903180327045236,0.5753615978007874
@Zalxeel hi! how are you?,neither,0.1151778833000866,0.32505102427932137,0.5597710924205921
ur town has a symbol?! geez mine has a long way to go i guess xD,neither,0.05805619100512563,0.32053639230774233,0.621407416687132
if only those snakes had Reach...,neither,0.03958894137662586,0.3181346197728037,0.6422764388505704
cool snake talk,neither,0.023006991202133346,0.3360326963286689,0.6409603124691976
a snek,neither,0.03945320844208391,0.33037608806864915,0.630170703489267
Well I'm from the Netherlands most towns are old enough to have a symbol or coat of arms,neither,0.05541301308735964,0.29256223373294465,0.6520247531796958
I'd be to scared to hold a snake.,neither,0.051729678453281976,0.32668158390731733,0.6215887376394007
:O oooh,neither,0.03945320844208391,0.33037608806864915,0.630170703489267
I miss having a snake,neither,0.032919133092254194,0.3326234562054177,0.6344574107023282
either way a crushing defeat,neither,0.039530734895057054,0.33102528460465974,0.6294439805002833
"@Atsutomo_Mapk hi, i am thinking if sleeping 3 hours until critical role or, waiting in the rainy dark night like batman .",neither,0.03140693319932613,0.35403642799942847,0.6145566388012454
!points @Deathstar_Taco,neither,0.03945320844208391,0.33037608806864915,0.630170703489267
"That was an excellent pun, @Deathstar_Taco! Here, have some points for that one! You have been awarded 17 points!",neither,0.05028957640842011,0.38306140444113307,0.5666490191504467
!rbschedule,neither,0.03945320844208391,0.33037608806864915,0.630170703489267
@jacksmurph7 Still airing live programming,neither,0.04289772575847936,0.3429912127708001,0.6141110614707206
,neither,0.03945320844208391,0.33037608806864915,0.630170703489267
@Zalxeel Your not interested in the snake talk??,neither,0.04073830417338597,0.3210258006594432,0.6382358951671709
"If you go outside in the rainy night, you might get sick",neither,0.039385770841251076,0.45100371657396154,0.5096105125847873
"Have they talked about Ouroboros yet? If so, will they talk about it again at the end of the show?",neither,0.02391886377962497,0.3778601658236233,0.5982209703967516
Caduceus ;),neither,0.03945320844208391,0.33037608806864915,0.630170703489267
@Zalxeel yu could rewatch previous honey heiost in prep fortomorrow,neither,0.03945320844208391,0.33037608806864915,0.630170703489267
