text,top_class,hate_speech,offensive_language,neither
battle for azeroth @darkofnate,neither,0.03215927892586973,0.29398794818614704,0.6738527728879832
gandsGameEngine gandsGameEngine gandsGameEngine,neither,0.03945320844208391,0.33037608806864915,0.630170703489267
Thx,neither,0.03945320844208391,0.33037608806864915,0.630170703489267
the new wow expansion @darkofnate,neither,0.04281775127390178,0.19134893666671687,0.7658333120593813
RIP Shrek,neither,0.03945320844208391,0.33037608806864915,0.630170703489267
gandsGameEngine gandsGameEngine gandsGameEngine tinytatoBallpit tinytatoBallpit tinytatoBallpit,neither,0.03945320844208391,0.33037608806864915,0.630170703489267
I LOVE THE CURLS yes1,neither,0.03522969192619734,0.3269397222613407,0.637830585812462
"Oh, Luigi",neither,0.051363287716059566,0.22255663153133606,0.7260800807526044
Luigi super dead,neither,0.03945320844208391,0.33037608806864915,0.630170703489267
"RIP Luigi, 1983-2018",neither,0.03945320844208391,0.33037608806864915,0.630170703489267
my immediate thought on Tall and Green was Ryan,neither,0.03156469699291168,0.2819976663913392,0.6864376366157492
lol,neither,0.020706217963973744,0.4882283491876925,0.4910654328483337
That had better be Key...,neither,0.03598054706755909,0.3767096813443962,0.5873097715880448
LUL,neither,0.03945320844208391,0.33037608806864915,0.630170703489267
greekYikes,neither,0.03945320844208391,0.33037608806864915,0.630170703489267
Matt Key is Best Luigi!!!!,neither,0.045830280888834285,0.32127339845623337,0.6328963206549324
"Nice, a Shop-Vac! :P",neither,0.03945320844208391,0.33037608806864915,0.630170703489267
What a conveniently placed vacuum.,neither,0.057770773616808734,0.3180719994247239,0.6241572269584672
@darkofnate It was.,neither,0.03593062006447523,0.3363165027571517,0.627752877178373
Hey Key,neither,0.03945320844208391,0.33037608806864915,0.630170703489267
lol,neither,0.020706217963973744,0.4882283491876925,0.4910654328483337
xD,neither,0.03945320844208391,0.33037608806864915,0.630170703489267
thats one quiet vaccum,neither,0.038505850957654,0.3651667140703189,0.5963274349720271
Wtf,offensive_language,0.04410695246022759,0.7898861884776351,0.16600685906213722
"Lol Key, reprising his role as Luigi!",neither,0.04994597764359205,0.40839246959799763,0.5416615527584103
It was tall enough to be Key.,neither,0.043982001404428823,0.33236085643022717,0.6236571421653441
"Luigi's dead, about time too. :D",neither,0.03604945878927853,0.3881466027554928,0.5758039384552286
did somebody say gender?!,neither,0.03945320844208391,0.33037608806864915,0.630170703489267
@Slippydude Ghost vacuums are real quiet.,neither,0.053692961337607994,0.3997600187382696,0.5465470199241224
"Aww, my favorite Mario brother is dead?",neither,0.03573570913192625,0.3950752183208648,0.569189072547209
Can you read this ?,neither,0.06566540496665889,0.39620240310164145,0.5381321919316997
@super390 the Poltergeist3000 wasnt,neither,0.03825742109612947,0.30830648690722096,0.6534360919966495
"if you wanna see more Matt ""Best Luigi EVER"" Key as Luigi, watch ""There will be Brawl"" after all the great GNS content is done",neither,0.04157187463951463,0.366132025235671,0.5922961001248143
!discord,neither,0.03945320844208391,0.33037608806864915,0.630170703489267
We have a subscriber-only Discord server! Join here: https://discord.gg/geekandsundry (you'll need to sub and link it to your Twitch) and be a part of the fun!...Warning: It can take up to an hour for the server to update and give you access to the channels,neither,0.08464076273808444,0.286394834032893,0.6289644032290227
Loving the curled hair today Erika!,neither,0.03770693860361909,0.3011750446362101,0.6611180167601709
We have a subscriber-only Discord server! Join here: https://discord.gg/geekandsundry (you'll need to sub and link it to your Twitch) and be a part of the fun!...Warning: It can take up to an hour for the server to update and give you access to the channels,neither,0.08464076273808444,0.286394834032893,0.6289644032290227
lilbrunk14 let's not act like that justified a 'WTF',offensive_language,0.03090724787826356,0.5988289896882326,0.37026376243350373
@EricaTheStrange Niiiiiice!,neither,0.03945320844208391,0.33037608806864915,0.630170703489267
3 year sub hype :D @Bearalze,neither,0.03945320844208391,0.33037608806864915,0.630170703489267
yikess,neither,0.03945320844208391,0.33037608806864915,0.630170703489267
"Help G&S make great content! $4.99/month gets you emotes, Minecraft server access, sub-only VODs, and more! Every sub keeps the channel alive! twitch.tv/geekandsundry/subscribe",neither,0.043907990691603095,0.31135964332838284,0.644732365980014
WOOHOO @Bearalze and @EricaTheStrange gandsHype gandsLessthanthree gandsHype,neither,0.03857111107789432,0.2851340175310554,0.6762948713910502
what the hell is this,offensive_language,0.06311407153259319,0.7895546108146484,0.14733131765275842
thanks @Zismarith @Leigh574,neither,0.035884468650613,0.3004919205142699,0.6636236108351171
!wtfisthis,neither,0.03945320844208391,0.33037608806864915,0.630170703489267
"Welcome to #GameEngine! We'll be discussing the latest gaming news, showcasing new games, and interviewing people in the gaming industry!",neither,0.05363492194748562,0.26739386076077604,0.6789712172917384
Team Rocket! blasting at the speed of light! CoolFooty,neither,0.03839856764162995,0.33497473304369974,0.6266266993146704
!wtfisthis,neither,0.03945320844208391,0.33037608806864915,0.630170703489267
sub hyoe for you too @teh_spikey,neither,0.04899677409047397,0.34670894391937424,0.6042942819901518
OMG The Hershberger!!!,neither,0.03799319295305244,0.3031937689918349,0.6588130380551126
pogonaK pogonaRool,neither,0.03945320844208391,0.33037608806864915,0.630170703489267
Congrats @EricaTheStrange ! the real question is did you remember your towel? :),neither,0.0729838404152316,0.42348224916658106,0.5035339104181873
I didn't know I needed a Nintendo Game of Thrones AU until ow,neither,0.031018580512957132,0.3306748231237874,0.6383065963632554
Is Trish wearing her Zelda dress? #jealous #wherecanigetone,offensive_language,0.03767819972363359,0.4861424019806063,0.47617939829576006
now*,neither,0.03945320844208391,0.33037608806864915,0.630170703489267
That Faceless Man photoshop was everything i didn't know I needed in life.,neither,0.026215046273145068,0.4587405566972917,0.5150443970295633
of course :D @DuhMinja,neither,0.03945320844208391,0.33037608806864915,0.630170703489267
"~I can see clearly now, my brain is gone...~",neither,0.03581999287238197,0.39369045122653323,0.5704895559010847
I really would like to see a treatment of the Wild Midwest,neither,0.05017289832845989,0.3230210994430836,0.6268060022284565
whats the name of the girl on the right?,neither,0.030407556904347884,0.36567436125093805,0.6039180818447141
left*,neither,0.03945320844208391,0.33037608806864915,0.630170703489267
ooooo Time for Pizza Bagels!,neither,0.03356385359224539,0.32143679690386456,0.64499934950389
!whodat Erika,neither,0.03945320844208391,0.33037608806864915,0.630170703489267
"Erika Ishii ( twitter.com/erikaishii ), and Trisha Hershberger ( twitter.com/thatgrltrish ).",neither,0.037990275070434426,0.44411970283059166,0.5178900220989738
i don'ta feela so good,neither,0.03869858713051749,0.3812780758453966,0.5800233370240859
Super Mario Bros.: The Search For Luigi,neither,0.03390958356550779,0.29367647639676725,0.6724139400377249
bamboW,neither,0.03945320844208391,0.33037608806864915,0.630170703489267
Bagel Pizza's @Bearalze,neither,0.03945320844208391,0.33037608806864915,0.630170703489267
oh my comment got removed !,neither,0.030843546058526558,0.4235929573859299,0.5455634965555435
sportsball,neither,0.03945320844208391,0.33037608806864915,0.630170703489267
yup looks like Trish is theming it up Zelda style! dorrDC,neither,0.04948905977755568,0.37567915783779354,0.5748317823846507
hi,neither,0.03945320844208391,0.33037608806864915,0.630170703489267
haHAA,neither,0.03945320844208391,0.33037608806864915,0.630170703489267
brrroooo,neither,0.03945320844208391,0.33037608806864915,0.630170703489267
"""I am, and shall ever be, your brother!""",neither,0.06410362142661649,0.2924378782601095,0.643458500313274
Want the inside scoop? Join the cast of Critical Role and discuss this episode right here on Talks Machina. Tuesdays 7pm Pacific at twitch.tv/geekandsundry and projectalpha.com,neither,0.04630302093207864,0.22484473131932575,0.7288522477485957
RICK HIII,neither,0.03945320844208391,0.33037608806864915,0.630170703489267
Roborick?,neither,0.03945320844208391,0.33037608806864915,0.630170703489267
Hi @RothSothy,neither,0.03945320844208391,0.33037608806864915,0.630170703489267
ElRoboRick himself,neither,0.03945320844208391,0.33037608806864915,0.630170703489267
Yup,neither,0.03945320844208391,0.33037608806864915,0.630170703489267
air bud,neither,0.03945320844208391,0.33037608806864915,0.630170703489267
RooooooboRiiiiiick,neither,0.03945320844208391,0.33037608806864915,0.630170703489267
omg,neither,0.03945320844208391,0.33037608806864915,0.630170703489267
How many times is this rehearsed ?,neither,0.04854256837301776,0.32895936176044416,0.6224980698665381
This is the format of the show. It might not be for everyone but this is the format of the show.,neither,0.052363585588662095,0.26985152056477224,0.6777848938465656
Please be respectful.,neither,0.039920464028213365,0.33428882618981576,0.6257907097819708
Golden retriever?,neither,0.03945320844208391,0.33037608806864915,0.630170703489267
Oh dear,neither,0.0461327075271576,0.2673899063118408,0.6864773861610016
@EricaTheStrange Heya! KonCha,neither,0.03945320844208391,0.33037608806864915,0.630170703489267
!frontpage,neither,0.03945320844208391,0.33037608806864915,0.630170703489267
"We are on the front page, which means we have an influx of new people coming in here. Some are polite, some are not. Please let the mods handle those who are not. Sit back, enjoy the show, and DON'T FEED THE TROLLS.",neither,0.10504481977893397,0.20508308154005317,0.6898720986810128
who prints out reddit threads?,neither,0.03554636960883626,0.41551434487704847,0.5489392855141152
Gibfist what's rehearsing?,neither,0.057770773616808734,0.3180719994247239,0.6241572269584672
Dear god no,neither,0.038506628708231544,0.3464420165283746,0.6150513547633938
Hi @WelshAndyT,neither,0.03945320844208391,0.33037608806864915,0.630170703489267
haha,neither,0.03186685585600258,0.45913629025701075,0.5089968538869867
Heh.,neither,0.03945320844208391,0.33037608806864915,0.630170703489267
Hi Strangey,neither,0.03945320844208391,0.33037608806864915,0.630170703489267
awwwkward.,neither,0.03945320844208391,0.33037608806864915,0.630170703489267
this is beautiful i love it. i will actually play madden if this happens,neither,0.04111772915277601,0.35407955190488344,0.6048027189423407
going to the dogs...,neither,0.0444054305530763,0.3393267754431783,0.6162677940037453
im ready,neither,0.03818232412599748,0.37856242343539415,0.5832552524386084
Hey @welshandyt!,neither,0.03945320844208391,0.33037608806864915,0.630170703489267
why cant we just talk about games :(......,neither,0.015688553013275847,0.3913852632520186,0.5929261837347055
why are we acting.... it hurts....,neither,0.046166667161759656,0.3069292291991239,0.6469041036391164
hi emilydawn96,neither,0.03945320844208391,0.33037608806864915,0.630170703489267
"That was from the first movie, but it was about basketball",neither,0.029491723613443124,0.33923895549062705,0.6312693208959298
!respect,neither,0.03945320844208391,0.33037608806864915,0.630170703489267
"If you would like to share opinions on our hosts, guests or fellow viewers, please do so in a respectful manner. Don't make them feel uncomfortable.",neither,0.04843323757214918,0.39559142321184637,0.5559753392160044
@Gibfist Then leave,neither,0.03945320844208391,0.33037608806864915,0.630170703489267
@gibfist why can’t you shut up and leave,neither,0.05355510571140361,0.3789303599809108,0.5675145343076856
"Gibfist google ""entertainment""",neither,0.03945320844208391,0.33037608806864915,0.630170703489267
"truth be told, Madden looks awesome.",neither,0.039783838495018306,0.33314474156477086,0.6270714199402108
Can the internet get angry about dogs in their madden sports games or do they not care about historical accuracy ;),neither,0.03767254537931821,0.3497685273169243,0.6125589273037575
"@Gibfist Again, this is the entire premise of the show. I'm sorry it's not to your taste, but if you continue to do nothing but disparage it you might want to justl eave.",neither,0.07570437973203555,0.38022519466644766,0.5440704256015166
"I'm pretty sure the answer is ""yes."" @EricaTheStrange",neither,0.04010012016292907,0.4289144368181249,0.530985443018946
