text,top_class,hate_speech,offensive_language,neither
"It took me a couple weeks, but I finally managed to find a copy of 4 Kids Walk Into A Bank. It arrives next week. Been waiting for my next book after finishing My Favorite Thing Is Monsters.",neither,0.030251876378057495,0.3720974116244092,0.5976507119975334
"@OrionLightning ugh, I have over 300+ single issues from ComiXology I need to read, at some point",neither,0.036137414396340634,0.3451301697042536,0.6187324158994059
it TIME,neither,0.034389982057555904,0.3710596410554468,0.5945503768869974
"I've missed you, Chat Friends",neither,0.0283085462547232,0.3481821517797324,0.6235093019655444
Hey @im_sylien ! over jetlag yet?,neither,0.035920762348251346,0.3325363695643271,0.6315428680874215
We have a subscriber-only Discord server! Join here: https://discord.gg/geekandsundry (you'll need to sub and link it to your Twitch) and be a part of the fun!...Warning: It can take up to an hour for the server to update and give you access to the channels,neither,0.08464076273808444,0.286394834032893,0.6289644032290227
yayyyy,neither,0.03945320844208391,0.33037608806864915,0.630170703489267
@orionlightning You’re better betting on the number of Dr. strange mentions in a pool format. Might get more takers that way 😀,neither,0.05133860390998938,0.35405297847443606,0.5946084176155745
WHOOHOO,neither,0.03945320844208391,0.33037608806864915,0.630170703489267
"""Taliesin, come on?""",neither,0.031465329865955356,0.4061586881471455,0.562375981986899
Hi all!,neither,0.0423466876598404,0.4436528871510691,0.5140004251890904
Hi Daisies! It's been a while. Glad I can finally catch a show,neither,0.04846031307216668,0.27913891434967864,0.6724007725781547
Hello lovely hosts!,neither,0.03945320844208391,0.33037608806864915,0.630170703489267
yeah talisen Kappa,neither,0.023507678412445245,0.4412251867422846,0.5352671348452701
What about Taliesin?,neither,0.04753712308015706,0.3758554328400185,0.5766074440798244
aaayyy,neither,0.03945320844208391,0.33037608806864915,0.630170703489267
I came in at exactly the right time :P,neither,0.036203009801932556,0.36966133451472755,0.59413565568334
hi!!!,neither,0.03945320844208391,0.33037608806864915,0.630170703489267
Missed you too @InkPigg,neither,0.06275824301668778,0.4018519211597599,0.5353898358235524
Hi!,neither,0.03945320844208391,0.33037608806864915,0.630170703489267
"Come on just in time to hear ""Taliesin, c'mon...""",neither,0.036252431179053475,0.3922435040356003,0.5715040647853462
What did Taliesin do???,neither,0.050556973972271074,0.3234832447099195,0.6259597813178094
@OrionLightning No :P,neither,0.036918905254960256,0.37338982715841207,0.5896912675866277
"gandsTWC Hi Taliesin, Matt, and Amy!",neither,0.0388100252782571,0.29846695177565247,0.6627230229460904
oh lord what did Tal do now?,neither,0.04875473064896801,0.29067940652893154,0.6605658628221005
Hi @GreyAngel,neither,0.03945320844208391,0.33037608806864915,0.630170703489267
well that's one way to start an episode,neither,0.04105920237320753,0.38216077865211817,0.5767800189746743
hi kids!,neither,0.03945320844208391,0.33037608806864915,0.630170703489267
"Punk is loud mom, deal with it",neither,0.046996028541438625,0.13767194830338314,0.8153320231551783
shoes on couch ahhhh lol,neither,0.03170454261004959,0.38196031534614794,0.5863351420438024
WednesCave!,neither,0.03945320844208391,0.33037608806864915,0.630170703489267
What hath Taliesin wrought,neither,0.04568673754512718,0.3259267583143808,0.628386504140492
Comic Cave,neither,0.03945320844208391,0.33037608806864915,0.630170703489267
,neither,0.03945320844208391,0.33037608806864915,0.630170703489267
Hey crew,neither,0.03945320844208391,0.33037608806864915,0.630170703489267
i feel like im at a sleepover i like it,neither,0.05594002470210156,0.4084931517781805,0.535566823519718
hi cast and crew!,neither,0.03881068006132014,0.29850205794873863,0.6626872619899413
"Hi Taliesin, Matt and Amy!",neither,0.0388100252782571,0.29846695177565247,0.6627230229460904
Jetleg sucks,neither,0.03945320844208391,0.33037608806864915,0.630170703489267
It does make it look like they're in a basement,neither,0.04571817309168577,0.42234197684935787,0.5319398500589564
stsHello,neither,0.03945320844208391,0.33037608806864915,0.630170703489267
Helloooo,neither,0.03945320844208391,0.33037608806864915,0.630170703489267
I love Amy's mug,neither,0.03705975126722876,0.34146745212725155,0.6214727966055197
Hi Hi Hi!!!!,neither,0.03945320844208391,0.33037608806864915,0.630170703489267
it's very cozy,neither,0.037256246933524945,0.33113172387443623,0.6316120291920387
Hello Awesome People,neither,0.07010438046718061,0.3272491778984682,0.6026464416343512
Hi everyone!,neither,0.032490659208996964,0.4485487193596734,0.5189606214313296
Hi those who make me smirk..or even smile.,neither,0.05059783071201805,0.36783630262673994,0.5815658666612419
Hi Everybody. gandsTWC,neither,0.03945320844208391,0.33037608806864915,0.630170703489267
Wednesday Club Assemble!!!,neither,0.03945320844208391,0.33037608806864915,0.630170703489267
"Download the new Critical Role theme song for Campaign Two! http://itunes.apple.com/album/id1331550250?ls=1&app=itunes Sales of the song support the musician, Jason Charles Miller.",neither,0.04445767596344001,0.2510827790306858,0.7044595450058742
Hello Wednesdaisies! What are we doing today?,neither,0.06806209147342401,0.26835566504484926,0.6635822434817267
<3 Amy's new Wednesday Club mug! So cute!,neither,0.042953150625646565,0.2815991735202582,0.6754476758540953
Just binged Marvel Rising: Initiation on Marvel HQ! fun!,neither,0.035573422577009364,0.34881011378330823,0.6156164636396825
wooo,neither,0.03945320844208391,0.33037608806864915,0.630170703489267
I already love this episode because it feels like a good concept to recommend to new daisies,neither,0.05339632049598384,0.29980918430740594,0.6467944951966104
Hi @jessieleaf @CrazedBotanyGeek,neither,0.03945320844208391,0.33037608806864915,0.630170703489267
@The_TBoyce Show and tell of comics!,neither,0.052256289842924165,0.22763641449002556,0.7201072956670503
wednesday club is always a fun mess,neither,0.043998728330453006,0.36938651026292313,0.5866147614066239
I love these dorky people,neither,0.07926595367904776,0.4155501824187763,0.505183863902176
@misssunflower94 you called it!,neither,0.07048027488918109,0.4255596399515985,0.5039600851592204
internet sensation Amy Dallon,neither,0.03945320844208391,0.33037608806864915,0.630170703489267
New? The Devil you say!,neither,0.06247572521486743,0.25670147598224274,0.6808227988028899
hi friends,neither,0.03945320844208391,0.33037608806864915,0.630170703489267
"New books, what is this?!?!?!?",neither,0.059925242957118985,0.23208244930464633,0.7079923077382346
There are such thing of new comics?,neither,0.06252853859397754,0.1953435954198851,0.7421278659861374
Hi @giljaxon,neither,0.03945320844208391,0.33037608806864915,0.630170703489267
hii,neither,0.03945320844208391,0.33037608806864915,0.630170703489267
they still make these out of paper?,neither,0.04238716537064948,0.4367835779587531,0.5208292566705975
I want to send it to all my friends - WATCH WEDNESDAY CLUB,neither,0.04367298663830938,0.427754146286376,0.5285728670753147
lost his mic ... right?,neither,0.06373674519022055,0.34982090092768947,0.58644235388209
It's because they aren't really sold in retail stores that aren't comic shops,neither,0.0367175255070571,0.35241623031965436,0.6108662441732886
Somebody gif that please,neither,0.036009906638343844,0.3677532513878135,0.5962368419738426
PogChamp My wallet is ready,neither,0.03480172273583514,0.4117188809884436,0.5534793962757213
And Matt's mike is weird again,neither,0.04348741588251242,0.3214280950470443,0.6350844890704432
Better a secret industry than a dead industry.,neither,0.03920290006371817,0.33462447450232824,0.6261726254339536
Hard to hear Matt,offensive_language,0.03633917944845847,0.5279609328829259,0.4356998876686157
i love that mug!,neither,0.03273129482786803,0.3870198458359321,0.5802488593361999
"Well, Matt key already introduced me to Calexit. Any other new exciting comics that have come out recently?",neither,0.03555981836221048,0.3551424809725917,0.6092977006651977
#SecretComics,neither,0.03945320844208391,0.33037608806864915,0.630170703489267
They don't call it House of SECRETS for nothin',neither,0.03396003132275552,0.3080671509427731,0.6579728177344715
"I get that with knitting and spinning all the time ""OMG people still DO that?!""",neither,0.04101066834315507,0.43591389840668493,0.5230754332501599
"Help G&S make great content! $4.99/month gets you emotes, Minecraft server access, sub-only VODs, and more! Every sub keeps the channel alive! twitch.tv/geekandsundry/subscribe",neither,0.043907990691603095,0.31135964332838284,0.644732365980014
I think he sat on it lol,neither,0.03326703408487755,0.3858576330887009,0.5808753328264216
get your dirty shoes off the couch!!!!,neither,0.06263491903459477,0.3169967404388003,0.6203683405266049
"A new record, 5 minutes in and Matt's mike is acting up :D",neither,0.04450486231145137,0.2779603078745454,0.6775348298140034
secret industry worked great for marijuana for a good 70 years.,neither,0.03240831134996713,0.2894208618405244,0.6781708268095086
@japenrose thought the same thing,neither,0.04293196710211247,0.20669602283345687,0.7503720100644306
"@The_TBoyce Oh! That reminds me I need to pick that up, thank you for the reminder",neither,0.04161293981274385,0.3556499667296379,0.6027370934576182
no more racoon mugs :(,neither,0.04048793436591965,0.33485398577755576,0.6246580798565244
Pain and sadness! Like I don't get that enough from comics,neither,0.04295136350761694,0.33423909615797087,0.6228095403344122
There's a lot of really awesome stuff coming out right now,neither,0.03590805988557845,0.3250142814998052,0.6390776586146163
Who's been reading The Wicked and the Divine?,neither,0.03754358967246138,0.32493794881433635,0.6375184615132024
"Im doing that with Plastic man right now and its really hard to wait for new issues,",neither,0.025165722946096317,0.4665500621044625,0.5082842149494412
It's like a Matt Key ASMR,neither,0.048219281330225405,0.34616893098861834,0.6056117876811562
"Matt ""Mic Breaker"" Key",neither,0.03945320844208391,0.33037608806864915,0.630170703489267
Hey there lovely people. gandsTWC,neither,0.06821599647968424,0.28731000477101676,0.644473998749299
interesting new lighting sceme,neither,0.04259183859863088,0.2524986372685628,0.7049095241328063
DAILY WEDNESDAY HYPE,neither,0.03945320844208391,0.33037608806864915,0.630170703489267
jcvimHi amy jcvimHi Taliesin jcvimHi matt,neither,0.03945320844208391,0.33037608806864915,0.630170703489267
We can hear Liz,neither,0.039618712217895674,0.3275670570626875,0.6328142307194169
omfg m att,neither,0.03945320844208391,0.33037608806864915,0.630170703489267
HYYYPPE,neither,0.03945320844208391,0.33037608806864915,0.630170703489267
More gifts!!,neither,0.04148097430408516,0.3198152807841912,0.6387037449117237
@GreyAngel such a great book,neither,0.03776743854475368,0.3007691521338665,0.6614634093213798
Yay!!!,neither,0.03945320844208391,0.33037608806864915,0.630170703489267
LIZ!,neither,0.03945320844208391,0.33037608806864915,0.630170703489267
Matt Key the Mic Slayer,neither,0.038846466991907753,0.31936405101201615,0.641789481996076
Hi Liz!,neither,0.03945320844208391,0.33037608806864915,0.630170703489267
Matt mic problems going to be added to the drinking game at this rate.,neither,0.04442598214294508,0.3252909965729357,0.6302830212841193
Matt is just esp soft tonight lol,neither,0.034152477450567646,0.36234182130504966,0.6035057012443827
WE LOVE U LIZ,neither,0.03385289298597004,0.36076020363390426,0.6053869033801257
Liz <3,neither,0.03945320844208391,0.33037608806864915,0.630170703489267
Your hair is awesome today!,neither,0.08118491697806168,0.29523593396053455,0.6235791490614037
Hi Liz,neither,0.03945320844208391,0.33037608806864915,0.630170703489267
Liz!,neither,0.03945320844208391,0.33037608806864915,0.630170703489267
I hate that im falling asleep right now,neither,0.15584097896021884,0.33116676458349303,0.5129922564562881
"I am sitting here with this week's Wic Div, Flavor #4, and Pearl from Bendis and Gaydos",neither,0.051812599791930224,0.2815657138040509,0.6666216864040188
hi everybody! almost missed it,neither,0.03826375993305766,0.3307851939537813,0.630951046113161
@GreyAngel I started but then have been busy with work and haven't had time to read more :/,neither,0.03396951164469099,0.3455540990298927,0.6204763893254164
Liz has great hair,neither,0.03772726447705442,0.2938877671777008,0.6683849683452449
We saw you Liz!,neither,0.06734946170290948,0.41104801596651414,0.5216025223305765
It was Dr.Strange dovto Matt keys mic.,neither,0.03852162646836295,0.33190745306156605,0.629570920470071
gandsHype gandsHype gandsHype,neither,0.03945320844208391,0.33037608806864915,0.630170703489267
Hail Hydrate,neither,0.03945320844208391,0.33037608806864915,0.630170703489267
Wic Div hype,neither,0.03945320844208391,0.33037608806864915,0.630170703489267
hello everyone....sorry...I got scared away,neither,0.034883698736594485,0.4247664676956047,0.5403498335678009
"I wish ""Anne with an 'E'"" was old-school, binging that show is a great way to get dehydrated from all the feels",neither,0.0447173085119151,0.3335758212524227,0.6217068702356622
The Daily Wednesday is Magic!,neither,0.045157418221903715,0.31525607790378996,0.6395865038743063
Hi @g0rmyr,neither,0.03945320844208391,0.33037608806864915,0.630170703489267
Oh that's mine,neither,0.04092555512055131,0.32013921640965176,0.638935228469797
La-La Land?,neither,0.03945320844208391,0.33037608806864915,0.630170703489267
@Chix_with_Joystix it's always nice to see Liz.,neither,0.04321483616111218,0.3899076503734655,0.5668775134654223
parliament of owls,neither,0.03945320844208391,0.33037608806864915,0.630170703489267
UnKindness of Ravens,neither,0.03945320844208391,0.33037608806864915,0.630170703489267
I love this show so much,neither,0.04798001537335284,0.3122537792619416,0.6397662053647055
LOL love it,neither,0.022055634306850848,0.4469456750562876,0.5309986906368616
@runningfool11 have you read Pearl yet? How is it?,neither,0.05842665525593737,0.37230183486061247,0.5692715098834501
"hi @chaoticloony, thanks for being a mod :)",neither,0.028033344202004873,0.3146935577895085,0.6572730980084867
Parlament of owls,neither,0.03945320844208391,0.33037608806864915,0.630170703489267
@Chix_with_Joystix NP :D,neither,0.03945320844208391,0.33037608806864915,0.630170703489267
It's an Unkindness of Ravens.,neither,0.038306166820524824,0.32525723801165063,0.6364365951678246
<3,neither,0.03945320844208391,0.33037608806864915,0.630170703489267
We’re hearing so much it’s like we’re at Ubisoft,neither,0.07138469896866355,0.35389091017051133,0.574724390860825
"parliment of owls, roost of ravens",neither,0.03945320844208391,0.33037608806864915,0.630170703489267
"Were the renegades of funk, were the renegades of funk!",neither,0.03891247947116692,0.29416367590574843,0.6669238446230845
Ravens are an unkindness and I love it,neither,0.05713054578561123,0.26020196698663134,0.6826674872277575
@Chix_with_Joystix we always want more Liz <3,neither,0.03961373692335604,0.38562917072728575,0.5747570923493583
Unpleasantness of ravens.,neither,0.03945320844208391,0.33037608806864915,0.630170703489267
When aren't you Loopy tho?,neither,0.03890825936764775,0.46397493227178555,0.4971168083605667
How is that different from normal,neither,0.04396530940900221,0.3494172247366496,0.6066174658543482
Still post-GenCon. Same,neither,0.03942329307121613,0.35800721796909557,0.6025694889596883
"TOPIC: NASA has decided to send the ""Golden Record of Comics"" into space, and you get to make one contribution! What is the ONE comic book you want future alien Wednesdaisies to read to learn about the diversity of life and culture on Earth?",neither,0.05778692068529562,0.35512163697800764,0.5870914423366967
Panic at the Disco,neither,0.038066346228188386,0.33648917221111313,0.6254444815606985
Loopy is excellent,neither,0.0495192247997867,0.32691392345999004,0.6235668517402233
Hey @Chix_with_Joystix ! Good to see you here again! :D,neither,0.12729231195108448,0.3547252281469871,0.5179824599019284
oh man BURNING MAN hype,neither,0.04390005122235925,0.3903563400011549,0.565743608776486
collective nouns are so much fun!,neither,0.0653377074120812,0.3310265721802974,0.6036357204076215
ooh so lucky,neither,0.03941062109460624,0.37736938138074116,0.5832199975246526
@RMutt1917 Not yet! It looks really pretty though!!,neither,0.03716963061043503,0.33495109155099095,0.6278792778385739
I was wondering...about the burning man time,neither,0.0365448369448174,0.40153219202535534,0.5619229710298272
Burning What? :P,neither,0.04644688196614929,0.325405590977308,0.6281475270565426
Parliment of owls!,neither,0.03945320844208391,0.33037608806864915,0.630170703489267
And a bunch of jerky magpies.,neither,0.0412790600509824,0.45860548266193635,0.5001154572870812
<3,neither,0.03945320844208391,0.33037608806864915,0.630170703489267
Isn't there going to be a Shakespearean theater at Burning Man this year?,neither,0.04185658180637922,0.36942274481123,0.5887206733823909
was it commitee of falcons?,neither,0.03787009842116268,0.33299486190033195,0.6291350396785054
Unkindness of Ravens,neither,0.03945320844208391,0.33037608806864915,0.630170703489267
Welcome new daisies!,neither,0.044121557119446486,0.21234270025793012,0.7435357426226235
i’m getting out of work right now and i’m going to taco bell,neither,0.035911364041912495,0.3860113779473801,0.5780772580107073
"I'd love to go to Burning Man, I just feel super sheltered",neither,0.044411656662693554,0.3994586271466053,0.5561297161907012
Parliament of Funkadelic,neither,0.03945320844208391,0.33037608806864915,0.630170703489267
"@runningfool11 I meant to pick that up today, but did not make it to my shop :/",neither,0.033697767337396455,0.38464426261720536,0.5816579700453982
These nerds,neither,0.05206627965619074,0.43093815278865416,0.516995567555155
Loop or Normal this Awesome,neither,0.039382138250592516,0.33158233469667786,0.6290355270527297
"Yes, I am that guy who would go to Burning Man just for the Shakespeare.",neither,0.034279255636642955,0.4082564651003133,0.5574642792630438
YAY THERAPY,neither,0.03945320844208391,0.33037608806864915,0.630170703489267
a Wednes of Daisies,neither,0.03945320844208391,0.33037608806864915,0.630170703489267
Yay!!,neither,0.03945320844208391,0.33037608806864915,0.630170703489267
@RMutt1917 Oh no! Go tomorrow! :D,neither,0.04604339776327616,0.2937615243399535,0.6601950778967703
I truly love how many daisies are Neuro Atypical people,neither,0.098016113260139,0.2948778988018739,0.607105987937987
Daily Wednesdays are always so warm and happu,neither,0.05914167440933422,0.3406481590162751,0.6002101665743906
<3,neither,0.03945320844208391,0.33037608806864915,0.630170703489267
happy*,neither,0.03945320844208391,0.33037608806864915,0.630170703489267
Woot Therapy🎉,neither,0.03945320844208391,0.33037608806864915,0.630170703489267
we're all a mess and it's wonderful,neither,0.054021558080742334,0.32988376710076395,0.6160946748184938
@Deathstar_Taco *applauds*,neither,0.03945320844208391,0.33037608806864915,0.630170703489267
Hugs for the hug included,neither,0.03448043533555893,0.2974545368694846,0.6680650277949564
"@The_TBoyce well, it wouldn't be my only reason, but it would certainly be up there.",neither,0.02839197697325895,0.3928826727357138,0.5787253502910273
yea I should really go back,neither,0.05482432625972967,0.38047263051315927,0.5647030432271111
Studio plague?,neither,0.03945320844208391,0.33037608806864915,0.630170703489267
"@RMutt1917 I promise you, your shop is (probably) still there!",neither,0.08911300443099607,0.34512091605072137,0.5657660795182825
@llamacorn_misanthropy *bows humbly*,neither,0.03945320844208391,0.33037608806864915,0.630170703489267
@igilboa1 The just came back from Gen Con,neither,0.0362679563066798,0.320772243772345,0.6429597999209752
@misssunflower94 Exactly!,neither,0.03945320844208391,0.33037608806864915,0.630170703489267
awwwwww,neither,0.03945320844208391,0.33037608806864915,0.630170703489267
Yeah I definitly didnt buy all 4 of her books after that episode... :x,offensive_language,0.02354507494433277,0.5933071759178281,0.3831477491378391
this is so soft I love it,neither,0.04288806972207944,0.3931330941656822,0.5639788361122383
Awwww,neither,0.03945320844208391,0.33037608806864915,0.630170703489267
oh hey @cinphoria,neither,0.04724942694866229,0.25746865428102644,0.6952819187703113
"I really want a Parliament afrofuturist comic. Star Child taking back the pyramids, etc.",neither,0.03897699211824317,0.3160218175031643,0.6450011903785926
@igilboa1 probably the GenCon plague that we all got >.>,offensive_language,0.03300384023013424,0.5125156885853953,0.45448047118447044
Hi @misssunflower94 ;),neither,0.03945320844208391,0.33037608806864915,0.630170703489267
this is too soft,neither,0.04909306925307042,0.3339845802341806,0.6169223505127491
LOVE U CREW,neither,0.035773833482267814,0.3476391827408179,0.6165869837769142
YAY CREW!,neither,0.03945320844208391,0.33037608806864915,0.630170703489267
Crew doesn't get enough love,neither,0.03646591579367606,0.3500117182846361,0.613522365921688
Some of us are the bad kind of mess.... O.o,neither,0.08050218471408176,0.28830952181949926,0.631188293466419
the mountain = mount justice,neither,0.03878037935174075,0.3181436005097447,0.6430760201385146
Mood lighting,neither,0.03945320844208391,0.33037608806864915,0.630170703489267
Mutiny SwiftRage,neither,0.03945320844208391,0.33037608806864915,0.630170703489267
I love Taliesin’s running commentary when he reads out our letters,neither,0.03177362160816145,0.379440438493239,0.5887859398985995
oh wow,neither,0.04699983224225219,0.25967008852857676,0.6933300792291711
Yay crew!,neither,0.03945320844208391,0.33037608806864915,0.630170703489267
writer hype!,neither,0.03945320844208391,0.33037608806864915,0.630170703489267
gandsGnSLadders gandsGnSLadders gandsGnSLadders,neither,0.03945320844208391,0.33037608806864915,0.630170703489267
pants!,neither,0.03945320844208391,0.33037608806864915,0.630170703489267
<3 <3 <3,neither,0.03945320844208391,0.33037608806864915,0.630170703489267
@runningfool11 yeah. planning on it for tomorrow. missed going the last 2 or 3 weeks,neither,0.024146964001265012,0.39100923590240005,0.584843800096335
oh no the crew is getting too powerful,neither,0.04444274741770231,0.3453210641910879,0.6102361883912099
jean crotch,neither,0.03945320844208391,0.33037608806864915,0.630170703489267
WE gandsLessthanthree AND gandsTWC CREW,neither,0.0383383300722483,0.2848714739045555,0.6767901960231963
"Sentient mountain reminds me of adventure time, I'd love to see that",neither,0.033905429475406645,0.3965904500050328,0.5695041205195606
"Inspired by the Captain Underpants books, I wrote and illustrated comic books as a kid. However, I was forced to stop by both my teacher and my parents.",neither,0.03224983351589746,0.4257559993370408,0.5419941671470617
power up that crew,neither,0.03323314892786465,0.42240762549075916,0.5443592255813762
Power level over 9000!!!,neither,0.03634675483600659,0.3322711291652114,0.6313821159987819
i wonder whats filling in the hole left by the absence of the critical role set,neither,0.03862912834018471,0.3273770747009365,0.6339937969588788
<3,neither,0.03945320844208391,0.33037608806864915,0.630170703489267
Tal admits to having powers,neither,0.044075553474468364,0.32764893964770037,0.6282755068778313
lester’s possum park,neither,0.03945320844208391,0.33037608806864915,0.630170703489267
He finally admits he has powers,neither,0.0474364092266167,0.3230863625160774,0.6294772282573059
does chief have people outside asking for electric funds? :),neither,0.039738365357240235,0.3928041283360962,0.5674575063066636
AWWW,neither,0.03945320844208391,0.33037608806864915,0.630170703489267
awwwww look at that,neither,0.036474783269604544,0.39584149540569863,0.5676837213246968
WhatIsCallisto6,neither,0.03945320844208391,0.33037608806864915,0.630170703489267
"I did meet you, Matt! Love you all! <3",offensive_language,0.07211578648553625,0.5115013132178996,0.4163829002965643
"as retired theatre crew I love all the love chat gives the G&S crew. Warms the depths of my cold, black, stage manager heart lol",neither,0.03505207817113182,0.40483498939024737,0.5601129324386208
that's sup cuteeee,neither,0.03441373728318629,0.3854653984740369,0.5801208642427768
:D,neither,0.03945320844208391,0.33037608806864915,0.630170703489267
Those are amazing!,neither,0.12256272624868411,0.1929602865131354,0.6844769872381805
Oh those are so good!,neither,0.1342168251629745,0.18727677984712224,0.6785063949899033
awwww,neither,0.03945320844208391,0.33037608806864915,0.630170703489267
Wednesday Club Power Activate!,neither,0.03945320844208391,0.33037608806864915,0.630170703489267
Talisen has always had powers,neither,0.03815393401203794,0.3764427070217989,0.5854033589661631
Are those crocheted?,neither,0.19711976439175002,0.13092839752797145,0.6719518380802787
awesome!,neither,0.03945320844208391,0.33037608806864915,0.630170703489267
this is wonderful,neither,0.04959008194734716,0.32877495885699387,0.621634959195659
oh dang those are cool,neither,0.13092256989645756,0.15098798229806656,0.7180894478054759
that is prety cute and amazing,neither,0.04494505024465476,0.29625999573724277,0.6587949540181024
@Clodia_ramen oh is this your letter? it's lovely! Welcome to the Wednesday Club!,neither,0.0713587802788458,0.28265405853916253,0.6459871611819917
cross stitch by the look of them,neither,0.05178891520397865,0.34469825926283276,0.6035128255331886
Those are fantastic!,neither,0.1121368514693466,0.2044576429845008,0.6834055055461528
They're cross stitch,neither,0.05463825892265918,0.30629185526806263,0.6390698858092781
<3,neither,0.03945320844208391,0.33037608806864915,0.630170703489267
probably cross stitch,neither,0.038488147128527946,0.3467556971690241,0.6147561557024479
crossstitch I think @The_TBoyce,neither,0.04078787600207219,0.3077232963708793,0.6514888276270485
@Clodia_ramen Oh lovely!,neither,0.045695983327835026,0.2713197213800484,0.6829842952921167
@misssunflower94 Thank you so much!,offensive_language,0.054628503582362625,0.47454195832596063,0.47082953809167677
@llamacorn_misanthropy They are as much part of the family as the hosts!,neither,0.04834830631986338,0.3254576719747647,0.626194021705372
@generic__nerd pyramid powers,neither,0.03945320844208391,0.33037608806864915,0.630170703489267
Dogs need outside. brb while i let them in the yard,neither,0.03570612628515577,0.3346200746646473,0.6296737990501969
"OK, I want this cross-stitch pattern now",neither,0.03951030159117739,0.32940706832728694,0.6310826300815356
"""we're working on it""",neither,0.05445015985597981,0.3164859152683626,0.6290639248756575
They still do that here.,neither,0.09816533028233564,0.3479628552171188,0.5538718145005455
Knotts Berry Farm does them still!,neither,0.03538589662338914,0.45641115068614757,0.5082029526904633
I want to go to the Tiny Train to Ghost Town,neither,0.05365566507525883,0.3122084810277662,0.634135853896975
I would just say exective goth powers,neither,0.03538141214834698,0.3428831114709635,0.6217354763806896
yo there’s a creepy blood moon outside rn,neither,0.03942585768735045,0.3462195658126599,0.6143545764999896
so many high fives,offensive_language,0.035027247858732645,0.49123115449707844,0.4737415976441889
hello chat,neither,0.03945320844208391,0.33037608806864915,0.630170703489267
The letter was so heartwarming,neither,0.03817792718600627,0.36347469994912424,0.5983473728648695
*high fives all of chat*,offensive_language,0.03745373956352777,0.49568906627292514,0.46685719416354715
should there be a high five counter?,neither,0.04587392215727584,0.39174737277945343,0.5623787050632707
They are SO loopy today,neither,0.07654788086229179,0.293987976077941,0.6294641430597672
High fives are great feliciaYEAH,neither,0.0637047892544731,0.3436004784280872,0.5926947323174397
Dickens on the Strand! Come to Galveston!,neither,0.04138656263655653,0.36337329001372876,0.5952401473497148
It's fantastic,neither,0.03769120445960379,0.3309821220359783,0.6313266735044178
The Dickens Fair? It will be the best of times. It will be the worst of times.,neither,0.03858044771324372,0.27499011754757596,0.6864294347391804
@chaoticloony its so lovely. Crew does such hard work to make the people up front look good,offensive_language,0.037436238339176135,0.5391104879956603,0.4234532736651635
High five chat!,neither,0.03626757584530068,0.4058067625439284,0.5579256616107708
*high five* @misssunflower94,neither,0.035430809497031104,0.4256094199322522,0.5389597705707165
!highfive chat,neither,0.03945320844208391,0.33037608806864915,0.630170703489267
Alexanderhero83 reaches up and delivers chat a crisp high five,neither,0.035266558684161196,0.3863217386591507,0.5784117026566881
killer robots are bad,neither,0.06593620064865849,0.2773239393815402,0.6567398599698014
there are killer robots?,neither,0.07136323093034339,0.23021094234197334,0.6984258267276834
is sepia an option for the extra bonus twitch handle color?,neither,0.04058176349034925,0.3017641954860642,0.6576540410235866
!highfive,neither,0.03945320844208391,0.33037608806864915,0.630170703489267
*high fives chat*,neither,0.035430809497031104,0.4256094199322522,0.5389597705707165
wait wait tell us about the killer robots?,neither,0.0626355208466502,0.3330211757677325,0.6043433033856174
o no killer robots! Is it from Wednesday Club Archnemesis Jody Houser??,neither,0.04381261853508258,0.3264447502682182,0.6297426311966994
crassPawspurr amytfaKakraww,neither,0.03945320844208391,0.33037608806864915,0.630170703489267
You're all very welcome!!! <3,neither,0.08924349764217814,0.4334325582275809,0.477323944130241
Hello peoples,neither,0.03945320844208391,0.33037608806864915,0.630170703489267
are you sure they arent friendly robots?,neither,0.07091262776581327,0.4456170442539806,0.4834703279802061
killer robots??,neither,0.03945320844208391,0.33037608806864915,0.630170703489267
Yes Amy I like stabbing things as well,neither,0.04607868905572659,0.3703963284484408,0.5835249824958327
Nice Pee Wee voice.,neither,0.03945320844208391,0.33037608806864915,0.630170703489267
Hi @BoardtoSeth87,neither,0.03945320844208391,0.33037608806864915,0.630170703489267
@misssunflower94 when aren't there killer robots?,neither,0.0303266204164128,0.3360706703441962,0.6336027092393911
They're not killer robots...Only maiming robots..,neither,0.056762502038467645,0.3059284859003128,0.6373090120612196
,neither,0.03945320844208391,0.33037608806864915,0.630170703489267
Do all the letters. I think I see mine,neither,0.041588020107000266,0.3642450390094488,0.594166940883551
Emphasis! EMPHASIS,neither,0.03945320844208391,0.33037608806864915,0.630170703489267
!highfive nightbot,neither,0.03945320844208391,0.33037608806864915,0.630170703489267
Alexanderhero83 reaches up and delivers nightbot a crisp high five,neither,0.03487086915675038,0.3916874527896188,0.5734416780536309
maybe the killer robots are also friendly,neither,0.05838834513725151,0.28204285306318805,0.6595688017995603
Oh man! I used to watch on my phone at work too!,neither,0.039766783554117446,0.43181554798794364,0.5284176684579389
VOD SQUAD,neither,0.03945320844208391,0.33037608806864915,0.630170703489267
back! Lmao the neighbor kid woofed at my dogs and got them hyped,neither,0.03644781566237805,0.39475510426539995,0.5687970800722222
Ok I'm present,neither,0.03939706067929928,0.33132906213708846,0.6292738771836124
"I do that a lot at data entry jobs: it's technically a podcast is I'm listening, not watching. :D",neither,0.04026980493950911,0.3674752286602762,0.5922549664002148
Hello #ThursdayClub,neither,0.03945320844208391,0.33037608806864915,0.630170703489267
"In soviet russia, car drive you!",neither,0.04561221605261496,0.47089030699192097,0.483497476955464
"@master0Lp English only in chat, please",neither,0.03945320844208391,0.33037608806864915,0.630170703489267
*at a lot,neither,0.03815397848920583,0.3698276163951609,0.5920184051156333
"I'm normally vod squad, and we are just as cool as Live Squad",neither,0.04820108626317705,0.3327520720611012,0.6190468416757219
So what's the topic tonight?,neither,0.04093149382128064,0.33037603638163326,0.628692469797086
LUL,neither,0.03945320844208391,0.33037608806864915,0.630170703489267
I do it at work because of the tedious tasks I have to do if I'm not doing agriculture stuff/fieldwork,neither,0.02972703843952859,0.377130113920067,0.5931428476404044
Thursday Club is valid,neither,0.04865664214809623,0.3272106051881536,0.6241327526637501
Hype vod squad,neither,0.03945320844208391,0.33037608806864915,0.630170703489267
@mogodontsocialize It's a show and tell episode,neither,0.05192395979507579,0.21762232737080903,0.7304537128341151
Is there a podcast version of The Wednesday Club to keep drivers safe?,neither,0.04779997033110447,0.29264023858966526,0.6595597910792302
you're so valid @Im_Sylien,offensive_language,0.1586095539812853,0.4645589987875699,0.3768314472311449
Matttttttt,neither,0.03945320844208391,0.33037608806864915,0.630170703489267
I am definitely VOD Squad.,neither,0.03926061790803856,0.3304423287846623,0.6302970533072991
Taliesin is Matt's shirt as soft as it looks,neither,0.04083890985494854,0.3733630363561711,0.5857980537888803
MAT KEY FOR CR!,neither,0.03505476170695696,0.3083971463278167,0.6565480919652265
@misssunflower94 :*,neither,0.03945320844208391,0.33037608806864915,0.630170703489267
everyday is a wednesday if you're watching a wednesday club episode,neither,0.04879810380523422,0.3653254001189428,0.5858764960758229
@vexelghost nope. but you can always watch the vod in audio only mode,neither,0.048740124580375695,0.38408226229671616,0.5671776131229082
ayyy i'm a Thurday clubber,neither,0.03945320844208391,0.33037608806864915,0.630170703489267
probably best you didn't,neither,0.03452515453224172,0.44779662666387565,0.5176782188038827
Taliesin don't apologize!,neither,0.03945320844208391,0.33037608806864915,0.630170703489267
"Did he mouth ""I'm sorry""",neither,0.04538543387290746,0.3283357237172174,0.6262788424098751
?,neither,0.03945320844208391,0.33037608806864915,0.630170703489267
mood,neither,0.03945320844208391,0.33037608806864915,0.630170703489267
Matt and Amy should be guests on Critical Role in the near future!,neither,0.04323445839843986,0.3253522209301185,0.6314133206714415
Taliesin is weirdly relatable and it's wonderful,neither,0.04624457261149856,0.2823148849786134,0.671440542409888
@Im_Sylien He did,neither,0.049581437287855294,0.3268925257325521,0.6235260369795926
gandsTWC gandsTWC gandsTWC,neither,0.03945320844208391,0.33037608806864915,0.630170703489267
Hail the prince of darkness,neither,0.038812223144182936,0.31873223822992264,0.6424555386258944
<3,neither,0.03945320844208391,0.33037608806864915,0.630170703489267
@Im_Sylien probably most likely,neither,0.03827291318241517,0.35040877895039635,0.6113183078671884
why is he sitting like that,neither,0.0464966990477328,0.4036697179644682,0.5498335829877989
"@misssunflower94 right? like, WEIRDLY, but it's so soft",neither,0.04390129363129173,0.428590509431896,0.5275081969368123
Amy is so good,neither,0.0473039989897823,0.3749906520879272,0.5777053489222905
"Sorry, realized this works of vods due to subs. FailFish",neither,0.043625794513985294,0.32888649069925696,0.6274877147867577
"Awww, so ture",neither,0.03940873201331527,0.3852271981970228,0.5753640697896619
<3 #EnthusiArmy o7,neither,0.03945320844208391,0.33037608806864915,0.630170703489267
Amy is ABSOLUTELY an Internet Sensation,neither,0.04608448301718406,0.32396805895796016,0.629947458024856
Whatttt? Amy is very much an internet sensation,neither,0.041976334150229784,0.32611113122091717,0.6319125346288531
Amy is sunshine,neither,0.04683511566580346,0.32783711167260843,0.625327772661588
@softLucky Matt doesn't like to sit normally because that's boring,neither,0.04803334701572072,0.3645361429035921,0.5874305100806873
