text,top_class,hate_speech,offensive_language,neither
whew... close one.,neither,0.03822446863017775,0.3754642113124957,0.5863113200573266
f,neither,0.03945320844208391,0.33037608806864915,0.630170703489267
aaaaaah,neither,0.03945320844208391,0.33037608806864915,0.630170703489267
,neither,0.03945320844208391,0.33037608806864915,0.630170703489267
Refresh!!,neither,0.03945320844208391,0.33037608806864915,0.630170703489267
#refresh,neither,0.03945320844208391,0.33037608806864915,0.630170703489267
i thought my internet died lolol,neither,0.03281897497926072,0.3179148868124933,0.649266138208246
F,neither,0.03945320844208391,0.33037608806864915,0.630170703489267
Way to send us back to reality ...,neither,0.08955272779631511,0.3163235100512425,0.5941237621524423
F5 quick!,neither,0.03945320844208391,0.33037608806864915,0.630170703489267
WHAT???,neither,0.057770773616808734,0.3180719994247239,0.6241572269584672
Sword of omens give me sight beyond sight😁🤣,neither,0.03544149305548276,0.3514556665879833,0.613102840356534
panicBasket panicBasket,neither,0.03945320844208391,0.33037608806864915,0.630170703489267
oh jeez scoob that was scary,neither,0.04061430857086842,0.32367815964493085,0.6357075317842008
Oh good wasn't just me,neither,0.03138342898952235,0.3423679525574643,0.6262486184530134
"oops, wrong button",neither,0.03945320844208391,0.33037608806864915,0.630170703489267
IT came back right away,neither,0.038459655741762404,0.32550500686795225,0.6360353373902854
Refresh!,neither,0.03945320844208391,0.33037608806864915,0.630170703489267
Nooooo,neither,0.03945320844208391,0.33037608806864915,0.630170703489267
were back,neither,0.039949478692595033,0.2960586047043182,0.6639919166030868
i was scared for a sec,neither,0.033863340756816525,0.3047991298942155,0.661337529348968
gandsJohnson gandsDick,neither,0.03945320844208391,0.33037608806864915,0.630170703489267
MAX!,neither,0.03945320844208391,0.33037608806864915,0.630170703489267
yay!,neither,0.03945320844208391,0.33037608806864915,0.630170703489267
gandsRage,neither,0.03945320844208391,0.33037608806864915,0.630170703489267
what happened,neither,0.04722295797655572,0.3248777811305592,0.6278992608928851
hmm the eye fascinating,neither,0.047460008416562165,0.3107785733899494,0.6417614181934884
WHAT HAPPENED ???,neither,0.04722295797655572,0.3248777811305592,0.6278992608928851
what happened?,neither,0.04722295797655572,0.3248777811305592,0.6278992608928851
what did I miss?,neither,0.03686804772469507,0.32860615125000875,0.6345258010252961
What spell was cast?,neither,0.04410814353915577,0.32871711978373713,0.6271747366771071
what did he cast?,neither,0.050425582234303226,0.3246637233394507,0.6249106944262461
F,neither,0.03945320844208391,0.33037608806864915,0.630170703489267
How far in is this?,neither,0.04953384463336911,0.32878495462254537,0.6216812007440856
we are good,neither,0.08665834601387189,0.2596692568480009,0.6536723971381271
Break happen yet?,neither,0.03945320844208391,0.33037608806864915,0.630170703489267
"consume fjord, consume!",neither,0.03945320844208391,0.33037608806864915,0.630170703489267
ohh no,neither,0.038391190278684685,0.34840130794807905,0.6132075017732364
"""Wrong lever, Grog!!!""",neither,0.03945320844208391,0.33037608806864915,0.630170703489267
how do you refresh,neither,0.05904940717517289,0.37896005877843036,0.5619905340463967
Huh?,neither,0.03945320844208391,0.33037608806864915,0.630170703489267
feliciaYEAH feliciaYEAH,neither,0.03945320844208391,0.33037608806864915,0.630170703489267
CHAOS!!!,neither,0.03945320844208391,0.33037608806864915,0.630170703489267
Isn't it back? F5,neither,0.03749601607097482,0.331049256273309,0.6314547276557162
Nope,neither,0.03945320844208391,0.33037608806864915,0.630170703489267
A Dinosaur Story!,neither,0.03945320844208391,0.33037608806864915,0.630170703489267
GryphonCompanion : Any lore to suggest Loun restricts Time foolery in this world like Mystra does in Faerun?,neither,0.0384020720183254,0.44609789817890605,0.5155000298027685
Missed 20 seconds?,neither,0.03945320844208391,0.33037608806864915,0.630170703489267
The eye in the sword moves when he casts a spell,neither,0.03998033687177263,0.3380761120114062,0.6219435511168211
well! lost THAT info!,neither,0.03578373922150629,0.3702497968129741,0.5939664639655197
keeps crashing again and again for me though I keep refreshing on app,neither,0.02937904000959559,0.3536159078459675,0.6170050521444369
He cast witch bolt and the eye followed its trajectory.,neither,0.04276840753048979,0.29412890063577307,0.6631026918337372
bruh,neither,0.03945320844208391,0.33037608806864915,0.630170703489267
Gah!,neither,0.03945320844208391,0.33037608806864915,0.630170703489267
What just happened there?,neither,0.04004292857563039,0.30262165151856746,0.6573354199058021
The gent,neither,0.03613032604487659,0.2619290779399786,0.7019405960151449
TearGlove,neither,0.03945320844208391,0.33037608806864915,0.630170703489267
Bidet,neither,0.03945320844208391,0.33037608806864915,0.630170703489267
you can tell when everyone refreshes by the amount of sub notifications,neither,0.03788804610353135,0.4637081565590036,0.49840379733746515
We have a subscriber-only Discord server! Join here: https://discord.gg/geekandsundry (you'll need to sub and link it to your Twitch) and be a part of the fun!...Warning: It can take up to an hour for the server to update and give you access to the channels,neither,0.08464076273808444,0.286394834032893,0.6289644032290227
Am I the only one hearing the music go all haunted house,neither,0.03927349206620984,0.3817844082115485,0.5789420997222416
what did he cast?,neither,0.050425582234303226,0.3246637233394507,0.6249106944262461
gandsFjord,neither,0.03945320844208391,0.33037608806864915,0.630170703489267
,neither,0.03945320844208391,0.33037608806864915,0.630170703489267
lol,neither,0.020706217963973744,0.4882283491876925,0.4910654328483337
Oh god,neither,0.047523175703714664,0.25506489023357065,0.6974119340627147
Crash! What happened?,neither,0.04503705625435491,0.3263755808451839,0.6285873629004611
Thanks Woodsy,neither,0.035884468650613,0.3004919205142699,0.6636236108351171
Fordy.....Fordy......FORDY.... FORDYCATS HOOOOOOOOO,neither,0.03945320844208391,0.33037608806864915,0.630170703489267
my pc froze there wtf,offensive_language,0.032124991819201386,0.539203400147762,0.4286716080330366
WB,neither,0.03945320844208391,0.33037608806864915,0.630170703489267
eye wonder why it does that... how odd,neither,0.024517304712653423,0.4546118626016376,0.5208708326857089
Damn it crashed on the ps4,offensive_language,0.039962115251908514,0.7044764285731294,0.255561456174962
i have been listening and doing school work but now i can finally join chat! Bidet from Missouri,neither,0.03757105952206929,0.31045895799962586,0.6519699824783047
That falchion drew power from the internet,neither,0.03660824210101604,0.33613560142335597,0.6272561564756279
#spookyexit,neither,0.03945320844208391,0.33037608806864915,0.630170703489267
spooky,neither,0.03945320844208391,0.33037608806864915,0.630170703489267
Witch bolt was cast,neither,0.039350005012751994,0.3321277196038996,0.6285222753833484
oh noooo,neither,0.045551730371242716,0.27262385067210176,0.6818244189566555
,neither,0.03945320844208391,0.33037608806864915,0.630170703489267
@Woodsy_515 Thank you,neither,0.07325166854587051,0.43632638485078484,0.49042194660334476
lol @GaeaCa <3,neither,0.020706217963973744,0.4882283491876925,0.4910654328483337
break yet?,neither,0.03945320844208391,0.33037608806864915,0.630170703489267
He has the Sword of Thundara? Sight beyond sight!,neither,0.04200946182688442,0.31703315726345493,0.6409573809096606
whew,neither,0.03945320844208391,0.33037608806864915,0.630170703489267
@GaeaCa OUCH! I'm in here!,neither,0.09315669289866287,0.2884096435431138,0.6184336635582234
No break yet,neither,0.03845216876600977,0.34736634387700166,0.6141814873569886
no break yet,neither,0.03845216876600977,0.34736634387700166,0.6141814873569886
break yet?,neither,0.03945320844208391,0.33037608806864915,0.630170703489267
yes,neither,0.03945320844208391,0.33037608806864915,0.630170703489267
0 viewers spooky,neither,0.03945320844208391,0.33037608806864915,0.630170703489267
GETTIN THAT GOOD BREAKFAST,neither,0.034962027001928,0.37289192358895235,0.5921460494091195
anyone know what that dust or powder was that they bought before from Pumat?,neither,0.036393031555183794,0.40077180472853396,0.5628351637162823
Yep PS4 crashes. What happened with fjord?,neither,0.035150134286461805,0.3522977135687211,0.6125521521448171
oh man,neither,0.0497452509521963,0.354443561064239,0.5958111879835646
visting slaves,neither,0.03945320844208391,0.33037608806864915,0.630170703489267
Falchion! Grant me sight beyond sight!,neither,0.035283302998296254,0.35231933457422604,0.6123973624274778
Some NEWBIE hit END STREAM!!,neither,0.03222954542303805,0.34288042208944747,0.6248900324875144
The gentleman is gay confirmed cant sit in a chair properly,neither,0.12992682170776426,0.2437097761025876,0.6263634021896481
the other channel is breaking :(,neither,0.0457792026119905,0.3137737352871187,0.6404470621008909
Can someone describe what happened with Fjord's sword? It stopped working for me!,neither,0.02870002032381276,0.3504085536490062,0.620891426027181
"Help G&S make great content! $4.99/month gets you emotes, Minecraft server access, sub-only VODs, and more! Every sub keeps the channel alive! twitch.tv/geekandsundry/subscribe",neither,0.043907990691603095,0.31135964332838284,0.644732365980014
it made food taste better,neither,0.038105862601792745,0.3308395020864806,0.6310546353117267
@shadowstorm_0 shit you beat me to it,offensive_language,0.058331911087652476,0.9415896338469203,7.84550654272978e-05
just a brief Fjord Escape,neither,0.03561768902364558,0.3483541968069822,0.6160281141693723
gandsGandsPoo gandsGandsPoo gandsGandsPoo gandsGandsPoo,neither,0.03945320844208391,0.33037608806864915,0.630170703489267
hello all,neither,0.04217753453783664,0.43734383323855475,0.5204786322236087
PokGengar PokGengar PokWeavile PokGengar PokMaskedpika PokMewtwo PokGengar PokGarchomp PokMewtwo PokChandelure PokChandelure PokGarchomp PokChandelure PokChandelure PokChandelure PokGengar PokWeavile PokGengar PokGengar PokWeavile PokGengar PokWeavile,neither,0.03945320844208391,0.33037608806864915,0.630170703489267
A Riker maneuver,neither,0.03945320844208391,0.33037608806864915,0.630170703489267
wow,neither,0.03945320844208391,0.33037608806864915,0.630170703489267
Just missed the last 3 minutes because of internet crap. YAY :/,neither,0.03623970803751498,0.3331053522348745,0.6306549397276106
did it freeze fire everyone else?,neither,0.03386803505909376,0.40903983079326944,0.5570921341476368
gandsMolly,neither,0.03945320844208391,0.33037608806864915,0.630170703489267
"He cast a spell to see how the eye in his falchion reacted, and the eye followed the spell to its target",neither,0.061815178140431526,0.2907617601465883,0.6474230617129804
gandsMolly,neither,0.03945320844208391,0.33037608806864915,0.630170703489267
TableHere,neither,0.03945320844208391,0.33037608806864915,0.630170703489267
stream froze for me too,neither,0.029254626505503676,0.34046619957485186,0.6302791739196445
It froze for me too,neither,0.02617509629299472,0.34363122794089707,0.6301936757661082
yes,neither,0.03945320844208391,0.33037608806864915,0.630170703489267
bah!,neither,0.03945320844208391,0.33037608806864915,0.630170703489267
mine froze in and out,neither,0.03477114644837248,0.30841299517286025,0.6568158583787673
I really love this sailor background!,neither,0.037027636991397404,0.34257353455466094,0.6203988284539417
gandsFjord gandsFjord gandsFjord gandsFjord gandsFjord gandsFjord gandsFjord gandsFjord gandsFjord gandsFjord gandsFjord gandsFjord gandsFjord gandsFjord gandsFjord gandsFjord gandsFjord gandsFjord gandsFjord gandsFjord gandsFjord gandsFjord gandsFjord gandsFjord gandsFjord gandsFjord gandsFjord gandsFjord gandsFjord gandsFjord gandsFjord gandsFjord gandsFjord,neither,0.03945320844208391,0.33037608806864915,0.630170703489267
"It did freeze a few times, yes",neither,0.03834904292190358,0.3307558612232144,0.630895095854882
yep freezy,neither,0.03945320844208391,0.33037608806864915,0.630170703489267
Go Fjord,neither,0.04276165647058889,0.34190019769565555,0.6153381458337556
doodYelp doodBeamL doodBeamR doodMaxhype,neither,0.03945320844208391,0.33037608806864915,0.630170703489267
Are they an hour or two hours into the stream?,neither,0.05537484439798033,0.280109441717514,0.6645157138845058
Ok it’s not just me,neither,0.02384119893997779,0.4105465274355892,0.565612273624433
I bet he's been under a few bellies...,neither,0.044039743709599455,0.333586411890069,0.6223738444003315
why is the qactual critical role channel not streaming this?,neither,0.03527264227920432,0.3322752974415444,0.6324520602792512
Same here,neither,0.14187967449237004,0.2733123625359359,0.584807962971694
Is it frozen for anyone else?,neither,0.03934588464364534,0.303400648897649,0.6572534664587056
someone broke the critical role stream,neither,0.03883837463323534,0.31921485391234844,0.6419467714544161
@Jakosg20 1 hour 45,neither,0.03945320844208391,0.33037608806864915,0.630170703489267
2,neither,0.03945320844208391,0.33037608806864915,0.630170703489267
gandsCaleb,neither,0.03945320844208391,0.33037608806864915,0.630170703489267
:3 oh noes,neither,0.051363287716059566,0.22255663153133606,0.7260800807526044
aye..no bueno,neither,0.038222277561565966,0.3512681975846475,0.6105095248537866
reload,neither,0.03945320844208391,0.33037608806864915,0.630170703489267
"Gentleman: ""Quite a scope. I would say... make an invest- I mean, uh..""",neither,0.0392835176906784,0.3247887963886987,0.6359276859206231
!uptime,neither,0.03945320844208391,0.33037608806864915,0.630170703489267
@NaturalNoOne refresh,neither,0.03945320844208391,0.33037608806864915,0.630170703489267
Squid1 Squid2 Squid2 Squid2 Squid3 Squid2 Squid2 Squid2 Squid4,neither,0.03945320844208391,0.33037608806864915,0.630170703489267
what if the Gentleman is Jester's dad,neither,0.03259939674662472,0.35745291193745987,0.6099476913159154
"Refresh if you're frozen, seems to be fine",neither,0.05151868575382571,0.3792771239820128,0.5692041902641615
@cacoariza11 1 hour 45,neither,0.03945320844208391,0.33037608806864915,0.630170703489267
ooh the music is so good for the evening nip,neither,0.040091856152417324,0.20390262462184724,0.7560055192257354
so what happened with his sword when he cast a spell?,neither,0.044976490294247835,0.40585040738643025,0.5491731023193218
Port Tamale!,neither,0.03945320844208391,0.33037608806864915,0.630170703489267
"refresh, it should be fine",neither,0.04973930370178138,0.3682394791806739,0.5820212171175447
sorry guys my fat ass internet broke the stream.,offensive_language,0.21154322422304975,0.7529765091725484,0.035480266604401844
I only had one extremely short hiccup. I haven't missed any time on my end.,neither,0.03129000606786612,0.40664766154908977,0.5620623323830443
love tamales,neither,0.03217296676969875,0.3657703709031763,0.602056662327125
!critmusic,neither,0.03945320844208391,0.33037608806864915,0.630170703489267
"The Critical Role theme song is written by Jason Charles Miller (bit.ly/CRsong ). The new Critical Role theme song can be found on the iTunes and the iPhone ringtone stores: http://itunes.apple.com/album/id1331550250?ls=1&app=itunes | The new song for the fan art reel is ""Welcome to Wildemount"" by Colm McGuinness - https://www.youtube.com/watch?v=WEQC2HyhgTc | The old fan art music is Twin Elms from the Pillars of Eternity Soundtrack ( youtu.be/WYMLvmilS24 ).",neither,0.04363656438293476,0.26524577529506377,0.6911176603220014
Yesssss more Matt dwarves,neither,0.04107124086562675,0.3219183037835808,0.6370104553507926
Gentleman's totally with the Myriad.,neither,0.03111437212798586,0.3449560883759003,0.6239295394961137
The Gentleman sounds a bit like Gilmore tonight :P,neither,0.044225280406846625,0.3120615063500477,0.6437132132431056
Post Tamales,neither,0.03945320844208391,0.33037608806864915,0.630170703489267
ITS THE ONE!,neither,0.02783652686919373,0.35765185095278046,0.6145116221780259
that may actually be something someone just says to a priest lol could be confusing,neither,0.034734220673109946,0.3889905620897407,0.5762752172371494
Get K'thriss Drow'b out here to solve the mystery.... oh wait wrong game,neither,0.07487584104626163,0.24810516663190338,0.6770189923218349
stream still down here,neither,0.08334536930731365,0.3077594473144372,0.6088951833782492
@Thokdok it seemed to look at the target when a spell was cast,neither,0.036139483116240066,0.3621525744322516,0.6017079424515084
they doing a break soon?,neither,0.03945320844208391,0.33037608806864915,0.630170703489267
63HP!?!?!?!?!,neither,0.03945320844208391,0.33037608806864915,0.630170703489267
who is fjord talking to??,neither,0.06781068660363232,0.4173909283440278,0.5147983850523399
What happened with Fjord's sword when he cast the spell?,neither,0.03202276107207255,0.3687487385256653,0.5992285004022622
@hellbreaker85 Refresh your browser,neither,0.0780690733417637,0.3196259537601841,0.6023049728980522
gentleman,neither,0.03945320844208391,0.33037608806864915,0.630170703489267
@bombadillo82 gentleman,neither,0.03945320844208391,0.33037608806864915,0.630170703489267
The gentleman is super paranoid. I really wonder why.,neither,0.03581926514043675,0.32823915210748655,0.6359415827520767
gandsLore,neither,0.03945320844208391,0.33037608806864915,0.630170703489267
the frontier!,neither,0.03613032604487659,0.2619290779399786,0.7019405960151449
@hellbreaker85 refresh should fix it,neither,0.04870747349508741,0.36225638469314025,0.5890361418117722
the gentleman,neither,0.03843498882663835,0.31168514531390124,0.6498798658594604
I eye looked at the target,neither,0.04510892567276396,0.3341307006095251,0.620760373717711
@xavia619 the eye followed the trajectory of Witch Bolt,neither,0.04465870108672062,0.30362336621509495,0.6517179326981845
oh shit,offensive_language,0.04652059265363964,0.9534729203614298,6.486984930600159e-06
oof,neither,0.03945320844208391,0.33037608806864915,0.630170703489267
Gentleman,neither,0.03945320844208391,0.33037608806864915,0.630170703489267
OH NO,neither,0.04751210705993949,0.26629718932274826,0.6861907036173122
Fjord is so handsome,neither,0.04951426752576614,0.38124462776860285,0.5692411047056309
Oh,neither,0.051363287716059566,0.22255663153133606,0.7260800807526044
She KNOWS!,neither,0.04183743384707913,0.4676524545570374,0.4905101115958835
where do i know this song from?,neither,0.04353681677819337,0.28712413980660856,0.669339043415198
oh no oh no oh no,neither,0.04751210705993949,0.26629718932274826,0.6861907036173122
Uh-oh,neither,0.04643193976314166,0.26471338503087416,0.6888546752059841
i needed some fjord time,neither,0.02941565361621275,0.36827454437483786,0.6023098020089493
oof,neither,0.03945320844208391,0.33037608806864915,0.630170703489267
ahh crap,neither,0.03945320844208391,0.33037608806864915,0.630170703489267
someone should tell the Gentleman it's not safe to use the same password on all his accounts,neither,0.03607977010726454,0.43406714114333494,0.5298530887494004
KREE,neither,0.03945320844208391,0.33037608806864915,0.630170703489267
o shit,offensive_language,0.041595751201534026,0.9584042484281707,3.702953810110442e-10
does the gentleman leave a wet spot in every chair he sits in?,neither,0.0337143673070878,0.39056106549583036,0.5757245671970818
well then,neither,0.03945320844208391,0.33037608806864915,0.630170703489267
OH NO,neither,0.04751210705993949,0.26629718932274826,0.6861907036173122
oh boy...,neither,0.04768565599480007,0.25364348607606696,0.698670857929133
uhoh,neither,0.03945320844208391,0.33037608806864915,0.630170703489267
heck,neither,0.03945320844208391,0.33037608806864915,0.630170703489267
ooooffffff,neither,0.03945320844208391,0.33037608806864915,0.630170703489267
here comes,neither,0.12209370305222103,0.2711714044228145,0.6067348925249645
Oh damn,offensive_language,0.05096471030591599,0.9063512536062347,0.04268403608784929
ahahaha,neither,0.03945320844208391,0.33037608806864915,0.630170703489267
lol,neither,0.020706217963973744,0.4882283491876925,0.4910654328483337
gandsLHMercer,neither,0.03945320844208391,0.33037608806864915,0.630170703489267
ruh roh,neither,0.03945320844208391,0.33037608806864915,0.630170703489267
LOL,neither,0.020706217963973744,0.4882283491876925,0.4910654328483337
oh no....,neither,0.04751210705993949,0.26629718932274826,0.6861907036173122
oh god no,neither,0.045468968717594996,0.2817578918884762,0.6727731393939287
OF,neither,0.03945320844208391,0.33037608806864915,0.630170703489267
LUL,neither,0.03945320844208391,0.33037608806864915,0.630170703489267
oops,neither,0.03945320844208391,0.33037608806864915,0.630170703489267
Shit,offensive_language,0.041595751201534026,0.9584042484281707,3.702953810110442e-10
oh shit,offensive_language,0.04652059265363964,0.9534729203614298,6.486984930600159e-06
shiiiiiiiiet,neither,0.03945320844208391,0.33037608806864915,0.630170703489267
*record scratches*,neither,0.03945320844208391,0.33037608806864915,0.630170703489267
oh NOOOOOO,neither,0.051363287716059566,0.22255663153133606,0.7260800807526044
lmaoo,neither,0.03945320844208391,0.33037608806864915,0.630170703489267
Is there a way to rewind the stream or do I have to wait for them to replay the episode?,neither,0.058044946403665795,0.2765368972686518,0.6654181563276823
lololol,neither,0.03945320844208391,0.33037608806864915,0.630170703489267
uh oh,neither,0.04643193976314166,0.26471338503087416,0.6888546752059841
that poker face though,neither,0.03604846075862246,0.36732813316991586,0.5966234060714617
THE IMMEDIATE HAND ON THE MOUTH,neither,0.034804858359149045,0.31143855885477983,0.6537565827860712
gandsFjord,neither,0.03945320844208391,0.33037608806864915,0.630170703489267
uhoh,neither,0.03945320844208391,0.33037608806864915,0.630170703489267
The scent,neither,0.03843498882663835,0.31168514531390124,0.6498798658594604
Ohhhhhhhhhhhhhh no,neither,0.036918905254960256,0.37338982715841207,0.5896912675866277
BIG OOOFFFF,neither,0.013558625667907201,0.4542814836427737,0.532159890689319
oh no,neither,0.04751210705993949,0.26629718932274826,0.6861907036173122
GET EM,neither,0.03853198617258056,0.34601163418066344,0.615456379646756
@PilleMille WoW,neither,0.03945320844208391,0.33037608806864915,0.630170703489267
oof,neither,0.03945320844208391,0.33037608806864915,0.630170703489267
BibleThump BibleThump BibleThump BibleThump,neither,0.03945320844208391,0.33037608806864915,0.630170703489267
oh no LOL,neither,0.03375245701710422,0.36080648637950946,0.6054410566033864
Cornered!,neither,0.03945320844208391,0.33037608806864915,0.630170703489267
Welll sjot,neither,0.03945320844208391,0.33037608806864915,0.630170703489267
ohhhhhhh no,neither,0.036918905254960256,0.37338982715841207,0.5896912675866277
the poor tabaxi...,neither,0.03812050270363504,0.30567067662848607,0.6562088206678788
uh ohhh,neither,0.03945320844208391,0.33037608806864915,0.630170703489267
ohhhhhhhh shiiiiiiitttttttttt,neither,0.03945320844208391,0.33037608806864915,0.630170703489267
lol,neither,0.020706217963973744,0.4882283491876925,0.4910654328483337
faaaacckkkkk,neither,0.03945320844208391,0.33037608806864915,0.630170703489267
TAL'S FACE,neither,0.03945320844208391,0.33037608806864915,0.630170703489267
"Noooo, don't make the kitty sad!",neither,0.03876322102055122,0.3178259771426274,0.6434108018368214
what would fiddling with Molly's blood tell her???,offensive_language,0.027153496514287903,0.5233034943090521,0.44954300917665996
they did tell the gentlemen molly died,neither,0.03867865573788137,0.31625585952980856,0.6450654847323101
OH NOOOOOOOO,neither,0.04522550427656808,0.27558419280407476,0.6791903029193572
RuleFive RuleFive RuleFive RuleFive,neither,0.03945320844208391,0.33037608806864915,0.630170703489267
TALS FACE,neither,0.03945320844208391,0.33037608806864915,0.630170703489267
Fjord's backstory is soo creepy,neither,0.047838036871249746,0.3274921610804993,0.6246698020482508
oh no,neither,0.04751210705993949,0.26629718932274826,0.6861907036173122
oopsies,neither,0.03945320844208391,0.33037608806864915,0.630170703489267
BibleThump,neither,0.03945320844208391,0.33037608806864915,0.630170703489267
shit,offensive_language,0.041595751201534026,0.9584042484281707,3.702953810110442e-10
gandsMolly gandsMolly gandsMolly gandsMolly gandsMolly,neither,0.03945320844208391,0.33037608806864915,0.630170703489267
*jazz music stops*,neither,0.03945320844208391,0.33037608806864915,0.630170703489267
YOU AINT GETTING RID OF MOLLY THAT EASILY,offensive_language,0.04493423295288609,0.4978921741899283,0.45717359285718556
gandsMolly gandsMolly gandsMolly gandsMolly gandsMolly,neither,0.03945320844208391,0.33037608806864915,0.630170703489267
matts just gotta drag it out lol,neither,0.023998070368859568,0.4374479653989324,0.538553964232208
oh no :(,neither,0.04751210705993949,0.26629718932274826,0.6861907036173122
TALS FACE,neither,0.03945320844208391,0.33037608806864915,0.630170703489267
BibleThump BibleThump,neither,0.03945320844208391,0.33037608806864915,0.630170703489267
OH YIKES,neither,0.051363287716059566,0.22255663153133606,0.7260800807526044
No no no no no no no no no,neither,0.036918905254960256,0.37338982715841207,0.5896912675866277
WutFace,neither,0.03945320844208391,0.33037608806864915,0.630170703489267
gandsMolly BibleThump BibleThump,neither,0.03945320844208391,0.33037608806864915,0.630170703489267
err,neither,0.03945320844208391,0.33037608806864915,0.630170703489267
shitshitshitshit,neither,0.03945320844208391,0.33037608806864915,0.630170703489267
taaaallL,neither,0.03945320844208391,0.33037608806864915,0.630170703489267
They have Molly's blood... :(,neither,0.03892540290815519,0.3393343254420985,0.6217402716497463
gandsTrinketArmor,neither,0.03945320844208391,0.33037608806864915,0.630170703489267
gandsMolly LONG MAY HE REIGN gandsMolly,neither,0.04521711622168524,0.30629261230542987,0.6484902714728848
gandsMolly gandsMolly gandsMolly gandsMolly gandsMolly,neither,0.03945320844208391,0.33037608806864915,0.630170703489267
"Streams going in and out on me, does the cat know?",neither,0.021236531585578606,0.4395305644070962,0.5392329040073252
yikes!!,neither,0.03945320844208391,0.33037608806864915,0.630170703489267
"@Jakosg20 no way to rewind a live show, but you can go watch the VOD from the start",neither,0.07245991003664201,0.28564724150627874,0.6418928484570793
gandsMolly gandsMolly gandsMolly gandsMolly,neither,0.03945320844208391,0.33037608806864915,0.630170703489267
BibleThump,neither,0.03945320844208391,0.33037608806864915,0.630170703489267
taliesin looks weirdly smug,neither,0.03945320844208391,0.33037608806864915,0.630170703489267
gandsMolly gandsMolly gandsMolly gandsMolly gandsMolly gandsMolly gandsMolly gandsMolly gandsMolly gandsMolly gandsMolly gandsMolly gandsMolly,neither,0.03945320844208391,0.33037608806864915,0.630170703489267
tell her everything you fool,offensive_language,0.044557769975662104,0.6233511702971091,0.33209105972722874
dont lie,neither,0.03945320844208391,0.33037608806864915,0.630170703489267
Oh nooo not the feels again,neither,0.04021332980784967,0.3067326930506005,0.6530539771415497
They lied and now Fjord is stuck with the mess lol,neither,0.030012407025894413,0.3529729939901259,0.6170145989839796
gandsLHMercer,neither,0.03945320844208391,0.33037608806864915,0.630170703489267
VANISH FORD,neither,0.03945320844208391,0.33037608806864915,0.630170703489267
Uh oh,neither,0.04643193976314166,0.26471338503087416,0.6888546752059841
Oh shit gandsMolly gandsMolly gandsMolly gandsMolly gandsMolly,offensive_language,0.04652059265363964,0.9534729203614298,6.486984930600159e-06
@Jakosg20 go to the VOD by clicking Videos,neither,0.04833853445795969,0.360026931651145,0.5916345338908953
gandsMolly gandsMolly gandsMolly gandsMolly gandsMolly gandsMolly,neither,0.03945320844208391,0.33037608806864915,0.630170703489267
OHHH NOOOO,neither,0.03945320844208391,0.33037608806864915,0.630170703489267
BibleThump,neither,0.03945320844208391,0.33037608806864915,0.630170703489267
gandsMolly gandsMolly gandsMolly gandsMolly gandsMolly gandsMolly,neither,0.03945320844208391,0.33037608806864915,0.630170703489267
you can rewind the stream on Youtube (and watch at double speed),neither,0.04803594489731573,0.3382028727016243,0.6137611824010599
BibleThump BibleThump gandsMolly gandsMolly,neither,0.03945320844208391,0.33037608806864915,0.630170703489267
She's still got Molly's blood. Of course she'll realize it eventually.,neither,0.038127073036221176,0.4780445456977007,0.4838283812660781
BibleThump BibleThump BibleThump BibleThump BibleThump BibleThump BibleThump BibleThump BibleThump BibleThump BibleThump,neither,0.03945320844208391,0.33037608806864915,0.630170703489267
omg I have to pee. I cant miss this!,neither,0.03820085543563581,0.33782733623604755,0.6239718083283167
why are they avoiding telling her?,offensive_language,0.038317141308467834,0.49543180373871587,0.46625105495281627
yea..... this isn't ending well,neither,0.03920503922405637,0.3345881673686253,0.6262067934073183
stream just came back for me what did I miss,neither,0.026873003125795568,0.3494028503867062,0.6237241464874982
She'll be so sad!!! D:,offensive_language,0.04194810707545226,0.49810257148214315,0.45994932144240464
gandsMolly gandsMolly gandsMolly gandsMolly gandsMolly gandsMolly gandsMolly gandsMolly,neither,0.03945320844208391,0.33037608806864915,0.630170703489267
it's blink the fuck o'clock. bye!!,offensive_language,0.14585577284266257,0.8437094862353463,0.010434740921991335
she controls the blood,neither,0.03973747834146138,0.3898836996850477,0.570378821973491
gandsMolly gandsMolly,neither,0.03945320844208391,0.33037608806864915,0.630170703489267
OH no BibleThump,neither,0.04751210705993949,0.26629718932274826,0.6861907036173122
@Tact474 TMI,neither,0.03945320844208391,0.33037608806864915,0.630170703489267
WHY WONT THEY JUST TELL HER,offensive_language,0.019771559183528,0.5710084892493348,0.4092199515671372
sAVE MOLLYMAUK,neither,0.03945320844208391,0.33037608806864915,0.630170703489267
BibleThump,neither,0.03945320844208391,0.33037608806864915,0.630170703489267
Sigmund Fjord,neither,0.03945320844208391,0.33037608806864915,0.630170703489267
just tell the cat hes dead already,neither,0.03454044417215846,0.34784103055660764,0.617618525271234
gandsMolly gandsMolly gandsMolly gandsMolly gandsMolly gandsMolly gandsMolly,neither,0.03945320844208391,0.33037608806864915,0.630170703489267
The sudden silence though,neither,0.03867580776119523,0.3162028426862224,0.6451213495525825
T_T,neither,0.03945320844208391,0.33037608806864915,0.630170703489267
gandsMolly gandsMolly gandsMolly gandsMolly gandsMolly gandsMolly gandsMolly gandsMolly gandsMolly gandsMolly gandsMolly gandsMolly gandsMolly gandsMolly gandsMolly gandsMolly gandsMolly gandsMolly,neither,0.03945320844208391,0.33037608806864915,0.630170703489267
"Tal is like ""What's going on""",neither,0.059302064424763934,0.37469880737084565,0.5659991282043904
gandsMolly gandsMolly gandsMolly gandsMolly gandsMolly gandsMolly gandsMolly gandsMolly gandsMolly gandsMolly,neither,0.03945320844208391,0.33037608806864915,0.630170703489267
rennySip Fjord is only 6 away,neither,0.05434633374849792,0.29190957299163683,0.6537440932598653
THE BEARD STROKE,neither,0.03861020846438818,0.31497910053247946,0.6464106910031323
BibleThump BibleThump BibleThump BibleThump,neither,0.03945320844208391,0.33037608806864915,0.630170703489267
Just got in... the hell is happening?,offensive_language,0.04236700403916587,0.7013815593368384,0.2562514366239957
Who's talking? is it the cat lady?,neither,0.045087227835161454,0.3707406442873687,0.5841721278774699
gandsMolly gandsMolly gandsMolly,neither,0.03945320844208391,0.33037608806864915,0.630170703489267
gandsMolly gandsMolly gandsMolly gandsMolly gandsMolly gandsMolly,neither,0.03945320844208391,0.33037608806864915,0.630170703489267
Noo bleedPurple,neither,0.03945320844208391,0.33037608806864915,0.630170703489267
@waypen yup,neither,0.03945320844208391,0.33037608806864915,0.630170703489267
how did fjord and jester level up while captured?,neither,0.03679058503182395,0.3373115025912293,0.6258979123769469
loving this all,neither,0.04170284744675689,0.4268436888481145,0.5314534637051286
"dag, yo, lucien gone",neither,0.03959381788492464,0.4530770311341166,0.5073291509809585
that laura look,neither,0.03508390196461815,0.4135665721260566,0.5513495259093253
gandsMolly gandsMolly gandsMolly gandsMolly gandsMolly gandsMolly gandsMolly gandsMolly gandsMolly,neither,0.03945320844208391,0.33037608806864915,0.630170703489267
gandsCaleb :'(,neither,0.03945320844208391,0.33037608806864915,0.630170703489267
fjord's the fucking happy mask salesman,offensive_language,0.1079922499549157,0.8902997679426122,0.0017079821024720083
@waypen yes,neither,0.03945320844208391,0.33037608806864915,0.630170703489267
@waypen yea the Tabaxi,neither,0.037664106684748094,0.3087706633218914,0.6535652299933606
@waypen yes Kree the Tabaxi,neither,0.03792693523346674,0.3018940506289838,0.6601790141375495
gandsMolly,neither,0.03945320844208391,0.33037608806864915,0.630170703489267
gandsTrinketArmor,neither,0.03945320844208391,0.33037608806864915,0.630170703489267
,neither,0.03945320844208391,0.33037608806864915,0.630170703489267
you've met with a terrible fate haven't you?,neither,0.030548216491375194,0.4163627959498314,0.5530889875587933
I like the new guy,neither,0.05868435463008942,0.21807601304825935,0.7232396323216511
@b1gbgaming they all level up together,neither,0.03868734643419898,0.4651693756004238,0.4961432779653773
The idea of Kree being heartbroken recks me a bit {:..{,neither,0.03032303202435553,0.36695163242142076,0.6027253355542237
Hi,neither,0.03945320844208391,0.33037608806864915,0.630170703489267
my cat likes goldfish crackers,neither,0.03925633919970022,0.3288369261236998,0.6319067346766
There there kitty kitty.,neither,0.039372377722499616,0.2798781857961972,0.6807494364813031
Ask about who he was,neither,0.04436039828678682,0.4369471461064323,0.5186924556067808
gandsMolly gandsMolly gandsMolly gandsMolly gandsMolly,neither,0.03945320844208391,0.33037608806864915,0.630170703489267
gandsFjord gandsMolly Respects for the Honesty gandsFjord gandsMolly,neither,0.03221386954533963,0.2824659958921912,0.6853201345624691
Fjord went to talk to the Gentleman and Kree came up to him after to talk about Molly,neither,0.02952141325816537,0.3405988873268023,0.6298796994150323
BibleThump gone again,neither,0.03669226223969039,0.3772365506186781,0.5860711871416315
hi @gesmache,neither,0.03945320844208391,0.33037608806864915,0.630170703489267
"Lying to her in the first place was such a weird decision, they were in that same bar drinking to Molly's memory, it wasn't a secret...",neither,0.03664351413512558,0.398892117447925,0.5644643684169494
@b1gbgaming Matt's using Milestone leveling and they've gone through enough shit that they have enough experience to level like the rest of them,offensive_language,0.04811597793978806,0.8262487924396235,0.12563522962058854
she's going to be the end boss of this campaign because of all this lying,neither,0.04386050840720616,0.4327703800185971,0.5233691115741967
Poor Taliesin,neither,0.03945320844208391,0.33037608806864915,0.630170703489267
You've meet with a terrible fate haven't you?,neither,0.03050052067339121,0.4169425129130413,0.5525569664135674
tal lol,neither,0.031120645729857982,0.3912535864736078,0.5776257677965343
is keg gone for good?,neither,0.04000265812721448,0.3032938084753241,0.6567035333974613
gandsMolly gandsMolly gandsMolly gandsMolly gandsMolly,neither,0.03945320844208391,0.33037608806864915,0.630170703489267
LOL TAL,neither,0.031120645729857982,0.3912535864736078,0.5776257677965343
DAMN THAT SNEAKY TALIESIN LOOK.,offensive_language,0.04309316287763782,0.8178153630771219,0.13909147404524036
Just noticing Tal's smirk form then leave,neither,0.036054474757967775,0.34623948343653804,0.6177060418054942
that face,neither,0.032679346870247435,0.4049235998465656,0.562397053283187
"Oh, Taliesin's expression....",neither,0.04522550427656808,0.27558419280407476,0.6791903029193572
yaaaaaaaaaaaaaaaaaaas,neither,0.03945320844208391,0.33037608806864915,0.630170703489267
OMG TALIESINS FACE,neither,0.03945320844208391,0.33037608806864915,0.630170703489267
yessssssssssss,neither,0.03945320844208391,0.33037608806864915,0.630170703489267
Taliesin's barely contained grin does not go unnoticed. :P,neither,0.028367910126299134,0.4387858409057432,0.5328462489679576
Tal rubbing his hands LUL,neither,0.055525033128566194,0.33196013249133194,0.6125148343801019
tal :P,neither,0.03945320844208391,0.33037608806864915,0.630170703489267
"Tal's eager for his backstory to come out, fo' sho.",neither,0.0492685137576268,0.3363144994484868,0.6144169867938866
WTF IS THAT TALIESIN,offensive_language,0.05167297723415337,0.7371925537360801,0.21113446902976662
SHADOWRUNNERS :),neither,0.03945320844208391,0.33037608806864915,0.630170703489267
tal is eating this this shit U P,offensive_language,0.054928323901332995,0.9391355555856975,0.005936120512969566
tal is like yes tell me more,neither,0.049823229923155625,0.3649738715472263,0.585202898529618
gandsMolly gandsApplaud,neither,0.03945320844208391,0.33037608806864915,0.630170703489267
tal <3,neither,0.03945320844208391,0.33037608806864915,0.630170703489267
Wouldn't it be a hell of a plot twist if Molly pops back up in another person's dead body,offensive_language,0.04601316251277228,0.5572951801476641,0.3966916573395636
this is because taliesin might not know how he died,neither,0.050026632262661394,0.33172870826214784,0.6182446594751907
Talisen is learning his own characters backstory right now,neither,0.08986773822755437,0.3325373205550607,0.5775949412173851
"""I''ll just take my plot lines and go...""",neither,0.02834591424096182,0.381149820953623,0.5905042648054153
*intense staring*,neither,0.03945320844208391,0.33037608806864915,0.630170703489267
Tal is L O V I N G this.,neither,0.0484976811701294,0.3289671781834557,0.6225351406464149
Tal's face!,neither,0.03945320844208391,0.33037608806864915,0.630170703489267
taliesin: Oh lore?,neither,0.051363287716059566,0.22255663153133606,0.7260800807526044
gandsMolly,neither,0.03945320844208391,0.33037608806864915,0.630170703489267
poor tal :c,neither,0.03945320844208391,0.33037608806864915,0.630170703489267
Talisen seeing this pay off makes him so happy,neither,0.03921771033508395,0.3685152597607778,0.5922670299041382
gandsOwlbear Gone... but not forgotten I see,neither,0.03355593829534128,0.35150331541716634,0.6149407462874924
Sams grin...,neither,0.03945320844208391,0.33037608806864915,0.630170703489267
GIVE US THAT JUICY BACKSTORY,neither,0.07475997267563768,0.3638860933188944,0.5613539340054678
oh man I L O V E tal,neither,0.04503915155897707,0.343007897989222,0.6119529504518008
omg Talisen,neither,0.03945320844208391,0.33037608806864915,0.630170703489267
WAIT. WHAT IF IT'S ASTRID???,neither,0.02193570690851845,0.3968263331216865,0.5812379599697951
was molly a cult leader? PogChamp,neither,0.039334264896690174,0.33239487045189836,0.6282708646514115
TAL SMIRK,neither,0.03945320844208391,0.33037608806864915,0.630170703489267
...WAS LUCIAN A CULT LEADER??,neither,0.03929905982088887,0.3329923924661729,0.6277085477129382
Astrid?,neither,0.03945320844208391,0.33037608806864915,0.630170703489267
Astrid?,neither,0.03945320844208391,0.33037608806864915,0.630170703489267
gandsHecBird gandsHecBird,neither,0.03945320844208391,0.33037608806864915,0.630170703489267
ooOOohoo,neither,0.03945320844208391,0.33037608806864915,0.630170703489267
Except Molly was full of shit,offensive_language,0.06630464607471986,0.928605204046414,0.005090149878866025
i want to know what Sam is writing!,neither,0.0582863981270208,0.31782807272600605,0.6238855291469733
lol cult,neither,0.020706217963973744,0.4882283491876925,0.4910654328483337
If you thin TAL won't pull a Sam and move form one character back to another. You're wrong.,neither,0.08017184583909802,0.34154400135692103,0.5782841528039809
MOLLY BACKSTORY PogChamp,neither,0.03945320844208391,0.33037608806864915,0.630170703489267
"we knew that already, right?",neither,0.03365712373287267,0.40872996548382184,0.5576129107833055
"Molly: Though he may be dead, his story is not yet over.",neither,0.06406144602383897,0.3197721500700101,0.6161664039061509
Look at that smile lmao,neither,0.03544169988532152,0.413306073386899,0.5512522267277795
gandsMolly,neither,0.03945320844208391,0.33037608806864915,0.630170703489267
who was this mage women I wonder?,offensive_language,0.05065192078366295,0.5146345383897037,0.4347135408266332
Molly will create waves and waves.,neither,0.03971841287727281,0.29775191632968584,0.6625296707930413
Molly background still relevant without Molly,neither,0.0389546568721104,0.33883780932701646,0.6222075338008731
TALISEN X'D What a smirk!,neither,0.057770773616808734,0.3180719994247239,0.6241572269584672
that smirk on talison's face!,neither,0.02943467906874777,0.41727026459783106,0.5532950563334212
"CULT LEADER, I CALLED IT AGES AGO",neither,0.0383777492309206,0.3307459878071983,0.6308762629618812
What are you hiding TAL,neither,0.09089247284145625,0.32286751296084293,0.5862400141977009
Would be interesting if Molly was originally a drow and ended up getting many lives through their magic,neither,0.027807687890768644,0.3920670646468373,0.580125247462394
feliciaOoh,neither,0.03945320844208391,0.33037608806864915,0.630170703489267
"Taliesin, you scamp! I see that face!",neither,0.05760469689102063,0.46604658260336906,0.4763487205056103
cruelty. interesting,neither,0.03945320844208391,0.33037608806864915,0.630170703489267
"Molly in theory didn't remember any of this, right?",neither,0.028788420166414787,0.37398592181382195,0.5972256580197632
tal's smile tho,neither,0.03598355824079793,0.33810978283205184,0.6259066589271501
TAL'S FACE LMAO,neither,0.038485440374127856,0.34680163785525975,0.6147129217706123
WAIT,neither,0.03945320844208391,0.33037608806864915,0.630170703489267
!uptime,neither,0.03945320844208391,0.33037608806864915,0.630170703489267
this is great,neither,0.049196619522103385,0.2924512674041193,0.6583521130737773
HEAVEN'S GATE,neither,0.03945320844208391,0.33037608806864915,0.630170703489267
Confirmed: Molly ain't dead yet!,neither,0.023400889602321052,0.4878120587011645,0.48878705169651426
TaLiSIN waS aN INSidE JOb,neither,0.035945586695511865,0.15154320783467023,0.8125112054698178
@Kiwiteepee but we knew that,neither,0.030925795443088634,0.3963290448790451,0.5727451596778662
Tal is being sneaky LUL,neither,0.041222782688646604,0.3473557662313874,0.6114214510799659
@lividholysteve 1 hour 50,neither,0.03945320844208391,0.33037608806864915,0.630170703489267
"I gotta go, is there a way to get a timestamp to see how far in we are? Anybody know a trick?",neither,0.07011482905066367,0.2978290941557041,0.6320560767936323
"Just a reminder to everyone, Taliesin doesn't know any of this either. He said on talks he's just as much in the dark about Lucien's history as Molly was",neither,0.03467970078779192,0.41976252123246865,0.5455577779797395
Theory! yasha was a secret member of mollys past,neither,0.03936768812306993,0.331827591072564,0.6288047208043662
Tal's so excited awwwwww,neither,0.039417373559274174,0.36377300862051376,0.5968096178202121
TAL OmG,neither,0.03945320844208391,0.33037608806864915,0.630170703489267
TAL,neither,0.03945320844208391,0.33037608806864915,0.630170703489267
Molly Returns! Its gotta happen,neither,0.033783401406969275,0.3536160933544528,0.6126005052385779
lol,neither,0.020706217963973744,0.4882283491876925,0.4910654328483337
oooh,neither,0.03945320844208391,0.33037608806864915,0.630170703489267
XD his face is so devious,neither,0.10151690113705972,0.3868842336236995,0.5115988652392409
"I'm thinking Molly is more of a Nameless One type situation, where he's died and come back with different personas several times.",neither,0.039962824286802257,0.3346211052784307,0.625416070434767
Hello guys!,neither,0.0393123287649956,0.33276718385549703,0.6279204873795073
Molly cult leader confirmed?,neither,0.03945320844208391,0.33037608806864915,0.630170703489267
Don't you dare play with our hearts like this,neither,0.049639439793408506,0.41180016441191436,0.5385603957946771
WutFace,neither,0.03945320844208391,0.33037608806864915,0.630170703489267
oof,neither,0.03945320844208391,0.33037608806864915,0.630170703489267
oof,neither,0.03945320844208391,0.33037608806864915,0.630170703489267
Oh My.,neither,0.02748693229954249,0.40236076101129065,0.5701523066891669
oof,neither,0.03945320844208391,0.33037608806864915,0.630170703489267
savage,neither,0.03945320844208391,0.33037608806864915,0.630170703489267
I believe Molly is currently rather decomposed at the moment,neither,0.04371456081338347,0.33354527952578883,0.6227401596608277
Molly's dead. But Lucien might cmoe back...,neither,0.036468300594687544,0.3392282905642404,0.6243034088410719
TAL PLEASE STOP MY HEART,neither,0.030306505405834752,0.46142711599158265,0.5082663786025826
gandsMolly gandsMolly gandsMolly gandsMolly gandsMolly gandsMolly,neither,0.03945320844208391,0.33037608806864915,0.630170703489267
Wait he was only with the circus for 9 months,neither,0.030390726124196618,0.3248628168302176,0.6447464570455858
rude,neither,0.03945320844208391,0.33037608806864915,0.630170703489267
"Mariah’s eyeing Tal rather fierce, she knows something is up",neither,0.043176903377326784,0.40732679608272243,0.5494963005399507
matthew you're killing meeee,neither,0.07643077622998347,0.3440256718972613,0.5795435518727551
...,neither,0.03945320844208391,0.33037608806864915,0.630170703489267
Taliesin's face xD,neither,0.03945320844208391,0.33037608806864915,0.630170703489267
The difference is though Tal cast decompose on Mollys body. So maybe he cant ressurect again,neither,0.043305378985172956,0.3655605246254327,0.5911340963893943
Tals is just living for this! That face is everything.,neither,0.03976141531054289,0.3527935575867686,0.6074450271026886
Sam,neither,0.03945320844208391,0.33037608806864915,0.630170703489267
Ouch,neither,0.03945320844208391,0.33037608806864915,0.630170703489267
RUDE,neither,0.03945320844208391,0.33037608806864915,0.630170703489267
Shots fired.,neither,0.03945320844208391,0.33037608806864915,0.630170703489267
Woooooooooooooof,neither,0.03945320844208391,0.33037608806864915,0.630170703489267
"what, molly is definitely still dead, the last time he rose was because of the ritual",neither,0.04763713673567771,0.32788362514088276,0.6244792381234395
:O,neither,0.03945320844208391,0.33037608806864915,0.630170703489267
ouch,neither,0.03945320844208391,0.33037608806864915,0.630170703489267
I aintent dead yet...,neither,0.03945320844208391,0.33037608806864915,0.630170703489267
cutting deep feelsultrabadman,neither,0.03945320844208391,0.33037608806864915,0.630170703489267
@fondledondles alt + f4,neither,0.03945320844208391,0.33037608806864915,0.630170703489267
Is Caduceus just a temporary companion until spooky revival?,neither,0.04175606946711379,0.3446467771917918,0.6135971533410943
oh shit,offensive_language,0.04652059265363964,0.9534729203614298,6.486984930600159e-06
Oof my bones,neither,0.02572345269125892,0.4404145862843712,0.5338619610243699
Molly isn't the final boss Taliesien is,neither,0.045041174614152774,0.31553642929203624,0.6394223960938111
MAYBE YOU SHODDA WORE PROTECTION,neither,0.05309447734495737,0.3692018947130345,0.5777036279420081
@fondledondles If you turn it off now. You can come back later to view the vod right where you left off.,neither,0.05635024946835349,0.4380704917244683,0.5055792588071781
mmm damn...,offensive_language,0.04484014165447684,0.8412299715914188,0.11392988675410434
TAKE THAT BACK,neither,0.03369322923712214,0.39352531197585133,0.5727814587870266
"Cree, no",neither,0.036918905254960256,0.37338982715841207,0.5896912675866277
youch!,neither,0.03945320844208391,0.33037608806864915,0.630170703489267
gandsFjord gandsFjord gandsFjord gandsFjord gandsFjord gandsFjord,neither,0.03945320844208391,0.33037608806864915,0.630170703489267
BibleThump BibleThump BibleThump BibleThump,neither,0.03945320844208391,0.33037608806864915,0.630170703489267
Tal is totally hiding something from us. That smirk is evil looking,neither,0.07006007495927458,0.33576418705090105,0.5941757379898243
Daaaamn that’s a low blow 😶😶,neither,0.036290622901979215,0.36466104749374545,0.5990483296042752
Damn,offensive_language,0.042479326866149344,0.9516554255713155,0.005865247562535126
"I'm still so mad Molly is dead, such a potential storyline completely wasted",neither,0.04353477908266359,0.3602896022535733,0.596175618663763
ScaredyCat ScaredyCat ScaredyCat ScaredyCat,neither,0.03945320844208391,0.33037608806864915,0.630170703489267
fffff that,neither,0.026110925149043836,0.4791292047641166,0.4947598700868395
gandsFjord gandsNott,neither,0.03945320844208391,0.33037608806864915,0.630170703489267
"Tal, bring your Poker Face down from Willy Wonka just a pinch, wuldja? {:3",neither,0.05339875575257836,0.3278407314121713,0.6187605128352505
HOLY FUCK KREE what the hell that's looooooow,offensive_language,0.10831862515906375,0.891570401902602,0.00011097293833430778
Shots fired,neither,0.03945320844208391,0.33037608806864915,0.630170703489267
kiri final boss confirmed,neither,0.03945320844208391,0.33037608806864915,0.630170703489267
Tal's shit eating gring,offensive_language,0.04528677750690908,0.952533114850954,0.002180107642136953
Molly revenant is coming,neither,0.048947758171876306,0.327110477038275,0.6239417647898488
gandsFjord gandsMolly gandsFjord gandsMolly gandsFjord gandsMolly gandsFjord gandsMolly gandsFjord gandsMolly gandsFjord gandsMolly gandsFjord gandsMolly gandsFjord gandsMolly,neither,0.03945320844208391,0.33037608806864915,0.630170703489267
awesome!,neither,0.03945320844208391,0.33037608806864915,0.630170703489267
fast-forward to Tal playing Molly & Deuces at the same time,neither,0.0418156758690495,0.3465832225894657,0.6116011015414847
yyyyyyyyyyyyyyikessss.,neither,0.03945320844208391,0.33037608806864915,0.630170703489267
that was scanlands sword hes the final boss,neither,0.03616698031388544,0.3489851223939966,0.6148478972921181
matt with the swinging door ... which way will it go,neither,0.03272826942810145,0.3314992324997794,0.635772498072119
subbed. I'm still catching up with Campaign 1.,neither,0.029587296400127423,0.4032321285664939,0.5671805750333787
nice terry prattchet reference,neither,0.03945320844208391,0.33037608806864915,0.630170703489267
gandsMolly gandsMolly gandsMolly gandsMolly,neither,0.03945320844208391,0.33037608806864915,0.630170703489267
Molly is going to be such a great late game boss fight,neither,0.04660466167272223,0.3017843521638361,0.6516109861634416
TFW you wish you were still grog,neither,0.08806903757713254,0.4438779870964351,0.4680529753264324
damn it poor Fjord already felt guilty,offensive_language,0.042161514231628575,0.7018578119591963,0.2559806738091753
Crit on painful commentary,neither,0.03604994862660617,0.3468118372728627,0.617138214100531
"crying over my Frosted Flakes over here, I did not need my salty tears in my cereal damn it!",offensive_language,0.03665041938243685,0.6205641485767828,0.3427854320407805
lol,neither,0.020706217963973744,0.4882283491876925,0.4910654328483337
Pratchett <3,neither,0.03945320844208391,0.33037608806864915,0.630170703489267
even worse because fjord already blames himself most likely,neither,0.043683993557273315,0.2585686231945853,0.6977473832481415
oh for crap sake,neither,0.03823562848081619,0.2643007276259205,0.6974636438932632
Their carelessness? What the heck's that supposed to mean? I woulda got upset with her implying it was my fault Molly's dead.,offensive_language,0.027708747253334304,0.4987940373932947,0.47349721535337097
gandsFjord </3 gandsMolly,neither,0.03945320844208391,0.33037608806864915,0.630170703489267
