text,top_class,hate_speech,offensive_language,neither
Lore me Sempai!,neither,0.018491955366437673,0.460246435692358,0.5212616089412043
^,neither,0.03945320844208391,0.33037608806864915,0.630170703489267
gandsLore gandsLore gandsLore gandsLore,neither,0.03945320844208391,0.33037608806864915,0.630170703489267
Hi Ryan and Hector!,neither,0.03865039986561582,0.28968446037165835,0.6716651397627258
Ive never caught loremaster,neither,0.0355101583371276,0.3705282393596235,0.593961602303249
is it out of sync for anyone else?,neither,0.035156483532625085,0.3156517652866059,0.6491917511807689
HeyGuys,neither,0.03945320844208391,0.33037608806864915,0.630170703489267
gandsLore gandsLore gandsLore gandsLore,neither,0.03945320844208391,0.33037608806864915,0.630170703489267
"@charlotte_emmons It is a great show that does a ""deep dive"" on a topic!",neither,0.03636345178934576,0.3843615212498095,0.5792750269608448
"the audio was weird at the start, but it's better for me now",neither,0.02761180650443532,0.33901964514404126,0.6333685483515235
@UsualPlumbot maybe refresh?,neither,0.03945320844208391,0.33037608806864915,0.630170703489267
GEOFF! <#,neither,0.03945320844208391,0.33037608806864915,0.630170703489267
I demand gandsHug,neither,0.03945320844208391,0.33037608806864915,0.630170703489267
<3 even,neither,0.03724325705110317,0.3678847306871324,0.5948720122617644
when is critical role?,neither,0.036731799512772056,0.3718062288360914,0.5914619716511365
#weknow We took care of it,neither,0.0381673040814205,0.332919256796925,0.6289134391216545
#WeKnow about the thing that may or may not be happening on a technical level currently. The crew lives at least 30 seconds in the future and are likely already solving or have solved the problem! Thanks for your concern!,neither,0.04751991085222859,0.298407411164976,0.6540726779827954
Hi Geoff!,neither,0.03945320844208391,0.33037608806864915,0.630170703489267
@chaoticloony i kniw,neither,0.03945320844208391,0.33037608806864915,0.630170703489267
:D,neither,0.03945320844208391,0.33037608806864915,0.630170703489267
@waterhed 3 hours,neither,0.03945320844208391,0.33037608806864915,0.630170703489267
"much better now, thanks!",neither,0.03313320175739265,0.3125736381293303,0.654293160113277
Strength fitness can be geeky. Cosplaying Worf is probably easier if you've got shoulders.,neither,0.02560033673947093,0.4067305047421688,0.5676691585183602
Wow! A brick shit-house ain't got nothing on him,offensive_language,0.02732843421552074,0.965016827311843,0.007654738472636218
Just wait,neither,0.03231358217171386,0.3649524314916151,0.6027339863366711
Hello Everyone TwitchUnity YAY Beefachu <3,neither,0.034117347883358885,0.42093956723660414,0.5449430848800368
"One of the Math teachers I had in Jr. High was a strength athelete. I think he was, at the time, officially the 3rd strongest man in the world?",neither,0.03762883774194063,0.3881321910371045,0.5742389712209548
Hi @Leigh574,neither,0.03945320844208391,0.33037608806864915,0.630170703489267
ohai @Leigh574,neither,0.03945320844208391,0.33037608806864915,0.630170703489267
http://www.wheniscriticalrole.com/ <<< countdown clock to Critical Role (C2ep31) .,neither,0.04116065064107587,0.2597753030292712,0.6990640463296528
Hi @chaoticloony Hi @dayntee,neither,0.03945320844208391,0.33037608806864915,0.630170703489267
Is this the same as being a powerlifter? That sounds like what he's describing.,neither,0.052553676757280676,0.3983593260024003,0.5490869972403188
"Download the new Critical Role theme song for Campaign Two! http://itunes.apple.com/album/id1331550250?ls=1&app=itunes Sales of the song support the musician, Jason Charles Miller.",neither,0.04445767596344001,0.2510827790306858,0.7044595450058742
Hi @dayntee :),neither,0.03945320844208391,0.33037608806864915,0.630170703489267
I love how they propped up the couch lol,neither,0.027280166752400067,0.42603400659045,0.54668582665715
Sup @EricaTheStrange,neither,0.03945320844208391,0.33037608806864915,0.630170703489267
"Help G&S make great content! $4.99/month gets you emotes, Minecraft server access, sub-only VODs, and more! Every sub keeps the channel alive! twitch.tv/geekandsundry/subscribe",neither,0.043907990691603095,0.31135964332838284,0.644732365980014
Objects in the rear view mirror may appear closer than they are.,neither,0.05233102471244922,0.288301099210352,0.6593678760771988
Erika is tiny and Swole and is a living version of the star from super mario,neither,0.047555529263012604,0.26897081403917805,0.6834736566978092
wood under the cough to support all dat muscle,neither,0.0635922327663301,0.35148424229462216,0.5849235249390479
holy,neither,0.03945320844208391,0.33037608806864915,0.630170703489267
jebus,neither,0.03945320844208391,0.33037608806864915,0.630170703489267
Its a giant,neither,0.03205760280459098,0.33291977597733546,0.6350226212180734
Sheesh he is tall,neither,0.05268214069463719,0.3258260516463369,0.621491807659026
Large Bois in da house,neither,0.06433255169839353,0.420778426247306,0.5148890220543004
this feels like an optical illusion room.,neither,0.05051684339894115,0.34224543847593236,0.6072377181251264
daynteWtf,neither,0.03945320844208391,0.33037608806864915,0.630170703489267
He picked Goliath as his race,neither,0.38145034661282057,0.06435656921149499,0.5541930841756845
we need Travis to sit in the middle for the perfect picture,neither,0.03841778713013473,0.29345066350798,0.6681315493618851
"I'm not a small person, but I think I'm barely one of his legs.",neither,0.051904826795733966,0.3578703558887313,0.5902248173155347
looks like sbd is sitting in undies,neither,0.06288029155915828,0.34353899611932626,0.5935807123215155
No wonder they have supports under the couch!,neither,0.03792329869335796,0.33495849830936936,0.6271182029972727
"Not sure that couch could take that muscle density, @EricaTheStrange",neither,0.03026969889095017,0.47160047338568684,0.49812982772336295
I'd love to see Willingblam with these two :D,neither,0.03983659785553877,0.46857383886691,0.4915895632775512
"ah yes, G&S has killed a few couches in the past @dayntee",neither,0.03908079374492094,0.3134782356824944,0.6474409705725848
I'm so stoked G&S had powerlifters on! I just subbed and they instantly have a show talking about my sport. Feels like fate.,neither,0.03959029543798997,0.3774403480559551,0.5829693565060549
"Awesome, @red_topaz",neither,0.03945320844208391,0.33037608806864915,0.630170703489267
@EricaTheStrange . . . Ify . . . :P :D,neither,0.03945320844208391,0.33037608806864915,0.630170703489267
@red_topaz Glad that you enjoy this!,neither,0.05180306805448456,0.4284076976691271,0.5197892342763883
great timing :D @red_topaz,neither,0.03755358728743713,0.3050757550531077,0.6573706576594552
lol yep @Zismarith,neither,0.02963782528217849,0.40345788260388543,0.5669042921139362
awesome @red_topaz and Welcome to Subuniverse :),neither,0.045674125507773916,0.2855128231812806,0.6688130513109455
Geoff also makes a MEAN musubi,neither,0.039437218253403544,0.33024218828730556,0.630320593459291
"also I am ok thanks, How are you? @dayntee",neither,0.07892469122311846,0.3086096562907389,0.6124656524861427
Haha!,neither,0.03186685585600258,0.45913629025701075,0.5089968538869867
Big fan of these big lads. GivePLZ,neither,0.022852678972415098,0.47115691007970106,0.5059904109478838
Thew wizards of the coast!,neither,0.0388198473737956,0.31887301434413384,0.6423071382820706
@dayntee always drooling when he showed food on this and erika's stream.,neither,0.03224885456390858,0.3823486479107194,0.585402497525372
"It's been a crazy day, but good. :) @EricaTheStrange",neither,0.025053107130530185,0.43716678918036866,0.5377801036891012
Holy wow Nick Best really does look like Thanos :O,neither,0.03560574182800692,0.42761674860049864,0.5367775095714944
gandsHappy gandsHappy gandsHappy gandsHappy,neither,0.03945320844208391,0.33037608806864915,0.630170703489267
gandsHappy gandsHappy gandsHappy gandsHappy gandsHappy gandsHappy,neither,0.03945320844208391,0.33037608806864915,0.630170703489267
#EnthusiArmy RAID amydFocus amydFocus amydFocus amydFocus,neither,0.03945320844208391,0.33037608806864915,0.630170703489267
ENTHUSIARMY RAID,neither,0.03945320844208391,0.33037608806864915,0.630170703489267
"He's a great chef, @Leigh574",neither,0.045191142154958744,0.2903263632450124,0.6644824946000287
Welcome Enthusiarmy <3 <3 <3,neither,0.03945320844208391,0.33037608806864915,0.630170703489267
Hey EnthusiaArmy,neither,0.03945320844208391,0.33037608806864915,0.630170703489267
"Welcome, Amy and EnthusiArmy!",neither,0.038684903632370565,0.2916231220829233,0.6696919742847062
gandsPencil gandsHappy gandsHappy amydFocus amydFocus,neither,0.03945320844208391,0.33037608806864915,0.630170703489267
Hugs for the hug inclined,neither,0.03454421066142405,0.2978767114667817,0.6675790778717943
!whodat,neither,0.03945320844208391,0.33037608806864915,0.630170703489267
"Ryan Green ( twitter.com/HydroSnail ), Hector Navarro ( twitter.com/Hectorisfunny ) with guests Geoff Bisente ( twitter.com/GeoffMetalNinja ), and, Martins Licis ( instagram.com/martinslicis ).",neither,0.03494170782241108,0.43140200846925036,0.5336562837083386
Welcome @Enthusiamy and Raiders!,neither,0.038684903632370565,0.2916231220829233,0.6696919742847062
Pull a plane... like ya do. :D,offensive_language,0.0349502391803167,0.5799589714645723,0.38509078935511093
"i just did 20 pushups, im so fit right now",neither,0.03457314407748969,0.4207501453050928,0.5446767106174175
Hi @Enthusiamy :),neither,0.03945320844208391,0.33037608806864915,0.630170703489267
Hi Enthusiarmy Raiders!,neither,0.03945320844208391,0.33037608806864915,0.630170703489267
Nice! BloodTrail,neither,0.03945320844208391,0.33037608806864915,0.630170703489267
ramaS ramaS,neither,0.03945320844208391,0.33037608806864915,0.630170703489267
Welcome Amy and raiders.,neither,0.038822933363010945,0.2991577467117473,0.6620193199252418
I am just starting a strong man routine.,neither,0.036079144631694864,0.3910460363362958,0.5728748190320093
"I gotta go to a meeting, but wonderful to see you all. Much love to Ryan and Geoff!! <3 <3 <3",neither,0.05474258308968863,0.3988013185553111,0.5464560983550002
I cast detect glass,neither,0.03945320844208391,0.33037608806864915,0.630170703489267
err glams,neither,0.03945320844208391,0.33037608806864915,0.630170703489267
this is such a cool and unique episode,neither,0.045038422411421884,0.29617021490322115,0.6587913626853569
He is huge,neither,0.06010293382983051,0.32327370060220345,0.616623365567966
I feel sorry for that couch,neither,0.030809396863876216,0.34095712738616096,0.6282334757499628
I was just thinking I might do some strength training today,neither,0.03133343817715491,0.33920131599070535,0.6294652458321398
Ouch. >.<,neither,0.03945320844208391,0.33037608806864915,0.630170703489267
Strength training is a resource management game.,neither,0.044638108743070885,0.29863307356458685,0.6567288176923424
Oh yeah,neither,0.022533380315967178,0.4254575626619046,0.5520090570221282
O_o,neither,0.03945320844208391,0.33037608806864915,0.630170703489267
if only stretch marks were fetching...,neither,0.02797967032719208,0.3518431797510694,0.6201771499217386
"so what's better on bed , brains aside, a weight lifter or marathon runner?",neither,0.04064700334090397,0.3588611875229888,0.6004918091361072
Looking at this interview is like watching WOW characters talk to NPC's. In the difference in the models,neither,0.03957533630860849,0.3345693053391482,0.6258553583522434
my brother did a pinky guitar exercise obsessively and developed a huge muscle on the pinkie side of his left hand,neither,0.0389487503334409,0.36232455473636455,0.5987266949301946
pics???????,neither,0.03945320844208391,0.33037608806864915,0.630170703489267
"@eclecticsoundwavesophist its kinda subjective, endurance vs cuddletown",neither,0.033187260734532854,0.3325312348140835,0.6342815044513836
^,neither,0.03945320844208391,0.33037608806864915,0.630170703489267
magical pikachu just dance guy,neither,0.035192185372316276,0.35525087529942023,0.6095569393282635
@UsualPlumbot more like lvl 90s talking to lowbies about the benefits and risks of their training methods,neither,0.04824263008623131,0.31452543675014716,0.6372319331636215
Hey,neither,0.03945320844208391,0.33037608806864915,0.630170703489267
@charlotte_emmons I have it on good authority... that endurance cuddling is s worthy sport,neither,0.038379973267894836,0.3656981174923646,0.5959219092397405
do they charge these guys double for airline tickets?,neither,0.0412188806919991,0.3526382881713567,0.6061428311366442
Insert Rocky training montage.,neither,0.03945320844208391,0.33037608806864915,0.630170703489267
the Volkswagen frame carry,neither,0.03861648535751482,0.3150964103613859,0.6462871042810993
@EclecticSoundwaveSophist not if they help them launch enough other airplanes,neither,0.03185506277977763,0.37647081886159206,0.5916741183586303
carrying trees like in god of war lol,neither,0.040564020395765475,0.38104928061886617,0.5783866989853683
