text,top_class,hate_speech,offensive_language,neither
dasbifHype Corp.,neither,0.03945320844208391,0.33037608806864915,0.630170703489267
"@SundaySleeper NEW SHOW, much hype, extreme excite",neither,0.04873865779280459,0.2216545309644236,0.7296068112427717
gandsHype gandsHype gandsHype,neither,0.03945320844208391,0.33037608806864915,0.630170703489267
We have a subscriber-only Discord server! Join here: https://discord.gg/geekandsundry (you'll need to sub and link it to your Twitch) and be a part of the fun!...Warning: It can take up to an hour for the server to update and give you access to the channels,neither,0.08464076273808444,0.286394834032893,0.6289644032290227
@murderbanjo cyberpunk superheroes,neither,0.03945320844208391,0.33037608806864915,0.630170703489267
SourPls,neither,0.03945320844208391,0.33037608806864915,0.630170703489267
Cypher hype! This is the biggest channel I've seen actually play ti!,neither,0.029420161057087748,0.31235962320799726,0.6582202157349151
AHHH,neither,0.03945320844208391,0.33037608806864915,0.630170703489267
,neither,0.03945320844208391,0.33037608806864915,0.630170703489267
I can't wait,neither,0.03991073413903658,0.3226106829444422,0.6374785829165213
EEE! EEEE!,neither,0.03945320844208391,0.33037608806864915,0.630170703489267
friskkROFL friskkSURE friskkROFL friskkSURE friskkROFL,neither,0.03945320844208391,0.33037608806864915,0.630170703489267
CAN'T CONTAIN HYPE,neither,0.039711004373443444,0.3260006183197092,0.6342883773068473
AAAAAHHHHH,neither,0.03945320844208391,0.33037608806864915,0.630170703489267
gandsHype gandsHype,neither,0.03945320844208391,0.33037608806864915,0.630170703489267
OMGOMG,neither,0.03945320844208391,0.33037608806864915,0.630170703489267
@GreenTea_Leaf Cypher System is really fun to play and really easy to learn,neither,0.051536411444239184,0.30233626032780725,0.6461273282279535
woot,neither,0.03945320844208391,0.33037608806864915,0.630170703489267
AHHHH!!!,neither,0.03945320844208391,0.33037608806864915,0.630170703489267
gandsHype gandsHype gandsHype gandsHype gandsHype gandsHype gandsHype gandsHype gandsHype,neither,0.03945320844208391,0.33037608806864915,0.630170703489267
@WOMS i am in just in time!,neither,0.032882343994714645,0.37723348858839173,0.5898841674168936
YES WERE IN,neither,0.03987206777581778,0.3014243924948788,0.6587035397293034
Yay,neither,0.03945320844208391,0.33037608806864915,0.630170703489267
ahhhhhghghhhhhg,neither,0.03945320844208391,0.33037608806864915,0.630170703489267
EEEHEHE! HYPE,neither,0.03945320844208391,0.33037608806864915,0.630170703489267
PogChamp,neither,0.03945320844208391,0.33037608806864915,0.630170703489267
WOOOOOOOOO,neither,0.03945320844208391,0.33037608806864915,0.630170703489267
w00t!,neither,0.03945320844208391,0.33037608806864915,0.630170703489267
gandsHype gandsHype gandsHype gandsHype,neither,0.03945320844208391,0.33037608806864915,0.630170703489267
gandsHype gandsHype gandsHype gandsHype gandsHype gandsHype,neither,0.03945320844208391,0.33037608806864915,0.630170703489267
gandsPencil gandsPencil gandsPencil gandsPencil gandsPencil gandsPencil gandsPencil gandsHappy gandsHappy gandsHappy gandsHappy gandsHappy gandsHappy gandsFacepalm gandsFacepalm gandsFacepalm gandsFacepalm gandsFacepalm gandsTricorder gandsTricorder gandsTricorder gandsTricorder gandsTricorder,neither,0.03945320844208391,0.33037608806864915,0.630170703489267
OMG... LOVING the set!!,neither,0.038626233352316935,0.31527850088307685,0.6460952657646063
eeeeeeeeeeeeeeeeeeeeeeeeeeeeee!!!,neither,0.03945320844208391,0.33037608806864915,0.630170703489267
"@shidareAKI You laugh, but wait til someone sets off a glitter bomb on everything you love.",neither,0.050965594954626284,0.4010767076724038,0.54795769737297
Eric has the Shatner focus.,neither,0.03908567488541925,0.3137073441260488,0.647206980988532
Wait .. SUPERHERO ? k sold,neither,0.03945320844208391,0.33037608806864915,0.630170703489267
gandsHype gandsHype gandsHype,neither,0.03945320844208391,0.33037608806864915,0.630170703489267
Woo!,neither,0.03945320844208391,0.33037608806864915,0.630170703489267
SAM SQUEAING,neither,0.03945320844208391,0.33037608806864915,0.630170703489267
"i'll remind you all that we have a shiny new subreddit at https://www.reddit.com/r/Callisto6/ to party, discuss, and share art!",neither,0.04996365565549511,0.3560028786235895,0.5940334657209154
Cyberpunk!!!!!,neither,0.03945320844208391,0.33037608806864915,0.630170703489267
a&hhhhhhhhh,neither,0.03945320844208391,0.33037608806864915,0.630170703489267
oh well thats some fun ominous lighting,neither,0.03670997681470406,0.30310217394498445,0.6601878492403116
IM EXCITEEEED,neither,0.03732396775172632,0.41122202234291466,0.5514540099053589
,neither,0.03945320844208391,0.33037608806864915,0.630170703489267
Wooo! Cypher System FTW!,neither,0.03945320844208391,0.33037608806864915,0.630170703489267
Yay,neither,0.03945320844208391,0.33037608806864915,0.630170703489267
w00t w00t,neither,0.03945320844208391,0.33037608806864915,0.630170703489267
!!!!,neither,0.03945320844208391,0.33037608806864915,0.630170703489267
dasbifHype Corp.,neither,0.03945320844208391,0.33037608806864915,0.630170703489267
Daaamn!,neither,0.03945320844208391,0.33037608806864915,0.630170703489267
squeee~,neither,0.03945320844208391,0.33037608806864915,0.630170703489267
*squeeeeeee*,neither,0.03945320844208391,0.33037608806864915,0.630170703489267
Ooo they mixed up the seating,neither,0.03636081861553169,0.36025455099073844,0.6033846303937298
SO MUCH HYPE!,neither,0.034963003064470866,0.3848474616662621,0.580189535269267
EEEEEEEEEE!!!!,neither,0.03945320844208391,0.33037608806864915,0.630170703489267
Awwww,neither,0.03945320844208391,0.33037608806864915,0.630170703489267
Snort 1,neither,0.03945320844208391,0.33037608806864915,0.630170703489267
Such dramatic!,neither,0.039733235651243655,0.325623295516428,0.6346434688323285
ahhhhh,neither,0.03945320844208391,0.33037608806864915,0.630170703489267
"@LeftyRighty1 DO NOT PANIC, but the Simulation may be heading toward an Entropic cycle or worse",neither,0.04211806688719153,0.2528987885398646,0.7049831445729439
They look so good!!!,neither,0.041023769292472666,0.394453479873441,0.5645227508340864
OMG the lighting,neither,0.03858037476425008,0.3144208991863359,0.646998726049414
its dark lol,neither,0.02496550520928087,0.3980863028592124,0.5769481919315066
woot,neither,0.03945320844208391,0.33037608806864915,0.630170703489267
I approve of this lighting.,neither,0.039374620759616556,0.3317099261376279,0.6289154531027555
Hi everyone!!,neither,0.032490659208996964,0.4485487193596734,0.5189606214313296
set looks great,neither,0.037475492122851686,0.30399520122670015,0.6585293066504482
they all look so good!,offensive_language,0.04368190404010728,0.4964135674473038,0.45990452851258884
Uu fancy lens,neither,0.03945320844208391,0.33037608806864915,0.630170703489267
@perfectcosima We were right!,neither,0.0384072671697789,0.3298423124415706,0.6317504203886506
We love you Eric!,neither,0.054016701715747274,0.4030239041055505,0.5429593941787022
I personally think Cypher is the #1 best system for these narrative online drama RP videos. IDK why it hasn't caught on for that.,neither,0.032124738014414386,0.34173693750320244,0.6261383244823833
:O,neither,0.03945320844208391,0.33037608806864915,0.630170703489267
welcome to Erics TBD Shield of Callisto 6,neither,0.04946454170662632,0.32460957012609676,0.6259258881672769
Sponsorrrr,neither,0.03945320844208391,0.33037608806864915,0.630170703489267
Cypher System HYPE!!!!!!!,neither,0.03945320844208391,0.33037608806864915,0.630170703489267
THIS IS COOL,neither,0.05280715419547436,0.3281860214287324,0.6190068243757932
@Shadowstorm_0 WE WERE!,neither,0.03972010623215311,0.29912719563784607,0.6611526981300008
"Download the new Critical Role theme song for Campaign Two! http://itunes.apple.com/album/id1331550250?ls=1&app=itunes Sales of the song support the musician, Jason Charles Miller.",neither,0.04445767596344001,0.2510827790306858,0.7044595450058742
Ahhh this is amazing,neither,0.04715358452717565,0.32919786926483086,0.6236485462079935
OMG YES! THE COSTUMES,neither,0.03863154535042676,0.3153776813488741,0.6459907733006992
Sponsorrrr,neither,0.03945320844208391,0.33037608806864915,0.630170703489267
awesomeee,neither,0.03945320844208391,0.33037608806864915,0.630170703489267
"so much shadow, Who has bin throwing shade?",neither,0.03764076956870414,0.3955530159956082,0.5668062144356877
Is that the set he did the trail of Cthulhu on?,neither,0.04226422611659348,0.3416562383968609,0.6160795354865457
wewt,neither,0.03945320844208391,0.33037608806864915,0.630170703489267
"I have mixed feeling about the ""dingy"" camera look...",neither,0.038657053899351465,0.34258075846752006,0.6187621876331284
!qworkshop,neither,0.03945320844208391,0.33037608806864915,0.630170703489267
Thanks to Q Workshop for supplying the dice for today's show. Grab a set for yourself with their Top Drawer Dice Kickstarter - pledge levels start at $12 for a dice set! Visit http://bit.ly/TopDrawerDice,neither,0.033555369489343775,0.2570701953484503,0.7093744351622058
!qworkshop,neither,0.03945320844208391,0.33037608806864915,0.630170703489267
The costumeeesssss,neither,0.03613032604487659,0.2619290779399786,0.7019405960151449
Anyone else finding that the video is low FPS or is it just me?,neither,0.04068952258490963,0.3228743136505496,0.6364361637645407
yaaas Gina slay,neither,0.03945320844208391,0.33037608806864915,0.630170703489267
focus!,neither,0.03945320844208391,0.33037608806864915,0.630170703489267
Love the outfits,neither,0.03535573287644789,0.32702902194732975,0.6376152451762223
I was going to say Chessex but they are Sam's favourite dice maker :D,neither,0.05426498304433068,0.32466988476695463,0.6210651321887147
Gina's constume is so cool,neither,0.05258688837002,0.395052413387421,0.5523606982425592
PogChamp,neither,0.03945320844208391,0.33037608806864915,0.630170703489267
"Good god, I just saw Gina for a second and wow",neither,0.03089513981744844,0.29486658842473623,0.6742382717578154
"true, we love our dice!",neither,0.03687511503781449,0.3439761103251379,0.6191487746370476
"hmmm... Qworkshop... Q Continuum... nah, that'd be too obvious...",neither,0.03659126663117485,0.3691642083995435,0.5942445249692816
woooo,neither,0.03945320844208391,0.33037608806864915,0.630170703489267
Q-workshop do have really nice dice,neither,0.040096894781531264,0.3366562106822741,0.6232468945361946
What? Not the official Cypher System dice?,neither,0.04141879861218324,0.32055257965333983,0.6380286217344769
!who,offensive_language,0.04159901189299763,0.525362713080101,0.4330382750269014
oh gosh hector's hair... i love it,neither,0.040020380644029165,0.29856765814273667,0.6614119612132342
"Help G&S make great content! $4.99/month gets you emotes, Minecraft server access, sub-only VODs, and more! Every sub keeps the channel alive! twitch.tv/geekandsundry/subscribe",neither,0.043907990691603095,0.31135964332838284,0.644732365980014
hector's looking FLYYYYYYYYY,neither,0.03945320844208391,0.33037608806864915,0.630170703489267
(Also by Q-workshop),neither,0.04062558419569458,0.37497926735059967,0.5843951484537058
!whodat,neither,0.03945320844208391,0.33037608806864915,0.630170703489267
"GM Eric Campbell ( twitter.com/16BitEric ), with Aliza Pearl ( twitter.com/AlizaPearl ), Gina DeVivo ( twitter.com/PocketGina ), Amy Dallen ( twitter.com/enthusiamy ), Hector Navarro ( twitter.com/Hectorisfunny ), Sam de Leve ( twitter.com/ChaiKovsky ), Bonnie Gordon ( twitter.com/BonnieBellG )",neither,0.03673732733147788,0.4718529441656544,0.4914097285028677
"Ooohh, Halloween dice and Bloodsucker dice . . .",neither,0.03893562587482282,0.30508119661664324,0.6559831775085339
The bloodsucker dice look awesome,neither,0.040279274151782646,0.31489825009473366,0.6448224757534838
I'm very inpatient,neither,0.03945320844208391,0.33037608806864915,0.630170703489267
Is Amy's jacket available at the Callisto6 store ?,neither,0.06263173692079979,0.3267951398753083,0.6105731232038919
impatient,neither,0.03945320844208391,0.33037608806864915,0.630170703489267
<3,neither,0.03945320844208391,0.33037608806864915,0.630170703489267
is there a discord still?,neither,0.051626453628451946,0.2840400630650739,0.664333483306474
!qworkshop,neither,0.03945320844208391,0.33037608806864915,0.630170703489267
Thanks to Q Workshop for supplying the dice for today's show. Grab a set for yourself with their Top Drawer Dice Kickstarter - pledge levels start at $12 for a dice set! Visit http://bit.ly/TopDrawerDice,neither,0.033555369489343775,0.2570701953484503,0.7093744351622058
yes there is,neither,0.05163296463911916,0.2677102204704821,0.6806568148903988
I don't need dice but... I need them,neither,0.04724034642510389,0.3295958542056331,0.6231637993692629
@maxxjenga hiiiii friend!,neither,0.03945320844208391,0.33037608806864915,0.630170703489267
we need to see everyone's outfits @postdataest,neither,0.03921100478107509,0.4134228859754493,0.5473661092434756
@elizabethjoy77 I prefer outpatient but you can learn from either,neither,0.050745662608360935,0.3579752033658554,0.5912791340257836
!discord,neither,0.03945320844208391,0.33037608806864915,0.630170703489267
We have a subscriber-only Discord server! Join here: https://discord.gg/geekandsundry (you'll need to sub and link it to your Twitch) and be a part of the fun!...Warning: It can take up to an hour for the server to update and give you access to the channels,neither,0.08464076273808444,0.286394834032893,0.6289644032290227
!discord,neither,0.03945320844208391,0.33037608806864915,0.630170703489267
Hey @Maxxjenga,neither,0.03945320844208391,0.33037608806864915,0.630170703489267
i am loving this set so much,neither,0.0358784308563508,0.3713600856207719,0.5927614835228772
@seratonia What a mood,neither,0.046827302732086316,0.3251463346468922,0.6280263626210216
Ttttttttttttttyyhhhnn gg ggggggggggggggggggggggh'''''''''''ggggggt5ggggggggggbbbbtgb,neither,0.03945320844208391,0.33037608806864915,0.630170703489267
Hey @Maxxjenga,neither,0.03945320844208391,0.33037608806864915,0.630170703489267
sponsored super hero rpg. this is what the internet does people,neither,0.0527176760797565,0.39703024082931276,0.5502520830909307
"Awesome look, crew. Stylish as all heck",neither,0.040291641500681784,0.39639657446600135,0.5633117840333168
Please give Q-Workshop some attention because they took a risk on a brand new show. They rock!!!,neither,0.042178000902155774,0.26269851052114873,0.6951234885766955
ahhhhh,neither,0.03945320844208391,0.33037608806864915,0.630170703489267
yay JCM,neither,0.03945320844208391,0.33037608806864915,0.630170703489267
yeeeeah Jaon!,neither,0.03945320844208391,0.33037608806864915,0.630170703489267
yes @EricaTheStrange,neither,0.03945320844208391,0.33037608806864915,0.630170703489267
Im filled w an unbelievable amount of excitement,neither,0.039115609147912574,0.34746459919907124,0.6134197916530161
Good ol JCM :D,neither,0.03854578734950836,0.33068819179272685,0.6307660208577648
*jason,neither,0.03945320844208391,0.33037608806864915,0.630170703489267
ahh that is awesome,neither,0.043084817353051176,0.3668379394527979,0.5900772431941509
The lightning is so cool and moody,neither,0.045038497494175454,0.31599497969939466,0.6389665228064298
!rbschedule,neither,0.03945320844208391,0.33037608806864915,0.630170703489267
Rebroadcast schedule for the weekend will be up later! Thank you for your patience.,neither,0.05570293221097298,0.32379199916444973,0.6205050686245772
The HYPE,neither,0.03823111495552092,0.3078022189530705,0.6539666660914085
@GeekandSundry Is there a way to let them know we came through Callisto?,neither,0.04667694447898908,0.3138706676633546,0.6394523878576563
ah dope thanks dudes,neither,0.0375870482911631,0.3147491032246695,0.6476638484841675
Still all the Hype!!! I'm drawing and on Phone so I can't type and watch AND draw but I am here Aux Crew!,neither,0.0552855060117747,0.31476226624820514,0.6299522277400201
@Danoba gandsTWC gandsTWC gandsHug gandsHug,neither,0.03945320844208391,0.33037608806864915,0.630170703489267
Hi @Maxxjenga,neither,0.03945320844208391,0.33037608806864915,0.630170703489267
And FUN,neither,0.03826993117811871,0.2662756059532986,0.6954544628685826
gandsHype gandsHype gandsHype gandsHype gandsHype gandsHype gandsHype,neither,0.03945320844208391,0.33037608806864915,0.630170703489267
so much excitement for 1am!!,neither,0.03181510999431893,0.3405033773489368,0.6276815126567442
@GeekandSundry yall have a link where we can purchase through and make them know yall sent us?,neither,0.06749841248910556,0.313061328050697,0.6194402594601973
wheee!,neither,0.03945320844208391,0.33037608806864915,0.630170703489267
GeekandSundry You can't tell me what to.......... ooooo glowy dragon dice :),neither,0.053621458498986765,0.37913116256655893,0.5672473789344543
kudos @MonteCookGames,neither,0.03945320844208391,0.33037608806864915,0.630170703489267
<3,neither,0.03945320844208391,0.33037608806864915,0.630170703489267
Callisto SICK (guitar riff),neither,0.03945320844208391,0.33037608806864915,0.630170703489267
Yay @montecookgames,neither,0.03945320844208391,0.33037608806864915,0.630170703489267
Oh shit really?,offensive_language,0.046659643474918217,0.953268191785395,7.21647396867455e-05
get ready..m,neither,0.03862862243925768,0.34437146453459355,0.6169999130261489
Hi @DanManMtn Hi @Danoba,neither,0.03945320844208391,0.33037608806864915,0.630170703489267
This is going to be soooo goood!!!! cohhH cohhH cohhH cohhH cohhH cohhH,neither,0.05062336125614832,0.3507274428920784,0.5986491958517732
Whatever filter is being used on the video is making the FPS lower,neither,0.04660924195098199,0.2721573674195171,0.681233390629501
Planescape was my jam,neither,0.02632457749592591,0.4360988851605201,0.537576537343554
He wrote Planescape?,neither,0.04674238746439987,0.3278690051531787,0.6253886073824214
o7,neither,0.03945320844208391,0.33037608806864915,0.630170703489267
That's dope.,neither,0.03379184532521521,0.39242003170086004,0.5737881229739247
We love you right back!!!,neither,0.05478203469402787,0.43907044406382895,0.5061475212421431
@MonteCookGames -> Only those that we deem worthy shall possess the power of the Hyperlink [warning],neither,0.048140585852785724,0.2990817588418225,0.6527776553053918
Thanks @MonteCookGames,neither,0.035884468650613,0.3004919205142699,0.6636236108351171
I still need to finish PS:T.,neither,0.045772360851037516,0.3407544214921424,0.6134732176568202
"he was one of the designers of 3rd edition core books, too, wasn't he?",neither,0.04391690077097338,0.3393661469115168,0.6167169523175098
"I am hyped for this, @MonteCookGames",neither,0.033421871576827154,0.3030785540500906,0.6634995743730823
!permit montecookgames,neither,0.03945320844208391,0.33037608806864915,0.630170703489267
@postdataest -> montecookgames has been granted permission to post a link for 60 seconds.,neither,0.03948094283137336,0.31126035666296836,0.6492587005056583
gandsHype gandsHype gandsHype gandsHype gandsHype,neither,0.03945320844208391,0.33037608806864915,0.630170703489267
bouncing with anticipation,neither,0.027334455349230877,0.37335740503004416,0.599308139620725
Cypher system is a very cool system.,neither,0.04396359413179184,0.32882475960350516,0.6272116462647029
Your Best Game Ever! is such a great deal. Go back it.,neither,0.06452329036363982,0.27173084828923333,0.6637458613471269
Awww yay!,neither,0.03945320844208391,0.33037608806864915,0.630170703489267
Hi @ericathestrange !,neither,0.03945320844208391,0.33037608806864915,0.630170703489267
https://www.kickstarter.com/projects/montecookgames/your-best-game-ever/,neither,0.05622637788897407,0.29430477539858435,0.6494688467124415
that sounds like a cool book,neither,0.045137818122710435,0.3830554927194858,0.5718066891578037
I need to win the lottery so I can game,neither,0.04355125229434943,0.30990940548972196,0.6465393422159286
I'm not keen on the weird dark filter,neither,0.03558079054210945,0.33194546732341523,0.6324737421344754
Hi @MonteCookGames,neither,0.03945320844208391,0.33037608806864915,0.630170703489267
"Thanks, Eric!",neither,0.03715961981072129,0.3111698721589682,0.6516705080303106
Eric is gonna rock it being one of our consulting experts!,neither,0.03883181343988534,0.40569786347080683,0.5554703230893079
MCG rules. Love all their stuff.,neither,0.038383263119882945,0.40494624481933583,0.5566704920607812
AHHHHH,neither,0.03945320844208391,0.33037608806864915,0.630170703489267
Hi @MonteCookGames :),neither,0.03945320844208391,0.33037608806864915,0.630170703489267
everyone looks SO BADA$$ PogChamp,neither,0.03407252423130277,0.4565185345888127,0.5094089411798844
Already backed it!,neither,0.03702978203524909,0.34864826210197025,0.6143219558627807
Hi @chaoticloony!,neither,0.03945320844208391,0.33037608806864915,0.630170703489267
SAM,neither,0.03945320844208391,0.33037608806864915,0.630170703489267
Introductions,neither,0.03945320844208391,0.33037608806864915,0.630170703489267
Sam and Gina are next to each other again. The world has been set right.,neither,0.054791432905272046,0.3046766527513932,0.6405319143433348
SAM WHAT,neither,0.04713835248730391,0.3249351155272481,0.6279265319854479
OH SAM what did you DO,neither,0.07325688138640657,0.3203328753135144,0.606410243300079
Sam and Gina are sitting next to each other again. and no one is ready!!,neither,0.060503370379001706,0.30505658269986685,0.6344400469211315
@Cript_Keeper hopefully they switch to something more normal when they properly start,neither,0.038090227007642447,0.35015120545033823,0.6117585675420192
Sam loses their stuff already?,neither,0.03867684956232202,0.3435529243934299,0.6177702260442481
What is happening?!,neither,0.05556313111362946,0.3226410524653571,0.6217958164210133
awesome!,neither,0.03945320844208391,0.33037608806864915,0.630170703489267
AHHHH,neither,0.03945320844208391,0.33037608806864915,0.630170703489267
can I have one?,neither,0.03755338081003546,0.39124821598247794,0.5711984032074867
Awww,neither,0.03945320844208391,0.33037608806864915,0.630170703489267
THATS SO COOL,neither,0.039408332415700915,0.38917678151634416,0.5714148860679549
OMG!,neither,0.03945320844208391,0.33037608806864915,0.630170703489267
Sam is absolute aces,neither,0.047896297104405836,0.3274721227147589,0.6246315801808354
THOSE ARE SO COOL,neither,0.12982634565125378,0.23401032030889632,0.6361633340398499
I WANT ONE,neither,0.038266362255436365,0.3829191818153167,0.578814455929247
YES,neither,0.03945320844208391,0.33037608806864915,0.630170703489267
I want one?,neither,0.038266362255436365,0.3829191818153167,0.578814455929247
Those are awesome,neither,0.12161937021898744,0.19396221454156265,0.68441841523945
WANT,neither,0.04006735011429477,0.3199525011091858,0.6399801487765195
"The set is SO different! from Shield! Like, just wow!",neither,0.0513319476621448,0.36650664459460336,0.5821614077432519
I want one,neither,0.038266362255436365,0.3829191818153167,0.578814455929247
"@fu4ow, lets hope so",neither,0.08893487867556381,0.2563838141902668,0.6546813071341695
"I'm assuming the slightly stuttery video frame rate is meant to be part of the aesthetic, along with the soft focus...",neither,0.041521561354678826,0.2867228168700784,0.6717556217752427
aaaa poisal!,neither,0.03945320844208391,0.33037608806864915,0.630170703489267
damn,offensive_language,0.042479326866149344,0.9516554255713155,0.005865247562535126
I love them,neither,0.06234377708176772,0.34003088397560766,0.5976253389426247
@MonteCookGames Just Sam being Sam,neither,0.03306864700074693,0.3645215464305958,0.6024098065686573
Niiice!,neither,0.03945320844208391,0.33037608806864915,0.630170703489267
I am so hype!,neither,0.03918370052928311,0.383246953274178,0.577569346196539
Gina's eye makeup is sparkly and I like it,neither,0.0681925344496222,0.29874912863300546,0.6330583369173723
it's reeeaaal good,neither,0.035241891898628426,0.33182455294040103,0.6329335551609706
Yessss all the merch,neither,0.03999269673609088,0.3729121382523751,0.587095165011534
"Yay, I am glad they like them",neither,0.06324069942454441,0.33658059084401776,0.6001787097314378
I need 8,neither,0.03901008956310134,0.32666546762563675,0.6343244428112619
@justhere4coffee honestly I'm not a fan,neither,0.03801601553057237,0.33578176345759475,0.6262022210118329
"@MonteCookGames I might have added you so you can link without worrying, not sure though ;)",offensive_language,0.05274943181339231,0.4963157306754229,0.4509348375111849
Sam is lifegoals,neither,0.05168731681365222,0.326168217197256,0.6221444659890917
Has anyone seen the $hit? It was JUST here!,neither,0.06793350020011588,0.30082396241480425,0.6312425373850798
if you look at it upside down it could be Callisto 9,neither,0.034016592013504814,0.43115036439044724,0.5348330435960479
here it comes...,neither,0.1093903443202627,0.27721022655596433,0.613399429123773
And I JUST Saw the costumes!!! AWESOME OUTFITS! MERCH! YAY!,neither,0.03612433453137207,0.3113139347385283,0.6525617307300996
Need a Patch for my Punk Jacket!!!,neither,0.036494635545340964,0.15564551327954673,0.8078598511751123
Is Sam excited?,neither,0.0481926345985822,0.32737019866177725,0.6244371667396406
Sam is just the BEST!!! TwitchUnity,neither,0.04084191727608473,0.3256683237240565,0.6334897589998587
merch please!,neither,0.03945320844208391,0.33037608806864915,0.630170703489267
when did this start?,neither,0.027811045646038854,0.3921104707509081,0.5800784836030531
i wonder if sam is excited,neither,0.029494310174794862,0.37509799065202837,0.5954076991731767
All their outfits are wonderful,neither,0.0629302827986676,0.35024135538442364,0.5868283618169089
ALL THE EXCITE!,neither,0.04021652899932968,0.38910736912689736,0.5706761018737729
Gina is magnetic!,neither,0.081172750358939,0.3160268245287109,0.60280042511235
they're excited! it's official!,neither,0.05446430203653485,0.3046252340668784,0.6409104638965867
gandsHug gandsHype gandsHype,neither,0.03945320844208391,0.33037608806864915,0.630170703489267
And so it behins,neither,0.0347144778276949,0.3365882022198636,0.6286973199524415
Sam is excited!!!,neither,0.0481926345985822,0.32737019866177725,0.6244371667396406
EXCITED!!!!,neither,0.03945320844208391,0.33037608806864915,0.630170703489267
I guess Sam is ready! :D,neither,0.04691983601899571,0.3330885665854833,0.619991597395521
gandsHype gandsHype gandsHype gandsHype gandsHype gandsHype,neither,0.03945320844208391,0.33037608806864915,0.630170703489267
I can't tell if Sam is excited.,neither,0.029580310369245293,0.37169678961368946,0.5987229000170652
"Yup, they're excited :-)",neither,0.05694212934830623,0.3030895592651384,0.6399683113865554
!imexcited,neither,0.03945320844208391,0.33037608806864915,0.630170703489267
zekeLOVE,neither,0.03945320844208391,0.33037608806864915,0.630170703489267
Woo!!! <3,neither,0.03945320844208391,0.33037608806864915,0.630170703489267
Yay Sam!,neither,0.03945320844208391,0.33037608806864915,0.630170703489267
"philbe63 7 minutes ago, we're right at the very start",neither,0.0498731438105161,0.3302739302676389,0.619852925921845
Excite! Excite! Excite!!!,neither,0.03945320844208391,0.33037608806864915,0.630170703489267
gandsApplaud,neither,0.03945320844208391,0.33037608806864915,0.630170703489267
gandsHype gandsHype gandsHype gandsHype gandsHype gandsHype gandsHype gandsHype,neither,0.03945320844208391,0.33037608806864915,0.630170703489267
I LOVE YOU SAM,neither,0.05753627528866802,0.4144735716221656,0.5279901530891664
gandsApplaud gandsApplaud gandsApplaud gandsApplaud,neither,0.03945320844208391,0.33037608806864915,0.630170703489267
Ive experienced Sam excitement in person...and it is amazing,neither,0.04296753603210562,0.3034766158327689,0.6535558481351255
yay sam!,neither,0.03945320844208391,0.33037608806864915,0.630170703489267
gandsHype gandsHype gandsHype gandsHype gandsHype gandsHype gandsHype gandsHype gandsHype gandsHype gandsHype gandsHype gandsHype gandsHype gandsHype gandsHype gandsHype,neither,0.03945320844208391,0.33037608806864915,0.630170703489267
EXCITED!,neither,0.03945320844208391,0.33037608806864915,0.630170703489267
,neither,0.03945320844208391,0.33037608806864915,0.630170703489267
gandsApplaud gandsApplaud gandsApplaud gandsApplaud gandsApplaud,neither,0.03945320844208391,0.33037608806864915,0.630170703489267
Clap Clap Clap Clap Clap!,neither,0.03945320844208391,0.33037608806864915,0.630170703489267
Yay Sam!,neither,0.03945320844208391,0.33037608806864915,0.630170703489267
gandsApplaud gandsApplaud gandsApplaud,neither,0.03945320844208391,0.33037608806864915,0.630170703489267
*clap* *clap*,neither,0.03945320844208391,0.33037608806864915,0.630170703489267
*Claps*,neither,0.03945320844208391,0.33037608806864915,0.630170703489267
,neither,0.03945320844208391,0.33037608806864915,0.630170703489267
YAY FOR SAM!!!!,neither,0.03373424446295882,0.30181406824429924,0.6644516872927418
gandsApplaud gandsApplaud,neither,0.03945320844208391,0.33037608806864915,0.630170703489267
Clap Clap Clap SAM Clap[ Clap Clap,neither,0.03945320844208391,0.33037608806864915,0.630170703489267
Great job Sam! You are amazing as always,neither,0.06666256403145454,0.3723325756100723,0.5610048603584731
gandsApplaud,neither,0.03945320844208391,0.33037608806864915,0.630170703489267
I am Sam levels of excitement right now!,neither,0.03866601500219284,0.34319746970528714,0.61813651529252
It's their beautiful android baby,neither,0.03812396225999141,0.3308332767840554,0.6310427609559532
You're the best Sam!,neither,0.08244312773827973,0.3155605287537195,0.6019963435080008
Sam is amazing,neither,0.04813891911843835,0.3273886738785544,0.6244724070030072
Yay Sam!,neither,0.03945320844208391,0.33037608806864915,0.630170703489267
gandsHug gandsHug gandsHug,neither,0.03945320844208391,0.33037608806864915,0.630170703489267
gandsDrink gandsTricorder gandsTricorder gandsTricorder gandsHype gandsHype gandsHype gandsHype,neither,0.03945320844208391,0.33037608806864915,0.630170703489267
gandsHug gandsHug gandsHug SAM,neither,0.03945320844208391,0.33037608806864915,0.630170703489267
I love the set!!!,neither,0.03450887905509738,0.3264475138178024,0.6390436071271002
intro yesss,neither,0.03945320844208391,0.33037608806864915,0.630170703489267
!schedule,neither,0.03945320844208391,0.33037608806864915,0.630170703489267
OH SHIT,offensive_language,0.04652059265363964,0.9534729203614298,6.486984930600159e-06
Intro :O,neither,0.03945320844208391,0.33037608806864915,0.630170703489267
OH WHAAAAA!,neither,0.051363287716059566,0.22255663153133606,0.7260800807526044
gandsApplaud gandsApplaud gandsApplaud gandsApplaud gandsApplaud,neither,0.03945320844208391,0.33037608806864915,0.630170703489267
eeekkk,neither,0.03945320844208391,0.33037608806864915,0.630170703489267
INTRO,neither,0.03945320844208391,0.33037608806864915,0.630170703489267
WHAAAT!,neither,0.03945320844208391,0.33037608806864915,0.630170703489267
:D,neither,0.03945320844208391,0.33037608806864915,0.630170703489267
Rad intro,neither,0.03945320844208391,0.33037608806864915,0.630170703489267
"i'll remind you all that we have a shiny new subreddit at https://www.reddit.com/r/Callisto6/ to party, discuss, and share art!",neither,0.04996365565549511,0.3560028786235895,0.5940334657209154
Time to begin!,neither,0.045842807095481594,0.34798797377172763,0.6061692191327908
STRONK AMY!,neither,0.03945320844208391,0.33037608806864915,0.630170703489267
AMY IS A PEW PEW,neither,0.04981691255257763,0.32681153499115395,0.6233715524562684
GREAT animation!!!!! :o,neither,0.03629809395026052,0.28705760395740076,0.6766443020923386
WOW,neither,0.03945320844208391,0.33037608806864915,0.630170703489267
OH SHITTT,neither,0.0450478101092574,0.2772031091301225,0.6777490807606199
Intro from day 1??,neither,0.041050267333768625,0.29669490848689967,0.6622548241793318
oh thank everything its not anything without that sam excited announcement gandsLessthanthree,neither,0.035222576165940114,0.3342638971645826,0.6305135266694775
AWESOMENESS!,neither,0.03945320844208391,0.33037608806864915,0.630170703489267
THIS IS SO COOL,neither,0.05124439864023613,0.39204888809969735,0.5567067132600664
oooh!,neither,0.03945320844208391,0.33037608806864915,0.630170703489267
oh MAN this intro. wow,neither,0.04418186897048019,0.3426190349856276,0.6131990960438921
OMFG,neither,0.03945320844208391,0.33037608806864915,0.630170703489267
Awesome!,neither,0.03945320844208391,0.33037608806864915,0.630170703489267
Nice!!,neither,0.03945320844208391,0.33037608806864915,0.630170703489267
,neither,0.03945320844208391,0.33037608806864915,0.630170703489267
dasbifHype Corp.,neither,0.03945320844208391,0.33037608806864915,0.630170703489267
Hector is stretchy!,neither,0.081172750358939,0.3160268245287109,0.60280042511235
HYPE!,neither,0.03945320844208391,0.33037608806864915,0.630170703489267
LOOK AT LACY,neither,0.04046367224874976,0.3542993837832778,0.6052369439679725
LACY HAS A WHEELCHAIR,neither,0.039775538131017786,0.3249053120339862,0.635319149834996
I,neither,0.03945320844208391,0.33037608806864915,0.630170703489267
TECHNOPATH CALLED OT,neither,0.03945320844208391,0.33037608806864915,0.630170703489267
THEY ALL LOOK COOL AF,neither,0.043422046739084105,0.40768631794814814,0.5488916353127676
WOW!,neither,0.03945320844208391,0.33037608806864915,0.630170703489267
katieOMG katieOMG katieOMG,neither,0.03945320844208391,0.33037608806864915,0.630170703489267
THIS IS AWESOME,neither,0.050512911114032236,0.32860941969445295,0.6208776691915148
am tearing up!,neither,0.03665424425453474,0.383308348813795,0.5800374069316702
Gorgeous artwork,neither,0.03945320844208391,0.33037608806864915,0.630170703489267
Interesting...,neither,0.03945320844208391,0.33037608806864915,0.630170703489267
damn.,offensive_language,0.042479326866149344,0.9516554255713155,0.005865247562535126
OMG,neither,0.03945320844208391,0.33037608806864915,0.630170703489267
AMAZING,neither,0.03945320844208391,0.33037608806864915,0.630170703489267
WOW !!,neither,0.03945320844208391,0.33037608806864915,0.630170703489267
EE A COMIC,neither,0.03945320844208391,0.33037608806864915,0.630170703489267
GORGEOUS ART,neither,0.03945320844208391,0.33037608806864915,0.630170703489267
THEY HAVE A WHEELCHAIR THATS SO AWESOME,neither,0.0389908142122598,0.37223648304308954,0.5887727027446508
I want to watch that 1000 more times,neither,0.04811109001585583,0.3478355937833884,0.6040533162007558
This is amazing!!!!,neither,0.050638740814203484,0.3285866302672563,0.6207746289185402
Issue 1!,neither,0.03945320844208391,0.33037608806864915,0.630170703489267
OMG,neither,0.03945320844208391,0.33037608806864915,0.630170703489267
what in gods name is this?,neither,0.06017937413700336,0.3225778472765817,0.617242778586415
OMG PogChamp,neither,0.03945320844208391,0.33037608806864915,0.630170703489267
awesome,neither,0.03945320844208391,0.33037608806864915,0.630170703489267
this is so scratching my cyberpunk itch already,neither,0.03407106101060339,0.4643336416308138,0.5015952973585828
Love the smirk Eric,neither,0.035180071544209886,0.3269048242603321,0.6379151041954579
EPIC,neither,0.03945320844208391,0.33037608806864915,0.630170703489267
Dope gandsHype gandsHype gandsHype gandsHype,neither,0.03945320844208391,0.33037608806864915,0.630170703489267
WHEEEEEE,neither,0.03945320844208391,0.33037608806864915,0.630170703489267
YES,neither,0.03945320844208391,0.33037608806864915,0.630170703489267
HECTOR IS DR RICHARDS,neither,0.05123134903440858,0.3263250454252152,0.6224436055403763
premiere?,neither,0.03945320844208391,0.33037608806864915,0.630170703489267
Of COURSE Hector is Mr. Fanplastigated Man,neither,0.047727756738118625,0.38920440584777033,0.5630678374141111
I made that,neither,0.032565966998833795,0.40620182504624575,0.5612322079549205
ahhh,neither,0.03945320844208391,0.33037608806864915,0.630170703489267
that was siiiiiiiiiiick,neither,0.030667155429851628,0.4292504569866666,0.5400823875834818
Nice!,neither,0.03945320844208391,0.33037608806864915,0.630170703489267
gandsHype gandsHype gandsHype gandsHype gandsHype gandsHype gandsHype,neither,0.03945320844208391,0.33037608806864915,0.630170703489267
@LonDel26 Seconded!,neither,0.03945320844208391,0.33037608806864915,0.630170703489267
That was FANTASTIC!,neither,0.03498614705502618,0.3799129475549874,0.5851009053899865
this sorcery looks amazing,neither,0.03937498888840865,0.3317036780312864,0.6289213330803048
Yes we did,neither,0.03925251918650574,0.3337823084930316,0.6269651723204627
thats a pretty awesome intro,neither,0.03945320844208391,0.33037608806864915,0.630170703489267
AB FAB y'all!,neither,0.04103414908034053,0.39426564136067166,0.5647002095589879
,neither,0.03945320844208391,0.33037608806864915,0.630170703489267
Amazing!!!,neither,0.03945320844208391,0.33037608806864915,0.630170703489267
Caleb,neither,0.03945320844208391,0.33037608806864915,0.630170703489267
Caleb HYPE,neither,0.03945320844208391,0.33037608806864915,0.630170703489267
Yep,neither,0.03945320844208391,0.33037608806864915,0.630170703489267
thats me,neither,0.027583817646168764,0.3976104505557016,0.5748057317981298
@dissing_terry A cyberpunk style campaign using the Cypher system,neither,0.036472651894330084,0.36204813872236336,0.6014792093833065
Does Eric not have a chair?,neither,0.027516698523258734,0.44019690305616044,0.5322863984205808
i need a comic teamup with idw,neither,0.020757715978016053,0.3985441350775158,0.5806981489444681
"Can the aux crew make side kicks, we can be the Callisto Kicks",neither,0.03646070520734395,0.33101629335157023,0.6325230014410859
@dissing_terry welcome to the series premier of G&S' new cyberpunk RPG show,neither,0.05763162578790166,0.2049082409354113,0.737460133276687
@Shadowstorm_0 YES,neither,0.03945320844208391,0.33037608806864915,0.630170703489267
Bonnie dont u dare,neither,0.03945320844208391,0.33037608806864915,0.630170703489267
*premiere,neither,0.03945320844208391,0.33037608806864915,0.630170703489267
Im freakin out man im freakin out,neither,0.034262926407925956,0.4125785705773234,0.5531585030147507
Vote yes to mesure z,neither,0.04769384469659835,0.32559350103492285,0.6267126542684788
"shit, I missed the intro because I was purchasing those damn dice lol",offensive_language,0.05305184486927414,0.9417140376332506,0.005234117497475363
I hope someone clipped that intro so we can watch it over and over again,neither,0.052914822032260465,0.3063200680035205,0.640765109964219
me too,neither,0.025456656249999262,0.41690574403459846,0.5576375997154023
!wtfisthis,neither,0.03945320844208391,0.33037608806864915,0.630170703489267
"Callisto 6 takes place in Los Angeles in the year 2119, where a world of cyberpunk is about to be broken by the emergence of superheroes. Powered by the Cypher System, this original RPG is crafted by Eric Campbell and Sam de Leve.",neither,0.04788177314792089,0.323551782053012,0.6285664447990672
Same allison @Shadowstorm_0,neither,0.04148851938089603,0.3488915597363099,0.609619920882794
"alright, here for the #CypherSystem goodness",neither,0.0695504258695127,0.26297891353062486,0.6674706605998624
yes eric tell that story,neither,0.03622019616228661,0.3654361424623841,0.5983436613753292
friskkROFL friskkROFL,neither,0.03945320844208391,0.33037608806864915,0.630170703489267
me to @Shadowstorm_0,neither,0.03555040302972099,0.4258159178078663,0.5386336791624128
Vote NO on measure Z,neither,0.036259178413288164,0.35467749501732193,0.6090633265693899
