text,top_class,hate_speech,offensive_language,neither
Crisco? lol,neither,0.03086375243375458,0.3933351323513132,0.5758011152149323
We're live,neither,0.07702019449600846,0.29035571652515796,0.6326240889788335
Music!,neither,0.03945320844208391,0.33037608806864915,0.630170703489267
Eeeeeeee!,neither,0.03945320844208391,0.33037608806864915,0.630170703489267
"I wonder what the AKI looks like, or if they’re even calling it that anymore",neither,0.04138077867846854,0.38263675048491097,0.5759824708366206
,neither,0.03945320844208391,0.33037608806864915,0.630170703489267
Here we gooo,neither,0.08830176354822347,0.2939306457236038,0.6177675907281728
ALL the hype,neither,0.04038810299713409,0.40115825671428396,0.5584536402885819
!!! we live! Check out the subreddit for the new show: https://www.reddit.com/r/Callisto6/,neither,0.04489309963903418,0.21124299713018793,0.743863903230778
Things are happening! :D,neither,0.0650848290621886,0.28581273993035955,0.6491024310074519
crital role,neither,0.03945320844208391,0.33037608806864915,0.630170703489267
ramaV ramaV ramaV,neither,0.03945320844208391,0.33037608806864915,0.630170703489267
This is pretty rad music,neither,0.04635601690545856,0.329331587015645,0.6243123960788965
music is happening,neither,0.04757355178533403,0.32758312962966873,0.6248433185849973
I'm so hyped,neither,0.039408962504520015,0.38382265604540616,0.5767683814500738
SourPls,neither,0.03945320844208391,0.33037608806864915,0.630170703489267
,neither,0.03945320844208391,0.33037608806864915,0.630170703489267
"Dang, wont actually be able to watch tonight:( forgot this was starting up!",neither,0.04330358395844164,0.34619441093685466,0.6105020051047036
"oh please no, not glowing things everywhere",neither,0.04150776171221155,0.3087580682839913,0.6497341700037971
Music is pretty dope!,neither,0.04790492466012509,0.32746915530272525,0.6246259200371498
hypeee,neither,0.03945320844208391,0.33037608806864915,0.630170703489267
!rbschedule,neither,0.03945320844208391,0.33037608806864915,0.630170703489267
Rebroadcast schedule for the weekend will be up later! Thank you for your patience.,neither,0.05570293221097298,0.32379199916444973,0.6205050686245772
,neither,0.03945320844208391,0.33037608806864915,0.630170703489267
,neither,0.03945320844208391,0.33037608806864915,0.630170703489267
all the neon,neither,0.04024638144553675,0.3912242415853916,0.5685293769690717
Raaaaaave time,neither,0.036668274527354654,0.377643684699956,0.5856880407726893
"fingerless gloves, get your fingerless gloves here",neither,0.09089871831303079,0.3055198662247658,0.6035814154622035
whens the next critical role rebroadcast?,neither,0.038290546024663516,0.3278035242622465,0.6339059297130901
What's cyberpunk without a little rave music? ^.^,neither,0.043706323823337806,0.3313106496641208,0.6249830265125413
fmgHYPE fmgVISOR fmgHYPE,neither,0.03945320844208391,0.33037608806864915,0.630170703489267
SO HYPE,neither,0.03940828253961077,0.39264520971988554,0.5679465077405037
gandsPartyShield gandsGnSLadders,neither,0.03945320844208391,0.33037608806864915,0.630170703489267
@SundaySleeper not scheduled yet,neither,0.038156848802438956,0.33524528842618373,0.6265978627713773
fmgVIISOR,neither,0.03945320844208391,0.33037608806864915,0.630170703489267
daaaamn bro#,neither,0.03945320844208391,0.33037608806864915,0.630170703489267
dasbifHype dasbifHype <- oddly appropriate emote for this setting!,neither,0.034434135682258636,0.30693661374545655,0.6586292505722848
whats this?,neither,0.03932325789638521,0.3325816879730554,0.6280950541305595
fmgHYPE fmgHYPE fmgHYPE fmgHYPE fmgHYPE fmgHYPE fmgHYPE fmgHYPE,neither,0.03945320844208391,0.33037608806864915,0.630170703489267
Plushie has been aquired to squeeze in excitement,neither,0.04465577312685348,0.3263160394938144,0.6290281873793321
No schedule had been completed yet. It will be at some point after live broadcasting for the day is over.,neither,0.03545321155453996,0.31713783043294913,0.6474089580125109
Woo!!,neither,0.03945320844208391,0.33037608806864915,0.630170703489267
New RPG,neither,0.04660400397451208,0.1401930676750457,0.8132029283504423
Is it 2119 Yet ?,neither,0.050052695646254655,0.32673043837326265,0.6232168659804829
So exited for this! And only 1 AM here in Norway :D,neither,0.07647286972351282,0.2694215876272061,0.6541055426492811
Is this happening tonight???,neither,0.04432245792827191,0.3084174804790332,0.6472600615926949
@das hype corp?,neither,0.03945320844208391,0.33037608806864915,0.630170703489267
Yeeeees it is!,neither,0.059603583318096655,0.32344545014120724,0.616950966540696
whats dis`? yall so hype :D,neither,0.03818410486751519,0.3875360096997882,0.5742798854326966
#WhyIsCallisto6?,neither,0.03945320844208391,0.33037608806864915,0.630170703489267
,neither,0.03945320844208391,0.33037608806864915,0.630170703489267
Sooooooon!!!,neither,0.03945320844208391,0.33037608806864915,0.630170703489267
@Dasbif hype corp?,neither,0.03945320844208391,0.33037608806864915,0.630170703489267
"this has been the slowest countdown of y life, I cannot contain the hype",neither,0.03624716653083672,0.34772496192422486,0.6160278715449384
@MicTest_TV dasbifHype Corp,neither,0.03945320844208391,0.33037608806864915,0.630170703489267
@AtmaPrime fmgSHAKE,neither,0.03945320844208391,0.33037608806864915,0.630170703489267
"""I don't like the moves you make"" either, pal.",neither,0.061395674901082074,0.36459544814624534,0.5740088769526727
Song anyone?,neither,0.03887282138655525,0.3402267710904858,0.6209004075229589
VOTE no on Prop Z. Support the Corporations that supported you.,neither,0.06451495595268175,0.3844174112145371,0.5510676328327812
that splash page looks so good,neither,0.0358334876193655,0.39928662440944085,0.5648798879711936
,neither,0.03945320844208391,0.33037608806864915,0.630170703489267
!rbschedule,neither,0.03945320844208391,0.33037608806864915,0.630170703489267
Rebroadcast schedule for the weekend will be up later! Thank you for your patience.,neither,0.05570293221097298,0.32379199916444973,0.6205050686245772
ooh this music has me EXCITE,neither,0.034227329956020444,0.35550008601184574,0.6102725840321338
in what way is Callisto 6,neither,0.06337250034415105,0.3204172407593227,0.6162102588965263
!whodat,neither,0.03945320844208391,0.33037608806864915,0.630170703489267
"GM Eric Campbell ( twitter.com/16BitEric ), with Aliza Pearl ( twitter.com/AlizaPearl ), Gina DeVivo ( twitter.com/PocketGina ), Amy Dallen ( twitter.com/enthusiamy ), Hector Navarro ( twitter.com/Hectorisfunny ), Sam de Leve ( twitter.com/ChaiKovsky ), Bonnie Gordon ( twitter.com/BonnieBellG )",neither,0.03673732733147788,0.4718529441656544,0.4914097285028677
Greetings Calisto-ites,neither,0.03945320844208391,0.33037608806864915,0.630170703489267
,neither,0.03945320844208391,0.33037608806864915,0.630170703489267
Aki hit me up with that glow paint,neither,0.023003001712281194,0.454721710469209,0.5222752878185097
Here you go!,neither,0.2450500199035524,0.32103713363952097,0.43391284645692657
@shidareAKI is it latex based?,neither,0.04525498238193699,0.32838059196689395,0.6263644256511691
fmgVIISOR fmgVIISOR fmgVIISOR fmgVIISOR,neither,0.03945320844208391,0.33037608806864915,0.630170703489267
Greetings!,neither,0.03945320844208391,0.33037608806864915,0.630170703489267
@aromiaflyce it’s allergen freeeee,neither,0.034373745257138544,0.33212314837979673,0.6335031063630647
jackLOVE,neither,0.03945320844208391,0.33037608806864915,0.630170703489267
gandsJohnson gandsDick,neither,0.03945320844208391,0.33037608806864915,0.630170703489267
much hype such wow,neither,0.036073463168944886,0.32778038849345137,0.6361461483376037
REMINDER: Please rave responsibly!,neither,0.03945320844208391,0.33037608806864915,0.630170703489267
So much hype,neither,0.034963003064470866,0.3848474616662621,0.580189535269267
Hooray for Cypher System on G&S!,neither,0.03212159132477094,0.3160112571273986,0.6518671515478304
"@shidareAKI WHAT!? I AM SO IN! I am allergic to latex, I get hives. :(",neither,0.045783584918679496,0.3558149887844157,0.5984014262969048
"everyone asks what is callisto 6, but no one asks how is callisto 6. :(",neither,0.04510186244297581,0.4157615859024754,0.5391365516545488
Somewhere between 3-5 minutes guys!!,neither,0.03935585822152785,0.33202837537531577,0.6286157664031564
haha i made it. Sped through the streets of DC,neither,0.03549048551014446,0.36513324897021826,0.5993762655196374
hi all :),neither,0.0423466876598404,0.4436528871510691,0.5140004251890904
this is so much easier than usual. i only have TWO chats oipen!,neither,0.04121732604460075,0.3601102852365968,0.5986723887188025
It is dawn and I am awake,neither,0.04400115381755246,0.2952905527416555,0.660708293440792
dasbifHype test,neither,0.03945320844208391,0.33037608806864915,0.630170703489267
,neither,0.03945320844208391,0.33037608806864915,0.630170703489267
Wait Aki is passing out body paint? Hells yeah! *spins around*,neither,0.03085560216092861,0.40414403337545324,0.565000364463618
sup,neither,0.03945320844208391,0.33037608806864915,0.630170703489267
@talahar or why if callisto 6,neither,0.009546962993232617,0.43234811454826255,0.5581049224585047
:D,neither,0.03945320844208391,0.33037608806864915,0.630170703489267
Hey Aux Cre---wait,neither,0.03945320844208391,0.33037608806864915,0.630170703489267
2!,neither,0.03945320844208391,0.33037608806864915,0.630170703489267
@MicTest_TV it's a subscriber emote on my channel dasbifHype,neither,0.02393448687626128,0.4400985536754894,0.5359669594482492
"ideas on Eric's opening statement akin to ""Hailing frequencies open""?",neither,0.04171565722712104,0.3365327064154458,0.6217516363574331
Why is Calisto6?,neither,0.0299643235054833,0.3586684403814974,0.6113672361130192
@shidareAKI in the Callisto 6 universe are you evil ?,neither,0.08371366535826269,0.31024120818101925,0.6060451264607182
,neither,0.03945320844208391,0.33037608806864915,0.630170703489267
,neither,0.03945320844208391,0.33037608806864915,0.630170703489267
Ahhh so excited!,neither,0.0394116481024277,0.37457095463686413,0.5860173972607082
I'm gonna get a drink and snacks so I'm ready to go,neither,0.04338385308188151,0.37431757201455146,0.5822985749035671
Hype hype hype Callisto 6!,neither,0.03945320844208391,0.33037608806864915,0.630170703489267
Who is Calisto*6?,offensive_language,0.06273239322143805,0.47642182036533837,0.4608457864132235
"previously on Callisto6,,,,,,?",neither,0.02983740057173753,0.3797445071048369,0.5904180923234256
Get Hype y'all,neither,0.0410750385745541,0.43602472586266,0.5229002355627861
"@shidareAKI so, it's band camp?",neither,0.03805548151000808,0.3743791425727169,0.587565375917275
"I haven't watched anything live in ages, I am SO FREAKIN' HYPED!",neither,0.041690042107992875,0.35330510504841794,0.6050048528435892
When is Callisto6?,neither,0.03268292130649759,0.4337617448415696,0.5335553338519327
Hello MCG!,neither,0.03945320844208391,0.33037608806864915,0.630170703489267
"i love the cypher system. it's really chill. mostly just a d20 is needed, and off you go :P",neither,0.04647980577657659,0.34108477644270757,0.6124354177807159
"@fuffybutt omg I don’t know if the AKI exists in this universe, but if it does I halfway hope I’m a corporate AI",neither,0.025554782930598364,0.3914760918099627,0.582969125259439
Lets get the PAAAAAAARTYYYYYYYYYYYYYYYYY started!!!!!,neither,0.03713406569575218,0.33680944047313444,0.6260564938311133
@talahar Glad you like it! :D,neither,0.08820613218490636,0.4331914779733063,0.4786023898417872
The hype better be fulfilled or there shall be no mercer given,neither,0.038860872787402065,0.30598494376028745,0.6551541834523106
gandsPartyShield,neither,0.03945320844208391,0.33037608806864915,0.630170703489267
,neither,0.03945320844208391,0.33037608806864915,0.630170703489267
I'm super looking forward to this!,neither,0.045465071770345124,0.3282315045734112,0.6263034236562437
@dasbif ffffff :D,neither,0.03945320844208391,0.33037608806864915,0.630170703489267
the AKI always exists in all universes,offensive_language,0.037748561038693555,0.5067230071790603,0.45552843178224606
Do I need to watch Callisto 1-5 before watching 6?,neither,0.04903775678333651,0.38190117106838306,0.5690610721482804
"@shidareAKI somebody has to have an AKI , if not the ""heroes"" if they get a lair ;)",neither,0.020622315807858727,0.3932289111216963,0.586148773070445
@MonteCookGames Cypher System hype!,neither,0.03945320844208391,0.33037608806864915,0.630170703489267
Any CypherUnlimited around?,neither,0.03945320844208391,0.33037608806864915,0.630170703489267
Finally managed to catch my first ever live stream! I'm so excited!,neither,0.033932074468386655,0.41016707899036947,0.5559008465412439
@seratonia <3!!,neither,0.03945320844208391,0.33037608806864915,0.630170703489267
,neither,0.03945320844208391,0.33037608806864915,0.630170703489267
,neither,0.03945320844208391,0.33037608806864915,0.630170703489267
My body is ready,neither,0.03405984045513004,0.42505863100050806,0.540881528544362
More Glitter Aki!,neither,0.04148097430408516,0.3198152807841912,0.6387037449117237
@shidareAKI you want to be the computer again,neither,0.06145386495946662,0.3836585695615481,0.5548875654789854
I didn't know Judgement Day started in Japan. @shidareAKI,neither,0.0298150612310946,0.3498639355979475,0.620321003170958
oh hey @MonteCookGames did not see you there :D,neither,0.059951689154431345,0.28547430863045764,0.654574002215111
IM SO EXCITED,neither,0.03835248773688177,0.42672104618676693,0.5349264660763514
you're welcome,neither,0.10626763448287628,0.35096606821718634,0.5427662972999374
What system is it? friskkDEX,neither,0.05544224338732389,0.3224194858439763,0.6221382707686999
hrpgHeyo gandsTeamNoStream,neither,0.03945320844208391,0.33037608806864915,0.630170703489267
Hey Gecko,neither,0.03945320844208391,0.33037608806864915,0.630170703489267
@vermillioncrimson *blush blush*,neither,0.03945320844208391,0.33037608806864915,0.630170703489267
remember how after the calamity people who lost limbs were given robotic replacements. Traeger does. of course Mayor Peng wasnt around for that... VOTE no on Z,neither,0.03678338686518634,0.4060141890154799,0.5572024241193337
Cypher hype!!!!!!,neither,0.03945320844208391,0.33037608806864915,0.630170703489267
I'M EXCITED!!!!!!!!,neither,0.03945320844208391,0.33037608806864915,0.630170703489267
I am ready for this!,neither,0.032253415461916166,0.29784173891546817,0.6699048456226157
"i have no idea what's going on, but im excited",neither,0.03576104109442752,0.40674308794454417,0.5574958709610284
Monte and I are so excited to be watching this! Hurray!!,neither,0.07273372459097237,0.29008625309373454,0.637180022315293
Aki the crime computer,neither,0.03857574654405325,0.3143342085286085,0.6470900449273382
@geckothehero Cypher Unlimited Discord member reporting :D,neither,0.03945320844208391,0.33037608806864915,0.630170703489267
yay!!! so excited!!!,neither,0.03941136106927814,0.3753038300095998,0.585284808921122
i need confirmation; whats this show goddamn :D,neither,0.04994822254968036,0.2760512233321559,0.6740005541181636
Hey @MonteCookGames Looking forward to the show :),neither,0.05925214957207541,0.24728065320375897,0.6934671972241655
!!!!!!!!!,neither,0.03945320844208391,0.33037608806864915,0.630170703489267
!glitter CHAT,neither,0.03945320844208391,0.33037608806864915,0.630170703489267
,neither,0.03945320844208391,0.33037608806864915,0.630170703489267
"Hi, @ShannaGermain!",neither,0.03945320844208391,0.33037608806864915,0.630170703489267
@montecookgames WELCOME,neither,0.03945320844208391,0.33037608806864915,0.630170703489267
Hey Shanna!,neither,0.03945320844208391,0.33037608806864915,0.630170703489267
wooo,neither,0.03945320844208391,0.33037608806864915,0.630170703489267
,neither,0.03945320844208391,0.33037608806864915,0.630170703489267
@Shadowstorm_0 are you ready Allison,neither,0.14196501922155708,0.32214780876379107,0.5358871720146519
Thanks @shidareAKI,neither,0.035884468650613,0.3004919205142699,0.6636236108351171
I am very excited!! gandsHype,neither,0.0392533639541207,0.33044482375204914,0.6303018122938302
Want the inside scoop? Join the cast of Critical Role and discuss this episode right here on Talks Machina. Tuesdays 7pm Pacific at twitch.tv/geekandsundry and projectalpha.com,neither,0.04630302093207864,0.22484473131932575,0.7288522477485957
no one is ready @seratonia,neither,0.04767865155593249,0.3842970446712486,0.5680243037728189
woo! Glitter!,neither,0.03945320844208391,0.33037608806864915,0.630170703489267
@seratonia Do you think i would ever be ready for this?,neither,0.04859203283495203,0.3299083528601206,0.6214996143049273
@VermillionCrimson -> ONLY HULK CAPSLOCKS [warning],neither,0.03945320844208391,0.33037608806864915,0.630170703489267
Why @MonteCookGames whatever are you doing here on this auspicious day?,neither,0.1184972884103253,0.30466203966515604,0.5768406719245186
"It's 4pm Pacific already, so, #whereisCallisto6?!",neither,0.035641282672244805,0.42820768392288183,0.5361510334048735
20 minutes into the future...,neither,0.03868707127400818,0.3164124664084609,0.644900462317531
HERE WE GO!!!!! Just a few more minutes!,neither,0.07516233583845733,0.313687593448072,0.6111500707134707
Trust me noone is ready!,neither,0.03926933776009479,0.36162665648650966,0.5991040057533955
the suspense......,neither,0.03613032604487659,0.2619290779399786,0.7019405960151449
"so yeah, kids, grab your goggles and neon spray paint. we ar going to paint the town red",neither,0.04303822958640451,0.3810388322659006,0.575922938147695
woo made it,neither,0.037976528148713294,0.3308839861356039,0.6311394857156828
Hi everyone!,neither,0.032490659208996964,0.4485487193596734,0.5189606214313296
!waffles,neither,0.03945320844208391,0.33037608806864915,0.630170703489267
"Yes, please!",neither,0.03945320844208391,0.33037608806864915,0.630170703489267
wapcSUB wapcSUB wapcSUB wapcSUB wapcSUB,neither,0.03945320844208391,0.33037608806864915,0.630170703489267
WutFace Ah god not the glitter!!! WutFace,neither,0.03761321991241977,0.3207915361628915,0.6415952439246888
anyone else having problems with vods on twitch? they keep dying after a minute for me...,neither,0.02650797602891926,0.3600424548538828,0.613449569117198
Hi @catseye91,neither,0.03945320844208391,0.33037608806864915,0.630170703489267
\o/,neither,0.03945320844208391,0.33037608806864915,0.630170703489267
How am i supposed to breathe,neither,0.04520519374360602,0.32695590453106016,0.6278389017253339
can anyone explain what this is gonna bem,neither,0.051119382696423105,0.36248973679998997,0.5863908805035869
I'm a mechanical man!,offensive_language,0.040018442559345856,0.5018538837344726,0.4581276737061815
Cypher? Im not familiar with it so this will be fun to learn. friskkROFL friskkROFL,neither,0.03506374439709837,0.38996995163721915,0.5749663039656825
Im dying from excitement,neither,0.039637053216991514,0.3435205430902425,0.6168424036927661
this music is amazing,neither,0.048386122571906276,0.32898657350266874,0.622627303925425
perfect music to hype dance to,neither,0.05058143289428178,0.3239957306105556,0.6254228364951626
@vermillioncrimson mwaaaaahahaha,neither,0.03945320844208391,0.33037608806864915,0.630170703489267
@WOMS would you be so kind to tell me wth is going on? :D,neither,0.05233233185059157,0.44932909031355056,0.4983385778358579
be?*,neither,0.04123264533942032,0.34527686355234677,0.613490491108233
much excite!,neither,0.03535603300771303,0.3317852945789775,0.6328586724133095
@starpilotsix Callisto6 is set in the Future...so,neither,0.04660275205336704,0.35482336731199365,0.5985738806346395
Thanks @WOMS .,neither,0.035884468650613,0.3004919205142699,0.6636236108351171
Cassium Genetics saved millions with our... THEIR genetic immunology therapies.... VOTE no on Z (wow i never realised how sucky lobbyists are till now),neither,0.03987666920194019,0.3552527759224943,0.6048705548755655
dasbifHype Corp.,neither,0.03945320844208391,0.33037608806864915,0.630170703489267
"@SundaySleeper NEW SHOW, much hype, extreme excite",neither,0.04873865779280459,0.2216545309644236,0.7296068112427717
gandsHype gandsHype gandsHype,neither,0.03945320844208391,0.33037608806864915,0.630170703489267
We have a subscriber-only Discord server! Join here: https://discord.gg/geekandsundry (you'll need to sub and link it to your Twitch) and be a part of the fun!...Warning: It can take up to an hour for the server to update and give you access to the channels,neither,0.08464076273808444,0.286394834032893,0.6289644032290227
@murderbanjo cyberpunk superheroes,neither,0.03945320844208391,0.33037608806864915,0.630170703489267
SourPls,neither,0.03945320844208391,0.33037608806864915,0.630170703489267
Cypher hype! This is the biggest channel I've seen actually play ti!,neither,0.029420161057087748,0.31235962320799726,0.6582202157349151
AHHH,neither,0.03945320844208391,0.33037608806864915,0.630170703489267
,neither,0.03945320844208391,0.33037608806864915,0.630170703489267
I can't wait,neither,0.03991073413903658,0.3226106829444422,0.6374785829165213
EEE! EEEE!,neither,0.03945320844208391,0.33037608806864915,0.630170703489267
friskkROFL friskkSURE friskkROFL friskkSURE friskkROFL,neither,0.03945320844208391,0.33037608806864915,0.630170703489267
CAN'T CONTAIN HYPE,neither,0.039711004373443444,0.3260006183197092,0.6342883773068473
AAAAAHHHHH,neither,0.03945320844208391,0.33037608806864915,0.630170703489267
gandsHype gandsHype,neither,0.03945320844208391,0.33037608806864915,0.630170703489267
OMGOMG,neither,0.03945320844208391,0.33037608806864915,0.630170703489267
@GreenTea_Leaf Cypher System is really fun to play and really easy to learn,neither,0.051536411444239184,0.30233626032780725,0.6461273282279535
woot,neither,0.03945320844208391,0.33037608806864915,0.630170703489267
AHHHH!!!,neither,0.03945320844208391,0.33037608806864915,0.630170703489267
gandsHype gandsHype gandsHype gandsHype gandsHype gandsHype gandsHype gandsHype gandsHype,neither,0.03945320844208391,0.33037608806864915,0.630170703489267
@WOMS i am in just in time!,neither,0.032882343994714645,0.37723348858839173,0.5898841674168936
YES WERE IN,neither,0.03987206777581778,0.3014243924948788,0.6587035397293034
Yay,neither,0.03945320844208391,0.33037608806864915,0.630170703489267
ahhhhhghghhhhhg,neither,0.03945320844208391,0.33037608806864915,0.630170703489267
EEEHEHE! HYPE,neither,0.03945320844208391,0.33037608806864915,0.630170703489267
PogChamp,neither,0.03945320844208391,0.33037608806864915,0.630170703489267
WOOOOOOOOO,neither,0.03945320844208391,0.33037608806864915,0.630170703489267
w00t!,neither,0.03945320844208391,0.33037608806864915,0.630170703489267
gandsHype gandsHype gandsHype gandsHype,neither,0.03945320844208391,0.33037608806864915,0.630170703489267
gandsHype gandsHype gandsHype gandsHype gandsHype gandsHype,neither,0.03945320844208391,0.33037608806864915,0.630170703489267
gandsPencil gandsPencil gandsPencil gandsPencil gandsPencil gandsPencil gandsPencil gandsHappy gandsHappy gandsHappy gandsHappy gandsHappy gandsHappy gandsFacepalm gandsFacepalm gandsFacepalm gandsFacepalm gandsFacepalm gandsTricorder gandsTricorder gandsTricorder gandsTricorder gandsTricorder,neither,0.03945320844208391,0.33037608806864915,0.630170703489267
OMG... LOVING the set!!,neither,0.038626233352316935,0.31527850088307685,0.6460952657646063
eeeeeeeeeeeeeeeeeeeeeeeeeeeeee!!!,neither,0.03945320844208391,0.33037608806864915,0.630170703489267
"@shidareAKI You laugh, but wait til someone sets off a glitter bomb on everything you love.",neither,0.050965594954626284,0.4010767076724038,0.54795769737297
Eric has the Shatner focus.,neither,0.03908567488541925,0.3137073441260488,0.647206980988532
Wait .. SUPERHERO ? k sold,neither,0.03945320844208391,0.33037608806864915,0.630170703489267
gandsHype gandsHype gandsHype,neither,0.03945320844208391,0.33037608806864915,0.630170703489267
Woo!,neither,0.03945320844208391,0.33037608806864915,0.630170703489267
SAM SQUEAING,neither,0.03945320844208391,0.33037608806864915,0.630170703489267
"i'll remind you all that we have a shiny new subreddit at https://www.reddit.com/r/Callisto6/ to party, discuss, and share art!",neither,0.04996365565549511,0.3560028786235895,0.5940334657209154
Cyberpunk!!!!!,neither,0.03945320844208391,0.33037608806864915,0.630170703489267
a&hhhhhhhhh,neither,0.03945320844208391,0.33037608806864915,0.630170703489267
oh well thats some fun ominous lighting,neither,0.03670997681470406,0.30310217394498445,0.6601878492403116
IM EXCITEEEED,neither,0.03732396775172632,0.41122202234291466,0.5514540099053589
,neither,0.03945320844208391,0.33037608806864915,0.630170703489267
Wooo! Cypher System FTW!,neither,0.03945320844208391,0.33037608806864915,0.630170703489267
Yay,neither,0.03945320844208391,0.33037608806864915,0.630170703489267
w00t w00t,neither,0.03945320844208391,0.33037608806864915,0.630170703489267
!!!!,neither,0.03945320844208391,0.33037608806864915,0.630170703489267
dasbifHype Corp.,neither,0.03945320844208391,0.33037608806864915,0.630170703489267
Daaamn!,neither,0.03945320844208391,0.33037608806864915,0.630170703489267
squeee~,neither,0.03945320844208391,0.33037608806864915,0.630170703489267
*squeeeeeee*,neither,0.03945320844208391,0.33037608806864915,0.630170703489267
Ooo they mixed up the seating,neither,0.03636081861553169,0.36025455099073844,0.6033846303937298
SO MUCH HYPE!,neither,0.034963003064470866,0.3848474616662621,0.580189535269267
EEEEEEEEEE!!!!,neither,0.03945320844208391,0.33037608806864915,0.630170703489267
Awwww,neither,0.03945320844208391,0.33037608806864915,0.630170703489267
Snort 1,neither,0.03945320844208391,0.33037608806864915,0.630170703489267
Such dramatic!,neither,0.039733235651243655,0.325623295516428,0.6346434688323285
ahhhhh,neither,0.03945320844208391,0.33037608806864915,0.630170703489267
"@LeftyRighty1 DO NOT PANIC, but the Simulation may be heading toward an Entropic cycle or worse",neither,0.04211806688719153,0.2528987885398646,0.7049831445729439
They look so good!!!,neither,0.041023769292472666,0.394453479873441,0.5645227508340864
OMG the lighting,neither,0.03858037476425008,0.3144208991863359,0.646998726049414
its dark lol,neither,0.02496550520928087,0.3980863028592124,0.5769481919315066
woot,neither,0.03945320844208391,0.33037608806864915,0.630170703489267
I approve of this lighting.,neither,0.039374620759616556,0.3317099261376279,0.6289154531027555
Hi everyone!!,neither,0.032490659208996964,0.4485487193596734,0.5189606214313296
set looks great,neither,0.037475492122851686,0.30399520122670015,0.6585293066504482
they all look so good!,offensive_language,0.04368190404010728,0.4964135674473038,0.45990452851258884
Uu fancy lens,neither,0.03945320844208391,0.33037608806864915,0.630170703489267
@perfectcosima We were right!,neither,0.0384072671697789,0.3298423124415706,0.6317504203886506
We love you Eric!,neither,0.054016701715747274,0.4030239041055505,0.5429593941787022
I personally think Cypher is the #1 best system for these narrative online drama RP videos. IDK why it hasn't caught on for that.,neither,0.032124738014414386,0.34173693750320244,0.6261383244823833
:O,neither,0.03945320844208391,0.33037608806864915,0.630170703489267
welcome to Erics TBD Shield of Callisto 6,neither,0.04946454170662632,0.32460957012609676,0.6259258881672769
Sponsorrrr,neither,0.03945320844208391,0.33037608806864915,0.630170703489267
Cypher System HYPE!!!!!!!,neither,0.03945320844208391,0.33037608806864915,0.630170703489267
THIS IS COOL,neither,0.05280715419547436,0.3281860214287324,0.6190068243757932
@Shadowstorm_0 WE WERE!,neither,0.03972010623215311,0.29912719563784607,0.6611526981300008
"Download the new Critical Role theme song for Campaign Two! http://itunes.apple.com/album/id1331550250?ls=1&app=itunes Sales of the song support the musician, Jason Charles Miller.",neither,0.04445767596344001,0.2510827790306858,0.7044595450058742
Ahhh this is amazing,neither,0.04715358452717565,0.32919786926483086,0.6236485462079935
OMG YES! THE COSTUMES,neither,0.03863154535042676,0.3153776813488741,0.6459907733006992
Sponsorrrr,neither,0.03945320844208391,0.33037608806864915,0.630170703489267
awesomeee,neither,0.03945320844208391,0.33037608806864915,0.630170703489267
"so much shadow, Who has bin throwing shade?",neither,0.03764076956870414,0.3955530159956082,0.5668062144356877
Is that the set he did the trail of Cthulhu on?,neither,0.04226422611659348,0.3416562383968609,0.6160795354865457
wewt,neither,0.03945320844208391,0.33037608806864915,0.630170703489267
"I have mixed feeling about the ""dingy"" camera look...",neither,0.038657053899351465,0.34258075846752006,0.6187621876331284
!qworkshop,neither,0.03945320844208391,0.33037608806864915,0.630170703489267
Thanks to Q Workshop for supplying the dice for today's show. Grab a set for yourself with their Top Drawer Dice Kickstarter - pledge levels start at $12 for a dice set! Visit http://bit.ly/TopDrawerDice,neither,0.033555369489343775,0.2570701953484503,0.7093744351622058
!qworkshop,neither,0.03945320844208391,0.33037608806864915,0.630170703489267
The costumeeesssss,neither,0.03613032604487659,0.2619290779399786,0.7019405960151449
Anyone else finding that the video is low FPS or is it just me?,neither,0.04068952258490963,0.3228743136505496,0.6364361637645407
yaaas Gina slay,neither,0.03945320844208391,0.33037608806864915,0.630170703489267
focus!,neither,0.03945320844208391,0.33037608806864915,0.630170703489267
Love the outfits,neither,0.03535573287644789,0.32702902194732975,0.6376152451762223
I was going to say Chessex but they are Sam's favourite dice maker :D,neither,0.05426498304433068,0.32466988476695463,0.6210651321887147
Gina's constume is so cool,neither,0.05258688837002,0.395052413387421,0.5523606982425592
PogChamp,neither,0.03945320844208391,0.33037608806864915,0.630170703489267
"Good god, I just saw Gina for a second and wow",neither,0.03089513981744844,0.29486658842473623,0.6742382717578154
"true, we love our dice!",neither,0.03687511503781449,0.3439761103251379,0.6191487746370476
"hmmm... Qworkshop... Q Continuum... nah, that'd be too obvious...",neither,0.03659126663117485,0.3691642083995435,0.5942445249692816
woooo,neither,0.03945320844208391,0.33037608806864915,0.630170703489267
Q-workshop do have really nice dice,neither,0.040096894781531264,0.3366562106822741,0.6232468945361946
What? Not the official Cypher System dice?,neither,0.04141879861218324,0.32055257965333983,0.6380286217344769
!who,offensive_language,0.04159901189299763,0.525362713080101,0.4330382750269014
oh gosh hector's hair... i love it,neither,0.040020380644029165,0.29856765814273667,0.6614119612132342
"Help G&S make great content! $4.99/month gets you emotes, Minecraft server access, sub-only VODs, and more! Every sub keeps the channel alive! twitch.tv/geekandsundry/subscribe",neither,0.043907990691603095,0.31135964332838284,0.644732365980014
hector's looking FLYYYYYYYYY,neither,0.03945320844208391,0.33037608806864915,0.630170703489267
(Also by Q-workshop),neither,0.04062558419569458,0.37497926735059967,0.5843951484537058
!whodat,neither,0.03945320844208391,0.33037608806864915,0.630170703489267
"GM Eric Campbell ( twitter.com/16BitEric ), with Aliza Pearl ( twitter.com/AlizaPearl ), Gina DeVivo ( twitter.com/PocketGina ), Amy Dallen ( twitter.com/enthusiamy ), Hector Navarro ( twitter.com/Hectorisfunny ), Sam de Leve ( twitter.com/ChaiKovsky ), Bonnie Gordon ( twitter.com/BonnieBellG )",neither,0.03673732733147788,0.4718529441656544,0.4914097285028677
"Ooohh, Halloween dice and Bloodsucker dice . . .",neither,0.03893562587482282,0.30508119661664324,0.6559831775085339
The bloodsucker dice look awesome,neither,0.040279274151782646,0.31489825009473366,0.6448224757534838
I'm very inpatient,neither,0.03945320844208391,0.33037608806864915,0.630170703489267
Is Amy's jacket available at the Callisto6 store ?,neither,0.06263173692079979,0.3267951398753083,0.6105731232038919
impatient,neither,0.03945320844208391,0.33037608806864915,0.630170703489267
<3,neither,0.03945320844208391,0.33037608806864915,0.630170703489267
is there a discord still?,neither,0.051626453628451946,0.2840400630650739,0.664333483306474
!qworkshop,neither,0.03945320844208391,0.33037608806864915,0.630170703489267
Thanks to Q Workshop for supplying the dice for today's show. Grab a set for yourself with their Top Drawer Dice Kickstarter - pledge levels start at $12 for a dice set! Visit http://bit.ly/TopDrawerDice,neither,0.033555369489343775,0.2570701953484503,0.7093744351622058
yes there is,neither,0.05163296463911916,0.2677102204704821,0.6806568148903988
I don't need dice but... I need them,neither,0.04724034642510389,0.3295958542056331,0.6231637993692629
@maxxjenga hiiiii friend!,neither,0.03945320844208391,0.33037608806864915,0.630170703489267
we need to see everyone's outfits @postdataest,neither,0.03921100478107509,0.4134228859754493,0.5473661092434756
@elizabethjoy77 I prefer outpatient but you can learn from either,neither,0.050745662608360935,0.3579752033658554,0.5912791340257836
!discord,neither,0.03945320844208391,0.33037608806864915,0.630170703489267
We have a subscriber-only Discord server! Join here: https://discord.gg/geekandsundry (you'll need to sub and link it to your Twitch) and be a part of the fun!...Warning: It can take up to an hour for the server to update and give you access to the channels,neither,0.08464076273808444,0.286394834032893,0.6289644032290227
!discord,neither,0.03945320844208391,0.33037608806864915,0.630170703489267
Hey @Maxxjenga,neither,0.03945320844208391,0.33037608806864915,0.630170703489267
i am loving this set so much,neither,0.0358784308563508,0.3713600856207719,0.5927614835228772
@seratonia What a mood,neither,0.046827302732086316,0.3251463346468922,0.6280263626210216
Ttttttttttttttyyhhhnn gg ggggggggggggggggggggggh'''''''''''ggggggt5ggggggggggbbbbtgb,neither,0.03945320844208391,0.33037608806864915,0.630170703489267
Hey @Maxxjenga,neither,0.03945320844208391,0.33037608806864915,0.630170703489267
sponsored super hero rpg. this is what the internet does people,neither,0.0527176760797565,0.39703024082931276,0.5502520830909307
"Awesome look, crew. Stylish as all heck",neither,0.040291641500681784,0.39639657446600135,0.5633117840333168
Please give Q-Workshop some attention because they took a risk on a brand new show. They rock!!!,neither,0.042178000902155774,0.26269851052114873,0.6951234885766955
ahhhhh,neither,0.03945320844208391,0.33037608806864915,0.630170703489267
yay JCM,neither,0.03945320844208391,0.33037608806864915,0.630170703489267
yeeeeah Jaon!,neither,0.03945320844208391,0.33037608806864915,0.630170703489267
yes @EricaTheStrange,neither,0.03945320844208391,0.33037608806864915,0.630170703489267
Im filled w an unbelievable amount of excitement,neither,0.039115609147912574,0.34746459919907124,0.6134197916530161
Good ol JCM :D,neither,0.03854578734950836,0.33068819179272685,0.6307660208577648
*jason,neither,0.03945320844208391,0.33037608806864915,0.630170703489267
ahh that is awesome,neither,0.043084817353051176,0.3668379394527979,0.5900772431941509
The lightning is so cool and moody,neither,0.045038497494175454,0.31599497969939466,0.6389665228064298
!rbschedule,neither,0.03945320844208391,0.33037608806864915,0.630170703489267
Rebroadcast schedule for the weekend will be up later! Thank you for your patience.,neither,0.05570293221097298,0.32379199916444973,0.6205050686245772
The HYPE,neither,0.03823111495552092,0.3078022189530705,0.6539666660914085
@GeekandSundry Is there a way to let them know we came through Callisto?,neither,0.04667694447898908,0.3138706676633546,0.6394523878576563
ah dope thanks dudes,neither,0.0375870482911631,0.3147491032246695,0.6476638484841675
Still all the Hype!!! I'm drawing and on Phone so I can't type and watch AND draw but I am here Aux Crew!,neither,0.0552855060117747,0.31476226624820514,0.6299522277400201
@Danoba gandsTWC gandsTWC gandsHug gandsHug,neither,0.03945320844208391,0.33037608806864915,0.630170703489267
Hi @Maxxjenga,neither,0.03945320844208391,0.33037608806864915,0.630170703489267
And FUN,neither,0.03826993117811871,0.2662756059532986,0.6954544628685826
