text,top_class,hate_speech,offensive_language,neither
IN YOUR HEAD!,neither,0.09534558698444101,0.3576018790697187,0.5470525339458403
dont think it started yet,neither,0.03855979977247975,0.3219859814161866,0.6394542188113335
there is nothing to hear yet,neither,0.05168698506294602,0.3249951118068456,0.6233179031302084
it hasnt started john,neither,0.03786271228166555,0.3309231326313768,0.6312141550869577
Neeevermind. XD,neither,0.03945320844208391,0.33037608806864915,0.630170703489267
"tune in to the reveal, well have a splash screen going for 3 hours then.. o nevermind",neither,0.037936718055260714,0.3234541682353668,0.6386091137093725
DLC to be released in an hour...,neither,0.044908582168009525,0.3263196469101347,0.6287717709218557
here we goooo,neither,0.08830176354822347,0.2939306457236038,0.6177675907281728
gandsGameEngine gandsGameEngine gandsGameEngine gandsGameEngine,neither,0.03945320844208391,0.33037608806864915,0.630170703489267
gandsGameEngine Hi Trisha and Erika!,neither,0.038358606956405694,0.2721397086643902,0.6895016843792041
Hi Trisha and Erika!,neither,0.038358606956405694,0.2721397086643902,0.6895016843792041
SabaPing,neither,0.03945320844208391,0.33037608806864915,0.630170703489267
stop with the bad acting,neither,0.024024873716381796,0.43663355662606795,0.5393415696575502
......lol,neither,0.020706217963973744,0.4882283491876925,0.4910654328483337
HI UK GAMER,neither,0.03945320844208391,0.33037608806864915,0.630170703489267
"No Trisha, you're wrong!",neither,0.10542218099334168,0.372183442856449,0.5223943761502092
lara obviously,neither,0.03945320844208391,0.33037608806864915,0.630170703489267
Lawra,neither,0.03945320844208391,0.33037608806864915,0.630170703489267
"this sucks, get to the zombies",neither,0.04398783692268244,0.3218044621323903,0.6342077009449272
i tought this was porn for a minute given how bad the acting just was,neither,0.028513203890532267,0.36703482679423405,0.6044519693152337
Laura,neither,0.03945320844208391,0.33037608806864915,0.630170703489267
:-D,neither,0.03945320844208391,0.33037608806864915,0.630170703489267
Tf is this 😂,neither,0.05297031857971864,0.3281552930461284,0.6188743883741529
"It ain't ""Laura Craft"" now is it",offensive_language,0.01946400621288354,0.5831292861980107,0.39740670758910573
!wtfisthis,neither,0.03945320844208391,0.33037608806864915,0.630170703489267
"Welcome to #GameEngine! We'll be discussing the latest gaming news, showcasing new games, and interviewing people in the gaming industry!",neither,0.05363492194748562,0.26739386076077604,0.6789712172917384
JUST HERE FOR ZOMBIES,neither,0.06864310572924068,0.2871690995428365,0.6441877947279229
Tranzit remaster plz cameron,neither,0.03945320844208391,0.33037608806864915,0.630170703489267
everybody use faux-british accents,neither,0.019587058231247758,0.39416629915624807,0.5862466426125041
gandsHype gandsHype gandsHype gandsTWC gandsTWC gandsTWC,neither,0.03945320844208391,0.33037608806864915,0.630170703489267
frozen dawn,neither,0.03945320844208391,0.33037608806864915,0.630170703489267
gandsGandsModAlert gandsGandsModAlert,neither,0.03945320844208391,0.33037608806864915,0.630170703489267
where's the zobies,neither,0.041253817407288125,0.23395106775790875,0.724795114834803
"If you don't like, you more than welcome to leave.",offensive_language,0.06809202588943093,0.4821411805422002,0.44976679356836896
DLC 4 hypeee,neither,0.03945320844208391,0.33037608806864915,0.630170703489267
Lock her in the fridge with the butler,neither,0.025549023530818987,0.4726134033263263,0.5018375731428548
lol,neither,0.020706217963973744,0.4882283491876925,0.4910654328483337
HYPE,neither,0.03945320844208391,0.33037608806864915,0.630170703489267
FROZEN DAWN,neither,0.03945320844208391,0.33037608806864915,0.630170703489267
Wendy hype,neither,0.03945320844208391,0.33037608806864915,0.630170703489267
wooden blocks,neither,0.03945320844208391,0.33037608806864915,0.630170703489267
yay Zambies! teenHERT,neither,0.03945320844208391,0.33037608806864915,0.630170703489267
zombie me now,neither,0.031785615074517284,0.3720822228132549,0.5961321621122279
gandsHappy gandsHappy gandsHappy gandsHappy gandsHappy,neither,0.03945320844208391,0.33037608806864915,0.630170703489267
"Cameron Dayton, DLC 4, AND Trish?? Good stream",neither,0.03858034206271357,0.3064456940111563,0.6549739639261302
umm what,neither,0.04644688196614929,0.325405590977308,0.6281475270565426
Hugs for the hug-inclined!,neither,0.03454421066142405,0.2978767114667817,0.6675790778717943
gandsHappy gandsHappy gandsHappy,neither,0.03945320844208391,0.33037608806864915,0.630170703489267
Welcome Amy and raiders.,neither,0.038822933363010945,0.2991577467117473,0.6620193199252418
huuuUUUUGGS for the hug inclined!,neither,0.03379679075460898,0.29293017823461603,0.673273031010775
gandsHappy gandsHappy,neither,0.03945320844208391,0.33037608806864915,0.630170703489267
morfYeah Welcome Raiders,neither,0.03945320844208391,0.33037608806864915,0.630170703489267
Hi Erika,neither,0.03945320844208391,0.33037608806864915,0.630170703489267
OMMMMMG GET TO WW2 ALREADY,neither,0.04427861631834967,0.3520063206357627,0.6037150630458876
clickbaited,neither,0.03945320844208391,0.33037608806864915,0.630170703489267
Erika! Blessings! :),neither,0.03945320844208391,0.33037608806864915,0.630170703489267
Welcome @Enthusiamy and Raiders,neither,0.038684903632370565,0.2916231220829233,0.6696919742847062
EnthusiARMY RAID. Hugs for the hug inclined,neither,0.03519761243420562,0.3022028610332387,0.6625995265325556
@DvbbdOuT I agree,neither,0.03945320844208391,0.33037608806864915,0.630170703489267
#EnthusiArmy RAID gandsHappy gandsHappy gandsHappy amydFocus amydFocus amydFocus,neither,0.03945320844208391,0.33037608806864915,0.630170703489267
hai shishHI,neither,0.03945320844208391,0.33037608806864915,0.630170703489267
Hugs for the hug-inclined!,neither,0.03454421066142405,0.2978767114667817,0.6675790778717943
duped by the big man,offensive_language,0.02111870016179462,0.5249849706059803,0.45389632923222506
The ENTHUSIARMY COMETH! XD,neither,0.03843498882663835,0.31168514531390124,0.6498798658594604
"give me cameron, no one cares about the xbox 1",neither,0.03204198880054731,0.39222798662204217,0.5757300245774105
That controller's gonna do some damage when you throw it,neither,0.03302678769761505,0.4625770901860292,0.5043961221163558
#dupped,neither,0.03945320844208391,0.33037608806864915,0.630170703489267
"The man himself, Cameron Dayton",neither,0.0388205565122427,0.3621598971014896,0.5990195463862678
gold X Box eh I wonder if that thing will melt itself,neither,0.02848136648716281,0.36950905384517957,0.6020095796676576
what?,neither,0.057770773616808734,0.3180719994247239,0.6241572269584672
#enthsuiarmy,neither,0.03945320844208391,0.33037608806864915,0.630170703489267
Hugs for the hug included,neither,0.03448043533555893,0.2974545368694846,0.6680650277949564
,neither,0.03945320844208391,0.33037608806864915,0.630170703489267
#CameronOrRiot,neither,0.03945320844208391,0.33037608806864915,0.630170703489267
@EdMRod93 That will be on later in the program,neither,0.03464335602579061,0.346061473118751,0.6192951708554583
I just got clickbaited smh,neither,0.05004664752367913,0.42288545730966537,0.5270678951666555
EnthusiArmy Raid! Hugs for the hug-inclined!,neither,0.03519761243420562,0.3022028610332387,0.6625995265325556
Patience is a virtue lads,neither,0.04525615965901366,0.3283801870473225,0.6263636532936638
trisha checks are contored on point tonight,neither,0.05543791579339839,0.283105612058343,0.6614564721482585
!respect,neither,0.03945320844208391,0.33037608806864915,0.630170703489267
"If you would like to share opinions on our hosts, guests or fellow viewers, please do so in a respectful manner. Don't make them feel uncomfortable.",neither,0.04843323757214918,0.39559142321184637,0.5559753392160044
つ ◕_◕ ༽つ TAKE MY ENERGY CAM,neither,0.029727527192393292,0.40484739469211756,0.5654250781154891
"Well, I've been here 30 seconds and the COD fans are reinforcing my negative opinion of them...",neither,0.05209437971675475,0.297525201355626,0.6503804189276192
"Anyhoo, g'nite people. 1 am here",neither,0.13976614038501395,0.28229741452202367,0.5779364450929624
Yes. I have.,neither,0.0385802511461888,0.3451924516169877,0.6162272972368235
Later @JJ_Dane,neither,0.03945320844208391,0.33037608806864915,0.630170703489267
night JJ_Dane,neither,0.02550723072422885,0.32941079269047424,0.6450819765852968
is this SNL Weekend Update?,neither,0.045858595080818416,0.32941374267594353,0.6247276622432381
g'night @JJ_Dane,neither,0.02550723072422885,0.32941079269047424,0.6450819765852968
I will never be able to play VR. Unfortunate actual reality that I must accept.,neither,0.04003342090633879,0.3532119195484804,0.6067546595451808
KLAUS,neither,0.03945320844208391,0.33037608806864915,0.630170703489267
"""BF dungeon"" what is this 50 shades? someone @ me when COD comes on!",neither,0.03465104333691269,0.38565904614868635,0.579689910514401
"i prefer a long distance relationship, what do you have in a long bow",neither,0.05185115840572923,0.35503183507804403,0.5931170065162268
@cosmicvoyagerx ;),neither,0.03945320844208391,0.33037608806864915,0.630170703489267
^^,neither,0.03945320844208391,0.33037608806864915,0.630170703489267
@fuffybutt I can get down with that,neither,0.02201777101580819,0.4361398399457839,0.5418423890384079
hey @chiefakathatzachwilson gandsTheChief gandsTheChief,neither,0.03945320844208391,0.33037608806864915,0.630170703489267
Shoutout ukgamer,neither,0.03945320844208391,0.33037608806864915,0.630170703489267
@DvbbdOuT -> ONLY HULK CAPSLOCKS [warning],neither,0.03945320844208391,0.33037608806864915,0.630170703489267
jenPFT,neither,0.03945320844208391,0.33037608806864915,0.630170703489267
came her for zombies and got a lesson on halo nice,neither,0.02819276277793653,0.43933962128050325,0.5324676159415602
Ba da bing!,offensive_language,0.078598432533956,0.4628895204417847,0.45851204702425935
LUL,neither,0.03945320844208391,0.33037608806864915,0.630170703489267
bruh how old are these news? halo infinite was announced months ago.,neither,0.059525223996954625,0.34286034693073836,0.597614429072307
OK that was good,neither,0.033679166724826626,0.3870221533920849,0.5792986798830885
lol,neither,0.020706217963973744,0.4882283491876925,0.4910654328483337
lol,neither,0.020706217963973744,0.4882283491876925,0.4910654328483337
TinyFace,neither,0.03945320844208391,0.33037608806864915,0.630170703489267
STAAAARS!,neither,0.03945320844208391,0.33037608806864915,0.630170703489267
I didn't actually play RE2 unfortunately.,neither,0.02731262967779007,0.3673763093095488,0.6053110610126611
I love RE 2,neither,0.07180576284429452,0.2996232082933767,0.6285710288623289
Hey @shidareaki!,neither,0.03945320844208391,0.33037608806864915,0.630170703489267
SHOW ZOMBIES,neither,0.0566780071102826,0.24764917515231288,0.6956728177374045
im too english for this,neither,0.03246176381423452,0.337718981117627,0.6298192550681385
british should i say,neither,0.05432374951738263,0.3735922475534442,0.5720840029291732
good ridance shishCHAMP,neither,0.037820165765928906,0.33093776632913474,0.6312420679049364
"he stepped down cuz no one cares about bf5, now give us cod",neither,0.0617907635246516,0.3665231083519158,0.5716861281234327
Was... there some kind of subtle speak in that I suspect meant something else? XD,neither,0.03242623884450445,0.338892012972872,0.6286817481826236
"In 50 years when all sequels to movies and games aren't numbered, how will anyone know the order to play the games or see the movies in?",neither,0.039994737015694205,0.3274883741187795,0.6325168888655264
Cameron just show up plz NotLikeThis,neither,0.04501298571108824,0.3274154456571107,0.627571568631801
is that what Cameron has turned into,neither,0.04732454469403521,0.3519529855277395,0.6007224697782253
Rim shot!,neither,0.03945320844208391,0.33037608806864915,0.630170703489267
I wanna die wtf is this?,neither,0.29149040988349517,0.30433418355488334,0.40417540656162154
LMAOOOO cherry,neither,0.03945320844208391,0.33037608806864915,0.630170703489267
Is that brian forrest I can hear?,neither,0.042643908693334114,0.35698487200022033,0.6003712193064455
Nooo not game gremlin!,neither,0.03785772667563738,0.3005911315394678,0.6615511417848948
Cameron if youre reading this go up there and take the show over,neither,0.036879878946095866,0.29038681747892714,0.672733303574977
!wtfisthis,neither,0.03945320844208391,0.33037608806864915,0.630170703489267
"Welcome to #GameEngine! We'll be discussing the latest gaming news, showcasing new games, and interviewing people in the gaming industry!",neither,0.05363492194748562,0.26739386076077604,0.6789712172917384
is that Sax,neither,0.05154613418987003,0.42924314326430335,0.5192107225458266
Cameron will be on later in the show.,neither,0.04952288661487562,0.251700360992399,0.6987767523927254
Cherry 😂😂😂😂,neither,0.03945320844208391,0.33037608806864915,0.630170703489267
@Russian8703 dont we all,neither,0.042260453013888144,0.4555746376138087,0.5021649093723033
Is that Sax?,neither,0.05154613418987003,0.42924314326430335,0.5192107225458266
Smash it,neither,0.03752336384949593,0.3310398501182267,0.6314367860322773
LEAKED DLC4 BOSS FIGHT!!,neither,0.03945320844208391,0.33037608806864915,0.630170703489267
@Zismarith Yes.,neither,0.03945320844208391,0.33037608806864915,0.630170703489267
PogChamp gandsSaxHype,neither,0.03945320844208391,0.33037608806864915,0.630170703489267
"This is a weekly show, we will get your stuff around the same time as that segment always is",neither,0.07405745054974235,0.35123275961269035,0.5747097898375673
!respect,neither,0.03945320844208391,0.33037608806864915,0.630170703489267
CAMERON,neither,0.03945320844208391,0.33037608806864915,0.630170703489267
PLEASE,neither,0.03945320844208391,0.33037608806864915,0.630170703489267
Pottsy!!!,neither,0.03945320844208391,0.33037608806864915,0.630170703489267
gandsSaxHype gandsSaxHype gandsSaxHype,neither,0.03945320844208391,0.33037608806864915,0.630170703489267
man DLC4 looking straight fife,neither,0.03963498412749682,0.4102561474098248,0.5501088684626785
Ed 👏🏼,neither,0.03945320844208391,0.33037608806864915,0.630170703489267
@edmrod93 this clickbait must me in the news today,neither,0.03170260383732051,0.31908391575180567,0.6492134804108739
Sax with the hidden talents!!,neither,0.03008308877544907,0.3469675843895399,0.6229493268350111
DLC 5 was revealed at JC's dorm and now DLC 4 is revealed on a random Twitch stream. Activison gives no fucks,neither,0.03628621444304004,0.425234550934532,0.5384792346224279
@pottsygaming1 -> ONLY HULK CAPSLOCKS [warning],neither,0.03945320844208391,0.33037608806864915,0.630170703489267
LUL,neither,0.03945320844208391,0.33037608806864915,0.630170703489267
YES. MORE lootboxes!,neither,0.04235102621191705,0.3154004939072271,0.642248479880856
loot box ception,neither,0.03945320844208391,0.33037608806864915,0.630170703489267
Free loot boxes only,neither,0.03945320844208391,0.33037608806864915,0.630170703489267
is this one of the ravens?,neither,0.04548741612223335,0.3436079089182096,0.610904674959557
"I don't know or care who ""Cameron"" is, but I wish all the COD losers would STFU or leave",neither,0.06427364964619636,0.4225244126287565,0.513201937725047
We want cameron,neither,0.03953659736301214,0.3289607604527553,0.6315026421842326
can’t wait for cameron “go play fortnight” dayton the absolute legend,neither,0.036302242784645194,0.3040790793437252,0.6596186778716296
rooDevil,neither,0.03945320844208391,0.33037608806864915,0.630170703489267
is that the dlc 4 boss fiht?,neither,0.0420922215021068,0.35030155208859515,0.6076062264092981
"that wouldn't ruin gaming, it would ruin EA, so... please by all means do it LUL",neither,0.03810289760085855,0.4123049948187937,0.5495921075803478
constant supply drop talk before dlc 4 I see where this is going,neither,0.035137659468224315,0.36508971801529577,0.59977262251648
Cameron will be on shortly. Patience is a virtue. And we have a show to do.,neither,0.057714032258280194,0.2608079274237538,0.6814780403179661
dameeeeeeeeeee,neither,0.03945320844208391,0.33037608806864915,0.630170703489267
i came for the Dying Light info,neither,0.034307418118837495,0.296309297694634,0.6693832841865285
dlc4 boss leaked confirmed Adam,neither,0.03945320844208391,0.33037608806864915,0.630170703489267
"lmaooo, i was legit about to record a zombiesalert. but i wanted to check this out, got clickbaited cuz cameron isnt here",neither,0.05754505975743394,0.38498230268217093,0.5574726375603952
I want to be able to buy more lootboxes!,neither,0.05489640104281171,0.3143469935645494,0.6307566053926388
@fortniteboyman No thanks,neither,0.035164368710469435,0.32577916295050513,0.6390564683390255
hey its the beta of DLC 4 Zombies,neither,0.035102281710134214,0.32145984656946874,0.643437871720397
!respect @darkofnate,neither,0.03945320844208391,0.33037608806864915,0.630170703489267
"If you would like to share opinions on our hosts, guests or fellow viewers, please do so in a respectful manner. Don't make them feel uncomfortable.",neither,0.04843323757214918,0.39559142321184637,0.5559753392160044
"DLC 4 talk will probably start around 5, that's when trailers usually drop",neither,0.025973752620223726,0.38422100347365934,0.589805243906117
EVIL!,neither,0.03945320844208391,0.33037608806864915,0.630170703489267
@ACJGaming89 Barbarossa is a lot more different than I inagined,neither,0.049369436293235085,0.3254377298260902,0.6251928338806748
Darin DePaul!,neither,0.03945320844208391,0.33037608806864915,0.630170703489267
PogChamp doodBeamL doodBeam doodBeam,neither,0.03945320844208391,0.33037608806864915,0.630170703489267
"HAHAHAHAH Darin is his Arch Nemesis, why is that so funny?",neither,0.05364615156260035,0.40521278768726465,0.5411410607501351
CATCH PHRASE!,neither,0.03945320844208391,0.33037608806864915,0.630170703489267
darin bardYell bardYell bardYell,neither,0.03945320844208391,0.33037608806864915,0.630170703489267
Darin is the most darling of human beings,neither,0.17404661284410144,0.17981959787728624,0.6461337892786123
SHow now needs rimshots and laugh track.,neither,0.05094449996467089,0.23680811313235078,0.7122473869029784
This is Madness,neither,0.048827387017930185,0.3289095995902385,0.6222630133918313
jenLUL,neither,0.03945320844208391,0.33037608806864915,0.630170703489267
Bye Sax,neither,0.03945320844208391,0.33037608806864915,0.630170703489267
gandsLessthanthree gandsSaxHype !,neither,0.03945320844208391,0.33037608806864915,0.630170703489267
dlc 4?,neither,0.03945320844208391,0.33037608806864915,0.630170703489267
"oh shit, he disappeared. wheres the perkaholic",offensive_language,0.05793619708992274,0.9300090774479873,0.012054725462089874
yayyyyyyyyyyyyyyyy,neither,0.03945320844208391,0.33037608806864915,0.630170703489267
i dont think we will be needing a wonder weapon for him,neither,0.03683292028884858,0.29635689343138805,0.6668101862797633
"It's Megaman, it's guaranteed",neither,0.03654743023841958,0.3313755184390997,0.6320770513224808
gandsSaxHype gandsGameEngine,neither,0.03945320844208391,0.33037608806864915,0.630170703489267
Zombies!,neither,0.03945320844208391,0.33037608806864915,0.630170703489267
woop woop,neither,0.03945320844208391,0.33037608806864915,0.630170703489267
gandsGameEngine still love these transitions,offensive_language,0.04811635828638282,0.5219362957198096,0.42994734599380746
i tap out guys XD have a good one my CoD zombie amigos,neither,0.028999169791050595,0.4184961724579593,0.5525046577509901
We have a subscriber-only Discord server! Join here: https://discord.gg/geekandsundry (you'll need to sub and link it to your Twitch) and be a part of the fun!...Warning: It can take up to an hour for the server to update and give you access to the channels,neither,0.08464076273808444,0.286394834032893,0.6289644032290227
Later @DvbbdOuT,neither,0.03945320844208391,0.33037608806864915,0.630170703489267
night Dvbbd,neither,0.02550723072422885,0.32941079269047424,0.6450819765852968
Later @dvbbdout,neither,0.03945320844208391,0.33037608806864915,0.630170703489267
Numbers,neither,0.03945320844208391,0.33037608806864915,0.630170703489267
Later @DvbbdOuT,neither,0.03945320844208391,0.33037608806864915,0.630170703489267
Darin is gonna bring EA back to greatness FBtouchdown,neither,0.05177196593522778,0.3640238649866622,0.5842041690781099
What about Virtual Boy?,neither,0.04514924702370039,0.3637832297823118,0.5910675231939878
peace homie,neither,0.03945320844208391,0.33037608806864915,0.630170703489267
virtualboy beat gamecube?,neither,0.03945320844208391,0.33037608806864915,0.630170703489267
The ds has hundreds of variations tbf,neither,0.039048886423582785,0.3119748247587155,0.6489762888177016
Trish’s hair looks so lovely today! #CurlsForTheWin,neither,0.03806433503516369,0.34789655830477384,0.6140391066600625
Super NES FTW,neither,0.03945320844208391,0.33037608806864915,0.630170703489267
"Help G&S make great content! $4.99/month gets you emotes, Minecraft server access, sub-only VODs, and more! Every sub keeps the channel alive! twitch.tv/geekandsundry/subscribe",neither,0.043907990691603095,0.31135964332838284,0.644732365980014
PC best console Kappa,neither,0.038838729926999244,0.32523052409470987,0.6359307459782909
"PS""",neither,0.03945320844208391,0.33037608806864915,0.630170703489267
PS2,neither,0.03945320844208391,0.33037608806864915,0.630170703489267
PS2,neither,0.03945320844208391,0.33037608806864915,0.630170703489267
The OUYA,neither,0.03613032604487659,0.2619290779399786,0.7019405960151449
ps2,neither,0.03945320844208391,0.33037608806864915,0.630170703489267
Hrm... hard to say.,offensive_language,0.03732948668258839,0.5895162271486899,0.3731542861687218
mobile is the best console,neither,0.044166632317622766,0.3107821335080853,0.6450512341742919
SNES for sure,neither,0.02401742335574164,0.4711104313852341,0.5048721452590242
What's NEStalgic for you gandsHecBird gandsHecBird gandsHecBird gandsHecBird,neither,0.07530289680938164,0.3394868519023466,0.5852102512882718
Talks is tonight right?,neither,0.0438637464780667,0.32351938225555205,0.6326168712663812
ZX Spectrum 48K,neither,0.03945320844208391,0.33037608806864915,0.630170703489267
PS2,neither,0.03945320844208391,0.33037608806864915,0.630170703489267
@Nerdandanoob Yes.,neither,0.03945320844208391,0.33037608806864915,0.630170703489267
Yup @nerdandanoob,neither,0.03945320844208391,0.33037608806864915,0.630170703489267
cameron or riot,neither,0.03945320844208391,0.33037608806864915,0.630170703489267
who said the ouya,neither,0.03876175140838795,0.4099602897307496,0.5512779588608625
"I mean... so far, technically PC? But otherwise, it was never about console, it was about the library for me. @GeekandSundry",neither,0.028624041542313166,0.389228956514929,0.5821470019427577
"Game Cube for me too! It was my first very own console, where i picked the games to buy and really really played a ton",neither,0.036208700051809685,0.31598376716164417,0.6478075327865462
N64,neither,0.03945320844208391,0.33037608806864915,0.630170703489267
!points @BrolynNightfury,neither,0.03945320844208391,0.33037608806864915,0.630170703489267
"That was an excellent pun, @BrolynNightfury! Here, have some points for that one! You have been awarded 105 points!",neither,0.05003766897837674,0.38201493930407926,0.5679473917175439
Wow not surprising that COD fanboys have short attention spans and struggle with the concept of a show with more than one segment.,neither,0.032617483848839175,0.3414101506557952,0.6259723654953657
who is Cameron,neither,0.04946771713384669,0.3990510703209729,0.5514812125451805
The Magnavox Odyssey 2. My first console and only one until I was almost 30.,neither,0.027085319513830856,0.3694467965489102,0.6034678839372588
Xbox is awesome,neither,0.047909344623978806,0.3274676350744758,0.6246230203015454
