text,top_class,hate_speech,offensive_language,neither
gandsHype tessHYPE ramaSquee ifdeezYa jcvimHype feliciaHype hrpgHyperHype bardHype whos ready for weave,neither,0.03438745799077056,0.30506856063198123,0.6605439813772481
"Help G&S make great content! $4.99/month gets you emotes, Minecraft server access, sub-only VODs, and more! Every sub keeps the channel alive! twitch.tv/geekandsundry/subscribe",neither,0.043907990691603095,0.31135964332838284,0.644732365980014
evil amy laugh,neither,0.03945320844208391,0.33037608806864915,0.630170703489267
ramaV,neither,0.03945320844208391,0.33037608806864915,0.630170703489267
Mid-laugh!,neither,0.03945320844208391,0.33037608806864915,0.630170703489267
Hello,neither,0.03945320844208391,0.33037608806864915,0.630170703489267
Becca!!!,neither,0.03945320844208391,0.33037608806864915,0.630170703489267
These ads are just so evil..,neither,0.06749460968756442,0.4176525702476484,0.5148528200647872
bardLOL obvously she has some dark plans bardEvil,neither,0.03359597883150647,0.41481420445776584,0.5515898167107277
"Hi Gina, Whitney, Amy, Stef and Becca!",neither,0.03882788631130355,0.299422105481188,0.6617500082075084
Becca!!,neither,0.03945320844208391,0.33037608806864915,0.630170703489267
!frontpage,neither,0.03945320844208391,0.33037608806864915,0.630170703489267
"We are on the front page, which means we have an influx of new people coming in here. Some are polite, some are not. Please let the mods handle those who are not. Sit back, enjoy the show, and DON'T FEED THE TROLLS.",neither,0.10504481977893397,0.20508308154005317,0.6898720986810128
"LOL, Becca is doing Amy cosplay!",neither,0.03892217031608541,0.3700874173172641,0.5909904123666505
Becca looks so dorky. i love it!,neither,0.035653151654365445,0.3830447914121907,0.5813020569334438
Becca looks a bit like Amy,neither,0.04902189029937692,0.3443931207054659,0.6065849889951571
This'll be fun!,neither,0.03991710463760455,0.3373477743848205,0.622735120977575
Whoa I love Becca's shirt,neither,0.03660131805660214,0.343650168072196,0.619748513871202
Did your research,neither,0.07379506953075697,0.3208276754372878,0.6053772550319554
Hooray!,neither,0.03945320844208391,0.33037608806864915,0.630170703489267
Gina's a wizard,neither,0.03945320844208391,0.33037608806864915,0.630170703489267
an accent becca cant do im shocked gandsHecBird,neither,0.040099271978198826,0.35056577930365845,0.6093349487181428
bex didn't come back?,neither,0.021228520891770925,0.4177289382960397,0.5610425408121895
"Glad Gina and Becca are back, hope we get to see last weeks guests again in the future!",neither,0.08461493608800078,0.22280837642781107,0.692576687484188
what is this? can someone tell me really quick?,neither,0.044211949708437615,0.35568585142068654,0.6001021988708759
"Aww, no Bex or Erica? Not that I mind having Becca and Gina back.",neither,0.03517848338835312,0.34322329769952936,0.6215982189121175
!wtfisthis,neither,0.03945320844208391,0.33037608806864915,0.630170703489267
"Weave Society is the RPG tale for the digital age. Storytellers Amy Dallen, Whitney Moore, Becca Scott, Stef Woodburn, and Gina DeVivo come together to jump into one of the many fantastical worlds of Weave. Where will they end up next?",neither,0.03997484976940308,0.3113440925008771,0.6486810577297198
!weave,neither,0.03945320844208391,0.33037608806864915,0.630170703489267
"Weave is a 21st century storytelling platform for everyone. With just two decks of cards and a handful of dice, you and your friends can create adventures in any genre, from sci-fi to high school comedy. When combined with the free companion app, Weave provides all the power you'll need to discover new worlds, imagine amazing characters, and save your stories online in minutes. You can find more information at: https://weave.game/",neither,0.05424416382335852,0.3425299335395282,0.6032259026371134
oh! cool!,neither,0.04720127955179003,0.2578925924460871,0.6949061280021229
!discord,neither,0.03945320844208391,0.33037608806864915,0.630170703489267
We have a subscriber-only Discord server! Join here: https://discord.gg/geekandsundry (you'll need to sub and link it to your Twitch) and be a part of the fun!...Warning: It can take up to an hour for the server to update and give you access to the channels,neither,0.08464076273808444,0.286394834032893,0.6289644032290227
Pooty?,neither,0.03945320844208391,0.33037608806864915,0.630170703489267
"it's sad, but for the best. The last person to try and replace Becca was Loaderbot. Yeah.",neither,0.026297796356468717,0.34271633032639626,0.6309858733171352
ramaWave everyone,offensive_language,0.02988896790634741,0.4927062106388782,0.4774048214547744
jcvimHi,neither,0.03945320844208391,0.33037608806864915,0.630170703489267
Hey @kynaeus2,neither,0.03945320844208391,0.33037608806864915,0.630170703489267
Hi @kynaeus2,neither,0.03945320844208391,0.33037608806864915,0.630170703489267
Hot Gos,neither,0.03945320844208391,0.33037608806864915,0.630170703489267
Hi @SprinklesTheDragonCat,neither,0.03945320844208391,0.33037608806864915,0.630170703489267
ramaWave,neither,0.03945320844208391,0.33037608806864915,0.630170703489267
oh man is becca playing Bex!?,neither,0.05806903332035745,0.34214768526852485,0.5997832814111177
Loaderbot shall never be forgotten!,neither,0.03535980654069855,0.3814447488961434,0.583195444563158
@kynaeus2 Yeah!,offensive_language,0.013968601452186464,0.5182923869769311,0.4677390115708824
Hello I’m knew here how goes it,neither,0.07554936751956945,0.2993751583307557,0.625075474149675
Hi @leafpool12 Welcome and enjoy!,neither,0.03873110137004454,0.29418264968053964,0.6670862489494157
Whitney's dark secret is being great at sewing?,neither,0.03932784594665924,0.3433639745243439,0.6173081795289967
@leafpool12 welcome to the cult of the Weave,neither,0.04420994715125131,0.29706505063591127,0.6587250022128375
I still want to make a shirt of that name,neither,0.04107834211501473,0.37327815389819635,0.5856435039867889
I wandered into my school chorus in 5th grade and stayed until graduation.,neither,0.032146806831884756,0.3562051321764396,0.6116480609916756
Becca's awful accent is gonna be the highlight of the episode,neither,0.04266923323217699,0.3391107846744265,0.6182199820933963
Thank you this looks fun,neither,0.05647600288992628,0.38944226945953236,0.5540817276505413
it really is! they're re-introducing their characters created last week,neither,0.06513959827415904,0.29723020161314845,0.6376302001126924
I love that vault tech shirt,neither,0.033491336939139776,0.38036998313809856,0.5861386799227618
Ducky of all trades,neither,0.04147484904463531,0.41100740984146317,0.5475177411139015
except the diner job the character much like real stef,neither,0.03677934304357226,0.40744261460723513,0.5557780423491927
"they're playing the Clique playset and are high schoolers in a Glee club, and also maybe werewolves but definitely got the money raised to go to Glee regionals @leafpool12",neither,0.06091090195793188,0.30686318912787564,0.6322259089141924
Cool,neither,0.03945320844208391,0.33037608806864915,0.630170703489267
Ducky is the best ;),neither,0.05135998456280659,0.2889087219359037,0.6597312935012896
Is this Gossip Girl the RPG??,neither,0.039604659196976234,0.3762345930151347,0.584160747787889
pistachios?,neither,0.03945320844208391,0.33037608806864915,0.630170703489267
????,neither,0.03945320844208391,0.33037608806864915,0.630170703489267
Nope. This is a specific playset of Weave,neither,0.04568571306434976,0.32944206852448066,0.6248722184111697
!weave,neither,0.03945320844208391,0.33037608806864915,0.630170703489267
"Weave is a 21st century storytelling platform for everyone. With just two decks of cards and a handful of dice, you and your friends can create adventures in any genre, from sci-fi to high school comedy. When combined with the free companion app, Weave provides all the power you'll need to discover new worlds, imagine amazing characters, and save your stories online in minutes. You can find more information at: https://weave.game/",neither,0.05424416382335852,0.3425299335395282,0.6032259026371134
Australian Siri?,neither,0.03945320844208391,0.33037608806864915,0.630170703489267
"Becca is trying so hard this is hilarious, i love it",offensive_language,0.04020345369715709,0.5377197872501789,0.42207675905266406
Becca has an accent coach!,neither,0.04008261696597879,0.3196933827927998,0.6402240002412213
jcvimLol,neither,0.03945320844208391,0.33037608806864915,0.630170703489267
Somewhere I imagine Bex is laughing for setting this up,neither,0.0383197083840032,0.34199619261446634,0.6196840990015304
Our apologies to anyone in or from Australia :P,neither,0.04470067090103418,0.31567108850252934,0.6396282405964365
"Oh, god, Becca is killing me right now",neither,0.04298882929527605,0.33523570863795693,0.621775462066767
So it totally could be Gossip Girl the RPG then 😝,neither,0.03342218578629467,0.3990358336599691,0.5675419805537363
@japenrose I'm sure they are,neither,0.0673856111578112,0.45405933271265425,0.4785550561295346
Hey hey! <3,neither,0.03945320844208391,0.33037608806864915,0.630170703489267
"Bex has created something wonderful, and we thank them for it",neither,0.0421489407278455,0.28302195849841544,0.6748291007737391
"Oh, I sincerely hope Bex is seeing this, or will catch the weekend! @japenrose",neither,0.07411446202846053,0.20196568135791151,0.7239198566136279
@Bigez296 basically,neither,0.03945320844208391,0.33037608806864915,0.630170703489267
Hi @BlackLionoftheStars,neither,0.03945320844208391,0.33037608806864915,0.630170703489267
This is interesting lol,neither,0.03852977765387068,0.39239650046886804,0.5690737218772614
This is miles less offensive than Crocodile Dundee...,neither,0.04549094753651721,0.3355774811042565,0.6189315713592263
"I mean, I guess it could be Gossip Girl but they're not rich well-connected early 20-somethings living in NYC",neither,0.04150615542930722,0.3457079673510165,0.6127858772196763
!whodat,neither,0.03945320844208391,0.33037608806864915,0.630170703489267
"Amy Dallen ( twitter.com/enthusiamy ) as the Storyteller, with Whitney Moore ( twitter.com/TweetneyMoore ) as Judy Placehall, Stef Woodburn ( twitter.com/StefWoodburn ) as DUCKY the Life Coach, Gina DeVivo ( twitter.com/PocketGina ) as Samantha Goodwell, and, Becca Scott ( twitter.com/thebeccascott ) as Josh Gattlin.",neither,0.03332717750566808,0.4769414452478953,0.48973137724643667
LUL,neither,0.03945320844208391,0.33037608806864915,0.630170703489267
Want the inside scoop? Join the cast of Critical Role and discuss this episode right here on Talks Machina. Tuesdays 7pm Pacific at twitch.tv/geekandsundry and projectalpha.com,neither,0.04630302093207864,0.22484473131932575,0.7288522477485957
wooowwww,neither,0.03945320844208391,0.33037608806864915,0.630170703489267
LMAO,neither,0.03705015143476208,0.3711622369619404,0.5917876116032975
Ugh now i just want to rewatch Gossip girl 🙄,neither,0.03575653979490504,0.3903319482631993,0.5739115119418957
!respect,neither,0.03945320844208391,0.33037608806864915,0.630170703489267
"If you would like to share opinions on our hosts, guests or fellow viewers, please do so in a respectful manner. Don't make them feel uncomfortable.",neither,0.04843323757214918,0.39559142321184637,0.5559753392160044
Oh hiking!,neither,0.051363287716059566,0.22255663153133606,0.7260800807526044
instant nose-bleed,neither,0.03945320844208391,0.33037608806864915,0.630170703489267
Moo y creative,neither,0.03945320844208391,0.33037608806864915,0.630170703489267
"This is interesting though, I’m curious to see the game play",neither,0.04868928483815752,0.2887292667399206,0.6625814484219218
When is critical role?,neither,0.036731799512772056,0.3718062288360914,0.5914619716511365
rama10 accent is dreamy ramaBlush,neither,0.04662910633492473,0.32790796772817965,0.6254629259368957
WOOOO,neither,0.03945320844208391,0.33037608806864915,0.630170703489267
!wheniscr,neither,0.03945320844208391,0.33037608806864915,0.630170703489267
"gandsMattBlindfold Critical Role is on at 7 PM PDT on Thursdays, it is currently 9:41 PM PDT on Wednesday. There is 21 Hours, 18 Minutes, 37 Seconds until the next episode of Critical Role. This command has been run 1127 times but has probably been asked about way more. gandsNein",neither,0.04093950934969011,0.34409533939423365,0.6149651512560763
critical role is in like 20 hours my dude,neither,0.04282674541017222,0.39670678600534015,0.5604664685844876
Spanish in an unfortunate Australian accent . <3 <3 <3,neither,0.04141610902737814,0.29706054237389096,0.6615233485987309
http://www.wheniscriticalrole.com/,neither,0.0364481805509037,0.2303424311669227,0.7332093882821735
@Bigez296 This is a fun RPG and they play it as a comedy,neither,0.04214879624519196,0.3252367856178642,0.632614418136944
@octopodes8 critical role? why not an epic pass instead?,neither,0.031857676671342906,0.33965513524909713,0.6284871880795599
#StillBetterThanHoneyHeist,neither,0.03945320844208391,0.33037608806864915,0.630170703489267
.... actually we love critical role,neither,0.03707103960184564,0.3429199070040817,0.6200090533940725
"Becca, say ""aluminium""!",neither,0.03945320844208391,0.33037608806864915,0.630170703489267
Cheers,neither,0.03945320844208391,0.33037608806864915,0.630170703489267
Hi @octopodes8,neither,0.03945320844208391,0.33037608806864915,0.630170703489267
😆,neither,0.03945320844208391,0.33037608806864915,0.630170703489267
honey heist is great though ramaThink,neither,0.045205560574920076,0.3040779451170702,0.6507164943080098
"soft r, soft r",neither,0.03945320844208391,0.33037608806864915,0.630170703489267
Do you even Roll Bro,neither,0.05807651875736412,0.3970683888175719,0.5448550924250639
"We're all dying watching this on the internet, but imagine being Amy and the gang hearing this in person",neither,0.040753146094444644,0.3395860439929592,0.6196608099125962
@chaoticloony I’m seeing the comedy already 😂,neither,0.03772807471844274,0.33185750282590837,0.6304144224556488
"My sister is Australian and I can't wait for her to hear this, lol",offensive_language,0.02629028559609671,0.488711611601074,0.4849981028028294
