text,top_class,hate_speech,offensive_language,neither
Hey @eqwashu,neither,0.03945320844208391,0.33037608806864915,0.630170703489267
We have a subscriber-only Discord server! Join here: https://discord.gg/geekandsundry (you'll need to sub and link it to your Twitch) and be a part of the fun!...Warning: It can take up to an hour for the server to update and give you access to the channels,neither,0.08464076273808444,0.286394834032893,0.6289644032290227
There we go,neither,0.04083933629015207,0.27628362646603744,0.6828770372438104
@kouga88 at least they aren't treating him how marvel treats peter,neither,0.03894990199865183,0.3447066192127035,0.6163434787886446
@JMPickering yup! glad i made it in time,neither,0.037260711939731156,0.3476356031436322,0.6151036849166366
@ArisBranwin they've done several non Marvel and DC episodes!,neither,0.025591693739687678,0.30558824182249944,0.6688200644378128
"@ArisBranwin They've done a lot on other companies, especially Image!",neither,0.02354330413164639,0.3338443948280403,0.6426123010403133
I was stuck lol,neither,0.02974624909439388,0.4039913782866865,0.5662623726189195
EYYY,neither,0.03945320844208391,0.33037608806864915,0.630170703489267
heeyyyyy,neither,0.03945320844208391,0.33037608806864915,0.630170703489267
YAY!!,neither,0.03945320844208391,0.33037608806864915,0.630170703489267
Helloooooooo!,neither,0.03945320844208391,0.33037608806864915,0.630170703489267
YAY!,neither,0.03945320844208391,0.33037608806864915,0.630170703489267
I read my first Archie comic this week!!! Purchased in House of Secrets not less ;),neither,0.0286891427506654,0.3843693188936494,0.5869415383556852
and we're start!!!!,neither,0.06394494038880832,0.2456078052628124,0.6904472543483793
Yeah but most are on manga,neither,0.035810061885354336,0.4064809213539365,0.5577090167607092
Hello hosts!,neither,0.03945320844208391,0.33037608806864915,0.630170703489267
hi everybody,neither,0.03945320844208391,0.33037608806864915,0.630170703489267
Showtime!,neither,0.03945320844208391,0.33037608806864915,0.630170703489267
It's the show!,neither,0.06212941117131414,0.18205922520364984,0.7558113636250361
yay!,neither,0.03945320844208391,0.33037608806864915,0.630170703489267
hey @jessieleaf how are you friend!?,neither,0.10221569812036242,0.3262281618812572,0.5715561399983804
Oh hey its Jaliesin Taffe,neither,0.03766864467137239,0.2710710174314808,0.6912603378971468
Hi!,neither,0.03945320844208391,0.33037608806864915,0.630170703489267
I want a Walk on The Magic side episode,neither,0.03311946691723945,0.35298724129883907,0.6138932917839215
@ArisBranwin they often go out side the Big 2,neither,0.020515532859682304,0.4166484821322773,0.5628359850080406
Helloooo,neither,0.03945320844208391,0.33037608806864915,0.630170703489267
HELLLOOO LOVELY HOSTS,neither,0.03945320844208391,0.33037608806864915,0.630170703489267
"gandsTWC Hi Matt, Taliesin, and Amy!",neither,0.0388100252782571,0.29846695177565247,0.6627230229460904
hello cast and crew!,neither,0.03881937459715289,0.29896756057603724,0.6622130648268099
Hey everyone!,neither,0.031959242684595296,0.4575682446653829,0.5104725126500218
hello hosts,neither,0.03945320844208391,0.33037608806864915,0.630170703489267
hi everyone,neither,0.032490659208996964,0.4485487193596734,0.5189606214313296
Hey there Wednesday Club!,neither,0.039384319043484946,0.2932156540935732,0.667400026862942
yeeey!,neither,0.03945320844208391,0.33037608806864915,0.630170703489267
LMAO Matt is so adorable,neither,0.04543374749613964,0.38132088936503716,0.5732453631388231
*coughs* Liz *coughs*,neither,0.03945320844208391,0.33037608806864915,0.630170703489267
Hi Matt your nerd,neither,0.06359509960613692,0.3236800480055388,0.6127248523883244
Like a record,neither,0.0560304094682313,0.35346641826328384,0.5905031722684849
HELLOOOO!!,neither,0.03945320844208391,0.33037608806864915,0.630170703489267
Heya Matt,neither,0.03945320844208391,0.33037608806864915,0.630170703489267
Ahhh! So Happy!,neither,0.039410068677203675,0.3791365875320439,0.5814533437907524
Hey,neither,0.03945320844208391,0.33037608806864915,0.630170703489267
"Download the new Critical Role theme song for Campaign Two! http://itunes.apple.com/album/id1331550250?ls=1&app=itunes Sales of the song support the musician, Jason Charles Miller.",neither,0.04445767596344001,0.2510827790306858,0.7044595450058742
"Hi Matt, Taliesin and Amy",neither,0.0388100252782571,0.29846695177565247,0.6627230229460904
hello!,neither,0.03945320844208391,0.33037608806864915,0.630170703489267
my god I love the shirt Tal’s wearing!,neither,0.02891444207183494,0.3890913970604556,0.5819941608677095
duckHey,neither,0.03945320844208391,0.33037608806864915,0.630170703489267
Daisy Pin!!!,neither,0.03945320844208391,0.33037608806864915,0.630170703489267
gandsTWC gandsTWC gandsTWC gandsTWC,neither,0.03945320844208391,0.33037608806864915,0.630170703489267
@WDM1262 Was stressed in the beginning of the week,neither,0.038111004624438546,0.30857706968022075,0.6533119256953407
"Well, maybe they can convince me of why I should like Superman. But I really doubt it. He's one of my least favorite comic book heroes.",neither,0.03452799548006075,0.4314568979901319,0.5340151065298073
Two types of people,neither,0.07165033395663431,0.31657621041163514,0.6117734556317307
@sunlitlake Mark Waid's run? :D,neither,0.03945320844208391,0.33037608806864915,0.630170703489267
gandsTWC gandsTWC gandsTWC,neither,0.03945320844208391,0.33037608806864915,0.630170703489267
LOL,neither,0.020706217963973744,0.4882283491876925,0.4910654328483337
Thanks Chief!,neither,0.0370810009996598,0.3105115283569621,0.6524074706433781
omg,neither,0.03945320844208391,0.33037608806864915,0.630170703489267
Good evening all,neither,0.0407757687943942,0.4132731801052576,0.545951051100348
and we're off to a roaring start,neither,0.07113429101177592,0.25207143020065337,0.6767942787875707
"Hi AMy, I was in your bookclub last week. it was enjoyable",neither,0.058214785910271495,0.3280232411493916,0.613761972940337
Are we doing a surprise Zatanna episode instead?,neither,0.05850941295443276,0.29748516141100095,0.6440054256345663
@jessieleaf oh no! You’re better now?,neither,0.10019312707530575,0.30444193658570523,0.5953649363389891
thanks chief had no idea,neither,0.03703371756215803,0.3269494931193556,0.6360167893184864
Hi @Lord_Machiavellian,neither,0.03945320844208391,0.33037608806864915,0.630170703489267
that is funny!,neither,0.04402240121059403,0.4151887721613509,0.540788826628055
Nellad Yma,neither,0.03945320844208391,0.33037608806864915,0.630170703489267
Tal's name backwards sounds like Russian,neither,0.04622473276830594,0.34050920427408804,0.613266062957606
"Hi Amy Dallen, internet sensation",neither,0.03945320844208391,0.33037608806864915,0.630170703489267
"Help G&S make great content! $4.99/month gets you emotes, Minecraft server access, sub-only VODs, and more! Every sub keeps the channel alive! twitch.tv/geekandsundry/subscribe",neither,0.043907990691603095,0.31135964332838284,0.644732365980014
"@JeffM0307 I was doing it in my head, ha!",neither,0.026896770528813195,0.4354139163127727,0.537689313158414
@WDM1262 yurp starting school and finishing unpacking put me in a better mood,neither,0.03413558709561721,0.32935298656125483,0.6365114263431279
Thanks chaoticloony,neither,0.035884468650613,0.3004919205142699,0.6636236108351171
When SuperMan did the things..,neither,0.029992543566506807,0.3596953729612258,0.6103120834722674
Oh good! I have TONS of wuestions Ive been dying to ask people about Supes,neither,0.06337766407595473,0.3214016564096385,0.6152206795144068
YES!,neither,0.03945320844208391,0.33037608806864915,0.630170703489267
DAILY WEDNESDAYYYYYYYY,neither,0.03945320844208391,0.33037608806864915,0.630170703489267
letters!,neither,0.03945320844208391,0.33037608806864915,0.630170703489267
How to banish Taliesin back to his home dimension?,neither,0.0947811815292535,0.3196252266092729,0.5855935918614735
Taliesin is too powerful to be banished without at least 5 high level warlocks and a celestial blood sacrifice,neither,0.04460932253042763,0.3665026039257562,0.5888880735438161
"I got the trade of 4 Kids Walk Into A Bank this week, it was a good book. I didn't like it as much as My Favorite Thing is Monsters, but it was still cool.",neither,0.02855230071856527,0.43352088952176143,0.5379268097596732
adding the finishing touches by hanging stuff,neither,0.03954844830117808,0.3465987729802963,0.6138527787185256
ohpleaseohpleaseohplease...,neither,0.03945320844208391,0.33037608806864915,0.630170703489267
@rmutt1917 I can’t remember the writer but Fiona Stables and Annie Wu!,neither,0.03653997446477283,0.2986431010074378,0.6648169245277893
"For those who don't know, that's later this episode...",neither,0.04889610332829859,0.33120828750423914,0.6198956091674623
it be mine,neither,0.0380387779305872,0.3367632595095996,0.6251979625598132
hello wednesdasies from NYC!,neither,0.040501953574932,0.3125761461575217,0.6469219002675464
It's a bird... it's a plane... it's Daily Wednesday!,neither,0.0064607983992830955,0.11493284774094006,0.8786063538597768
I love EffaJ Niseilat,neither,0.03217296676969875,0.3657703709031763,0.602056662327125
this is my favorite part of the show,neither,0.04716527981998274,0.32251639693882994,0.6303183232411873
OMG PICTURES,neither,0.03945320844208391,0.33037608806864915,0.630170703489267
@jessieleaf this is the first time in my life where I don’t have to think about that and it’s equally stressful. Because now I have to deal with real life.,neither,0.026787916517072095,0.46963161218027655,0.5035804713026515
GIFTS,neither,0.03945320844208391,0.33037608806864915,0.630170703489267
4 Kids Walk Into A Bank was like Stranger Things crossed with Reservoir Dogs.,neither,0.038099272776409565,0.36124343423144406,0.6006572929921464
"Hey, everyone!",neither,0.031959242684595296,0.4575682446653829,0.5104725126500218
touch along with Amy Tal and Matt,neither,0.03240896351766769,0.32824777103861813,0.6393432654437142
"@GreyAngel You need to find the wizard that has the portal stone to the feywild, and go on a quest to recover the ancient artifacts of Atlantis to obtain it from trade",neither,0.056518479058677226,0.2701448202169765,0.6733367007243463
Look at this Photograph,neither,0.04097127382065464,0.37261761486159956,0.5864111113177458
"@sunlitlake yup, that is the start of the Mark Waid run. Fiona only did the first 3 issues btw",neither,0.03620733925202779,0.32718138322808055,0.6366112775198917
#TouchAlongGif,neither,0.03945320844208391,0.33037608806864915,0.630170703489267
I don't know how I feel about that,neither,0.03351370596078331,0.4060004683270733,0.5604858257121434
Touch along? Oh dear.,neither,0.043776126451507004,0.28891957344981056,0.6673043000986825
I think the Daily Wednesday intro needs like breaking bulletin sound like telegraph,neither,0.051812398776286954,0.33314291918237454,0.6150446820413384
"watch out, physical images get fingerprints",neither,0.0396635296928855,0.3485331392098846,0.61180333109723
the only photo i have up here is of peter murphy wearing a shiny shirt from 2002,neither,0.06483980189710063,0.32228892184322155,0.6128712762596779
can just touch my screen some more,neither,0.023277042854486733,0.41847280675120385,0.5582501503943095
"Right on both cases, Taliesin!",neither,0.03590088995528184,0.36081283780517354,0.6032862722395447
AMPHY!!!,neither,0.03945320844208391,0.33037608806864915,0.630170703489267
@Redpointshine Look at this graph,neither,0.04097127382065464,0.37261761486159956,0.5864111113177458
wait this is Amphy!,neither,0.05288310418846985,0.32817172782498943,0.6189451679865408
AMPHY,neither,0.03945320844208391,0.33037608806864915,0.630170703489267
5 Minute Topic: What Super Hero would you love to see a Year One story about and what would it be like.,neither,0.05755634887760667,0.3627442279890877,0.5796994231333057
"For all you kids, a photograph is an Instagram pic you can hold in your hands.",offensive_language,0.08920807968190526,0.45964244576205554,0.45114947455603915
@ladyamphy !!! <3,neither,0.03945320844208391,0.33037608806864915,0.630170703489267
oh wow,neither,0.04699983224225219,0.25967008852857676,0.6933300792291711
AHH WHO WAS IN INDIA? Thats where I am!,neither,0.04102043199727308,0.3540319153317203,0.6049476526710066
omg! That is SO taliesin!,neither,0.044739656296371215,0.4431744105730277,0.5120859331306011
Nice!,neither,0.03945320844208391,0.33037608806864915,0.630170703489267
It's gaaayyyyy,neither,0.034373745257138544,0.33212314837979673,0.6335031063630647
Spoilers!,neither,0.03945320844208391,0.33037608806864915,0.630170703489267
AMPHY!!!!!,neither,0.03945320844208391,0.33037608806864915,0.630170703489267
that's amazing,neither,0.03413659802039229,0.3885612680816893,0.5773021338979183
<3,neither,0.03945320844208391,0.33037608806864915,0.630170703489267
That is gorgeous!!,neither,0.044361748312246936,0.3782867918943173,0.5773514597934356
Nice! <3,neither,0.03945320844208391,0.33037608806864915,0.630170703489267
OMGGGGG,neither,0.03945320844208391,0.33037608806864915,0.630170703489267
it's so pretty,neither,0.037241986273676884,0.4024639365070429,0.5602940772192803
Oh my goodness!!!! Amazing!!,neither,0.03343017090917604,0.3627362832445381,0.6038335458462859
AMPHY!!,neither,0.03945320844208391,0.33037608806864915,0.630170703489267
oh Amphy it's FABULOUS,neither,0.04346056635191411,0.2763460206818232,0.6801934129662627
damn,offensive_language,0.042479326866149344,0.9516554255713155,0.005865247562535126
That does shout Molly and Tal,neither,0.02686420779134574,0.42265054174347766,0.5504852504651766
that is an awesome scarf,neither,0.04304904921529486,0.35918946531151985,0.5977614854731854
Taliesin of Arabia,neither,0.03945320844208391,0.33037608806864915,0.630170703489267
Amy's sad face is adorable,neither,0.04572129267790577,0.32822020647317063,0.6260585008489234
This is my first time watching live and I’m so excited,neither,0.032218717796391565,0.4093856297259827,0.5583956524776257
Ooooh yes that's perfect!,neither,0.03482993126045765,0.38082698276712984,0.5843430859724126
"Steal that scarf, Matt!",neither,0.03642150436469173,0.36322184018399867,0.6003566554513096
SO BEAUTIFUL!! BibleThump,neither,0.03940923008359922,0.4006339228792627,0.559956847037138
Oh I could see Mollymauk in it,neither,0.043828431863911284,0.2714739036597297,0.6846976644763592
oooh,neither,0.03945320844208391,0.33037608806864915,0.630170703489267
Wow! that's Molly in scarf form!,neither,0.0367455401381448,0.3596656737848382,0.603588786077017
What happened in ep 26 denaeHeh,neither,0.043568530335585755,0.32740208854236436,0.62902938112205
Killer Junil Rue?,neither,0.03945320844208391,0.33037608806864915,0.630170703489267
YAY for Indian comics!,neither,0.035097775074076104,0.3086118158925143,0.6562904090334096
So fabulous. So Molly.,neither,0.03941192699117898,0.4093276334001183,0.5512604396087027
All Star! I love that place,neither,0.037472667339207615,0.40881292978575057,0.5537144028750417
@sunlitlake I've since read several of the spin-off series from Archie <3,neither,0.025383106865421567,0.29935588525144047,0.675261007883138
gandsMolly,neither,0.03945320844208391,0.33037608806864915,0.630170703489267
oh woooooooooooow,neither,0.051363287716059566,0.22255663153133606,0.7260800807526044
ooooh that is a hot cover,neither,0.04365331591980283,0.37202672718793406,0.5843199568922631
i literally wanted to watch this to cope with cr sadness. why this,neither,0.03600605464489635,0.3549941174859932,0.6089998278691104
:D,neither,0.03945320844208391,0.33037608806864915,0.630170703489267
junil only killed you if you deserved it,offensive_language,0.04642040972274223,0.4817389108446872,0.4718406794325707
"Oh! Killer Roo, not Killer Rue",neither,0.04171919805336191,0.3033163871828772,0.6549644147637609
@darkofnate There are others?,neither,0.07178811147791934,0.2292137575276094,0.6989981309944713
Can I get an F in chat for Mollymauk?,neither,0.033622670050336,0.29976445085396997,0.6666128790956941
I am now fascinated by Killerroo,neither,0.04096167176650259,0.3972265790238789,0.5618117492096186
KillerRoo!,neither,0.03945320844208391,0.33037608806864915,0.630170703489267
The Punisher as a kangaroo?,neither,0.03650446268210655,0.34913230279083335,0.61436323452706
Brutalroo,neither,0.03945320844208391,0.33037608806864915,0.630170703489267
Its a Killer Rue... in space.,neither,0.03404942504297113,0.33223469697334773,0.6337158779836812
Kangroo Jack dark gritty reboot,neither,0.03945320844208391,0.33037608806864915,0.630170703489267
I always love daily wendesday,neither,0.034314514696140094,0.4077810633512968,0.5579044219525631
everyone drink,neither,0.032312569880449886,0.45157136004122866,0.5161160700783214
Drink,neither,0.03945320844208391,0.33037608806864915,0.630170703489267
already,neither,0.03738043260619613,0.36555650351753366,0.5970630638762703
of course he know that,neither,0.040899283503420904,0.37531749004677645,0.5837832264498026
omg whoever sent this is amazing,neither,0.04557424967280728,0.32946026822232627,0.6249654821048665
does that scarf come with +1 to stealth?,offensive_language,0.021537961009330947,0.5019050148311337,0.47655702415953527
That is the name of the first episode of Mighty Boosh called Killeroo.,neither,0.035973441121021556,0.3363075604392738,0.6277189984397048
F,neither,0.03945320844208391,0.33037608806864915,0.630170703489267
Daily Wednesday is make me cry it's so soft,neither,0.038271158836006056,0.3855131047582905,0.5762157364057034
aww Joey grew up and is sick of your shit!,offensive_language,0.0781459121192132,0.9011996542486539,0.02065443363213284
"""OOOhhh, Radness"" -Amy Dallen, 2018",neither,0.03945320844208391,0.33037608806864915,0.630170703489267
@SwankyAnt5810 How?,neither,0.03945320844208391,0.33037608806864915,0.630170703489267
"""Si"" - Manuel",neither,0.03945320844208391,0.33037608806864915,0.630170703489267
aaaahhh @ladyamphy <3 <3 gandsTWC you did good things!,neither,0.0604266248066505,0.39202667100809685,0.5475467041852526
@SwankyAnt5810 +1 to fabulous,neither,0.048336733618526896,0.3252346924176928,0.6264285739637802
OMG AMPHY,neither,0.03945320844208391,0.33037608806864915,0.630170703489267
how long does wednesday club run for,neither,0.025938827137357113,0.4019718440408972,0.5720893288217457
:D,neither,0.03945320844208391,0.33037608806864915,0.630170703489267
"Whoa, a Fawlty Towers reference in 2018. The world is good.",neither,0.04357903004945574,0.3181390631108332,0.6382819068397112
OH MY,neither,0.02748693229954249,0.40236076101129065,0.5701523066891669
Amphy!,neither,0.03945320844208391,0.33037608806864915,0.630170703489267
Yay LadyAmphy!,neither,0.03945320844208391,0.33037608806864915,0.630170703489267
I love that art,neither,0.03191973319100901,0.39418299647259,0.5738972703364011
"""He's from Barceloooooh-naahh""",neither,0.053518251272130765,0.2909430436104269,0.6555387051174425
Yay Aaaaamphy!,neither,0.03945320844208391,0.33037608806864915,0.630170703489267
@izzy2000 2 hours,neither,0.03945320844208391,0.33037608806864915,0.630170703489267
"well, i already was a fan of amphy, but now i love you more for the fawlty towers ref",neither,0.039967758106493584,0.3453724313525056,0.6146598105410008
fab works.,neither,0.03945320844208391,0.33037608806864915,0.630170703489267
good job lady AMphy,neither,0.03871298848648861,0.33063068365461046,0.6306563278589009
ty,neither,0.03945320844208391,0.33037608806864915,0.630170703489267
Amphy that's amazing,neither,0.03413659802039229,0.3885612680816893,0.5773021338979183
!spoilers,neither,0.03945320844208391,0.33037608806864915,0.630170703489267
"Spoilers suck. Please don't post them in chat for those who haven't experienced this yet. Spoilers will be mercilessly smited, be they real or fake. Spoiling Critical Role during a replay will be met with a four hour timeout. DON'T DO IT",neither,0.05065151578303336,0.35843158501758016,0.5909168991993865
BibleThump,neither,0.03945320844208391,0.33037608806864915,0.630170703489267
lol,neither,0.020706217963973744,0.4882283491876925,0.4910654328483337
Aww... <3,neither,0.03945320844208391,0.33037608806864915,0.630170703489267
And HE WAS!,neither,0.04853249270361037,0.26076244758279643,0.6907050597135933
XD,neither,0.03945320844208391,0.33037608806864915,0.630170703489267
"Yeah, pretty much. :D",neither,0.019038933721682198,0.45666698100152575,0.524294085276792
It's a Kangroo with an SLR/L1A1,neither,0.02139784216877863,0.3858629137466553,0.592739244084566
that's amazing,neither,0.03413659802039229,0.3885612680816893,0.5773021338979183
adorable!,neither,0.03945320844208391,0.33037608806864915,0.630170703489267
Ahahahahahahaha,neither,0.03945320844208391,0.33037608806864915,0.630170703489267
awwww,neither,0.03945320844208391,0.33037608806864915,0.630170703489267
How perfect!,neither,0.03945320844208391,0.33037608806864915,0.630170703489267
"I mean, that is pretty much Clay",neither,0.03909666716284126,0.36350228493201786,0.5974010479051408
spoilers done!!,neither,0.03795687855583607,0.3557727113480953,0.6062704100960686
Loooveeee this,neither,0.03911427663316333,0.3361286454075671,0.6247570779592696
AWwwww!!,neither,0.03945320844208391,0.33037608806864915,0.630170703489267
,neither,0.03945320844208391,0.33037608806864915,0.630170703489267
Yay Amphy yay,neither,0.03945320844208391,0.33037608806864915,0.630170703489267
I mean YOU weren’t WRONG!!,neither,0.05680147815729352,0.379120505728156,0.5640780161145507
Awwwwww,neither,0.03945320844208391,0.33037608806864915,0.630170703489267
That was so precious,neither,0.03507194777249688,0.4261911712835214,0.5387368809439818
Heehee,neither,0.03945320844208391,0.33037608806864915,0.630170703489267
hehehehehe,neither,0.03945320844208391,0.33037608806864915,0.630170703489267
Somebody's still on Campaign 1,neither,0.035856213701928964,0.3582630526979698,0.6058807336001013
Caduceus is as close as you can get ot a playable unicorn.,neither,0.0518834974190599,0.4026431572462859,0.5454733453346541
Pretty sure Spoiler wasn't a Superman character... especially in his first year.,neither,0.04413632320969306,0.41473513643089344,0.5411285403594135
Angry Kangaroos are a market that needs to be expanded on,neither,0.055886479966914863,0.33651501006711054,0.6075985099659746
It matches his hair,neither,0.06340191049802084,0.3329244336446573,0.6036736558573218
thats a pretty good description of Caduceus actually,neither,0.03895100503440397,0.33054881884939014,0.6305001761162059
so prettyyyy,offensive_language,0.039501631330860744,0.48329170807269783,0.4772066605964413
@AromiaFlyce hi friend :),neither,0.03945320844208391,0.33037608806864915,0.630170703489267
hey Fam,neither,0.03945320844208391,0.33037608806864915,0.630170703489267
Matt is the one who Box(es),neither,0.04534787293947191,0.39610117896818087,0.5585509480923473
oh Matt,neither,0.0456283565223502,0.2719307315164877,0.6824409119611621
oh Matttt,neither,0.051363287716059566,0.22255663153133606,0.7260800807526044
Amazing letter and gifts,neither,0.03883356163295629,0.2997245445227042,0.6614418938443396
i'm not a scarf guy and i want that scarf,neither,0.036015696212040316,0.33573813365487437,0.6282461701330853
Hahahaha,neither,0.03945320844208391,0.33037608806864915,0.630170703489267
:-),neither,0.03945320844208391,0.33037608806864915,0.630170703489267
0_0,neither,0.03945320844208391,0.33037608806864915,0.630170703489267
rooAww,neither,0.03945320844208391,0.33037608806864915,0.630170703489267
Looks good Matt,neither,0.03879245686992262,0.33060335083347686,0.6306041922966005
It's MINE!,neither,0.037216044853541595,0.33114555121323314,0.6316384039332252
Matt Key of the Desert Tribe,neither,0.03886291494416351,0.31966709014355776,0.6414699949122786
He is very lovely,neither,0.05393485770699624,0.32539518482169316,0.6206699574713106
That scarf is beautiful,neither,0.043143831119470163,0.3673833751114566,0.5894727937690732
Matt Key looks like someone's grandmother,neither,0.0482283755037553,0.34330766000441,0.6084639644918346
oh yay,neither,0.045695983327835026,0.2713197213800484,0.6829842952921167
You look like my Greek aunts,neither,0.0518535783966553,0.45687369722312865,0.4912727243802159
"somehow, an indian scarf made matt a babushka. how continental",neither,0.039644763963967836,0.3271248909422035,0.6332303450938287
That shot of Matt will Scarf me forever!,neither,0.03303429568790515,0.3681601293697933,0.5988055749423016
CONGRATS @JMPickering,neither,0.03945320844208391,0.33037608806864915,0.630170703489267
Matt could totally rock a hijab,neither,0.03945320844208391,0.33037608806864915,0.630170703489267
Matt looks like a heroine from a classic movie!,neither,0.04875979501355588,0.30360797657549843,0.6476322284109457
Matt looks amazing,neither,0.03945320844208391,0.33037608806864915,0.630170703489267
Yay crew!,neither,0.03945320844208391,0.33037608806864915,0.630170703489267
awwwww,neither,0.03945320844208391,0.33037608806864915,0.630170703489267
hard same,offensive_language,0.030333764542067414,0.6111111704603008,0.3585550649976316
Poetic squeegee,neither,0.03945320844208391,0.33037608806864915,0.630170703489267
*hugs @JMPickering *,neither,0.03945320844208391,0.33037608806864915,0.630170703489267
Amy's face journeys are the best,neither,0.06097909452831626,0.26865467352310063,0.670366231948583
OMG @JMPickering !!!,neither,0.03945320844208391,0.33037608806864915,0.630170703489267
,neither,0.03945320844208391,0.33037608806864915,0.630170703489267
matt key is the most colorful aiel warrior in the land,neither,0.04284413944805481,0.3110326765520585,0.6461231839998867
@JMPickering woo!,neither,0.03945320844208391,0.33037608806864915,0.630170703489267
gosh i sure love you all,offensive_language,0.04680678036352998,0.5848408147638386,0.36835240487263127
#SoulOnSilk,neither,0.03945320844208391,0.33037608806864915,0.630170703489267
!highfive @JMPickering,neither,0.03945320844208391,0.33037608806864915,0.630170703489267
EricaTheStrange reaches up and delivers @JMPickering a crisp high five,neither,0.03487086915675038,0.3916874527896188,0.5734416780536309
@JMPickering what a lovely letter,neither,0.04457101864129314,0.3266995125229935,0.6287294688357133
"Okay, all the hosts need scarfs now...",neither,0.040025048614910484,0.3906725211829124,0.5693024302021771
that is a sexy cover,neither,0.04349318679654083,0.37058003251226673,0.5859267806911925
foiled again,neither,0.0358555699129713,0.3914374029960717,0.5727070270909569
"we should all have our ""souls on silk""",neither,0.0467932823517312,0.4296836548390813,0.5235230628091875
what a beautiful pile,neither,0.044937856537786716,0.32644439239296624,0.6286177510692471
Thought it was Frank...Castle for a second there,neither,0.036462914504244395,0.22537976791920583,0.7381573175765499
Heeello,neither,0.03945320844208391,0.33037608806864915,0.630170703489267
Nemesis went out of business years ago.',neither,0.03642080111663683,0.3418656447064536,0.6217135541769097
better or as good as? it's going to be tough @darkofnate,neither,0.038711667670689696,0.3980496780905667,0.5632386542387436
Wednesday club of the traveling scarf,neither,0.03883793270398977,0.3192067042019711,0.6419553630940391
OooH,neither,0.03945320844208391,0.33037608806864915,0.630170703489267
@101deadpool1017 Same,neither,0.04148851938089603,0.3488915597363099,0.609619920882794
I wonder what my soul would look like on silk. Huh.,neither,0.03991372536160144,0.3990284471471092,0.5610578274912893
OMG The Extremist!,neither,0.03799319295305244,0.3031937689918349,0.6588130380551126
That's really interesting.,neither,0.03500438738349691,0.37888672296008397,0.5861088896564192
"Question: would you say that the wednesday club has a new ""nemesis""...?",neither,0.04777796945538817,0.3083471700200496,0.6438748605245622
Battle Royale over the scarf,neither,0.0360875744686121,0.31784479114167913,0.6460676343897088
Oh Niiiice!,neither,0.051363287716059566,0.22255663153133606,0.7260800807526044
"all those rare comics, and he sent them away?! :O",neither,0.0744375560909795,0.2768007354725222,0.6487617084364983
Very interesting.,neither,0.03945320844208391,0.33037608806864915,0.630170703489267
#WhoIsNeme6,neither,0.03945320844208391,0.33037608806864915,0.630170703489267
I love their soft gasps of joy,neither,0.036938111786407074,0.34204473699508725,0.6210171512185056
"@EricaTheStrange Perfection is the enemy of the good. As long as everyone is scarfed equally, it will be fine.",neither,0.04078992945691537,0.38394277597669,0.5752672945663945
*sigh* why does my IPad always be behind on chat?,offensive_language,0.01722486629233734,0.5189324600763646,0.46384267363129816
Colour of the scarf compliments Tal's hair perfectly!,neither,0.03890845458173042,0.3205046793040076,0.6405868661142621
whoa i think i had one of those,neither,0.062058553077043214,0.2854636014098487,0.6524778455131081
"oh, I loved that run!",neither,0.04057895862498614,0.3225272921774406,0.6368937491975732
Scuse me while I get something out of my eyes.,neither,0.022503877151866827,0.4359532867669751,0.5415428360811582
