text,top_class,hate_speech,offensive_language,neither
Hugs for the hug inclined!,neither,0.03454421066142405,0.2978767114667817,0.6675790778717943
Shrugs for the Shrug inclined,neither,0.034830865838687976,0.2997744769115031,0.665394657249809
#EnthusiArmy Raid,neither,0.03945320844208391,0.33037608806864915,0.630170703489267
Welcome Amy and raiders.,neither,0.038822933363010945,0.2991577467117473,0.6620193199252418
Welcome Enthusiarmy!! <3,neither,0.03945320844208391,0.33037608806864915,0.630170703489267
"Btw, Pardon my noobness, but I am new to twitch.. How do you make the Totalbiscuit Lul emote?",neither,0.044944820741200944,0.3467449913436495,0.6083101879151496
Woo!,neither,0.03945320844208391,0.33037608806864915,0.630170703489267
#EnthusiARMY RAID gandsHappy gandsHappy gandsHappy,neither,0.03945320844208391,0.33037608806864915,0.630170703489267
gandsLore gandsLore gandsHappy gandsLore gandsHappy gandsLore gandsLore gandsHappy gandsHappy,neither,0.03945320844208391,0.33037608806864915,0.630170703489267
Greetings @Enthusiamy and Raiders,neither,0.03852460340978638,0.282397176840787,0.6790782197494266
wwtv7,neither,0.03945320844208391,0.33037608806864915,0.630170703489267
gandsHappy ENTHUSIARMY RAID amydFocus gandsHug s for the gamdsHug -inclined!,neither,0.03412816705421331,0.29512293809077,0.6707488948550168
Lore me Sempai,neither,0.018491955366437673,0.460246435692358,0.5212616089412043
o/,neither,0.03945320844208391,0.33037608806864915,0.630170703489267
Hi Ryan and Hector,neither,0.03865039986561582,0.28968446037165835,0.6716651397627258
Loved the Old Gods episode :),neither,0.03863462965134514,0.3154352533961887,0.6459301169524663
Magic fingers of magic lore,neither,0.03945320844208391,0.33037608806864915,0.630170703489267
ophHi Enthusiarmy Raiders,neither,0.03945320844208391,0.33037608806864915,0.630170703489267
Is critical role on tonight?,neither,0.041149798559612295,0.32059464525980425,0.6382555561805835
"@sarahappleg8 yup, a little later",neither,0.0391528783581625,0.3354734733918567,0.6253736482499809
"@sarahappleg8 yes, in 3 hours",neither,0.03945320844208391,0.33037608806864915,0.630170703489267
Thanks @ronin_monkey and @chaoticloony that sucks tho I thought it was on at 7pm my time,neither,0.025805896759867195,0.351961957658261,0.6222321455818718
Roger Craig Smith did the voice of Batman in Arkham Origins,neither,0.038935773030034274,0.3210061359114221,0.6400580910585437
@sarahappleg8 duckTU,neither,0.03945320844208391,0.33037608806864915,0.630170703489267
@sarahappleg8 That is pretty common,neither,0.043619754539661125,0.37172448127496266,0.5846557641853761
@GeekandSundry Oh I REMEMBER Batman TAS,neither,0.04335389646858166,0.29285962880467026,0.663786474726748
"Yeah, that's my favorite Batman. :D",offensive_language,0.01778421399011103,0.5077327161038845,0.47448306990600453
1992 batman holds up really well surprisingly,neither,0.03740715190995839,0.37114472355034883,0.5914481245396929
I'm old.. T.T,neither,0.03945320844208391,0.33037608806864915,0.630170703489267
HOLY FUCK HECTOR. How did I not know I could buy the show soon,offensive_language,0.18685542577044637,0.786088370752963,0.027056203476590664
@ArisBranwin So am i!,neither,0.03906002514046998,0.41495326532565996,0.54598670953387
"I'm 18, but I watched a bunch of episodes of Batman the Animated Series a couple years ago",neither,0.03836610680843415,0.3834830957624307,0.5781507974291352
"I watched the entire series when I came home from school. Sailor Moon, Ronin Warriors, and then Batman the animated series.. then DBZ.",neither,0.035274966299367244,0.31548955312393895,0.6492354805766938
the 92 batman show came out when i was in a REALLY dark place it the animated X men and 2 spesific comics were a big help to me at the time,neither,0.030687041198006897,0.3199307224134419,0.6493822363885511
i loved Super Friends,neither,0.03945320844208391,0.33037608806864915,0.630170703489267
In 1992 I was 16...,neither,0.03929758478779144,0.33301742762736597,0.6276849875848426
Yeah and Batman the animated series led to Superman cartoon and then the Justice League..,neither,0.03315605821570198,0.33131056296073075,0.6355333788235672
Phantasm is my favorite BTAS villain,neither,0.032611318641918983,0.4514347285139468,0.5159539528441343
1966 was the original show,neither,0.054650177978388906,0.23617343983728553,0.7091763821843255
Super Friends was so great,neither,0.03733713555731394,0.3479475547659205,0.6147153096767656
Oh wow.,neither,0.04699983224225219,0.25967008852857676,0.6933300792291711
"""Battle of the Superfriends..""",neither,0.038353223192269734,0.3101346756120217,0.6515121011957086
"@Ossborn I was 17, just graduating high school",neither,0.03361511093578747,0.40792994650023684,0.5584549425639757
there was a great episode of batman the brave and the bold when they had Adam west playing Bruce's dad and Kevin Conroy as the phantom stranger so they had the 3 best tv batmen all in the same episode,neither,0.0342690583052948,0.32079440438579815,0.6449365373089071
My first Batman was a cameo on Scooby-Doo. I think it was in 1731 or so.,neither,0.02863775329500464,0.4032820526401116,0.5680801940648837
@Ossborn I was 22 in 1992,neither,0.03930517613101034,0.3328885827211141,0.6278062411478755
Jolly gee willllikers Batman!!!,neither,0.03945320844208391,0.33037608806864915,0.630170703489267
lol @Caltazar :),neither,0.020706217963973744,0.4882283491876925,0.4910654328483337
@chaoticloony WOOT i'm not the oldest one in here i was only 12-13,neither,0.06479228211865337,0.32030267529330114,0.6149050425880455
I'm waiting for them to talk about Batman Beyond and the 75th Anniversary of Batman..,neither,0.03459631466708185,0.3023402109373702,0.6630634743955479
"Terry was a pretty great Batman, too.",neither,0.03756587191816036,0.31442565517164905,0.6480084729101906
What was the cartoon with the young batman?,neither,0.03188740347337401,0.36747482534922615,0.6006377711773998
@ArisBranwin batman beyond was INSANLY dark for a kids show that aired on saturday mornings,neither,0.039613558995533656,0.30604724122017296,0.6543391997842933
The Dark knight returns looks like a troll in the comic,neither,0.04457202872758183,0.3193912573328443,0.636036713939574
It wasnt that dark,neither,0.03436740922675351,0.37202971539542873,0.5936028753778178
@Grimswerth that was batman beyond it had a teenager being trianed to be the new batman by an elderly bruce wayne (then we find out amanda waller aranged for terry to be biologicly bruces son),neither,0.039595715218100555,0.29245087091294675,0.6679534138689526
@w_nightstone oh I think I saw some of that one,neither,0.032305568924677085,0.35879792991343795,0.6088965011618849
But it was pretty interesting and explained a later on Batman..,neither,0.03453351398078917,0.32136833013638977,0.644098155882821
it was REALLY dark there was a street gang that worshiped joker batman (bruce) nealry uses a gun to shot a person drucg dealers bioterrorisum and body moding are issues he has to deal with,neither,0.04739437618489234,0.30919641697034217,0.6434092068447655
