text,top_class,hate_speech,offensive_language,neither
@stealth_1s1k hey same here! bidet!,neither,0.10854418314046621,0.2892136638894156,0.6022421529701183
@trio_0 The main game will be here. New games on the other channel.,neither,0.06671588203744784,0.20483422157607153,0.7284498963864806
ooooooooh snap,neither,0.03945320844208391,0.33037608806864915,0.630170703489267
It's starting!,neither,0.037399315187144885,0.3310825161415354,0.6315181686713197
Yay for recap!,neither,0.03411106265256695,0.3036909718069163,0.6621979655405168
"Help G&S make great content! $4.99/month gets you emotes, Minecraft server access, sub-only VODs, and more! Every sub keeps the channel alive! twitch.tv/geekandsundry/subscribe",neither,0.043907990691603095,0.31135964332838284,0.644732365980014
No black screen I have artwork and music...... just kidding,neither,0.04839284968254741,0.3192920753762306,0.632315074941222
Y'all need to record your reactions to the last episodes of c1 if you can. They are Great Episodes.,neither,0.069144641806407,0.3541498700528032,0.5767054881407897
bidet critters bidet,neither,0.03945320844208391,0.33037608806864915,0.630170703489267
just9nHype just9nHype just9nHype,neither,0.03945320844208391,0.33037608806864915,0.630170703489267
gluten almonds yall,neither,0.037935930941313145,0.356128247035467,0.6059358220232199
Whooooo!,neither,0.03945320844208391,0.33037608806864915,0.630170703489267
Whoop whoo,neither,0.03945320844208391,0.33037608806864915,0.630170703489267
Bidet from Massachusetts,neither,0.04069404815304118,0.30931579984010865,0.6499901520068502
1,neither,0.03945320844208391,0.33037608806864915,0.630170703489267
Bidet from Minnesota,neither,0.04071751644889743,0.3089174816120565,0.6503650019390461
BIDET!,neither,0.03945320844208391,0.33037608806864915,0.630170703489267
Noice I like one-shots but I love the campaign more,neither,0.04230706552258952,0.3652003966065771,0.5924925378708334
this is basically like the trailers before a movie man,neither,0.05439517008411631,0.4036854507869743,0.5419193791289094
woop woop,neither,0.03945320844208391,0.33037608806864915,0.630170703489267
bidet from South Dakota!,neither,0.04041079298828133,0.31412337922315653,0.6454658277885622
hi @Lauralania,neither,0.03945320844208391,0.33037608806864915,0.630170703489267
Bidet from Colorado,neither,0.04066490145509902,0.30981049537100724,0.6495246031738937
RECAAAAp,neither,0.03945320844208391,0.33037608806864915,0.630170703489267
Dani we love you!,neither,0.05304801325783662,0.39843664173568716,0.5485153450064761
LIVE PogChamp,neither,0.04891340716200846,0.3271222919257548,0.6239643009122369
Dani!!!! <3,neither,0.03945320844208391,0.33037608806864915,0.630170703489267
yay!,neither,0.03945320844208391,0.33037608806864915,0.630170703489267
"Yay, recap!!!",neither,0.03945320844208391,0.33037608806864915,0.630170703489267
DANI <3,neither,0.03945320844208391,0.33037608806864915,0.630170703489267
bidet from Toronto,neither,0.04066490145509902,0.30981049537100724,0.6495246031738937
Not first :D,neither,0.026409719991138985,0.342743527343688,0.6308467526651729
Here,neither,0.22097653003277068,0.2221615150675793,0.55686195489965
b i d e t,neither,0.03945320844208391,0.33037608806864915,0.630170703489267
richKiss richKiss richKiss @EQWashu Dick loves you,offensive_language,0.07984461862590815,0.9083460256542213,0.01180935571987052
gluten almonds! Beep beep! bidet!,neither,0.03945320844208391,0.33037608806864915,0.630170703489267
Yeeeeeereaaah,neither,0.03945320844208391,0.33037608806864915,0.630170703489267
hype hype hype,neither,0.03945320844208391,0.33037608806864915,0.630170703489267
Bidet from Oklahoma!,neither,0.04066490145509902,0.30981049537100724,0.6495246031738937
BIDET critters from MI,neither,0.04081748366884477,0.3072207769958956,0.6519617393352596
Bidet,neither,0.03945320844208391,0.33037608806864915,0.630170703489267
yess recap,neither,0.03945320844208391,0.33037608806864915,0.630170703489267
WOOOOOOOOOOOOOOOOOOOOOOO,neither,0.03945320844208391,0.33037608806864915,0.630170703489267
Dani always looks so cute!,neither,0.03952397167014299,0.38964326069254873,0.5708327676373082
BIdet everyone,offensive_language,0.02988896790634741,0.4927062106388782,0.4774048214547744
"I WILL NOT LISTEN, FOR I HAVE NOT WATCHED",neither,0.03335778736434334,0.30200649956827585,0.6646357130673809
beep beep!,neither,0.03945320844208391,0.33037608806864915,0.630170703489267
Bidet from Las Vegas,neither,0.040400041164603724,0.3143058657309893,0.6452940931044071
bidet everyone!,offensive_language,0.02988896790634741,0.4927062106388782,0.4774048214547744
(sigh) snore,neither,0.03945320844208391,0.33037608806864915,0.630170703489267
Yo,offensive_language,0.04010381111145228,0.5271105317972344,0.4327856570913131
Beep Beep and Bidet from Seattle,neither,0.039681603862927066,0.26414184792613987,0.6961765482109331
Bidet from Sacramento!!!!,neither,0.04062582848913359,0.31047366557575606,0.6489005059351104
Bidet from QLD Australia,neither,0.04062582848913359,0.31047366557575606,0.6489005059351104
Bidet from Michigan!,neither,0.040769555981420263,0.3080342349327864,0.6511962090857933
Ye,neither,0.03945320844208391,0.33037608806864915,0.630170703489267
Bidet from Saskatoon,neither,0.04228451509352876,0.2823214250720796,0.6753940598343917
gandsHype gandsHype,neither,0.03945320844208391,0.33037608806864915,0.630170703489267
What happened last time: Ford yawned a lot and was bored.,neither,0.04155691004772135,0.31570183297772486,0.6427412569745538
"Bidet from Albuquerque, NM. :)",neither,0.04228451509352876,0.2823214250720796,0.6753940598343917
Bidet all,offensive_language,0.046917543854519406,0.6277741405869331,0.3253083155585475
Oh this is smart to play before the new episodes,neither,0.05384799525638434,0.2640102289184811,0.6821417758251346
bidet from Georgia,neither,0.04066490145509902,0.30981049537100724,0.6495246031738937
Bidet from CA!,neither,0.04084513770590474,0.30675141581570226,0.6524034464783931
gandsFjord crendorFive gandsCaleb coxManleee,neither,0.03945320844208391,0.33037608806864915,0.630170703489267
cliffeYay,neither,0.03945320844208391,0.33037608806864915,0.630170703489267
this is my fist live stream,neither,0.038940177992627195,0.3950315429132529,0.5660282790941199
bidet from Pennsylvania!,neither,0.04069404815304118,0.30931579984010865,0.6499901520068502
i'm hyyyyyyyyyyyped,neither,0.03945320844208391,0.33037608806864915,0.630170703489267
Biday!!,neither,0.03945320844208391,0.33037608806864915,0.630170703489267
is that a jester plush,neither,0.05154613418987003,0.42924314326430335,0.5192107225458266
Bidet from BC Canada,neither,0.04052303010603489,0.3122184224193425,0.6472585474746226
Crit from San Antonio,neither,0.040446282760733435,0.31352102516371877,0.6460326920755478
Bidet from Canadia!,neither,0.04228451509352876,0.2823214250720796,0.6753940598343917
Bidet from Maryland,neither,0.04066490145509902,0.30981049537100724,0.6495246031738937
Is it Thursday already?,neither,0.04531057927841172,0.34718038330072387,0.6075090374208645
HAIPU,neither,0.03945320844208391,0.33037608806864915,0.630170703489267
@leonidas3_of_sparta marcheHey,neither,0.03945320844208391,0.33037608806864915,0.630170703489267
bidet from Orlando,neither,0.04062582848913359,0.31047366557575606,0.6489005059351104
i can't wait for this episode eogHappy,neither,0.03375626238296443,0.29817383306059303,0.6680699045564427
"Beep Beep, everyone!",offensive_language,0.02988896790634741,0.4927062106388782,0.4774048214547744
Yeet,neither,0.03945320844208391,0.33037608806864915,0.630170703489267
:),neither,0.03945320844208391,0.33037608806864915,0.630170703489267
hola,neither,0.03945320844208391,0.33037608806864915,0.630170703489267
bidet from Washington,neither,0.04080695066346891,0.3073995495860776,0.6517934997504536
Managed to stay awake long enough for this yussassssssssss,neither,0.03928232232156899,0.3038266691947417,0.6568910084836894
Bidet from Virginia,neither,0.04079557052152802,0.30759270029461827,0.6516117291838538
"Bidet from Houston, TX! #ResPhil",neither,0.040501953574932,0.3125761461575217,0.6469219002675464
would love to find a decent game on the southside qld,neither,0.04126411545295775,0.24308182479613152,0.7156540597509107
this is my first time on twitch instead of watching a half a week later on youtube!,neither,0.03021752353776509,0.3996192325529021,0.5701632439093328
boi I already watched the episode and the recap.,neither,0.037340310003120575,0.29732447458445216,0.6653352154124273
Bidet,neither,0.03945320844208391,0.33037608806864915,0.630170703489267
Bidet from Belton Missouri USA,neither,0.04021634198241473,0.3174237202693992,0.6423599377481861
ughhh i just got the twitch notif but i can't watch tonight :(,neither,0.03487759655359354,0.3489336867034946,0.6161887167429119
Bidet from Long Island!!!!!!,neither,0.040349090989372026,0.3087357751934448,0.6509151338171831
is Nott a barghest?,neither,0.081172750358939,0.3160268245287109,0.60280042511235
Bidet from St Augustine,neither,0.0408948396164547,0.30590784468201904,0.6531973157015263
bidet from PA,neither,0.04069404815304118,0.30931579984010865,0.6499901520068502
WOO HOWDY EVERYONE,neither,0.03340652803457017,0.43300403516252906,0.5335894368029007
"bidet from Melbourne, Australia",neither,0.04062582848913359,0.31047366557575606,0.6489005059351104
Bidet from Michigan y'all~,neither,0.04311124204026964,0.3958070657996109,0.5610816921601195
Bidet from Nebraska,neither,0.04062582848913359,0.31047366557575606,0.6489005059351104
Bidet from New Yeet City,neither,0.0435523230246496,0.23504497936488417,0.7214026976104662
Bidet from Indiana,neither,0.0408364874901429,0.30689823255244486,0.6522652799574122
bidet from OKC!!!,neither,0.04069404815304118,0.30931579984010865,0.6499901520068502
@thesweatpantsman yes it is,neither,0.0504428408951861,0.3265962495318096,0.6229609095730043
Hi,neither,0.03945320844208391,0.33037608806864915,0.630170703489267
Beep beep,neither,0.03945320844208391,0.33037608806864915,0.630170703489267
Bidet from Oklahoma,neither,0.04066490145509902,0.30981049537100724,0.6495246031738937
bidet from VA!,neither,0.04066490145509902,0.30981049537100724,0.6495246031738937
Beep beep from Ohio!,neither,0.040754399270683486,0.3082914838698526,0.650954116859464
bidet from MI,neither,0.04081748366884477,0.3072207769958956,0.6519617393352596
Bidet and beep beep critters!!!,neither,0.03763944115734239,0.1918412352459551,0.7705193235967025
howdy!,neither,0.03945320844208391,0.33037608806864915,0.630170703489267
A new episode!? I thought it was going to be a one shot!,neither,0.04701461928886347,0.23609541858687969,0.7168899621242569
Bidet from Canada,neither,0.04071751644889743,0.3089174816120565,0.6503650019390461
Bidet from NJ,neither,0.04069404815304118,0.30931579984010865,0.6499901520068502
be pleased *bows*,neither,0.03985647074205286,0.33375295465035903,0.626390574607588
bidet from the navy,neither,0.0395975487247086,0.2929303761973238,0.6674720750779677
aight bye chaaaat i'm gonna go fullscreen!,neither,0.03958189842471952,0.3775265425216814,0.5828915590535991
bidet,neither,0.03945320844208391,0.33037608806864915,0.630170703489267
ya,offensive_language,0.017331157930923866,0.7872544665869478,0.19541437548212848
Yessss more Orlando Critters,neither,0.040956974325153585,0.32250755824220356,0.6365354674326428
"Bidet! I’m moving to college in 5 hours but yknow, critical role. gandsLessthanthree gandsCaleb gandsTwenty",neither,0.04137913456448695,0.33415962475705785,0.6244612406784551
bidet from charlotte nc!,neither,0.040371808140217125,0.31478505383715205,0.6448431380226308
bidet,neither,0.03945320844208391,0.33037608806864915,0.630170703489267
secretssssss,neither,0.03945320844208391,0.33037608806864915,0.630170703489267
Bidet from MN,neither,0.040737273169946825,0.30858215849491494,0.6506805683351382
Bidet from inside your walls!,neither,0.060028204098233374,0.1469556368509297,0.793016159050837
this is my first time seeing this live,neither,0.032216466741714245,0.41665355151930794,0.5511299817389779
bidet,neither,0.03945320844208391,0.33037608806864915,0.630170703489267
geeking out in Monterey Ca,neither,0.035677307748144114,0.34479114370386726,0.6195315485479888
secret diamonds LUL,neither,0.03945320844208391,0.33037608806864915,0.630170703489267
one shot is next week,neither,0.04562809963438421,0.37027649552394465,0.5840954048416711
BIDGET from houston!!!,neither,0.040875471929787875,0.3062365648703896,0.6528879631998226
heyya fam,neither,0.03945320844208391,0.33037608806864915,0.630170703489267
Bidet!,neither,0.03945320844208391,0.33037608806864915,0.630170703489267
"Bidet from Atlanta, GA",neither,0.04042918616695488,0.31381119897869514,0.6457596148543501
helo boys,neither,0.03945320844208391,0.33037608806864915,0.630170703489267
Bidet from Phoenix!!,neither,0.04066490145509902,0.30981049537100724,0.6495246031738937
bidet from the Great Lakes,neither,0.03736180374711688,0.2522054318456452,0.710432764407238
Bidet from Connecticut!,neither,0.04062582848913359,0.31047366557575606,0.6489005059351104
@darkheream Next week is the one shot,neither,0.04456216511308374,0.3534511403086792,0.6019866945782371
when did it start,neither,0.026551689575131075,0.39105575953501653,0.5823925508898523
I’ll be making bath bombs during the game tonight! :D,neither,0.037660167637266886,0.2771204014030694,0.6852194309596638
What,neither,0.057770773616808734,0.3180719994247239,0.6241572269584672
Bidet from Va,neither,0.04066490145509902,0.30981049537100724,0.6495246031738937
Bidet,neither,0.03945320844208391,0.33037608806864915,0.630170703489267
bidet from MN!,neither,0.040737273169946825,0.30858215849491494,0.6506805683351382
itmejpHYPE itmejpHYPE,neither,0.03945320844208391,0.33037608806864915,0.630170703489267
bidet is pronunced bee-day,neither,0.04976851558280447,0.3102901584328634,0.6399413259843321
"Respectfully, hello from NCBC Gulfport",neither,0.040875471929787875,0.3062365648703896,0.6528879631998226
hello everyone!!!,neither,0.03269494828970791,0.4450814005079928,0.5222236512022994
"bidet for WIchita, KS",neither,0.023896577328981292,0.2538532852897668,0.7222501373812519
Bidet from Phoenix :),neither,0.04066490145509902,0.30981049537100724,0.6495246031738937
Bidet from Ohio!,neither,0.040754399270683486,0.3082914838698526,0.650954116859464
This is the first real time I've caught CR live,neither,0.021792379552995837,0.39387708517736353,0.5843305352696405
Bidet from Oregon!,neither,0.04071751644889743,0.3089174816120565,0.6503650019390461
cheer350 Bidet from Utah!,neither,0.04066490145509902,0.30981049537100724,0.6495246031738937
bidet from Florida,neither,0.0408948396164547,0.30590784468201904,0.6531973157015263
Bidet from the ATL,neither,0.03961178605923053,0.2896091899656305,0.670779023975139
bidet from pa,neither,0.04069404815304118,0.30931579984010865,0.6499901520068502
bidet,neither,0.03945320844208391,0.33037608806864915,0.630170703489267
Bidet from stl,neither,0.04228451509352876,0.2823214250720796,0.6753940598343917
mornin everyone!,neither,0.033150721055476395,0.4373457472007673,0.5295035317437563
Bidet from MI,neither,0.04081748366884477,0.3072207769958956,0.6519617393352596
"Bidet from Dallas, TX",neither,0.040477971317663786,0.312983187652067,0.6465388410302692
bidet from Texas,neither,0.040937266849991,0.30518774380265185,0.6538749893473571
"Bidet from Orlando, FL",neither,0.040334677536117594,0.315415257091876,0.6442500653720065
is this the chat you post in for the giveaway lol,neither,0.04377604883610227,0.3541835492856696,0.6020404018782282
Buh Buh,neither,0.03945320844208391,0.33037608806864915,0.630170703489267
Hello from Louisiana!,neither,0.04040683511112239,0.31419055472777996,0.6454026101610977
"bidet from Omaha, Nebraska",neither,0.04062582848913359,0.31047366557575606,0.6489005059351104
First live episode for me. Bidet from Finland,neither,0.027160222413189068,0.3231132860178476,0.6497264915689632
Bidet!!,neither,0.03945320844208391,0.33037608806864915,0.630170703489267
Bidet from Germany!,neither,0.04069404815304118,0.30931579984010865,0.6499901520068502
I want a Jester doll,neither,0.039734314852726854,0.32560497865076665,0.6346607064965065
bidet from WISCONSIN! <3,neither,0.04071751644889743,0.3089174816120565,0.6503650019390461
Bidet from Utah,neither,0.04066490145509902,0.30981049537100724,0.6495246031738937
Bidet everyone!,offensive_language,0.02988896790634741,0.4927062106388782,0.4774048214547744
They are going to travel south into the dangerous realm of ... FLORIDA.,neither,0.05499056837832661,0.30998460618920465,0.6350248254324687
Bidet and good evening from Raleigh NC,neither,0.03908464457881881,0.28427877334793883,0.6766365820732423
bidet from Utah,neither,0.04066490145509902,0.30981049537100724,0.6495246031738937
"there is my girl <3 bidet from Memphis, Tennessee",neither,0.03221784299872637,0.3909237789583683,0.5768583780429055
Bidet from Finland,neither,0.04228451509352876,0.2823214250720796,0.6753940598343917
New Critical tonight?,neither,0.040210539036938234,0.22242339160561428,0.7373660693574475
i thought they were iat burning man,neither,0.04288004674316426,0.27391112553311847,0.6832088277237174
Bidet from Quebec !,neither,0.04228451509352876,0.2823214250720796,0.6753940598343917
Bidet from Ohio!,neither,0.040754399270683486,0.3082914838698526,0.650954116859464
gandsHype gandsHype gandsHype gandsHype gandsHype,neither,0.03945320844208391,0.33037608806864915,0.630170703489267
@cn_nansop welcome. im sacrificing my energy for watching this instead of being fully awake at school,neither,0.02863065621542838,0.3946292562648357,0.5767400875197359
bidet from Western Australia!,neither,0.040334677536117594,0.315415257091876,0.6442500653720065
Bidrt from chi,neither,0.04069404815304118,0.30931579984010865,0.6499901520068502
Bidet from Washington state. <3,neither,0.07569869260918143,0.20816383471815325,0.7161374726726654
bidet from iowa,neither,0.04069404815304118,0.30931579984010865,0.6499901520068502
Gday Bidet from bama all,neither,0.042892678050768435,0.39200452750743414,0.5651027944417973
New storyline!,neither,0.04660400397451208,0.1401930676750457,0.8132029283504423
Bidet everyone! sureSHey,offensive_language,0.02988896790634741,0.4927062106388782,0.4774048214547744
Bidet from California!,neither,0.06971251856910227,0.2972619859879888,0.633025495442909
Bidet from Norway!,neither,0.04228451509352876,0.2823214250720796,0.6753940598343917
Bidit for Lancashire,neither,0.023896577328981292,0.2538532852897668,0.7222501373812519
remember soundboard kiri?,neither,0.03945320844208391,0.33037608806864915,0.630170703489267
bidet from Orlando,neither,0.04062582848913359,0.31047366557575606,0.6489005059351104
Bidet from Central Maine,neither,0.04038434874462851,0.31457220705192124,0.6450434442034502
Bidet from CA,neither,0.04084513770590474,0.30675141581570226,0.6524034464783931
Bidet from Oregon,neither,0.04071751644889743,0.3089174816120565,0.6503650019390461
bidet from utah,neither,0.04066490145509902,0.30981049537100724,0.6495246031738937
Bidet from Omaha Nebraska,neither,0.04062582848913359,0.31047366557575606,0.6489005059351104
bidet from Indiana,neither,0.0408364874901429,0.30689823255244486,0.6522652799574122
bidet from va,neither,0.04066490145509902,0.30981049537100724,0.6495246031738937
@VisionarySims Welcome!,neither,0.03945320844208391,0.33037608806864915,0.630170703489267
@Waylander90 bidet from QLD!,neither,0.04228451509352876,0.2823214250720796,0.6753940598343917
Bidet from Australia. We're about to get a new and even worse Prime Minister.,neither,0.06118976734005766,0.17868513149291992,0.7601251011670224
Florida is very dangerous can confirm,neither,0.04513099884379129,0.3253278382204074,0.6295411629358012
atpRtsd atpRtsd atpRtsd atpRtsd atpRtsd atpRtsd atpRtsd,neither,0.03945320844208391,0.33037608806864915,0.630170703489267
bidet from Ohio,neither,0.040754399270683486,0.3082914838698526,0.650954116859464
Bidet from 2:48 am Scotland,neither,0.040149326554518895,0.31589713368844,0.6439535397570411
"So are new episodes streamed live both here AND on the CriticalRole channel? This is my first time watching live, just caught up today.",neither,0.06156351660770489,0.3207888773989881,0.6176476059933071
bidet my bois,neither,0.026849424816611563,0.43008745607894866,0.5430631191044397
@reverendpanda Florida...where everything will kill you,hate_speech,0.44855160978599606,0.17738155013201143,0.37406684008199254
gandsGandsPoo beep beep from Oregon,neither,0.04071751644889743,0.3089174816120565,0.6503650019390461
Bidet from South Dakota,neither,0.04041079298828133,0.31412337922315653,0.6454658277885622
Bidet from Florida,neither,0.0408948396164547,0.30590784468201904,0.6531973157015263
gandsHype gandsHype gandsHype gandsHype go critical roll!,neither,0.04062402538835187,0.3344390429464486,0.6249369316651995
Bidet from Florida! Gulf coast. =),neither,0.04025839416636591,0.316709984960293,0.6430316208733412
hi everyone,neither,0.032490659208996964,0.4485487193596734,0.5189606214313296
bidet from philly!,neither,0.040769555981420263,0.3080342349327864,0.6511962090857933
Bidet from Lancashire,neither,0.04228451509352876,0.2823214250720796,0.6753940598343917
bidet,neither,0.03945320844208391,0.33037608806864915,0.630170703489267
@TheVeiZ NORGE!!!!,neither,0.03945320844208391,0.33037608806864915,0.630170703489267
Bidet from Monterey gandsOwlbear,neither,0.04228451509352876,0.2823214250720796,0.6753940598343917
bidet from England,neither,0.04071751644889743,0.3089174816120565,0.6503650019390461
Bidet From Massachusetts!!,neither,0.04069404815304118,0.30931579984010865,0.6499901520068502
"Bidet from Colorado Springs, Colorado!",neither,0.040033379144726704,0.32052907711992157,0.6394375437353517
"@reverendpanda as someone who lives in Florida, I agrer",neither,0.03815433397318329,0.41478042055311237,0.5470652454737042
Bidet from VA,neither,0.04066490145509902,0.30981049537100724,0.6495246031738937
bidet from AZ,neither,0.04078317879478948,0.307803020237201,0.6514138009680096
gandsLHMercer,neither,0.03945320844208391,0.33037608806864915,0.630170703489267
<3,neither,0.03945320844208391,0.33037608806864915,0.630170703489267
D:,neither,0.03945320844208391,0.33037608806864915,0.630170703489267
bidet from SD!,neither,0.04228451509352876,0.2823214250720796,0.6753940598343917
Greetings and salutations from Wisconsin,neither,0.039674772959784124,0.26576846215513467,0.6945567648850811
bidet from Georgia,neither,0.04066490145509902,0.30981049537100724,0.6495246031738937
Bidet from Northwest Arkansas y'all and a brand new laptop,neither,0.043208076880326955,0.2726198014922262,0.6841721216274468
bidet from VEGAS!!,neither,0.040853311764050625,0.30661268071637476,0.6525340075195746
I'd love i they kept the nameplate overlay for the whole game,neither,0.03150175123688581,0.2660975665030309,0.7024006822600833
"Bidet from Long Island, NY",neither,0.04017944379920894,0.3128524409485844,0.6469681152522065
bidet from IL,neither,0.04066490145509902,0.30981049537100724,0.6495246031738937
love how pissed bo is about that,neither,0.03872443221142607,0.3940222808510676,0.5672532869375062
bidet from washington,neither,0.04080695066346891,0.3073995495860776,0.6517934997504536
THAT WAS MY CLIP !!!,neither,0.024577405769388157,0.46344755434762314,0.5119750398829886
Bidet from Central Florida!,neither,0.04046104702925519,0.31327043699523416,0.6462685159755107
I still think the Gentleman is going to be an enemy eventually. I just get that feeling from him.,neither,0.04137061431164534,0.3634708326511856,0.5951585530371689
Poor bahamut ;-;,neither,0.03945320844208391,0.33037608806864915,0.630170703489267
@Bronduor thank you!,neither,0.07325166854587051,0.43632638485078484,0.49042194660334476
Bidet from Colorado,neither,0.04066490145509902,0.30981049537100724,0.6495246031738937
Bidet from IL!,neither,0.04066490145509902,0.30981049537100724,0.6495246031738937
@subliminalninja yoooo me too!,neither,0.031444555703103054,0.37724246758073443,0.5913129767161625
oh boy the temple scene LUL,neither,0.04226546718321508,0.2857844259392214,0.6719501068775635
bidet,neither,0.03945320844208391,0.33037608806864915,0.630170703489267
Bidet from Round Rock Texas,neither,0.0404195878012264,0.31397410829484584,0.6456063039039277
Bidet from SF!,neither,0.04062582848913359,0.31047366557575606,0.6489005059351104
Dang sweet potato,neither,0.03945320844208391,0.33037608806864915,0.630170703489267
Bidet from Puerto Rico!,neither,0.040392180697499655,0.3144392783719297,0.6451685409305706
gandsLessthanthree gandsLessthanthree,neither,0.03945320844208391,0.33037608806864915,0.630170703489267
"woot, how you all doing?",neither,0.05823449285682954,0.45463383351797504,0.4871316736251954
atpCap atpCap atpCap atpCap atpCap atpCap,neither,0.03945320844208391,0.33037608806864915,0.630170703489267
bidet from oregon,neither,0.04071751644889743,0.3089174816120565,0.6503650019390461
bidet from first day of college,neither,0.033783273452796955,0.299664017696837,0.6665527088503661
bidet from Bay Area,neither,0.0404404044375207,0.3136207956498399,0.6459387999126394
Bidet from Maine!,neither,0.04069404815304118,0.30931579984010865,0.6499901520068502
"Bidet from Dallas, home of the Cowboys!!!! YEEEHAAAWWW",neither,0.039560473879970456,0.3018467820556181,0.6585927440644115
EARLY BOIS omgPog,neither,0.04102454388876046,0.3037064246798135,0.655269031431426
BIDET,neither,0.03945320844208391,0.33037608806864915,0.630170703489267
wait there’s a critical role channel now too?,neither,0.039235280908219435,0.30512350289977563,0.6556412161920049
Bidet from Cali,neither,0.04079557052152802,0.30759270029461827,0.6516117291838538
what does bidet mean,neither,0.027815304832343783,0.4783471917130365,0.49383750345461963
"@mousewaifu Dangerous? Nah. Just a few sinkholes, snakes, spiders, hurricanes, gators....",neither,0.036581483047589416,0.3437116460728308,0.6197068708795797
Bidet from Idaho Falls,neither,0.04039617012658628,0.31437156734874944,0.6452322625246643
bidet from central Illinois,neither,0.04038434874462851,0.31457220705192124,0.6450434442034502
woot woot!,neither,0.03945320844208391,0.33037608806864915,0.630170703489267
Have good game today guys ^^,neither,0.0363771656579167,0.280391356664713,0.6832314776773702
Hellos from Gulfport Ms!,neither,0.040769555981420263,0.3080342349327864,0.6511962090857933
just a few spells,neither,0.03274153466417782,0.3627407396766536,0.6045177256591686
hiiii,neither,0.03945320844208391,0.33037608806864915,0.630170703489267
Finishing an episode of Star Trek until the episode starts,neither,0.03916919040449444,0.32002408084405787,0.6408067287514478
bidet from Raleigh NC!,neither,0.04066490145509902,0.30981049537100724,0.6495246031738937
¡uptime,neither,0.03945320844208391,0.33037608806864915,0.630170703489267
@jozzyswift living the dream,neither,0.03847602017469149,0.3124599137378216,0.6490640660874868
"Bidet from Chandler, AZ! OWLTracer OWLcheers",neither,0.04078317879478948,0.307803020237201,0.6514138009680096
DoritosChip,neither,0.03945320844208391,0.33037608806864915,0.630170703489267
bidet from indiana,neither,0.0408364874901429,0.30689823255244486,0.6522652799574122
Huzzah for spray-painting Bahamut to look like Tiamat,neither,0.04971196050964138,0.3132989257981941,0.6369891136921647
"I still don't understand why its spelled ""bidet""",neither,0.026157418728564457,0.3560618088454246,0.6177807724260108
This is my first live show!!!!!,neither,0.045678775859331375,0.3409488783073297,0.6133723458333389
THE TRAVELER IS SO MANIPULATIVE!,neither,0.05676580604799323,0.3825113844970292,0.5607228094549775
BibleThump,neither,0.03945320844208391,0.33037608806864915,0.630170703489267
bidet from NM!,neither,0.04228451509352876,0.2823214250720796,0.6753940598343917
Bidet from Ontario Canada!,neither,0.040354386843928725,0.3150807387011266,0.6445648744549448
!uptime,neither,0.03945320844208391,0.33037608806864915,0.630170703489267
Bidet from the iron range of Minnesota,neither,0.039544768334143415,0.30575115061828273,0.6547040810475739
"@JozzySwift good, you?",offensive_language,0.08898074445465029,0.4625610934745836,0.4484581620707661
Bidet from the U.P. of Michigan!,neither,0.0396021966194603,0.291840193506621,0.6685576098739188
Bidet from Anchorage!,neither,0.04228451509352876,0.2823214250720796,0.6753940598343917
!whybidet,neither,0.03945320844208391,0.33037608806864915,0.630170703489267
@thelucidnomad That's the Alpha overlay,neither,0.03396608207515028,0.36069264384371974,0.6053412740811299
goodnight everyone,neither,0.03284905976900505,0.44246572650540894,0.524685213725586
@originalratface Yup!,neither,0.03945320844208391,0.33037608806864915,0.630170703489267
"bidet from Riverside, CA",neither,0.04039749100449293,0.314349148603457,0.6452533603920501
bidet from seattle!,neither,0.040754399270683486,0.3082914838698526,0.650954116859464
@bluehooloovoo me too!,neither,0.025456656249999262,0.41690574403459846,0.5576375997154023
Ads!!!,neither,0.03945320844208391,0.33037608806864915,0.630170703489267
"I like the Traveler, but i think he is using Jester",neither,0.05812412120502139,0.39173628801362365,0.550139590781355
forgotten just how popular D&D can be,neither,0.03546975434290687,0.35175264079475427,0.6127776048623388
"been a while since I've watched a love show, when does it start?",neither,0.017962433307203166,0.3976862234324343,0.5843513432603626
o/,neither,0.03945320844208391,0.33037608806864915,0.630170703489267
Bidet is french,neither,0.051842023029317216,0.3261150066355421,0.6220429703351407
Bidet from Montreal!,neither,0.04062582848913359,0.31047366557575606,0.6489005059351104
The Traveler is shady as heeeeeeeeeeeeck,neither,0.04541176248151578,0.34773732328992246,0.6068509142285617
Bidet from Hurricane Lane!,neither,0.04040912852695437,0.3141516294757728,0.6454392419972729
BEACH TRIP!,neither,0.03945320844208391,0.33037608806864915,0.630170703489267
!sofar,neither,0.03945320844208391,0.33037608806864915,0.630170703489267
Bidet from Hungary omgREE omgREE,neither,0.04228451509352876,0.2823214250720796,0.6753940598343917
beach episode,neither,0.03945320844208391,0.33037608806864915,0.630170703489267
Bidet from Northern California!,neither,0.058218649711469915,0.3084304411370911,0.6333509091514389
@troberts2319 Be pleased from Greenwood,neither,0.04120417896879982,0.31414125076670996,0.6446545702644904
traveler be sketchy,neither,0.04123264533942032,0.34527686355234677,0.613490491108233
Correct me if I’m wrong but isn’t the Gentlemen a Water Genasi?,neither,0.020450094784014754,0.3937087904844838,0.5858411147315014
Bidet from US,neither,0.12877163270355904,0.28265878434917824,0.5885695829472627
!howfar,neither,0.03945320844208391,0.33037608806864915,0.630170703489267
bidet from NJ,neither,0.04069404815304118,0.30931579984010865,0.6499901520068502
REEEEEE,neither,0.03945320844208391,0.33037608806864915,0.630170703489267
Episode 1 of campaign 1,neither,0.03945320844208391,0.33037608806864915,0.630170703489267
gandsJester,neither,0.03945320844208391,0.33037608806864915,0.630170703489267
"Bidet from Banks, OR",neither,0.040592848766193616,0.3110334175442656,0.6483737336895408
Bidet from Eudora,neither,0.04228451509352876,0.2823214250720796,0.6753940598343917
!IP,neither,0.03945320844208391,0.33037608806864915,0.630170703489267
"Sub Minecraft Server IP: 162.244.167.141:42944 To be whitelisted, go to http://whitelist.twitchapps.com/geekandsundry , can take up to ten minutes. For more information: bit.ly/sundrycraft",neither,0.043886162152106035,0.281406546421295,0.674707291426599
@im_chapin 10 mins,neither,0.03945320844208391,0.33037608806864915,0.630170703489267
Is the screen black or just me?,neither,0.05271608497429285,0.35293541077950097,0.5943485042462062
bidet from buffalo ny!,neither,0.04043211762049359,0.3137614445616591,0.6458064378178473
i love the traveler lol,neither,0.021982232097336237,0.418191808524518,0.5598259593781458
bidet from mexico!,neither,0.040769555981420263,0.3080342349327864,0.6511962090857933
Bidet from Ottaw,neither,0.04228451509352876,0.2823214250720796,0.6753940598343917
gandsCaleb gandsCaleb gandsCaleb gandsCaleb,neither,0.03945320844208391,0.33037608806864915,0.630170703489267
Bidet from Mexico!,neither,0.040769555981420263,0.3080342349327864,0.6511962090857933
aaaaaaaaaaa,neither,0.03945320844208391,0.33037608806864915,0.630170703489267
bidet from montreal,neither,0.04062582848913359,0.31047366557575606,0.6489005059351104
bidet from portugal ^^,neither,0.04062582848913359,0.31047366557575606,0.6489005059351104
"Bidet from Melbourne, OZ",neither,0.04071751644889743,0.3089174816120565,0.6503650019390461
Bidet from NC,neither,0.04066490145509902,0.30981049537100724,0.6495246031738937
coolest god,neither,0.03945320844208391,0.33037608806864915,0.630170703489267
"computer gotta update, gotta watch on phone",neither,0.03874862965048863,0.3759100896541585,0.5853412806953529
@Gatekeeper1995 he sure it D:,offensive_language,0.03674328841552314,0.5053006122890555,0.45795609929542125
nice to hear @newbienooberson1 @dtashe doing just great thanks :),neither,0.037821920310435395,0.3117195318778778,0.6504585478116868
bidet from California,neither,0.06971251856910227,0.2972619859879888,0.633025495442909
Bidet from Alaska. . . . you can reply to this message,neither,0.05894727807320437,0.34506000926834257,0.5959927126584531
"Bidet from Slipper Rock, Pennsylvania!",neither,0.04046827531160791,0.3131477541793947,0.6463839705089973
Refresh!!,neither,0.03945320844208391,0.33037608806864915,0.630170703489267
Bidet from nyc,neither,0.04081748366884477,0.3072207769958956,0.6519617393352596
Bidet from Elk River MN,neither,0.040417606421261354,0.3140077374838422,0.6455746560948964
d,neither,0.03945320844208391,0.33037608806864915,0.630170703489267
@divine_aurora i hope he is secretly a villain,neither,0.10228311211623031,0.21170003185437455,0.6860168560293952
Bidet from Ohio,neither,0.040754399270683486,0.3082914838698526,0.650954116859464
@minecraft_demon6 we don't know,neither,0.03919230288433076,0.33480433629296674,0.6260033608227025
We r love,neither,0.03385289298597004,0.36076020363390426,0.6053869033801257
"Bidet from Sherwood, Oregon!",neither,0.04071751644889743,0.3089174816120565,0.6503650019390461
Bidet from Connecticut!,neither,0.04062582848913359,0.31047366557575606,0.6489005059351104
T-minus 10 minutes (give or take),neither,0.03945320844208391,0.33037608806864915,0.630170703489267
is everyones elses screen black 2,neither,0.06796702429158177,0.31159635336801367,0.6204366223404045
Sorry episode 60,neither,0.03945320844208391,0.33037608806864915,0.630170703489267
Helloooooooo :),neither,0.03945320844208391,0.33037608806864915,0.630170703489267
Bidet!,neither,0.03945320844208391,0.33037608806864915,0.630170703489267
@imsammers There are a few of us around,neither,0.12158733002704253,0.2368706049078345,0.6415420650651229
"Bidet from Atlanta, Critters!",neither,0.04078317879478948,0.307803020237201,0.6514138009680096
"Bidet from toronto, ontario!! gandsHype",neither,0.040334677536117594,0.315415257091876,0.6442500653720065
Isn't there a special episode tonight or am I just dumb?,neither,0.05416546990544876,0.29034942641185624,0.655485103682695
"bidet from kansas city, missouri, first time in the chat",neither,0.03439870417349997,0.32266908536740097,0.6429322104590991
@Minecraft_Demon6 its been everything but explicitly stated. thats generally what we assume at this point,neither,0.03604072543546457,0.3549943655412975,0.6089649090232377
bidet from the grizz,neither,0.039779025773403386,0.2539611253407979,0.7062598488857987
the gentleman is just a sweaty blue elf,neither,0.04071230937000704,0.33162230802152587,0.627665382608467
BIDET,neither,0.03945320844208391,0.33037608806864915,0.630170703489267
"Ah yes, the quiet caleb talking section.",neither,0.038880533826018616,0.31999139520317615,0.6411280709708053
there fixed,neither,0.03937271425432199,0.28040745853340593,0.680219827212272
How do I watch with all those titles there?,neither,0.0549822404049582,0.31964809181094783,0.625369667784094
@Wistericc Next week!,neither,0.03841867567785115,0.34793480899304824,0.6136465153291008
bidet from Provo!,neither,0.04228451509352876,0.2823214250720796,0.6753940598343917
@imaladydangit Huh. Shows how much attention I pay :/ thanks!,neither,0.035236174096822066,0.3184310602232598,0.6463327656799182
Bidet from Nebraska,neither,0.04062582848913359,0.31047366557575606,0.6489005059351104
Bidet from MN,neither,0.040737273169946825,0.30858215849491494,0.6506805683351382
evening,neither,0.03945320844208391,0.33037608806864915,0.630170703489267
"School just started again and I needed this, Love you all <3",neither,0.0436920890442883,0.4390454654108839,0.5172624455448279
where we at episode time wise?,neither,0.03927784698522228,0.3420651999290097,0.6186569530857681
bahamut was painted to look chromatic. the ultimate sacrelige.,neither,0.04561454505888652,0.31525461611651956,0.6391308388245939
@Wistericc next week,neither,0.03841867567785115,0.34793480899304824,0.6136465153291008
bidet from minesota,neither,0.04228451509352876,0.2823214250720796,0.6753940598343917
@wistericc last week of august,neither,0.03945320844208391,0.33037608806864915,0.630170703489267
"@Minecraft_Demon6 Some people think so, but it hasn't been confirmed.",neither,0.04727210009818685,0.3768914951377684,0.5758364047640447
Bidet from Toronto!,neither,0.04066490145509902,0.30981049537100724,0.6495246031738937
bidet everybody!,neither,0.03945320844208391,0.33037608806864915,0.630170703489267
@eqwashu thanks,neither,0.035884468650613,0.3004919205142699,0.6636236108351171
Bidet from the void,neither,0.039779025773403386,0.2539611253407979,0.7062598488857987
my free month of alpha ran out :( no special graphics for me tonight,neither,0.03486400614016138,0.3767347436075491,0.5884012502522895
What's all this bidet busiess,offensive_language,0.05530650541180748,0.4742324400707906,0.47046105451740194
@subliminalninja really? lol ik... critters are everywhere,neither,0.052771832275958046,0.3390744487202254,0.6081537190038165
Bidet,neither,0.03945320844208391,0.33037608806864915,0.630170703489267
DANI!!!,neither,0.03945320844208391,0.33037608806864915,0.630170703489267
@japenrose where do I watch to see all the titles?,neither,0.054628989880913775,0.3406910769089149,0.6046799332101712
Bidet from KC Kansas,neither,0.040371808140217125,0.31478505383715205,0.6448431380226308
testing,neither,0.03945320844208391,0.33037608806864915,0.630170703489267
bidet from MO!,neither,0.040912083971464244,0.30561516297332675,0.653472753055209
Thanks!,neither,0.035884468650613,0.3004919205142699,0.6636236108351171
I'm so excited this is my first time watching live,neither,0.03267105520897473,0.4444624885208572,0.522866456270168
"Bidet from Nashville, TN!",neither,0.04041510871920598,0.31405013000620496,0.645534761274589
whats all this about bidet?,neither,0.039400080234952936,0.44931940066728965,0.5112805190977574
oh god i thought i missed the start damn,offensive_language,0.05334902722691706,0.6020998023089994,0.34455117046408346
Bidet from FL,neither,0.04066490145509902,0.30981049537100724,0.6495246031738937
ThankEgg PowerUpR TwitchRPG,neither,0.03945320844208391,0.33037608806864915,0.630170703489267
bidet from kcmo,neither,0.04228451509352876,0.2823214250720796,0.6753940598343917
bidet from Texas,neither,0.040937266849991,0.30518774380265185,0.6538749893473571
Bidet from NY :),neither,0.04084513770590474,0.30675141581570226,0.6524034464783931
