text,top_class,hate_speech,offensive_language,neither
Calisto 6!,neither,0.03945320844208391,0.33037608806864915,0.630170703489267
I am a Critters and a member of the @enthusiamy Army so Hugs for the hug included,neither,0.0348103933823853,0.2996210034135599,0.6655686032040548
!wtfisthis,neither,0.03945320844208391,0.33037608806864915,0.630170703489267
"Callisto 6 takes place in Los Angeles in the year 2119, where a world of cyberpunk is about to be broken by the emergence of superheroes. Powered by the Cypher System, this original RPG is crafted by Eric Campbell and Sam de Leve.",neither,0.04788177314792089,0.323551782053012,0.6285664447990672
Love the fan art!,neither,0.03584018856887331,0.3273808133444374,0.6367789980866891
running late?,neither,0.03945320844208391,0.33037608806864915,0.630170703489267
hello all~,neither,0.04217753453783664,0.43734383323855475,0.5204786322236087
when does the show start?,neither,0.02693298394490751,0.4244986335392342,0.5485683825158582
!pi,neither,0.03945320844208391,0.33037608806864915,0.630170703489267
Here have some delicious Pi: 3.141592653589793,neither,0.07155622660083354,0.31643958191898924,0.6120041914801772
@Thermitelogic fan art for 3 hours lol,neither,0.028835788981987808,0.34830760652247306,0.6228566044955391
not not dnd?,neither,0.036999677085737225,0.33969814144751165,0.6233021814667512
@barco588 just a little but we’ll start soon,neither,0.03243634765737332,0.36438228195377176,0.6031813703888549
usually like 10 mins past the hour,neither,0.04623678084015585,0.32924732392074446,0.6245158952390998
"Be patient, folks. The best things take time. :)",neither,0.03774212892744886,0.3299428019134649,0.6323150691590862
Hugs for hug inclined,neither,0.03496458112960355,0.30794711778339423,0.6570883010870021
@Thermitelogic This is a superpower Cyberpunk RPG using the fabulous Cypher system,neither,0.04125545740671435,0.3627593489746698,0.5959851936186157
4PST,neither,0.03945320844208391,0.33037608806864915,0.630170703489267
!section31,neither,0.03945320844208391,0.33037608806864915,0.630170703489267
@Despoiler98 Soon,neither,0.03945320844208391,0.33037608806864915,0.630170703489267
!notdnd,neither,0.03945320844208391,0.33037608806864915,0.630170703489267
<message deleted>,neither,0.03945320844208391,0.33037608806864915,0.630170703489267
"Twitch doesn't have a generic RPG tag, so all RPGs get identified as D&D. It is a limitation of the platform.",neither,0.04106306835436559,0.395849038728528,0.5630878929171065
@GardenOfEdenya I'm with you. Same happened to me.,neither,0.0412452080018572,0.47434442855710723,0.48441036344103566
made it just in time! woo!,neither,0.033388388990222645,0.3666527879917476,0.5999588230180297
think hector was in another game that ran late.,neither,0.07172787532790711,0.2671386812715436,0.6611334434005491
!section31,neither,0.03945320844208391,0.33037608806864915,0.630170703489267
or am i wrong?,neither,0.03919956320155197,0.3304633282979234,0.6303371085005246
!section31,neither,0.03945320844208391,0.33037608806864915,0.630170703489267
2 bucks says everyone is just staring at th fanart and is too busy admiring it to realise they need to go live,neither,0.04979689876071209,0.37817350081125456,0.5720296004280334
awww that one is ianctive now haha,neither,0.03826001668753307,0.4460262629253963,0.5157137203870705
!section32,neither,0.03945320844208391,0.33037608806864915,0.630170703489267
Section 32 is one more than Section 31 and therefore is not <message deleted>.,neither,0.04530797316581467,0.32536070011025575,0.6293313267239296
"10 mins late, hope everything is okay",neither,0.07462685172688095,0.24333690856919993,0.6820362397039192
ah I see. I'll stick around and check it out. tabletop RPGs are awesome in general.,neither,0.0477022472675346,0.29404529479887753,0.6582524579335879
"I'd buy that, @sunlitlake .",neither,0.03301149395749379,0.4011829429291309,0.5658055631133754
Unless it is Numenera. It has it's own rpg tag.,neither,0.06154929604521909,0.3180793783837643,0.6203713255710165
ty all for the info,neither,0.03449197651778601,0.3452660850631813,0.6202419384190329
Mathilde_draws is the new awesome!,neither,0.05295692463146201,0.20807263240860574,0.7389704429599323
@slippydude everything is fine!,neither,0.04991700743696196,0.32677710777050295,0.623305884792535
I'm excited,neither,0.03945320844208391,0.33037608806864915,0.630170703489267
@sunlitlake everyone is too profesh to do that,neither,0.04630107424022576,0.47011451874472227,0.483584407015052
Its so odd how much Sams character looks like Erika Ishii,neither,0.03898278685102692,0.37745135293949206,0.5835658602094811
Late start later ending. :),neither,0.03945320844208391,0.33037608806864915,0.630170703489267
!itsfine,neither,0.03945320844208391,0.33037608806864915,0.630170703489267
"We're fine. We're all fine here now, thank you. Uh, how are you?",neither,0.1599940322317317,0.33478147175030576,0.5052244960179626
I just want to find out how the charcter progression works in this system. They all had 2 XP to bank or spend after the first ep,neither,0.03947003295642635,0.3172964217045572,0.6432335453390166
"i am ready for Hector to hear the joke ""Why the long face?"" CONSTANTLY",neither,0.03137171867099607,0.30015598422455164,0.6684722971044522
@shidareAKI that's a silly limitation that Twitch should have fixed by now.,neither,0.042011026643461416,0.44414305237846496,0.5138459209780736
what is the rules for rolling like,neither,0.05414743246463899,0.2988979504341503,0.6469546171012106
@shidareAKI thats good to hear,neither,0.04660480166844944,0.32601143981028785,0.6273837585212627
@sunlitlake I totally agree. Amy would totally get distracted by the art,neither,0.038969713326493245,0.3447797933278063,0.6162504933457005
How am I doing on Hawaii?,neither,0.036856436107874965,0.3420960923655638,0.6210474715265611
"@ChewieMP or ""way to really stick your neck out there""",neither,0.06560195750960203,0.30005657499220606,0.634341467498192
!itsfine,neither,0.03945320844208391,0.33037608806864915,0.630170703489267
is this a good time to Panic?,neither,0.05254805337308232,0.3436765832716776,0.60377536335524
@slippydude I think that an upcoming update will actually fix it.,neither,0.037547322352834936,0.3328169409303333,0.6296357367168318
eee! my fanart made it into the reel! *swoons*,neither,0.02817158354295399,0.3894369210774855,0.5823914953795605
did we ever get an answer is is schway or shway? or some other way to spell it,neither,0.046278406780474395,0.3372996983264479,0.6164218948930777
I just started watching Shield of Tomorrow this morning and I can't believe I haven't bothered to watch it prior. first episode was so good.,neither,0.041609060020648785,0.27236067551553106,0.6860302644638202
is it*,neither,0.059603583318096655,0.32344545014120724,0.616950966540696
"so much incredible fanart before the second episode even airs, this community is incredible",neither,0.03838215906104691,0.3780616457828691,0.583556195156084
Here it comes!,neither,0.1093903443202627,0.27721022655596433,0.613399429123773
Cypher system. Have to roll more than 3 times difficulty,neither,0.044449066945915564,0.3323529158621778,0.6231980171919067
GET READY!,neither,0.03862862243925768,0.34437146453459355,0.6169999130261489
@chewiemp I am almost deading it as much as I am looking forward to it..,neither,0.036630255319371516,0.36846430065638247,0.594905444024246
pick your jaw up off the floor,neither,0.06469424045854892,0.2902808510547443,0.6450249084867068
@FuffyButt It's never a bad time to panic,neither,0.03609858562414747,0.3821612370550074,0.5817401773208452
is it a d20 system,neither,0.04833214770637473,0.3273222137065498,0.6243456385870755
@potterboi111 GM decides a diff level and its 3* level DC on a d20,neither,0.034673085476764814,0.3178211334949832,0.6475057810282521
Thessur's art should be on the cover of a Callisto 6 comic.,neither,0.04670335021090859,0.361245919835051,0.5920507299540404
what is going on?,neither,0.053652426185914176,0.3789212265798947,0.5674263472341913
@WOMS It's the first one.,neither,0.02626613957063145,0.35559597678789034,0.6181378836414783
@DANfan69 We got you! We're here for you!,neither,0.17210967765198998,0.35090374614553593,0.47698657620247414
@WOMS On Batman Beyond it was schway.,neither,0.035800290908019554,0.3440508089788871,0.6201489001130932
D20 yes,neither,0.03945320844208391,0.33037608806864915,0.630170703489267
!wtfisthis,neither,0.03945320844208391,0.33037608806864915,0.630170703489267
"Callisto 6 takes place in Los Angeles in the year 2119, where a world of cyberpunk is about to be broken by the emergence of superheroes. Powered by the Cypher System, this original RPG is crafted by Eric Campbell and Sam de Leve.",neither,0.04788177314792089,0.323551782053012,0.6285664447990672
@woms schway. or at least that's how we used to spell it when it was actually used,neither,0.033226197395037634,0.39256849330110694,0.5742053093038555
I think September is when Twitch is supposed to have new TTRPG tags,neither,0.048543581458081596,0.301813403572965,0.6496430149689535
"makes sense, thanks! :D",neither,0.0372680876162434,0.31207816759766216,0.6506537447860945
the pun ammo is all there,neither,0.046225345690749056,0.33285039265594707,0.6209242616533039
There's a free rules primer on the Cypher System on the main page of Your Best Game Ever! Check it out :-) https://www.kickstarter.com/projects/montecookgames/your-best-game-ever,neither,0.05205730794612491,0.2827774844025268,0.6651652076513483
"@shidareAKI I imagine they could have added in the required strings, image files and additional option ages ago though",neither,0.03855696112590919,0.3110989625913787,0.6503440762827121
Thank you all,offensive_language,0.07461273516989421,0.5710232830204963,0.3543639818096095
Hello folks,neither,0.03945320844208391,0.33037608806864915,0.630170703489267
"@potterboi111 Each challenge number = 3 and you need to roll higher that the target, but some things will change the target",neither,0.040650008188826366,0.3315839780488286,0.627766013762345
"@potterboi111 IIRC, the GM sets a difficulty of 1 - 10, and the players can modify it with advantages or whatever. Once they've modified it as much as they wish, they roll a d20 against 3x the final difficulty. Meet or beat to succeed.",neither,0.02655973765296039,0.32085445492284187,0.6525858074241978
@thermitelogic if you like tgat watch Eric's Tbd rpg,neither,0.049736925888189724,0.45804487736705507,0.49221819674475514
no no it's too early for sam puns!,neither,0.03322417413357522,0.3119478324203325,0.6548279934460922
I can’t wait for this! I love Lacy and I’m super excited to see what Sam does with the character.,neither,0.027794265704400013,0.3755643906261856,0.5966413436694143
"Believe that it's 'schway,' not seen it spelled elsewise",neither,0.033496987240093375,0.3672412185725971,0.5992617941873094
its like the strange by monty then,neither,0.042916148462133326,0.3745749123069201,0.5825089392309465
I dont think Ill be able to watch anynore,neither,0.05107858553943735,0.3211065380752552,0.6278148763853074
@slippydude they’re only adding it now *shrug*,neither,0.051098354088954745,0.30988184876553665,0.6390197971455086
Here we go!,neither,0.13156755280784707,0.2765461283225309,0.5918863188696221
YAY!,neither,0.03945320844208391,0.33037608806864915,0.630170703489267
ramaV eric! ramaV,neither,0.03945320844208391,0.33037608806864915,0.630170703489267
woooooo!,neither,0.03945320844208391,0.33037608806864915,0.630170703489267
!rbschedule,neither,0.03945320844208391,0.33037608806864915,0.630170703489267
Find the rebroadcast schedule for the weekend here: http://bit.ly/WeekRebroadcast,neither,0.05904738035105781,0.17020024858160615,0.7707523710673361
@kynaeus2 It is NEVER too early!,neither,0.04335889157000763,0.3503383805576591,0.6063027278723334
YAY!,neither,0.03945320844208391,0.33037608806864915,0.630170703489267
Hey everybody!,neither,0.03945320844208391,0.33037608806864915,0.630170703489267
Woo!,neither,0.03945320844208391,0.33037608806864915,0.630170703489267
,neither,0.03945320844208391,0.33037608806864915,0.630170703489267
the are is gone Panic panicBasket Panic panicBasket,neither,0.05927299932187603,0.29277212717152046,0.6479548735066035
YAAAAAAAS,neither,0.03945320844208391,0.33037608806864915,0.630170703489267
"IT""S ERIC!",neither,0.03763529989067434,0.33100135018077087,0.6313633499285548
!wtfisthis,neither,0.03945320844208391,0.33037608806864915,0.630170703489267
Woo!!! <3,neither,0.03945320844208391,0.33037608806864915,0.630170703489267
"Callisto 6 takes place in Los Angeles in the year 2119, where a world of cyberpunk is about to be broken by the emergence of superheroes. Powered by the Cypher System, this original RPG is crafted by Eric Campbell and Sam de Leve.",neither,0.04788177314792089,0.323551782053012,0.6285664447990672
Hello,neither,0.03945320844208391,0.33037608806864915,0.630170703489267
Hello!,neither,0.03945320844208391,0.33037608806864915,0.630170703489267
<3 <3 <3,neither,0.03945320844208391,0.33037608806864915,0.630170703489267
"i cant watch this late, i have to stop in 10 minutes",neither,0.047881150298220786,0.38625909362023647,0.5658597560815427
Yay!,neither,0.03945320844208391,0.33037608806864915,0.630170703489267
Hi @JMPickering,neither,0.03945320844208391,0.33037608806864915,0.630170703489267
@potterboi111 That's the same system! :),neither,0.03507396279184712,0.36723967762388304,0.5976863595842697
gandsApplaud gandsApplaud gandsApplaud gandsApplaud,neither,0.03945320844208391,0.33037608806864915,0.630170703489267
A good. fmgNICE,neither,0.037820165765928906,0.33093776632913474,0.6312420679049364
Hey @chaoticloony,neither,0.03945320844208391,0.33037608806864915,0.630170703489267
@aleph_sharp Because of the schedule? :(,neither,0.038483697221951406,0.31260463673020566,0.6489116660478429
@atmaprime I concur with your spelling,neither,0.05643938594996004,0.36547349993480077,0.5780871141152392
I wonder how many more times the Los Angeles Angels of Anaheim have changed their name by 2119.,neither,0.04024850577595247,0.3447873829319429,0.6149641112921047
good zone!,neither,0.03861556489324797,0.33066419209574344,0.6307202430110085
!ybge,neither,0.03945320844208391,0.33037608806864915,0.630170703489267
"Check out the Your Best Game ever Kickstarter (ending tonight during the show) at yourbestgameever.com to get the Cypher System Rulebook used by Callisto 6. There are several backer levels offering awesome combinations that will help you run great campaigns, including the “I Want It All!” level which gives you everything in an incredible deal!",neither,0.06757592889775685,0.30152806089582773,0.6308960102064154
I am having a good!,neither,0.038373886311161697,0.33074731644243993,0.6308787972463984
gandsHype,neither,0.03945320844208391,0.33037608806864915,0.630170703489267
Just in time! Great to be here with this great show!,neither,0.0676116078129975,0.2751745831743804,0.657213809012622
Yaaaaay!,neither,0.03945320844208391,0.33037608806864915,0.630170703489267
AAAAHHHHHHH,neither,0.03945320844208391,0.33037608806864915,0.630170703489267
"Ha, ""Issue 2"". They really treat it like comix =)",neither,0.046780102682711155,0.34370227159531835,0.6095176257219704
gandsLessthanthree @MonteCookGames,neither,0.03945320844208391,0.33037608806864915,0.630170703489267
yay MCG,neither,0.03945320844208391,0.33037608806864915,0.630170703489267
Delighted to be here :D,neither,0.20096157712237006,0.24205867947695586,0.5569797434006741
hype!!,neither,0.03945320844208391,0.33037608806864915,0.630170703489267
!ybge,neither,0.03945320844208391,0.33037608806864915,0.630170703489267
"Check out the Your Best Game ever Kickstarter (ending tonight during the show) at yourbestgameever.com to get the Cypher System Rulebook used by Callisto 6. There are several backer levels offering awesome combinations that will help you run great campaigns, including the “I Want It All!” level which gives you everything in an incredible deal!",neither,0.06757592889775685,0.30152806089582773,0.6308960102064154
Big round of applause for @MonteCookGames <3,neither,0.018394410834992495,0.36668487499517294,0.6149207141698346
SWEET!!!,neither,0.03945320844208391,0.33037608806864915,0.630170703489267
woot!,neither,0.03945320844208391,0.33037608806864915,0.630170703489267
MCG HYPE!!!!!!,neither,0.03945320844208391,0.33037608806864915,0.630170703489267
NICE,neither,0.03945320844208391,0.33037608806864915,0.630170703489267
monte cook games woooooooo!,neither,0.03945320844208391,0.33037608806864915,0.630170703489267
Thanks for the Sponsorship @MonteCookGames,neither,0.02905261070821692,0.2587373578241054,0.7122100314676776
"Yay, @montecookgames ! :D",neither,0.03945320844208391,0.33037608806864915,0.630170703489267
MonteCookGames <3,neither,0.03945320844208391,0.33037608806864915,0.630170703489267
I just went to kickstarter,neither,0.042144364624546224,0.35714423741610646,0.6007113979593474
@montecookgames Thank you,neither,0.07325166854587051,0.43632638485078484,0.49042194660334476
Oooh,neither,0.03945320844208391,0.33037608806864915,0.630170703489267
Thank you all! <3 <3 <3,offensive_language,0.07461273516989421,0.5710232830204963,0.3543639818096095
@MonteCookGames <3,neither,0.03945320844208391,0.33037608806864915,0.630170703489267
Hi-Yo!,neither,0.03968464372430827,0.4309011697100482,0.5294141865656435
Hey now! I'm not THAT old.,neither,0.033904946885835535,0.38155309727814557,0.5845419558360189
Monte is a vampire. CALLED OUT,neither,0.04262181561950499,0.3441756901885994,0.6132024941918957
that's a quarter millenia right?,neither,0.034408403412042196,0.3940632643686589,0.5715283322192989
Big names :D,neither,0.021313816421553337,0.4075624697722037,0.5711237138062429
Confirmed manMVG,neither,0.03945320844208391,0.33037608806864915,0.630170703489267
Is there something wrong with the stream?,neither,0.035254556032546555,0.31154868751824777,0.6531967564492056
Mercer who?,offensive_language,0.04159901189299763,0.525362713080101,0.4330382750269014
Hey @MonteCook <3,neither,0.03945320844208391,0.33037608806864915,0.630170703489267
"@montecook, Close...?",neither,0.03945320844208391,0.33037608806864915,0.630170703489267
"Monte and Taliesin, both vampires!",neither,0.03863742407447688,0.28894910885995206,0.672413467065571
What's Upplements :),neither,0.057770773616808734,0.3180719994247239,0.6241572269584672
"reminder, please post awesome clips here to collect them all! https://www.reddit.com/r/Callisto6/comments/9a0pmj/callisto_6_discussion_august_24_2018/",neither,0.07132422336645151,0.3379339178033369,0.5907418588302116
Hello @MonteCook,neither,0.03945320844208391,0.33037608806864915,0.630170703489267
the strange is my fav too!,neither,0.03454846652555026,0.3887224956080206,0.5767290378664293
@MonteCook Nothing wrong with being old!,neither,0.023539952345354203,0.43224721396597104,0.5442128336886747
How did Matt C have time?,neither,0.03789879009954385,0.35675862405016495,0.6053425858502912
@dangerouswonder417 They want it to look fuzzy,neither,0.050670249258643815,0.05784683119208681,0.8914829195492695
"Yes, emofilter is in effect for this game",neither,0.04027077167151313,0.27137640695160364,0.6883528213768833
!ybge,neither,0.03945320844208391,0.33037608806864915,0.630170703489267
"Check out the Your Best Game Ever Kickstarter (ending tonight during the show) at yourbestgameever.com to get the Cypher System Rulebook used by Callisto 6. There are several backer levels offering awesome combinations that will help you run great campaigns, including the “I Want It All!” level which gives you everything in an incredible deal!",neither,0.06757592889775685,0.30152806089582773,0.6308960102064154
"Go ahead and fanboy away, Eric",neither,0.040808397690231236,0.281059104683074,0.6781324976266947
"@montecook, Also hai o/ <3",neither,0.03945320844208391,0.33037608806864915,0.630170703489267
"@kbtibbs because Sabbath starts in like 10 minutes and I have to leave, and the episode is 10 min late",neither,0.05063589195556477,0.2925741052777446,0.6567900027666908
"Idk, @montecook , if you WERE that old, would you tell us?",neither,0.07511170764685376,0.45781131752077225,0.467076974832374
@ariaflame time travel?,neither,0.038173762391091964,0.3520916266420968,0.6097346109668113
"@aleph_sharp Yeah, sorry.",neither,0.01941868005939913,0.47381362395853877,0.5067676959820621
I want to play that,neither,0.043493896235754906,0.37798180146871974,0.5785243022955254
Yup that's a Bonnie,neither,0.03441373728318629,0.3854653984740369,0.5801208642427768
kickstarted the hell out of The Strange. Eric is correct. :P,offensive_language,0.04127596284325676,0.5775562086997281,0.381167828457015
:),neither,0.03945320844208391,0.33037608806864915,0.630170703489267
I hear a bonnie,neither,0.03945320844208391,0.33037608806864915,0.630170703489267
i loveTHE STRANGE @montecook,neither,0.03945320844208391,0.33037608806864915,0.630170703489267
I heard a Bonnie!,neither,0.03945320844208391,0.33037608806864915,0.630170703489267
Hell yeah! Bonnie made it to the game!,offensive_language,0.028997864003648673,0.6951141461461257,0.2758879898502257
Bonnies here <3,neither,0.22097653003277068,0.2221615150675793,0.55686195489965
Yay!,neither,0.03945320844208391,0.33037608806864915,0.630170703489267
Have a good sabbath @aleph_sharp,neither,0.03720928269011116,0.3483016594177572,0.6144890578921316
I mean I’m seeing a fan art pic of hector and Bonnie’s characters is that what y’all are seeing?,neither,0.05528820393206543,0.36708281803995,0.5776289780279846
Last hour of the Kickstarter!,neither,0.03844756659277663,0.3119228722046849,0.6496295612025385
i have an announcement: Sam is excited,neither,0.04680731759358454,0.33110017011887777,0.6220925122875376
ohh i want a lewis carrol rpg and the figures. I was looking for a CHeshire cat figure for a D&D patron,neither,0.03334985074101619,0.2777254193788805,0.6889247298801032
wait bonnie is ment to be away ?,neither,0.06265785671211967,0.29758860113350116,0.6397535421543793
!whodat,neither,0.03945320844208391,0.33037608806864915,0.630170703489267
Kyle Hill ( twitter.com/Sci_Phile ),neither,0.038926398775368944,0.4147662855164059,0.5463073157082252
"we have a bonnie, yay.",neither,0.038669078316619386,0.34368482271433864,0.6176460989690419
I ran a campaign of The Strange for a year or so. Loads of fun.,neither,0.035551718583036,0.328067575133,0.636380706283964
MERCH!,neither,0.03945320844208391,0.33037608806864915,0.630170703489267
"Yay, Bonnie! Glad she is safe.",neither,0.04765039807031944,0.3991724524255972,0.5531771495040835
=OOOO,neither,0.03945320844208391,0.33037608806864915,0.630170703489267
Yay!,neither,0.03945320844208391,0.33037608806864915,0.630170703489267
https://shop.geekandsundry.com/products/geek-sundry-pride-unisex-t-shirt and https://shop.geekandsundry.com/products/geek-sundry-pride-womens-short-sleeve-t-shirt,neither,0.03922495925824141,0.31954881931371787,0.6412262214280406
YES I want merch...*throws money at screen*,neither,0.03908921493318757,0.3435701565372681,0.6173406285295444
@shadowsoflife what?,neither,0.057770773616808734,0.3180719994247239,0.6241572269584672
MERCH gandsHype,neither,0.03945320844208391,0.33037608806864915,0.630170703489267
!!!!,neither,0.03945320844208391,0.33037608806864915,0.630170703489267
I have an announcement: We're ALL excited! :D,neither,0.06011350230082034,0.3786513884093809,0.5612351092897988
Merch!,neither,0.03945320844208391,0.33037608806864915,0.630170703489267
Bonnie and Xander had to cancel the HAwaii trip,neither,0.04302412612680245,0.2883958657009679,0.6685800081722296
"@kbtibbs well, yeah, had to happen, in another couple weeks I wont be able to watch live at all, but excited for vod tomorrow nigjt",neither,0.05496343558167391,0.37672757032371906,0.5683089940946071
@dauntz Fate sent her back here,offensive_language,0.07331479508729304,0.5242369198668936,0.40244828504581337
Finally after one week?,neither,0.03859613262183012,0.36186224371581577,0.5995416236623541
"That KS is pretty darn cool, btw. I’m about to up my pledge. Not sure if I wanna go crazy or super crazy",offensive_language,0.02145464148803913,0.5451153782090166,0.43342998030294444
PRIDE SHIRT,neither,0.03945320844208391,0.33037608806864915,0.630170703489267
"""Fitted""",neither,0.03945320844208391,0.33037608806864915,0.630170703489267
@aleph_sharp shabbat shalom!,neither,0.03945320844208391,0.33037608806864915,0.630170703489267
Is this the first sessions?,neither,0.038499917178452935,0.3164972072409346,0.6450028755806124
!callisto6,neither,0.03945320844208391,0.33037608806864915,0.630170703489267
"Callisto 6 takes place in Los Angeles in the year 2119, where a world of cyberpunk is about to be broken by the emergence of superheroes. Powered by the Cypher System, this original RPG is crafted by Eric Campbell and Sam de Leve.",neither,0.04788177314792089,0.323551782053012,0.6285664447990672
aw,neither,0.03945320844208391,0.33037608806864915,0.630170703489267
"@dauntz Bonnie was in Hawaii for a con, con got cancelled due to hurricane Lane",neither,0.03881195534604362,0.3352015496087331,0.6259864950452232
pride shirts now please,neither,0.03945320844208391,0.33037608806864915,0.630170703489267
they are up,neither,0.09008682824300437,0.34005397306735635,0.5698591986896393
oh,neither,0.051363287716059566,0.22255663153133606,0.7260800807526044
@Tom4DCC Thank you so much! Can't wait to have you enjoy it :D,neither,0.06932974275193096,0.4595507610871299,0.4711194961609391
2nd @selectorofsouls,neither,0.03945320844208391,0.33037608806864915,0.630170703489267
AsexualPride,neither,0.03945320844208391,0.33037608806864915,0.630170703489267
@selectorofsouls second episode,neither,0.03945320844208391,0.33037608806864915,0.630170703489267
@kynaeus2 thank you,neither,0.07325166854587051,0.43632638485078484,0.49042194660334476
@ariaflame how he had time,neither,0.044998869823802176,0.3530149851267991,0.6019861450493987
"this is Issue 2, as we are calling the episodes :)",neither,0.062414742046960396,0.31100210869700423,0.6265831492560354
By the way if any one made art it was all so freaking awesome before the show,neither,0.03335929888947834,0.43976669062023993,0.5268740104902818
who keeps popping their should into the shot of Eric,neither,0.046954493757424116,0.3842136885074639,0.5688318177351119
BRB GOING TO SEE,neither,0.04441953910189548,0.3538992867959524,0.601681174102152
The Gina Store? I bet that's all cool stuff.,neither,0.057501417599047144,0.39648226873658865,0.5460163136643642
Check out the GnS store!,neither,0.06125621325880935,0.3213204105991216,0.6174233761420691
BisexualPride,neither,0.03945320844208391,0.33037608806864915,0.630170703489267
Aww... merch not in my size. :(,neither,0.03048328901593118,0.39541158396219295,0.5741051270218759
That's Hurricane Lane! :P,neither,0.035950932239732836,0.3684037956515061,0.5956452721087611
!whodat,neither,0.03945320844208391,0.33037608806864915,0.630170703489267
"GM Eric Campbell ( twitter.com/16BitEric ), with Aliza Pearl ( twitter.com/AlizaPearl ), Gina DeVivo ( twitter.com/PocketGina ), Amy Dallen ( twitter.com/enthusiamy ), Hector Navarro ( twitter.com/Hectorisfunny ), Sam de Leve ( twitter.com/ChaiKovsky ), Bonnie Gordon ( twitter.com/BonnieBellG ).",neither,0.03673732733147788,0.4718529441656544,0.4914097285028677
yaaaay,neither,0.03945320844208391,0.33037608806864915,0.630170703489267
Yay!,neither,0.03945320844208391,0.33037608806864915,0.630170703489267
"Oh cool now I can see them!,!",neither,0.06120340221856191,0.26744357360905785,0.6713530241723802
Not in Hurricane hype,neither,0.03822910303658535,0.3349706295145171,0.6268002674488976
what what,neither,0.057770773616808734,0.3180719994247239,0.6241572269584672
Merch at: https://shop.geekandsundry.com/,neither,0.038886635482807186,0.34764175590666285,0.6134716086105299
"@shadowsoflife ah yes sorry. It’s 7am here, brain a bit slow",neither,0.06674307612394895,0.30595695414168583,0.6272999697343651
https://shop.geekandsundry.com/collections/geek-sundry/products/geek-sundry-pride-unisex-t-shirt this shirt I think,neither,0.039612964472144935,0.3276646113084985,0.6327224242193565
I'm not too late then XD ty @Dasbif @chaoticloony,neither,0.03810160729235064,0.33837686113649373,0.6235215315711555
ahhh yes they found the right balance for the light and blur this episode :),neither,0.03495965293834391,0.29203044861845023,0.6730098984432058
"First of all ""Hawaii"" second of all ""Hawaii"", good reasons",neither,0.03731526712432264,0.3996555863599852,0.5630291465156922
Gen Con was SOOOO GOOOD!,neither,0.03937521573153979,0.33169982791133773,0.6289249563571225
Pride Shirts come from S-4XL,neither,0.038985889118220006,0.3383077166008694,0.6227063942809107
"actuaklly, before I leave, this is the second time Bonnie/her character has missed a hurrican to be with anton!",offensive_language,0.03193613513137426,0.5063649959781361,0.4616988688904897
@ariaflame It's fine,neither,0.03718045079254588,0.33115779364299663,0.6316617555644574
Lol get down to hawaii. So far away,neither,0.038678688167230274,0.39130697966739186,0.5700143321653778
Come to San Antonio please,neither,0.043508723836908944,0.3490847833906116,0.6074064927724795
<3,neither,0.03945320844208391,0.33037608806864915,0.630170703489267
"With the puck on their stick, they shoot...",neither,0.04036908818773084,0.3033554258836097,0.6562754859286594
There are two shirts: https://shop.geekandsundry.com/products/geek-sundry-pride-unisex-t-shirt and https://shop.geekandsundry.com/products/geek-sundry-pride-womens-short-sleeve-t-shirt,neither,0.04502776477564436,0.2950531141732125,0.6599191210511431
@aleph_sharp TOO SOON,neither,0.03908673363696001,0.3365961219346294,0.6243171444284106
Gen Con was bos,neither,0.039345124572760265,0.33221055340749267,0.628444322019747
Gotta get Aliza and Hector to GenCon next year to complete my signature collection...,neither,0.03738632298914363,0.37982543363988536,0.5827882433709709
!rbschedule,neither,0.03945320844208391,0.33037608806864915,0.630170703489267
Find the rebroadcast schedule for the weekend here: http://bit.ly/WeekRebroadcast,neither,0.05904738035105781,0.17020024858160615,0.7707523710673361
THEY SCORE! :D,neither,0.03945320844208391,0.33037608806864915,0.630170703489267
"@japenrose no, they don't. I tried to see if 3X and 4X were available, and they're not.",neither,0.038474445412215424,0.2983988251036184,0.6631267294841663
Excited confirmed fmgNERD,neither,0.03945320844208391,0.33037608806864915,0.630170703489267
"There's only 45 minutes left in the Kickstarter Eric mentioned, by the way. Just about to close out.",neither,0.036933106831614354,0.34465917411126046,0.6184077190571252
Sams the best,neither,0.03652221034163643,0.28968136375604325,0.6737964259023204
gandsHype gandsHype gandsHype,neither,0.03945320844208391,0.33037608806864915,0.630170703489267
"IT""S STARTING!!!",neither,0.037399315187144885,0.3310825161415354,0.6315181686713197
"sam is excited, good time to start :D",neither,0.050541040904319996,0.34061453842318207,0.6088444206724979
dasbifRobot dasbifHype !!!,neither,0.03945320844208391,0.33037608806864915,0.630170703489267
!ybge,neither,0.03945320844208391,0.33037608806864915,0.630170703489267
"Check out the Your Best Game Ever Kickstarter (ending tonight during the show) at yourbestgameever.com to get the Cypher System Rulebook used by Callisto 6. There are several backer levels offering awesome combinations that will help you run great campaigns, including the “I Want It All!” level which gives you everything in an incredible deal!",neither,0.06757592889775685,0.30152806089582773,0.6308960102064154
Hector has no feet in that picture.,neither,0.03550761697307491,0.37572780876228645,0.5887645742646386
yay Sam,neither,0.03945320844208391,0.33037608806864915,0.630170703489267
i am going to get my steam punk goggles,neither,0.0463116606252177,0.19254288316376025,0.761145456211022
"wow, Same excited? They are usually so stoic and reserved at the top of the show...",neither,0.06156258795613098,0.2625305561556874,0.6759068558881817
^ 45 mins left,neither,0.03945320844208391,0.33037608806864915,0.630170703489267
Woo,neither,0.03945320844208391,0.33037608806864915,0.630170703489267
"@JMPickering They are available in White and Ocean Blue, I just checked and not in Navy",offensive_language,0.29165932198219713,0.3768333192915859,0.33150735872621695
@misroi If I cannot be here for the feels I must create them!,neither,0.05420944277113097,0.3008881976795803,0.6449023595492887
We have a subscriber-only Discord server! Join here: https://discord.gg/geekandsundry (you'll need to sub and link it to your Twitch) and be a part of the fun!...Warning: It can take up to an hour for the server to update and give you access to the channels,neither,0.08464076273808444,0.286394834032893,0.6289644032290227
Gotcha.,neither,0.03945320844208391,0.33037608806864915,0.630170703489267
love this art,neither,0.03598820174612746,0.34797144744511266,0.61604035080876
Fire,neither,0.03945320844208391,0.33037608806864915,0.630170703489267
I love the intro so much,neither,0.032484587804070444,0.3696987493880083,0.5978166628079212
@JMPickering Pink too. Just Navy that doesn't have 4XL,neither,0.03280781403744241,0.3869225060817995,0.5802696798807581
