text,top_class,hate_speech,offensive_language,neither
Press Play Critters!,neither,0.03945320844208391,0.33037608806864915,0.630170703489267
PICNIC IS OVER,neither,0.04955319518566753,0.32851683994212616,0.6219299648722063
crisis averted yall,neither,0.037830076354501,0.35792487563212666,0.6042450480133724
Refresh or press Play to restart the stream,neither,0.04327390094048937,0.31684197567654215,0.6398841233829684
Beefy episode for a bunch of beefy wolf boys,neither,0.03604827129527157,0.3966835325046543,0.5672681962000741
were back ... YouTube was not down,neither,0.038417319958164664,0.3168766186036191,0.6447060614382163
uploaded uploads uploading,neither,0.03945320844208391,0.33037608806864915,0.630170703489267
So much was missed in that gigantic hiccup,neither,0.034316275187188036,0.3894971072318433,0.5761866175809687
Refresh,neither,0.03945320844208391,0.33037608806864915,0.630170703489267
,neither,0.03945320844208391,0.33037608806864915,0.630170703489267
Back up,neither,0.03447390260817962,0.4373209189454551,0.5282051784463654
sweet,neither,0.03945320844208391,0.33037608806864915,0.630170703489267
Everyone just had a FRIGGIN heart attack hahaha,neither,0.0326430706330088,0.4121514652985804,0.5552054640684109
no more panic attacks geek and sundry,neither,0.039583965766668436,0.30622599109201387,0.6541900431413178
back,neither,0.03945320844208391,0.33037608806864915,0.630170703489267
"(yeah, I went to youtube briefly as well)",neither,0.028283641818795866,0.44669448047474597,0.5250218777064581
PRESS PLAY,neither,0.03945320844208391,0.33037608806864915,0.630170703489267
Everybody panic! Ahhh jk... press play :),neither,0.03945320844208391,0.33037608806864915,0.630170703489267
omg,neither,0.03945320844208391,0.33037608806864915,0.630170703489267
just reload,neither,0.02667013123193722,0.39600456006212814,0.5773253087059346
LUL,neither,0.03945320844208391,0.33037608806864915,0.630170703489267
TableHere,neither,0.03945320844208391,0.33037608806864915,0.630170703489267
SAVED BIOS,neither,0.03945320844208391,0.33037608806864915,0.630170703489267
brutal,neither,0.03945320844208391,0.33037608806864915,0.630170703489267
the cutest awoo Laura,neither,0.038372653207642965,0.3105039192898759,0.6511234275024811
AWOOOOOOO,neither,0.03945320844208391,0.33037608806864915,0.630170703489267
feliciaOoh,neither,0.03945320844208391,0.33037608806864915,0.630170703489267
"Lol, watching the panic in chat while youtube stream is going strong :D",neither,0.03772220818862334,0.363777040466575,0.5985007513448015
Is this still live?,neither,0.056810267540878215,0.3454387828925419,0.5977509495665799
She pressed pulse on the blender,neither,0.0363684726492542,0.42737413652384687,0.5362573908268989
Awooooooed,neither,0.03945320844208391,0.33037608806864915,0.630170703489267
shit...we missed the kill,offensive_language,0.3488622240563797,0.6507964949886242,0.00034128095499601473
"bleedin heck, twitch :(",neither,0.03945320844208391,0.33037608806864915,0.630170703489267
awoooo,neither,0.03945320844208391,0.33037608806864915,0.630170703489267
gandsGandsPoo gandsGandsPoo gandsGandsPoo,neither,0.03945320844208391,0.33037608806864915,0.630170703489267
AWOOOOOO,neither,0.03945320844208391,0.33037608806864915,0.630170703489267
@Impossiblegirl11 Yep,neither,0.03945320844208391,0.33037608806864915,0.630170703489267
Crit Role Chan keeps going down,neither,0.038279836709079876,0.35029126863393156,0.6114288946569885
"I was hoping Laury would perform a Moment Slash maneuver on the Drow, but I'm satisfied with that finisher ^^",neither,0.029152723188726293,0.3695785690289299,0.6012687077823439
Oof feels bad drow,neither,0.035127458936667244,0.33186391168341184,0.6330086293799208
LOL,neither,0.020706217963973744,0.4882283491876925,0.4910654328483337
LOL,neither,0.020706217963973744,0.4882283491876925,0.4910654328483337
lmao,neither,0.03705015143476208,0.3711622369619404,0.5917876116032975
hahahahaha,neither,0.03945320844208391,0.33037608806864915,0.630170703489267
Hhahahaa,neither,0.03945320844208391,0.33037608806864915,0.630170703489267
Critical Role channel is borked,neither,0.045773373500060666,0.32820229349023416,0.6260243330097053
lol,neither,0.020706217963973744,0.4882283491876925,0.4910654328483337
PogChamp PogChamp,neither,0.03945320844208391,0.33037608806864915,0.630170703489267
LUL LUL LUL,neither,0.03945320844208391,0.33037608806864915,0.630170703489267
No don’t glitch DX,neither,0.03857219310604284,0.3453292175880736,0.6160985893058835
Classic Sam,neither,0.03945320844208391,0.33037608806864915,0.630170703489267
LUL,neither,0.03945320844208391,0.33037608806864915,0.630170703489267
LUL,neither,0.03945320844208391,0.33037608806864915,0.630170703489267
brownLUL,neither,0.03945320844208391,0.33037608806864915,0.630170703489267
OMG LOL LUL,neither,0.032200029068326384,0.38265302477900576,0.5851469461526678
lol,neither,0.020706217963973744,0.4882283491876925,0.4910654328483337
wait whats happening right now??,neither,0.0387295872276265,0.3445011121327417,0.616769300639632
gandsCaleb,neither,0.03945320844208391,0.33037608806864915,0.630170703489267
roll for wedgie,neither,0.031260903452697913,0.28954079456828563,0.6791983019790164
amplified wedgie,neither,0.03945320844208391,0.33037608806864915,0.630170703489267
This is great!!!,neither,0.049196619522103385,0.2924512674041193,0.6583521130737773
:-D,neither,0.03945320844208391,0.33037608806864915,0.630170703489267
Still live?,neither,0.04518993418897925,0.3506604034365893,0.6041496623744314
wedgie is 1 hp of damage,neither,0.04642652827535943,0.3279776436122031,0.6255958281124374
omfg,neither,0.03945320844208391,0.33037608806864915,0.630170703489267
fisheburne they killed it and Sam wanted to wedgie Travis,neither,0.04244142980951357,0.299743331239097,0.6578152389513894
"oh bless you, Sam.",neither,0.06285220199345377,0.3259593217666259,0.6111884762399203
@LazicalSloth Ya,offensive_language,0.017331157930923866,0.7872544665869478,0.19541437548212848
"@LazicalSloth es, still live",neither,0.04518993418897925,0.3506604034365893,0.6041496623744314
I love Sam so much,neither,0.03249063233412626,0.3947476679691826,0.5727616996966912
Worth a shot.,neither,0.03945320844208391,0.33037608806864915,0.630170703489267
wait what,neither,0.04877470361900789,0.3238348708445956,0.6273904255363965
Clap,neither,0.03945320844208391,0.33037608806864915,0.630170703489267
Another 2 hrs,neither,0.09864535645841621,0.247672029737016,0.6536826138045678
I still wanna see Lucious’ wolf form,neither,0.03875816635324139,0.34217276623161474,0.6190690674151439
what?,neither,0.057770773616808734,0.3180719994247239,0.6241572269584672
two more episodes,neither,0.04201559023718253,0.30960363505847927,0.6483807747043383
Love you guys!,neither,0.06167918433826641,0.4366455781003419,0.5016752375613917
Its freaking 2:40 AM where I'm at....,neither,0.035364737206533076,0.32594394071346483,0.638691322080002
"Odds are, the Draw is their Grandfather",neither,0.06298009154314921,0.2860450122796302,0.6509748961772205
"Well dang, what was SUPPOSED to happen then?",neither,0.05026817454255183,0.32522030972909255,0.6245115157283557
awesome one shot. want more!,neither,0.04056979859203668,0.346793760740437,0.6126364406675263
Sew his arm back on!,neither,0.057102250753087974,0.3433177408408555,0.5995800084060564
:(,neither,0.03945320844208391,0.33037608806864915,0.630170703489267
Awe its ending now... :'(,neither,0.034299438432788355,0.33214870590407497,0.6335518556631368
@PowerQube1234 same!,neither,0.04148851938089603,0.3488915597363099,0.609619920882794
you're 2 minutes ahead of me somehow,neither,0.059859319812295336,0.373309197871439,0.5668314823162658
"no liam, we got 6 more hours in us",neither,0.06662856218488185,0.36338395267462315,0.569987485140495
"It's late in the studio, huh? I've been watching this since 4AM...!",neither,0.023413556927509557,0.31311412062647026,0.6634723224460203
This series can't be over. Lucius *didn't take his Wolfen Form! 'n' *,neither,0.04107097457229262,0.3663507322287113,0.592578293198996
7:39am in good old England,neither,0.03881118462301946,0.3305969095004144,0.630591905876566
2:39 in New England,neither,0.04248588406171383,0.25521006707206,0.7023040488662262
It's 2:40 am whhooooo!,neither,0.03750512808074066,0.3310461222353138,0.6314487496839455
!clock,neither,0.03945320844208391,0.33037608806864915,0.630170703489267
It is currently Thursday 11:39 PM at the Geek & Sundry studio in California.,neither,0.050654961476246714,0.32968639686615275,0.6196586416576007
Agreed. Great one shot well done Liam!!!,neither,0.03719035506421759,0.34135609762613317,0.6214535473096493
briarwoods 2.0,neither,0.03945320844208391,0.33037608806864915,0.630170703489267
6:40 pm,neither,0.03945320844208391,0.33037608806864915,0.630170703489267
D:,neither,0.03945320844208391,0.33037608806864915,0.630170703489267
?????????,neither,0.03945320844208391,0.33037608806864915,0.630170703489267
What?!,neither,0.057770773616808734,0.3180719994247239,0.6241572269584672
whaaaaat,neither,0.03945320844208391,0.33037608806864915,0.630170703489267
I kneeeew it,neither,0.034373745257138544,0.33212314837979673,0.6335031063630647
D:,neither,0.03945320844208391,0.33037608806864915,0.630170703489267
wow,neither,0.03945320844208391,0.33037608806864915,0.630170703489267
WHAT A TWIST!,neither,0.046763429900579426,0.32518979200864945,0.6280467780907711
D:,neither,0.03945320844208391,0.33037608806864915,0.630170703489267
fucking called it,offensive_language,0.11197847672085717,0.8879998959293264,2.162734981651468e-05
whaaaat,neither,0.03945320844208391,0.33037608806864915,0.630170703489267
that explains everyones coloring,neither,0.03469116754114899,0.3823720002990532,0.5829368321597979
I mean they are all purple :S,neither,0.0707306878895417,0.3557603855516602,0.5735089265587981
TWIST...,neither,0.03945320844208391,0.33037608806864915,0.630170703489267
Knew it.,neither,0.037256246933524945,0.33113172387443623,0.6316120291920387
OH!!!!!!,neither,0.051363287716059566,0.22255663153133606,0.7260800807526044
PogChamp,neither,0.03945320844208391,0.33037608806864915,0.630170703489267
Holy crap,neither,0.03945320844208391,0.33037608806864915,0.630170703489267
Called it,neither,0.03687705213569826,0.3312621463536148,0.6318608015106869
big twist,neither,0.022105767499405755,0.4034077622537621,0.574486470246832
PogChamp,neither,0.03945320844208391,0.33037608806864915,0.630170703489267
ohhhhhhhhhhh,neither,0.03945320844208391,0.33037608806864915,0.630170703489267
HOLY TWISTY!,neither,0.03945320844208391,0.33037608806864915,0.630170703489267
oooooh,neither,0.03945320844208391,0.33037608806864915,0.630170703489267
ohh snap,neither,0.03945320844208391,0.33037608806864915,0.630170703489267
Want the inside scoop? Join the cast of Critical Role and discuss the most recent episode right here on Talks Machina. Tuesdays 7pm Pacific at twitch.tv/geekandsundry and projectalpha.com,neither,0.04573032993319735,0.22538911733705982,0.7288805527297427
f u c k,neither,0.03945320844208391,0.33037608806864915,0.630170703489267
woopsD Nani?!,neither,0.03945320844208391,0.33037608806864915,0.630170703489267
D:,neither,0.03945320844208391,0.33037608806864915,0.630170703489267
uhnS uhnS uhnS uhnS uhnS,neither,0.03945320844208391,0.33037608806864915,0.630170703489267
Oh. Well. Makes sense,neither,0.04456201188390908,0.28139587234882074,0.6740421157672701
that's the guy from the book right,neither,0.03448307145838066,0.34595984786617145,0.6195570806754478
daaaaamn,neither,0.03945320844208391,0.33037608806864915,0.630170703489267
my stream froze. He had a what?,neither,0.03782791367946449,0.392015191308752,0.5701568950117835
their hair,neither,0.03945320844208391,0.33037608806864915,0.630170703489267
that explains his motivations behind his actions,neither,0.07589434440095606,0.360607438457861,0.563498217141183
D:,neither,0.03945320844208391,0.33037608806864915,0.630170703489267
gandsSpoopy gandsSpoopy gandsSpoopy,neither,0.03945320844208391,0.33037608806864915,0.630170703489267
is that why they are fucking purple,offensive_language,0.13601848618304782,0.8624120269738311,0.0015694868431210566
That TJ guy what is it he does?,neither,0.03659156411028357,0.45627983810319106,0.5071285977865253
Aw fight went too long,neither,0.039039740451879634,0.33244878952148404,0.6285114700266364
BibleThump BibleThump BibleThump BibleThump BibleThump,neither,0.03945320844208391,0.33037608806864915,0.630170703489267
Happy belated birthday Travis <3 Thanks Liam,neither,0.03815319103286212,0.31948990965529345,0.6423568993118444
"So that's why they're blue-ish, they're half-elf drows?",neither,0.048723793363881225,0.35619400943912916,0.5950821971969896
"""Darn it Gramps, why'd you have to get into necromancy?""",neither,0.044586491512018975,0.39780774714523964,0.5576057613427414
That's why they have white streaks of hair,offensive_language,0.3739885231010726,0.5223195156025026,0.10369196129642477
Wait what happened?,neither,0.04570446672662191,0.3259145546356671,0.6283809786377109
"Alright, goodnight.",neither,0.03945320844208391,0.33037608806864915,0.630170703489267
I called em purple people eaters at the beginning,neither,0.05605213032989921,0.33355151038210895,0.6103963592879919
THE SMUT BOOK,neither,0.03822330179312246,0.3076522537423983,0.6541244444644794
Geez. This one-shot is heavy and I love it,neither,0.040479475158248464,0.33251093350728844,0.6270095913344631
Noooo i need to see sw3 wolf form,neither,0.04402923019351001,0.32654311288136206,0.6294276569251279
!howfar,neither,0.03945320844208391,0.33037608806864915,0.630170703489267
gg,neither,0.03945320844208391,0.33037608806864915,0.630170703489267
Grandpa Jorhas Drow,neither,0.03945320844208391,0.33037608806864915,0.630170703489267
Courting of the Crick?!,neither,0.03847791057422723,0.31249555729077083,0.649026532135002
"i doubt the art reflects their actual skin color since they look human, but it could explain their hair color",neither,0.07694325403052994,0.266269324978677,0.656787420990793
that awkward moment when grandpa is a necromancer,neither,0.03436356560978149,0.395775890659127,0.5698605437310915
OH MY GOD THE BOOK,neither,0.031829193243468785,0.3494059941531633,0.6187648126033679
@Caltazar 4 hours and 41 minutes,neither,0.038618333822202845,0.28786077488734024,0.6735208912904569
"""LORELEIS RULE""",neither,0.03945320844208391,0.33037608806864915,0.630170703489267
wow what an evening!,neither,0.04496516721573178,0.32157706353585863,0.6334577692484096
man this was kinda an anticlimactic ending,neither,0.03965343111230028,0.38307348859270335,0.5772730802949965
Clap,neither,0.03945320844208391,0.33037608806864915,0.630170703489267
Great show!,neither,0.0583061009839919,0.19644393213921515,0.745249966876793
yaaaay,neither,0.03945320844208391,0.33037608806864915,0.630170703489267
clappity clap,neither,0.03945320844208391,0.33037608806864915,0.630170703489267
That was great,neither,0.031738606339660885,0.35644657876003094,0.6118148149003082
gandsCaleb,neither,0.03945320844208391,0.33037608806864915,0.630170703489267
well done,neither,0.03835210096346887,0.34906475564227485,0.6125831433942563
that.was awesome!,neither,0.03453191945982305,0.38505160316851694,0.5804164773716599
Excellent !,neither,0.03945320844208391,0.33037608806864915,0.630170703489267
You all have done so very well!,offensive_language,0.05672742065642413,0.5291323955323006,0.4141401838112753
Hype for Liam!!! gandsHype gandsHype gandsHype gandsHype gandsLessthanthree gandsHype gandsLessthanthree gandsHype gandsLessthanthree gandsHype gandsLessthanthree gandsHype gandsApplaud gandsApplaud gandsApplaud gandsApplaud gandsApplaud,neither,0.03414834168726381,0.30387673341566984,0.6619749248970663
Not a Necromancer.,neither,0.03554889144452836,0.3454295093440936,0.619021599211378
awesome!!!,neither,0.03945320844208391,0.33037608806864915,0.630170703489267
dang I want next episode!,neither,0.03888269273842562,0.3400592284870701,0.6210580787745044
That was amazing!,neither,0.03448697269778191,0.38556091698872963,0.5799521103134886
bravo Liam,neither,0.03945320844208391,0.33037608806864915,0.630170703489267
great stuff,neither,0.037231176894653856,0.30058602825754005,0.6621827948478062
That was damn good,offensive_language,0.039444240738222044,0.9023010641425473,0.05825469511923048
THAT WAS INCREDIBLE,neither,0.034820129407937585,0.38178929000573214,0.5833905805863304
beautiful story,neither,0.03945320844208391,0.33037608806864915,0.630170703489267
claps*,neither,0.03945320844208391,0.33037608806864915,0.630170703489267
Bravo,neither,0.03945320844208391,0.33037608806864915,0.630170703489267
Man what a story y'all,offensive_language,0.049352930789464754,0.5013653958382644,0.4492816733722708
awesome one shot Liam ;) and great guests :),neither,0.037040310973578496,0.3066802288589559,0.6562794601674656
That was a full evening,neither,0.053843562542322476,0.3657989632566636,0.580357474201014
Nobody died?!,offensive_language,0.031284435249179655,0.49200138231602714,0.47671418243479324
Amazing Session,neither,0.03945320844208391,0.33037608806864915,0.630170703489267
GG,neither,0.03945320844208391,0.33037608806864915,0.630170703489267
but what did his wolf look like?,neither,0.08212839300698928,0.34848414335401623,0.5693874636389945
well done well done,neither,0.03835210096346887,0.34906475564227485,0.6125831433942563
"amazing game, excellent dm'ing. great job Liam, thanks for the entertaining stream everyone",neither,0.032717944819281836,0.32410307954539813,0.6431789756353199
Awesome story :D,neither,0.03945320844208391,0.33037608806864915,0.630170703489267
Great Job Liam,neither,0.037749958633799936,0.30777480976056465,0.6544752316056355
I want more about The House Lorelei,neither,0.039010562296778774,0.32723197826621975,0.6337574594370015
claps*,neither,0.03945320844208391,0.33037608806864915,0.630170703489267
*golf clap*,neither,0.03945320844208391,0.33037608806864915,0.630170703489267
Yay Erica!!,neither,0.03945320844208391,0.33037608806864915,0.630170703489267
Good Job Liam!!!!!!!,neither,0.0388438757479586,0.3305856655234766,0.6305704587285647
Erica was the best!!!,neither,0.0376476959956424,0.30956372085691364,0.6527885831474439
go Liam!,neither,0.04076545527285137,0.334931166163354,0.6243033785637945
great job everyone!,neither,0.03171351732506642,0.4094396525964863,0.5588468300784474
Claps all around!,neither,0.04129685055056227,0.40427454898694154,0.5544286004624963
thx that was fun,neither,0.03568390949244621,0.3720508375938975,0.5922652529136563
Liam! That was awesome! Can't wait for the next time Liam DMs!,neither,0.03396846567670586,0.34127002683249635,0.6247615074907977
"Great job, Liam!!",neither,0.037749958633799936,0.30777480976056465,0.6544752316056355
Night chat. Have a great week. :D,neither,0.03140426005286157,0.3164470100859538,0.6521487298611848
gandsApplaud gandsApplaud gandsApplaud,neither,0.03945320844208391,0.33037608806864915,0.630170703489267
Good job Erica and TJ!,neither,0.03835200521896285,0.30001596348074044,0.6616320313002967
This game had way more nat 20s than a natural in canon game,neither,0.0394708506394613,0.2860979541919916,0.6744311951685472
Great game Liam!!,neither,0.03736757286966502,0.2730971541240032,0.6895352730063317
Amazing Session Guys!!!!,neither,0.03935077491407141,0.332114652369227,0.6285345727167017
AMAZING! Thank you cast and guests and crew and chat! Great job as always!,neither,0.042325086364285044,0.3244757631210619,0.633199150514653
Good job everyone,neither,0.032061153522602207,0.44524559331732166,0.5226932531600761
gandsGandsPoo,neither,0.03945320844208391,0.33037608806864915,0.630170703489267
Bring these guests back!,neither,0.05440085813987714,0.4495141351851789,0.49608500667494404
"GG Everyone, Lovd it, Goodnight!",neither,0.031765883242013494,0.4388458834728756,0.5293882332851109
"So, was that Tal, Matt, and Marisha that attacked them in the graveyard?",neither,0.04100893597898154,0.3645089293678313,0.5944821346531871
"Yay, Erica",neither,0.03945320844208391,0.33037608806864915,0.630170703489267
that was fcking great!,neither,0.031738606339660885,0.35644657876003094,0.6118148149003082
Can they show us the transformed Lucius?,neither,0.09414076539789722,0.24111162632713942,0.6647476082749633
amazing game guys! Good job Liam,neither,0.03842655718631435,0.30214125220839866,0.6594321906052869
Wow. Very cool story.,neither,0.03945320844208391,0.33037608806864915,0.630170703489267
CLAPS,neither,0.03945320844208391,0.33037608806864915,0.630170703489267
Goodnight everyone!,neither,0.03284905976900505,0.44246572650540894,0.524685213725586
Everyone play D&D!!!! <333,neither,0.031717718484850416,0.4616675406629864,0.5066147408521631
So god damn true about Druid being one of the hardest classes to start with,offensive_language,0.03515594241368558,0.6768824158213045,0.28796164176501
Great game Liam,neither,0.03736757286966502,0.2730971541240032,0.6895352730063317
Yay it’s open ended! They can come back for more!,neither,0.03482891438306657,0.3187806803318468,0.6463904052850866
Thanks Liam!,neither,0.037328737276664754,0.31258604004565615,0.6500852226776791
I really want to see these guys again,neither,0.05382409941538396,0.42791959131540425,0.5182563092692117
"Thank you @ChiefAKAThatZachWilson , @Danoba , @GeekandSundry crew, mods, and chat!",neither,0.05237920420651046,0.33707852735107924,0.6105422684424103
"great job, guys!",neither,0.037278776253630214,0.3049888130681437,0.6577324106782262
Can I get a huzzah in the chat!!!,neither,0.038190216120845936,0.31683707443893844,0.6449727094402157
Love you all!,offensive_language,0.07693210972157016,0.6561782186763016,0.26688967160212834
"First time? Erika, you Druid *well!* Do it again sometime ;3",neither,0.04230262523287325,0.4090654867215364,0.5486318880455903
wont be here next week rooCry gunna soo the foo fighters rooHappy,neither,0.0615506383205351,0.3099623857363904,0.6284869759430747
gg crit of a one shot,neither,0.0382760917089112,0.3735747867034394,0.5881491215876495
Regular gnoll!,neither,0.03945320844208391,0.33037608806864915,0.630170703489267
Jolly good show,neither,0.05390002484645662,0.2560032302413408,0.6900967449122026
nice,neither,0.03945320844208391,0.33037608806864915,0.630170703489267
Amazing guests !,neither,0.03945320844208391,0.33037608806864915,0.630170703489267
MORE LIAM DM!!,neither,0.04114280716342326,0.32154986284282056,0.6373073299937562
<3,neither,0.03945320844208391,0.33037608806864915,0.630170703489267
good games!!!!,neither,0.03851422467711653,0.3306990476430877,0.6307867276797957
"Thank you Cast, crew, chat, and mods! <3",neither,0.04961746943649078,0.33572018650366775,0.6146623440598414
Bye!,neither,0.03945320844208391,0.33037608806864915,0.630170703489267
i really hope they come back as side characters in the main plotline please!!!,neither,0.053061817883103775,0.30909790694527906,0.6378402751716171
"Great close out to my Summer, Very Sad I cant catch these lives any more",neither,0.037656910762935696,0.4002995778710449,0.5620435113660194
huzzah,neither,0.03945320844208391,0.33037608806864915,0.630170703489267
gandsLessthanthree loved it!!!,neither,0.03750910659539627,0.3310447538416866,0.6314461395629172
Amazing job Lliam. I hope Matt adds this in to mainstream,neither,0.0689916412978011,0.2518985736527276,0.6791097850494713
I want these characters back. More werewolves!,neither,0.050823253662318275,0.3868701729597565,0.5623065733779252
GN LIAM,neither,0.03945320844208391,0.33037608806864915,0.630170703489267
YAYYY!!! <3,neither,0.03945320844208391,0.33037608806864915,0.630170703489267
Awoooooo,neither,0.03945320844208391,0.33037608806864915,0.630170703489267
iS IT THURSDAY YET?!?!?!?!?,neither,0.04651135664277627,0.32794846724679255,0.6255401761104311
yaasss :D,neither,0.03945320844208391,0.33037608806864915,0.630170703489267
gg,neither,0.03945320844208391,0.33037608806864915,0.630170703489267
ARROOOOOOOOOO,neither,0.03945320844208391,0.33037608806864915,0.630170703489267
Wait so what did Grandpa even want?,neither,0.04320440849318562,0.3729626341563344,0.58383295735048
*GREAT BIG HUGS AND SNUGGLES* Thanks for the amazing session Liam!!!,neither,0.026070906498147365,0.30201304218636116,0.6719160513154915
AWOOOOOOOOOOOOOOOO,neither,0.03945320844208391,0.33037608806864915,0.630170703489267
Awesome story Liam!,neither,0.03945320844208391,0.33037608806864915,0.630170703489267
Night everyone! ARRROOOOOOOOOOOO,neither,0.023691815838413854,0.46065826703952206,0.515649917122064
<#,neither,0.03945320844208391,0.33037608806864915,0.630170703489267
AROOOOOOOOOOOOOOOOO,neither,0.03945320844208391,0.33037608806864915,0.630170703489267
Liam is such a wonderful GM,neither,0.04530098616416844,0.32552698630536,0.6291720275304715
awesome liam,neither,0.03945320844208391,0.33037608806864915,0.630170703489267
AWOOOO,neither,0.03945320844208391,0.33037608806864915,0.630170703489267
awoooooooo!,neither,0.03945320844208391,0.33037608806864915,0.630170703489267
Night all!,neither,0.029600883545214347,0.46884798313413123,0.5015511333206544
good job errbody,neither,0.03882908841592307,0.3305907515650457,0.6305801600190312
ooooowwwwwwwwww,neither,0.03945320844208391,0.33037608806864915,0.630170703489267
Aw000000000000,neither,0.03945320844208391,0.33037608806864915,0.630170703489267
AROOOOOOOOOOOOOOOOOOOOO,neither,0.03945320844208391,0.33037608806864915,0.630170703489267
gg,neither,0.03945320844208391,0.33037608806864915,0.630170703489267
awoooo! goodnight everyone!,neither,0.03284905976900505,0.44246572650540894,0.524685213725586
AAWWWWOOOOOOOOOOOOOO,neither,0.03945320844208391,0.33037608806864915,0.630170703489267
"Well done Liam, that was some great DM-ing",neither,0.03086482819152488,0.3566170982044114,0.6125180736040637
IITY?!,neither,0.03945320844208391,0.33037608806864915,0.630170703489267
Awroooooooo,neither,0.03945320844208391,0.33037608806864915,0.630170703489267
DAMN that was a good story!,offensive_language,0.04025933752818788,0.8351897700819533,0.1245508923898588
awesome one shot,neither,0.03854360926921883,0.3637847891815672,0.5976716015492141
AARRROOOO! Bye !,neither,0.03945320844208391,0.33037608806864915,0.630170703489267
Another happy ending,neither,0.09227761274878789,0.2543334795471526,0.6533889077040596
bye bye,neither,0.03945320844208391,0.33037608806864915,0.630170703489267
AARRRRROOOOOOOOOOOOOOO,neither,0.03945320844208391,0.33037608806864915,0.630170703489267
AROOOOOOOO,neither,0.03945320844208391,0.33037608806864915,0.630170703489267
gnight,neither,0.03945320844208391,0.33037608806864915,0.630170703489267
awooooot,neither,0.03945320844208391,0.33037608806864915,0.630170703489267
Good night everybody gandsTWC,neither,0.02980020984497139,0.33021478545749733,0.6399850046975314
wow they just finished!?!?!?!,neither,0.03494202127897051,0.35166108851251854,0.6133968902085108
Whooo!!!!! Amazing!!!!!!!!,neither,0.03945320844208391,0.33037608806864915,0.630170703489267
This was a lot of fun,neither,0.03921450322722446,0.33442753853578266,0.6263579582369929
aroooooo,neither,0.03945320844208391,0.33037608806864915,0.630170703489267
:D,neither,0.03945320844208391,0.33037608806864915,0.630170703489267
Naisu,neither,0.03945320844208391,0.33037608806864915,0.630170703489267
Well done Liam! gandsDrink,neither,0.03875198863020552,0.3422776183141059,0.6189703930556886
great oneshot..nite chat!!,neither,0.0377702205640132,0.3080519055434453,0.6541778738925416
2:45 am. time for bed! gn yall,neither,0.03369179369831421,0.33927597410904475,0.627032232192641
Arwoooooooooo!,neither,0.03945320844208391,0.33037608806864915,0.630170703489267
GOOD NIGHT EVERYONE!! <3,neither,0.02464489470763671,0.44804957746290397,0.5273055278294594
AWWOOOOOOOOOO,neither,0.03945320844208391,0.33037608806864915,0.630170703489267
lol,neither,0.020706217963973744,0.4882283491876925,0.4910654328483337
Night friends!,neither,0.029202253950315057,0.3298827374763163,0.6409150085733686
uhnS uhnS uhnS,neither,0.03945320844208391,0.33037608806864915,0.630170703489267
Awesome job cast and Liam!!,neither,0.0388941578486166,0.30292308384355554,0.6581827583078279
gandsLessthanthree gandsLessthanthree gandsLessthanthree gandsLessthanthree gandsLessthanthree gandsLessthanthree gandsLessthanthree,neither,0.03945320844208391,0.33037608806864915,0.630170703489267
well done!,neither,0.03835210096346887,0.34906475564227485,0.6125831433942563
AROOOOOOOO,neither,0.03945320844208391,0.33037608806864915,0.630170703489267
Awooooooo,neither,0.03945320844208391,0.33037608806864915,0.630170703489267
awoo,neither,0.03945320844208391,0.33037608806864915,0.630170703489267
that was dope,neither,0.034228409225021704,0.3884936245780325,0.5772779661969458
UWUUUUUUUUUUUUUUUU,neither,0.03945320844208391,0.33037608806864915,0.630170703489267
<3,neither,0.03945320844208391,0.33037608806864915,0.630170703489267
Gg!,neither,0.03945320844208391,0.33037608806864915,0.630170703489267
Awooooowooo!,neither,0.03945320844208391,0.33037608806864915,0.630170703489267
"AWWOOOOO! See you next time, Critters.",neither,0.05936146362014527,0.4395462318656615,0.5010923045141932
Ar-roooo,neither,0.03945320844208391,0.33037608806864915,0.630170703489267
AROOOOOOOOOOOOOOO,neither,0.03945320844208391,0.33037608806864915,0.630170703489267
Good night all,neither,0.030379372717227952,0.4416178007258798,0.5280028265568923
"Be Pleased, Everyone! Goodnight!",neither,0.03471316173780011,0.4193998277967821,0.5458870104654179
AOOOOOOOOOOOOOOOOO,neither,0.03945320844208391,0.33037608806864915,0.630170703489267
"@R1v3R -> THE EMOTES, THEY`RE TOO MANY [warning]",neither,0.055080314918249766,0.29325628621143124,0.651663398870319
Big thanks to everyone ! Great game!!! AWOOOOOOO,neither,0.02443941709128718,0.39543580962679875,0.580124773281914
by. night.,neither,0.029911839357784523,0.4058860039284359,0.5642021567137796
gandsHype gandsHype gandsHype gandsHype gandsHype gandsHype gandsHype gandsHype gandsHype gandsHype gandsHype gandsLessthanthree gandsLessthanthree gandsLessthanthree gandsLessthanthree gandsLessthanthree gandsLessthanthree gandsLessthanthree gandsLessthanthree gandsLessthanthree gandsLessthanthree gandsLessthanthree gandsLessthanthree gandsLessthanthree gandsLessthanthree gandsLessthanthree gandsLessthanthree,neither,0.03945320844208391,0.33037608806864915,0.630170703489267
Gnight critters,neither,0.03945320844208391,0.33037608806864915,0.630170703489267
Woof,neither,0.03945320844208391,0.33037608806864915,0.630170703489267
awoooooooooo!,neither,0.03945320844208391,0.33037608806864915,0.630170703489267
gandsLessthanthree gandsLessthanthree gandsLessthanthree gandsLessthanthree gandsLessthanthree,neither,0.03945320844208391,0.33037608806864915,0.630170703489267
Aroooooowoooo,neither,0.03945320844208391,0.33037608806864915,0.630170703489267
Amazing,neither,0.03945320844208391,0.33037608806864915,0.630170703489267
Or good morning haha,neither,0.04296558650759947,0.2576545891041689,0.6993798243882317
Awooo,neither,0.03945320844208391,0.33037608806864915,0.630170703489267
awooo,neither,0.03945320844208391,0.33037608806864915,0.630170703489267
good night/day all,neither,0.03212913415328452,0.40354204292077084,0.5643288229259446
FREEDOOOM,neither,0.03945320844208391,0.33037608806864915,0.630170703489267
Good job and goodnight everyone,neither,0.03317244277653729,0.3868547323426603,0.5799728248808024
night,neither,0.02550723072422885,0.32941079269047424,0.6450819765852968
awooooooooooo,neither,0.03945320844208391,0.33037608806864915,0.630170703489267
you know a one shot of these is good when you wanna see more of these characters,offensive_language,0.07680291779875406,0.5627464838986825,0.36045059830256343
Awoooooooo!,neither,0.03945320844208391,0.33037608806864915,0.630170703489267
"2more hours, jk",neither,0.03945320844208391,0.33037608806864915,0.630170703489267
Nigh night people,neither,0.07254694975430032,0.3264217481081251,0.6010313021375746
That was real good,offensive_language,0.025654887197313524,0.5399475180506156,0.43439759475207096
Arooooo!,neither,0.03945320844208391,0.33037608806864915,0.630170703489267
Liam is always so good as a DM.,neither,0.04179639327154997,0.42840154706342426,0.5298020596650258
bye eevryone,neither,0.03945320844208391,0.33037608806864915,0.630170703489267
gandsLessthanthree gandsLessthanthree gandsLessthanthree gandsLessthanthree gandsLessthanthree gandsLessthanthree gandsLessthanthree gandsLessthanthree gandsLessthanthree gandsLessthanthree gandsLessthanthree gandsLessthanthree gandsLessthanthree gandsLessthanthree gandsLessthanthree gandsLessthanthree gandsLessthanthree,neither,0.03945320844208391,0.33037608806864915,0.630170703489267
gandsLessthanthree gandsLessthanthree gandsLessthanthree,neither,0.03945320844208391,0.33037608806864915,0.630170703489267
REEEEEEE,neither,0.03945320844208391,0.33037608806864915,0.630170703489267
Peace and cheers,neither,0.038682248233288884,0.29147476508859016,0.6698429866781209
Knight all!,neither,0.041793358651534496,0.4229818652092969,0.5352247761391685
Aroooooooooooooooo! gandsLessthanthree,neither,0.03945320844208391,0.33037608806864915,0.630170703489267
awoo!,neither,0.03945320844208391,0.33037608806864915,0.630170703489267
Victory for the moon!,neither,0.033524827740822154,0.29113103145791114,0.6753441408012668
AROOOOOOOOOOOOOOOOOOOOOOOOOOOOOOOOOOO,neither,0.03945320844208391,0.33037608806864915,0.630170703489267
free plebs,neither,0.03945320844208391,0.33037608806864915,0.630170703489267
Awesome game! Goodnight guys! See you next week!,neither,0.04905550311552431,0.33971539429789616,0.6112291025865796
its late,neither,0.03158243098941971,0.3330832093538628,0.6353343596567175
Gnight all,offensive_language,0.046917543854519406,0.6277741405869331,0.3253083155585475
Nite all,neither,0.04188083744528237,0.4262581365805153,0.5318610259742023
a,neither,0.03945320844208391,0.33037608806864915,0.630170703489267
<3 <3 <3 <3 <3 <3 <3 <3. To cast and crew,neither,0.04474067752629912,0.2914314757008144,0.6638278467728865
awooooo!,neither,0.03945320844208391,0.33037608806864915,0.630170703489267
AWOOO,neither,0.03945320844208391,0.33037608806864915,0.630170703489267
great one shot just wish liam didn't rush it at the end,neither,0.02671201790553914,0.37151891241927143,0.6017690696751894
oo,neither,0.03945320844208391,0.33037608806864915,0.630170703489267
Awesome! Goodnight all!,neither,0.04130446097157644,0.4045631456676131,0.5541323933608104
night to all!,neither,0.03967387139485517,0.4515341701205445,0.5087919584846003
@MercuriKat awwwoooo :3,neither,0.03945320844208391,0.33037608806864915,0.630170703489267
Good night!!,neither,0.027408777718339543,0.3300282295872874,0.6425629926943731
please bring these characters back. maybe the mighty nein could find their castle?,neither,0.04585029716061933,0.3037838803254251,0.6503658225139556
AROOOOOOOOO,neither,0.03945320844208391,0.33037608806864915,0.630170703489267
gandsHype,neither,0.03945320844208391,0.33037608806864915,0.630170703489267
Good job everyone,neither,0.032061153522602207,0.44524559331732166,0.5226932531600761
Good Job Liam AWOOOOOOOOOOOOOOO,neither,0.0388438757479586,0.3305856655234766,0.6305704587285647
I don't think Liam expected them to wail on grandma as long as they did,neither,0.046698269451540264,0.36251818952609816,0.5907835410223616
AWOOOOOOOOOOOOOOOOOOOO,neither,0.03945320844208391,0.33037608806864915,0.630170703489267
awooooo🐶,neither,0.03945320844208391,0.33037608806864915,0.630170703489267
Liam is awesome,neither,0.04699931577157874,0.3277806357267375,0.6252200485016837
Night all!!!,neither,0.029600883545214347,0.46884798313413123,0.5015511333206544
"i always get so teary eyed at the end of episodes, we're so blessed with amazing cast members and story tellers",neither,0.03868986779813954,0.38603396804333623,0.5752761641585242
@TrillyLoL -> ONLY HULK CAPSLOCKS [warning],neither,0.03945320844208391,0.33037608806864915,0.630170703489267
When is Blindspot done filming?,neither,0.033965880583137126,0.41597849684160754,0.5500556225752552
wow,neither,0.03945320844208391,0.33037608806864915,0.630170703489267
good night,neither,0.027408777718339543,0.3300282295872874,0.6425629926943731
gilroy1GilroyD20 gilroy1GilroyD20 gilroy1GilroyD20 gilroy1GilroyD20 gilroy1GilroyD20,neither,0.03945320844208391,0.33037608806864915,0.630170703489267
Great show. Goodnight everyone!,neither,0.044594840060407634,0.3356706529516211,0.6197345069879714
"Good night everyone! Be safe, have a great weekend! ❤❤❤",neither,0.02872936176282788,0.3942494557743233,0.5770211824628488
<3,neither,0.03945320844208391,0.33037608806864915,0.630170703489267
Buh-Bye.. Goodtimes! gandsClassic gandsTwenty gandsLessthanthree,neither,0.03945320844208391,0.33037608806864915,0.630170703489267
Bidnite!,neither,0.03945320844208391,0.33037608806864915,0.630170703489267
just wow,neither,0.0325606563664,0.36367321759926907,0.6037661260343309
"Good night everyone! Good job, Liam!",neither,0.0298502215749441,0.4017945302887629,0.5683552481362931
that was a great game yall gn,neither,0.03371340466577497,0.3323036882423043,0.6339829070919207
@tacodrop1980 agreed!,neither,0.03945320844208391,0.33037608806864915,0.630170703489267
"Wow, I kinda lost focus but that was amazing regardless. Very different from Crit Role limesWow",neither,0.036304168040732915,0.3484957688428829,0.6152000631163841
I bid you all awoo,offensive_language,0.06582449344512965,0.5011916763297929,0.4329838302250774
Part 2?,neither,0.03945320844208391,0.33037608806864915,0.630170703489267
gilroy1GilroyAlmighty gilroy1GilroyAlmighty,neither,0.03945320844208391,0.33037608806864915,0.630170703489267
gnight <3,neither,0.03945320844208391,0.33037608806864915,0.630170703489267
That was so good even though I did manage to fall asleep a few times towards the end :P,neither,0.03929648292256654,0.37083587145163455,0.589867645625799
the luce wolf photo better be in the wiki,neither,0.038537403429467015,0.310703368364839,0.650759228205694
awooooooooo!,neither,0.03945320844208391,0.33037608806864915,0.630170703489267
gn,neither,0.03945320844208391,0.33037608806864915,0.630170703489267
Aroooooo!!!,neither,0.03945320844208391,0.33037608806864915,0.630170703489267
Is this the end of the first stream or the start of the rebroadcast?,neither,0.037406808786883475,0.2937693967865897,0.6688237944265268
love yall!,neither,0.03262431419170817,0.39217419267282855,0.5752014931354633
"oof. Goof thing tomorrow's a short day at the office. G'night, Critters!",neither,0.03325305114355518,0.3251727386545781,0.6415742102018668
Awoooooooooooooooooooo,neither,0.03945320844208391,0.33037608806864915,0.630170703489267
is over?,neither,0.04955319518566753,0.32851683994212616,0.6219299648722063
Aroo!,neither,0.03945320844208391,0.33037608806864915,0.630170703489267
"Its so hard to have a short story in the small amount of time like a one shot is so hard , he has to "" Eulogize it""",offensive_language,0.042327589256979,0.5654617711855049,0.39221063955751595
"that was amazing, so glad to have the opportunity to see this! Great job Liam, I hope I get to see you DM again soon",neither,0.06826439522978156,0.33221683554894144,0.5995187692212769
@tau_rox_40k End of the first stream,neither,0.03245509016426272,0.3179109216504039,0.6496339881853332
thank you all. goodnight!,offensive_language,0.061262890535502094,0.48593750438736105,0.4527996050771369
"I loved it as always, good night guys - i wish i could subscribe but im poor af so i never get to chat when i watch (feelsbadman)",neither,0.0298838422507218,0.4552987906308574,0.5148173671184209
