text,top_class,hate_speech,offensive_language,neither
like I went to the park,neither,0.06063925571263393,0.32314788424498087,0.6162128600423851
lol,neither,0.020706217963973744,0.4882283491876925,0.4910654328483337
Theme is Person: _ i o _ _ / s t _ _ l e s :qxr4j,neither,0.04776628707828764,0.32751683912442897,0.6247168737972834
uj,neither,0.03945320844208391,0.33037608806864915,0.630170703489267
"Oh, Wally Wood? Old school.",neither,0.04432767489942392,0.28381003054724646,0.6718622945533297
I mean u,neither,0.03945320844208391,0.33037608806864915,0.630170703489267
How out of it do you guys think Matt and Tal will be?,neither,0.04712561416048576,0.32389879746613065,0.6289755883733836
A,neither,0.03945320844208391,0.33037608806864915,0.630170703489267
Good zone all!,neither,0.04093769894635805,0.42231561726731626,0.5367466837863256
"Dogs are demanding cuddles. Im going to snug some doggos for a bit, but I am still here",neither,0.06970915337689644,0.31894074335304484,0.6113501032700587
Theme is Person: _ i o _ _ / s t _ _ l e s :qxr4ju,neither,0.04776628707828764,0.32751683912442897,0.6247168737972834
@misssunflower94 Very,neither,0.03945320844208391,0.33037608806864915,0.630170703489267
@misssunflower94 very,neither,0.03945320844208391,0.33037608806864915,0.630170703489267
Theme is Person: _ i o _ a / s t a _ l e s :qxr4ju,neither,0.04776628707828764,0.32751683912442897,0.6247168737972834
m,neither,0.03945320844208391,0.33037608806864915,0.630170703489267
Good zone @japenrose!,neither,0.03861556489324797,0.33066419209574344,0.6307202430110085
p,neither,0.03945320844208391,0.33037608806864915,0.630170703489267
K,neither,0.03945320844208391,0.33037608806864915,0.630170703489267
Hello everyone!,neither,0.03269494828970791,0.4450814005079928,0.5222236512022994
Are we having a club tonight?,neither,0.06136054452763606,0.267652992027633,0.670986463444731
Theme is Person: _ i o _ a / s t a _ l e s :qxr4jum,neither,0.04776628707828764,0.32751683912442897,0.6247168737972834
Fiona Staples,neither,0.03945320844208391,0.33037608806864915,0.630170703489267
F,neither,0.03945320844208391,0.33037608806864915,0.630170703489267
@InkPigg Good evening!,neither,0.03869882722860525,0.3306355543605695,0.6306656184108252
@RMutt1917 GOT IT!!!,neither,0.033384131469087024,0.4408120912412251,0.525803777289688
Bidet inkpigg,neither,0.03945320844208391,0.33037608806864915,0.630170703489267
@InkPigg Hey there!,neither,0.039367870622775906,0.26767823129172763,0.6929538980854965
Fiona staples,neither,0.03945320844208391,0.33037608806864915,0.630170703489267
@philbe63 Yep,neither,0.03945320844208391,0.33037608806864915,0.630170703489267
Hi everyone. Happy Wednesday,neither,0.03451847586369233,0.4141313785497369,0.5513501455865706
B,neither,0.03945320844208391,0.33037608806864915,0.630170703489267
What's going on in here?!,neither,0.10951664724766051,0.32375454184984914,0.5667288109024904
Also hai.,neither,0.03945320844208391,0.33037608806864915,0.630170703489267
Happy hump day~,neither,0.03994283806317536,0.31592666473771486,0.6441304971991099
Hello to everyone coming in!,neither,0.039501911072430354,0.42114468369855546,0.5393534052290142
Hi @mathemagician_,neither,0.03945320844208391,0.33037608806864915,0.630170703489267
is it Fiona Staples?,neither,0.04677099400442381,0.32785916605229437,0.6253698399432819
And are Matt and Taliesin all dusted off from Burning Man?,neither,0.058592631526309044,0.3157136315419983,0.6256937369316925
BloodTrail,neither,0.03945320844208391,0.33037608806864915,0.630170703489267
Yes,neither,0.03945320844208391,0.33037608806864915,0.630170703489267
!wtfisthis,neither,0.03945320844208391,0.33037608806864915,0.630170703489267
"Welcome to The Wednesday Club where Amy, Taliesin, and Matt talk about comics old and new.",neither,0.03356453638198711,0.24263158377310745,0.7238038798449055
,neither,0.03945320844208391,0.33037608806864915,0.630170703489267
hi all,neither,0.0423466876598404,0.4436528871510691,0.5140004251890904
Hello all,neither,0.04217753453783664,0.43734383323855475,0.5204786322236087
Hi every1!,neither,0.03945320844208391,0.33037608806864915,0.630170703489267
Made it just in time.,neither,0.031060641225712168,0.38162676136525026,0.5873125974090375
Heyo,neither,0.03945320844208391,0.33037608806864915,0.630170703489267
@RMutt1917 Guessed it correctly,neither,0.03814914120870362,0.3308246165889973,0.631026242202299
"Anarchy my friend. Pure, unadulterated, slightly consumerist anarchy.",neither,0.03371454038632664,0.3724221654604353,0.5938632941532381
Theme is Person: _ _ _ _ _ / _ _ _ _ _ _ :,neither,0.04776628707828764,0.32751683912442897,0.6247168737972834
What's up peeps!,neither,0.0424860282095962,0.3861250105635327,0.5713889612268711
E,neither,0.03945320844208391,0.33037608806864915,0.630170703489267
hey there @jessieleaf,neither,0.039367870622775906,0.26767823129172763,0.6929538980854965
R,neither,0.03945320844208391,0.33037608806864915,0.630170703489267
Hello! <3,neither,0.03945320844208391,0.33037608806864915,0.630170703489267
Hi to everyone! gandsTWC,neither,0.039644680664805816,0.4407142664162929,0.5196410529189013
Theme is Person: _ _ _ _ e / _ _ _ _ e _ :,neither,0.04776628707828764,0.32751683912442897,0.6247168737972834
what is wally wood? is this a Wally west show,neither,0.07541063970207755,0.26282636839242624,0.6617629919054961
hola!,neither,0.03945320844208391,0.33037608806864915,0.630170703489267
Theme is Person: _ _ _ _ e / _ _ _ _ e _ :r,neither,0.04776628707828764,0.32751683912442897,0.6247168737972834
hi @ImALadyDangIt :),neither,0.03945320844208391,0.33037608806864915,0.630170703489267
Hi @g0rmyr @Nessazorro123 @kaisanerd @jessieleaf @scottwhill @ImALadyDangIt,neither,0.03945320844208391,0.33037608806864915,0.630170703489267
R,neither,0.03945320844208391,0.33037608806864915,0.630170703489267
Want the inside scoop? Join the cast of Critical Role and discuss the most recent episode right here on Talks Machina. Tuesdays 7pm Pacific at twitch.tv/geekandsundry and projectalpha.com,neither,0.04573032993319735,0.22538911733705982,0.7288805527297427
A,neither,0.03945320844208391,0.33037608806864915,0.630170703489267
H,neither,0.03945320844208391,0.33037608806864915,0.630170703489267
Hi @MeggieMay328,neither,0.03945320844208391,0.33037608806864915,0.630170703489267
hullo @misssunflower94,neither,0.03945320844208391,0.33037608806864915,0.630170703489267
Stane Leeee,neither,0.03945320844208391,0.33037608806864915,0.630170703489267
hi @chaoticloony :),neither,0.03945320844208391,0.33037608806864915,0.630170703489267
Hi everybody!,neither,0.03945320844208391,0.33037608806864915,0.630170703489267
"Hey, @g0rmyr & @chaoticloony ! :D",neither,0.03945320844208391,0.33037608806864915,0.630170703489267
,neither,0.03945320844208391,0.33037608806864915,0.630170703489267
Hey everyone,neither,0.031959242684595296,0.4575682446653829,0.5104725126500218
hii,neither,0.03945320844208391,0.33037608806864915,0.630170703489267
"an episode on Wally Wood! that's great - he's a lot less well known than Will Eisner today, but he worked on a wide range of EC genres.",neither,0.03747325562225966,0.33228904543098897,0.6302376989467513
@shidareAKI good to see you :),neither,0.08807787081259749,0.4047424075652956,0.5071797216221069
Hi @chiplickin,neither,0.03945320844208391,0.33037608806864915,0.630170703489267
sup dasies how you doing,neither,0.058132576609969455,0.38261744653201657,0.559249976858014
I heard a matt,neither,0.03945320844208391,0.33037608806864915,0.630170703489267
Hi @moneymaker19,neither,0.03945320844208391,0.33037608806864915,0.630170703489267
hello Daisies,neither,0.03945320844208391,0.33037608806864915,0.630170703489267
Hello chaotic!,neither,0.03945320844208391,0.33037608806864915,0.630170703489267
My last TWC live for a while,neither,0.026523698454564093,0.3823979264836667,0.5910783750617692
Theme is Person: _ _ _ _ e / _ _ _ _ e _ : ra,neither,0.0457143484790116,0.3282225949016008,0.6260630566193875
Hi @ladyamphy,neither,0.03945320844208391,0.33037608806864915,0.630170703489267
looking forward to the show for sure,neither,0.04561949416450646,0.34074499411943054,0.613635511716063
We have a subscriber-only Discord server! Join here: https://discord.gg/geekandsundry (you'll need to sub and link it to your Twitch) and be a part of the fun!...Warning: It can take up to an hour for the server to update and give you access to the channels,neither,0.08464076273808444,0.286394834032893,0.6289644032290227
Any personages be knowing what's done become the topic,neither,0.04234977517510196,0.3275920437221898,0.6300581811027082
i,neither,0.03945320844208391,0.33037608806864915,0.630170703489267
B,neither,0.03945320844208391,0.33037608806864915,0.630170703489267
First time in months i've been able be here live...this is so exciting,neither,0.04379119271609944,0.340300258105446,0.6159085491784546
*curtsies*,neither,0.03945320844208391,0.33037608806864915,0.630170703489267
Theme is Person: _ _ _ i e / _ _ _ _ e _ : ra,neither,0.0457143484790116,0.3282225949016008,0.6260630566193875
@OrionLightning That is sad to hear,neither,0.05226717967424361,0.3679201788502686,0.5798126414754876
hello from Earth,neither,0.04053852691592301,0.31195540111209,0.647506071971987
How’s everyone doing tonight,neither,0.03139714883186287,0.4081955110547722,0.5604073401133648
Looks like the topic is Wally Wood.,neither,0.054994274164103234,0.3263902285710775,0.6186154972648193
Good zone all Daisies!,neither,0.04093769894635805,0.42231561726731626,0.5367466837863256
Hi @Eugenidor,neither,0.03945320844208391,0.33037608806864915,0.630170703489267
o,neither,0.03945320844208391,0.33037608806864915,0.630170703489267
Back to helping out with youth group next week,neither,0.0329611756312534,0.36974934767493267,0.597289476693814
Greetings my fellow gandsTWC gandsTWC,neither,0.02585273357927581,0.43921537444690584,0.5349318919738183
Excited for Gerry Duggan as the guest tonight! doogHype,neither,0.03269287060546598,0.31179624835828934,0.6555108810362448
Ok - just tired,neither,0.03402565834696197,0.35696763260915465,0.6090067090438833
Good zone,neither,0.03861556489324797,0.33066419209574344,0.6307202430110085
Theme is Person: _ _ _ i e / _ o _ _ e _ : ra,neither,0.0457143484790116,0.3282225949016008,0.6260630566193875
B,neither,0.03945320844208391,0.33037608806864915,0.630170703489267
"Wally Wood and Bill Elder were my two favorite artists in the reprints of MAD Comics. Wood was the better artist, but Elder would cram more bizarre gags into the background.",neither,0.03456928139758205,0.31878886457900363,0.6466418540234145
i was scared they wouldnt be on tonight.,neither,0.03520587814720822,0.3268160677203415,0.6379780541324503
hello everyone coming in!,neither,0.03378424132329992,0.4265932548996524,0.5396225037770477
Hi @GreenTea_Leaf,neither,0.03945320844208391,0.33037608806864915,0.630170703489267
@OrionLightning fun,neither,0.03945320844208391,0.33037608806864915,0.630170703489267
bidet,neither,0.03945320844208391,0.33037608806864915,0.630170703489267
Theme is Person: _ _ _ i e / _ o _ _ e _ : rab,neither,0.04776628707828764,0.32751683912442897,0.6247168737972834
"Download the new Critical Role theme song for Campaign Two! http://itunes.apple.com/album/id1331550250?ls=1&app=itunes Sales of the song support the musician, Jason Charles Miller.",neither,0.04445767596344001,0.2510827790306858,0.7044595450058742
gandsTWC gandsTWC gandsTWC,neither,0.03945320844208391,0.33037608806864915,0.630170703489267
look at all these wonderful Daisies!!! omg gandsTWC gandsTWC gandsTWC gandsTWC,offensive_language,0.051492146135215106,0.5052450827335789,0.44326277113120593
u,neither,0.03945320844208391,0.33037608806864915,0.630170703489267
Bidet,neither,0.03945320844208391,0.33037608806864915,0.630170703489267
wooo :),neither,0.03945320844208391,0.33037608806864915,0.630170703489267
We're off!,neither,0.07087626856805332,0.28908360695182783,0.6400401244801189
heyyyy!!!!,neither,0.03945320844208391,0.33037608806864915,0.630170703489267
Hello :),neither,0.03945320844208391,0.33037608806864915,0.630170703489267
gandsTWC,neither,0.03945320844208391,0.33037608806864915,0.630170703489267
Theme is Person: _ _ _ i e / _ o u _ e _ : rab,neither,0.04776628707828764,0.32751683912442897,0.6247168737972834
gandsTWC gandsTWC gandsTWC gandsTWC,neither,0.03945320844208391,0.33037608806864915,0.630170703489267
Hello to all Wednesdaisies from Matt's parents in Texas,neither,0.04641178790517678,0.3645279681035342,0.589060243991289
!whodat,neither,0.03945320844208391,0.33037608806864915,0.630170703489267
"Amy Dallen ( twitter.com/enthusiamy ), Taliesin Jaffe ( twitter.com/executivegoth ), and, Matt Key ( twitter.com/TheMattKey ), with, special guest Gerry Duggan ( twitter.com/GerryDuggan ).",neither,0.04227154037023277,0.446944371046905,0.5107840885828623
I wonder if they're still recovering from the desert trip.,neither,0.03558401226038935,0.33581023428608403,0.6286057534535266
what up nerds,neither,0.042441577905481906,0.3853237793234182,0.5722346427710998
hey yall!,neither,0.0373829100190767,0.36551445535541816,0.5971026346255053
Hi!!,neither,0.03945320844208391,0.33037608806864915,0.630170703489267
doogHype doogHype doogHype,neither,0.03945320844208391,0.33037608806864915,0.630170703489267
gandsTWC gandsTWC gandsTWC,neither,0.03945320844208391,0.33037608806864915,0.630170703489267
gandsTWC gandsTWC gandsTWC,neither,0.03945320844208391,0.33037608806864915,0.630170703489267
!whodat,neither,0.03945320844208391,0.33037608806864915,0.630170703489267
Surprise guest,neither,0.03945320844208391,0.33037608806864915,0.630170703489267
Hi couch,neither,0.03945320844208391,0.33037608806864915,0.630170703489267
@miriamkey Hiiiii!,neither,0.03945320844208391,0.33037608806864915,0.630170703489267
Good day lovely hosts!,neither,0.03928948786819417,0.3145827178943674,0.6461277942374384
,neither,0.03945320844208391,0.33037608806864915,0.630170703489267
gandsTWC Hi Amy! Welcome back Taliesin and Matt!,neither,0.03888946796741613,0.30267747587471877,0.6584330561578651
Wooooo,neither,0.03945320844208391,0.33037608806864915,0.630170703489267
Hello,neither,0.03945320844208391,0.33037608806864915,0.630170703489267
and we have guest!,neither,0.03800238588583252,0.301572921640124,0.6604246924740435
"Welcome back, burners! We missed you!",neither,0.055510141238869624,0.3788605438927165,0.5656293148684138
Hello guest!,neither,0.03945320844208391,0.33037608806864915,0.630170703489267
Guest!!,neither,0.03945320844208391,0.33037608806864915,0.630170703489267
Hey Daisies! gandsTWC gandsTWC gandsTWC,neither,0.03945320844208391,0.33037608806864915,0.630170703489267
Eyyy looks back and sudden guest!!,neither,0.038815568408644044,0.2987639279231938,0.6624205036681622
Woo! <3,neither,0.03945320844208391,0.33037608806864915,0.630170703489267
Hi Mrs Key!,neither,0.03945320844208391,0.33037608806864915,0.630170703489267
hi @AromiaFlyce,neither,0.03945320844208391,0.33037608806864915,0.630170703489267
"Hi Amy, Gerry, Taliesin and Matt!",neither,0.03890660764905397,0.3035735459107389,0.6575198464402071
gandsHype gandsHype gandsHype,neither,0.03945320844208391,0.33037608806864915,0.630170703489267
Welcome!,neither,0.03945320844208391,0.33037608806864915,0.630170703489267
Is it a dry heat? :P,neither,0.04637108771954141,0.327996712161609,0.6256322001188496
me too @OrionLightning,neither,0.025456656249999262,0.41690574403459846,0.5576375997154023
"Help G&S make great content! $4.99/month gets you emotes, Minecraft server access, sub-only VODs, and more! Every sub keeps the channel alive! twitch.tv/geekandsundry/subscribe",neither,0.043907990691603095,0.31135964332838284,0.644732365980014
Hi Gerry!,neither,0.03945320844208391,0.33037608806864915,0.630170703489267
I dont always follow what they're saying but I love hearing them talk,neither,0.036731845546562114,0.36336455812658375,0.5999035963268543
Dear WED CLUB is anyone gonna be at Pax Unplugged>,neither,0.044851743705146045,0.3901236405585104,0.5650246157363435
Tal's hair looks almost silver it's lovely,neither,0.0385728138095686,0.3306788961537975,0.6307482900366339
?,neither,0.03945320844208391,0.33037608806864915,0.630170703489267
!whodat,neither,0.03945320844208391,0.33037608806864915,0.630170703489267
hello everyone!,neither,0.03269494828970791,0.4450814005079928,0.5222236512022994
"Amy Dallen ( twitter.com/enthusiamy ), Taliesin Jaffe ( twitter.com/executivegoth ), and, Matt Key ( twitter.com/TheMattKey ), with, special guest Gerry Duggan ( twitter.com/GerryDuggan ).",neither,0.04227154037023277,0.446944371046905,0.5107840885828623
Deadpool!,neither,0.03945320844208391,0.33037608806864915,0.630170703489267
I thought Jody wrote everything at Marvel,neither,0.041118032666218204,0.28019346518491756,0.6786885021488642
our hawks are like the same length now huzzah,neither,0.0901759964912719,0.2831764328037957,0.6266475707049324
Tal looks rested,neither,0.03945320844208391,0.33037608806864915,0.630170703489267
@Eugenidor I'm the same way at times,neither,0.03863438821393383,0.3471128012604384,0.6142528105256277
Is Matt drinking a Blood Smoothie?,neither,0.04506067319985243,0.3284474238047774,0.6264919029953702
"When do we get a ""Stay Hydrated"" emote?",neither,0.02912023219735552,0.3988700398758463,0.5720097279267982
How many Dread Singles shirts do y'all suppose Tal has?,neither,0.04135112124752005,0.36367378929406796,0.5949750894584119
"We're diving right in, it seems :)",neither,0.05132195159342237,0.3247713234754806,0.6239067249310971
Matt looks thirsty,neither,0.03945320844208391,0.33037608806864915,0.630170703489267
Does Matt sound a littler deeper?,neither,0.02867627832782128,0.43031120625821384,0.5410125154139648
deadpool!,neither,0.03945320844208391,0.33037608806864915,0.630170703489267
!twc,neither,0.03945320844208391,0.33037608806864915,0.630170703489267
"Here are some handy The Wednesday Club resources! TWC Reddit: reddit.com/r/WednesdayClub/ | Discord: https://discord.gg/6QK9fVB | Wednesday Club Fanclub on Facebook: facebook.com/groups/1945232949091586/ | Send in your thoughts, comic recommendations, questions, and more to Matt, Amy, and Taliesin at thewednesdayclub@geekandsundry.com",neither,0.05001524745118048,0.31503641584425707,0.6349483367045624
Hey everyone!,neither,0.031959242684595296,0.4575682446653829,0.5104725126500218
"woo, just going right on with it lol",neither,0.019823199635884116,0.46107949260448966,0.5190973077596263
im so excited about this guest,neither,0.037322917611544895,0.41606710507657296,0.5466099773118822
Hi @igilboa1,neither,0.03945320844208391,0.33037608806864915,0.630170703489267
,neither,0.03945320844208391,0.33037608806864915,0.630170703489267
!questions,neither,0.03945320844208391,0.33037608806864915,0.630170703489267
"To make it easier to read questions in chat, please preface your questions with the word question in all caps. For example, QUESTION: How are you today?",neither,0.06209713493468228,0.3342013724685751,0.6037014925967426
"deadpool honestly, with a few exceptions, got real bad after the evil deadpool arc",neither,0.026361642093771547,0.4421125744037883,0.5315257835024401
this is a very lovely guest I'm like him already,neither,0.05192508857626568,0.3538441009785548,0.5942308104451796
"Gerry said ""dungeon master"" and I felt ALL the ears perk up",neither,0.03780388268093133,0.3637398825782182,0.5984562347408505
is there no CR today?,neither,0.04476459923046825,0.2845861970539236,0.6706492037156081
How do you want to do this?,neither,0.0724665425468521,0.3707944698763297,0.5567389875768183
I knew it was the right day to tune in live... this is GOLD,neither,0.050512623420104326,0.31960418746732816,0.6298831891125676
!respect,neither,0.03945320844208391,0.33037608806864915,0.630170703489267
"If you would like to share opinions on our hosts, guests or fellow viewers, please do so in a respectful manner. Don't make them feel uncomfortable.",neither,0.04843323757214918,0.39559142321184637,0.5559753392160044
@misssunflower94 Hiiiiiiiiii <3,neither,0.03945320844208391,0.33037608806864915,0.630170703489267
Tomorrow @Korsaiir_,neither,0.03945320844208391,0.33037608806864915,0.630170703489267
me too @misssunflower94,neither,0.025456656249999262,0.41690574403459846,0.5576375997154023
!wednesday,neither,0.03945320844208391,0.33037608806864915,0.630170703489267
"WEDNESDAY (All Times Pacific) - BIZARRE STATES: 4-5pm, Andrew Bowser and Jessica Chobot go deep into the unknown, focusing on weird happenings, unexplained cases, the occult and other supernatural topics.. | THE WEDNESDAY CLUB: 7-9pm, Amy, Taliesin and Matt talk about comics old and new. | WEAVE SOCIETY 9.30-11pm, Hosts jump into one of the many fantastical worlds of the Weave RPG",neither,0.03398529831961488,0.2917461303206852,0.6742685713597
QUESTION: why don't male super heroes have lips?,neither,0.03217240827002016,0.34538366883649485,0.622443922893485
@Korsaiir_ it's tomorrow,neither,0.03720222243566936,0.3311503053765747,0.6316474721877559
!wheniscr,neither,0.03945320844208391,0.33037608806864915,0.630170703489267
"gandsMattBlindfold Critical Role is on at 7 PM PDT on Thursdays, it is currently 7:04 PM PDT on Wednesday. There is 23 Hours, 55 Minutes, 1 Seconds until the next episode of Critical Role. This command has been run 1143 times but has probably been asked about way more. gandsNein",neither,0.040951672839737475,0.3442012900627775,0.614847037097485
ok overlord goddess @shidareAKI,neither,0.03939976048905582,0.33128323931957804,0.6293170001913663
@Korsaiir_ its wednesday my dude,neither,0.024607140661329203,0.4133630655104926,0.5620297938281782
Hi @phoenixgoth !!,neither,0.03945320844208391,0.33037608806864915,0.630170703489267
!clock,neither,0.03945320844208391,0.33037608806864915,0.630170703489267
It is currently Wednesday 7:05 PM at the Geek & Sundry studio in California.,neither,0.05099674081407455,0.32965433924134396,0.6193489199445814
!clock,neither,0.03945320844208391,0.33037608806864915,0.630170703489267
It is currently Wednesday 7:05 PM at the Geek & Sundry studio in California.,neither,0.05099674081407455,0.32965433924134396,0.6193489199445814
gandsMolly,neither,0.03945320844208391,0.33037608806864915,0.630170703489267
@jessieleaf <3,neither,0.03945320844208391,0.33037608806864915,0.630170703489267
@FuffyButt That is an intriguing question....,neither,0.044465087785228445,0.3694600119330422,0.5860749002817294
@Korsaiir_ You're a day early!,neither,0.10454391927903267,0.29520254603656704,0.6002535346844002
"QUESTION: Gerry, what got you into comics? What was the first comic you really loved?",neither,0.0578704669297797,0.39461612494993725,0.5475134081202832
"alright @g0rmyr told me this show was awesome, so I'm checking it out",neither,0.03927482658067817,0.34910220289961796,0.6116229705197037
:D,neither,0.03945320844208391,0.33037608806864915,0.630170703489267
XD,neither,0.03945320844208391,0.33037608806864915,0.630170703489267
"and Amy looks happy, as usual!",neither,0.03752675340082311,0.3260724972730355,0.6364007493261415
@TheBobHatter It is! Welcome!,neither,0.048888433761338196,0.3271308814234156,0.6239806848152462
43 months geez,neither,0.03945320844208391,0.33037608806864915,0.630170703489267
Welcome to the wednesday club @TheBobHatter,neither,0.04444407658977203,0.3130709591526653,0.6424849642575626
"Same here, Gerry.",neither,0.08787639760021945,0.2999117636885979,0.6122118387111827
Thanks @misssunflower94,neither,0.035884468650613,0.3004919205142699,0.6636236108351171
today was so bad i have to double hydrate because of all the tears,neither,0.04029055665154979,0.38673243357912485,0.5729770097693253
!whodat,neither,0.03945320844208391,0.33037608806864915,0.630170703489267
"Amy Dallen ( twitter.com/enthusiamy ), Taliesin Jaffe ( twitter.com/executivegoth ), and, Matt Key ( twitter.com/TheMattKey ), with, special guest Gerry Duggan ( twitter.com/GerryDuggan ).",neither,0.04227154037023277,0.446944371046905,0.5107840885828623
@TheBobHatter there's a guest tonight too,neither,0.03703032481927069,0.27960297850834276,0.6833666966723865
@TheBobHatter Welcome and enjoy!,neither,0.03860730184226345,0.28722824611601955,0.6741644520417169
"I just did 2 months, does that make me still a newbie?",offensive_language,0.019506190503792608,0.502451453739043,0.47804235575716447
i haven't been able to finish an issue of deadpool. my friends say there is something wrong with me,neither,0.030694047011775083,0.3875319932292129,0.581773959759012
OMG Did Tal just SQUEAK??,neither,0.035491154516083576,0.34897017809341646,0.6155386673905
@giljaxon Hope your day gets better and tomorrow even better!,neither,0.09298407100535164,0.21694652085180938,0.690069408142839
deadpool lost what made him funny recently,neither,0.04278496973710414,0.3429470121745866,0.6142680180883093
The calendar is very confusing and I've resigned myself to putting in pre-orders/subscriptions then being surprised when it appears,neither,0.02671179267994607,0.32900995505817227,0.6442782522618817
Different strokes for different folks. @little1liz,neither,0.03501214683421006,0.3081844780579309,0.656803375107859
@japenrose thank you,neither,0.07325166854587051,0.43632638485078484,0.49042194660334476
@AromiaFlyce Tal squeaks are best squeaks,neither,0.0645623460559992,0.2777048748046453,0.6577327791393556
@misssunflower94 true!,neither,0.03945320844208391,0.33037608806864915,0.630170703489267
I still don’t get deadpool,neither,0.03712918078465346,0.3698209026441157,0.5930499165712307
"on a tangential note, I'm curious as to who picks up Gwenpool after Hastings",neither,0.038958484380780777,0.4339849216115528,0.5270565940076666
QUESTION: A comic book character must create a world wide party that everyone can participate in. Who is it and what theme do they pick?,neither,0.04294033051586279,0.3591712321976844,0.5978884372864528
"If there's anything wrong with Deadpool, it's that he hasn't faced a mutant chimichanga monster.",neither,0.02470439191707331,0.37739547984796457,0.5979001282349621
"I feel like this is all preamble to Amy's standard ""So! Who is Gerry Duggan?"" Except he's RIGHT THERE so I don't know how that works.",neither,0.0578388428675179,0.4444119305100312,0.4977492266224509
@misssunflower94 Tal squeaks are indeed the best squeaks <3,neither,0.05749334541518025,0.27692990728296835,0.6655767473018515
Elcor: Earnest compliment: etc etc,neither,0.03945320844208391,0.33037608806864915,0.630170703489267
hawkeye? I could get into that... lol,neither,0.029845612715007644,0.41676457699048,0.5533898102945124
@Flight_Devil I think it would end up similar to when Shaggy and Scooby faced the Cotton Candy monster : ),neither,0.035026804125859255,0.34125100850642975,0.623722187367711
I only just popped in. Can anyone let me know who the special guest is?,neither,0.04148387688121848,0.3960418565888659,0.5624742665299155
<3 Hawkeye,neither,0.03945320844208391,0.33037608806864915,0.630170703489267
@KyHawkeye lol,neither,0.020706217963973744,0.4882283491876925,0.4910654328483337
!whodat,neither,0.03945320844208391,0.33037608806864915,0.630170703489267
"Amy Dallen ( twitter.com/enthusiamy ), Taliesin Jaffe ( twitter.com/executivegoth ), and, Matt Key ( twitter.com/TheMattKey ), with, special guest Gerry Duggan ( twitter.com/GerryDuggan ).",neither,0.04227154037023277,0.446944371046905,0.5107840885828623
deadpool during dark reign and x-force was amazing,neither,0.03886088747074135,0.30623069596458347,0.6549084165646751
@achancham Assuming Deadpool can eat a two story monster. :D,neither,0.04010381352577553,0.3193336218544362,0.6405625646197881
lmaoooooo the word-play with this group kills me,neither,0.027355981315385403,0.37087054928068347,0.6017734694039311
ALmost missed it. Jaffe Hour is my favorite hour of the day,neither,0.03583770047799305,0.3590169482389196,0.6051453512830873
"TOPIC: Franchise not being a limiting factor, who would make for the most interesting crossover with Deadpool - note, interesting doesn't have to mean best",neither,0.03191306654417562,0.35919486799004674,0.6088920654657777
THe Jaffe Appreciation Club.,neither,0.03858398193828829,0.3144884470295411,0.6469275710321706
A+ princess bride reference,neither,0.03945320844208391,0.33037608806864915,0.630170703489267
"Digging taliesin’s hair, makes me miss my grunge teal",neither,0.022202058672543837,0.4280855425001577,0.5497123988272984
"Taleisin, that Dread Pirate Roberts reference. XD",neither,0.03703445975267593,0.3565035142848928,0.6064620259624313
@misssunflower94 Yeah. Ditto,offensive_language,0.013968601452186464,0.5182923869769311,0.4677390115708824
I miss my teal hair so much it kills me,neither,0.01974280011658698,0.46422708843814553,0.5160301114452677
"@morgan_forester go pink, nothing is more grunge than pink hair",neither,0.044385776591769795,0.3570159370959956,0.5985982863122346
I put in red roots today...Still have purple and blue (though the blue's faded a bit),neither,0.03743385093918695,0.30571503840926617,0.6568511106515468
god I missed TWC.,neither,0.03945320844208391,0.33037608806864915,0.630170703489267
@that_one_guy212 excellent point,neither,0.03945320844208391,0.33037608806864915,0.630170703489267
I want a Jaffe Companion in Neverwinter :(,neither,0.039965792277040446,0.3216762026522265,0.6383580050707331
I like this silver gray thing that's happening with Tal's hair a lot,neither,0.0361736660723482,0.38112428475768656,0.5827020491699652
Happy Amy squiggles are the best!,neither,0.060959648250302235,0.2686994404221453,0.6703409113275526
Who's Wally Wood?,neither,0.04027503592811737,0.4131994104077616,0.546525553664121
Hi guys!,neither,0.03930687933907141,0.3328596748352989,0.6278334458256297
:D,neither,0.03945320844208391,0.33037608806864915,0.630170703489267
@morgan_forester at least you got the point i was making about kurt having pink hair,neither,0.04580706153058458,0.39762420119763886,0.5565687372717765
Hi lovely wednesday club hosts lol,neither,0.03380768249169824,0.37026333536528755,0.5959289821430144
@justhere4coffee Deadpool leading a Tbolts type team of d-list villains would be great.,neither,0.03818473818894077,0.3142096119820995,0.6476056498289597
we love you,neither,0.0667431826429772,0.4602730207261189,0.47298379663090395
Hi @mommypanda35,neither,0.03945320844208391,0.33037608806864915,0.630170703489267
you all are always in your own world and we visit every week.,neither,0.1397631824680906,0.3659213334150111,0.4943154841168983
no no keep going,neither,0.035935357365801064,0.3900832016928918,0.5739814409413072
!questions,neither,0.03945320844208391,0.33037608806864915,0.630170703489267
"To make it easier to read questions in chat, please preface your questions with the word question in all caps. For example, QUESTION: How are you today?",neither,0.06209713493468228,0.3342013724685751,0.6037014925967426
"TOPIC: Deadpool gets thrown into the DC Universe, who does he meet first and what villain does he inadvertedly team up with?",neither,0.0253721449792952,0.46860250376252943,0.5060253512581754
Nice!,neither,0.03945320844208391,0.33037608806864915,0.630170703489267
!points Publisher,neither,0.03945320844208391,0.33037608806864915,0.630170703489267
"That was an excellent pun, Publisher! Here, have some points for that one! You have been awarded 86 points!",neither,0.049980789310414435,0.3817775744187309,0.5682416362708548
hmmmm never heard of it...oooooohhhh,neither,0.0347441227845483,0.3668308248355697,0.5984250523798821
The world of the Wednesday Club is a magical world indeed,neither,0.04276989992627538,0.31141376169720497,0.6458163383765196
1 year!!!,neither,0.03945320844208391,0.33037608806864915,0.630170703489267
