text,top_class,hate_speech,offensive_language,neither
Hi @GreenTea_Leaf,neither,0.03945320844208391,0.33037608806864915,0.630170703489267
@OrionLightning fun,neither,0.03945320844208391,0.33037608806864915,0.630170703489267
bidet,neither,0.03945320844208391,0.33037608806864915,0.630170703489267
Theme is Person: _ _ _ i e / _ o _ _ e _ : rab,neither,0.04776628707828764,0.32751683912442897,0.6247168737972834
"Download the new Critical Role theme song for Campaign Two! http://itunes.apple.com/album/id1331550250?ls=1&app=itunes Sales of the song support the musician, Jason Charles Miller.",neither,0.04445767596344001,0.2510827790306858,0.7044595450058742
gandsTWC gandsTWC gandsTWC,neither,0.03945320844208391,0.33037608806864915,0.630170703489267
look at all these wonderful Daisies!!! omg gandsTWC gandsTWC gandsTWC gandsTWC,offensive_language,0.051492146135215106,0.5052450827335789,0.44326277113120593
u,neither,0.03945320844208391,0.33037608806864915,0.630170703489267
Bidet,neither,0.03945320844208391,0.33037608806864915,0.630170703489267
wooo :),neither,0.03945320844208391,0.33037608806864915,0.630170703489267
We're off!,neither,0.07087626856805332,0.28908360695182783,0.6400401244801189
heyyyy!!!!,neither,0.03945320844208391,0.33037608806864915,0.630170703489267
Hello :),neither,0.03945320844208391,0.33037608806864915,0.630170703489267
gandsTWC,neither,0.03945320844208391,0.33037608806864915,0.630170703489267
Theme is Person: _ _ _ i e / _ o u _ e _ : rab,neither,0.04776628707828764,0.32751683912442897,0.6247168737972834
gandsTWC gandsTWC gandsTWC gandsTWC,neither,0.03945320844208391,0.33037608806864915,0.630170703489267
Hello to all Wednesdaisies from Matt's parents in Texas,neither,0.04641178790517678,0.3645279681035342,0.589060243991289
!whodat,neither,0.03945320844208391,0.33037608806864915,0.630170703489267
"Amy Dallen ( twitter.com/enthusiamy ), Taliesin Jaffe ( twitter.com/executivegoth ), and, Matt Key ( twitter.com/TheMattKey ), with, special guest Gerry Duggan ( twitter.com/GerryDuggan ).",neither,0.04227154037023277,0.446944371046905,0.5107840885828623
I wonder if they're still recovering from the desert trip.,neither,0.03558401226038935,0.33581023428608403,0.6286057534535266
what up nerds,neither,0.042441577905481906,0.3853237793234182,0.5722346427710998
hey yall!,neither,0.0373829100190767,0.36551445535541816,0.5971026346255053
Hi!!,neither,0.03945320844208391,0.33037608806864915,0.630170703489267
doogHype doogHype doogHype,neither,0.03945320844208391,0.33037608806864915,0.630170703489267
gandsTWC gandsTWC gandsTWC,neither,0.03945320844208391,0.33037608806864915,0.630170703489267
gandsTWC gandsTWC gandsTWC,neither,0.03945320844208391,0.33037608806864915,0.630170703489267
!whodat,neither,0.03945320844208391,0.33037608806864915,0.630170703489267
Surprise guest,neither,0.03945320844208391,0.33037608806864915,0.630170703489267
Hi couch,neither,0.03945320844208391,0.33037608806864915,0.630170703489267
@miriamkey Hiiiii!,neither,0.03945320844208391,0.33037608806864915,0.630170703489267
Good day lovely hosts!,neither,0.03928948786819417,0.3145827178943674,0.6461277942374384
,neither,0.03945320844208391,0.33037608806864915,0.630170703489267
gandsTWC Hi Amy! Welcome back Taliesin and Matt!,neither,0.03888946796741613,0.30267747587471877,0.6584330561578651
Wooooo,neither,0.03945320844208391,0.33037608806864915,0.630170703489267
Hello,neither,0.03945320844208391,0.33037608806864915,0.630170703489267
and we have guest!,neither,0.03800238588583252,0.301572921640124,0.6604246924740435
"Welcome back, burners! We missed you!",neither,0.055510141238869624,0.3788605438927165,0.5656293148684138
Hello guest!,neither,0.03945320844208391,0.33037608806864915,0.630170703489267
Guest!!,neither,0.03945320844208391,0.33037608806864915,0.630170703489267
Hey Daisies! gandsTWC gandsTWC gandsTWC,neither,0.03945320844208391,0.33037608806864915,0.630170703489267
Eyyy looks back and sudden guest!!,neither,0.038815568408644044,0.2987639279231938,0.6624205036681622
Woo! <3,neither,0.03945320844208391,0.33037608806864915,0.630170703489267
Hi Mrs Key!,neither,0.03945320844208391,0.33037608806864915,0.630170703489267
hi @AromiaFlyce,neither,0.03945320844208391,0.33037608806864915,0.630170703489267
"Hi Amy, Gerry, Taliesin and Matt!",neither,0.03890660764905397,0.3035735459107389,0.6575198464402071
gandsHype gandsHype gandsHype,neither,0.03945320844208391,0.33037608806864915,0.630170703489267
Welcome!,neither,0.03945320844208391,0.33037608806864915,0.630170703489267
Is it a dry heat? :P,neither,0.04637108771954141,0.327996712161609,0.6256322001188496
me too @OrionLightning,neither,0.025456656249999262,0.41690574403459846,0.5576375997154023
"Help G&S make great content! $4.99/month gets you emotes, Minecraft server access, sub-only VODs, and more! Every sub keeps the channel alive! twitch.tv/geekandsundry/subscribe",neither,0.043907990691603095,0.31135964332838284,0.644732365980014
Hi Gerry!,neither,0.03945320844208391,0.33037608806864915,0.630170703489267
I dont always follow what they're saying but I love hearing them talk,neither,0.036731845546562114,0.36336455812658375,0.5999035963268543
Dear WED CLUB is anyone gonna be at Pax Unplugged>,neither,0.044851743705146045,0.3901236405585104,0.5650246157363435
Tal's hair looks almost silver it's lovely,neither,0.0385728138095686,0.3306788961537975,0.6307482900366339
?,neither,0.03945320844208391,0.33037608806864915,0.630170703489267
!whodat,neither,0.03945320844208391,0.33037608806864915,0.630170703489267
hello everyone!,neither,0.03269494828970791,0.4450814005079928,0.5222236512022994
"Amy Dallen ( twitter.com/enthusiamy ), Taliesin Jaffe ( twitter.com/executivegoth ), and, Matt Key ( twitter.com/TheMattKey ), with, special guest Gerry Duggan ( twitter.com/GerryDuggan ).",neither,0.04227154037023277,0.446944371046905,0.5107840885828623
Deadpool!,neither,0.03945320844208391,0.33037608806864915,0.630170703489267
I thought Jody wrote everything at Marvel,neither,0.041118032666218204,0.28019346518491756,0.6786885021488642
our hawks are like the same length now huzzah,neither,0.0901759964912719,0.2831764328037957,0.6266475707049324
Tal looks rested,neither,0.03945320844208391,0.33037608806864915,0.630170703489267
@Eugenidor I'm the same way at times,neither,0.03863438821393383,0.3471128012604384,0.6142528105256277
Is Matt drinking a Blood Smoothie?,neither,0.04506067319985243,0.3284474238047774,0.6264919029953702
"When do we get a ""Stay Hydrated"" emote?",neither,0.02912023219735552,0.3988700398758463,0.5720097279267982
How many Dread Singles shirts do y'all suppose Tal has?,neither,0.04135112124752005,0.36367378929406796,0.5949750894584119
"We're diving right in, it seems :)",neither,0.05132195159342237,0.3247713234754806,0.6239067249310971
Matt looks thirsty,neither,0.03945320844208391,0.33037608806864915,0.630170703489267
Does Matt sound a littler deeper?,neither,0.02867627832782128,0.43031120625821384,0.5410125154139648
deadpool!,neither,0.03945320844208391,0.33037608806864915,0.630170703489267
!twc,neither,0.03945320844208391,0.33037608806864915,0.630170703489267
"Here are some handy The Wednesday Club resources! TWC Reddit: reddit.com/r/WednesdayClub/ | Discord: https://discord.gg/6QK9fVB | Wednesday Club Fanclub on Facebook: facebook.com/groups/1945232949091586/ | Send in your thoughts, comic recommendations, questions, and more to Matt, Amy, and Taliesin at thewednesdayclub@geekandsundry.com",neither,0.05001524745118048,0.31503641584425707,0.6349483367045624
Hey everyone!,neither,0.031959242684595296,0.4575682446653829,0.5104725126500218
"woo, just going right on with it lol",neither,0.019823199635884116,0.46107949260448966,0.5190973077596263
im so excited about this guest,neither,0.037322917611544895,0.41606710507657296,0.5466099773118822
Hi @igilboa1,neither,0.03945320844208391,0.33037608806864915,0.630170703489267
,neither,0.03945320844208391,0.33037608806864915,0.630170703489267
!questions,neither,0.03945320844208391,0.33037608806864915,0.630170703489267
"To make it easier to read questions in chat, please preface your questions with the word question in all caps. For example, QUESTION: How are you today?",neither,0.06209713493468228,0.3342013724685751,0.6037014925967426
"deadpool honestly, with a few exceptions, got real bad after the evil deadpool arc",neither,0.026361642093771547,0.4421125744037883,0.5315257835024401
this is a very lovely guest I'm like him already,neither,0.05192508857626568,0.3538441009785548,0.5942308104451796
"Gerry said ""dungeon master"" and I felt ALL the ears perk up",neither,0.03780388268093133,0.3637398825782182,0.5984562347408505
is there no CR today?,neither,0.04476459923046825,0.2845861970539236,0.6706492037156081
How do you want to do this?,neither,0.0724665425468521,0.3707944698763297,0.5567389875768183
I knew it was the right day to tune in live... this is GOLD,neither,0.050512623420104326,0.31960418746732816,0.6298831891125676
!respect,neither,0.03945320844208391,0.33037608806864915,0.630170703489267
"If you would like to share opinions on our hosts, guests or fellow viewers, please do so in a respectful manner. Don't make them feel uncomfortable.",neither,0.04843323757214918,0.39559142321184637,0.5559753392160044
@misssunflower94 Hiiiiiiiiii <3,neither,0.03945320844208391,0.33037608806864915,0.630170703489267
Tomorrow @Korsaiir_,neither,0.03945320844208391,0.33037608806864915,0.630170703489267
me too @misssunflower94,neither,0.025456656249999262,0.41690574403459846,0.5576375997154023
!wednesday,neither,0.03945320844208391,0.33037608806864915,0.630170703489267
"WEDNESDAY (All Times Pacific) - BIZARRE STATES: 4-5pm, Andrew Bowser and Jessica Chobot go deep into the unknown, focusing on weird happenings, unexplained cases, the occult and other supernatural topics.. | THE WEDNESDAY CLUB: 7-9pm, Amy, Taliesin and Matt talk about comics old and new. | WEAVE SOCIETY 9.30-11pm, Hosts jump into one of the many fantastical worlds of the Weave RPG",neither,0.03398529831961488,0.2917461303206852,0.6742685713597
QUESTION: why don't male super heroes have lips?,neither,0.03217240827002016,0.34538366883649485,0.622443922893485
@Korsaiir_ it's tomorrow,neither,0.03720222243566936,0.3311503053765747,0.6316474721877559
!wheniscr,neither,0.03945320844208391,0.33037608806864915,0.630170703489267
"gandsMattBlindfold Critical Role is on at 7 PM PDT on Thursdays, it is currently 7:04 PM PDT on Wednesday. There is 23 Hours, 55 Minutes, 1 Seconds until the next episode of Critical Role. This command has been run 1143 times but has probably been asked about way more. gandsNein",neither,0.040951672839737475,0.3442012900627775,0.614847037097485
ok overlord goddess @shidareAKI,neither,0.03939976048905582,0.33128323931957804,0.6293170001913663
@Korsaiir_ its wednesday my dude,neither,0.024607140661329203,0.4133630655104926,0.5620297938281782
Hi @phoenixgoth !!,neither,0.03945320844208391,0.33037608806864915,0.630170703489267
!clock,neither,0.03945320844208391,0.33037608806864915,0.630170703489267
It is currently Wednesday 7:05 PM at the Geek & Sundry studio in California.,neither,0.05099674081407455,0.32965433924134396,0.6193489199445814
!clock,neither,0.03945320844208391,0.33037608806864915,0.630170703489267
It is currently Wednesday 7:05 PM at the Geek & Sundry studio in California.,neither,0.05099674081407455,0.32965433924134396,0.6193489199445814
gandsMolly,neither,0.03945320844208391,0.33037608806864915,0.630170703489267
@jessieleaf <3,neither,0.03945320844208391,0.33037608806864915,0.630170703489267
@FuffyButt That is an intriguing question....,neither,0.044465087785228445,0.3694600119330422,0.5860749002817294
@Korsaiir_ You're a day early!,neither,0.10454391927903267,0.29520254603656704,0.6002535346844002
"QUESTION: Gerry, what got you into comics? What was the first comic you really loved?",neither,0.0578704669297797,0.39461612494993725,0.5475134081202832
"alright @g0rmyr told me this show was awesome, so I'm checking it out",neither,0.03927482658067817,0.34910220289961796,0.6116229705197037
:D,neither,0.03945320844208391,0.33037608806864915,0.630170703489267
XD,neither,0.03945320844208391,0.33037608806864915,0.630170703489267
"and Amy looks happy, as usual!",neither,0.03752675340082311,0.3260724972730355,0.6364007493261415
@TheBobHatter It is! Welcome!,neither,0.048888433761338196,0.3271308814234156,0.6239806848152462
43 months geez,neither,0.03945320844208391,0.33037608806864915,0.630170703489267
Welcome to the wednesday club @TheBobHatter,neither,0.04444407658977203,0.3130709591526653,0.6424849642575626
"Same here, Gerry.",neither,0.08787639760021945,0.2999117636885979,0.6122118387111827
Thanks @misssunflower94,neither,0.035884468650613,0.3004919205142699,0.6636236108351171
today was so bad i have to double hydrate because of all the tears,neither,0.04029055665154979,0.38673243357912485,0.5729770097693253
!whodat,neither,0.03945320844208391,0.33037608806864915,0.630170703489267
"Amy Dallen ( twitter.com/enthusiamy ), Taliesin Jaffe ( twitter.com/executivegoth ), and, Matt Key ( twitter.com/TheMattKey ), with, special guest Gerry Duggan ( twitter.com/GerryDuggan ).",neither,0.04227154037023277,0.446944371046905,0.5107840885828623
@TheBobHatter there's a guest tonight too,neither,0.03703032481927069,0.27960297850834276,0.6833666966723865
@TheBobHatter Welcome and enjoy!,neither,0.03860730184226345,0.28722824611601955,0.6741644520417169
"I just did 2 months, does that make me still a newbie?",offensive_language,0.019506190503792608,0.502451453739043,0.47804235575716447
i haven't been able to finish an issue of deadpool. my friends say there is something wrong with me,neither,0.030694047011775083,0.3875319932292129,0.581773959759012
OMG Did Tal just SQUEAK??,neither,0.035491154516083576,0.34897017809341646,0.6155386673905
@giljaxon Hope your day gets better and tomorrow even better!,neither,0.09298407100535164,0.21694652085180938,0.690069408142839
deadpool lost what made him funny recently,neither,0.04278496973710414,0.3429470121745866,0.6142680180883093
The calendar is very confusing and I've resigned myself to putting in pre-orders/subscriptions then being surprised when it appears,neither,0.02671179267994607,0.32900995505817227,0.6442782522618817
Different strokes for different folks. @little1liz,neither,0.03501214683421006,0.3081844780579309,0.656803375107859
@japenrose thank you,neither,0.07325166854587051,0.43632638485078484,0.49042194660334476
@AromiaFlyce Tal squeaks are best squeaks,neither,0.0645623460559992,0.2777048748046453,0.6577327791393556
@misssunflower94 true!,neither,0.03945320844208391,0.33037608806864915,0.630170703489267
I still don’t get deadpool,neither,0.03712918078465346,0.3698209026441157,0.5930499165712307
"on a tangential note, I'm curious as to who picks up Gwenpool after Hastings",neither,0.038958484380780777,0.4339849216115528,0.5270565940076666
QUESTION: A comic book character must create a world wide party that everyone can participate in. Who is it and what theme do they pick?,neither,0.04294033051586279,0.3591712321976844,0.5978884372864528
"If there's anything wrong with Deadpool, it's that he hasn't faced a mutant chimichanga monster.",neither,0.02470439191707331,0.37739547984796457,0.5979001282349621
"I feel like this is all preamble to Amy's standard ""So! Who is Gerry Duggan?"" Except he's RIGHT THERE so I don't know how that works.",neither,0.0578388428675179,0.4444119305100312,0.4977492266224509
@misssunflower94 Tal squeaks are indeed the best squeaks <3,neither,0.05749334541518025,0.27692990728296835,0.6655767473018515
Elcor: Earnest compliment: etc etc,neither,0.03945320844208391,0.33037608806864915,0.630170703489267
hawkeye? I could get into that... lol,neither,0.029845612715007644,0.41676457699048,0.5533898102945124
@Flight_Devil I think it would end up similar to when Shaggy and Scooby faced the Cotton Candy monster : ),neither,0.035026804125859255,0.34125100850642975,0.623722187367711
I only just popped in. Can anyone let me know who the special guest is?,neither,0.04148387688121848,0.3960418565888659,0.5624742665299155
<3 Hawkeye,neither,0.03945320844208391,0.33037608806864915,0.630170703489267
@KyHawkeye lol,neither,0.020706217963973744,0.4882283491876925,0.4910654328483337
!whodat,neither,0.03945320844208391,0.33037608806864915,0.630170703489267
"Amy Dallen ( twitter.com/enthusiamy ), Taliesin Jaffe ( twitter.com/executivegoth ), and, Matt Key ( twitter.com/TheMattKey ), with, special guest Gerry Duggan ( twitter.com/GerryDuggan ).",neither,0.04227154037023277,0.446944371046905,0.5107840885828623
deadpool during dark reign and x-force was amazing,neither,0.03886088747074135,0.30623069596458347,0.6549084165646751
@achancham Assuming Deadpool can eat a two story monster. :D,neither,0.04010381352577553,0.3193336218544362,0.6405625646197881
lmaoooooo the word-play with this group kills me,neither,0.027355981315385403,0.37087054928068347,0.6017734694039311
ALmost missed it. Jaffe Hour is my favorite hour of the day,neither,0.03583770047799305,0.3590169482389196,0.6051453512830873
"TOPIC: Franchise not being a limiting factor, who would make for the most interesting crossover with Deadpool - note, interesting doesn't have to mean best",neither,0.03191306654417562,0.35919486799004674,0.6088920654657777
THe Jaffe Appreciation Club.,neither,0.03858398193828829,0.3144884470295411,0.6469275710321706
A+ princess bride reference,neither,0.03945320844208391,0.33037608806864915,0.630170703489267
"Digging taliesin’s hair, makes me miss my grunge teal",neither,0.022202058672543837,0.4280855425001577,0.5497123988272984
"Taleisin, that Dread Pirate Roberts reference. XD",neither,0.03703445975267593,0.3565035142848928,0.6064620259624313
@misssunflower94 Yeah. Ditto,offensive_language,0.013968601452186464,0.5182923869769311,0.4677390115708824
I miss my teal hair so much it kills me,neither,0.01974280011658698,0.46422708843814553,0.5160301114452677
"@morgan_forester go pink, nothing is more grunge than pink hair",neither,0.044385776591769795,0.3570159370959956,0.5985982863122346
I put in red roots today...Still have purple and blue (though the blue's faded a bit),neither,0.03743385093918695,0.30571503840926617,0.6568511106515468
god I missed TWC.,neither,0.03945320844208391,0.33037608806864915,0.630170703489267
@that_one_guy212 excellent point,neither,0.03945320844208391,0.33037608806864915,0.630170703489267
I want a Jaffe Companion in Neverwinter :(,neither,0.039965792277040446,0.3216762026522265,0.6383580050707331
I like this silver gray thing that's happening with Tal's hair a lot,neither,0.0361736660723482,0.38112428475768656,0.5827020491699652
Happy Amy squiggles are the best!,neither,0.060959648250302235,0.2686994404221453,0.6703409113275526
Who's Wally Wood?,neither,0.04027503592811737,0.4131994104077616,0.546525553664121
Hi guys!,neither,0.03930687933907141,0.3328596748352989,0.6278334458256297
:D,neither,0.03945320844208391,0.33037608806864915,0.630170703489267
@morgan_forester at least you got the point i was making about kurt having pink hair,neither,0.04580706153058458,0.39762420119763886,0.5565687372717765
Hi lovely wednesday club hosts lol,neither,0.03380768249169824,0.37026333536528755,0.5959289821430144
@justhere4coffee Deadpool leading a Tbolts type team of d-list villains would be great.,neither,0.03818473818894077,0.3142096119820995,0.6476056498289597
we love you,neither,0.0667431826429772,0.4602730207261189,0.47298379663090395
Hi @mommypanda35,neither,0.03945320844208391,0.33037608806864915,0.630170703489267
you all are always in your own world and we visit every week.,neither,0.1397631824680906,0.3659213334150111,0.4943154841168983
no no keep going,neither,0.035935357365801064,0.3900832016928918,0.5739814409413072
!questions,neither,0.03945320844208391,0.33037608806864915,0.630170703489267
"To make it easier to read questions in chat, please preface your questions with the word question in all caps. For example, QUESTION: How are you today?",neither,0.06209713493468228,0.3342013724685751,0.6037014925967426
"TOPIC: Deadpool gets thrown into the DC Universe, who does he meet first and what villain does he inadvertedly team up with?",neither,0.0253721449792952,0.46860250376252943,0.5060253512581754
Nice!,neither,0.03945320844208391,0.33037608806864915,0.630170703489267
!points Publisher,neither,0.03945320844208391,0.33037608806864915,0.630170703489267
"That was an excellent pun, Publisher! Here, have some points for that one! You have been awarded 86 points!",neither,0.049980789310414435,0.3817775744187309,0.5682416362708548
hmmmm never heard of it...oooooohhhh,neither,0.0347441227845483,0.3668308248355697,0.5984250523798821
The world of the Wednesday Club is a magical world indeed,neither,0.04276989992627538,0.31141376169720497,0.6458163383765196
1 year!!!,neither,0.03945320844208391,0.33037608806864915,0.630170703489267
I’m still in the desert too tbh,neither,0.03776461129611614,0.3328310569865434,0.6294043317173404
Hello Wally Key!,neither,0.03945320844208391,0.33037608806864915,0.630170703489267
They're in chat,neither,0.06154590447910983,0.29696476336228217,0.641489332158608
Hello Matt's dad,neither,0.03945320844208391,0.33037608806864915,0.630170703489267
Hello Wally Key,neither,0.03945320844208391,0.33037608806864915,0.630170703489267
"Oh, it should've been a question. :/",neither,0.028149746374240704,0.2999815843328719,0.6718686692928875
OMG they spiked the proper placement spot? Yaaaay!,neither,0.03890210804027522,0.3203880759011782,0.6407098160585466
Hi Matt's dad,neither,0.03945320844208391,0.33037608806864915,0.630170703489267
Hi Mr Matt's Dad,neither,0.03945320844208391,0.33037608806864915,0.630170703489267
Hi Matts Parents!,neither,0.03945320844208391,0.33037608806864915,0.630170703489267
so golden through the begining of silver,neither,0.03864222627938966,0.35234773514714973,0.6090100385734607
Greetings parents Key,neither,0.03945320844208391,0.33037608806864915,0.630170703489267
the weekly shout out,neither,0.03283022290359746,0.3308226232296121,0.6363471538667905
QUESTION: does making a paper book count as wood work,neither,0.03050145348467601,0.4179066224582064,0.5515919240571177
Dad says HI!!!,neither,0.03945320844208391,0.33037608806864915,0.630170703489267
also hi mr key,neither,0.03945320844208391,0.33037608806864915,0.630170703489267
@owifig It's been there a while. Only sometimes does it get hit,neither,0.027290363955901908,0.4061136867751207,0.5665959492689774
!twc,neither,0.03945320844208391,0.33037608806864915,0.630170703489267
"Here are some handy The Wednesday Club resources! TWC Reddit: reddit.com/r/WednesdayClub/ | Discord: https://discord.gg/6QK9fVB | Wednesday Club Fanclub on Facebook: facebook.com/groups/1945232949091586/ | Send in your thoughts, comic recommendations, questions, and more to Matt, Amy, and Taliesin at thewednesdayclub@geekandsundry.com",neither,0.05001524745118048,0.31503641584425707,0.6349483367045624
"Hi, Mr. & Mrs. Key.",neither,0.03945320844208391,0.33037608806864915,0.630170703489267
Hi Key family :),neither,0.03945320844208391,0.33037608806864915,0.630170703489267
Hi to Matt's parents :),neither,0.04532491365918973,0.32693201118885795,0.6277430751519522
"Greetings, parents of the Sorceror Key!",neither,0.038545138935291864,0.3137602531356297,0.6476946079290784
Hahaha hi there Mr and Mrs Key <3,neither,0.03891059460183349,0.27677078201084915,0.6843186233873174
@FuffyButt only if it's made from tree pulp,neither,0.026353978230386776,0.35777812764559386,0.6158678941240193
@KBTibbs Ah - never noticed before,neither,0.032863911563193154,0.4196884766903707,0.5474476117464362
LMAOO,neither,0.03945320844208391,0.33037608806864915,0.630170703489267
Mr and Mrs Matt's parents <3,neither,0.03885472465959986,0.3008479132025082,0.6602973621378918
"Ahh I totally lost track of time, sad to see I missed 10 mins",neither,0.04229575910561383,0.3386404754755312,0.619063765418855
Heh,neither,0.03945320844208391,0.33037608806864915,0.630170703489267
"Space Force, there's a comic that needs to be revived. :D",neither,0.041719409784171706,0.3291225901772139,0.6291580000386143
starenko needs an episode,neither,0.039790778182498564,0.3246466485869923,0.6355625732305091
Thank you Amy for the fill ins for those of us who get lost!,neither,0.0757762322133465,0.307263122996406,0.6169606447902475
Sending love to you all from Texas!!,neither,0.06321708059814238,0.43982958433122876,0.4969533350706289
deadpool vs the mask (comic book and movie character) who wins?,neither,0.040010472350345036,0.309758004481566,0.650231523168089
An escape artist artist? amazing!,neither,0.039629693833268566,0.3273806703900771,0.6329896357766543
SHIELD.,neither,0.03945320844208391,0.33037608806864915,0.630170703489267
!topics,neither,0.03945320844208391,0.33037608806864915,0.630170703489267
"To make it easier to read the five-minute topic suggestions in chat, please preface your suggestions with the word topic in all caps. For example, TOPIC: I think so and so would be great for this role.",neither,0.04149502028580888,0.331123278479518,0.6273817012346732
Kavalier & Klay is as much Steranko as Lee/Kirby,neither,0.038971351316431084,0.38637012131611875,0.5746585273674503
The Mask? As in...Jim Carry the Mask?,neither,0.03755774384029004,0.33134657461612027,0.6310956815435896
We have a subscriber-only Discord server! Join here: https://discord.gg/geekandsundry (you'll need to sub and link it to your Twitch) and be a part of the fun!...Warning: It can take up to an hour for the server to update and give you access to the channels,neither,0.08464076273808444,0.286394834032893,0.6289644032290227
@Flight_Devil yup,neither,0.03945320844208391,0.33037608806864915,0.630170703489267
:(,neither,0.03945320844208391,0.33037608806864915,0.630170703489267
"Uh, I actually don't know.",neither,0.03945320844208391,0.33037608806864915,0.630170703489267
I love the artist focused episodes,neither,0.036803669431570527,0.32811869521921844,0.6350776353492111
The Mask has like...super meta powers.,neither,0.04690123763006252,0.3241025306293543,0.6289962317405833
it was a comic book before it was a jim carrey movie,neither,0.036405265743098034,0.3515025814913391,0.6120921527655628
Bless,neither,0.03945320844208391,0.33037608806864915,0.630170703489267
Ah. @cljedi,neither,0.03945320844208391,0.33037608806864915,0.630170703489267
"Help G&S make great content! $4.99/month gets you emotes, Minecraft server access, sub-only VODs, and more! Every sub keeps the channel alive! twitch.tv/geekandsundry/subscribe",neither,0.043907990691603095,0.31135964332838284,0.644732365980014
Agreed @misssunflower94,neither,0.03945320844208391,0.33037608806864915,0.630170703489267
