text,top_class,hate_speech,offensive_language,neither
Lore me Sempai!,neither,0.018491955366437673,0.460246435692358,0.5212616089412043
gandsLore gandsLore gandsLore gandsLore gandsLore,neither,0.03945320844208391,0.33037608806864915,0.630170703489267
BYE AMY,neither,0.03945320844208391,0.33037608806864915,0.630170703489267
Notice me loremaster sempai.,neither,0.030417710561350883,0.38017139541472955,0.5894108940239196
Hugs for the Hug-inclined!,neither,0.03454421066142405,0.2978767114667817,0.6675790778717943
Welcome @Enthusiamy and Raiders,neither,0.038684903632370565,0.2916231220829233,0.6696919742847062
timing for the timing inclined,neither,0.03582955619797501,0.3063879174132351,0.6577825263887898
jcvimHi Amy and the Enthusiarmy,neither,0.03774871432504241,0.2681903135125707,0.6940609721623869
Just recently rewatched the one on Elder Scrolls >D,neither,0.032377548821221125,0.37010501731231243,0.5975174338664664
"The author now recommends starting with book 7, then going back. i recommends it too. Dead Beat was written as a second entry point",neither,0.030940516658361762,0.3749873662456157,0.5940721170960226
gandsHappy amydFocus ENTHUSIARMY RAID gandsHappy gandsHug s for the gandsHug -inclined!,neither,0.03412816705421331,0.29512293809077,0.6707488948550168
bye :),neither,0.03945320844208391,0.33037608806864915,0.630170703489267
gandsHappy gandsHappy gandsHappy gandsHappy gandsHappy,neither,0.03945320844208391,0.33037608806864915,0.630170703489267
#EnthusiArmy RAID amydFocus amydFocus amydFocus amydFocus,neither,0.03945320844208391,0.33037608806864915,0.630170703489267
gandsLore,neither,0.03945320844208391,0.33037608806864915,0.630170703489267
RYAN,neither,0.03945320844208391,0.33037608806864915,0.630170703489267
and now hello,neither,0.038504808021986185,0.28121574132006993,0.6802794506579439
#ENTHUSIARMY RAID,neither,0.03945320844208391,0.33037608806864915,0.630170703489267
Best episode ever of all time EVER!@,neither,0.03904338372025196,0.3909866916627635,0.5699699246169845
"hi, the becca",neither,0.03813747720117953,0.30599898469733466,0.6558635381014857
"Oh, hey Becca",neither,0.04724942694866229,0.25746865428102644,0.6952819187703113
Hi Ryan and Becca!,neither,0.03865039986561582,0.28968446037165835,0.6716651397627258
poor mic,neither,0.03945320844208391,0.33037608806864915,0.630170703489267
Becca bardSwoon bardSwoon bardSwoon bardSwoon,neither,0.03945320844208391,0.33037608806864915,0.630170703489267
"OOOh, a Dresden Files episode. Too bad I can't stick around :(",neither,0.03745696772551028,0.33087312458317997,0.6316699076913098
Dresden,neither,0.03945320844208391,0.33037608806864915,0.630170703489267
!!!!!!!,neither,0.03945320844208391,0.33037608806864915,0.630170703489267
Lol Becca,neither,0.020706217963973744,0.4882283491876925,0.4910654328483337
This show does tend to be light on screaming. Guess she wanted to make up for it all in one go.,neither,0.039117031180241464,0.4793872664157164,0.48149570240404205
We have a subscriber-only Discord server! Join here: https://discord.gg/geekandsundry (you'll need to sub and link it to your Twitch) and be a part of the fun!...Warning: It can take up to an hour for the server to update and give you access to the channels,neither,0.08464076273808444,0.286394834032893,0.6289644032290227
@LordDarkhan -> ONLY HULK CAPSLOCKS [warning],neither,0.03945320844208391,0.33037608806864915,0.630170703489267
DRESDEN!,neither,0.03945320844208391,0.33037608806864915,0.630170703489267
Oh hell yes. I am here for the right episode!,offensive_language,0.06941905448288746,0.5322038690340006,0.398377076483112
"Oh.. Dresdin Files. They're good books, but they feel... slimy.",neither,0.0500781517436726,0.2909792625323611,0.6589425857239664
i feel like i should read Dresdin files but there's sooo many,neither,0.05255642902411515,0.34085065362879097,0.606592917347094
"Download the new Critical Role theme song for Campaign Two! http://itunes.apple.com/album/id1331550250?ls=1&app=itunes Sales of the song support the musician, Jason Charles Miller.",neither,0.04445767596344001,0.2510827790306858,0.7044595450058742
Michael is literally the only paladin-archetype character in any medium that I love,neither,0.039361609055363775,0.35520914723900693,0.6054292437056293
Does Ryan even own a t-shirt?,neither,0.04303774233328356,0.4369047267447821,0.5200575309219343
omg... where did she get that shirt?,neither,0.0383613723382771,0.42214228417872107,0.5394963434830017
Just because you're paranoid doesn't mean there isn't an invisible demon about to bite your face off...,neither,0.07502178476782509,0.3291587010230439,0.5958195142091309
"As a Weird Al and Schmenge Brothers fan, I approve of that shirt",neither,0.038136813371023925,0.30540653518659805,0.656456651442378
Dresden is the king of snark,neither,0.0492995261732191,0.3058877747701766,0.6448126990566043
"only my second episode I've ever watched, and I get so lucky to come in on the Dresden Files episode.",neither,0.02433310940073815,0.3713878251330987,0.6042790654661632
"My favorite opening line to a book EVER: ""The building was on fire and it WASN'T my fault.""",neither,0.028607801266556165,0.39055591102408377,0.58083628770936
@korbin_orion Great second episode,neither,0.037656645463602124,0.30649537157699885,0.6558479829593991
I know the World Builder's Charity store has in the past had a Polka Never Dies t-shirt. Although it may be a bit spoilery for those not caught up.,neither,0.05256743891383028,0.2994407046939579,0.6479918563922118
"The last Dresden book I read was Grave Peril. I liked so much of it, but there were 10 named women characters. 7 of the 10 of them received at least a paragraph describing their breasts. I counted. Ugh Jim Butcher... WHY?",neither,0.03801796173104164,0.345754741234353,0.6162272970346053
i love the books and the tv show was cool,neither,0.0457516956128106,0.23673626437613132,0.7175120400110582
"@kbtibbs Keep reading, Jim improves, Harry is a cheuvanist",neither,0.04574809672364023,0.3282109873327269,0.6260409159436329
"Off topic on this show, That NEVER happens! :)",neither,0.059163793973212316,0.3404020291921243,0.6004341768346634
"A lot of people use ""actor"" as a generic term, non-gender.",neither,0.030621320644325194,0.3982776391895964,0.5711010401660783
"@ShandraVdeG Harry is, but it's gross",neither,0.04202804704400689,0.3373387407418337,0.6206332122141593
What time does Critical Role start this wekk?,neither,0.03145422056486778,0.43542206978209613,0.5331237096530362
@kbtibbs he's a bit of a jerk yes,neither,0.044142964654044006,0.3287630658557592,0.6270939694901967
!thursday,neither,0.03945320844208391,0.33037608806864915,0.630170703489267
"THURSDAY (All Times Pacific) - LORE MASTERS: 4-5:30pm, Ryan Green and a guest go deeper into a fandom than you may have ever thought possible! | NATURAL SELECTION: 6-6:30pm Debates between pop culture and real life! with Dan Casey and Kyle Hill | CRITICAL ROLE: 7pm-? Pacific | Voice Actors play Dungeons and Dragons 5e!",neither,0.03862616689714173,0.3313343448357225,0.6300394882671357
!clock,neither,0.03945320844208391,0.33037608806864915,0.630170703489267
It is currently Thursday 4:09 PM at the Geek & Sundry studio in California.,neither,0.05116902727914625,0.32963796927704553,0.6191930034438082
Awesome,neither,0.03945320844208391,0.33037608806864915,0.630170703489267
is cr going to be at comicon in fl?,neither,0.04921297464170597,0.36585268164417667,0.5849343437141172
"@BlackMemberAC nothing to that effect has been announced but if you're interested in something like that, you should tweet them about it.",offensive_language,0.0700428436119399,0.4981579329395143,0.43179922344854577
anyone?,neither,0.03945320844208391,0.33037608806864915,0.630170703489267
@BlackMemberAC I don't think so,neither,0.04038119264685507,0.39405117725742167,0.5655676300957233
https://critrole.com/events/,neither,0.03945320844208391,0.33037608806864915,0.630170703489267
@shidareaki sweet thank you,neither,0.06081570743268753,0.4006092169087105,0.5385750756586021
They've only announced NYCC and MCM,neither,0.023903101437248764,0.293328373383231,0.6827685251795201
@jeffm0307 thanks,neither,0.035884468650613,0.3004919205142699,0.6636236108351171
ooooo Dresden Files Dresden??!?!? awesome,neither,0.03945320844208391,0.33037608806864915,0.630170703489267
i just started reading these ...on book 3,neither,0.0399665499946253,0.42232521071848955,0.5377082392868852
"I thought so, I was hoping but I didn't think they would come this far south",neither,0.029634354960054607,0.33803716811160334,0.632328476928342
man they need to have her guest star on crit role,offensive_language,0.03499577534467613,0.5263616194948566,0.43864260516046727
Becca Scott should be on all the shows!!!,neither,0.04941067637586837,0.4361212736516168,0.5144680499725148
loved the Magic series she just hosted,neither,0.03607719785995186,0.3981658878767766,0.5657569142632716
I support this,neither,0.09732411188170677,0.3126979809482843,0.5899779071700088
ok i gtg...i dont want spoilers i really like these books thus far,neither,0.05363781953310418,0.38832655771253544,0.5580356227543602
@theSp3ctr3 Do you watch her Game the Game videos on YouTube?,neither,0.04291837220324119,0.4349204800521239,0.5221611477446348
they are stellar book series,neither,0.0647700469138063,0.2862699161261323,0.6489600369600613
i watch them on youtube or on alpha @chaoticloony,neither,0.049613141887213025,0.34339971977775086,0.6069871383350363
I'm not saying she should replace Ashley but they seem to have similar qualities,neither,0.04220857605950114,0.4082792678191856,0.5495121561213132
(yeah...i sub here and project alpha!!),neither,0.05016216038703982,0.35790719907713375,0.5919306405358263
"Again, Highly recommend starting with book 7. Author wrote it as secondary starting point, since his writing skills improved so much since book one.",neither,0.039033395390491395,0.3910800865164231,0.5698865180930855
LOREMASTERS ABOUT HARRY DRESDEN!? logiccFbomb YES!,neither,0.03774217972528205,0.3594167108218952,0.6028411094528228
they should springboard this into a one shot TTRPG play of Dresden files RPG,neither,0.047494939098512025,0.3815461754958547,0.5709588854056332
Hell yeah,offensive_language,0.024014075456083226,0.8806496383571902,0.0953362861867266
"@ShandraVdeG I get why you'd say that, but I'd still recommend starting from the beginning",neither,0.03517061330247631,0.3943467129360211,0.5704826737615025
is it live,neither,0.05968954295342926,0.3234158846808855,0.6168945723656852
I just got sucked into the series like no other series I've read,neither,0.027439981665307984,0.35999663871834686,0.6125633796163451
is the audio pretty quiet or is it just me?,neither,0.03973182997032342,0.35668620999663025,0.6035819600330463
@reddirttabletop Yes,neither,0.03945320844208391,0.33037608806864915,0.630170703489267
yes this is live,neither,0.05676722329408506,0.3263149120615113,0.6169178646444036
yeah audio is real low,offensive_language,0.02655844678546141,0.5013965316310084,0.4720450215835303
@theSp3ctr3 I seen talk about people wanting to see a Dresden Files RPG show all over the place,neither,0.054810760473838864,0.30170223048691397,0.6434870090392472
I really liked in the show it was a drumstick and a hockey stick,neither,0.04608670991051271,0.25282624993419184,0.7010870401552954
you say I could start at Dresden book 7?,neither,0.054040715740639456,0.3983499920363154,0.5476092922230452
"@lorddarkhan I've known too many folks who get suck on books 1, 2 or 3 because Jim is still only fair to middling skillswise.",neither,0.03890948115763626,0.3717629096791244,0.5893276091632393
@chaoticloony i actually started reading the books because i saw the dresden RPG books and thought i should read the series before getting the book,neither,0.040273844456226525,0.31554325101784286,0.6441829045259305
"Read 7, then go back and read 1 if you like it",neither,0.041079928656646766,0.3868937634171426,0.5720263079262108
Dresden is my jam,neither,0.033558963455606924,0.4341278189808811,0.532313217563512
can we see her tat? or no,offensive_language,0.031055299539147298,0.5286633957724529,0.4402813046883998
(getting the RPG book),neither,0.033911232499178434,0.39172051227521115,0.5743682552256105
Never got into it.. its just not for me.,neither,0.0173351149002351,0.4315847466762141,0.5510801384235507
Has anyone played the RPG?,neither,0.03893458211781534,0.3065020123388927,0.6545634055432921
If book 7 is a good jumping on point I may well try that. cutting the amount to read in half makes it much less daunting when I never have time to do everything,neither,0.029783067636044516,0.3975092345884886,0.5727076977754668
"@reddirttabletop Probably not, because it's off topic",neither,0.03619076774921524,0.35200824918479423,0.6118009830659905
read the book listen to the audiobooks watch the tv show and read the comics,neither,0.05083577707973417,0.24554083374171803,0.7036233891785477
"@theSp3ctr3 yep, that would really help with the tone of the RPG.",neither,0.02841058420328597,0.35836720756275336,0.6132222082339607
please fix the audio @GeekandSundry,neither,0.03871977801599571,0.31702036116230553,0.6442598608216987
"@alphapup1 I have, it's a blast",neither,0.03706264122229127,0.34218873748154643,0.6207486212961624
"Help G&S make great content! $4.99/month gets you emotes, Minecraft server access, sub-only VODs, and more! Every sub keeps the channel alive! twitch.tv/geekandsundry/subscribe",neither,0.043907990691603095,0.31135964332838284,0.644732365980014
"oh, like the challenge with Sizzlork and Ushnux",neither,0.04036076998795316,0.2753008425747087,0.6843383874373381
im having to blast the audio to max to barely hear and my notification tones are super loud,neither,0.051229063621159074,0.3313944262353658,0.6173765101434752
gandsOne,neither,0.03945320844208391,0.33037608806864915,0.630170703489267
i also am having trouble hearing btw,neither,0.03931799631930497,0.3304225937179061,0.6302594099627887
"Each is case file, and some plots arc over into other books or have ramifications and later times, Butcher doesn't like waste, so a lot of his concepts or characters show up a lot and minor things become whole books later, buuuut that being said the writing is so much better in the later novels",neither,0.04676670268451344,0.33354682368315636,0.6196864736323301
What browser are people having audio issues with? its fine for me,neither,0.05158206137784466,0.328586435876748,0.6198315027454073
"Oh sweet, talking about The Dresden Files? im listening to them right now.. on book 14 :D",neither,0.04908816335064912,0.3373522381908062,0.6135595984585447
"yes, my audio is real low as well",offensive_language,0.030400042687321854,0.4903666807825575,0.47923327653012066
on twitch app,neither,0.036923698126584935,0.3424906699716715,0.6205856319017437
