text,top_class,hate_speech,offensive_language,neither
Is... is it live?,neither,0.07026695134942214,0.31977782890006845,0.6099552197505095
If you want access to VoDs you can sub with prime or directly,neither,0.04116791809890703,0.4351986681020477,0.5236334137990453
live,neither,0.04891340716200846,0.3271222919257548,0.6239643009122369
"refresh, we live",neither,0.04371130919046865,0.33137254875552546,0.6249161420540058
Live!,neither,0.04891340716200846,0.3271222919257548,0.6239643009122369
And we are live!,neither,0.08682340911282478,0.22048394477067182,0.6926926461165034
wow abrupt,neither,0.03945320844208391,0.33037608806864915,0.630170703489267
HI :),neither,0.03945320844208391,0.33037608806864915,0.630170703489267
lol hi @kbtibbs,neither,0.029068264864247538,0.40827028370723706,0.5626614514285154
ah ok,neither,0.03938726060080474,0.3314953950453076,0.6291173443538877
Hi folks! <3,neither,0.03945320844208391,0.33037608806864915,0.630170703489267
not so live,neither,0.044083852127722506,0.40229854097089496,0.5536176069013825
Hi @WelshAndyT @MonteCookGames,neither,0.03945320844208391,0.33037608806864915,0.630170703489267
lol,neither,0.020706217963973744,0.4882283491876925,0.4910654328483337
hi chat,neither,0.03945320844208391,0.33037608806864915,0.630170703489267
Live-ish.,neither,0.04459062532591522,0.3286090948229529,0.6268002798511318
Oh cool.,neither,0.04720127955179003,0.2578925924460871,0.6949061280021229
Wait are you guys here?,neither,0.21175359100146396,0.2654290906635703,0.5228173183349657
Hi Everyone!,neither,0.032490659208996964,0.4485487193596734,0.5189606214313296
yesssss so excited,neither,0.03941236851434089,0.372859359918277,0.5877282715673822
Hi @Flyorfight,neither,0.03945320844208391,0.33037608806864915,0.630170703489267
@PaneraGoblin : they're on Alpha,neither,0.05562265977604415,0.31391647978591375,0.6304608604380422
gandsOwlbear,neither,0.03945320844208391,0.33037608806864915,0.630170703489267
ah,neither,0.03945320844208391,0.33037608806864915,0.630170703489267
Want the inside scoop? Join the cast of Critical Role and discuss the most recent episode right here on Talks Machina. Tuesdays 7pm Pacific at twitch.tv/geekandsundry and projectalpha.com,neither,0.04573032993319735,0.22538911733705982,0.7288805527297427
Too real!,offensive_language,0.028169883121631087,0.5392341793125067,0.43259593756586207
,neither,0.03945320844208391,0.33037608806864915,0.630170703489267
Mine,neither,0.03945320844208391,0.33037608806864915,0.630170703489267
Wait till Eric hits 48!,neither,0.03945320844208391,0.33037608806864915,0.630170703489267
I am LIVE for a Callisto 6 for once,neither,0.03266385448320484,0.27961438101863695,0.6877217644981583
great....,neither,0.03629809395026052,0.28705760395740076,0.6766443020923386
"I missed last week, all I caught was the ending",neither,0.03981834202058628,0.36803452232726125,0.5921471356521525
Hi @DANfan69 and it is a pre recorded episode,neither,0.04327081049644872,0.3013743534540153,0.6553548360495359
"@DANfan69 and it happens to be the one episode that's not, lol",neither,0.04649644678186867,0.38114307426915456,0.5723604789489768
"If you want to check out Sona, give Project Alpha a try!",neither,0.036648666787056555,0.4049257831761916,0.5584255500367519
We have a subscriber-only Discord server! Join here: https://discord.gg/geekandsundry (you'll need to sub and link it to your Twitch) and be a part of the fun!...Warning: It can take up to an hour for the server to update and give you access to the channels,neither,0.08464076273808444,0.286394834032893,0.6289644032290227
!projectalpha,neither,0.03945320844208391,0.33037608806864915,0.630170703489267
!alpja,neither,0.03945320844208391,0.33037608806864915,0.630170703489267
!alpha,neither,0.03945320844208391,0.33037608806864915,0.630170703489267
Alpha is our own video subscription service featuring awesome content from Geek & Sundry and Nerdist! Support your favorite shows by signing up for your free 30-day trial at projectalpha.com.,neither,0.08977444343494985,0.28713060856157385,0.6230949480034763
Third times the charm!,neither,0.03873844041375015,0.31736669332230943,0.6438948662639403
"It was dining room, not kitchen, fix that in post ;)",neither,0.03493010937304125,0.3642920665980937,0.600777824028865
Is this episode 3 or 4?,neither,0.04912811161784572,0.32885675098521766,0.6220151373969366
Does anyone know if Episodes 2 or 3 will find their way onto Youtube?,neither,0.02533885435357344,0.3739640928840967,0.6006970527623299
This is episode 4,neither,0.050298936780661496,0.3286480543696765,0.621053008849662
Dance dance dance,neither,0.03945320844208391,0.33037608806864915,0.630170703489267
"@Glistam As of right now, only episode 1, but 2 and 3 are available on VOD",neither,0.04791900392753726,0.32379076186917377,0.628290234203289
whats up with the feed?,neither,0.026642420317019178,0.39740521830041375,0.5759523613825671
@Glistam no plans as of yet,neither,0.03672421753686183,0.3766941858289987,0.5865815966341396
"Download the new Critical Role theme song for Campaign Two! http://itunes.apple.com/album/id1331550250?ls=1&app=itunes Sales of the song support the musician, Jason Charles Miller.",neither,0.04445767596344001,0.2510827790306858,0.7044595450058742
you're drunk on StinkyCheese !,neither,0.09728512863522447,0.3721383722696728,0.5305764990951027
Do The Power Dance!,neither,0.03998488095427839,0.31345886171650966,0.6465562573292121
what's on Sam's neck?,neither,0.04186895868189646,0.34009828563998545,0.6180327556781181
"@Glistam most likely, but probably after they finish uploading Shield of Tomorrow",neither,0.03684303892255606,0.3477510617685023,0.6154058993089416
I love this intro.,neither,0.03628345066429029,0.34642748610713625,0.6172890632285736
first .gif of episode :D,neither,0.0333745712352032,0.33246681014366714,0.6341586186211298
@FuffyButt A fake tattoo,neither,0.03945320844208391,0.33037608806864915,0.630170703489267
"Well i do eat a lot of cheese, so i could be cheese drunk",neither,0.040513536782852404,0.3583867823580796,0.601099680859068
Such a fantastic intro video,neither,0.04387778401442335,0.2552794933839575,0.7008427226016192
Agreed @MonteCookGames !,neither,0.03945320844208391,0.33037608806864915,0.630170703489267
Cha Superpunks!,neither,0.03945320844208391,0.33037608806864915,0.630170703489267
why is the feed so chopp;y?,neither,0.03310440776650176,0.3765538946547972,0.5903416975787009
"Help G&S make great content! $4.99/month gets you emotes, Minecraft server access, sub-only VODs, and more! Every sub keeps the channel alive! twitch.tv/geekandsundry/subscribe",neither,0.043907990691603095,0.31135964332838284,0.644732365980014
#SuperPunks,neither,0.03945320844208391,0.33037608806864915,0.630170703489267
feed is fine for me,neither,0.03343929570665338,0.3370575465218655,0.6295031577714811
Why is hector hugging those 3 guys in the intro,neither,0.05105585501789956,0.2796747514871168,0.6692693934949836
Sigmund The Sea Monster?! NOOOO!,neither,0.03877087375071215,0.3179676783980667,0.6432614478512212
@FuffyButt : freehugs,neither,0.03945320844208391,0.33037608806864915,0.630170703489267
@JeffM0307 I so loved that show!,neither,0.051605498563037075,0.34182092509374595,0.606573576343217
@FuffyButt because he CAN,neither,0.04902066271696053,0.3198486737754968,0.6311306635075427
@FuffyButt Hug of justice!,neither,0.03945320844208391,0.33037608806864915,0.630170703489267
Last time.. on Callisto 6.,neither,0.03382411345719976,0.37824577704542495,0.5879301094973752
@kelticladi Try refreshing? I'm not having any issues,neither,0.03829725784162165,0.3347119120969004,0.6269908300614779
Is this REALLY Live... or a rebroadcast?,neither,0.05611177501915264,0.3264799931759031,0.6174082318049443
So many rebroadcasts :(,neither,0.039413129245513115,0.4120595004619746,0.5485273702925123
If Sam isn't excited is it ok to play?,neither,0.033931640990993064,0.3661093588831781,0.5999590001258289
"First airing, prerecorded",neither,0.03217609621446155,0.3328790206600943,0.6349448831254441
This is live but pre-recorded,neither,0.04670357218774802,0.33588111902851103,0.6174153087837408
@Princeparadox it is a pre recorded episode,neither,0.044456000426187345,0.3286553984992752,0.6268886010745374
so sick of non live,neither,0.0436345423137214,0.370634563432087,0.5857308942541917
Some of the cast are in Alpha chat.,neither,0.04798367832304218,0.2979620194681737,0.654054302208784
#TheEyeShinesBright,neither,0.03945320844208391,0.33037608806864915,0.630170703489267
VAST was VASTLY ambitious,neither,0.03937125723797127,0.3317670138780405,0.6288617288839883
heh,neither,0.03945320844208391,0.33037608806864915,0.630170703489267
Cake math!,neither,0.03945320844208391,0.33037608806864915,0.630170703489267
"Oh, Hector has optimized the funnel cakes",neither,0.042987976659818246,0.2741805663209061,0.6828314570192757
They did the math science,neither,0.03867661794728715,0.316217925734259,0.6451054563184537
cake math best math,neither,0.038866668066960326,0.3254644744818325,0.635668857451207
Triple up on the plates,neither,0.03244741243270001,0.3849553126910832,0.5825972748762167
this is an amazing start,neither,0.04819181433859985,0.3235788556438882,0.6282293300175119
"All men are not created equal, Samoa Joe, you only have a 33 and a 3rd percent chance of winning",neither,0.05798094466577689,0.34798493681809145,0.5940341185161317
What kind of paper though?,neither,0.04454120899686063,0.32672028961653204,0.6287385013866073
#cakes,neither,0.03945320844208391,0.33037608806864915,0.630170703489267
VAST was the best <3,neither,0.03771625340232523,0.3103708537494268,0.6519128928482479
hector brings out the autocad layout,neither,0.03350109229667723,0.3307044810493277,0.6357944266539951
Taking care of the most important things.\,neither,0.03875481153322951,0.31767019048270706,0.6435749979840635
The science of funnel cakes.,neither,0.03879809585024193,0.31847122566150105,0.642730678488257
funnel cake math,neither,0.03945320844208391,0.33037608806864915,0.630170703489267
"part of me wants to believe only a Corpie would min/max the funnel cake, but it IS 2119",neither,0.03936527197785616,0.3408548130176759,0.6197799150044679
still hoping for the vast epilouge to show up on youtube...,neither,0.04368522994418575,0.29903690112967635,0.6572778689261379
Funnel Cakes and Cream Soda for all,neither,0.03580707091997341,0.3255664965866876,0.638626432493339
In true X-men style... mundane event gets crashed with an emergency,neither,0.03360424939790166,0.3473499496116914,0.6190458009904071
"If all of you need context for the damage a 6.0 earth quake can inflict, Hokkaido had a 6.7 (7) the other day. It's pretty bad.",neither,0.03150772738484495,0.3691708264297006,0.5993214461854545
@KBTibbs i'm picturing the football game interrupted by the earthquake guy in X-Men Evolution... :D,neither,0.03832682965849682,0.3159199812518618,0.6457531890896415
Avalanche? was that his name?,neither,0.06961336007104718,0.3893117259472037,0.5410749139817491
thoughts to northern japanese,neither,0.04466781483900105,0.32730808960251406,0.6280240955584849
"Also, the Richter scale is logarithmic, so a 6.0 is roughly ten times worse than a 5.0.",neither,0.05558851748764443,0.26159398909535275,0.6828174934170028
"@shidareAKI Oh jeez, how did that not make the news here?! I hope people are okay!",neither,0.18650523887893694,0.17856927494594146,0.6349254861751216
Yea,neither,0.03908133164861177,0.3366878077749653,0.624230860576423
"Also, hey folks!",neither,0.03945320844208391,0.33037608806864915,0.630170703489267
"Dasbif yes, real name, Lance Alvers",neither,0.033325807112624985,0.43732804051838164,0.5293461523689934
Happy Friday @misroi teenHEY,neither,0.03945320844208391,0.33037608806864915,0.630170703489267
"@shindareAKI I'm headed to Japan next week, pray for those and I hope I'm safe there",neither,0.07445545646000294,0.18018046448791075,0.7453640790520863
"@japenrose : last week, japan has been hit by a massive storm (Jebi) and then an 6.7 earthquake... on the same week",neither,0.03836033432828562,0.33033824659871747,0.631301419072997
did i miss anything?,neither,0.03184965714655773,0.3329912980246066,0.6351590448288357
Hector get off your phone,neither,0.08448633246776147,0.32901731300526293,0.5864963545269756
"Gigavolts, not Gigawats?",neither,0.03554889144452836,0.3454295093440936,0.619021599211378
"@japenrose earthquakes happen here all the time, so maybe some people feel it's not news?",neither,0.081394663309009,0.39275757296470765,0.5258477637262834
