text,top_class,hate_speech,offensive_language,neither
critrolePyramid critrolePyramid critrolePyramid critrolePyramid,neither,0.03945320844208391,0.33037608806864915,0.630170703489267
We have a subscriber-only Discord server! Join here: https://discord.gg/geekandsundry (you'll need to sub and link it to your Twitch) and be a part of the fun!...Warning: It can take up to an hour for the server to update and give you access to the channels,neither,0.08464076273808444,0.286394834032893,0.6289644032290227
@RMutt1917 yikes! that's a heck of a stack!,neither,0.036305709377271504,0.3644950705840371,0.5991992200386914
It beginnnsss,neither,0.034373745257138544,0.33212314837979673,0.6335031063630647
EYYYYYY,neither,0.03945320844208391,0.33037608806864915,0.630170703489267
gandsTWC,neither,0.03945320844208391,0.33037608806864915,0.630170703489267
Hel-loooooo!,neither,0.03945320844208391,0.33037608806864915,0.630170703489267
hey yall!,neither,0.0373829100190767,0.36551445535541816,0.5971026346255053
gandsHappy gandsHappy gandsHappy gandsHappy,neither,0.03945320844208391,0.33037608806864915,0.630170703489267
YAY! <claps>,neither,0.03945320844208391,0.33037608806864915,0.630170703489267
yeah i dont necessarily read a lot of comic book stuff but love passionate discussions about it,neither,0.026814406681051648,0.4131112099522004,0.560074383366748
huzzah! hello hosts and crew!,neither,0.03864789386565313,0.28954271560616884,0.671809390528178
"I don't read many comics either. I have neither the time nor the money to consume them at the rate they're produced, but I love listening to these three lovely nerds talk about comics.",neither,0.04431174068278093,0.3548796468803818,0.6008086124368373
ERIC,neither,0.03945320844208391,0.33037608806864915,0.630170703489267
@KBTibbs Hey Tibbs. BTW you are doing good things with the transcripts of Positiviteeny,neither,0.05943901782321557,0.3450483497450062,0.5955126324317782
"gandsTWC Hi Amy, Taliesin, and Matt!",neither,0.0388100252782571,0.29846695177565247,0.6627230229460904
sup chief,neither,0.03945320844208391,0.33037608806864915,0.630170703489267
......xD,neither,0.03945320844208391,0.33037608806864915,0.630170703489267
"Hey folks, literally just finished watching Collider Heroes",neither,0.03660273431801991,0.3436102509563829,0.6197870147255973
oh hey the lighting changed again,neither,0.04113046163512927,0.3052832119666151,0.6535863263982556
that poor couch,neither,0.03545961847887829,0.37383548469644967,0.5907048968246721
@GeekandSundry Hey Eric!,neither,0.03945320844208391,0.33037608806864915,0.630170703489267
Woo!!! BloodTrail,neither,0.03945320844208391,0.33037608806864915,0.630170703489267
ERIC,neither,0.03945320844208391,0.33037608806864915,0.630170703489267
"Amy's just like, ""I'm not involved in thiiiiis""",neither,0.04260482997788922,0.3645931213419519,0.5928020486801588
!twc,neither,0.03945320844208391,0.33037608806864915,0.630170703489267
"Here are some handy The Wednesday Club resources! TWC Reddit: reddit.com/r/WednesdayClub/ | Discord: https://discord.gg/6QK9fVB | Wednesday Club Fanclub on Facebook: facebook.com/groups/1945232949091586/ | Send in your thoughts, comic recommendations, questions, and more to Matt, Amy, and Taliesin at thewednesdayclub@geekandsundry.com",neither,0.05001524745118048,0.31503641584425707,0.6349483367045624
Excellent cold open,neither,0.03945320844208391,0.33037608806864915,0.630170703489267
Matt you're too big for this world,neither,0.0430190381173083,0.3721597861324628,0.5848211757502288
:-) Eric!,neither,0.03945320844208391,0.33037608806864915,0.630170703489267
I'll intern for youuuu,neither,0.03351102687489913,0.30070295474284914,0.6657860183822518
What's up WED CLUB!??,neither,0.04321164219857298,0.39911945413112987,0.557668903670297
brownRIP couch,neither,0.03945320844208391,0.33037608806864915,0.630170703489267
Intern Eric,neither,0.03945320844208391,0.33037608806864915,0.630170703489267
I believe that Amy is not acting.,neither,0.04143720969454908,0.36648986626756397,0.592072924037887
@llamacorn_misanthropy their free comics section can be dangerous ;),neither,0.03992018814225002,0.3298061425063954,0.6302736693513548
Eric has been demoted to intern,neither,0.04658389338336422,0.32487660324441464,0.6285395033722211
LUL,neither,0.03945320844208391,0.33037608806864915,0.630170703489267
"@kaioraya Oh, cool. Didn't know if anyone was even looking at them. *blush*",neither,0.02672083902463275,0.38835155745524325,0.584927603520124
Hi Daisies,neither,0.03945320844208391,0.33037608806864915,0.630170703489267
"Hi, Eric!",neither,0.03945320844208391,0.33037608806864915,0.630170703489267
"Download the new Critical Role theme song for Campaign Two! http://itunes.apple.com/album/id1331550250?ls=1&app=itunes Sales of the song support the musician, Jason Charles Miller.",neither,0.04445767596344001,0.2510827790306858,0.7044595450058742
It might be the last show for the orange couch,neither,0.04268366850067147,0.24041095477991237,0.7169053767194161
That's dangerous to suggest @ChiefAKAThatZachWilson,neither,0.041668104870707365,0.3635886730754706,0.594743222053822
#TALIESINSLEEP,neither,0.03945320844208391,0.33037608806864915,0.630170703489267
:-D ! gandsTheChief,neither,0.03945320844208391,0.33037608806864915,0.630170703489267
Me too!!! I haven't slept much either!,neither,0.03062888891752788,0.36641028212391474,0.6029608289585574
I sure hope Eric Campbell doesn't get himself... ah nevermind,neither,0.05339220176641799,0.3486229766521102,0.5979848215814717
I called Eric and Sons but they couldn't repair Avengers 3 ending..,neither,0.037044603382396936,0.3123271031897322,0.6506282934278709
the couch is now out for revenge,neither,0.036351241109009655,0.30564603984120514,0.6580027190497852
I bet Gina could fix the couch. It might involve hotglue but I bet she could,neither,0.03724544971175446,0.3671943761757606,0.595560174112485
"That means you would never be in charge, Taliesin :P",neither,0.04485470293832541,0.4405557602961147,0.5145895367655597
"I haven't slept this week, since I've been doing hurricane prep...",neither,0.02600455337320086,0.3231901008857402,0.650805345741059
#LetTaliesinSleep2k18,neither,0.03945320844208391,0.33037608806864915,0.630170703489267
Narcoleptics,neither,0.03945320844208391,0.33037608806864915,0.630170703489267
Narcocracy,neither,0.03945320844208391,0.33037608806864915,0.630170703489267
Anarcholepsy.,neither,0.03945320844208391,0.33037608806864915,0.630170703489267
"Wow, Eric can ruin Taliesin? I'd kinda like to see that?",neither,0.0488926560758409,0.3636585818478676,0.5874487620762916
who needs sleep?,neither,0.040241957441841385,0.4102170804613889,0.5495409620967698
loving the eyeliner,neither,0.03825742109612947,0.30830648690722096,0.6534360919966495
"Oh wow, this is certainly a sleep deprived week here too",neither,0.08351636754568538,0.27236937274080275,0.6441142597135118
Narcolocracy.,neither,0.03945320844208391,0.33037608806864915,0.630170703489267
Humans. Humans need sleep,neither,0.03934219276730327,0.3294464571008111,0.6312113501318857
"@RMutt1917 lawd I can only imagine! I've already dipped into it a little, I can see how I could easily get hooked on a million great things!",neither,0.02666764634029246,0.3267688017632295,0.646563551896478
@KBTibbs I am! Sometimes my brain scrambles audio and text helps,neither,0.02946080976608649,0.4062999714035868,0.5642392188303267
I think the reason Tal is immortal is specifically because he doesn't sleep.,neither,0.05291408051607035,0.31097503403739135,0.6361108854465382
Hi everyone vgumiHi,neither,0.032490659208996964,0.4485487193596734,0.5189606214313296
#LetTaliesinSleep,neither,0.03945320844208391,0.33037608806864915,0.630170703489267
@InkPigg Humans Kappa,neither,0.03945320844208391,0.33037608806864915,0.630170703489267
@darkofnate my thoughts and thoughts go to you,neither,0.04531283226946638,0.38965204618261046,0.5650351215479232
"@InkPigg Me, I need sleep. So badly",neither,0.03268360793198291,0.40437897871801043,0.5629374133500067
"Help G&S make great content! $4.99/month gets you emotes, Minecraft server access, sub-only VODs, and more! Every sub keeps the channel alive! twitch.tv/geekandsundry/subscribe",neither,0.043907990691603095,0.31135964332838284,0.644732365980014
Thank you amy,neither,0.056967010988514616,0.3888269633951007,0.5542060256163848
Narcomancy.. or is that Morpheo-mancy..,neither,0.047291173015134455,0.401746529250154,0.5509622977347114
"Hi, @celticbandit",neither,0.03945320844208391,0.33037608806864915,0.630170703489267
"Introducing G&S's new show, Watch Taliesin Jaffe sleep",neither,0.06090867840459769,0.1986783751354524,0.7404129464599499
@Deathstar_Taco Thanks,neither,0.035884468650613,0.3004919205142699,0.6636236108351171
Immortals need sleep too,neither,0.038890115946944866,0.33405931723304405,0.6270505668200111
@deathstar_taco Thanks i watched pencils and parsecs and it was amazing thank you,neither,0.04478316910845023,0.29916174159115766,0.6560550893003921
did this just start?,neither,0.03376790025514439,0.3589591588467859,0.6072729408980696
https://clips.twitch.tv/ExcitedDelightfulMonitorSoBayed,neither,0.03945320844208391,0.33037608806864915,0.630170703489267
@TestSubject_35 Yup!,neither,0.03945320844208391,0.33037608806864915,0.630170703489267
!wednesday,neither,0.03945320844208391,0.33037608806864915,0.630170703489267
"WEDNESDAY (All Times Pacific) - BIZARRE STATES: 4-5pm, Andrew Bowser and Jessica Chobot go deep into the unknown, focusing on weird happenings, unexplained cases, the occult and other supernatural topics.. | THE WEDNESDAY CLUB: 7-9pm, Amy, Taliesin and Matt talk about comics old and new. | WEAVE SOCIETY 9.30-11pm, Hosts jump into one of the many fantastical worlds of the Weave RPG",neither,0.03398529831961488,0.2917461303206852,0.6742685713597
@TestSubject_35 Yes,neither,0.03945320844208391,0.33037608806864915,0.630170703489267
@TestSubject_35 Yup!,neither,0.03945320844208391,0.33037608806864915,0.630170703489267
@kaioraya ramaV ramaLove ramaV,neither,0.03945320844208391,0.33037608806864915,0.630170703489267
"awesome, just in time",neither,0.03322653176580619,0.3760173938880554,0.5907560743461385
!clock,neither,0.03945320844208391,0.33037608806864915,0.630170703489267
It is currently Wednesday 7:03 PM at the Geek & Sundry studio in California.,neither,0.0521166184383263,0.3295454606199628,0.6183379209417109
!weather,neither,0.03945320844208391,0.33037608806864915,0.630170703489267
Weather for Los Angeles: Conditions are Sunny with a temperature of 72F (22C). The wind is blowing from the SW at 4mph (6km/h) and the current humidity is 68%. At the studio.,neither,0.0453687241298142,0.28639969405962046,0.6682315818105653
"Pyramids don't sleep, they enter a higher state of consciousness for brief periods.",neither,0.05114900827429898,0.2575105308604165,0.6913404608652846
hey fam!,neither,0.03945320844208391,0.33037608806864915,0.630170703489267
hi @diermmen :),neither,0.03945320844208391,0.33037608806864915,0.630170703489267
im looking forward to meeting taliesin irl next month.,neither,0.0423511861310675,0.35498517531144763,0.6026636385574848
"Hey, @diermmen",neither,0.03945320844208391,0.33037608806864915,0.630170703489267
@commandercephalo that's fun,neither,0.03329184728828103,0.3980304271123081,0.5686777255994108
Hey @diermmen,neither,0.03945320844208391,0.33037608806864915,0.630170703489267
hi to everyone,neither,0.039644680664805816,0.4407142664162929,0.5196410529189013
Mad Amy! stsSword gandsTribble stsShield,neither,0.03945320844208391,0.33037608806864915,0.630170703489267
@commandercephalo congrats on getting to meet him - he's a sweetheart,neither,0.042555609185115986,0.385346131049832,0.5720982597650519
Yeah! New thing for me to find when I go to my library sale Friday!!,neither,0.023516390974617708,0.3698594497223986,0.6066241593029836
hello my dear daisies,neither,0.028197289441655993,0.4180653076615471,0.5537374028967968
"Hi, @MeggieMay328",neither,0.03945320844208391,0.33037608806864915,0.630170703489267
Good zone Wednesdaisies!,neither,0.03861556489324797,0.33066419209574344,0.6307202430110085
hello friends,neither,0.03945320844208391,0.33037608806864915,0.630170703489267
nuuu the lag!,neither,0.03843498882663835,0.31168514531390124,0.6498798658594604
heyyy @ladyamphy,neither,0.03945320844208391,0.33037608806864915,0.630170703489267
"good zone, daisies!",neither,0.03861556489324797,0.33066419209574344,0.6307202430110085
hi @MeggieMay328 hi @ladyamphy,neither,0.03945320844208391,0.33037608806864915,0.630170703489267
first watch for wednesday club,neither,0.03283711648446238,0.306148012036744,0.6610148714787937
"Hello, everyone coming into the chat! :D",neither,0.03433818672443303,0.39583575148157396,0.5698260617939931
I feel like we maybe need to nudge Amy toward Mary Robinette Kowal's new books after the Enthusiarmy finishes the current one,neither,0.048422247793102134,0.29159192916627585,0.6599858230406219
welcome @bigjohnson3459,neither,0.03945320844208391,0.33037608806864915,0.630170703489267
@bigjohnson3459 neat,neither,0.03945320844208391,0.33037608806864915,0.630170703489267
Amy Dallen: human encyclopedia,neither,0.19720791395707674,0.1671129155525702,0.635679170490353
Hi @bigjohnson3459 Welcome and enjoy,neither,0.03873110137004454,0.29418264968053964,0.6670862489494157
no daily wednesday?,neither,0.03866163105738794,0.3438112221392943,0.6175271468033178
Am I seeing things or is Tal wearing eyeliner today?,neither,0.043568555024150225,0.3137363671021002,0.6426950778737496
oh gosh i'm late but hello everybody!,neither,0.04061987512137335,0.3016189963648682,0.6577611285137583
Same Taliesin,neither,0.04148851938089603,0.3488915597363099,0.609619920882794
I have always focused more on artists,neither,0.036970152664754195,0.3810722923185676,0.5819575550166783
Or maybe NK Jemsin's books then Mary Robinette's,neither,0.03945320844208391,0.33037608806864915,0.630170703489267
Hi @phoenixgoth,neither,0.03945320844208391,0.33037608806864915,0.630170703489267
Amy stores much information in her brain.,neither,0.031610841443160176,0.463724823838313,0.5046643347185269
QUESTION: who is Maria Severin and who is any one really ?,neither,0.04991690838172205,0.4022172016430547,0.5478658899752232
i don't really pay attention eiter,neither,0.03945320844208391,0.33037608806864915,0.630170703489267
hi all,neither,0.0423466876598404,0.4436528871510691,0.5140004251890904
as a comics noob I puffy heart love this about TWC. THANK YOU HOSTS for explaining everything gandsTWC,neither,0.039642779156225626,0.37925392493522203,0.5811032959085524
@darkhalfelf284 he is,neither,0.0817087036342036,0.3158424856208871,0.6024488107449093
@darkhalfelf284 he is,neither,0.0817087036342036,0.3158424856208871,0.6024488107449093
love tal's 826 shirt,neither,0.03682702935562388,0.34257309780080947,0.6205998728435667
"Glad you could make it, @phoenixgoth !",neither,0.05684144849737198,0.38604292647227917,0.557115625030349
i named an NPC in my D&D game Severin because of her.,offensive_language,0.023351584995915272,0.5402978976862948,0.43635051731778984
"gonna stay out of chat tonight, need to finish up some work. See all of you wonderful people!",neither,0.055268522449046266,0.44435402247051103,0.5003774550804427
"Wow I have often followed the artists, which is kinda oposite",neither,0.04347182158577852,0.32410949647976467,0.6324186819344568
Good luck @jessieleaf !,neither,0.038607236521895655,0.330667056604554,0.6307257068735503
Later @jessieleaf,neither,0.03945320844208391,0.33037608806864915,0.630170703489267
yeah see the thing about comics is that because it's so visual if I can't get into the art style I will not read it,neither,0.023313277439803916,0.4325002520649917,0.5441864704952043
@jessieleaf Happy doogLurk,neither,0.03945320844208391,0.33037608806864915,0.630170703489267
feel better @jessieleaf,neither,0.03945320844208391,0.33037608806864915,0.630170703489267
Just got in. what are they talking about?,neither,0.06402067280603871,0.37508153919906206,0.5608977879948992
@misssunflower94 Agreed,neither,0.03945320844208391,0.33037608806864915,0.630170703489267
there's not to say the stuff I can't get into is bad but often I just can't get into it,neither,0.03853398133152283,0.32002463934055697,0.6414413793279202
!questions,neither,0.03945320844208391,0.33037608806864915,0.630170703489267
"To make it easier to read questions in chat, please preface your questions with the word question in all caps. For example, QUESTION: How are you today?",neither,0.06209713493468228,0.3342013724685751,0.6037014925967426
@g0rmyr Read that as time travel rabbit for some reason,neither,0.027660152609284908,0.3765359014116169,0.5958039459790981
@SolaeXIII Topic is Marie Severin!,neither,0.047060334296879044,0.3277596486578455,0.6251800170452755
!topics,neither,0.03945320844208391,0.33037608806864915,0.630170703489267
"To make it easier to read the five-minute topic suggestions in chat, please preface your suggestions with the word topic in all caps. For example, TOPIC: I think so and so would be great for this role.",neither,0.04149502028580888,0.331123278479518,0.6273817012346732
Loving Matt Key's socks btw,neither,0.03945320844208391,0.33037608806864915,0.630170703489267
i went to pratt’s satellite in utica after i was too late w money to get into pratt proper,neither,0.04603720437298297,0.33410671394627567,0.6198560816807412
let's get this ball rolling,neither,0.025709318816068492,0.36803503941981125,0.6062556417641203
Thanks ya'll! catch you all later!,offensive_language,0.037358573788071725,0.6312265483207152,0.33141487789121304
I'm new to comics so don't know who this person is. I will go check it out while they talk!,neither,0.03637298136553048,0.3404300625701454,0.623196956064324
Wait...people thought girls weren't suppose to draw?...?,neither,0.051814760767961335,0.3195719262691553,0.6286133129628834
later @jessieleaf,neither,0.03945320844208391,0.33037608806864915,0.630170703489267
"see, in my family, the girls are the ones who actually can draw :D",neither,0.033791841988738275,0.42500288591416147,0.5412052720971001
psssh. Girls have always been doing art. We just occasionally blow off their work and call it crafts,neither,0.027553058551665673,0.40049388809830994,0.5719530533500244
"@101deadpool1017 Yeah, I'm in shock about that too!",neither,0.02230663325334112,0.47556842216085643,0.5021249445858025
"See ya later, @jessieleaf !",offensive_language,0.023968758406753034,0.6144406023076847,0.36159063928556223
Is that the Enterprise D on Amy's hoodie?,neither,0.039386084012322624,0.354734350239744,0.6058795657479334
"@misssunflower94 Yeah, that affects me too. When I first tried to read Watchmen, I put it down after a few pages. I was too young to appreciate the material at that age.",neither,0.024668370555487616,0.4520568945899787,0.5232747348545336
Girls arent' supposed to draw? gee no one told me,neither,0.0292605555326901,0.42370393682395074,0.5470355076433592
who said girls cant draw? lets go beat them up,neither,0.035521739025419864,0.472353459608709,0.49212480136587106
"Cue Madonnas ""Do you know what it feels like for a girl.""",neither,0.050604345804753224,0.3824419031268975,0.5669537510683493
girls were suppose to get married. They only were suppose to go to college to get a husband (that last part I wasn't aware of but have heard from older women since I was young),neither,0.04147014055033089,0.39931121688315213,0.559218642566517
then i was supposed to transfer there but couldn’t get the classes for the credits. broke my heart and made me quit art for 2 decades,neither,0.028427718061570486,0.3196187924403448,0.6519534894980846
@SolaeXIII a lot of long time comic readers are also unaware of her,offensive_language,0.04817278706061257,0.4876134230662869,0.46421378987310047
@101deadpool1017 For a long time women were taught to draw to be marketable as a wife but it was supposed to be a hobby like with music and conversation,neither,0.043477960863608625,0.3630757932203353,0.5934462459160561
Kappa Kappa,neither,0.03945320844208391,0.33037608806864915,0.630170703489267
"@misssunflower94 girls are supposed to draw, they're just not going to get paid for it",neither,0.05102984828226805,0.35343652097983497,0.5955336307378969
and these aren't that old of women - baby boomers,offensive_language,0.05166552596441978,0.4767016454310529,0.4716328286045273
@kaioraya That makes sense,neither,0.034971060831370915,0.3789492395430761,0.586079699625553
i am BACK from The Nun!,neither,0.039385913879396606,0.29596131975265755,0.6646527663679459
hi @AromiaFlyce <3,neither,0.03945320844208391,0.33037608806864915,0.630170703489267
was it any good?,neither,0.0365923275752165,0.33405547461636387,0.6293521978084197
ohhhh,neither,0.03945320844208391,0.33037608806864915,0.630170703489267
"THIS JUST IN: Societal gender ""rules"" are bullshit! Gender roles in general are bullshit. Ignore them! Throw them right out of the window.",neither,0.07410192901988877,0.41291268841819695,0.5129853825619143
"Matt, you're SO KIND",neither,0.07962907861679891,0.39317772153800346,0.5271931998451976
Sense Color is the best of Dnd Spells. friskkROFL,neither,0.04502534585331314,0.31126563438860455,0.6437090197580824
@101deadpool1017 Yeah. It goes back to...I think at least the 16th century in Europe. My Asian cultural norms history is a bit fuzzier,neither,0.035547306936252125,0.329594225751666,0.6348584673120818
QUESTION: how do get into the writing of a comic if the art doesn't grab you right away?,neither,0.03584628439878199,0.3660980123358976,0.5980557032653204
"Right on, @shidareAKI !",neither,0.03228355599857406,0.3933220477730441,0.5743943962283818
@shidareAKI seconded,neither,0.03945320844208391,0.33037608806864915,0.630170703489267
Comic distraction. Achievement unlocked.,neither,0.03945320844208391,0.33037608806864915,0.630170703489267
"@FuffyButt too many people.. :( too, too many.",neither,0.056818072513092344,0.33727065520444754,0.6059112722824601
@shidareAKI they are bullshit for everyone because society sucks all the time,offensive_language,0.05128393560053052,0.48857970915514676,0.4601363552443228
@shidareAKI Hear hear!,neither,0.03945320844208391,0.33037608806864915,0.630170703489267
,neither,0.03945320844208391,0.33037608806864915,0.630170703489267
Sense color spell?,neither,0.04068977594340845,0.32995077580139576,0.6293594482551957
defenestrate those gender norms!,neither,0.06754163343049285,0.2537374647213004,0.6787209018482069
@shidareAKI i also ignore stupid things.,neither,0.12284217155711996,0.23150942589707615,0.6456484025458038
Was there a Daily Wednesday today?,neither,0.03822468660973745,0.28122637061820405,0.6805489427720586
@shidareAKI I just automatically tried to like your comment then remembered Twitch doesn't do that,neither,0.06477867714672038,0.3691249591920583,0.5660963636612213
"@kaioraya Interesting, I heard about the music and conversation part, the art and drawing was new for me.",neither,0.03279746023788835,0.25643219570656633,0.7107703440555454
@AromiaFlyce I'll say no,neither,0.03819755645559542,0.35168777926991307,0.6101146642744915
"TOPIC: You and a comic book character of your choice fall through a time portal into another historical era, past or future. What character accompanies you, and what great feat must you accomplish in order to return home?",neither,0.09365732169303614,0.3032537050634313,0.6030889732435325
no letters @AromiaFlyce,neither,0.03852177801590115,0.3461848932406789,0.6152933287434199
"listen to aki, the wise ship computer :P",neither,0.04347755391013143,0.3161741373756448,0.6403483087142238
@AromiaFlyce Not yet at least.,neither,0.037145856806567124,0.36247328956404057,0.6003808536293922
@shadowsoflife its a joke. friskkSURE,neither,0.03163548880569872,0.3330649603378463,0.635299550856455
@AromiaFlyce not today no,neither,0.034408559796431266,0.3262860051394913,0.6393054350640776
"What would your supervillain names be, powers, and how do you get them?",neither,0.10309012149283937,0.31586689010574415,0.5810429884014164
Remember to defenestrate your gender norms after every mission.,neither,0.06728843216996855,0.3210513700738334,0.6116601977561981
OH MY,neither,0.02748693229954249,0.40236076101129065,0.5701523066891669
Alright @GreenTea_Leaf,neither,0.03945320844208391,0.33037608806864915,0.630170703489267
"Oh, nice!",neither,0.047157506312557065,0.25827831660427925,0.6945641770831636
thats way cool,neither,0.03957307839478318,0.3313798636198288,0.629047057985388
!twc,neither,0.03945320844208391,0.33037608806864915,0.630170703489267
"Here are some handy The Wednesday Club resources! TWC Reddit: reddit.com/r/WednesdayClub/ | Discord: https://discord.gg/6QK9fVB | Wednesday Club Fanclub on Facebook: facebook.com/groups/1945232949091586/ | Send in your thoughts, comic recommendations, questions, and more to Matt, Amy, and Taliesin at thewednesdayclub@geekandsundry.com",neither,0.05001524745118048,0.31503641584425707,0.6349483367045624
Look at that line work!,neither,0.03634310032954361,0.398718709869812,0.5649381898006444
@shidareAKI I like that one,offensive_language,0.05063237675071256,0.49780737609250997,0.45156024715677745
Thats some Van art,neither,0.032369121306795444,0.3426198367144657,0.6250110419787388
"@misssunflower94 You know, thats a really interesting question. I wonder if it differs for folks who were more exposed to novels before picture based works in their childhood.",neither,0.03569691262415841,0.3954088133037465,0.568894274072095
Warrior being fawned over by two women.,neither,0.04106289438989221,0.4531627543877662,0.5057743512223416
I think I had that... sadly stuff got washed away.,neither,0.03696386401138537,0.37284803210747874,0.590188103881136
@RainbowArchwizardMatthew that is a great Topic! We are off to a wonderous start,neither,0.06860035588471655,0.30348589507291757,0.6279137490423659
That's a remarkably accurate description...,neither,0.036062372335638464,0.36717477000206755,0.5967628576622941
Stoner specific divination properties,neither,0.03945320844208391,0.33037608806864915,0.630170703489267
@shidareAKI you.....you are a smart pareson and im dumb dumb compared to you lol,neither,0.10128179051258218,0.4234706455667828,0.475247563920635
Nope. I'm a Vellajo lover.,neither,0.03945320844208391,0.33037608806864915,0.630170703489267
"Listen, if all van art was /that good/ we'd have more painted vans!",neither,0.02886731487095609,0.4201640109684535,0.5509686741605905
!topic,neither,0.03945320844208391,0.33037608806864915,0.630170703489267
poor pterodactyl. just let him fly and be free,neither,0.026629979098489822,0.3418272736993997,0.6315427472021106
so stoner metal has the art,neither,0.03901061525328692,0.34539625780434813,0.6155931269423649
!topics,neither,0.03945320844208391,0.33037608806864915,0.630170703489267
"To make it easier to read the five-minute topic suggestions in chat, please preface your suggestions with the word topic in all caps. For example, TOPIC: I think so and so would be great for this role.",neither,0.04149502028580888,0.331123278479518,0.6273817012346732
oh that's nice,neither,0.04099006235261433,0.3196962335446067,0.6393137041027789
Can you say Molly Hatchet album cover!!!,neither,0.052869427298696,0.36394227054495987,0.583188302156344
Hi,neither,0.03945320844208391,0.33037608806864915,0.630170703489267
"@That_One_Guy212 hahaha I'm not smart at all, I'm just super loud and opinionated.",neither,0.03572983308666237,0.37758977305843294,0.5866803938549047
@japenrose thanks - it's something I've wondered about since the inception of this show,neither,0.02762225968348033,0.2699237948633205,0.7024539454531992
"Hi, @thoric01",neither,0.03945320844208391,0.33037608806864915,0.630170703489267
