text,top_class,hate_speech,offensive_language,neither
Here we go!,neither,0.13156755280784707,0.2765461283225309,0.5918863188696221
its up all,offensive_language,0.029197001983424405,0.5638309217435887,0.40697207627298676
LIVE,neither,0.04891340716200846,0.3271222919257548,0.6239643009122369
!!!,neither,0.03945320844208391,0.33037608806864915,0.630170703489267
Shes Cute,neither,0.041682280682993296,0.29254291472543487,0.6657748045915718
And we're off!,neither,0.06646119575208412,0.23915676221503715,0.6943820420328788
its here,neither,0.11304804868039274,0.2693716569310093,0.617580294388598
gandsHype,neither,0.03945320844208391,0.33037608806864915,0.630170703489267
recap!!,neither,0.03945320844208391,0.33037608806864915,0.630170703489267
IT BEGINS,neither,0.037828236809968684,0.3309349903269868,0.6312367728630445
LETS GO BOYS CRIT RECAP,neither,0.039769947559396224,0.34527728940882124,0.6149527630317825
Daniiiiiiiii,neither,0.03945320844208391,0.33037608806864915,0.630170703489267
Woo!,neither,0.03945320844208391,0.33037608806864915,0.630170703489267
Awww yis.,neither,0.03945320844208391,0.33037608806864915,0.630170703489267
Yay!!!!,neither,0.03945320844208391,0.33037608806864915,0.630170703489267
yayayayaya,neither,0.03945320844208391,0.33037608806864915,0.630170703489267
DANI!,neither,0.03945320844208391,0.33037608806864915,0.630170703489267
yaaas,neither,0.03945320844208391,0.33037608806864915,0.630170703489267
Yay Dani!,neither,0.03945320844208391,0.33037608806864915,0.630170703489267
Back just in time for recap...whoo!,neither,0.03146593531727561,0.3373179166862016,0.6312161479965229
Bidet!,neither,0.03945320844208391,0.33037608806864915,0.630170703489267
recap time yall,neither,0.036878351320157134,0.3740781332693571,0.5890435154104857
Yes!,neither,0.03945320844208391,0.33037608806864915,0.630170703489267
Yayyyyy Dani!,neither,0.03945320844208391,0.33037608806864915,0.630170703489267
Hey Danni ! <3,neither,0.03945320844208391,0.33037608806864915,0.630170703489267
Last episode was great!,neither,0.03752472777808003,0.30807709981829484,0.6543981724036253
Hey Dani!,neither,0.03945320844208391,0.33037608806864915,0.630170703489267
moon2MLADY,neither,0.03945320844208391,0.33037608806864915,0.630170703489267
Yeah!,offensive_language,0.013968601452186464,0.5182923869769311,0.4677390115708824
bidet from phoenix,neither,0.04066490145509902,0.30981049537100724,0.6495246031738937
"@Mainnalle Personally, I'd pass on the onions, but you do you.",neither,0.058928245574189166,0.4027828037978379,0.5382889506279729
bidet from Kentucky!!,neither,0.04071751644889743,0.3089174816120565,0.6503650019390461
YAY! <3 Dani!,neither,0.03945320844208391,0.33037608806864915,0.630170703489267
Is it Thursday yet?,neither,0.04651135664277627,0.32794846724679255,0.6255401761104311
Yesah!!,neither,0.03945320844208391,0.33037608806864915,0.630170703489267
YAS,neither,0.03945320844208391,0.33037608806864915,0.630170703489267
gandsClassic,neither,0.03945320844208391,0.33037608806864915,0.630170703489267
what is this?! an anime?!,neither,0.05472044558659699,0.31934274869469903,0.625936805718704
gandsLessthanthree critroleDani !,neither,0.03945320844208391,0.33037608806864915,0.630170703489267
We need a Dani emoji,neither,0.039168871977174835,0.3313226743866122,0.6295084536362129
Bidet from the U.K.,neither,0.039779025773403386,0.2539611253407979,0.7062598488857987
Dani <3,neither,0.03945320844208391,0.33037608806864915,0.630170703489267
!!!,neither,0.03945320844208391,0.33037608806864915,0.630170703489267
Dani is an uber fan.,neither,0.04584757721557718,0.3241867586913815,0.6299656640930412
<3,neither,0.03945320844208391,0.33037608806864915,0.630170703489267
if you can not see the recap you may need to refresh,neither,0.04935207553442391,0.39870036796158215,0.5519475565039941
yay,neither,0.03945320844208391,0.33037608806864915,0.630170703489267
"BIDET from beautiful Naples, FL",neither,0.040465745941076714,0.31319068419844015,0.6463435698604831
o,neither,0.03945320844208391,0.33037608806864915,0.630170703489267
Dani😆,neither,0.03945320844208391,0.33037608806864915,0.630170703489267
Bidet from Melbourne Aus!,neither,0.04228451509352876,0.2823214250720796,0.6753940598343917
Bidet and beep beep,neither,0.03763944115734239,0.1918412352459551,0.7705193235967025
Bidet from MD!,neither,0.04062582848913359,0.31047366557575606,0.6489005059351104
"Yah, its working",neither,0.03333857677842032,0.33247919028790224,0.6341822329336775
o,neither,0.03945320844208391,0.33037608806864915,0.630170703489267
Let’s go!!!!,neither,0.01806316484133749,0.39391011985298136,0.5880267153056813
YEET,neither,0.03945320844208391,0.33037608806864915,0.630170703489267
Bider,neither,0.03945320844208391,0.33037608806864915,0.630170703489267
fights with crabs...,neither,0.026685933432952478,0.3760235831450579,0.5972904834219895
@lucifermoloch lol My sister would die if i fed her onions - I am indulging because it's just for me :),neither,0.039456009402093595,0.457680200383234,0.5028637902146723
hype?,neither,0.03945320844208391,0.33037608806864915,0.630170703489267
it's not coming up for me,neither,0.02171872651706731,0.3985571846470733,0.5797240888358595
Bidet from massachusetts!,neither,0.04069404815304118,0.30931579984010865,0.6499901520068502
critroleDani critroleDani critroleDani critroleDani,neither,0.03945320844208391,0.33037608806864915,0.630170703489267
Bidet from Louisiana!,neither,0.04062582848913359,0.31047366557575606,0.6489005059351104
Bidet from Atlanta!,neither,0.04078317879478948,0.307803020237201,0.6514138009680096
BIDET,neither,0.03945320844208391,0.33037608806864915,0.630170703489267
Bidet from the UK ! I should be sleeping for work but critical role !,neither,0.040407931997186806,0.31718382812378404,0.6424082398790292
yeet CR,neither,0.03945320844208391,0.33037608806864915,0.630170703489267
Bidet from New Hampshire Also no hurricane here just watching Massachusetts catch on fire and blow up,neither,0.05390293414896467,0.28943961509762844,0.6566574507534069
Awwwww yeahhhh soooo ready,neither,0.03945320844208391,0.33037608806864915,0.630170703489267
ayy,neither,0.03945320844208391,0.33037608806864915,0.630170703489267
bidet from indiana,neither,0.0408364874901429,0.30689823255244486,0.6522652799574122
Sprinkle is my spirit animal,neither,0.034875889139763326,0.41039121619989083,0.5547328946603459
dont forget #LaytheClay,neither,0.03945320844208391,0.33037608806864915,0.630170703489267
;0,neither,0.03945320844208391,0.33037608806864915,0.630170703489267
Yo did I see someone else from ABQ just now? Burque represent!,neither,0.03699930076589359,0.383215021411677,0.5797856778224295
PokPikachu PokPikachu PokPikachu PokPikachu PokPikachu PokPikachu,neither,0.03945320844208391,0.33037608806864915,0.630170703489267
bidet from oregon!,neither,0.04071751644889743,0.3089174816120565,0.6503650019390461
bidet bidet bidet!,neither,0.03945320844208391,0.33037608806864915,0.630170703489267
BIDGET from houston!!!!!!,neither,0.040875471929787875,0.3062365648703896,0.6528879631998226
henlo cryW2,neither,0.03945320844208391,0.33037608806864915,0.630170703489267
Bidet from BC,neither,0.041095261662497835,0.30250615950080734,0.6563985788366947
Omg its starting!,neither,0.03308592528352114,0.33256608872248455,0.6343479859939943
i cant wait ilove this stream,neither,0.03938490087304294,0.33153544578382416,0.629079653343133
Bidet from NC!,neither,0.04066490145509902,0.30981049537100724,0.6495246031738937
Bidet from Manhattan Kansas!,neither,0.04071751644889743,0.3089174816120565,0.6503650019390461
Such a lovely scene with mama.,neither,0.03115131869939138,0.35595181168514317,0.6128968696154654
what is BIDET?,neither,0.08191733112755817,0.31109320414220176,0.6069894647302402
Ayy lmao waddup,neither,0.03857360585394139,0.3453052395692571,0.6161211545768015
gandsRaid,neither,0.03945320844208391,0.33037608806864915,0.630170703489267
Bidet from Chicago,neither,0.04078317879478948,0.307803020237201,0.6514138009680096
cheer250 I'm really excited for this episode!,neither,0.03402455050291239,0.30503654495565374,0.660938904541434
Northern Manitoba 👅👅👅,neither,0.03945320844208391,0.33037608806864915,0.630170703489267
anyone here going to the live show next month?,neither,0.10185928285641224,0.25886747301611696,0.6392732441274708
Bone apple tea...,neither,0.03945320844208391,0.33037608806864915,0.630170703489267
Bidet,neither,0.03945320844208391,0.33037608806864915,0.630170703489267
more jester mom fanart! :D,neither,0.04233636113295528,0.31547433851061746,0.6421893003564272
Bidet from Boston,neither,0.040769555981420263,0.3080342349327864,0.6511962090857933
beep beep from pa,neither,0.04069404815304118,0.30931579984010865,0.6499901520068502
eeeeeeeeee,neither,0.03945320844208391,0.33037608806864915,0.630170703489267
"Bidet from London, Ontario Canada -- and to all Critters in the Carolinas and areas affected by Hurricane Florence -- hope all are safe!",neither,0.07336926140801463,0.2825511571172044,0.644079581474781
bidet from spain,neither,0.04228451509352876,0.2823214250720796,0.6753940598343917
Bidet from Florida,neither,0.0408948396164547,0.30590784468201904,0.6531973157015263
Bidet from El Paso!,neither,0.04080695066346891,0.3073995495860776,0.6517934997504536
Here we go,neither,0.13156755280784707,0.2765461283225309,0.5918863188696221
bidet from michigan! gandsOwlbear gandsOwlbear gandsOwlbear,neither,0.040769555981420263,0.3080342349327864,0.6511962090857933
hello all,neither,0.04217753453783664,0.43734383323855475,0.5204786322236087
why yall talkin about fancy toilets,neither,0.027688675543863745,0.38811600526111334,0.5841953191950229
bidet from my toilet,neither,0.028029848107917345,0.4088262126572925,0.56314393923479
Bidet,neither,0.03945320844208391,0.33037608806864915,0.630170703489267
Bidet from Kentucky!!,neither,0.04071751644889743,0.3089174816120565,0.6503650019390461
bidet from Pittsburgh PA USA,neither,0.04022135297240217,0.31733867069167054,0.6424399763359273
how do i see the players character icons during the stream?,neither,0.039233627126553004,0.30980690673297095,0.650959466140476
"Nugget only survived last episode, because there were no fights",neither,0.039137955424993966,0.3028750171545883,0.6579870274204176
Bidet from England! gandsJester gandsJester gandsJester gandsJester,neither,0.04071751644889743,0.3089174816120565,0.6503650019390461
Bidet from maine,neither,0.04069404815304118,0.30931579984010865,0.6499901520068502
Bigit from Space!,neither,0.040754399270683486,0.3082914838698526,0.650954116859464
Bidet from New Jersey!,neither,0.04458029923653559,0.209841401288464,0.7455782994750004
Bidet all!,offensive_language,0.046917543854519406,0.6277741405869331,0.3253083155585475
woot! Bidet all!,neither,0.041581534396601456,0.41502748495485636,0.5433909806485423
Bidet = Good day,neither,0.039184892391848775,0.3050917618113163,0.6557233457968349
Hi from California,neither,0.06170019245480029,0.30490762500223495,0.6333921825429647
bidet from Oahu,neither,0.04228451509352876,0.2823214250720796,0.6753940598343917
CoolStoryBob CoolStoryBob CoolStoryBob CoolStoryBob CoolStoryBob CoolStoryBob CoolStoryBob CoolStoryBob CoolStoryBob,neither,0.03945320844208391,0.33037608806864915,0.630170703489267
Bidet,neither,0.03945320844208391,0.33037608806864915,0.630170703489267
Bidet from Albany Oregon,neither,0.04071751644889743,0.3089174816120565,0.6503650019390461
Bidet from the middle of nowhere,neither,0.03957562280662489,0.2981545773626414,0.6622697998307338
"Bidet from Athens, GA",neither,0.040737273169946825,0.30858215849491494,0.6506805683351382
Kentuckeeee,neither,0.03945320844208391,0.33037608806864915,0.630170703489267
bidet from ct!,neither,0.04066490145509902,0.30981049537100724,0.6495246031738937
"Hi from Alberta, Canada",neither,0.0402535834703229,0.3167916350270591,0.6429547815026182
bidet from italy!!,neither,0.04066490145509902,0.30981049537100724,0.6495246031738937
"@Seeker619 It's a joke from the first campaign. Grog mistakenly was saying ""bidet"" instead of ""good day"" as a greeting.",neither,0.028675516288592995,0.3260299814708192,0.6452945022405879
Bidet from mountain view ca!,neither,0.040287828176223214,0.31621041299636987,0.6435017588274069
"Bidet from Florida, Fellow Critters!!",neither,0.04048688448183667,0.31283190799454846,0.6466812075236148
is it Friday yet ? UK Joke :D,neither,0.04453308855382061,0.3286288843572596,0.6268380270889198
Bidet from Florida!,neither,0.0408948396164547,0.30590784468201904,0.6531973157015263
bidet from Ireland!,neither,0.04066490145509902,0.30981049537100724,0.6495246031738937
"bidet from Lansing,MI",neither,0.04038868291416263,0.3144986448836462,0.6451126722021913
bidet from provo,neither,0.04228451509352876,0.2823214250720796,0.6753940598343917
bidet from Massachusetts,neither,0.04069404815304118,0.30931579984010865,0.6499901520068502
BIDET FROM KENTUCKY,neither,0.04071751644889743,0.3089174816120565,0.6503650019390461
"@Seeker619 A reference to Campaign 1 where Grog said ""bidet"" instead of ""good day""",neither,0.04524453843535773,0.29618805582093877,0.6585674057437036
bidet from texas,neither,0.040937266849991,0.30518774380265185,0.6538749893473571
bidet from kcmo,neither,0.04228451509352876,0.2823214250720796,0.6753940598343917
critroleDani critroleDani critroleDani critroleDani,neither,0.03945320844208391,0.33037608806864915,0.630170703489267
yo yo,offensive_language,0.04010381111145228,0.5271105317972344,0.4327856570913131
"BIDET FROM EARTH, CRITTERS",neither,0.040900798001632634,0.3058067153354034,0.653292486662964
hey from the hurricane in NC,neither,0.03955176742095954,0.3040012575347615,0.656446975044279
"yo yo, yo",offensive_language,0.04010381111145228,0.5271105317972344,0.4327856570913131
"bidet from mass, the neighboring towns have no power because a gas company through high pressure gas into peoples low pressure pipe lines, blowing up one home and lighting fires in 38 others",neither,0.03684345790234027,0.36288240305100844,0.6002741390466513
The only thing insomnia gives you is a chance to watch critical role live...,neither,0.06375857832422249,0.3374290696424284,0.598812352033349
mom goals gandsLollypop,neither,0.03945320844208391,0.33037608806864915,0.630170703489267
bidet from the UK!,neither,0.039613273355342184,0.2892653269430044,0.6711213997016535
"Bidet from Queensland, Australia",neither,0.04062582848913359,0.31047366557575606,0.6489005059351104
"Bidet from Alberta, Canada",neither,0.040354386843928725,0.3150807387011266,0.6445648744549448
@kontricon It's CritRole joke,neither,0.03732900470022614,0.3311066991421165,0.6315642961576573
KonCha <3,neither,0.03945320844208391,0.33037608806864915,0.630170703489267
gandsRaid,neither,0.03945320844208391,0.33037608806864915,0.630170703489267
"@ashims94 Only on Alpha, I think",neither,0.03707043045452084,0.33511548986018236,0.6278140796852969
Bidet from Michigan,neither,0.040769555981420263,0.3080342349327864,0.6511962090857933
cryLurk,neither,0.03945320844208391,0.33037608806864915,0.630170703489267
"@violentmuse bidet from Niles, MI!",neither,0.04081748366884477,0.3072207769958956,0.6519617393352596
"Bidet from Macon, Ga",neither,0.04036148306971713,0.3149602972298236,0.6446782197004592
Bidet from Lubbock Texas!,neither,0.040937266849991,0.30518774380265185,0.6538749893473571
Bidyeet from KY,neither,0.04062582848913359,0.31047366557575606,0.6489005059351104
Bidet from the SF Bay Area,neither,0.039545604281459375,0.30554129206981406,0.6549131036487266
bidet from Canada,neither,0.04071751644889743,0.3089174816120565,0.6503650019390461
GENTLEMEN IS JESTERS DAD,neither,0.05349780000852888,0.3255455090057402,0.6209566909857309
yyyeeeaaahhh!! The Pre-show C&R is Here! calebK I knew you mods read my comment last week <3,neither,0.08963676153855386,0.32518737248855006,0.5851758659728962
body from Indiana,neither,0.04058094175723614,0.3112355105610911,0.6481835476816727
those subs O.O,neither,0.06940834553687121,0.24970328122095314,0.6808883732421755
bidget from Austin txs,neither,0.04086843745212,0.30635595831493706,0.6527756042329429
"oh dang, first time ever tunning in live!",neither,0.04006103210846022,0.3025698791411007,0.6573690887504392
bidet from pittsburgh!,neither,0.04066490145509902,0.30981049537100724,0.6495246031738937
@ImALadyDangIt Ty <3,neither,0.03945320844208391,0.33037608806864915,0.630170703489267
"Bidet from Ventura, Ca!",neither,0.04039749100449293,0.314349148603457,0.6452533603920501
Bidet from Serbia,neither,0.04228451509352876,0.2823214250720796,0.6753940598343917
I'm ready to be Critically Rolled,neither,0.0470280738221165,0.3301410010862244,0.622830925091659
Bidet from michigan,neither,0.040769555981420263,0.3080342349327864,0.6511962090857933
@XgravemistakeX What the hell man lol,offensive_language,0.03851486715130667,0.8503260440518714,0.11115908879682188
bidet from Russia,neither,0.04066490145509902,0.30981049537100724,0.6495246031738937
Oh em geeee,neither,0.04765403344119293,0.2539198139125141,0.6984261526462929
Wonder how Sam is gonna top last weeks D&D Beyond promo this week,neither,0.0430447406440609,0.35507711872795816,0.601878140627981
Bidet from Massachusetts!,neither,0.04069404815304118,0.30931579984010865,0.6499901520068502
bidet from mn,neither,0.040737273169946825,0.30858215849491494,0.6506805683351382
Baguette from Canada.,neither,0.04071751644889743,0.3089174816120565,0.6503650019390461
"Bidet from Pittsburgh, PA",neither,0.04036266062233628,0.31494031108870923,0.6446970282889545
Bidet from Sweden,neither,0.04228451509352876,0.2823214250720796,0.6753940598343917
Bidet from Miami!,neither,0.04082729608690459,0.3070542346530501,0.6521184692600454
Bidet from Mass everyone! I'm so excited this is the first time that I have been able to catch it live,neither,0.03789106731397992,0.4235253090821827,0.5385836236038373
"Bidet from Gold Coast, Australia",neither,0.04026316863007075,0.3166289498508645,0.6431078815190648
gandsHype,neither,0.03945320844208391,0.33037608806864915,0.630170703489267
CHEES! back soon!,neither,0.03945320844208391,0.33037608806864915,0.630170703489267
biddit from Lancashire,neither,0.04228451509352876,0.2823214250720796,0.6753940598343917
bidet from Sweden,neither,0.04228451509352876,0.2823214250720796,0.6753940598343917
0 viewers?!,neither,0.03945320844208391,0.33037608806864915,0.630170703489267
Bidet from Houston Texas,neither,0.040553695508357114,0.31169795051161153,0.6477483539800314
hey from Sanford NC,neither,0.04049928086597196,0.3126215090037881,0.64687921013024
Bidet from OK,neither,0.04104157946423444,0.3034172865047108,0.6555411340310547
this part was sooooooooo funnyy,neither,0.03916212746333759,0.3353164919387945,0.625521380597868
@Miish_ bidet from miish,neither,0.04228451509352876,0.2823214250720796,0.6753940598343917
Bidet from Haida Gwaii,neither,0.04228451509352876,0.2823214250720796,0.6753940598343917
finally finished all of season 1 and 2 so I can finally watch live!!!,neither,0.045990994017780784,0.3634112421521786,0.5905977638300406
Marisha's Face LUL,neither,0.03945320844208391,0.33037608806864915,0.630170703489267
Bidet from Iowa,neither,0.04069404815304118,0.30931579984010865,0.6499901520068502
beep beep from Dublin Ireland!,neither,0.040334677536117594,0.315415257091876,0.6442500653720065
and hi chat and C&R ppl caleb4Head /,neither,0.03826460557738094,0.2659131430138955,0.6958222514087236
bidet from NJ,neither,0.04069404815304118,0.30931579984010865,0.6499901520068502
bidet from west seneca!!!!,neither,0.040853311764050625,0.30661268071637476,0.6525340075195746
Bidet from NYC,neither,0.04081748366884477,0.3072207769958956,0.6519617393352596
@Seeker619 No problem!,neither,0.03816155161732251,0.3522988753405446,0.6095395730421328
Beau's reaction was amazing,neither,0.03933388642596305,0.33240129408786756,0.6282648194861694
"Bidet from Milton,MA!",neither,0.031816597323666866,0.4599893087150652,0.5081940939612679
what is this Bidet thing?,neither,0.06203339790381318,0.32189209363805366,0.6160745084581332
bidet form ny!,neither,0.03945320844208391,0.33037608806864915,0.630170703489267
Father daughter sweaty art is what I'm expecting,neither,0.0478731018891738,0.32624112064080957,0.6258857774700167
Bidet from NY,neither,0.04084513770590474,0.30675141581570226,0.6524034464783931
"Oh hey, nice to see some more critters from KY!",neither,0.04340067173313603,0.2831141619456317,0.6734851663212323
LAURA IS MY WIFEEEEEEE,offensive_language,0.028213745359658256,0.5351030699341097,0.4366831847062321
Let's go Pens @gingeneer !,neither,0.025687202250257467,0.36633761214089405,0.6079751856088484
bidet from colonial williamsburg!,neither,0.04062582848913359,0.31047366557575606,0.6489005059351104
"@neilgunnion -> THE EMOTES, THEY`RE TOO MANY [warning]",neither,0.055080314918249766,0.29325628621143124,0.651663398870319
bidet from wisco,neither,0.04228451509352876,0.2823214250720796,0.6753940598343917
"""Deucy""",neither,0.03945320844208391,0.33037608806864915,0.630170703489267
bidet from Ireland,neither,0.04066490145509902,0.30981049537100724,0.6495246031738937
Bidet from Brazil gandsOwlbear,neither,0.04079557052152802,0.30759270029461827,0.6516117291838538
Bidet from Liverpool,neither,0.04228451509352876,0.2823214250720796,0.6753940598343917
Cue Mammia Mia AU,neither,0.03945320844208391,0.33037608806864915,0.630170703489267
@Pod_Nod Bidet there Banana-bender! How's the weather? haha,neither,0.03617597752286412,0.33980543319133066,0.6240185892858053
"bidet from Claremont, CA!",neither,0.04084513770590474,0.30675141581570226,0.6524034464783931
Marisha that episode: WHAT?! WHAT?!,neither,0.046550494034357445,0.3636351204532498,0.5898143855123927
this chat room is giving me toxic thoughts.,neither,0.03922556689140465,0.358404224060598,0.6023702090479973
"Bidet from New Brunswick, Canada",neither,0.04427516225640692,0.21740380486553929,0.7383210328780537
Beep beep and bidet from California!,neither,0.06626235641833483,0.2523528698850068,0.6813847736966583
Bidet from Palm Coast Florida,neither,0.04027075868893269,0.3165001267435019,0.6432291145675654
Someone from Ventura?! I’m from Camarillo!,neither,0.04121548906168211,0.3004655867681414,0.6583189241701765
"@theseigisamurai It's a joke from the first campaign. Grog mistakenly was saying ""bidet"" instead of ""good day"" as a greeting.",neither,0.028675516288592995,0.3260299814708192,0.6452945022405879
"bidet = grog way of saying ""good day"" from campaign 1",neither,0.033538368989271046,0.3064971411539961,0.6599644898567328
Hope Laura is feeling better,neither,0.09891900749741799,0.20296211370696116,0.6981188787956208
bidet!,neither,0.03945320844208391,0.33037608806864915,0.630170703489267
bidet from sd,neither,0.04228451509352876,0.2823214250720796,0.6753940598343917
@rtk142 Let's go Pens!,neither,0.025687202250257467,0.36633761214089405,0.6079751856088484
hi friends!,neither,0.03945320844208391,0.33037608806864915,0.630170703489267
Bidet from Brazi o/,neither,0.04228451509352876,0.2823214250720796,0.6753940598343917
Bidet = Good Day,neither,0.039184892391848775,0.3050917618113163,0.6557233457968349
"@theseigisamurai joke from last campaign, g'day = bidet",neither,0.04077481562602863,0.3025368858956503,0.6566882984783211
bidet from oregon,neither,0.04071751644889743,0.3089174816120565,0.6503650019390461
MAMMA MIA IM REALLY GOIN THERE,neither,0.03880407624158026,0.32291566549435863,0.6382802582640611
Bidet from Reading Pa,neither,0.04044015036384062,0.3136251079432704,0.645934741692889
MY MY,offensive_language,0.011017215557639733,0.6062201221254095,0.3827626623169507
Bidet from Maine!!,neither,0.04069404815304118,0.30931579984010865,0.6499901520068502
Bidet from NY,neither,0.04084513770590474,0.30675141581570226,0.6524034464783931
Bidet universe,neither,0.03945320844208391,0.33037608806864915,0.630170703489267
wat,neither,0.03945320844208391,0.33037608806864915,0.630170703489267
"bidet from Orlando, FL",neither,0.040334677536117594,0.315415257091876,0.6442500653720065
@anothertweet another Irish fan!?,neither,0.08901430137461681,0.25788224601174375,0.6531034526136396
Bidet from Canada,neither,0.04071751644889743,0.3089174816120565,0.6503650019390461
critroleGothdad critroleGothdad critroleGothdad critroleGothdad critroleGothdad critroleGothdad critroleGothdad,neither,0.03945320844208391,0.33037608806864915,0.630170703489267
critroleDani critroleDani critroleDani critroleDani,neither,0.03945320844208391,0.33037608806864915,0.630170703489267
LOL i thought that it was the new episode! imma dork..,neither,0.034629381425707983,0.25915786259828144,0.7062127559760105
Bidet,neither,0.03945320844208391,0.33037608806864915,0.630170703489267
SEAN ARE YOU HERE? :p,neither,0.21193746524702212,0.26343529403750726,0.5246272407154706
Bidet from Austin! :D,neither,0.04086843745212,0.30635595831493706,0.6527756042329429
"Bidet Lakewood, WA",neither,0.03945320844208391,0.33037608806864915,0.630170703489267
Bidet from IL,neither,0.04066490145509902,0.30981049537100724,0.6495246031738937
PSYREK,neither,0.03945320844208391,0.33037608806864915,0.630170703489267
Beep beep,neither,0.03945320844208391,0.33037608806864915,0.630170703489267
bidet from Indiana!,neither,0.0408364874901429,0.30689823255244486,0.6522652799574122
hallo,neither,0.03945320844208391,0.33037608806864915,0.630170703489267
"Love how Caleb referred to Beau as ""Miss Regard"" last week...",neither,0.0362573918428831,0.356059830101288,0.607682778055829
gandsLHMercer gandsLHMercer gandsLHMercer gandsLHMercer,neither,0.03945320844208391,0.33037608806864915,0.630170703489267
bidet from Houston.,neither,0.040875471929787875,0.3062365648703896,0.6528879631998226
bidet from Colorado!,neither,0.04066490145509902,0.30981049537100724,0.6495246031738937
Bidet from Puerto Rico,neither,0.040392180697499655,0.3144392783719297,0.6451685409305706
"@GeekandSundry see, let the resubs flow before the CR Starts you know calebK",neither,0.03381458821204335,0.3968019491921504,0.5693834625958061
Bidet from Georgia! <3,neither,0.04066490145509902,0.30981049537100724,0.6495246031738937
Bidet from Raleigh NC,neither,0.04066490145509902,0.30981049537100724,0.6495246031738937
Bidet from Salt Lake <3,neither,0.04042918616695488,0.31381119897869514,0.6457596148543501
critroleDani critroleDani critroleDani critroleDani critroleDani,neither,0.03945320844208391,0.33037608806864915,0.630170703489267
Bidet from California!,neither,0.06971251856910227,0.2972619859879888,0.633025495442909
Bidet friends!,neither,0.03945320844208391,0.33037608806864915,0.630170703489267
Bidet from Colorado!,neither,0.04066490145509902,0.30981049537100724,0.6495246031738937
"bidet from Indianapolis, Indiana shipElliot",neither,0.04039476597904064,0.31439539939713196,0.6452098346238274
bidet from Indiana!,neither,0.0408364874901429,0.30689823255244486,0.6522652799574122
gandsLHMercer gandsLHMercer gandsLHMercer gandsLHMercer,neither,0.03945320844208391,0.33037608806864915,0.630170703489267
coeBot BIDET from Nebraska! coeBot,neither,0.04062582848913359,0.31047366557575606,0.6489005059351104
bidet from chicago!,neither,0.04078317879478948,0.307803020237201,0.6514138009680096
qq: what is the diacord server?,neither,0.07361277284457059,0.28255123200191234,0.6438359951535172
@Infamouscarlos11 bidet from puerto rico too!,neither,0.04012566448735072,0.3189627540100399,0.6409115815026095
"Bidet my fellow Critters, from sunny Southern California! Thank the Gods it's Thursday! :-)",neither,0.04076999002055101,0.3590558117046216,0.6001741982748273
"@DatDrunkIrishGuy Not stereotypical at all, best name on twitch xD",neither,0.03600078678164787,0.4148668788478806,0.5491323343704716
Bidet from Colorado!,neither,0.04066490145509902,0.30981049537100724,0.6495246031738937
Bidet to all from Arizona,neither,0.051550471355611596,0.3888504121974212,0.559599116446967
Gladys’ voice sounds quite similar to the powder seller that Percy encountered in Vasselheim,neither,0.0401716222358181,0.34016013375800697,0.6196682440061748
cryLurk,neither,0.03945320844208391,0.33037608806864915,0.630170703489267
bidet,neither,0.03945320844208391,0.33037608806864915,0.630170703489267
Hello and Bidet everyone! <3,neither,0.032384710167621775,0.40000354201940846,0.5676117478129697
!diccord,neither,0.03945320844208391,0.33037608806864915,0.630170703489267
I really liked Gladys. XD,neither,0.03945320844208391,0.33037608806864915,0.630170703489267
critroleStay critroleTurnt critroleDani,neither,0.03945320844208391,0.33037608806864915,0.630170703489267
@fortniteguy112,neither,0.03945320844208391,0.33037608806864915,0.630170703489267
Wait...do we know Beau's family name?,neither,0.040602058960569204,0.3323114089512664,0.6270865320881645
"grog got ""Be pleased"" and "" Good Day"" mixed up..hense Be Day...Bidet",neither,0.03721647752201368,0.351498349436459,0.6112851730415274
gandsCaleb,neither,0.03945320844208391,0.33037608806864915,0.630170703489267
gandsRaid gandsRaid gandsRaid gandsRaid gandsRaid gandsRaid gandsRaid,neither,0.03945320844208391,0.33037608806864915,0.630170703489267
@gracklegoof bleedPurple TakeNRG,neither,0.03945320844208391,0.33037608806864915,0.630170703489267
bidet from sweden,neither,0.04228451509352876,0.2823214250720796,0.6753940598343917
Bidet to the mods!,neither,0.06348207243887267,0.2676115413284709,0.6689063862326565
T-minus 10 minutes and counting...,neither,0.038867522459673065,0.30152392618236984,0.6596085513579572
"""My shade is out""",neither,0.02981889664339723,0.4406389380796927,0.52954216527691
<3,neither,0.03945320844208391,0.33037608806864915,0.630170703489267
bidet,neither,0.03945320844208391,0.33037608806864915,0.630170703489267
Bidet from Australia,neither,0.04062582848913359,0.31047366557575606,0.6489005059351104
majest1Balloon majest1Balloon majest1Balloon,neither,0.03945320844208391,0.33037608806864915,0.630170703489267
!discird,neither,0.03945320844208391,0.33037608806864915,0.630170703489267
lots of IN peeps. IN here too!,neither,0.07353783423675198,0.3046910153009031,0.6217711504623449
Im only 1 and half hours through episode 33! Noooooooooooooooooo!,neither,0.038392087675648355,0.32498648729023805,0.6366214250341136
LOL,neither,0.020706217963973744,0.4882283491876925,0.4910654328483337
Bidet and beep beep.,neither,0.03763944115734239,0.1918412352459551,0.7705193235967025
Me? caleb4Head,neither,0.018491955366437673,0.460246435692358,0.5212616089412043
critroleStay critroleTurnt critroleStay critroleTurnt,neither,0.03945320844208391,0.33037608806864915,0.630170703489267
Bidet!,neither,0.03945320844208391,0.33037608806864915,0.630170703489267
!discord,neither,0.03945320844208391,0.33037608806864915,0.630170703489267
We have a subscriber-only Discord server! Join here: https://discord.gg/geekandsundry (you'll need to sub and link it to your Twitch) and be a part of the fun!...Warning: It can take up to an hour for the server to update and give you access to the channels,neither,0.08464076273808444,0.286394834032893,0.6289644032290227
"Careful, Liam, your shade is showing",neither,0.06635831507989554,0.3224098949579731,0.6112317899621315
I'm so pumped! favorite night of the week!,neither,0.033060630350435244,0.3509857379914881,0.6159536316580768
bidet from new orleans!,neither,0.04450700662299174,0.21166473641774403,0.7438282569592642
CoolStoryBob CoolStoryBob CoolStoryBob CoolStoryBob,neither,0.03945320844208391,0.33037608806864915,0.630170703489267
@tpblaze its a stereotype but god damn is it accurate for me xD,offensive_language,0.03202263031905988,0.639886877791553,0.32809049188938705
!discord,neither,0.03945320844208391,0.33037608806864915,0.630170703489267
I am providing shade to you lmaooo,neither,0.053761470537048425,0.4059711181105236,0.540267411352428
IN here as well PogChamp,neither,0.10317816594060998,0.32158723663231087,0.5752345974270793
Tortle!,neither,0.03945320844208391,0.33037608806864915,0.630170703489267
Caleb's sass is adorable.,neither,0.04718106064976454,0.32771812532910854,0.6251008140211268
@foxgod2112,neither,0.03945320844208391,0.33037608806864915,0.630170703489267
bidet everyone!,offensive_language,0.02988896790634741,0.4927062106388782,0.4774048214547744
critrolePride critrolePride critrolePride,neither,0.03945320844208391,0.33037608806864915,0.630170703489267
OOOOOOOOOOOOOH,neither,0.03945320844208391,0.33037608806864915,0.630170703489267
Bidet from Indianapolis!,neither,0.04062582848913359,0.31047366557575606,0.6489005059351104
Bidet from CO!,neither,0.04181741232017598,0.2902493781769742,0.6679332095028498
i'm assuming shade means s*h*i*t*,neither,0.03945320844208391,0.33037608806864915,0.630170703489267
bidet from bc!,neither,0.041095261662497835,0.30250615950080734,0.6563985788366947
THE TORTLE!!!!,neither,0.03613032604487659,0.2619290779399786,0.7019405960151449
Bidet all from Virginia! Here's to not dying in Hurricane Florence!,neither,0.07290258641201104,0.3382510225578681,0.5888463910301208
bidet from Delaware,neither,0.04228451509352876,0.2823214250720796,0.6753940598343917
bidet from puerto rico <3,neither,0.040392180697499655,0.3144392783719297,0.6451685409305706
"Bidet from Australia over here, too bajoCheers",neither,0.07611152405428552,0.287726003904448,0.6361624720412664
AKA RIGHT NOW PEOPLE WHOOP,neither,0.0634119739949239,0.3436477950037365,0.5929402310013394
Bidet from Wildemount,neither,0.04228451509352876,0.2823214250720796,0.6753940598343917
we get to meet the fireside chat npc tonight probalby,neither,0.041507825779843105,0.3060082639857853,0.6524839102343716
I'm so ready for water boy turtle! :D,neither,0.034463455610315705,0.3397558823771232,0.625780662012561
AAAAHHH TORTLE TIME HELL YEAH,offensive_language,0.025054799035150427,0.840951438430482,0.13399376253436754
Yooooo,neither,0.03945320844208391,0.33037608806864915,0.630170703489267
hello from florida,neither,0.040536001003355936,0.3119982724404598,0.6474657265561843
its a bagpipe,neither,0.02700859978372578,0.3346563596412867,0.6383350405749875
IM SO EXCITEDD,offensive_language,0.03778127420098585,0.4856474629291283,0.47657126286988594
WHOOOAAAA YASSS,neither,0.03945320844208391,0.33037608806864915,0.630170703489267
"Thank you, Dani!!! <3",neither,0.056569537053094594,0.387589590314071,0.5558408726328344
woot woot everyone enjoy the stream,neither,0.03601349178003826,0.37413082060128344,0.5898556876186783
Bidet from Wisconsin,neither,0.04071751644889743,0.3089174816120565,0.6503650019390461
beep beep!!!,neither,0.03945320844208391,0.33037608806864915,0.630170703489267
Bidet from Maryland,neither,0.04066490145509902,0.30981049537100724,0.6495246031738937
"Hey fam, this is my first live game in awhile, hopefully its a good one!",neither,0.030941364023501356,0.37190788022253896,0.5971507557539597
OH GOD THE KIRI DOLL,neither,0.043566639103443675,0.2658691397991599,0.6905642210973963
Eyy the voted npc is coming into the picture,neither,0.04349599449922252,0.3077580429617335,0.6487459625390439
"Bidet from Austin, TX",neither,0.0404991143919742,0.31262433450199256,0.6468765511060333
bidet to all I live 15 Minutes from the studio,neither,0.04966579709173115,0.3506553591959151,0.5996788437123537
@DatDrunkIrishGuy Hahahaha same for me 420 blaze it :D,neither,0.030427772258105654,0.34073504999414067,0.6288371777477537
<3,neither,0.03945320844208391,0.33037608806864915,0.630170703489267
aup LL,neither,0.03945320844208391,0.33037608806864915,0.630170703489267
WOOO,neither,0.03945320844208391,0.33037608806864915,0.630170703489267
Aww I missed the recap,neither,0.038745137460901746,0.317490882318434,0.6437639802206642
t101All t101Good t101Noot1 t101Noot1,neither,0.03945320844208391,0.33037608806864915,0.630170703489267
"hey, just want to say I love this community a whole heck of a lot",neither,0.03875923548634214,0.34757256908098333,0.6136681954326744
Just keep Sam away from anything that'll stain that precious table,neither,0.03435181370118932,0.3637569887612558,0.6018911975375548
First Animal Crossing for Switch in 2019 and now Critical Role! Today is a good day!! :D,neither,0.03530152565840008,0.27827078595221677,0.6864276883893831
always love the fanart,neither,0.031192079866553958,0.4098198329731158,0.5589880871603302
Bidet from Oregon,neither,0.04071751644889743,0.3089174816120565,0.6503650019390461
"Bidet from Columbus, Ohio!",neither,0.040417606421261354,0.3140077374838422,0.6455746560948964
slysssHey,neither,0.03945320844208391,0.33037608806864915,0.630170703489267
bidet from Chicago,neither,0.04078317879478948,0.307803020237201,0.6514138009680096
huntsville tx,neither,0.03945320844208391,0.33037608806864915,0.630170703489267
BIDET from redmond oregon,neither,0.04071751644889743,0.3089174816120565,0.6503650019390461
Bidet!,neither,0.03945320844208391,0.33037608806864915,0.630170703489267
bidet from seattle,neither,0.040754399270683486,0.3082914838698526,0.650954116859464
Bidet from Atlanta,neither,0.04078317879478948,0.307803020237201,0.6514138009680096
first time live!,neither,0.03431649502744929,0.3558392226370607,0.6098442823354902
Bidet from Thunder Bay Canada!,neither,0.04024008380921082,0.31702075950743885,0.6427391566833502
"Every critter in the range of Florence, please stay safe!",neither,0.0388817359500363,0.3200135107942769,0.6411047532556867
@nikkirevel bidet to you too friend yooo many PR peeps,neither,0.05457697258404845,0.35947357170105915,0.5859494557148924
@falseaesop frock u shadow,neither,0.03945320844208391,0.33037608806864915,0.630170703489267
I'm on time for once!,neither,0.028310354383739234,0.33483565291633266,0.6368539926999282
Bidet from north Texas everyone,neither,0.035031931921900045,0.4054166892284206,0.5595513788496793
Bidet from Ohio,neither,0.040754399270683486,0.3082914838698526,0.650954116859464
"bidet from harrow, london",neither,0.04069404815304118,0.30931579984010865,0.6499901520068502
bidet from nj,neither,0.04069404815304118,0.30931579984010865,0.6499901520068502
Bidet from Saskatoon,neither,0.04228451509352876,0.2823214250720796,0.6753940598343917
bidet from oregon,neither,0.04071751644889743,0.3089174816120565,0.6503650019390461
Bidet from Wisconsin,neither,0.04071751644889743,0.3089174816120565,0.6503650019390461
bidet from saskatoon!,neither,0.04228451509352876,0.2823214250720796,0.6753940598343917
Let’s go! critroleNein,neither,0.01806316484133749,0.39391011985298136,0.5880267153056813
HELLO CRITICAL ROLE!!!!,neither,0.03945320844208391,0.33037608806864915,0.630170703489267
"Bidet from Winnipeg, Manitoba, Canada :D",neither,0.04071751644889743,0.3089174816120565,0.6503650019390461
Bidet from Ohio - Beep Beep!,neither,0.040754399270683486,0.3082914838698526,0.650954116859464
yeeeee,neither,0.03945320844208391,0.33037608806864915,0.630170703489267
bidet from Illinois!,neither,0.04069404815304118,0.30931579984010865,0.6499901520068502
aw hell yeeee,offensive_language,0.04178752766576149,0.7966597701087662,0.16155270222547233
does CR start in 10 min or 1 hour,neither,0.03031126976878461,0.4145109862429128,0.5551777439883024
Belleville Canada,neither,0.03945320844208391,0.33037608806864915,0.630170703489267
bidet from WV,neither,0.04069404815304118,0.30931579984010865,0.6499901520068502
bidet from michigan!,neither,0.040769555981420263,0.3080342349327864,0.6511962090857933
can someone do beau in a chun li costume?,neither,0.040801567493594364,0.3262864074061527,0.632912025100253
Bidet from MI,neither,0.04081748366884477,0.3072207769958956,0.6519617393352596
!time,neither,0.036668274527354654,0.377643684699956,0.5856880407726893
