text,top_class,hate_speech,offensive_language,neither
thuluHEY gandsClassic,neither,0.03945320844208391,0.33037608806864915,0.630170703489267
GET RAIDED,neither,0.03886569642539569,0.34034770027603056,0.6207866032985738
#EnthusiArmy RAID,neither,0.03945320844208391,0.33037608806864915,0.630170703489267
Hugs for the hug-inclined!,neither,0.03454421066142405,0.2978767114667817,0.6675790778717943
oh lord,neither,0.046192855847311955,0.26685084782252855,0.6869562963301595
EnthusiArmy RAID. Hugs for the hug inclined,neither,0.03519761243420562,0.3022028610332387,0.6625995265325556
WOOHOO Thanks for the raid!,neither,0.03342891077681694,0.28833286995924834,0.6782382192639346
Are we doing another breakdancing lore??,neither,0.17490663830428774,0.1861483685592945,0.6389449931364176
"Welcome, Enthusiraiders",neither,0.03945320844208391,0.33037608806864915,0.630170703489267
gandsHappy amydFocus ENTHUSIARMY RAID gandsHappy gandsHug s for the gandsHug -inclined!,neither,0.03412816705421331,0.29512293809077,0.6707488948550168
amydFocus amydFocus amydFocus amydFocus amydFocus,neither,0.03945320844208391,0.33037608806864915,0.630170703489267
amydFocus #EnthusiArmy RAID,neither,0.03945320844208391,0.33037608806864915,0.630170703489267
We Raiding,neither,0.039025862747262004,0.3376292597931679,0.6233448774595702
@HydroSnail_RyanGreen Wait a minute... you're on screen!,neither,0.07101080264706083,0.35663962576432473,0.5723495715886145
@cinphoria Yes! Kind of... we dance.,neither,0.03931191784962693,0.33277415816170686,0.6279139239886661
gandsHappy gandsHappy gandsHappy gandsHappy gandsHappy,neither,0.03945320844208391,0.33037608806864915,0.630170703489267
Welcome Amy and raiders.,neither,0.038822933363010945,0.2991577467117473,0.6620193199252418
It was pretty epic.,neither,0.03789087994688148,0.33295996353822477,0.6291491565148939
wheeeeeee!,neither,0.03945320844208391,0.33037608806864915,0.630170703489267
@KBTibbs AH! OH NO!,neither,0.0450047354818301,0.28534633058638603,0.6696489339317838
@HydroSnail_RyanGreen yaaay,neither,0.03945320844208391,0.33037608806864915,0.630170703489267
"There's no stoppin' us, no stop-pin'",neither,0.06214803559562232,0.36407080654894197,0.5737811578554357
Ryan has at least 3 simulacra of himself,neither,0.03914651497571858,0.3440887570232283,0.6167647280010532
"@HydroSnail_RyanGreen Naw, that's cool. Two of you is nice.",neither,0.059187937964822586,0.39658262221934776,0.5442294398158295
I have a feeling break dance for me would include more breaking than dancing tbh,neither,0.032889870648376535,0.33541956896521075,0.6316905603864127
Either somebody hijacked Ryans account... or he has a secret twin... cant think about any other options...,neither,0.041779422319568583,0.3352040250596594,0.623016552620772
@Ossborn You're not wrong.,neither,0.10402556882333848,0.3594606482416575,0.5365137829350041
Oh a sequel episode.,neither,0.04397699081382371,0.28705385528928057,0.6689691538968956
I bet Hector stole Ryan's account,neither,0.03945320844208391,0.33037608806864915,0.630170703489267
Must be the same guy that hijacks phones and tweets,neither,0.03663606845346661,0.32133855326822075,0.6420253782783126
Never was much of a fan of the related musical genres.,neither,0.033836912118046285,0.3482670675897022,0.6178960202922514
What if Ryan has been LoreMaster enough he can now communicate in chat WITH HIS MIND,neither,0.03902658769942454,0.38021842620286367,0.5807549860977118
hello,neither,0.03945320844208391,0.33037608806864915,0.630170703489267
!whodat,neither,0.03945320844208391,0.33037608806864915,0.630170703489267
"Ryan Green ( twitter.com/HydroSnail ), Hector Navarro ( twitter.com/Hectorisfunny ) with guests Ryan Porter ( instagram.com/ryanelusive ) and Kevin Kim.",neither,0.03459502418833126,0.40551859437354815,0.5598863814381206
"Everytime i touch my lip or face, I am typing in chat.",neither,0.03277934452243799,0.37906484424072673,0.5881558112368354
"Ryan is suuuper good at that, just watch, keep count if you can.",neither,0.0371276187803119,0.45276299822608024,0.5101093829936079
Ryan you can't just go around telling everyone your secrets :P,neither,0.06308691259849597,0.438393385634619,0.49851970176688487
"To be honest. I had just shaved, so my face was itchy.",neither,0.03234077391870214,0.44199028408549473,0.5256689419958033
hmm... something tells me @HydroSnail_RyanGreen is feeding us false tells so he can win at chat poker night,neither,0.0514367017446329,0.36839526157327895,0.5801680366820882
@Deathstar_Taco I'm sorry... wat? Poker Chat?,neither,0.03945320844208391,0.33037608806864915,0.630170703489267
Chat Poker*,neither,0.03945320844208391,0.33037608806864915,0.630170703489267
"No that was also correct, we do both.",neither,0.03665615699197719,0.37674790028710614,0.5865959427209166
Aoll In!,neither,0.03945320844208391,0.33037608806864915,0.630170703489267
"All, damnit",neither,0.04167083427717469,0.4183849112737958,0.5399442544490295
"@HydroSnail_RyanGreen or generic cards, 'case we are all gamers at heart",neither,0.05589548064639047,0.36335748567115994,0.5807470336824496
This is amazing,neither,0.050638740814203484,0.3285866302672563,0.6207746289185402
I have a 2&3 of Hearts and a Deathrite Shaman. How much life is the buy-in?,neither,0.038048391275915645,0.33892045320252284,0.6230311555215615
'73? so Disco was still around?,neither,0.03849719835817634,0.38532581725486165,0.576176984386962
@HydroSnail_RyanGreen Five green and one red.,neither,0.038817854925521686,0.2984335867309553,0.6627485583435231
Hi @Enthusiamy :),neither,0.03945320844208391,0.33037608806864915,0.630170703489267
Hello Everyone <3,neither,0.03269494828970791,0.4450814005079928,0.5222236512022994
Hey @Enthusiamy and @Leigh574,neither,0.03823530628758278,0.2638960051144801,0.6978686885979372
@Enthusiamy it's a really fun episode. =D,neither,0.03802095821897132,0.3308687045970745,0.6311103371839543
Hey @Danoba,neither,0.03945320844208391,0.33037608806864915,0.630170703489267
How long is it to Critical role anyone know in hours / minuttes,neither,0.047934394210804386,0.3251732594865262,0.6268923463026694
!wheniscr,neither,0.03945320844208391,0.33037608806864915,0.630170703489267
"gandsMattBlindfold Critical Role is on at 7 PM PDT on Thursdays, it is currently 4:13 PM PDT on Thursday. There is 2 Hours, 46 Minutes, 56 Seconds until the next episode of Critical Role. This command has been run 1154 times but has probably been asked about way more. gandsNein",neither,0.04093099104834926,0.3440210805226023,0.6150479284290484
!wheniscr,neither,0.03945320844208391,0.33037608806864915,0.630170703489267
