text,top_class,hate_speech,offensive_language,neither
"I wouldn't mind an Anne Rice styled one too much, just long as no twilight ones yeah lol",neither,0.025259615781518346,0.4206521254761288,0.5540882587423529
and we have music,neither,0.037678037534126456,0.29465660125746546,0.6676653612084081
Whooo!,neither,0.03945320844208391,0.33037608806864915,0.630170703489267
OOOOOh,neither,0.03945320844208391,0.33037608806864915,0.630170703489267
Hey graphics,neither,0.03945320844208391,0.33037608806864915,0.630170703489267
IT BEGIIIIIINS,neither,0.034373745257138544,0.33212314837979673,0.6335031063630647
it's only 1pm here,neither,0.12773304164136493,0.26657565065008254,0.6056913077085525
oooo,neither,0.03945320844208391,0.33037608806864915,0.630170703489267
ok music roll is going,neither,0.045222538252320046,0.35386420744774333,0.6009132542999367
@ArisBranwin no,neither,0.036918905254960256,0.37338982715841207,0.5896912675866277
Both.,neither,0.03945320844208391,0.33037608806864915,0.630170703489267
It's time! gandsHype gandsHype gandsHype,neither,0.034389982057555904,0.3710596410554468,0.5945503768869974
Hyyyypppuuuuuu,neither,0.03945320844208391,0.33037608806864915,0.630170703489267
kiwi cadê você,neither,0.03945320844208391,0.33037608806864915,0.630170703489267
We are all irresponsible drinkers,neither,0.06941448936129897,0.3577845289307876,0.5728009817079135
Ohh damn that sceen!,offensive_language,0.04096619957080654,0.8530054438319185,0.10602835659727503
HYPE!!!!,neither,0.03945320844208391,0.33037608806864915,0.630170703489267
I'm wearing fangs and I'm SO ready for this,neither,0.03412356690018419,0.3107798604281379,0.655096572671678
I met her when she had her vampire masked balls,offensive_language,0.026621934739870682,0.8109430835701114,0.16243498169001794
danHmm,neither,0.03945320844208391,0.33037608806864915,0.630170703489267
Hello everyone! Im SOO excited for this! brings me back to my roots of learning how to GM,neither,0.030987050115076718,0.42338726816950756,0.5456256817154158
Oooooo what's this?,neither,0.04527625926421592,0.32783201618004665,0.6268917245557374
YAY!!!,neither,0.03945320844208391,0.33037608806864915,0.630170703489267
The music too!,neither,0.03787476526847206,0.3137419497765484,0.6483832849549795
I am hyped for this,neither,0.033421871576827154,0.3030785540500906,0.6634995743730823
this music is sick,neither,0.049186738834896306,0.32884641151649524,0.6219668496486085
Before Jesus.. during Jesus.. and when she left the city to FIND Jesus.. somewhere in California.,neither,0.04477626457214133,0.3436713610863097,0.611552374341549
yooooooooooooooooooooooo,neither,0.03945320844208391,0.33037608806864915,0.630170703489267
wapcHEART,neither,0.03945320844208391,0.33037608806864915,0.630170703489267
I like the vibe of the music,neither,0.04795662191105426,0.3128865164523964,0.6391568616365493
Everyone get sunscreen CoolCat,offensive_language,0.030340746282896437,0.48503835254123195,0.4846209011758716
Nice music,neither,0.03945320844208391,0.33037608806864915,0.630170703489267
Vampire the masquerade. I'm stoked.,neither,0.03866869040229234,0.31607030847800377,0.645261001119704
Hi @bobthebardbarian,neither,0.03945320844208391,0.33037608806864915,0.630170703489267
I really wish they go real life vampires but I doubt they will,neither,0.03269694569831752,0.43449184648490424,0.5328112078167783
EEeee I am excited!,neither,0.039204770565592725,0.330461537246643,0.6303336921877644
how long is vampire gonna run tonight need to know if i should caffe up,neither,0.037661388461784275,0.4253335176062224,0.5370050939319934
The hype is so real!!!!,offensive_language,0.038603861832060216,0.48476820126417053,0.47662793690376926
Alright everne.. goth dance..,neither,0.03945320844208391,0.33037608806864915,0.630170703489267
VtM 5e?,neither,0.03945320844208391,0.33037608806864915,0.630170703489267
WAMPYRES!?,neither,0.03945320844208391,0.33037608806864915,0.630170703489267
@DarkestArgentum that's probably a good idea :P,neither,0.03375093879221127,0.39363808706551057,0.5726109741422782
!wtfisthis,neither,0.03945320844208391,0.33037608806864915,0.630170703489267
"Led by Storyteller Jason Carl of White Wolf Entertainment, L.A. By Night is a dark tale of personal horror and inhuman conspiracy that sees four vampires doing their best to navigate the macabre affairs and terrifying realities of surviving the L.A. night.",neither,0.11790822065779524,0.4086729631048225,0.47341881623738236
@DarkestArgentum 3hrs,neither,0.03945320844208391,0.33037608806864915,0.630170703489267
Is tal a part of this?,neither,0.04666982606431373,0.3292792637587423,0.6240509101769439
you prob need to caffe up @DarkestArgentum,neither,0.0635945757333359,0.43763523404792937,0.4987701902187346
All of the spookiness,neither,0.041225401144613816,0.4573131778439112,0.501461421011475
@DarkestArgentum till 11 PST,neither,0.03945320844208391,0.33037608806864915,0.630170703489267
@LolipopPunk Nope,neither,0.03945320844208391,0.33037608806864915,0.630170703489267
,neither,0.03945320844208391,0.33037608806864915,0.630170703489267
"Hyyyyyyyyyyyyyype, missed Callisto 6 but this’ll make up for it",neither,0.028198915769228377,0.35737047617664175,0.6144306080541299
@LolipopPunk sadly no,neither,0.036918905254960256,0.37338982715841207,0.5896912675866277
Hi @chaoticloony how are you?,neither,0.1151778833000866,0.32505102427932137,0.5597710924205921
HYPE,neither,0.03945320844208391,0.33037608806864915,0.630170703489267
Break out your blood bags and spied items,neither,0.05518605729340287,0.30754565653527416,0.637268286171323
"""coffee"" Kappa",neither,0.048750047344164105,0.17258446908422165,0.7786654835716144
this is set in LA yeah?,neither,0.02983808537975237,0.429792616258122,0.5403692983621255
Erika Iishi is though!,neither,0.05492954164111634,0.3250530674049182,0.6200173909539656
Unfortunately no tal to my knowledge,neither,0.034816234548412636,0.39647511144319686,0.5687086540083904
*spiked,neither,0.03945320844208391,0.33037608806864915,0.630170703489267
Ah dang seems right up his ally,neither,0.05456480230966301,0.38468069260096427,0.5607545050893726
So excited!,neither,0.03940839469474773,0.3948270312238364,0.565764574081416
!whodat,neither,0.03945320844208391,0.33037608806864915,0.630170703489267
"@bobthebardbarian Ok, and yourself?",neither,0.03845405930435375,0.28266133942546956,0.6788846012701767
"GM Jason Carl ( twitter.com/vampiresnvino ), with Cynthia Marie ( twitter.com/Cyndancer ), B. Dave Walters ( twitter.com/BDaveWalters ), Erika Ishii ( twitter.com/erikaishii ), Alex Ward ( twitter.com/AlexWard777 )",neither,0.0361075258397544,0.46844942340612794,0.49544305075411776
@Toreadory thats not too bad i take it you are a fellow black rose by your screen name,neither,0.10884043412615857,0.34759874576413285,0.5435608201097086
gandsHype gandsHype,neither,0.03945320844208391,0.33037608806864915,0.630170703489267
Let's do this!,neither,0.0195438059392097,0.382678239993645,0.5977779540671454
evening all,neither,0.041793358651534496,0.4229818652092969,0.5352247761391685
cohhSip cohhEat cohhEvil,neither,0.03945320844208391,0.33037608806864915,0.630170703489267
damn I forgot to get coffee!,offensive_language,0.06972017804102497,0.6988285330398866,0.23145128891908837
@cinphoria you fanged up?,offensive_language,0.08876942111211236,0.6716261144837047,0.2396044644041829
lrrSIGNAL lrrSIGNAL lrrSIGNAL,neither,0.03945320844208391,0.33037608806864915,0.630170703489267
The city.. not the State.,neither,0.06888053190950424,0.20191508559832577,0.72920438249217
Sadly.,neither,0.03945320844208391,0.33037608806864915,0.630170703489267
"Tal will probably be a guest at some point, but he has a lot of irons in the fire",neither,0.03557116247698279,0.3421011846579963,0.6223276528650208
It's nighttime here... now is the time for the creatures of the dark to emerge...,neither,0.07257566011015461,0.2678734187670347,0.6595509211228107
My wife is so gonna kill me when shes back from dialysis and im still up,offensive_language,0.15457296760422787,0.4660661933714519,0.37936083902432033
"i'm extremely excited, been reading the rulebook all day",neither,0.04005734887951368,0.3609961864399761,0.5989464646805103
Hey but Alex is there,neither,0.043809336948937724,0.29527346265898624,0.6609172003920761
If they did it here in New Orleans I'd be so happy..,neither,0.052773662925315955,0.31366998703607046,0.6335563500386137
evening,neither,0.03945320844208391,0.33037608806864915,0.630170703489267
bring on the darkness!,neither,0.035748955273405554,0.32756295744447195,0.6366880872821225
Squid1 Squid2 Squid3 Squid4,neither,0.03945320844208391,0.33037608806864915,0.630170703489267
@Im_Sylien HECK YEAH,neither,0.023144578457473645,0.4440631255406231,0.5327922960019034
wut,neither,0.03945320844208391,0.33037608806864915,0.630170703489267
omg so excited,neither,0.039409432833857734,0.38155524175408273,0.5790353254120596
tal needs sleep let the man sleep he is up late for this company constantly,neither,0.032611460977917575,0.37403792426534227,0.59335061475674
True @obsequiousdiphthong,neither,0.03945320844208391,0.33037608806864915,0.630170703489267
I just want to see the beginning then need sleep,neither,0.04012173621501083,0.3269697706308489,0.6329084931541403
@chaoticloony im very well thankyou. still coming down from the episode of Callisto6,neither,0.038348764453140546,0.339334947199285,0.6223162883475746
vieHype vieHype vieD20 vieHype vieHype,neither,0.03945320844208391,0.33037608806864915,0.630170703489267
"""New Vampire Who dis""",neither,0.043765846304054425,0.30342257839226894,0.6528115753036766
been waiting for this,neither,0.03225335089020066,0.30458758418225923,0.6631590649275401
Can't wait to see the all the vampire shenanigans tonight!!,neither,0.04217297164690856,0.33028876843575944,0.627538259917332
"Having B Dave and Alex on, really makes me excited!",neither,0.03241396305756109,0.3380896999974179,0.6294963369450209
Is this going to be regular?,neither,0.0554186584675611,0.3577709372229977,0.5868104043094412
finally!,neither,0.03945320844208391,0.33037608806864915,0.630170703489267
what's this,neither,0.05282537120001614,0.3246287851332521,0.6225458436667317
brownHYPE brownHYPE,neither,0.03945320844208391,0.33037608806864915,0.630170703489267
!cast,neither,0.03945320844208391,0.33037608806864915,0.630170703489267
!wtfisthis,neither,0.03945320844208391,0.33037608806864915,0.630170703489267
"Led by Storyteller Jason Carl of White Wolf Entertainment, L.A. By Night is a dark tale of personal horror and inhuman conspiracy that sees four vampires doing their best to navigate the macabre affairs and terrifying realities of surviving the L.A. night.",neither,0.11790822065779524,0.4086729631048225,0.47341881623738236
dooleySass dooleySass dooleySass,neither,0.03945320844208391,0.33037608806864915,0.630170703489267
gandsHype gandsHype gandsHype gandsHype,neither,0.03945320844208391,0.33037608806864915,0.630170703489267
new vampire who dis LUL,neither,0.04281916755690388,0.30898373294925136,0.6481970994938449
so excited for this!,neither,0.03212783406476069,0.34639812932111586,0.6214740366141234
Yes.. I hope it is.,neither,0.10917083262012056,0.1841052713435258,0.7067238960363537
"And, if so, can we get Werewolf: The Apocalypse roleplay on?",neither,0.024782195621876148,0.3713371726205552,0.6038806317575686
This music feels very Mass Effect 1-y.,neither,0.0393886786396205,0.33147132722581774,0.6291399941345618
@wingedwyrm for now,neither,0.028690729876224785,0.2769107983702842,0.694398471753491
Okay so when it is a vampire show is it rude to say 'I hope it doesn't suck'?,neither,0.09324032349010636,0.2739280750971736,0.63283160141272
So excited,neither,0.03940839469474773,0.3948270312238364,0.565764574081416
Tal needs to write comics for us >:,neither,0.06306242019409798,0.30435066069650346,0.6325869191093986
The waiting screen and music def have a dark tone!,neither,0.03814866186469826,0.30185163255889325,0.6599997055764084
yesssss!!!!,neither,0.03945320844208391,0.33037608806864915,0.630170703489267
Want the inside scoop? Join the cast of Critical Role and discuss the most recent episode right here on Talks Machina. Tuesdays 7pm Pacific at twitch.tv/geekandsundry and projectalpha.com,neither,0.04573032993319735,0.22538911733705982,0.7288805527297427
yay word of darkness,neither,0.03945320844208391,0.33037608806864915,0.630170703489267
good to see Crit branching out a bit,neither,0.04076650664471932,0.3444555012944438,0.6147779920608369
Ya this is gonna be weekly,offensive_language,0.030638348385731946,0.6748436459445503,0.29451800566971786
So excited for this! gandsHype gandsHype,neither,0.03212783406476069,0.34639812932111586,0.6214740366141234
glad to see 1300 people here already! hype!!,neither,0.10536882469885452,0.3081140889835925,0.5865170863175531
should i be sleeping now? YES,neither,0.052758112815055234,0.37216384969221844,0.5750780374927263
This is gonna be great! :D,neither,0.045733426641395014,0.35623684760454616,0.5980297257540589
Is in here for the first time,neither,0.07828336247916166,0.26735158994273395,0.6543650475781044
how much longer til start,neither,0.03610991969700411,0.3315259983766019,0.6323640819263939
anybody know who all will be playing?,neither,0.044024417520734806,0.4464719338335107,0.5095036486457546
!whodat,neither,0.03945320844208391,0.33037608806864915,0.630170703489267
I'm excited in antici------------pathion.,neither,0.03945320844208391,0.33037608806864915,0.630170703489267
"GM Jason Carl ( twitter.com/vampiresnvino ), with Cynthia Marie ( twitter.com/Cyndancer ), B. Dave Walters ( twitter.com/BDaveWalters ), Erika Ishii ( twitter.com/erikaishii ), Alex Ward ( twitter.com/AlexWard777 )",neither,0.0361075258397544,0.46844942340612794,0.49544305075411776
am I watching my favs be awesome instead? YES,neither,0.03089179425418998,0.3999901750663802,0.5691180306794298
Woo!,neither,0.03945320844208391,0.33037608806864915,0.630170703489267
@wingedwyrm YES!! all love for werewolf!,neither,0.0327189267249737,0.3730086557741593,0.594272417500867
White Wolf will be doing new editions for other game lines. So a new Werewolf the Apocalypse will come out eventually.,neither,0.18286276163830995,0.3235699027923828,0.4935673355693073
*pation [spell check is evil],neither,0.046808344794198535,0.32784631940294784,0.6253453358028537
dooleyVictoryShot dooleyManMode dooleyManMode dooleyManMode dooleyManMode dooleyManMode,neither,0.03945320844208391,0.33037608806864915,0.630170703489267
much as i ripped on kindred I sorrta hope they use the theme song,neither,0.02753363421653289,0.346313824640443,0.6261525411430241
"@perfectcosima same, but are we? NAH",neither,0.06582729964869448,0.3010712568986836,0.633101443452622
Is everyone ready?,neither,0.041262036450053476,0.4450965041340042,0.5136414594159423
Gambrel for Unlife,neither,0.023896577328981292,0.2538532852897668,0.7222501373812519
cohhEvil cohhEvil cohhEvil cohhEvil,neither,0.03945320844208391,0.33037608806864915,0.630170703489267
gandsHype gandsHype,neither,0.03945320844208391,0.33037608806864915,0.630170703489267
"""Led by Storyteller Jason Carl of White Wolf Entertainment"" oh my word. :O Hyyype.",offensive_language,0.23476844251245718,0.5207386156431386,0.2444929418444041
!rbschedule,neither,0.03945320844208391,0.33037608806864915,0.630170703489267
Find the live+rebroadcast schedule for the next few days here: http://bit.ly/WeekRebroadcast,neither,0.05923745387465155,0.19036582025153617,0.7503967258738122
Yaaaaaas.,neither,0.03945320844208391,0.33037608806864915,0.630170703489267
never got to play this excited to see it,neither,0.044565708771747835,0.396686152831829,0.5587481383964231
Woooo \o/ We're live!,neither,0.07702019449600846,0.29035571652515796,0.6326240889788335
"(in his best Vincent Price impression) ""Good evening, boos and ghouls! I hope everyone is having a spooky evening!""",neither,0.06270492886431085,0.3081133395970197,0.6291817315386695
i am both surprised and excited.,neither,0.03860549068464795,0.29637664692409454,0.6650178623912575
"GET FUCKIN HYPE, Y'ALL",offensive_language,0.07340909259118408,0.9215019479312612,0.005088959477554708
HERE WE GO!!!,neither,0.13156755280784707,0.2765461283225309,0.5918863188696221
I got back JUST in time,neither,0.03105403979136116,0.43794109884467963,0.5310048613639592
gandsHype gandsHype gandsHype,neither,0.03945320844208391,0.33037608806864915,0.630170703489267
oh my gosh yess,neither,0.0337523326657152,0.36083173828850074,0.6054159290457841
wooo lets get spooky,neither,0.038206709826542735,0.35153242267654267,0.6102608674969147
YAY!,neither,0.03945320844208391,0.33037608806864915,0.630170703489267
@ArisBranwin LETS DO THE TIME WARP AGAAAAAIN!,neither,0.03784111299519057,0.3492841567348421,0.6128747302699673
wheeeeeeeee,neither,0.03945320844208391,0.33037608806864915,0.630170703489267
yay!,neither,0.03945320844208391,0.33037608806864915,0.630170703489267
critroleBts critroleBts critroleBts critroleBts critroleBts,neither,0.03945320844208391,0.33037608806864915,0.630170703489267
We have a subscriber-only Discord server! Join here: https://discord.gg/geekandsundry (you'll need to sub and link it to your Twitch) and be a part of the fun!...Warning: It can take up to an hour for the server to update and give you access to the channels,neither,0.08464076273808444,0.286394834032893,0.6289644032290227
gandsHype gandsHype gandsHype gandsHype,neither,0.03945320844208391,0.33037608806864915,0.630170703489267
Yes!!!!!,neither,0.03945320844208391,0.33037608806864915,0.630170703489267
not sorry,neither,0.03731118984720972,0.3384892943067834,0.624199515846007
<3 <3 <3,neither,0.03945320844208391,0.33037608806864915,0.630170703489267
Yay,neither,0.03945320844208391,0.33037608806864915,0.630170703489267
He literally is a vampire...,neither,0.053470637154391924,0.32555485155684694,0.6209745112887611
PogChamp,neither,0.03945320844208391,0.33037608806864915,0.630170703489267
ayy,neither,0.03945320844208391,0.33037608806864915,0.630170703489267
ramaWave,neither,0.03945320844208391,0.33037608806864915,0.630170703489267
i'm gonna DIE,neither,0.322223522718152,0.1035382133777535,0.5742382639040945
I like this guy,neither,0.056968314779944434,0.37105603976089846,0.5719756454591571
Mortal Stakes manMVG,neither,0.03945320844208391,0.33037608806864915,0.630170703489267
"For those of in EST who know they won't last, when is the rebroadcast?",neither,0.04941852809285251,0.32068440932840286,0.6298970625787447
cheer500 New show hype!!!,neither,0.060679106227886165,0.1609450931311735,0.7783758006409404
ALex!!,neither,0.03945320844208391,0.33037608806864915,0.630170703489267
@Im_Sylien the mood of the night is hopefully not staying up late enough to wreck my sleep cycle,neither,0.033850345578538804,0.3778125124166666,0.5883371420047947
Oh shit this is dope,offensive_language,0.05913377756597522,0.94002089160199,0.0008453308320348577
Jesus riPepperonis,neither,0.03945320844208391,0.33037608806864915,0.630170703489267
Alex!,neither,0.03945320844208391,0.33037608806864915,0.630170703489267
Aleeex omg woo.,neither,0.03945320844208391,0.33037608806864915,0.630170703489267
Where Erika?,neither,0.04379278224195774,0.2567221952996476,0.6994850224583946
Erika where you at?,neither,0.07889641572396747,0.41211288413587666,0.5089907001401559
"So years of LARPing as an ACTUAL Toreador has taught me one rule of V:tM which is universal, any Toreador is really an Assamite, Setite, or Lasombra.",neither,0.04176936837852146,0.3831056297087942,0.5751250019126842
aaah,neither,0.03945320844208391,0.33037608806864915,0.630170703489267
ERika <3 <3 <3 <3 <3,neither,0.03945320844208391,0.33037608806864915,0.630170703489267
hope there are vampirss AND vino!,neither,0.1546386373582624,0.07822695481139562,0.767134407830342
"i spy a nosferatu, a toreador, and a ventrue?",neither,0.03848376057163518,0.2799481601138674,0.6815680793144975
Erika with the surprise arrival!,neither,0.02573434081997772,0.3560990781386686,0.6181665810413537
Where's the brujah,neither,0.041253817407288125,0.23395106775790875,0.724795114834803
I LOVE how in character they all are already!!,neither,0.05907655985375226,0.37929353486449036,0.5616299052817574
Omg Cyn yassssssssssssssss,neither,0.03945320844208391,0.33037608806864915,0.630170703489267
Hello mister Ankh,neither,0.03945320844208391,0.33037608806864915,0.630170703489267
it's ridicolous how much jason carl looks like vampire,neither,0.04232876708302346,0.342003974462368,0.6156672584546086
vampire time critroleStay critroleTurnt,neither,0.03814432885341907,0.3525911905918181,0.6092644805547629
I am so HYPED for this!,neither,0.0334336505861069,0.3429276372303657,0.6236387121835274
<FANGASM!>,neither,0.03945320844208391,0.33037608806864915,0.630170703489267
BDave VoHiYo,neither,0.03945320844208391,0.33037608806864915,0.630170703489267
For officially licensed VtM gear (and the awesome GM screen Jason is using) check out http://dogmight.com/vtm and http://bit.ly/v5spellbooktome,neither,0.034506929539736636,0.237927588715498,0.7275654817447653
Its happening!!!!,neither,0.03309144916294284,0.33256418880705063,0.6343443620300065
gandsTWC gandsHype gandsTWC,neither,0.03945320844208391,0.33037608806864915,0.630170703489267
"I'm guessing Nos, Tor, and Ventrue.",neither,0.03854442882677734,0.28357035124239044,0.6778852199308323
She's being sneaksies.,offensive_language,0.03309299689197119,0.5503976056443465,0.41650939746368243
V:TM LABN was an adventure for a previous edition of World of Darkness. Sweet that they've updated it,neither,0.024736118905364927,0.32562790452645474,0.6496359765681804
Alex is nos B dave is either TOr or Bruja,neither,0.05315857491812742,0.32566218406970016,0.6211792410121724
love vampire!! it was the first pen and paper i really got into.,neither,0.03125188450581784,0.33385828101101167,0.6348898344831706
is this an ongoing game or a one shit thing?,offensive_language,0.054565631398901096,0.9422985120473103,0.003135856553788595
Erika is invisible PogChamp,neither,0.05005952611256733,0.3267280890626825,0.6232123848247502
XD,neither,0.03945320844208391,0.33037608806864915,0.630170703489267
http://dogmight.com/vtm,neither,0.03558056210193769,0.1941005909087057,0.7703188469893567
Hype,neither,0.03945320844208391,0.33037608806864915,0.630170703489267
I want to bleed so much...,neither,0.04189657399275763,0.36766660181814625,0.5904368241890962
Of course she will,neither,0.04328277114367051,0.4069733112963439,0.5497439175599855
Yay everyone!,neither,0.03304046274239423,0.4392171185250389,0.5277424187325669
Very nice cast,neither,0.03945320844208391,0.33037608806864915,0.630170703489267
subdued hype,neither,0.03945320844208391,0.33037608806864915,0.630170703489267
,neither,0.03945320844208391,0.33037608806864915,0.630170703489267
"I should add that I know little about VtM, but it's VAMPIRES, so I'm excited!!!",neither,0.03970052523559088,0.44061846684473993,0.5196810079196692
@Thewolfye ongoing,neither,0.03945320844208391,0.33037608806864915,0.630170703489267
http://bit.ly/v5spellbooktome,neither,0.03645206079592049,0.23049292352815115,0.7330550156759283
@alexwhitechats i thought that too,neither,0.03821531852968409,0.2524604836717603,0.7093241977985555
ok I recognize Toreador.,neither,0.03939706067929928,0.33132906213708846,0.6292738771836124
FEELING FANGTASTIC,neither,0.03945320844208391,0.33037608806864915,0.630170703489267
But—but Erika!,neither,0.02962635344032169,0.3618162153579155,0.6085574312017628
!whodat,neither,0.03945320844208391,0.33037608806864915,0.630170703489267
"GM Jason Carl ( twitter.com/vampiresnvino ), with Cynthia Marie ( twitter.com/Cyndancer ), B. Dave Walters ( twitter.com/BDaveWalters ), Erika Ishii ( twitter.com/erikaishii ), Alex Ward ( twitter.com/AlexWard777 )",neither,0.0361075258397544,0.46844942340612794,0.49544305075411776
"Download the new Critical Role theme song for Campaign Two! http://itunes.apple.com/album/id1331550250?ls=1&app=itunes Sales of the song support the musician, Jason Charles Miller.",neither,0.04445767596344001,0.2510827790306858,0.7044595450058742
What are the other 2?,neither,0.09628286217386625,0.23375527477067393,0.6699618630554598
Pleeeease tell me Erika is playing a malk,neither,0.03926613333065437,0.3621655205483153,0.5985683461210303
,neither,0.03945320844208391,0.33037608806864915,0.630170703489267
"@anderfc hanging in the sealing, will drop down when revealed in game :P",neither,0.03790432094326603,0.30407033308075015,0.6580253459759838
Oooh!,neither,0.03945320844208391,0.33037608806864915,0.630170703489267
"Nossie, Torrie and Ventru",neither,0.03763944115734239,0.1918412352459551,0.7705193235967025
This should be good!,neither,0.05968669086584345,0.40118080967885633,0.5391324994553003
this guy has stagger GM me any day babbbby,neither,0.03382784117079047,0.35210614551767755,0.614066013311532
so much dice.,neither,0.035182948840000276,0.3819303814392523,0.5828866697207475
Oh geez that dice box is beautiful,neither,0.045752259665276136,0.32318285446305517,0.6310648858716688
Our vampiiiires!!,neither,0.03945320844208391,0.33037608806864915,0.630170703489267
Why does everything take place in LA?,neither,0.02332203886160975,0.4090903528861798,0.5675876082522106
i hate ventrues,hate_speech,0.8506971177962884,0.04335368827137609,0.1059491939323355
Ah.. ok.,neither,0.03938726060080474,0.3314953950453076,0.6291173443538877
<3,neither,0.03945320844208391,0.33037608806864915,0.630170703489267
i wonder how much explaining of the setting they're going to work in,neither,0.049883029959756964,0.3185515258118184,0.6315654442284246
hi :),neither,0.03945320844208391,0.33037608806864915,0.630170703489267
I knew I recognized them,neither,0.06202449301670991,0.31818871867742127,0.6197867883058688
Vampire the masquerade! I remember that videogame,neither,0.03488196317232549,0.3553461886970668,0.6097718481306077
OOoh,neither,0.03945320844208391,0.33037608806864915,0.630170703489267
"lol, storyteller",neither,0.020706217963973744,0.4882283491876925,0.4910654328483337
Wanna see Erika's dice box,neither,0.03945320844208391,0.33037608806864915,0.630170703489267
is that dice box like 89 dollars,neither,0.04947627888102575,0.36679451585484735,0.5837292052641269
"a minute 15, huh?",neither,0.03945320844208391,0.33037608806864915,0.630170703489267
The first player looks like he's from Nosferatur clan.,neither,0.04056456830963218,0.38878224332342565,0.5706531883669421
Ohhh and intro,neither,0.03854442882677734,0.28357035124239044,0.6778852199308323
Nosferatu I can understand.. he does that well,neither,0.027752501020526326,0.4744139999942654,0.49783349898520823
And now to watch. Yay LA.,neither,0.04974629363533812,0.2917715173548079,0.6584821890098541
Ooooh introoo,neither,0.03945320844208391,0.33037608806864915,0.630170703489267
@farlas816 because that's where they live?,neither,0.04214586879597034,0.33981270448641065,0.618041426717619
Music choices when we played vampire or Cyberpunk 2020 was NIN first couple of albums or the soundtrack to the Crow and/or Blade Runner.,neither,0.03693349594275471,0.1968060214904707,0.7662604825667747
hey @g0rmyr,neither,0.03945320844208391,0.33037608806864915,0.630170703489267
SO HYPED,neither,0.039408962504520015,0.38382265604540616,0.5767683814500738
"Hey, @g0rmyr ! :D",neither,0.03945320844208391,0.33037608806864915,0.630170703489267
yeeeeaaaahhhhhh mature audience disclaimer,neither,0.03945320844208391,0.33037608806864915,0.630170703489267
Not to be that guy or anything...,neither,0.040552750528345706,0.38488636594296155,0.5745608835286927
Ventrue makes sense for Bdave,neither,0.03276772687229435,0.296965315463766,0.6702669576639397
"This should Suck, in the best way!",neither,0.07641208828249059,0.34964541596748616,0.5739424957500231
oooo mature warning,neither,0.03945320844208391,0.33037608806864915,0.630170703489267
looks like the forever Knight opening,neither,0.04663270796945858,0.32917682821754696,0.6241904638129944
"Studio is in LA, makes things easier on players",neither,0.04248829170847819,0.3370992237365936,0.6204124845549281
"I have chills, this is dream come true stuff.",neither,0.043194020709413875,0.35352115194409167,0.6032848273464944
@Sir_Madmann135 no you don't it never exsisted,offensive_language,0.05267006168234045,0.4855895573949404,0.46174038092271913
@farlas816 same reason marvel is pretty much set in new york cause that is what they know,neither,0.04846955882696281,0.3204428904851514,0.6310875506878858
hey @ImALadyDangIt !,neither,0.03945320844208391,0.33037608806864915,0.630170703489267
Was that not the name of the ghoul in the vtm 20th edition introduction video on youtube Alexander ward??,neither,0.03707644199651117,0.2957048218264129,0.667218736177076
What're the clans guys?,neither,0.06145811127163332,0.2881126678542684,0.6504292208740983
This OP is sweet,neither,0.04754850866606434,0.32913077176432115,0.6233207195696144
BUT GAROU REPRESENT!,neither,0.035407818757931094,0.34250724914812086,0.6220849320939481
how's everybody doing?,neither,0.03945320844208391,0.33037608806864915,0.630170703489267
who is the cast?,neither,0.047580681895494505,0.3750795707224528,0.5773397473820527
FeelsAmazingMan,neither,0.03945320844208391,0.33037608806864915,0.630170703489267
@farlas816 i don't know how much they're going to get into the metaplot but a LOT of things happen in california in the world of darkness,neither,0.05462871514283064,0.31913745500690693,0.6262338298502624
!whodat,neither,0.03945320844208391,0.33037608806864915,0.630170703489267
"GM Jason Carl ( twitter.com/vampiresnvino ), with Cynthia Marie ( twitter.com/Cyndancer ), B. Dave Walters ( twitter.com/BDaveWalters ), Erika Ishii ( twitter.com/erikaishii ), Alex Ward ( twitter.com/AlexWard777 )",neither,0.0361075258397544,0.46844942340612794,0.49544305075411776
"Mature? So sex, blood and violence?",offensive_language,0.029345363432480537,0.5342703115458253,0.43638432502169416
"Help G&S make great content! $4.99/month gets you emotes, Minecraft server access, sub-only VODs, and more! Every sub keeps the channel alive! twitch.tv/geekandsundry/subscribe",neither,0.043907990691603095,0.31135964332838284,0.644732365980014
"@Arakira usually so do I, but if they're BDave I think I can make an exception due to probably awesomeness :)",neither,0.03906401937185748,0.37042763787648253,0.5905083427516599
Must not refer to the TV show....,neither,0.05714223714994351,0.24429994354447093,0.6985578193055856
OhMyDog,neither,0.03945320844208391,0.33037608806864915,0.630170703489267
This is gonna be fangtastic! teenHERT,neither,0.05173210737133165,0.409034700322853,0.5392331923058155
vampire? thats a name i havent heard in a long time,neither,0.03856833041410314,0.34171088203033256,0.6197207875555644
It’s not where they all live.,neither,0.046020151230727495,0.38089460752961385,0.5730852412396586
Erika is clanless?,neither,0.081172750358939,0.3160268245287109,0.60280042511235
Will the cab driver he in here,neither,0.08145046863977203,0.2695092058399406,0.6490403255202873
!points @EQWashu,neither,0.03945320844208391,0.33037608806864915,0.630170703489267
Whoo! A Tremere!,neither,0.03945320844208391,0.33037608806864915,0.630170703489267
"That was an excellent pun, @EQWashu! Here, have some points for that one! You have been awarded 108 points!",neither,0.049980789310414435,0.3817775744187309,0.5682416362708548
Ooooh.,neither,0.03945320844208391,0.33037608806864915,0.630170703489267
"Hey, @zslayer18 ! :D",neither,0.03945320844208391,0.33037608806864915,0.630170703489267
hi @ImALadyDangIt :) and @EQWashu,neither,0.038358606956405694,0.2721397086643902,0.6895016843792041
Erika is tremere?,neither,0.081172750358939,0.3160268245287109,0.60280042511235
",",neither,0.03945320844208391,0.33037608806864915,0.630170703489267
!points @EQWashu,neither,0.03945320844208391,0.33037608806864915,0.630170703489267
of course it's california,neither,0.05798057945527557,0.3240036755934515,0.6180157449512729
I'm already getting shivers,neither,0.03258176846657108,0.4470023574824258,0.5204158740510031
Woot!!!,neither,0.03945320844208391,0.33037608806864915,0.630170703489267
"Vampires in Wisconsin, not as mysterious or edgy lol",neither,0.03140404584718916,0.40037986790262053,0.5682160862501903
Ishii the killer,neither,0.038248109054999424,0.30812809647739126,0.6536237944676092
"Dang, I'm already loving Victor and Annabelle.",neither,0.038185154807951184,0.3147834966898467,0.647031348502202
brujah all the way,neither,0.04095682365783752,0.427359508178002,0.5316836681641606
Alexander Ward is the next Doug Jones,neither,0.04318555337682541,0.3265649971196078,0.6302494495035668
nos Toreador and ....ventru?,neither,0.03763944115734239,0.1918412352459551,0.7705193235967025
Jason Carl is soooo awesome.,neither,0.04512002448192798,0.3284270101772828,0.6264529653407891
bleedPurple bleedPurple,neither,0.03945320844208391,0.33037608806864915,0.630170703489267
I can already tell this is going to be so badass,neither,0.04992261308005269,0.3968121891677124,0.5532651977522348
gandsHype gandsHype gandsHype gandsHype gandsHype gandsHype,neither,0.03945320844208391,0.33037608806864915,0.630170703489267
Erika is Malkavian,neither,0.081172750358939,0.3160268245287109,0.60280042511235
@ArisBranwin They haven't revealed it yet.,neither,0.03788321546660818,0.3309160806458891,0.6312007038875027
This Intro!,neither,0.0393416744334776,0.3322691112752657,0.6283892142912568
hope you're doing well @ImALadyDangIt,neither,0.16951238765086113,0.20845459174432973,0.6220330206048091
is this an one shot?,neither,0.04814115755306583,0.35880078193424053,0.5930580605126937
Well they do live in LA,neither,0.0452196038475803,0.32839276026716324,0.6263876358852565
first episode?,neither,0.031140401348578633,0.33323524361688356,0.6356243550345377
"Its Ventrue, Nosferatu, and Toreador thus far",neither,0.03329295199335749,0.2957468009231545,0.6709602470834881
love this,neither,0.033354624610487035,0.36213039408674813,0.6045149813027648
Is Erika caitiff?,neither,0.081172750358939,0.3160268245287109,0.60280042511235
The only true clan is brujah,neither,0.04619673008985813,0.3127943004029797,0.6410089695071621
@o_coghlan i think she's toreador? i thought i spied a rose on her box,offensive_language,0.033933409441225505,0.5151292654026008,0.45093732515617363
@oinyst This is a new show.,neither,0.08374186279811928,0.128238115607194,0.7880200215946868
That was slick,neither,0.034637718379237944,0.38385332524043914,0.5815089563803229
"So pumped, I just showed up at the perfect time!",neither,0.032764817467919156,0.42818582412049444,0.5390493584115864
suitably dramatic moment: ballpit or bees?,neither,0.03945320844208391,0.33037608806864915,0.630170703489267
there is always a vampire night driver,neither,0.037752877101211876,0.3372065908401082,0.6250405320586799
hey @shidareAKI !,neither,0.03945320844208391,0.33037608806864915,0.630170703489267
Nice Intro!!!,neither,0.03945320844208391,0.33037608806864915,0.630170703489267
@farlas816 WW has plenty of City By Nights that aren't LA. This one is a classic.,neither,0.041607635175668914,0.3863840636875208,0.5720083011368103
"Gosh, this intro is so GOOD",neither,0.04505622523700246,0.36453230148399096,0.5904114732790064
First episode,neither,0.031140401348578633,0.33323524361688356,0.6356243550345377
Ohhmyyy,neither,0.03945320844208391,0.33037608806864915,0.630170703489267
WARNING TO ALL WHO MASQURADE: @shidareAKI has been know to get squirrelly and slayery at the mention of the 'vamp' word in chat. Cainites beware!,neither,0.044820403863515226,0.366680911087567,0.5884986850489179
So glad that Vampire gets some love :),neither,0.02869569152356235,0.41731991402452484,0.5539843944519128
@oinyst New series!,neither,0.04387515076808845,0.21895888191130883,0.7371659673206027
Long live Lasombra!,neither,0.04562300510104399,0.32551386500966817,0.6288631298892878
Yeayee go team go!,neither,0.04212238427309406,0.339664390640837,0.6182132250860689
wow,neither,0.03945320844208391,0.33037608806864915,0.630170703489267
Erika had the tremere image,neither,0.0384485257183388,0.31194099186710994,0.6496104824145513
WOOHOO SUCH EXCITE!! <3,neither,0.039646334226936426,0.3270982394815666,0.6332554262914969
this would also be the perfect show for having to take up camera time while behind the scenes get ready,neither,0.043067218284061994,0.299751448731079,0.6571813329848589
Vampire!!!,neither,0.03945320844208391,0.33037608806864915,0.630170703489267
How did Talesin not get involved in this?,neither,0.03776463819863793,0.3439004285335465,0.6183349332678156
Hello hello,neither,0.03945320844208391,0.33037608806864915,0.630170703489267
It was a gangrel face eating the sun,neither,0.037251405796903184,0.3178074117496208,0.644941182453476
the tarot card,neither,0.03820203110584179,0.30724353300194457,0.6545544358922136
Anarch!,neither,0.03945320844208391,0.33037608806864915,0.630170703489267
"Woo, made it!",neither,0.037976528148713294,0.3308839861356039,0.6311394857156828
thanks,neither,0.035884468650613,0.3004919205142699,0.6636236108351171
It's started!!!! Yay!!!!,neither,0.03797074064785392,0.3308859767225388,0.6311432826296073
B) B),neither,0.03945320844208391,0.33037608806864915,0.630170703489267
nice intro,neither,0.03945320844208391,0.33037608806864915,0.630170703489267
@ArisBranwin think Erica will go Bruja?,neither,0.042607794364646234,0.30160972437317757,0.6557824812621763
"I'm sure they could tell interesting stories about Ohio, we've got cool stuff too, like...corn? More corn? soy beans?",neither,0.02996270595312979,0.40843760703499066,0.5615996870118797
Tal is in EVERYTHING... so thats why.,neither,0.03565123255764979,0.3768478850094895,0.5875008824328607
I miss LARPing this,neither,0.028871553475567274,0.33661329966821885,0.6345151468562139
i am excited for the return of Masquerade... Requiem just didn’t do it for me.,neither,0.01893232261570788,0.34920665909220416,0.631861018292088
@Countxaero He needs to sleep at some point!,neither,0.04120733878575209,0.35920487733823414,0.5995877838760137
a n n a b e l l e,neither,0.03945320844208391,0.33037608806864915,0.630170703489267
What edition?,neither,0.04568673754512718,0.3259267583143808,0.628386504140492
@Countxaero had too much going on but he might make a guest appearance,neither,0.035328232008246585,0.36339982528241743,0.6012719427093361
@Countxaero who says he's not? .... YET...,neither,0.044391973180431074,0.4025039027943021,0.5531041240252668
I want to see Erika as one of the asian vampires..,neither,0.0515953017332493,0.20980294493791138,0.7386017533288394
"you are all mad, the only clan is Malkavian everyone else is a delusion",neither,0.08432028667979191,0.4345303012975349,0.48114941202267314
"Ooo, a holy crusade would be awesome. Kill all the vampires. America has so many guns too.",neither,0.3218694067453443,0.2327983613621963,0.44533223189245946
@ladygrace1973 5th,neither,0.03945320844208391,0.33037608806864915,0.630170703489267
PopCorn PopCorn,neither,0.03945320844208391,0.33037608806864915,0.630170703489267
Because there ARE asian vampires in NA.,neither,0.06790239952993733,0.13693707495481394,0.7951605255152487
its 6 in the morning here and i have places to be so i need to sleep but i dont care nor will i care,neither,0.06644073592622289,0.23477753121931313,0.698781732854464
LA run by Anarchs or Oligarchs. U ok LA?,neither,0.04019350762955793,0.36093224408764607,0.5988742482827961
ok,neither,0.03935517884257045,0.3320399062092607,0.6286049149481688
!wtfisthis,neither,0.03945320844208391,0.33037608806864915,0.630170703489267
