text,top_class,hate_speech,offensive_language,neither
Did we come up with their team name yet?,neither,0.028378960610553384,0.41932732945624346,0.5522937099332031
Hugs and so much Squee,neither,0.03437786872379688,0.334382894192579,0.6312392370836242
fuck yes! We about to go live right? right guys? amiright? live?,offensive_language,0.1440753167603529,0.8242410327693498,0.031683650470297246
yes!,neither,0.03945320844208391,0.33037608806864915,0.630170703489267
Hey folks! :),neither,0.03945320844208391,0.33037608806864915,0.630170703489267
What a great way to Start a wekend.,neither,0.051112510750531824,0.2966469133013207,0.6522405759481473
No team name yet that I know of though!,neither,0.03562859727028729,0.3761110320040446,0.5882603707256681
howdy all,offensive_language,0.046917543854519406,0.6277741405869331,0.3253083155585475
Evening everyone!,neither,0.033219361956460275,0.4361807319725941,0.5305999060709456
gandsFacepalm gandsFacepalm gandsFacepalm gandsFacepalm gandsFacepalm gandsFacepalm,neither,0.03945320844208391,0.33037608806864915,0.630170703489267
@livesparke woop woop!,neither,0.03945320844208391,0.33037608806864915,0.630170703489267
"Oh, neat, Cypher has its own category now.",neither,0.05289293883869933,0.29424411207279494,0.6528629490885056
vieHype vieHype vieD20 vieHype vieHype,neither,0.03945320844208391,0.33037608806864915,0.630170703489267
*runs in screaming at the last second*,neither,0.03818680786236131,0.3359362656928565,0.6258769264447822
Category?,neither,0.03945320844208391,0.33037608806864915,0.630170703489267
did cypher just start or just end?,neither,0.03323781704619415,0.3601995153886876,0.6065626675651182
Callisto 6 and Vampire. Screaming inside?,neither,0.035851008671166334,0.16106985426592538,0.8030791370629082
"I noticed that too, @starpilotsix ! Very schway!",neither,0.035531425038465306,0.3745272357436976,0.5899413392178371
Callisto 6 is the BEST cyberpunk RPG out there....Nice Job G&S!,neither,0.040915527810462204,0.28592405705281143,0.6731604151367263
,neither,0.03945320844208391,0.33037608806864915,0.630170703489267
hullo!!,neither,0.03945320844208391,0.33037608806864915,0.630170703489267
HAHAH that image of eric,neither,0.036589032627501114,0.3613820231868877,0.6020289441856111
Gimme my vampires.,neither,0.02916400709032786,0.4096629159138072,0.561173076995865
What's this song? It's so pretty,neither,0.04297197586526857,0.38455604639742536,0.572471977737306
@xxSilentEchoesxx Callisto 6 is just about to start.,neither,0.05084561490810054,0.3823675871689637,0.5667867979229357
"Tonight is a good night for GnS content, and I'm happy i'm coincidentally wearing my GnS pride shirt",neither,0.028053894053016625,0.32580689454309003,0.6461392114038933
@Zharthon That's in 4 hours!,neither,0.034311348455587164,0.38660851203231145,0.5790801395121014
Hello from Norway =),neither,0.040875471929787875,0.3062365648703896,0.6528879631998226
@kuributt hey type /me to do actions,neither,0.03941869842643477,0.36033023470343795,0.6002510668701273
Want the inside scoop? Join the cast of Critical Role and discuss the most recent episode right here on Talks Machina. Tuesdays 7pm Pacific at twitch.tv/geekandsundry and projectalpha.com,neither,0.04573032993319735,0.22538911733705982,0.7288805527297427
Does anyone have a favorite clan? I know a little but I tend to gravitate to one.,neither,0.034569679113476234,0.43477106815183514,0.5306592527346887
"C6 @ 6C for me, anyway",neither,0.024106186911316455,0.343090082348785,0.6328037307398985
We need Callisto 6 emotes!,neither,0.038840361614517614,0.3324442359914764,0.6287154023940059
i.e. /me waves,neither,0.0313868601768065,0.37441877101615234,0.5941943688070411
And Cass is awesome!!,neither,0.04965291636426738,0.27535520524159207,0.6749918783941404
hey all,neither,0.04285346742239823,0.46255625023407465,0.49459028234352725
,neither,0.03945320844208391,0.33037608806864915,0.630170703489267
gandsPencil,neither,0.03945320844208391,0.33037608806864915,0.630170703489267
,neither,0.03945320844208391,0.33037608806864915,0.630170703489267
,neither,0.03945320844208391,0.33037608806864915,0.630170703489267
WHO'S READY FOR A HEIST,neither,0.03183573088070912,0.3699757289565737,0.5981885401627172
i watched the entire Gentlemans Guide to VtM and am HYPED,neither,0.04244544617297583,0.29295957149219476,0.6645949823348293
clan?,neither,0.03945320844208391,0.33037608806864915,0.630170703489267
@djwho I know absolutely nothing about them but the quiz in the VtM discord said I'm tremere,neither,0.041718024536361524,0.3566202075326676,0.6016617679309709
anyone know the intro song?,neither,0.03833847839202014,0.3229809940870423,0.6386805275209375
"I like Ventrue and Malkavian, personally.",neither,0.051245251076056035,0.2994532471991631,0.6493015017247808
Evening all,neither,0.041793358651534496,0.4229818652092969,0.5352247761391685
Because of this show I really want to play a super hero tabletop game now,neither,0.0538292856605817,0.2499533203701985,0.6962173939692197
We have a subscriber-only Discord server! Join here: https://discord.gg/geekandsundry (you'll need to sub and link it to your Twitch) and be a part of the fun!...Warning: It can take up to an hour for the server to update and give you access to the channels,neither,0.08464076273808444,0.286394834032893,0.6289644032290227
,neither,0.03945320844208391,0.33037608806864915,0.630170703489267
,neither,0.03945320844208391,0.33037608806864915,0.630170703489267
@mostaverage2258 Same,neither,0.04148851938089603,0.3488915597363099,0.609619920882794
Sup guys! big night here at G&S,neither,0.04447061676815129,0.37498092625334756,0.5805484569785012
?me is EXCITED!,neither,0.03917310011342485,0.3782933839976751,0.5825335158889
"I'm waiting for Weave to release a superhero playset, because that would be SO fun",neither,0.03701237483632186,0.3577032794035902,0.6052843457600878
I played a little a few months ago. I like Malkavian but no matter what. Just to say Alex Ward. Awesome ! Hype,neither,0.04554491085605733,0.35754882563584117,0.5969062635081015
!wtfisthis,neither,0.03945320844208391,0.33037608806864915,0.630170703489267
"Callisto 6 takes place in Los Angeles in the year 2119, where a world of cyberpunk is about to be broken by the emergence of superheroes. Powered by the Cypher System, this original RPG is crafted by Eric Campbell and Sam de Leve.",neither,0.04788177314792089,0.323551782053012,0.6285664447990672
awe crap i goofed,neither,0.03945320844208391,0.33037608806864915,0.630170703489267
HEY GUYS!!,neither,0.03929207127355727,0.33311100635304525,0.6275969223733975
Is there something special at GnS today?,neither,0.08089993728265399,0.2732674652029678,0.6458325975143782
@seratonia so much fun!!,neither,0.0344473322791293,0.3917947063836221,0.5737579613372487
ramaV ramaV ramaV,neither,0.03945320844208391,0.33037608806864915,0.630170703489267
HEY AKI,neither,0.03945320844208391,0.33037608806864915,0.630170703489267
Is the hacker girl in a wheel chair,neither,0.039596621398278596,0.36391138333966766,0.5964919952620537
,neither,0.03945320844208391,0.33037608806864915,0.630170703489267
@shidareaki hi aki!!!,neither,0.03945320844208391,0.33037608806864915,0.630170703489267
It’s Friday!!,neither,0.03730267510763682,0.3311157550963673,0.6315815697959959
?,neither,0.03945320844208391,0.33037608806864915,0.630170703489267
"Download the new Critical Role theme song for Campaign Two! http://itunes.apple.com/album/id1331550250?ls=1&app=itunes Sales of the song support the musician, Jason Charles Miller.",neither,0.04445767596344001,0.2510827790306858,0.7044595450058742
WHAT UP,neither,0.04549209283961305,0.43877665191533993,0.5157312552450469
Hi all!,neither,0.0423466876598404,0.4436528871510691,0.5140004251890904
yes @mostaverage2258,neither,0.03945320844208391,0.33037608806864915,0.630170703489267
!fridays,neither,0.03945320844208391,0.33037608806864915,0.630170703489267
!nonbinary,neither,0.03945320844208391,0.33037608806864915,0.630170703489267
"Just your weekly reminder that Sam/Lacy is non-binary and uses they/them/their pronouns. Non-binary people, such as Sam, do not identify as male or female. For more information about people who identify as non-binary, check out this helpful link: https://goo.gl/yiBWJP",neither,0.05726813487913556,0.37531511551661656,0.567416749604248
they are,neither,0.11748381152333764,0.22608295668333075,0.6564332317933317
@CelestialChickin Premiere of a brand new show tonight!,neither,0.05060641857384574,0.19936221051052366,0.7500313709156307
"I never got into Vampire, but the one time I played I made a Tremere.",neither,0.032058801755206125,0.4156102217966012,0.5523309764481926
Happy Friday er'rybody!,neither,0.03945320844208391,0.33037608806864915,0.630170703489267
!Friday,neither,0.03945320844208391,0.33037608806864915,0.630170703489267
"FRIDAY (All Times Pacific) - BECAUSE SCIENCE: 3-4pm, Kyle takes your scientific questions and answers them using equations, pop culture, and more! | CALLISTO 6: 4-7pm, Los Angeles in the year 2119, a world of cyberpunk is about to be broken by the emergence of superheroes! | VAMPIRE: THE MASQUERADE - L.A. BY NIGHT 8-11pm, a dark tale of personal horror and inhuman conspiracy, with vampires doing their best to navigate the macabre affairs and terrifying realities of surviving the L.A. night.",neither,0.04474033419532387,0.3250632346336515,0.6301964311710245
Hey Everyone TwitchUnity,neither,0.031959242684595296,0.4575682446653829,0.5104725126500218
ramaV,neither,0.03945320844208391,0.33037608806864915,0.630170703489267
I HEAR A VOICE,neither,0.03945320844208391,0.33037608806864915,0.630170703489267
Just hyped!,neither,0.03429717975759157,0.3548581641457409,0.6108446560966675
oooh I see,neither,0.03945320844208391,0.33037608806864915,0.630170703489267
"@mostaverage2258 hacker person, not girl, thank you",neither,0.04607331917903547,0.45852086760991123,0.4954058132110533
@mostaverage2258 they are,neither,0.11748381152333764,0.22608295668333075,0.6564332317933317
Hi Aliza laugh.,neither,0.03945320844208391,0.33037608806864915,0.630170703489267
I love the Aliza laugh,neither,0.03454751188324622,0.32647307384873303,0.6389794142680206
Random giggle?,neither,0.03945320844208391,0.33037608806864915,0.630170703489267
Aliza :D,neither,0.03945320844208391,0.33037608806864915,0.630170703489267
randome Guffaw?,neither,0.03945320844208391,0.33037608806864915,0.630170703489267
HYPE,neither,0.03945320844208391,0.33037608806864915,0.630170703489267
YAY!!!,neither,0.03945320844208391,0.33037608806864915,0.630170703489267
@shidareAKI How are you and hope everyone in east coast is safe!,neither,0.10764679189108227,0.2870731548596574,0.6052800532492604
Hey guys!! What did I miss last episode?,neither,0.03784032812765014,0.33081466541090015,0.6313450064614496
ramaV ramaV ramaV,neither,0.03945320844208391,0.33037608806864915,0.630170703489267
Hai !,neither,0.03945320844208391,0.33037608806864915,0.630170703489267
Live mikes,neither,0.04432795846917474,0.32869943799973295,0.6269726035310923
ohai alizalaff,neither,0.03945320844208391,0.33037608806864915,0.630170703489267
yay!,neither,0.03945320844208391,0.33037608806864915,0.630170703489267
Howdy folks!,neither,0.03945320844208391,0.33037608806864915,0.630170703489267
hi eric!,neither,0.03945320844208391,0.33037608806864915,0.630170703489267
"Help G&S make great content! $4.99/month gets you emotes, Minecraft server access, sub-only VODs, and more! Every sub keeps the channel alive! twitch.tv/geekandsundry/subscribe",neither,0.043907990691603095,0.31135964332838284,0.644732365980014
Hey look! COLOR!,neither,0.043024816480385204,0.32914764828603876,0.627827535233576
gandsHype gandsHype gandsHype,neither,0.03945320844208391,0.33037608806864915,0.630170703489267
PLayers log in now!,neither,0.03945320844208391,0.33037608806864915,0.630170703489267
Hi all!,neither,0.0423466876598404,0.4436528871510691,0.5140004251890904
Going off chat now,neither,0.03779687727354881,0.35848835067858253,0.6037147720478687
@djwho I’m great!,neither,0.03629809395026052,0.28705760395740076,0.6766443020923386
Ohhh we can see even more colors on the set!!!,neither,0.037381018172596016,0.33121541363581586,0.6314035681915882
We get signal fmgNERD,neither,0.03874907727927857,0.3423270315373568,0.6189238911833647
Hi @chiplickin,neither,0.03945320844208391,0.33037608806864915,0.630170703489267
gandsHype gandsHype gandsHype,neither,0.03945320844208391,0.33037608806864915,0.630170703489267
woooo,neither,0.03945320844208391,0.33037608806864915,0.630170703489267
omg I love Gina's hair,neither,0.036039266997203376,0.3463526611786472,0.6176080718241493
Hi everybody!,neither,0.03945320844208391,0.33037608806864915,0.630170703489267
shidarAKIhaipu shidarAKIhaipu shidarAKIhaipu,neither,0.03945320844208391,0.33037608806864915,0.630170703489267
It's pigtails day!,neither,0.03759185012650978,0.3018327880873846,0.6605753617861057
aaah yay! The color filter is gone!!!,neither,0.04563552018350033,0.31733808485653403,0.6370263949599657
Oh man some good colors,neither,0.035737659606376156,0.3566272944279347,0.607635045965689
Hi @Flyorfight,neither,0.03945320844208391,0.33037608806864915,0.630170703489267
Anton has to get the synthskin Cassium before going to Pyramid Star. He could get caught getting that.,neither,0.04157076268393345,0.43352603183147176,0.5249032054845948
HYPE,neither,0.03945320844208391,0.33037608806864915,0.630170703489267
hype,neither,0.03945320844208391,0.33037608806864915,0.630170703489267
so much color!,neither,0.0362669306913529,0.3861780747375937,0.5775549945710535
It is so much better without the filters,neither,0.04029294411456176,0.3513690183840422,0.6083380375013959
they should have looked in here too not just alpha,neither,0.07699893581356586,0.3565622125676247,0.5664388516188094
WOO!!,neither,0.03945320844208391,0.33037608806864915,0.630170703489267
Fangs for LIFE,neither,0.03079883650644285,0.3586656361456825,0.6105355273478746
Welcome to Callisto6 where some nerdy ass Twitch hosts play a Cyberpunk RPG!?,offensive_language,0.10496900725603277,0.8444586697022813,0.050572323041685824
@darkestargentum a few of them did pop in here!,neither,0.10666266029058966,0.2656296485142901,0.6277076911951202
So excited for the V:tM game,neither,0.033706301540480994,0.2969204202630813,0.6693732781964377
Nice 1 @Ossborn :),neither,0.03945320844208391,0.33037608806864915,0.630170703489267
!rbschedule,neither,0.03945320844208391,0.33037608806864915,0.630170703489267
Find the live+rebroadcast schedule for the next few days here: http://bit.ly/WeekRebroadcast,neither,0.05923745387465155,0.19036582025153617,0.7503967258738122
I want to watch V:tM live so badly... but... 4 AM,neither,0.048446950800025215,0.35817523423839814,0.5933778149615766
no one who was goth in the 90's didn't own atleast one white wolf game book,offensive_language,0.22044915633284023,0.5093393867219826,0.2702114569451771
!friday,neither,0.03945320844208391,0.33037608806864915,0.630170703489267
"FRIDAY (All Times Pacific) - BECAUSE SCIENCE: 3-4pm, Kyle takes your scientific questions and answers them using equations, pop culture, and more! | CALLISTO 6: 4-7pm, Los Angeles in the year 2119, a world of cyberpunk is about to be broken by the emergence of superheroes! | VAMPIRE: THE MASQUERADE - L.A. BY NIGHT 8-11pm, a dark tale of personal horror and inhuman conspiracy, with vampires doing their best to navigate the macabre affairs and terrifying realities of surviving the L.A. night.",neither,0.04474033419532387,0.3250632346336515,0.6301964311710245
"... on a saturday, with an already messed up sleep schedule",neither,0.02912672293989488,0.40245092400688204,0.5684223530532232
MAN clanbook giovani was MESSED UP,neither,0.03687070299319277,0.4543032157056146,0.5088260813011928
Vampire was my first RPG,neither,0.023357695594397883,0.418590870731903,0.5580514336736991
Always :P,neither,0.03557448528484342,0.4519132619047061,0.5125122528104504
Eric wants to do Monty Python? Hmmm. Can we turn Callisto 6 into a bunch of grannies harassing the youth on the street?,neither,0.04188324841217028,0.3755750109636287,0.5825417406242009
oooo Cass glasses,neither,0.03945320844208391,0.33037608806864915,0.630170703489267
"something tells me that IF Eric WERE a Pooka, he totally made his will roll #truth",neither,0.03727662005282064,0.3791075139229204,0.583615866024259
Changeling <3,neither,0.03945320844208391,0.33037608806864915,0.630170703489267
what about mage the Ascension?,neither,0.04522989272745547,0.34331171757297363,0.6114583896995709
maturity level -20,neither,0.03945320844208391,0.33037608806864915,0.630170703489267
,neither,0.03945320844208391,0.33037608806864915,0.630170703489267
It's just a shame we can't have Sam on Callisto6 and VTM,neither,0.031933257387182924,0.3314630596043669,0.6366036830084502
"Well... 5 AM, but still, not a time I want / can get up this saturday",neither,0.032798590456370014,0.40450010365200917,0.5627013058916209
well it is Hector,neither,0.051147536667387396,0.3263538723415004,0.6224985909911123
Only if the fart inflates him like a ballon,neither,0.029369620501922662,0.38335282735379256,0.5872775521442847
I think only Sam actually engaged everyone for the whole show on Alpha.,neither,0.03830195214007538,0.32537717554607776,0.6363208723138469
"Oh, Cass glasses and Luma pigtails. It's good.",neither,0.04141962849949718,0.240805835162568,0.7177745363379349
Dick and Johnson is for immature audiences mosdef.,offensive_language,0.06381374739680554,0.7169068406208452,0.2192794119823492
!whodat,neither,0.03945320844208391,0.33037608806864915,0.630170703489267
"GM Eric Campbell ( twitter.com/16BitEric ), with Aliza Pearl ( twitter.com/AlizaPearl ), Gina DeVivo ( twitter.com/PocketGina ), Sam de Leve ( twitter.com/ChaiKovsky ), Amy Dallen ( twitter.com/enthusiamy ), Hector Navarro ( twitter.com/Hectorisfunny ), Bonnie Gordon ( twitter.com/BonnieBellG ).",neither,0.03673732733147788,0.4718529441656544,0.4914097285028677
"yeah, we have a lot of small costume updates it seems!",neither,0.027185244289926396,0.4127476743790255,0.5600670813310482
Evenin' all!,offensive_language,0.046917543854519406,0.6277741405869331,0.3253083155585475
I just got back do we know who the cast of the vampire game yet,neither,0.03562568675531471,0.36103667709827786,0.6033376361464075
What is even happening,neither,0.052777569361683235,0.33866714635611855,0.6085552842821982
I love this show man,neither,0.056540446778712665,0.33140493543168736,0.6120546177896
Welcome to FartlistoSICKS ],neither,0.05036155158341772,0.3241161757817237,0.6255222726348585
I love this group,neither,0.03572230283989948,0.34936926977879157,0.614908427381309
gandsHR gandsHR gandsHR gandsHR,neither,0.03945320844208391,0.33037608806864915,0.630170703489267
lol,neither,0.020706217963973744,0.4882283491876925,0.4910654328483337
fmgPRAMS,neither,0.03945320844208391,0.33037608806864915,0.630170703489267
it's going to be a long night :),neither,0.034799161223938765,0.3582367241974378,0.6069641145786235
Did I show up on time?!,neither,0.048396454286228206,0.3405813955702098,0.6110221501435621
What a cast,neither,0.04568673754512718,0.3259267583143808,0.628386504140492
@KBTibbs another channel might do a monty python game using lazers and feelings,neither,0.06650795531321135,0.27299593368773284,0.6604961109990558
YEah!,offensive_language,0.013968601452186464,0.5182923869769311,0.4677390115708824
hi all,neither,0.0423466876598404,0.4436528871510691,0.5140004251890904
"This show is for mature audiences, because the hosts aren't.",neither,0.05236570526443014,0.23402595696117118,0.7136083377743986
thanks for tooting in,neither,0.03258118438454155,0.29076888648999943,0.6766499291254591
@Slippydude OH NO,neither,0.04751210705993949,0.26629718932274826,0.6861907036173122
Colonoscopy 6,neither,0.03945320844208391,0.33037608806864915,0.630170703489267
Merch???,neither,0.03945320844208391,0.33037608806864915,0.630170703489267
I Gas that i love the new mood of hector!,neither,0.03616570885296915,0.28719241585082356,0.6766418752962072
@HatefulJerk Yeah,offensive_language,0.013968601452186464,0.5182923869769311,0.4677390115708824
"Aaaay, haven’t caught this live before.",neither,0.039835358013542266,0.38541828750196067,0.574746354484497
"Welcome to G&S, we compare the strength of our farts here :D",neither,0.06921171241634348,0.29791075895329255,0.632877528630364
Hi @elizabethjoy77,neither,0.03945320844208391,0.33037608806864915,0.630170703489267
they are awesome,neither,0.07510737655025979,0.27207122684635293,0.6528213966033873
get to watch live tonight@ Woot,neither,0.05086201816423705,0.31353067779310995,0.6356073040426531
"Is Sam maybe, excited?",neither,0.046971772657162084,0.32779010906679157,0.6252381182760464
Uncommon Trust Hype!!!,neither,0.03945320844208391,0.33037608806864915,0.630170703489267
Definitely not mature lol!,neither,0.031075642305826896,0.38773024218310836,0.5811941155110647
gandsNopeNopeNope gandsNopeNopeNope gandsNopeNopeNope gandsNopeNopeNope,neither,0.03945320844208391,0.33037608806864915,0.630170703489267
ROB THAT CORP!,neither,0.03602742656873755,0.3675600505455851,0.5964125228856774
@Rowlandinthedeep Welcome and Enjoy,neither,0.03860730184226345,0.28722824611601955,0.6741644520417169
"""Our opening announcements: farts be stinky yo.""",neither,0.03986975251098765,0.3816624828677322,0.5784677646212801
holy shit sam's excited!,offensive_language,0.04655833895295075,0.9486613379084545,0.004780323138594663
WE ARE NOT ROBBING A CORP,neither,0.05795375150998983,0.3001040166471155,0.6419422318428946
No Corp is the best Corp! #Sinless,neither,0.042343542731059794,0.3236097895079817,0.6340466677609585
vieHype vieHype vieD20 vieHype vieHype,neither,0.03945320844208391,0.33037608806864915,0.630170703489267
Ofc we aren't robbing a corp,neither,0.039335528706825836,0.3323734202956147,0.6282910509975597
gandsNopeNopeNope VoteYea VoteYea VoteYea,neither,0.03945320844208391,0.33037608806864915,0.630170703489267
WHEEEEEE,neither,0.03945320844208391,0.33037608806864915,0.630170703489267
"LOL I was like ""Robbing a corps?! Did I miss something?""",neither,0.03502688051218952,0.3917997434335362,0.5731733760542743
Yes! Robbing the Corp!,neither,0.0387389991081952,0.317377055539305,0.6438839453524997
corps?,neither,0.03945320844208391,0.33037608806864915,0.630170703489267
They would never rob a corp,neither,0.03585609394905413,0.35793957310432073,0.6062043329466251
corpse*,neither,0.03945320844208391,0.33037608806864915,0.630170703489267
#CorpingARob?,neither,0.03945320844208391,0.33037608806864915,0.630170703489267
You know what would be fun...having the players play the other player's characters for one game.,neither,0.0413403934848175,0.36059316958140925,0.5980664369337734
I love Sam and their infinite TBD references,neither,0.035551358381749366,0.3011254693027731,0.6633231723154775
No pencils were harmed during the production of this episopde.,neither,0.03831186358692267,0.31331510650222055,0.6483730299108567
a corporation,neither,0.03945320844208391,0.33037608806864915,0.630170703489267
"They aren't robbing a corp, they are just borrowing without the corp knowing.",neither,0.04694137032788687,0.31233672436109594,0.6407219053110174
"I mean, if it's anything like an Amazon ""corp"" shipping warehouse there'll be some interesting stuff in there",neither,0.030591856064650137,0.32830669557906483,0.6411014483562849
Time for a heist XD,neither,0.027501440403312122,0.315918077696926,0.6565804818997619
This is the episode where we get to see Sam go Neo on Krause's ass (hopefully),offensive_language,0.11863089333958256,0.7953793451059749,0.08598976155444257
and without intent to return it @boone_faustus,neither,0.043855249399440854,0.2871036080301583,0.669041142570401
nope?,neither,0.03945320844208391,0.33037608806864915,0.630170703489267
"is the music hitting some off notes, or that my end?",neither,0.028659289922071483,0.40817703678793066,0.5631636732899978
I just got a stupid thought... Amazon Warehouse 13...,neither,0.09908673919207381,0.21408582672135032,0.686827434086576
Amy got glasses that match her character!!!,offensive_language,0.03045197596047495,0.5257531367872628,0.4437948872522623
awsome shades!!,neither,0.03945320844208391,0.33037608806864915,0.630170703489267
@Ossborn HA,neither,0.03945320844208391,0.33037608806864915,0.630170703489267
I absurdly proud of my phone for having autocorrect assume I am quoting Darin De Paul,neither,0.029886444784350652,0.3595931494543479,0.6105204057613014
@japenrose and hairs,neither,0.03850868819351477,0.2814481268397341,0.6800431849667511
"Could you say the conversation... ""lingered""?",neither,0.05614665454188061,0.3598673100020354,0.583986035456084
I Gas that Farts are allowed on the show?,neither,0.06342368661963887,0.2712915523156394,0.6652847610647218
Whyyyyy gandsHappy,neither,0.03945320844208391,0.33037608806864915,0.630170703489267
She dyed her hair too :D @japenrose,offensive_language,0.0326411390722565,0.6065353783793017,0.3608234825484418
donate bits for bonus immaturity!,neither,0.034282764621781654,0.3045466728743743,0.661170562503844
hopefully it will go as well as the acquisitions Inc. heist Kappa,neither,0.037042555248312424,0.35115845626235426,0.6117989884893333
Mattt,neither,0.03945320844208391,0.33037608806864915,0.630170703489267
!points @Orangeitis,neither,0.03945320844208391,0.33037608806864915,0.630170703489267
"That was an excellent pun, @Orangeitis! Here, have some points for that one! You have been awarded 103 points!",neither,0.049980789310414435,0.3817775744187309,0.5682416362708548
