text,top_class,hate_speech,offensive_language,neither
*pation [spell check is evil],neither,0.046808344794198535,0.32784631940294784,0.6253453358028537
dooleyVictoryShot dooleyManMode dooleyManMode dooleyManMode dooleyManMode dooleyManMode,neither,0.03945320844208391,0.33037608806864915,0.630170703489267
much as i ripped on kindred I sorrta hope they use the theme song,neither,0.02753363421653289,0.346313824640443,0.6261525411430241
"@perfectcosima same, but are we? NAH",neither,0.06582729964869448,0.3010712568986836,0.633101443452622
Is everyone ready?,neither,0.041262036450053476,0.4450965041340042,0.5136414594159423
Gambrel for Unlife,neither,0.023896577328981292,0.2538532852897668,0.7222501373812519
cohhEvil cohhEvil cohhEvil cohhEvil,neither,0.03945320844208391,0.33037608806864915,0.630170703489267
gandsHype gandsHype,neither,0.03945320844208391,0.33037608806864915,0.630170703489267
"""Led by Storyteller Jason Carl of White Wolf Entertainment"" oh my word. :O Hyyype.",offensive_language,0.23476844251245718,0.5207386156431386,0.2444929418444041
!rbschedule,neither,0.03945320844208391,0.33037608806864915,0.630170703489267
Find the live+rebroadcast schedule for the next few days here: http://bit.ly/WeekRebroadcast,neither,0.05923745387465155,0.19036582025153617,0.7503967258738122
Yaaaaaas.,neither,0.03945320844208391,0.33037608806864915,0.630170703489267
never got to play this excited to see it,neither,0.044565708771747835,0.396686152831829,0.5587481383964231
Woooo \o/ We're live!,neither,0.07702019449600846,0.29035571652515796,0.6326240889788335
"(in his best Vincent Price impression) ""Good evening, boos and ghouls! I hope everyone is having a spooky evening!""",neither,0.06270492886431085,0.3081133395970197,0.6291817315386695
i am both surprised and excited.,neither,0.03860549068464795,0.29637664692409454,0.6650178623912575
"GET FUCKIN HYPE, Y'ALL",offensive_language,0.07340909259118408,0.9215019479312612,0.005088959477554708
HERE WE GO!!!,neither,0.13156755280784707,0.2765461283225309,0.5918863188696221
I got back JUST in time,neither,0.03105403979136116,0.43794109884467963,0.5310048613639592
gandsHype gandsHype gandsHype,neither,0.03945320844208391,0.33037608806864915,0.630170703489267
oh my gosh yess,neither,0.0337523326657152,0.36083173828850074,0.6054159290457841
wooo lets get spooky,neither,0.038206709826542735,0.35153242267654267,0.6102608674969147
YAY!,neither,0.03945320844208391,0.33037608806864915,0.630170703489267
@ArisBranwin LETS DO THE TIME WARP AGAAAAAIN!,neither,0.03784111299519057,0.3492841567348421,0.6128747302699673
wheeeeeeeee,neither,0.03945320844208391,0.33037608806864915,0.630170703489267
yay!,neither,0.03945320844208391,0.33037608806864915,0.630170703489267
critroleBts critroleBts critroleBts critroleBts critroleBts,neither,0.03945320844208391,0.33037608806864915,0.630170703489267
We have a subscriber-only Discord server! Join here: https://discord.gg/geekandsundry (you'll need to sub and link it to your Twitch) and be a part of the fun!...Warning: It can take up to an hour for the server to update and give you access to the channels,neither,0.08464076273808444,0.286394834032893,0.6289644032290227
gandsHype gandsHype gandsHype gandsHype,neither,0.03945320844208391,0.33037608806864915,0.630170703489267
Yes!!!!!,neither,0.03945320844208391,0.33037608806864915,0.630170703489267
not sorry,neither,0.03731118984720972,0.3384892943067834,0.624199515846007
<3 <3 <3,neither,0.03945320844208391,0.33037608806864915,0.630170703489267
Yay,neither,0.03945320844208391,0.33037608806864915,0.630170703489267
He literally is a vampire...,neither,0.053470637154391924,0.32555485155684694,0.6209745112887611
PogChamp,neither,0.03945320844208391,0.33037608806864915,0.630170703489267
ayy,neither,0.03945320844208391,0.33037608806864915,0.630170703489267
ramaWave,neither,0.03945320844208391,0.33037608806864915,0.630170703489267
i'm gonna DIE,neither,0.322223522718152,0.1035382133777535,0.5742382639040945
I like this guy,neither,0.056968314779944434,0.37105603976089846,0.5719756454591571
Mortal Stakes manMVG,neither,0.03945320844208391,0.33037608806864915,0.630170703489267
"For those of in EST who know they won't last, when is the rebroadcast?",neither,0.04941852809285251,0.32068440932840286,0.6298970625787447
cheer500 New show hype!!!,neither,0.060679106227886165,0.1609450931311735,0.7783758006409404
ALex!!,neither,0.03945320844208391,0.33037608806864915,0.630170703489267
@Im_Sylien the mood of the night is hopefully not staying up late enough to wreck my sleep cycle,neither,0.033850345578538804,0.3778125124166666,0.5883371420047947
Oh shit this is dope,offensive_language,0.05913377756597522,0.94002089160199,0.0008453308320348577
Jesus riPepperonis,neither,0.03945320844208391,0.33037608806864915,0.630170703489267
Alex!,neither,0.03945320844208391,0.33037608806864915,0.630170703489267
Aleeex omg woo.,neither,0.03945320844208391,0.33037608806864915,0.630170703489267
Where Erika?,neither,0.04379278224195774,0.2567221952996476,0.6994850224583946
Erika where you at?,neither,0.07889641572396747,0.41211288413587666,0.5089907001401559
"So years of LARPing as an ACTUAL Toreador has taught me one rule of V:tM which is universal, any Toreador is really an Assamite, Setite, or Lasombra.",neither,0.04176936837852146,0.3831056297087942,0.5751250019126842
aaah,neither,0.03945320844208391,0.33037608806864915,0.630170703489267
ERika <3 <3 <3 <3 <3,neither,0.03945320844208391,0.33037608806864915,0.630170703489267
hope there are vampirss AND vino!,neither,0.1546386373582624,0.07822695481139562,0.767134407830342
"i spy a nosferatu, a toreador, and a ventrue?",neither,0.03848376057163518,0.2799481601138674,0.6815680793144975
Erika with the surprise arrival!,neither,0.02573434081997772,0.3560990781386686,0.6181665810413537
Where's the brujah,neither,0.041253817407288125,0.23395106775790875,0.724795114834803
I LOVE how in character they all are already!!,neither,0.05907655985375226,0.37929353486449036,0.5616299052817574
Omg Cyn yassssssssssssssss,neither,0.03945320844208391,0.33037608806864915,0.630170703489267
Hello mister Ankh,neither,0.03945320844208391,0.33037608806864915,0.630170703489267
it's ridicolous how much jason carl looks like vampire,neither,0.04232876708302346,0.342003974462368,0.6156672584546086
vampire time critroleStay critroleTurnt,neither,0.03814432885341907,0.3525911905918181,0.6092644805547629
I am so HYPED for this!,neither,0.0334336505861069,0.3429276372303657,0.6236387121835274
<FANGASM!>,neither,0.03945320844208391,0.33037608806864915,0.630170703489267
BDave VoHiYo,neither,0.03945320844208391,0.33037608806864915,0.630170703489267
For officially licensed VtM gear (and the awesome GM screen Jason is using) check out http://dogmight.com/vtm and http://bit.ly/v5spellbooktome,neither,0.034506929539736636,0.237927588715498,0.7275654817447653
Its happening!!!!,neither,0.03309144916294284,0.33256418880705063,0.6343443620300065
gandsTWC gandsHype gandsTWC,neither,0.03945320844208391,0.33037608806864915,0.630170703489267
"I'm guessing Nos, Tor, and Ventrue.",neither,0.03854442882677734,0.28357035124239044,0.6778852199308323
She's being sneaksies.,offensive_language,0.03309299689197119,0.5503976056443465,0.41650939746368243
V:TM LABN was an adventure for a previous edition of World of Darkness. Sweet that they've updated it,neither,0.024736118905364927,0.32562790452645474,0.6496359765681804
Alex is nos B dave is either TOr or Bruja,neither,0.05315857491812742,0.32566218406970016,0.6211792410121724
love vampire!! it was the first pen and paper i really got into.,neither,0.03125188450581784,0.33385828101101167,0.6348898344831706
is this an ongoing game or a one shit thing?,offensive_language,0.054565631398901096,0.9422985120473103,0.003135856553788595
Erika is invisible PogChamp,neither,0.05005952611256733,0.3267280890626825,0.6232123848247502
XD,neither,0.03945320844208391,0.33037608806864915,0.630170703489267
http://dogmight.com/vtm,neither,0.03558056210193769,0.1941005909087057,0.7703188469893567
Hype,neither,0.03945320844208391,0.33037608806864915,0.630170703489267
I want to bleed so much...,neither,0.04189657399275763,0.36766660181814625,0.5904368241890962
Of course she will,neither,0.04328277114367051,0.4069733112963439,0.5497439175599855
Yay everyone!,neither,0.03304046274239423,0.4392171185250389,0.5277424187325669
Very nice cast,neither,0.03945320844208391,0.33037608806864915,0.630170703489267
subdued hype,neither,0.03945320844208391,0.33037608806864915,0.630170703489267
,neither,0.03945320844208391,0.33037608806864915,0.630170703489267
"I should add that I know little about VtM, but it's VAMPIRES, so I'm excited!!!",neither,0.03970052523559088,0.44061846684473993,0.5196810079196692
@Thewolfye ongoing,neither,0.03945320844208391,0.33037608806864915,0.630170703489267
http://bit.ly/v5spellbooktome,neither,0.03645206079592049,0.23049292352815115,0.7330550156759283
@alexwhitechats i thought that too,neither,0.03821531852968409,0.2524604836717603,0.7093241977985555
ok I recognize Toreador.,neither,0.03939706067929928,0.33132906213708846,0.6292738771836124
FEELING FANGTASTIC,neither,0.03945320844208391,0.33037608806864915,0.630170703489267
But—but Erika!,neither,0.02962635344032169,0.3618162153579155,0.6085574312017628
!whodat,neither,0.03945320844208391,0.33037608806864915,0.630170703489267
"Download the new Critical Role theme song for Campaign Two! http://itunes.apple.com/album/id1331550250?ls=1&app=itunes Sales of the song support the musician, Jason Charles Miller.",neither,0.04445767596344001,0.2510827790306858,0.7044595450058742
"GM Jason Carl ( twitter.com/vampiresnvino ), with Cynthia Marie ( twitter.com/Cyndancer ), B. Dave Walters ( twitter.com/BDaveWalters ), Erika Ishii ( twitter.com/erikaishii ), Alex Ward ( twitter.com/AlexWard777 )",neither,0.0361075258397544,0.46844942340612794,0.49544305075411776
What are the other 2?,neither,0.09628286217386625,0.23375527477067393,0.6699618630554598
Pleeeease tell me Erika is playing a malk,neither,0.03926613333065437,0.3621655205483153,0.5985683461210303
,neither,0.03945320844208391,0.33037608806864915,0.630170703489267
"@anderfc hanging in the sealing, will drop down when revealed in game :P",neither,0.03790432094326603,0.30407033308075015,0.6580253459759838
Oooh!,neither,0.03945320844208391,0.33037608806864915,0.630170703489267
"Nossie, Torrie and Ventru",neither,0.03763944115734239,0.1918412352459551,0.7705193235967025
This should be good!,neither,0.05968669086584345,0.40118080967885633,0.5391324994553003
this guy has stagger GM me any day babbbby,neither,0.03382784117079047,0.35210614551767755,0.614066013311532
so much dice.,neither,0.035182948840000276,0.3819303814392523,0.5828866697207475
Oh geez that dice box is beautiful,neither,0.045752259665276136,0.32318285446305517,0.6310648858716688
Our vampiiiires!!,neither,0.03945320844208391,0.33037608806864915,0.630170703489267
Why does everything take place in LA?,neither,0.02332203886160975,0.4090903528861798,0.5675876082522106
i hate ventrues,hate_speech,0.8506971177962884,0.04335368827137609,0.1059491939323355
Ah.. ok.,neither,0.03938726060080474,0.3314953950453076,0.6291173443538877
<3,neither,0.03945320844208391,0.33037608806864915,0.630170703489267
i wonder how much explaining of the setting they're going to work in,neither,0.049883029959756964,0.3185515258118184,0.6315654442284246
hi :),neither,0.03945320844208391,0.33037608806864915,0.630170703489267
I knew I recognized them,neither,0.06202449301670991,0.31818871867742127,0.6197867883058688
Vampire the masquerade! I remember that videogame,neither,0.03488196317232549,0.3553461886970668,0.6097718481306077
OOoh,neither,0.03945320844208391,0.33037608806864915,0.630170703489267
"lol, storyteller",neither,0.020706217963973744,0.4882283491876925,0.4910654328483337
Wanna see Erika's dice box,neither,0.03945320844208391,0.33037608806864915,0.630170703489267
is that dice box like 89 dollars,neither,0.04947627888102575,0.36679451585484735,0.5837292052641269
"a minute 15, huh?",neither,0.03945320844208391,0.33037608806864915,0.630170703489267
The first player looks like he's from Nosferatur clan.,neither,0.04056456830963218,0.38878224332342565,0.5706531883669421
Ohhh and intro,neither,0.03854442882677734,0.28357035124239044,0.6778852199308323
Nosferatu I can understand.. he does that well,neither,0.027752501020526326,0.4744139999942654,0.49783349898520823
And now to watch. Yay LA.,neither,0.04974629363533812,0.2917715173548079,0.6584821890098541
Ooooh introoo,neither,0.03945320844208391,0.33037608806864915,0.630170703489267
@farlas816 because that's where they live?,neither,0.04214586879597034,0.33981270448641065,0.618041426717619
Music choices when we played vampire or Cyberpunk 2020 was NIN first couple of albums or the soundtrack to the Crow and/or Blade Runner.,neither,0.03693349594275471,0.1968060214904707,0.7662604825667747
hey @g0rmyr,neither,0.03945320844208391,0.33037608806864915,0.630170703489267
SO HYPED,neither,0.039408962504520015,0.38382265604540616,0.5767683814500738
"Hey, @g0rmyr ! :D",neither,0.03945320844208391,0.33037608806864915,0.630170703489267
yeeeeaaaahhhhhh mature audience disclaimer,neither,0.03945320844208391,0.33037608806864915,0.630170703489267
Not to be that guy or anything...,neither,0.040552750528345706,0.38488636594296155,0.5745608835286927
Ventrue makes sense for Bdave,neither,0.03276772687229435,0.296965315463766,0.6702669576639397
"This should Suck, in the best way!",neither,0.07641208828249059,0.34964541596748616,0.5739424957500231
oooo mature warning,neither,0.03945320844208391,0.33037608806864915,0.630170703489267
looks like the forever Knight opening,neither,0.04663270796945858,0.32917682821754696,0.6241904638129944
"Studio is in LA, makes things easier on players",neither,0.04248829170847819,0.3370992237365936,0.6204124845549281
"I have chills, this is dream come true stuff.",neither,0.043194020709413875,0.35352115194409167,0.6032848273464944
@Sir_Madmann135 no you don't it never exsisted,offensive_language,0.05267006168234045,0.4855895573949404,0.46174038092271913
@farlas816 same reason marvel is pretty much set in new york cause that is what they know,neither,0.04846955882696281,0.3204428904851514,0.6310875506878858
hey @ImALadyDangIt !,neither,0.03945320844208391,0.33037608806864915,0.630170703489267
Was that not the name of the ghoul in the vtm 20th edition introduction video on youtube Alexander ward??,neither,0.03707644199651117,0.2957048218264129,0.667218736177076
What're the clans guys?,neither,0.06145811127163332,0.2881126678542684,0.6504292208740983
This OP is sweet,neither,0.04754850866606434,0.32913077176432115,0.6233207195696144
BUT GAROU REPRESENT!,neither,0.035407818757931094,0.34250724914812086,0.6220849320939481
how's everybody doing?,neither,0.03945320844208391,0.33037608806864915,0.630170703489267
who is the cast?,neither,0.047580681895494505,0.3750795707224528,0.5773397473820527
FeelsAmazingMan,neither,0.03945320844208391,0.33037608806864915,0.630170703489267
@farlas816 i don't know how much they're going to get into the metaplot but a LOT of things happen in california in the world of darkness,neither,0.05462871514283064,0.31913745500690693,0.6262338298502624
!whodat,neither,0.03945320844208391,0.33037608806864915,0.630170703489267
"GM Jason Carl ( twitter.com/vampiresnvino ), with Cynthia Marie ( twitter.com/Cyndancer ), B. Dave Walters ( twitter.com/BDaveWalters ), Erika Ishii ( twitter.com/erikaishii ), Alex Ward ( twitter.com/AlexWard777 )",neither,0.0361075258397544,0.46844942340612794,0.49544305075411776
"Mature? So sex, blood and violence?",offensive_language,0.029345363432480537,0.5342703115458253,0.43638432502169416
"Help G&S make great content! $4.99/month gets you emotes, Minecraft server access, sub-only VODs, and more! Every sub keeps the channel alive! twitch.tv/geekandsundry/subscribe",neither,0.043907990691603095,0.31135964332838284,0.644732365980014
"@Arakira usually so do I, but if they're BDave I think I can make an exception due to probably awesomeness :)",neither,0.03906401937185748,0.37042763787648253,0.5905083427516599
Must not refer to the TV show....,neither,0.05714223714994351,0.24429994354447093,0.6985578193055856
OhMyDog,neither,0.03945320844208391,0.33037608806864915,0.630170703489267
This is gonna be fangtastic! teenHERT,neither,0.05173210737133165,0.409034700322853,0.5392331923058155
vampire? thats a name i havent heard in a long time,neither,0.03856833041410314,0.34171088203033256,0.6197207875555644
It’s not where they all live.,neither,0.046020151230727495,0.38089460752961385,0.5730852412396586
Erika is clanless?,neither,0.081172750358939,0.3160268245287109,0.60280042511235
Will the cab driver he in here,neither,0.08145046863977203,0.2695092058399406,0.6490403255202873
!points @EQWashu,neither,0.03945320844208391,0.33037608806864915,0.630170703489267
Whoo! A Tremere!,neither,0.03945320844208391,0.33037608806864915,0.630170703489267
"That was an excellent pun, @EQWashu! Here, have some points for that one! You have been awarded 108 points!",neither,0.049980789310414435,0.3817775744187309,0.5682416362708548
Ooooh.,neither,0.03945320844208391,0.33037608806864915,0.630170703489267
"Hey, @zslayer18 ! :D",neither,0.03945320844208391,0.33037608806864915,0.630170703489267
hi @ImALadyDangIt :) and @EQWashu,neither,0.038358606956405694,0.2721397086643902,0.6895016843792041
Erika is tremere?,neither,0.081172750358939,0.3160268245287109,0.60280042511235
",",neither,0.03945320844208391,0.33037608806864915,0.630170703489267
!points @EQWashu,neither,0.03945320844208391,0.33037608806864915,0.630170703489267
of course it's california,neither,0.05798057945527557,0.3240036755934515,0.6180157449512729
I'm already getting shivers,neither,0.03258176846657108,0.4470023574824258,0.5204158740510031
Woot!!!,neither,0.03945320844208391,0.33037608806864915,0.630170703489267
"Vampires in Wisconsin, not as mysterious or edgy lol",neither,0.03140404584718916,0.40037986790262053,0.5682160862501903
Ishii the killer,neither,0.038248109054999424,0.30812809647739126,0.6536237944676092
"Dang, I'm already loving Victor and Annabelle.",neither,0.038185154807951184,0.3147834966898467,0.647031348502202
brujah all the way,neither,0.04095682365783752,0.427359508178002,0.5316836681641606
Alexander Ward is the next Doug Jones,neither,0.04318555337682541,0.3265649971196078,0.6302494495035668
nos Toreador and ....ventru?,neither,0.03763944115734239,0.1918412352459551,0.7705193235967025
Jason Carl is soooo awesome.,neither,0.04512002448192798,0.3284270101772828,0.6264529653407891
bleedPurple bleedPurple,neither,0.03945320844208391,0.33037608806864915,0.630170703489267
I can already tell this is going to be so badass,neither,0.04992261308005269,0.3968121891677124,0.5532651977522348
gandsHype gandsHype gandsHype gandsHype gandsHype gandsHype,neither,0.03945320844208391,0.33037608806864915,0.630170703489267
Erika is Malkavian,neither,0.081172750358939,0.3160268245287109,0.60280042511235
@ArisBranwin They haven't revealed it yet.,neither,0.03788321546660818,0.3309160806458891,0.6312007038875027
This Intro!,neither,0.0393416744334776,0.3322691112752657,0.6283892142912568
hope you're doing well @ImALadyDangIt,neither,0.16951238765086113,0.20845459174432973,0.6220330206048091
is this an one shot?,neither,0.04814115755306583,0.35880078193424053,0.5930580605126937
Well they do live in LA,neither,0.0452196038475803,0.32839276026716324,0.6263876358852565
first episode?,neither,0.031140401348578633,0.33323524361688356,0.6356243550345377
"Its Ventrue, Nosferatu, and Toreador thus far",neither,0.03329295199335749,0.2957468009231545,0.6709602470834881
love this,neither,0.033354624610487035,0.36213039408674813,0.6045149813027648
Is Erika caitiff?,neither,0.081172750358939,0.3160268245287109,0.60280042511235
The only true clan is brujah,neither,0.04619673008985813,0.3127943004029797,0.6410089695071621
@o_coghlan i think she's toreador? i thought i spied a rose on her box,offensive_language,0.033933409441225505,0.5151292654026008,0.45093732515617363
@oinyst This is a new show.,neither,0.08374186279811928,0.128238115607194,0.7880200215946868
That was slick,neither,0.034637718379237944,0.38385332524043914,0.5815089563803229
"So pumped, I just showed up at the perfect time!",neither,0.032764817467919156,0.42818582412049444,0.5390493584115864
suitably dramatic moment: ballpit or bees?,neither,0.03945320844208391,0.33037608806864915,0.630170703489267
there is always a vampire night driver,neither,0.037752877101211876,0.3372065908401082,0.6250405320586799
hey @shidareAKI !,neither,0.03945320844208391,0.33037608806864915,0.630170703489267
Nice Intro!!!,neither,0.03945320844208391,0.33037608806864915,0.630170703489267
@farlas816 WW has plenty of City By Nights that aren't LA. This one is a classic.,neither,0.041607635175668914,0.3863840636875208,0.5720083011368103
"Gosh, this intro is so GOOD",neither,0.04505622523700246,0.36453230148399096,0.5904114732790064
First episode,neither,0.031140401348578633,0.33323524361688356,0.6356243550345377
Ohhmyyy,neither,0.03945320844208391,0.33037608806864915,0.630170703489267
WARNING TO ALL WHO MASQURADE: @shidareAKI has been know to get squirrelly and slayery at the mention of the 'vamp' word in chat. Cainites beware!,neither,0.044820403863515226,0.366680911087567,0.5884986850489179
So glad that Vampire gets some love :),neither,0.02869569152356235,0.41731991402452484,0.5539843944519128
@oinyst New series!,neither,0.04387515076808845,0.21895888191130883,0.7371659673206027
Long live Lasombra!,neither,0.04562300510104399,0.32551386500966817,0.6288631298892878
Yeayee go team go!,neither,0.04212238427309406,0.339664390640837,0.6182132250860689
wow,neither,0.03945320844208391,0.33037608806864915,0.630170703489267
Erika had the tremere image,neither,0.0384485257183388,0.31194099186710994,0.6496104824145513
WOOHOO SUCH EXCITE!! <3,neither,0.039646334226936426,0.3270982394815666,0.6332554262914969
this would also be the perfect show for having to take up camera time while behind the scenes get ready,neither,0.043067218284061994,0.299751448731079,0.6571813329848589
Vampire!!!,neither,0.03945320844208391,0.33037608806864915,0.630170703489267
How did Talesin not get involved in this?,neither,0.03776463819863793,0.3439004285335465,0.6183349332678156
Hello hello,neither,0.03945320844208391,0.33037608806864915,0.630170703489267
It was a gangrel face eating the sun,neither,0.037251405796903184,0.3178074117496208,0.644941182453476
the tarot card,neither,0.03820203110584179,0.30724353300194457,0.6545544358922136
Anarch!,neither,0.03945320844208391,0.33037608806864915,0.630170703489267
"Woo, made it!",neither,0.037976528148713294,0.3308839861356039,0.6311394857156828
thanks,neither,0.035884468650613,0.3004919205142699,0.6636236108351171
It's started!!!! Yay!!!!,neither,0.03797074064785392,0.3308859767225388,0.6311432826296073
B) B),neither,0.03945320844208391,0.33037608806864915,0.630170703489267
nice intro,neither,0.03945320844208391,0.33037608806864915,0.630170703489267
@ArisBranwin think Erica will go Bruja?,neither,0.042607794364646234,0.30160972437317757,0.6557824812621763
"I'm sure they could tell interesting stories about Ohio, we've got cool stuff too, like...corn? More corn? soy beans?",neither,0.02996270595312979,0.40843760703499066,0.5615996870118797
Tal is in EVERYTHING... so thats why.,neither,0.03565123255764979,0.3768478850094895,0.5875008824328607
I miss LARPing this,neither,0.028871553475567274,0.33661329966821885,0.6345151468562139
i am excited for the return of Masquerade... Requiem just didn’t do it for me.,neither,0.01893232261570788,0.34920665909220416,0.631861018292088
@Countxaero He needs to sleep at some point!,neither,0.04120733878575209,0.35920487733823414,0.5995877838760137
a n n a b e l l e,neither,0.03945320844208391,0.33037608806864915,0.630170703489267
What edition?,neither,0.04568673754512718,0.3259267583143808,0.628386504140492
@Countxaero had too much going on but he might make a guest appearance,neither,0.035328232008246585,0.36339982528241743,0.6012719427093361
@Countxaero who says he's not? .... YET...,neither,0.044391973180431074,0.4025039027943021,0.5531041240252668
I want to see Erika as one of the asian vampires..,neither,0.0515953017332493,0.20980294493791138,0.7386017533288394
"you are all mad, the only clan is Malkavian everyone else is a delusion",neither,0.08432028667979191,0.4345303012975349,0.48114941202267314
"Ooo, a holy crusade would be awesome. Kill all the vampires. America has so many guns too.",neither,0.3218694067453443,0.2327983613621963,0.44533223189245946
@ladygrace1973 5th,neither,0.03945320844208391,0.33037608806864915,0.630170703489267
PopCorn PopCorn,neither,0.03945320844208391,0.33037608806864915,0.630170703489267
Because there ARE asian vampires in NA.,neither,0.06790239952993733,0.13693707495481394,0.7951605255152487
its 6 in the morning here and i have places to be so i need to sleep but i dont care nor will i care,neither,0.06644073592622289,0.23477753121931313,0.698781732854464
LA run by Anarchs or Oligarchs. U ok LA?,neither,0.04019350762955793,0.36093224408764607,0.5988742482827961
ok,neither,0.03935517884257045,0.3320399062092607,0.6286049149481688
!wtfisthis,neither,0.03945320844208391,0.33037608806864915,0.630170703489267
omg love that GM shot,neither,0.03389206548566349,0.3768874478340286,0.5892204866803079
"Led by Storyteller Jason Carl of White Wolf Entertainment, L.A. By Night is a dark tale of personal horror and inhuman conspiracy that sees four vampires doing their best to navigate the macabre affairs and terrifying realities of surviving the L.A. night.",neither,0.11790822065779524,0.4086729631048225,0.47341881623738236
Annabelle is Obfuscated!,neither,0.04912624121044723,0.3270490885368631,0.6238246702526896
I used to play Milwaukee by Night back in the early 90’s. Fun.,neither,0.039432386526666745,0.3290994568300524,0.6314681566432808
"farlas816: I've played in games based in Cinci, and even smaller places like Lexington.",neither,0.02893723566397923,0.3139220408937838,0.6571407234422368
@shidareAKI It switches every couple of years,neither,0.03833266367735048,0.3307614947964963,0.6309058415261531
@japenrose eesh,neither,0.03945320844208391,0.33037608806864915,0.630170703489267
"@shidareAKI LA just can't catch a break, in this or the 22nd century manLOL",neither,0.03587292263030344,0.3314630489653266,0.63266402840437
We're still waiting for Annabelle: Origins.,neither,0.046679933353199116,0.2983935880113365,0.6549264786354643
Love the layout,neither,0.03145119199065299,0.32476063973837394,0.643788168270973
Yussssssss,neither,0.03945320844208391,0.33037608806864915,0.630170703489267
So if we think LA... Toreador and Ventrue make sense.,neither,0.025103313498022212,0.37117582386172043,0.6037208626402573
wait it's pronounced Cam a re ah ....ive been sayign cam a rill a for years,neither,0.04302321502673397,0.30609777837488905,0.6508790065983769
Victor is a Ventrue,neither,0.05005952611256733,0.3267280890626825,0.6232123848247502
"@shidareAKI It helps that the Lakers haven't been winning, fewer basketball induced rioting",neither,0.03628251168510493,0.34573725701186453,0.6179802313030305
Victor is like: speaking of dinner...,neither,0.05573709372911758,0.34025679951736537,0.6040061067535171
I'm thinking she *might* be a Brujuah-hah or a Gangerel,neither,0.04107706869109799,0.4058386672569666,0.5530842640519354
Hai Kids,neither,0.03945320844208391,0.33037608806864915,0.630170703489267
@atmaprime that’s rough,neither,0.03469116754114899,0.3823720002990532,0.5829368321597979
!Wtfisthis,neither,0.03945320844208391,0.33037608806864915,0.630170703489267
"Led by Storyteller Jason Carl of White Wolf Entertainment, L.A. By Night is a dark tale of personal horror and inhuman conspiracy that sees four vampires doing their best to navigate the macabre affairs and terrifying realities of surviving the L.A. night.",neither,0.11790822065779524,0.4086729631048225,0.47341881623738236
hello!,neither,0.03945320844208391,0.33037608806864915,0.630170703489267
Alex looks amazing,neither,0.03945320844208391,0.33037608806864915,0.630170703489267
What's Jasper?,neither,0.04568673754512718,0.3259267583143808,0.628386504140492
"Good point, one and all. Just hard to imagine him not here. 🤓",offensive_language,0.057860220960617235,0.5112551523977806,0.4308846266416021
!whodis,neither,0.03945320844208391,0.33037608806864915,0.630170703489267
I feel like Erika is going to jumpscare us,neither,0.1473739695343282,0.34664692180053974,0.505979108665132
"Hey, @Mobius___ !",neither,0.03945320844208391,0.33037608806864915,0.630170703489267
HOORAY!,neither,0.03945320844208391,0.33037608806864915,0.630170703489267
"For anyone asking, this is 5th edition VtM",neither,0.040273083988592924,0.3090085172550725,0.6507183987563344
evenin' @EL5EWHILE,neither,0.03945320844208391,0.33037608806864915,0.630170703489267
so excited for this,neither,0.03212783406476069,0.34639812932111586,0.6214740366141234
Jasper is a Nosferatu,neither,0.04912624121044723,0.3270490885368631,0.6238246702526896
damn do they rp good even when they're not speaking,offensive_language,0.04727382532783983,0.7066026651665805,0.24612350950557954
!whodat,neither,0.03945320844208391,0.33037608806864915,0.630170703489267
"GM Jason Carl ( twitter.com/vampiresnvino ), with Cynthia Marie ( twitter.com/Cyndancer ), B. Dave Walters ( twitter.com/BDaveWalters ), Erika Ishii ( twitter.com/erikaishii ), Alex Ward ( twitter.com/AlexWard777 )",neither,0.0361075258397544,0.46844942340612794,0.49544305075411776
He has the look DOWN,neither,0.047996783106532506,0.3000541926132175,0.6519490242802501
"When I ran an LA campaign, I had a Toreador prince, because LA.",neither,0.0343392948301062,0.35319599921974426,0.6124647059501496
!whodat,neither,0.03945320844208391,0.33037608806864915,0.630170703489267
Jasper is Nosferatu,neither,0.04912624121044723,0.3270490885368631,0.6238246702526896
@aris i can see both of those and they are diametricly opposed,neither,0.0846587994489638,0.20758420862963767,0.7077569919213984
I want to say he's a Nos,neither,0.06050558372872228,0.31514398305368646,0.6243504332175913
Jason and Jasper are my favs,neither,0.04636265982885059,0.32963821682357863,0.6239991233475709
@GreyAngel Alex always looks amazing.,neither,0.037888691228027724,0.37915477787635093,0.5829565308956214
omg everyones in costume i love it,neither,0.03538382206055008,0.3437389932561218,0.6208771846833281
"I think Erika is a Gangrel, when they showed her name, there was the Gangrel wolf head eating the sun",neither,0.03102141914762006,0.43619279196689886,0.5327857888854811
@ArisBranwin thanks :),neither,0.035884468650613,0.3004919205142699,0.6636236108351171
Like PROPS to Alex as a Nossie,neither,0.05396971743727014,0.37087628726368205,0.5751539952990478
"I'm already a fan of Alex as a Nos, it seems to fit.",neither,0.04068058351245502,0.3627101879784925,0.5966092285090524
I'm so happy for more VTM on twitch.,neither,0.03338680731062331,0.3435005163248295,0.6231126763645473
This is so exciting! Go team go!,neither,0.047539736818578864,0.37048657121662437,0.5819736919647966
I'm sooo happy VoHiYo,neither,0.03945320844208391,0.33037608806864915,0.630170703489267
@PrimroseFrost true,neither,0.03945320844208391,0.33037608806864915,0.630170703489267
@darkestargentum it is ok to pronounce it that way too ;),neither,0.04504376066207257,0.36180858531052823,0.5931476540273992
So much poach,neither,0.03263919147166354,0.4173937179957508,0.5499670905325856
!whodat,neither,0.03945320844208391,0.33037608806864915,0.630170703489267
Im guessing Nelli is a Toreador?,neither,0.04730308340573467,0.3623444481899481,0.5903524684043173
yaas Nelli G work it,neither,0.03802284044495509,0.3308680572132481,0.6311091023417967
Hi @klynnerock !,neither,0.03945320844208391,0.33037608806864915,0.630170703489267
I like the clan Symbols next to the names,neither,0.052142478680290115,0.3225711894628713,0.6252863318568387
Annabelle could be Gangrel,neither,0.039916402175941425,0.33425481276183594,0.6258287850622226
What system is being used?,neither,0.047584186313944773,0.35014059721713947,0.6022752164689156
Nosferatu can't go topside because they're easily recognizable.,neither,0.05925731256900419,0.3017277452453569,0.6390149421856389
nosferatu for ever!,neither,0.02952835134320222,0.28100970553964627,0.6894619431171514
Where is Erika?,neither,0.06245822111259904,0.2612427577458543,0.6762990211415466
I,neither,0.03945320844208391,0.33037608806864915,0.630170703489267
is Victor a Ventrue?,neither,0.05005952611256733,0.3267280890626825,0.6232123848247502
V5,neither,0.03945320844208391,0.33037608806864915,0.630170703489267
Blood rose is toerador,neither,0.048540413332167104,0.327250581607694,0.6242090050601389
i already know alex is going to wreck me in this game. his character work is so good,neither,0.05970410391445142,0.3715056554863639,0.5687902405991846
@nicolasp12 Vampire: the Masquerade 5th Edition,neither,0.03879001072630069,0.31832175170018057,0.6428882375735188
Yes,neither,0.03945320844208391,0.33037608806864915,0.630170703489267
yeah who needs poachers? I like my eggs scrambled or in omelettes,offensive_language,0.027318872307359885,0.5087937842820067,0.4638873434106334
I'm guessing I shouldn't be just seeing a white screen?,offensive_language,0.36386722185251985,0.48028249226347736,0.15585028588400268
FlipThis TableHere hrpgHyperForce,neither,0.03945320844208391,0.33037608806864915,0.630170703489267
Fork and knife are Ventrue,neither,0.0685287279884508,0.23719305214549727,0.694278219866052
Catiff,neither,0.03945320844208391,0.33037608806864915,0.630170703489267
Erika will join us at a dramatic moment...,neither,0.06800281036012609,0.3254833978390134,0.6065137918008604
Ha! Nelli's character... Darling!,neither,0.03945320844208391,0.33037608806864915,0.630170703489267
@rhyatt63 she will make her entrance in due time! :D,offensive_language,0.03402348450033684,0.5525688724117476,0.41340764308791556
Is Annabelle using Obfuscate?,neither,0.0429972349448499,0.3895903606429184,0.5674124044122316
@rhyatt63 She's a dramatic entrance type of character,neither,0.04039110099138496,0.3880640031834,0.5715448958252151
Jasper is gangrel,neither,0.04912624121044723,0.3270490885368631,0.6238246702526896
Fork and Knife.,neither,0.03854442882677734,0.28357035124239044,0.6778852199308323
LOL,neither,0.020706217963973744,0.4882283491876925,0.4910654328483337
Awesome,neither,0.03945320844208391,0.33037608806864915,0.630170703489267
Sword and Scepter,neither,0.03854442882677734,0.28357035124239044,0.6778852199308323
look at that highlight on her it's amazing,offensive_language,0.028130476863508714,0.5443899332163223,0.427479589920169
Im kinda loving Jasper!,neither,0.038783209692156664,0.35582584373758414,0.6053909465702592
i love it already,neither,0.0321305707971796,0.37605505309152937,0.5918143761112911
yeah she's so obfuscated she's not there,offensive_language,0.025150163009107496,0.5997295801831504,0.37512025680774214
Toreadors doing the internet. HAH.,neither,0.03865745985963722,0.31586106441724854,0.6454814757231143
Jasper’s contacts are just amazing,neither,0.053528952009960135,0.31225145876851496,0.6342195892215248
@Coach_Chilibob I believe so,neither,0.039410295509965804,0.4047617245327211,0.5558279799573133
It's so funny how vampires think they're even humans with feelings. lol,neither,0.03503490273763419,0.4098090871385844,0.5551560101237815
Is Annabelle a creepy doll?,neither,0.04553500286463949,0.3282842800823846,0.626180717052976
Oh man ... Masquerade and not Requiem? Hrm.,neither,0.04362051627153228,0.2937577019440664,0.6626217817844013
"i missed the beginning, so i think ill catch a rebroadcast",neither,0.03910323949069363,0.3438263569565963,0.61707040355271
That makes sense.,neither,0.034971060831370915,0.3789492395430761,0.586079699625553
Alex is Awesome!!,neither,0.04823271412458552,0.3273564134749139,0.6244108724005006
*snap* Focus!,neither,0.03945320844208391,0.33037608806864915,0.630170703489267
<3 you all. have a great show :),neither,0.08748448161808076,0.3546231644473954,0.5578923539345239
@Trogdortheberninator Thanks!,neither,0.035884468650613,0.3004919205142699,0.6636236108351171
Clans? Nosferatu? Ventrue? Toreador?,neither,0.03945320844208391,0.33037608806864915,0.630170703489267
omg is this the news. did this actually happen,neither,0.04435369622542376,0.3191135776516428,0.6365327261229334
:P @g0rmyr,neither,0.03945320844208391,0.33037608806864915,0.630170703489267
"I know NOTHING of Vampire: M so this is my official intro to it. I mean, other than Taliesin's two-shot.",neither,0.0380991086308253,0.414682544086324,0.5472183472828507
Later @g0rmyr,neither,0.03945320844208391,0.33037608806864915,0.630170703489267
@Mobius___ no but Erica is.,neither,0.04319862721426265,0.35288925976902424,0.6039121130167131
"@g0rmyr This is the begging, you just missed the intro",neither,0.05129023875768564,0.3501722064815246,0.5985375547607898
My guess is Erika is either Malk or a thin blood,neither,0.04103805904589444,0.39079126953479937,0.5681706714193063
gandsGandsVaxSigil,neither,0.03945320844208391,0.33037608806864915,0.630170703489267
amydFocus,neither,0.03945320844208391,0.33037608806864915,0.630170703489267
@g0rmyr it just started,neither,0.03155143603949063,0.3607039167599329,0.6077446472005764
@g0rmyr You've missed about 10 sentences,neither,0.028138235093184815,0.36790197792100093,0.6039597869858143
@misroi yes,neither,0.03945320844208391,0.33037608806864915,0.630170703489267
sword and scepter are Ventrue they are the oldest clan if i remember and are the clan most likly to be rulling any given city,neither,0.062353752903120695,0.25461965809211456,0.6830265890047648
"Nos, Toreador and Ventrue so far.",neither,0.03813477636455587,0.3338366666926388,0.6280285569428053
"See ya later, @g0rmyr ! <3",offensive_language,0.023968758406753034,0.6144406023076847,0.36159063928556223
I'm already ready to swear my allegiance to Jasper,neither,0.03888784862547277,0.39150910037631764,0.5696030509982095
@misroi yup,neither,0.03945320844208391,0.33037608806864915,0.630170703489267
anarch usually HATE them,neither,0.40532804649594656,0.17022521837478632,0.4244467351292671
but i want those sentences ;),neither,0.06064589573016926,0.26451092945309707,0.6748431748167336
Annabelle has the power of invisibility,neither,0.039024930598018814,0.31083934979711436,0.6501357196048668
Gen 12-13?,neither,0.03945320844208391,0.33037608806864915,0.630170703489267
Erika is apparently likely a Gangrel.,neither,0.048069096625592306,0.32741268903559667,0.624518214338811
"Hi all, so exited for this stream!",neither,0.03512871167765564,0.40096325705659597,0.5639080312657483
wait. did vampires create Iron Kids Bread?,neither,0.03973745545961817,0.32555167435549015,0.6347108701848917
"Ay, Thursday by Night introduced me to Vampire too! I ended up getting the V5 book hoping to find people to play eventually",neither,0.05021090039520724,0.3652091633538313,0.5845799362509615
@g0rmyr As you will fmgNERD,neither,0.07148368225032126,0.4394815932027903,0.4890347245468884
So Alex is Nos then?,neither,0.049398351115375966,0.3807090843070858,0.5698925645775382
TwitchUnity TwitchUnity TwitchUnity,neither,0.03945320844208391,0.33037608806864915,0.630170703489267
'My darling~',neither,0.026849424816611563,0.43008745607894866,0.5430631191044397
Evening (well 4 am for me ;_; ),neither,0.028144583455634455,0.3382207910904029,0.6336346254539627
