text,top_class,hate_speech,offensive_language,neither
hey @chaoticloony @Ossborn,neither,0.03945320844208391,0.33037608806864915,0.630170703489267
Hi @Leigh574,neither,0.03945320844208391,0.33037608806864915,0.630170703489267
"Just saw Trisha on Instagram saying how happy she'll be seeing an iPhone destroyed, as will I. Yes!",neither,0.03165214371028421,0.4107973098053933,0.5575505464843225
Hi Trisha and Erika!,neither,0.038358606956405694,0.2721397086643902,0.6895016843792041
Hi @mmatton,neither,0.03945320844208391,0.33037608806864915,0.630170703489267
gandsOwlbear,neither,0.03945320844208391,0.33037608806864915,0.630170703489267
EnthusiArmy gandsHype,neither,0.03945320844208391,0.33037608806864915,0.630170703489267
#EnthusiArmy RAID,neither,0.03945320844208391,0.33037608806864915,0.630170703489267
Hugs for the Hug-inclined!,neither,0.03454421066142405,0.2978767114667817,0.6675790778717943
#EnthusiArmy RAID,neither,0.03945320844208391,0.33037608806864915,0.630170703489267
gandsHappy gandsHappy gandsHappy gandsHappy,neither,0.03945320844208391,0.33037608806864915,0.630170703489267
rAID,neither,0.03945320844208391,0.33037608806864915,0.630170703489267
gandsHappy amydFocus ENTHUSIARMY RAID gandsHappy gandsHug s for the gandsHug -inclined!,neither,0.03412816705421331,0.29512293809077,0.6707488948550168
welcome raiders gandsHype,neither,0.03945320844208391,0.33037608806864915,0.630170703489267
"Hey Leigh574 ... you are right, Avi Kaplan has a damn good voice... still sad about that he left Pentatoniix :-D",offensive_language,0.07009420407286779,0.6717502630092967,0.25815553291783555
@Enthusiamy Welcome Amy and Raiders!,neither,0.038822933363010945,0.2991577467117473,0.6620193199252418
#EnthusiArmy Raid! Hugs for the hug-inclined!,neither,0.03519761243420562,0.3022028610332387,0.6625995265325556
@Ossborn yeah same,offensive_language,0.01920458489960965,0.494147843169609,0.48664757193078123
soft drinks for the soft drink inclined,neither,0.03565211836285363,0.3052127705589833,0.659135111078163
Hehhehehe,neither,0.03945320844208391,0.33037608806864915,0.630170703489267
glad he is still singing though,neither,0.05098092400152433,0.3388471484141114,0.6101719275843642
yay erika!,neither,0.03945320844208391,0.33037608806864915,0.630170703489267
Army enthusiastically Raiding,neither,0.03945320844208391,0.33037608806864915,0.630170703489267
Should have gotten a water proof android lol,neither,0.04130177601649209,0.4042360987789272,0.5544621252045808
#enthusiArmy raid,neither,0.03945320844208391,0.33037608806864915,0.630170703489267
Hey chaoticloony,neither,0.03945320844208391,0.33037608806864915,0.630170703489267
LOL,neither,0.020706217963973744,0.4882283491876925,0.4910654328483337
"Aww, I wanted to see the smash",neither,0.04410123620680772,0.31415937781009406,0.6417393859830982
"Welp. Guess Erika needs to detox off of Twitter now, hahahha",neither,0.04355277049712242,0.4194603130467141,0.5369869164561636
We have a subscriber-only Discord server! Join here: https://discord.gg/geekandsundry (you'll need to sub and link it to your Twitch) and be a part of the fun!...Warning: It can take up to an hour for the server to update and give you access to the channels,neither,0.08464076273808444,0.286394834032893,0.6289644032290227
Wonder if it still works then.,neither,0.02311381266158698,0.39133434638625586,0.5855518409521571
LOL,neither,0.020706217963973744,0.4882283491876925,0.4910654328483337
DO NOT LOOK,neither,0.04251056857948255,0.33644514496259026,0.6210442864579272
DO NOT CLICK!!!!!,neither,0.03953491018357266,0.33550797845156327,0.6249571113648642
You Have Been Warned!!,neither,0.05587275035487369,0.3954530396019965,0.5486742100431298
Annabel and Quick bits,neither,0.0383106985336439,0.26901020040842144,0.6926791010579346
Oh... did I forget something? Ah righjt.... gandsHappy gandsHappy Enthusiamy RAID,neither,0.04316600898983674,0.29462078015489523,0.6622132108552681
can i lick the link?,neither,0.03884443515626971,0.30999635994337815,0.6511592049003522
It is 100% NOT WORTH IT,neither,0.042734381846701405,0.33343061825777354,0.6238349998955249
When does WaLuigi come to smash.,offensive_language,0.02331130858012451,0.49577420118600085,0.4809144902338746
"Clicked, wasn't phased.",neither,0.03945320844208391,0.33037608806864915,0.630170703489267
DONT EVEN READ THE LINKS,neither,0.037868890091951345,0.3298578588034688,0.63227325110458
Yeah dont look.. its for the best,neither,0.01841245783814217,0.3860503617747886,0.5955371803870693
I don't want to know,neither,0.05102553875300346,0.31781616925441386,0.6311582919925826
@Deathstar_Taco ew lol,neither,0.029937617491451282,0.4009530660730923,0.5691093164354565
gandsGameEngine gandsHype gandsGameEngine,neither,0.03945320844208391,0.33037608806864915,0.630170703489267
Well . . . but . . . if you . . . you can't just tell me . . . AGH.,offensive_language,0.03266106848363626,0.5605567208705051,0.4067822106458585
Ahhhh poor Toad and Nintendo,neither,0.03884024426634283,0.30008001738905526,0.661079738344602
gandsHype gandsGameEngine shishWW,neither,0.03945320844208391,0.33037608806864915,0.630170703489267
@librarianlizz you really dont. Really. Dont.,neither,0.05335511298314522,0.36990797487545074,0.576736912141404
"@Deathstar_Taco I assume you're an adult, so you can, but I do not recommend it.",neither,0.07473506230291349,0.4102151655027393,0.5150497721943473
"Download the new Critical Role theme song for Campaign Two! http://itunes.apple.com/album/id1331550250?ls=1&app=itunes Sales of the song support the musician, Jason Charles Miller.",neither,0.04445767596344001,0.2510827790306858,0.7044595450058742
can i c the link @Leigh574 ?,neither,0.03871127103228488,0.3053103532450706,0.6559783757226445
"They did, however, have the BEST tweet response to the trend though",neither,0.04141702599234602,0.3109204526394993,0.6476625213681546
Nintendo Online doesnt support all saves lol,neither,0.05238297242242659,0.40178397551569073,0.5458330520618826
LUIGI'S MANSION 3! I love it so much!,neither,0.03182201909353323,0.3899564645558933,0.5782215163505735
"Definitely get them,.... need some nostalgic (like) controllers when I play the NES games ^^",neither,0.040374633569970876,0.37753642193588005,0.5820889444941492
#LuigiBestBro,neither,0.03945320844208391,0.33037608806864915,0.630170703489267
"@Deathstar_Taco you can look if you like, I won't post it.",offensive_language,0.06151300834037094,0.5038435078777601,0.43464348378186907
when we get Peach and Daisy Save the World 1?,neither,0.02870383346108965,0.33526120536408777,0.6360349611748225
Dr. Luigi is > Dr. Mario,neither,0.045290959273666165,0.32836821786408626,0.6263408228622477
"Help G&S make great content! $4.99/month gets you emotes, Minecraft server access, sub-only VODs, and more! Every sub keeps the channel alive! twitch.tv/geekandsundry/subscribe",neither,0.043907990691603095,0.31135964332838284,0.644732365980014
ok I'll just wait for second hand or lower quality hearsay to find out,neither,0.036736564707791526,0.2816188465272982,0.6816445887649103
HAPPY BIRTHDAY TRISH,neither,0.03945320844208391,0.33037608806864915,0.630170703489267
,neither,0.03945320844208391,0.33037608806864915,0.630170703489267
Happy Birthday Trish,neither,0.03945320844208391,0.33037608806864915,0.630170703489267
Okay that was AWESOME!,neither,0.0353652699984543,0.37563620282732246,0.5889985271742234
"Happy birthday, Trish!",neither,0.03945320844208391,0.33037608806864915,0.630170703489267
HAPPY BIRTHDAY TRISH <3,neither,0.03945320844208391,0.33037608806864915,0.630170703489267
Happy Birthday Trish!,neither,0.03945320844208391,0.33037608806864915,0.630170703489267
happy birthday. :),neither,0.03945320844208391,0.33037608806864915,0.630170703489267
YAY!,neither,0.03945320844208391,0.33037608806864915,0.630170703489267
Trish doesn't look a day over {R E D A C T E D},neither,0.03848791888596225,0.31503167820225003,0.6464804029117878
"Happy Birthday, Trish!",neither,0.03945320844208391,0.33037608806864915,0.630170703489267
"Mmmmm, ice cream cake!",neither,0.03945320844208391,0.33037608806864915,0.630170703489267
Its also Dan Casey's bday... so yay,neither,0.03569011313532071,0.358997656766724,0.6053122300979553
1000 points to the person that came up with this idea!,neither,0.031567584609305456,0.3996951925482452,0.5687372228424493
stefMacaron stefMacaron stefHighFive stefHighFive stefLanguage stefLanguage,neither,0.03945320844208391,0.33037608806864915,0.630170703489267
"Oh my god... With Trish's birthday coming around, I think that means it's my 1 year anniversary of being on Game Engine? lol",neither,0.020306762474227802,0.43850284346344665,0.5411903940623256
Trish has best birthday,neither,0.038854447486856826,0.3134259046017944,0.647719647911349
Where's our slice of the cake?,neither,0.04019950995820198,0.2914496816271124,0.6683508084146857
I hope it's a good one with crunch things in the middle,neither,0.04914536496431082,0.2867644511655896,0.6640901838700995
OH YAY,neither,0.045695983327835026,0.2713197213800484,0.6829842952921167
"Today I learned that you also can visit ""the"" fire station in Spider-Man.... have to visit that ASAP",neither,0.04380397794905609,0.3921964942262184,0.5639995278247255
Fudgey the whale wishes Trisha happy birthday :P,neither,0.038772482454969434,0.3179974578380562,0.6432300597069744
The cake is not a lie!,neither,0.04541557610679617,0.3160317880930145,0.6385526358001893
shishWW Happy Birthday! (oh I'm on a big delay),neither,0.025855695808181922,0.35743048342419437,0.6167138207676237
Love HZD so much.,neither,0.030017042651968424,0.4211023734671613,0.5488805838808702
beccaBeanCanEatingHand,neither,0.03945320844208391,0.33037608806864915,0.630170703489267
LUL,neither,0.03945320844208391,0.33037608806864915,0.630170703489267
Hector Navarro for Superman,neither,0.0322289169994526,0.29433324177559567,0.6734378412249518
Monopoly destroys friendships,neither,0.03945320844208391,0.33037608806864915,0.630170703489267
!points Trish,neither,0.03945320844208391,0.33037608806864915,0.630170703489267
"That was an excellent pun, Trish! Here, have some points for that one! You have been awarded 72 points!",neither,0.05013159713977728,0.3824060414238869,0.5674623614363358
https://clips.twitch.tv/SmallDeliciousMangoHassaanChop,neither,0.03945320844208391,0.33037608806864915,0.630170703489267
Superman 64 was a trainwreck.,neither,0.03936394915215609,0.33189105116690826,0.6287449996809357
awwe I'd play monopoly with Trisha if i could shishHEHE,neither,0.021499560904661087,0.3935685514050917,0.5849318876902472
Papa John's is best pizza,neither,0.044944772353429176,0.3224411203056628,0.6326141073409081
"Erika's taste in board games is more advanced than Monopoly anyhow, I remember the board game streams a few years back on her stream",neither,0.037380925615896156,0.3846719515468684,0.5779471228372355
"Hey, grape Shasta is the least bad grape soda.",neither,0.04114934263452097,0.32119605014152924,0.6376546072239497
#WordsAreHardd,neither,0.03945320844208391,0.33037608806864915,0.630170703489267
Papa Johns is no longer a sponsor of Game Engine :),neither,0.042882659701571006,0.3134935610630173,0.6436237792354117
"Papa Johns is fair pizza, with gross people at the top",neither,0.050138187977226724,0.3522445578715707,0.5976172541512027
Monopoly is the Superman 64 of board games.,neither,0.043663204947880806,0.31894041098207687,0.6373963840700423
"@super390 how is it compared to say, a diet chocolate soda?",neither,0.04830501476806033,0.32627474926761296,0.6254202359643266
"Another clown mask incident, Erika? :-P",neither,0.07323876532279029,0.2765736703775085,0.6501875642997011
That's... that's your address.,neither,0.06304478874015695,0.411340753270209,0.5256144579896339
Like... don't you live near there,neither,0.0791273849758394,0.34377349398781776,0.5770991210363429
!points Erika,neither,0.03945320844208391,0.33037608806864915,0.630170703489267
"That was an excellent pun, Erika! Here, have some points for that one! You have been awarded 33 points!",neither,0.049980789310414435,0.3817775744187309,0.5682416362708548
heh Key good one,neither,0.038195856380880924,0.3572532175250852,0.6045509260940337
Matt Key pieces of story?,neither,0.03945320844208391,0.33037608806864915,0.630170703489267
she looks stronger than me,neither,0.03352851511660882,0.4487562144094807,0.5177152704739104
!points Erika,neither,0.03945320844208391,0.33037608806864915,0.630170703489267
"That was an excellent pun, Erika! Here, have some points for that one! You have been awarded 10 points!",neither,0.05046498532982415,0.38378550372833153,0.5657495109418443
"oh Key Blade, Erika",neither,0.044001780279908816,0.2868239886020284,0.6691742311180627
LUL,neither,0.03945320844208391,0.33037608806864915,0.630170703489267
"@Deathstar_Taco I wouldn't even try a chocolate soda, so I guess Shasta wins by default. Now for a really good soda that technically isn't ""grape"", I'd suggest Mexican sangria-flavored soda, ideally with real sugar.",neither,0.03213899803254916,0.4082389275313108,0.55962207443614
Cant nintendo just get a normal naming scheme please,neither,0.03659186789784096,0.3472971240122195,0.6161110080899395
oh my god that asset,neither,0.026727012053713157,0.4316737228714323,0.5415992650748547
I would watch all of those,neither,0.08429384101424434,0.31515635549426124,0.6005498034914943
I would watch Band of Smash Bros rooBlank,neither,0.043102735608119544,0.32497959501302737,0.6319176693788531
I would binge Band of Smash Brothers,neither,0.03894616422189652,0.32613016504849135,0.6349236707296123
Oh hey @dayntee,neither,0.04724942694866229,0.25746865428102644,0.6952819187703113
Ohai @Danoba,neither,0.03945320844208391,0.33037608806864915,0.630170703489267
"Oh, Hey Lara",neither,0.04434680580347627,0.28363356546311086,0.6720196287334128
"But, is it dark?",neither,0.043074085621547555,0.3400122407797966,0.6169136735986557
emo croft,neither,0.03945320844208391,0.33037608806864915,0.630170703489267
Goth Croft,neither,0.03945320844208391,0.33037608806864915,0.630170703489267
#LaraGoth,neither,0.03945320844208391,0.33037608806864915,0.630170703489267
omg yesss katers tessHUG tessHUG tessHUG,neither,0.03945320844208391,0.33037608806864915,0.630170703489267
@super390 I do love the tamarind Mexican soda very plumb like and I do love me the prunes,neither,0.0394187393336471,0.33369088139504793,0.626890379271305
"LARA GOTH, CARL.",neither,0.03945320844208391,0.33037608806864915,0.630170703489267
She's actually Laras twin sister..,neither,0.0407095265526659,0.40610461653014257,0.5531858569171915
Lara Crofts 8 bit skin is amazing,neither,0.04531384377126868,0.3283603468359783,0.6263258093927531
"Hmmm, Has Lara meet Taliesin Jaffe recently? :P",neither,0.039721100750016364,0.32582925645982364,0.63444964279016
Looks like Katers got ahold of an Avril Lavigne makeup tutorial.,neither,0.04891817823622089,0.3861710508095741,0.5649107709542049
I have Goth to give some points to Lara!,neither,0.0417389523301606,0.3404777435954884,0.617783304074351
lol @JeffM0307,neither,0.020706217963973744,0.4882283491876925,0.4910654328483337
Is this an advertisement for LA By Night? ;P,neither,0.03448502992203308,0.33493679212007144,0.6305781779578955
So poetic,offensive_language,0.039501631330860744,0.48329170807269783,0.4772066605964413
!points ChaoticLooney,neither,0.03945320844208391,0.33037608806864915,0.630170703489267
"That was an excellent pun, ChaoticLooney! Here, have some points for that one! You have been awarded 27 points!",neither,0.050184466961047856,0.3826257071878824,0.5671898258510698
Maybe she'll stop being goth when she hears there's cake.,offensive_language,0.032597485814576464,0.4865644171675471,0.4808380970178763
Kiera Knightley of the Tomb Raider world. :D,neither,0.03875971499611772,0.31776103696644437,0.643479248037438
we need a goth noir genre of something!,neither,0.03920757737698876,0.3311925185948855,0.6295999040281258
i gandsGameEngine this katers impression,neither,0.03933638109031124,0.33235895312332353,0.6283046657863652
I so love these little skits!,neither,0.04466815500777321,0.4689572280548695,0.48637461693735734
!points Lara,neither,0.03945320844208391,0.33037608806864915,0.630170703489267
"That was an excellent pun, Lara! Here, have some points for that one! You have been awarded 54 points!",neither,0.049980789310414435,0.3817775744187309,0.5682416362708548
"Nah, it's just some dude's head.",neither,0.02584665708558747,0.3910646782444776,0.583088664669935
It's the last Lara.,neither,0.03720336943748773,0.31489432439373444,0.6479023061687779
Erika is SKULL HYPE,neither,0.047137651920956335,0.3277330555814791,0.6251292924975645
"""all around us is a world we don't even see. I'm talking about the World of the Invisible Scary Skeletons.""",neither,0.061306665170626704,0.36561324651689575,0.5730800883124775
LOL,neither,0.020706217963973744,0.4882283491876925,0.4910654328483337
Hehhehehehhe,neither,0.03945320844208391,0.33037608806864915,0.630170703489267
jenTen,neither,0.03945320844208391,0.33037608806864915,0.630170703489267
DARIN,neither,0.03945320844208391,0.33037608806864915,0.630170703489267
DARIN!,neither,0.03945320844208391,0.33037608806864915,0.630170703489267
WOOHOO Darin!!,neither,0.03945320844208391,0.33037608806864915,0.630170703489267
MAYOR De PAUL!,neither,0.03945320844208391,0.33037608806864915,0.630170703489267
Darin!,neither,0.03945320844208391,0.33037608806864915,0.630170703489267
Darin!,neither,0.03945320844208391,0.33037608806864915,0.630170703489267
MY HEART,neither,0.02323080328995969,0.46424929128473386,0.5125199054253063
That was a smooth entrance.,neither,0.0362158760527063,0.366084545089535,0.5976995788577586
Darin the MVP HYPE!!!!!!,neither,0.03858950175856503,0.3145917810637195,0.6468187171777156
Darin ramaSquee ramaSquee ramaSquee ramaSquee ramaSquee,neither,0.03945320844208391,0.33037608806864915,0.630170703489267
We have a subscriber-only Discord server! Join here: https://discord.gg/geekandsundry (you'll need to sub and link it to your Twitch) and be a part of the fun!...Warning: It can take up to an hour for the server to update and give you access to the channels,neither,0.08464076273808444,0.286394834032893,0.6289644032290227
"The Mayor Of Blizzard, everyone!",neither,0.03320919367266749,0.41054503998667286,0.5562457663406597
Daring De Paul!,neither,0.03945320844208391,0.33037608806864915,0.630170703489267
jenPFT,neither,0.03945320844208391,0.33037608806864915,0.630170703489267
ramaLul ramaLul ramaLul,neither,0.03945320844208391,0.33037608806864915,0.630170703489267
Darin is so far goth that he wears tan.,neither,0.0457064982096474,0.38444367884652886,0.5698498229438237
"No more arm brace, Darin? :O",neither,0.04029947842027711,0.3340493980607503,0.6256511235189726
!points Darin,neither,0.03945320844208391,0.33037608806864915,0.630170703489267
"That was an excellent pun, Darin! Here, have some points for that one! You have been awarded 93 points!",neither,0.049980789310414435,0.3817775744187309,0.5682416362708548
