text,top_class,hate_speech,offensive_language,neither
probably after too lol,neither,0.029604907763775154,0.4184887799298953,0.5519063123063296
@ToonEzon pilot in the show,neither,0.05492142226559281,0.2334355696880043,0.7116430080464029
oooooh are we starting?,neither,0.07493286307359336,0.27515147350033187,0.6499156634260747
@misssunflower94 And then forever after,neither,0.0385919307900451,0.28634242765727436,0.6750656415526806
critroleGothdad,neither,0.03945320844208391,0.33037608806864915,0.630170703489267
@g0rmyr another event already?,neither,0.08554529342268095,0.2764858353809716,0.6379688711963474
gandsTWC,neither,0.03945320844208391,0.33037608806864915,0.630170703489267
gandsTWC critroleBidet gandsLessthanthree gandsVex gandsTrinketArmor gandsGameEngine gandsOwlbear,neither,0.03945320844208391,0.33037608806864915,0.630170703489267
TwitchUnity,neither,0.03945320844208391,0.33037608806864915,0.630170703489267
critroleBts skal,neither,0.03945320844208391,0.33037608806864915,0.630170703489267
No idea what Saga is.. I just know of SagaCon.,neither,0.04546334767009941,0.3521253409029734,0.6024113114269273
gandsTWC,neither,0.03945320844208391,0.33037608806864915,0.630170703489267
hey @g0rmyr,neither,0.03945320844208391,0.33037608806864915,0.630170703489267
faaadddee,neither,0.03945320844208391,0.33037608806864915,0.630170703489267
huzzah!,neither,0.03945320844208391,0.33037608806864915,0.630170703489267
Yay Opening!,neither,0.03945320844208391,0.33037608806864915,0.630170703489267
,neither,0.03945320844208391,0.33037608806864915,0.630170703489267
TheIlluminati,neither,0.03945320844208391,0.33037608806864915,0.630170703489267
Hello Hosts!!!!,neither,0.03945320844208391,0.33037608806864915,0.630170703489267
YAY,neither,0.03945320844208391,0.33037608806864915,0.630170703489267
I wills say I started buying saga because of The Wednesday club and all you wonderful peeps friskkROFL <3 friskkROFL gandsTWC gandsTWC,neither,0.047053708347124065,0.3571185227743076,0.5958277688785683
gandsTWC gandsTWC gandsHappy gandsHappy,neither,0.03945320844208391,0.33037608806864915,0.630170703489267
YAYYY,neither,0.03945320844208391,0.33037608806864915,0.630170703489267
"LOL, great seeing",neither,0.029106221320000014,0.36060816659055,0.61028561208945
gandsHappy,neither,0.03945320844208391,0.33037608806864915,0.630170703489267
"Download the new Critical Role theme song for Campaign Two! http://itunes.apple.com/album/id1331550250?ls=1&app=itunes Sales of the song support the musician, Jason Charles Miller.",neither,0.04445767596344001,0.2510827790306858,0.7044595450058742
HELLOOO HOOOSTS,neither,0.03945320844208391,0.33037608806864915,0.630170703489267
Shooowww,neither,0.03945320844208391,0.33037608806864915,0.630170703489267
Im super behind on Saga but super looking forward to this,neither,0.03896947849118966,0.35826358867147884,0.6027669328373314
Wooo,neither,0.03945320844208391,0.33037608806864915,0.630170703489267
gandsTWC gandsTWC gandsTWC gandsTWC,neither,0.03945320844208391,0.33037608806864915,0.630170703489267
Hi Matt,neither,0.03945320844208391,0.33037608806864915,0.630170703489267
LUL,neither,0.03945320844208391,0.33037608806864915,0.630170703489267
hi mat,neither,0.03945320844208391,0.33037608806864915,0.630170703489267
Guest guest guest!,neither,0.03945320844208391,0.33037608806864915,0.630170703489267
its Teri Hatcher,neither,0.02700859978372578,0.3346563596412867,0.6383350405749875
hello hosts and crew!,neither,0.03864789386565313,0.28954271560616884,0.671809390528178
Bidet y'all!!! gandsTWC,offensive_language,0.046917543854519406,0.6277741405869331,0.3253083155585475
Hello everyone,neither,0.03269494828970791,0.4450814005079928,0.5222236512022994
OMG Its Terri Hatcher.. YAY,neither,0.033445986078246205,0.3324422473043739,0.6341117666173798
The peril of watching this show: you buy thins,neither,0.07699820901963171,0.2782983164212893,0.6447034745590791
!whodat,neither,0.03945320844208391,0.33037608806864915,0.630170703489267
"Amy Dallen ( twitter.com/enthusiamy ), Taliesin Jaffe ( twitter.com/executivegoth ), and Matt Key ( twitter.com/TheMattKey ), with special guest Teri Hatcher ( twitter.com/HatchingChange ).",neither,0.04235019202044612,0.4499329656941337,0.5077168422854201
"@AromiaFlyce no, just wish we were playing again lol",neither,0.028373020711572466,0.41090873328771516,0.5607182460007123
Hello dearest darling hosts and best guest!,neither,0.03830349253611747,0.29738444152859717,0.6643120659352852
Teri!!!!!,neither,0.03945320844208391,0.33037608806864915,0.630170703489267
Yay!,neither,0.03945320844208391,0.33037608806864915,0.630170703489267
Yay Teri Hatcher!,neither,0.03945320844208391,0.33037608806864915,0.630170703489267
when youre On The Internet,neither,0.03446822888900854,0.37223400914129945,0.593297761969692
hi Teri,neither,0.03945320844208391,0.33037608806864915,0.630170703489267
<3 <3 <3,neither,0.03945320844208391,0.33037608806864915,0.630170703489267
gandsTWC gandsTWC gandsTWC gandsTWC,neither,0.03945320844208391,0.33037608806864915,0.630170703489267
"gandsTWC Hi Matt, Amy, and Taliesin! Welcome Teri!",neither,0.03886929529229305,0.3016173779701235,0.6595133267375834
"How, how did they get Teri Hatcher",neither,0.038914470726324916,0.3395198730984792,0.6215656561751958
"Hi, Teri!",neither,0.03945320844208391,0.33037608806864915,0.630170703489267
Amyyyy why didn't you wear your izabel shirttttt,neither,0.052642316504578214,0.45559076834999207,0.49176691514542964
Oh hey @brittanywalloch,neither,0.04724942694866229,0.25746865428102644,0.6952819187703113
We read Saga vol1 in my comics book group & I was the only one who didn't like it. I hope they change my mind tonight.,neither,0.0355871990085475,0.40589173421250724,0.5585210667789453
hellos all and special guest Teri,neither,0.07322513085933945,0.33433119925357524,0.5924436698870854
Whoa!!!! It's Lois Lane!!!,neither,0.038385730772244414,0.3307432425891387,0.6308710266386169
Ah! friskkROFL friskkROFL friskkROFL friskkROFL,neither,0.03945320844208391,0.33037608806864915,0.630170703489267
"Hi Matt, Teri, Amy and Taliesin",neither,0.0388100252782571,0.29846695177565247,0.6627230229460904
Hello super lady,neither,0.03945320844208391,0.33037608806864915,0.630170703489267
Welcome Teri!,neither,0.03945320844208391,0.33037608806864915,0.630170703489267
Hello Teri!,neither,0.03945320844208391,0.33037608806864915,0.630170703489267
I'm so excited I could scream for YEARS..,neither,0.03452263779332864,0.3396348818285346,0.6258424803781367
critrolePyramid,neither,0.03945320844208391,0.33037608806864915,0.630170703489267
Wednesday Club: Secret Passions,neither,0.03945320844208391,0.33037608806864915,0.630170703489267
"@RMutt1917 the main reason i asked is because of the whole superman thing, i mean yea she was lois in lois and clark, but yknow, small potatos",neither,0.04037266638469215,0.3369351816529717,0.6226921519623362
Good evening all,neither,0.0407757687943942,0.4132731801052576,0.545951051100348
Wow....Teri Hatcher!!!!!!,neither,0.03945320844208391,0.33037608806864915,0.630170703489267
The first rule of the Wednesday Club is tell EVERYONE about the Wednesday Club :P,neither,0.03516666045823384,0.3662949020817374,0.5985384374600289
Hey Daisies!,neither,0.03945320844208391,0.33037608806864915,0.630170703489267
"Help G&S make great content! $4.99/month gets you emotes, Minecraft server access, sub-only VODs, and more! Every sub keeps the channel alive! twitch.tv/geekandsundry/subscribe",neither,0.043907990691603095,0.31135964332838284,0.644732365980014
No secrets here!,neither,0.09319313252046725,0.30243399505797924,0.6043728724215536
LOIS :D,neither,0.03945320844208391,0.33037608806864915,0.630170703489267
"Teri, we will happily talk about comics with you. It's sort of what we do here",neither,0.05115579822781972,0.3623295397688603,0.5865146620033199
Additional Knowledge Acquired,neither,0.03945320844208391,0.33037608806864915,0.630170703489267
lol,neither,0.020706217963973744,0.4882283491876925,0.4910654328483337
DOING IT NOW,neither,0.03736629628950273,0.331093872854536,0.6315398308559613
Wednesday Club: The Passions of Secrets,neither,0.03873339609538335,0.3172731198655222,0.6439934840390944
Hi all!,neither,0.0423466876598404,0.4436528871510691,0.5140004251890904
Hi Tal! Hope you slept! #LetTalSleep!,neither,0.08768054561056204,0.2711145983996901,0.6412048559897477
Teri was my earliest memory of Lois Lane!,neither,0.03144049345409323,0.3913458883444501,0.5772136182014567
What?! Teri? Amazing!! Welcome to the Wednesday club!!!,neither,0.04798634425773448,0.31275919526675144,0.6392544604755142
Holy crap Teri Hatcher!?,neither,0.03945320844208391,0.33037608806864915,0.630170703489267
Teri FUCKIN HATCHER,offensive_language,0.09187974904745387,0.908100988191639,1.9262760907015736e-05
gandsVex gandsHappy,neither,0.03945320844208391,0.33037608806864915,0.630170703489267
i liked the QI episode Terri was on,neither,0.03592801686297309,0.32965248674055714,0.6344194963964698
critroleGothdad,neither,0.03945320844208391,0.33037608806864915,0.630170703489267
Hi Teri! Welcome to the Wednesday Club,neither,0.043832075327949215,0.315023311171544,0.6411446135005069
#Clubmates,neither,0.03945320844208391,0.33037608806864915,0.630170703489267
*squeaaaaaaaaaaal*,neither,0.03945320844208391,0.33037608806864915,0.630170703489267
lol Aki's very excited :P,neither,0.031399910287859586,0.3890060194069012,0.5795940703052392
Lois LAAAAAANE,neither,0.03945320844208391,0.33037608806864915,0.630170703489267
Lois!!,neither,0.03945320844208391,0.33037608806864915,0.630170703489267
And they were club mates,neither,0.03894409121624934,0.25958522317842453,0.7014706856053262
hi @shidareAKI :),neither,0.03945320844208391,0.33037608806864915,0.630170703489267
"First time watching live, this is awesome.",neither,0.04204362784957442,0.3461999304027614,0.6117564417476642
"I recommend watching the latest episode of QI on YouTUbe. Teri Hatcher is in it, licking rocks & saying innuendos.",neither,0.03634213946467393,0.3293072714319509,0.634350589103375
I've only read vol 1 of Saga....,neither,0.021244321237144724,0.31425098614638475,0.6645046926164705
Great book,neither,0.03729739035891535,0.3015144652188875,0.6611881444221972
Brian K. Vaughn does good comics,neither,0.027994144003094648,0.433461442988275,0.5385444130086303
"Holy crap, Teri Hatcher likes saga",neither,0.04332604613264592,0.3628067322787634,0.5938672215885907
Great choice!,neither,0.0373468635068956,0.302205941464075,0.6604471950290294
oh my god they were club mates,neither,0.033293525590569154,0.3439144582799579,0.6227920161294728
I watched Lois & Clark during dinner EVERYDAY when I was in middle school,neither,0.03367354511201195,0.35946404215189176,0.6068624127360962
New couch,neither,0.04385106130749641,0.21960221285816534,0.7365467258343382
nice,neither,0.03945320844208391,0.33037608806864915,0.630170703489267
"@cinphoria It's like a cult almost, ""Come, join us in the land of comics!""",neither,0.06739591948073324,0.3416390836661119,0.5909649968531548
this is so cool btw,neither,0.04776695413139441,0.37521812692294915,0.5770149189456564
@hannaHananaB Welcome and Enjoy!,neither,0.03860730184226345,0.28722824611601955,0.6741644520417169
hi @Leigh574 @g0rmyr,neither,0.03945320844208391,0.33037608806864915,0.630170703489267
hi @sunshiney74,neither,0.03945320844208391,0.33037608806864915,0.630170703489267
This is so cool,neither,0.05124439864023613,0.39204888809969735,0.5567067132600664
hey @sunshiney74,neither,0.03945320844208391,0.33037608806864915,0.630170703489267
"cinphoria i just remember when it became syndicated, I would watch it waking up during summers",neither,0.031387882799373816,0.39192063880635236,0.5766914783942739
Saga time! Saga time!,neither,0.03821333703971211,0.3514199415734102,0.6103667213868778
"@KBTibbs i KNEW something was off, didnt realize it was the couch!",neither,0.03694771545095299,0.3386978194978886,0.6243544650511583
Question: What is Saga?,neither,0.05232462771874983,0.32413998430267027,0.6235353879785798
We’re not worthy,neither,0.05608948256455542,0.3091306960446686,0.634779821390776
saaaame Teri,neither,0.03945320844208391,0.33037608806864915,0.630170703489267
!question,neither,0.03945320844208391,0.33037608806864915,0.630170703489267
I am loving her dress so much right now,offensive_language,0.02940724855358525,0.5441391751564305,0.42645357628998426
!questions,neither,0.03945320844208391,0.33037608806864915,0.630170703489267
"To make it easier to read questions in chat, please preface your questions with the word question in all caps. For example, QUESTION: How are you today?",neither,0.06209713493468228,0.3342013724685751,0.6037014925967426
dang it...,neither,0.034373745257138544,0.33212314837979673,0.6335031063630647
I tuned in just in time it seems,neither,0.03413951337109282,0.36194826310306655,0.6039122235258405
Thanks @cinphoria,neither,0.035884468650613,0.3004919205142699,0.6636236108351171
Teri you're a mood,neither,0.09907792640288733,0.3495612297399805,0.5513608438571322
,neither,0.03945320844208391,0.33037608806864915,0.630170703489267
#teambinger,neither,0.03945320844208391,0.33037608806864915,0.630170703489267
Fellow trade person yes,neither,0.03945320844208391,0.33037608806864915,0.630170703489267
@AromiaFlyce hopefully it's more comfy,neither,0.03978803328731838,0.3225553750446588,0.6376565916680229
@Alexanderhero83 Space opera about a family and their daughter growing up,neither,0.03612168739120573,0.3542393977638927,0.6096389148449015
holy moly <3 Teri Hatcher,neither,0.03945320844208391,0.33037608806864915,0.630170703489267
@GeekandSundry I do that at least once a day,neither,0.036800657206391627,0.3781515137645459,0.5850478290290624
QUESTION: so what got you into comics?,neither,0.05659552022751449,0.44192430052432463,0.5014801792481608
hi @KBTibbs :),neither,0.03945320844208391,0.33037608806864915,0.630170703489267
I love that Teri Hatcher loves SAGA.,neither,0.033709409883364995,0.3784727692752428,0.5878178208413922
It took me a second to remember where I've seen her. XD,neither,0.018231222683072073,0.4642458457875123,0.5175229315294156
@KBTibbs it looks most squishy,neither,0.03818094802174156,0.33081367676747303,0.6310053752107854
@seratonia Thank you,neither,0.07325166854587051,0.43632638485078484,0.49042194660334476
Hey @g0rmyr,neither,0.03945320844208391,0.33037608806864915,0.630170703489267
"@alexanderhero83 it’s a comic produced by image abt aliens and war and sex and et cetera, irs rlly good!",neither,0.03179456294703963,0.42077295949188626,0.547432477561074
....what is Lois Lane doing on TWC? msciHey,neither,0.04774232522340641,0.3354680862283198,0.6167895885482738
YaY..,neither,0.03945320844208391,0.33037608806864915,0.630170703489267
Daily Wednesday?,neither,0.03945320844208391,0.33037608806864915,0.630170703489267
#TeamTeri,neither,0.03945320844208391,0.33037608806864915,0.630170703489267
special guest Teri Hatcher ( twitter.com/HatchingChange ).,neither,0.06441856342646632,0.4035117367079243,0.5320696998656094
Hiatus makes me sad,neither,0.030744513409008974,0.3779838469084895,0.5912716396825016
oh that is a good time to catch up though,neither,0.049545011543820405,0.37898438073890606,0.5714706077172736
@ranwulf_maxwell -> ONLY HULK CAPSLOCKS [warning],neither,0.03945320844208391,0.33037608806864915,0.630170703489267
Sorry,neither,0.03945320844208391,0.33037608806864915,0.630170703489267
"Hey, at least it means I can catch up",neither,0.03589421572636067,0.38829817108754666,0.5758076131860927
"Oh dear, a year",neither,0.04510303942583572,0.27669944801364044,0.678197512560524
too excite :P,neither,0.039174151963056084,0.33511240479712806,0.6257134432398159
@MrCertainly she was also on Supergirl last year on the CW,neither,0.03558996430283714,0.39661183475372097,0.5677982009434418
Geek and sundry got terri hatcher (whisper),neither,0.03771075028086753,0.33363431892591605,0.6286549307932163
this is literally the best show ever,neither,0.06142962099676469,0.23838999534309896,0.7001803836601365
QUESTION: can you tell Terri Chat says hi,neither,0.051864748418288524,0.3615232970844137,0.5866119544972977
"Yeah, that was what I remembered first @bornashes",neither,0.018371130526240852,0.48507434381589054,0.4965545256578687
That’s a good idea. Gotta refill the creative tank.,neither,0.03528360283142437,0.3629585285274644,0.6017578686411111
Just tuning in. What series are we talking about?,neither,0.060802568831308,0.33101555278031963,0.6081818783883723
chat says hi!!!,neither,0.03945320844208391,0.33037608806864915,0.630170703489267
"actually i kinda feel like thats prob the smarter way to do it, plan out the hiatus so you can better plan you work flow... and what Amy's saying",neither,0.05439536362188073,0.36116215135455493,0.5844424850235642
Look at all those amazing coasters! They hold all of the drinks,neither,0.05946817605866555,0.3828698431845735,0.5576619807567609
"She's played 3 roles in the Superman franchise in general, including Lois.",neither,0.039591481056363766,0.36216458266087026,0.5982439362827658
there are issues I'm still waiting on yea,neither,0.055029214417829146,0.2865172604966339,0.6584535250855369
i keep telling everyone this is the best show,neither,0.05176497027485286,0.33591835809029,0.6123166716348571
Holy shit is that Teri Hatcher?,offensive_language,0.051815798472795147,0.9479644389193597,0.00021976260784530878
mostly web comics but yea,neither,0.03707782623105442,0.33925317732791205,0.6236689964410334
Yep!,neither,0.03945320844208391,0.33037608806864915,0.630170703489267
my phone is tweaking and it's very upsetting... :(,neither,0.0337747779674098,0.36491137703760584,0.6013138449949844
i need to get started on Saga at some point. i have book one and it's on a list,neither,0.0327778914867051,0.36626314224344686,0.6009589662698479
@Maikkun Yep,neither,0.03945320844208391,0.33037608806864915,0.630170703489267
Waiting is bearable if you know there's an approximate end date FOR SURE.,neither,0.03214602872922378,0.43168097597225014,0.536172995298526
Wow!!!,neither,0.03945320844208391,0.33037608806864915,0.630170703489267
MindManners,neither,0.03945320844208391,0.33037608806864915,0.630170703489267
is..is that Teri Hatcher?,neither,0.06451239253500649,0.3879533562531835,0.54753425121181
It’s a business that’s either CRUNCH or oh hey that’s still a thing neat,neither,0.03668228022193875,0.35754164877409544,0.6057760710039658
This is so cool!,neither,0.05124439864023613,0.39204888809969735,0.5567067132600664
"Oh wow, I totally forgot about her role in James Bond.",neither,0.03586554274702084,0.4413354968390829,0.5227989604138963
comic shops are so beautiful,neither,0.06395632938220659,0.3290333373466442,0.6070103332711492
@Squishypride yes,neither,0.03945320844208391,0.33037608806864915,0.630170703489267
I did a signing at A Shop Called Quest when Mother Panic launched. They're great.,neither,0.04059573155641816,0.3394782567138359,0.6199260117297459
"@Squishypride Yes, yes it is",neither,0.04554890407683611,0.32827949881806173,0.6261715971051023
I think I've bought a copy of Saga but I'm not sure if it's digital or a GN,neither,0.018064833431700157,0.411661940774031,0.5702732257942686
i need an LCS like that closer to me,neither,0.043961722313072236,0.40984945699197584,0.5461888206949518
Hey @JodyHouser :),neither,0.03945320844208391,0.33037608806864915,0.630170703489267
"I must admit, my mind is blown. gandsSpoopy gandsPercy gandsPencil",neither,0.036551165696930406,0.38114620929776627,0.5823026250053033
Holy. shit.,offensive_language,0.04257650662097627,0.9573463282193174,7.716515970639687e-05
"Teri is such a great guest, I am loving this",neither,0.0435986666037813,0.30855685482300144,0.6478444785732174
Hello @JodyHouser,neither,0.03945320844208391,0.33037608806864915,0.630170703489267
MOOD,neither,0.03945320844208391,0.33037608806864915,0.630170703489267
@JodyHouser Hi Jody!,neither,0.03945320844208391,0.33037608806864915,0.630170703489267
(can we make a 'yes it's teri hatcher' command?) ;),neither,0.03791419043010006,0.3285189246523282,0.6335668849175718
hey JodyHouser,neither,0.03945320844208391,0.33037608806864915,0.630170703489267
Finishing my Callisto 6 art so I'm not gonna be in chat that much,neither,0.027176576667875256,0.4737563515486348,0.49906707178349
lol Love It!,neither,0.022055634306850848,0.4469456750562876,0.5309986906368616
Teri Hatcher is a comic nerd also....thank you GOD,neither,0.060687518777637,0.3707983449495942,0.5685141362727688
awwwww!,neither,0.03945320844208391,0.33037608806864915,0.630170703489267
Amy is the chat,neither,0.04610710093438908,0.31300349098713004,0.6408894080784809
lol,neither,0.020706217963973744,0.4882283491876925,0.4910654328483337
I really I don’t care about the male leads much,neither,0.03502893469600482,0.3388162456994628,0.6261548196045323
That is adorable omg,neither,0.04351033837090979,0.37073554673150444,0.5857541148975859
Hey @JodyHouser,neither,0.03945320844208391,0.33037608806864915,0.630170703489267
"@JodyHouser will you be making an appearance on HyperRPG's Comics & Coffee anytime soon? You know, between all that writing",neither,0.062289518528457564,0.3391636705020189,0.5985468109695234
@ladyamphy yes,neither,0.03945320844208391,0.33037608806864915,0.630170703489267
wow mood!!,neither,0.03945320844208391,0.33037608806864915,0.630170703489267
"Aahhhh, I'm late!",neither,0.03945320844208391,0.33037608806864915,0.630170703489267
Hi Comics Superstar @JodyHouser,neither,0.03945320844208391,0.33037608806864915,0.630170703489267
R I K K I,neither,0.03945320844208391,0.33037608806864915,0.630170703489267
Amy is fangirling so hard :D,offensive_language,0.03797469605310609,0.5688181717830909,0.393207132163803
bathtub?,neither,0.03945320844208391,0.33037608806864915,0.630170703489267
Teri is being super relatable right now,neither,0.04114042658863718,0.37471236138173286,0.5841472120296298
Hi Jody,neither,0.03945320844208391,0.33037608806864915,0.630170703489267
@RMutt1917 Probably not doing any appearances on anything until after NYCC.,neither,0.03646356278145261,0.3521931661200824,0.6113432710984651
OMG is that Teri Hatcher?!!!!! :O,neither,0.04555267061011034,0.38829319681521585,0.566154132574674
(Hi all!),neither,0.0423466876598404,0.4436528871510691,0.5140004251890904
Reading in the bath :O,neither,0.03861407904203812,0.31505144381189987,0.646334477146062
i hope shes not talking about single issues in the tub,neither,0.05771762692848366,0.2681322862123132,0.6741500868592032
"Greetings, beings of Earth 👽",neither,0.03945320844208391,0.33037608806864915,0.630170703489267
I only read singles in the bath because if I drop it it's not like $20 to replace >.>,neither,0.038909532291704414,0.3574523597978492,0.6036381079104464
Its good to have a familiar work you can dive into whenever you need to.,neither,0.06404996609630877,0.3841969334132878,0.5517531004904035
critroleBidet @JodyHouser critroleBidet,neither,0.03945320844208391,0.33037608806864915,0.630170703489267
@ToonEzon Maybe she likes to live on the edge?,neither,0.050868345250286474,0.4256372628898626,0.5234943918598508
"So, what're we talking about chat?",neither,0.060082031411982074,0.36653658434607334,0.5733813842419447
Hello @jodyhouser,neither,0.03945320844208391,0.33037608806864915,0.630170703489267
Hello @JodyHouser :),neither,0.03945320844208391,0.33037608806864915,0.630170703489267
Sup Wednesdaisies!,neither,0.03945320844208391,0.33037608806864915,0.630170703489267
Hi @CosmicVoyagerX,neither,0.03945320844208391,0.33037608806864915,0.630170703489267
hey Jody!,neither,0.03945320844208391,0.33037608806864915,0.630170703489267
!questions,neither,0.03945320844208391,0.33037608806864915,0.630170703489267
"To make it easier to read questions in chat, please preface your questions with the word question in all caps. For example, QUESTION: How are you today?",neither,0.06209713493468228,0.3342013724685751,0.6037014925967426
The book lover in me is terrified,neither,0.03867934771068199,0.3449079021753898,0.6164127501139282
also hi Brittany!,neither,0.03945320844208391,0.33037608806864915,0.630170703489267
almost missed this because I was reading comics XD,neither,0.039308852702455,0.33282618170861133,0.6278649655889337
Hi @tortugadelmar,neither,0.03945320844208391,0.33037608806864915,0.630170703489267
She was the best Lois Lane EVAR,neither,0.03882083154463335,0.37480958989993096,0.5863695785554357
so about 90% of the comics that are out,neither,0.047711280666788786,0.3802155298220712,0.5720731895111401
Agreed. I mostly read non-superhero stuff.,neither,0.03945320844208391,0.33037608806864915,0.630170703489267
Saga is one of the top ten best comics! Saga is award winning! Saga is epic!,neither,0.046221649277735324,0.33000464299674387,0.6237737077255209
great to know teri,neither,0.04678388007516579,0.28953746461794394,0.6636786553068903
"@JodyHouser ah, gotcha BloodTrail",neither,0.03945320844208391,0.33037608806864915,0.630170703489267
QUESTION: what differentiates comics from graphic novels?,neither,0.044238676964762996,0.31445182419436507,0.641309498840872
"I'm doing a Sam excited thing,,",neither,0.03945320844208391,0.33037608806864915,0.630170703489267
What's Saga?,neither,0.04568673754512718,0.3259267583143808,0.628386504140492
hrpgHeyo @JodyHouser,neither,0.03945320844208391,0.33037608806864915,0.630170703489267
bloind ballerinas,neither,0.03945320844208391,0.33037608806864915,0.630170703489267
"@japenrose lol, there is such a thing as too much risk",neither,0.03477206316430598,0.3614950577602655,0.6037328790754285
I'm not sure how to not Sam excite..,neither,0.03779666847408023,0.42850020592926424,0.5337031255966554
Saga is Beautiful that is what it is,neither,0.05951864541596954,0.3506641612797729,0.5898171933042575
I call it Fantasy,neither,0.0378156882991455,0.33093930633527846,0.631245005365576
Im a giggly mess right now,neither,0.037494202990526526,0.3854592455096753,0.5770465514997982
"@ToonEzon Ha, true enough",neither,0.03945320844208391,0.33037608806864915,0.630170703489267
"i went looking through my books and realized i have the first two volumes of saga, and i went ""how did that happen""",neither,0.02976023696793809,0.34245039258535703,0.6277893704467049
sci fi fantasy war epic,neither,0.03945320844208391,0.33037608806864915,0.630170703489267
space opera?,neither,0.03945320844208391,0.33037608806864915,0.630170703489267
It’s Romeo and Juliet in space,neither,0.037602015072838633,0.29725834281774616,0.6651396421094151
anyone able to get the replay of Talks to play?,neither,0.047157493148627376,0.3206822529159151,0.6321602539354576
@ladyamphy me too.,neither,0.025456656249999262,0.41690574403459846,0.5576375997154023
It’s one of those genre breaking books than?,neither,0.05325327135365894,0.30883729590196535,0.6379094327443756
@misssunflower94 very true,neither,0.03945320844208391,0.33037608806864915,0.630170703489267
#SpaceOpera,neither,0.03945320844208391,0.33037608806864915,0.630170703489267
I just got here what’s goin on,neither,0.08374385440809755,0.3673159371914259,0.5489402084004766
Amy is not kidding about the mature content warning,neither,0.04169537007603407,0.33771234493103675,0.6205922849929292
my brain is broken. This is too awesome.,neither,0.04117362818850472,0.39251518698025173,0.5663111848312435
"That's why I appreciate my dad making me read non-fantasy/scifi books as a kid, gives me more to chose from at the library now",neither,0.026314414655993594,0.4171376722579473,0.556547913086059
"I haven't read Saga in a while, but I know I enjoyed it.",neither,0.03657552774363589,0.336667430102032,0.6267570421543321
gandsHR at the ready!,neither,0.03704536104895021,0.34135504329055577,0.621599595660494
Question: what is Saga,neither,0.05232462771874983,0.32413998430267027,0.6235353879785798
Teri Hatcher AND Saga. JFC,neither,0.03857111107789432,0.2851340175310554,0.6762948713910502
@WadeWolf you do not show as a sub,neither,0.07381718964417738,0.33712922856412064,0.5890535817917021
An awesome reason to read Saga...it was a banned book!,neither,0.0424466970371317,0.32654674388221655,0.6310065590806518
!vod,neither,0.03945320844208391,0.33037608806864915,0.630170703489267
VODs are subscriber-only. Subscribe now to unlock access to past videos and highlights at twitch.tv/geekandsundry/videos/all,neither,0.055189305111973244,0.3283360580916387,0.6164746367963879
oh crap is that Teri Hatcher?,neither,0.050298375055161264,0.318390373285434,0.6313112516594047
@martianboyy that is exactly what I was thinking of!,neither,0.04850403428878905,0.3640947311048045,0.5874012346064065
QUESTION: Thoughts on the Captain Marvel Trailers?,neither,0.036897685187730664,0.3283609495825412,0.6347413652297282
@souzo_ yep,neither,0.03945320844208391,0.33037608806864915,0.630170703489267
bah.. damn,offensive_language,0.042479326866149344,0.9516554255713155,0.005865247562535126
Yeah they've mentioned this one a bit.,neither,0.01473011379084676,0.41825042998326445,0.5670194562258887
"I'm horrible, I bought the first 4 volumes, and have promptly lsot them within my house",neither,0.03415982709061222,0.34819920535353033,0.6176409675558575
@fuffybutt oh you sweet summer child,neither,0.06063863045279238,0.32609536515705473,0.6132660043901529
@Alexanderhero83 EPIC,neither,0.03945320844208391,0.33037608806864915,0.630170703489267
@CosmicVoyagerX oh damn really? and it's banned book month!,offensive_language,0.046428799874114156,0.6110403605726824,0.34253083955320346
hi @ShandraVdeG,neither,0.03945320844208391,0.33037608806864915,0.630170703489267
Ack I'm late! Did I miss a lot?,neither,0.03306518586712572,0.33257322195880135,0.6343615921740728
I just found issue 1 of Saga in dollar bin!,neither,0.036678136130928976,0.34325082476887614,0.6200710391001949
Teri Hatcher and Alyssa Milano were my childhood crushes,neither,0.03154214723716908,0.345135283959151,0.6233225688036799
ok I need to order this series.,neither,0.04484996704056653,0.32783965302871515,0.6273103799307183
Hi @phoenixgoth No you didn't,neither,0.0359910909909271,0.45760548540098334,0.5064034236080897
@ShandraVdeG Hopefully you're able to find them!,neither,0.11068364381586522,0.25079910217827767,0.638517254005857
Blessed be the bargain bins,neither,0.03903702680122783,0.3191400383671193,0.6418229348316528
"Actually with it being banned book month that would be a great theme for an episode""banned comics""",neither,0.028905684090103072,0.3468756536317482,0.6242186622781486
still looks fantastic,neither,0.03857305239080758,0.3453146332830615,0.6161123143261309
"QUESTION: Which character is your favorite character in Saga, and why?",neither,0.04978205933809203,0.31272568567096665,0.6374922549909414
@ArisBranwin It is highly recommended!,neither,0.045123639409448864,0.3284257668379438,0.6264505937526075
Teri's social handle is @HatchingChange pls let her know if you enjoyed seeing her on The Wed Club!,offensive_language,0.023092244829732312,0.6168939860635259,0.3600137691067419
"@CosmicVoyagerX If it's a first printing, it's worth a LOT",neither,0.018972691557423392,0.38070929119671315,0.6003180172458635
I actually just read the first 2 volumes of Saga a couple days ago XD,neither,0.03278576076843315,0.3341542134572807,0.6330600257742862
I just need the money.,neither,0.03206234589268654,0.3354008413972082,0.6325368127101053
@misssunflower94 AKA: Comics that led to the Comics Code,neither,0.040193302125066555,0.3404394798661895,0.619367218008744
QUESTION: Is there gonna be a Daily Wednesday this week?,neither,0.04419512836397998,0.3343406316423616,0.6214642399936585
@JodyHouser Good evening! ^_^ Good to see you here!,neither,0.10774898412663625,0.3277099226306262,0.5645410932427377
it does feel pretty pop-y in a good way,neither,0.02777868922619329,0.42088493618529343,0.5513363745885133
"I still don't have the comic. But, right after my holiday, I'm definitely getting my hands on it! AH!",neither,0.021964850858914083,0.47632368756799454,0.5017114615730913
@JodyHouser I dont know,neither,0.03945320844208391,0.33037608806864915,0.630170703489267
"@GreyAngel That's usually what they start the show with, it's still possible however",neither,0.03923809838934726,0.3293220686908291,0.6314398329198236
Im not a comic expert.,neither,0.03538113873388505,0.40243864917510247,0.5621802120910123
I've seen Fantastic Planet.. its wonderful and weird.,neither,0.02206277987292209,0.29581429462295405,0.6821229255041239
I love fantastic planet!!!!,neither,0.03674978239764166,0.34294118608258856,0.6203090315197697
le planete sauvage,neither,0.03945320844208391,0.33037608806864915,0.630170703489267
<--old,neither,0.03945320844208391,0.33037608806864915,0.630170703489267
I'm writing *redacted* while I watch/,neither,0.04487891170205737,0.3285099399186521,0.6266111483792904
@japenrose I'll keep hoping,neither,0.03945320844208391,0.33037608806864915,0.630170703489267
"One of these days I really should read Saga. I have it ""borrowed"" on Comixology unlimited.",neither,0.04909815128039174,0.43903014255290085,0.5118717061667074
Hi @JodyHouser,neither,0.03945320844208391,0.33037608806864915,0.630170703489267
Saga has won 25 awards!,neither,0.03973284166529122,0.32562998248626207,0.6346371758484467
"QUESTION: You are given the choice to save the world of your favorite comic book hero by taking their place, but those that you love will become trapped in that world with you. Do you take the chance and why?",neither,0.08590611797858465,0.3592496682230343,0.5548442137983811
If anyone wants to send me Saga for my birthday you can..,neither,0.025237620566573093,0.44227732849788065,0.5324850509355462
watched Fantastic Planet a couple weeks ago on youtube,neither,0.03776910525869883,0.33837740487798523,0.6238534898633159
killer soundtrack as well,neither,0.037775527401828324,0.3588507137204043,0.6033737588777675
what does Matt want to talk about?,neither,0.022119771163742908,0.4532352843624675,0.5246449444737895
Saga is in Time's list of greatest comics of all time!,neither,0.04328645690349233,0.38724070790808174,0.5694728351884258
its the pretttiest book,neither,0.03138233069998016,0.31324920408047724,0.6553684652195426
Lois and Clark,neither,0.03854442882677734,0.28357035124239044,0.6778852199308323
"""Before we get deeper into Saga..."" tangent back to Saga :P",neither,0.04034623913357852,0.36500398715090854,0.594649773715513
I'm trying to draw and watch this and it's pretty impossible,neither,0.04569808898407531,0.276140770142084,0.6781611408738407
The thing that first really caught my eye about Saga is how well the colors pop,neither,0.034349304630220026,0.37766701977224065,0.5879836755975393
@JodyHouser I saw you're writing even more SW comics in the December Marvel Solicitations hrpgLoveyousortof,neither,0.05915188722723813,0.33164182753565546,0.6092062852371064
The art is beautiful,neither,0.04697512263271777,0.3110014216400325,0.6420234557272497
is this Teri Hatcher or Kevin Smith we're watching lol,neither,0.05170547918213476,0.3503853708346461,0.597909149983219
"jody, how the crap do you listen while writing? my brain can't focus on one thing :D",neither,0.03876785222608781,0.40739570357478627,0.5538364441991259
Brian and Fiona are also the nicest damn people.,offensive_language,0.09234401548442499,0.5852145946259882,0.32244138988958687
For the 5 minute topic is the keyword 'TOPIC'?,neither,0.039320847516548976,0.2951653074407533,0.6655138450426978
the whole thing? you reread the WHOLE THING? Taliesin!,neither,0.04856109730645234,0.3361124964661717,0.615326406227376
"@achancham Yes, it is",neither,0.0504428408951861,0.3265962495318096,0.6229609095730043
@achancham yes,neither,0.03945320844208391,0.33037608806864915,0.630170703489267
I am buying every issue 1 comic from dollar bins to discover new comics.,neither,0.04579620472334592,0.268373318047178,0.685830477229476
dont make teri hatcher mad,neither,0.03945320844208391,0.33037608806864915,0.630170703489267
#LetTaliesinSleep2k18,neither,0.03945320844208391,0.33037608806864915,0.630170703489267
TOPIC: What super hero or ck.ic character would you want as a babysitter when you were a kid?,neither,0.050116701802948874,0.39954477710850494,0.5503385210885461
am i the only one that didnt think it was all that?,neither,0.03254287956156524,0.4534490420640086,0.5140080783744262
I'm almost always listening to stuff while I write.,neither,0.04276679334988079,0.3662232531851737,0.5910099534649454
Thanks!,neither,0.035884468650613,0.3004919205142699,0.6636236108351171
Its like the break between tv seasons.,neither,0.04116937204993076,0.3309857872443632,0.627844840705706
I messed up my Topic...,neither,0.028123699588871558,0.4483972199438499,0.5234790804672785
#ComicsWillBreakYourHeart,neither,0.03945320844208391,0.33037608806864915,0.630170703489267
@JodyHouser It's really awesome hearing about all the wonderful comics writers and authors who are great people!,neither,0.06436089894685507,0.34068847394570606,0.5949506271074388
