text,top_class,hate_speech,offensive_language,neither
gandsLore gandsLessthanthree gandsLore,neither,0.03945320844208391,0.33037608806864915,0.630170703489267
TwitchCop,neither,0.03945320844208391,0.33037608806864915,0.630170703489267
Lore me Sempai Hector!,neither,0.018491955366437673,0.460246435692358,0.5212616089412043
gandsLessthanthree gandsRaid gandsLessthanthree,neither,0.03945320844208391,0.33037608806864915,0.630170703489267
Im gonna be honest I thought this was critcal role,neither,0.040768167651160016,0.32024943456558536,0.6389823977832546
hugggggs for the hug inclined,neither,0.03379679075460898,0.29293017823461603,0.673273031010775
Hello Amy and Friends!,neither,0.03876195185944557,0.2958701026425599,0.6653679454979946
#EnthusiArmyRAID amydFocus amydFocus amydFocus,neither,0.03945320844208391,0.33037608806864915,0.630170703489267
Well darn. May not be able to watch the shows tonight. I'll try and figure it out. Shucks. Thank you.,neither,0.04731218923118674,0.3117998314915323,0.640887979277281
"3 hours before that, @axeman6199",neither,0.031208389905662305,0.44570205818096176,0.5230895519133759
Hey EnthusiArmy,neither,0.03945320844208391,0.33037608806864915,0.630170703489267
Welcome Amy and raiders.,neither,0.038822933363010945,0.2991577467117473,0.6620193199252418
Nope. Cr is a little later @axeman6199 Enjoy the Lore,neither,0.04417117724298328,0.32063860070850797,0.6351902220485086
hi all!,neither,0.0423466876598404,0.4436528871510691,0.5140004251890904
"Hello, EnthisiAmyists! :P",neither,0.03945320844208391,0.33037608806864915,0.630170703489267
gandsHappy amydFocus ENTHUSIARMY RAID gandsHappy gandsHug s for the gandsHug -inclined!,neither,0.03412816705421331,0.29512293809077,0.6707488948550168
The website duide says 7?,neither,0.03849335708009409,0.31278663314362937,0.6487200097762765
gandsOwlbear Welcome Raiders,neither,0.03945320844208391,0.33037608806864915,0.630170703489267
@eli1984 yw,neither,0.03945320844208391,0.33037608806864915,0.630170703489267
Welcome @Enthusiamy and Raiders,neither,0.038684903632370565,0.2916231220829233,0.6696919742847062
amydFocus,neither,0.03945320844208391,0.33037608806864915,0.630170703489267
"@axeman6199 yes, and 7pm pacific in in 3 hours",neither,0.03882529619398662,0.2992839089561778,0.6618907948498357
!time,neither,0.036668274527354654,0.377643684699956,0.5856880407726893
video wont play... just buffering. :-(,neither,0.04009989312134427,0.25718785075103207,0.7027122561276237
Welcome Enthusiarmy <3,neither,0.03945320844208391,0.33037608806864915,0.630170703489267
!clock,neither,0.03945320844208391,0.33037608806864915,0.630170703489267
It is currently Thursday 4:03 PM at the Geek & Sundry studio in California.,neither,0.05234240336133375,0.32952281131013816,0.6181347853285281
thatnks @postdataest,neither,0.03945320844208391,0.33037608806864915,0.630170703489267
EnthusiArmy Raid we are enthusiastic Pirates are you busy,neither,0.09703848970340904,0.29612476083188927,0.6068367494647016
I had to refresh my twitter about 2 min ago,neither,0.0340176595980764,0.4792057321521925,0.4867766082497311
Just tuning in. Where is Ryan?,neither,0.04472336311832935,0.31634263617969227,0.6389340007019785
Arrrr! >:3,neither,0.03945320844208391,0.33037608806864915,0.630170703489267
!questions,neither,0.03945320844208391,0.33037608806864915,0.630170703489267
"To make it easier to read questions in chat, please preface your questions with the word question in all caps. For example, QUESTION: How are you today?",neither,0.06209713493468228,0.3342013724685751,0.6037014925967426
"@CosmicVoyagerX ""out""",neither,0.027825811811235897,0.3787197998747999,0.5934543883139641
"THURSDAY (All Times Pacific) - LORE MASTERS: 4-5:30pm, Ryan Green and a guest go deeper into a fandom than you may have ever thought possible! | NATURAL SELECTION: 6-6:30pm Debates between pop culture and real life! with Dan Casey and Kyle Hill | CRITICAL ROLE: 7pm-? Pacific | Voice Actors play Dungeons and Dragons 5e!",neither,0.03862616689714173,0.3313343448357225,0.6300394882671357
I see a Mark Meer,neither,0.03945320844208391,0.33037608806864915,0.630170703489267
Hi MARK!,neither,0.03945320844208391,0.33037608806864915,0.630170703489267
Hi Mark!,neither,0.03945320844208391,0.33037608806864915,0.630170703489267
We have a subscriber-only Discord server! Join here: https://discord.gg/geekandsundry (you'll need to sub and link it to your Twitch) and be a part of the fun!...Warning: It can take up to an hour for the server to update and give you access to the channels,neither,0.08464076273808444,0.286394834032893,0.6289644032290227
Hi Mark!,neither,0.03945320844208391,0.33037608806864915,0.630170703489267
I am afraid that what I was afraid of might be happening...replacing Ryan with Hector.,neither,0.034707640489081905,0.36796898313105686,0.5973233763798612
Mark meer is male Shepherd right,neither,0.04458282935299287,0.3418345740863268,0.6135825965606804
"@CosmicVoyagerX nah, it sounded unplanned",neither,0.03793525885689968,0.3308981805374868,0.6311665606056135
@Alexanderhero83 yeah,offensive_language,0.013968601452186464,0.5182923869769311,0.4677390115708824
@CosmicVoyagerX no no. Ryan is out today and Hector is just hosting solo,neither,0.040860894552040485,0.3295183159854293,0.6296207894625303
I´ll just repear what I first read wqhen todays topic was announced... Golden AXE FailFish,neither,0.0359925955420696,0.3413250470300105,0.6226823574279199
"Download the new Critical Role theme song for Campaign Two! http://itunes.apple.com/album/id1331550250?ls=1&app=itunes Sales of the song support the musician, Jason Charles Miller.",neither,0.04445767596344001,0.2510827790306858,0.7044595450058742
"and yes, he's male shepherd",neither,0.04430393294138396,0.28746317487116196,0.6682328921874541
"Help G&S make great content! $4.99/month gets you emotes, Minecraft server access, sub-only VODs, and more! Every sub keeps the channel alive! twitch.tv/geekandsundry/subscribe",neither,0.043907990691603095,0.31135964332838284,0.644732365980014
"Marks hair is quite ""Doctor Who 10"" vibes today :)",neither,0.04323319447237391,0.3502151557119577,0.6065516498156684
that's straight up Elvis hair,neither,0.032008267736393564,0.4416866435313979,0.5263050887322085
mmhmm,neither,0.03945320844208391,0.33037608806864915,0.630170703489267
just a lower height,neither,0.03540242483860557,0.34940302818888475,0.6151945469725096
"@Leigh574 I was getting Tendo Choi, but 10 works too",neither,0.03293981941560881,0.40393414541396927,0.5631260351704219
"Nah, it's totally yakuza hair.",neither,0.03805832135109699,0.3308558537026275,0.6310858249462754
I have a comic book around here somewhere that is about 9/11... A lot of Avengers rush to the towers and try to help rescuing as many people as possible.... final panel is a crying Captain America,neither,0.13215213438430523,0.3001531097527585,0.5676947558629363
=p,neither,0.03945320844208391,0.33037608806864915,0.630170703489267
Bronze Age was my first years of reading comics,neither,0.0279495044516946,0.3895385963687369,0.5825118991795685
"(I agree, it's pretty Elvisy)",neither,0.037820757892332434,0.33093756266971225,0.6312416794379554
oh wow @Ossborn powerful,neither,0.044395230650469394,0.28318712050442896,0.6724176488451016
Those are some of the best comics!,neither,0.07378633921492453,0.22786919800448527,0.6983444627805903
lol,neither,0.020706217963973744,0.4882283491876925,0.4910654328483337
oh cool.,neither,0.04720127955179003,0.2578925924460871,0.6949061280021229
haha,neither,0.03186685585600258,0.45913629025701075,0.5089968538869867
love it,neither,0.030831260484157012,0.3601344986151421,0.609034240900701
I've been to Doctor Whom. Rapid Fire stuff is so good. <3,neither,0.030509017493810756,0.34422220075743964,0.6252687817487496
Edmonton! My hometown!,offensive_language,0.011017215557639733,0.6062201221254095,0.3827626623169507
"dammit, Edmonton is so far away1",neither,0.04744925180429322,0.3715384383516914,0.5810123098440153
I wish I could see that,neither,0.034959880349809756,0.37938148798138605,0.5856586316688044
All tables top Rpgs are Improv,neither,0.06097030668380549,0.34877900922824956,0.590250684087945
please have Mark back for Doctor Who!,neither,0.03480842878129147,0.3585706928890326,0.6066208783296759
That trailer looks so fun for the next season of Dr. Who,neither,0.117809648835622,0.4278586195399425,0.4543317316244356
everything is RPGs,neither,0.047602724004712896,0.3275730959657146,0.6248241800295725
Eric's Tbd rpg is Doctor Who,neither,0.04755071937991518,0.38663088718923216,0.5658183934308527
Amy Dallen > Jodie Whitaker as The Doctor!,neither,0.036981780239234055,0.3459322982991515,0.6170859214616145
What do you guys think of Transformers comics?,neither,0.057284855842656905,0.3540377506134194,0.5886773935439237
"@Alexanderhero83 Hopefully, but many are just tactical wargames",neither,0.054481331985070616,0.31603676165059225,0.6294819063643371
"so punny, this dude",neither,0.03931871538902309,0.3750571146629433,0.5856241699480336
!questions,neither,0.03945320844208391,0.33037608806864915,0.630170703489267
"To make it easier to read questions in chat, please preface your questions with the word question in all caps. For example, QUESTION: How are you today?",neither,0.06209713493468228,0.3342013724685751,0.6037014925967426
QUESTION: Best gateway comic for the Bronze Age story lines?,neither,0.03493972324447737,0.2997114508800896,0.6653488258754331
I love my local library. I can pull comics from all across my province and if they don't have it they often have things digital as well,neither,0.023707389955479025,0.4394497568037779,0.536842853240743
Oh that's nice,neither,0.04099006235261433,0.3196962335446067,0.6393137041027789
oh bless libraries forever,neither,0.0446353451506029,0.2809783059260534,0.6743863489233437
they save my bank balance,neither,0.030750236473731835,0.39625912480968417,0.5729906387165841
I feel like you're biased!,neither,0.0992044899503493,0.3608745019240713,0.5399210081255795
hi,neither,0.03945320844208391,0.33037608806864915,0.630170703489267
gandsOwlbear abc,neither,0.03945320844208391,0.33037608806864915,0.630170703489267
I might be.....slightly,neither,0.0399345609150439,0.3344068717052231,0.625658567379733
X Men was really good in that period (In my memory),neither,0.02898832542596959,0.4175512105730485,0.5534604640009819
that is a sweet splash page,neither,0.042590110422844024,0.36220403325447315,0.5952058563226827
Teen Titans,neither,0.03945320844208391,0.33037608806864915,0.630170703489267
Avengers Annual #16 (1987) is my favorite comic of all time!,neither,0.036700886579795394,0.4396686364545039,0.5236304769657008
I'm kind of doubting there is a classic Alpha Flight collection,neither,0.04418880690546524,0.30315154670136213,0.6526596463931725
Boston Brand?,neither,0.03945320844208391,0.33037608806864915,0.630170703489267
that's a name,neither,0.03278527483253215,0.40372998758299017,0.5634847375844777
Cable and Deadpool is my favorite,neither,0.034329741759775816,0.36856061290102177,0.5971096453392024
Iron Man is always a 2nd tier character to me,neither,0.0422157107319435,0.4205679690931711,0.5372163201748854
"Yes, Alpha Flight!!!",neither,0.03945320844208391,0.33037608806864915,0.630170703489267
We socialised superheroes :P,neither,0.03928250105640122,0.33327343791445996,0.6274440610291387
Alpha Flight was a fabulous comic!,neither,0.03936001293677233,0.3319578590146741,0.6286821280485535
Best Alpha Flight character was Manikin.,neither,0.03869577459335285,0.32627193386758946,0.6350322915390578
Fight me.,neither,0.02781477711043654,0.39615388403587115,0.5760313388536923
Sneak attack Canadians,neither,0.03945320844208391,0.33037608806864915,0.630170703489267
Puck you! ;),offensive_language,0.21217306638279385,0.6099082758190073,0.17791865779819876
Puck is best Alpha Flight member!,neither,0.04476076827188718,0.3226872724065906,0.6325519593215222
Solution is atomic weapons.,neither,0.04531420941048323,0.32836022107588586,0.626325569513631
!points @obsequiousdiphthong,neither,0.03945320844208391,0.33037608806864915,0.630170703489267
"That was an excellent pun, @obsequiousdiphthong! Here, have some points for that one! You have been awarded 59 points!",neither,0.049980789310414435,0.3817775744187309,0.5682416362708548
They didn't learn from WW2,neither,0.02856124409141268,0.351002465847857,0.6204362900607303
John Byrne!,neither,0.03945320844208391,0.33037608806864915,0.630170703489267
I love that the comic pane is actually where Mark is gesturing to,neither,0.05387278378309218,0.32785037093230895,0.618276845284599
Robin Goodfellow!,neither,0.03945320844208391,0.33037608806864915,0.630170703489267
Shakespear Hockey Puck?,neither,0.03945320844208391,0.33037608806864915,0.630170703489267
*Shakespearian,neither,0.03945320844208391,0.33037608806864915,0.630170703489267
"@Ronin_Monkey actual confusion? if so, look for Midsummer Night's Dream",neither,0.019600931877644875,0.3799950531119316,0.6004040150104235
Weird is the normal for this channel!,neither,0.03985647541703216,0.2958736729737797,0.6642698516091882
