text,top_class,hate_speech,offensive_language,neither
"*yawns* Bidet, everyone.",neither,0.03354967907916047,0.4305743883413756,0.535875932579464
I wanna see a video of Erika rocking this song on violin because we know she could,neither,0.041783661419801756,0.34007304367168223,0.618143294908516
gandsGameEngine gandsGameEngine gandsGameEngine shishHI Trisha shishHI Erika,neither,0.03945320844208391,0.33037608806864915,0.630170703489267
gandsGameEngine Hi Trisha and Erika!,neither,0.038358606956405694,0.2721397086643902,0.6895016843792041
@pharsan when ever sam does a one shot,neither,0.022070426675673924,0.4857745401034867,0.49215503322083937
@pharsan Who knows (shrugs),neither,0.04007738177590902,0.3950936978238677,0.5648289204002234
Live from Los Angeles! It's Weekend Update with Trisha and Erika!,neither,0.03347525725320958,0.31454058624325526,0.6519841565035351
@DeLevely give her kisses from me!,offensive_language,0.026102517765412492,0.5558164016797921,0.41808108055479537
gandsGameEngine gandsOwlbear gandsGameEngine,neither,0.03945320844208391,0.33037608806864915,0.630170703489267
"Help G&S make great content! $4.99/month gets you emotes, Minecraft server access, sub-only VODs, and more! Every sub keeps the channel alive! twitch.tv/geekandsundry/subscribe",neither,0.043907990691603095,0.31135964332838284,0.644732365980014
and im enjoying this music,neither,0.03779902543468341,0.32397449032683784,0.6382264842384788
Yay!,neither,0.03945320844208391,0.33037608806864915,0.630170703489267
@darastrygat what's up party if you was rocking the the violin,neither,0.034775297049707714,0.4259558996926509,0.5392688032576414
:) wonderful idea GnS,neither,0.03945320844208391,0.33037608806864915,0.630170703489267
AXYB ramaThump ramaThump ramaThump,neither,0.03945320844208391,0.33037608806864915,0.630170703489267
RIP Wolf Among US 2 <cries>,neither,0.06343228819863186,0.3262685379228392,0.6102991738785289
"Man, I miss AXYB",neither,0.029953600560046003,0.43152726982375794,0.5385191296161959
If AXYB was still going this wouldn't have happened I bet.,neither,0.024784234838065376,0.4093520865396438,0.5658636786222908
nailed it,neither,0.03772653554390317,0.33096997005595963,0.6313034944001372
@perfectcosima just done did it <3,neither,0.03154471608189157,0.3730722505957851,0.5953830333223233
(almost),neither,0.03945320844208391,0.33037608806864915,0.630170703489267
@Ossborn I know.,neither,0.03945320844208391,0.33037608806864915,0.630170703489267
Unionize! The UK is starting a game workers’ union,neither,0.04422469466504368,0.2868107771671776,0.6689645281677787
@Critternation3000 IKR.. first thing I thought of :(,neither,0.034471219737296624,0.22037069807753862,0.7451580821851647
bravo.,neither,0.03945320844208391,0.33037608806864915,0.630170703489267
yeah RIP Loaderbot,neither,0.02145469153981289,0.4574245217793169,0.5211207866808701
@Ossborn Stranger Things . . . sigh.,neither,0.03945320844208391,0.33037608806864915,0.630170703489267
@DeLevely :D,neither,0.03945320844208391,0.33037608806864915,0.630170703489267
That was great,neither,0.031738606339660885,0.35644657876003094,0.6118148149003082
@Ossborn And with the dual lawsuits it's so dead. Dead!,neither,0.028607608254511765,0.34932915489271377,0.6220632368527745
@Alexanderhero83 I have no idea what you're trying to say.,neither,0.09147971142505124,0.3537375418351936,0.5547827467397553
that was cool,neither,0.0337458163838524,0.39397952143948695,0.5722746621766607
LMFAO wasn't that an episode of gather your party where Erica was rocking the violin@orionlightning,neither,0.05663441131945012,0.3196928992306443,0.6236726894499056
@geekandsundry talk about new up coming games,neither,0.02387964329440474,0.3235633654563415,0.6525569912492538
@starpilotsix checks out,neither,0.03416884982230153,0.3508666987208244,0.6149644514568741
@darastrygat I don't either phone has a mind of its own and I apparently hit the wrong person sorry about that,neither,0.044248626036650925,0.330465948861156,0.6252854251021931
Wolf among us is the only thing i cared about tbh,neither,0.06471298388927167,0.33058427808149893,0.6047027380292295
How much do they have to rehearse for this?,neither,0.03627411784700957,0.3080059392292138,0.6557199429237766
@cosmicvoyagerx They probably have a promoter,neither,0.03789278978971464,0.3568604649675274,0.6052467452427579
@Alexanderhero83 No worries.,neither,0.03848957175417732,0.3467315175537778,0.6147789106920449
Prompter,neither,0.03945320844208391,0.33037608806864915,0.630170703489267
Telltale was unique and needed in the industry.,neither,0.03821585962272847,0.29203790862141343,0.669746231755858
Gamers will remember that [Telltale made entertaining games],neither,0.03743713429832824,0.34490067889779574,0.617662186803876
#RememberLoaderbot !!!,neither,0.03945320844208391,0.33037608806864915,0.630170703489267
It's been nice seeing a lot of other developers reaching out to those who lost their jobs.,neither,0.0526845301163793,0.3356609397671682,0.6116545301164524
And support the Game Workers organization attempts!,neither,0.05645835990972265,0.2669845276941325,0.6765571123961449
@CosmicVoyagerX all first takes then fix everything in post Kappa,neither,0.03598595358191204,0.3752836380652251,0.5887304083528629
I heard about it because I followed Laura Bailey on Twitter,neither,0.03499309141850277,0.4370577224543296,0.5279491861271677
Erika's make up is on point,neither,0.04190817032710366,0.4062458424851961,0.5518459871877003
very Vampy,neither,0.03945320844208391,0.33037608806864915,0.630170703489267
shes very vampy lately in all things,neither,0.040817080126783825,0.385914060175466,0.5732688596977502
I have a need for both rooBlank,neither,0.031713307597753496,0.3047284677336604,0.663558224668586
@GeekandSundry what in the world could you possibly be referring to? ;),neither,0.06155035279724543,0.3458805248999719,0.5925691223027828
They're all still into PUBG :P,neither,0.06517925898992932,0.40170382913848046,0.5331169118715903
"@GeekandSundry Prolonged exposure to Taliesin hosting GYP, I presume!",neither,0.04524033154421097,0.326980299221356,0.627779369234433
hmmm FFVII... Vampy... nice reference!,neither,0.03945320844208391,0.33037608806864915,0.630170703489267
four million doll-hairs,neither,0.03945320844208391,0.33037608806864915,0.630170703489267
#BlockyBeauty,neither,0.03945320844208391,0.33037608806864915,0.630170703489267
pretty sure thats all in Wario Ware,offensive_language,0.036079193865015895,0.4911135135544358,0.4728072925805483
Excuse me?,neither,0.029243390474319758,0.3872845028060931,0.5834721067195873
Need live studio audience or laughtrack so I know when to laugh.,neither,0.039292942615117434,0.38622548784579264,0.57448156953909
Pulling a Red Green I see,neither,0.04029814615431907,0.3058105084347659,0.6538913454109149
duct tape fixes everything!,neither,0.03945320844208391,0.33037608806864915,0.630170703489267
I bet you're expecting a Class 2 ball joke are you nuts we get sacked. Old Halo joke,neither,0.08212708770186884,0.34149838938439064,0.5763745229137405
LUL,neither,0.03945320844208391,0.33037608806864915,0.630170703489267
amazing,neither,0.03945320844208391,0.33037608806864915,0.630170703489267
"Na naaaa, na nana nana na na Katamary Damacy!",neither,0.03945320844208391,0.33037608806864915,0.630170703489267
The handyman's secret weapon...duct tape,neither,0.038927777623445965,0.320859449123812,0.6402127732527421
891? To hell with that! There's only 151 Pokemon.,offensive_language,0.034224852451424,0.6193833281146645,0.34639181943391145
lmao,neither,0.03705015143476208,0.3711622369619404,0.5917876116032975
lol,neither,0.020706217963973744,0.4882283491876925,0.4910654328483337
jenLUL,neither,0.03945320844208391,0.33037608806864915,0.630170703489267
its funny because trisha just got an organization app shishLUL,neither,0.0311447965852074,0.38646024176226434,0.5823949616525282
its called Meltan for all who didnt know,neither,0.03060617553492876,0.4231811731709341,0.5462126512941372
Being Present is a gift to others,neither,0.04673267426176438,0.34603344304298506,0.6072338826952505
she said Dragonballs,offensive_language,0.04255981032167603,0.5067599298713632,0.45068025980696075
OWLGenji,neither,0.03945320844208391,0.33037608806864915,0.630170703489267
WutFace,neither,0.03945320844208391,0.33037608806864915,0.630170703489267
"It can slice, dice and make julian fries",neither,0.03823309493248128,0.3029632771735758,0.658803627893943
afaik it also makes noises when you swing it,neither,0.04002176227283269,0.41050998271618483,0.5494682550109826
Super Saiyan Ericka Would be awesome,neither,0.03929171989340849,0.3290238037529746,0.6316844763536168
Erika will need a foam version for the next epic battle,neither,0.03563994561339992,0.2960615953811845,0.6682984590054154
:-),neither,0.03945320844208391,0.33037608806864915,0.630170703489267
lol,neither,0.020706217963973744,0.4882283491876925,0.4910654328483337
lol,neither,0.020706217963973744,0.4882283491876925,0.4910654328483337
"oh my gosh, darkest timeline",neither,0.03456661207862373,0.3561137969670225,0.609319590954354
Oh look! My favourite IRL Firbolgs!,neither,0.035470964431839815,0.3572535557123426,0.6072754798558175
Look at our nerdy librarians,neither,0.04037243742869856,0.35215695433066957,0.6074706082406317
OMG,neither,0.03945320844208391,0.33037608806864915,0.630170703489267
Heh,neither,0.03945320844208391,0.33037608806864915,0.630170703489267
I love these tol dudes,neither,0.04474048029946934,0.41096294228843605,0.5442965774120946
"key key and key, ya not keyed out!",neither,0.029507957072626104,0.44056051014120473,0.529931532786169
Matt's hair and the fact that they managed to find a suit jacket that's too big for him is insanely hilarious,neither,0.032220363169795395,0.3168757566928701,0.6509038801373345
we are not robbing a bank,neither,0.059340312519943116,0.29814400133820995,0.642515686141847
Matts suit is big like TalkingHeads,neither,0.03809991666370848,0.41192238304031137,0.5499777002959803
That's Eric Campbell,neither,0.03603853037695239,0.36743761788790763,0.59652385173514
lmao,neither,0.03705015143476208,0.3711622369619404,0.5917876116032975
omg Chief XD,neither,0.03945320844208391,0.33037608806864915,0.630170703489267
chief!,neither,0.03945320844208391,0.33037608806864915,0.630170703489267
no splash 2/10,neither,0.038588825335569135,0.3450469252463523,0.6163642494180785
gandsTheChief,neither,0.03945320844208391,0.33037608806864915,0.630170703489267
lol. this is perfect,neither,0.03842118010193947,0.3995871919813332,0.5619916279167273
They're both Matt Keys,neither,0.053984218711997475,0.3072190195317042,0.6387967617562983
gandsTheChief,neither,0.03945320844208391,0.33037608806864915,0.630170703489267
Key and Campbell. I trust them to represent me when I make bad decisions!,neither,0.03738201229125733,0.35070694292689947,0.6119110447818432
I love Eric's tilt,neither,0.03695568432102715,0.34196125682243217,0.6210830588565408
gonna be a Chief witness against Spider-Man,neither,0.040188036102959415,0.39148467032490225,0.5683272935721383
THIS SPIDER-MAN IS A MENICE,neither,0.04870780615241429,0.3982346628529334,0.5530575309946523
gandsLessthanthree Matt and Eric!,neither,0.038710401235529615,0.29304074850286654,0.668248850261604
#SoundsLegit,neither,0.03945320844208391,0.33037608806864915,0.630170703489267
duckTenTen,neither,0.03945320844208391,0.33037608806864915,0.630170703489267
:D,neither,0.03945320844208391,0.33037608806864915,0.630170703489267
Guy looks like adam driver,neither,0.04758262577361683,0.3492152882416782,0.6032020859847049
LUL,neither,0.03945320844208391,0.33037608806864915,0.630170703489267
@ChiefAKAThatZachWilson have you recovered?,offensive_language,0.09738836656966704,0.5038998224287745,0.39871181100155845
@typcheerios The Great Eric Campbell The GM,neither,0.037164737785512734,0.2935202777169684,0.669314984497519
good job Chief ;),neither,0.03877493764178862,0.33060937649938693,0.6306156858588245
Well done @ChiefAKAThatZachWilson,neither,0.03835210096346887,0.34906475564227485,0.6125831433942563
