text,top_class,hate_speech,offensive_language,neither
Wednesday and CR are the only things I try to watch live anymore,neither,0.06532720156149222,0.2679955489404183,0.6666772494980894
@Darthvader925 Very soon!,neither,0.03945320844208391,0.33037608806864915,0.630170703489267
noodF,neither,0.03945320844208391,0.33037608806864915,0.630170703489267
Key Parental Units,neither,0.03945320844208391,0.33037608806864915,0.630170703489267
yay@,neither,0.03945320844208391,0.33037608806864915,0.630170703489267
HUZZAH,neither,0.03945320844208391,0.33037608806864915,0.630170703489267
Woo!,neither,0.03945320844208391,0.33037608806864915,0.630170703489267
,neither,0.03945320844208391,0.33037608806864915,0.630170703489267
*excited clapping*,neither,0.03945320844208391,0.33037608806864915,0.630170703489267
Here we go,neither,0.13156755280784707,0.2765461283225309,0.5918863188696221
huzzah!,neither,0.03945320844208391,0.33037608806864915,0.630170703489267
gandsHype,neither,0.03945320844208391,0.33037608806864915,0.630170703489267
eeeeyyyyyyyy!,neither,0.03945320844208391,0.33037608806864915,0.630170703489267
*vogues to theme tune*,neither,0.04422903139014762,0.32756043831074705,0.6282105302991052
gandsTWC gandsTWC gandsHappy gandsHappy gandsTWC gandsTWC,neither,0.03945320844208391,0.33037608806864915,0.630170703489267
Woo!!! <3,neither,0.03945320844208391,0.33037608806864915,0.630170703489267
hello hosts and crew!,neither,0.03864789386565313,0.28954271560616884,0.671809390528178
YaY!,neither,0.03945320844208391,0.33037608806864915,0.630170703489267
WHOAH,neither,0.03945320844208391,0.33037608806864915,0.630170703489267
NEW SET!!,neither,0.04427046440042074,0.2083113095955835,0.7474182260039958
oh my gosh hello! new friend!,neither,0.03679079095223011,0.28852283578896204,0.6746863732588079
NO TABLE AH,neither,0.038579477837593454,0.34520557668202545,0.6162149454803812
What the heck did you guys do to the floor,neither,0.06142117896857147,0.3307836494585312,0.6077951715728973
what's happening with the set!?,neither,0.033103975287788696,0.34526654557736997,0.6216294791348413
what is with this new set?,neither,0.04425624962864619,0.26875046192993535,0.6869932884414185
New set?,neither,0.04427046440042074,0.2083113095955835,0.7474182260039958
it's my birthday tomorrow and all the shows this week are making me so happy!,neither,0.03918810535320227,0.4085575269302445,0.5522543677165533
Yay!,neither,0.03945320844208391,0.33037608806864915,0.630170703489267
WHERE IS OUR TABLE??,neither,0.05012653267033951,0.29499403442998845,0.6548794328996719
New Set Up!!!,neither,0.040853408352993455,0.2780698668124769,0.6810767248345296
lads,neither,0.03945320844208391,0.33037608806864915,0.630170703489267
distance between the hosts,neither,0.038547489584037156,0.31380437275636525,0.6476481376595976
But TABLE though,neither,0.03586215014087129,0.34109343165919664,0.6230444181999321
What happened to the table???,neither,0.05096616965999672,0.30740762393339505,0.6416262064066083
"gandsTWC Hi Matt, Taliesin, and Amy! Welcome Tony!",neither,0.038918260058850844,0.30418035756554435,0.6569013823756049
where's the table?! D:,neither,0.040536825428510094,0.27349608103412715,0.6859670935373628
who took the couches ?,neither,0.03884591609794852,0.3995389683356877,0.5616151155663639
!whodat,neither,0.03945320844208391,0.33037608806864915,0.630170703489267
"Amy Dallen ( twitter.com/enthusiamy ), Taliesin Jaffe ( twitter.com/executivegoth ), and Matt Key ( twitter.com/TheMattKey ), Tony Kim (twitter.com/HeroWithinInc ).",neither,0.03839977369120518,0.4473037577271069,0.5142964685816879
New chairs..,neither,0.04660400397451208,0.1401930676750457,0.8132029283504423
Oooooh! Is the Alpha money so bad these days you had to sell the table???!!,neither,0.06413467977022828,0.4101922212309092,0.5256730989988625
https://herowithinstore.com/collections,neither,0.03945320844208391,0.33037608806864915,0.630170703489267
No!!! THE TABLE!!!,neither,0.03736643520506171,0.3278529436882619,0.6347806211066764
whO TOOK THEIR TABLE,neither,0.04006730107871003,0.39415004296009476,0.5657826559611951
Furniture has changed! PANIC!,neither,0.039748457147601425,0.3253649469982966,0.634886595854102
We have FASHION,neither,0.03863518977032313,0.34425999978704436,0.6171048104426325
"Yay, a guest! :D",neither,0.03945320844208391,0.33037608806864915,0.630170703489267
Wooooow I’m lagging hard,offensive_language,0.03215556499143313,0.5068903755091189,0.46095405949944795
we don't need no table!,neither,0.03827712867646412,0.34580190278421186,0.6159209685393241
oh my goodness where is our dearest table?,neither,0.04104613993607354,0.33174956580035203,0.6272042942635746
*trumpets sound*,neither,0.03945320844208391,0.33037608806864915,0.630170703489267
Hopefully this is because there's gonna be a fashion show,neither,0.05695136355624022,0.27904657101399133,0.6640020654297684
DANOBA THE TABLE,neither,0.03825742109612947,0.30830648690722096,0.6534360919966495
Table?? Where?,neither,0.04179395991668989,0.290647426670029,0.6675586134132812
I'M UNSETTLED,neither,0.03945320844208391,0.33037608806864915,0.630170703489267
"Hi Matt, Tony, Taliesin and Amy!",neither,0.03887424663009295,0.30187813153315796,0.6592476218367491
Where is the table!?,neither,0.050287968114179855,0.27307364254677546,0.6766383893390447
New furniture.. who dis?,neither,0.04369601456605431,0.30382633465407066,0.6524776507798751
"oh no, they moved the table! how will they hide the hole to the lizard people tunnels now",neither,0.05883669797723718,0.27497277922401125,0.6661905227987515
Who do we have to attack to get the table back?,neither,0.04952623680913342,0.37169489416333545,0.5787788690275311
@cinphoria There was never able.,neither,0.03532520976100047,0.3306423987066892,0.6340323915323103
WE ARE UNSETTLED,neither,0.10919184720806327,0.2383917025513002,0.6524164502406365
Perhaps they want to be able to stand up?,neither,0.047875107932161244,0.36197707643468163,0.5901478156331571
CHANGE. NO. I don't like it.,neither,0.05004153436466293,0.369345596937912,0.580612868697425
Fashionably late,neither,0.03945320844208391,0.33037608806864915,0.630170703489267
I'm so excited!,neither,0.03940839469474773,0.3948270312238364,0.565764574081416
"See, I couldn't even write it.",neither,0.03724457994006534,0.34581669981100244,0.6169387202489323
@Danoba that's evil XD,neither,0.03422672189597161,0.38755389974202165,0.5782193783620068
They're so far apart!!,neither,0.057045591182648354,0.34546018517748256,0.5974942236398691
@Danoba >(,neither,0.03945320844208391,0.33037608806864915,0.630170703489267
I'm guessing no table so we can include maximum voguing,neither,0.03897801849426771,0.36491378690052584,0.5961081946052065
"Table"" what table?",neither,0.04330568319656082,0.32758763724025025,0.629106679563189
ADDRESS THIS,neither,0.03932416101137122,0.3325663597548006,0.6281094792338283
"ooh, subtle nerd is my fav",neither,0.03585538140050563,0.3929543476681652,0.571190270931329
We don't have object permanence! we're LOST,neither,0.05565317169554885,0.3167400337374828,0.6276067945669683
hard to have a fashion show with a table in the way,neither,0.036594521420412106,0.46601823439073214,0.49738724418885577
Wait did the couch fully break,neither,0.03879085508592412,0.31833736507304095,0.6428717798410349
Maybe they had to make room for fashion show.,neither,0.0504571656970784,0.2511002265468905,0.698442607756031
Rainbows are close enough to vogue,neither,0.06838127435672166,0.28899164822776485,0.6426270774155135
Taliesin's wearing eyeliner. That makes up for no table :/,neither,0.02913244669706214,0.38987388769783216,0.5809936656051057
LOL thank you Amy,neither,0.04559186957984541,0.44451566364041595,0.5098924667797388
Tal's wearing eyeliner and that calms me,neither,0.02950561238961634,0.365524620426289,0.6049697671840948
Months now Taliesin it's been months ;),neither,0.038192150493409065,0.33469067113160766,0.6271171783749833
...phrasing Tal,neither,0.03945320844208391,0.33037608806864915,0.630170703489267
,neither,0.03945320844208391,0.33037608806864915,0.630170703489267
"Friends, the Table is currently in it's Secret Alter Ego, don't give away it's secret identity!",neither,0.04196540622331982,0.3105670131171785,0.6474675806595017
"@shidareAKI I'm kidding, we figured for today's show it would be easier without one.",neither,0.0413543715829301,0.2752565361895176,0.6833890922275522
the real table was the friends we make along the way,neither,0.03315583846597348,0.37786495203122766,0.5889792095027988
@GreyAngel right?,neither,0.03719022913728602,0.3744360956046963,0.5883736752580178
Is Taliesin wearing eyeliner or is that just exhaustion?,neither,0.047131545206538714,0.3890704407098163,0.5637980140836449
Bless you Amy,neither,0.05590460733199123,0.37674515837698963,0.5673502342910193
"Some things have changed but we're still here, folks. <3",neither,0.07206310916700877,0.3192760041836713,0.6086608866493199
"@Danoba Ah, that explains it",neither,0.034407015321806046,0.371694165202769,0.5938988194754251
It doesn't make up for it.. but hey.. I'm glad for what is there. So yay.,neither,0.03443620283937911,0.32669517693988215,0.6388686202207386
He is rocking that fashion look @cinphoria,neither,0.04926985458235113,0.3599076708235406,0.5908224745941082
@Danoba it's a fashion show after all!,neither,0.05611429550667886,0.32386734004979373,0.6200183644435274
@herladykrow probably both,neither,0.03787455200218327,0.35717000781876745,0.6049554401790493
@herladykrow it's eyeliner,neither,0.034373745257138544,0.33212314837979673,0.6335031063630647
OMG LADIES! Their Batman dress HAS POCKETS,neither,0.03967205804386402,0.32666163917449287,0.6336663027816432
Apparently we've learned that it's ok there's no table as long as Taliesin's wearing eyeliner :P,neither,0.022997839613620896,0.3629293591185216,0.6140728012678573
@shidareAKI Indeed.,neither,0.03945320844208391,0.33037608806864915,0.630170703489267
Table is gone but Tal's make-up game is on point,neither,0.04288437766190052,0.34673838896813197,0.6103772333699674
eyeliner AND exhaustion @herladykrow,neither,0.03763944115734239,0.1918412352459551,0.7705193235967025
loving everyone's look,neither,0.03501799214830903,0.4325501069204037,0.5324319009312872
Matt is wearing the HEIGHT of fashion though which is the Daisy Pin B),neither,0.047180940292070636,0.3105343698827206,0.6422846898252088
@cinphoria white powder? Some sort of SPICE?!,offensive_language,0.3611199002736339,0.48049115870343934,0.15838894102292692
and dang i am not prepped for comicon,neither,0.029390941358376686,0.2505006452774989,0.7201084133641245
"Oh God, how is NYCC next week????",neither,0.049092410008432084,0.30096665261930305,0.6499409373722648
I like the fathomless pit behind Matt's chair.,neither,0.04600720386751941,0.3292879874670137,0.6247048086654668
Where’s the giant table?,neither,0.040311993816487465,0.28549642752012877,0.6741915786633838
@herladykrow Por que no los dos?,neither,0.03893284745308243,0.33920797208596903,0.6218591804609485
maybe the table is shipping to MCM as a special guest... =D,neither,0.06978563147614164,0.3239459972011653,0.6062683713226932
I'm still mourning the table,neither,0.03797280360497995,0.32917991118649936,0.6328472852085206
oh hi @JodyHouser,neither,0.04645180976672622,0.26453612080258093,0.689012069430693
Tal teach me how to put on eyeliner without turning into a raccoon,neither,0.040891561744000215,0.2917232901602559,0.6673851480957438
Hello @JodyHouser,neither,0.03945320844208391,0.33037608806864915,0.630170703489267
@misssunflower94 what happened to the table,neither,0.05096616965999672,0.30740762393339505,0.6416262064066083
"@misssunflower94 ""Eyeliner and Exhaustion"" could easily be the name of my GenCon adventures.",neither,0.028636643766516815,0.3577264398227737,0.6136369164107094
Daily Wednesday?,neither,0.03945320844208391,0.33037608806864915,0.630170703489267
@JodyHouser Hi Jody!,neither,0.03945320844208391,0.33037608806864915,0.630170703489267
hi @JodyHouser,neither,0.03945320844208391,0.33037608806864915,0.630170703489267
Which direction is north on the map @shidareAKI ?,neither,0.04206522654297398,0.32669771994558616,0.6312370535114398
you gotta embrace the raccoon eyes,neither,0.05057891889100953,0.35022150383749473,0.5991995772714956
hey Jody!,neither,0.03945320844208391,0.33037608806864915,0.630170703489267
Daily wednesday?,neither,0.03945320844208391,0.33037608806864915,0.630170703489267
is Taliesin wearing eyeliner? looks good,neither,0.04805644835526296,0.327417039355757,0.6245265122889802
@JodyHouser Is that a MASSIVE surprise?,neither,0.042942897010248095,0.36551981162134817,0.5915372913684036
@Ebonitacocat we don't know and I am DISTRESSED,neither,0.038078745154230896,0.28418774476996395,0.6777335100758051
Okay already this episode is ADORABLE,neither,0.044815833796865726,0.34347199337477374,0.6117121728283604
Daily Wednesday? Please,neither,0.03945320844208391,0.33037608806864915,0.630170703489267
i love the look of gaff tape on the floor. makes me nostalgic,neither,0.03053022919367846,0.35385525311475113,0.6156145176915705
also what what what? where'd the table go,neither,0.05325287867238755,0.2920551820354046,0.6546919392922077
@strous1 there's a big N indicated in the up direction ;) <3,neither,0.023240723824639244,0.3778113114111287,0.5989479647642321
!questions,neither,0.03945320844208391,0.33037608806864915,0.630170703489267
"To make it easier to read questions in chat, please preface your questions with the word question in all caps. For example, QUESTION: How are you today?",neither,0.06209713493468228,0.3342013724685751,0.6037014925967426
!topics,neither,0.03945320844208391,0.33037608806864915,0.630170703489267
"To make it easier to read the five-minute topic suggestions in chat, please preface your suggestions with the word topic in all caps. For example, TOPIC: I think so and so would be great for this role.",neither,0.04149502028580888,0.331123278479518,0.6273817012346732
Daily Wednesday Today orr.... please? if no then okay but YA know...,offensive_language,0.021126105443673576,0.4906309503663128,0.4882429441900137
New couch too? What’s happening?!,neither,0.046745195950932135,0.2592032955852323,0.6940515084638357
@LilyRose28 Apparently he is,neither,0.06010293382983051,0.32327370060220345,0.616623365567966
"The set became fashionable.. I want those chairs, sofa, and tables",neither,0.05323150121012541,0.2492868685302448,0.6974816302596297
"@crthemighty too true, makes me miss theatre something wicked",neither,0.030890548223133772,0.35854525043009483,0.6105642013467715
DOH!,neither,0.03945320844208391,0.33037608806864915,0.630170703489267
QUESTION: Is Tony ever going to be attending Calgary Expo any time soon?,neither,0.048115993664689376,0.36008816957584805,0.5917958367594627
Big same re: comic digests,neither,0.03669349216042793,0.3891506732335144,0.5741558346060577
Such a delightfully specific memory,neither,0.0396572963653804,0.3269121833832709,0.6334305202513487
My guess is Table is not there for fashion show,neither,0.045456668138862205,0.2908235315926277,0.66371980026851
the counch is a few weeks old @Countxaero ; matt sat on the arm of the old one & it busted,neither,0.03935242604708004,0.3276325292789364,0.6330150446739836
Lol,neither,0.020706217963973744,0.4882283491876925,0.4910654328483337
Question for chat: Why did I just wave back at Matt?,neither,0.026957342964061177,0.3472705529646941,0.6257721040712446
My dad always did the grocery shopping. it was his job to bring home the bacon #DadJoke,neither,0.04490319826162915,0.38500857381159737,0.5700882279267734
oh wait I need to get my comics pride mug! I need to Wednesday Club mug it up!,neither,0.03956291315234161,0.36455512850645755,0.5958819583412007
@JustHere4Coffee OMG really?,neither,0.03945320844208391,0.33037608806864915,0.630170703489267
I'm so unsettled by this new set,neither,0.04542788139433193,0.33232510565610435,0.6222470129495637
@sunlitlake because you know they can see you?,neither,0.0902443550884496,0.4499997104892842,0.4597559344222662
@sunlitlake Because you're polite,neither,0.08451256863793342,0.3462090943907284,0.5692783369713382
@sunlitlake because his enthusiasm is infectious,neither,0.07901833807729838,0.3276326942681588,0.5933489676545429
I hope The Daily Wednesday happens...,neither,0.09319606611885048,0.2223960041713877,0.6844079297097617
@sunlitlake because how can you not wave back to that face?,neither,0.05423569359570321,0.39978389290620125,0.5459804134980956
@sunlitlake I did the same!,neither,0.0393272669326641,0.3171535647970965,0.6435191682702394
@JustHere4Coffee -- I'm not wearing a bra so I HOPE not.,neither,0.06661257266251724,0.27813473781735515,0.6552526895201276
"Honestly, I’m just an old white dude afraid of change.",offensive_language,0.3742380520484411,0.4719540395345645,0.15380790841699438
"@feathersflight I may be exaggerating how it happened, but the arm DID come off",neither,0.03589211004593888,0.3304106897027756,0.6336972002512856
I wave at them too @sunlitlake,neither,0.05367559087224593,0.35222039729015947,0.5941040118375945
@greyangel I kinda want to mop their floor too... I miss the table hiding all the scuffs,neither,0.03879606560875938,0.3463495855917073,0.6148543487995333
@sunlitlake because he's a sweetheart,neither,0.04536313236177638,0.32834339422954467,0.6262934734086789
!whodat,neither,0.03945320844208391,0.33037608806864915,0.630170703489267
I hope they can't see me...I didn't dust the room.,neither,0.04221886104849162,0.29099962064410134,0.6667815183074071
"Amy Dallen ( twitter.com/enthusiamy ), Taliesin Jaffe ( twitter.com/executivegoth ), and Matt Key ( twitter.com/TheMattKey ), with Tony Kim ( twitter.com/HeroWithinInc ).",neither,0.03522354565572771,0.4562806619902353,0.5084957923540371
@Asrathiel2912 mhmm,neither,0.03945320844208391,0.33037608806864915,0.630170703489267
@sunlitlake Same reason I salute the TV newsman when he ends the show?,neither,0.04418260296086638,0.2967987441732532,0.6590186528658805
You all make WONDERFUL points and I feel Validated <3,neither,0.05115319675954435,0.38165769417992,0.5671891090605355
"@JustHere4Coffee That's amazing. I've missed a couple eps, but I did not know I missed that! :D",neither,0.022027704633225727,0.37028799177746075,0.6076843035893136
batman'll still be my hero. just the determination,neither,0.027548627669187916,0.4085969912759712,0.5638543810548409
i talk back at the hosts too @sunlitlake,neither,0.01895366994185226,0.35124911171109124,0.6297972183470565
Gives the set character!,neither,0.03867148926234767,0.3161224336417485,0.6452060770959039
"Ugh, all those feels re navigating through foreign cultures.",neither,0.07740030067699201,0.30484413284880346,0.6177555664742046
back with wednesday club mug!,neither,0.031310118935579376,0.3579314639880532,0.6107584170763674
that's an interesting way to connect with superman,neither,0.03367837099764932,0.3766165857951207,0.58970504320723
Wednesday Club mug is full of apple cider,neither,0.05565090145931703,0.32480495868504977,0.6195441398556331
gandsTWC,neither,0.03945320844208391,0.33037608806864915,0.630170703489267
"Even if they could see us in all our PJed glory, they wouldn't judge. There's no judging in TWC.",neither,0.04402136007069885,0.3828351338742262,0.5731435060550749
I just got what’s goin on?,neither,0.03535669152897286,0.41674896136302614,0.547894347108001
@misssunflower94 and now I want scrumpy,neither,0.03860954930837851,0.25958147502848117,0.7018089756631403
who is this guy?,neither,0.051334426181118935,0.4293141145067291,0.5193514593121518
@misssunflower94 my brain will ALWAYS jump to the alcoholic version of that I'm sorry. Also valid though.,neither,0.033750824801365154,0.4021181215359855,0.5641310536626495
Tony Kim ( twitter.com/HeroWithinInc ).,neither,0.03886070506144923,0.42727847541136577,0.5338608195271851
!whodat,neither,0.03945320844208391,0.33037608806864915,0.630170703489267
"Amy Dallen ( twitter.com/enthusiamy ), Taliesin Jaffe ( twitter.com/executivegoth ), and Matt Key ( twitter.com/TheMattKey ), with Tony Kim ( twitter.com/HeroWithinInc ).",neither,0.03522354565572771,0.4562806619902353,0.5084957923540371
@feathersflight wednesdaisies means friendship,neither,0.03945320844208391,0.33037608806864915,0.630170703489267
is talks today?,neither,0.047486445096287376,0.3014834443516386,0.6510301105520739
"@misssunflower94 Oooooh, now I want hot apple cider with nutmeg and cinnamon.",neither,0.03192378111083132,0.32553194377943356,0.6425442751097351
@CryoStorage Yesterday,neither,0.03945320844208391,0.33037608806864915,0.630170703489267
!clock,neither,0.03945320844208391,0.33037608806864915,0.630170703489267
It is currently Wednesday 7:13 PM at the Geek & Sundry studio in California.,neither,0.05135630416703951,0.32962001661283213,0.6190236792201285
"@CryoStorage no, today is Wednesday. Welcome to the Wednesday Club",neither,0.045688683846907704,0.31398523845138226,0.6403260777017101
@CryoStorage you're a day late,neither,0.09629239166154388,0.32929967229552654,0.5744079360429296
@CryoStorage Yesterday.,neither,0.03945320844208391,0.33037608806864915,0.630170703489267
@misssunflower94 @feathersflight Wednesdaisies Never Say Die!,neither,0.25480806633701586,0.12358382567466225,0.621608107988322
miles is the best of the ultimate series,neither,0.04326355319504545,0.30147897038941895,0.6552574764155357
"I too love DC, even in their less than great decisions",neither,0.03555331081052315,0.3393209972511103,0.6251256919383665
@japenrose oh BrokeBack,neither,0.0450478101092574,0.2772031091301225,0.6777490807606199
@sunlitlake man I wish it were alcoholic lol,neither,0.03250853895058466,0.40888678715263926,0.5586046738967761
@Im_Sylien Heck Yeah Hot Cider and Cinnemon!,neither,0.027143296958498677,0.38247533679935314,0.5903813662421482
Hi Matt!,neither,0.03945320844208391,0.33037608806864915,0.630170703489267
Hi Matt,neither,0.03945320844208391,0.33037608806864915,0.630170703489267
Hi Matt,neither,0.03945320844208391,0.33037608806864915,0.630170703489267
"@sunlitlake we just say ""new origin story""",neither,0.038516052399902745,0.2773447781335337,0.6841391694665636
"*Waves back again, and feels Valid*",neither,0.03744235159606793,0.32324534470797106,0.6393123036959609
Hi Matt <3,neither,0.03945320844208391,0.33037608806864915,0.630170703489267
@sunlitlake Unless you are Uncle Ben!,neither,0.23958125965156749,0.19215037048892392,0.5682683698595086
!weather,neither,0.03945320844208391,0.33037608806864915,0.630170703489267
Weather for Los Angeles: Conditions are Clear with a temperature of 69F (21C). The wind is blowing from the S at 3mph (5km/h) and the current humidity is 76%. At the studio.,neither,0.04512651328625634,0.28775523784217566,0.667118248871568
do we have taliesin,neither,0.04064279234026856,0.34858220708792065,0.6107750005718108
hi matt!,neither,0.03945320844208391,0.33037608806864915,0.630170703489267
Hi Matt,neither,0.03945320844208391,0.33037608806864915,0.630170703489267
J Michael Krazinski?,neither,0.03945320844208391,0.33037608806864915,0.630170703489267
death of superman is a pretty good story,neither,0.04499457935556379,0.32847015650860134,0.6265352641358348
and I am being very generous with that comment,neither,0.026607920782166446,0.3739446828509762,0.5994473963668573
Ohhhh,neither,0.03945320844208391,0.33037608806864915,0.630170703489267
Matt can see through fourth walls,neither,0.03963413750214876,0.32730524973212854,0.6330606127657227
XD,neither,0.03945320844208391,0.33037608806864915,0.630170703489267
hi friends,neither,0.03945320844208391,0.33037608806864915,0.630170703489267
hey matt,neither,0.03945320844208391,0.33037608806864915,0.630170703489267
kingdom come is also great,neither,0.04297322390768394,0.3290971882638089,0.6279295878285072
Kingdom Come was my first ever DC trade,neither,0.027354417511313775,0.40493318889609287,0.5677123935925933
Hi @giljaxon,neither,0.03945320844208391,0.33037608806864915,0.630170703489267
@misssunflower94 He is Doctor Strange,neither,0.052499074566718394,0.3258890164823357,0.6216119089509459
"My first was Death of Superman, which is ironically a good place to start",neither,0.037124061188245495,0.3507912919195185,0.612084646892236
Oof one whole year dang time flies. Oh well now I get the cool sub badge I guess :),neither,0.0400254443762909,0.3300302485180512,0.629944307105658
"Hi, @giljaxon",neither,0.03945320844208391,0.33037608806864915,0.630170703489267
@misssunflower94 He has been granted the ability to see into alter dimensions a la Doctor Strange,neither,0.045520340703174705,0.31788515540211804,0.6365945038947072
"I used to have every single issue from the Death & Return, but I lost one somewhere :(",neither,0.04038450212702131,0.3368167525425534,0.6227987453304252
Hi @giljaxon !,neither,0.03945320844208391,0.33037608806864915,0.630170703489267
We have a subscriber-only Discord server! Join here: https://discord.gg/geekandsundry (you'll need to sub and link it to your Twitch) and be a part of the fun!...Warning: It can take up to an hour for the server to update and give you access to the channels,neither,0.08464076273808444,0.286394834032893,0.6289644032290227
"i mean, i would assume the sorcerer supreme can see through all dimensions, including the 4th wall :P",neither,0.03906706764321331,0.34231348870234285,0.618619443654444
"@sunlitlake I make it when I'm cold in the winter, over the stove, with fresh apple juice with ginger, and then I slice a peeled apple into it, and boil the thing with spices until the apple slices are seethrough. It's the beeeeest.",neither,0.029607102246567735,0.3197311512865226,0.6506617464669098
QUESTION: does super remember to call his mom? she just want to here from him from time to time,neither,0.07428154583728162,0.42045703663455497,0.5052614175281633
hii,neither,0.03945320844208391,0.33037608806864915,0.630170703489267
This week on Tal Feels Old: --,neither,0.03725765690903551,0.3417191327007779,0.6210232103901865
"says Amy, who doesn't like pizza",neither,0.04827219977029664,0.3939559954075085,0.5577718048221948
lol Taliesin... that is actually pretty good analogy,neither,0.03430323957377766,0.4236259611391034,0.5420707992871191
what is the pineapple on Batman Pizza?,neither,0.04647967286844017,0.3235238533376648,0.629996473793895
superman plays the role of the punching bag in the dark knight returns,neither,0.039522783276747186,0.28443565209454574,0.6760415646287071
The Pizza of superheros lol!?,neither,0.029353741318602203,0.376094029401122,0.5945522292802758
"@JodyHouser did some aspects of Kingdom Come go over your head, in retrospect?",neither,0.047728291758855554,0.3794463751967543,0.5728253330443901
and now I want pizza,neither,0.03882076384148281,0.28104633152019476,0.6801329046383224
@runningfool11 Azrael,neither,0.03945320844208391,0.33037608806864915,0.630170703489267
"Help G&S make great content! $4.99/month gets you emotes, Minecraft server access, sub-only VODs, and more! Every sub keeps the channel alive! twitch.tv/geekandsundry/subscribe",neither,0.043907990691603095,0.31135964332838284,0.644732365980014
court of owls leading to the dark knights metal was awesome,neither,0.04244659194553851,0.3204806186315811,0.6370727894228804
"Mmm, maybe some of the character specifics?",neither,0.032401692034355375,0.32836674684469447,0.6392315611209501
court of owls is still on my wishlist,neither,0.031167099325417717,0.44241509200964224,0.52641780866494
daymn,neither,0.03945320844208391,0.33037608806864915,0.630170703489267
Court of Owls forever changed how I see owls,neither,0.03945320844208391,0.33037608806864915,0.630170703489267
@spiritualsirene you won't be disappointed,neither,0.0579306599241752,0.3854953764884759,0.5565739635873489
Batwoman was one of the best things about New 52,neither,0.03899841052132171,0.2912190420688256,0.6697825474098528
Question: Who is this Jeff Lemire?,neither,0.047369217430601754,0.38753916370704716,0.565091618862351
Ramona Flowers is gonna play Huntress!,neither,0.04477126314511459,0.36451447311949653,0.5907142637353889
when digging threw the dirt some times you find a turd,neither,0.03838285463740654,0.3281270629625175,0.6334900824000759
batwoman's getting her own tv show. I'm hyped,offensive_language,0.057797623121197295,0.4777500360922929,0.46445234078650977
"""I hope they love digging through dirt"", that's Warner brothers DCCU",neither,0.05401233079681329,0.2947785368386833,0.6512091323645033
Court of Owls gave us Strix and I'm very glad that happened because I <3 Strix,neither,0.05853866633763592,0.32703879673710584,0.6144225369252583
please let Birds of Prey be good,neither,0.008785575730286035,0.122283291902675,0.868931132367039
Ramona Flowers is Huntress? Nice.,neither,0.045967683134648635,0.32813546149671396,0.6258968553686375
HUNTRESS,neither,0.03945320844208391,0.33037608806864915,0.630170703489267
@spiritualsirene - Biggest Mood,neither,0.03945320844208391,0.33037608806864915,0.630170703489267
"Oh man, this is what I get for not being on the internets for a few hours",neither,0.03639158053839287,0.32090786779246566,0.6427005516691414
The internet knows ALL,neither,0.04020270304633191,0.38812383812554774,0.5716734588281205
I want the Birds of Prey movie to be good. >.<,neither,0.01549229635251428,0.09052166733671849,0.8939860363107672
Please Daily Wednesday,neither,0.03945320844208391,0.33037608806864915,0.630170703489267
mary elizabeth winstead PogChamp,neither,0.03945320844208391,0.33037608806864915,0.630170703489267
It better be good,neither,0.03717794903512776,0.3369455086621321,0.6258765423027401
Agreed Taliesin!!! Look at Hiddleston,neither,0.04056855522918806,0.35675606823114153,0.6026753765396704
I'll take HALF good,neither,0.03873077479414508,0.33062456612780555,0.6306446590780495
@ImALadyDangIt i hope so too!,neither,0.10390327990885136,0.2296845167356738,0.6664122033554749
Christopher Reeve was pretty no-name,neither,0.03864775995024063,0.344046651028289,0.6173055890214704
noice,neither,0.03945320844208391,0.33037608806864915,0.630170703489267
Just be better than the WB Birds of Prey show. It's a really low bar...,neither,0.01856146524082856,0.12255802928531452,0.8588805054738569
Yes sir Key sir,neither,0.03945320844208391,0.33037608806864915,0.630170703489267
word-books,neither,0.03945320844208391,0.33037608806864915,0.630170703489267
Read it was awesome,neither,0.037868989281621745,0.33299672487553145,0.6291342858428468
I just finished that book!,neither,0.03190133528376088,0.3888856472278612,0.5792130174883781
word book lol,neither,0.031279299317673585,0.3899747778490197,0.5787459228333066
"""Text Novel""",neither,0.031069136806271866,0.472675664411764,0.4962551987819642
:D,neither,0.03945320844208391,0.33037608806864915,0.630170703489267
"Goddammit, Taliesin",neither,0.03945320844208391,0.33037608806864915,0.630170703489267
Hehhehehehhehehehheheh,neither,0.03945320844208391,0.33037608806864915,0.630170703489267
Adding to my list,neither,0.034065511710529385,0.40572730960761794,0.5602071786818527
Words? in BOOKS?? What NEXT?,neither,0.043692353089206035,0.3383396933059883,0.6179679536048057
Word book,neither,0.03945320844208391,0.33037608806864915,0.630170703489267
It's the written version of an audiobook,neither,0.03771893599638805,0.3119752466264134,0.6503058173771985
i liked the show it wasn't good but i still lked it,neither,0.043368214010204194,0.27913164655017114,0.6775001394396246
It’s called kindle Taliesin,neither,0.03687705213569826,0.3312621463536148,0.6318608015106869
the pictures are DLC,neither,0.06234506308677387,0.27378752279941926,0.6638674141138068
