text,top_class,hate_speech,offensive_language,neither
DansGame,neither,0.03945320844208391,0.33037608806864915,0.630170703489267
omg panic,neither,0.03945320844208391,0.33037608806864915,0.630170703489267
woo,neither,0.03945320844208391,0.33037608806864915,0.630170703489267
ahhhhh that was scary!!!,neither,0.035943405037323864,0.36913734729586006,0.594919247666816
someone leaned against a light switch!,neither,0.04072105189450857,0.3088574758732575,0.6504214722322339
AngelThump,neither,0.03945320844208391,0.33037608806864915,0.630170703489267
agghh whew...,neither,0.03945320844208391,0.33037608806864915,0.630170703489267
ITS SAVED YAY!!!!!!,neither,0.03388253030379471,0.3322920997272093,0.633825369968996
,neither,0.03945320844208391,0.33037608806864915,0.630170703489267
Refresh its all good,neither,0.034681073768971754,0.4022684958761486,0.5630504303548796
we good fam,neither,0.038458746431210625,0.3339408289917833,0.6276004245770062
SAVED,neither,0.03945320844208391,0.33037608806864915,0.630170703489267
We good its fine,neither,0.0319910613422738,0.3358633450185461,0.6321455936391802
,neither,0.03945320844208391,0.33037608806864915,0.630170703489267
REFRESH,neither,0.03945320844208391,0.33037608806864915,0.630170703489267
lol @ all the peeps freaking out XD,neither,0.030481666451036067,0.43233705469575817,0.5371812788532059
REFRESH,neither,0.03945320844208391,0.33037608806864915,0.630170703489267
"Wow, the explosion was real",neither,0.03260989640302462,0.42009590984612033,0.5472941937508551
lol the panic was real,neither,0.025862534189431866,0.47892607763341016,0.49521138817715793
We lost critical role!,neither,0.03932524893861091,0.33254789479027913,0.6281268562711101
we back effBless,neither,0.039166053543719236,0.33524985610846453,0.6255840903478163
refresh,neither,0.03945320844208391,0.33037608806864915,0.630170703489267
https://clips.twitch.tv/CrepuscularZanyHamFUNgineer,neither,0.03945320844208391,0.33037608806864915,0.630170703489267
gandsOne gandsTwenty gandsOne gandsTwenty,neither,0.03945320844208391,0.33037608806864915,0.630170703489267
panicBasket panicBasket panicBasket BabyRage,neither,0.03945320844208391,0.33037608806864915,0.630170703489267
F5,neither,0.03945320844208391,0.33037608806864915,0.630170703489267
The chat just blew up.,neither,0.03229795254735699,0.38125060359637064,0.5864514438562722
😩,neither,0.03945320844208391,0.33037608806864915,0.630170703489267
refresh!,neither,0.03945320844208391,0.33037608806864915,0.630170703489267
Why do people always freak out after half a second? LUL,neither,0.04336860068403007,0.38265261882710505,0.5739787804888649
https://clips.twitch.tv/SullenRefinedShallotJonCarnage,neither,0.03945320844208391,0.33037608806864915,0.630170703489267
Elbow Guy to the rescue!!!,neither,0.04368347432431082,0.3203884664176902,0.635928059257999
REFRESH,neither,0.03945320844208391,0.33037608806864915,0.630170703489267
That's a lot of panic subs,neither,0.036437397767242065,0.3630471820957526,0.6005154201370054
oh hello,neither,0.04616347283623516,0.2671141167429414,0.6867224104208235
DAMN IT - warn me before putting me back into reality,offensive_language,0.03160581804682203,0.6789904967341163,0.2894036852190616
Aaaaand... there goes chat. Ker-boom.,neither,0.03939491894739644,0.3012639017282807,0.6593411793243228
Crit role channel just went down,neither,0.03588505604702541,0.34705760293760385,0.6170573410153708
refresh,neither,0.03945320844208391,0.33037608806864915,0.630170703489267
be pleased,neither,0.04002562477733436,0.33516942876397554,0.6248049464586901
spam,neither,0.03945320844208391,0.33037608806864915,0.630170703489267
#itsokay #weknow,neither,0.03945320844208391,0.33037608806864915,0.630170703489267
LOL How do you make chat loose it's shit in less than a second.,offensive_language,0.05167285221075032,0.929682713453743,0.018644434335506704
,neither,0.03945320844208391,0.33037608806864915,0.630170703489267
I could use a jester pep talk right now,neither,0.010837256918488624,0.42049909222231885,0.5686636508591925
youtube stream crashed,neither,0.03945320844208391,0.33037608806864915,0.630170703489267
gandsSpoopy,neither,0.03945320844208391,0.33037608806864915,0.630170703489267
I’m glad I wasn’t the only one who yelled “NOOOOOO”,neither,0.038437333987487915,0.39207436617634367,0.5694882998361684
aahh,neither,0.03945320844208391,0.33037608806864915,0.630170703489267
Lol I love how chat panics whenever the stream goes down,neither,0.032392467490541435,0.36215217052936327,0.6054553619800952
lmfao everyone spazzed out,neither,0.03616622106616631,0.4265655927845753,0.5372681861492584
Panic is what I do best.,neither,0.053934110369880224,0.3162634179721831,0.6298024716579367
panic!at the dnd stream,neither,0.038281088624684115,0.3355065364981909,0.626212374877125
"Beau you just helped torture and ridicule a bunch of people while laughing and getting enjoyment out of their pain, misery, and embarassment. You are the last person who should be trying to have a morality conversation",neither,0.07826631312018047,0.42016581900348715,0.5015678678763325
"They DID run from the Po-Po, so there is that",neither,0.04146425025444292,0.3330746492895071,0.6254611004560501
WOAH,neither,0.03945320844208391,0.33037608806864915,0.630170703489267
"caleb staring into the distance over the sea saying ""people have to adapt"" is.......worrying",neither,0.05287650317308935,0.3167336961278405,0.6303898006990702
did we just crash?,neither,0.034597931231102115,0.35535226461390523,0.6100498041549928
"No, youtube stream is down!",neither,0.045712334390870704,0.3401072531655111,0.6141804124436181
,neither,0.03945320844208391,0.33037608806864915,0.630170703489267
Stream crash,neither,0.03945320844208391,0.33037608806864915,0.630170703489267
!clap,neither,0.03945320844208391,0.33037608806864915,0.630170703489267
Subscribe to power the engines,neither,0.04817370893767203,0.30202742845184183,0.6497988626104861
The Critical Role Twitch channel is down,neither,0.043834321672826033,0.31850940200718275,0.6376562763199913
"""you cant have a city built on slavery""",neither,0.04869267609990046,0.384297269588608,0.5670100543114914
"they dont know he was a slave, could have been a prisoner",neither,0.04280335506471204,0.3416060130129804,0.6155906319223075
Are Geek and Sundry subs still able to participate on the giveaway?,neither,0.05672675642735548,0.2804789397579694,0.6627943038146752
"I don't understand Beau's reasoning here. How can you act like you feel guilt, when you were literally were just tormenting that Marius guy for no reason. Like shit, pick a morality and stick to it for fucks sake",offensive_language,0.08699033553201384,0.8205889282954533,0.0924207361725329
gandsSpoopy gandsFacepalm gandsSpoopy gandsFacepalm,neither,0.03945320844208391,0.33037608806864915,0.630170703489267
"dang, didn't KiKi have soliloquies like this?",neither,0.029984293977733993,0.4308214633015059,0.5391942427207601
"It's Black Widow's ""red in my ledger"" speech",neither,0.04222179455105907,0.38187511412010317,0.5759030913288379
"when did Beau torture a ""bunch of people""?",neither,0.05337689903455962,0.47276470230404893,0.47385839866139134
CRIME SPIKE DO TO POWER OUT,neither,0.04194400160908688,0.33949262071202435,0.6185633776788888
Intentional accent slip?,neither,0.03945320844208391,0.33037608806864915,0.630170703489267
hey y'all what i miss what is happening with the ship,neither,0.038933603139882735,0.38022743600761005,0.5808389608525072
@13mosier seeeriously,neither,0.03945320844208391,0.33037608806864915,0.630170703489267
youtube stream down?,neither,0.03945320844208391,0.33037608806864915,0.630170703489267
@ThePurbleKing she did that alot with Keyleth I feel like too lol,offensive_language,0.029613762015604582,0.5264565469883525,0.44392969099604296
@thepurbleking true,neither,0.03945320844208391,0.33037608806864915,0.630170703489267
@talon_plays_jrpgs giveaways are for everyone and you have to enter when told over at twitch.tv/criticalrole,neither,0.04736916225874026,0.3904731593000576,0.5621576784412021
critroleStay critroleTurnt,neither,0.03945320844208391,0.33037608806864915,0.630170703489267
"The thing is, equating this all to self defense, its like saying your deserve to take the car of a drug dealer you killed in self defense.",neither,0.06903322608754861,0.3594829395290103,0.5714838343834412
then you stole the ship LUL,neither,0.050026520595913934,0.3495921649552814,0.6003813144488047
!respect,neither,0.03945320844208391,0.33037608806864915,0.630170703489267
"If you would like to share opinions on our hosts, guests or fellow viewers, please do so in a respectful manner. Don't make them feel uncomfortable.",neither,0.04843323757214918,0.39559142321184637,0.5559753392160044
NOT SATISFIED,neither,0.03789655510000906,0.3362379961704898,0.6258654487295013
"""Cant have a society built on slavery"" America: ""hold my beer""",neither,0.10088328669758768,0.33232299815621175,0.5667937151462004
"@13mosier She likes messing with fancy boys. She fell back on old habits, like she just mentioned now",offensive_language,0.03768892959348176,0.5453068034204605,0.41700426698605786
trav is a mood tho,neither,0.04248677389122569,0.3354794926018012,0.6220337335069731
not as good,neither,0.033596383007617865,0.39020144878294666,0.5762021682094356
THEY WERE BAD PEOPLE,neither,0.0738738725997722,0.30118707558203844,0.6249390518181893
YouTube down,neither,0.03945320844208391,0.33037608806864915,0.630170703489267
lol same travis,neither,0.03268932291635854,0.3940158812064378,0.5732947958772038
agree with caleb,neither,0.029386052161263214,0.36520880337971173,0.605405144459025
gandsGandsVaxSigil gandsGandsVaxSigil gandsGandsVaxSigil,neither,0.03945320844208391,0.33037608806864915,0.630170703489267
do i missed the last bit cause youtube died apparently.,neither,0.038638560025056216,0.3390450438071747,0.622316396167769
#walkaway,neither,0.03945320844208391,0.33037608806864915,0.630170703489267
I love BEAU,neither,0.03217296676969875,0.3657703709031763,0.602056662327125
"""It was there fault, case closed""",neither,0.03820095480620554,0.2993192262114931,0.6624798189823013
only shit mods so fast with the deletions PogChamp,offensive_language,0.03262437715188638,0.9665328114716916,0.0008428113764220772
channeling that vax,neither,0.026110925149043836,0.4791292047641166,0.4947598700868395
They DID attack them....,neither,0.05514605201574573,0.32169372447721406,0.6231602235070403
@13mosier wow characters can be shits and want to be better. wild,neither,0.0439465498803031,0.3015366990895066,0.6545167510301902
"Beau's a hypocrite and Marisha knows this. Beau might know it too. She's calmed down and had a chance to think now, not running on the adrenaline of stealing a boat.",neither,0.03918987001709753,0.32692601189771714,0.6338841180851853
and i walk away,neither,0.04009090793871188,0.2518616879878058,0.7080474040734823
they started it stops being a legit excuse after 5 years old,neither,0.03579314984423725,0.34694688842623306,0.6172599617295297
gandsGandsVaxSigil,neither,0.03945320844208391,0.33037608806864915,0.630170703489267
@ThePurbleKing you dont know how she's feeling,offensive_language,0.06018873916191943,0.4856568685446138,0.45415439229346666
gandsGandsVaxSigil gandsGandsVaxSigil gandsGandsVaxSigil,neither,0.03945320844208391,0.33037608806864915,0.630170703489267
@cvpushkar She has been shown to enjoying necessary violence against people that are restrained and unarmed.,neither,0.07199418911852798,0.3302309571377716,0.5977748537437003
#AndIWalkAway,neither,0.03945320844208391,0.33037608806864915,0.630170703489267
"""high""",neither,0.033145104355715105,0.48079866637856256,0.4860562292657223
"of course they attacked you, you were somewhere you werent supposed to be",neither,0.08007072544473845,0.4040338326607358,0.5158954418945256
The levels of sodium in this chat are making my meal taste wonderful Kappa,neither,0.04360345496869418,0.3365370623088596,0.6198594827224462
that character development with both Beau and Cad!!!,neither,0.028238624999408164,0.358917381940692,0.6128439930598999
twitch stream down?,neither,0.03945320844208391,0.33037608806864915,0.630170703489267
gandsLHMercer,neither,0.03945320844208391,0.33037608806864915,0.630170703489267
"Everyone is just waiting for one conversation to end so they can start another, lol",neither,0.05518006309708652,0.40988606840820324,0.5349338684947101
LUL,neither,0.03945320844208391,0.33037608806864915,0.630170703489267
what i miss the youtbue stream went down,neither,0.03706952910282886,0.3159493985388703,0.6469810723583008
I think Caleb might legit be evil. And he's so damn convincing too.,offensive_language,0.046089687495842094,0.5944171535502953,0.35949315895386275
oh hey keyleth how are you?,neither,0.12289273905157745,0.26346357133751586,0.6136436896109067
....yasha?,neither,0.03945320844208391,0.33037608806864915,0.630170703489267
How much have I missed?,neither,0.03477491724828147,0.34151236998066653,0.6237127127710519
youtube is still down ):,neither,0.047702945067953376,0.34381220681790403,0.6084848481141425
Why are they so distraught over killing people?,neither,0.07577483186595727,0.34393088470186073,0.580294283432182
giveaway?,neither,0.03945320844208391,0.33037608806864915,0.630170703489267
morality? Now?,neither,0.03945320844208391,0.33037608806864915,0.630170703489267
Beau is the actual first mate,neither,0.038654190174633125,0.31623066076719913,0.6451151490581678
"well, maybe they are just ""borrowing' the boat for a bit, they'll return it to the next of kin Kappa",neither,0.04618540937160262,0.29383183182403766,0.6599827588043597
"""They attacked us."" is a very realistic way a lot of people deal with shit",offensive_language,0.10268418591534498,0.8732808890159601,0.02403492506869488
THEEEEEEEEEEEEY feel like the baddies.,neither,0.05838265317163728,0.3269013842585064,0.6147159625698563
i love true neutral characters,neither,0.03727480541289504,0.3404501198803038,0.6222750747068012
"to me its more they didnt have to they didnt have to fight, they didnt have to run and blow up the docl but they dod",neither,0.04069762139845928,0.34591654577514996,0.6133858328263908
self defense when attacked for trespassing on government property lmao,neither,0.02877321785506556,0.35771831092128,0.6135084712236544
Yei! Access to the chat,neither,0.044650573755681745,0.312421772623608,0.6429276536207102
stream down?,neither,0.03945320844208391,0.33037608806864915,0.630170703489267
Holy shit sams flask haha,offensive_language,0.04497555686763714,0.9494705293597087,0.005553913772654193
sam's mug?,neither,0.03945320844208391,0.33037608806864915,0.630170703489267
Matt's face.,neither,0.03945320844208391,0.33037608806864915,0.630170703489267
What is sams flask?,neither,0.05556313111362946,0.3226410524653571,0.6217958164210133
smh,neither,0.07477682771337969,0.3182266756154054,0.6069964966712149
"@jhoffman965 Refresh, streams up but there was a short disconnect that may have messed up existing connections",neither,0.03394884290605123,0.37720451098730795,0.5888466461066408
they're very good at killing. not so much talking.,neither,0.04640303465632706,0.3654038252209325,0.5881931401227404
cmon guys move it along,neither,0.03826452465192522,0.332271769745742,0.6294637056023328
aggg Mitchell and Webb,neither,0.03877406619239607,0.29652817042778334,0.6646977633798206
matts face,neither,0.03945320844208391,0.33037608806864915,0.630170703489267
just leave and return to the twitch stream and it will come back up.,neither,0.03669995571151255,0.3161584152518772,0.6471416290366102
YT stream is wrecked btw,neither,0.04459586882718792,0.32860729134242134,0.6267968398303908
is everyone ok? they don't seem ok,neither,0.04024894039484912,0.4022486586269058,0.5575024009782452
Marisha can't NOT be the moral compass. She's too good :'),neither,0.038427613836945415,0.39756650889318906,0.5640058772698654
Beau is trying to help everyone feel better with the doubt going on,neither,0.033479888167197706,0.42874357430759924,0.537776537525203
Bidet from Texas!!!,neither,0.040937266849991,0.30518774380265185,0.6538749893473571
They need a tactician and then some.,neither,0.028548621323396504,0.29563119395578363,0.6758201847208198
I think the M9 is just bad at talking to folks? LUL,neither,0.042903428387668335,0.3403741073704419,0.6167224642418898
i just realized sam's mug hahah,neither,0.03643743936058177,0.3444000104361365,0.6191625502032817
Matt’s little nod 😂😂,neither,0.03909852663999307,0.33639596389587306,0.6245055094641339
"We just want to ""Talk"" to them",neither,0.039341792450134895,0.343174093887919,0.6174841136619461
how long in?,neither,0.039115483168108846,0.32754802010501105,0.6333364967268801
It's not self defense when you're in the middle of a B&E with the intent to commit assault at worst or terroristic threatening at best. LOL,neither,0.03894687129425243,0.3942209650715119,0.5668321636342357
!samsflask,neither,0.03945320844208391,0.33037608806864915,0.630170703489267
"Tonight (September 27) Sam's flask says ""Awe we the baddies?"" with a picture of probably a Nazi from a movie or something",neither,0.03403198646703013,0.3154509633293538,0.650517050203616
"Matt's face: Yup, those are things that you did. gandsFacepalm",neither,0.09422917196551735,0.30424143595648506,0.6015293920779976
!samsflask,neither,0.03945320844208391,0.33037608806864915,0.630170703489267
You tube pooped out,neither,0.04829722585975042,0.38312326428559496,0.5685795098546547
@Kinjo_Zero hour and 15,neither,0.03861596865990389,0.28772539060638325,0.6736586407337128
"They all know what they did, they all have to come to terms with it. And figure out how to move forward from here.",neither,0.06213407172574376,0.3815106023151429,0.5563553259591134
is the stream down?,neither,0.04719785357557988,0.3104961173600291,0.6423060290643912
"I like that Beau is not the moral compass, but knows enough not to be an ass",offensive_language,0.12024925671912431,0.8431435642167774,0.036607179064098314
Youtube stream is dead,neither,0.04654232061496781,0.32793781731688426,0.6255198620681479
,neither,0.03945320844208391,0.33037608806864915,0.630170703489267
We have a subscriber-only Discord server! Join here: https://discord.gg/geekandsundry (you'll need to sub and link it to your Twitch) and be a part of the fun!...Warning: It can take up to an hour for the server to update and give you access to the channels,neither,0.08464076273808444,0.286394834032893,0.6289644032290227
!samsflask,neither,0.03945320844208391,0.33037608806864915,0.630170703489267
I tune in weekly for sams flask,neither,0.034521090577887506,0.30573484832071224,0.6597440611014003
ahhh!! what happened after clay said he wanted too cook? up to this point,neither,0.04734228130667745,0.3554428677373342,0.5972148509559885
"Sam's flask = ""Are we the baddies"" with screenshot from Mitchell & Webb show's Nazi sketch",neither,0.05056353849714063,0.2792647641773578,0.6701716973255015
!samsflask,neither,0.03945320844208391,0.33037608806864915,0.630170703489267
"Tonight (September 27) Sam's flask says ""Awe we the baddies?"" with a picture of probably a Nazi from a movie or something",neither,0.03403198646703013,0.3154509633293538,0.650517050203616
Coming to terms with being a Murder Hobo?,neither,0.03272933209272016,0.37107454057193306,0.5961961273353467
was worried it was on my end,neither,0.026812457771159592,0.4187536845225426,0.5544338577062979
"NOW? NOW? U THE BADIES, THAT CITY IS SCREWED!",neither,0.04170070407562161,0.3475863894858754,0.6107129064385031
I hope Keylyth isn't coming back. I like the morally nuetral Marisha.,neither,0.07811109861942336,0.24056989347015606,0.6813190079104205
ok this is interesting,neither,0.04808383365433968,0.3299350429867307,0.6219811233589296
https://clips.twitch.tv/BreakableBrightMagpieSpicyBoy,neither,0.03945320844208391,0.33037608806864915,0.630170703489267
"""They attacked because they were somewhere they weren't supposed to be."" is real... current? It squicks me out.",neither,0.03639467279031984,0.40295188122355174,0.5606534459861284
Beau has a lot of self doubt and conflict :(,neither,0.03908513145383141,0.28991012869167143,0.6710047398544972
c,neither,0.03945320844208391,0.33037608806864915,0.630170703489267
I love Travis.,neither,0.03633489270100109,0.3449275588628445,0.6187375484361545
Travis speaks the truth!,neither,0.03875547019759093,0.31768239507625573,0.6435621347261534
A short...CUT?,neither,0.03945320844208391,0.33037608806864915,0.630170703489267
"I was hoping this would happen, all trapped on a boat together the real shit is coming out",offensive_language,0.04579559707509014,0.9136176178898363,0.040586785035073604
Hans? Are we the baddies?,neither,0.0650976398291643,0.27050569870075314,0.6643966614700826
Fucking... perfect...,offensive_language,0.1157760215183282,0.8841880462074871,3.5932274184583553e-05
so boe is feeling bad to kill some giys and she was the one that started everything in the docks wtf xDl lol,offensive_language,0.17893518424658916,0.527021088253436,0.29404372749997487
"lol, love sam's flask",neither,0.03084355975745652,0.3878829622307212,0.5812734780118223
I still don't understand why they're all upset after killing bad people. They've done it before.,neither,0.03379550082404024,0.3964513627233089,0.5697531364526509
fg,neither,0.03945320844208391,0.33037608806864915,0.630170703489267
ludicrous. magic is ALWAYS the best answer to a problem,neither,0.04819766737985757,0.3481717083811301,0.6036306242390124
Beau is a bit of a bully (w marius) but that doesn't mean she likes killing people. Not hypocritical at all imo,offensive_language,0.057291565451860996,0.476809154125584,0.465899280422555
"Travis Willingham. wizard, confirmed.",neither,0.03945320844208391,0.33037608806864915,0.630170703489267
~clears throat in Uncle Ben voice...~,neither,0.205421280799598,0.20498644437604205,0.5895922748243598
!uptime,neither,0.03945320844208391,0.33037608806864915,0.630170703489267
Did anybody see that flask? Jk 😂 PogChamp,neither,0.03669059934038178,0.3602679152357201,0.603041485423898
Just fyi murder hobos don't question being murder hobos,neither,0.03431146704280736,0.35755301172804865,0.6081355212291439
"""I almost feel like there's a bunch of people on the internet loudly judging out actions.""",neither,0.05604003497559331,0.3860634667370102,0.5578964982873964
!samsflask,neither,0.03945320844208391,0.33037608806864915,0.630170703489267
"Tonight (September 27) Sam's flask says ""Are we the baddies?"" with a picture of probably a Nazi from a movie or something",neither,0.04267264605587998,0.2958217483416712,0.6615056056024489
"Help G&S make great content! $4.99/month gets you emotes, Minecraft server access, sub-only VODs, and more! Every sub keeps the channel alive! twitch.tv/geekandsundry/subscribe",neither,0.043907990691603095,0.31135964332838284,0.644732365980014
"Beau always acts so hard, but is the first one to think everything crosses the line",offensive_language,0.03319272187521141,0.5183813609597062,0.44842591716508234
@freeridercam hour and 15,neither,0.03861596865990389,0.28772539060638325,0.6736586407337128
I hope Beau apologizes to Marius. That'd be a nice gesture on her part after realizing this got out of hand (and that she probably enjoyed it),neither,0.04246882674794761,0.4760731395373439,0.4814580337147085
"They weren't BAD people they killed, just criminals. And even if they were bad, y'know, they weren't slavers or anything.",neither,0.0356974787684692,0.34231178329058054,0.6219907379409504
"""With much power come much responsibility""",neither,0.02683978297316869,0.37521784779340916,0.597942369233422
Is this a Teachable Moment?!?,neither,0.05105253251817329,0.32851132545576917,0.6204361420260575
,neither,0.03945320844208391,0.33037608806864915,0.630170703489267
Caleb is the bbeg,neither,0.04821859290557782,0.30822268935231695,0.6435587177421052
Fix youtube stream so i can watch my TV :(,neither,0.035133221722567456,0.4113311450573233,0.5535356332201092
I mean to be fair Caleb was brain washed as a kid to accept that the ends justify the means. So it's not terribly weird for him NOT to feel weird about this,neither,0.039097234124033355,0.36168359331638095,0.5992191725595857
LUL,neither,0.03945320844208391,0.33037608806864915,0.630170703489267
"if the pirates attacked them, technically they didn't have to run from the guards yeah?",neither,0.02396820420475788,0.40559360114863874,0.5704381946466034
dont ignore yasha BibleThump,neither,0.03832951059100388,0.3494481732191798,0.6122223161898163
"Oooooo, this will cause some interesting character conflict between the Nein~ Very interesting!",neither,0.03484709163676004,0.3331305198058723,0.6320223885573677
@tetrahydridodinitrogen calling someone a murder hobo for killing their attacker is a bit hyperbolic,neither,0.04020624429663598,0.31052714085342425,0.6492666148499396
the mighty nein might not end up just playing an evil crew,neither,0.03430185793633622,0.3622155602966485,0.6034825817670154
heart chat!! gandsLessthanthree,neither,0.03945320844208391,0.33037608806864915,0.630170703489267
eat da poopoo,offensive_language,0.10593399407729241,0.5288862472134274,0.3651797587092802
Tonight on a very special episode of Critical Role.,neither,0.05420936649327357,0.3129963249149934,0.632794308591733
Actual Monk moment,neither,0.03945320844208391,0.33037608806864915,0.630170703489267
With an amount of power comes an amount of responsibility,neither,0.034429448221423624,0.34273085807174414,0.6228396937068322
"@NeuralProdigy I think it's more of the back to back nature of it, and having multiple members on the brink of death in situations they could have avoided with a bit more effort",neither,0.03573987968620015,0.3142167978204223,0.6500433224933777
"""That was actually very profound""",neither,0.036246798612587845,0.36573850542883607,0.5980146959585761
where's Laura?,neither,0.04379278224195774,0.2567221952996476,0.6994850224583946
:),neither,0.03945320844208391,0.33037608806864915,0.630170703489267
"first ppl complain that they were ""murder hobos"", now ppl are complaining that they are questioning their actions. They can grow and change, and have guilt and learn from that!! let them grow",neither,0.04665285054115118,0.29610975914133186,0.657237390317517
damn beau with that deep insight,offensive_language,0.03187695379664333,0.7711921049731785,0.19693094123017807
@truekillermilk ZULUL,neither,0.03945320844208391,0.33037608806864915,0.630170703489267
So... Caleb's still evil. That's depressing,neither,0.03605292361842626,0.4015241793567727,0.5624228970248011
what time is the break usually?,neither,0.05103038190418875,0.3268443186761479,0.6221252994196635
Talisan had a great moment and Laura capped it off... Now Marisha wants some of the spotlight.,neither,0.03171134263132015,0.2906692513012032,0.6776194060674767
what happened to the youtube show??,neither,0.06735156982663124,0.24045367704150858,0.6921947531318602
@NoahMcBadass The guy in the sluice wasn't a criminal or bad he just got too clingy to an escort and then got beaten nearly to death in his own work place - which is a restricted area LUL,neither,0.06319878361268513,0.3208728916317661,0.6159283247555488
@NoahMcBadass They were pretty bad. Someone saw them on the docks and were given orders to kill them and were okay with following those orders,neither,0.13413205706216633,0.21650262498123984,0.6493653179565938
she just punched a guy to wake him up...,neither,0.03924545456943705,0.4601145844146128,0.5006399610159502
The road to enlightenment.,neither,0.04776302273841791,0.3031770075593217,0.6490599697022604
seriously you don't usually talk down people after combat started,neither,0.0539650799831685,0.3698892796486126,0.576145640368219
rooCry rooCry rooCry rooCry,neither,0.03945320844208391,0.33037608806864915,0.630170703489267
So it crapped out right? Missed everything after Cad went to cook,neither,0.03899006007948704,0.38345863004637243,0.5775513098741406
what did i miss?,neither,0.03686804772469507,0.32860615125000875,0.6345258010252961
"So, can anyone talk about how Beau punches people to wake them up, but now feels bad that she beats the shit out of people to get things done??",offensive_language,0.07118214338651173,0.8772419629383117,0.05157589367517654
"The scene on Sam's flask is from the British sketch comedy show ""That Mitchell and Webb Look"". It's the highest ratio of hit-to-miss in a sketch comedy I've ever seen.",neither,0.03463180667509067,0.2878147606228777,0.6775534327020317
"""That was actually very profound""",neither,0.036246798612587845,0.36573850542883607,0.5980146959585761
@stackty luv u 2 bby,neither,0.03945320844208391,0.33037608806864915,0.630170703489267
Did the Youtube stream just go down?,neither,0.03612410323475733,0.33693399059099566,0.626941906174247
Are we going to get the YouTube stream fixed?,neither,0.059499210269703826,0.311974895632225,0.6285258940980712
isn't beau already in a mutual check situation with caleb?,neither,0.03214118151163713,0.363579013409637,0.6042798050787259
check for what??,neither,0.038245352194218214,0.2873865178776439,0.6743681299281379
"Been listening to podcast for a few weeks, super glad to catch a stream",neither,0.04295726012457469,0.31215957238049824,0.644883167494927
fjord did you know that i would die for you,neither,0.26050265707099224,0.19215695964869348,0.5473403832803144
They are way to hard on themselves. Those pirates at the docks weren’t just going to stop and have a nice chat. Their first immediate response to seeing the team was to start trying to kill them.,neither,0.1620994636478012,0.3546897408130109,0.483210795539188
talk to yasha...,neither,0.01810279112686812,0.3341956262888293,0.6477015825843027
@Rathnier512 yeah you should watch the last Talks Machina.,offensive_language,0.049423435525442816,0.4890822333794361,0.4614943310951209
caleb burned his parents and like so many other people alive hes probably just happy they only killed like 6 people,neither,0.09268535121328039,0.3579764232241347,0.549338225562585
okay for real,neither,0.02434842993654619,0.43679338279182217,0.5388581872716317
@beardedflannelman is that what you really think is happening?,neither,0.07418216769006072,0.38519672702259494,0.5406211052873444
@miniveemon The CR team is working on it,neither,0.04142182462846155,0.3263773506941478,0.6322008246773907
such a touching moment,neither,0.03967961261324299,0.32653341841627664,0.6337869689704803
"wait, is Dueces leaving?",neither,0.04903823547313815,0.32707935774547986,0.6238824067813821
Wait.. is Caduseus leaving?,neither,0.04903823547313815,0.32707935774547986,0.6238824067813821
@deeds1232 i think people are reacting. theres 30k people watching.,neither,0.10134994254916398,0.29204228675272004,0.606607770698116
beau checks in with evryone in her own way,offensive_language,0.03893201167567785,0.5276964472899267,0.4333715410343954
youtube stream still down?,neither,0.03868929863147762,0.343341631200378,0.6179690701681445
"@juicedmark that makes a lot of sense, might just have been a lot in a small amount of time",neither,0.03435128582514351,0.3784020774846291,0.5872466366902273
yolo,neither,0.03945320844208391,0.33037608806864915,0.630170703489267
lol right @Rathnier512,neither,0.025203731261364645,0.46175640657793826,0.5130398621606972
"Caleb is the ""not be evil"" check",neither,0.044198350179585205,0.3221438086070664,0.6336578412133483
https://clips.twitch.tv/TameMagnificentPeachRiPepperonis,neither,0.03945320844208391,0.33037608806864915,0.630170703489267
anyone got the caduceus clip?,neither,0.03732675663230941,0.3581339725564904,0.6045392708112003
"Sighh, i needed them doing this :-) makes me happy that they showed they still ""want"" to do good",neither,0.0437684452318631,0.37624633262498214,0.5799852221431547
gandsLessthanthree,neither,0.03945320844208391,0.33037608806864915,0.630170703489267
"punching people != killing people. it's not hypocrisy, it's logical.",neither,0.07158623221170812,0.33027726317573153,0.5981365046125603
yes I just switched over from the youtubes after trying to refresh 4 times,neither,0.03868210383952064,0.32143950693525186,0.6398783892252274
Mr. Worf,neither,0.03945320844208391,0.33037608806864915,0.630170703489267
oh luara...,neither,0.051363287716059566,0.22255663153133606,0.7260800807526044
laura heard fist,neither,0.03945320844208391,0.33037608806864915,0.630170703489267
@meryahfromthegarden Yeah but Beau knows she needs all the checks she can get.,offensive_language,0.02822637768028972,0.561514761749849,0.4102588605698612
"People!!! Whatever channel or streaming service you are using, just REFRESH IT!!!",neither,0.07357670934741292,0.3741311345051698,0.5522921561474172
Laura's face at the slipup,neither,0.03683524440566089,0.3423979171220147,0.6207668384723244
"@llamapjma same, lol",neither,0.028245572402718105,0.4444572659521006,0.5272971616451813
Hahaha Laura,neither,0.03945320844208391,0.33037608806864915,0.630170703489267
Laura laughing at fast fisting gandsHR,neither,0.0387933430681142,0.3504736810149644,0.6107329759169213
Real Fist,neither,0.031499364607883676,0.4723552326777793,0.49614540271433705
Tech is working on YouTube. Standby,neither,0.04276846912922233,0.3377480079219132,0.6194835229488644
youtube stream is still down,neither,0.04553306806792067,0.3405990326335458,0.6138678992985336
,neither,0.03945320844208391,0.33037608806864915,0.630170703489267
get fisted warf,neither,0.038845117650812964,0.34069697578702124,0.6204579065621657
@ChiefAKAThatZachWilson <3,neither,0.03945320844208391,0.33037608806864915,0.630170703489267
Laura's face when Travis said fist. lol,neither,0.02752816437005459,0.404685127288684,0.5677867083412614
@GaeaCa is there a giveaway,neither,0.058135835131279276,0.24227746891369034,0.6995866959550303
poe2,neither,0.03945320844208391,0.33037608806864915,0.630170703489267
is this pillars of eternity 2?,neither,0.05901210796655965,0.32696539943122555,0.6140224926022149
We Deadfire Now,neither,0.03915802924906933,0.33538604933041366,0.625455921420517
glad it wasnt just me,neither,0.027847326148951388,0.3876286139535939,0.5845240598974547
This is turning into the RP version of Faster than Light,neither,0.04365922409076618,0.32400705838377253,0.6323337175254613
Captain Fjord!,neither,0.03945320844208391,0.33037608806864915,0.630170703489267
so many npc's!!!,neither,0.039413129245513115,0.4120595004619746,0.5485273702925123
"yes, there is a giveaway in the CR Twitch channel",neither,0.04390517556529288,0.2921184179401409,0.6639764064945662
Hey its live action PoE 2,neither,0.037551898964736145,0.33103003558360067,0.6314180654516631
one piece!,neither,0.038227795645190174,0.3753424334856812,0.5864297708691286
don't let Nott cook lol,neither,0.018194408937646834,0.4252718571165164,0.5565337339458367
@darktreeant yes but CR does them directly now so go to twitch.tv/criticalrole,neither,0.039475293892472084,0.42686048859870146,0.5336642175088264
damn this research tho,offensive_language,0.04056170237337055,0.7865671929246552,0.17287110470197425
Time to play a management game!,neither,0.043679085913970024,0.30739280314213063,0.6489281109438995
and a night helms men for shifts,neither,0.024892614788072615,0.2556972989738392,0.7194100862380881
its one piece time,neither,0.031163226002648654,0.38746509769780485,0.5813716762995466
This is a One Piece campaign now guys LUL,neither,0.0440530993379719,0.35211593606299807,0.6038309645990301
Bidet Critters bloojWave,neither,0.03945320844208391,0.33037608806864915,0.630170703489267
Love how this is turning into Deadfire! haha,neither,0.039685779990116014,0.40163422364505835,0.5586799963648257
someone's been reading about ships!,neither,0.03794523335390221,0.3559703608164682,0.6060844058296295
youtube stream is down?,neither,0.04686858645841143,0.3278255995322072,0.6253058140093813
@scream_queen not until Fjord starts making innuendos at the protagonist :P,neither,0.03746149087418126,0.33009418035930893,0.6324443287665098
TableHere,neither,0.03945320844208391,0.33037608806864915,0.630170703489267
Chippy!,neither,0.03945320844208391,0.33037608806864915,0.630170703489267
Hey @Bluejay,neither,0.03945320844208391,0.33037608806864915,0.630170703489267
This is like fucking one piece,offensive_language,0.14732343568904738,0.852240228808382,0.00043633550257065874
question: did the guards see them kill anyone?,neither,0.2658116972505016,0.2160158434716801,0.5181724592778183
Be careful about the fish onboard!,neither,0.03851324069139921,0.32761102966239297,0.6338757296462079
"@angstyagnostic ...and now i want to play FTL again, thank you",neither,0.05887408017506346,0.3584033128012525,0.5827226070236841
Fjordy Jones ~Octopus emoji~,neither,0.03945320844208391,0.33037608806864915,0.630170703489267
Quartermaster = Executive Producer?,neither,0.03945320844208391,0.33037608806864915,0.630170703489267
FTL PogChamp,neither,0.03945320844208391,0.33037608806864915,0.630170703489267
welcome to Catan!!,neither,0.05036155158341772,0.3241161757817237,0.6255222726348585
fuck I LOVE Lemonade Tycoon,offensive_language,0.15312704147357514,0.845997308441822,0.0008756500846028724
hmmmm…. how are they gonna pay for all the deckhands?,neither,0.05182309485229353,0.3448614839862019,0.6033154211615044
yt is still down ):,neither,0.04636521496815941,0.3418557855512521,0.6117789994805884
go hire Orly,neither,0.040930675173034156,0.33550639143972294,0.6235629333872428
hey blooj moon2HEY,neither,0.03945320844208391,0.33037608806864915,0.630170703489267
"matt is the ship boy, keeper of ship facts",neither,0.04274946251768044,0.32128364453776204,0.6359668929445577
you must construct additional pylons!,neither,0.058923693790219986,0.36364032069404517,0.5774359855157348
LEMONADE TYCOON PogChamp,neither,0.03945320844208391,0.33037608806864915,0.630170703489267
Captain Nott Stubbing,neither,0.03945320844208391,0.33037608806864915,0.630170703489267
definitely FTL,neither,0.03945320844208391,0.33037608806864915,0.630170703489267
They're playing Pillars of Eternity 2,neither,0.06544589688426826,0.29203266835763225,0.6425214347580995
"We need a bard too! Pirates did a lot of music and stuff, it gets boring on the ocean!",neither,0.03614750662248934,0.3113072156877028,0.6525452776898079
shipwright not a carpenter,neither,0.03554889144452836,0.3454295093440936,0.619021599211378
kord,neither,0.03945320844208391,0.33037608806864915,0.630170703489267
yeeeaaaaaah.....,neither,0.03945320844208391,0.33037608806864915,0.630170703489267
100 ep boat arc,neither,0.03945320844208391,0.33037608806864915,0.630170703489267
BLUEJAY!!!!,neither,0.03945320844208391,0.33037608806864915,0.630170703489267
Yasha's Metal AF,neither,0.03945320844208391,0.33037608806864915,0.630170703489267
yasha LUL,neither,0.03945320844208391,0.33037608806864915,0.630170703489267
Storms at sea.... not fun.,neither,0.037430108755076186,0.3584689568349198,0.6041009344100039
,neither,0.03945320844208391,0.33037608806864915,0.630170703489267
Want the inside scoop? Join the cast of Critical Role and discuss the most recent episode right here on Talks Machina. Tuesdays 7pm Pacific at twitch.tv/geekandsundry and projectalpha.com,neither,0.04573032993319735,0.22538911733705982,0.7288805527297427
gandsOwlbear @Bluejay,neither,0.03945320844208391,0.33037608806864915,0.630170703489267
It's Pillars of Eternity xD,neither,0.03579565360208627,0.3316340888975053,0.6325702575004085
Metal,neither,0.03945320844208391,0.33037608806864915,0.630170703489267
Yasha trying to nope out lol,neither,0.03316252179869043,0.4001454913272524,0.5666919868740571
