text,top_class,hate_speech,offensive_language,neither
!rbschedule,neither,0.03945320844208391,0.33037608806864915,0.630170703489267
"Weekend Rebroadcast Schedule will be ready later, it starts after Friday's live shows with Critical Role Rebroadcast at 11:40pm pacific",neither,0.03599135011825038,0.3483350007314389,0.6156736491503108
!whenisvtm,neither,0.03945320844208391,0.33037608806864915,0.630170703489267
refresh folks,neither,0.03945320844208391,0.33037608806864915,0.630170703489267
time to get our undead on. undead undead,neither,0.04174493757913186,0.37678367602059204,0.5814713864002761
I'm stoked for the Chicago By Night setting book ya'll are going to be doing!,neither,0.03675909626364977,0.44950904928697283,0.5137318544493775
hi,neither,0.03945320844208391,0.33037608806864915,0.630170703489267
WEEE,neither,0.03945320844208391,0.33037608806864915,0.630170703489267
!rbschedule,neither,0.03945320844208391,0.33037608806864915,0.630170703489267
live,neither,0.04891340716200846,0.3271222919257548,0.6239643009122369
I return,neither,0.03945320844208391,0.33037608806864915,0.630170703489267
I believe Jason announced the guest on his twitter,neither,0.051413894956312975,0.4019216244825547,0.5466644805611325
Well I know what I am saving up my money for,neither,0.027938852450676368,0.4067317675935449,0.5653293799557787
"@zacdozier Thanks, so are we!",neither,0.07044431279265015,0.30597348288812815,0.6235822043192216
Critical Role Rebroadcast at 11:40pm pacific,neither,0.03880523768822961,0.3501127585055893,0.611082003806181
Give me that sweet music!,neither,0.02902380485929486,0.40882037971716606,0.5621558154235392
@Arkonios White on white translucent black capes,hate_speech,0.7220388095731348,0.274838633674251,0.003122556752614321
!clock,neither,0.03945320844208391,0.33037608806864915,0.630170703489267
It is currently Friday 7:57 PM at the Geek & Sundry studio in California.,neither,0.05257364532538693,0.3294993765834879,0.6179269780911252
@TheOnyxPath any eta on Chicargo by Night?,neither,0.029177962100978647,0.40240879596520224,0.5684132419338191
3 misn,neither,0.03945320844208391,0.33037608806864915,0.630170703489267
lol,neither,0.020706217963973744,0.4882283491876925,0.4910654328483337
Back on the rack / Bela Lugosi's dead...,neither,0.03608263460973771,0.32778703978877904,0.6361303256014833
The sun slowly sets in the west.,neither,0.038297818355158116,0.30907894707981715,0.6526232345650248
let the night begin and the undead walk among us!,neither,0.04042498424418652,0.30295893980113886,0.6566160759546746
The bats have left the bell tower. The victims have been bled.,neither,0.037442269572278336,0.3177544439514675,0.6448032864762541
Good evening kindred,neither,0.03869882722860525,0.3306355543605695,0.6306656184108252
I think they said the kickstarter for Chicago is 'October',neither,0.040300690041708304,0.2881475312960893,0.6715517786622023
"@AFlyingBrickington You can follow the production status of all our projects on our blog, in the weekly Monday Meeting Notes posts. The Kickstarter will be sometime in October.",neither,0.04422157878929967,0.34866475692285515,0.6071136642878452
@ChainsawGothic Undead undead undead...,neither,0.03945320844208391,0.33037608806864915,0.630170703489267
@TheOnyxPath How has Chicago changed since Anarchs went full blown?,neither,0.051138262620220386,0.3223314763594379,0.6265302610203416
critrolePyramid,neither,0.03945320844208391,0.33037608806864915,0.630170703489267
Good Evening Brothers & Sisters,neither,0.038947752652961416,0.33054993749250816,0.6305023098545305
@Dragonivon Undead! Undead! Undead!,neither,0.03945320844208391,0.33037608806864915,0.630170703489267
@starkvi Good question!,neither,0.038603349900201235,0.3306683933919781,0.6307282567078207
Good Morning Kindred.,neither,0.04970930963283925,0.13564577574880146,0.8146449146183593
Good morning,neither,0.04970930963283925,0.13564577574880146,0.8146449146183593
yessssss vampire time,neither,0.038470640275254576,0.34705283415831945,0.614476525566426
Good morning everyone.,neither,0.040724576765085965,0.29551443435292063,0.6637609888819933
"Jasper returns in 3, 2...",neither,0.03945320844208391,0.33037608806864915,0.630170703489267
Hello everyone!,neither,0.03269494828970791,0.4450814005079928,0.5222236512022994
critroleBidet,neither,0.03945320844208391,0.33037608806864915,0.630170703489267
Last week Jasper had some...issues...but went home to eat...he got a dungeon full of people?,neither,0.06507077018138357,0.3582864036087649,0.5766428262098516
,neither,0.03945320844208391,0.33037608806864915,0.630170703489267
Evening!,neither,0.03945320844208391,0.33037608806864915,0.630170703489267
Blood for the Blood God!,neither,0.03464268762604706,0.2985286324046424,0.6668286799693106
Vampire O'Clock is the best time.,neither,0.04341096180638333,0.3252654717115831,0.6313235664820336
Good evening all. :),neither,0.0407757687943942,0.4132731801052576,0.545951051100348
it is almost time,neither,0.04627235960327183,0.3519646212778384,0.6017630191188897
"How much colour is used in core books, <-colorblind",neither,0.04214179994211748,0.3294513581648045,0.6284068418930782
"Yeah, where did Jasper feed? hmmmmmmmmmmmm.",neither,0.028037978390748605,0.39290792413697057,0.5790540974722808
"I'm enjoying learning more about the lore watching the game, as I know nothing about VtM",neither,0.03516536349181052,0.35690857953965704,0.6079260569685325
Inquiring minds want to know.,neither,0.047030546693054634,0.3219174997371348,0.6310519535698106
Agreed @thelastangelontheleft,neither,0.03945320844208391,0.33037608806864915,0.630170703489267
Good evening Cainites and Kindred,neither,0.03787558328746549,0.28631968966450766,0.675804727048027
No Jasper tonight,neither,0.036186848558476294,0.3223563801511426,0.6414567712903811
i missed last week's episode. im going to be so lost lol,neither,0.03687671667008329,0.4338965385511227,0.529226744778794
Yeah I’m low key worried about jasper,neither,0.027405581835052248,0.4217625273963165,0.5508318907686314
There are alwys lost homeless in the sewers,neither,0.06288661147617942,0.2359163494199178,0.7011970391039027
"pizza is ready, forgot the extra garlic",neither,0.0441985850460169,0.3175998644325793,0.6382015505214038
"Hello, hello",neither,0.03945320844208391,0.33037608806864915,0.630170703489267
good evening my fellow Kindreds!,neither,0.029360962437287044,0.4044546867187072,0.5661843508440056
i say pet dog,neither,0.03945320844208391,0.33037608806864915,0.630170703489267
I think Jasper keeps slaves,neither,0.03985162729293221,0.32361388037940964,0.6365344923276581
*Grapples down from the ceiling* I KEEP TELLING EVERYONE IT'S SUSPICIOUS!,neither,0.034974122667807035,0.37476876570729645,0.5902571116248966
Nosferatu have very interesting feeding grounds.,neither,0.03909188363780441,0.33650871297986884,0.6243994033823267
"After this week, I really need some cathartic bloodsuckers being drawn into a pit of fading humanity and murderous plots... to cheer me up.",neither,0.030927261340364682,0.37221548249568637,0.5968572561639489
can u hit me up with this sound track,neither,0.024083750090332815,0.43275954298841307,0.5431567069212541
The virginal brides file past his tomb. Strewn with time's dead flowers.,neither,0.04375380876605023,0.35517596381643307,0.6010702274175166
he feed in his home,neither,0.07591844790384696,0.3290270004092894,0.5950545516868637
"Mark Meer, knock it out of the park again please :)",neither,0.034492407987038363,0.34933396155453383,0.6161736304584278
Xander hype,neither,0.03945320844208391,0.33037608806864915,0.630170703489267
!rbschedule,neither,0.03945320844208391,0.33037608806864915,0.630170703489267
"Weekend Rebroadcast Schedule will be ready later, it starts after Friday's live shows with Critical Role Rebroadcast at 11:40pm pacific",neither,0.03599135011825038,0.3483350007314389,0.6156736491503108
Jasper deserves his slaves,neither,0.0584644880758079,0.3320698468637047,0.6094656650604874
Bereft in deathly bloom... Alone in a darkened room... The count,neither,0.038689262627848435,0.31645323278428034,0.6448575045878713
Id be a jasper slave just saying,neither,0.031153102735559653,0.3499686018390492,0.6188782954253913
ayy bauhaus,neither,0.03945320844208391,0.33037608806864915,0.630170703489267
@seratonia the lore is very deep and detailed you should check out more,neither,0.06270278317204975,0.3450528489041666,0.5922443679237837
Mark not here,neither,0.09198168459772685,0.29292832364449556,0.6150899917577776
,neither,0.03945320844208391,0.33037608806864915,0.630170703489267
YEEEEES,neither,0.03945320844208391,0.33037608806864915,0.630170703489267
"@Metebelis777 If the old core book are anything to go off, all the art was grayscale",neither,0.04410941265840673,0.3576479369656447,0.5982426503759485
@gothdaddy666 greetings,neither,0.03945320844208391,0.33037608806864915,0.630170703489267
Want the inside scoop? Join the cast of Critical Role and discuss the most recent episode right here on Talks Machina. Tuesdays 7pm Pacific at twitch.tv/geekandsundry and projectalpha.com,neither,0.04573032993319735,0.22538911733705982,0.7288805527297427
ave mi amici,neither,0.03945320844208391,0.33037608806864915,0.630170703489267
"Good Evening, Kindred",neither,0.03869882722860525,0.3306355543605695,0.6306656184108252
tonight do we find out more about Annabelle mysterious GF?,neither,0.03844446308706641,0.27905457641064746,0.6825009605022861
Doubt he’s back. He wasn’t for C6,neither,0.04299356876719906,0.3029245652535784,0.6540818659792225
I'm worried about jasper too,neither,0.03785149856836629,0.3575612847553095,0.6045872166763241
Good. I didn't miss the beginning like last time.,neither,0.02840003555175743,0.37850690851710583,0.5930930559311368
Greetings Kindred.,neither,0.03945320844208391,0.33037608806864915,0.630170703489267
I miss playing vampire.. but its been over 10 years.,neither,0.027940217430283257,0.3440254023940931,0.6280343801756235
!discord,neither,0.03945320844208391,0.33037608806864915,0.630170703489267
Wait.. Xander is in this Episode? Aww YAY!!!,neither,0.045121450506501334,0.32953368765422125,0.6253448618392775
Ventrue sound off?,neither,0.03945320844208391,0.33037608806864915,0.630170703489267
!discord,neither,0.03945320844208391,0.33037608806864915,0.630170703489267
We have a subscriber-only Discord server! Join here: https://discord.gg/geekandsundry (you'll need to sub and link it to your Twitch) and be a part of the fun!...Warning: It can take up to an hour for the server to update and give you access to the channels,neither,0.08464076273808444,0.286394834032893,0.6289644032290227
Mark's home now I believe,neither,0.03945320844208391,0.33037608806864915,0.630170703489267
Bona notte,neither,0.03945320844208391,0.33037608806864915,0.630170703489267
"I think Jasper just needs his own rat swarm. I had a Nosferatu character who also had two ghoul dogs named 'Death' and 'Taxes'. Damn, good times.",offensive_language,0.05974083527043143,0.5124583685356562,0.42780079619391237
"good dusk, childer",neither,0.037820165765928906,0.33093776632913474,0.6312420679049364
Bonsoir mes amis :),neither,0.03945320844208391,0.33037608806864915,0.630170703489267
"As far as hours of content, tonight L.A. By Night passes Kindred the Embraced lol!",neither,0.028584866041798412,0.3946542098883217,0.5767609240698799
SO HYPE!!!!,neither,0.03940828253961077,0.39264520971988554,0.5679465077405037
"old 2nd ed person, so i hoped new books are as well",neither,0.05369405630166839,0.29873209740995543,0.6475738462883761
I hope our baby Brujha sorta gets angry at Victor tonite...nothing like a good smack down,neither,0.05984389736067484,0.31389115231333575,0.6262649503259895
Jasper gandsGameEngine,neither,0.03945320844208391,0.33037608806864915,0.630170703489267
Hello everyone. First time for me catching this live.,neither,0.02546086667119278,0.41595380224767153,0.5585853310811357
Jasper = vampire daddy!,neither,0.03945320844208391,0.33037608806864915,0.630170703489267
gonna be honest i'm having trouble picturing Xander as a broody vampire,neither,0.03768267369758406,0.3878847856967202,0.5744325406056958
gandsHype,neither,0.03945320844208391,0.33037608806864915,0.630170703489267
gandsHype gandsHype gandsHype gandsHype,neither,0.03945320844208391,0.33037608806864915,0.630170703489267
@ArisBranwin Never too late to get back in.,neither,0.040888180267973175,0.3779790184595035,0.5811328012725234
unlike wiz 5e,neither,0.03945320844208391,0.33037608806864915,0.630170703489267
"Death and Taxes , I like it @Dragonivon",neither,0.047103375667732046,0.3059537164445488,0.6469429078877192
We have a subscriber-only Discord server! Join here: https://discord.gg/geekandsundry (you'll need to sub and link it to your Twitch) and be a part of the fun!...Warning: It can take up to an hour for the server to update and give you access to the channels,neither,0.08464076273808444,0.286394834032893,0.6289644032290227
WHOS READY FOR SOME HOT ramaSavage ramaSavage ramaSavage ACTION,neither,0.029456110092245563,0.3178556885262019,0.6526882013815526
Well Victor is playing a very laid back Ventrue,neither,0.0450424941637752,0.32845367640889506,0.6265038294273297
vsmp daddies monkaS,neither,0.03945320844208391,0.33037608806864915,0.630170703489267
jasper = niceferatu,neither,0.03945320844208391,0.33037608806864915,0.630170703489267
He's really letting people walk over him.,neither,0.06574474497074244,0.3298442731140248,0.6044109819152327
@Visulkatastrofy yes for Jasper gandsLessthanthree,neither,0.033729341789106866,0.3017896581897211,0.6644810000211722
First time live for me as awell,neither,0.02320380043452878,0.38922508325434674,0.5875711163111246
"@Visulkatastrofy Nah, Jasper is Vampire Bro. :D",neither,0.04541366108193603,0.32832601508565684,0.626260323832407
Hello everyone,neither,0.03269494828970791,0.4450814005079928,0.5222236512022994
Jason did say this was scheduled to be an eight part campaign. i really hope it goes longer,neither,0.06013815435643283,0.2707326437365908,0.6691292019069764
evening all,neither,0.041793358651534496,0.4229818652092969,0.5352247761391685
asdfjkl,neither,0.03945320844208391,0.33037608806864915,0.630170703489267
Greetings all.,offensive_language,0.046917543854519406,0.6277741405869331,0.3253083155585475
jasper is my vampire son i will protect him at ALL COSTS,neither,0.03795911121805184,0.4179918453621505,0.5440490434197975
I would but I don't have people to play with.. its been about 13+ years,neither,0.04285695490282685,0.38304941644774687,0.5740936286494264
i hear voices,neither,0.03945320844208391,0.33037608806864915,0.630170703489267
@Visulkatastrofy you mena Victor Jasper is the cool older brother vamp,neither,0.05499863624127542,0.34523268024815523,0.5997686835105693
ah,neither,0.03945320844208391,0.33037608806864915,0.630170703489267
Oh,neither,0.051363287716059566,0.22255663153133606,0.7260800807526044
That was creepy,neither,0.034668584081182376,0.3835038957926617,0.5818275201261558
bleedPurple bleedPurple bleedPurple,neither,0.03945320844208391,0.33037608806864915,0.630170703489267
hot mikes,neither,0.03945320844208391,0.33037608806864915,0.630170703489267
um,neither,0.03945320844208391,0.33037608806864915,0.630170703489267
Ooof,neither,0.03945320844208391,0.33037608806864915,0.630170703489267
Bidet everyone,offensive_language,0.02988896790634741,0.4927062106388782,0.4774048214547744
I heard voices,neither,0.03945320844208391,0.33037608806864915,0.630170703489267
lol Niceferatu! Love it!,neither,0.022055634306850848,0.4469456750562876,0.5309986906368616
what was that?,neither,0.041736715604486524,0.40105550120025046,0.557207783195263
vampire xander sounds wonderful,neither,0.03945320844208391,0.33037608806864915,0.630170703489267
Hurricane Katrina kinda killed off a lot of the Vampire stuff here,neither,0.060644520556131634,0.30230399896933524,0.6370514804745331
the vampires have come for us all chat monkaS,neither,0.05891840319478611,0.3643447509395446,0.5767368458656694
that was the voices in your head,neither,0.05968781933285359,0.3716430794908268,0.5686691011763197
What sweater will Vamp Dad wear today? :),neither,0.043642527623036574,0.2912016347517018,0.6651558376252616
aH,neither,0.03945320844208391,0.33037608806864915,0.630170703489267
@cachinnatecrow what was,neither,0.0516121595461747,0.3260545227917178,0.6223333176621075
YaY back in time!,neither,0.03824871791243203,0.35081943582663344,0.6109318462609347
tf is going on,neither,0.04356595544765099,0.37865686044393765,0.5777771841084113
monkaS,neither,0.03945320844208391,0.33037608806864915,0.630170703489267
WutFace voices,neither,0.03945320844208391,0.33037608806864915,0.630170703489267
!whodat,neither,0.03945320844208391,0.33037608806864915,0.630170703489267
creepy mic activity,neither,0.03945320844208391,0.33037608806864915,0.630170703489267
"GM Jason Carl ( twitter.com/vampiresnvino ), with Alex Ward ( twitter.com/AlexWard777 ), Erika Ishii ( twitter.com/erikaishii ), Cynthia Marie ( twitter.com/Cyndancer ), B. Dave Walters ( twitter.com/BDaveWalters )",neither,0.0361075258397544,0.46844942340612794,0.49544305075411776
Mics keep going hot,neither,0.037462072943609585,0.3641708539273249,0.5983670731290656
Agree with both of you,neither,0.041933363005412734,0.424542174170975,0.5335244628236122
H O T M I K E S,neither,0.03945320844208391,0.33037608806864915,0.630170703489267
That was def Dave B Walters,neither,0.0357971676343669,0.37077851350137586,0.5934243188642572
weird,neither,0.03945320844208391,0.33037608806864915,0.630170703489267
I'm running a game that's running parrellel to this chronicle. It's a lot of fun so far.,neither,0.03948454280332926,0.3538376357214829,0.6066778214751878
We hear vampires guys,neither,0.03921263694215367,0.3344592142640499,0.6263281487937965
what LUL,neither,0.04568673754512718,0.3259267583143808,0.628386504140492
"Un-dad, Diva Morticia, Niceferatu, and Baby Bru",neither,0.03893239445083923,0.3049138828717579,0.6561537226774029
THERE IT WAS AGAIN!,neither,0.035312755699221876,0.3195571912937404,0.6451300530070376
testing testing,neither,0.03945320844208391,0.33037608806864915,0.630170703489267
"Download the new Critical Role theme song for Campaign Two! http://itunes.apple.com/album/id1331550250?ls=1&app=itunes Sales of the song support the musician, Jason Charles Miller.",neither,0.04445767596344001,0.2510827790306858,0.7044595450058742
MAAAADDDDNEEESSSSS....,neither,0.03945320844208391,0.33037608806864915,0.630170703489267
"The mics, yeah.",neither,0.014581519716141857,0.48094613735517056,0.5044723429286876
B Dave**,neither,0.03945320844208391,0.33037608806864915,0.630170703489267
Gotta love setting up mikes.,neither,0.03399952829861794,0.4033237896432394,0.5626766820581427
WutFace,neither,0.03945320844208391,0.33037608806864915,0.630170703489267
it's happening,neither,0.037828236809968684,0.3309349903269868,0.6312367728630445
Is this how the control my mind?!,neither,0.034017628160647594,0.39438650678278325,0.5715958650565692
Anyone else hear the voices,neither,0.03872628145113385,0.3171410938188361,0.6441326247300301
"the voices are telling me to... burn things? no, wait. different voices",neither,0.052605434657291894,0.27529854686906047,0.6720960184736476
It's the Maddness Network!,neither,0.03665806184898787,0.3111215631360808,0.6522203750149312
"@TheOnyxPath random but, are there any plans to update the Onyxdice app for V5?",neither,0.0514175549011005,0.25494811055933925,0.6936343345395601
Is this part 2 or 3?,neither,0.04992802125277154,0.3287146678554182,0.6213573108918102
we've gone malky,neither,0.014458750293248227,0.31122010497187136,0.6743211447348805
the ghosts,neither,0.03613032604487659,0.2619290779399786,0.7019405960151449
The voices in my head are playing tricks on me again,neither,0.03528734776642865,0.4164513492134769,0.5482613030200943
sthaaaaaaaaaap,neither,0.03945320844208391,0.33037608806864915,0.630170703489267
the voice from the beyond are leaking through!!!,neither,0.059306052332700185,0.2543600547797241,0.6863338928875756
hot mics,neither,0.03945320844208391,0.33037608806864915,0.630170703489267
THIS IS SPARTA!\,neither,0.06444388513749441,0.32581973129223984,0.6097363835702658
We're getting sound bytes,neither,0.054162672253381616,0.37864522639657217,0.5671921013500463
This is what Malkavians hear,neither,0.060059675217775756,0.32262217203444066,0.6173181527477836
Yaasss finally able to catch one of these live! altough it is extremely early I dont care!!,neither,0.05469700069591481,0.36403363750009204,0.5812693618039931
haha,neither,0.03186685585600258,0.45913629025701075,0.5089968538869867
I knew I was tripping out. I can hear the voices,neither,0.035923614622829274,0.32862565659907167,0.635450728778099
bidet!,neither,0.03945320844208391,0.33037608806864915,0.630170703489267
It's like echoes of the previous episode. It's pretty neat!!!!,neither,0.04405151173471965,0.33003736228372027,0.6259111259815601
Even their own stream can't wait to get started,neither,0.062407751370551136,0.3346221384690557,0.6029701101603931
you guys are hearing things :P,neither,0.08946153525219235,0.3291735682251196,0.5813648965226881
@fendorkian Same here,neither,0.14187967449237004,0.2733123625359359,0.584807962971694
It's a code . . .,neither,0.037554805750496786,0.33102903580668525,0.6314161584428181
"No, the madness network is better",neither,0.04440140227395452,0.3264519555191239,0.6291466422069216
It's that Malkavian Madness Network kicking in.,neither,0.03571485504502714,0.3607094528680509,0.6035756920869221
Its not the Maluek Mind level,neither,0.03162197297098437,0.32107083108998763,0.6473071959390281
i feel like a malkavian hearing this voices,neither,0.04868279752201137,0.34545327055148856,0.6058639319265001
@games_arent_games 3,neither,0.03945320844208391,0.33037608806864915,0.630170703489267
the voices in your head are playing tricks on ME,neither,0.06952729981226977,0.33649319761414875,0.5939795025735816
@bitgod some of us began there,neither,0.062149821944570256,0.3001782407776566,0.6376719372777732
The voices are telling you to SUBSCRIBE,neither,0.10052113483733806,0.30279485153561464,0.5966840136270473
"This has been a test of the emergency Malkavian system, this has only been a test",neither,0.039019690071628345,0.322990125391455,0.6379901845369168
"""luddite""",neither,0.03945320844208391,0.33037608806864915,0.630170703489267
"Okay, yep, voices",neither,0.03945320844208391,0.33037608806864915,0.630170703489267
"My wine is ready, my dress is velvety black and this Kindred is ready for tonights chapter!",neither,0.04412188452603065,0.3691019762027404,0.5867761392712291
didn't know the us the viewers where malkavians cause i swear i heard voices,neither,0.0466145732372554,0.3336738687666656,0.619711557996079
Man i missed one rip,neither,0.0387506544318184,0.4201330644206445,0.541116281147537
i think he,neither,0.05177383730725477,0.30946697548459534,0.6387591872081498
"The echo doesn't help. Or does, depending on your POV",neither,0.041931786437210225,0.3999187675437983,0.5581494460189915
"welp, we're all Malkavians now",neither,0.06032061664067134,0.37475087054533385,0.5649285128139947
literally what the hell is going on lamo,offensive_language,0.04713362086732172,0.6336682240745372,0.3191981550581412
they should totally get taliesin on this show as a guest player for an episode,neither,0.04354232019211639,0.3730601265693743,0.5833975532385094
@ChainsawGothic yes I thought the same thing,neither,0.04251629548627891,0.22277479645923706,0.7347089080544841
Mic check 123123,neither,0.03945320844208391,0.33037608806864915,0.630170703489267
"Alexios this is so sad, play a Spartan battle theme.",neither,0.045173751926566925,0.361958032767227,0.592868215306206
As a malkavian I disagree.,neither,0.037277106537437626,0.3673102165639169,0.5954126768986455
@fendorkian Oh great a Malk,neither,0.04375750098225069,0.22798114920649112,0.7282613498112582
don't go into the light!,neither,0.039728353582310236,0.31629598491111616,0.6439756615065735
"... Morning all, or whatever fits best to your timezone",neither,0.08390541898650945,0.2580636231882669,0.6580309578252237
XD,neither,0.03945320844208391,0.33037608806864915,0.630170703489267
"gandsTrinketArmor They say Geek and Sundry is haunted, if you are real quiet you can still hear them speak",neither,0.06973582468443222,0.4378568751842077,0.4924073001313601
was actually poping a bottle there,neither,0.039265181485050565,0.2899708701965265,0.670763948318423
This is some Catif shit.,offensive_language,0.04109553928563512,0.9588895095256577,1.4951188707151735e-05
Not enough Malkavian's in this series,neither,0.038057131592361126,0.3368622380830055,0.6250806303246335
anyone else getting visual.. ? i get blurps of noises,neither,0.03495392562234346,0.40674065971211526,0.5583054146655413
@DakuBara can you elaborate about the velvety white dress?,hate_speech,0.6249869371453143,0.3600263497000041,0.014986713154681516
"Help G&S make great content! $4.99/month gets you emotes, Minecraft server access, sub-only VODs, and more! Every sub keeps the channel alive! twitch.tv/geekandsundry/subscribe",neither,0.043907990691603095,0.31135964332838284,0.644732365980014
Um.. are we missing the beginning?,neither,0.05741559109028025,0.2857839592546417,0.656800449655078
bleedPurple,neither,0.03945320844208391,0.33037608806864915,0.630170703489267
@murasakikimono ... /bow,neither,0.03945320844208391,0.33037608806864915,0.630170703489267
"someone got a noise gate rather than muting, lol",neither,0.03302762978673634,0.40473659360074016,0.5622357766125236
"@akhenatron The Onyx Dice devs are a separate group of devs; they mostly do their own thing under license from us and WW. I believe they're planning on adding V5 mechanics, though, yes.",neither,0.08335856473317275,0.2748537473929798,0.6417876878738475
i hear voices in my heard they understand they talk to me....,neither,0.02186134576317351,0.41160753082108426,0.5665311234157423
So... we are all Malkavians. I like it.,offensive_language,0.11122451140815466,0.46906777960158913,0.4197077089902561
"Man, the Malkavian Madness network sounds *way* more understandable than normal.",neither,0.039822231396327214,0.3562978738648835,0.6038798947387893
Echoes of the Dead!!!!,neither,0.038112082113389255,0.3055076461898118,0.656380271696799
so are we all malkavians?,offensive_language,0.0950857231717896,0.45956262626139616,0.4453516505668143
4am so suffering for me,neither,0.02706422361214694,0.3799222942040622,0.5930134821837908
"small technical issues, coming asap",neither,0.03945320844208391,0.33037608806864915,0.630170703489267
Nothing yet,neither,0.03599698295730989,0.3890372545750091,0.574965762467681
We are the Malkavian Madness Network,neither,0.059544308570959464,0.28137144774428496,0.6590842436847556
Voices from beyond the veil,neither,0.03954548890054849,0.30557024366129515,0.6548842674381564
"Welcome, Clan Malkavian!",neither,0.03945320844208391,0.33037608806864915,0.630170703489267
So how are setties in 5th,neither,0.06853738956785332,0.32864201357416734,0.6028205968579795
I am definitely a malk,neither,0.03919877554901116,0.3304635992077505,0.6303376252432384
Good morning everyone 5:30 am here,neither,0.07929871936045338,0.27451324354768836,0.6461880370918581
@ChainsawGothic i can not since it doesn't exist in my world.,neither,0.029218981563140827,0.3969680968661375,0.5738129215707218
I just popped a bottle of Cab. I’m ready!,neither,0.036250891623278936,0.34529434403459064,0.6184547643421304
i've been watching Roll 4 it's vampire game one of their party is a malk and he plays it like he's mannic it works well,neither,0.03592108333717542,0.30673352612412247,0.6573453905387021
Hey!,neither,0.03945320844208391,0.33037608806864915,0.630170703489267
@Dragonivon Chat is one single Malkavian,neither,0.046942928648010286,0.35989540526292435,0.5931616660890653
@TheOnyxPath Ah. Thanks!,neither,0.036849678133627814,0.3085744604586018,0.6545758614077704
yOOOOOOOOOOOOo,neither,0.03945320844208391,0.33037608806864915,0.630170703489267
i can't wait to see what xannder is!,neither,0.06857081451484612,0.3110027013886442,0.6204264840965097
Hello,neither,0.03945320844208391,0.33037608806864915,0.630170703489267
Good eeeevining.,neither,0.037820165765928906,0.33093776632913474,0.6312420679049364
gandsLessthanthree gandsLessthanthree gandsLessthanthree gandsLessthanthree,neither,0.03945320844208391,0.33037608806864915,0.630170703489267
hello and good evening to you too,neither,0.05825696862615413,0.3308181095872628,0.6109249217865831
"I was guessing Xander would play a Malk, maybe the audio is a clue",neither,0.04316213269190069,0.3173009539246288,0.6395369133834705
The Malkavian maddness network is where Malkav is.. so no.,neither,0.05557131840549553,0.33344573809301464,0.6109829435014899
Woohoo! :D,neither,0.03945320844208391,0.33037608806864915,0.630170703489267
Yay!,neither,0.03945320844208391,0.33037608806864915,0.630170703489267
So when does this start,offensive_language,0.018497268786727344,0.537963368901849,0.4435393623114235
So this is what malks have to deal with snippets of familiar voices here and there.,neither,0.07155720175746806,0.30536588724244196,0.62307691100009
is this dnd?,neither,0.0484976811701294,0.3289671781834557,0.6225351406464149
Hello and good morning.,neither,0.04512999541585388,0.15612491987327717,0.798745084710869
"yes, i get to see it live",neither,0.04981290758279647,0.3341803431166617,0.6160067493005417
good evening my fellow kindred,neither,0.029360962437287044,0.4044546867187072,0.5661843508440056
gandsHype gandsHype gandsHype gandsHype gandsHype gandsHype gandsHype gandsHype gandsHype gandsHype gandsHype,neither,0.03945320844208391,0.33037608806864915,0.630170703489267
Yay!!,neither,0.03945320844208391,0.33037608806864915,0.630170703489267
evening!!! woohoo,neither,0.03945320844208391,0.33037608806864915,0.630170703489267
"I feel ya Goatlord, I’m in same boat",offensive_language,0.02729629381851044,0.5677035477126866,0.40500015846880294
@TheOnyxPath just got my Beckett's Jyhad Diary its amazing!!!!,neither,0.023232775106105344,0.4523444332260541,0.5244227916678406
YUS!,neither,0.03945320844208391,0.33037608806864915,0.630170703489267
I something wrong!,neither,0.03945320844208391,0.33037608806864915,0.630170703489267
YES MALK,neither,0.03945320844208391,0.33037608806864915,0.630170703489267
Malkav!,neither,0.03945320844208391,0.33037608806864915,0.630170703489267
OMG yes a MALK,neither,0.03945320844208391,0.33037608806864915,0.630170703489267
A MALK OH BOY,neither,0.04768565599480007,0.25364348607606696,0.698670857929133
happy malk,neither,0.03945320844208391,0.33037608806864915,0.630170703489267
HOLY IRONY MALKAVIAN,neither,0.03945320844208391,0.33037608806864915,0.630170703489267
Xander! Yay! :D,neither,0.03945320844208391,0.33037608806864915,0.630170703489267
malkavian... oh boy,neither,0.04768565599480007,0.25364348607606696,0.698670857929133
YAAY XANDER!!,neither,0.03945320844208391,0.33037608806864915,0.630170703489267
yay malkavians!!!!,neither,0.03945320844208391,0.33037608806864915,0.630170703489267
A Malkavian! :D,neither,0.03945320844208391,0.33037608806864915,0.630170703489267
no jasper brownCRY,neither,0.03852177801590115,0.3461848932406789,0.6152933287434199
gandsHype gandsHype,neither,0.03945320844208391,0.33037608806864915,0.630170703489267
"Omg, yes. XD",neither,0.03945320844208391,0.33037608806864915,0.630170703489267
Malkavian confirmed,neither,0.03945320844208391,0.33037608806864915,0.630170703489267
@SniperWriter -> ONLY HULK CAPSLOCKS [warning],neither,0.03945320844208391,0.33037608806864915,0.630170703489267
Yes! We need Malkavians!,neither,0.03900432463722194,0.3318806528144947,0.6291150225482833
WOW you called it Malk,neither,0.06001867440234933,0.39557787079544865,0.5444034548022021
i knew he would be a malk,neither,0.045814282649844065,0.3260863127012884,0.6280994046488675
HEY HEY,neither,0.03945320844208391,0.33037608806864915,0.630170703489267
hyyyype we got a malk,neither,0.036550443665641745,0.42970819808802924,0.533741358246329
Oh yes a Malk,neither,0.047325668310698794,0.256798057524554,0.6958762741647472
Bruj hhaha hahaa,neither,0.03945320844208391,0.33037608806864915,0.630170703489267
"@higgensbiggens Awesome, I hope you like it!",neither,0.1508661278388342,0.2593661396631484,0.5897677324980173
yes! Malk!,neither,0.03945320844208391,0.33037608806864915,0.630170703489267
Xander! XD,neither,0.03945320844208391,0.33037608806864915,0.630170703489267
THE VOICES FORESHADOWED IT,neither,0.03669420584570019,0.31137187723100834,0.6519339169232915
malkavian love it!,neither,0.030831260484157012,0.3601344986151421,0.609034240900701
whos the stoner looking guy?,neither,0.03839981772597898,0.3235724188776208,0.6380277633964002
aww no Alex :(,neither,0.03863785203300047,0.34421481424145794,0.6171473337255414
Wait....,neither,0.03945320844208391,0.33037608806864915,0.630170703489267
where's my Jasper,neither,0.029830309466866912,0.3863585504169178,0.5838111401162152
Jasper?,neither,0.03945320844208391,0.33037608806864915,0.630170703489267
Wood Library Bard!!!,neither,0.03945320844208391,0.33037608806864915,0.630170703489267
Dear god they got a malk with them,neither,0.0385743704846927,0.4023260046791203,0.5590996248361869
Yay xanderrr,neither,0.03945320844208391,0.33037608806864915,0.630170703489267
brujah's are sadly not nazi's anymore :'(,neither,0.06224310723933833,0.29197136914765914,0.6457855236130025
JASPER!!!,neither,0.03945320844208391,0.33037608806864915,0.630170703489267
No Jasper,neither,0.03852177801590115,0.3461848932406789,0.6152933287434199
@TheOnyxPath its amazing so many great throw backs,neither,0.03379898152578539,0.3434336454941101,0.6227673729801045
No Alex :(,neither,0.03828698463382248,0.35016994969645254,0.6115430656697249
Malkavian! My guess on Twittter was correct! Yayh!,neither,0.026181426417361646,0.43247729499823206,0.5413412785844063
Alex is obfuscated.,neither,0.052118436508554467,0.3260199353649258,0.6218616281265197
no Jasper :(,neither,0.03852177801590115,0.3461848932406789,0.6152933287434199
The voices from before called upon a Malk!,neither,0.036733730273937906,0.35345850690219116,0.609807762823871
No Nosferatu.. Sadness,neither,0.03852177801590115,0.3461848932406789,0.6152933287434199
no jasper :(,neither,0.03852177801590115,0.3461848932406789,0.6152933287434199
gandsHype gandsHype gandsHype gandsHype let's do this!,neither,0.0195438059392097,0.382678239993645,0.5977779540671454
About time a fellow Malk gets some love,neither,0.028572025978929865,0.3921713490904632,0.579256624930607
wtf JASPER is MIA,offensive_language,0.04852667354701732,0.5172054220841399,0.4342679043688429
where is jasper REEEEEEEEEE,neither,0.050343113247604925,0.29434228935487966,0.6553145973975155
Oh no. Jasper ate someone.,neither,0.04296360101290335,0.30145213302423673,0.6555842659628599
I adore Xander! I have fond memories of him on Shield of Tomorrow and it is really nice seeing him here.,neither,0.06357190833191399,0.3017611724251306,0.6346669192429554
Oh... no... Jasper?,neither,0.04384654588772911,0.29441982616414436,0.6617336279481266
!whodat,neither,0.03945320844208391,0.33037608806864915,0.630170703489267
"GM Jason Carl ( twitter.com/vampiresnvino ), with Xander Jeanneret ( twitter.com/xanderrific ), Erika Ishii ( twitter.com/erikaishii ), Cynthia Marie ( twitter.com/Cyndancer ), B. Dave Walters ( twitter.com/BDaveWalters )",neither,0.03602693848152521,0.47216782693881737,0.49180523457965747
"Hmm, No Nosferatu",neither,0.038391190278684685,0.34840130794807905,0.6132075017732364
Did the Nossie die?,neither,0.28586945487268534,0.07325029287705029,0.6408802522502645
jasper is busy wasailing in the sewers,neither,0.045682398888875195,0.3140026296762267,0.6403149714348982
Alex probably couldnt make it this week,neither,0.03752709281294112,0.3463098580346357,0.616163049152423
Jaaaaaspeeeeer!,neither,0.03945320844208391,0.33037608806864915,0.630170703489267
At least there’s a reason in game,neither,0.038188127730769336,0.27682458254619624,0.6849872897230345
what is the malkavian clan about?,neither,0.051713360879944235,0.3341185714649473,0.6141680676551086
wouldn't a true Bruja anarchist hold the symbol upside down tho lol,neither,0.031218422148892398,0.3617135517789281,0.6070680260721795
Wait...this is episode 3?,neither,0.048305614753412406,0.32900054292983394,0.6226938423167536
Jasper is off having a moment.,neither,0.046026139535750035,0.3281153556598217,0.6258585048044283
For officially licensed VtM gear (and the awesome GM screen Jason is using) check out http://dogmight.com/vtm and http://bit.ly/v5spellbooktome,neither,0.034506929539736636,0.237927588715498,0.7275654817447653
those are sexy,neither,0.13247184795971478,0.1828547935969083,0.6846733584433768
No jasper or mark meer?!,neither,0.03887652693346184,0.3401638782887742,0.620959594777764
@rollmodelstv thats Xander Bonnie's co member of the library pards *does jazz hands*,neither,0.030303839756875197,0.4010933382014591,0.5686028220416657
Jasper must still be on the hunt for food. :D,neither,0.033554103502029496,0.3109019938989299,0.6555439025990407
Alex is not available this evening.,neither,0.04436409683095747,0.33322014683639806,0.6224157563326445
Manipulation?,neither,0.03945320844208391,0.33037608806864915,0.630170703489267
awww,neither,0.03945320844208391,0.33037608806864915,0.630170703489267
Jasper must be in hiding after that close call.,neither,0.037831891983914775,0.34959988745773773,0.6125682205583475
@Danoba thank you for the update,neither,0.04637239062891317,0.3294703957852425,0.6241572135858443
@Phmic5 Mark was just a guest last week.,neither,0.03610225948417611,0.34708109148009825,0.6168166490357255
im so sad now,neither,0.03838582448180164,0.423569783606714,0.5380443919114843
So my Nossie babbu Jasper isn't here tonight. That's a shame.,neither,0.050230806758673884,0.4018184419833393,0.5479507512579869
"Thanks, @Danoba",neither,0.035884468650613,0.3004919205142699,0.6636236108351171
one night we got the library bards Unfortunately they were not on the same show,neither,0.03852539824978549,0.3153946446499831,0.6460799571002315
they did a Yasha with Jasper :P,neither,0.0292445823317231,0.36575736475067705,0.6049980529175999
My Jasper is absent and i miss him,neither,0.031183689376463705,0.3616946348655139,0.6071216757580223
aaaah! take my money white wolf! gandsTwenty gandsOne,offensive_language,0.45572557373231204,0.496779909851918,0.04749451641577
lol,neither,0.020706217963973744,0.4882283491876925,0.4910654328483337
"Nice addition of a Malk, but still needs more Tremere.",neither,0.03763682449230489,0.3416951418546131,0.620668033653082
well not the sabat but those nutters are all dust,neither,0.08614096621802578,0.28276793019630114,0.6310911035856732
LUL,neither,0.03945320844208391,0.33037608806864915,0.630170703489267
@Deathstar_Taco a true brujah would be a prejudice psychopath with violent tendencies... but they changed a lot about brujah's... most unfortunate,neither,0.03182982835099775,0.364923050169165,0.6032471214798373
Vampire Daddy,neither,0.03945320844208391,0.33037608806864915,0.630170703489267
is there the you tube link for the eps,neither,0.05077568438367728,0.27966319419018737,0.6695611214261352
I'm kinda sad cuz I wanted a better Malkavian too prove that not all Malkies are homeless nutjobs..,neither,0.05086642027879376,0.37500584904019896,0.5741277306810072
is xander a cammy?,neither,0.081172750358939,0.3160268245287109,0.60280042511235
