text,top_class,hate_speech,offensive_language,neither
Krouse,neither,0.03945320844208391,0.33037608806864915,0.630170703489267
@Slippydude I don't know if he couldn't. Maybe that's on the Doc?,neither,0.02512087198273297,0.39593131617436267,0.5789478118429043
@philbe63 Krause is evil and probably lying.,neither,0.045016135747630186,0.30971511503743915,0.6452687492149307
@CinderFlame overthrow him. defeat all other corporations. ascend to godhood,neither,0.04592331068998226,0.38318455964485226,0.5708921296651656
Krause rather,neither,0.03945320844208391,0.33037608806864915,0.630170703489267
"Hello, everyone",neither,0.03269494828970791,0.4450814005079928,0.5222236512022994
DOWN WITH THE CORPS...alsothefictionalones,neither,0.02153549734209562,0.3661440239000901,0.6123204787578143
Hi @Sollux_kid8,neither,0.03945320844208391,0.33037608806864915,0.630170703489267
yo,offensive_language,0.04010381111145228,0.5271105317972344,0.4327856570913131
Hi @LibrarianLizz,neither,0.03945320844208391,0.33037608806864915,0.630170703489267
@LibrarianLizz HI,neither,0.03945320844208391,0.33037608806864915,0.630170703489267
"Yup thats what im sayin, hes like Vincent Price sinister on the ourside, heart of gold on the inside",neither,0.038663036290000265,0.24128719595501205,0.7200497677549877
"Ooof, had to reload",neither,0.05521421149133411,0.3215005512478121,0.6232852372608538
"@philbe63 he said, the other players killed her family to get at her. We also so him threaten the doctor so....",offensive_language,0.03428839012185169,0.5683255638213021,0.39738604605684624
Want the inside scoop? Join the cast of Critical Role and discuss the most recent episode right here on Talks Machina. Tuesdays 7pm Pacific at twitch.tv/geekandsundry and projectalpha.com,neither,0.04573032993319735,0.22538911733705982,0.7288805527297427
They need to at least decide together as a team then.,neither,0.041798334786727134,0.3661022344573863,0.5920994307558864
Love the depiction of Tails,neither,0.03256033164483845,0.3252905009157992,0.6421491674393622
Live!,neither,0.04891340716200846,0.3271222919257548,0.6239643009122369
Callisto 6 HYPE!!!!!!,neither,0.03945320844208391,0.33037608806864915,0.630170703489267
<3 <3 <3 critroleCrit,neither,0.03945320844208391,0.33037608806864915,0.630170703489267
Anton needs a dress!,neither,0.03945320844208391,0.33037608806864915,0.630170703489267
Hello :D,neither,0.03945320844208391,0.33037608806864915,0.630170703489267
"No , it was aluded to that that was another corp who wants callisto 6",neither,0.06611254396935758,0.38772943620399436,0.546158019826648
I love the pigtails tonight,neither,0.031392390684142804,0.3008466822497061,0.6677609270661511
We have a subscriber-only Discord server! Join here: https://discord.gg/geekandsundry (you'll need to sub and link it to your Twitch) and be a part of the fun!...Warning: It can take up to an hour for the server to update and give you access to the channels,neither,0.08464076273808444,0.286394834032893,0.6289644032290227
Hi @The12Hexes,neither,0.03945320844208391,0.33037608806864915,0.630170703489267
^,neither,0.03945320844208391,0.33037608806864915,0.630170703489267
C6 gandsHype,neither,0.03945320844208391,0.33037608806864915,0.630170703489267
<3 sam <3 amy,neither,0.03945320844208391,0.33037608806864915,0.630170703489267
Hello @chaoticloony,neither,0.03945320844208391,0.33037608806864915,0.630170703489267
Welcome to the Callisto 6 comedy hour!,neither,0.0442568632377749,0.3136636546684772,0.642079482093748
TAKE THEM ALL! GivePLZ critroleCrit critroleCrit critroleCrit,neither,0.06961575514919154,0.43867874360767584,0.4917055012431325
I love it when the players suck up to the GM,neither,0.04325992480579762,0.3917452641838438,0.5649948110103585
Wow.. the pandering is strong tonight!,neither,0.042746795999582435,0.30057519022036827,0.6566780137800493
Hehhehehehhe,neither,0.03945320844208391,0.33037608806864915,0.630170703489267
we love one (1) eric campbell,neither,0.03639422668555927,0.36810916423316153,0.5954966090812792
The brown-nosing is off the charts! :P,neither,0.04478275282767369,0.301647930034723,0.6535693171376034
appease the gm,neither,0.03830256976187925,0.3091696505564884,0.6525277796816323
!c6merch,neither,0.03945320844208391,0.33037608806864915,0.630170703489267
Callisto 6 now has merch! Check all of it out over on the Alpha store! shop.projectalpha.com/collections/callisto-6,neither,0.04497706946983203,0.36238801061211406,0.5926349199180538
butter eric?,neither,0.03945320844208391,0.33037608806864915,0.630170703489267
MERCH,neither,0.03945320844208391,0.33037608806864915,0.630170703489267
"Download the new Critical Role theme song for Campaign Two! http://itunes.apple.com/album/id1331550250?ls=1&app=itunes Sales of the song support the musician, Jason Charles Miller.",neither,0.04445767596344001,0.2510827790306858,0.7044595450058742
neato,neither,0.03945320844208391,0.33037608806864915,0.630170703489267
Hello and welcome to tonight's episode of #ButterEric,neither,0.041909106202872554,0.28292433413529605,0.6751665596618315
AHH MERCH,neither,0.03945320844208391,0.33037608806864915,0.630170703489267
MERCH MERCH MERCH,neither,0.03945320844208391,0.33037608806864915,0.630170703489267
Will there be pins?,neither,0.04107783044082877,0.2697497793284899,0.6891723902306813
"Unplanned time off. I'll take live Callisto 6 with my favorite hoomuns, Alex ;3",neither,0.026159711376357194,0.43043586155447927,0.5434044270691636
*runs to Alpha store*,neither,0.06967895114714868,0.31867735739362146,0.6116436914592299
"Also, https://shop.geekandsundry.com/search?q=callisto+6",neither,0.03945320844208391,0.33037608806864915,0.630170703489267
"Im getting paid very soon, and when I do, im totally buying a C6 shirt",neither,0.031691416453448,0.40293383483582396,0.565374748710728
!c6merch,neither,0.03945320844208391,0.33037608806864915,0.630170703489267
Callisto 6 now has merch! Check all of it out over on the Alpha store! shop.projectalpha.com/collections/callisto-6,neither,0.04497706946983203,0.36238801061211406,0.5926349199180538
well I know where my money is going this week,neither,0.03562028254099792,0.3972139164707599,0.5671658009882421
"speaking of which, was there ever SoT merch?",neither,0.039311093424870464,0.30146582833829666,0.6592230782368329
"Help G&S make great content! $4.99/month gets you emotes, Minecraft server access, sub-only VODs, and more! Every sub keeps the channel alive! twitch.tv/geekandsundry/subscribe",neither,0.043907990691603095,0.31135964332838284,0.644732365980014
Rule 1: Believe in Danoba!,neither,0.03945320844208391,0.33037608806864915,0.630170703489267
I think I have my reward for sticking to my good habit plan!,neither,0.025962823356845504,0.41036955227169364,0.5636676243714609
Aww.,neither,0.03945320844208391,0.33037608806864915,0.630170703489267
sweeeet!,neither,0.03945320844208391,0.33037608806864915,0.630170703489267
For some reason it never shows up until later..,neither,0.025381586236166112,0.38140664364505533,0.5932117701187786
Both great shows,neither,0.0375579407024744,0.3051358667291163,0.6573061925684093
"GnS is trying to kill me with a lack of sleep, guess I'll be up til 3 am tonight",neither,0.16034779259629284,0.3211782639219788,0.5184739434817283
Beneath the Tights?,neither,0.03843498882663835,0.31168514531390124,0.6498798658594604
Behind the corps?,neither,0.03809076220791715,0.30509437721760485,0.656814860574478
Behind the Garlic.,neither,0.038581539004118905,0.3144427024049969,0.6469757585908842
Under the Fangs?,neither,0.038603396186550135,0.3148517325035392,0.6465448713099106
Behind The Masquerade 6,neither,0.03809076220791715,0.30509437721760485,0.656814860574478
Shield of 6! Callisto of Tomorrow!,neither,0.03945320844208391,0.33037608806864915,0.630170703489267
1 am here.. its ok.. :),neither,0.0800812428539172,0.29301005864442464,0.6269086985016581
Underneath the Cape?,neither,0.03843498882663835,0.31168514531390124,0.6498798658594604
or for those on the eastern NA,neither,0.04876092246665926,0.251591700227217,0.6996473773061237
Callisto Tomorrow Shield Today,neither,0.03756953718708578,0.30108028872271936,0.6613501740901949
@The12Hexes NO CAPES,neither,0.036918905254960256,0.37338982715841207,0.5896912675866277
"i wanted to call it ""Sweet Baby Stories""",neither,0.0433740390399748,0.3277692652110165,0.6288566957490087
I can't use Alpha.. my credit cards say no..,neither,0.015219825147714267,0.45234555867213866,0.532434616180147
Behind the Masquerade at Six?,neither,0.0377999290518566,0.3377275388056078,0.6244725321425357
@The12Hexes NO CAPES,neither,0.036918905254960256,0.37338982715841207,0.5896912675866277
lmao I have a music festival performance tomorrow but guess who's staying up for that,neither,0.030710747638534184,0.4149897719399826,0.5542994804214832
,neither,0.03945320844208391,0.33037608806864915,0.630170703489267
!c6merch,neither,0.03945320844208391,0.33037608806864915,0.630170703489267
Callisto 6 now has merch! Check all of it out over on the Alpha: shop.projectalpha.com/collections/callisto-6 or Geek & Sundry: https://shop.geekandsundry.com/search?q=callisto+6 stores!,neither,0.03594563276229626,0.35575340614396544,0.6083009610937382
"Is Sam, perhaps, excited?",neither,0.04615981930082083,0.32806937705864764,0.6257708036405315
ooooooh I need to see that,neither,0.043081575291016846,0.3837505147945081,0.5731679099144752
I'm so sorry @VermillionCrimson and @Slippydude You're right :D,neither,0.08691940828597061,0.37172437606860925,0.54135621564542
NO CAPES,neither,0.036918905254960256,0.37338982715841207,0.5896912675866277
Yes and I got to thank Eric a lot.. I had to. Because he deserves my thanks.,neither,0.039864186713386485,0.3674685064289259,0.5926673068576875
It was awesome,neither,0.0375051753645478,0.33361000911879574,0.6288848155166564
gandsLore sam was great on Lore Masters,neither,0.034584048104270015,0.32010017191949863,0.6453157799762314
@The12Hexes now you're on Mode,neither,0.07682544540639785,0.36047059472554005,0.5627039598680621
,neither,0.03945320844208391,0.33037608806864915,0.630170703489267
aw,neither,0.03945320844208391,0.33037608806864915,0.630170703489267
Wherever fine VODs are demanded,neither,0.0867876901117239,0.2577314198094253,0.6554808900788508
What is up with the neck tattoo on Sam??? WHat is it?,neither,0.043159249101133675,0.37634591362636094,0.5804948372725054
It was an InSamtion.,neither,0.03736619790676783,0.3253949421822606,0.6372388599109715
i adore sam's energy! they are fabulous! TransgenderPride,neither,0.05902008249631999,0.29493705349976423,0.6460428640039158
lore masters was wonderful,neither,0.039302548371521195,0.3329331826575506,0.6277642689709281
compliment hour with Sam De Leve,neither,0.03147687278380372,0.3573162688294998,0.6112068583866965
LesbianPride GayPride BisexualPride,neither,0.03945320844208391,0.33037608806864915,0.630170703489267
"hey, this is my first time catching C6 live. I'm excited!",neither,0.03326328738261713,0.4033520377974783,0.5633846748199046
#SAMPUNS,neither,0.03945320844208391,0.33037608806864915,0.630170703489267
"You know what to do, let us know what you think, register your opinion in the chat. For more #SamPuns or just general Sam facts, check them out on Twitter: twitter.com/ChaiKovsky !",neither,0.0798755427415867,0.44361081478174763,0.4765136424766655
!thursday,neither,0.03945320844208391,0.33037608806864915,0.630170703489267
"THURSDAY (All Times Pacific) - LORE MASTERS: 4-5:30pm, Ryan Green and a guest go deeper into a fandom than you may have ever thought possible! | NATURAL SELECTION: 6-6:30pm Debates between pop culture and real life! with Dan Casey and Kyle Hill | CRITICAL ROLE: 7pm-? Pacific | Voice Actors play Dungeons and Dragons 5e!",neither,0.03862616689714173,0.3313343448357225,0.6300394882671357
Sam... is that... a hickey? {:3,neither,0.042927081571601765,0.3653723596346102,0.591700558793788
@immortalduck891 WELCOME!!! !,neither,0.03945320844208391,0.33037608806864915,0.630170703489267
@immortalduck891 Welcome and Enjoy,neither,0.03860730184226345,0.28722824611601955,0.6741644520417169
You got Hector in my Lore Masters....,offensive_language,0.04141281145139622,0.6899056008103743,0.2686815877382295
Misted with Hector's essence.,neither,0.027686866552126148,0.3719273338417147,0.6003857996061591
Just for anyone unfamiliar with the Lore Masters timeslot,neither,0.01831188730169944,0.347103503704127,0.6345846089941736
"Sam, did you just kinda inslut yourself? Same, my fellow nb friend-o",neither,0.038235251118561825,0.4370861953841387,0.5246785534972994
"Wile E. Deleve, supergenius.",neither,0.03945320844208391,0.33037608806864915,0.630170703489267
The tat is programable and changes each week.,neither,0.043943862908966486,0.2897163840674282,0.6663397530236053
gandsHappy gandsHappy,neither,0.03945320844208391,0.33037608806864915,0.630170703489267
!pointsc@kbtibbs,neither,0.03945320844208391,0.33037608806864915,0.630170703489267
Puns are the highest form of comedy.,neither,0.056865580147581814,0.2853575988344185,0.6577768210179996
7 days with out a pun makes one weak,neither,0.02836071177329449,0.3914698169908577,0.5801694712358478
*Sam,neither,0.03945320844208391,0.33037608806864915,0.630170703489267
Let's begin :D,neither,0.022944649116739466,0.3671601913572825,0.6098951595259781
Here. We. Go.,neither,0.13156755280784707,0.2765461283225309,0.5918863188696221
SuperSam is Punderfilled,neither,0.081172750358939,0.3160268245287109,0.60280042511235
!whodat,neither,0.03945320844208391,0.33037608806864915,0.630170703489267
"GM Eric Campbell ( twitter.com/16BitEric ), with Aliza Pearl ( twitter.com/AlizaPearl ), Gina DeVivo ( twitter.com/PocketGina ), Sam de Leve ( twitter.com/ChaiKovsky ), Amy Dallen ( twitter.com/enthusiamy ), Hector Navarro ( twitter.com/Hectorisfunny ), and Bonnie Gordon ( twitter.com/BonnieBellG ).",neither,0.03656628259155547,0.46359893935151064,0.49983477805693394
"we need an ""i'm excited"" emote",neither,0.039435780056281955,0.32574311574784187,0.6348211041958761
pun monster. punster? Kappa,neither,0.03945320844208391,0.33037608806864915,0.630170703489267
!points @kbtibbs,neither,0.03945320844208391,0.33037608806864915,0.630170703489267
"That was an excellent pun, @kbtibbs! Here, have some points for that one! You have been awarded 23 points!",neither,0.05013159713977728,0.3824060414238869,0.5674623614363358
!points @Jakobman76,neither,0.03945320844208391,0.33037608806864915,0.630170703489267
"This looks like it's my speed of game, what system are they running on? Any quick info links?",neither,0.049519212119226094,0.3420253394456935,0.6084554484350804
,neither,0.03945320844208391,0.33037608806864915,0.630170703489267
The cast is great,neither,0.04453676955603265,0.2908278395665946,0.6646353908773728
to live or to die that is the question,neither,0.2115274954296752,0.1660029888227679,0.6224695157475568
Time to get the hell out of Cassium ASAP,offensive_language,0.04081833683916069,0.6784686076203746,0.2807130555404647
this music gets me so PUMPED,neither,0.03336187619529045,0.3999587330723093,0.5666793907324003
and my pizza is ready just in time,neither,0.03025299781648166,0.39967419626905965,0.5700728059144586
This intro is *so* triumphant!,neither,0.04818661270041691,0.37730582528268375,0.5745075620168993
@Alexanderhero83 Yes they are!,neither,0.0836987721082917,0.2613720273982844,0.6549292004934238
i got that reference,neither,0.033747354476494774,0.4281540128377307,0.5380986326857746
"yup that's Sam ""PUNisher"" De Leve",neither,0.036217122292019954,0.3654699830396503,0.5983128946683297
I got it cuz I met him as a kid..,neither,0.03516943005298644,0.4039880481475054,0.5608425217995082
the intro kills me every time,neither,0.03235437727443343,0.3628616673333569,0.6047839553922097
,neither,0.03945320844208391,0.33037608806864915,0.630170703489267
@kosih the cypher system,neither,0.03863602311522812,0.31546126039984007,0.6459027164849317
"Anton is always hugging those 3 guys in the opening, He must really likes them",neither,0.07981229792707727,0.3163010675947206,0.6038866344782022
"move over, Frank Castle. Sam De Leve is now the Pun-isher! Kappa",neither,0.04121662461385382,0.3219940511301057,0.6367893242560405
But was Paul Bearer there as well?,neither,0.03558618999765883,0.3326689547671807,0.6317448552351606
I understood that reference XD,neither,0.035890846566760504,0.36906692145914594,0.5950422319740936
and then he threw Mankind off of Hell in a Cell through the announcer's table,offensive_language,0.04242040588937917,0.538211981468699,0.4193676126419219
There's a rage cage near the hell cell.,offensive_language,0.0396475441047683,0.5431167756412094,0.41723568025402236
undertaker is life <3 <3 <3,neither,0.048506342376991814,0.43048582340049435,0.5210078342225138
there was a gauge of death in The Princess Bride.,neither,0.03881637353797263,0.29612059401900864,0.6650630324430187
Hey my first time watching live love all the rpgcontent on here for crit roll to collisto 6.,neither,0.04739202591855652,0.4001779048070631,0.5524300692743803
Eric's TBD RPG reference they love to start a video in the middle of a conversation,neither,0.04429346275541566,0.2713927394952941,0.6843137977492902
@bornashes Bah beat me to it.,neither,0.03528468243923446,0.383420382677509,0.5812949348832565
!rbschedule,neither,0.03945320844208391,0.33037608806864915,0.630170703489267
Show us!!!!!,neither,0.16769537339040438,0.2005943964582871,0.6317102301513084
"Weekend Rebroadcast Schedule will be ready later, it starts after Friday's live shows with Critical Role Rebroadcast at 11:40pm pacific",neither,0.03599135011825038,0.3483350007314389,0.6156736491503108
wrestling seems neat but a lot of the culture surrounding it is gross,neither,0.04046561855831509,0.3255858705834755,0.6339485108582094
!points @derekleeketchum,neither,0.03945320844208391,0.33037608806864915,0.630170703489267
"That was an excellent pun, @derekleeketchum! Here, have some points for that one! You have been awarded 28 points!",neither,0.05013159713977728,0.3824060414238869,0.5674623614363358
@mikeymcv0515 welcome!,neither,0.03945320844208391,0.33037608806864915,0.630170703489267
For the 3rd Anniversary stream,neither,0.03458267615868645,0.29813134996898416,0.6672859738723295
@VermillionCrimson :D,neither,0.03945320844208391,0.33037608806864915,0.630170703489267
Wrestling is great for storytelling tips.,neither,0.039265555056085186,0.288364440460299,0.6723700044836157
"Awe Hecktor, that'll be a Shamy",neither,0.03577892724118046,0.37944623550466955,0.5847748372541501
No Hector! 2 whole weeks!,neither,0.03850031056646621,0.34654925188316854,0.6149504375503654
get that sweet sweet xp,neither,0.03655567148548504,0.36386554011578787,0.5995787883987271
noo,neither,0.03945320844208391,0.33037608806864915,0.630170703489267
hector will just be a strech away.. ;),neither,0.03767250800023122,0.2998252289027731,0.6625022630969956
So Anton will be Stretched Thin the next couple of weeks!,neither,0.03953692532818293,0.344892218964508,0.6155708557073091
well time to go update the spreadsheet then,neither,0.044696751191576706,0.3330414399775292,0.6222618088308941
oh my goodness hector,neither,0.03223854755348843,0.3699768092684252,0.5977846431780863
Anton is going to be spread pretty thin,neither,0.05057250035678417,0.3492900874412053,0.6001374122020104
"Almost missed this, good thing I looked at the clock.",neither,0.037834021743001954,0.33654543073221294,0.625620547524785
I just want Luma to continue to be Anton in a dress for those 2 eps,neither,0.06126793717172625,0.262257407644477,0.6764746551837967
Does Anton lvl up??,offensive_language,0.024620088845678192,0.49502429122774105,0.48035561992658077
