text,top_class,hate_speech,offensive_language,neither
We are the Malkavian Madness Network,neither,0.059544308570959464,0.28137144774428496,0.6590842436847556
Voices from beyond the veil,neither,0.03954548890054849,0.30557024366129515,0.6548842674381564
"Welcome, Clan Malkavian!",neither,0.03945320844208391,0.33037608806864915,0.630170703489267
So how are setties in 5th,neither,0.06853738956785332,0.32864201357416734,0.6028205968579795
I am definitely a malk,neither,0.03919877554901116,0.3304635992077505,0.6303376252432384
Good morning everyone 5:30 am here,neither,0.07929871936045338,0.27451324354768836,0.6461880370918581
@ChainsawGothic i can not since it doesn't exist in my world.,neither,0.029218981563140827,0.3969680968661375,0.5738129215707218
I just popped a bottle of Cab. I’m ready!,neither,0.036250891623278936,0.34529434403459064,0.6184547643421304
i've been watching Roll 4 it's vampire game one of their party is a malk and he plays it like he's mannic it works well,neither,0.03592108333717542,0.30673352612412247,0.6573453905387021
Hey!,neither,0.03945320844208391,0.33037608806864915,0.630170703489267
@Dragonivon Chat is one single Malkavian,neither,0.046942928648010286,0.35989540526292435,0.5931616660890653
@TheOnyxPath Ah. Thanks!,neither,0.036849678133627814,0.3085744604586018,0.6545758614077704
yOOOOOOOOOOOOo,neither,0.03945320844208391,0.33037608806864915,0.630170703489267
i can't wait to see what xannder is!,neither,0.06857081451484612,0.3110027013886442,0.6204264840965097
Hello,neither,0.03945320844208391,0.33037608806864915,0.630170703489267
Good eeeevining.,neither,0.037820165765928906,0.33093776632913474,0.6312420679049364
gandsLessthanthree gandsLessthanthree gandsLessthanthree gandsLessthanthree,neither,0.03945320844208391,0.33037608806864915,0.630170703489267
hello and good evening to you too,neither,0.05825696862615413,0.3308181095872628,0.6109249217865831
"I was guessing Xander would play a Malk, maybe the audio is a clue",neither,0.04316213269190069,0.3173009539246288,0.6395369133834705
The Malkavian maddness network is where Malkav is.. so no.,neither,0.05557131840549553,0.33344573809301464,0.6109829435014899
Woohoo! :D,neither,0.03945320844208391,0.33037608806864915,0.630170703489267
Yay!,neither,0.03945320844208391,0.33037608806864915,0.630170703489267
So when does this start,offensive_language,0.018497268786727344,0.537963368901849,0.4435393623114235
So this is what malks have to deal with snippets of familiar voices here and there.,neither,0.07155720175746806,0.30536588724244196,0.62307691100009
is this dnd?,neither,0.0484976811701294,0.3289671781834557,0.6225351406464149
Hello and good morning.,neither,0.04512999541585388,0.15612491987327717,0.798745084710869
"yes, i get to see it live",neither,0.04981290758279647,0.3341803431166617,0.6160067493005417
good evening my fellow kindred,neither,0.029360962437287044,0.4044546867187072,0.5661843508440056
gandsHype gandsHype gandsHype gandsHype gandsHype gandsHype gandsHype gandsHype gandsHype gandsHype gandsHype,neither,0.03945320844208391,0.33037608806864915,0.630170703489267
Yay!!,neither,0.03945320844208391,0.33037608806864915,0.630170703489267
evening!!! woohoo,neither,0.03945320844208391,0.33037608806864915,0.630170703489267
"I feel ya Goatlord, I’m in same boat",offensive_language,0.02729629381851044,0.5677035477126866,0.40500015846880294
@TheOnyxPath just got my Beckett's Jyhad Diary its amazing!!!!,neither,0.023232775106105344,0.4523444332260541,0.5244227916678406
YUS!,neither,0.03945320844208391,0.33037608806864915,0.630170703489267
I something wrong!,neither,0.03945320844208391,0.33037608806864915,0.630170703489267
YES MALK,neither,0.03945320844208391,0.33037608806864915,0.630170703489267
Malkav!,neither,0.03945320844208391,0.33037608806864915,0.630170703489267
OMG yes a MALK,neither,0.03945320844208391,0.33037608806864915,0.630170703489267
A MALK OH BOY,neither,0.04768565599480007,0.25364348607606696,0.698670857929133
happy malk,neither,0.03945320844208391,0.33037608806864915,0.630170703489267
HOLY IRONY MALKAVIAN,neither,0.03945320844208391,0.33037608806864915,0.630170703489267
Xander! Yay! :D,neither,0.03945320844208391,0.33037608806864915,0.630170703489267
malkavian... oh boy,neither,0.04768565599480007,0.25364348607606696,0.698670857929133
YAAY XANDER!!,neither,0.03945320844208391,0.33037608806864915,0.630170703489267
yay malkavians!!!!,neither,0.03945320844208391,0.33037608806864915,0.630170703489267
A Malkavian! :D,neither,0.03945320844208391,0.33037608806864915,0.630170703489267
no jasper brownCRY,neither,0.03852177801590115,0.3461848932406789,0.6152933287434199
gandsHype gandsHype,neither,0.03945320844208391,0.33037608806864915,0.630170703489267
"Omg, yes. XD",neither,0.03945320844208391,0.33037608806864915,0.630170703489267
Malkavian confirmed,neither,0.03945320844208391,0.33037608806864915,0.630170703489267
@SniperWriter -> ONLY HULK CAPSLOCKS [warning],neither,0.03945320844208391,0.33037608806864915,0.630170703489267
Yes! We need Malkavians!,neither,0.03900432463722194,0.3318806528144947,0.6291150225482833
WOW you called it Malk,neither,0.06001867440234933,0.39557787079544865,0.5444034548022021
i knew he would be a malk,neither,0.045814282649844065,0.3260863127012884,0.6280994046488675
HEY HEY,neither,0.03945320844208391,0.33037608806864915,0.630170703489267
hyyyype we got a malk,neither,0.036550443665641745,0.42970819808802924,0.533741358246329
Oh yes a Malk,neither,0.047325668310698794,0.256798057524554,0.6958762741647472
Bruj hhaha hahaa,neither,0.03945320844208391,0.33037608806864915,0.630170703489267
"@higgensbiggens Awesome, I hope you like it!",neither,0.1508661278388342,0.2593661396631484,0.5897677324980173
yes! Malk!,neither,0.03945320844208391,0.33037608806864915,0.630170703489267
Xander! XD,neither,0.03945320844208391,0.33037608806864915,0.630170703489267
THE VOICES FORESHADOWED IT,neither,0.03669420584570019,0.31137187723100834,0.6519339169232915
malkavian love it!,neither,0.030831260484157012,0.3601344986151421,0.609034240900701
whos the stoner looking guy?,neither,0.03839981772597898,0.3235724188776208,0.6380277633964002
aww no Alex :(,neither,0.03863785203300047,0.34421481424145794,0.6171473337255414
Wait....,neither,0.03945320844208391,0.33037608806864915,0.630170703489267
where's my Jasper,neither,0.029830309466866912,0.3863585504169178,0.5838111401162152
Jasper?,neither,0.03945320844208391,0.33037608806864915,0.630170703489267
Wood Library Bard!!!,neither,0.03945320844208391,0.33037608806864915,0.630170703489267
Dear god they got a malk with them,neither,0.0385743704846927,0.4023260046791203,0.5590996248361869
Yay xanderrr,neither,0.03945320844208391,0.33037608806864915,0.630170703489267
brujah's are sadly not nazi's anymore :'(,neither,0.06224310723933833,0.29197136914765914,0.6457855236130025
JASPER!!!,neither,0.03945320844208391,0.33037608806864915,0.630170703489267
No Jasper,neither,0.03852177801590115,0.3461848932406789,0.6152933287434199
@TheOnyxPath its amazing so many great throw backs,neither,0.03379898152578539,0.3434336454941101,0.6227673729801045
No Alex :(,neither,0.03828698463382248,0.35016994969645254,0.6115430656697249
Malkavian! My guess on Twittter was correct! Yayh!,neither,0.026181426417361646,0.43247729499823206,0.5413412785844063
Alex is obfuscated.,neither,0.052118436508554467,0.3260199353649258,0.6218616281265197
no Jasper :(,neither,0.03852177801590115,0.3461848932406789,0.6152933287434199
The voices from before called upon a Malk!,neither,0.036733730273937906,0.35345850690219116,0.609807762823871
No Nosferatu.. Sadness,neither,0.03852177801590115,0.3461848932406789,0.6152933287434199
no jasper :(,neither,0.03852177801590115,0.3461848932406789,0.6152933287434199
gandsHype gandsHype gandsHype gandsHype let's do this!,neither,0.0195438059392097,0.382678239993645,0.5977779540671454
About time a fellow Malk gets some love,neither,0.028572025978929865,0.3921713490904632,0.579256624930607
wtf JASPER is MIA,offensive_language,0.04852667354701732,0.5172054220841399,0.4342679043688429
where is jasper REEEEEEEEEE,neither,0.050343113247604925,0.29434228935487966,0.6553145973975155
Oh no. Jasper ate someone.,neither,0.04296360101290335,0.30145213302423673,0.6555842659628599
I adore Xander! I have fond memories of him on Shield of Tomorrow and it is really nice seeing him here.,neither,0.06357190833191399,0.3017611724251306,0.6346669192429554
Oh... no... Jasper?,neither,0.04384654588772911,0.29441982616414436,0.6617336279481266
!whodat,neither,0.03945320844208391,0.33037608806864915,0.630170703489267
"GM Jason Carl ( twitter.com/vampiresnvino ), with Xander Jeanneret ( twitter.com/xanderrific ), Erika Ishii ( twitter.com/erikaishii ), Cynthia Marie ( twitter.com/Cyndancer ), B. Dave Walters ( twitter.com/BDaveWalters )",neither,0.03602693848152521,0.47216782693881737,0.49180523457965747
"Hmm, No Nosferatu",neither,0.038391190278684685,0.34840130794807905,0.6132075017732364
Did the Nossie die?,neither,0.28586945487268534,0.07325029287705029,0.6408802522502645
jasper is busy wasailing in the sewers,neither,0.045682398888875195,0.3140026296762267,0.6403149714348982
Alex probably couldnt make it this week,neither,0.03752709281294112,0.3463098580346357,0.616163049152423
Jaaaaaspeeeeer!,neither,0.03945320844208391,0.33037608806864915,0.630170703489267
At least there’s a reason in game,neither,0.038188127730769336,0.27682458254619624,0.6849872897230345
what is the malkavian clan about?,neither,0.051713360879944235,0.3341185714649473,0.6141680676551086
wouldn't a true Bruja anarchist hold the symbol upside down tho lol,neither,0.031218422148892398,0.3617135517789281,0.6070680260721795
Wait...this is episode 3?,neither,0.048305614753412406,0.32900054292983394,0.6226938423167536
Jasper is off having a moment.,neither,0.046026139535750035,0.3281153556598217,0.6258585048044283
For officially licensed VtM gear (and the awesome GM screen Jason is using) check out http://dogmight.com/vtm and http://bit.ly/v5spellbooktome,neither,0.034506929539736636,0.237927588715498,0.7275654817447653
those are sexy,neither,0.13247184795971478,0.1828547935969083,0.6846733584433768
No jasper or mark meer?!,neither,0.03887652693346184,0.3401638782887742,0.620959594777764
@rollmodelstv thats Xander Bonnie's co member of the library pards *does jazz hands*,neither,0.030303839756875197,0.4010933382014591,0.5686028220416657
Jasper must still be on the hunt for food. :D,neither,0.033554103502029496,0.3109019938989299,0.6555439025990407
Alex is not available this evening.,neither,0.04436409683095747,0.33322014683639806,0.6224157563326445
Manipulation?,neither,0.03945320844208391,0.33037608806864915,0.630170703489267
awww,neither,0.03945320844208391,0.33037608806864915,0.630170703489267
Jasper must be in hiding after that close call.,neither,0.037831891983914775,0.34959988745773773,0.6125682205583475
@Danoba thank you for the update,neither,0.04637239062891317,0.3294703957852425,0.6241572135858443
@Phmic5 Mark was just a guest last week.,neither,0.03610225948417611,0.34708109148009825,0.6168166490357255
im so sad now,neither,0.03838582448180164,0.423569783606714,0.5380443919114843
So my Nossie babbu Jasper isn't here tonight. That's a shame.,neither,0.050230806758673884,0.4018184419833393,0.5479507512579869
"Thanks, @Danoba",neither,0.035884468650613,0.3004919205142699,0.6636236108351171
one night we got the library bards Unfortunately they were not on the same show,neither,0.03852539824978549,0.3153946446499831,0.6460799571002315
they did a Yasha with Jasper :P,neither,0.0292445823317231,0.36575736475067705,0.6049980529175999
My Jasper is absent and i miss him,neither,0.031183689376463705,0.3616946348655139,0.6071216757580223
aaaah! take my money white wolf! gandsTwenty gandsOne,offensive_language,0.45572557373231204,0.496779909851918,0.04749451641577
lol,neither,0.020706217963973744,0.4882283491876925,0.4910654328483337
"Nice addition of a Malk, but still needs more Tremere.",neither,0.03763682449230489,0.3416951418546131,0.620668033653082
well not the sabat but those nutters are all dust,neither,0.08614096621802578,0.28276793019630114,0.6310911035856732
LUL,neither,0.03945320844208391,0.33037608806864915,0.630170703489267
@Deathstar_Taco a true brujah would be a prejudice psychopath with violent tendencies... but they changed a lot about brujah's... most unfortunate,neither,0.03182982835099775,0.364923050169165,0.6032471214798373
Vampire Daddy,neither,0.03945320844208391,0.33037608806864915,0.630170703489267
is there the you tube link for the eps,neither,0.05077568438367728,0.27966319419018737,0.6695611214261352
I'm kinda sad cuz I wanted a better Malkavian too prove that not all Malkies are homeless nutjobs..,neither,0.05086642027879376,0.37500584904019896,0.5741277306810072
is xander a cammy?,neither,0.081172750358939,0.3160268245287109,0.60280042511235
Which to me is sad.. cuz thats how people paint malkys,neither,0.06590223691994504,0.35016881387342386,0.5839289492066311
Malkavian,neither,0.03945320844208391,0.33037608806864915,0.630170703489267
bobby says hi,neither,0.03945320844208391,0.33037608806864915,0.630170703489267
"@murasakikimono On behalf of Onyx Path and White Wolf, thank you for your delicious wallet juice",offensive_language,0.2888665181894307,0.41894799791056386,0.29218548390000554
i love xander's wig,neither,0.03609969109667712,0.3460607163663087,0.6178395925370141
ah darn he's not playing tonightg I like how he plays Jasper,neither,0.051422030372555834,0.3396001678868091,0.6089778017406352
so excited for the story tonight :D,neither,0.03176810647312201,0.31157401177723937,0.6566578817496387
@gothdaddy666 no idea all he's said so far is he's malk,neither,0.05637012813074808,0.4257617539253441,0.5178681179439076
Grats @Akeeba1st,neither,0.03945320844208391,0.33037608806864915,0.630170703489267
@ferr0vax always need Tremere,neither,0.03624421372311382,0.4184832099126169,0.5452725763642693
!rbschedule,neither,0.03945320844208391,0.33037608806864915,0.630170703489267
"Weekend Rebroadcast Schedule will be ready later, it starts after Friday's live shows with Critical Role Rebroadcast at 11:40pm pacific",neither,0.03599135011825038,0.3483350007314389,0.6156736491503108
Alex is out tonight with a planned conflict.,neither,0.030965642990717832,0.3520032890760273,0.6170310679332549
:P,neither,0.03945320844208391,0.33037608806864915,0.630170703489267
Wait.. is Jasper absent this session?,neither,0.04458658359163569,0.32961933536106575,0.6257940810472986
this intro,neither,0.0393416744334776,0.3322691112752657,0.6283892142912568
Yay!!!,neither,0.03945320844208391,0.33037608806864915,0.630170703489267
wasteland weeeekend,neither,0.03945320844208391,0.33037608806864915,0.630170703489267
:D,neither,0.03945320844208391,0.33037608806864915,0.630170703489267
i love this intro sequence,neither,0.03628345066429029,0.34642748610713625,0.6172890632285736
A planned conflict.,neither,0.03945320844208391,0.33037608806864915,0.630170703489267
He'll be back next week.,neither,0.04447061270336083,0.34474954026479687,0.6107798470318422
The What Clan Is Everyone Cheat Sheet https://twitter.com/TheOnyxPath/status/1043493697889931264,neither,0.042047602661320474,0.43203768642109663,0.5259147109175829
Jasper fled and what?,neither,0.04450872223662612,0.28412252308751534,0.6713687546758585
Love this intro so much,neither,0.03326023162260421,0.3876025863833219,0.5791371819940739
thanks @GeekandSundry i guess :(,neither,0.036178591539495764,0.31503234145955306,0.6487890670009512
Is it Wasteland Weekend already?,neither,0.04586299065565322,0.34861515320619507,0.6055218561381517
but when are they going to run into the Wolves?!,neither,0.048281665161302945,0.3457423721989046,0.6059759626397925
This intro is still so gorgeous,neither,0.04506864083021928,0.3775866408805703,0.5773447182892105
I love this intro,neither,0.03628345066429029,0.34642748610713625,0.6172890632285736
n0oooo,neither,0.03945320844208391,0.33037608806864915,0.630170703489267
but I got you a Xander. A wonderful Xander.,neither,0.05245020874641332,0.4582584593979669,0.4892913318556199
the intro for this does such a good job at setting the mood for the show. Props to whoever made it.,neither,0.03397388886615382,0.32253351156240156,0.6434925995714447
um hello hot african american dude,neither,0.04189491755229445,0.2889339121153862,0.6691711703323193
Well it's nice they got someone to fill in,neither,0.042377257521823225,0.36337370461301133,0.5942490378651656
yah!,neither,0.03945320844208391,0.33037608806864915,0.630170703489267
Adulting is hard on gaming groups!,offensive_language,0.035489633027506545,0.5071895573340737,0.4573208096384198
@wrathofrathie hear hear.,neither,0.03945320844208391,0.33037608806864915,0.630170703489267
A planned conflict sounds like he has a schedule duel with someone.,neither,0.041409712066716786,0.3571438908930071,0.601446397040276
Went home to feed,neither,0.04645096570949856,0.3262924672248174,0.6272565670656841
is there a YouTube playlist of this,neither,0.046189628414887156,0.2937395721919189,0.660070799393194
Thanks @GeekandSundry !,neither,0.035884468650613,0.3004919205142699,0.6636236108351171
this opening reminds me of that old vampire cop show Forever Knight,neither,0.04045298503696851,0.33379629915076753,0.625750715812264
Jesper feed,neither,0.03945320844208391,0.33037608806864915,0.630170703489267
"un-dad, diva morticia, and baby bru...no niceferatu tonight 😢",neither,0.0370554054936383,0.3030221299970522,0.6599224645093096
!respect,neither,0.03945320844208391,0.33037608806864915,0.630170703489267
"If you would like to share opinions on our hosts, guests or fellow viewers, please do so in a respectful manner. Don't make them feel uncomfortable.",neither,0.04843323757214918,0.39559142321184637,0.5559753392160044
gandsHype gandsHype gandsHype Jasper We still love you! gandsGameEngine gandsGameEngine laraLove laraLove,neither,0.05035903339828277,0.4051262532928693,0.544514713308848
Alex is good,neither,0.04925220664956433,0.3270057632461297,0.6237420301043061
cheer300,neither,0.03945320844208391,0.33037608806864915,0.630170703489267
@GeekandSundry yes thank you for the Xander we appreciate him very much,neither,0.040720049121337865,0.33431829277775504,0.6249616581009072
No Jasper? PepeHands,neither,0.03852177801590115,0.3461848932406789,0.6152933287434199
"@xFREDERICKx no, but this will be in the weekend rebroadcast",neither,0.036102736942230054,0.3186477262867373,0.6452495367710326
When is the new Vampire the Masquerade coming out or is it out already?,neither,0.03649899137284207,0.31432549689043643,0.6491755117367216
if this was a sabbat game I'd say jasper was doing monomancy,neither,0.026445683730616586,0.3425193324210062,0.6310349838483773
@DarkestArgentum Forever Knight was such a great show. Provided a lot of inspiration for VTM Bloodlines.,neither,0.042749339127442956,0.2541796308995909,0.7030710299729662
@jessicadru so am I!,neither,0.03906002514046998,0.41495326532565996,0.54598670953387
"Omg... forever knight, I remember that! That was such a good show haha",neither,0.04005948295978424,0.37680171714544636,0.5831387998947694
@DarkestArgentum forever knight flashbacks? tell skanky I said hi,neither,0.03945320844208391,0.33037608806864915,0.630170703489267
it's out,neither,0.027543797797699603,0.36936834450996164,0.6030878576923387
Good to see you again @seratonia projWAVE,neither,0.06957728720240043,0.42667738239237124,0.5037453304052284
gandsGandsVaxSigil bleedPurple,neither,0.03945320844208391,0.33037608806864915,0.630170703489267
The game/book is out now.. its v5,neither,0.03533155038791252,0.2943230015995744,0.6703454480125131
It's out,neither,0.027543797797699603,0.36936834450996164,0.6030878576923387
@Thantoss80 :D!!!,neither,0.03945320844208391,0.33037608806864915,0.630170703489267
intro is dope!!,neither,0.04746727446797062,0.3276196832725204,0.6249130422595089
I loved forever night,neither,0.032259253877436556,0.3301392813699137,0.6376014647526497
I am glad to see Xander again though. He should be a ton of fun to see in action tonight.,neither,0.05347672554265015,0.34608787073367275,0.6004354037236771
!vtmedition,neither,0.03945320844208391,0.33037608806864915,0.630170703489267
We're playing Vampire: The Masquerade 5th Edition. Find out more here at https://www.worldofdarkness.com/v5,neither,0.06967736939163423,0.2636526420260464,0.6666699885823195
@fendorkian yes it was,neither,0.037150595117776214,0.33421200138256196,0.6286374034996619
"that new vampire on Forever Knight, though... he had French poodle hair :)",neither,0.04065419720485506,0.30934671617360077,0.649999086621544
"@jitsudaddy It came out at the beginning of August. You can find it at game stores everywhere, or order it from Modiphius' website.",neither,0.042855686654539295,0.30066817049316164,0.6564761428522992
how long has this been on,neither,0.036280722688115205,0.3427083441026475,0.6210109332092374
"yep, v5 is out",neither,0.04352419506448024,0.34785488744280757,0.6086209174927122
i love Vampire,neither,0.03615980259924816,0.34577062025063376,0.6180695771501182
they added that to nightbot after what happened last night on CR i bet i heard G&S chat got...heated,neither,0.03727144646959873,0.3744364486069451,0.5882921049234562
its a beautiful book like stunning,neither,0.04211053282020717,0.3444879535790378,0.613401513600755
good mornin blood suckers,neither,0.03896982845108277,0.3305423446132352,0.6304878269356821
@palehorn23 Just started.,neither,0.032803472495977,0.36242220823605287,0.6047743192679701
i remember forever knight... canadian vampires are great,neither,0.05263018096383674,0.2873941703655208,0.6599756486706424
I think we need a link to all of this lovely atmospheric music,neither,0.045545593612983694,0.3723865185595179,0.5820678878274984
@GeekandSundry Thanks again for running this.,neither,0.03091510185882916,0.32015789966320146,0.6489269984779694
There's a link for the previous episodes?,neither,0.034149249414672275,0.2630285495095286,0.7028222010757992
so happy they have a malk in here,neither,0.09661241201745613,0.34485669820839426,0.5585308897741496
Dude here is named X and he is gonna give it to ya,offensive_language,0.07882867856188265,0.4699830358045965,0.451188285633521
Hi @HatefulJerk !,neither,0.03945320844208391,0.33037608806864915,0.630170703489267
No Jasper :(,neither,0.03852177801590115,0.3461848932406789,0.6152933287434199
!vods,neither,0.03945320844208391,0.33037608806864915,0.630170703489267
this is the first time I got to watch this live and I always love his intro,neither,0.06063586856184723,0.3719672502626307,0.567396881175522
"@palehorn23 this episode just started, and it's the third episode of the series",neither,0.03517698831390658,0.30561839549604547,0.659204616190048
Forever Knight was my show back in the day.,neither,0.039973465831482605,0.3152688471310859,0.6447576870374314
what 'appen to my boy jasper?,neither,0.03858333931331632,0.4024744456342716,0.5589422150524122
"@palehorn23 Todays episode basically juist started, and this is the 3rd of 8 episodes",neither,0.042889082225684313,0.29856289391024543,0.6585480238640703
im so happy xander is one of my people,offensive_language,0.06055065498570554,0.5121679723115237,0.4272813727027709
Love the Forever night love. Didn't know if anyone out side of Canada saw it,neither,0.015940443152529377,0.411694250169111,0.5723653066783596
Playing a malk well is really tough...good luck.,neither,0.04506289820480223,0.32844665852354626,0.6264904432716516
Vampire Dad bought annabelle a new phone.,neither,0.04182896366988274,0.2718618512169135,0.6863091851132038
Will Jasper be on later or no? :(,neither,0.03799132065103334,0.3362979649803105,0.6257107143686561
hot toys,neither,0.03945320844208391,0.33037608806864915,0.630170703489267
,neither,0.03945320844208391,0.33037608806864915,0.630170703489267
"@superratlord We've got some theme music from previous flash movies and CDs on our YouTube channel, but we don't have any of G&S's music cues, unfortunately.",neither,0.02461790941020478,0.3367981410780196,0.6385839495117757
I encourage insanity!,neither,0.03945320844208391,0.33037608806864915,0.630170703489267
@DarkestArgentum the respect command? nah we've had that forever :),neither,0.01963942751518258,0.3377397478662569,0.6426208246185605
Forever Knight ran on late night US TV during the 90s,neither,0.04988487681368937,0.32634313324440983,0.6237719899419008
lol the gun,neither,0.028489006031044563,0.3804577632384094,0.5910532307305459
lol oh here's a phone oh also yeah a gun too,neither,0.0506801757732295,0.35679809907533305,0.5925217251514375
hahahaaha,neither,0.03945320844208391,0.33037608806864915,0.630170703489267
only 8 episodes oh no i was hoping for a longer season,neither,0.03812657993468569,0.2879813286419914,0.673892091423323
Forever Knight had those blood bags in the fridge long before True Blood did.,neither,0.04715047103157463,0.31929697591535994,0.6335525530530655
I love undad,neither,0.03217296676969875,0.3657703709031763,0.602056662327125
on a major network I should mention,neither,0.046559785372100856,0.37017649158597316,0.583263723041926
CBS,neither,0.03945320844208391,0.33037608806864915,0.630170703489267
"I did a Laciox, osrry on the spelling, Monolouge at school at a talent show",neither,0.04515503405245478,0.31000163079773596,0.6448433351498093
"Welcome to the family, Annabelle.",neither,0.04417600771337882,0.3139208612323813,0.6419031310542398
Forever Knight was great.,neither,0.03770568052089395,0.3102154550059515,0.6520788644731547
9mm glock or baretta? :D,neither,0.03945320844208391,0.33037608806864915,0.630170703489267
i hope we get season 2,neither,0.08408389644615635,0.20905209573929803,0.7068640078145456
@palehorn23 wait its only 8 episodes?,neither,0.0339175988716447,0.33228003803863543,0.6338023630897199
i have long suspected that forever night might have originally have been pitched as vampite the mascarade series,neither,0.032081068795048594,0.3717937256864787,0.5961252055184728
un-dad doling out christmas in september,neither,0.036411591657122246,0.3419016110542313,0.6216867972886464
Undad got a family plan with T Mobile.,neither,0.03017949211270251,0.39394425328937593,0.5758762545979216
"@wrathofrathie (I live in Hamilton, so I've actually been to several of Forever Knight's filming locations. ;) )",neither,0.030334910842617368,0.3430030056359515,0.626662083521431
vamp dad we love you gandsLessthanthree,neither,0.056800222839512526,0.4160210934521858,0.5271786837083018
Nothing more useless than an unloaded gun,neither,0.03875661517037078,0.3583055179014044,0.6029378669282248
You just know that phone has parental settings on it.,neither,0.040740172156436036,0.42404651881721717,0.5352133090263467
:D,neither,0.03945320844208391,0.33037608806864915,0.630170703489267
!scheduale,neither,0.03945320844208391,0.33037608806864915,0.630170703489267
Forever Knight had a big cult following.,neither,0.02745820295288932,0.3775773044855554,0.5949644925615553
"""i didnt get you anything"" hahah",neither,0.05335788737203466,0.379568850234469,0.5670732623934963
Jason Carl is a baller story teller,neither,0.045051920069973224,0.3284504344075229,0.6264976455225039
@WOMS i've seen it alot today and i've only watched 2 shows today,neither,0.016865269937359255,0.27533067684554136,0.7078040532170995
@DarkestArgentum Most people i know felt the same way,neither,0.06463517508751264,0.3211193825364377,0.6142454423760496
same,neither,0.04148851938089603,0.3488915597363099,0.609619920882794
Now Undad can text you whenever he wants!,neither,0.052985509931221454,0.43487851836798175,0.5121359717007968
That’s a mood,neither,0.0343714251695459,0.38593769553176943,0.5796908792986846
@chainsawgothic yaaaas,neither,0.03945320844208391,0.33037608806864915,0.630170703489267
!howfar,neither,0.03945320844208391,0.33037608806864915,0.630170703489267
"Wait Vampire-Daddy gave her a ""ghost"" phone? Is that even allowed lol",offensive_language,0.03155649258000085,0.5044947594042364,0.46394874801576275
"The last time she held a gun she clubbed someone with it, right?",neither,0.031070856117603834,0.47867681872176376,0.49025232516063244
i am hearing this is episode 3 of 8 that implies only 8 episodes,neither,0.04181763150344205,0.3579190198391144,0.6002633486574436
LUL get a job,neither,0.03894695895887066,0.3389684630046475,0.6220845780364818
"""you need a job"" thanks dad",neither,0.05221614361697099,0.3508027950997094,0.5969810612833195
i will watch them all,neither,0.07706210774277833,0.3795042996066968,0.5434335926505249
Hehheheheh,neither,0.03945320844208391,0.33037608806864915,0.630170703489267
Bodyguard would wor,neither,0.038772924481039625,0.3246794777624029,0.6365475977565576
"@DarkestArgentum we do it a lot during live, especially if we have front page where we get the interesting people :P",neither,0.04274403375766071,0.34420784473201566,0.6130481215103236
I remeber the Kindred The Embraced television series and it was something of an in-name only VTM television series.,neither,0.037925182520344394,0.299904442714221,0.6621703747654346
best dad,neither,0.03826232655639982,0.3204037964786843,0.641333876964916
work even,neither,0.03799196214849873,0.3551772512197293,0.606830786631772
@palehorn23 8 episodes in this season.,neither,0.039594364880392884,0.3279802949215973,0.6324253401980098
Ummm where's the Nos?,neither,0.040454245709640575,0.2779207771211507,0.6816249771692088
Has annabelle used any disciplines yet in play?,neither,0.03974127999853552,0.3254867619488113,0.6347719580526531
I give it 2 hours before Mark has the new phone number.,neither,0.03818109374533462,0.3001020069176294,0.661716899337036
"""no strings attached""",neither,0.03873646734677236,0.3425410550012885,0.6187224776519391
Annabelle GOOD that SHOULD be your attitude when carrying a gun,neither,0.054622819035818684,0.4093429871459,0.5360341938182813
Pull the string! Pull the string!,neither,0.038507669423479135,0.31305607014334236,0.6484362604331785
Made the Toreador laugh,neither,0.03834514354434648,0.30998098158638987,0.6516738748692638
"@McLugh Awe, I think that's it though.",neither,0.03503111581581975,0.3620242387081814,0.6029446454759989
thats not nothing,neither,0.034618772871333414,0.3917338248658327,0.573647402262834
@blue_sonja Alex was unable to attend tonight,neither,0.04259362717267161,0.3097289388587793,0.6476774339685492
oh no only 8 episodes but thats not enough!,neither,0.03905716313866789,0.3146607212464935,0.6462821156148387
@MissNayoung Kindred: The Embraced wasn't bad. It holds up surprisingly well.,neither,0.03277924961317047,0.36067177706632136,0.6065489733205082
I kind of wish there wasn't a rights dispute so Underworld could have been the VtM movie it was meant to be.,neither,0.042272616151489036,0.3116670520677458,0.646060331780765
only a real psycho wants to use a gun,neither,0.01773028467713929,0.47900821288374423,0.5032615024391165
more like 20mins max @krazyflower,neither,0.049709353273778116,0.33504477551377426,0.6152458712124476
I have to compliment Victor on doing a pure Ventrue move of controlling through gifts. I love it.,neither,0.038747663473063985,0.3460715927240783,0.6151807438028577
!rbschedule,neither,0.03945320844208391,0.33037608806864915,0.630170703489267
"Weekend Rebroadcast Schedule will be ready later, it starts after Friday's live shows with Critical Role Rebroadcast at 11:40pm pacific",neither,0.03599135011825038,0.3483350007314389,0.6156736491503108
"Giving a Brujah a gun, eh?",neither,0.03945320844208391,0.33037608806864915,0.630170703489267
rolling dices WutFace,neither,0.03945320844208391,0.33037608806864915,0.630170703489267
Is that Bam Margera?,neither,0.04384559497543054,0.3737484569973207,0.5824059480272488
moralities for the week,neither,0.03046954848812381,0.270962338284751,0.6985681132271252
theyre kindred theyre the essence of evil,neither,0.03897026082042236,0.3216381429305304,0.6393915962490473
"Only 8 episodes, this is an outrage I need more episodes!!!!!",neither,0.044653981013053255,0.32111698236445,0.6342290366224966
@theonyxpath nice.,neither,0.03945320844208391,0.33037608806864915,0.630170703489267
OHH she's such a puppy,neither,0.04087884419082341,0.3991800958258472,0.5599410599833295
"hahahah ""nothing personal, but you're everything I stand against."" Thanks, Brujah! :)",neither,0.055482170113806274,0.34401994321335366,0.6004978866728401
This is where you can buy some of the world of darkness stuff: https://www.worldofdarkness.com/store/home?category=ver5,neither,0.05917634512713504,0.32700785349274625,0.6138158013801186
lol Vamp Margera,neither,0.020706217963973744,0.4882283491876925,0.4910654328483337
"lol, pacifist brujah.",neither,0.020706217963973744,0.4882283491876925,0.4910654328483337
Hopefully that will help some people.,neither,0.05161851197693557,0.3568560747068335,0.591525413316231
!CR,neither,0.03945320844208391,0.33037608806864915,0.630170703489267
TheIlluminati,neither,0.03945320844208391,0.33037608806864915,0.630170703489267
"I imagine Jasper is off in a sewer somewhere, wallowing in the shame of allowing the Beast to take control...",neither,0.045141170628618846,0.3133109331982118,0.6415478961731692
Nelli serving dat look tho,neither,0.03726021176560889,0.3383137636864265,0.6244260245479647
X's gonna give it to ya,offensive_language,0.02799007772340261,0.6476160811800973,0.3243938410965001
@Danoba Aw only 8 episodes?,neither,0.03945320844208391,0.33037608806864915,0.630170703489267
!rbschedule,neither,0.03945320844208391,0.33037608806864915,0.630170703489267
"Weekend Rebroadcast Schedule will be ready later, it starts after Friday's live shows with Critical Role Rebroadcast at 11:40pm pacific",neither,0.03599135011825038,0.3483350007314389,0.6156736491503108
"now that you said it, he does look like a hipster bam margera",offensive_language,0.04601546542742228,0.4861451311516879,0.4678394034208899
She is a scholar bruhaj,neither,0.05079781159899508,0.42397672490807375,0.5252254634929312
"@Cat_of_ulthar I think I heard that 8 is the minimum, tweet and yell for another full season!",neither,0.07773324501862247,0.254213351959784,0.6680534030215936
please tell me there will be more seasons... 8 is definitely not enough,neither,0.04075356399428468,0.3108726981027038,0.6483737379030116
@Ozai75 for now ;-),neither,0.028690729876224785,0.2769107983702842,0.694398471753491
Vamp Marguera is genius,neither,0.05044627423290362,0.3265950686495308,0.6229586571175656
she doesn't role for that?,neither,0.031103346462961506,0.41473741272624676,0.5541592408107917
the vtm show was okay but it could of been so much better if they stayed truer to the source material instead of watering it down,neither,0.03375905669191521,0.33277917518198874,0.633461768126096
@Wlvrn31 at 11.40pm,neither,0.03827647705585394,0.36612493554529485,0.5955985873988513
!clock,neither,0.03945320844208391,0.33037608806864915,0.630170703489267
It is currently Friday 8:12 PM at the Geek & Sundry studio in California.,neither,0.0518458302893663,0.3295723188359369,0.6185818508746969
patchoulli,neither,0.03945320844208391,0.33037608806864915,0.630170703489267
@GeekandSundry woo,neither,0.03945320844208391,0.33037608806864915,0.630170703489267
Nelli using auspex yes! Thank you.,neither,0.05081032393532727,0.45593233168787084,0.4932573443768019
peanut butter!! LOL,neither,0.03237637687900704,0.38126979159106034,0.5863538315299326
I approve of smelling like peanut butter,neither,0.046278169282044083,0.3405849393302429,0.613136891387713
@WoodenMonkeyGod X gunna give it ya,offensive_language,0.02434870151651912,0.5846600587026082,0.3909912397808727
shave and haircut,neither,0.03869349073444459,0.29210194369081666,0.6692045655747387
the brujah and venture were mostly the same in that show,neither,0.04678454082697783,0.2371656489863658,0.7160498101866563
8 days like the number of letters in VAMPIRES,neither,0.04604447083692044,0.3292813973176682,0.6246741318454113
@Ayashisama i said this last week but if vampires started the hipster trend to make hiding easyer i wouldn't be shocked,neither,0.031661081713496186,0.3534374602424484,0.6149014580440554
XD,neither,0.03945320844208391,0.33037608806864915,0.630170703489267
two bits,neither,0.0407660999210139,0.30809289329748146,0.6511410067815048
Uh uh uh @Gibralter,neither,0.03945320844208391,0.33037608806864915,0.630170703489267
Malkavian :D,neither,0.03945320844208391,0.33037608806864915,0.630170703489267
A V:tM show produced by Aaron Spelling was never going to be all that great.,neither,0.04551648069863331,0.3921374135202715,0.5623461057810951
Hehhehehe,neither,0.03945320844208391,0.33037608806864915,0.630170703489267
What!!!!!,neither,0.057770773616808734,0.3180719994247239,0.6241572269584672
yay my Jasper,neither,0.02967751305703038,0.40527236812166423,0.5650501188213053
JASPER!!!!!!!,neither,0.03945320844208391,0.33037608806864915,0.630170703489267
Helloooooo darlings.,neither,0.03945320844208391,0.33037608806864915,0.630170703489267
Getting cell phone reception in the sewers = supernatural power,neither,0.036553426533197,0.36191217794210156,0.6015343955247014
i cant watch ep 1 of vampire need a sub TearGlove,neither,0.04288524119751717,0.32818949886861354,0.6289252599338693
I went to paint my house between shows and completely lost track of time :P,neither,0.03526502560362737,0.3619999252195887,0.6027350491767839
i love you Jasper,neither,0.05401464935182985,0.39894940016057917,0.5470359504875909
