text,top_class,hate_speech,offensive_language,neither
happy wednesday!,neither,0.03945320844208391,0.33037608806864915,0.630170703489267
hello Daisies,neither,0.03945320844208391,0.33037608806864915,0.630170703489267
hi @ladyamphy,neither,0.03945320844208391,0.33037608806864915,0.630170703489267
Hello Mademoiselle of the Solar Flora,neither,0.03865293867812907,0.3157767864699242,0.6455702748519467
evening everyone,neither,0.033219361956460275,0.4361807319725941,0.5305999060709456
Hey,neither,0.03945320844208391,0.33037608806864915,0.630170703489267
Any daisies gonna be at CR live tomorrow?,neither,0.041723158205350594,0.3853726150845041,0.5729042267101453
oh hey title card!,neither,0.043895988872189574,0.2878055630629762,0.6682984480648341
Did I miss anything?!,neither,0.03184965714655773,0.3329912980246066,0.6351590448288357
,neither,0.03945320844208391,0.33037608806864915,0.630170703489267
,neither,0.03945320844208391,0.33037608806864915,0.630170703489267
@AromiaFlyce SO MUCH,neither,0.03263919147166354,0.4173937179957508,0.5499670905325856
Yay.,neither,0.03945320844208391,0.33037608806864915,0.630170703489267
Shit!,offensive_language,0.041595751201534026,0.9584042484281707,3.702953810110442e-10
Bidet!,neither,0.03945320844208391,0.33037608806864915,0.630170703489267
you missed 15 seconds of the title card,neither,0.049243387591211385,0.3482346022129697,0.6025220101958189
Doggos and I were playing,neither,0.03891476343128183,0.25320815277856756,0.7078770837901506
gandsTWC hello lovely Daisies <3,neither,0.03945320844208391,0.33037608806864915,0.630170703489267
gandsTWC,neither,0.03945320844208391,0.33037608806864915,0.630170703489267
@AromiaFlyce @Koshirro See so much!,neither,0.03382038509403052,0.40044903073830346,0.5657305841676661
fuck now critical role will start at 11 now forme,offensive_language,0.13549469971124864,0.8326868338211109,0.03181846646764045
yo,offensive_language,0.04010381111145228,0.5271105317972344,0.4327856570913131
@AromiaFlyce TwitchUnity,neither,0.03945320844208391,0.33037608806864915,0.630170703489267
"Hey, everyone! <3",neither,0.031959242684595296,0.4575682446653829,0.5104725126500218
hi @shidareAKI,neither,0.03945320844208391,0.33037608806864915,0.630170703489267
sendin love to the mods <3,neither,0.042215576296394164,0.3233218271428863,0.6344625965607196
Want the inside scoop? Join the cast of Critical Role and discuss the most recent episode right here on Talks Machina. Tuesdays 7pm Pacific at twitch.tv/geekandsundry and projectalpha.com,neither,0.04573032993319735,0.22538911733705982,0.7288805527297427
Greetings to the magniferous @shidareAKI,neither,0.06348207243887267,0.2676115413284709,0.6689063862326565
@ImALadyDangIt hi hi hi,neither,0.03945320844208391,0.33037608806864915,0.630170703489267
What's up,neither,0.04549209283961305,0.43877665191533993,0.5157312552450469
,neither,0.03945320844208391,0.33037608806864915,0.630170703489267
Everyone here is awesome,neither,0.09185825825163967,0.3875952695808807,0.5205464721674797
hey all,neither,0.04285346742239823,0.46255625023407465,0.49459028234352725
"Hi, @g0rmyr ! :D",neither,0.03945320844208391,0.33037608806864915,0.630170703489267
its *,neither,0.02700859978372578,0.3346563596412867,0.6383350405749875
@shidareAKI wj,neither,0.03945320844208391,0.33037608806864915,0.630170703489267
How is everyone today?,neither,0.03974785376909545,0.41646672587282285,0.5437854203580818
@rathworks NO U!,neither,0.036918905254960256,0.37338982715841207,0.5896912675866277
@silenced133 are you in WA?,neither,0.10545145067564311,0.3259485203160006,0.5686000290083563
DST in the states is Nov 4,neither,0.045712541673982296,0.3139312826218475,0.6403561757041702
@g0rmyr BisexualPride BisexualPride,neither,0.03945320844208391,0.33037608806864915,0.630170703489267
@shidareAKI we're talking about australian daylight savings I think,neither,0.04896016870072313,0.3257484824736924,0.6252913488255845
We have a subscriber-only Discord server! Join here: https://discord.gg/geekandsundry (you'll need to sub and link it to your Twitch) and be a part of the fun!...Warning: It can take up to an hour for the server to update and give you access to the channels,neither,0.08464076273808444,0.286394834032893,0.6289644032290227
hi @shidareAKI I'm a bit tired - how are you?,neither,0.08443749077975271,0.3275983165941778,0.5879641926260695
Sup wednesdaisies!,neither,0.03945320844208391,0.33037608806864915,0.630170703489267
ooooooh yeah I live in a country where DST is not a thing,neither,0.038403509414481216,0.3959373473937254,0.5656591431917933
@shidareaki super excited for the Daily Wednesday!,neither,0.0346436876533421,0.2985352528086846,0.6668210595379734
thankfully,neither,0.03945320844208391,0.33037608806864915,0.630170703489267
been binging on Saga and decided I want to do Lying Cat for my next big cosplay project,neither,0.026649141737312768,0.37269785246328585,0.6006530057994013
But that means everything will be an hour later than usual,neither,0.03620044908930518,0.35058393130654897,0.613215619604146
Can't wait for the Daily Wednesday,neither,0.0342841804555798,0.29123872944801205,0.6744770900964082
@derekleeketchum You rock!,neither,0.07054237041954883,0.4136234519514734,0.5158341776289778
Do we have sound?,neither,0.04032640381590933,0.3438323430614071,0.6158412531226837
Heeelllooooo Wednesdaysies,neither,0.03945320844208391,0.33037608806864915,0.630170703489267
First time catching in a while,neither,0.0319894225050688,0.35087715832634675,0.6171334191685844
Good Zone everyone!,neither,0.03267219231145663,0.4357480000297038,0.5315798076588396
@mathemagician_ Nope.,neither,0.03945320844208391,0.33037608806864915,0.630170703489267
"Download the new Critical Role theme song for Campaign Two! http://itunes.apple.com/album/id1331550250?ls=1&app=itunes Sales of the song support the musician, Jason Charles Miller.",neither,0.04445767596344001,0.2510827790306858,0.7044595450058742
do we know that they're doing a Daily Wednesday today? It's rare that they do it with a host missing,neither,0.03681895689660649,0.3621795906918312,0.6010014524115622
Lucky the US doesnt change until the end of the month for Daylight savings,neither,0.05095748090385114,0.2918401472069552,0.6572023718891937
gandsTWC gandsTWC gandsTWC,neither,0.03945320844208391,0.33037608806864915,0.630170703489267
does any one have sound,neither,0.025581915449261954,0.4823085624920508,0.4921095220586873
much as I WANT them to do it,neither,0.055645565460600226,0.35109805433985014,0.5932563801995497
I wonder if Taliesin is going to b watching today?,neither,0.03158935459746433,0.37629166330165,0.5921189821008858
"Ok, thanks @ImALadyDangIt",neither,0.036679458346100965,0.30877397624175834,0.6545465654121406
Hello friends,neither,0.03945320844208391,0.33037608806864915,0.630170703489267
Can wednesday club get an aftershow? where they talk about talking about the thing they just talked about.... I just want more WC,neither,0.027737299307954315,0.35851373070317194,0.6137489699888737
!topic,neither,0.03945320844208391,0.33037608806864915,0.630170703489267
hi jessie,neither,0.03945320844208391,0.33037608806864915,0.630170703489267
Must be have sound issues because no background music,neither,0.03946088204860137,0.33779567693388896,0.6227434410175098
@elnetoee Quiet on my end.,neither,0.02594312331166432,0.4313960019257386,0.5426608747625971
!commands,neither,0.03945320844208391,0.33037608806864915,0.630170703489267
@souzo_ -> The bot commands for this channel are available at https://beta.nightbot.tv/t/geekandsundry/commands,neither,0.04695462833040224,0.29561718809185006,0.6574281835777477
heyyy @jessieleaf,neither,0.03945320844208391,0.33037608806864915,0.630170703489267
Hello everyone! gandsTWC,neither,0.03269494828970791,0.4450814005079928,0.5222236512022994
"Help G&S make great content! $4.99/month gets you emotes, Minecraft server access, sub-only VODs, and more! Every sub keeps the channel alive! twitch.tv/geekandsundry/subscribe",neither,0.043907990691603095,0.31135964332838284,0.644732365980014
Hello,neither,0.03945320844208391,0.33037608806864915,0.630170703489267
@jessieleaf HEY FRIEND!,neither,0.03945320844208391,0.33037608806864915,0.630170703489267
@misssunflower94 heya babe,neither,0.03945320844208391,0.33037608806864915,0.630170703489267
hey @ImALadyDangIt !,neither,0.03945320844208391,0.33037608806864915,0.630170703489267
hey hey,neither,0.03945320844208391,0.33037608806864915,0.630170703489267
"Hello, @Alexanderhero83",neither,0.03945320844208391,0.33037608806864915,0.630170703489267
friendo! @WDM1262,neither,0.03945320844208391,0.33037608806864915,0.630170703489267
I find a Wednesday club Gif on Twitter,neither,0.040129255250426196,0.3559198292925977,0.6039509154569761
"Hey, @zslayer18 ! :D",neither,0.03945320844208391,0.33037608806864915,0.630170703489267
!topics,neither,0.03945320844208391,0.33037608806864915,0.630170703489267
"To make it easier to read the five-minute topic suggestions in chat, please preface your suggestions with the word topic in all caps. For example, TOPIC: I think so and so would be great for this role.",neither,0.04149502028580888,0.331123278479518,0.6273817012346732
I'd love to see Talisen and Matt on Weave so its like the fun never stops xP,neither,0.038304778143404376,0.3651600844585132,0.5965351373980824
Does everyone have their two drinks?,offensive_language,0.025409554422457372,0.4908944598235763,0.4836959857539664
orly @Alexanderhero83 ?,neither,0.03945320844208391,0.33037608806864915,0.630170703489267
i love all the hellos at the beginning of every show,neither,0.048017480723487126,0.3256228946954001,0.6263596245811128
Hello @imaladydangit,neither,0.03945320844208391,0.33037608806864915,0.630170703489267
@Slippydude dangit!,neither,0.03945320844208391,0.33037608806864915,0.630170703489267
#stayhydrated,neither,0.03945320844208391,0.33037608806864915,0.630170703489267
!hydrate,neither,0.03945320844208391,0.33037608806864915,0.630170703489267
Hail Hydration! (Drink water!),neither,0.03945320844208391,0.33037608806864915,0.630170703489267
"got a coffee and a water, gotta stay hydrated :P",neither,0.044462360356579564,0.21307232580241406,0.7424653138410063
@aromiaflyce I wish,neither,0.03945320844208391,0.33037608806864915,0.630170703489267
I got water and apple cider!,neither,0.03779889000816738,0.3334535648204422,0.6287475451713904
Hey Wendsdasies,neither,0.03945320844208391,0.33037608806864915,0.630170703489267
I'm getting nothing on my ChromeCast?,offensive_language,0.01962095147170518,0.5413657235296933,0.4390133249986016
I'm set,neither,0.03945320844208391,0.33037608806864915,0.630170703489267
"I have water, but I should make some tea too...",neither,0.038114853424826095,0.3919432106005299,0.569941935974644
hi guys!,neither,0.03930687933907141,0.3328596748352989,0.6278334458256297
I have.... lemon flu remedy,neither,0.03895915859619714,0.3387614033207008,0.622279438083102
Here we go!,neither,0.13156755280784707,0.2765461283225309,0.5918863188696221
heyyy Xin!,neither,0.03945320844208391,0.33037608806864915,0.630170703489267
There we go,neither,0.04083933629015207,0.27628362646603744,0.6828770372438104
!!!!!,neither,0.03945320844208391,0.33037608806864915,0.630170703489267
"Hi, @phoenixgoth",neither,0.03945320844208391,0.33037608806864915,0.630170703489267
Now it’s happening,neither,0.03796022453462987,0.3308895936960992,0.631150181769271
Hi Tangy!,neither,0.03945320844208391,0.33037608806864915,0.630170703489267
heyy!,neither,0.03945320844208391,0.33037608806864915,0.630170703489267
ooohhhhh,neither,0.03945320844208391,0.33037608806864915,0.630170703489267
@shidareAKI Technically you're half way to tea,neither,0.07904666520679546,0.3385336819167677,0.5824196528764369
hey yall!,neither,0.0373829100190767,0.36551445535541816,0.5971026346255053
gandsTWC Hi Amy and Matt! Welcome Ashley!,neither,0.038935965177484114,0.30509875645752255,0.6559652783649933
WE'VE GOT MOVIE SIIIIIIGN!,neither,0.017164371256508534,0.3167787243420338,0.6660569044014577
Now I am a concern since I have no sound. Refreshing...,neither,0.03828071965196324,0.34787345138229353,0.6138458289657431
@shidareaki,neither,0.03945320844208391,0.33037608806864915,0.630170703489267
Yay!!!,neither,0.03945320844208391,0.33037608806864915,0.630170703489267
YAY,neither,0.03945320844208391,0.33037608806864915,0.630170703489267
!whodat,neither,0.03945320844208391,0.33037608806864915,0.630170703489267
"Amy Dallen ( twitter.com/enthusiamy ), Matt Key ( twitter.com/TheMattKey ), and special guest, Ashley Robinson ( twitter.com/AshleyVRobinson ).",neither,0.04752667803361525,0.4209682867593002,0.5315050352070846
dangit i walk away to get a drink and it starts,neither,0.043501500966820886,0.28484099573489013,0.671657503298289
Hi @ImALadyDangIt !,neither,0.03945320844208391,0.33037608806864915,0.630170703489267
hi people,neither,0.08609671943452742,0.32453468451780987,0.5893685960476628
"Oh, Hey Ashley V Robinson!",neither,0.043540903107105705,0.29111153846662746,0.6653475584262668
I got sound but no visual?,neither,0.03289909070331022,0.41725962371427516,0.5498412855824145
@shidareaki jcvimTeatime jcvimTeatime jcvimTeatime,neither,0.03945320844208391,0.33037608806864915,0.630170703489267
Hi guest,neither,0.03945320844208391,0.33037608806864915,0.630170703489267
love geek history lesson!,neither,0.03734441904949386,0.34012170246743645,0.6225338784830696
I can't see my deas?,neither,0.0225555406963628,0.46736447830996475,0.5100799809936725
OH NO,neither,0.04751210705993949,0.26629718932274826,0.6861907036173122
every minute of every day is tea time,neither,0.04460424766326659,0.3318571723561071,0.6235385799806263
<--- is smrt and accidentally muted the tab,neither,0.04500494016146792,0.2818404322948895,0.6731546275436425
I'mma try to refresh,neither,0.044919192778284045,0.3271639620774334,0.6279168451442826
Amy's hair so good,neither,0.03880163441021419,0.37384067292960826,0.5873576926601776
I have video here,neither,0.1272127485867119,0.1741992430193886,0.6985880083938996
ok! NOW I SEE PEOPLE,neither,0.07728468565592146,0.32707333145012896,0.5956419828939495
"Oh! Hey, I threw money at the kickstarter for this",neither,0.03693764722520747,0.27273756596062737,0.6903247868141651
I have sound and video,neither,0.04354198176458622,0.19420758061143042,0.7622504376239834
SCIENCE!,neither,0.03945320844208391,0.33037608806864915,0.630170703489267
I... I love this?,neither,0.033354624610487035,0.36213039408674813,0.6045149813027648
yay!,neither,0.03945320844208391,0.33037608806864915,0.630170703489267
!whodat,neither,0.03945320844208391,0.33037608806864915,0.630170703489267
"Amy Dallen ( twitter.com/enthusiamy ), Matt Key ( twitter.com/TheMattKey ), and special guest, Ashley Robinson ( twitter.com/AshleyVRobinson ).",neither,0.04752667803361525,0.4209682867593002,0.5315050352070846
ohmy,neither,0.03945320844208391,0.33037608806864915,0.630170703489267
Science!,neither,0.03945320844208391,0.33037608806864915,0.630170703489267
nice11,neither,0.03945320844208391,0.33037608806864915,0.630170703489267
!,neither,0.03945320844208391,0.33037608806864915,0.630170703489267
#SCIENCE,neither,0.03945320844208391,0.33037608806864915,0.630170703489267
oooo nice,neither,0.03945320844208391,0.33037608806864915,0.630170703489267
It's Gunna get your liver et by a bird!,neither,0.008238820199806056,0.1053822598583644,0.8863789199418295
Science!,neither,0.03945320844208391,0.33037608806864915,0.630170703489267
#DoTheScience,neither,0.03945320844208391,0.33037608806864915,0.630170703489267
\SCIENCE!/,neither,0.03945320844208391,0.33037608806864915,0.630170703489267
"oh no, her liver will be eaten by eagles D:",neither,0.0381184148609569,0.474912510361761,0.4869690747772821
!twc,neither,0.03945320844208391,0.33037608806864915,0.630170703489267
"Here are some handy The Wednesday Club resources! TWC Reddit: reddit.com/r/WednesdayClub/ | Discord: https://discord.gg/6QK9fVB | Wednesday Club Fanclub on Facebook: facebook.com/groups/1945232949091586/ | Send in your thoughts, comic recommendations, questions, and more to Matt, Amy, and Taliesin at thewednesdayclub@geekandsundry.com",neither,0.05001524745118048,0.31503641584425707,0.6349483367045624
science with an exclamation point is the best science,neither,0.036118683269614864,0.33366248090005307,0.630218835830332
Science!,neither,0.03945320844208391,0.33037608806864915,0.630170703489267
SCIENCE! That looks awesome,neither,0.03609712967998068,0.36679167752702785,0.5971111927929915
#Science!,neither,0.03945320844208391,0.33037608806864915,0.630170703489267
"TOPIC: If 'Airhorn Ash' was a superhero, what would her powers be? Who would her arch nemesis be? What are their powers?",offensive_language,0.03624187113931798,0.5175713013199942,0.44618682754068784
https://www.kickstarter.com/projects/jawiin/science-an-original-graphic-novel?ref=557261&token=d530bbcf,neither,0.03959937411695499,0.32789527510407274,0.6325053507789723
"Good lord, I never want my parent in my glasses.",neither,0.02361316289547738,0.46223587465453586,0.5141509624499868
!questions,neither,0.03945320844208391,0.33037608806864915,0.630170703489267
"To make it easier to read questions in chat, please preface your questions with the word question in all caps. For example, QUESTION: How are you today?",neither,0.06209713493468228,0.3342013724685751,0.6037014925967426
"Greetings to all the Wednesdaisies from Matt's parentals in Fort Worth, Texas!!",neither,0.04630387374223139,0.3535582910905164,0.6001378351672522
Having my dad in my glasses would be super awkward,neither,0.026090181425367665,0.434789579428899,0.5391202391457334
cute crushes awwww,neither,0.04101294258118851,0.3039033291463095,0.6550837282725019
@miriamkey Hiiiiiii!,neither,0.03945320844208391,0.33037608806864915,0.630170703489267
This looks sooo good,neither,0.03868159434886387,0.33228631969291994,0.6290320859582162
aw Matt Key and I have same mug!,neither,0.03910166106566956,0.31483700175196294,0.6460613371823676
prometheus is a lesson in why you don't force your partner/friend/teammate to do all the work,neither,0.06893454880991928,0.38446251458833663,0.5466029366017442
"Matt dear, it's too late, we know who you're crushing on, YOU MARRIED HER.",offensive_language,0.05999824253402327,0.5531987713992554,0.3868029860667212
You don't have to know the reference to rock the reference,neither,0.05500354666151917,0.3350856246184186,0.6099108287200622
don't tell Matt's parents he has a crush on Dr Strange,neither,0.0409978093081629,0.333184526386831,0.6258176643050061
SCIENCE!,neither,0.03945320844208391,0.33037608806864915,0.630170703489267
That's a beautiful cover,neither,0.035363703347135685,0.37489831512185506,0.5897379815310092
But Matt... you crush on your lovely wife Brittany. Nothing wrong with that,neither,0.04763135064900859,0.43123944538067305,0.5211292039703184
OH BECCA DID THE Art,neither,0.043752380997921676,0.26306528170799237,0.6931823372940858
that cover is amazing,neither,0.043264809188403225,0.3684965986050104,0.5882385922065865
@phoenixgoth don't forget dr.strange,neither,0.03945320844208391,0.33037608806864915,0.630170703489267
@phoenixgoth I think it D Strange,neither,0.03844193399068042,0.3208610200839828,0.6406970459253367
Nice!,neither,0.03945320844208391,0.33037608806864915,0.630170703489267
Trust the scienceeeeee,neither,0.03793322241478988,0.3020177051480515,0.6600490724371587
Dr Strange lol,neither,0.03237637687900704,0.38126979159106034,0.5863538315299326
well now i need jem in the wwe,neither,0.03853629333395211,0.31508845788218104,0.6463752487838669
"Putting my backing behind JohnnyJJFree's: TOPIC: If 'Airhorn Ash' was a superhero, what would her powers be? Who would her arch nemesis be? What are their powers?",offensive_language,0.03275515856577761,0.5282637586771687,0.4389810827570536
https://www.kickstarter.com/projects/jawiin/science-an-original-graphic-novel?ref=557261&token=d530bbcf,neither,0.03959937411695499,0.32789527510407274,0.6325053507789723
Thank you @ladyamphy,neither,0.07325166854587051,0.43632638485078484,0.49042194660334476
Where’s the taliman,neither,0.041253817407288125,0.23395106775790875,0.724795114834803
Science!,neither,0.03945320844208391,0.33037608806864915,0.630170703489267
google always ignores my punctuation,neither,0.029195425219228847,0.4425639685488672,0.5282406062319039
He's already in New York,neither,0.04772771813529178,0.25762570683513425,0.694646575029574
@PopaCacaWheelie NYCC,neither,0.03945320844208391,0.33037608806864915,0.630170703489267
I could be a teacher at Science Hogwarts? Can I be one IRL? Kappa,neither,0.03918751100084373,0.3640885072545083,0.5967239817446479
@PopaCacaWheelie New York.,neither,0.043993638777221754,0.21578564592526434,0.7402207152975139
I loved the All Ages episode,neither,0.03996143504030765,0.3705985773218753,0.589439987637817
Ahh forgot about NYCC,neither,0.0382384390722498,0.350993894570161,0.6107676663575893
42 months ay caramba...,neither,0.03945320844208391,0.33037608806864915,0.630170703489267
I thought Jody Houser was the Queen of Comics?,neither,0.04093378915528166,0.25478495432677156,0.7042812565179468
Jody is also currently at NYCC,neither,0.04419046914827547,0.3444312282206332,0.6113783026310914
Uncle Matt is not a regular uncle - he's a cool uncle,neither,0.25697485601374426,0.14060622616434537,0.6024189178219104
RIGHT!!1,neither,0.03719022913728602,0.3744360956046963,0.5883736752580178
I miss Taliesin being on Being on Three show a week,neither,0.03348400185100611,0.3362784436522407,0.6302375544967531
Also Hi Mr and Mrs Matt's parents,neither,0.03893303661117453,0.30494714342553114,0.6561198199632943
"Cool Uncle Matt. Yeah, that tracks",neither,0.07388585752707656,0.3489549417111814,0.5771592007617421
The beginning of this channel,neither,0.03860061789192067,0.31764423407644315,0.6437551480316361
I do enjoy the fact that we frequently have the parents of G&S people in chat,neither,0.05148295732658007,0.34028715010873806,0.608229892564682
Hi Miss Sunflower...,neither,0.03137645994784249,0.3331540522399874,0.63546948781217
Welcome to chat @miriamkey,neither,0.04674495432957894,0.3261264912221777,0.6271285544482434
:D,neither,0.03945320844208391,0.33037608806864915,0.630170703489267
@shidareaki Look forward to Star Wars Age of Republic comics,neither,0.044559679641809,0.3276430944854916,0.6277972258726994
"Hullo, @miriamkey!!!",neither,0.03945320844208391,0.33037608806864915,0.630170703489267
Will there be a Daily Wednesday?,neither,0.04089730834661063,0.27666426680037914,0.6824384248530102
I wonder if Jody will have any announcements at con this week!,neither,0.028290980252033818,0.37096812678785285,0.6007408929601133
Hi Matt's parents!,neither,0.03945320844208391,0.33037608806864915,0.630170703489267
They probably don't want to do the Daily Wednesday without Tal,neither,0.04313301687183,0.32753530868414277,0.6293316744440273
happy Graduation,neither,0.03945320844208391,0.33037608806864915,0.630170703489267
@miriamkey Hello Ma'am,neither,0.0328121913354425,0.44026613550582616,0.5269216731587314
@shidareAKI I suspect that Jody is writing all the things,neither,0.04228419432503204,0.38880518640390793,0.56891061927106
She always is!,offensive_language,0.053521970966675526,0.561175069559248,0.38530295947407656
!twc,neither,0.03945320844208391,0.33037608806864915,0.630170703489267
"Here are some handy The Wednesday Club resources! TWC Reddit: reddit.com/r/WednesdayClub/ | Discord: https://discord.gg/6QK9fVB | Wednesday Club Fanclub on Facebook: facebook.com/groups/1945232949091586/ | Send in your thoughts, comic recommendations, questions, and more to Matt, Amy, and Taliesin at thewednesdayclub@geekandsundry.com",neither,0.05001524745118048,0.31503641584425707,0.6349483367045624
that is a LARGe mug,neither,0.04273005713468983,0.36352603265448297,0.5937439102108271
Nice pillow,neither,0.03945320844208391,0.33037608806864915,0.630170703489267
!questions Don't forget we are taking your questions for your hosts!,neither,0.09310817801510471,0.2760809825533694,0.6308108394315259
"To make it easier to read questions in chat, please preface your questions with the word question in all caps. For example, QUESTION: How are you today?",neither,0.06209713493468228,0.3342013724685751,0.6037014925967426
"Man, I like that Matt's parents are here watching. If I were on a live, viewable thing, I'd want my parents to watch, too.",neither,0.06351085090729741,0.40566855887621506,0.5308205902164875
"Honestly Matt, if you ever did your own comic, the Daisies would buy you out.",neither,0.08280451354134395,0.4099077520932065,0.5072877343654494
