text,top_class,hate_speech,offensive_language,neither
I'm set,neither,0.03945320844208391,0.33037608806864915,0.630170703489267
"I have water, but I should make some tea too...",neither,0.038114853424826095,0.3919432106005299,0.569941935974644
hi guys!,neither,0.03930687933907141,0.3328596748352989,0.6278334458256297
I have.... lemon flu remedy,neither,0.03895915859619714,0.3387614033207008,0.622279438083102
Here we go!,neither,0.13156755280784707,0.2765461283225309,0.5918863188696221
heyyy Xin!,neither,0.03945320844208391,0.33037608806864915,0.630170703489267
There we go,neither,0.04083933629015207,0.27628362646603744,0.6828770372438104
!!!!!,neither,0.03945320844208391,0.33037608806864915,0.630170703489267
"Hi, @phoenixgoth",neither,0.03945320844208391,0.33037608806864915,0.630170703489267
Now it’s happening,neither,0.03796022453462987,0.3308895936960992,0.631150181769271
Hi Tangy!,neither,0.03945320844208391,0.33037608806864915,0.630170703489267
heyy!,neither,0.03945320844208391,0.33037608806864915,0.630170703489267
ooohhhhh,neither,0.03945320844208391,0.33037608806864915,0.630170703489267
@shidareAKI Technically you're half way to tea,neither,0.07904666520679546,0.3385336819167677,0.5824196528764369
hey yall!,neither,0.0373829100190767,0.36551445535541816,0.5971026346255053
gandsTWC Hi Amy and Matt! Welcome Ashley!,neither,0.038935965177484114,0.30509875645752255,0.6559652783649933
WE'VE GOT MOVIE SIIIIIIGN!,neither,0.017164371256508534,0.3167787243420338,0.6660569044014577
Now I am a concern since I have no sound. Refreshing...,neither,0.03828071965196324,0.34787345138229353,0.6138458289657431
@shidareaki,neither,0.03945320844208391,0.33037608806864915,0.630170703489267
Yay!!!,neither,0.03945320844208391,0.33037608806864915,0.630170703489267
YAY,neither,0.03945320844208391,0.33037608806864915,0.630170703489267
!whodat,neither,0.03945320844208391,0.33037608806864915,0.630170703489267
"Amy Dallen ( twitter.com/enthusiamy ), Matt Key ( twitter.com/TheMattKey ), and special guest, Ashley Robinson ( twitter.com/AshleyVRobinson ).",neither,0.04752667803361525,0.4209682867593002,0.5315050352070846
dangit i walk away to get a drink and it starts,neither,0.043501500966820886,0.28484099573489013,0.671657503298289
Hi @ImALadyDangIt !,neither,0.03945320844208391,0.33037608806864915,0.630170703489267
hi people,neither,0.08609671943452742,0.32453468451780987,0.5893685960476628
"Oh, Hey Ashley V Robinson!",neither,0.043540903107105705,0.29111153846662746,0.6653475584262668
I got sound but no visual?,neither,0.03289909070331022,0.41725962371427516,0.5498412855824145
@shidareaki jcvimTeatime jcvimTeatime jcvimTeatime,neither,0.03945320844208391,0.33037608806864915,0.630170703489267
Hi guest,neither,0.03945320844208391,0.33037608806864915,0.630170703489267
love geek history lesson!,neither,0.03734441904949386,0.34012170246743645,0.6225338784830696
I can't see my deas?,neither,0.0225555406963628,0.46736447830996475,0.5100799809936725
OH NO,neither,0.04751210705993949,0.26629718932274826,0.6861907036173122
every minute of every day is tea time,neither,0.04460424766326659,0.3318571723561071,0.6235385799806263
<--- is smrt and accidentally muted the tab,neither,0.04500494016146792,0.2818404322948895,0.6731546275436425
I'mma try to refresh,neither,0.044919192778284045,0.3271639620774334,0.6279168451442826
Amy's hair so good,neither,0.03880163441021419,0.37384067292960826,0.5873576926601776
I have video here,neither,0.1272127485867119,0.1741992430193886,0.6985880083938996
ok! NOW I SEE PEOPLE,neither,0.07728468565592146,0.32707333145012896,0.5956419828939495
"Oh! Hey, I threw money at the kickstarter for this",neither,0.03693764722520747,0.27273756596062737,0.6903247868141651
I have sound and video,neither,0.04354198176458622,0.19420758061143042,0.7622504376239834
SCIENCE!,neither,0.03945320844208391,0.33037608806864915,0.630170703489267
I... I love this?,neither,0.033354624610487035,0.36213039408674813,0.6045149813027648
yay!,neither,0.03945320844208391,0.33037608806864915,0.630170703489267
!whodat,neither,0.03945320844208391,0.33037608806864915,0.630170703489267
"Amy Dallen ( twitter.com/enthusiamy ), Matt Key ( twitter.com/TheMattKey ), and special guest, Ashley Robinson ( twitter.com/AshleyVRobinson ).",neither,0.04752667803361525,0.4209682867593002,0.5315050352070846
ohmy,neither,0.03945320844208391,0.33037608806864915,0.630170703489267
Science!,neither,0.03945320844208391,0.33037608806864915,0.630170703489267
nice11,neither,0.03945320844208391,0.33037608806864915,0.630170703489267
!,neither,0.03945320844208391,0.33037608806864915,0.630170703489267
#SCIENCE,neither,0.03945320844208391,0.33037608806864915,0.630170703489267
oooo nice,neither,0.03945320844208391,0.33037608806864915,0.630170703489267
It's Gunna get your liver et by a bird!,neither,0.008238820199806056,0.1053822598583644,0.8863789199418295
Science!,neither,0.03945320844208391,0.33037608806864915,0.630170703489267
#DoTheScience,neither,0.03945320844208391,0.33037608806864915,0.630170703489267
\SCIENCE!/,neither,0.03945320844208391,0.33037608806864915,0.630170703489267
"oh no, her liver will be eaten by eagles D:",neither,0.0381184148609569,0.474912510361761,0.4869690747772821
!twc,neither,0.03945320844208391,0.33037608806864915,0.630170703489267
"Here are some handy The Wednesday Club resources! TWC Reddit: reddit.com/r/WednesdayClub/ | Discord: https://discord.gg/6QK9fVB | Wednesday Club Fanclub on Facebook: facebook.com/groups/1945232949091586/ | Send in your thoughts, comic recommendations, questions, and more to Matt, Amy, and Taliesin at thewednesdayclub@geekandsundry.com",neither,0.05001524745118048,0.31503641584425707,0.6349483367045624
science with an exclamation point is the best science,neither,0.036118683269614864,0.33366248090005307,0.630218835830332
Science!,neither,0.03945320844208391,0.33037608806864915,0.630170703489267
SCIENCE! That looks awesome,neither,0.03609712967998068,0.36679167752702785,0.5971111927929915
#Science!,neither,0.03945320844208391,0.33037608806864915,0.630170703489267
"TOPIC: If 'Airhorn Ash' was a superhero, what would her powers be? Who would her arch nemesis be? What are their powers?",offensive_language,0.03624187113931798,0.5175713013199942,0.44618682754068784
https://www.kickstarter.com/projects/jawiin/science-an-original-graphic-novel?ref=557261&token=d530bbcf,neither,0.03959937411695499,0.32789527510407274,0.6325053507789723
"Good lord, I never want my parent in my glasses.",neither,0.02361316289547738,0.46223587465453586,0.5141509624499868
!questions,neither,0.03945320844208391,0.33037608806864915,0.630170703489267
"To make it easier to read questions in chat, please preface your questions with the word question in all caps. For example, QUESTION: How are you today?",neither,0.06209713493468228,0.3342013724685751,0.6037014925967426
"Greetings to all the Wednesdaisies from Matt's parentals in Fort Worth, Texas!!",neither,0.04630387374223139,0.3535582910905164,0.6001378351672522
Having my dad in my glasses would be super awkward,neither,0.026090181425367665,0.434789579428899,0.5391202391457334
cute crushes awwww,neither,0.04101294258118851,0.3039033291463095,0.6550837282725019
@miriamkey Hiiiiiii!,neither,0.03945320844208391,0.33037608806864915,0.630170703489267
This looks sooo good,neither,0.03868159434886387,0.33228631969291994,0.6290320859582162
aw Matt Key and I have same mug!,neither,0.03910166106566956,0.31483700175196294,0.6460613371823676
prometheus is a lesson in why you don't force your partner/friend/teammate to do all the work,neither,0.06893454880991928,0.38446251458833663,0.5466029366017442
"Matt dear, it's too late, we know who you're crushing on, YOU MARRIED HER.",offensive_language,0.05999824253402327,0.5531987713992554,0.3868029860667212
You don't have to know the reference to rock the reference,neither,0.05500354666151917,0.3350856246184186,0.6099108287200622
don't tell Matt's parents he has a crush on Dr Strange,neither,0.0409978093081629,0.333184526386831,0.6258176643050061
SCIENCE!,neither,0.03945320844208391,0.33037608806864915,0.630170703489267
That's a beautiful cover,neither,0.035363703347135685,0.37489831512185506,0.5897379815310092
But Matt... you crush on your lovely wife Brittany. Nothing wrong with that,neither,0.04763135064900859,0.43123944538067305,0.5211292039703184
OH BECCA DID THE Art,neither,0.043752380997921676,0.26306528170799237,0.6931823372940858
that cover is amazing,neither,0.043264809188403225,0.3684965986050104,0.5882385922065865
@phoenixgoth don't forget dr.strange,neither,0.03945320844208391,0.33037608806864915,0.630170703489267
@phoenixgoth I think it D Strange,neither,0.03844193399068042,0.3208610200839828,0.6406970459253367
Nice!,neither,0.03945320844208391,0.33037608806864915,0.630170703489267
Trust the scienceeeeee,neither,0.03793322241478988,0.3020177051480515,0.6600490724371587
Dr Strange lol,neither,0.03237637687900704,0.38126979159106034,0.5863538315299326
well now i need jem in the wwe,neither,0.03853629333395211,0.31508845788218104,0.6463752487838669
"Putting my backing behind JohnnyJJFree's: TOPIC: If 'Airhorn Ash' was a superhero, what would her powers be? Who would her arch nemesis be? What are their powers?",offensive_language,0.03275515856577761,0.5282637586771687,0.4389810827570536
https://www.kickstarter.com/projects/jawiin/science-an-original-graphic-novel?ref=557261&token=d530bbcf,neither,0.03959937411695499,0.32789527510407274,0.6325053507789723
Thank you @ladyamphy,neither,0.07325166854587051,0.43632638485078484,0.49042194660334476
Where’s the taliman,neither,0.041253817407288125,0.23395106775790875,0.724795114834803
Science!,neither,0.03945320844208391,0.33037608806864915,0.630170703489267
google always ignores my punctuation,neither,0.029195425219228847,0.4425639685488672,0.5282406062319039
He's already in New York,neither,0.04772771813529178,0.25762570683513425,0.694646575029574
@PopaCacaWheelie NYCC,neither,0.03945320844208391,0.33037608806864915,0.630170703489267
I could be a teacher at Science Hogwarts? Can I be one IRL? Kappa,neither,0.03918751100084373,0.3640885072545083,0.5967239817446479
@PopaCacaWheelie New York.,neither,0.043993638777221754,0.21578564592526434,0.7402207152975139
I loved the All Ages episode,neither,0.03996143504030765,0.3705985773218753,0.589439987637817
Ahh forgot about NYCC,neither,0.0382384390722498,0.350993894570161,0.6107676663575893
42 months ay caramba...,neither,0.03945320844208391,0.33037608806864915,0.630170703489267
I thought Jody Houser was the Queen of Comics?,neither,0.04093378915528166,0.25478495432677156,0.7042812565179468
Jody is also currently at NYCC,neither,0.04419046914827547,0.3444312282206332,0.6113783026310914
Uncle Matt is not a regular uncle - he's a cool uncle,neither,0.25697485601374426,0.14060622616434537,0.6024189178219104
RIGHT!!1,neither,0.03719022913728602,0.3744360956046963,0.5883736752580178
I miss Taliesin being on Being on Three show a week,neither,0.03348400185100611,0.3362784436522407,0.6302375544967531
Also Hi Mr and Mrs Matt's parents,neither,0.03893303661117453,0.30494714342553114,0.6561198199632943
"Cool Uncle Matt. Yeah, that tracks",neither,0.07388585752707656,0.3489549417111814,0.5771592007617421
The beginning of this channel,neither,0.03860061789192067,0.31764423407644315,0.6437551480316361
I do enjoy the fact that we frequently have the parents of G&S people in chat,neither,0.05148295732658007,0.34028715010873806,0.608229892564682
Hi Miss Sunflower...,neither,0.03137645994784249,0.3331540522399874,0.63546948781217
Welcome to chat @miriamkey,neither,0.04674495432957894,0.3261264912221777,0.6271285544482434
:D,neither,0.03945320844208391,0.33037608806864915,0.630170703489267
@shidareaki Look forward to Star Wars Age of Republic comics,neither,0.044559679641809,0.3276430944854916,0.6277972258726994
"Hullo, @miriamkey!!!",neither,0.03945320844208391,0.33037608806864915,0.630170703489267
Will there be a Daily Wednesday?,neither,0.04089730834661063,0.27666426680037914,0.6824384248530102
I wonder if Jody will have any announcements at con this week!,neither,0.028290980252033818,0.37096812678785285,0.6007408929601133
Hi Matt's parents!,neither,0.03945320844208391,0.33037608806864915,0.630170703489267
They probably don't want to do the Daily Wednesday without Tal,neither,0.04313301687183,0.32753530868414277,0.6293316744440273
happy Graduation,neither,0.03945320844208391,0.33037608806864915,0.630170703489267
@miriamkey Hello Ma'am,neither,0.0328121913354425,0.44026613550582616,0.5269216731587314
@shidareAKI I suspect that Jody is writing all the things,neither,0.04228419432503204,0.38880518640390793,0.56891061927106
She always is!,offensive_language,0.053521970966675526,0.561175069559248,0.38530295947407656
!twc,neither,0.03945320844208391,0.33037608806864915,0.630170703489267
"Here are some handy The Wednesday Club resources! TWC Reddit: reddit.com/r/WednesdayClub/ | Discord: https://discord.gg/6QK9fVB | Wednesday Club Fanclub on Facebook: facebook.com/groups/1945232949091586/ | Send in your thoughts, comic recommendations, questions, and more to Matt, Amy, and Taliesin at thewednesdayclub@geekandsundry.com",neither,0.05001524745118048,0.31503641584425707,0.6349483367045624
that is a LARGe mug,neither,0.04273005713468983,0.36352603265448297,0.5937439102108271
Nice pillow,neither,0.03945320844208391,0.33037608806864915,0.630170703489267
!questions Don't forget we are taking your questions for your hosts!,neither,0.09310817801510471,0.2760809825533694,0.6308108394315259
"To make it easier to read questions in chat, please preface your questions with the word question in all caps. For example, QUESTION: How are you today?",neither,0.06209713493468228,0.3342013724685751,0.6037014925967426
"Man, I like that Matt's parents are here watching. If I were on a live, viewable thing, I'd want my parents to watch, too.",neither,0.06351085090729741,0.40566855887621506,0.5308205902164875
"Honestly Matt, if you ever did your own comic, the Daisies would buy you out.",neither,0.08280451354134395,0.4099077520932065,0.5072877343654494
lmaoooooo,neither,0.03945320844208391,0.33037608806864915,0.630170703489267
We're waiting on a Key Questions Comic!,neither,0.050795799846107874,0.32041766707205105,0.628786533081841
My god Matt you are so precious,neither,0.062268638859359945,0.44347988023920026,0.49425148090143983
Jody is Doing the Star Wars Age of Republic Comic,neither,0.043974397705941116,0.3181583675627131,0.6378672347313459
Haha!,neither,0.03186685585600258,0.45913629025701075,0.5089968538869867
I would totally buy Matt Key's guide to Doctor Strange,neither,0.042568333895788034,0.3255033180175926,0.6319283480866194
@shidareAKI I would by all the issues of Key Question!,neither,0.0403530660466756,0.39941164561320325,0.5602352883401213
"Don't stop, more cool comics!",neither,0.04101059633826391,0.3866283693166439,0.5723610343450922
Where super hero Mr. Key answers the queries of the universe!,neither,0.03947325538833645,0.2948742324342005,0.6656525121774631
My visuals keep freezing so I'm basically listening to the show as a podcast now lol,neither,0.037148610097627474,0.40738167529825325,0.5554697146041193
+1 Poptart of Stopping,neither,0.03945320844208391,0.33037608806864915,0.630170703489267
let's not forget Walloch & Key @shidareAKI,neither,0.024374486764262265,0.3656593169331077,0.60996619630263
"wow this lady has a lot of energy,",neither,0.039689937024868296,0.3263581862064279,0.6339518767687037
I'm just realizing the old couch is back! Or is it just the old skin on a new couch?,neither,0.04099577612529976,0.2993152729435319,0.6596889509311684
!whodat,neither,0.03945320844208391,0.33037608806864915,0.630170703489267
"Amy Dallen ( twitter.com/enthusiamy ), Matt Key ( twitter.com/TheMattKey ), and special guest, Ashley Robinson ( twitter.com/AshleyVRobinson ).",neither,0.04752667803361525,0.4209682867593002,0.5315050352070846
is there a link to the ks?,neither,0.056166954359506645,0.2634205080826065,0.6804125375578868
who needs a dishwasher,neither,0.04052180603743835,0.434971414763008,0.5245067791995537
We have a different set last week because of the fashion show.,neither,0.0479045152944063,0.27812375000855,0.6739717346970437
We have a subscriber-only Discord server! Join here: https://discord.gg/geekandsundry (you'll need to sub and link it to your Twitch) and be a part of the fun!...Warning: It can take up to an hour for the server to update and give you access to the channels,neither,0.08464076273808444,0.286394834032893,0.6289644032290227
That’s cool she’s taking care of her fpeople with their pay,offensive_language,0.024614330003042237,0.6066256829736244,0.36875998702333335
kickstarter link? it sounds like it was still active,neither,0.043783096629384,0.3541800158170868,0.6020368875535292
Let me see if I can hunt it down for you!,neither,0.016964794123201447,0.4308888510408477,0.5521463548359509
More comics!,neither,0.04148097430408516,0.3198152807841912,0.6387037449117237
everyone make comics! yay!,neither,0.03478153441776529,0.4096665883589995,0.5555518772232352
"Help G&S make great content! $4.99/month gets you emotes, Minecraft server access, sub-only VODs, and more! Every sub keeps the channel alive! twitch.tv/geekandsundry/subscribe",neither,0.043907990691603095,0.31135964332838284,0.644732365980014
I like backing comics on kickstarter because they usually throw the overages back at the creatives involved rather than not-really-related things like a lot of the tech ones do,neither,0.04462844786283139,0.3417866955109561,0.6135848566262125
@shidareaki was it not a different couch the week before last? or am I remembering wrong?,neither,0.03528479742153688,0.3610403130028973,0.6036748895755658
Did anyone else see the table move?,neither,0.03878371012778225,0.3182052209601304,0.6430110689120875
https://www.kickstarter.com/projects/jawiin/science-an-original-graphic-novel?ref=557261&token=d530bbcf,neither,0.03959937411695499,0.32789527510407274,0.6325053507789723
ah @shidareAKI thought it was queued up. i can google.,neither,0.038920906957745575,0.2864959601433531,0.6745831328989013
That table is haunted,neither,0.04444948424633428,0.37904610453910226,0.5765044112145635
...or .. thanks @ladyamphy,neither,0.036411375695886636,0.3049041722744494,0.658684452029664
!whodat,neither,0.03945320844208391,0.33037608806864915,0.630170703489267
"Amy Dallen ( twitter.com/enthusiamy ), Matt Key ( twitter.com/TheMattKey ), and special guest, Ashley Robinson ( twitter.com/AshleyVRobinson ).",neither,0.04752667803361525,0.4209682867593002,0.5315050352070846
,neither,0.03945320844208391,0.33037608806864915,0.630170703489267
@DJPheonyx I blame Alice,neither,0.03945320844208391,0.33037608806864915,0.630170703489267
@DJPheonyx I did and sort of assumed it was a weird visual effect from my brain,neither,0.03243128375398267,0.34588439736648197,0.6216843188795355
"""D'aww, Amy!"" forever mood",neither,0.03945320844208391,0.33037608806864915,0.630170703489267
(ditto),neither,0.03945320844208391,0.33037608806864915,0.630170703489267
"@djpheonyx that's no table, that's a mimic! Kappa",neither,0.032914750472897374,0.40609055013406886,0.5609946993930336
Where is Tal?,neither,0.050343113247604925,0.29434228935487966,0.6553145973975155
the table has superpowers,neither,0.03901857445813108,0.31053708571975797,0.650444339822111
NYCC,neither,0.03945320844208391,0.33037608806864915,0.630170703489267
@kaisanerd At NYCC,neither,0.038568654689471384,0.35728445358008215,0.6041468917304463
