text,top_class,hate_speech,offensive_language,neither
What time does critical role start in eastern time?,neither,0.032388315486158094,0.4251974280251368,0.542414256488705
Lore Me Sempai!,neither,0.018491955366437673,0.460246435692358,0.5212616089412043
AT the USUAL time delayed from the 'live' preformance,neither,0.04091586277109686,0.32382431972336784,0.6352598175055353
10pm :|,neither,0.03945320844208391,0.33037608806864915,0.630170703489267
gandsLore gandsLore gandsLore gandsLore gandsLore,neither,0.03945320844208391,0.33037608806864915,0.630170703489267
"But like, what is 7:00 eastern?",neither,0.058366648642127955,0.3451061338919215,0.5965272174659505
Oh,neither,0.051363287716059566,0.22255663153133606,0.7260800807526044
Oh schnap are we taking Chunin exams today chat octoLewd,neither,0.06490740393925055,0.23576354691819384,0.6993290491425554
We have a subscriber-only Discord server! Join here: https://discord.gg/geekandsundry (you'll need to sub and link it to your Twitch) and be a part of the fun!...Warning: It can take up to an hour for the server to update and give you access to the channels,neither,0.08464076273808444,0.286394834032893,0.6289644032290227
Hi Sam and Xander!,neither,0.038621672206741384,0.2880516605338784,0.6733266672593803
Interesting. Okey dokey!,neither,0.03945320844208391,0.33037608806864915,0.630170703489267
Yay it's a Sam Lore Masters :D,neither,0.038045501606441594,0.3308602630006717,0.6310942353928868
YAS That jacket,neither,0.03587467250738092,0.3692454792976915,0.5948798481949277
"This will be my first time ever watching critical role live, I’m so excited",neither,0.031589343332678765,0.40696157261787924,0.5614490840494419
"Hector is on our side of the big pond, in Europe... no clue about Ryan",neither,0.028144302583609462,0.4049489317056125,0.5669067657107781
!time,neither,0.036668274527354654,0.377643684699956,0.5856880407726893
gandsHug gandsHug gandsHug,neither,0.03945320844208391,0.33037608806864915,0.630170703489267
"Download the new Critical Role theme song for Campaign Two! http://itunes.apple.com/album/id1331550250?ls=1&app=itunes Sales of the song support the musician, Jason Charles Miller.",neither,0.04445767596344001,0.2510827790306858,0.7044595450058742
!clock,neither,0.03945320844208391,0.33037608806864915,0.630170703489267
It is currently Thursday 4:04 PM at the Geek & Sundry studio in California.,neither,0.05234240336133375,0.32952281131013816,0.6181347853285281
Xander is totez adorbz,neither,0.081172750358939,0.3160268245287109,0.60280042511235
BELIEVE IT! @shidareAKI,neither,0.0371157565344616,0.3311800449649461,0.6317041985005923
I still need to finish watching the last 80 or so episodes of Naruto,neither,0.0421359265117345,0.3525862026892353,0.6052778707990302
"""back in my day"" :P I remember fansubs <3",neither,0.027520038507772914,0.41171204839978276,0.5607679130924443
"Help G&S make great content! $4.99/month gets you emotes, Minecraft server access, sub-only VODs, and more! Every sub keeps the channel alive! twitch.tv/geekandsundry/subscribe",neither,0.043907990691603095,0.31135964332838284,0.644732365980014
79 fillers Andyinsomnia :(,neither,0.03945320844208391,0.33037608806864915,0.630170703489267
,neither,0.03945320844208391,0.33037608806864915,0.630170703489267
oh its thursday 4 not friday 4 right now. oh hell my mind blowed for a moment sorry :/ this time things confused me,offensive_language,0.029653872101136132,0.517577379539379,0.4527687483594849
It looks like the Dreamcast symbol,neither,0.047014542910246426,0.3293730820846346,0.623612375005119
octoHA H O K A G E octoHA,neither,0.03945320844208391,0.33037608806864915,0.630170703489267
must have been nice to be an otaku in cali where it was WAY eayer to get things like fansubs in the east coast we were lucky for 4kids dubs in the early 90's,neither,0.046744897141134265,0.2805465629859172,0.6727085398729485
hi,neither,0.03945320844208391,0.33037608806864915,0.630170703489267
@SenatraGG That isn't uncommon,neither,0.03327374043918881,0.39823389460473113,0.56849236495608
projWAVE Hello everyone. Hope you're all having a fantastic evening.,neither,0.08998615526865807,0.3790214037960596,0.5309924409352823
Hi @HatefulJerk,neither,0.03945320844208391,0.33037608806864915,0.630170703489267
:OOO Sam AND Xander?!,neither,0.03869145245089433,0.2919884171104687,0.669320130438637
Look at my lovely Sam,neither,0.030384177209994527,0.4245567321619592,0.5450590906280462
!whodat,neither,0.03945320844208391,0.33037608806864915,0.630170703489267
"Sam de Leve ( twitter.com/ChaiKovsky ), and, Xander Jeanneret ( twitter.com/Xanderrific ).",neither,0.03816239499665237,0.42967107905493024,0.5321665259484174
#samfacts,neither,0.03945320844208391,0.33037608806864915,0.630170703489267
"This has been Facts With Sam! #SamFacts Also, bench press builds the muscles you use to gandsHug, so it's SUPER important for them to get those cuddle-gains! Sam is the Sovereign of Hugs! All hail Their Majesty of Hugs Sam de Leve! For more facts about random things follow Sam at: twitter.com/ChaiKovsky",neither,0.03897935538359827,0.3894333033978542,0.5715873412185475
@HatefulJerk everyone else is either in newyork or Europe,neither,0.04022492892079151,0.3949371571826561,0.5648379138965525
"Phoenix is in the house, too! Hi Phoenix!",neither,0.043031824586157064,0.32248472681977575,0.6344834485940672
your friday 4pm is my saturday 2am but I'm confused so I took it like it was tonight (for me),neither,0.04272845323213039,0.3979642535136974,0.559307293254172
Hi @shidareAKI,neither,0.03945320844208391,0.33037608806864915,0.630170703489267
What does the Fox say Naruto?,neither,0.02947284853865531,0.4349858835285222,0.5355412679328224
"@DJPheonyx hahaha I was actually referring to Sam's chair, which is named Phoenix",neither,0.04709497092394766,0.32792856752663263,0.6249764615494199
But hello to you too!,neither,0.06472935483163417,0.39923793810946034,0.5360327070589055
sasuke-itachi arc - 1st time I actually cried NotLikeThis,neither,0.038740022295819604,0.342480718238279,0.6187792594659013
,neither,0.03945320844208391,0.33037608806864915,0.630170703489267
Hi @EricaTheStrange,neither,0.03945320844208391,0.33037608806864915,0.630170703489267
EricaTheStrange HeyGuys,neither,0.03945320844208391,0.33037608806864915,0.630170703489267
Are we talking Shippuden spoilers or only specificlly pre time skip spoilers?,neither,0.05607495609829156,0.3135548283420238,0.6303702155596845
ppl hate on naruto and 90% of that is the filler arcs wich yea most are trash,neither,0.1859134314086882,0.10293100302666858,0.7111555655646432
Well a lot of people had the same issue with Bleach's filler episodes,neither,0.0467324053710305,0.346465091637157,0.6068025029918126
And One Piece,neither,0.037324215382696466,0.3184189092814008,0.6442568753359028
"Yup, filler episodes can kill an anime.",neither,0.2451341650396302,0.2295228447736932,0.5253429901866765
Filler is always gona be an issue with anime that are based off ongoing manga,neither,0.045856173361491136,0.37422047301801414,0.5799233536204949
"It´s not currently running on TV in my country AFAIK, but wehen it was on, I sometimes watched it.... it was okay, to watch",neither,0.0344538670324812,0.38542883132677597,0.5801173016407428
I for one had issues with BSG's filler episodes in the second season (the newer BSG),neither,0.028217615053872307,0.3320912305663226,0.6396911543798051
"Naruto, One Piece and Pokemon all have annoying characters that i can't stand!",neither,0.03680104228276343,0.39263213553893883,0.5705668221782978
Doesn't Sakura wear like a fooooorm of a QiPao?,neither,0.053188147287573956,0.34989317552572224,0.5969186771867038
Pretty much if your not following the story from the Manga theres no reason to make the show. Especially when you think of how expensive it is to animate.,neither,0.05546277373625352,0.328325315526178,0.6162119107375685
Check out Pokemon Origins or Generations Series. They are short but imo waaaay better for older fans,neither,0.0424734117777818,0.3088659288848966,0.6486606593373215
"Yep, that's true of a lot of manga/anime. It doesn't help that a lot of them lean hard into stereotypical tropes.",neither,0.03640262997420703,0.4602587579379779,0.5033386120878152
@shidareAKI naruto had a couple of decent fillers that were prety good but the one with the kid obsesed with Tsubaki flowers and the crystal chakra user DRAAAAAGED,neither,0.025541016188389262,0.3546798952330995,0.6197790885785112
"Oh, yay! It's Sam and Xander! :D",neither,0.041769454044037924,0.2524350491844783,0.7057954967714838
*claps* nice one same,neither,0.03946345191439866,0.3657613027594467,0.5947752453261546
Yeah I never made it into the Naruto or One Piece world. I like short anime. I could never commit to anything longer than a 24 episode run.,neither,0.03376588674068452,0.41930577583233614,0.5469283374269793
"yay Naruto. I loved watching it so much, but I have to ask: fillers. love them or hate them? I personally thought they weren't that bad on there own, they defenitely gave a sense of the world a bit more... but there was just so much, that after a while you start wondering 'is this really going to matter in 30 minutes when we are at the next episode?'?",neither,0.09315538033175493,0.3305179170375273,0.5763267026307178
"The difference is that in the East, they have a wider market for different subgenres of comics, as in Europe. Its really only here in the states that capes dominated the medium.",neither,0.04551260886138113,0.33011584623877555,0.6243715448998434
Dragonball imho is the worst with a single arena fight lasting for several episodes,neither,0.03467010214128895,0.31596674095691596,0.6493631569017951
@shidareAKI the long runnign ones i HIGHLY recomend reading the manga before touching the anime you will know where to skip,neither,0.04762684559228652,0.3278534689144198,0.6245196854932936
"@shidareAKI Same problem. I mean, My Hero Academia, but I didn't know it was gonna run 3+ season.",neither,0.02323929792667285,0.44337517600385506,0.5333855260694721
...though i LOVED sailor moons Doom tree arc Alans flute was my ringtone for a long time,neither,0.03088113802606391,0.3634604625277664,0.6056583994461696
They did that with Duels in Yugioh @Ossborn,neither,0.022137291451254322,0.4319635453847487,0.545899163163997
Bidet chat & all.,neither,0.04205769333956054,0.43287008382728376,0.5250722228331557
Hi @flashwavexl,neither,0.03945320844208391,0.33037608806864915,0.630170703489267
"@Smarcey ""Thank"" the comics code for that, for better or worst",neither,0.030595109057888276,0.3053648163236193,0.6640400746184925
Naruto is gonna try to pull off a Legend of Kora,neither,0.05120075779256422,0.3626684797664539,0.5861307624409818
WhatADumpling True.,neither,0.03945320844208391,0.33037608806864915,0.630170703489267
"@DarkestArgentum and here is my other pillar of ""nerd shame"" I don't like manga or comics much. I do buy and try to read independent runs written by friends, but the sheer volume and the style of the media has never lit my world on fire. XD",neither,0.044342367591384206,0.35164306770844306,0.6040145647001728
Haha,neither,0.03186685585600258,0.45913629025701075,0.5089968538869867
"I'm sorry, I'm new here, is there some sort of stream schedule somewhere?",neither,0.0646692089026187,0.24323711774349926,0.692093673353882
The Yu-Gi-Oh shows i like,neither,0.051648745897670184,0.2900048478574919,0.6583464062448379
@WizardWithATopHat right below the video window :),neither,0.04236052508579805,0.25467042357784425,0.7029690513363577
"Im sorry, can someone tell me the hosts name?",neither,0.031978700179884516,0.37371788800144073,0.5943034118186747
!whodat,neither,0.03945320844208391,0.33037608806864915,0.630170703489267
"Sam de Leve ( twitter.com/ChaiKovsky ), and, Xander Jeanneret ( twitter.com/Xanderrific ).",neither,0.03816239499665237,0.42967107905493024,0.5321665259484174
thank you,neither,0.07325166854587051,0.43632638485078484,0.49042194660334476
what time is critical role tonight,neither,0.04703757876495868,0.32251538857621387,0.6304470326588275
"It's a weird thought, but I'd want to see Xander GM a Naruto RPG",neither,0.04349164497327407,0.2539599684882241,0.7025483865385018
"Critical Role (C2ep37) is scheduled to be streamed at its usual time , though it will not be 'live', it will be delayed 1 hour so stream will begin at the usual 7 pm Pacific time.",neither,0.042050149945227135,0.346795936427664,0.6111539136271087
Sam de freakin' Leve our very favoritest NB,neither,0.03945320844208391,0.33037608806864915,0.630170703489267
@darock44 same time as usual,neither,0.03733897836654802,0.385778896608833,0.576882125024619
The main arcs are like Diet coke and the fillers are like store brand coke,neither,0.09848252465738282,0.2594420695410218,0.6420754058015954
@darock44 Same time as always,neither,0.034867936916699635,0.4609714509967894,0.504160612086511
the last 100ish episodes of original Naruto are skippable filler,neither,0.05907158724671438,0.28058127484218925,0.6603471379110962
Filler eps are basically like the EU of Star Wars,neither,0.07052754534160038,0.29179747740500506,0.6376749772533945
"I just dont believe the answer that ""people will loose interest"" if the show goes off the air to wait for original story from the Manga. Dont waste money making crappy animation just stop production and make something else.... =/",neither,0.040181786441238695,0.31154954951039576,0.6482686640483656
"There's some good filler, but Naruto making ramen with the Rasengan is where I draw the line :P",neither,0.030623932319907236,0.29502234267367855,0.6743537250064141
Xander played X the Malkavian so well last Fri.,neither,0.03863364503010671,0.3525792804076949,0.6087870745621984
We have a subscriber-only Discord server! Join here: https://discord.gg/geekandsundry (you'll need to sub and link it to your Twitch) and be a part of the fun!...Warning: It can take up to an hour for the server to update and give you access to the channels,neither,0.08464076273808444,0.286394834032893,0.6289644032290227
@EricaTheStrange but all we really want is Diet Coke and Mentos excitement all the time,neither,0.04216880268432367,0.3927553416009755,0.5650758557147008
There 100% ignoreable,neither,0.03936855404489313,0.2713116774115096,0.6893197685435973
There are sites you can go to that tell you what to skip.,neither,0.11016988878573895,0.3442473194697557,0.5455827917445055
it wouldn't be exciting if we had it all the time @Deathstar_Taco,neither,0.025666444394741243,0.4223179093949289,0.55201564621033
In every instance,neither,0.03945320844208391,0.33037608806864915,0.630170703489267
@flashwavexl I loved X! It was a great episode! :D,neither,0.03656308569496108,0.3108709497247249,0.6525659645803139
"Help G&S make great content! $4.99/month gets you emotes, Minecraft server access, sub-only VODs, and more! Every sub keeps the channel alive! twitch.tv/geekandsundry/subscribe",neither,0.043907990691603095,0.31135964332838284,0.644732365980014
"Some filler episodes are good, but many are just trash, no matter what show has them",neither,0.08805726281449948,0.15149820019761162,0.7604445369878888
"absolutely. there are some filler that was legitimately interesting, funny, or cool to watch. unfortunately the other 80% was sooooo forgettable, it really hurt.",neither,0.046808032106446074,0.31729116305720584,0.6359008048363481
Ah yes... the Renegade Viewing,neither,0.0388106109395817,0.31870246216243675,0.6424869268979816
"Xander, you underestimate my power!",offensive_language,0.04250740145692472,0.5372815320685782,0.4202110664744972
Machete Order sounds proper.,neither,0.03945320844208391,0.33037608806864915,0.630170703489267
"some filler anime is totally all right if you are into goofy non canon stuff, like the stuff in DBZ",neither,0.05189632721382743,0.4061094749910197,0.5419941977951529
isn't it like 35% filler?,neither,0.049462884444373294,0.3482640393444673,0.6022730762111593
Watch it after you get through the real episodes. LUL,neither,0.045806446456193854,0.4330803111708837,0.5211132423729223
