text,top_class,hate_speech,offensive_language,neither
best you can do is look up the name of the panda emotes and try to find the aggregate site that lists who owns them,neither,0.06084190972738088,0.3218038809644694,0.6173542093081498
is this the last live show?,neither,0.07416019690354779,0.23061160747358161,0.6952281956228706
I got an Apple Fritter for after the break,neither,0.03300330776254836,0.32460862660032985,0.6423880656371217
i got pizza,neither,0.03768668082690573,0.3941240949637281,0.5681892242093661
We have a subscriber-only Discord server! Join here: https://discord.gg/geekandsundry (you'll need to sub and link it to your Twitch) and be a part of the fun!...Warning: It can take up to an hour for the server to update and give you access to the channels,neither,0.08464076273808444,0.286394834032893,0.6289644032290227
"not sure how my depth perception is so horrific that I just failed to bite a candy 3 times in a row, but here we are",neither,0.058646580367822984,0.43869760508623556,0.5026558145459414
I’m going to miss a lot of today’s episode because of work but I’m stoked to be here for the beginning!,neither,0.05438855759657739,0.29810686736593,0.6475045750374926
i love it!,neither,0.030831260484157012,0.3601344986151421,0.609034240900701
Yay!!!!,neither,0.03945320844208391,0.33037608806864915,0.630170703489267
SuperPUNK,neither,0.03945320844208391,0.33037608806864915,0.630170703489267
!whodat,neither,0.03945320844208391,0.33037608806864915,0.630170703489267
"GM Eric Campbell ( twitter.com/16BitEric ), with Aliza Pearl ( twitter.com/AlizaPearl ), Gina DeVivo ( twitter.com/PocketGina ), Sam de Leve ( twitter.com/ChaiKovsky ), Bonnie Gordon ( twitter.com/BonnieBellG ).",neither,0.03611009252026458,0.46833136219334254,0.49555854528639287
@shidareaki since my aux crew was so close tomy heart i ha e to share tea.,neither,0.03613826771714837,0.4002054697554386,0.5636562625274132
"Super Punk, Super Punk, she's super punky, nawh",neither,0.055997331764653796,0.11628406784259085,0.8277186003927554
the gm has spoken,neither,0.03903262601396419,0.31120474282507254,0.6497626311609633
Nice,neither,0.03945320844208391,0.33037608806864915,0.630170703489267
dual guests hype,neither,0.03945320844208391,0.33037608806864915,0.630170703489267
superpunks neat,neither,0.03945320844208391,0.33037608806864915,0.630170703489267
"that's what it is, they ran from her spike waving",offensive_language,0.03836044452729395,0.4833562109413131,0.47828334453139293
"Download the new Critical Role theme song for Campaign Two! http://itunes.apple.com/album/id1331550250?ls=1&app=itunes Sales of the song support the musician, Jason Charles Miller.",neither,0.04445767596344001,0.2510827790306858,0.7044595450058742
Now she can launch that thing without frightening Hector,neither,0.03702445826914834,0.4574003801694263,0.5055751615614253
Anton & Cass Have been kidnaped?,neither,0.03789547781232249,0.3568148422086922,0.6052896799789853
lol bonnie,neither,0.020706217963973744,0.4882283491876925,0.4910654328483337
ooh,neither,0.03945320844208391,0.33037608806864915,0.630170703489267
I saw Hector in Prague on HyperRPGs channel. XD,neither,0.036618663971120666,0.34399106102572563,0.6193902750031537
so no one decided to take that stick away from bonny yet,neither,0.04161397607885597,0.38954659235907,0.5688394315620742
Will Sam get to be on Fan Personing,neither,0.04402824957845981,0.3287117694669519,0.6272599809545883
"Help G&S make great content! $4.99/month gets you emotes, Minecraft server access, sub-only VODs, and more! Every sub keeps the channel alive! twitch.tv/geekandsundry/subscribe",neither,0.043907990691603095,0.31135964332838284,0.644732365980014
@philbe63 it could be possible Hector will be like getting vibes while at NYCC and dodging invisible things there,neither,0.041591217945818694,0.3345827683899671,0.6238260136642143
It's Friday! \o/,neither,0.03730267510763682,0.3311157550963673,0.6315815697959959
That was a perfect Amy impression wow xD,neither,0.036654804782951945,0.3611809375825043,0.6021642576345438
lmao amy callout day,neither,0.03893135846047242,0.3329594237181529,0.6281092178213746
aww that's Amy,neither,0.03598946276615171,0.36797873123451613,0.5960318059993321
I didn't even know who they were talking about because I just came in xD,neither,0.025811102891821633,0.4328459846943482,0.5413429124138301
!Amy,neither,0.03945320844208391,0.33037608806864915,0.630170703489267
"Internet Sensation Amy Dallen is a comic enthusiast, a Geek & Sundry host, and a wonderfully thoughtful and charming fan-centric person! She plays 'Curie' in the Future Girl webseries! Find her at twitter.com/enthusiamy and check out Future Girl here, http://bit.ly/1U6LQdy",neither,0.04242970691477908,0.3812436685823175,0.5763266245029034
Where’s hector?,neither,0.04379278224195774,0.2567221952996476,0.6994850224583946
Amy is amazing!!!! love her so much,offensive_language,0.03275637763067898,0.5446048930922743,0.4226387292770467
NYCC?,neither,0.03945320844208391,0.33037608806864915,0.630170703489267
gandsLessthanthree,neither,0.03945320844208391,0.33037608806864915,0.630170703489267
Hector is in Europe,neither,0.049306264322219746,0.3269871703336564,0.623706565344124
Hector is in Europe Amy is at NYCC,neither,0.04997255786058242,0.34220364612991006,0.6078237960095075
Awesome!!! :D,neither,0.03945320844208391,0.33037608806864915,0.630170703489267
Megaman XI?! mad cray,neither,0.03945320844208391,0.33037608806864915,0.630170703489267
Aaah I'm late I was eating dinner,neither,0.03933963061313803,0.33230380024037415,0.6283565691464877
Amy said you too Kind.,neither,0.05397706428969888,0.3764154478298999,0.5696074878804012
ah Europe yeah,neither,0.02487334851328013,0.43066407547906843,0.5444625760076515
Ok,neither,0.03935517884257045,0.3320399062092607,0.6286049149481688
Bonnie is so lonely,neither,0.05100474979065197,0.3880348475271625,0.5609604026821856
Hey how do you subscribe to a channel through twitch prime?,neither,0.05523353411287373,0.35509380705068594,0.5896726588364405
!prime,neither,0.03945320844208391,0.33037608806864915,0.630170703489267
"If you have Amazon Prime or Amazon Prime Video, you can link your account to Twitch , and get Twitch Prime! This gives you one free Twitch subscription, and other cool stuff each month! Link your account at: twitch.amazon.com/prime - How to use the free subscription at: http://bit.ly/HowToSubWithTwitchPrime - REMEMBER: Subscriptions done through Twitch Prime will need to be manually renewed each month!",neither,0.04660741059459432,0.3340380786822325,0.6193545107231732
video games are life ok,neither,0.06658150304641076,0.25768439493847367,0.6757341020151156
awww <3 sam,neither,0.03945320844208391,0.33037608806864915,0.630170703489267
Someone go sit with bonnie!,neither,0.028451308931977316,0.3779627563404644,0.5935859347275583
https://clips.twitch.tv/SingleGorgeousArmadilloCeilingCat,neither,0.03945320844208391,0.33037608806864915,0.630170703489267
The re-release of Symphony of the Night is coming this month as well.,neither,0.04623426394261032,0.3156586644436625,0.6381070716137272
Was there no fan art this past week?,neither,0.03867518656176855,0.31245860817470333,0.6488662052635282
cheer300,neither,0.03945320844208391,0.33037608806864915,0.630170703489267
Is the new assassin creed game good?,neither,0.04768703308276111,0.20870280619141743,0.7436101607258213
I can't wait for library bard hands,neither,0.03465824866712375,0.3015968647029213,0.663744886629955
@philbe63 Maybe during the break,neither,0.038574989866194946,0.3143200328489679,0.6471049772848372
boone_faustus omg is that a remaster/remake?,neither,0.043070749623708535,0.3667076863336913,0.5902215640426002
@boone_faustus squee,neither,0.03945320844208391,0.33037608806864915,0.630170703489267
@jeffm0307 That was an amazing link for your clip,neither,0.050802742805783375,0.32954191801578325,0.6196553391784333
Audio strange for anyone else?,neither,0.035158282631975644,0.3089138158535642,0.6559279015144602
when is the next CR rebroadcast`?,neither,0.035212036619704894,0.3698685523717188,0.5949194110085763
chat i found the pandas rooAww,neither,0.038487689517132134,0.31267986770597156,0.6488324427768962
@Mr_Snasen after the live shows are over for Friday,neither,0.05283447354684239,0.26331697960078887,0.6838485468523687
"@elizabethjoy77 lol Oh, yeah. That's my nickname. :P",offensive_language,0.01649660696759809,0.5157136687395885,0.46778972429281346
gandsHR,neither,0.03945320844208391,0.33037608806864915,0.630170703489267
!rbschedule,neither,0.03945320844208391,0.33037608806864915,0.630170703489267
The weekend rebroadcast schedule will be ready after Friday's live shows,neither,0.042809699957480414,0.3068154529236168,0.6503748471189027
the music was odd,neither,0.03847512699238516,0.3165533051044678,0.6449715679031471
@Mr_Snasen After all live programming ends,neither,0.04546082398234783,0.3951633284839384,0.5593758475337137
"next cr4 rebroadcast follows end of live shows for the day ,,,FRIDAY (All Times Pacific) CALLISTO 6: 4-7pm, | VAMPIRE: THE MASQUERADE - L.A. BY NIGHT 8-11pm .",neither,0.035459545035504296,0.3476736663967551,0.6168667885677407
gandsHR ;),neither,0.03945320844208391,0.33037608806864915,0.630170703489267
@hhmpf It's a emulated version of the original bundled with Rondo of Blood with trophies.,neither,0.026174000906466727,0.3643252335965974,0.6095007654969359
I still like the going public option.,neither,0.04500430072794746,0.364001694401875,0.5909940048701774
gandsNopeNopeNope kylan cross,neither,0.03945320844208391,0.33037608806864915,0.630170703489267
Bonnie so alone right now - bring on the guest stars asap!,neither,0.03664070120084729,0.36536633537946206,0.5979929634196907
"Hi-C day, the ecto-cooler punch was deadly",neither,0.03910244359800617,0.31114714845958563,0.6497504079424082
"Am I the only one here who noticed that Gina wore the that thing (I don't know the name of it) to her right arm today, but she was wearing it to her left before :D",offensive_language,0.04138487501638056,0.5711455000620027,0.3874696249216168
I hope Xander poses with her for a Library Bards joke,neither,0.0393066030699339,0.39987668850501834,0.5608167084250477
"@VermillionCrimson For most superheroes, I agree, but that's for people who understand their powers better and more importantly, know they can't be taken away. Our superpunks here... don't know that.",neither,0.05768249591257354,0.32158434647297385,0.6207331576144526
boone_faustus cool. will check out for sure thanks,neither,0.02758755415285792,0.3916610642106669,0.5807513816364752
They are calling it Castlevania Requiem.,neither,0.07506657841387487,0.26869935301819525,0.6562340685679299
"I missed the opening, Hector and Amy at NYCC?",neither,0.03791559327382476,0.3096904351733885,0.6523939715527868
@SIAST Yep,neither,0.03945320844208391,0.33037608806864915,0.630170703489267
Hector is in Europe,neither,0.049306264322219746,0.3269871703336564,0.623706565344124
"@SIAST Actually, Hector is in Prague",neither,0.05286932674103992,0.32576166978145,0.62136900347751
Amy is at NYCC,neither,0.04544086436191919,0.34785404413364246,0.6067050915044383
@jeffm0307 thanks,neither,0.035884468650613,0.3004919205142699,0.6636236108351171
"whoops, almost forgot.",neither,0.03945320844208391,0.33037608806864915,0.630170703489267
cheers,neither,0.03945320844208391,0.33037608806864915,0.630170703489267
Hector is living the good life,neither,0.042495846863210125,0.3730778693552227,0.5844262837815672
"Okey I get it. I am the only one here who have ""eyes"".",neither,0.07480640916147986,0.35373872058762207,0.5714548702508981
poor bonny needs to sit alone,neither,0.045328882740097456,0.32692974610552455,0.6277413711543779
"I have a feeling Kylen's plan involves ""drawing"" the power source of the the cast in way that would kill them. Basically capturing them.",neither,0.1547009783213891,0.26394787014810284,0.5813511515305082
will CR be rebroadcasted anymore,neither,0.04120412778158178,0.3115416086914529,0.6472542635269652
Good luck in your future lives than,neither,0.06197565073420831,0.3300620512809458,0.6079622979848459
unpredictable? he is going to try out for America got talent,neither,0.1423274129634966,0.2898988523035555,0.5677737347329478
I think choice 2,neither,0.04011641049543585,0.31911981840382964,0.6407637711007346
Hey folks! Are Amy and Hector out this week? :(,neither,0.052240948384631426,0.2822316262726689,0.6655274253426996
Luma is Awesome,neither,0.051604876223397336,0.3261965722966076,0.622198551479995
!rbschedule,neither,0.03945320844208391,0.33037608806864915,0.630170703489267
The weekend rebroadcast schedule will be ready after Friday's live shows,neither,0.042809699957480414,0.3068154529236168,0.6503748471189027
@misroi Yes,neither,0.03945320844208391,0.33037608806864915,0.630170703489267
"@misroi Amy is at nycc, hector is abroad",neither,0.05214763614776348,0.34423362260810364,0.6036187412441328
Oh,neither,0.051363287716059566,0.22255663153133606,0.7260800807526044
"i miss Luma Mom,",neither,0.030674012896472758,0.33339565599208626,0.635930331111441
@seratonia Thanks!,neither,0.035884468650613,0.3004919205142699,0.6636236108351171
Bonnie is sitting alone FeelsBadMan,neither,0.04879182056860935,0.3271641111306512,0.6240440683007394
Interphase!,neither,0.03945320844208391,0.33037608806864915,0.630170703489267
"There's only one Oniko, others are distraction holoclones",neither,0.06448411877898313,0.27377477017046353,0.6617411110505534
im here @fuffybutt,neither,0.1434662745688758,0.31005087564986566,0.5464828497812586
awwwwww pupper,neither,0.03945320844208391,0.33037608806864915,0.630170703489267
@JeffM0307 Has Hector gone to the World series of Poker Europe do you know?,neither,0.05413231023858853,0.339946447570059,0.6059212421913526
