text,top_class,hate_speech,offensive_language,neither
"Hi, boys and ghouls.",neither,0.03856050881087559,0.28451474297789553,0.6769247482112288
Vampire hours are easy I just woke up a few hours a go.,neither,0.04797324963582542,0.3472038124468503,0.6048229379173243
Is Jasper Back?,neither,0.04816456976848439,0.32737985144377757,0.624455578787738
CET?! That's so far away I've never heard of it! XD,neither,0.018375871346825032,0.39078739562935677,0.5908367330238183
WHATS UP YALL,neither,0.03488296541637876,0.4177347262345854,0.5473823083490359
Hi @ChainsawGothic,neither,0.03945320844208391,0.33037608806864915,0.630170703489267
is there traditionally much combat in VtM? Is it the show's direction that makes this seem more like a stage play?,neither,0.05742335174464987,0.28411100601984157,0.6584656422355086
Woohoo,neither,0.03945320844208391,0.33037608806864915,0.630170703489267
SHOW TIME,neither,0.06421964423691781,0.2395865376180287,0.6961938181450534
pah - try it in GMT...,neither,0.03716054624727081,0.3311646397288517,0.6316748140238775
HELLLO ALL,offensive_language,0.046917543854519406,0.6277741405869331,0.3253083155585475
ooOOooOOooooOoooo,neither,0.03945320844208391,0.33037608806864915,0.630170703489267
no light no sound,neither,0.037833383601263565,0.3578687430233397,0.6042978733753969
:d,neither,0.03945320844208391,0.33037608806864915,0.630170703489267
Nope,neither,0.03945320844208391,0.33037608806864915,0.630170703489267
critroleBidet,neither,0.03945320844208391,0.33037608806864915,0.630170703489267
@chaoticloony ... /bow,neither,0.03945320844208391,0.33037608806864915,0.630170703489267
We have a subscriber-only Discord server! Join here: https://discord.gg/geekandsundry (you'll need to sub and link it to your Twitch) and be a part of the fun!...Warning: It can take up to an hour for the server to update and give you access to the channels,neither,0.08464076273808444,0.286394834032893,0.6289644032290227
this show got me into VTM wooo,neither,0.04538620324413126,0.34329819804456396,0.6113155987113047
jasper?,neither,0.03945320844208391,0.33037608806864915,0.630170703489267
"@knightly2u no, but Xander is",neither,0.046485836863569226,0.3703223621438243,0.5831918009926064
"@fussybucket not much combat, more store",neither,0.06394855579459051,0.3171644425671843,0.6188870016382253
pennyDark pennyDark pennyDark,neither,0.03945320844208391,0.33037608806864915,0.630170703489267
"""happy families"" >.>",neither,0.03945320844208391,0.33037608806864915,0.630170703489267
Fangtastic here we go!,neither,0.13156755280784707,0.2765461283225309,0.5918863188696221
No jasper?,neither,0.03852177801590115,0.3461848932406789,0.6152933287434199
Yes mate,neither,0.03945320844208391,0.33037608806864915,0.630170703489267
V word DansGame,neither,0.03945320844208391,0.33037608806864915,0.630170703489267
yaaaaay X! \o/,neither,0.03945320844208391,0.33037608806864915,0.630170703489267
no jasper,neither,0.03852177801590115,0.3461848932406789,0.6152933287434199
Ok Ilike X's look so far,neither,0.041298695559556876,0.379539204347776,0.5791621000926672
"Woo, X is back.",neither,0.048451469057048224,0.3272811736225007,0.624267357320451
@fussybucket the amount of combat really depends on the campaign,neither,0.03639078284550122,0.31774813090373877,0.64586108625076
@Wannabe_Cat tyvm,neither,0.03945320844208391,0.33037608806864915,0.630170703489267
awwwwww,neither,0.03945320844208391,0.33037608806864915,0.630170703489267
Yay!!!,neither,0.03945320844208391,0.33037608806864915,0.630170703489267
Alex Ward got a job he couldn't turn down for this week. He'll be back!,neither,0.04105503045679181,0.33816646433028946,0.6207785052129188
,neither,0.03945320844208391,0.33037608806864915,0.630170703489267
no jasper,neither,0.03852177801590115,0.3461848932406789,0.6152933287434199
THEY ALL look so gooood,offensive_language,0.04556523128621089,0.525391881823019,0.4290428868907701
with placards!,neither,0.01332993187238274,0.44459218524224076,0.5420778828853765
ack - no jasper again!,neither,0.036884927419511465,0.3739665197010625,0.5891485528794261
X gonna give it to ya,offensive_language,0.02799007772340261,0.6476160811800973,0.3243938410965001
!highfive @strous1,neither,0.03945320844208391,0.33037608806864915,0.630170703489267
cinphoria reaches up and delivers @strous1 a crisp high five,neither,0.03487086915675038,0.3916874527896188,0.5734416780536309
The spectacular return of X.,neither,0.038353223192269734,0.3101346756120217,0.6515121011957086
@fussybucket expect more character and drama.,neither,0.040258523611158115,0.29082042486346554,0.6689210515253763
we miss you Jasper!,neither,0.046653876032433476,0.38157280546451466,0.5717733185030517
@fussybucket ... I've had political campaigns where we talked for four hours...,neither,0.022921298162522627,0.28335784169075506,0.6937208601467223
XD,neither,0.03945320844208391,0.33037608806864915,0.630170703489267
we'll miss Jasper. <3,neither,0.0333429473830754,0.3347581942367801,0.6318988583801445
CONGRATS ALEX!,neither,0.03945320844208391,0.33037608806864915,0.630170703489267
Another conflicting jasper night awww,neither,0.06494974062391956,0.2752877255009556,0.6597625338751248
"Good luck, Alex! :)",neither,0.03880195367502152,0.3306000844467216,0.6305979618782568
Ahh real life,offensive_language,0.029551365999032166,0.5036764201413518,0.466772213859616
haha,neither,0.03186685585600258,0.45913629025701075,0.5089968538869867
ahhh best wishes and congrats alex,neither,0.03836594578791643,0.2993009515877725,0.662333102624311
Oh yay! congrats to Alex!,neither,0.04925489230694208,0.28814478403884203,0.6626003236542158
Gratz JASPER,neither,0.03945320844208391,0.33037608806864915,0.630170703489267
"Download the new Critical Role theme song for Campaign Two! http://itunes.apple.com/album/id1331550250?ls=1&app=itunes Sales of the song support the musician, Jason Charles Miller.",neither,0.04445767596344001,0.2510827790306858,0.7044595450058742
Good luck to Alex!,neither,0.04549449966338236,0.32666932187561826,0.6278361784609994
i hope our spooky boi comes back soon,neither,0.062412329246371676,0.25407973520073296,0.6835079355528954
was that dogmight?,neither,0.030667155429851628,0.4292504569866666,0.5400823875834818
@fussybucket ... and Sabbat games that were rollicking combat all night.,neither,0.0295409501314984,0.3753145490915455,0.5951445007769561
I miss Jasper but congrats to Alex!,neither,0.036474233047106105,0.3363398457540381,0.627185921198856
Congratz Alex!,neither,0.03945320844208391,0.33037608806864915,0.630170703489267
Damn no Jasper this week either...,offensive_language,0.04356183314218148,0.7164209473912578,0.24001721946656068
"i've been watching since the beginning, i've just never played",neither,0.013963854546738947,0.33808384213000614,0.6479523033232549
The night... she calls me.,neither,0.02511659320674198,0.44377705140735707,0.531106355385901
"""The Reluctant Brujah"", I remember that Disney flick :P",neither,0.03572536429963497,0.3505254464244712,0.6137491892758938
YES X WOOO,neither,0.03945320844208391,0.33037608806864915,0.630170703489267
Congrats to Jasper but I miss you!,neither,0.048137284775522975,0.3746225826363775,0.5772401325880995
this a re run ?,neither,0.06803341898559234,0.2908954852837039,0.6410710957307038
@fussybucket Glad you're here! :),neither,0.2155454216963659,0.27796632697510804,0.5064882513285262
The children of the night ......,neither,0.030263082350645322,0.29784136193215566,0.671895555717199
no we are live,neither,0.08477367117337832,0.28852191090020934,0.6267044179264123
"Yeah, I was thinking last week that Friday nights in October should be a busy time for Alex",neither,0.030716902976416778,0.4174369402322823,0.551846156791301
@burnnt we're live,neither,0.07702019449600846,0.29035571652515796,0.6326240889788335
"@burnnt No, it is live",neither,0.05546890947050808,0.34394898438093113,0.6005821061485608
No Jasper FailFish,neither,0.03852177801590115,0.3461848932406789,0.6152933287434199
No Gangrel?? FailFish,neither,0.036918905254960256,0.37338982715841207,0.5896912675866277
Missing Kappa,neither,0.03945320844208391,0.33037608806864915,0.630170703489267
I wish I had Jason's cadence when speaking. He always sounds so suave and badass.,neither,0.035236382782577604,0.38524052720816987,0.5795230900092524
X is going to give it to you.,neither,0.09538290986927314,0.4003607838395363,0.5042563062911904
"Help G&S make great content! $4.99/month gets you emotes, Minecraft server access, sub-only VODs, and more! Every sub keeps the channel alive! twitch.tv/geekandsundry/subscribe",neither,0.043907990691603095,0.31135964332838284,0.644732365980014
No Ravnos (yet) either,neither,0.03844294372292731,0.347522916933555,0.6140341393435177
freaking RAMONA,neither,0.03945320844208391,0.33037608806864915,0.630170703489267
,neither,0.03945320844208391,0.33037608806864915,0.630170703489267
"X shall see to it than the ""it"" in question shall, indeed, be delivered unto thee, sir.",neither,0.04049738578719454,0.3270914253073337,0.6324111889054718
Ramona and the Rats sounds like a fuckin rad feminist punk band,hate_speech,0.5891084552146884,0.11640728869366934,0.2944842560916423
ramonais a gangreli think,neither,0.04078787600207219,0.3077232963708793,0.6514888276270485
im hereeeee did i miss anything?,neither,0.03173911384974439,0.36705289669810337,0.6012079894521523
:D,neither,0.03945320844208391,0.33037608806864915,0.630170703489267
"""vampire hunting equipment"" just means garlic",neither,0.03676888966423913,0.3428189110809403,0.6204121992548206
It was mine,neither,0.037306555372318174,0.3339466938016204,0.6287467508260614
big box of garlic,neither,0.02593665740198552,0.3845537473652554,0.589509595232759
@stunningepiphanies I'd go see them,neither,0.06620584878966516,0.32372988346683673,0.6100642677434981
it just started,neither,0.03155143603949063,0.3607039167599329,0.6077446472005764
@JazzyO3O Just started,neither,0.032803472495977,0.36242220823605287,0.6047743192679701
Here we go,neither,0.13156755280784707,0.2765461283225309,0.5918863188696221
@chaoticloony awesome thx,neither,0.03945320844208391,0.33037608806864915,0.630170703489267
pennyDark pennyDark pennyDark pennyDark,neither,0.03945320844208391,0.33037608806864915,0.630170703489267
Dude. Erika has been busting ASS in the gym. look at those abs!,offensive_language,0.14217752850423823,0.781899836918334,0.07592263457742773
This intro is so good,neither,0.04670855254426506,0.37396651036752443,0.5793249370882104
"Oh hey, it wasn't Marisha saying MARK 15 this week xD",neither,0.036140690619995385,0.3009197920064806,0.662939517373524
the intro for this is very...unnerving,neither,0.0399844727145644,0.29156738343441074,0.6684481438510248
Does Annabel know mark is a twin?,neither,0.03302625304211534,0.4327675882407962,0.5342061587170883
LUL Heard that,neither,0.0357799184617408,0.3702920115133535,0.5939280700249057
Where is jasper?,neither,0.050343113247604925,0.29434228935487966,0.6553145973975155
cheer400,neither,0.03945320844208391,0.33037608806864915,0.630170703489267
Who’s billy blein??,neither,0.040236109406439756,0.40968799946938944,0.5500758911241708
yess I made it! here we gooo,neither,0.07023372059961484,0.305081624978309,0.6246846544220762
@Paladin356 I think it's lovely :D,neither,0.03840565671535194,0.32051394546786793,0.6410803978167802
Real life,offensive_language,0.025803905017619054,0.5769759542517179,0.39722014073066314
I thought this normally started at 10 EST. Surprised to get here and its just started,neither,0.057880717538730274,0.2680048015055507,0.6741144809557189
gandsHype gandsHype gandsHype gandsHype gandsHype gandsHype,neither,0.03945320844208391,0.33037608806864915,0.630170703489267
@Phmic5 He got a job too good to turn down,neither,0.04854378237430202,0.3692344008262106,0.5822218167994875
only nelly knows about the twin at the moment IIRC,neither,0.03689001217817759,0.3419384102334,0.6211715775884226
"@KylonOrina nope, that's CR on Thursdays",neither,0.034549431607340156,0.37160306294519496,0.5938475054474649
Isii - that'a a lot of Is,neither,0.045230547242045734,0.38565057657764895,0.5691188761803052
im sad we are missing our nosferatbae but very excited for the X experience to continue,neither,0.048923853841313175,0.3031333041990079,0.647942841959679
annabell and X were out of the shot,neither,0.03383758532167455,0.26971706743745005,0.6964453472408754
What's the command to see the cast?,neither,0.04963583035920204,0.2946748915848155,0.6556892780559825
!whodat,neither,0.03945320844208391,0.33037608806864915,0.630170703489267
"GM Jason Carl ( twitter.com/vampiresnvino ), with Erika Ishii ( twitter.com/erikaishii ), Cynthia Marie ( twitter.com/Cyndancer ), B. Dave Walters ( twitter.com/BDaveWalters ), with special guest Xander Jeanneret ( twitter.com/Xanderrific ).",neither,0.03910068003476413,0.4707192164180504,0.4901801035471855
!whodat,neither,0.03945320844208391,0.33037608806864915,0.630170703489267
!whodat,neither,0.03945320844208391,0.33037608806864915,0.630170703489267
!whodat,neither,0.03945320844208391,0.33037608806864915,0.630170703489267
Thank you!,neither,0.07325166854587051,0.43632638485078484,0.49042194660334476
Those graphics are badass tho,neither,0.09764045997357368,0.21976000634909326,0.6825995336773331
Jasper is recovering from loosing to his monster and still fighting it.,neither,0.06331038922764164,0.3020500026401364,0.6346396081322221
!newteethwhodis,neither,0.03945320844208391,0.33037608806864915,0.630170703489267
YES x is back,neither,0.05189093179100694,0.32609818466965623,0.6220108835393368
hah,neither,0.03945320844208391,0.33037608806864915,0.630170703489267
the art in most WoD books tends to be excellent,neither,0.04314526268484692,0.3202827454749088,0.6365719918402443
#XsHairIsntReal,neither,0.03945320844208391,0.33037608806864915,0.630170703489267
Which is worse? East Hollywood or Silver Lake? :P,neither,0.04963478820339313,0.2464866536956957,0.7038785581009113
ha! the magic eye,neither,0.046386111383746265,0.3131310142659402,0.6404828743503135
rl store,neither,0.09037653023131038,0.31286122258573085,0.5967622471829587
Lol Xander is adorably cute out of costume.,neither,0.03638201504245509,0.36616600015610945,0.5974519848014355
silver lake is kinda nice ><,neither,0.045673745778288886,0.32823656003224067,0.6260896941894705
Still No Jasper?,neither,0.03771994682000749,0.35979406124766355,0.602485991932329
i'd say silver lake,neither,0.03945320844208391,0.33037608806864915,0.630170703489267
"If you didn't know, now ya know",offensive_language,0.015924918083724253,0.6623293926228938,0.32174568929338193
"Ya'll know that WoD books are on bundle on Humble Bundle right now, right?? :D",neither,0.03632545121688637,0.4622415257985202,0.5014330229845935
Not that he's NOT adorbale IN costume.,neither,0.03813716211679655,0.37552511764850255,0.586337720234701
personal opinion not like which area is worse off but like emotionally where would you rather be lol,neither,0.06332285948104875,0.31819546267185456,0.6184816778470966
Remember to Hydrate,neither,0.05237402608161588,0.32302086051787543,0.6246051134005086
@girlybits V5 too?,neither,0.038798963802794226,0.34148032703984427,0.6197207091573615
"Thank you the news, @girlybits !",neither,0.05745834258597298,0.3715031551221438,0.5710385022918832
@knightly2u Revised Edition,neither,0.03945320844208391,0.33037608806864915,0.630170703489267
does vodka count as hydration?,neither,0.026503905703185338,0.4623962169598851,0.5110998773369296
I think the humble bundle is Revised.,neither,0.04581744305004144,0.3075089396600368,0.6466736172899218
plus lore books!,neither,0.03945320844208391,0.33037608806864915,0.630170703489267
fricck sleep is hitting hme,neither,0.04924595315343419,0.32700791411020663,0.6237461327363591
oh. hmm...,neither,0.045756613872601194,0.27077248606354704,0.6834709000638518
I get the feeling Victor would be sad if he wasn't sitting next to Nelli,neither,0.033191234813625556,0.3609547321795268,0.6058540330068476
I want to watch vampire,neither,0.05285571142582243,0.3203775041481694,0.6267667844260082
5e!,neither,0.03945320844208391,0.33037608806864915,0.630170703489267
"if you're not looking to play RevEd, the lore books are worth it for the bundle",neither,0.0574207016987164,0.30598759140741916,0.6365917068938646
but sleep is calling,neither,0.044684433505056555,0.3386809653578248,0.6166346011371185
Thanks Cin!,neither,0.035884468650613,0.3004919205142699,0.6636236108351171
i have watermelon! ultimate hydration!!😂,neither,0.03894610568690638,0.3389829452567436,0.62207094905635
and burning some energy,neither,0.03154233794952035,0.3064411934116697,0.66201646863881
I arrived now. What happened so far?,neither,0.04354957391816687,0.3614505862003118,0.5949998398815213
!5E,neither,0.03945320844208391,0.33037608806864915,0.630170703489267
Just started,neither,0.032803472495977,0.36242220823605287,0.6047743192679701
"@knightly2u older stuff, but v5, but hey, legal books is legal books :D",neither,0.03978706738073491,0.337720411788822,0.6224925208304432
just recap so far,neither,0.03518806272278127,0.392387888376938,0.5724240489002806
@xinigrin just started yo!,neither,0.033751339644677476,0.45208757681855355,0.5141610835367691
awww fuck,offensive_language,0.17614150929493988,0.8235296072622502,0.00032888344280985685
not v5*********,neither,0.03554889144452836,0.3454295093440936,0.619021599211378
A Ventrue... always pays his debts? >.>,neither,0.06486390922066378,0.3894598219484947,0.5456762688308415
@realdjmikeymike -> SOMEONE CALL ROBERT LANGDON [warning],neither,0.03945320844208391,0.33037608806864915,0.630170703489267
@Xinigrin Basically just started.,neither,0.03449068999801045,0.35389449732588796,0.6116148126761015
@Xinigrin Recap from last week,neither,0.04040534448721902,0.3142158545056386,0.6453788010071424
What happened to jasper,neither,0.0510457104179197,0.32310837431087763,0.6258459152712027
!vtmedition,neither,0.03945320844208391,0.33037608806864915,0.630170703489267
We're playing Vampire: The Masquerade 5th Edition. Find out more here at https://www.worldofdarkness.com/v5,neither,0.06967736939163423,0.2636526420260464,0.6666699885823195
@xinigrin only missed the recap and title sequence,neither,0.038270124004430785,0.2895935199757145,0.6721363560198548
"Good evening, kindred",neither,0.03869882722860525,0.3306355543605695,0.6306656184108252
Not for a kindred @orlliie ;),neither,0.02581878751289962,0.2836285240141677,0.6905526884729326
@JazzyO3O Thanks! @KBTibbs @alaktyrr !!,neither,0.035884468650613,0.3004919205142699,0.6636236108351171
@Zismarith thank you :D,neither,0.07325166854587051,0.43632638485078484,0.49042194660334476
:),neither,0.03945320844208391,0.33037608806864915,0.630170703489267
!whodat,neither,0.03945320844208391,0.33037608806864915,0.630170703489267
"GM Jason Carl ( twitter.com/vampiresnvino ), with Erika Ishii ( twitter.com/erikaishii ), Cynthia Marie ( twitter.com/Cyndancer ), B. Dave Walters ( twitter.com/BDaveWalters ), with special guest Xander Jeanneret ( twitter.com/Xanderrific ).",neither,0.03910068003476413,0.4707192164180504,0.4901801035471855
"Hey folks, lost the past episodes and didn't have the time to catch up. What clan is X?",neither,0.037313639468452994,0.3496647472256959,0.6130216133058511
Malk,neither,0.03945320844208391,0.33037608806864915,0.630170703489267
X is gonna give to ya.,offensive_language,0.03718514581021033,0.6425207033470053,0.3202941508427845
Malk,neither,0.03945320844208391,0.33037608806864915,0.630170703489267
Best Malk <3,neither,0.03765011267139979,0.31527719622551265,0.6470726911030876
Malk,neither,0.03945320844208391,0.33037608806864915,0.630170703489267
Cool! Thanks everyone <3,neither,0.03151266329271492,0.4161122916246191,0.5523750450826659
Vamp Magera is Malk,neither,0.081172750358939,0.3160268245287109,0.60280042511235
... /bow,neither,0.03945320844208391,0.33037608806864915,0.630170703489267
Right... :D,neither,0.03719022913728602,0.3744360956046963,0.5883736752580178
See? the world needs vampires. <3,neither,0.03867978830733606,0.3162769404603481,0.6450432712323158
all of it,offensive_language,0.04059157568160744,0.5011840866506351,0.45822433766775755
are there people here that do vtm games via the interwebs?,neither,0.17008602614608212,0.08827449409920307,0.7416394797547148
@orlliie Haha VAMP Magera hahaha,neither,0.03418443683558605,0.4198008926290959,0.5460146705353179
"all the vamps are real nice, not taking any lives",neither,0.05078646767335909,0.435995527627655,0.5132180046989859
probably on Roll20,neither,0.03305125910464693,0.38547020377440594,0.5814785371209472
Roll20 is a popular locale for online Vampire games.,neither,0.040349188378220414,0.3076748988088383,0.6519759128129412
no chaotic evil chars yet?,neither,0.03854153965425306,0.34584948666408066,0.6156089736816663
"somebody needs to make a shirt ""delicious, savory time""",neither,0.043420392378928065,0.3417142591482738,0.6148653484727981
very non violent vamps,neither,0.03945320844208391,0.33037608806864915,0.630170703489267
@MissCeraBellum there are a number of games starting up,neither,0.057385548915656545,0.2984574733488181,0.6441569777355253
"I think there should be 2 additional episodes to make up for the loss of Jasper in these ^^""",neither,0.04893601449550206,0.35548836696847036,0.5955756185360276
are they playing V5 or...?,neither,0.0758586328054387,0.2710992197062445,0.6530421474883169
taking lives is risky in VtM,neither,0.048672663493408375,0.3272050947128323,0.6241222417937593
"define ""evil"" :)",neither,0.03945320844208391,0.33037608806864915,0.630170703489267
"chat dubbed him as that last week. if it fits, it fits",neither,0.026848467912147095,0.3956952803761345,0.5774562517117183
"@MissCeraBellum Yes. I'm running a game on discord + roll20 that takes place in Los Angeles, running alongside this stream",neither,0.03736844347084788,0.3123436632113223,0.6502878933178298
"yep, v5!",neither,0.03945320844208391,0.33037608806864915,0.630170703489267
yes @Ward0g,neither,0.03945320844208391,0.33037608806864915,0.630170703489267
Mark's evil twin! LE gasp! :P,neither,0.03945320844208391,0.33037608806864915,0.630170703489267
I never played but I'd like to,neither,0.05062313864858982,0.4017825284824681,0.5475943328689421
You never wake well rested from the kitchen floor,neither,0.04769764248239912,0.3679685433115352,0.5843338142060657
!vtmedition,neither,0.03945320844208391,0.33037608806864915,0.630170703489267
We're playing Vampire: The Masquerade 5th Edition. Find out more here at https://www.worldofdarkness.com/v5,neither,0.06967736939163423,0.2636526420260464,0.6666699885823195
Evil Mark lol,neither,0.032249056337841614,0.3822678566022763,0.5854830870598822
you don't want to actually kill your meals. Bodies require clean up,neither,0.34584694764487445,0.2728319740167976,0.3813210783383279
@KitZunekaze would that be newb friendly by chance?,neither,0.0368410890279603,0.40499584010755324,0.5581630708644865
<Jason drinks more blood>,neither,0.04094637814781011,0.32256226232834123,0.6364913595238486
@fussybucket It's the masquerade. it's easier to sweep vampirism under the carpet if they don't go on murder sprees.,neither,0.030345325793854988,0.3481074427357888,0.6215472314703562
"Also, thank you everyone for the answers c:",neither,0.039317522845643556,0.41003686218166496,0.5506456149726914
!vtmclans,neither,0.03945320844208391,0.33037608806864915,0.630170703489267
Cheat Sheet for Vampire: The Masquerade - L.A. By Night... https://pbs.twimg.com/media/Dns7g5eUcAIcykq.jpg,neither,0.03264495112007725,0.32775592935801445,0.6395991195219084
@MissCeraBellum It is indeed! I'm the storyteller. We have about 6-7 players. I'm looking to grow the game slowly over time.,neither,0.04280287962359078,0.3161246553250851,0.6410724650513242
Oof.,neither,0.03945320844208391,0.33037608806864915,0.630170703489267
jasper still out?,neither,0.03426570005085494,0.36212632974292064,0.6036079702062245
Heya folks,neither,0.03945320844208391,0.33037608806864915,0.630170703489267
DANG!,neither,0.03945320844208391,0.33037608806864915,0.630170703489267
#JasperGotStuffToDo,neither,0.03945320844208391,0.33037608806864915,0.630170703489267
