text,top_class,hate_speech,offensive_language,neither
Sup,neither,0.03945320844208391,0.33037608806864915,0.630170703489267
"So, I’m just going to ha w a conversation with myself until everyone shows up",offensive_language,0.02845638483060769,0.48696377878705144,0.48457983638234087
Eta until show start?,neither,0.05809061400523468,0.24191259990207914,0.6999967860926862
I haz tea~,neither,0.03945320844208391,0.33037608806864915,0.630170703489267
Yo.,offensive_language,0.04010381111145228,0.5271105317972344,0.4327856570913131
"Oh dang, everyone is showing up",neither,0.042885903233831506,0.4286807363890504,0.5284333603771181
do these guys take questions im evaluating a physics lab right now need help,neither,0.04430904434365228,0.40822549692232196,0.5474654587340256
"Good afternoon, folks",neither,0.038854797738209525,0.33058190895019496,0.6305632933115956
Good afternoon,neither,0.038712489352510704,0.33063085532967357,0.6306566553178159
Ominous music...,neither,0.03945320844208391,0.33037608806864915,0.630170703489267
Enjoy it! @derrydino,neither,0.03737380726913133,0.3310912894842212,0.6315349032466474
Always do <3,neither,0.038756005538676856,0.42516308707365796,0.5360809073876651
D:,neither,0.03945320844208391,0.33037608806864915,0.630170703489267
When is Callisto 6?,neither,0.03268292130649759,0.4337617448415696,0.5335553338519327
under an hour,neither,0.03978665296942252,0.324716664218841,0.6354966828117364
!rbschedule,neither,0.03945320844208391,0.33037608806864915,0.630170703489267
Find the rebroadcast schedule for today here: http://bit.ly/ThurRebroadcast,neither,0.05993176898675194,0.16282973960513905,0.7772384914081091
Ok,neither,0.03935517884257045,0.3320399062092607,0.6286049149481688
i can stand the darkness /emo,neither,0.038957696833090756,0.3139084297908598,0.6471338733760494
!questions,neither,0.03945320844208391,0.33037608806864915,0.630170703489267
"To make it easier to read questions in chat, please preface your questions with the word question in all caps. For example, QUESTION: How are you today?",neither,0.06209713493468228,0.3342013724685751,0.6037014925967426
"QUESTION: What would happen if the earth was split in half, would the pieces stay together and how would it effect the gravity?",neither,0.03192914375090291,0.31277152213293274,0.6552993341161644
oh wow im a bit early,neither,0.044681572024413606,0.2928791336078172,0.6624392943677692
your pupils widen due to the lack of light letting in more u.v light,neither,0.06149506218529877,0.3082148335209822,0.6302901042937189
now that looks like a lovecraftian monstrosity :P,neither,0.04824619601902638,0.40894134875798194,0.5428124552229917
nah not enough tentacles,neither,0.03784997830756353,0.3364161709551204,0.625733850737316
I'm getting a headache just thinking about this...,neither,0.031588464869671005,0.4232286282426832,0.5451829068876458
that's totally a Deep One,neither,0.03487703936559195,0.40167290684716506,0.563450053787243
@Danoba do they take questions from this chat?,neither,0.04140862391939625,0.3166556304586722,0.6419357456219316
@B_English Yes.,neither,0.03945320844208391,0.33037608806864915,0.630170703489267
!questions,neither,0.03945320844208391,0.33037608806864915,0.630170703489267
"To make it easier to read questions in chat, please preface your questions with the word question in all caps. For example, QUESTION: How are you today?",neither,0.06209713493468228,0.3342013724685751,0.6037014925967426
how is his glass so clear,neither,0.07263410609877856,0.3677727437584745,0.5595931501427469
"at some point you get ""fusion"" though.",neither,0.044230833147456,0.43439884934883044,0.5213703175037134
"Is Kyle actually writing in reverse, or is the screen image flipped?",neither,0.0469711567477587,0.31969863569281165,0.6333302075594296
!rbschedule,neither,0.03945320844208391,0.33037608806864915,0.630170703489267
Find the rebroadcast schedule for today here: http://bit.ly/ThurRebroadcast,neither,0.05993176898675194,0.16282973960513905,0.7772384914081091
if you removed all the electrons from the sydney opera house it would be roughly the size of a dice but you still wouldnt be able to pick it up,neither,0.04400005030770129,0.40015823604811707,0.5558417136441818
"Question; Hello kyle, great job you are doing, In the Exspanse, have they come up with a way to shield the ships from stellar radiation?",neither,0.05131074261381576,0.34905921743579615,0.5996300399503881
the screen is flipped,neither,0.04639889214737949,0.3123245681828735,0.641276539669747
"Just curious. That's not a question that needed to go through to Kyle, BTW...",neither,0.03942378492154791,0.3843188584508184,0.5762573566276338
blood boils in space,neither,0.03945320844208391,0.33037608806864915,0.630170703489267
that drawing is starting to look like a stickfigure fishman with boobs :I,neither,0.04682736313646804,0.392671877657642,0.5605007592058898
QUESTION: how are the special polarization characteristics of ferroelectric materials linked to ferroelectric capacitor's dependence on temperature?,neither,0.08314119477088514,0.2846372523223163,0.6322215529067985
in space there is a vacuum and its going to boil in space,neither,0.04216459510343425,0.3003492952063406,0.6574861096902251
Kinda like Tears,neither,0.05112111098087369,0.347205080570501,0.6016738084486253
@Koshirro I don't wanna know how your mind works that you saw that...,neither,0.06862141679277332,0.4188355522646599,0.5125430309425669
@CinderFlame i don't want it to work that way either,neither,0.040693230671573974,0.36296135651364037,0.5963454128147857
in how many hours is the next CR rebroadcast?,neither,0.04413354544530202,0.32570067760629096,0.630165776948407
"So if you bleed out, does it just glob all around the wound?",offensive_language,0.02102958595212758,0.5868648815626616,0.39210553248521096
!rbschedule,neither,0.03945320844208391,0.33037608806864915,0.630170703489267
Find the rebroadcast schedule for today here: http://bit.ly/ThurRebroadcast,neither,0.05993176898675194,0.16282973960513905,0.7772384914081091
@danoba We live buddy?,neither,0.04435438155226194,0.33150159883137575,0.6241440196163622
thats the thursdays one,neither,0.03770975273219449,0.3451495646676701,0.6171406826001353
I could watch this all day,neither,0.04881726803164406,0.39480879972008026,0.5563739322482756
@Ozai75 What's up?,neither,0.04549209283961305,0.43877665191533993,0.5157312552450469
"@Danoba Just wondering, still have a question from like 2 months ago I think Kyle'd like. How're you?",neither,0.07221698426132332,0.3674962726699592,0.5602867430687174
anyone knows when CR will rebroadcast? T_T,neither,0.03262431737034055,0.3503625091974263,0.6170131734322332
!rbschedule,neither,0.03945320844208391,0.33037608806864915,0.630170703489267
