text,top_class,hate_speech,offensive_language,neither
What if Taliesin Jaffe is Annabelle's Sire aka Vampire Daddy,neither,0.03462447977928921,0.3619687684183381,0.6034067518023727
"Btw, aren't most vampire hunters in VtM just...powerless schlubs?",neither,0.0365062246089893,0.3440710569771328,0.619422718413878
"I'm torn about Alex being back. On the 1 hand he's back and i missed him. On the other, Xman Bam is no longer with us, I'm gonna miss him.",neither,0.04184321515389542,0.36970884186558794,0.5884479429805166
you can only see recordings if you're a subscriber,offensive_language,0.07885035445110536,0.48530609155328785,0.4358435539956068
"I wonder what Tal is going to be playing, because he self-identifies as a Malk, and I don't think we're getting another Malk NPC.",neither,0.08678832410655998,0.3150188374679723,0.5981928384254677
I'm here for Taliesin,neither,0.1371060309863691,0.20936319760096622,0.6535307714126647
@Alexanderhero83 OMG I like that theory,neither,0.04587599054513694,0.3893967847418116,0.5647272247130516
Or have an Alpha,neither,0.03923466398219795,0.33408535790850485,0.6266799781092973
He's probably going to be a Tremere.,neither,0.0517114104934179,0.3823796159653906,0.5659089735411915
"BTW, if you folks haven't seen it, check out the short they tweeted a little while ago",neither,0.03292434025214443,0.3841137508512852,0.5829619088965704
@owifig perhaps. But they do a fairly good job of keeping us looped in,neither,0.056293279721357455,0.33247919673928406,0.6112275235393585
wonder what Taliesin is playing as tonight,neither,0.04768143350380528,0.3343903678508977,0.6179281986452969
"vods are for subscribers, btu there is a weekend rebroadcast of the weeks programs",neither,0.05792363913371989,0.23942784857834482,0.7026485122879352
taliesin is on tonight?,neither,0.04326422058407071,0.3150765050960217,0.6416592743199077
Oh yeah. Weeell sodding bollocks...,neither,0.022533380315967178,0.4254575626619046,0.5520090570221282
I was also thinking Tremere.,neither,0.039310973290182676,0.3327901898005798,0.6278988369092375
But can you picture Tal as a Brujah?,neither,0.04795131862887869,0.40518312796754785,0.5468655534035733
I've been hear since Ep 1 - it's a good show,neither,0.02865308934967346,0.26889645074921775,0.7024504599011088
wow.. interesting,neither,0.03945320844208391,0.33037608806864915,0.630170703489267
i wish i had the money to sub... i wanted to catch the episodes of this show... T.T,neither,0.05616976327206675,0.26403829873160367,0.6797919379963296
"@Flight_Devil Yikes, no. The Second Inquisition is out in full force. They've done a lot of damage so far.",neither,0.033532906803039636,0.3528484094089653,0.613618683787995
"right, see pst episodes with Alpha or Prime",neither,0.03156066699290829,0.3671299176793476,0.6013094153277441
@ExploringReal Come for the Talesin. Stay for the wonderful RP.,neither,0.02909944982733973,0.2889704404365816,0.6819301097360786
Welcome Critters - to our daddy goth territory,neither,0.04478757754238643,0.3272393837935917,0.627973038664022
"A tremie that's all about the goth scene, yeah!",offensive_language,0.024196357300446718,0.4949631100274475,0.4808405326721058
I hope Taliesin is going to play Prince Vannevar,neither,0.09049638425935012,0.24775111891769366,0.6617524968229561
I''m half hoping it's going to be one of the clans we haven't seen yet.,neither,0.040450712922809176,0.3556372070855618,0.603912079991629
Taliesin is a guest Guest on Vampire The Masquerade : L.A. By Night https://twitter.com/GeekandSundry/status/1050475225039523840,neither,0.037701816551358305,0.398719748402614,0.5635784350460277
i just want to see if tal starts out at the table right away,neither,0.027209450923657875,0.379883748816109,0.592906800260233
@dani1688 besides himself you mean?,neither,0.05558653381768892,0.3758990243340606,0.5685144418482505
Tal could also play as one of their sires which would be interesting.,neither,0.037688355590745536,0.36695048910353867,0.5953611553057159
whoo,neither,0.03945320844208391,0.33037608806864915,0.630170703489267
4 misn warning,neither,0.03945320844208391,0.33037608806864915,0.630170703489267
"@bookity101 Okay, thanks",neither,0.03678379827047317,0.30802279096628465,0.6551934107632421
I think that is happening,neither,0.04390160349381449,0.36033388259670746,0.5957645139094779
@lordmuffincakes do you amazon orime?,offensive_language,0.10565712907148682,0.4682446482801005,0.42609822264841263
Man.,offensive_language,0.040018442559345856,0.5018538837344726,0.4581276737061815
"I sure hope he's tremere, since that's what I feel is most me, but he might be Erika's sire, which would make him Brujah, which would also be cool. Or something third we haven't thought of!",neither,0.053739407407257,0.3322352145168195,0.6140253780759235
This is going to too much awesome.,neither,0.04732171162568737,0.3559875306728682,0.5966907577014444
they're probably a sire,neither,0.06504907499498266,0.3173845633470809,0.6175663616579363
i hate that the good stuff is on the west coast,neither,0.14269794213349105,0.26885675156960853,0.5884453062969005
I could totally see Tal being a Brujah or a Camarilla clan though.,neither,0.03646982290011075,0.34730134398448353,0.6162288331154055
I'm still super new to VtM but isn't having one of the Princes come after you most likely a not good thing?,neither,0.04838179683617021,0.34151324571334185,0.6101049574504879
Let us join the dark dance of the Masquerade.,neither,0.04748618695090209,0.3271327838071722,0.6253810292419257
Maybe Tal is Victor's nemesis? They're going to the hotel tonight right?,neither,0.05324108820190412,0.31613589095057476,0.630623020847521
So is it true we only get 8 episodes of LA by Night?,neither,0.03848874828769988,0.3970824994153222,0.5644287522969779
critrolePyramid critroleGothdad critrolePyramid,neither,0.03945320844208391,0.33037608806864915,0.630170703489267
TheIlluminati TheIlluminati TheIlluminati TheIlluminati,neither,0.03945320844208391,0.33037608806864915,0.630170703489267
@bookity101 nope. i live in a 3rd world country.... x.x amazon doesnt exist here,neither,0.07379135139987082,0.30536090585280445,0.6208477427473247
INB4 Tal makes a GRAND ENTRANCE,neither,0.03944469535479975,0.3303048005717537,0.6302505040734464
I hear Talisen is in this episode. I can't wait to see!,neither,0.052470532245627144,0.3221750278824518,0.6253544398719211
i have to stay up till like midnight or later and watch some cool shit,offensive_language,0.05730209311606173,0.9153892384152925,0.02730866846864567
Dude Tal As a BRuja makes sense.. He loves Punk and goth.. Why not cross the streams?,neither,0.040913599172179585,0.1949888348322723,0.764097565995548
"yes @DakuBara , short but sweet",neither,0.03627388755312484,0.3398239082648372,0.6239022041820379
@Deathstar_Taco When does he not?,offensive_language,0.01898581547697469,0.5180677884313798,0.4629463960916455
Tal looks... aggressive and sexy in the pic he and Erika took.,neither,0.03922259449443645,0.3107306576729244,0.6500467478326393
Same here @That_One_Guy212,neither,0.14187967449237004,0.2733123625359359,0.584807962971694
All I know is.. there will be blood.,neither,0.05172632768057152,0.33115751815026107,0.6171161541691674
"Ohhhhhhhh, boy.",neither,0.03945320844208391,0.33037608806864915,0.630170703489267
Tal is the sire isn't he,neither,0.05173171456449268,0.31134079519065133,0.6369274902448561
@fringedwella Than Victor is dead,neither,0.04680401202789081,0.33498992269637323,0.618206065275736
Thankfully I don't work saturdays,neither,0.03945320844208391,0.33037608806864915,0.630170703489267
"@spiritualsirene A prince rarely bothers to come after you in person. They can, however, send everyone else against you.",neither,0.05464281717080716,0.4204630903162338,0.524894092512959
"^,.,^",neither,0.03945320844208391,0.33037608806864915,0.630170703489267
@dragonchrome Eh...Firefly proves not all things can be short and sweet.,neither,0.03949843155579874,0.34944427413268564,0.6110572943115158
Taliesin will be a prince i think or a vampire version of the master and is here to ruin everything for everyone,neither,0.060084707627165744,0.3076061499808546,0.6323091423919798
nothing quite like a sure thing @Damon_fyrian,offensive_language,0.040635417315133406,0.4874977922662011,0.4718667904186656
My body is ready,neither,0.03405984045513004,0.42505863100050806,0.540881528544362
@spiritualsirene everyting is on one of the coasts and it hard to catch either one,offensive_language,0.036937979449433576,0.4937752733766019,0.4692867471739645
I'd like to see some Gangrel love :D,neither,0.04601564719409153,0.3858074816073955,0.568176871198513
O.O,neither,0.03945320844208391,0.33037608806864915,0.630170703489267
Hello :),neither,0.03945320844208391,0.33037608806864915,0.630170703489267
"@spiritualsirene Having a Prince/Baron after you in definitely not a good thing. Tends to go poorly, but they rarely show up in person.",neither,0.05493433113564528,0.3482306471680828,0.5968350216962719
Tal will be debuting the all new pyramid class,neither,0.04493215253344968,0.27902211378153413,0.6760457336850163
Will Taliesin be playing as himself?,neither,0.039291226961773534,0.3441715546368755,0.616537218401351
!rbschedule,neither,0.03945320844208391,0.33037608806864915,0.630170703489267
Find the rebroadcast schedule for today here: http://bit.ly/ThurRebroadcast,neither,0.05993176898675194,0.16282973960513905,0.7772384914081091
I played a Brujah spoken word poet at one point - a la Henry Rollins,neither,0.03847994413186998,0.3631672595162147,0.5983527963519154
@lordmuffincakes :(,neither,0.03945320844208391,0.33037608806864915,0.630170703489267
"If he isn't a Tremere, I'd be stunned.",neither,0.023670087975422492,0.40305604766908953,0.573273864355488
@Alexanderhero83 Technically they are all dead. They are vampires after all.,neither,0.07798432177661238,0.36049364606420664,0.561522032159181
Tal is playing himself (CAIN),neither,0.044979397225392896,0.3284753783393528,0.6265452244352543
"Princes have ""sheriffs"", at least one to enforce law",neither,0.04349246049640785,0.3863893792703095,0.5701181602332828
If we only have 8 episodes it means we’re more then half way done with the series,neither,0.03055569606622755,0.364311353646113,0.6051329502876596
@bookity101 T.T,neither,0.03945320844208391,0.33037608806864915,0.630170703489267
I'm hoping tremere,neither,0.03945320844208391,0.33037608806864915,0.630170703489267
only time will tell,neither,0.03978129215324886,0.3248076512599233,0.6354110565868277
😭😭😭,neither,0.03945320844208391,0.33037608806864915,0.630170703489267
sleep is for the weak gandsHype gandsHype,neither,0.040380031175378445,0.2819416875087907,0.677678281315831
oh hey guys,neither,0.04556775320531652,0.2734916597885902,0.6809405870060933
Is Tal playing his prince os LA?,neither,0.06024618475131783,0.3297037033690837,0.6100501118795985
Grats @Phule103,neither,0.03945320844208391,0.33037608806864915,0.630170703489267
Good evening kindred,neither,0.03869882722860525,0.3306355543605695,0.6306656184108252
pennyDark pennyDark pennyDark,neither,0.03945320844208391,0.33037608806864915,0.630170703489267
"I've never seen L.A. By Night, but I heard a rumor that Taliesin was going to be here tonight. Even if I'm wrong, I'm still very curious to see the show!!",neither,0.03344280002689397,0.36257034731617144,0.6039868526569346
MercyWing1 critrolePyramid MercyWing2,neither,0.03945320844208391,0.33037608806864915,0.630170703489267
Tal will definitely be Anna's sire.,neither,0.04113425702834801,0.31228256673001215,0.6465831762416397
spooky vampires,neither,0.03945320844208391,0.33037608806864915,0.630170703489267
heloo,neither,0.03945320844208391,0.33037608806864915,0.630170703489267
@Alexanderhero83 i hope not but b.dave does have a writing gig he has to focus on so......nah that won't happen,neither,0.04544051567744175,0.3932472663471029,0.5613122179754555
only eight episodes??? :(,neither,0.03945320844208391,0.33037608806864915,0.630170703489267
"Can someone describe each clan to me with like two words each, please?",neither,0.038023817023439675,0.3669543229956933,0.595021859980867
Are this show's VODs on YT and if so how many episodes are there? I would like to catch up,neither,0.07020133004517665,0.28578919815025816,0.6440094718045651
Good even-ning,neither,0.037908002889504695,0.3462074263604285,0.6158845707500668
"I think tal is a tremere, he is the pyramid",neither,0.06124571112370108,0.30098849802486494,0.637765790851434
sp pennyDark pennyDark ky,neither,0.03945320844208391,0.33037608806864915,0.630170703489267
@murasakikimono ive been going like non stop for the past two weeks cause of school i need sleep,neither,0.038830621196045495,0.3771439189594725,0.5840254598444821
tremere was my guess,neither,0.023774191320595557,0.46282890929719017,0.5133968993822142
"I""m hoping he's a Tremere. \m/",neither,0.04626522312777418,0.3280331238492024,0.6257016530230234
@superratlord Ahoy hoy,neither,0.03945320844208391,0.33037608806864915,0.630170703489267
"Yep, and this is ep. 5",neither,0.0458049912000017,0.29443468819397156,0.6597603206060267
Tal = Tremere. Believe me,neither,0.032483393512336506,0.3680354690238506,0.5994811374638129
<3 <3 <3,neither,0.03945320844208391,0.33037608806864915,0.630170703489267
"Nah, Malk :P",neither,0.03945320844208391,0.33037608806864915,0.630170703489267
Hello everyone woopsSip,neither,0.03269494828970791,0.4450814005079928,0.5222236512022994
"@ClearlyMadd no , the vods are not on youtube for VTM",neither,0.05018759332575788,0.27431409233238785,0.6754983143418543
@greyangel Impossible.,neither,0.03945320844208391,0.33037608806864915,0.630170703489267
"probably not in this game, but in general :P",neither,0.03431611962608574,0.32535342967310615,0.6403304507008082
will we be getting a season two??,neither,0.03790988414785654,0.3669509512606479,0.5951391645914955
it's almost time,neither,0.036088931351621376,0.35708609377273953,0.606824974875639
critroleBidet,neither,0.03945320844208391,0.33037608806864915,0.630170703489267
HELLO VAMPS,neither,0.03945320844208391,0.33037608806864915,0.630170703489267
bidet,neither,0.03945320844208391,0.33037608806864915,0.630170703489267
!vtmcheatsheet @greyangel,neither,0.03945320844208391,0.33037608806864915,0.630170703489267
I hope G&S have a second season of this,neither,0.07391006552436626,0.22959733789732725,0.6964925965783065
bidet,neither,0.03945320844208391,0.33037608806864915,0.630170703489267
@xinigrin i want him to be tremere but what if hes billie?,neither,0.029786782391716917,0.3839617033831366,0.5862515142251464
I AM SO READY!,neither,0.03915688642648817,0.38957386576013675,0.5712692478133752
You need at least five words to describe each clan.,neither,0.052561048802177775,0.3678984379038356,0.5795405132939866
i hope they upload this series in YT at some point,neither,0.05259417226236815,0.28350879952517205,0.6638970282124598
"thuluHEY Greetings, Anarchs!",neither,0.03945320844208391,0.33037608806864915,0.630170703489267
tals gonna be a fae.,neither,0.03837115073404205,0.4324053582509267,0.5292234910150313
Gifting subs is always an option too,neither,0.044033809731388755,0.36847980715342327,0.587486383115188
Over a thousand viewers! vv,neither,0.03688260319065215,0.3319394106548125,0.6311779861545354
Tal is an Atideluvian,neither,0.04857339289485587,0.32171060177291566,0.6297160053322284
Talisin Jaffe's in this one. This will be good.,neither,0.039685177564348584,0.34665185431613427,0.6136629681195171
critroleBidet critroleGothdad,neither,0.03945320844208391,0.33037608806864915,0.630170703489267
Is there any word on whether they'e gonna reboot Werewolf like they did Vampire?,neither,0.04652610522613631,0.34485972193754005,0.6086141728363236
"@GreyAngel: Ventrue: Dead Aristocrats, Toreador: Dead Artists, Brujah: Dead College Communists, Nosferatu: Dead and Ugly Secret Mongers",neither,0.0690244466494518,0.24371793526128252,0.6872576180892657
critroleGothdad critroleGothdad critroleGothdad,neither,0.03945320844208391,0.33037608806864915,0.630170703489267
@dragonchrome BibleThump,neither,0.03945320844208391,0.33037608806864915,0.630170703489267
taking bets on Tal's guest role's clan,neither,0.03774661136318854,0.33848599770545135,0.62376739093136
Bidet vamps,neither,0.03945320844208391,0.33037608806864915,0.630170703489267
awww :( now I want to tell you to go to bed LUL,neither,0.06710296066555838,0.3500272558880702,0.5828697834463713
"If Tal comes on as a Lasombra named ""Taliesin Jaffe"" I will roll out of my chair and die.",neither,0.05972509223413131,0.297154569382909,0.6431203383829596
@lordmuffincakes We can hope!,neither,0.1039487311313453,0.16544931338075244,0.7306019554879022
im just here for taliesin,neither,0.0818481656862595,0.31145954553766664,0.6066922887760738
critrolePyramid critrolePyramid critrolePyramid,neither,0.03945320844208391,0.33037608806864915,0.630170703489267
critroleGothdad,neither,0.03945320844208391,0.33037608806864915,0.630170703489267
@RJLadyA that's a problem haha,neither,0.030404257903894803,0.4584929226675238,0.5111028194285814
!rbschedule,neither,0.03945320844208391,0.33037608806864915,0.630170703489267
@LordMuffincakes knoing G&S its a 50/50 shot,neither,0.035114098780566434,0.3318685068537329,0.6330173943657005
very excited to see this!!! critroleBidet critroleBidet critroleBidet,neither,0.04607874342788942,0.3280131701093584,0.6259080864627522
"Oh my god, I completely forgot that Tal was going to be in this one!!! EEEEE!!!",neither,0.03530371499795814,0.4125987194690255,0.5520975655330165
!rbschedule,neither,0.03945320844208391,0.33037608806864915,0.630170703489267
techndHey,neither,0.03945320844208391,0.33037608806864915,0.630170703489267
Pizza + Beer + Vtm !! Lets go,neither,0.03978466197489086,0.34597290808128106,0.6142424299438282
Ok it’s time!!!!,neither,0.03586667243639944,0.3595335464335916,0.6045997811300089
@rainbowarchwizardmatthew Agrerd,neither,0.03945320844208391,0.33037608806864915,0.630170703489267
Tal is playing Vannevar Thomas I bet,neither,0.04525845983079884,0.3283793959127698,0.6263621442564313
@rainbowarchwizardmatthew lol critroleGothdad gandsFacepalm,neither,0.020706217963973744,0.4882283491876925,0.4910654328483337
I bet Taliesin is Pink!,neither,0.049389321091245296,0.32695860330217025,0.6236520756065845
I am wearing my Ankh in honor of the game,neither,0.030810501146150287,0.34735931861327657,0.6218301802405731
Am I the only one who listens to a YT (0s Goth playlist in the background during this show?,neither,0.04928662157408904,0.3208003500654729,0.629913028360438
Want the inside scoop? Join the cast of Critical Role and discuss the most recent episode right here on Talks Machina. Tuesdays 7pm Pacific at twitch.tv/geekandsundry and projectalpha.com,neither,0.04573032993319735,0.22538911733705982,0.7288805527297427
i'm here because of taliesin and because its a dang good series,neither,0.06275202362255208,0.27669276463610226,0.6605552117413456
@rainbowarchwizardmatthew Would be waaay too meta.,neither,0.039014595592537296,0.3328999230733474,0.6280854813341155
tal is tremere.,neither,0.04912624121044723,0.3270490885368631,0.6238246702526896
Where is the stream?,neither,0.049408841009155456,0.2771929367323054,0.6733982222585392
I hope Jasper is back...,neither,0.08850955830182337,0.21893892841815257,0.6925515132800242
@Dragonchrome what's the command for the cehat sheet for the clans?,neither,0.03398862230812533,0.266148089098974,0.6998632885929007
The last episode was very action packed.,neither,0.038764316308743246,0.3206876677636828,0.6405480159275739
critrolebidet,neither,0.03945320844208391,0.33037608806864915,0.630170703489267
rtuesDairy rtuesAir rtuesMoon L.A. By Night,neither,0.029911839357784523,0.4058860039284359,0.5642021567137796
"I tried to get caught up, but it was so hard to find the episodes...",offensive_language,0.03761923316542594,0.48373214215336163,0.47864862468121244
*cheat,neither,0.03945320844208391,0.33037608806864915,0.630170703489267
is alex going to be back?,neither,0.054736546176069295,0.35504530286701913,0.5902181509569115
"First time watching, cause of not having subscription or Alpha. is excited though",neither,0.036889463928745,0.3634915135826933,0.5996190224885617
@jr_bob_loblaw So far it seems like Tremere is the most common.,neither,0.052110421885735364,0.36076854185852214,0.5871210362557426
"Good Evening, boys and ghouls...",neither,0.0380865636804895,0.2924351046223205,0.66947833169719
"@GreyAngel Malkavians: Dead and Crazy, Tremere: Dead Blood Magicians, Gangrel: Dead and Animalistic",neither,0.03298637988779922,0.3467498638268354,0.6202637562853653
!vtmclans,neither,0.03945320844208391,0.33037608806864915,0.630170703489267
Cheat Sheet for Vampire: The Masquerade - L.A. By Night... https://pbs.twimg.com/media/Dns7g5eUcAIcykq.jpg,neither,0.03264495112007725,0.32775592935801445,0.6395991195219084
top of the hour....,neither,0.03848231052559361,0.31257850107652435,0.648939188397882
so glad I caught up on the old episodes just in time to hear Jaffe would be a guest,neither,0.03609858884696373,0.3986094623837878,0.5652919487692486
Jasper is back,neither,0.04816456976848439,0.32737985144377757,0.624455578787738
Um salve para todos os brs presentes,neither,0.03945320844208391,0.33037608806864915,0.630170703489267
@ChainsawGothic I hope so too. I miss Jasper.,neither,0.06085133632081357,0.27530575529655515,0.6638429083826312
!vtmclans,neither,0.03945320844208391,0.33037608806864915,0.630170703489267
hello,neither,0.03945320844208391,0.33037608806864915,0.630170703489267
@chainsawgothic someone said that Alex is back,neither,0.04312048179131363,0.3671677564892735,0.589711761719413
!vtmclans,neither,0.03945320844208391,0.33037608806864915,0.630170703489267
Cheat Sheet for Vampire: The Masquerade - L.A. By Night... https://pbs.twimg.com/media/Dns7g5eUcAIcykq.jpg,neither,0.03264495112007725,0.32775592935801445,0.6395991195219084
Chantelle is still offline,neither,0.05616764736281741,0.35459560431738774,0.5892367483197949
hi,neither,0.03945320844208391,0.33037608806864915,0.630170703489267
WTB more than 8 eps or a second season,neither,0.040973937506250904,0.3247781965448816,0.6342478659488676
@that_one_guy212 YEAH.. i can only hope cause i dont have a bank account or credit card... nor money to sub to watch the past episodes,neither,0.05107918116213621,0.33426194809865495,0.6146588707392089
@TheOnyxPath ty,neither,0.03945320844208391,0.33037608806864915,0.630170703489267
"Hello everyone, lets roll. arcusBOOM Jasper gandsHype",neither,0.034817377954450654,0.40905822999727226,0.556124392048277
@bookity101 Excellent!,neither,0.03945320844208391,0.33037608806864915,0.630170703489267
!timer,neither,0.03945320844208391,0.33037608806864915,0.630170703489267
,neither,0.03945320844208391,0.33037608806864915,0.630170703489267
Show time!,neither,0.06421964423691781,0.2395865376180287,0.6961938181450534
"I'm always wearing my ankh @phoenixmelody Got a tattoo of an ankh dagger with Gangrel symbol and d10 ""gem""",neither,0.029090832248085483,0.40212216551543917,0.5687870022364753
critroleBidet,neither,0.03945320844208391,0.33037608806864915,0.630170703489267
!rbschedule,neither,0.03945320844208391,0.33037608806864915,0.630170703489267
Good eeeeeeeeeeeevvening.,neither,0.037820165765928906,0.33093776632913474,0.6312420679049364
Did we ever decide on what LA By Night fans are called?,neither,0.050795811664913385,0.3378037609935948,0.6114004273414917
Here we go!,neither,0.13156755280784707,0.2765461283225309,0.5918863188696221
Hi!,neither,0.03945320844208391,0.33037608806864915,0.630170703489267
Huzzah!,neither,0.03945320844208391,0.33037608806864915,0.630170703489267
Wooot,neither,0.03945320844208391,0.33037608806864915,0.630170703489267
JASON!,neither,0.03945320844208391,0.33037608806864915,0.630170703489267
"i have a caitiff ankh from twenty years ago, upside down w spikes",neither,0.039758481225849775,0.3251948122296625,0.6350467065444877
We have a subscriber-only Discord server! Join here: https://discord.gg/geekandsundry (you'll need to sub and link it to your Twitch) and be a part of the fun!...Warning: It can take up to an hour for the server to update and give you access to the channels,neither,0.08464076273808444,0.286394834032893,0.6289644032290227
woheeee,neither,0.03945320844208391,0.33037608806864915,0.630170703489267
woot!,neither,0.03945320844208391,0.33037608806864915,0.630170703489267
@chyanneerin Boys and Ghouls? :),neither,0.03827131949124756,0.2663698901017586,0.695358790406994
"@GreyAngel Tzimisce: Dead Fleshcrafters, Lasombra: Dead Shadow Benders, Followers of Set: Dead Egyptian Corruption Priests,",neither,0.03945320844208391,0.33037608806864915,0.630170703489267
!!!,neither,0.03945320844208391,0.33037608806864915,0.630170703489267
Is it’s brokwn,neither,0.059603583318096655,0.32344545014120724,0.616950966540696
Yay!,neither,0.03945320844208391,0.33037608806864915,0.630170703489267
JASPER,neither,0.03945320844208391,0.33037608806864915,0.630170703489267
yessssssssssssss,neither,0.03945320844208391,0.33037608806864915,0.630170703489267
No stream,neither,0.038465455673613855,0.34714083037889465,0.6143937139474915
THANK GOD,neither,0.03889004343580062,0.3399344679688249,0.6211754885953744
You are a Wizard Harry,neither,0.08805196490648882,0.327341992964383,0.5846060421291283
JASPER!!!!,neither,0.03945320844208391,0.33037608806864915,0.630170703489267
Hype!,neither,0.03945320844208391,0.33037608806864915,0.630170703489267
FUCK YES! WE HAVE JASPER TOO!,offensive_language,0.14456197249289626,0.849503861669465,0.005934165837638763
Only three more episodes...,neither,0.0411055013602043,0.32174186325716114,0.6371526353826344
WOO JASPER,neither,0.03945320844208391,0.33037608806864915,0.630170703489267
JASPER!!!!!,neither,0.03945320844208391,0.33037608806864915,0.630170703489267
JASPER!!!!,neither,0.03945320844208391,0.33037608806864915,0.630170703489267
Welcome back Alex!,neither,0.03945320844208391,0.33037608806864915,0.630170703489267
hey vamps!,neither,0.03945320844208391,0.33037608806864915,0.630170703489267
JASPER!!!,neither,0.03945320844208391,0.33037608806864915,0.630170703489267
!!!,neither,0.03945320844208391,0.33037608806864915,0.630170703489267
MY BOY!,neither,0.021444584624538354,0.48220956225782785,0.49634585311763385
YAY ALEX!,neither,0.03945320844208391,0.33037608806864915,0.630170703489267
wooooooo!!!!! vampire time!!!!!!,neither,0.03814432885341907,0.3525911905918181,0.6092644805547629
JASPER,neither,0.03945320844208391,0.33037608806864915,0.630170703489267
woo welcome back Alex!,neither,0.03945320844208391,0.33037608806864915,0.630170703489267
JASPER!,neither,0.03945320844208391,0.33037608806864915,0.630170703489267
YAYYYY,neither,0.03945320844208391,0.33037608806864915,0.630170703489267
Jaaaspeeeerrr.,neither,0.03945320844208391,0.33037608806864915,0.630170703489267
Erika! \o/,neither,0.03945320844208391,0.33037608806864915,0.630170703489267
Yay! Jasper!,neither,0.03945320844208391,0.33037608806864915,0.630170703489267
Ramona!!,neither,0.03945320844208391,0.33037608806864915,0.630170703489267
Jaspeeer <3,neither,0.03945320844208391,0.33037608806864915,0.630170703489267
\BEX!!!!!!!!!,neither,0.03945320844208391,0.33037608806864915,0.630170703489267
Jasper!!,neither,0.03945320844208391,0.33037608806864915,0.630170703489267
I’m so hype,neither,0.03940828253961077,0.39264520971988554,0.5679465077405037
OMG,neither,0.03945320844208391,0.33037608806864915,0.630170703489267
YEAAAAAAA,neither,0.03945320844208391,0.33037608806864915,0.630170703489267
yeah jasper!,neither,0.023507678412445245,0.4412251867422846,0.5352671348452701
PogChamp,neither,0.03945320844208391,0.33037608806864915,0.630170703489267
welcome back alex!,neither,0.03945320844208391,0.33037608806864915,0.630170703489267
dayHeart,neither,0.03945320844208391,0.33037608806864915,0.630170703489267
@TheOnyxPath Ok Honestly.. is Jason a real life Nos just with Makeup?,neither,0.02795995307699243,0.47564530277371186,0.4963947441492956
OMG Sudden BEX!,neither,0.03945320844208391,0.33037608806864915,0.630170703489267
"Ooh, a Ramona",neither,0.03945320844208391,0.33037608806864915,0.630170703489267
Jasper!!!,neither,0.03945320844208391,0.33037608806864915,0.630170703489267
RAMONAAAAA,neither,0.03945320844208391,0.33037608806864915,0.630170703489267
Holy Shit!,offensive_language,0.04257650662097627,0.9573463282193174,7.716515970639687e-05
Two guests?,neither,0.0407660999210139,0.30809289329748146,0.6511410067815048
!whodat,neither,0.03945320844208391,0.33037608806864915,0.630170703489267
"GM Jason Carl ( twitter.com/vampiresnvino ), with Alex Ward ( twitter.com/AlexWard777 ), Erika Ishii ( twitter.com/erikaishii ), B. Dave Walters ( twitter.com/BDaveWalters ), with special guest Bex Taylor-Klaus ( twitter.com/IBexWeBex ).",neither,0.039103842143842785,0.46739204253879585,0.4935041153173612
Oh shit,offensive_language,0.04652059265363964,0.9534729203614298,6.486984930600159e-06
Oooh new guest,neither,0.042435936900409706,0.2564856178141278,0.7010784452854625
no nelli NOOOOOOO,neither,0.03852177801590115,0.3461848932406789,0.6152933287434199
Hold on. Nelli!!!,neither,0.03511726404960503,0.3515049024888315,0.6133778334615634
JASPER! I missed him!,neither,0.03933219269755203,0.33243004107928154,0.6282377662231665
YEY!!! Jasper,neither,0.03945320844208391,0.33037608806864915,0.630170703489267
welcome back jasper!,neither,0.03945320844208391,0.33037608806864915,0.630170703489267
WC BACK ALEX and we've got a Ramona!,neither,0.023651922138547877,0.3226973869794721,0.6536506908819799
becks!!!!!!,neither,0.03945320844208391,0.33037608806864915,0.630170703489267
Hey Bex!,neither,0.03945320844208391,0.33037608806864915,0.630170703489267
"Oh dang, Ramona",neither,0.0450478101092574,0.2772031091301225,0.6777490807606199
Its kind of cool that Vannevar Thomas is a key player in the chronicle. I still remember reading prince of the city back in the 90s,neither,0.03481422065817948,0.3723688883960749,0.5928168909457456
Bex!,neither,0.03945320844208391,0.33037608806864915,0.630170703489267
whoa! ramona!?,neither,0.03945320844208391,0.33037608806864915,0.630170703489267
Baron of the Valley...,neither,0.03842376126403067,0.31147276528102896,0.6501034734549404
@GreyAngel Giovanni: Dead Mafia,neither,0.03945320844208391,0.33037608806864915,0.630170703489267
Yey!!! He's Back Baby!,neither,0.04734819909045674,0.32766063875512064,0.6249911621544227
nice,neither,0.03945320844208391,0.33037608806864915,0.630170703489267
Oh they got Bex on here,neither,0.10792643158213379,0.2915311957791904,0.6005423726386758
2 guest omg,neither,0.03945320844208391,0.33037608806864915,0.630170703489267
Baron of the Valley!,neither,0.03842376126403067,0.31147276528102896,0.6501034734549404
the return of Alex!,neither,0.03857995165473219,0.3144129750327538,0.6470070733125141
AHHHH,neither,0.03945320844208391,0.33037608806864915,0.630170703489267
....where is Taliesin?,neither,0.06245822111259904,0.2612427577458543,0.6762990211415466
Taliesin will be with us in a moment...,neither,0.06376253136313356,0.34236760738143196,0.5938698612554344
WHAAAAAAAT,neither,0.03945320844208391,0.33037608806864915,0.630170703489267
Hehhehe,neither,0.03945320844208391,0.33037608806864915,0.630170703489267
oh,neither,0.051363287716059566,0.22255663153133606,0.7260800807526044
RAMONA,neither,0.03945320844208391,0.33037608806864915,0.630170703489267
BEX!!!!,neither,0.03945320844208391,0.33037608806864915,0.630170703489267
i see,neither,0.03945320844208391,0.33037608806864915,0.630170703489267
TA-LIE-SIN,neither,0.03945320844208391,0.33037608806864915,0.630170703489267
BEX :D:D:D:DD,neither,0.03945320844208391,0.33037608806864915,0.630170703489267
This looks weird,neither,0.03933913226413154,0.3323122585236016,0.6283486092122669
Bex?,neither,0.03945320844208391,0.33037608806864915,0.630170703489267
Ramona!,neither,0.03945320844208391,0.33037608806864915,0.630170703489267
pennyDark pennyDark pennyDark,neither,0.03945320844208391,0.33037608806864915,0.630170703489267
laceyB laceyB laceyB laceyB laceyB laceyB laceyB laceyB,neither,0.03945320844208391,0.33037608806864915,0.630170703489267
So glad you are back Alex!,neither,0.09011160421255429,0.3756465122070149,0.5342418835804309
Grats @deathboy01,neither,0.03945320844208391,0.33037608806864915,0.630170703489267
Where is Neli?,neither,0.06245822111259904,0.2612427577458543,0.6762990211415466
omg,neither,0.03945320844208391,0.33037608806864915,0.630170703489267
"Download the new Critical Role theme song for Campaign Two! http://itunes.apple.com/album/id1331550250?ls=1&app=itunes Sales of the song support the musician, Jason Charles Miller.",neither,0.04445767596344001,0.2510827790306858,0.7044595450058742
no Nelly G =(,neither,0.038465455673613855,0.34714083037889465,0.6143937139474915
Oooh and shes playing Ramona this shall be interesting,neither,0.039172275708986314,0.3107917718355294,0.6500359524554843
"he's playing himself, totally",neither,0.04431692232372984,0.3287032338362206,0.6269798438400497
He's on deck and everything fun...,neither,0.04077523185752061,0.30607717953983854,0.6531475886026409
YAY TALIESON,neither,0.03945320844208391,0.33037608806864915,0.630170703489267
Where's Nelly G,neither,0.041595994268005754,0.2940074203773722,0.6643965853546222
Was not expecting Bex,neither,0.03782539749833219,0.3383302217858371,0.6238443807158308
,neither,0.03945320844208391,0.33037608806864915,0.630170703489267
jalisen taffy!,neither,0.03945320844208391,0.33037608806864915,0.630170703489267
the dark lord taliesan!!!!,neither,0.03850266556112211,0.3129618989563948,0.648535435482483
Vampire daddy oh dear,neither,0.04362171076162013,0.2903576581799184,0.6660206310584614
I see that particular Ramona and I think of The Doctor's onetime companion.,neither,0.036341241539168914,0.3155663835129503,0.6480923749478807
"missed the intro, Neli out for the week?",neither,0.031137373641487914,0.29917216575455274,0.6696904606039592
vmpire daddy indeed,neither,0.03945320844208391,0.33037608806864915,0.630170703489267
"@GreyAngel Assamites: Dead Middle Eastern Assassins, Ravnos: Dead Roma Sterotypes",neither,0.03945320844208391,0.33037608806864915,0.630170703489267
There's a lot of light tonight!,neither,0.0371175771008149,0.2726127757811187,0.6902696471180665
I wonder if he'll be LaCroix,neither,0.0253853350411287,0.3936936705302353,0.580920994428636
clank,neither,0.03945320844208391,0.33037608806864915,0.630170703489267
this is gonna be an episode we all can sink our teeth in,neither,0.04563406688571775,0.4041718404982782,0.550194092616004
"Alex and Talisen are going to be on at the same time, this is going to be so fucking hype.",offensive_language,0.13998145561104702,0.8194894880103105,0.040529056378642354
Wait who are we shipping?,neither,0.07713547365688182,0.35676737524573043,0.5660971510973878
Oh Vampire Daddy,neither,0.044359688220968904,0.28351476592958874,0.6721255458494424
Awwwww no Nelli G? My Malkavian heart is broken,neither,0.03511208418269737,0.40564914579405525,0.5592387700232475
"bex? holy shite, that is a special guest! <3",neither,0.06483000042618771,0.3423465541125152,0.5928234454612971
Sweet,neither,0.03945320844208391,0.33037608806864915,0.630170703489267
Fucking frozen again,offensive_language,0.10041136726631711,0.8987589512085186,0.0008296815251643306
,neither,0.03945320844208391,0.33037608806864915,0.630170703489267
ah man we really need an episode with these awesome guests AND the full coterie!,neither,0.04655437551990509,0.3904530685780871,0.5629925559020078
Nelly is sick with a flu and could not come in.,neither,0.03423965130064865,0.34758198930829454,0.6181783593910568
Erika Ishii is absolutely stunning tonight,neither,0.043685066046762,0.3096937021303757,0.6466212318228624
Jasper's sweater is so shaggy <3!,neither,0.04509547515604716,0.36003261603683806,0.5948719088071147
A vampire who plays Vampire: The Masquerade.,neither,0.039211611592826344,0.35690762961088435,0.6038807587962893
I need that screen,neither,0.03462132117050197,0.37908395535866807,0.58629472347083
For officially licensed VtM gear (and the awesome GM screen Jason is using) check out http://dogmight.com/vtm and http://bit.ly/v5spellbooktome,neither,0.034506929539736636,0.237927588715498,0.7275654817447653
"awww, get well Cynthia",neither,0.038907638065294896,0.33963584118798296,0.6214565207467221
Welcome back Jasper! And hello Bex!,neither,0.03883457021619468,0.2997782392533913,0.661387190530414
"@JeffM0307 Get well soon, Nelli G!",neither,0.038805782438217785,0.341364597001486,0.6198296205602962
<3,neither,0.03945320844208391,0.33037608806864915,0.630170703489267
Oh no! I hope she feels better soon,neither,0.07738141713669901,0.2710959850188558,0.6515225978444453
"Help G&S make great content! $4.99/month gets you emotes, Minecraft server access, sub-only VODs, and more! Every sub keeps the channel alive! twitch.tv/geekandsundry/subscribe",neither,0.043907990691603095,0.31135964332838284,0.644732365980014
Pidge!,neither,0.03945320844208391,0.33037608806864915,0.630170703489267
"Get well soon, Cynthia! We'll miss your Toreador charm!",neither,0.05286630179496675,0.33513065576378037,0.6120030424412529
ugh! poor nellie,neither,0.03945320844208391,0.33037608806864915,0.630170703489267
The set is much brighter tonight.,neither,0.03970706403966251,0.2930241775425237,0.6672687584178137
get well soon Cynthia!!,neither,0.038805782438217785,0.341364597001486,0.6198296205602962
I got the flu. My sympathies.,neither,0.024953295394348245,0.45889038559489875,0.5161563190107529
Cynthia TearGlove,neither,0.03945320844208391,0.33037608806864915,0.630170703489267
Get well soon!,neither,0.038805782438217785,0.341364597001486,0.6198296205602962
Grats @phoenixmelody,neither,0.03945320844208391,0.33037608806864915,0.630170703489267
Get well soon Cynthia.,neither,0.038805782438217785,0.341364597001486,0.6198296205602962
"ah well, the plague is going round. get well cynthia!",neither,0.04286555784887703,0.3427084722373588,0.6144259699137641
have to miss out tonight. just had to say hi. enjoy all!,neither,0.03567947014995994,0.3845659722577066,0.5797545575923334
"We miss u Cynthia, get well soon!",neither,0.032382414233994954,0.34371435675823975,0.6239032290077652
Oh dear. Get well soon Cynthia! Gonna miss having your Nelli G here but it will be nice when you come back.,neither,0.08011185172234178,0.3728316643734336,0.5470564839042247
hey hey hey hey hey now now now,neither,0.03945320844208391,0.33037608806864915,0.630170703489267
"Yay, got here in time.",neither,0.08282573394406417,0.3549786838009089,0.5621955822550271
@Dragonchrome Thank you!,neither,0.07325166854587051,0.43632638485078484,0.49042194660334476
Ohhh.,neither,0.03945320844208391,0.33037608806864915,0.630170703489267
Maybe?,neither,0.03945320844208391,0.33037608806864915,0.630170703489267
"first, a second inquisition. now another plague. :(",neither,0.07761714195002165,0.2580068533321816,0.6643760047177968
Big Baron Daddy,neither,0.020662306918156396,0.41105331511196375,0.5682843779698797
thickHEY,neither,0.03945320844208391,0.33037608806864915,0.630170703489267
"Well, this will ends badlu",neither,0.0407392330947055,0.3085488934567642,0.6507118734485303
That opening,neither,0.034331915392564236,0.38637883177222937,0.5792892528352064
baron of the valley,neither,0.03842376126403067,0.31147276528102896,0.6501034734549404
badly*,neither,0.03945320844208391,0.33037608806864915,0.630170703489267
Baron Dad,neither,0.03945320844208391,0.33037608806864915,0.630170703489267
