text,top_class,hate_speech,offensive_language,neither
gandsHug,neither,0.03945320844208391,0.33037608806864915,0.630170703489267
IT’S SAM’S BIRTHDAY,neither,0.03785558113382702,0.3309255853601215,0.6312188335060515
hi @shidareaki !,neither,0.03945320844208391,0.33037608806864915,0.630170703489267
gandsHug gandsHug gandsHug gandsHug gandsHug,neither,0.03945320844208391,0.33037608806864915,0.630170703489267
its my birthday too,neither,0.021701505594625758,0.4370598459540504,0.5412386484513239
"Download the new Critical Role theme song for Campaign Two! http://itunes.apple.com/album/id1331550250?ls=1&app=itunes Sales of the song support the musician, Jason Charles Miller.",neither,0.04445767596344001,0.2510827790306858,0.7044595450058742
gandsHug gandsHug gandsHug gandsHug,neither,0.03945320844208391,0.33037608806864915,0.630170703489267
oh Sam <3,neither,0.0461327075271576,0.2673899063118408,0.6864773861610016
"Happy happy birthday, from all of us to you!",neither,0.10421113591516754,0.3989034688979244,0.4968853951869081
,neither,0.03945320844208391,0.33037608806864915,0.630170703489267
stripHey,neither,0.03945320844208391,0.33037608806864915,0.630170703489267
First off! Happy Birthday to Sam!!!,neither,0.038392259940573596,0.3293249652157654,0.632282774843661
bday1000 Happy Birthday Sam,neither,0.03945320844208391,0.33037608806864915,0.630170703489267
haha about to get fictional,neither,0.03980054471974809,0.456539694424734,0.5036597608555179
IT'S SAM DAY,neither,0.03831808909861602,0.31304076576913586,0.6486411451322481
HAPPY BIRTHDAY SAM!!!!!!,neither,0.03945320844208391,0.33037608806864915,0.630170703489267
SAM DAY,neither,0.04009349106597334,0.31145463017898584,0.6484518787550408
HAPPY BIRTH SAM,neither,0.03945320844208391,0.33037608806864915,0.630170703489267
Best day SAM DAY,neither,0.03952310921066406,0.2992103913252196,0.6612664994641163
YAY SAM DAY,neither,0.03992466990079924,0.31646507798367474,0.643610252115526
Happy SamDay,neither,0.03945320844208391,0.33037608806864915,0.630170703489267
SAM DAY <3,neither,0.04009349106597334,0.31145463017898584,0.6484518787550408
"Merry Birthiversary, Sam.",neither,0.03945320844208391,0.33037608806864915,0.630170703489267
"Happy birthday, Sam gandsHug",neither,0.03945320844208391,0.33037608806864915,0.630170703489267
HAPPY BIRTHDAY SAM!!!!,neither,0.03945320844208391,0.33037608806864915,0.630170703489267
All that Xander awesomeness,neither,0.03695855463510002,0.45483450404568626,0.5082069413192136
"Help G&S make great content! $4.99/month gets you emotes, Minecraft server access, sub-only VODs, and more! Every sub keeps the channel alive! twitch.tv/geekandsundry/subscribe",neither,0.043907990691603095,0.31135964332838284,0.644732365980014
happy birthday sam!!,neither,0.03945320844208391,0.33037608806864915,0.630170703489267
Happy birthday Sam,neither,0.03945320844208391,0.33037608806864915,0.630170703489267
:D,neither,0.03945320844208391,0.33037608806864915,0.630170703489267
I wondered about that! LOL. Comic book collection of Hector on Wednesday Club!!,neither,0.03096287384849711,0.40509101043547213,0.5639461157160308
HAPPY BIRTHDAY SAM,neither,0.03945320844208391,0.33037608806864915,0.630170703489267
Happy Birthday Sam,neither,0.03945320844208391,0.33037608806864915,0.630170703489267
"Hector is Hector, just Hector Worldwide now",neither,0.04501346279882418,0.3629687535103534,0.5920177836908225
Sam!!! gandsHug gandsHug,neither,0.03945320844208391,0.33037608806864915,0.630170703489267
Happy birthday sam,neither,0.03945320844208391,0.33037608806864915,0.630170703489267
I'm Excited!!!,neither,0.03945320844208391,0.33037608806864915,0.630170703489267
gandsHug gandsHug gandsHug,neither,0.03945320844208391,0.33037608806864915,0.630170703489267
my birthday is 2 days off of sams! xD,neither,0.03456545002312043,0.4159555237840079,0.5494790261928717
Happy Birthday Sam,neither,0.03945320844208391,0.33037608806864915,0.630170703489267
"Happy Birthday, Sam!",neither,0.03945320844208391,0.33037608806864915,0.630170703489267
Sam's having a birthday? Happy Birthday!!!,neither,0.03945320844208391,0.33037608806864915,0.630170703489267
🎂 gandsHug Happy birthday Sam!,neither,0.03945320844208391,0.33037608806864915,0.630170703489267
WE’RE ALL EXCITED ABOUT THEM!,neither,0.07836196162777499,0.3923735662812647,0.5292644720909603
Happy birthday Sam <3,neither,0.03945320844208391,0.33037608806864915,0.630170703489267
happy birthday sam!,neither,0.03945320844208391,0.33037608806864915,0.630170703489267
they are so adorable,neither,0.07129420916892462,0.3283884502330781,0.6003173405979972
#THNIWYTA,neither,0.03945320844208391,0.33037608806864915,0.630170703489267
They are awesome!!,neither,0.07510737655025979,0.27207122684635293,0.6528213966033873
This is so cuuute,neither,0.057692595345134906,0.4206183136808414,0.5216890909740237
Happy Sam Day Sam,neither,0.03979693444577389,0.3202453239759529,0.6399577415782733
"Happy birthday, Sam!",neither,0.03945320844208391,0.33037608806864915,0.630170703489267
im getting squishyyyyy,neither,0.0321988362269091,0.4788566065803523,0.4889445571927386
Happy birthday stripLuv stripLuv,neither,0.03945320844208391,0.33037608806864915,0.630170703489267
im a libra too,neither,0.038264135149627766,0.36968097745886846,0.5920548873915037
Happy birthday Sam,neither,0.03945320844208391,0.33037608806864915,0.630170703489267
Yay! <3 <3 <3,neither,0.03945320844208391,0.33037608806864915,0.630170703489267
,neither,0.03945320844208391,0.33037608806864915,0.630170703489267
Too many feelings but I luv it!!!,neither,0.035241051560602296,0.34299237291734497,0.6217665755220528
too many feels today this is killing me,neither,0.03795946263731218,0.34539000808004944,0.6166505292826384
This is so soft,neither,0.0498831076685221,0.3855857135299511,0.5645311788015269
cheer200,neither,0.03945320844208391,0.33037608806864915,0.630170703489267
#CallistoSick,neither,0.03945320844208391,0.33037608806864915,0.630170703489267
Callisto Sicks,neither,0.03945320844208391,0.33037608806864915,0.630170703489267
calisto sicks,neither,0.03945320844208391,0.33037608806864915,0.630170703489267
!points @pocketgina,neither,0.03945320844208391,0.33037608806864915,0.630170703489267
"That was an excellent pun, @pocketgina! Here, have some points for that one! You have been awarded 84 points!",neither,0.050805666259642904,0.3851811885541635,0.5640131451861937
happy birthday sam,neither,0.03945320844208391,0.33037608806864915,0.630170703489267
Also Happy Birthday SuperSAm!,neither,0.03945320844208391,0.33037608806864915,0.630170703489267
#callistosicks,neither,0.03945320844208391,0.33037608806864915,0.630170703489267
@elizabethjoy77 Right. I found some nice threads and I am so happy!,neither,0.03135550302562492,0.35868052666782374,0.6099639703065514
Happy Birthday Sam!,neither,0.03945320844208391,0.33037608806864915,0.630170703489267
Happy Bday Sam! <3,neither,0.03945320844208391,0.33037608806864915,0.630170703489267
PogChamp PartyPopper PartyPopper PartyPopper PartyPopper PartyPopper PartyPopper,neither,0.03945320844208391,0.33037608806864915,0.630170703489267
XD,neither,0.03945320844208391,0.33037608806864915,0.630170703489267
!rbschedule,neither,0.03945320844208391,0.33037608806864915,0.630170703489267
Find the rebroadcast schedule for today here: http://bit.ly/ThurRebroadcast,neither,0.05993176898675194,0.16282973960513905,0.7772384914081091
https://clips.twitch.tv/AbstruseTameVelociraptorKappaClaus,neither,0.03945320844208391,0.33037608806864915,0.630170703489267
"hm, i think, I THINK, sam is excited. not sure though.",neither,0.040162693067467656,0.40303339254355525,0.556803914388977
Fan of both. Would love Library Bards to come to Arizona,neither,0.044523634179381835,0.3472535602466448,0.6082228055739735
Maybe a little?,neither,0.03901691694003645,0.337781093488482,0.6232019895714815
lol !points sam,neither,0.0318319668421841,0.3855596767003057,0.5826083564575103
they've got amy trained so well to do the library bards jazz hands lol,neither,0.02595383971934812,0.3802310548816109,0.593815105399041
party1,neither,0.03945320844208391,0.33037608806864915,0.630170703489267
PLease livestream for the eastcoasters and further xD,neither,0.0340002174473185,0.26928576878506144,0.69671401376762
"...But still go see them in person, if you can...",neither,0.04262660924205741,0.4408976307985919,0.5164757599593508
Woo!!!,neither,0.03945320844208391,0.33037608806864915,0.630170703489267
Is it bad if I did the jazz hands,neither,0.02700798138852406,0.35883973488359444,0.6141522837278816
Wood Shed sounds like a fun bar KappaPride,neither,0.04649908129774842,0.34089738431000915,0.6126035343922425
oh man,neither,0.0497452509521963,0.354443561064239,0.5958111879835646
Okay time to go i am still stupid behind <3,neither,0.12103297841878019,0.25758493396667276,0.621382087614547
they have the whole cast trained on the jazz hands...,neither,0.03657758901610943,0.3247656059641195,0.638656805019771
@seratonia Not all all :D,offensive_language,0.04360689288702048,0.5920483298177837,0.3643447772951958
have a great show all !!,neither,0.05746581557753282,0.29555815541361946,0.6469760290088477
We all do it at least mentally if not physically,neither,0.02728003006423338,0.4346762803852732,0.5380436895504935
@seratonia haha I did too,neither,0.03402290092986218,0.4225425785243504,0.5434345205457876
@Shadowstorm_0 bye Allisooon,neither,0.03945320844208391,0.33037608806864915,0.630170703489267
bye shadowstorm!,neither,0.03945320844208391,0.33037608806864915,0.630170703489267
https://clips.twitch.tv/FilthySwissNoodleAliens,neither,0.03945320844208391,0.33037608806864915,0.630170703489267
thank youuu @shadowstorm_0,neither,0.03902813621483965,0.3375906731150976,0.6233811906700628
"See ya later, @Shadowstorm_0",offensive_language,0.023968758406753034,0.6144406023076847,0.36159063928556223
HI YALL,neither,0.037580997573720916,0.3621523925857832,0.600266609840496
who is the new blue haired guy?? o.o,neither,0.04861519651247435,0.29760870438802706,0.6537760990994985
ERIC,neither,0.03945320844208391,0.33037608806864915,0.630170703489267
@CosmicVoyagerX It sounds like it wood be fun,neither,0.045798584313133016,0.34739334494055224,0.6068080707463147
!whodat,neither,0.03945320844208391,0.33037608806864915,0.630170703489267
"GM Eric Campbell ( twitter.com/16BitEric ), with Aliza Pearl ( twitter.com/AlizaPearl ), Gina DeVivo ( twitter.com/PocketGina ), Sam de Leve ( twitter.com/ChaiKovsky ), Amy Dallen ( twitter.com/enthusiamy ), Bonnie Gordon ( twitter.com/BonnieBellG ), with special guest, Xander Jeanneret ( twitter.com/Xanderrific ).",neither,0.0389783978140858,0.47166891699700353,0.48935268518891073
"Those of you sick, Get well!! Happy Birthday Sam. :)",neither,0.07407869946463051,0.3147278887556405,0.611193411779729
Out of chat for now but love this,neither,0.026324553566171013,0.3394751745771242,0.6342002718567047
"Hi, @LibrarianLizz",neither,0.03945320844208391,0.33037608806864915,0.630170703489267
"He plays a new guy, Zach",neither,0.04640421282889906,0.2646738596693164,0.6889219275017844
@GeekandSundry Don't you DARE take this show away! Lol,neither,0.06285201860452153,0.3333398595863479,0.6038081218091307
@flarencess that's xander,neither,0.026110925149043836,0.4791292047641166,0.4947598700868395
"Zack, or Cobalt for short.",neither,0.034168685072773944,0.30397811022460003,0.661853204702626
@LibrarianLizz hiya,neither,0.03945320844208391,0.33037608806864915,0.630170703489267
"Hi everybody. Im here, but I'll probly be quiet because making D&D terrain",neither,0.06137765259108629,0.32857763676608887,0.610044710642825
This is a transmission from the future.,neither,0.04642387027766271,0.30061421220558104,0.6529619175167561
You're slacking Sam!,neither,0.10222034787855289,0.3501944060218095,0.5475852460996377
Can't believe its been 9 episodes already,neither,0.03384353716503834,0.34692329790631765,0.619233164928644
Did Amy get her cyphers?,offensive_language,0.030260296388000433,0.5529220173720313,0.4168176862399683
gandsPencil,neither,0.03945320844208391,0.33037608806864915,0.630170703489267
Hail Callistonians!,neither,0.03945320844208391,0.33037608806864915,0.630170703489267
Hi @philbe63,neither,0.03945320844208391,0.33037608806864915,0.630170703489267
Maybe they don’t want to snap pencils on their birthday?,neither,0.041935219281360056,0.33410124292809684,0.6239635377905431
Hi @Shadowstorm_0,neither,0.03945320844208391,0.33037608806864915,0.630170703489267
Hi @shidareAKI,neither,0.03945320844208391,0.33037608806864915,0.630170703489267
About 6 seconds @CosmicVoyagerX :P,neither,0.03732760275315191,0.3664531639986239,0.5962192332482243
Heyo,neither,0.03945320844208391,0.33037608806864915,0.630170703489267
!rbschedule,neither,0.03945320844208391,0.33037608806864915,0.630170703489267
Find the rebroadcast schedule for today here: http://bit.ly/ThurRebroadcast,neither,0.05993176898675194,0.16282973960513905,0.7772384914081091
Would that gesture be family friendly enough to become an emote?,neither,0.04105044898057278,0.34920474058414974,0.6097448104352774
"i hate playing monopoly, it takes forever",neither,0.15456652587205832,0.25583598652004574,0.589597487607896
callisto 6/vampire crossover!?,neither,0.03945320844208391,0.33037608806864915,0.630170703489267
Okay now what vtm clan is Kylen,neither,0.052926514316830625,0.32385963088560593,0.6232138547975635
HES A ROBOT,neither,0.03945320844208391,0.33037608806864915,0.630170703489267
Cross what now?,neither,0.04580492805470351,0.3258454471643237,0.6283496247809728
Abstergo?,neither,0.03945320844208391,0.33037608806864915,0.630170703489267
No Corp is the best Corp! #Sinless,neither,0.042343542731059794,0.3236097895079817,0.6340466677609585
Xander has been very busy these past few Fridays!,neither,0.04496002939267216,0.3728953666015805,0.5821446040057474
"Greetings, Calluses!",neither,0.03945320844208391,0.33037608806864915,0.630170703489267
but kylen has been out in the day,neither,0.031479125497342664,0.32405603523395,0.6444648392687073
Just got home in time and some of my fav people,neither,0.035259629403218605,0.43504023697089655,0.5297001336258848
:p,neither,0.03945320844208391,0.33037608806864915,0.630170703489267
Probably Ventrue @seratonia,neither,0.037248874780404465,0.3677893831597844,0.5949617420598112
@philbe63 Thank goodness,neither,0.03901970068836411,0.3377338460143572,0.6232464532972787
East India Company will receive the punt from Standard Oil.,neither,0.04025761103683205,0.29935981761253977,0.6603825713506282
@philbe63 xander was so good as X on vampire :D,neither,0.03440311769587353,0.41587763448688564,0.5497192478172407
so antony has to rest after him and cassie had their little trip to his apartment lol,neither,0.0528056082872679,0.35474865799359356,0.5924457337191384
Pyramide corp is illuminati!!!,neither,0.04625298535486139,0.32803733298047755,0.6257096816646609
"Since Cass isn't there, I wonder what Eric will do. Very excited",neither,0.044513045956495204,0.28716106356037624,0.6683258904831285
hello everyone!,neither,0.03269494828970791,0.4450814005079928,0.5222236512022994
@talahar He is,neither,0.0817087036342036,0.3158424856208871,0.6024488107449093
Xander....X? Hmmmm,neither,0.03945320844208391,0.33037608806864915,0.630170703489267
I want to increase chat font size!,neither,0.04394627818100104,0.325242268466255,0.6308114533527438
i mean lawful≠moral,neither,0.03945320844208391,0.33037608806864915,0.630170703489267
"Neutral Evil, the worst of ALL alignments...",neither,0.04089063538899144,0.35582914717691166,0.6032802174340969
@talahar True and I'm a Mal vam,neither,0.0382845954774391,0.2672672847004535,0.6944481198221073
I say he's neutral evil,neither,0.044043766537277436,0.3287971846369047,0.6271590488258179
"Is it just me, or does this feel almost similar to Assassins Creed?",neither,0.03060915523464775,0.440002927108453,0.5293879176568992
I mean no,neither,0.03802075187926961,0.3546886143533375,0.607290633767393
Wonder why it's called Callisto 6?,neither,0.026065413196960277,0.3483997231181673,0.6255348636848724
Don't know. Never played.,neither,0.03494418548421678,0.3764219192590051,0.5886338952567781
"Hey, @ArchmageKaylin",neither,0.03945320844208391,0.33037608806864915,0.630170703489267
@darkhalfelf284 Not just you,offensive_language,0.0612892301163953,0.5018284232003604,0.4368823466832443
So he is Zacks dad,neither,0.05931717698200394,0.3815614207398604,0.5591214022781358
"@darkhalfelf284 Assassins Creed is a game. This is for real, yo",neither,0.039774601862317197,0.4089760976424499,0.5512493004952328
"He's just an extreme Lawful Good. Nah, just kidding, he's LE.",neither,0.03977108690778503,0.34773802937787335,0.6124908837143417
just cause there are evil corporations don't mean its like AC,neither,0.051279019115605756,0.31894026157495264,0.6297807193094416
I will agree with him be LE,neither,0.031851536346452894,0.3460311451776391,0.6221173184759079
Lawful is workable to some extent,neither,0.04516347116085851,0.3381662093472309,0.6166703194919106
@darkhalfelf284 in the future in the AC games yea if abstergo was the owner of Cassium i wouldn't be shocked,neither,0.029281327442782785,0.3377322647585921,0.632986407798625
Have fun in chat!,neither,0.03890274903309967,0.3397188208236935,0.6213784301432069
Part of me really wants Tal to go completely against expectations and play a human tourist from Nebraska...,neither,0.08872710195263521,0.23837968718901814,0.6728932108583467
Abstergo could have started the game,neither,0.03752866102341671,0.2823396344935589,0.6801317044830244
#HowIsCallisto6,neither,0.03945320844208391,0.33037608806864915,0.630170703489267
Does that include Honey? Sam?,neither,0.026920710256606847,0.45186241238388747,0.5212168773595058
