text,top_class,hate_speech,offensive_language,neither
hello,neither,0.03945320844208391,0.33037608806864915,0.630170703489267
@chainsawgothic someone said that Alex is back,neither,0.04312048179131363,0.3671677564892735,0.589711761719413
!vtmclans,neither,0.03945320844208391,0.33037608806864915,0.630170703489267
Cheat Sheet for Vampire: The Masquerade - L.A. By Night... https://pbs.twimg.com/media/Dns7g5eUcAIcykq.jpg,neither,0.03264495112007725,0.32775592935801445,0.6395991195219084
Chantelle is still offline,neither,0.05616764736281741,0.35459560431738774,0.5892367483197949
hi,neither,0.03945320844208391,0.33037608806864915,0.630170703489267
WTB more than 8 eps or a second season,neither,0.040973937506250904,0.3247781965448816,0.6342478659488676
@that_one_guy212 YEAH.. i can only hope cause i dont have a bank account or credit card... nor money to sub to watch the past episodes,neither,0.05107918116213621,0.33426194809865495,0.6146588707392089
@TheOnyxPath ty,neither,0.03945320844208391,0.33037608806864915,0.630170703489267
"Hello everyone, lets roll. arcusBOOM Jasper gandsHype",neither,0.034817377954450654,0.40905822999727226,0.556124392048277
@bookity101 Excellent!,neither,0.03945320844208391,0.33037608806864915,0.630170703489267
!timer,neither,0.03945320844208391,0.33037608806864915,0.630170703489267
,neither,0.03945320844208391,0.33037608806864915,0.630170703489267
Show time!,neither,0.06421964423691781,0.2395865376180287,0.6961938181450534
"I'm always wearing my ankh @phoenixmelody Got a tattoo of an ankh dagger with Gangrel symbol and d10 ""gem""",neither,0.029090832248085483,0.40212216551543917,0.5687870022364753
critroleBidet,neither,0.03945320844208391,0.33037608806864915,0.630170703489267
!rbschedule,neither,0.03945320844208391,0.33037608806864915,0.630170703489267
Good eeeeeeeeeeeevvening.,neither,0.037820165765928906,0.33093776632913474,0.6312420679049364
Did we ever decide on what LA By Night fans are called?,neither,0.050795811664913385,0.3378037609935948,0.6114004273414917
Here we go!,neither,0.13156755280784707,0.2765461283225309,0.5918863188696221
Hi!,neither,0.03945320844208391,0.33037608806864915,0.630170703489267
Huzzah!,neither,0.03945320844208391,0.33037608806864915,0.630170703489267
Wooot,neither,0.03945320844208391,0.33037608806864915,0.630170703489267
JASON!,neither,0.03945320844208391,0.33037608806864915,0.630170703489267
"i have a caitiff ankh from twenty years ago, upside down w spikes",neither,0.039758481225849775,0.3251948122296625,0.6350467065444877
We have a subscriber-only Discord server! Join here: https://discord.gg/geekandsundry (you'll need to sub and link it to your Twitch) and be a part of the fun!...Warning: It can take up to an hour for the server to update and give you access to the channels,neither,0.08464076273808444,0.286394834032893,0.6289644032290227
woheeee,neither,0.03945320844208391,0.33037608806864915,0.630170703489267
woot!,neither,0.03945320844208391,0.33037608806864915,0.630170703489267
@chyanneerin Boys and Ghouls? :),neither,0.03827131949124756,0.2663698901017586,0.695358790406994
"@GreyAngel Tzimisce: Dead Fleshcrafters, Lasombra: Dead Shadow Benders, Followers of Set: Dead Egyptian Corruption Priests,",neither,0.03945320844208391,0.33037608806864915,0.630170703489267
!!!,neither,0.03945320844208391,0.33037608806864915,0.630170703489267
Is it’s brokwn,neither,0.059603583318096655,0.32344545014120724,0.616950966540696
Yay!,neither,0.03945320844208391,0.33037608806864915,0.630170703489267
JASPER,neither,0.03945320844208391,0.33037608806864915,0.630170703489267
yessssssssssssss,neither,0.03945320844208391,0.33037608806864915,0.630170703489267
No stream,neither,0.038465455673613855,0.34714083037889465,0.6143937139474915
THANK GOD,neither,0.03889004343580062,0.3399344679688249,0.6211754885953744
You are a Wizard Harry,neither,0.08805196490648882,0.327341992964383,0.5846060421291283
JASPER!!!!,neither,0.03945320844208391,0.33037608806864915,0.630170703489267
Hype!,neither,0.03945320844208391,0.33037608806864915,0.630170703489267
FUCK YES! WE HAVE JASPER TOO!,offensive_language,0.14456197249289626,0.849503861669465,0.005934165837638763
Only three more episodes...,neither,0.0411055013602043,0.32174186325716114,0.6371526353826344
WOO JASPER,neither,0.03945320844208391,0.33037608806864915,0.630170703489267
JASPER!!!!!,neither,0.03945320844208391,0.33037608806864915,0.630170703489267
JASPER!!!!,neither,0.03945320844208391,0.33037608806864915,0.630170703489267
Welcome back Alex!,neither,0.03945320844208391,0.33037608806864915,0.630170703489267
hey vamps!,neither,0.03945320844208391,0.33037608806864915,0.630170703489267
JASPER!!!,neither,0.03945320844208391,0.33037608806864915,0.630170703489267
!!!,neither,0.03945320844208391,0.33037608806864915,0.630170703489267
MY BOY!,neither,0.021444584624538354,0.48220956225782785,0.49634585311763385
YAY ALEX!,neither,0.03945320844208391,0.33037608806864915,0.630170703489267
wooooooo!!!!! vampire time!!!!!!,neither,0.03814432885341907,0.3525911905918181,0.6092644805547629
JASPER,neither,0.03945320844208391,0.33037608806864915,0.630170703489267
woo welcome back Alex!,neither,0.03945320844208391,0.33037608806864915,0.630170703489267
JASPER!,neither,0.03945320844208391,0.33037608806864915,0.630170703489267
YAYYYY,neither,0.03945320844208391,0.33037608806864915,0.630170703489267
Jaaaspeeeerrr.,neither,0.03945320844208391,0.33037608806864915,0.630170703489267
Erika! \o/,neither,0.03945320844208391,0.33037608806864915,0.630170703489267
Yay! Jasper!,neither,0.03945320844208391,0.33037608806864915,0.630170703489267
Ramona!!,neither,0.03945320844208391,0.33037608806864915,0.630170703489267
Jaspeeer <3,neither,0.03945320844208391,0.33037608806864915,0.630170703489267
\BEX!!!!!!!!!,neither,0.03945320844208391,0.33037608806864915,0.630170703489267
Jasper!!,neither,0.03945320844208391,0.33037608806864915,0.630170703489267
I’m so hype,neither,0.03940828253961077,0.39264520971988554,0.5679465077405037
OMG,neither,0.03945320844208391,0.33037608806864915,0.630170703489267
YEAAAAAAA,neither,0.03945320844208391,0.33037608806864915,0.630170703489267
yeah jasper!,neither,0.023507678412445245,0.4412251867422846,0.5352671348452701
PogChamp,neither,0.03945320844208391,0.33037608806864915,0.630170703489267
welcome back alex!,neither,0.03945320844208391,0.33037608806864915,0.630170703489267
dayHeart,neither,0.03945320844208391,0.33037608806864915,0.630170703489267
@TheOnyxPath Ok Honestly.. is Jason a real life Nos just with Makeup?,neither,0.02795995307699243,0.47564530277371186,0.4963947441492956
OMG Sudden BEX!,neither,0.03945320844208391,0.33037608806864915,0.630170703489267
"Ooh, a Ramona",neither,0.03945320844208391,0.33037608806864915,0.630170703489267
Jasper!!!,neither,0.03945320844208391,0.33037608806864915,0.630170703489267
RAMONAAAAA,neither,0.03945320844208391,0.33037608806864915,0.630170703489267
Holy Shit!,offensive_language,0.04257650662097627,0.9573463282193174,7.716515970639687e-05
Two guests?,neither,0.0407660999210139,0.30809289329748146,0.6511410067815048
!whodat,neither,0.03945320844208391,0.33037608806864915,0.630170703489267
"GM Jason Carl ( twitter.com/vampiresnvino ), with Alex Ward ( twitter.com/AlexWard777 ), Erika Ishii ( twitter.com/erikaishii ), B. Dave Walters ( twitter.com/BDaveWalters ), with special guest Bex Taylor-Klaus ( twitter.com/IBexWeBex ).",neither,0.039103842143842785,0.46739204253879585,0.4935041153173612
Oh shit,offensive_language,0.04652059265363964,0.9534729203614298,6.486984930600159e-06
Oooh new guest,neither,0.042435936900409706,0.2564856178141278,0.7010784452854625
no nelli NOOOOOOO,neither,0.03852177801590115,0.3461848932406789,0.6152933287434199
Hold on. Nelli!!!,neither,0.03511726404960503,0.3515049024888315,0.6133778334615634
JASPER! I missed him!,neither,0.03933219269755203,0.33243004107928154,0.6282377662231665
YEY!!! Jasper,neither,0.03945320844208391,0.33037608806864915,0.630170703489267
welcome back jasper!,neither,0.03945320844208391,0.33037608806864915,0.630170703489267
WC BACK ALEX and we've got a Ramona!,neither,0.023651922138547877,0.3226973869794721,0.6536506908819799
becks!!!!!!,neither,0.03945320844208391,0.33037608806864915,0.630170703489267
Hey Bex!,neither,0.03945320844208391,0.33037608806864915,0.630170703489267
"Oh dang, Ramona",neither,0.0450478101092574,0.2772031091301225,0.6777490807606199
Its kind of cool that Vannevar Thomas is a key player in the chronicle. I still remember reading prince of the city back in the 90s,neither,0.03481422065817948,0.3723688883960749,0.5928168909457456
Bex!,neither,0.03945320844208391,0.33037608806864915,0.630170703489267
whoa! ramona!?,neither,0.03945320844208391,0.33037608806864915,0.630170703489267
Baron of the Valley...,neither,0.03842376126403067,0.31147276528102896,0.6501034734549404
@GreyAngel Giovanni: Dead Mafia,neither,0.03945320844208391,0.33037608806864915,0.630170703489267
Yey!!! He's Back Baby!,neither,0.04734819909045674,0.32766063875512064,0.6249911621544227
nice,neither,0.03945320844208391,0.33037608806864915,0.630170703489267
Oh they got Bex on here,neither,0.10792643158213379,0.2915311957791904,0.6005423726386758
2 guest omg,neither,0.03945320844208391,0.33037608806864915,0.630170703489267
Baron of the Valley!,neither,0.03842376126403067,0.31147276528102896,0.6501034734549404
the return of Alex!,neither,0.03857995165473219,0.3144129750327538,0.6470070733125141
AHHHH,neither,0.03945320844208391,0.33037608806864915,0.630170703489267
....where is Taliesin?,neither,0.06245822111259904,0.2612427577458543,0.6762990211415466
Taliesin will be with us in a moment...,neither,0.06376253136313356,0.34236760738143196,0.5938698612554344
WHAAAAAAAT,neither,0.03945320844208391,0.33037608806864915,0.630170703489267
Hehhehe,neither,0.03945320844208391,0.33037608806864915,0.630170703489267
oh,neither,0.051363287716059566,0.22255663153133606,0.7260800807526044
RAMONA,neither,0.03945320844208391,0.33037608806864915,0.630170703489267
BEX!!!!,neither,0.03945320844208391,0.33037608806864915,0.630170703489267
i see,neither,0.03945320844208391,0.33037608806864915,0.630170703489267
TA-LIE-SIN,neither,0.03945320844208391,0.33037608806864915,0.630170703489267
BEX :D:D:D:DD,neither,0.03945320844208391,0.33037608806864915,0.630170703489267
This looks weird,neither,0.03933913226413154,0.3323122585236016,0.6283486092122669
Bex?,neither,0.03945320844208391,0.33037608806864915,0.630170703489267
Ramona!,neither,0.03945320844208391,0.33037608806864915,0.630170703489267
pennyDark pennyDark pennyDark,neither,0.03945320844208391,0.33037608806864915,0.630170703489267
laceyB laceyB laceyB laceyB laceyB laceyB laceyB laceyB,neither,0.03945320844208391,0.33037608806864915,0.630170703489267
So glad you are back Alex!,neither,0.09011160421255429,0.3756465122070149,0.5342418835804309
Grats @deathboy01,neither,0.03945320844208391,0.33037608806864915,0.630170703489267
Where is Neli?,neither,0.06245822111259904,0.2612427577458543,0.6762990211415466
omg,neither,0.03945320844208391,0.33037608806864915,0.630170703489267
"Download the new Critical Role theme song for Campaign Two! http://itunes.apple.com/album/id1331550250?ls=1&app=itunes Sales of the song support the musician, Jason Charles Miller.",neither,0.04445767596344001,0.2510827790306858,0.7044595450058742
no Nelly G =(,neither,0.038465455673613855,0.34714083037889465,0.6143937139474915
Oooh and shes playing Ramona this shall be interesting,neither,0.039172275708986314,0.3107917718355294,0.6500359524554843
"he's playing himself, totally",neither,0.04431692232372984,0.3287032338362206,0.6269798438400497
He's on deck and everything fun...,neither,0.04077523185752061,0.30607717953983854,0.6531475886026409
YAY TALIESON,neither,0.03945320844208391,0.33037608806864915,0.630170703489267
Where's Nelly G,neither,0.041595994268005754,0.2940074203773722,0.6643965853546222
Was not expecting Bex,neither,0.03782539749833219,0.3383302217858371,0.6238443807158308
,neither,0.03945320844208391,0.33037608806864915,0.630170703489267
jalisen taffy!,neither,0.03945320844208391,0.33037608806864915,0.630170703489267
the dark lord taliesan!!!!,neither,0.03850266556112211,0.3129618989563948,0.648535435482483
Vampire daddy oh dear,neither,0.04362171076162013,0.2903576581799184,0.6660206310584614
I see that particular Ramona and I think of The Doctor's onetime companion.,neither,0.036341241539168914,0.3155663835129503,0.6480923749478807
"missed the intro, Neli out for the week?",neither,0.031137373641487914,0.29917216575455274,0.6696904606039592
vmpire daddy indeed,neither,0.03945320844208391,0.33037608806864915,0.630170703489267
"@GreyAngel Assamites: Dead Middle Eastern Assassins, Ravnos: Dead Roma Sterotypes",neither,0.03945320844208391,0.33037608806864915,0.630170703489267
There's a lot of light tonight!,neither,0.0371175771008149,0.2726127757811187,0.6902696471180665
I wonder if he'll be LaCroix,neither,0.0253853350411287,0.3936936705302353,0.580920994428636
clank,neither,0.03945320844208391,0.33037608806864915,0.630170703489267
this is gonna be an episode we all can sink our teeth in,neither,0.04563406688571775,0.4041718404982782,0.550194092616004
"Alex and Talisen are going to be on at the same time, this is going to be so fucking hype.",offensive_language,0.13998145561104702,0.8194894880103105,0.040529056378642354
Wait who are we shipping?,neither,0.07713547365688182,0.35676737524573043,0.5660971510973878
Oh Vampire Daddy,neither,0.044359688220968904,0.28351476592958874,0.6721255458494424
Awwwww no Nelli G? My Malkavian heart is broken,neither,0.03511208418269737,0.40564914579405525,0.5592387700232475
"bex? holy shite, that is a special guest! <3",neither,0.06483000042618771,0.3423465541125152,0.5928234454612971
Sweet,neither,0.03945320844208391,0.33037608806864915,0.630170703489267
Fucking frozen again,offensive_language,0.10041136726631711,0.8987589512085186,0.0008296815251643306
,neither,0.03945320844208391,0.33037608806864915,0.630170703489267
ah man we really need an episode with these awesome guests AND the full coterie!,neither,0.04655437551990509,0.3904530685780871,0.5629925559020078
Nelly is sick with a flu and could not come in.,neither,0.03423965130064865,0.34758198930829454,0.6181783593910568
Erika Ishii is absolutely stunning tonight,neither,0.043685066046762,0.3096937021303757,0.6466212318228624
Jasper's sweater is so shaggy <3!,neither,0.04509547515604716,0.36003261603683806,0.5948719088071147
A vampire who plays Vampire: The Masquerade.,neither,0.039211611592826344,0.35690762961088435,0.6038807587962893
I need that screen,neither,0.03462132117050197,0.37908395535866807,0.58629472347083
For officially licensed VtM gear (and the awesome GM screen Jason is using) check out http://dogmight.com/vtm and http://bit.ly/v5spellbooktome,neither,0.034506929539736636,0.237927588715498,0.7275654817447653
"awww, get well Cynthia",neither,0.038907638065294896,0.33963584118798296,0.6214565207467221
Welcome back Jasper! And hello Bex!,neither,0.03883457021619468,0.2997782392533913,0.661387190530414
"@JeffM0307 Get well soon, Nelli G!",neither,0.038805782438217785,0.341364597001486,0.6198296205602962
<3,neither,0.03945320844208391,0.33037608806864915,0.630170703489267
Oh no! I hope she feels better soon,neither,0.07738141713669901,0.2710959850188558,0.6515225978444453
"Help G&S make great content! $4.99/month gets you emotes, Minecraft server access, sub-only VODs, and more! Every sub keeps the channel alive! twitch.tv/geekandsundry/subscribe",neither,0.043907990691603095,0.31135964332838284,0.644732365980014
Pidge!,neither,0.03945320844208391,0.33037608806864915,0.630170703489267
"Get well soon, Cynthia! We'll miss your Toreador charm!",neither,0.05286630179496675,0.33513065576378037,0.6120030424412529
ugh! poor nellie,neither,0.03945320844208391,0.33037608806864915,0.630170703489267
The set is much brighter tonight.,neither,0.03970706403966251,0.2930241775425237,0.6672687584178137
get well soon Cynthia!!,neither,0.038805782438217785,0.341364597001486,0.6198296205602962
I got the flu. My sympathies.,neither,0.024953295394348245,0.45889038559489875,0.5161563190107529
Cynthia TearGlove,neither,0.03945320844208391,0.33037608806864915,0.630170703489267
Get well soon!,neither,0.038805782438217785,0.341364597001486,0.6198296205602962
Grats @phoenixmelody,neither,0.03945320844208391,0.33037608806864915,0.630170703489267
Get well soon Cynthia.,neither,0.038805782438217785,0.341364597001486,0.6198296205602962
"ah well, the plague is going round. get well cynthia!",neither,0.04286555784887703,0.3427084722373588,0.6144259699137641
have to miss out tonight. just had to say hi. enjoy all!,neither,0.03567947014995994,0.3845659722577066,0.5797545575923334
"We miss u Cynthia, get well soon!",neither,0.032382414233994954,0.34371435675823975,0.6239032290077652
Oh dear. Get well soon Cynthia! Gonna miss having your Nelli G here but it will be nice when you come back.,neither,0.08011185172234178,0.3728316643734336,0.5470564839042247
hey hey hey hey hey now now now,neither,0.03945320844208391,0.33037608806864915,0.630170703489267
"Yay, got here in time.",neither,0.08282573394406417,0.3549786838009089,0.5621955822550271
@Dragonchrome Thank you!,neither,0.07325166854587051,0.43632638485078484,0.49042194660334476
Ohhh.,neither,0.03945320844208391,0.33037608806864915,0.630170703489267
Maybe?,neither,0.03945320844208391,0.33037608806864915,0.630170703489267
"first, a second inquisition. now another plague. :(",neither,0.07761714195002165,0.2580068533321816,0.6643760047177968
Big Baron Daddy,neither,0.020662306918156396,0.41105331511196375,0.5682843779698797
thickHEY,neither,0.03945320844208391,0.33037608806864915,0.630170703489267
"Well, this will ends badlu",neither,0.0407392330947055,0.3085488934567642,0.6507118734485303
That opening,neither,0.034331915392564236,0.38637883177222937,0.5792892528352064
baron of the valley,neither,0.03842376126403067,0.31147276528102896,0.6501034734549404
badly*,neither,0.03945320844208391,0.33037608806864915,0.630170703489267
Baron Dad,neither,0.03945320844208391,0.33037608806864915,0.630170703489267
!whodat,neither,0.03945320844208391,0.33037608806864915,0.630170703489267
"GM Jason Carl ( twitter.com/vampiresnvino ), with Alex Ward ( twitter.com/AlexWard777 ), Erika Ishii ( twitter.com/erikaishii ), B. Dave Walters ( twitter.com/BDaveWalters ), with special guest Bex Taylor-Klaus ( twitter.com/IBexWeBex ).",neither,0.039103842143842785,0.46739204253879585,0.4935041153173612
cheer200,neither,0.03945320844208391,0.33037608806864915,0.630170703489267
Jasper gandsHype Japser gandsHype,neither,0.03945320844208391,0.33037608806864915,0.630170703489267
Valley Baron,neither,0.03945320844208391,0.33037608806864915,0.630170703489267
Everyone be mature. ;),neither,0.03346763525289385,0.44279618004749594,0.5237361846996101
Mine keeps freezing wtf,offensive_language,0.041573637052704025,0.5173777645722382,0.44104859837505767
BIG PAPA,neither,0.022901846349492137,0.39932522093898243,0.5777729327115254
"I had no clue Bex was going to be on, I’m so happy!",neither,0.040359150413246926,0.4080417744081712,0.5515990751785819
This intro SeemsGood,neither,0.0393416744334776,0.3322691112752657,0.6283892142912568
oh thank goodness I only missed the intro/anou8ncements!!!,neither,0.0419020720344077,0.2917972061823972,0.6663007217831951
so glad to have jasper back,neither,0.04452009513239145,0.3719746379165885,0.58350526695102
"Of course he can keep the Valley, no one else seems to want it.",neither,0.0445508932182505,0.3393617365468689,0.6160873702348806
Just starting?,neither,0.03326925679857758,0.3600393730657621,0.6066913701356603
we need vampire emotes :D,neither,0.03910062687804351,0.33155317563179615,0.6293461974901605
B. Dave was amazing on Wednesday club this week!,neither,0.03747763192059345,0.34148513891899934,0.6210372291604073
yes,neither,0.03945320844208391,0.33037608806864915,0.630170703489267
Glad to see Alex back as Jasper.,neither,0.04265886592833161,0.3519994147740626,0.6053417192976058
"""Don't let me die in the Valley...""",neither,0.103451177605585,0.20366080908309342,0.6928880133113215
@xX23enigmaXx Yup!,neither,0.03945320844208391,0.33037608806864915,0.630170703489267
this is indeed just starting @xX23enigmaXx,neither,0.042090877931268374,0.34860291563664336,0.6093062064320883
No Nelli G this week?,neither,0.03812314650403619,0.3529507103423722,0.6089261431535916
"""... wait, too late.""",neither,0.039163172777773925,0.33529875022475647,0.6255380769974697
I need more of VtM in my life.,neither,0.025713259618299514,0.47235742418819837,0.5019293161935021
SeemsGood,neither,0.03945320844208391,0.33037608806864915,0.630170703489267
"Evening, licks. Let's go! pchOMD",neither,0.027774082060406897,0.35999073973342927,0.6122351782061638
,neither,0.03945320844208391,0.33037608806864915,0.630170703489267
@KylonOrina Out sick.,neither,0.03294709439841241,0.35593132934105814,0.6111215762605294
TwitchUnity TwitchUnity TwitchUnity TwitchUnity,neither,0.03945320844208391,0.33037608806864915,0.630170703489267
@murasakikimono I didn't know I wanted vampire emotes until now.,neither,0.028386531919580803,0.3636524642913144,0.6079610037891048
lol,neither,0.020706217963973744,0.4882283491876925,0.4910654328483337
I think so @xX23enigmaXx I just got hear a min ago,neither,0.03526445136433062,0.4128933711104311,0.5518421775252382
@highvoltage988 So was Tess,neither,0.03914362623895065,0.4374485766733688,0.5234077970876805
DONT LET ME DIE IN THE VALLY,neither,0.1304735980233208,0.17196562734259563,0.6975607746340836
@highvoltage988 B Dave is always fabulous,neither,0.04469636599219681,0.3749454947338867,0.5803581392739164
critroleGothdad critroleGothdad critroleGothdad critroleGothdad critroleGothdad,neither,0.03945320844208391,0.33037608806864915,0.630170703489267
This is going to be amazing! I'm just sad that Cyn/Nelli has to miss it.,neither,0.040863378769021234,0.3858264884742094,0.5733101327567695
JASPER BACK YUS,neither,0.03945320844208391,0.33037608806864915,0.630170703489267
I want to play so badly,neither,0.046149311014676515,0.3657842429804499,0.5880664460048735
Let's rock.,neither,0.020985354364981654,0.37278296424685053,0.6062316813881677
Jasper is back!,neither,0.04816456976848439,0.32737985144377757,0.624455578787738
So Ramona is Gangrel right?,neither,0.04643974785300458,0.3901076179809548,0.5634526341660407
@highvoltage988 i concur. both were great,neither,0.03778045731296925,0.2802695863089429,0.6819499563780878
Makes sense that Nelli G isn't here if they are going to the valley ;),neither,0.0677191716359383,0.3435085840082843,0.5887722443557774
Ramona is like one Kindred army IF she's the same from Clan Book,neither,0.03843378500144618,0.4230317297556107,0.5385344852429431
to live and die in L.A.,neither,0.2814728926251961,0.07746913637449451,0.6410579710003094
Shoutout to Grandpa Jaffe for the meme,neither,0.03896185706624161,0.2950086476007857,0.6660294953329726
"@Alexanderhero83 indeed, so glad they finally snagged her!",offensive_language,0.03224436309509694,0.5429658834688935,0.42478975343600966
What if Tal is Annabelle's sire?,neither,0.03380607396646146,0.3675759994837136,0.5986179265498249
"Tal is Anna's sire, confirmed. :D",neither,0.046488290033299406,0.32795640091152495,0.6255553090551756
so does jasper know IC about the whole baron of the valley?,neither,0.029582396378919785,0.4243325905520025,0.5460850130690778
Gangrel on board!,neither,0.03604994862660617,0.3468118372728627,0.617138214100531
'because shes dead' lmao,neither,0.0384921406090686,0.34668791738209553,0.6148199420088358
Grats @Zieffre,neither,0.03945320844208391,0.33037608806864915,0.630170703489267
What is ramona?,neither,0.05556313111362949,0.3226410524653571,0.6217958164210133
"Missed you, Jasper bleedPurple",neither,0.05557183961162296,0.3758598878669526,0.5685682725214244
Guess who just got MURDERED,neither,0.03417840533642897,0.4614953242144845,0.5043262704490866
@Ferr0vax we can cross our fingers anyway,neither,0.03954253556271844,0.3288599737062732,0.6315974907310085
Sweet Ramona is Gangrel? Ive been waiting to see someone play a 5th Edition Gangrel.,neither,0.04690554869195128,0.3296686362227844,0.6234258150852644
What clan is Ramona?,neither,0.051526987461643234,0.3245128271153273,0.6239601854230296
@anderson067 Gangrel,neither,0.03945320844208391,0.33037608806864915,0.630170703489267
"@rangerofvoid If he doesn't, he will soon.",neither,0.03240332148098026,0.35413501888627347,0.6134616596327462
We have a real Ramona!,neither,0.032382548538956134,0.4540137198293107,0.5136037316317332
Tal being Annabelle's sire or the one working with the Second Inquisition,neither,0.0291238433350941,0.36702839993696845,0.6038477567279374
"Ferals, savages, outcasts",neither,0.03945320844208391,0.33037608806864915,0.630170703489267
My jasper is back 💜,neither,0.03474428974891634,0.412747725538924,0.5525079847121597
@Gets_Caught Gangrel.,neither,0.03945320844208391,0.33037608806864915,0.630170703489267
Ohhhh what are they playing,neither,0.06975447401776999,0.28558198519849115,0.6446635407837388
jasper!,neither,0.03945320844208391,0.33037608806864915,0.630170703489267
The wolf's head is the symbol of the Gangrel clan,neither,0.04215096026982606,0.31509199319024545,0.6427570465399284
Ramona is the rat lady.,neither,0.04494410370378247,0.3157713317614475,0.63928456453477
"Ramona is the Gangrel who controls the rats, if you've been watching",neither,0.025562899936406164,0.38945011276310054,0.5849869873004933
!vtmclans,neither,0.03945320844208391,0.33037608806864915,0.630170703489267
Cheat Sheet for Vampire: The Masquerade - L.A. By Night... https://pbs.twimg.com/media/Dns7g5eUcAIcykq.jpg,neither,0.03264495112007725,0.32775592935801445,0.6395991195219084
@Ferr0vax Thanks! Why is her symbol different from Annabelle's?,neither,0.02867326043936167,0.46778196186422266,0.5035447776964158
So we finally get to see the infamous Ramona in the flesh tonight.,neither,0.0400609698526095,0.3278742428789611,0.6320647872684293
oh hey,neither,0.04724942694866229,0.25746865428102644,0.6952819187703113
Alex is looking extra spooky tonight.,neither,0.04301360967218689,0.31239784634776135,0.6445885439800518
Annabelle Is Brujah,neither,0.04912624121044723,0.3270490885368631,0.6238246702526896
The symbols are the clans each character is in,neither,0.06349683299319799,0.27335842432875845,0.6631447426780437
"@Ferr0vax Ignore my last question, forgot Anna is Brujah haha",neither,0.032614186718953164,0.44778977476202175,0.519596038519025
The owl is *not what it seems.*,neither,0.04768264439508018,0.31600235609391114,0.6363149995110086
questionable sources like Wal-Mart,neither,0.04748719689541361,0.3422822363941104,0.610230566710476
annabelle is brujha,neither,0.04912624121044723,0.3270490885368631,0.6238246702526896
@Gets_Caught Anna is a Brujah,neither,0.081172750358939,0.3160268245287109,0.60280042511235
Bex can emote as a bird :P,neither,0.0006503870167643921,0.027659600223901702,0.971690012759334
OvO,neither,0.03945320844208391,0.33037608806864915,0.630170703489267
"Annabelle is a Brujah, different clan, different symbol",neither,0.04437455782658934,0.32868341034387644,0.6269420318295341
@Gets_Caught Ha! No worries,neither,0.038650288111123365,0.34400374154013486,0.6173459703487417
Alex plays Jasper so damn well its almost creepy,offensive_language,0.03938052806846884,0.6442558782432972,0.31636359368823397
Vampire The Masquerade symbols link http://whitewolf.wikia.com/wiki/Vampire:_The_Masquerade_symbols,neither,0.037352176000863074,0.2680960072716691,0.6945518167274678
dont look at me,neither,0.031060117227801134,0.4125872550251024,0.5563526277470963
"""Do you speak bird?""",neither,0.0024934792877052015,0.044954134620283574,0.9525523860920113
lol,neither,0.020706217963973744,0.4882283491876925,0.4910654328483337
Grats @Royer_the_destroyer,neither,0.03945320844208391,0.33037608806864915,0.630170703489267
"@Gets_Caught The mask is Nosfeatu, the upside-down anarchy symbol is Brujah, the wolf's head is Gangrel, and the crossed gladius and scepter is Ventrue.",neither,0.051426912783886905,0.280205484430735,0.668367602785378
So... where did Jasper feed?,neither,0.04099805645591454,0.34086439635337923,0.6181375471907062
meta-gaming pigeon,neither,0.03945320844208391,0.33037608806864915,0.630170703489267
"""I ..speak bird!""",neither,0.0010359047501226906,0.028633101356613434,0.9703309938932638
"""Hello, where are you from... originally?""",neither,0.08404153194497284,0.2860236575906003,0.6299348104644268
Bird Law,neither,0.0013125127376011163,0.034237649890463615,0.9644498373719353
it's the Meta Pigeon!,neither,0.03324079787543189,0.28729122359747633,0.6794679785270917
XD,neither,0.03945320844208391,0.33037608806864915,0.630170703489267
Birds make everything better,neither,0.008609941785840222,0.06761187393144402,0.9237781842827157
I'm the foremost authority on bird law.,neither,0.0037517756404132096,0.07997171010161039,0.9162765142579764
These birb noises are amazing,neither,0.10165218592634384,0.3637128307564627,0.5346349833171935
Carrier Pigeon? :P,neither,0.03945320844208391,0.33037608806864915,0.630170703489267
This is my first time seeing Bex and I love her,offensive_language,0.02104957488340884,0.5636041569970006,0.4153462681195905
I already love Ramona,neither,0.03576239472131226,0.36009537189054314,0.6041422333881448
Grats @losparrotos117,neither,0.03945320844208391,0.33037608806864915,0.630170703489267
Brought Bex in for a 2 hour owl impression,neither,0.03535425280037422,0.3098920861825811,0.6547536610170448
This Owl has a pigeon accent,neither,0.03970934791354502,0.32602873276720123,0.6342619193192537
!uptime,neither,0.03945320844208391,0.33037608806864915,0.630170703489267
That’s a really good bird call,neither,0.0016417879136761612,0.058930034163188046,0.9394281779231359
The meta pigeon is a vamp?,neither,0.06634763790238427,0.27637293114625994,0.6572794309513558
critroleMeta,neither,0.03945320844208391,0.33037608806864915,0.630170703489267
critroleMeta critroleMeta,neither,0.03945320844208391,0.33037608806864915,0.630170703489267
critroleMeta critroleMeta critroleMeta,neither,0.03945320844208391,0.33037608806864915,0.630170703489267
Carrier Owl,neither,0.03945320844208391,0.33037608806864915,0.630170703489267
8 misn into stream,neither,0.03945320844208391,0.33037608806864915,0.630170703489267
#BirdLaw,neither,0.03945320844208391,0.33037608806864915,0.630170703489267
@GeekandSundry Good call.,neither,0.03834978857227872,0.33075560475985816,0.6308946066678632
X did give it to him,neither,0.04549699264264526,0.3290489694419543,0.6254540379154003
"I don't speak Owl, but I can fake my way through a little... pidgin.",neither,0.030182872189487727,0.3934041848891665,0.5764129429213457
we need X and Jasper on an episode together,neither,0.03693713254880742,0.30876546973784125,0.6542973977133512
finchfWave bird!,neither,6.251455550948031e-05,0.0032712558393910482,0.9966662296050994
it's professor thaddeus,neither,0.03763529989067434,0.33100135018077087,0.6313633499285548
!points @Alexanderhero83,neither,0.03945320844208391,0.33037608806864915,0.630170703489267
"That was an excellent pun, @Alexanderhero83! Here, have some points for that one! You have been awarded 27 points!",neither,0.050184466961047856,0.3826257071878824,0.5671898258510698
ghouled owl?,neither,0.03945320844208391,0.33037608806864915,0.630170703489267
obscure pun :),neither,0.03945320844208391,0.33037608806864915,0.630170703489267
There no friendly birds,neither,0.009126321014776055,0.06546752455879508,0.9254061544264288
gandsOwlbear,neither,0.03945320844208391,0.33037608806864915,0.630170703489267
Where's Tal?,neither,0.04148492060682123,0.2958926302868298,0.6626224491063488
He has a point. lol,neither,0.036360912108062006,0.38502601921906726,0.5786130686728708
1oz faerie owl,neither,0.03945320844208391,0.33037608806864915,0.630170703489267
!piratename,neither,0.03945320844208391,0.33037608806864915,0.630170703489267
"Ahoy there, @Darastrygat! Yarr name be, First Mate Rusty Mapripper! Huzzah!",neither,0.03506913526291092,0.30671627796857337,0.6582145867685157
!vtmclans,neither,0.03945320844208391,0.33037608806864915,0.630170703489267
Cheat Sheet for Vampire: The Masquerade - L.A. By Night... https://pbs.twimg.com/media/Dns7g5eUcAIcykq.jpg,neither,0.03264495112007725,0.32775592935801445,0.6395991195219084
@RandomRicker He'll be on later.,neither,0.04265657547033967,0.34809995376392866,0.6092434707657317
Where is Bex from?,neither,0.05937488896838274,0.24658926120831606,0.6940358498233011
Gotta have vamp notes.,neither,0.03707979586439394,0.3706590936252913,0.5922611105103147
1oz!,neither,0.03945320844208391,0.33037608806864915,0.630170703489267
"""I cast Detect Rat.""",neither,0.03945320844208391,0.33037608806864915,0.630170703489267
"...something just occurred to me. If Ramona could be a carrier pigeon, that means there can be live specimens of extinct animals",neither,0.028354326170158383,0.38490336581576196,0.5867423080140797
"That works, yay!",neither,0.035717515180679414,0.3709816740110461,0.5933008108082747
@RandomRicker He will be here when it is right,neither,0.09382474978267118,0.332519247793333,0.5736560024239957
She has a notebook... NotLikeThis,offensive_language,0.0433811107063527,0.48908184225394113,0.4675370470397061
Rat friends!,neither,0.03945320844208391,0.33037608806864915,0.630170703489267
That's actually a good question.,neither,0.03492211565334763,0.3732794617553138,0.5917984225913386
"Taliesin will join the table, at the appropriate time in the story",neither,0.03765849435719214,0.31369464933284025,0.6486468563099675
Alex's makeup is extra on point tonight.,neither,0.04088842124433389,0.3216511490689004,0.6374604296867656
thanks @Danoba,neither,0.035884468650613,0.3004919205142699,0.6636236108351171
Bex is in the new movie Hellfest and Pidge on Voltron LD,neither,0.049410413667265715,0.15826010394318327,0.792329482389551
Can you make animals into ghouls?,neither,0.05720067136923897,0.3741884202162164,0.5686109084145446
"Bex is From Voltron, Arrow, Hellfest",neither,0.04960427141192787,0.3082886304433991,0.642107098144673
LUL WHAT,neither,0.04568673754512718,0.3259267583143808,0.628386504140492
!Hugs Rats,neither,0.03945320844208391,0.33037608806864915,0.630170703489267
If squirrel girl were a Rat Vampire,neither,0.025124985993874662,0.3899744405782329,0.5849005734278925
,neither,0.03945320844208391,0.33037608806864915,0.630170703489267
"""Gangrene is a disease. Gangrel are also a disease."" j/k",neither,0.061287064838728186,0.2998453084902233,0.6388676266710486
@Flight_Devil absolutely,neither,0.03945320844208391,0.33037608806864915,0.630170703489267
Grats @CurtHong,neither,0.03945320844208391,0.33037608806864915,0.630170703489267
And the best,neither,0.03639793299496171,0.23742441631859465,0.7261776506864436
@Flight_Devil I believe Gangrel and Nosferatu typically do,neither,0.040020579144215564,0.29323312432830967,0.6667462965274747
lol,neither,0.020706217963973744,0.4882283491876925,0.4910654328483337
do we have any security here lmao,neither,0.07638962540805529,0.3219300127529317,0.6016803618390131
Ramona is fantastic,neither,0.046565519065701666,0.327929838305898,0.6255046426284003
Who is this guest?,neither,0.04885560415791421,0.3975764677949391,0.5535679280471468
"Oh, cool.",neither,0.04720127955179003,0.2578925924460871,0.6949061280021229
!whodat,neither,0.03945320844208391,0.33037608806864915,0.630170703489267
"GM Jason Carl ( twitter.com/vampiresnvino ), with Alex Ward ( twitter.com/AlexWard777 ), Erika Ishii ( twitter.com/erikaishii ), B. Dave Walters ( twitter.com/BDaveWalters ), with special guest Bex Taylor-Klaus ( twitter.com/IBexWeBex ).",neither,0.039103842143842785,0.46739204253879585,0.4935041153173612
!whodat,neither,0.03945320844208391,0.33037608806864915,0.630170703489267
Hey @Danoba @chaoticloony,neither,0.03945320844208391,0.33037608806864915,0.630170703489267
"Good thing this isn't Requiem, because Kindred seeing owls hanging around would be VERY bad news...",neither,0.03700726131760808,0.33109294599590927,0.6318997926864827
Hey @maris_lyn,neither,0.03945320844208391,0.33037608806864915,0.630170703489267
OMG IT'S BEX,neither,0.037108910668695844,0.3311823995721042,0.6317086897591999
Ramona is signifigent in the lore,neither,0.04732630518825834,0.31020623034325084,0.6424674644684907
"trying to remember, what clan haven't we seen yet?",neither,0.047738372372559505,0.3267627308892992,0.6254988967381413
Is it Friday yet?,neither,0.04701774408163808,0.3277742973858669,0.6252079585324951
@vagenlitefoot Of the seven? We haven't seen a Tremere yet.,neither,0.03865492715898433,0.3199162610649926,0.6414288117760231
Yes it is,neither,0.0504428408951861,0.3265962495318096,0.6229609095730043
"Jason Carl: PLease, make a Gangrel band of ""Surf Nazis"" an enemy at some point.",neither,0.03528935183269468,0.34583377897128187,0.6188768691960236
"@vagenlitefoot many, many lesser clans we haven't seen",neither,0.0393628709006966,0.33190935190818793,0.6287277771911156
WAIT DO I SEE BEX?,neither,0.04138655043173703,0.3297111231038456,0.6289023264644173
Thanks @Dragonchrome,neither,0.035884468650613,0.3004919205142699,0.6636236108351171
"we've seen a tremere, just not a player",neither,0.015042447897768577,0.41695880430329846,0.5679987477989329
You do @TCarlini,offensive_language,0.10565712907148682,0.4682446482801005,0.42609822264841263
you do @TCarlini,offensive_language,0.10565712907148682,0.4682446482801005,0.42609822264841263
@TCarlini Yup!,neither,0.03945320844208391,0.33037608806864915,0.630170703489267
"I approve, rats are adorable",neither,0.0584296486202743,0.2958631872939199,0.6457071640858059
Lmao.,neither,0.03705015143476208,0.3711622369619404,0.5917876116032975
"@vagenlitefoot We've seem malk, tremere, toreador, brujah, and now gangrel.",neither,0.01771999221578289,0.27765082198450386,0.7046291857997132
many many many bloodline pc's we haven't seen,neither,0.03936864185538758,0.33181140374609025,0.6288199543985221
@chainsawgothic thanks,neither,0.035884468650613,0.3004919205142699,0.6636236108351171
haha,neither,0.03186685585600258,0.45913629025701075,0.5089968538869867
Idk the master of beasts thing is kind of cute,neither,0.04588731901030102,0.29477261295789065,0.6593400680318082
@vagenlitefoot np!,neither,0.03945320844208391,0.33037608806864915,0.630170703489267
omg Bex is Ramona!? and were getting Talesin tonight too?,neither,0.039889269309018587,0.3248013327182553,0.6353093979727261
This is real cute,neither,0.04221785435857151,0.4514045246015109,0.5063776210399175
Oh my gosh! Pidge! <3,neither,0.03236932916326653,0.3691666553057533,0.59846401553098
"""We could, but no."" I kina love Ramona.",neither,0.033614134250515716,0.3638708728574926,0.6025149928919916
"@vagenlitefoot most of them, only have seen 6 I believe, played by people",neither,0.0755268496797222,0.3613611080872121,0.5631120422330657
"But do you ""know"" him?",neither,0.05955759378864813,0.41416399050074976,0.5262784157106021
yes @JustinT1977,neither,0.03945320844208391,0.33037608806864915,0.630170703489267
"Right, we've seen a Tremere, just not a Tremere PC.",neither,0.018592592492064016,0.3506222518454601,0.6307851556624758
@JustinT1977 Yup!,neither,0.03945320844208391,0.33037608806864915,0.630170703489267
"@JustinT1977 indeed, we have an amazing night in store!",neither,0.05004081165378041,0.32902034964917387,0.6209388386970458
Are VtM campaigns usually 8 sessions?,neither,0.06332992082240227,0.2883834892526157,0.648286589924982
