text,top_class,hate_speech,offensive_language,neither
woo hooo Chobot!,neither,0.03945320844208391,0.33037608806864915,0.630170703489267
Hi Jess and Erika!,neither,0.03870944257742205,0.292987672328244,0.6683028850943339
jcvimHi all,offensive_language,0.046917543854519406,0.6277741405869331,0.3253083155585475
Hi @Andyinsomnia,neither,0.03945320844208391,0.33037608806864915,0.630170703489267
gandsOwlbear hey guys,neither,0.03929207127355727,0.33311100635304525,0.6275969223733975
Hi @Ronin_Monkey,neither,0.03945320844208391,0.33037608806864915,0.630170703489267
"Better not enrage thatz Brujah, Jessica :-D",neither,0.03804840968772244,0.3356582323763253,0.6262933579359523
jcvimHi @Ronin_Monkey @chaoticloony,neither,0.03945320844208391,0.33037608806864915,0.630170703489267
"Well, I don't know about you, but I know from the title card. tinytatoBallpit tinytatoBallpit",neither,0.04625871369583768,0.36196624823719653,0.5917750380669659
Trish is sippig wine & eating fancy desserts,neither,0.0451719667347789,0.32840914485468414,0.6264188884105371
Xander HYPE!!!!!!,neither,0.03945320844208391,0.33037608806864915,0.630170703489267
YAY Jess and Erika <3,neither,0.038747090346849894,0.2950593204439603,0.6661935892091898
Is Erika made up for Halloween or Vampire game?,neither,0.037909366761461505,0.31194107383604186,0.6501495594024967
Hug Raaaiiid!,neither,0.03945320844208391,0.33037608806864915,0.630170703489267
I'm here because of the Dallens...,neither,0.12030963203865747,0.2503256983040361,0.6293646696573063
GENUINE ENTHUSIASM amydCheers amydCheers amydCheers amydCheers,neither,0.03945320844208391,0.33037608806864915,0.630170703489267
Trish is taunting king Arthur from a castle,neither,0.045143653898678276,0.31751328616508717,0.6373430599362345
OMG its Chobot.. YAY,neither,0.033445986078246205,0.3324422473043739,0.6341117666173798
yay Chobot gets to talk games gandsHype,neither,0.02863687346583111,0.33264414060366443,0.6387189859305044
Welcome Raiders!,neither,0.03945320844208391,0.33037608806864915,0.630170703489267
#EnthusiArmy RAID,neither,0.03945320844208391,0.33037608806864915,0.630170703489267
Hi @Enthusiamy and Raiders,neither,0.03868284165753408,0.29150793163893735,0.6698092267035286
jcvimHi Amy and raiders,neither,0.03874561192742724,0.2949784511471569,0.666275936925416
amydFocus amydCheers amydFocus amydCheers amydFocus amydCheers,neither,0.03945320844208391,0.33037608806864915,0.630170703489267
AMY RAID,neither,0.03945320844208391,0.33037608806864915,0.630170703489267
amydFocus amydFocus amydCheers amydCheers amydFocus amydFocus,neither,0.03945320844208391,0.33037608806864915,0.630170703489267
Its the magical Chobot.. I'm in Shockawe.,neither,0.0322536129471186,0.31522610015112285,0.6525202869017587
#EnthusiArmy Raid!,neither,0.03945320844208391,0.33037608806864915,0.630170703489267
ok,neither,0.03935517884257045,0.3320399062092607,0.6286049149481688
workers in the game industry need to unionize,neither,0.04325560634095155,0.28344162275335844,0.67330277090569
"Download the new Critical Role theme song for Campaign Two! http://itunes.apple.com/album/id1331550250?ls=1&app=itunes Sales of the song support the musician, Jason Charles Miller.",neither,0.04445767596344001,0.2510827790306858,0.7044595450058742
I'm getting flash backs from the G4 days,neither,0.03645629343380006,0.35826119519382876,0.6052825113723711
Oh hey Xander!,neither,0.04724942694866229,0.25746865428102644,0.6952819187703113
chobots at home yall !!,neither,0.03655034516819183,0.39300944343399197,0.5704402113978163
"I'm not surprised, Xander :D",neither,0.037651533371888236,0.3371771509625762,0.6251713156655355
all of the shade,neither,0.040285195360218636,0.39396332617655117,0.5657514784632303
"Help G&S make great content! $4.99/month gets you emotes, Minecraft server access, sub-only VODs, and more! Every sub keeps the channel alive! twitch.tv/geekandsundry/subscribe",neither,0.043907990691603095,0.31135964332838284,0.644732365980014
is this naomi kyle or am i blind,neither,0.044672883630004025,0.32963309647962463,0.6256940198903714
Nooo! That poor cupcake!,neither,0.03560092733392546,0.3722710857689054,0.5921279868971692
@Ameernate Jessica Chobot,neither,0.03945320844208391,0.33037608806864915,0.630170703489267
!whodat,neither,0.03945320844208391,0.33037608806864915,0.630170703489267
"Erika Ishii ( twitter.com/erikaishii ), and Jessica Chobot ( twitter.com/JessicaChobot ).",neither,0.038115247119285676,0.4335822120180975,0.5283025408626169
I love her so much,offensive_language,0.022447153254473527,0.6891869603257801,0.28836588641974636
!frontpage,neither,0.03945320844208391,0.33037608806864915,0.630170703489267
"We are on the front page, which means we have an influx of new people coming in here. Some are polite, some are not. Please let the mods handle those who are not. Sit back, enjoy the show, and DON'T FEED THE TROLLS.",neither,0.10504481977893397,0.20508308154005317,0.6898720986810128
We’ve lost track of the rails :D,neither,0.01947130549060871,0.30279338203847717,0.6777353124709141
@Ronin_Monkey ohhhh SNAP!! thanks lmao,neither,0.03700422899657518,0.32942514062879014,0.6335706303746347
duckTU,neither,0.03945320844208391,0.33037608806864915,0.630170703489267
@shidareAKI there were rails?...,neither,0.039850142581387984,0.235065684161183,0.725084173257429
KKona,neither,0.03945320844208391,0.33037608806864915,0.630170703489267
Chobot is still fire,neither,0.04923741214622804,0.3459640272647119,0.60479856058906
Hehhehehhehehhehehhehehheheh,neither,0.03945320844208391,0.33037608806864915,0.630170703489267
what is this HotPokket show WutFace,neither,0.0966670472368512,0.2129778229796929,0.6903551297834558
Chobot the GOAT,neither,0.03825742109612947,0.30830648690722096,0.6534360919966495
LUL,neither,0.03945320844208391,0.33037608806864915,0.630170703489267
!wtfisthis,neither,0.03945320844208391,0.33037608806864915,0.630170703489267
"Welcome to #GameEngine! We'll be discussing the latest gaming news, showcasing new games, and interviewing people in the gaming industry!",neither,0.05363492194748562,0.26739386076077604,0.6789712172917384
wow POP OFF,neither,0.041076342338207596,0.30282726980951474,0.6560963878522778
!wtfisthis,neither,0.03945320844208391,0.33037608806864915,0.630170703489267
Power Word: Middle Name,neither,0.03945320844208391,0.33037608806864915,0.630170703489267
Breathe,neither,0.03945320844208391,0.33037608806864915,0.630170703489267
that was way too familiar,neither,0.03557748076285784,0.37646240954933097,0.5879601096878112
Wow.,neither,0.03945320844208391,0.33037608806864915,0.630170703489267
wtf,offensive_language,0.04410695246022759,0.7898861884776351,0.16600685906213722
how does that make sense,neither,0.023819853720767198,0.4828780467979396,0.4933020994812932
Does Jessica need a Hug?,neither,0.027958406643452467,0.4350216626025235,0.5370199307540241
I'm so sad I didn't want some random stranger to handle fish to me,neither,0.029437622386613932,0.39605859089300627,0.5745037867203797
cmonBruh,neither,0.03945320844208391,0.33037608806864915,0.630170703489267
why tryhard disabled cmonBruh,neither,0.03028500348435986,0.3431100550174535,0.6266049414981867
JAKE!,neither,0.03945320844208391,0.33037608806864915,0.630170703489267
And it will finally include terrain tools! Terraforming! <3,neither,0.038789708377223946,0.2841259500836037,0.6770843415391724
geefStahp,neither,0.03945320844208391,0.33037608806864915,0.630170703489267
Jake and Emily HYPE!!!!!,neither,0.03883507755866514,0.29980524302727074,0.6613596794140641
good to know The Sims found a use for Klout,neither,0.01722581024525377,0.3655107525444635,0.6172634372102827
Hey fam,neither,0.03945320844208391,0.33037608806864915,0.630170703489267
lol,neither,0.020706217963973744,0.4882283491876925,0.4910654328483337
Or Gaga?,neither,0.03945320844208391,0.33037608806864915,0.630170703489267
he a pimp LUL,neither,0.044377943919503525,0.32868224571125193,0.6269398103692445
"Sul Sul, Emily!",neither,0.03945320844208391,0.33037608806864915,0.630170703489267
Hi @xenonde,neither,0.03945320844208391,0.33037608806864915,0.630170703489267
honestly it's some bs how much is stripped from the sim base games so it can be sold later,neither,0.03574997824670042,0.3421974428267677,0.6220525789265319
?,neither,0.03945320844208391,0.33037608806864915,0.630170703489267
Sol,neither,0.03945320844208391,0.33037608806864915,0.630170703489267
lol,neither,0.020706217963973744,0.4882283491876925,0.4910654328483337
Hi @mmatton,neither,0.03945320844208391,0.33037608806864915,0.630170703489267
"like, pets was a dlc for the sims 2, 3 and 5 should have that included",neither,0.04392102580966609,0.3352278414401541,0.6208511327501798
jcvimLol this is my favourite skit yet,neither,0.03581795961719894,0.3935658320841896,0.5706162082986114
Bet you're loving this @Ossborn ;),neither,0.08303584653838417,0.3475742041725693,0.5693899492890465
Hey chaoticloony,neither,0.03945320844208391,0.33037608806864915,0.630170703489267
hrpgSharky,neither,0.03945320844208391,0.33037608806864915,0.630170703489267
to get the full experience for sims 3 i'd have to pay hundreds of dollars it's ridiculous,neither,0.050386474755570794,0.3100562473494389,0.6395572778949904
jenPFT,neither,0.03945320844208391,0.33037608806864915,0.630170703489267
thatviFeels,neither,0.03945320844208391,0.33037608806864915,0.630170703489267
They are pandering to Jess!,neither,0.0670319747816928,0.29060211996811186,0.6423659052501953
@Leigh574 Kind of... thinking how many modsa will break already makes me shudder....,neither,0.034636501074842785,0.3528835265773841,0.6124799723477732
oh yeah :/,neither,0.022533380315967178,0.4254575626619046,0.5520090570221282
@Leigh574 Especially as they already announced that they change to another Python version... every single Script Mod will break,neither,0.06001067431023977,0.32691732532027706,0.6130720003694831
I'm ok with seeing emily on two channels,neither,0.03105232239778868,0.3567435579984616,0.6122041196037497
shade! :P,neither,0.03945320844208391,0.33037608806864915,0.630170703489267
amazing,neither,0.03945320844208391,0.33037608806864915,0.630170703489267
that was something,neither,0.03343559896345104,0.39751375748432943,0.5690506435522196
"""oh shamu rabatow"" ~ P Baby/Baby P",neither,0.04332564822898149,0.2931241034335194,0.6635502483374991
Time a will never get back,neither,0.034658287353012115,0.38134173621205325,0.5839999764349345
Baby P/P Baby threw some Simlish shade there,neither,0.033770835831166246,0.31040246994446635,0.6558266942243673
"except without the story and npcs, which are kind of important in rpgs?",neither,0.05171474470321662,0.2743167902537943,0.673968465042989
oh no.. another f76 discussion...,neither,0.09183633715568637,0.23130151583791053,0.6768621470064031
"ok Chat, is griefing a playstyle?",neither,0.04876150884465389,0.3281119293135045,0.6231265618418415
"I'm done with f76 already ^^""",neither,0.02471386268590297,0.41394098006850005,0.561345157245597
We have a subscriber-only Discord server! Join here: https://discord.gg/geekandsundry (you'll need to sub and link it to your Twitch) and be a part of the fun!...Warning: It can take up to an hour for the server to update and give you access to the channels,neither,0.08464076273808444,0.286394834032893,0.6289644032290227
el Potro is here,neither,0.12224852315749164,0.27683586693240747,0.6009156099101008
"@Deathstar_Taco For some, yes",neither,0.022408645648615125,0.30871793988602636,0.6688734144653585
"Wait, there's a reason to play MMOs without griefing?",neither,0.045339478894238575,0.28979798604623525,0.6648625350595261
smackdown 1000 tonight I'm excited,neither,0.037063136122379645,0.31036193017464164,0.6525749337029788
there's not,neither,0.0369703218424345,0.2619414266039713,0.7010882515535943
Fallout 1&2 and Tactics are the only Fallout games i care about,neither,0.0495424720711888,0.29287813023879156,0.6575793976900195
@DJPheonyx so are there ways to funnel that playstyle creatively?,neither,0.06215339418100501,0.3239143652596805,0.6139322405593146
"Help G&S make great content! $4.99/month gets you emotes, Minecraft server access, sub-only VODs, and more! Every sub keeps the channel alive! twitch.tv/geekandsundry/subscribe",neither,0.043907990691603095,0.31135964332838284,0.644732365980014
