text,top_class,hate_speech,offensive_language,neither
Hellblazer is a smart ass brit magician,offensive_language,0.12855504258618997,0.863007265757417,0.008437691656392916
I'm really just here for Taliesins hair... it's magical...,neither,0.06091446351826914,0.2945495615012276,0.6445359749805032
LETS TALK CONSTANINE I’ll do that all day every day,neither,0.026354594284463424,0.4047257718354049,0.5689196338801317
Helloo to all the daisies coming in!,neither,0.05036749451390106,0.3977783527384579,0.551854152747641
CW,neither,0.03945320844208391,0.33037608806864915,0.630170703489267
YAY!,neither,0.03945320844208391,0.33037608806864915,0.630170703489267
Yay!!!!,neither,0.03945320844208391,0.33037608806864915,0.630170703489267
hey happy wednesday!,neither,0.03945320844208391,0.33037608806864915,0.630170703489267
Hellblazer is comic name John constanine is the character,neither,0.05324583530010819,0.31197003914433796,0.6347841255555539
wooo,neither,0.03945320844208391,0.33037608806864915,0.630170703489267
Daisy is watching. :P,neither,0.054293876094227596,0.3252717019353199,0.6204344219704526
yayyyyyy!!,neither,0.03945320844208391,0.33037608806864915,0.630170703489267
YAY its starting!,neither,0.03373512645801043,0.3323427986690667,0.6339220748729228
Con-stan-tineeeee!,neither,0.03945320844208391,0.33037608806864915,0.630170703489267
"Greetings, hosts and crew!!",neither,0.038422865211103545,0.27621000835571474,0.6853671264331818
yay!,neither,0.03945320844208391,0.33037608806864915,0.630170703489267
Yay! \o/,neither,0.03945320844208391,0.33037608806864915,0.630170703489267
"Constaintine: Blond, British, Biseuxal",neither,0.03945320844208391,0.33037608806864915,0.630170703489267
"Agh, almost forgot about TWC, hi everyone!",neither,0.03345667042887316,0.43215298786998585,0.5343903417011409
HERE WE GO YALL,neither,0.1038068899414129,0.31810687110518643,0.5780862389534006
It's Club Time!!!!,neither,0.03602208984439416,0.35762983621277006,0.6063480739428357
Danni,neither,0.03945320844208391,0.33037608806864915,0.630170703489267
critroleDani critroleDani,neither,0.03945320844208391,0.33037608806864915,0.630170703489267
RECUE AMY,neither,0.03945320844208391,0.33037608806864915,0.630170703489267
Yay!,neither,0.03945320844208391,0.33037608806864915,0.630170703489267
*rescue,neither,0.03945320844208391,0.33037608806864915,0.630170703489267
"bidet, daisies!",neither,0.03945320844208391,0.33037608806864915,0.630170703489267
Hey guys,neither,0.03929207127355727,0.33311100635304525,0.6275969223733975
Dani!,neither,0.03945320844208391,0.33037608806864915,0.630170703489267
Dani!,neither,0.03945320844208391,0.33037608806864915,0.630170703489267
it's 10pm i can't spell,neither,0.03795549081819812,0.3248888031866044,0.6371557059951974
"gandsTWC Hi Taliesin, Amy, and Matt! Welcome Dani! critroleDani",neither,0.03893925718256786,0.30526904542013183,0.6557916973973003
Dr. Strange first thing.,neither,0.03363762289248818,0.33237633461633453,0.6339860424911773
"OK, I thought Dani might be the guest when I saw the subject matter",neither,0.03510950689254428,0.2893626297914391,0.6755278633160167
WOW I literally made it at the last second,neither,0.03706877495357086,0.33648703810825387,0.6264441869381753
"Help G&S make great content! $4.99/month gets you emotes, Minecraft server access, sub-only VODs, and more! Every sub keeps the channel alive! twitch.tv/geekandsundry/subscribe",neither,0.043907990691603095,0.31135964332838284,0.644732365980014
Hi daisies!,neither,0.03945320844208391,0.33037608806864915,0.630170703489267
Amy: Help,neither,0.03945320844208391,0.33037608806864915,0.630170703489267
"Hello! Welcome, Dani!!!",neither,0.03945320844208391,0.33037608806864915,0.630170703489267
HI DANI!,neither,0.03945320844208391,0.33037608806864915,0.630170703489267
WE LOVE YOU CREW,neither,0.05497836250805046,0.4075449975002425,0.5374766399917071
critroleDani critroleDani critroleDani critroleGothdad critroleGothdad critroleGothdad,neither,0.03945320844208391,0.33037608806864915,0.630170703489267
are we on the internet?,neither,0.06455044260466253,0.27765074222486363,0.6577988151704739
We gandsTWC crew!,neither,0.03925013968773704,0.3338226947971334,0.6269271655151295
Hey cast and crew!!!,neither,0.03878994125951469,0.29738674590925973,0.6638233128312256
Where is the Constantine jacket.... I was promised a Constantine jacket..,neither,0.04464425237847738,0.3018446076425483,0.6535111399789743
Amy looks so Pretty,neither,0.039412910434422736,0.37167008234257043,0.5889170072230068
"Bless, Amy <3",neither,0.03945320844208391,0.33037608806864915,0.630170703489267
The internet lied to me..,neither,0.03726160423716878,0.34879283574405484,0.6139455600187763
We are love the crew!,neither,0.0621368065088564,0.2814289308687525,0.6564342626223911
This is why we love Amy <3,neither,0.03252804507203515,0.35856296831148426,0.6089089866164806
It’s Dani!! critroleDani,neither,0.037770165237438216,0.33095496380368705,0.6312748709588748
critroleDani critroleDani critroleDani critroleDani critroleDani,neither,0.03945320844208391,0.33037608806864915,0.630170703489267
XD,neither,0.03945320844208391,0.33037608806864915,0.630170703489267
WE LOVE YOU MATT,neither,0.054016701715747274,0.4030239041055505,0.5429593941787022
gandsTWC gandsTWC gandsTWC gandsTWC gandsTWC gandsTWC,neither,0.03945320844208391,0.33037608806864915,0.630170703489267
Chief!!!!!,neither,0.03945320844208391,0.33037608806864915,0.630170703489267
Hi all!,neither,0.0423466876598404,0.4436528871510691,0.5140004251890904
Damn Matt,offensive_language,0.04480778323640988,0.8491916156119951,0.10600060115159494
LOL,neither,0.020706217963973744,0.4882283491876925,0.4910654328483337
Oh Dani xD,neither,0.04522550427656808,0.27558419280407476,0.6791903029193572
Hello @JodyHouser,neither,0.03945320844208391,0.33037608806864915,0.630170703489267
"Hi Taliesin, Dani, Amy and Matt!",neither,0.03890076228068822,0.3032684197875661,0.6578308179317456
doogPaw doogPaw doogPaw,neither,0.03945320844208391,0.33037608806864915,0.630170703489267
DANI! <3,neither,0.03945320844208391,0.33037608806864915,0.630170703489267
Dani!,neither,0.03945320844208391,0.33037608806864915,0.630170703489267
@JodyHouser Hi Jody,neither,0.03945320844208391,0.33037608806864915,0.630170703489267
such cute much love,neither,0.03436543442176203,0.30679161549262046,0.6588429500856174
"Don't know much about Hellblazer. Hopefully, I'll learn stuff",neither,0.03557445944415313,0.3506492053353275,0.6137763352205193
HAI DANI,neither,0.03945320844208391,0.33037608806864915,0.630170703489267
doogCoffeh ?,neither,0.03945320844208391,0.33037608806864915,0.630170703489267
"Hi Taliesin, Dani, Amy, and Matt! <3",neither,0.03890076228068822,0.3032684197875661,0.6578308179317456
its all dani cam tonight,neither,0.03376540171169502,0.3634503793144368,0.6027842189738682
Hi Jody,neither,0.03945320844208391,0.33037608806864915,0.630170703489267
I love everyone extra a lot,neither,0.031446571800809,0.43697828230146196,0.531575145897729
SPONSOR YAY,neither,0.03945320844208391,0.33037608806864915,0.630170703489267
Hi Jody!,neither,0.03945320844208391,0.33037608806864915,0.630170703489267
Dani Carr all the time,neither,0.03887786112787364,0.4050179868086703,0.5561041520634561
#CoffeeFlavoredTaliesin,neither,0.03945320844208391,0.33037608806864915,0.630170703489267
woohoooooo,neither,0.03945320844208391,0.33037608806864915,0.630170703489267
The best part of hugging up is Folgers (or whatever) in your cup :P,neither,0.060305454913771046,0.33936833475016653,0.6003262103360624
#Sponsored,neither,0.03945320844208391,0.33037608806864915,0.630170703489267
Yay for sponsors!,neither,0.0322289169994526,0.29433324177559567,0.6734378412249518
Woo! Sponsors doogHype,neither,0.03945320844208391,0.33037608806864915,0.630170703489267
@JodyHouser Hi Jody! :D,neither,0.03945320844208391,0.33037608806864915,0.630170703489267
Sponsor!,neither,0.03945320844208391,0.33037608806864915,0.630170703489267
I bet Tal smells like coffee now,neither,0.055432422762424986,0.22134989807863717,0.7232176791589379
Sponsored? everyone pretend that is normal,neither,0.03768486683792946,0.4244589541562425,0.5378561790058279
yes Dani with the Shopping Network hands,neither,0.031848596515841876,0.34355582526829065,0.6245955782158674
Everyone is already in Brit Mode,neither,0.039699399402703804,0.4283797155328976,0.5319208850643987
"Huzzah, sponsorship!",neither,0.03945320844208391,0.33037608806864915,0.630170703489267
!dungeonfog,neither,0.03945320844208391,0.33037608806864915,0.630170703489267
"Creating custom RPG maps has never been easier. DUNGEONFOG lets you focus on your story, while creating marvelous maps for your adventures. Check it out for free on www.dungeonfog.com/the-wednesday-club/, or use the promo code WEDNESDAYCLUB to get 10% discount on your first annual premium subscription!",neither,0.042219054412206025,0.36454912175254706,0.5932318238352469
Practicing that Bri'ish accent...,neither,0.036561074841626316,0.36168887279165635,0.6017500523667174
they need a flunky to dust the control panels!,neither,0.04443892648455235,0.31139983570856977,0.6441612378068778
https://clips.twitch.tv/SweetViscousMochaThisIsSparta,neither,0.03945320844208391,0.33037608806864915,0.630170703489267
*whispers* Those are dashes. –Amy,neither,0.08864162051015922,0.23445197690560754,0.6769064025842333
My first though is Tal needs to play a Constantine inspired wizard on Critical Role...,neither,0.03525450333119974,0.3763798019388144,0.5883656947299858
Some times dead is bettah,neither,0.038117171006398734,0.3432424256283127,0.6186404033652886
I love Taliesin's english accent,neither,0.03681857974377943,0.34261333431016217,0.6205680859460583
hydrate!,neither,0.03945320844208391,0.33037608806864915,0.630170703489267
Drink!,neither,0.03945320844208391,0.33037608806864915,0.630170703489267
*drink*,neither,0.03945320844208391,0.33037608806864915,0.630170703489267
Hydrate,neither,0.03945320844208391,0.33037608806864915,0.630170703489267
oh it was a ~burning man~ thing,neither,0.04290081143113421,0.3438886210864517,0.6132105674824141
Pet Semantary + Burning Man? O_O,neither,0.03957546963931398,0.3908058942022631,0.5696186361584229
!hydrate,neither,0.03945320844208391,0.33037608806864915,0.630170703489267
Hail Hydration! (Drink water!),neither,0.03945320844208391,0.33037608806864915,0.630170703489267
Welcome to the Burning Man Club.,neither,0.04425534865187904,0.36361445342624926,0.5921301979218718
Drink! (your water :P),neither,0.07948528068228468,0.31922688099490587,0.6012878383228094
lol,neither,0.020706217963973744,0.4882283491876925,0.4910654328483337
"he went a bit vincent price, aye. fitting for spooktober",neither,0.03875286432721607,0.31141792201934665,0.6498292136534374
We can never go an episode without Burning Man..,neither,0.037789812448037446,0.39918482999808086,0.5630253575538817
Hail Hydrate,neither,0.03945320844208391,0.33037608806864915,0.630170703489267
Dani!,neither,0.03945320844208391,0.33037608806864915,0.630170703489267
Amy's hair is so awesome tonight,neither,0.04310259303241045,0.34259012457908095,0.6143072823885085
pennyPleased pennyPleased,neither,0.03945320844208391,0.33037608806864915,0.630170703489267
Hail Hydrate!,neither,0.03945320844208391,0.33037608806864915,0.630170703489267
Dani is so great. I hope she knows how great she is.,neither,0.07044224769009451,0.34489896089386607,0.5846587914160395
poor Amy,neither,0.03945320844208391,0.33037608806864915,0.630170703489267
!whodat,neither,0.03945320844208391,0.33037608806864915,0.630170703489267
"Amy Dallen ( twitter.com/enthusiamy ), Matt Key ( twitter.com/TheMattKey ), and Taliesin Jaffe ( twitter.com/executivegoth ), with special guest Dani Carr ( twitter.com/itsdanicarr ).",neither,0.04227731626905294,0.44716457557983547,0.5105581081511116
"That sounds AMAZING, Dani",neither,0.03632166253936835,0.36431958181989305,0.5993587556407386
He WOULD,neither,0.048828258075642374,0.3172449605766473,0.6339267813477103
Pepperidge farm remembers the soil of a man's haart is stoniah,neither,0.04555589465052516,0.36533459577421257,0.5891095095752622
"Burning Man 2042, brought to you by Pfizer, for all your ED needs",neither,0.07754233834444477,0.45719652948781314,0.46526113216774206
DANI! <3,neither,0.03945320844208391,0.33037608806864915,0.630170703489267
critroleTrinket Trinket members,neither,0.03945320844208391,0.33037608806864915,0.630170703489267
Vincent Price has been in all 3 of my favorite Horror Movies,neither,0.03366644747601415,0.4206090466972773,0.5457245058267086
and a trench coat,neither,0.038750789150320014,0.2952614746806695,0.6659877361690105
"As a New Englander, Matt's accent pains me",neither,0.035539220562359364,0.3190357057021905,0.6454250737354501
"Because Taliesin is also blond, bisexual, and can do a british accent",neither,0.04439266757466703,0.30361293941759415,0.6519943930077388
Still waiting for the Constantine jacket to magically appear.,neither,0.03845849323491936,0.30869889523481825,0.6528426115302624
aw bless your heart,neither,0.06729835846255934,0.32264689266513275,0.6100547488723079
:D,neither,0.03945320844208391,0.33037608806864915,0.630170703489267
UWNT Soccer just finished. They didn't allow a single goal for the entire CONCAF tournament. <3 those ladies.,neither,0.03592008125922098,0.30627851469189116,0.657801404048888
this is too much,neither,0.044148430681263846,0.3369087010534668,0.6189428682652692
I want this picture now.,neither,0.039621742157890195,0.32751563107346704,0.6328626267686427
your brother had a what where,neither,0.08767750324214366,0.28181514704164934,0.630507349716207
Pics or it didn't happen,neither,0.025561794416608344,0.37069376445819174,0.6037444411252
TALIESIN,neither,0.03945320844208391,0.33037608806864915,0.630170703489267
"Oh my god of course you did, Taliesin",neither,0.04679372468733409,0.4146339006007871,0.5385723747118788
"you colossal nerd, I love you so much.",offensive_language,0.06592713274989892,0.4962000138250994,0.4378728534250018
Mood :P,neither,0.03945320844208391,0.33037608806864915,0.630170703489267
@misssunflower94 nice question this week on Talks Machina.,neither,0.037118957984366194,0.34245119557593295,0.6204298464397009
Heyo,neither,0.03945320844208391,0.33037608806864915,0.630170703489267
"Pictures, pretty please?",neither,0.03945320844208391,0.33037608806864915,0.630170703489267
"@chaoticloony Have you ever seen ""The Comedy of Terrors"", with Price, Peter Lorre, Boris Karloff and Basil Rathbone?",neither,0.03919191723169198,0.3476851077305723,0.6131229750377356
yes great mentap image,neither,0.037633515513699534,0.3061773697049888,0.6561891147813117
"Really, please, don't smoke",neither,0.03570002904516681,0.3940773374520321,0.5702226335028011
hi yes we need to find this image,neither,0.0476710475204272,0.26036225235131,0.6919667001282628
smoking is terrible unless you sell your soul to multiple demon lords,neither,0.07624029618356087,0.34407607347210695,0.5796836303443321
he did get cancer from them...,neither,0.060272365885792274,0.3120497452594554,0.6276778888547523
mental*,neither,0.03945320844208391,0.33037608806864915,0.630170703489267
Part 1 of how Constantine is a Trash Fire,neither,0.0502046253131718,0.15368323052147193,0.7961121441653563
My first-ever comic was the Marvel anti-smoking comic,neither,0.026944773139929826,0.38032907863781695,0.5927261482222532
then it's step 1,neither,0.037650683374949714,0.3309960590951096,0.6313532575299406
Well it did give Constantine cancer at some point if I remember correctly...,neither,0.02384340008390245,0.38626079934818136,0.5898958005679161
Cigarettes = antihero or villain,neither,0.03945320844208391,0.33037608806864915,0.630170703489267
Yeah and then his cancer was removed. Because plot.,neither,0.040312100157683474,0.38663527872780584,0.5730526211145107
I feel like we've already had several months of prequels leading up to this episode courtesy of Dani's twitter ;),neither,0.032127463095799114,0.4088896318269112,0.5589829050772898
@super390 I think so,neither,0.040564643702812306,0.4056013163067219,0.5538340399904659
"QUESTION: Dani, what - outside of Constantine - got you into comics?",neither,0.05259144198396539,0.3869075564553725,0.5605010015606622
,neither,0.03945320844208391,0.33037608806864915,0.630170703489267
Nice name,neither,0.03945320844208391,0.33037608806864915,0.630170703489267
hello @jodyhouser !,neither,0.03945320844208391,0.33037608806864915,0.630170703489267
Congrats Cinder!,neither,0.03945320844208391,0.33037608806864915,0.630170703489267
Good Morning from Germany,neither,0.047113903593888,0.1884587531496598,0.7644273432564522
That's just begging for fanfic,neither,0.026005415027732223,0.36399879021337145,0.6099957947588963
cat's currently sleeping on my right arm so participating in chat today's gonna be hard,offensive_language,0.02753556819764345,0.5232691855636854,0.449195246238671
"Hold me is still my favorite book, I cry every time i read it",neither,0.03037222098186975,0.42475902200837506,0.5448687570097551
He'd be Ravenclaw,neither,0.054470696981836916,0.3344976783514818,0.6110316246666812
it used to be djarum blacks,neither,0.045260979702506254,0.3307290516192789,0.6240099686782148
"he would be a Slytherin. as a Slytherin, I confirm",neither,0.04220922905786586,0.35799740665183744,0.5997933642902966
Constantine/Strange,neither,0.03945320844208391,0.33037608806864915,0.630170703489267
@CinderFlame congratulations,neither,0.03945320844208391,0.33037608806864915,0.630170703489267
QUESTION: Matt and Amy are you wearing matching Wonder Woman jackets? because that cute,neither,0.056828168317170503,0.33109909116620817,0.6120727405166213
slytherin,neither,0.03945320844208391,0.33037608806864915,0.630170703489267
Raverin?,neither,0.03945320844208391,0.33037608806864915,0.630170703489267
Raven claw all the way.,neither,0.040058817490648733,0.3720547428783894,0.5878864396309619
He'd be expelled,neither,0.054470696981836916,0.3344976783514818,0.6110316246666812
He's in the Room of Requirement,neither,0.04350740053395535,0.3141416241074383,0.6423509753586063
"Question: Dani, why John Constantine, what connects with you the most",neither,0.035813065142142116,0.3774939320200967,0.5866930028377613
Gryffs are too noble for him,neither,0.05439570456903901,0.2702244451132791,0.675379850317682
,neither,0.03945320844208391,0.33037608806864915,0.630170703489267
Amy's face lol,neither,0.03169575526679556,0.38664215689256615,0.5816620878406382
Amy's face,neither,0.03945320844208391,0.33037608806864915,0.630170703489267
LOL,neither,0.020706217963973744,0.4882283491876925,0.4910654328483337
Congratz @CinderFlame,neither,0.03945320844208391,0.33037608806864915,0.630170703489267
John would be expleed from Hogwarts,neither,0.04041852387889342,0.308004173455887,0.6515773026652196
"Thanks, guys",neither,0.03655862387837074,0.3098941200382932,0.6535472560833362
ahhh im back,neither,0.0385272027120387,0.36551337801677486,0.5959594192711866
"I love both Dani and Taliesin for immediately going ""_I'm_ Slytherin""",neither,0.03207018988464784,0.3115020304584466,0.6564277796569056
TES THANKS DANI,neither,0.0372760594165796,0.3121449224273436,0.6505790181560769
true facts,neither,0.03945320844208391,0.33037608806864915,0.630170703489267
also *cough* I'm Slytherin,neither,0.03945320844208391,0.33037608806864915,0.630170703489267
The Sorting Hat would just retire,neither,0.034480459048711345,0.33018843258890734,0.6353311083623814
,neither,0.03945320844208391,0.33037608806864915,0.630170703489267
That's the fifth house: kicked out,neither,0.03268929751483466,0.36244739241696305,0.6048633100682023
I'm a slytherin too!,neither,0.038798963802794226,0.34148032703984427,0.6197207091573615
He'd get kicked out by day 2.,neither,0.04115588919946875,0.3825088848741309,0.5763352259264003
Slytherin is the best!,neither,0.05135998456280659,0.2889087219359037,0.6597312935012896
"And Proud, ya'll",offensive_language,0.023661696500884902,0.5504227441606717,0.42591555933844333
"“Ah, I love that part”",neither,0.032710066868609666,0.38720640094367953,0.5800835321877107
"The Sorting Hat would say, ""GET OUT! GET THE F*** OUT!""",neither,0.031089216053566564,0.3404707238323531,0.6284400601140803
Ravenclaw FTW,neither,0.03945320844208391,0.33037608806864915,0.630170703489267
"""Go home John""",neither,0.040802546550606,0.33506027247740283,0.6241371809719911
Amy's hair is fantastic!,neither,0.046117352986784176,0.3280839831713633,0.6257986638418526
The Slytherin hipsters are out once again.,neither,0.052647064969209345,0.31903153662111705,0.6283213984096735
#HufflePuff,neither,0.03945320844208391,0.33037608806864915,0.630170703489267
Did amy get her hair cut?,offensive_language,0.031728720533951586,0.5117471574464225,0.4565241220196257
He would be expelled before orientation,neither,0.04048798236069905,0.38356775379828156,0.5759442638410194
I am a Ravenclaw,neither,0.03902346103501681,0.3305238979082658,0.6304526410567174
Ravenclaw Represent!,neither,0.03945320844208391,0.33037608806864915,0.630170703489267
This convo is LIFE,neither,0.04406005215953291,0.39165842700804115,0.5642815208324258
Ravenclaw!!,neither,0.03945320844208391,0.33037608806864915,0.630170703489267
"he'd be a good weird Ravenclaw, it's true",neither,0.04302587934579361,0.33301083625752104,0.6239632843966854
John isn't ambitious enough for skytherin tbh. he doesn't give enough Fs,neither,0.03882202632752138,0.31348443487720096,0.6476935387952777
Smart people are the scariest,neither,0.09606758889042878,0.27280031886818323,0.631132092241388
John would go to five different magic schools,neither,0.04403071361849928,0.3269682187375081,0.6290010676439926
Dani!!!,neither,0.03945320844208391,0.33037608806864915,0.630170703489267
Hufflepuff :3,neither,0.03945320844208391,0.33037608806864915,0.630170703489267
The hat would say Slytherin. But he would choose Hufflepuff because of his cunning...,neither,0.055287096014011855,0.31945233650847527,0.6252605674775129
Ravenclaw unite,neither,0.03945320844208391,0.33037608806864915,0.630170703489267
Hufflepuff actually took in all the students that didn't fit in any other house,neither,0.02910071098693815,0.40974519207819793,0.5611540969348638
I posted In the discord today my hellblazer story. Was at a podcast years ago with Paul Jenkins as a guest host. There were a lot of people who were there including Liam O'brien and Marv Wolfman. I knew Liam but had know idea what a big deal the other people there were.,neither,0.04017760897360299,0.326478546355979,0.633343844670418
I am Ravenclaw,neither,0.03902346103501681,0.3305238979082658,0.6304526410567174
"Oh, c’mon, Sirius almost killed a fellow student and barely got a lecture!",neither,0.04097373958089969,0.3063943124524261,0.6526319479666742
Soooo what we're saying is that John Constantine is every bi person in the 90s.,neither,0.052975200614345366,0.32646594647176347,0.6205588529138912
John Constantine = Sad Angry Boi,neither,0.03945320844208391,0.33037608806864915,0.630170703489267
CHIEF!,neither,0.03945320844208391,0.33037608806864915,0.630170703489267
sad + angry = punk music,neither,0.05275339123800874,0.10463727531066655,0.8426093334513247
The sorting hat would run away from him!,neither,0.04004238693748672,0.2812145813037098,0.6787430317588036
"Come hither, Chief!",neither,0.03751601998696412,0.3632552318110344,0.5992287482020016
CH IEF,neither,0.03945320844208391,0.33037608806864915,0.630170703489267
critroleHarp,neither,0.03945320844208391,0.33037608806864915,0.630170703489267
#ChiefCam,neither,0.03945320844208391,0.33037608806864915,0.630170703489267
xD,neither,0.03945320844208391,0.33037608806864915,0.630170703489267
Ahahahahaha,neither,0.03945320844208391,0.33037608806864915,0.630170703489267
come hither chief!,neither,0.03751601998696412,0.3632552318110344,0.5992287482020016
Trash Fire Bicon Constantine,neither,0.04237711211820679,0.09397975173844463,0.8636431361433485
:-) gandsTheChief,neither,0.03945320844208391,0.33037608806864915,0.630170703489267
That'll do,neither,0.035419094676151334,0.39658583098894856,0.5679950743349002
<3,neither,0.03945320844208391,0.33037608806864915,0.630170703489267
https://clips.twitch.tv/FantasticBrightMetalStinkyCheese,neither,0.03945320844208391,0.33037608806864915,0.630170703489267
We have text reactions as Chief cam,neither,0.03463433806606713,0.41216489459918354,0.5532007673347492
yes we do,neither,0.04123256842281052,0.3333434682486652,0.6254239633285242
"Same chief, haha",neither,0.03595275015982071,0.41137572056756033,0.5526715292726189
@cinphoria oh no oh no oh yeeeees,neither,0.04901382352686178,0.2504030205340083,0.7005831559391298
gandsTheChief gandsTheChief gandsTheChief,neither,0.03945320844208391,0.33037608806864915,0.630170703489267
LMAO,neither,0.03705015143476208,0.3711622369619404,0.5917876116032975
You need to have high standards,neither,0.05795910876491418,0.4582482231821365,0.4837926680529494
Hufflepuff,neither,0.03945320844208391,0.33037608806864915,0.630170703489267
"""he wasn't hot enough"", god bless you Taliesin",neither,0.057502812932054524,0.3646128491519422,0.5778843379160031
one of the many reasons I miss GYP - there was a lot of Chief on screen,neither,0.03356211708198892,0.32513311649535015,0.6413047664226609
@llamacorn_misanthropy yes :P,neither,0.03945320844208391,0.33037608806864915,0.630170703489267
:D,neither,0.03945320844208391,0.33037608806864915,0.630170703489267
Hehhehehhehehehhehehe,neither,0.03945320844208391,0.33037608806864915,0.630170703489267
MOOD,neither,0.03945320844208391,0.33037608806864915,0.630170703489267
you need hot jhn,neither,0.06759058099133665,0.4042836457192437,0.5281257732894197
Hawt John,neither,0.03945320844208391,0.33037608806864915,0.630170703489267
Hufflepuff unite,neither,0.03945320844208391,0.33037608806864915,0.630170703489267
this is the important evaluation taliesin,neither,0.045613679999663106,0.31532636782601625,0.6390599521743207
There is the tragic flaw that his pursuit of knowledge is the beginning of his downfall; that's so Ravenclaw.,neither,0.06757227965797283,0.3505692118983606,0.5818585084436665
me too taliesin,neither,0.025456656249999262,0.41690574403459846,0.5576375997154023
Or a weird street food,neither,0.03945320844208391,0.33037608806864915,0.630170703489267
Story time with D&Danit.,neither,0.025314308808478223,0.40087534151979665,0.5738103496717252
Badger pride! :D,neither,0.03945320844208391,0.33037608806864915,0.630170703489267
er D&Dani,neither,0.03945320844208391,0.33037608806864915,0.630170703489267
John C-hot-stantine,neither,0.03945320844208391,0.33037608806864915,0.630170703489267
Thank you Amy!,neither,0.056967010988514616,0.3888269633951007,0.5542060256163848
"Amy, the bets",neither,0.038372653207642965,0.3105039192898759,0.6511234275024811
Chief is the yellow screen.,neither,0.014117887033600772,0.03507332423733615,0.9508087887290632
*best,neither,0.03765011267139979,0.31527719622551265,0.6470726911030876
Ravenclaw claw them b's...,neither,0.055706994145864455,0.32140236741147765,0.6228906384426578
the OC,neither,0.03839939302560993,0.311011251109799,0.6505893558645911
also hi everyone,neither,0.033508554604957025,0.43127237799493323,0.5352190674001097
Amy speaks Dani,neither,0.03945320844208391,0.33037608806864915,0.630170703489267
Matt Ryan is amazing.,neither,0.04605121583585342,0.32810673077032726,0.6258420533938193
Oh that's a way to convert someone,neither,0.0462762356718565,0.32115241053120785,0.6325713537969356
"#5minutetopic if the Constantine TV show had not been canceled, what story would you have wanted them to tackle. Bonus question; what cameo would you have wanted to see?",neither,0.06275443346765154,0.3450886790404255,0.5921568874919229
TOPIC: You are the Sorting Hat and a bunch of comic book characters have been accepted into Hogwarts. Where do you sort them and how do they do in their new houses?,neither,0.07508326083782897,0.3071630464456027,0.6177536927165683
lol,neither,0.020706217963973744,0.4882283491876925,0.4910654328483337
Amy does excellent verbal footnotes,neither,0.029746200654654182,0.4199546823369302,0.5502991170084157
good zone @g0rmyr,neither,0.03861556489324797,0.33066419209574344,0.6307202430110085
I have an acquaintance that does coffee paintings. He did an awesome Constantine.,neither,0.03652244643696108,0.33788517817993485,0.6255923753831041
hi @AromiaFlyce :),neither,0.03945320844208391,0.33037608806864915,0.630170703489267
I love the real-time anoontations,offensive_language,0.02540985190645953,0.49930505134000325,0.4752850967535371
"""oh god he's hot"" is SUCH A MOOD",neither,0.05633837622495749,0.2832569657433485,0.6604046580316941
RIP Dani,neither,0.03945320844208391,0.33037608806864915,0.630170703489267
"Dani, midnight is pretty much the only time this happens :P",neither,0.05433389728701349,0.3277007233461409,0.6179653793668457
Thank you to Dani's friend for starting this,neither,0.05043047243460617,0.34031602347238527,0.6092535040930085
Omg that was me with quentin quire,neither,0.017970677202010947,0.4639639739465185,0.5180653488514705
"""A couple""",neither,0.03945320844208391,0.33037608806864915,0.630170703489267
