text,top_class,hate_speech,offensive_language,neither
,neither,0.03945320844208391,0.33037608806864915,0.630170703489267
recap incoming!,neither,0.03945320844208391,0.33037608806864915,0.630170703489267
We have recap!,neither,0.038708156471488654,0.3430215644403498,0.6182702790881616
BIDET FROM SASKATCHEWAN critters!,neither,0.04228451509352876,0.2823214250720796,0.6753940598343917
@elizabethamberross you can change your name in the settings,neither,0.1068811125657841,0.3427947062462615,0.5503241811879546
:),neither,0.03945320844208391,0.33037608806864915,0.630170703489267
ayyy,neither,0.03945320844208391,0.33037608806864915,0.630170703489267
PogChamp,neither,0.03945320844208391,0.33037608806864915,0.630170703489267
"Bidet one and all from Auburn, Washington!",neither,0.0401703823823213,0.3623019787017807,0.597527638915898
Indiana here too,neither,0.09687973809602932,0.29050077837815574,0.6126194835258151
critroleBidet,neither,0.03945320844208391,0.33037608806864915,0.630170703489267
Bidet from Topeka Kansas,neither,0.04071751644889743,0.3089174816120565,0.6503650019390461
Anyone else just way too pumped about fjords arc,neither,0.03559663111647576,0.3633221923044873,0.601081176579037
trying to get my fangirl in before they lock chat X0,neither,0.03231073392999966,0.4391327693434753,0.528556496726525
yoooo,neither,0.03945320844208391,0.33037608806864915,0.630170703489267
Hello! critroleDani,neither,0.03945320844208391,0.33037608806864915,0.630170703489267
PogChamp,neither,0.03945320844208391,0.33037608806864915,0.630170703489267
ITS THURSDAY,neither,0.032172426933007474,0.33288028269424347,0.634947290372749
i'm excited!,neither,0.03945320844208391,0.33037608806864915,0.630170703489267
DANI!,neither,0.03945320844208391,0.33037608806864915,0.630170703489267
15 Mins Fam,neither,0.03945320844208391,0.33037608806864915,0.630170703489267
nice,neither,0.03945320844208391,0.33037608806864915,0.630170703489267
aaawwwwww yeeeeaaaahhhh boi!,neither,0.03945320844208391,0.33037608806864915,0.630170703489267
Bidet from PA,neither,0.04069404815304118,0.30931579984010865,0.6499901520068502
Bidet,neither,0.03945320844208391,0.33037608806864915,0.630170703489267
Bidet from Florida!,neither,0.0408948396164547,0.30590784468201904,0.6531973157015263
"Yay, Dani!",neither,0.03945320844208391,0.33037608806864915,0.630170703489267
"Bidet from Queensland, Australia",neither,0.04062582848913359,0.31047366557575606,0.6489005059351104
Hat Dani.,neither,0.03945320844208391,0.33037608806864915,0.630170703489267
WE LOVE YOU DANI,neither,0.05304801325783662,0.39843664173568716,0.5485153450064761
LOVE YOU DANI!!,neither,0.05457185420084487,0.40143221089300524,0.5439959349061498
Bidet from Northern Virginia,neither,0.04038150078596344,0.3146205443430473,0.6449979548709892
Greetings from Texas!,neither,0.040937266849991,0.30518774380265185,0.6538749893473571
Guys this is a big stream for me. Come at the stroke of midnight watching the Critical Role Livestream will literally be the first thing I do on my birthday!,neither,0.024017805840456114,0.38588836157450074,0.5900938325850432
MrDestructoid,neither,0.03945320844208391,0.33037608806864915,0.630170703489267
WELCOME TO THE JUNGLE !,neither,0.04544809955644727,0.30995833418308205,0.6445935662604707
bidet from michigan,neither,0.040769555981420263,0.3080342349327864,0.6511962090857933
Bidet from AZ,neither,0.04078317879478948,0.307803020237201,0.6514138009680096
Who loves Critical Role? I Do!!!!,neither,0.04104629188112014,0.3805517519697735,0.5784019561491064
DANIII HYPEEEE,neither,0.03945320844208391,0.33037608806864915,0.630170703489267
Jumanji Costco!,neither,0.03945320844208391,0.33037608806864915,0.630170703489267
bidet from South Dakota,neither,0.04041079298828133,0.31412337922315653,0.6454658277885622
Nice!!,neither,0.03945320844208391,0.33037608806864915,0.630170703489267
everyone,offensive_language,0.02988896790634741,0.4927062106388782,0.4774048214547744
Up state New York is watching,neither,0.07943246405984578,0.2065511567276584,0.7140163792124958
wooh,neither,0.03945320844208391,0.33037608806864915,0.630170703489267
"@tofuDN Happy Birthday, friend!",neither,0.03945320844208391,0.33037608806864915,0.630170703489267
bidet from denver,neither,0.04069404815304118,0.30931579984010865,0.6499901520068502
lets goooo gandsHype gandsHype gandsHype,neither,0.03868305123800957,0.34344766577192837,0.6178692829900622
Bidet from Holy Terra!!!,neither,0.04092262886197255,0.30543618866142946,0.653641182476598
the big boop,neither,0.023519342550083634,0.3766015656317487,0.5998790918181677
boop,neither,0.03945320844208391,0.33037608806864915,0.630170703489267
bidet from England,neither,0.04071751644889743,0.3089174816120565,0.6503650019390461
bidet from oklahoma,neither,0.04066490145509902,0.30981049537100724,0.6495246031738937
boop,neither,0.03945320844208391,0.33037608806864915,0.630170703489267
Bidet y’all,offensive_language,0.046917543854519406,0.6277741405869331,0.3253083155585475
@Zalxeel Nice! I'm at NEIN months myself (even though it says 6?),neither,0.0371651595063641,0.359991575531982,0.6028432649616539
pirate Boop!,neither,0.03945320844208391,0.33037608806864915,0.630170703489267
bidet from Colorado. add me!,neither,0.03386266628518604,0.3492452731047528,0.6168920606100612
Bidget from Houston!,neither,0.040875471929787875,0.3062365648703896,0.6528879631998226
Bidet from Kansas!!,neither,0.04071751644889743,0.3089174816120565,0.6503650019390461
bidet all,offensive_language,0.046917543854519406,0.6277741405869331,0.3253083155585475
i love laura's stank faces,neither,0.03656255319731543,0.34383562089590863,0.619601825906776
bidet from DC,neither,0.0408364874901429,0.30689823255244486,0.6522652799574122
Bidet from Oklahoma,neither,0.04066490145509902,0.30981049537100724,0.6495246031738937
Bidet from South Carolina!,neither,0.04043176250036363,0.31376747187705417,0.6458007656225822
Bidet from Michigan,neither,0.040769555981420263,0.3080342349327864,0.6511962090857933
Bidet,neither,0.03945320844208391,0.33037608806864915,0.630170703489267
bidet,neither,0.03945320844208391,0.33037608806864915,0.630170703489267
Bidet from Colorado too blaze it y’all,neither,0.04034784784574908,0.375106418132876,0.584545734021375
bidet from south carolina,neither,0.04043176250036363,0.31376747187705417,0.6458007656225822
Mom's Jamedi.....,neither,0.03945320844208391,0.33037608806864915,0.630170703489267
Jameti's gonna be a Clarota situation,neither,0.038796304379183424,0.3903077273055122,0.5708959683153043
I still can't get over Sam's flask from last week,neither,0.03739430655001214,0.3323884723903776,0.6302172210596104
Bidet from oklahoma,neither,0.04066490145509902,0.30981049537100724,0.6495246031738937
What is bidet?,neither,0.08191733112755817,0.31109320414220176,0.6069894647302402
Bidet all the way from Scotland haha,neither,0.03728264529494364,0.4193687984659718,0.5433485562390845
"BIDET if you want to-ooo, bidet around the world! gandsOwlbear sipsLove",neither,0.038774883250689327,0.3944254071561817,0.5667997095931291
Bidet from San Jose!!!!,neither,0.04043703551170087,0.3136779751131982,0.645884989375101
mmmmmmm,neither,0.03945320844208391,0.33037608806864915,0.630170703489267
bidet from the uk,neither,0.039613273355342184,0.2892653269430044,0.6711213997016535
Bidet and beep beep.,neither,0.03763944115734239,0.1918412352459551,0.7705193235967025
critroleBidet from Wisconsin,neither,0.04071751644889743,0.3089174816120565,0.6503650019390461
bidet!,neither,0.03945320844208391,0.33037608806864915,0.630170703489267
Bidet from Cali,neither,0.04079557052152802,0.30759270029461827,0.6516117291838538
Bidet from new yorkkk,neither,0.046710622032705686,0.1542697019613409,0.7990196760059534
!bidet,neither,0.03945320844208391,0.33037608806864915,0.630170703489267
"""Bidet"" is a greeting Grog created after mistakenly misunderstanding ""Good Day"" which occurred in C1E60. Critters and those alike now use it as a means to greet each other. You can see the entire scene on YouTube: https://youtu.be/Ok4ZW9cNupc?t=25m6s",neither,0.03963357897765565,0.34561907849140716,0.6147473425309372
Hi from MD,neither,0.04042618578566652,0.3138621232795296,0.6457116909348039
Bidet from Illinois!!!,neither,0.04069404815304118,0.30931579984010865,0.6499901520068502
oh hey,neither,0.04724942694866229,0.25746865428102644,0.6952819187703113
new thin,neither,0.04361047364002771,0.22599520028436243,0.73039432607561
bidet,neither,0.03945320844208391,0.33037608806864915,0.630170703489267
Bidet from Toronto!,neither,0.04066490145509902,0.30981049537100724,0.6495246031738937
Bidet from the Pacific Northwest,neither,0.039779025773403386,0.2539611253407979,0.7062598488857987
Bidet from colorado too omg,neither,0.04018602131722959,0.3179383410882215,0.6418756375945489
'snake men' can we start calling them yuan-ti yet?,neither,0.04815356038949439,0.32418393065763923,0.6276625089528665
"@soulreaper11207 how dare you, sir!",neither,0.05686119972675868,0.3792781281614207,0.5638606721118207
bidet,neither,0.03945320844208391,0.33037608806864915,0.630170703489267
Bidet from cincinnati!,neither,0.04228451509352876,0.2823214250720796,0.6753940598343917
Bidet from Indiana!,neither,0.0408364874901429,0.30689823255244486,0.6522652799574122
Hanging out with an undead dude can't possibly go wrong.,neither,0.030361068690239624,0.3630495249617282,0.6065894063480322
Bidet from North Carolina,neither,0.04040057148408362,0.31429686482539193,0.6453025636905245
!sub,neither,0.03945320844208391,0.33037608806864915,0.630170703489267
Bidet from Liveoak,neither,0.04228451509352876,0.2823214250720796,0.6753940598343917
Help support the #GnSLive twitch channel! $4.99/month gets you exclusive sub-only benefits and helps keep the channel alive! Thanks! twitch.tv/geekandsundry/subscribe or for MOBILE https://secure.twitch.tv/products/geekandsundry/ticket/new,neither,0.047564760200365624,0.28780811278399754,0.6646271270156369
Someone say Oklahoma?,neither,0.03945320844208391,0.33037608806864915,0.630170703489267
Bidet from Burien!,neither,0.04228451509352876,0.2823214250720796,0.6753940598343917
bidet from san diego D,neither,0.040446282760733435,0.31352102516371877,0.6460326920755478
Bidet,neither,0.03945320844208391,0.33037608806864915,0.630170703489267
they're snake men,neither,0.0577261935468436,0.30202145710425704,0.6402523493488993
Bidet and beep beep,neither,0.03763944115734239,0.1918412352459551,0.7705193235967025
bidet from west texas!,neither,0.04054330446898447,0.3118743135682172,0.6475823819627985
Bidet from Philly!,neither,0.040769555981420263,0.3080342349327864,0.6511962090857933
wait. is this episode 38 or 39?,neither,0.044719266403621775,0.3295981993175204,0.6256825342788578
Bidet from Wichita!,neither,0.04228451509352876,0.2823214250720796,0.6753940598343917
bidet from Cincinnati!,neither,0.04228451509352876,0.2823214250720796,0.6753940598343917
Tiny hut has a big heart...,neither,0.027845658472311203,0.37199483710684067,0.6001595044208482
Nerds for votes,neither,0.03437413967765019,0.30500216449335943,0.6606236958289905
bidet from bc!,neither,0.041095261662497835,0.30250615950080734,0.6563985788366947
Rochester NY checking in. Good evening all,neither,0.04024958052801068,0.382933940838614,0.5768164786333754
recap 4 38,neither,0.03945320844208391,0.33037608806864915,0.630170703489267
Avantika’s last name should have been Montehue,neither,0.0519544956469565,0.3861199187593219,0.5619255855937216
bidet & g'day from the land of Aus,neither,0.040097864612475324,0.2792058907522774,0.6806962446352472
Bidet from Minnesota,neither,0.04071751644889743,0.3089174816120565,0.6503650019390461
39,neither,0.03945320844208391,0.33037608806864915,0.630170703489267
bidet fro Arizona,neither,0.03945320844208391,0.33037608806864915,0.630170703489267
Bidet from Brasil,neither,0.04228451509352876,0.2823214250720796,0.6753940598343917
Bidet from Purdue (not the chicken company)!,neither,0.03835297963705151,0.30311554047746586,0.6585314798854827
bidet,neither,0.03945320844208391,0.33037608806864915,0.630170703489267
bidet from rhode island!,neither,0.04039476597904064,0.31439539939713196,0.6452098346238274
Bidet!,neither,0.03945320844208391,0.33037608806864915,0.630170703489267
"Bidet from Humboldt Park, Chicago!",neither,0.040519757949136925,0.3122739594615499,0.6472062825893131
Bidet from Atlanta!,neither,0.04078317879478948,0.307803020237201,0.6514138009680096
bidet from seattle,neither,0.040754399270683486,0.3082914838698526,0.650954116859464
lmaooo,neither,0.03391848853660531,0.42431472933255177,0.541766782130843
Bidet from Georgia!,neither,0.04066490145509902,0.30981049537100724,0.6495246031738937
@Yohoki3 Haven't seen the whole first season,neither,0.03313684451357559,0.3155831153666913,0.6512800401197332
Bidet from Ga,neither,0.040737273169946825,0.30858215849491494,0.6506805683351382
Bidoode,neither,0.03945320844208391,0.33037608806864915,0.630170703489267
Bidet from Toronto!,neither,0.04066490145509902,0.30981049537100724,0.6495246031738937
Bidet from Radium :D,neither,0.04228451509352876,0.2823214250720796,0.6753940598343917
Hi,neither,0.03945320844208391,0.33037608806864915,0.630170703489267
"Bidet from Tyler, Texas",neither,0.040502252076286216,0.3125710798105141,0.6469266681131998
bidet from indiana,neither,0.0408364874901429,0.30689823255244486,0.6522652799574122
beep beep from Orlando!,neither,0.04062582848913359,0.31047366557575606,0.6489005059351104
Bidet for Pittsburgh!,neither,0.032764864206104964,0.296993156639892,0.670241979154003
"Bidet Alberta, Canada",neither,0.03945320844208391,0.33037608806864915,0.630170703489267
Sup People!,neither,0.08072660320791218,0.32550148703642473,0.5937719097556631
@Deuceit this is the recap to 38 C2ep39 begina in about 10 minutes,neither,0.047592092424353846,0.3338102297888416,0.6185976777868045
Bidet fron Nashua NH!,neither,0.03945320844208391,0.33037608806864915,0.630170703489267
#smell my finger,neither,0.027312548787497094,0.4259155771650947,0.5467718740474082
bidet from Colorado!!!,neither,0.04066490145509902,0.30981049537100724,0.6495246031738937
Bidet from Ireland! First time live!,neither,0.03674759467316846,0.3326558844831979,0.6305965208436337
bidet from Houston Texas,neither,0.040553695508357114,0.31169795051161153,0.6477483539800314
Bidet from Metro Detroit. ferociousHug Love is Squeeze.,neither,0.04352819360826016,0.3253398854443994,0.6311319209473405
I need coffee. Why must I always need coffee?,neither,0.041902029280585354,0.1658550033222503,0.7922429673971644
Bidet from good ole NorCal,neither,0.039937702174112154,0.3091165132044594,0.6509457846214286
@soulreaper11207 It's our way of saying g'day! :D,neither,0.030975507625787737,0.31972079720763585,0.6493036951665764
Bidet from New Hampshire,neither,0.04402155579737495,0.2236345274837781,0.7323439167188469
Didet from Kansas,neither,0.04071751644889743,0.3089174816120565,0.6503650019390461
first time watching like! bidet from scotland!,neither,0.0411904675944508,0.34686200135511097,0.6119475310504383
bidet from austin,neither,0.04086843745212,0.30635595831493706,0.6527756042329429
bidet,neither,0.03945320844208391,0.33037608806864915,0.630170703489267
critical role is basically crack but good for you,neither,0.04747770771991195,0.34135824898542805,0.61116404329466
BIDET!,neither,0.03945320844208391,0.33037608806864915,0.630170703489267
Bidet from Utah critroleBidet,neither,0.04066490145509902,0.30981049537100724,0.6495246031738937
Bidet from Oklahoma,neither,0.04066490145509902,0.30981049537100724,0.6495246031738937
k8,neither,0.03945320844208391,0.33037608806864915,0.630170703489267
critical crack,neither,0.03945320844208391,0.33037608806864915,0.630170703489267
konichi wa birches,neither,0.03945320844208391,0.33037608806864915,0.630170703489267
bidet from Vancouver,neither,0.04228451509352876,0.2823214250720796,0.6753940598343917
bidet from minneapolis!!,neither,0.04228451509352876,0.2823214250720796,0.6753940598343917
!uptime,neither,0.03945320844208391,0.33037608806864915,0.630170703489267
bidet,neither,0.03945320844208391,0.33037608806864915,0.630170703489267
bidet from Brazil,neither,0.04079557052152802,0.30759270029461827,0.6516117291838538
First time too,neither,0.028760909782905422,0.3657782223422556,0.605460867874839
heyy,neither,0.03945320844208391,0.33037608806864915,0.630170703489267
bidet from merry old england,neither,0.04034064249676474,0.31531401614238685,0.6443453413608483
bidet from Lancashire,neither,0.04228451509352876,0.2823214250720796,0.6753940598343917
LUL Matt's face at the summoning,neither,0.03813472615908328,0.33617478366656967,0.6256904901743471
Bidet from Indiana,neither,0.0408364874901429,0.30689823255244486,0.6522652799574122
"Bidet from Vancouver, BC",neither,0.041095261662497835,0.30250615950080734,0.6563985788366947
bidet from ontario rescHi,neither,0.04062582848913359,0.31047366557575606,0.6489005059351104
bidet from the ATX,neither,0.039779025773403386,0.2539611253407979,0.7062598488857987
!piratename,neither,0.03945320844208391,0.33037608806864915,0.630170703489267
yeah Travis :D,neither,0.023507678412445245,0.4412251867422846,0.5352671348452701
Bidet from st. Cloud,neither,0.04049937143341105,0.3126199718379845,0.6468806567286045
Fjord is an MVP,neither,0.04943126778390439,0.3209487125734377,0.6296200196426579
"Ahoy there, @Anactualdonut! Yarr name be, Captain Sea Parrot! Huzzah!",neither,0.03965716938228476,0.30650833152122736,0.6538344990964878
bidet from seattle,neither,0.040754399270683486,0.3082914838698526,0.650954116859464
Travis broke Matt with that,neither,0.028506033514683136,0.39061746694922106,0.5808764995360958
:D,neither,0.03945320844208391,0.33037608806864915,0.630170703489267
Bidet from TEXAs,neither,0.040937266849991,0.30518774380265185,0.6538749893473571
critroleHarp,neither,0.03945320844208391,0.33037608806864915,0.630170703489267
bidet from canadia,neither,0.04228451509352876,0.2823214250720796,0.6753940598343917
Hey guys is it Thursday yet?,neither,0.04486776424520296,0.3301305289912046,0.6250017067635925
Bidet from St. Paul,neither,0.040518448650718054,0.31229618167271467,0.6471853696765671
bidet from the moon,neither,0.0396159011595865,0.28865917289828685,0.6717249259421266
Bidet from Atlanta! <3,neither,0.04078317879478948,0.307803020237201,0.6514138009680096
that look on Matts face :D,neither,0.03296023484719403,0.4029176736573589,0.5641220914954471
How else thinks Montehue is the perfect last name for Avantika?,neither,0.03989561826530169,0.2957269173575636,0.6643774643771346
Bidet from Calgary!,neither,0.04228451509352876,0.2823214250720796,0.6753940598343917
Bidet From Montreal!!,neither,0.04062582848913359,0.31047366557575606,0.6489005059351104
critrolePumat,neither,0.03945320844208391,0.33037608806864915,0.630170703489267
Bidet from Chicago,neither,0.04078317879478948,0.307803020237201,0.6514138009680096
still a clutch play,neither,0.03852139493384377,0.3461913951429571,0.6152872099231991
Bidet from bama,neither,0.04069404815304118,0.30931579984010865,0.6499901520068502
!piratename,neither,0.03945320844208391,0.33037608806864915,0.630170703489267
Matt was so excited,neither,0.03929504835697439,0.37459801113089486,0.5861069405121307
Yeah,offensive_language,0.013968601452186464,0.5182923869769311,0.4677390115708824
"Ahoy there, @Yohoki3! Yarr name be, First Mate One Eyed Slaughter! Huzzah!",neither,0.035087811517794706,0.3270677997247504,0.637844388757455
Bidet from NY!,neither,0.04084513770590474,0.30675141581570226,0.6524034464783931
ResidentSleeper,neither,0.03945320844208391,0.33037608806864915,0.630170703489267
at one point,neither,0.03722132083738382,0.4054340992240532,0.557344579938563
!piratename,neither,0.03945320844208391,0.33037608806864915,0.630170703489267
"I love manticores. I know they're deadly, with like ten different ways to kill me, but they just bring out my inner Hagrid.",neither,0.12716903476244193,0.3815273746307793,0.49130359060677875
"Ahoy there, @seirramist25! Yarr name be, Boatswain Land Kraken! Huzzah!",neither,0.03972296280497497,0.2989497245774003,0.6613273126176249
ohnooooooooooooo,neither,0.03945320844208391,0.33037608806864915,0.630170703489267
,neither,0.03945320844208391,0.33037608806864915,0.630170703489267
hey,neither,0.03945320844208391,0.33037608806864915,0.630170703489267
Hahahahaha,neither,0.03945320844208391,0.33037608806864915,0.630170703489267
"Bidet, lovelies",neither,0.03945320844208391,0.33037608806864915,0.630170703489267
this just becomes the walking dead,neither,0.03483127962728384,0.3357370362746177,0.6294316840980985
WADDUP YALL,neither,0.037830076354501,0.35792487563212666,0.6042450480133724
bidet from connecticut!,neither,0.04062582848913359,0.31047366557575606,0.6489005059351104
"Thank you, Constantine expert Dani Carr :P",neither,0.056569537053094594,0.387589590314071,0.5558408726328344
nice boss fight tonight I hope!!! allot gandsTwenty gandsTwenty gandsTwenty gandsTwenty gandsTwenty of action and adventure,neither,0.05746399790695319,0.2251725610832851,0.7173634410097616
Bidet from Brazil!,neither,0.04079557052152802,0.30759270029461827,0.6516117291838538
BIdet!,neither,0.03945320844208391,0.33037608806864915,0.630170703489267
woah when did they get funkos?>,neither,0.03003690687663513,0.38383994523331966,0.5861231478900452
!piratename,neither,0.03945320844208391,0.33037608806864915,0.630170703489267
Dawwww that Kiri plush in a hoodie!,neither,0.03490895872047662,0.379947756583261,0.5851432846962624
!piratename,neither,0.03945320844208391,0.33037608806864915,0.630170703489267
Bidet from Florida,neither,0.0408948396164547,0.30590784468201904,0.6531973157015263
"Ahoy there, @highvoltage988! Yarr name be, Quartermaster Cabbage Bonez! Huzzah!",neither,0.03977309094679651,0.2932282128009834,0.6669986962522201
Bidet from Nashville,neither,0.04071751644889743,0.3089174816120565,0.6503650019390461
OH NOOOOOOOooooo,neither,0.051363287716059566,0.22255663153133606,0.7260800807526044
i literally just woke up,neither,0.032266779179193,0.4075636581218042,0.5601695626990028
woot woot,neither,0.03945320844208391,0.33037608806864915,0.630170703489267
"bidet from beautiful Naples, Florida",neither,0.04058912526895179,0.3110966150100128,0.6483142597210353
bidet from Edmonton!,neither,0.04228451509352876,0.2823214250720796,0.6753940598343917
"I am too excited, love me some Lizardbois",neither,0.024143634841659774,0.3950630760254137,0.5807932891329265
Didn’t miss much then,neither,0.018159970348227587,0.3783571583777752,0.6034828712739971
THATS TONIGHT !!! THURSDAY 10/18 !!!,neither,0.03734359784144413,0.31271048050188693,0.6499459216566689
"Thank you, Dani! <3",neither,0.056569537053094594,0.387589590314071,0.5558408726328344
!piratename,neither,0.03945320844208391,0.33037608806864915,0.630170703489267
Bidet everyone,offensive_language,0.02988896790634741,0.4927062106388782,0.4774048214547744
!piratename,neither,0.03945320844208391,0.33037608806864915,0.630170703489267
IT'S TIME,neither,0.034389982057555904,0.3710596410554468,0.5945503768869974
bidet from south c arolina,neither,0.04088864702710942,0.3060129490845789,0.6530984038883118
"Ahoy there, @scream_queen! Yarr name be, First Mate Cabbage Legs! Huzzah!",neither,0.03483788391131645,0.3054066645356672,0.6597554515530164
"i don't remember that ending at all, lol",offensive_language,0.030401768512026018,0.4991137775105071,0.47048445397746685
Bee day! beeCheer beeCheer,neither,0.040051636899806876,0.3126984015931088,0.6472499615070844
!piratename,neither,0.03945320844208391,0.33037608806864915,0.630170703489267
bidet from AZ,neither,0.04078317879478948,0.307803020237201,0.6514138009680096
thanks Dani!,neither,0.0372760594165796,0.3121449224273436,0.6505790181560769
Manticore was awesome,neither,0.03928955873863454,0.3331536506278778,0.6275567906334877
bidet from Maryland!!!!!,neither,0.04066490145509902,0.30981049537100724,0.6495246031738937
Bidet!!!!!,neither,0.03945320844208391,0.33037608806864915,0.630170703489267
Bidet from Jacksonville,neither,0.04228451509352876,0.2823214250720796,0.6753940598343917
critroleHarp,neither,0.03945320844208391,0.33037608806864915,0.630170703489267
Bidet from PA,neither,0.04069404815304118,0.30931579984010865,0.6499901520068502
anyone on their first run through of campaign 1?,neither,0.03252095053478315,0.34182360930174677,0.62565544016347
I’m at work cleaning a gym listening and watching through a Bose Speaker!!!! This is LYFEEEE,neither,0.04287934348626614,0.32027976926417584,0.636840887249558
It's Thursday!,neither,0.03752336384949593,0.3310398501182267,0.6314367860322773
IT'S TIME,neither,0.034389982057555904,0.3710596410554468,0.5945503768869974
What does Bidet mean?,neither,0.027815304832343783,0.4783471917130365,0.49383750345461963
!piratename,neither,0.03945320844208391,0.33037608806864915,0.630170703489267
"Ahoy there, @WeirdHJS! Yarr name be, Boatswain Cabbage Bear! Huzzah!",neither,0.039726231777889386,0.29857567125105955,0.6616980969710512
bidet from wa state,neither,0.07366744167014133,0.21331243619211163,0.713020122137747
I feel like Molly is going to be in there. Highly doubt it but it is a possibility,neither,0.054333262059824396,0.332307615045081,0.6133591228950945
Lol what does bidet mean,offensive_language,0.022432088858819435,0.513857402124459,0.46371050901672173
Bidet from Seattle!!!,neither,0.040754399270683486,0.3082914838698526,0.650954116859464
I'm late?!,neither,0.03945320844208391,0.33037608806864915,0.630170703489267
Bidet from BC,neither,0.041095261662497835,0.30250615950080734,0.6563985788366947
Bidet from Jacksonville this week!,neither,0.04080953925421339,0.30735561444546006,0.6518348463003265
Bidet every one from the UK,neither,0.03873691253943822,0.3274065137416082,0.6338565737189537
bidet from Baltimore,neither,0.04079557052152802,0.30759270029461827,0.6516117291838538
Bidet from Illinois!!,neither,0.04069404815304118,0.30931579984010865,0.6499901520068502
bidet from Michigan! go Blue!,neither,0.04160883838287591,0.3171474068991322,0.6412437547179919
gandsBigsby,neither,0.03945320844208391,0.33037608806864915,0.630170703489267
bidet from Pittsburgh PA USA!,neither,0.04022135297240217,0.31733867069167054,0.6424399763359273
bidet its 5am,neither,0.03277433243904416,0.3326732597899778,0.634552407770978
what do I have,neither,0.050973422127104734,0.3376197298526924,0.6114068480202028
gandsTwenty May they be blessed with all the Nat 20s gandsTwenty,neither,0.03377961742292213,0.3743734438694272,0.5918469387076508
BIDET!!!,neither,0.03945320844208391,0.33037608806864915,0.630170703489267
MY FIRST LIVE SHOWWW,neither,0.0227510553114958,0.4435390305925782,0.533709914095926
Bidet from Texas,neither,0.040937266849991,0.30518774380265185,0.6538749893473571
Bidget from Reno,neither,0.04062582848913359,0.31047366557575606,0.6489005059351104
Bidet from ny,neither,0.04084513770590474,0.30675141581570226,0.6524034464783931
I’m from New Mexico lol,neither,0.03599289166554294,0.2733970204704708,0.6906100878639864
ads playing?,neither,0.03945320844208391,0.33037608806864915,0.630170703489267
finally,neither,0.03945320844208391,0.33037608806864915,0.630170703489267
"Bidet from Round Rock, TX!",neither,0.04038394629636388,0.31457903764927836,0.6450370160543578
is there any chance ashley might be back tonight?,neither,0.04314360733972022,0.2886984156494413,0.6681579770108385
"Let's do this, this is my first time watching L I V E, it's almost 4 am in Switzerland but I am on holidays",neither,0.024297840768311024,0.4077501369676501,0.5679520222640388
Bidet from TX,neither,0.04081748366884477,0.3072207769958956,0.6519617393352596
bidet from oregon,neither,0.04071751644889743,0.3089174816120565,0.6503650019390461
I'm excited! My long term relationship broke up recently so I could do with a distraction :(,neither,0.026440920764350406,0.4563724651541888,0.5171866140814608
BIDET AND BEEP BEEP,neither,0.03763944115734239,0.1918412352459551,0.7705193235967025
:_: aaaah i love the artttt,neither,0.03145119199065299,0.32476063973837394,0.643788168270973
the art is so pretty :D,neither,0.04675100916086502,0.35528207391352934,0.5979669169256057
you know a party member came up with something good when even Matt is amazed,neither,0.03661264043776651,0.43884287318429893,0.5245444863779344
Where did bidet come from?,neither,0.041038876922563014,0.30346315568994675,0.6554979673874903
smkHype smkHype smkHype,neither,0.03945320844208391,0.33037608806864915,0.630170703489267
Bidet from NY!,neither,0.04084513770590474,0.30675141581570226,0.6524034464783931
!piratename,neither,0.03945320844208391,0.33037608806864915,0.630170703489267
Bidet from Illinois,neither,0.04069404815304118,0.30931579984010865,0.6499901520068502
"Ahoy there, @kevincostnerino! Yarr name be, First Mate Tusk ~*{uB3r}*~ H4x0R! Huzzah!",neither,0.03441153024824179,0.3029752297772988,0.6626132399744594
I have been waiting to see this for the first time!!!,neither,0.03175286860943842,0.32201799213877547,0.646229139251786
bidet,neither,0.03945320844208391,0.33037608806864915,0.630170703489267
I'm so ready,neither,0.03940999150142386,0.4037259204934871,0.556864088005089
Bidet from Alberta,neither,0.04062582848913359,0.31047366557575606,0.6489005059351104
so what name did Max choose? Anyone know?,neither,0.04303508399551172,0.3576537114331008,0.5993112045713874
I remember when Thursday was just casserole night...,neither,0.02543405030638823,0.3807131334884873,0.5938528162051244
bidet from nj,neither,0.04069404815304118,0.30931579984010865,0.6499901520068502
Bidet from CO!! Its my birthday!! 😁😁😁,neither,0.02309833413678293,0.410491830081749,0.566409835781468
!piratename,neither,0.03945320844208391,0.33037608806864915,0.630170703489267
Random question before the game. I've never encountered them in a game personally so are the snake people Yun Tai?,neither,0.047629057889985546,0.3149816699101889,0.6373892721998256
Kiri!,neither,0.03945320844208391,0.33037608806864915,0.630170703489267
Bidet from Alaska,neither,0.04066490145509902,0.30981049537100724,0.6495246031738937
"Bidet from sunny Southern California, and thank Sarenrae it's Thursday! :-)",neither,0.049553830915729014,0.29587015111978093,0.6545760179644899
"@SlomoHoboFTW It's a joke from the first campaign. Grog thought ""bidet"" was a fancy way of saying hello when he misheard someone say ""good day""",neither,0.0305814035266874,0.2842863203982953,0.6851322760750171
Bidet from Caduceus Moral Support Squad Action Center in Zadash!!,neither,0.059482511148319116,0.31248085518723645,0.6280366336644445
Bidet from NH,neither,0.04066490145509902,0.30981049537100724,0.6495246031738937
!bidet,neither,0.03945320844208391,0.33037608806864915,0.630170703489267
hello :),neither,0.03945320844208391,0.33037608806864915,0.630170703489267
"""Bidet"" is a greeting Grog created after mistakenly misunderstanding ""Good Day"" which occurred in C1E60. Critters and those alike now use it as a means to greet each other. You can see the entire scene on YouTube: https://youtu.be/Ok4ZW9cNupc?t=25m6s",neither,0.03963357897765565,0.34561907849140716,0.6147473425309372
Bidet from California,neither,0.06971251856910227,0.2972619859879888,0.633025495442909
Bidet from California!,neither,0.06971251856910227,0.2972619859879888,0.633025495442909
"@Meuduso1 Same here 4am , still going strong",neither,0.08236626353157014,0.3408564934822252,0.5767772429862047
So exited for this episode,neither,0.03232637986627976,0.34590998699972186,0.6217636331339985
THIS ART IS AMAZING!,neither,0.04738217208941555,0.3291591027958621,0.6234587251147223
bidet,neither,0.03945320844208391,0.33037608806864915,0.630170703489267
Bidet from Scotland,neither,0.04062582848913359,0.31047366557575606,0.6489005059351104
bidet from Australia,neither,0.04062582848913359,0.31047366557575606,0.6489005059351104
Bidet from Saint Louis!,neither,0.04037932620557306,0.31465745264747463,0.6449632211469523
omg of course i lost internet as soon as the recap started. that better be a once and done </3,neither,0.03494358067414251,0.36282309471367225,0.6022333246121853
Bidet,neither,0.03945320844208391,0.33037608806864915,0.630170703489267
💨blessings from the traveler,neither,0.0395975487247086,0.2929303761973238,0.6674720750779677
Those are amazing.,neither,0.12256272624868411,0.1929602865131354,0.6844769872381805
When is the anniversary of the first show?,neither,0.04045907814812094,0.282963612842069,0.6765773090098102
Bidet from Chicago,neither,0.04078317879478948,0.307803020237201,0.6514138009680096
Just got to teryion on my first watch of campaign 1,neither,0.027161149965063174,0.4601909797825525,0.5126478702523843
Bidet from Indianapolis,neither,0.04062582848913359,0.31047366557575606,0.6489005059351104
bidet,neither,0.03945320844208391,0.33037608806864915,0.630170703489267
Bidet from Minnesota,neither,0.04071751644889743,0.3089174816120565,0.6503650019390461
Who's all going to mcm london next weekend?,neither,0.04396099700586239,0.4511966977632488,0.5048423052308887
Bidet from Poland,neither,0.04228451509352876,0.2823214250720796,0.6753940598343917
befit from pa,neither,0.04069404815304118,0.30931579984010865,0.6499901520068502
@kokokloko13 OMG me too! BIRTHDAY PARTY!,neither,0.03238596445923181,0.37137890824515973,0.5962351272956083
Bidet from Texas!,neither,0.040937266849991,0.30518774380265185,0.6538749893473571
bidet from Michigan,neither,0.040769555981420263,0.3080342349327864,0.6511962090857933
@badlyplaysgames Omg same I'm in Fife though,neither,0.040437718711140096,0.33934736724190795,0.6202149140469521
Bidet from New Zealand,neither,0.046710622032705686,0.1542697019613409,0.7990196760059534
FIREBALL !!!!,neither,0.03945320844208391,0.33037608806864915,0.630170703489267
"oh yeah happy vox machina anniversary, everyone!",neither,0.026087267258707605,0.4535190976501854,0.5203936350911069
Hello!,neither,0.03945320844208391,0.33037608806864915,0.630170703489267
@McLurkey Probably in March,neither,0.03821206400493595,0.3514415482959175,0.6103463876991465
Bidet from Halifax Canada,neither,0.04071751644889743,0.3089174816120565,0.6503650019390461
Bidet from Philly PA,neither,0.040404624654160594,0.31422807195125474,0.6453673033945848
"Holy hell the ART! CAN WE GET SOME CLAPS FOR THE ART, CHAT?",offensive_language,0.03214191993503771,0.48757423609775297,0.4802838439672094
howdy partners,neither,0.03945320844208391,0.33037608806864915,0.630170703489267
yay :D,neither,0.03945320844208391,0.33037608806864915,0.630170703489267
"Bidet from London, ON!",neither,0.03745828888110202,0.32542855050193775,0.6371131606169601
Bidet from Finland,neither,0.04228451509352876,0.2823214250720796,0.6753940598343917
Oh we live?,neither,0.05305712173019039,0.26692127421382844,0.6800216040559812
"bidet from ft worth,TX",neither,0.04030537390514312,0.31591261618589545,0.6437820099089614
Bidet from Boston,neither,0.040769555981420263,0.3080342349327864,0.6511962090857933
critroleBidet,neither,0.03945320844208391,0.33037608806864915,0.630170703489267
@McLurkey first CR was 7 pm Thursday March 12th 2015,neither,0.0356100418261959,0.3327480110175807,0.6316419471562233
Bidet from Denver!!!,neither,0.04069404815304118,0.30931579984010865,0.6499901520068502
Bidet from Texas!,neither,0.040937266849991,0.30518774380265185,0.6538749893473571
bidet from california!!!,neither,0.06971251856910227,0.2972619859879888,0.633025495442909
Bidet ya’ll!,offensive_language,0.020730940077770262,0.6929551195008575,0.2863139404213722
bidet from Pittsburgh,neither,0.04066490145509902,0.30981049537100724,0.6495246031738937
bidet from new hampshire!,neither,0.04402155579737495,0.2236345274837781,0.7323439167188469
!bidet,neither,0.03945320844208391,0.33037608806864915,0.630170703489267
"""Bidet"" is a greeting Grog created after mistakenly misunderstanding ""Good Day"" which occurred in C1E60. Critters and those alike now use it as a means to greet each other. You can see the entire scene on YouTube: https://youtu.be/Ok4ZW9cNupc?t=25m6s",neither,0.03963357897765565,0.34561907849140716,0.6147473425309372
"sorry new, is this the break? just got off work",neither,0.043124699275063676,0.29664845912703985,0.6602268415978965
bidet from wisconsin!,neither,0.04071751644889743,0.3089174816120565,0.6503650019390461
bidet from PA,neither,0.04069404815304118,0.30931579984010865,0.6499901520068502
Howdy from Austin! :V,neither,0.04086843745212,0.30635595831493706,0.6527756042329429
cheer10,neither,0.03945320844208391,0.33037608806864915,0.630170703489267
Hello and good evening all,neither,0.039464826020963115,0.3531939760688822,0.6073411979101546
"I wish Ashley could play more, shes so fun",neither,0.040657336323241665,0.3535972633584649,0.6057454003182934
yeet,neither,0.03945320844208391,0.33037608806864915,0.630170703489267
Bidet from Buffalo NY,neither,0.04043211762049359,0.3137614445616591,0.6458064378178473
@hyperlite_2008 Just starting,neither,0.03326925679857758,0.3600393730657621,0.6066913701356603
LOOOOOKIT THE LIL OWL,neither,0.038516076080491755,0.3132142109677348,0.6482697129517736
Bidet from Texas,neither,0.040937266849991,0.30518774380265185,0.6538749893473571
Bidet from Brazil o/,neither,0.04079557052152802,0.30759270029461827,0.6516117291838538
ryukHype squadR,neither,0.03945320844208391,0.33037608806864915,0.630170703489267
@Whitetiger_leo Bidet from Fort Worth As well,neither,0.03840924493362366,0.34809487333486977,0.6134958817315065
Bidet from Buffalo!,neither,0.04069404815304118,0.30931579984010865,0.6499901520068502
Bidet from TAW,neither,0.04228451509352876,0.2823214250720796,0.6753940598343917
One Ounce Owl,neither,0.03870807868104002,0.3577633261105452,0.6035285952084148
bidet from Connecticut,neither,0.04062582848913359,0.31047366557575606,0.6489005059351104
"@hyperlite_2008 no, they haven't started yet",neither,0.03868708729356289,0.3433791633759229,0.6179337493305143
maybe ash will make a surprise visit,neither,0.04041324860602239,0.31408170098143906,0.6455050504125386
@hyperlite_2008 it is just starting :),neither,0.041307575112954964,0.35397024194877996,0.604722182938265
Bidet!,neither,0.03945320844208391,0.33037608806864915,0.630170703489267
Bidet from NC!,neither,0.04066490145509902,0.30981049537100724,0.6495246031738937
Bidet from CT,neither,0.04066490145509902,0.30981049537100724,0.6495246031738937
"Bidet from Asheville, NC!",neither,0.04066490145509902,0.30981049537100724,0.6495246031738937
Can I just say Travis and Laura are just awesome,neither,0.048230635229498935,0.2963534997194963,0.6554158650510048
Bidet!,neither,0.03945320844208391,0.33037608806864915,0.630170703489267
First Live stream cant wait,neither,0.036981508794297756,0.3312262189187994,0.6317922722869028
bidet from Stockholm SWE,neither,0.04228451509352876,0.2823214250720796,0.6753940598343917
"just want to say, I LOVE this music! <returns to lurkage>",neither,0.043621493686796665,0.3486619224519948,0.6077165838612085
Gosh I miss molly,neither,0.03359143720933651,0.3323922199906427,0.6340163428000208
bidet from kansas city,neither,0.04050054910234117,0.3125999837227694,0.6468994671748894
Bidet from the country of Denmark,neither,0.04728166260157922,0.28470102217476584,0.6680173152236548
Bidet from WV,neither,0.04069404815304118,0.30931579984010865,0.6499901520068502
@hyperlite_2008 no they're just showing the art beforehans :),neither,0.04797867772286375,0.32252579169517853,0.6294955305819577
Bidet from Texas,neither,0.040937266849991,0.30518774380265185,0.6538749893473571
Bidet from MTL,neither,0.04228451509352876,0.2823214250720796,0.6753940598343917
