text,top_class,hate_speech,offensive_language,neither
There 1 after Vamprie the Masquerade [best show EVAR...],neither,0.05339912828220157,0.19081654299275577,0.7557843287250428
And now it ended. We'll miss you.,neither,0.04337918372468321,0.3361902667731564,0.6204305495021604
*Salutes*,neither,0.03945320844208391,0.33037608806864915,0.630170703489267
gandsApplaud gandsHype gandsDrink gandsPartyShield,neither,0.03945320844208391,0.33037608806864915,0.630170703489267
Ghostbusters huh. I'm kinda wanting them to do a Loremasters episode on Darkstalkers only because it is the Monster Genre.,neither,0.0528143679540141,0.3211075247205294,0.6260781073254564
"hmm, I have a 8 hour difference here..",neither,0.07415138856703982,0.30770978541282024,0.61813882602014
I guess I'll go to sleep and just check the schedule tomorrow during breakfast while watching the second half or smth,neither,0.03939503120246731,0.3093210885480205,0.6512838802495123
Likewise: It's almost 1 AM on Friday here now,neither,0.07259344458293872,0.3102802134532927,0.6171263419637687
gn,neither,0.03945320844208391,0.33037608806864915,0.630170703489267
rtuesSalute gandsClassic,neither,0.03945320844208391,0.33037608806864915,0.630170703489267
"oh yea, same timezone then",neither,0.046159534425634405,0.28750064565686445,0.6663398199175011
cya,neither,0.03945320844208391,0.33037608806864915,0.630170703489267
CET is not the best timezone to watch FCR live,neither,0.06583476146189104,0.30140394714324337,0.6327612913948655
can save you time. the reboot doesn't exist,neither,0.0489320221097616,0.3595562297312445,0.591511748158994
CR,neither,0.03945320844208391,0.33037608806864915,0.630170703489267
"thx Oss, I wasn't aware yet Kappa",neither,0.03945320844208391,0.33037608806864915,0.630170703489267
"Just saying, I feel your pain... same timezone ;-)",neither,0.051223751014077355,0.35320125767067645,0.5955749913152462
gandsRyanHype gandsLore gandsDick gandsRyanHype gandsLore gandsDick,neither,0.03945320844208391,0.33037608806864915,0.630170703489267
Woo!!!,neither,0.03945320844208391,0.33037608806864915,0.630170703489267
Lore me Sempai!,neither,0.018491955366437673,0.460246435692358,0.5212616089412043
gandsRyanHype gandsHype gandsRyanHype gandsHype,neither,0.03945320844208391,0.33037608806864915,0.630170703489267
!whodat,neither,0.03945320844208391,0.33037608806864915,0.630170703489267
"Ryan Green ( twitter.com/HydroSnail ), Hector Navarro ( twitter.com/Hectorisfunny ), with, guest Josh Petersdorf ( twitter.com/CrankyJ ).",neither,0.03505666327029983,0.45784233963811366,0.5071009970915865
"Hi Ryan, Hector and Josh!",neither,0.03879544249156571,0.29768328609920053,0.6635212714092337
:D,neither,0.03945320844208391,0.33037608806864915,0.630170703489267
"Ah, The REAL Ghostbusters!",neither,0.02946726003769491,0.4639045871981535,0.5066281527641515
Wait is it the Real Ghostbusters or The Real Ghostbusters?,offensive_language,0.03148550494641337,0.49054956929361443,0.4779649257599721
I recognize that VA.. <waves>,neither,0.036710234783559205,0.36005264480956,0.6032371204068808
But everyone LOVES Blowjob Ghosts..,neither,0.02967724751742904,0.451764385923374,0.518558366559197
Who in fact is his IRL wife.,neither,0.06923169662121172,0.3795696339958276,0.5511986693829606
Because there are stories allegedly about ghosts supposedly having sex with people... but thats whole lore thing in that is in a book.,neither,0.04743834106484958,0.4656008766825214,0.486960782252629
Yeah the ghost was his wife.,neither,0.04039826672316393,0.4154452841717795,0.5441564491050566
That was the moment that Dan Ackroyd decided to spend his remaining days selling Crystal Skull Vodka.,neither,0.0482978550138855,0.3587204314406127,0.5929817135455017
It was left in there so it'd be how he met his wife.,neither,0.059366492996324446,0.33561037498811774,0.6050231320155578
!facehugger Ghostbusters,neither,0.03945320844208391,0.33037608806864915,0.630170703489267
gandsFacepalm Ghostbusters gandsHug,neither,0.03945320844208391,0.33037608806864915,0.630170703489267
Don't forget the Giant Staypuff Marshmellow Man Doll,neither,0.03876144623391279,0.36513222732852163,0.5961063264375656
and the bedsheets..,neither,0.03677169773327704,0.19072166333761692,0.772506638929106
"""I'm Spencer, he's Tracy. I'm Kong""",neither,0.044070045818299784,0.32878814598710887,0.6271418081945914
There were 2 Ghostbuster cartoons,neither,0.03967975296118944,0.2704191772383717,0.6899010698004387
yeah DiC did a LOT of shows..,neither,0.02504322613265062,0.4293632310666867,0.5455935428006625
DIC made the best 80s cartoons,neither,0.03818695394565191,0.3134271928319297,0.6483858532224185
Don't forget Sailor Moon..,neither,0.03945320844208391,0.33037608806864915,0.630170703489267
Filmation's is based off the '70s show,neither,0.05881378836504125,0.25465941988842206,0.6865267917465367
They were both good shows.,neither,0.039143946717297436,0.31066168735155103,0.6501943659311514
Egon had that anti-physics hair.,neither,0.03550939695424254,0.3732842018551435,0.5912064011906141
Egon was blonde with the pompadour,neither,0.026399942536098252,0.35673034265244863,0.6168697148114531
Egon had Taliesin hair.,neither,0.03945320844208391,0.33037608806864915,0.630170703489267
Don't forget Janine! She changed twice,neither,0.04066206535102546,0.40344516912059675,0.5558927655283779
Ray was voiced by the guy who does Freddy from Scooby Doo,neither,0.03238550047511136,0.43946205494946555,0.528152444575423
i had that comic!,neither,0.03207169342987314,0.41178141479980135,0.5561468917703256
The animation was tops.,neither,0.038255016791195105,0.31337471781135795,0.6483702653974468
Yeah but TMNT were originally all assholes before they cartoonized.,neither,0.025526611057638794,0.479551191963402,0.4949221969789592
I'm now missing the Samhain plotline.,neither,0.038355228832084,0.31017281391386914,0.6514719572540468
No.. that didn't work.,neither,0.019565569216377608,0.44469138947438047,0.5357430413092419
Mom/Grandma had NO idea what to buy,neither,0.0483477467028734,0.3348776035025542,0.6167746497945723
!rbschedule,neither,0.03945320844208391,0.33037608806864915,0.630170703489267
Grandmas mean well. XD,neither,0.03945320844208391,0.33037608806864915,0.630170703489267
the only time it's justified to immediately scream WTF is this?!,neither,0.04800039603699129,0.466716189682838,0.48528341428017074
