text,top_class,hate_speech,offensive_language,neither
I got a Project Alpha Subs and marathoning Vast.,neither,0.038125649852098493,0.332798993014811,0.6290753571330906
"just as I was turning twitch on on my phone, I dropped it. thank goodness for the new case on it :D",neither,0.026206250574089533,0.3534948244694044,0.6202989249565061
Want the inside scoop? Join the cast of Critical Role and discuss the most recent episode right here on Talks Machina. Tuesdays 7pm Pacific at twitch.tv/geekandsundry and projectalpha.com,neither,0.04573032993319735,0.22538911733705982,0.7288805527297427
@seratonia you gotta draw sth! im already excited for it!!,neither,0.041281717221550863,0.39867977211014555,0.5600385106683036
Whatup kids,neither,0.03945320844208391,0.33037608806864915,0.630170703489267
got my snacks. got my juices. and wrapped up like a burrito. im excited!!!,offensive_language,0.029502486402259907,0.48889670360242626,0.48160080999531374
@alexanderhero83 EXCELLENT LIFE CHOICE!,neither,0.036489075067746395,0.3811585898813262,0.5823523350509273
@alexanderhero83 yay!,neither,0.03945320844208391,0.33037608806864915,0.630170703489267
@lilucath Luca give me ideas and I will,neither,0.03301021921781686,0.30612113106158156,0.6608686497206016
Is there a Discord chat for Callisto 6?,neither,0.04137730457529328,0.25456816911586116,0.7040545263088456
hi all! excited to watch live again! I missed you all last week,neither,0.0636401393512849,0.4662455493828239,0.4701143112658911
i love the Pinata art,neither,0.035061522170994064,0.3268220444054327,0.6381164334235732
hi @shidareaki hugs,neither,0.03945320844208391,0.33037608806864915,0.630170703489267
!rbschedule,neither,0.03945320844208391,0.33037608806864915,0.630170703489267
Find the rebroadcast schedule for today here: http://bit.ly/ThurRebroadcast,neither,0.05993176898675194,0.16282973960513905,0.7772384914081091
Super hero names for the team? I wanna hear what people think!,neither,0.055454236285066676,0.2933533763332376,0.6511923873816957
!rbschedule,neither,0.03945320844208391,0.33037608806864915,0.630170703489267
We have a subscriber-only Discord server! Join here: https://discord.gg/geekandsundry (you'll need to sub and link it to your Twitch) and be a part of the fun!...Warning: It can take up to an hour for the server to update and give you access to the channels,neither,0.08464076273808444,0.286394834032893,0.6289644032290227
,neither,0.03945320844208391,0.33037608806864915,0.630170703489267
@seratonia texting you rn,neither,0.05941437679065438,0.3859529213648234,0.5546327018445222
@shidareAKI don't we all,neither,0.042755974101260856,0.47658951728414134,0.48065450861459785
@matzdwarf the rb schedule for the weekend is not available yet,neither,0.03854736361436077,0.29653914051630353,0.6649134958693358
@shidareaki <3 me too,neither,0.025456656249999262,0.41690574403459846,0.5576375997154023
We should. It’s so brilliant,neither,0.050362769938322116,0.42109719346201296,0.5285400365996649
Oya should be Calypso,neither,0.07228603383810948,0.4301602019593349,0.49755376420255554
@shidareaki Only 5 episode 5 but it awesome,neither,0.03526449127756864,0.33966029410529036,0.625075214617141
@alexanderhero83 it only gets better. Season two is insane.,neither,0.04494052414972376,0.31790606543136285,0.6371534104189134
That wig Gena has on reminds me of Christina A in burlesque!,neither,0.029723257033906565,0.3958160749522647,0.5744606680138289
Is your next episode Unification?,neither,0.09029347288739915,0.3285719841714846,0.5811345429411162
oh heck I forgot to plug my phone in :(,neither,0.03876019784149953,0.35251370177697783,0.6087261003815226
YAY,neither,0.03945320844208391,0.33037608806864915,0.630170703489267
@shidareaki I bet know Sam in Season 2.,neither,0.039669417473431216,0.3267064565460772,0.6336241259804916
!whodat,neither,0.03945320844208391,0.33037608806864915,0.630170703489267
"Matt ( twitter.com/matthewmercer ), Travis ( twitter.com/WillingBlam ), Marisha ( twitter.com/Marisha_Ray ), Liam ( twitter.com/VoiceOfOBrien ), Sam ( twitter.com/samriegel ), Laura ( twitter.com/LauraBaileyVO ), Taliesin ( twitter.com/executivegoth ).",neither,0.03866369692975523,0.4704397617698923,0.4908965413003525
hi doctor nick!,neither,0.03945320844208391,0.33037608806864915,0.630170703489267
gandsApplaud gandsApplaud gandsApplaud gandsApplaud gandsApplaud,neither,0.03945320844208391,0.33037608806864915,0.630170703489267
They're down the Oya..,neither,0.06761350753907235,0.26495677657852523,0.6674297158824024
Brb,neither,0.03945320844208391,0.33037608806864915,0.630170703489267
BBCA website!,neither,0.03945320844208391,0.33037608806864915,0.630170703489267
.....women are on that show all the time hector,neither,0.09806864440392345,0.4186535136727459,0.4832778419233306
"Download the new Critical Role theme song for Campaign Two! http://itunes.apple.com/album/id1331550250?ls=1&app=itunes Sales of the song support the musician, Jason Charles Miller.",neither,0.04445767596344001,0.2510827790306858,0.7044595450058742
it's free on the BBCA website!,neither,0.03444836593994855,0.32802886302815637,0.6375227710318951
iPlayer?,neither,0.03945320844208391,0.33037608806864915,0.630170703489267
It is?,neither,0.059603583318096655,0.32344545014120724,0.616950966540696
where is Aliza ?,neither,0.06245822111259904,0.2612427577458543,0.6762990211415466
iplayer only works if you're a brit,neither,0.051000929740894034,0.4139262711797086,0.5350727990793974
Wonder Twins powers?,neither,0.03945320844208391,0.33037608806864915,0.630170703489267
@FuffyButt Being awesome?,neither,0.03344297753201225,0.3654155886599269,0.601141433808061
"Help G&S make great content! $4.99/month gets you emotes, Minecraft server access, sub-only VODs, and more! Every sub keeps the channel alive! twitch.tv/geekandsundry/subscribe",neither,0.043907990691603095,0.31135964332838284,0.644732365980014
YAY NEW EPISODE,neither,0.042831967666101936,0.24632449176652713,0.7108435405673709
oh boy!,neither,0.04768565599480007,0.25364348607606696,0.698670857929133
YAYA,neither,0.03945320844208391,0.33037608806864915,0.630170703489267
Happy week-ago Birthday Sam!,neither,0.03945320844208391,0.33037608806864915,0.630170703489267
!whodat,neither,0.03945320844208391,0.33037608806864915,0.630170703489267
"GM Eric Campbell ( twitter.com/16BitEric ), with Aliza Pearl ( twitter.com/AlizaPearl ), Gina DeVivo ( twitter.com/PocketGina ), Sam de Leve ( twitter.com/ChaiKovsky ), Amy Dallen ( twitter.com/enthusiamy ), Bonnie Gordon ( twitter.com/BonnieBellG ), with special guest, Xander Jeanneret ( twitter.com/Xanderrific ).",neither,0.0389783978140858,0.47166891699700353,0.48935268518891073
Its Mr. Stabby!,neither,0.03169303035946603,0.33304516915890314,0.6352618004816308
Callisto Loses Their Shit!,offensive_language,0.044425864616736394,0.9544747485722128,0.0010993868110508263
That's how crew should be!,neither,0.04865866811060576,0.42270178986625456,0.5286395420231398
Someone really did get her Sweet Baby,offensive_language,0.03134272990117945,0.5223576861545074,0.4462995839443132
happy birthday month!,neither,0.03945320844208391,0.33037608806864915,0.630170703489267
Where do we send stuff if we want to send stuff?,neither,0.03422752671606025,0.34056183919729877,0.625210634086641
Superfriends is the best birthday present for us all!,neither,0.07162809364705797,0.32949710212406974,0.5988748042288724
#buttbooks,neither,0.03945320844208391,0.33037608806864915,0.630170703489267
#ButtBooks,neither,0.03945320844208391,0.33037608806864915,0.630170703489267
I like big butts and I can not lie.,neither,0.03122927472062091,0.3619568709225274,0.6068138543568516
#buttbooks,neither,0.03945320844208391,0.33037608806864915,0.630170703489267
Apparati would be plural. Just saying.,neither,0.025023493356347917,0.35818600308090975,0.6167905035627423
#ButtBooksForCallisto6,neither,0.03945320844208391,0.33037608806864915,0.630170703489267
# buttbooks,neither,0.03945320844208391,0.33037608806864915,0.630170703489267
how is book of butts not the best seller list this year?,neither,0.042415415571810514,0.3177790350436111,0.6398055493845783
#BonButt,neither,0.03945320844208391,0.33037608806864915,0.630170703489267
Love Gina's face!,neither,0.034835871739609135,0.3522389202931606,0.6129252079672302
#Fleshworld,neither,0.03945320844208391,0.33037608806864915,0.630170703489267
#BonnButt,neither,0.03945320844208391,0.33037608806864915,0.630170703489267
butt books and un-butt coffee,neither,0.051956734986567096,0.2461997261813611,0.7018435388320718
this has gone into a strange direction,neither,0.03961231429791495,0.3276756464620008,0.6327120392400842
....I may have to switch to data because wifi is shut at work ugh,neither,0.06168326996426922,0.3165781702121016,0.6217385598236291
O NO,neither,0.036918905254960256,0.37338982715841207,0.5896912675866277
"Don't do that, Hector!",neither,0.03492644963224672,0.40468057412023545,0.5603929762475178
!whodat,neither,0.03945320844208391,0.33037608806864915,0.630170703489267
"GM Eric Campbell ( twitter.com/16BitEric ), with special guest Xander Jeanneret ( twitter.com/Xanderrific ), Gina DeVivo ( twitter.com/PocketGina ), Sam de Leve ( twitter.com/ChaiKovsky ), Amy Dallen ( twitter.com/enthusiamy ), Hector Navarro ( twitter.com/hectorisfunny ), and Bonnie Gordon ( twitter.com/BonnieBellG ).",neither,0.040819482183168616,0.4596566443752026,0.49952387344162885
what is it?,neither,0.06881357098323829,0.31625989446649344,0.6149265345502681
Magic Cards!!!,neither,0.03945320844208391,0.33037608806864915,0.630170703489267
BLUE WHITE CONTROL FOR THE WIN,hate_speech,0.4955770526605273,0.3891676951983653,0.11525525214110728
Rabid Wombat is such a fabulous card!,neither,0.046907909296196586,0.3242571567544959,0.6288349339493076
See Me. Feel Me. Touch Me. Heal Me.,neither,0.023931785815148435,0.42150873576146136,0.5545594784233902
White life gain,hate_speech,0.5511599305776598,0.4219674205920874,0.02687264883025289
As if Gina couldn’t be any cooler! Loved the rabid wombat decks!,neither,0.027247180439712176,0.3763933010329769,0.596359518527311
not clue about magic,neither,0.03690757030020804,0.35862578475985857,0.6044666449399334
CAI!,neither,0.03945320844208391,0.33037608806864915,0.630170703489267
"My White Weenie First Strike is my favorite Magic deck, it won me a Mox Ruby!",offensive_language,0.15853695989167071,0.5915442998110181,0.2499187402973112
CAI!!! <3,neither,0.03945320844208391,0.33037608806864915,0.630170703489267
Delays are OK,neither,0.09020067728030805,0.25502067668009315,0.6547786460395989
Tchotchkes!,neither,0.03945320844208391,0.33037608806864915,0.630170703489267
This is so cool.,neither,0.05124439864023613,0.39204888809969735,0.5567067132600664
Nerding out is also enjoyed!,neither,0.042383676335156155,0.3431867361198516,0.6144295875449922
yellow white purple black is enby,neither,0.38281614267511865,0.031875072379979504,0.5853087849449018
NonBinaryPride,neither,0.03945320844208391,0.33037608806864915,0.630170703489267
They did break,neither,0.03945320844208391,0.33037608806864915,0.630170703489267
they broke my bendy pencils,neither,0.02901477655076859,0.4109482376773419,0.5600369857718897
It's no myth.,neither,0.03706663864937364,0.3460604227283218,0.6168729386223045
We need more episodes of Sam losing their shit.,offensive_language,0.05118426678526135,0.9277762891547235,0.021039444060015153
that pencil is adorable,neither,0.042992236842619325,0.3659790985065159,0.5910286646508648
gandsPencil gandsPencil gandsPencil gandsPencil gandsPencil,neither,0.03945320844208391,0.33037608806864915,0.630170703489267
#RainbowSpaceBat,neither,0.03945320844208391,0.33037608806864915,0.630170703489267
I love Sam Loses Their Shit so much!!,offensive_language,0.04161521779808767,0.9493505107945678,0.00903427140734453
"AsexualPride i am not fan of the A-sexual, just because i just want to be friends doesn't mean i don't like color",neither,0.04302367240912717,0.3528767493322537,0.6040995782586189
Yay perfectcosima go Ally,neither,0.040477212983044714,0.33392846991810726,0.6255943170988482
@ornixen Most of us do too!,neither,0.0903250947145066,0.32447473438351515,0.5852001709019782
I feel personally moved by this relatable content.,neither,0.040191902935018294,0.36260886924000585,0.5971992278249758
We all really Merza. A lot.,neither,0.041603830039831764,0.42771838146607966,0.5306777884940886
Sam's secret identity...Batenby!,neither,0.03945320844208391,0.33037608806864915,0.630170703489267
Miss Merza,neither,0.02789410451089843,0.33435179396025927,0.6377541015288424
:D,neither,0.03945320844208391,0.33037608806864915,0.630170703489267
more proof that perfectcosima is the best!!,neither,0.04343645727642044,0.33611706411249626,0.6204464786110833
Rainbow Space Bat would be a good band name,neither,0.038941543337633576,0.3294762001782635,0.6315822564841028
someone find sam some Fiber!,neither,0.0350379800312964,0.2507922614858871,0.7141697584828164
Warning: sh*t levels too low.,neither,0.03927243639763029,0.33344426144046885,0.6272833021619008
