text,top_class,hate_speech,offensive_language,neither
Yes we do.,neither,0.04123256842281052,0.3333434682486652,0.6254239633285242
@Libi_ So you are chating with us from the future,neither,0.12995636599486082,0.3623669786295862,0.507676655375553
"My personal odds on Satine's character: 65% Tremere, 25% Toreador (Nellie G's ""sibling""?), 5% Ventrue, 4% something weird (Sabbat clan?), 1% Nosferatu",neither,0.03226424444939992,0.38053267751765857,0.5872030780329416
PogChamp,neither,0.03945320844208391,0.33037608806864915,0.630170703489267
Ib is here watching...,neither,0.1446093210806075,0.2655429726104478,0.5898477063089447
almost 4am here. still got a good few hours till the pesky suns rises,neither,0.057001011437106015,0.3339501810492572,0.6090488075136368
Good even-ning!,neither,0.037908002889504695,0.3462074263604285,0.6158845707500668
good evening,neither,0.03869882722860525,0.3306355543605695,0.6306656184108252
Team Jasper reporting in gandsTWC,neither,0.03945320844208391,0.33037608806864915,0.630170703489267
Hi @jr_bob_loblaw,neither,0.03945320844208391,0.33037608806864915,0.630170703489267
hi hi!,neither,0.03945320844208391,0.33037608806864915,0.630170703489267
Hi @superratlord @sansmayo,neither,0.03945320844208391,0.33037608806864915,0.630170703489267
"Oh right! Santine is going to be on, this gonna be good",neither,0.051161349355384314,0.3802882833051858,0.5685503673394299
Good night everyone! Or day..,neither,0.027089793253345967,0.4177671529975679,0.5551430537490861
Team Victor represent yungtownLove,neither,0.03945320844208391,0.33037608806864915,0.630170703489267
Satine*,neither,0.03945320844208391,0.33037608806864915,0.630170703489267
Hi @Alice_Moonster,neither,0.03945320844208391,0.33037608806864915,0.630170703489267
Hope Nellie's feeling well :),neither,0.08367305349403545,0.20384947051608962,0.712477475989875
time to brew some caffeinated vitae before the show.,neither,0.0440639033825792,0.33215078135699,0.6237853152604307
Jasper all the way!,neither,0.04023790531555808,0.38350930921691934,0.5762527854675226
@highvoltage988 I think she's going to be Tzmmice,neither,0.049953811481124516,0.4721503155310342,0.47789587298784136
Hi @chaoticloony :),neither,0.03945320844208391,0.33037608806864915,0.630170703489267
-cross fingers - hoping for satine tremere though we know in rife life they are toreador,neither,0.04687225725764816,0.3223065809927207,0.6308211617496311
Carver is reporting his findings for the Anarch State.,neither,0.14482398719126038,0.16008061304368384,0.6950953997650557
@artemisruse like the way they did last session?,neither,0.04758978099056636,0.32973745271085214,0.6226727662985816
2 mins folks,neither,0.03945320844208391,0.33037608806864915,0.630170703489267
!schedule,neither,0.03945320844208391,0.33037608806864915,0.630170703489267
im a brujah so i gotta stan team Annabelle,neither,0.03722376945133844,0.41927083171021645,0.5435053988384453
"@WarpedSpirit maybe with like, 24% less fire O.o",neither,0.03755802406632989,0.3746413888616767,0.5878005870719935
@Ozai75 ohh that'd be wicked,neither,0.036408060131591966,0.37092307467425717,0.592668865194151
good day all,neither,0.0423656423157744,0.4259622226850482,0.5316721349991774
@artemisruse *lol*,neither,0.020706217963973744,0.4882283491876925,0.4910654328483337
<3 <3 <3,neither,0.03945320844208391,0.33037608806864915,0.630170703489267
Ajj Brujah. THe dogs of the vampire clans.,neither,0.03822290438096761,0.30764462346649946,0.6541324721525329
team x malkavian all the way,neither,0.04050313672281242,0.40001370802043523,0.5594831552567523
Ahhh,neither,0.03945320844208391,0.33037608806864915,0.630170703489267
Brujah put the punk ing Gothic Punk.,neither,0.0540385399274474,0.05713810128096106,0.8888233587915916
been looking forward to this all day!!!,neither,0.047226921586830936,0.38232478476330195,0.570448293649867
Made it on time tonight for this. :),neither,0.027483533648180344,0.31877908790144804,0.6537373784503716
,neither,0.03945320844208391,0.33037608806864915,0.630170703489267
wooooo,neither,0.03945320844208391,0.33037608806864915,0.630170703489267
bless this mess,neither,0.039354551229909454,0.33205055843405634,0.6285948903360342
She's wearing a latex dress BegWan,neither,0.04063998856310214,0.40220493835934246,0.5571550730775554
I lean more towards the philosopher than the warrior side. #BrujahNotBruiser,neither,0.03586090349295108,0.3322286684222936,0.6319104280847554
Way to go @kitmarcus,neither,0.05349612215669351,0.331681186666869,0.6148226911764375
Anyone else haveing problems setting playback quility to 720p and staying there?,neither,0.04325477110097745,0.27511234906453375,0.6816328798344887
Ahhh Friday night,neither,0.03250856414159355,0.33015557700365433,0.6373358588547522
Can't wait to watch and then sleep and get up to play Werewolf,neither,0.04885267269509321,0.30745661321763534,0.6436907140872714
*sighs* It sucks so bad that there is only going to be 8 eps of this.,neither,0.04194231622979196,0.37619792231369337,0.5818597614565147
@Neowanderer Has there been a Malk on the show? This is only my second week.,neither,0.04315361294221557,0.30221930225591565,0.6546270848018688
bidet,neither,0.03945320844208391,0.33037608806864915,0.630170703489267
Hey all,neither,0.04285346742239823,0.46255625023407465,0.49459028234352725
!clock,neither,0.03945320844208391,0.33037608806864915,0.630170703489267
It is currently Friday 8:00 PM at the Geek & Sundry studio in California.,neither,0.05148927465758963,0.3296071703102423,0.6189035550321681
@deathboy01 Can I join?,neither,0.03982167796572694,0.32412219862359865,0.6360561234106745
viva la brujah warrior sage,neither,0.03945320844208391,0.33037608806864915,0.630170703489267
"oh wait,wrong show",neither,0.0625104153086797,0.2028704552153776,0.7346191294759427
Want the inside scoop? Join the cast of Critical Role and discuss the most recent episode right here on Talks Machina. Tuesdays 7pm Pacific at twitch.tv/geekandsundry and projectalpha.com,neither,0.04573032993319735,0.22538911733705982,0.7288805527297427
@bigdumbface a fish malk. but a malk,neither,0.03623933025210657,0.31956217993801256,0.644198489809881
"@bigdumbface the two weeks before that, yes.",neither,0.03282868677284308,0.39811057340827616,0.5690607398188807
"yes @bigdumbface there was X, who was Malk",neither,0.03963681949375296,0.3532746006928523,0.6070885798133947
OI THE MUSIC IS DIFFERENT,neither,0.045594379519872975,0.3142113522935685,0.6401942681865584
Finally it’s time! I’ve been waiting for this all week!,neither,0.01964377956073131,0.3577581673078861,0.6225980531313825
"this show's inspired me to reinstall and hopefully finally finish a full playthrough of VtM:Bloodlines. I answered the questionnaire at character creation and ended up as a Malk, their dialogue options are hilarious",neither,0.05856661503891844,0.29990213395864634,0.6415312510024354
Well it is LARP,neither,0.051147536667387396,0.3263538723415004,0.6224985909911123
Is this Ep. 7?,neither,0.048827387017930185,0.3289095995902385,0.6222630133918313
"@bigdumbface Yeah, there was a Malk in episodes 3 and 4, named X",neither,0.026441167665261046,0.3573221065243337,0.6162367258104053
critroleBidet,neither,0.03945320844208391,0.33037608806864915,0.630170703489267
@Flight_Devil I hope there's a second season,neither,0.07546788468331704,0.18221777576519219,0.7423143395514907
Hi everyone!,neither,0.032490659208996964,0.4485487193596734,0.5189606214313296
@flight_devil what do you mean only 8 eps?,neither,0.07519690406287124,0.38417181660511124,0.5406312793320175
"shows about to start and my pizza just arrived, oh yeah",neither,0.025387052895219496,0.4199805172775171,0.5546324298272632
@bigdumbface yes a characer called x was on for two episodes,neither,0.033022424954204356,0.31039872621441017,0.6565788488313854
<3 <3 <3 <3,neither,0.03945320844208391,0.33037608806864915,0.630170703489267
@bigdumbface they have a malk named x,neither,0.03877906655345528,0.34181803528880916,0.6194028981577356
tonight is episode 6,neither,0.04546764803549327,0.30329218969750205,0.6512401622670048
Vtm only lasts 8 eps.,neither,0.03945320844208391,0.33037608806864915,0.630170703489267
"They said so, yo.",offensive_language,0.03980318400597806,0.5008107631289043,0.4593860528651177
hello all.,neither,0.04217753453783664,0.43734383323855475,0.5204786322236087
We have a subscriber-only Discord server! Join here: https://discord.gg/geekandsundry (you'll need to sub and link it to your Twitch) and be a part of the fun!...Warning: It can take up to an hour for the server to update and give you access to the channels,neither,0.08464076273808444,0.286394834032893,0.6289644032290227
@highvoltage988 Same for me! ah how I've missed VtM,neither,0.0160409398980222,0.32841508541718506,0.6555439746847928
I'll be heading out so won't be able to stay.,neither,0.0412407098413365,0.37338648696846133,0.5853728031902022
I'll have to sub and go through the vods when i get more free time. Thanks all for the responses.,neither,0.033013846471770344,0.34157891623747294,0.6254072372907569
im ready,neither,0.03818232412599748,0.37856242343539415,0.5832552524386084
"I think we'll get a seson two, @Flight_Devil <3",neither,0.039991100935106376,0.32124664867451347,0.6387622503903803
"I wasn't able to watch last week's episode, does anyone know if there's a synopsis anywhere I could use to catch up?",neither,0.01854039914155181,0.4536434375259534,0.5278161633324948
WHew just made it,neither,0.030598463871816552,0.3647224530537287,0.6046790830744548
@flight_devil Well...that fucking sucks,offensive_language,0.09586619230753725,0.903693020806023,0.00044078688643980354
also bidet from CT,neither,0.04048244718769107,0.3129072204566142,0.6466103323556948
This show is making weeks go by VERY slow,neither,0.060682068341777626,0.2999129752036074,0.6394049564546149
I HOPE SO,neither,0.12463897626450345,0.20298967407480611,0.6723713496606905
They torched a place,neither,0.044451165597890516,0.24554771150582957,0.7100011228962799
CT reppin,neither,0.03945320844208391,0.33037608806864915,0.630170703489267
TPFufun,neither,0.03945320844208391,0.33037608806864915,0.630170703489267
"Good evening, everyone.",neither,0.03308870833616604,0.42926799388711456,0.5376432977767195
They solved problems with fire.,neither,0.02841062181887553,0.3690305103610005,0.6025588678201239
"Good evening, vamplings.",neither,0.03869882722860525,0.3306355543605695,0.6306656184108252
"@TrainerJodie // Well, unless you have Celerity, I think it might be a bit too late, but it's okay.",neither,0.04481093212482588,0.37099147573533864,0.5841975921398356
@TrainerJodie LA By Night Twitter https://twitter.com/LAbyNight,offensive_language,0.03442270430577806,0.5236528817287748,0.4419244139654471
PogChamp,neither,0.03945320844208391,0.33037608806864915,0.630170703489267
Here we gooooooo gandsHype gandsHype gandsHype,neither,0.15579607761817918,0.2572279575342963,0.5869759648475245
Show time!,neither,0.06421964423691781,0.2395865376180287,0.6961938181450534
Yay!!!,neither,0.03945320844208391,0.33037608806864915,0.630170703489267
He'lll probably recap.,neither,0.04363502935069324,0.3484025067599086,0.6079624638893981
pennyDark pennyDark pennyDark,neither,0.03945320844208391,0.33037608806864915,0.630170703489267
@warpedspirit Yup,neither,0.03945320844208391,0.33037608806864915,0.630170703489267
ayyyyy,neither,0.03945320844208391,0.33037608806864915,0.630170703489267
laceyNoot laceyNoot laceyNoot,neither,0.03945320844208391,0.33037608806864915,0.630170703489267
gandsHype,neither,0.03945320844208391,0.33037608806864915,0.630170703489267
on mondays they usually play the last 2 episodes so it would be last weeks and this one tonight,neither,0.03486733179420621,0.3343254168616902,0.6308072513441035
"only 8 eps!? ""ever had the feeling you been cheated?""",neither,0.051196551093604034,0.35665205635424296,0.592151392552153
"someone might private message you the summary, otherwise, you just need one of the subs and watch it yourself. they do tend to run marathon's of the vampire episodes each week.",neither,0.05174931266715374,0.34347232451833043,0.6047783628145158
gandsHype gandsHype gandsHype,neither,0.03945320844208391,0.33037608806864915,0.630170703489267
"Download the new Critical Role theme song for Campaign Two! http://itunes.apple.com/album/id1331550250?ls=1&app=itunes Sales of the song support the musician, Jason Charles Miller.",neither,0.04445767596344001,0.2510827790306858,0.7044595450058742
"Sharpen your fangs, here we go :-D",neither,0.10899074249490576,0.29702683057108037,0.5939824269340138
@GeekandSundry Hiya Jason!! <3,neither,0.03945320844208391,0.33037608806864915,0.630170703489267
"So, what is the official VtM fandom name???",neither,0.05262541050530615,0.34982032789769385,0.597554261597
Two more eps. D ;,neither,0.043488790975503,0.2980269782308448,0.6584842307936523
Not who we expected,neither,0.038542812333906926,0.4069713179050916,0.5544858697610014
gandsTWC gandsTWC,neither,0.03945320844208391,0.33037608806864915,0.630170703489267
ASH PogChamp,neither,0.03945320844208391,0.33037608806864915,0.630170703489267
@GeekandSundry OOOOOOOOOOOOOOOOOOOOOOOOOOOOOOH,neither,0.03945320844208391,0.33037608806864915,0.630170703489267
So much Ash HYPE!!!!!,neither,0.036152214462668864,0.36939573079006566,0.5944520547472656
!whodat,neither,0.03945320844208391,0.33037608806864915,0.630170703489267
"GM Jason Carl ( twitter.com/vampiresnvino ), with Erika Ishii ( twitter.com/erikaishii ), Cynthia Marie ( twitter.com/Cyndancer ), B. Dave Walters ( twitter.com/BDaveWalters ), and, Ash Minnick ( twitter.com/moonclad_ash ).",neither,0.03585789670779364,0.45849270597476355,0.5056493973174426
#VTMseason2,neither,0.03945320844208391,0.33037608806864915,0.630170703489267
Ash gandsLessthanthree,neither,0.03945320844208391,0.33037608806864915,0.630170703489267
"Never a shortings, always a longings",neither,0.030803902754925724,0.47528686416201416,0.4939092330830602
man no Alex again :(,neither,0.036730892864627336,0.44117384174558955,0.522095265389783
no Alex this week?,neither,0.03846853474496526,0.3470885705023254,0.6144428947527093
:D,neither,0.03945320844208391,0.33037608806864915,0.630170703489267
all the ash hype!,neither,0.040048099236939076,0.3769787672806474,0.5829731334824135
No Jasper again?,neither,0.036884927419511465,0.3739665197010625,0.5891485528794261
So Satine coming in later or had to go?,neither,0.04661214632957204,0.3708803920792605,0.5825074615911675
more guests!!!,neither,0.044084690295906365,0.306805713525994,0.6491095961780997
"Oooh, Nelli is back. :D",neither,0.04816456976848439,0.32737985144377757,0.624455578787738
No Alex. :(,neither,0.03828698463382248,0.35016994969645254,0.6115430656697249
Yay Nellie is back!,neither,0.04921417798562584,0.3270188430474854,0.6237669789668887
nice,neither,0.03945320844208391,0.33037608806864915,0.630170703489267
haha B. Dave :D,neither,0.034855008902835743,0.40841953459422803,0.5567254565029363
undisputed?,neither,0.03945320844208391,0.33037608806864915,0.630170703489267
Hiya Ash! :),neither,0.03945320844208391,0.33037608806864915,0.630170703489267
double the guest stars,neither,0.03874192860792972,0.31743138396499737,0.6438266874270729
Nice.,neither,0.03945320844208391,0.33037608806864915,0.630170703489267
nice,neither,0.03945320844208391,0.33037608806864915,0.630170703489267
jaaaaaasper ;.;,neither,0.03945320844208391,0.33037608806864915,0.630170703489267
Nelli is back yay,neither,0.04921417798562584,0.3270188430474854,0.6237669789668887
everyone hates the valley,neither,0.033792542590442294,0.40293942587995596,0.5632680315296017
hopefully it's because he is at work.,neither,0.04993054052377057,0.34780238453068935,0.6022670749455401
Jasper's player got a gig?,neither,0.03440655385765451,0.4321742492504303,0.5334191968919151
"Go get 'em, Jason.",neither,0.040105299756999446,0.343471465650605,0.6164232345923955
No...Jasper...sadness,neither,0.03877033435196843,0.3419662435372709,0.6192634221107607
Dang. No Jasper. :(,neither,0.03852177801590115,0.3461848932406789,0.6152933287434199
"Help G&S make great content! $4.99/month gets you emotes, Minecraft server access, sub-only VODs, and more! Every sub keeps the channel alive! twitch.tv/geekandsundry/subscribe",neither,0.043907990691603095,0.31135964332838284,0.644732365980014
Hey chat where can I find the collection of LA By Night?,neither,0.03853158339757189,0.2681116652236207,0.6933567513788075
anyone know why they never have more than 4 people playing?,neither,0.04573073675424882,0.37678709978055275,0.5774821634651984
Dog Might are local to me. They're awesome.,neither,0.07423235562293949,0.3004735920610755,0.625294052315985
TableHere FlipThis,neither,0.03945320844208391,0.33037608806864915,0.630170703489267
WHERES JASPER,neither,0.03945320844208391,0.33037608806864915,0.630170703489267
"yeh, no one wants Valley Baron",neither,0.037860125539597306,0.37319649281608286,0.5889433816443198
Jasper was here last week @Droogie128,neither,0.07675323771156232,0.3008833106901746,0.6223634515982629
no alex or talisen,neither,0.038418084910536665,0.34794483585615477,0.6136370792333086
"Awww, not Alex. :<",neither,0.038204599441636636,0.33506373078498225,0.6267316697733812
Jasper...noooooo,neither,0.03945320844208391,0.33037608806864915,0.630170703489267
For officially licensed VtM gear (and the awesome GM screen Jason is using) check out http://dogmight.com/vtm and http://bit.ly/v5spellbooktome,neither,0.034506929539736636,0.237927588715498,0.7275654817447653
@j,neither,0.03945320844208391,0.33037608806864915,0.630170703489267
I know he was,neither,0.04885012638724351,0.3304976088659542,0.6206522647468024
i'd lose it if ash was playing a cowgirl vamp,neither,0.02699227793210034,0.36783552788473034,0.6051721941831693
what if hating the valley is really a way to keep people from it tho...,neither,0.09821751439191648,0.3251713440131157,0.576611141594968
Who is Ash Minnick,neither,0.049131565424771526,0.39689703281573707,0.5539714017594913
Jasper? -sniff sniff-,neither,0.03945320844208391,0.33037608806864915,0.630170703489267
take it home with you Jason. ypu deserve that screen,neither,0.04310129763847785,0.41717941106638207,0.53971929129514
Taliesin was only a guest,neither,0.03932612060464146,0.3325331003428734,0.6281407790524851
I vote that the episode doesn't count unless Jasper is here,neither,0.06665045426355404,0.3214769913415098,0.6118725543949363
"Enjoy the show, everyone! Closing chat. HAVE FUN!",neither,0.0433890462804677,0.34575626548454436,0.610854688234988
Alex is a busy guy!,neither,0.0465235522989073,0.33483528471008167,0.6186411629910111
is their dice vaults from wyrmwood?,neither,0.04945804190266549,0.308580507519974,0.6419614505773604
happy Alex is out working hard but the coterie needs Jasper :(,neither,0.0327295243904005,0.47778569255570874,0.4894847830538907
Nellie playing with Satine should be fun.,neither,0.039251312264051555,0.4185076536968456,0.542241034039103
"TRhere´s the recap you were looking for, @TrainerJodie :-D",neither,0.046126659574372876,0.30405589610464195,0.6498174443209852
Taliesin was the best,neither,0.03673217020582456,0.298597772223097,0.6646700575710784
October is a busy time of year for Alex.,neither,0.039568878032992576,0.3210579800039181,0.6393731419630894
"@JohnyZoo One of the players has a job he has to be gone for. Typically though, VtM games have fewer players than other tabletop RPGs.",neither,0.040842309665752155,0.3251103758155281,0.6340473145187197
https://www.twitch.tv/geekandsundry/collections,neither,0.03945320844208391,0.33037608806864915,0.630170703489267
@geminichild34 Ash is a friend of the channel and a great role player,neither,0.038724584108745866,0.34009505499059567,0.6211803609006585
!vodlist,neither,0.03945320844208391,0.33037608806864915,0.630170703489267
Want to quickly find highlighted episodes of the Twitch shows? Use this link to find a sheet listing episodes of the shows with their links. http://bit.ly/gnsvodlist,neither,0.02971044143559742,0.2696434525609633,0.7006461060034392
Tal was amazing last episode.,neither,0.03936543667440194,0.33186580403227234,0.6287687592933257
Have fun everyone!,neither,0.032162493141391094,0.45411855397213485,0.5137189528864742
i really hope there is a season 2,neither,0.09365525058963134,0.17073771404004381,0.7356070353703249
thanks @chaoticloony I never heard of her before,offensive_language,0.02485010654746392,0.5586661990876992,0.4164836943648369
"I wish Tal was playing this episode, too",neither,0.0391221894404701,0.33599434441678955,0.6248834661427403
It was so wonderful having Taliesin on here last Friday. He gave it 110% like he always does.,neither,0.05849350547912213,0.448207103895071,0.49329939062580674
His voice is so soothing I usually fall asleep :( I'll try my best to stay up tonight,neither,0.04935925987116363,0.4074147431115376,0.5432259970172987
,neither,0.03945320844208391,0.33037608806864915,0.630170703489267
i am oh so very excited for this episode everyone,neither,0.03428229220950084,0.377097762184541,0.5886199456059582
Next guest player playing...Juan!,neither,0.03514366870506373,0.40352022440836605,0.5613361068865702
"""Oops."" -Jasper",neither,0.03945320844208391,0.33037608806864915,0.630170703489267
Is Jasper not here this week either? :(,neither,0.08248559159476133,0.30307064498645003,0.6144437634187886
"@TrainerJodie Oh hey, man. I was just starting to worry about you. Haven't seen any youtube posts in a while. (Could be I just missed them)",neither,0.05393780679144269,0.3869320222897691,0.5591301709187881
@Geekielady last week they switched players and it looks like this week they'll do it again. only 4 players at a time,neither,0.04092597525572315,0.3510932934905696,0.6079807312537073
I am so ready!,neither,0.03915688642648817,0.38957386576013675,0.5712692478133752
oopse,neither,0.03945320844208391,0.33037608806864915,0.630170703489267
TableHere FlipThis,neither,0.03945320844208391,0.33037608806864915,0.630170703489267
Let's tell a vampire story!,neither,0.026397838427822014,0.35809132939328114,0.6155108321788969
this intro song makes me laugh,neither,0.033440130558801295,0.36720097541117414,0.5993588940300245
no Jasper again :(,neither,0.036884927419511465,0.3739665197010625,0.5891485528794261
No Jasper this week. :3,neither,0.03859826213801962,0.3448867580806758,0.6165149797813047
cheer300,neither,0.03945320844208391,0.33037608806864915,0.630170703489267
"When Alex has work, he has work",neither,0.03645344219316946,0.3525471324095058,0.6109994253973248
the intro reminds me so much of angel and i love it,neither,0.029302133692942177,0.3554950041066647,0.6152028622003932
Jasper! I hope he pops in at a later date!,neither,0.06735443470522744,0.2671953895771297,0.6654501757176429
ello all,offensive_language,0.046917543854519406,0.6277741405869331,0.3253083155585475
I lost the last Episode,neither,0.03857608865370789,0.314340617420795,0.6470832939254971
"Jasper was there last week, tho.",neither,0.03628943472392437,0.3057566827224163,0.6579538825536595
in the game,neither,0.037419173815267416,0.2399875219667976,0.7225933042179351
Hi @Metebelis777,neither,0.03945320844208391,0.33037608806864915,0.630170703489267
"Hello, @Metebelis777",neither,0.03945320844208391,0.33037608806864915,0.630170703489267
This game just starting guys?,neither,0.03436899176229636,0.31348220757603035,0.6521488006616734
"@JohnyZoo Yeah, it's made for smaller groups. It's a more intimate game, with heavy RP, so larger groups isn't really ideal.",neither,0.026398064436652095,0.3732497164764859,0.6003522190868621
"The advantage of being a Nosferatu is they tend to come and go as they please, so it fits into the story well",neither,0.040621187299453285,0.35671090027128505,0.6026679124292617
yup,neither,0.03945320844208391,0.33037608806864915,0.630170703489267
Maybe he will join in later in the show,neither,0.05575195512678662,0.24440774316274982,0.6998403017104635
"i`ll watch the last one today, and tomorrou watch this one",neither,0.04353013282933325,0.319189376034112,0.6372804911365547
"yes , game starting , intro rolling",neither,0.038958839079108395,0.30101785640199064,0.660023304518901
@Stj1mmy Yup!,neither,0.03945320844208391,0.33037608806864915,0.630170703489267
ello @Metebelis777,neither,0.03945320844208391,0.33037608806864915,0.630170703489267
"@Darastrygat Was in crunch time finishing my Bachelor's Degree. I now have a BS in Marketing Management and a lot more free time, so the YouTube channel should be picking up soon hopefully",neither,0.037263590353172255,0.397397780171429,0.5653386294753988
@Metebelis777 I sense the presence of an old-school Whovian.,neither,0.039002788964323756,0.31377125642335557,0.6472259546123206
nojasper tonight?,neither,0.03498084806025125,0.2929251180277183,0.6720940339120305
Time for a game we can sink our teeth into.,neither,0.034358884220161354,0.29452772158589285,0.6711133941939458
"@Stj1mmy Today's episode, yes. Chapter 6 I think",neither,0.038546681421553604,0.3007517130500464,0.6607016055284
"No Jasper, just 2 more special guests. :)",neither,0.0628927170907907,0.33505294077252235,0.6020543421366871
Wish jasper stuck around more,neither,0.04088864765254807,0.32286048612208,0.636250866225372
!rbschedule,neither,0.03945320844208391,0.33037608806864915,0.630170703489267
