text,top_class,hate_speech,offensive_language,neither
CT reppin,neither,0.03945320844208391,0.33037608806864915,0.630170703489267
TPFufun,neither,0.03945320844208391,0.33037608806864915,0.630170703489267
"Good evening, everyone.",neither,0.03308870833616604,0.42926799388711456,0.5376432977767195
They solved problems with fire.,neither,0.02841062181887553,0.3690305103610005,0.6025588678201239
"Good evening, vamplings.",neither,0.03869882722860525,0.3306355543605695,0.6306656184108252
"@TrainerJodie // Well, unless you have Celerity, I think it might be a bit too late, but it's okay.",neither,0.04481093212482588,0.37099147573533864,0.5841975921398356
@TrainerJodie LA By Night Twitter https://twitter.com/LAbyNight,offensive_language,0.03442270430577806,0.5236528817287748,0.4419244139654471
PogChamp,neither,0.03945320844208391,0.33037608806864915,0.630170703489267
Here we gooooooo gandsHype gandsHype gandsHype,neither,0.15579607761817918,0.2572279575342963,0.5869759648475245
Show time!,neither,0.06421964423691781,0.2395865376180287,0.6961938181450534
Yay!!!,neither,0.03945320844208391,0.33037608806864915,0.630170703489267
He'lll probably recap.,neither,0.04363502935069324,0.3484025067599086,0.6079624638893981
pennyDark pennyDark pennyDark,neither,0.03945320844208391,0.33037608806864915,0.630170703489267
@warpedspirit Yup,neither,0.03945320844208391,0.33037608806864915,0.630170703489267
ayyyyy,neither,0.03945320844208391,0.33037608806864915,0.630170703489267
laceyNoot laceyNoot laceyNoot,neither,0.03945320844208391,0.33037608806864915,0.630170703489267
gandsHype,neither,0.03945320844208391,0.33037608806864915,0.630170703489267
on mondays they usually play the last 2 episodes so it would be last weeks and this one tonight,neither,0.03486733179420621,0.3343254168616902,0.6308072513441035
"only 8 eps!? ""ever had the feeling you been cheated?""",neither,0.051196551093604034,0.35665205635424296,0.592151392552153
"someone might private message you the summary, otherwise, you just need one of the subs and watch it yourself. they do tend to run marathon's of the vampire episodes each week.",neither,0.05174931266715374,0.34347232451833043,0.6047783628145158
gandsHype gandsHype gandsHype,neither,0.03945320844208391,0.33037608806864915,0.630170703489267
"Download the new Critical Role theme song for Campaign Two! http://itunes.apple.com/album/id1331550250?ls=1&app=itunes Sales of the song support the musician, Jason Charles Miller.",neither,0.04445767596344001,0.2510827790306858,0.7044595450058742
"Sharpen your fangs, here we go :-D",neither,0.10899074249490576,0.29702683057108037,0.5939824269340138
@GeekandSundry Hiya Jason!! <3,neither,0.03945320844208391,0.33037608806864915,0.630170703489267
"So, what is the official VtM fandom name???",neither,0.05262541050530615,0.34982032789769385,0.597554261597
Two more eps. D ;,neither,0.043488790975503,0.2980269782308448,0.6584842307936523
Not who we expected,neither,0.038542812333906926,0.4069713179050916,0.5544858697610014
gandsTWC gandsTWC,neither,0.03945320844208391,0.33037608806864915,0.630170703489267
ASH PogChamp,neither,0.03945320844208391,0.33037608806864915,0.630170703489267
@GeekandSundry OOOOOOOOOOOOOOOOOOOOOOOOOOOOOOH,neither,0.03945320844208391,0.33037608806864915,0.630170703489267
So much Ash HYPE!!!!!,neither,0.036152214462668864,0.36939573079006566,0.5944520547472656
!whodat,neither,0.03945320844208391,0.33037608806864915,0.630170703489267
"GM Jason Carl ( twitter.com/vampiresnvino ), with Erika Ishii ( twitter.com/erikaishii ), Cynthia Marie ( twitter.com/Cyndancer ), B. Dave Walters ( twitter.com/BDaveWalters ), and, Ash Minnick ( twitter.com/moonclad_ash ).",neither,0.03585789670779364,0.45849270597476355,0.5056493973174426
#VTMseason2,neither,0.03945320844208391,0.33037608806864915,0.630170703489267
Ash gandsLessthanthree,neither,0.03945320844208391,0.33037608806864915,0.630170703489267
"Never a shortings, always a longings",neither,0.030803902754925724,0.47528686416201416,0.4939092330830602
man no Alex again :(,neither,0.036730892864627336,0.44117384174558955,0.522095265389783
no Alex this week?,neither,0.03846853474496526,0.3470885705023254,0.6144428947527093
:D,neither,0.03945320844208391,0.33037608806864915,0.630170703489267
all the ash hype!,neither,0.040048099236939076,0.3769787672806474,0.5829731334824135
No Jasper again?,neither,0.036884927419511465,0.3739665197010625,0.5891485528794261
So Satine coming in later or had to go?,neither,0.04661214632957204,0.3708803920792605,0.5825074615911675
more guests!!!,neither,0.044084690295906365,0.306805713525994,0.6491095961780997
"Oooh, Nelli is back. :D",neither,0.04816456976848439,0.32737985144377757,0.624455578787738
No Alex. :(,neither,0.03828698463382248,0.35016994969645254,0.6115430656697249
Yay Nellie is back!,neither,0.04921417798562584,0.3270188430474854,0.6237669789668887
nice,neither,0.03945320844208391,0.33037608806864915,0.630170703489267
haha B. Dave :D,neither,0.034855008902835743,0.40841953459422803,0.5567254565029363
undisputed?,neither,0.03945320844208391,0.33037608806864915,0.630170703489267
Hiya Ash! :),neither,0.03945320844208391,0.33037608806864915,0.630170703489267
double the guest stars,neither,0.03874192860792972,0.31743138396499737,0.6438266874270729
Nice.,neither,0.03945320844208391,0.33037608806864915,0.630170703489267
nice,neither,0.03945320844208391,0.33037608806864915,0.630170703489267
jaaaaaasper ;.;,neither,0.03945320844208391,0.33037608806864915,0.630170703489267
Nelli is back yay,neither,0.04921417798562584,0.3270188430474854,0.6237669789668887
everyone hates the valley,neither,0.033792542590442294,0.40293942587995596,0.5632680315296017
hopefully it's because he is at work.,neither,0.04993054052377057,0.34780238453068935,0.6022670749455401
Jasper's player got a gig?,neither,0.03440655385765451,0.4321742492504303,0.5334191968919151
"Go get 'em, Jason.",neither,0.040105299756999446,0.343471465650605,0.6164232345923955
No...Jasper...sadness,neither,0.03877033435196843,0.3419662435372709,0.6192634221107607
Dang. No Jasper. :(,neither,0.03852177801590115,0.3461848932406789,0.6152933287434199
"Help G&S make great content! $4.99/month gets you emotes, Minecraft server access, sub-only VODs, and more! Every sub keeps the channel alive! twitch.tv/geekandsundry/subscribe",neither,0.043907990691603095,0.31135964332838284,0.644732365980014
Hey chat where can I find the collection of LA By Night?,neither,0.03853158339757189,0.2681116652236207,0.6933567513788075
anyone know why they never have more than 4 people playing?,neither,0.04573073675424882,0.37678709978055275,0.5774821634651984
Dog Might are local to me. They're awesome.,neither,0.07423235562293949,0.3004735920610755,0.625294052315985
TableHere FlipThis,neither,0.03945320844208391,0.33037608806864915,0.630170703489267
WHERES JASPER,neither,0.03945320844208391,0.33037608806864915,0.630170703489267
"yeh, no one wants Valley Baron",neither,0.037860125539597306,0.37319649281608286,0.5889433816443198
Jasper was here last week @Droogie128,neither,0.07675323771156232,0.3008833106901746,0.6223634515982629
no alex or talisen,neither,0.038418084910536665,0.34794483585615477,0.6136370792333086
"Awww, not Alex. :<",neither,0.038204599441636636,0.33506373078498225,0.6267316697733812
Jasper...noooooo,neither,0.03945320844208391,0.33037608806864915,0.630170703489267
For officially licensed VtM gear (and the awesome GM screen Jason is using) check out http://dogmight.com/vtm and http://bit.ly/v5spellbooktome,neither,0.034506929539736636,0.237927588715498,0.7275654817447653
@j,neither,0.03945320844208391,0.33037608806864915,0.630170703489267
I know he was,neither,0.04885012638724351,0.3304976088659542,0.6206522647468024
i'd lose it if ash was playing a cowgirl vamp,neither,0.02699227793210034,0.36783552788473034,0.6051721941831693
what if hating the valley is really a way to keep people from it tho...,neither,0.09821751439191648,0.3251713440131157,0.576611141594968
Who is Ash Minnick,neither,0.049131565424771526,0.39689703281573707,0.5539714017594913
Jasper? -sniff sniff-,neither,0.03945320844208391,0.33037608806864915,0.630170703489267
take it home with you Jason. ypu deserve that screen,neither,0.04310129763847785,0.41717941106638207,0.53971929129514
Taliesin was only a guest,neither,0.03932612060464146,0.3325331003428734,0.6281407790524851
I vote that the episode doesn't count unless Jasper is here,neither,0.06665045426355404,0.3214769913415098,0.6118725543949363
"Enjoy the show, everyone! Closing chat. HAVE FUN!",neither,0.0433890462804677,0.34575626548454436,0.610854688234988
Alex is a busy guy!,neither,0.0465235522989073,0.33483528471008167,0.6186411629910111
is their dice vaults from wyrmwood?,neither,0.04945804190266549,0.308580507519974,0.6419614505773604
happy Alex is out working hard but the coterie needs Jasper :(,neither,0.0327295243904005,0.47778569255570874,0.4894847830538907
Nellie playing with Satine should be fun.,neither,0.039251312264051555,0.4185076536968456,0.542241034039103
"TRhere´s the recap you were looking for, @TrainerJodie :-D",neither,0.046126659574372876,0.30405589610464195,0.6498174443209852
Taliesin was the best,neither,0.03673217020582456,0.298597772223097,0.6646700575710784
October is a busy time of year for Alex.,neither,0.039568878032992576,0.3210579800039181,0.6393731419630894
"@JohnyZoo One of the players has a job he has to be gone for. Typically though, VtM games have fewer players than other tabletop RPGs.",neither,0.040842309665752155,0.3251103758155281,0.6340473145187197
https://www.twitch.tv/geekandsundry/collections,neither,0.03945320844208391,0.33037608806864915,0.630170703489267
@geminichild34 Ash is a friend of the channel and a great role player,neither,0.038724584108745866,0.34009505499059567,0.6211803609006585
!vodlist,neither,0.03945320844208391,0.33037608806864915,0.630170703489267
Want to quickly find highlighted episodes of the Twitch shows? Use this link to find a sheet listing episodes of the shows with their links. http://bit.ly/gnsvodlist,neither,0.02971044143559742,0.2696434525609633,0.7006461060034392
Tal was amazing last episode.,neither,0.03936543667440194,0.33186580403227234,0.6287687592933257
Have fun everyone!,neither,0.032162493141391094,0.45411855397213485,0.5137189528864742
i really hope there is a season 2,neither,0.09365525058963134,0.17073771404004381,0.7356070353703249
thanks @chaoticloony I never heard of her before,offensive_language,0.02485010654746392,0.5586661990876992,0.4164836943648369
"I wish Tal was playing this episode, too",neither,0.0391221894404701,0.33599434441678955,0.6248834661427403
It was so wonderful having Taliesin on here last Friday. He gave it 110% like he always does.,neither,0.05849350547912213,0.448207103895071,0.49329939062580674
His voice is so soothing I usually fall asleep :( I'll try my best to stay up tonight,neither,0.04935925987116363,0.4074147431115376,0.5432259970172987
,neither,0.03945320844208391,0.33037608806864915,0.630170703489267
i am oh so very excited for this episode everyone,neither,0.03428229220950084,0.377097762184541,0.5886199456059582
Next guest player playing...Juan!,neither,0.03514366870506373,0.40352022440836605,0.5613361068865702
"""Oops."" -Jasper",neither,0.03945320844208391,0.33037608806864915,0.630170703489267
Is Jasper not here this week either? :(,neither,0.08248559159476133,0.30307064498645003,0.6144437634187886
"@TrainerJodie Oh hey, man. I was just starting to worry about you. Haven't seen any youtube posts in a while. (Could be I just missed them)",neither,0.05393780679144269,0.3869320222897691,0.5591301709187881
@Geekielady last week they switched players and it looks like this week they'll do it again. only 4 players at a time,neither,0.04092597525572315,0.3510932934905696,0.6079807312537073
I am so ready!,neither,0.03915688642648817,0.38957386576013675,0.5712692478133752
oopse,neither,0.03945320844208391,0.33037608806864915,0.630170703489267
TableHere FlipThis,neither,0.03945320844208391,0.33037608806864915,0.630170703489267
Let's tell a vampire story!,neither,0.026397838427822014,0.35809132939328114,0.6155108321788969
this intro song makes me laugh,neither,0.033440130558801295,0.36720097541117414,0.5993588940300245
no Jasper again :(,neither,0.036884927419511465,0.3739665197010625,0.5891485528794261
No Jasper this week. :3,neither,0.03859826213801962,0.3448867580806758,0.6165149797813047
cheer300,neither,0.03945320844208391,0.33037608806864915,0.630170703489267
"When Alex has work, he has work",neither,0.03645344219316946,0.3525471324095058,0.6109994253973248
the intro reminds me so much of angel and i love it,neither,0.029302133692942177,0.3554950041066647,0.6152028622003932
Jasper! I hope he pops in at a later date!,neither,0.06735443470522744,0.2671953895771297,0.6654501757176429
ello all,offensive_language,0.046917543854519406,0.6277741405869331,0.3253083155585475
I lost the last Episode,neither,0.03857608865370789,0.314340617420795,0.6470832939254971
"Jasper was there last week, tho.",neither,0.03628943472392437,0.3057566827224163,0.6579538825536595
in the game,neither,0.037419173815267416,0.2399875219667976,0.7225933042179351
Hi @Metebelis777,neither,0.03945320844208391,0.33037608806864915,0.630170703489267
"Hello, @Metebelis777",neither,0.03945320844208391,0.33037608806864915,0.630170703489267
This game just starting guys?,neither,0.03436899176229636,0.31348220757603035,0.6521488006616734
"@JohnyZoo Yeah, it's made for smaller groups. It's a more intimate game, with heavy RP, so larger groups isn't really ideal.",neither,0.026398064436652095,0.3732497164764859,0.6003522190868621
"The advantage of being a Nosferatu is they tend to come and go as they please, so it fits into the story well",neither,0.040621187299453285,0.35671090027128505,0.6026679124292617
yup,neither,0.03945320844208391,0.33037608806864915,0.630170703489267
Maybe he will join in later in the show,neither,0.05575195512678662,0.24440774316274982,0.6998403017104635
"i`ll watch the last one today, and tomorrou watch this one",neither,0.04353013282933325,0.319189376034112,0.6372804911365547
"yes , game starting , intro rolling",neither,0.038958839079108395,0.30101785640199064,0.660023304518901
@Stj1mmy Yup!,neither,0.03945320844208391,0.33037608806864915,0.630170703489267
ello @Metebelis777,neither,0.03945320844208391,0.33037608806864915,0.630170703489267
"@Darastrygat Was in crunch time finishing my Bachelor's Degree. I now have a BS in Marketing Management and a lot more free time, so the YouTube channel should be picking up soon hopefully",neither,0.037263590353172255,0.397397780171429,0.5653386294753988
@Metebelis777 I sense the presence of an old-school Whovian.,neither,0.039002788964323756,0.31377125642335557,0.6472259546123206
nojasper tonight?,neither,0.03498084806025125,0.2929251180277183,0.6720940339120305
Time for a game we can sink our teeth into.,neither,0.034358884220161354,0.29452772158589285,0.6711133941939458
"@Stj1mmy Today's episode, yes. Chapter 6 I think",neither,0.038546681421553604,0.3007517130500464,0.6607016055284
"No Jasper, just 2 more special guests. :)",neither,0.0628927170907907,0.33505294077252235,0.6020543421366871
Wish jasper stuck around more,neither,0.04088864765254807,0.32286048612208,0.636250866225372
!rbschedule,neither,0.03945320844208391,0.33037608806864915,0.630170703489267
"Perfect timing then, just finished watching Episode 5",neither,0.03657680044521836,0.343733993520076,0.6196892060347056
Awsome St,neither,0.03945320844208391,0.33037608806864915,0.630170703489267
it's narratively convenient that Jasper keeps going through rough stuff on the weeks before Alex has to be out,neither,0.034380363587234015,0.3914494510394201,0.5741701853733459
@CaffeinatedNate Not tonight.,neither,0.03358403895956019,0.3052012763752019,0.6612146846652378
lol 3rd doc FTW,neither,0.03372471337075672,0.3708908296290561,0.5953844570001873
@TrainerJodie Congrats!!,neither,0.03945320844208391,0.33037608806864915,0.630170703489267
another Ventrue,neither,0.1972848274561706,0.17136376144574766,0.6313514110980817
"Alex had a scheduling conflict tonight, no Jasper",neither,0.036757367486507236,0.3235070845434785,0.6397355479700142
@Geekielady I just wish all the wonderful people could play at the same time :),neither,0.05288578739471052,0.400359962438031,0.5467542501672583
The opening sequence for this always makes me smile :3,neither,0.028113548405288152,0.36661057797825297,0.6052758736164588
No Jasper FeelsBadMan,neither,0.03852177801590115,0.3461848932406789,0.6152933287434199
!rbschedule,neither,0.03945320844208391,0.33037608806864915,0.630170703489267
@JohnyZoo I totally hear that!!,neither,0.03531238379085924,0.3754673046169325,0.5892203115922083
Victor's sire?,neither,0.03945320844208391,0.33037608806864915,0.630170703489267
I decided to run that red light at the last second. This concludes my cameo in LA By Night.,neither,0.030747125995313023,0.41717407179544935,0.5520788022092377
I wonder if this could be the woman that Victor keeps calling>,neither,0.025168812843933065,0.40403605762824796,0.570795129527819
Fiona is about to take Victor to Ventrue school,neither,0.058724479535667624,0.34315333378980256,0.5981221866745298
"@obsequiousdiphthong I think it is, good call",neither,0.047734879334146094,0.31650511911326634,0.6357600015525875
Ventrue need a quick board meeting.,neither,0.0393133950552636,0.3292053087677685,0.6314812961769678
"I mean, Victor and Nelli seem to make decisions about what to eat and what to wear too.",neither,0.05531981467443175,0.295559663491694,0.6491205218338743
!vtmclans Fiona is a Ventrue,neither,0.081172750358939,0.3160268245287109,0.60280042511235
Cheat Sheet for Vampire: The Masquerade - L.A. By Night... https://pbs.twimg.com/media/Dns7g5eUcAIcykq.jpg,neither,0.03264495112007725,0.32775592935801445,0.6395991195219084
"@PhilosophyPlatypus ""who to eat""",neither,0.05264405260733398,0.4334949477086506,0.5138609996840153
Ramona coming strong with the rats,neither,0.031305157552463714,0.34458974818547244,0.624105094262064
God fucking dammit Ramona :|,offensive_language,0.103572281805403,0.8885978335686495,0.007829884625947543
"@ChainsawGothic ""Juicebags with a pedigree""",neither,0.01332993187238274,0.44459218524224076,0.5420778828853765
Fucking Ventrue,offensive_language,0.16642190182174219,0.8335780959705128,2.207744944905971e-09
Oooh another Ventrue,neither,0.09455522471375964,0.2519122188835455,0.6535325564026949
"Guess not, since Victor has been calling a different time zone",neither,0.037761654756998636,0.3475021471887579,0.6147361980542435
!friday,neither,0.03945320844208391,0.33037608806864915,0.630170703489267
I like her already,offensive_language,0.03862976453847515,0.7033709085233663,0.2579993269381585
lol,neither,0.020706217963973744,0.4882283491876925,0.4910654328483337
Oh man Ash <3,neither,0.04503915155897707,0.343007897989222,0.6119529504518008
"@PhilosophyPlatypus ""Sunny PhD""",neither,0.03945320844208391,0.33037608806864915,0.630170703489267
Ash why that voice?,neither,0.026864953596950694,0.3810716521817821,0.5920633942212673
!whodat,neither,0.03945320844208391,0.33037608806864915,0.630170703489267
"GM Jason Carl ( twitter.com/vampiresnvino ), with Erika Ishii ( twitter.com/erikaishii ), Cynthia Marie ( twitter.com/Cyndancer ), B. Dave Walters ( twitter.com/BDaveWalters ), and, Ash Minnick ( twitter.com/moonclad_ash ).",neither,0.03585789670779364,0.45849270597476355,0.5056493973174426
Because she's as curious af,neither,0.03876706156284674,0.4338025373774795,0.5274304010596738
I can't wait to yell at Ash abou this later,neither,0.04302214772502035,0.34056029698101903,0.6164175552939607
Vamp Dad gandsLessthanthree,neither,0.03945320844208391,0.33037608806864915,0.630170703489267
!points @ChainsawGothic,neither,0.03945320844208391,0.33037608806864915,0.630170703489267
"That was an excellent pun, @ChainsawGothic! Here, have some points for that one! You have been awarded 42 points!",neither,0.05003766897837674,0.38201493930407926,0.5679473917175439
and the drama unfolds :D,neither,0.037622946375380356,0.2624125057045612,0.6999645479200585
... /bow,neither,0.03945320844208391,0.33037608806864915,0.630170703489267
Annabelle loves her vampire mom,offensive_language,0.03291192557869907,0.48355744840672515,0.4835306260145757
It would be nice to see X showing from out of left field to destroy more carpets,neither,0.045118147214777964,0.3189964595023203,0.6358853932829018
hehhehehe,neither,0.03945320844208391,0.33037608806864915,0.630170703489267
Any chance they are gonna post the archive on youtube at some point,neither,0.04392921293640902,0.35429142395853636,0.6017793631050545
LUL,neither,0.03945320844208391,0.33037608806864915,0.630170703489267
LUL,neither,0.03945320844208391,0.33037608806864915,0.630170703489267
"""You, the Brujah"" are of course, angsty.""",neither,0.11241349576783148,0.2996650371956073,0.5879214670365612
omg I love Fiona already,neither,0.034848811576418934,0.367689098930174,0.5974620894934071
LOL Angsty Annabelle,neither,0.031120645729857982,0.3912535864736078,0.5776257677965343
@dskel10 Hopefully,neither,0.03945320844208391,0.33037608806864915,0.630170703489267
you are.. angsty....,neither,0.3074667772907956,0.2930344039624175,0.399498818746787
"Angsty, the new Brujah",neither,0.043872536494141245,0.13515747036698622,0.8209699931388725
"""Hello Angsty, my name's Fiona""",neither,0.0270215778186392,0.4285315946257406,0.5444468275556203
Doesn't seem keen on Annabelle,neither,0.03704961033110067,0.34187386965105293,0.6210765200178464
OMG she's got a Valley Girl accent!,neither,0.03478757102613738,0.4699150016898765,0.49529742728398607
It has a Nordstroms now...,neither,0.037847683975030105,0.3203471355247746,0.6418051805001953
I haz coffee~,neither,0.05312950063699334,0.09825371724258368,0.848616782120423
quest-ions,neither,0.03945320844208391,0.33037608806864915,0.630170703489267
@dskel10 Doubtful,neither,0.03945320844208391,0.33037608806864915,0.630170703489267
"it's a ""pleasure"" to meet you",neither,0.06373938708648133,0.3741474420481843,0.5621131708653342
"Ahhhh, new Valley salt record, like, 1.5 minutes in",neither,0.048036677459259595,0.2858388107544048,0.6661245117863356
angsty lol,neither,0.020706217963973744,0.4882283491876925,0.4910654328483337
Valley Girl Ventrue???,neither,0.03258180953300358,0.3982047108097568,0.5692134796572398
XD,neither,0.03945320844208391,0.33037608806864915,0.630170703489267
<3 Fiona already,neither,0.03738043260619613,0.36555650351753366,0.5970630638762703
Oh. So she's the realtor? Or a secretary.?,neither,0.044937896388567364,0.3894103572264537,0.565651746384979
lol,neither,0.020706217963973744,0.4882283491876925,0.4910654328483337
hehhehehhehe,neither,0.03945320844208391,0.33037608806864915,0.630170703489267
Lmao,neither,0.03705015143476208,0.3711622369619404,0.5917876116032975
get um Nelli,neither,0.03875828703377796,0.3421707179679581,0.619070994998264
@Ronin903468 Ventrue rarely are keen on Brujah,neither,0.06617387413037247,0.29277081425660545,0.6410553116130221
pull out the spiders,neither,0.03465615625963063,0.330544910537022,0.6347989332033472
This is peak Ventrue rn,neither,0.046717943909491993,0.3292712074264159,0.6240108486640922
*Uses the Ventrue as baseball bat* SMOrc,neither,0.03720655909430321,0.3444480866969482,0.6183453542087486
!howfar,neither,0.03945320844208391,0.33037608806864915,0.630170703489267
"We are 13 hours 51 minutes 2 seconds into the REBROADCAST of Critical Role Campaign 2 - Episode 39, the break was at 2 hrs 11 mins, the break was 15 mins long. The session was 4 hrs 22 minutes",neither,0.043762523834672065,0.31021403059182906,0.6460234455734988
burn,neither,0.04811058060817789,0.1834378884691025,0.7684515309227197
Nelli will remember this.,neither,0.041340164369541896,0.2983495214171354,0.6603103142133228
10 mins into session,neither,0.03945320844208391,0.33037608806864915,0.630170703489267
No Jasper this week?,neither,0.03859826213801962,0.3448867580806758,0.6165149797813047
Yeah...Fiona is gonna screw Victor over.,neither,0.029134852325330283,0.44364295769150214,0.5272221899831676
@highvoltage988 True,neither,0.03945320844208391,0.33037608806864915,0.630170703489267
"Ugh, I'm not buffering but my stream randomly freezes",neither,0.028278677036805085,0.40423778937484556,0.5674835335883494
ty @Dragonchrome I was like ahhhh bot might be broken LUL,neither,0.04517086370271622,0.34194819510127394,0.6128809411960099
@Silenceofthedeep Nope,neither,0.03945320844208391,0.33037608806864915,0.630170703489267
Fiona is old aristocrat style that looks down on the others. Very fun to play a stuck up character.,neither,0.041286560413123896,0.3728410627878984,0.5858723767989776
I think we might be about to get a real estate seminar.,neither,0.03767008103819741,0.44192206048262783,0.5204078584791748
There are werewolves there?,neither,0.06978414160612074,0.19361766184337212,0.7365981965505071
@ImALadyDangIt Bummer,neither,0.03945320844208391,0.33037608806864915,0.630170703489267
LOL,neither,0.020706217963973744,0.4882283491876925,0.4910654328483337
mkve west down ventura blvd,neither,0.03945320844208391,0.33037608806864915,0.630170703489267
Jason LUL,neither,0.03945320844208391,0.33037608806864915,0.630170703489267
<3 Erica,neither,0.03945320844208391,0.33037608806864915,0.630170703489267
Tom petty,neither,0.03945320844208391,0.33037608806864915,0.630170703489267
"haha, tom petty ?",neither,0.035459634910987005,0.39815745328776025,0.5663829118012528
"""Is this a teenage thing? Is it from a song?"" hahahahahaha",neither,0.05006925681905789,0.32099316654628807,0.6289375766346541
"Fiona = Harley Quinn, lol",neither,0.031120645729857982,0.3912535864736078,0.5776257677965343
he ded,neither,0.057568607992634975,0.3241453714706532,0.6182860205367118
@HatefulJerk maybe try another browser or disable/enable HTML5 player in advanced twitch settings,neither,0.06112284582791715,0.346513217052172,0.5923639371199109
Lmao,neither,0.03705015143476208,0.3711622369619404,0.5917876116032975
"Alex had a scheduling conflict tonight, no Jasper folks",neither,0.03701184395104485,0.3240613228863798,0.6389268331625755
The 70's were nearly 50 years ago...Wow.,neither,0.039095481698263844,0.3071922944425888,0.6537122238591473
"yeah, where is he?",neither,0.03392165485635617,0.4266185979649622,0.5394597471786816
rip tom petty :(,neither,0.03945320844208391,0.33037608806864915,0.630170703489267
#TakingCareofBusiness,neither,0.03945320844208391,0.33037608806864915,0.630170703489267
Venture usually only associate with other patrician clans. Nelli is going to remember that shit. She could go to the harpies. lol,offensive_language,0.0483175912147386,0.9115024679928615,0.04017994079239987
1870s,neither,0.03945320844208391,0.33037608806864915,0.630170703489267
who is Fiona ?,offensive_language,0.06273239322143805,0.47642182036533837,0.4608457864132235
"""Free Falling""",neither,0.03945320844208391,0.33037608806864915,0.630170703489267
!rbschedule,neither,0.03945320844208391,0.33037608806864915,0.630170703489267
@Shadow200000000 Aide to Baron Adams,neither,0.04754392689132449,0.32567743738237265,0.6267786357263028
"Annabelle can't explain Tom Petty, but she won't... back... down.",neither,0.03839106155373425,0.3833913034698587,0.5782176349764071
Is...Is Anna about to chomp on Fiona?!,neither,0.07110415799647513,0.36891275194431156,0.5599830900592133
tom petty is a vampire. cannon.,neither,0.04512361225870723,0.32842577617632884,0.626450611564964
"The rebroadcast schedule is not yet ready, the days’ programs have not yet finished",neither,0.04077337152428794,0.3224841108984524,0.6367425175772596
Baron's liason,neither,0.03945320844208391,0.33037608806864915,0.630170703489267
Ty @geminichild34,neither,0.03945320844208391,0.33037608806864915,0.630170703489267
oo,neither,0.03945320844208391,0.33037608806864915,0.630170703489267
Hi Ramona :),neither,0.03945320844208391,0.33037608806864915,0.630170703489267
Annabelle might be livin' like a refugee :P,neither,0.04851170243937008,0.34644271231143114,0.6050455852491987
:(,neither,0.03945320844208391,0.33037608806864915,0.630170703489267
Fiona is an emissary of the Baron,neither,0.05348302740579637,0.2896429216282201,0.6568740509659835
"Ooh, Ramona.",neither,0.03945320844208391,0.33037608806864915,0.630170703489267
the RAT PACK! <3,neither,0.03859235044135855,0.31464509580225924,0.6467625537563821
Aww. Name them Fivel!,neither,0.0548491406715444,0.3218483725638617,0.6233024867645938
rofl,neither,0.03945320844208391,0.33037608806864915,0.630170703489267
Another Gangral?,neither,0.1972848274561706,0.17136376144574766,0.6313514110980817
Cool rat,neither,0.03945320844208391,0.33037608806864915,0.630170703489267
That's a cool rat.,neither,0.03545020870457797,0.3739397192124341,0.590610072082988
Lol,neither,0.020706217963973744,0.4882283491876925,0.4910654328483337
"missed the start, who is fiona?",neither,0.04776128903569977,0.3759932352043569,0.5762454757599433
@JeffM0307 You don't have to live like a refugee!,neither,0.11470330406805684,0.4172220263629751,0.468074669568968
LUL,neither,0.03945320844208391,0.33037608806864915,0.630170703489267
How does Annabelle know if she got successes if the GM didn't give her a DC?,offensive_language,0.013469550689253632,0.5863010899816968,0.40022935932904957
can the rat please have sunglasses,neither,0.03858862114121785,0.32135159458355544,0.6400597842752267
and a leather jacket,neither,0.038700811099483354,0.2925090092661404,0.6687901796343764
!whosday,neither,0.03945320844208391,0.33037608806864915,0.630170703489267
"It's the rat from ""Charlotte's Web""",neither,0.038535184464051984,0.3065650727445201,0.6548997427914279
!whosdat,neither,0.03945320844208391,0.33037608806864915,0.630170703489267
"@RangerOfVoid envoy from the Baron of Hollywood, seems to be an expert on the Valley",neither,0.041842373198435895,0.3021755324011717,0.6559820944003925
!whodat,neither,0.03945320844208391,0.33037608806864915,0.630170703489267
VtM doesn't work that way,neither,0.035247805764597503,0.3783168596930237,0.5864353345423788
"GM Jason Carl ( twitter.com/vampiresnvino ), with Erika Ishii ( twitter.com/erikaishii ), Cynthia Marie ( twitter.com/Cyndancer ), B. Dave Walters ( twitter.com/BDaveWalters ), and, Ash Minnick ( twitter.com/moonclad_ash ).",neither,0.03585789670779364,0.45849270597476355,0.5056493973174426
I don't think?,neither,0.0405102716079685,0.3124349674285557,0.6470547609634758
"@rjhallett 6 and up is standard, I believe",neither,0.043527393491031276,0.33656130909787757,0.6199112974110911
Reference to Beakman's World?,neither,0.04680729467368603,0.32609134786015676,0.6271013574661571
its ben,neither,0.032430412133107704,0.3327915497538622,0.6347780381130301
