text,top_class,hate_speech,offensive_language,neither
gandsGameEngine gandsGameEngine gandsGameEngine,neither,0.03945320844208391,0.33037608806864915,0.630170703489267
ya,offensive_language,0.017331157930923866,0.7872544665869478,0.19541437548212848
someone bleeped the music,neither,0.03828721980977167,0.3088765089379555,0.6528362712522728
gandsGameEngine Hi Trisha and Erika!,neither,0.038358606956405694,0.2721397086643902,0.6895016843792041
duckLUL Trisha,neither,0.03945320844208391,0.33037608806864915,0.630170703489267
Erika looks like she could be a Bond Villain,neither,0.05132367926257329,0.4285541221923,0.5201221985451269
I hope the dad jokes continue the entire episode icyPLS,neither,0.05994755483864534,0.2374364424169028,0.7026160027444519
gandsApplaud Hi Trisha and Erika! gandsApplaud,neither,0.038358606956405694,0.2721397086643902,0.6895016843792041
Amanda?!,neither,0.03945320844208391,0.33037608806864915,0.630170703489267
Puns for days on gandsGameEngine,neither,0.0276445259551689,0.30812866529408134,0.6642268087507497
always @ericathestrange always,neither,0.03557448528484342,0.4519132619047061,0.5125122528104504
Lookin' sharp!,neither,0.03945320844208391,0.33037608806864915,0.630170703489267
Hi everyone!,neither,0.032490659208996964,0.4485487193596734,0.5189606214313296
gandsOwlbear Cin,neither,0.03945320844208391,0.33037608806864915,0.630170703489267
Good morning. ;),neither,0.04970930963283925,0.13564577574880146,0.8146449146183593
impressions coming up...,neither,0.036886093570696395,0.3822206601848254,0.5808932462444782
Hi @cinphoria,neither,0.03945320844208391,0.33037608806864915,0.630170703489267
gandsGameEngine gandsGameEngine gandsTheChief gandsGameEngine gandsGameEngine,neither,0.03945320844208391,0.33037608806864915,0.630170703489267
"Ah, Daryl. Interesting.",neither,0.03945320844208391,0.33037608806864915,0.630170703489267
#ReBringBackAsinineWisdomAgain Kappa,neither,0.03945320844208391,0.33037608806864915,0.630170703489267
That's a really good Obama impression wow xD,neither,0.035915005054791706,0.3636862247687273,0.6003987701764809
right!?!?!,neither,0.03719022913728602,0.3744360956046963,0.5883736752580178
That monster!,neither,0.03476908919624869,0.38150422245866583,0.5837266883450856
oh god no not zombies >.<,neither,0.042053434264907194,0.30310646900324256,0.6548400967318502
I love this joke.,neither,0.03565131668821369,0.34974362470158404,0.6146050586102022
Luigi kinda deserved it in the end. lol,neither,0.0313599369555307,0.3618910058644754,0.6067490571799938
Just like an older brother jenBaka,neither,0.0449212678769993,0.36079170354663515,0.5942870285763655
RAAAIIIDD! hUGS FOR THE HUG INCLINED,neither,0.03454421066142405,0.2978767114667817,0.6675790778717943
Welcome Raiders!,neither,0.03945320844208391,0.33037608806864915,0.630170703489267
GENUINE ENTHUSIASM amydCheers amydCheers,neither,0.03945320844208391,0.33037608806864915,0.630170703489267
gandsHappy gandsHappy amydCheers amydCheers,neither,0.03945320844208391,0.33037608806864915,0.630170703489267
Hi Enthusiarmy!,neither,0.03945320844208391,0.33037608806864915,0.630170703489267
HUGS FOR THE HUG INCLINED,neither,0.03454421066142405,0.2978767114667817,0.6675790778717943
#EnthusiArmy RAID amydFocus amydFocus amydCheers,neither,0.03945320844208391,0.33037608806864915,0.630170703489267
ENTHUSIARAID,neither,0.03945320844208391,0.33037608806864915,0.630170703489267
rooDuck,neither,0.03945320844208391,0.33037608806864915,0.630170703489267
amydCheers amydCheers amydCheers amydCheers,neither,0.03945320844208391,0.33037608806864915,0.630170703489267
lol,neither,0.020706217963973744,0.4882283491876925,0.4910654328483337
#EnthusiArmy RAID! amydCheers and amydFocus,neither,0.03857111107789432,0.2851340175310554,0.6762948713910502
Hiiiiiiiiii!!,neither,0.03945320844208391,0.33037608806864915,0.630170703489267
Overwatch FTW,neither,0.03945320844208391,0.33037608806864915,0.630170703489267
I need an external hard drive before I can play RDR2 on my PS4,offensive_language,0.02322039059836096,0.5749923393979773,0.40178727000366177
Hi @Enthusiamy :),neither,0.03945320844208391,0.33037608806864915,0.630170703489267
This is why the download for RDR2 was 4 days ago,neither,0.03103246334588014,0.3090783282893419,0.6598892083647779
hi all,neither,0.0423466876598404,0.4436528871510691,0.5140004251890904
Overwatch good choice,neither,0.038646890518034216,0.3306534177769241,0.6306996917050417
woo,neither,0.03945320844208391,0.33037608806864915,0.630170703489267
gandsOwlbear gunheadx,neither,0.03945320844208391,0.33037608806864915,0.630170703489267
it will take me a week to download 100gb :( @Ossborn,neither,0.03823382672863801,0.3404773195428677,0.6212888537284943
bwahahhahahahaha Sean Bean,neither,0.03945320844208391,0.33037608806864915,0.630170703489267
That's Sean Bean. :D,neither,0.03586851545906367,0.3693134578365164,0.5948180267044199
"Try not killing Sean Bean, it can't be done",neither,0.03763988747332633,0.3418547116968698,0.6205054008298039
hahahaha Beanaverse bwahahahahaha,neither,0.03945320844208391,0.33037608806864915,0.630170703489267
#Beaniverse,neither,0.03945320844208391,0.33037608806864915,0.630170703489267
gandsOwlbear @Ronin_Monkey,neither,0.03945320844208391,0.33037608806864915,0.630170703489267
"@EricaTheStrange you can start the download early, you'll be right on time to play",neither,0.0663506209946492,0.39786710940068076,0.53578226960467
ramaO i would read this Book,neither,0.038734102151927595,0.32669037376261056,0.6345755240854618
@EricaTheStrange I would never buy a game this large as a download version,neither,0.03511112747263807,0.34784148193728887,0.6170473905900731
dont forget to breath Erika :D,neither,0.046208451199959664,0.32642968911534914,0.6273618596846913
"Download the new Critical Role theme song for Campaign Two! http://itunes.apple.com/album/id1331550250?ls=1&app=itunes Sales of the song support the musician, Jason Charles Miller.",neither,0.04445767596344001,0.2510827790306858,0.7044595450058742
lol,neither,0.020706217963973744,0.4882283491876925,0.4910654328483337
All the spoilers today..,neither,0.03772434023602628,0.37539768878305324,0.5868779709809204
He also died in silent hill,neither,0.04318979304846549,0.329090905279176,0.6277193016723585
!time,neither,0.036668274527354654,0.377643684699956,0.5856880407726893
This is my canon now.,neither,0.03181873230515811,0.46585733543699576,0.5023239322578461
!clock,neither,0.03945320844208391,0.33037608806864915,0.630170703489267
It is currently Tuesday 4:07 PM at the Geek & Sundry studio in California.,neither,0.05097720567189733,0.32965618653669476,0.6193666077914081
ty ty lol,neither,0.034429805907950355,0.36559849949382145,0.5999716945982282
duckTU,neither,0.03945320844208391,0.33037608806864915,0.630170703489267
I hope the download for Fallout 76 isn't to big @MrNY2CALi @Ossborn,neither,0.0452021955608097,0.27188650110696333,0.682911303332227
wait why is there an arm,neither,0.03551338797414983,0.29957527689792074,0.6649113351279293
Oh Trish. Evil comes naturally when you're a cat.,neither,0.06042340139140137,0.3414172331585564,0.5981593654500423
Clatu Verata NeCOUGH,neither,0.03945320844208391,0.33037608806864915,0.630170703489267
@Squirrel_Gamez why not?,neither,0.019254511639927464,0.36928594044212826,0.6114595479179443
lol,neither,0.020706217963973744,0.4882283491876925,0.4910654328483337
good point,neither,0.0384949807179819,0.3307056665230775,0.6307993527589406
@Ossborn close enough,neither,0.03945320844208391,0.33037608806864915,0.630170703489267
"Help G&S make great content! $4.99/month gets you emotes, Minecraft server access, sub-only VODs, and more! Every sub keeps the channel alive! twitch.tv/geekandsundry/subscribe",neither,0.043907990691603095,0.31135964332838284,0.644732365980014
"Be afraid, be very afraid :p",neither,0.04005758070111891,0.3354370235555641,0.624505395743317
I'm more bothered that the glove is for the opposite hand of that severed arm Kappa,neither,0.03670802214873508,0.33447622558488216,0.6288157522663828
gandsHR gandsHR gandsHR,neither,0.03945320844208391,0.33037608806864915,0.630170703489267
Whuuuuut,neither,0.03945320844208391,0.33037608806864915,0.630170703489267
Wait... EVE Online fights cheating?,neither,0.03945320844208391,0.33037608806864915,0.630170703489267
"wow, Gassly is a fist stage pokemon, too young",neither,0.0423636189213755,0.3643228289142,0.5933135521644246
Ugh why is everything good coming out lately? I only have so much time and I'm nowhere near finished with AC Odyssey,neither,0.028047233976841453,0.374795932205996,0.5971568338171626
Does this mean we can plan a space prison break?,neither,0.030425110360078497,0.41329900319187296,0.5562758864480486
those morgan freeman impressions are uncanny,neither,0.07852313787953699,0.24961726747669352,0.6718595946437695
Somebody contact Wentworth Miller... he knows all about prison breaks,neither,0.042519738997735014,0.3851061257131535,0.5723741352891115
that's a really creative way to handle toxic video game players,neither,0.0442282929677765,0.2689187202147891,0.6868529868174343
I havnt even started with Odyssey.... or Origins.... ofr finished Syndicate,neither,0.030831526096347588,0.3688791176564203,0.6002893562472321
XD,neither,0.03945320844208391,0.33037608806864915,0.630170703489267
whats this about?,neither,0.037386165108958334,0.36545920798501896,0.5971546269060226
#CrittenDAMN,neither,0.03945320844208391,0.33037608806864915,0.630170703489267
!wtfisthis,neither,0.03945320844208391,0.33037608806864915,0.630170703489267
"Welcome to #GameEngine! We'll be discussing the latest gaming news, showcasing new games, and interviewing people in the gaming industry!",neither,0.05363492194748562,0.26739386076077604,0.6789712172917384
ahahahahahaha,neither,0.03945320844208391,0.33037608806864915,0.630170703489267
Typical. Haha,neither,0.03452568863502721,0.41400895899635093,0.5514653523686218
I haven't finished Origins yet either >.>,neither,0.03945320844208391,0.33037608806864915,0.630170703489267
#ReBringBackAsinineWisdomAgain Kappa,neither,0.03945320844208391,0.33037608806864915,0.630170703489267
"This is the best gag I've seen yet, I think",neither,0.026149477805682685,0.29621779350903815,0.6776327286852791
omgwtflol,neither,0.03945320844208391,0.33037608806864915,0.630170703489267
nice one,neither,0.038104981566877257,0.3798387499096277,0.582056268523495
duckLUL,neither,0.03945320844208391,0.33037608806864915,0.630170703489267
LUL,neither,0.03945320844208391,0.33037608806864915,0.630170703489267
This is a good sketch.,neither,0.046938509074552874,0.3293695209521966,0.6236919699732505
Oh Daryl,neither,0.0450478101092574,0.2772031091301225,0.6777490807606199
where does it end?!,neither,0.02522011220578492,0.44070756425177204,0.534072323542443
Omggggg Kevin,neither,0.03945320844208391,0.33037608806864915,0.630170703489267
Memento: Put on pants. Put disks into packaging. Put letter in envelope.,neither,0.03782934092969347,0.33808683452735433,0.6240838245429523
"Is this a sketch, or just Daryl's normal day?",neither,0.04163562293324559,0.3338553534432422,0.6245090236235122
Just today?!,neither,0.029924109387670494,0.32948818864479595,0.6405877019675336
!whenistm,neither,0.03945320844208391,0.33037608806864915,0.630170703489267
Kevin plays the flute? Kappa,neither,0.038861894659055,0.319648300371515,0.6414898049694301
worst flutist ever,neither,0.0409764850061788,0.3045221093409133,0.654501405652908
!whenistm,neither,0.03945320844208391,0.33037608806864915,0.630170703489267
You can unlock Evie in Odyssey as a Lieutenant to be on your ships crew if you platinum Syndicate @Ossborn,neither,0.06435495016556528,0.44073965741204013,0.4949053924223946
"gandsBrian Talks Machina gandsBrian is on at 7 PM PDT on Tuesdays, it is currently 4:11 PM PDT on Tuesday. There is 2 Hours, 48 Minutes, 55 Seconds until the next episode of Talks Machina. This has command has been run 360 times but has probably been asked about way more.",neither,0.0411140502404043,0.3429935789946593,0.6158923707649364
MOOD today Daryl. Asthma with a cough sucks,neither,0.032418499299750256,0.33834873247024144,0.6292327682300083
hmm.. he seems a bit nervous.. just a bit,neither,0.03971549207128778,0.3411609239392001,0.6191235839895121
rama10 bit,neither,0.03945320844208391,0.33037608806864915,0.630170703489267
I love Daryl so much XDDD,neither,0.03450537421039619,0.3747190890271058,0.590775536762498
"Ships in AC,,,, UGH",neither,0.03945320844208391,0.33037608806864915,0.630170703489267
"ok I'm off, wish you all a good night cya all and have fun",neither,0.04581097859622638,0.45618992139337594,0.49799910001039766
"There are no cannons in Odyssey, it's all flaming arrows and javalins and ramming ships at full speed @Ossborn",neither,0.06141084621992333,0.29240504860057276,0.6461841051795039
gandsBeau,neither,0.03945320844208391,0.33037608806864915,0.630170703489267
later gunheadx,neither,0.03945320844208391,0.33037608806864915,0.630170703489267
"i love these Game Engine stagers, but they're no Stager Danger",neither,0.05143247999113691,0.34935384160127764,0.5992136784075853
Dev sweatshops.,neither,0.03945320844208391,0.33037608806864915,0.630170703489267
Crunch needs to be eliminated,neither,0.04504447724503999,0.3302267308404686,0.6247287919144914
The Game Industry needs a UNION,neither,0.038110183047223564,0.2776825656494075,0.6842072513033689
"When people die for spending too many hours in front of a computer, it's a bit daft just for a game. But the release date back, if it's a good game, it wont hurt it. Look at GTAV.",neither,0.053850405358823676,0.2675201139757854,0.6786294806653909
"crunches, that reminds me. i have to work on my core",neither,0.026255303418076338,0.45705086242283754,0.5166938341590861
Protect work life balance,neither,0.03667676534552853,0.37794387869665375,0.5853793559578176
I don't think it is worth it. If you need to crunch that hard I would rather a delay and make it look/work better than over stretch their staff.,neither,0.03366093597596908,0.4661757788806973,0.5001632851433337
The results of bad planning,neither,0.035991711664930225,0.3177968424951422,0.6462114458399275
"If you're working that many hours, you are NOT doing your best work. Overtime is necessary, but there needs to be a limit.",neither,0.08970001274139398,0.3567194909534931,0.5535804963051129
"@Ronin_Monkey you might want that, but shareholders dont. and guess who pays the bills?",neither,0.04294488360530084,0.39601102600856386,0.5610440903861352
crunch is a failure of the management not an accomplishment of the workers,neither,0.04219060485438964,0.31105579729319843,0.6467535978524119
it's not all bad planning. a lot of it is just that you only have so long to not release a game or else you don't get enough revenue to pay your employees :/,neither,0.06784376153126337,0.42610342610791063,0.506052812360826
We have a subscriber-only Discord server! Join here: https://discord.gg/geekandsundry (you'll need to sub and link it to your Twitch) and be a part of the fun!...Warning: It can take up to an hour for the server to update and give you access to the channels,neither,0.08464076273808444,0.286394834032893,0.6289644032290227
"Over worked game creators, means mistakes, and patches, which they wok over time to make. :|",neither,0.03822780489500904,0.2992113300500079,0.6625608650549831
"working for a software company, I get this dilemma",neither,0.035268121705832094,0.31767078676861027,0.6470610915255577
Quality of work over quantity of hours. Karoshi is one of the main causes of death here in Japan,neither,0.05923748928601834,0.3200999021472453,0.6206626085667363
oomph,neither,0.03945320844208391,0.33037608806864915,0.630170703489267
"No employee is ""asked"" to work long hours it's only strongly encouraged for future bonuses, project inclusions, etc",neither,0.04220472354621303,0.31777912999414376,0.6400161464596432
"@pandesaurus I understand, but if you produce a bad product then it fails and the Shareholders are still loosing money. There is a balance that can be had.",neither,0.043272192927823354,0.3372630084923514,0.6194647985798252
"Help G&S make great content! $4.99/month gets you emotes, Minecraft server access, sub-only VODs, and more! Every sub keeps the channel alive! twitch.tv/geekandsundry/subscribe",neither,0.043907990691603095,0.31135964332838284,0.644732365980014
At-Will Employee laws need some updating,neither,0.033445672728630776,0.34002658637281863,0.6265277408985506
"When in reality, most of the temps will be laid off when the project is due...",neither,0.03262762550735543,0.35288868393635514,0.6144836905562894
True.,neither,0.03945320844208391,0.33037608806864915,0.630170703489267
*done,neither,0.03795687855583607,0.3557727113480953,0.6062704100960686
I love these two and this is so important.,neither,0.052625421301903404,0.40050425909610654,0.5468703196019901
Union for devs!!,neither,0.023896577328981292,0.2538532852897668,0.7222501373812519
VoHiYo,neither,0.03945320844208391,0.33037608806864915,0.630170703489267
yeah yeah and all they get is the saying...we can't pay you but we can offer exposure,neither,0.026172735023103088,0.4795217177947739,0.494305547182123
#UnionForGameDevs,neither,0.03945320844208391,0.33037608806864915,0.630170703489267
@enthusiamy agreed on both counts,neither,0.03703609824983806,0.3419399900556428,0.6210239116945191
!respect,neither,0.03945320844208391,0.33037608806864915,0.630170703489267
"If you would like to share opinions on our hosts, guests or fellow viewers, please do so in a respectful manner. Don't make them feel uncomfortable.",neither,0.04843323757214918,0.39559142321184637,0.5559753392160044
oh man,neither,0.0497452509521963,0.354443561064239,0.5958111879835646
hi,neither,0.03945320844208391,0.33037608806864915,0.630170703489267
Hi.,neither,0.03945320844208391,0.33037608806864915,0.630170703489267
hi,neither,0.03945320844208391,0.33037608806864915,0.630170703489267
"I'm happy to work paid overtime at my job to get stuff done, but not at the levels they're talking about.",neither,0.042242376716804426,0.3958010569254766,0.561956566357719
^^^ yeah,offensive_language,0.013968601452186464,0.5182923869769311,0.4677390115708824
Postal Workers over the christmas season and holidays often have to pull 10 hour plus day shifts.,neither,0.04029341574952481,0.29849020113904523,0.66121638311143
......,neither,0.03945320844208391,0.33037608806864915,0.630170703489267
Ugh gamers need to get a grip. The entitlement culture of gamers is ridiculous,neither,0.04778258695160909,0.32070686230351353,0.6315105507448773
I've done that before @baxorn,neither,0.013034354053501042,0.42714448432205204,0.5598211616244468
yea @darkofnate lots of game devs don't even get Paid Overtime,neither,0.03800109131580657,0.3210827934452681,0.6409161152389254
"It's also the rich getting richer, while the real workers get trod on.",neither,0.028905420334061974,0.44001747585161366,0.5310771038143245
We are all excited to get new games but good games > rushed games,neither,0.05581422150896071,0.30424886993274763,0.6399369085582916
Game Devs usually don't unionize because the industry is very fluid & there are a lot of transition betweet jobs,neither,0.05813285128709325,0.24773502769500305,0.6941321210179038
Rockstar credits source: https://twitter.com/thejacobrich/status/1054795582760468485,neither,0.03904445861976024,0.39377858706665975,0.5671769543135801
Want the inside scoop? Join the cast of Critical Role and discuss the most recent episode right here on Talks Machina. Tuesdays 7pm Pacific at twitch.tv/geekandsundry and projectalpha.com,neither,0.04573032993319735,0.22538911733705982,0.7288805527297427
They did make a thankyou page for people that helped,neither,0.0509060607030388,0.33667024878309526,0.6124236905138659
