text,top_class,hate_speech,offensive_language,neither
Yay!!! Lore Masters time!!!,neither,0.03806843090552206,0.35387937684549026,0.6080521922489877
WHat lvls are they currently averaging?,neither,0.08057716196338197,0.2731245961438804,0.6462982418927378
like level 6,neither,0.057143037824847656,0.35482833735751523,0.5880286248176371
Oh Earth.,neither,0.04627389336880576,0.26612541485277325,0.6876006917784209
Lore me Sempai,neither,0.018491955366437673,0.460246435692358,0.5212616089412043
amydCheers GENUINE ENTHUSIASM amydCheers,neither,0.03945320844208391,0.33037608806864915,0.630170703489267
why is he wearing the girls leggings under jeans?,neither,0.029082972385686162,0.384883354451191,0.5860336731631227
WELCOME RAIDERS!,neither,0.03945320844208391,0.33037608806864915,0.630170703489267
Hugs for the Hug inclined!,neither,0.03454421066142405,0.2978767114667817,0.6675790778717943
#EnthusiArmy RAID amydFocus amydCheers amydFocus amydCheers amydFocus amydCheers,neither,0.03945320844208391,0.33037608806864915,0.630170703489267
"Welcome, Amy and Army!",neither,0.03879273625755764,0.29753747113443013,0.6636697926080123
hello,neither,0.03945320844208391,0.33037608806864915,0.630170703489267
Leggings have no gender,neither,0.0382986543193387,0.3499718846777901,0.6117294610028713
!respect,neither,0.03945320844208391,0.33037608806864915,0.630170703489267
"If you would like to share opinions on our hosts, guests or fellow viewers, please do so in a respectful manner. Don't make them feel uncomfortable.",neither,0.04843323757214918,0.39559142321184637,0.5559753392160044
WELCOME EVEN MORE RAIDERS!,neither,0.040250135797977225,0.33560962092341734,0.6241402432786053
"@sparksparksparks -> THE EMOTES, THEY`RE TOO MANY [warning]",neither,0.055080314918249766,0.29325628621143124,0.651663398870319
tinytatoBallpit tinytatoBallpit tinytatoBallpit tinytatoBallpit tinytatoBallpit tinytatoBallpit,neither,0.03945320844208391,0.33037608806864915,0.630170703489267
right on time!,neither,0.03227539357918602,0.40734337409643595,0.5603812323243781
Greetings @Enthusiamy and raiders!,neither,0.03852460340978638,0.282397176840787,0.6790782197494266
#EnthusiArmy RAID! amydCheers amydFocus amydCheers amydFocus,neither,0.03945320844208391,0.33037608806864915,0.630170703489267
amydCheers GENUINE ENTHUSIASM amydCheers,neither,0.03945320844208391,0.33037608806864915,0.630170703489267
Are you ready for some hugs? i am asking consent,neither,0.05732128431983462,0.3132140111586781,0.6294647045214873
tinytatoBallpit tinytatoBallpit tinytatoBallpit,neither,0.03945320844208391,0.33037608806864915,0.630170703489267
i'm sorrRYY :(,neither,0.03945320844208391,0.33037608806864915,0.630170703489267
Hector!,neither,0.03945320844208391,0.33037608806864915,0.630170703489267
"Also, Welcome Erika and Tiny potatoes!",neither,0.03884303444358844,0.3002282314700224,0.6609287340863891
Tiny Potato Raid!,neither,0.03945320844208391,0.33037608806864915,0.630170703489267
We have a subscriber-only Discord server! Join here: https://discord.gg/geekandsundry (you'll need to sub and link it to your Twitch) and be a part of the fun!...Warning: It can take up to an hour for the server to update and give you access to the channels,neither,0.08464076273808444,0.286394834032893,0.6289644032290227
WutFace,neither,0.03945320844208391,0.33037608806864915,0.630170703489267
We raided when Amy Raided.,neither,0.03410175079281558,0.3574079634173966,0.6084902857897878
Tiny potato raid !! tinytatoBallpit tinytatoBallpit,neither,0.03945320844208391,0.33037608806864915,0.630170703489267
We got Tiny Potatoes,neither,0.03817902623034309,0.373455397993351,0.5883655757763059
"Hi @Enthusiamy , @shidareAKI :)",neither,0.03945320844208391,0.33037608806864915,0.630170703489267
"@shidareAKI it was a question, dont be rude",neither,0.03847748763171405,0.3360465416996109,0.625475970668675
OMG HI BRANDY,neither,0.03945320844208391,0.33037608806864915,0.630170703489267
@shidareaki But limbs do,neither,0.03739692727583628,0.3401209566569374,0.6224821160672264
twitchRaid twitchRaid twitchRaid,neither,0.03945320844208391,0.33037608806864915,0.630170703489267
@thisisg I wasn’t. I was answering your question,neither,0.06520330570470674,0.32490146566304007,0.6098952286322532
"Hi Ryan, Hector and Brandy",neither,0.03880474078676617,0.29818336940655654,0.6630118898066774
For a second I thought it would be the Sanctuary tv show. I thought it was kind of random. :D,neither,0.044127760660853776,0.17313312126910724,0.7827391180700388
Hi Enthusiarmy!,neither,0.03945320844208391,0.33037608806864915,0.630170703489267
"Hello, Brandy!",neither,0.03945320844208391,0.33037608806864915,0.630170703489267
RIP Deckard Cain,neither,0.03945320844208391,0.33037608806864915,0.630170703489267
Hi @ErikaIshii and raiders!,neither,0.03868284165753408,0.29150793163893735,0.6698092267035286
Army V tiny Potatoes!!!,neither,0.03945320844208391,0.33037608806864915,0.630170703489267
Darn.. my sub ended and now back to ads..,neither,0.03536611837070823,0.3546270797648098,0.610006801864482
!whodat,neither,0.03945320844208391,0.33037608806864915,0.630170703489267
"Ryan Green ( twitter.com/HydroSnail ), Hector Navarro ( twitter.com/Hectorisfunny ) with guest Brandy Camel ( twitter.com/Dayntee ).",neither,0.035199625289216586,0.4532617654311707,0.5115386092796128
"Download the new Critical Role theme song for Campaign Two! http://itunes.apple.com/album/id1331550250?ls=1&app=itunes Sales of the song support the musician, Jason Charles Miller.",neither,0.04445767596344001,0.2510827790306858,0.7044595450058742
fmgMOVES,neither,0.03945320844208391,0.33037608806864915,0.630170703489267
@Alexanderhero83 Limbs also do not have genders,neither,0.039052796863047,0.34201104113812447,0.6189361619988286
Diablore?,neither,0.03945320844208391,0.33037608806864915,0.630170703489267
Diablore,neither,0.03945320844208391,0.33037608806864915,0.630170703489267
Dialore?,neither,0.03945320844208391,0.33037608806864915,0.630170703489267
@slippydude Watch Vast,neither,0.045326569498177496,0.3283559698749485,0.626317460626874
Is Dick and Johnson gone forever or just on Hiatus?,offensive_language,0.05902727124396414,0.7491328130645512,0.19183991569148476
Brandy is #1,neither,0.04981691255257763,0.32681153499115395,0.6233715524562684
My limbs are genderless for sure,neither,0.03629807887560261,0.4484289393065831,0.5152729818178143
Diablo Lore,neither,0.03945320844208391,0.33037608806864915,0.630170703489267
@Barbadikus Gone forever,neither,0.039334590817233187,0.33238933872969867,0.6282760704530682
Keepo,neither,0.03945320844208391,0.33037608806864915,0.630170703489267
yo,offensive_language,0.04010381111145228,0.5271105317972344,0.4327856570913131
"Help G&S make great content! $4.99/month gets you emotes, Minecraft server access, sub-only VODs, and more! Every sub keeps the channel alive! twitch.tv/geekandsundry/subscribe",neither,0.043907990691603095,0.31135964332838284,0.644732365980014
Brandy is always a fabulous guest!,neither,0.043670181316574366,0.3667280000742096,0.5896018186092161
@Ozai75 thanks,neither,0.035884468650613,0.3004919205142699,0.6636236108351171
!respect,neither,0.03945320844208391,0.33037608806864915,0.630170703489267
"If you would like to share opinions on our hosts, guests or fellow viewers, please do so in a respectful manner. Don't make them feel uncomfortable.",neither,0.04843323757214918,0.39559142321184637,0.5559753392160044
are those diablo leggings under his jeans?,neither,0.12195599351653617,0.2369480476361516,0.6410959588473123
So excited for Blizzcon!,neither,0.03181580832259494,0.34544536915846974,0.6227388225189353
I've come to stay awhile and listen as instructed. :),neither,0.025734807760391075,0.3304380364100309,0.6438271558295781
@Barbadikus Never gone from our hearts gandsJohnson gandsDick,neither,0.036797781423700306,0.35153281836611694,0.6116694002101827
Hi @vexelghost,neither,0.03945320844208391,0.33037608806864915,0.630170703489267
"ok, would like to stay, but it is 1 am and at 6 the night is over, so I wish you all a good night/day/afternoon gandsHug gandsTWC gandsOwlbear",neither,0.05015433835940916,0.3924832287695142,0.5573624328710766
me too hi guys,neither,0.0314417240101325,0.37861561281402,0.5899426631758475
Hi @MarianoTekken,neither,0.03945320844208391,0.33037608806864915,0.630170703489267
"Oh hai, game of my childhood",neither,0.03249871155957925,0.3231418603093205,0.6443594281311001
Lateer @gunheadx,neither,0.03945320844208391,0.33037608806864915,0.630170703489267
hi @MarianoTekken night @gunheadx,neither,0.030217312998605094,0.3299800825775752,0.6398026044238196
@chaoticloony chainbGremmie,neither,0.03945320844208391,0.33037608806864915,0.630170703489267
is it Laura's one shot tonight?,neither,0.04231520353161735,0.33633366521251506,0.6213511312558675
"twitch is twitchy for me, so It is off to Overwatch for me~! tt4n",neither,0.034222137899327584,0.36522232038418484,0.6005555417164876
Humans aren't humans?! SPOILERS....,neither,0.03945320844208391,0.33037608806864915,0.630170703489267
Later @Slippydude,neither,0.03945320844208391,0.33037608806864915,0.630170703489267
cya all,offensive_language,0.046917543854519406,0.6277741405869331,0.3253083155585475
"@Jo11yrog3r05 Yes, in about 3 hours",neither,0.03772903893283122,0.35963974436452134,0.6026312167026475
same old story. SAME old story,neither,0.040472749443687915,0.3396660047357014,0.6198612458206105
Interesting,neither,0.03945320844208391,0.33037608806864915,0.630170703489267
Please tell me they are talking about a Diablo MMO??,neither,0.052522944946127616,0.3507372500514343,0.5967398050024381
Ryan rocking the trinity knot,neither,0.03887653651760191,0.31991784578172433,0.6412056177006737
Diablo was SOooo my game back in the day,neither,0.029072193245501875,0.3417766124507804,0.6291511943037178
A,neither,0.03945320844208391,0.33037608806864915,0.630170703489267
Agreed,neither,0.03945320844208391,0.33037608806864915,0.630170703489267
Hellfire expansion was incredible at the time,neither,0.03720029900207292,0.3525843883603474,0.6102153126375797
Bovine armor was the shit,offensive_language,0.04420870818522152,0.9547815350605489,0.00100975675422963
"Brandy COULD say ""Stay a while, and listen!"" ramaPray rythLore",neither,0.03885275357863223,0.3007435754937455,0.6604036709276222
RIP Deckard Cain BibleThump,neither,0.03945320844208391,0.33037608806864915,0.630170703489267
"Same old story, same recap of old story,",neither,0.04037285998775502,0.3387573216288389,0.620869818383406
I played so much Diablo 1 and 2 and even Titan Quest,neither,0.0346511812115881,0.3150023600574207,0.6503464587309913
!whodat,neither,0.03945320844208391,0.33037608806864915,0.630170703489267
"Ryan Green ( twitter.com/HydroSnail ), Hector Navarro ( twitter.com/Hectorisfunny ) with guest Brandy Camel ( twitter.com/Dayntee ).",neither,0.035199625289216586,0.4532617654311707,0.5115386092796128
Can anyone answer my question of you know?,neither,0.04131318815145848,0.4407729180322448,0.5179138938162967
D1 and D2 was so good for lore,neither,0.032843793195177225,0.30869238606529875,0.658463820739524
"@BlackOzzy87 Just like what you're doing. Ironic, eh?",neither,0.08228529321115842,0.36705485957872436,0.5506598472101173
they're currently just talking about diablo lore in general @xxDominion,neither,0.04739641720645575,0.3456558799682123,0.606947702825332
would saying doctor disrespect women be against rule 2?,neither,0.03962702101950368,0.3581424687069142,0.6022305102735821
@xxDominion looks like it is Diablo as a whole,neither,0.05689377598531094,0.3801093691519792,0.5629968548627098
@xxDominion probably just Diablo lore in general,neither,0.033610314037733374,0.3733621031343927,0.5930275828278738
They focused on the story in 3 but it was badly told and paced imo,neither,0.03433810241523833,0.31307567273206505,0.6525862248526966
Lol thank you all for answering.. 😈😈😈,neither,0.040118729769485856,0.4706294692749008,0.4892518009556133
!rules,neither,0.03945320844208391,0.33037608806864915,0.630170703489267
"1) DON’T BE A DICK! 2) Racism, gender discrimination, homophobia, or any other hatred will not be tolerated 3) Rape jokes are not funny...EVER! 4) No spamming or posting of unnecessary links 5) When we dance, you dance 6) Keep it classy!! 7) Respect thy mod.",offensive_language,0.0549333808378196,0.5008726995738796,0.4441939195883008
hi all 😀,neither,0.0423466876598404,0.4436528871510691,0.5140004251890904
those books,neither,0.07252581909118051,0.2431847156402397,0.6842894652685798
hello @Bigdaddyden76,neither,0.03945320844208391,0.33037608806864915,0.630170703489267
@combustiblerainbowlemons Rule 1 and 6,neither,0.038434791122928746,0.27695075939240005,0.6846144494846712
I only played Diablo 1 & 2,neither,0.03945320844208391,0.33037608806864915,0.630170703489267
"Hi, @Bigdaddyden76",neither,0.03945320844208391,0.33037608806864915,0.630170703489267
Hi @Bigdaddyden76,neither,0.03945320844208391,0.33037608806864915,0.630170703489267
"chaoticloony don't bother with 3, its not a fraction as good as those",neither,0.036789128001389476,0.36026064599814117,0.6029502260004694
hey ty x,neither,0.03945320844208391,0.33037608806864915,0.630170703489267
over 260 in game lore books,neither,0.035690948665116684,0.2894169805834405,0.674892070751443
in D2 with the paladin's zeal lvl 47+ you'd have plenty of time to read about lore,neither,0.041904759155824,0.3990269327863174,0.5590683080578586
There is no cow level,neither,0.04571801779288672,0.30343442436089446,0.6508475578462187
I never played Diablo III either... Sadly,neither,0.036157869431833516,0.3638203576091434,0.6000217729590231
1st rule about the cow level.,neither,0.037720560136015116,0.3378880060090877,0.6243914338548973
"I'm not familiar with it, either. XD",neither,0.027385469129436634,0.3702550207818295,0.6023595100887339
diablo 3 is great,neither,0.05061484561512324,0.2864395912068406,0.6629455631780362
@xxDominion they run sales on d3 and RoS periodically,neither,0.036171170147296754,0.3058231252921198,0.6580057045605834
I still need to finish Diablo II,neither,0.04400808126771555,0.33806938953695304,0.6179225291953315
"Sadly, I don't have a computer atm.. To play it",neither,0.04291883625473795,0.3346440141501102,0.622437149595152
!whodat,neither,0.03945320844208391,0.33037608806864915,0.630170703489267
"Ryan Green ( twitter.com/HydroSnail ), Hector Navarro ( twitter.com/Hectorisfunny ) with guest Brandy Camel ( twitter.com/Dayntee ).",neither,0.035199625289216586,0.4532617654311707,0.5115386092796128
oh neat,neither,0.0450478101092574,0.2772031091301225,0.6777490807606199
Is Laura’s one shot tonight?,neither,0.04423577400546222,0.33603238137361163,0.6197318446209261
"Soulstone, Thanos did nothing wrong",neither,0.03643946029935729,0.3815272593066213,0.5820332803940215
its on ps4 and xbox one too,neither,0.031509032349459606,0.33820024013709826,0.6302907275134422
"oh right, that did happen didn't it.",neither,0.026504798134650624,0.3768126684376624,0.5966825334276868
@SeanGillam123 yep,neither,0.03945320844208391,0.33037608806864915,0.630170703489267
@SeanGillam123 Yup!,neither,0.03945320844208391,0.33037608806864915,0.630170703489267
and a red soul shard legendary gem,neither,0.03876216247560294,0.30078122575707095,0.6604566117673261
yes @SeanGillam123,neither,0.03945320844208391,0.33037608806864915,0.630170703489267
even on ps3 and 360 but original version,neither,0.03487366174416857,0.3292570727475253,0.6358692655083062
What time?,neither,0.047870414617888955,0.35904887146102776,0.5930807139210833
cipher_o_multiverso: Pega no meu pau,neither,0.03844597881425784,0.3474714035127187,0.6140826176730235
woops,neither,0.03945320844208391,0.33037608806864915,0.630170703489267
Mephisto and Baal are both in 2,neither,0.07879537107474566,0.21425857234314077,0.7069460565821136
!wheniscr,neither,0.03945320844208391,0.33037608806864915,0.630170703489267
"gandsMattBlindfold Critical Role is on at 7 PM PDT on Thursdays, it is currently 4:13 PM PDT on Thursday. There is 2 Hours, 46 Minutes, 33 Seconds until the next episode of Critical Role. This command has been run 1220 times but has probably been asked about way more. gandsNein",neither,0.04092858457209653,0.3440000929755002,0.6150713224524033
"Mephisto, Baal",neither,0.03945320844208391,0.33037608806864915,0.630170703489267
"Prime evil is like Murder. Lesser evil is like, camping in the left lane",neither,0.056471665843917475,0.33339003355227814,0.6101383006038045
"I'm Dariel, this is Duriel.",neither,0.06444388513749441,0.32581973129223984,0.6097363835702658
"Andarielle is the female one, Duriel is actually male",neither,0.04966295645400272,0.36497139211833335,0.5853656514276638
Mephisto in D3.....o boy,neither,0.03945320844208391,0.33037608806864915,0.630170703489267
"@SeanGillam123 the time it's always on, 7pm pdt",neither,0.032687523256002396,0.3924566744170788,0.5748558023269188
"""camping the left lane"" LUL",neither,0.03885577527475916,0.3195355821676838,0.641608642557557
Oh no he didn't compare Diablo lord to Mario lore...,neither,0.03881483943222303,0.33259145315199173,0.6285937074157852
"And Mephisto is in Diablo 2, not 3 :(",neither,0.051163554983219596,0.2653796720794005,0.6834567729373799
Mephisto is at the end of Act 3 of Diablo 2,neither,0.043977459657668645,0.3581064115495318,0.5979161287927997
"It's a me, Diablo!",neither,0.020928709296978248,0.4277646322666584,0.5513066584363633
Agreed Kujo,neither,0.03945320844208391,0.33037608806864915,0.630170703489267
why so much timeouts ?,neither,0.020730925262671607,0.42314222709655874,0.5561268476407697
The Eye of Anu,neither,0.050824111776233256,0.30385519477623757,0.6453206934475293
"Keep pushing us, we can ban you too",neither,0.0856586202849388,0.3588877812306819,0.5554535984843794
Why so much troll?,neither,0.025589818964842966,0.393096078467362,0.5813141025677951
We have a subscriber-only Discord server! Join here: https://discord.gg/geekandsundry (you'll need to sub and link it to your Twitch) and be a part of the fun!...Warning: It can take up to an hour for the server to update and give you access to the channels,neither,0.08464076273808444,0.286394834032893,0.6289644032290227
Like Skeksis and urRu.,neither,0.07338860942449144,0.25625415579045213,0.6703572347850565
Front page again?,neither,0.03762552829493512,0.3613965900308565,0.6009778816742084
probably :P,neither,0.037248874780404465,0.3677893831597844,0.5949617420598112
"@thirt33nthstar Surprisingly, no",neither,0.036918905254960256,0.37338982715841207,0.5896912675866277
End of Act 1 in d3 is my favorite part of D3,neither,0.03480492662690045,0.4107570873655315,0.554437986007568
"Help G&S make great content! $4.99/month gets you emotes, Minecraft server access, sub-only VODs, and more! Every sub keeps the channel alive! twitch.tv/geekandsundry/subscribe",neither,0.043907990691603095,0.31135964332838284,0.644732365980014
what time does Crit Roll come on?,neither,0.027019433442662683,0.4818307918844418,0.4911497746728955
!wheniscr,neither,0.03945320844208391,0.33037608806864915,0.630170703489267
"gandsMattBlindfold Critical Role is on at 7 PM PDT on Thursdays, it is currently 4:16 PM PDT on Thursday. There is 2 Hours, 43 Minutes, 49 Seconds until the next episode of Critical Role. This command has been run 1221 times but has probably been asked about way more. gandsNein",neither,0.04093191417224833,0.34402913029850346,0.6150389555292483
Not front page to me,neither,0.03673297431899017,0.3704500776560678,0.5928169480249421
D1 with its friendly fire and constant lag made it a fun game running around in groups,neither,0.030995077489846423,0.3116621521626279,0.6573427703475258
