text,top_class,hate_speech,offensive_language,neither
Is there a way to pass along to the photographer that we really like the photos?,neither,0.055394574972337074,0.31552782609595753,0.6290775989317056
Favorite Ice Cream Flavor... GO!,neither,0.04035355377770046,0.33349864589291234,0.6261478003293872
Good evening Callistonians!,neither,0.03869882722860525,0.3306355543605695,0.6306656184108252
hmm.. season final doesnt mean callisto 6 final.. does it?,neither,0.031131161301022635,0.40011700735786754,0.5687518313411098
The fan and pics are great,neither,0.05943243093199641,0.22406664395962322,0.7165009251083803
Strawberry,neither,0.03945320844208391,0.33037608806864915,0.630170703489267
Chunky Monkey,neither,0.04457069571517105,0.07441637092656428,0.8810129333582647
many,neither,0.03945320844208391,0.33037608806864915,0.630170703489267
@sgpch They're planning several seasons of it,neither,0.05007727023097935,0.31152802587874334,0.6383947038902774
@Die_Giant_Monster_Die mint chocolate chip,neither,0.03945320844208391,0.33037608806864915,0.630170703489267
mint chocolate chip,neither,0.03945320844208391,0.33037608806864915,0.630170703489267
We have a subscriber-only Discord server! Join here: https://discord.gg/geekandsundry (you'll need to sub and link it to your Twitch) and be a part of the fun!...Warning: It can take up to an hour for the server to update and give you access to the channels,neither,0.08464076273808444,0.286394834032893,0.6289644032290227
Cappuccino Skor,neither,0.03945320844208391,0.33037608806864915,0.630170703489267
Next week is just the season finale followed by a scheduled six week break and then season two,neither,0.04049016425677621,0.32966495910349114,0.6298448766397327
thats good @kaioraya,neither,0.03843242643580485,0.3307271818091824,0.6308403917550126
rocky road or moose tracks,neither,0.03945320844208391,0.33037608806864915,0.630170703489267
"@sgpch Nah, just a break for a few weeks.",neither,0.0312324388756937,0.3227408117290485,0.6460267493952578
Pumpkin Cheesecake,neither,0.03945320844208391,0.33037608806864915,0.630170703489267
oh wait Hagandaas chocolate chocolate chip,neither,0.04275797825404088,0.2984619769856019,0.6587800447603571
"@kaioraya Yes, I actually just told him. You can follow him at instagram.com/puffysaintlouis/",neither,0.04383084954259703,0.39916808641763263,0.5570010640397703
Green Tea for me. But all great choices.,neither,0.028902754630447534,0.35084800619712925,0.6202492391724231
Josh is an awesome photographer.,neither,0.045683740973620615,0.32433840862887353,0.6299778503975058
@Alexanderhero83 That sounds good.,neither,0.03374869259673493,0.38474162783010746,0.5815096795731577
Josh is the photographer?,neither,0.0457562527542657,0.31382793847869295,0.6404158087670413
hello peopo,neither,0.03945320844208391,0.33037608806864915,0.630170703489267
@Danoba Thank you! I unfortunately don't do instragram but I do love his photos,neither,0.06511082061401705,0.38052718553652604,0.5543619938494568
"Download the new Critical Role theme song for Campaign Two! http://itunes.apple.com/album/id1331550250?ls=1&app=itunes Sales of the song support the musician, Jason Charles Miller.",neither,0.04445767596344001,0.2510827790306858,0.7044595450058742
@kaioraya Np. I'll pass that along.,neither,0.036439188129470994,0.36302750868676853,0.6005333031837604
I wonder what show is gonna be in c6 place,neither,0.07314740988481738,0.25468519597482897,0.6721673941403536
JCM on Vampire tonight,neither,0.0340767666043533,0.321362647200826,0.6445605861948206
getting a bit of a late stsart tonight,neither,0.033896878450181744,0.3701060316893196,0.5959970898604988
!clock,neither,0.03945320844208391,0.33037608806864915,0.630170703489267
It is currently Friday 4:03 PM at the Geek & Sundry studio in California.,neither,0.05257364532538693,0.3294993765834879,0.6179269780911252
"I just tend to follow the games, not the behind the scenes stuff.",neither,0.0382498506199752,0.3162967981580776,0.6454533512219471
"Also, I love Jason Charles Miller.",neither,0.03748077703247391,0.3394796688307825,0.6230395541367436
Are we certain that the LA By Night guests aren't violating the masquerade? Because I could see JCM as a vampire,neither,0.04289971911371121,0.3542633421819995,0.6028369387042893
"""Is this a taliesin"" omg im dying",neither,0.046626942817688644,0.3618069169431321,0.5915661402391793
@OrionLightning Really?,neither,0.03945320844208391,0.33037608806864915,0.630170703489267
!whodat,neither,0.03945320844208391,0.33037608806864915,0.630170703489267
"GM Eric Campbell ( twitter.com/16BitEric ), with Aliza Pearl ( twitter.com/AlizaPearl ), Gina DeVivo ( twitter.com/PocketGina ), Sam de Leve ( twitter.com/ChaiKovsky ), Amy Dallen ( twitter.com/enthusiamy ), Hector Navarro ( twitter.com/Hectorisfunny ), Bonnie Gordon ( twitter.com/BonnieBellG ).",neither,0.03673732733147788,0.4718529441656544,0.4914097285028677
"Help G&S make great content! $4.99/month gets you emotes, Minecraft server access, sub-only VODs, and more! Every sub keeps the channel alive! twitch.tv/geekandsundry/subscribe",neither,0.043907990691603095,0.31135964332838284,0.644732365980014
Callisto-sixing frequences are open!,neither,0.08644556988337024,0.2581296959519982,0.6554247341646315
Woo!!!,neither,0.03945320844208391,0.33037608806864915,0.630170703489267
:D,neither,0.03945320844208391,0.33037608806864915,0.630170703489267
I got my snickers and twizzlers ready!,neither,0.02805070224182434,0.40750963575728494,0.5644396620008908
Aliza is back. Yeah,neither,0.02551436539068329,0.47508126193368716,0.4994043726756295
nooooooooooo,neither,0.03945320844208391,0.33037608806864915,0.630170703489267
:(,neither,0.03945320844208391,0.33037608806864915,0.630170703489267
Aww yiss season 2.,neither,0.03971061278763686,0.32600726455280465,0.6342821226595585
"Am sad, i love this show",neither,0.05141470291937343,0.267175000911419,0.6814102961692076
"I had a minor heartattack with the words ""Next Year"" then I remembered that's like ten weeks from now",neither,0.03568325380309024,0.37105377792310373,0.5932629682738061
I thought Sam was in England,neither,0.042065835783301336,0.24849587173793247,0.7094382924787661
What am I going to do on Fridays?,neither,0.046841835225770935,0.3571305874425716,0.5960275773316575
Wait. Not even ten weeks,neither,0.03756351339016341,0.34791429833206516,0.6145221882777714
Hellclaw and Snakefire,neither,0.03763944115734239,0.1918412352459551,0.7705193235967025
!whodat,neither,0.03945320844208391,0.33037608806864915,0.630170703489267
"GM Eric Campbell ( twitter.com/16BitEric ), with Aliza Pearl ( twitter.com/AlizaPearl ), Gina DeVivo ( twitter.com/PocketGina ), Sam de Leve ( twitter.com/ChaiKovsky ), Amy Dallen ( twitter.com/enthusiamy ), Hector Navarro ( twitter.com/Hectorisfunny ), Bonnie Gordon ( twitter.com/BonnieBellG ) with special guest Xander Jeanneret ( twitter.com/Xanderrific ).",neither,0.038936534622865344,0.47326620447273554,0.48779726090439907
@gryphangirl Might be thinking about Sam Riegel,neither,0.038395412086383494,0.35853330776155923,0.6030712801520574
oh mannnnnnnn,neither,0.051363287716059566,0.22255663153133606,0.7260800807526044
O_o,neither,0.03945320844208391,0.33037608806864915,0.630170703489267
Oh man.,neither,0.0497452509521963,0.354443561064239,0.5958111879835646
PogChamp,neither,0.03945320844208391,0.33037608806864915,0.630170703489267
Good timing with that Poll,neither,0.027979809412776082,0.39166617686646693,0.580354013720757
Oh CRAP,neither,0.045908644929896054,0.2694026408968615,0.6846887141732424
OMG this is awesome! We are the vote!,neither,0.06789062690987784,0.2815125014374999,0.6505968716526223
,neither,0.03945320844208391,0.33037608806864915,0.630170703489267
what about early voting? mail in ballots?,neither,0.042949317948644504,0.3288560610071743,0.6281946210441812
OH MANNN,neither,0.045811638806079476,0.27027630719149476,0.6839120540024257
This is so coolL!!!!!,neither,0.057692595345134906,0.4206183136808414,0.5216890909740237
Robin will die.,neither,0.20521377747624114,0.11356690054182503,0.6812193219819337
Power to the people. VOTE.,neither,0.07870072299359868,0.30630086607023677,0.6149984109361645
*Brain Explosion!!!**,neither,0.03945320844208391,0.33037608806864915,0.630170703489267
Vote! Love it!,neither,0.034215266051977895,0.34779068323292883,0.6179940507150933
"lol, love it",neither,0.022055634306850848,0.4469456750562876,0.5309986906368616
Straw poll ?,neither,0.03945320844208391,0.33037608806864915,0.630170703489267
If only actual polls allowed voting that long during normal voting period,neither,0.03011742019464183,0.36991479301557334,0.5999677867897848
How many times can we vote?,neither,0.03955853800011852,0.32858837058056006,0.6318530914193214
What a campbell cliffhanger!!,neither,0.045915666119560924,0.3257693565681219,0.6283149773123172
SO good,neither,0.03814044697628118,0.4245687317089837,0.5372908213147352
"that's just evil, eric.",neither,0.03205803044971643,0.38760841490237835,0.5803335546479053
Xander~ yungtownLove,neither,0.03945320844208391,0.33037608806864915,0.630170703489267
how do you vote?,neither,0.06361171166952533,0.389220772080794,0.5471675162496806
Damn it Eric,offensive_language,0.04305042049898268,0.836636831301932,0.1203127481990852
"The internet is going to screw over this poll as uaual, #typicalinternet",neither,0.043768362019823974,0.3576622241142706,0.5985694138659055
"Make sure to vote - if your vote didn't matter, they wouldn't try to take it away from you!",neither,0.04409323300351554,0.4411628011873314,0.5147439658091529
@icdacat poll will be put up next week,neither,0.03829120438108286,0.3660797914935772,0.59562900412534
That's a clever cliffhanger.,neither,0.03476908919624869,0.38150422245866583,0.5837266883450856
Z: the measure that's just as confusingly worded as many California measures,neither,0.04166053792481743,0.3990723222443756,0.559267139830807
Thank you Eric,neither,0.057780898325302935,0.39134854824816984,0.5508705534265272
so we should vote to fuck over callisto 6 as much as possible right?,offensive_language,0.11825484896282945,0.8649860623626026,0.01675908867456816
Hmmm... vote for a better world? Or vote for more drama....,neither,0.03430003498164701,0.2957446521579499,0.6699553128604031
This is the best meta guide for American voters I've ever seen done,neither,0.026886629992735795,0.26770913316985645,0.7054042368374077
amy pls,neither,0.03945320844208391,0.33037608806864915,0.630170703489267
,neither,0.03945320844208391,0.33037608806864915,0.630170703489267
November 6! Vote!,neither,0.03945320844208391,0.33037608806864915,0.630170703489267
uhh its a callisto 7 episode today.. thats nice :D,neither,0.03412142605942842,0.3157520804504212,0.6501264934901504
< 3 this idea,neither,0.03931678575368937,0.3326915371255502,0.6279916771207604
ROBIN,neither,0.03945320844208391,0.33037608806864915,0.630170703489267
We're going to kill Robin!,hate_speech,0.42552571259794064,0.17987942299913115,0.3945948644029282
Like I said,neither,0.06524768603435285,0.3641794942176456,0.5705728197480014
@Danoba Is it gonna be a twitter poll or is it gonna be a poll on the website?,neither,0.04248253984231636,0.42459891620803486,0.5329185439496488
Robin will die.,neither,0.20521377747624114,0.11356690054182503,0.6812193219819337
KILL JASON TODD,neither,0.33979418210741696,0.20302949593352668,0.4571763219590564
@VermillionCrimson It'll be a link to a poll.,neither,0.04412022739544457,0.33067263776372285,0.6252071348408325
Cus I don't have twitter lol,offensive_language,0.03059982679868011,0.5166290350188144,0.45277113818250553
@Danoba Cheers!,neither,0.03945320844208391,0.33037608806864915,0.630170703489267
Just keep checking G&S socials on Tuesday to see when we tweet it out.,neither,0.029151933567281373,0.39308318206962245,0.5777648843630961
thanks Hector,neither,0.035884468650613,0.3004919205142699,0.6636236108351171
Sam's neck Tattoo is like the Sam's Flask on Critical Role,neither,0.046298924774275184,0.33467937241283513,0.6190217028128897
lol,neither,0.020706217963973744,0.4882283491876925,0.4910654328483337
Cap would easily beat batman if he wasn't such a good guy,neither,0.030917354502881775,0.35890919094577567,0.6101734545513425
Cap also has a super soldier serum,neither,0.039742733650639676,0.32546208967887424,0.6347951766704861
#MikeDrop for Hector.,neither,0.023896577328981292,0.2538532852897668,0.7222501373812519
Sam's neck tattoo is like the Zoli of the day,neither,0.05312975672504661,0.3040531497451831,0.6428170935297702
I love this so much,neither,0.030554670301820085,0.4160811300226451,0.5533641996755347
Ha!,neither,0.03945320844208391,0.33037608806864915,0.630170703489267
Hey @Danoba,neither,0.03945320844208391,0.33037608806864915,0.630170703489267
"Yay, teh_spikey!",neither,0.03945320844208391,0.33037608806864915,0.630170703489267
AYAYA,neither,0.03945320844208391,0.33037608806864915,0.630170703489267
The writer determines who wins. Always.,neither,0.03766910789341555,0.4128143301585621,0.5495165619480222
Hey @HatefulJerk,neither,0.03945320844208391,0.33037608806864915,0.630170703489267
Hey @cinphoria,neither,0.03945320844208391,0.33037608806864915,0.630170703489267
Abs Always be Shipping,neither,0.03800650855500426,0.3952703909073543,0.5667231005376416
Teh_spikey!! Thats so cool!!,neither,0.039408332415700915,0.38917678151634416,0.5714148860679549
hey @HatefulJerk !,neither,0.03945320844208391,0.33037608806864915,0.630170703489267
Nice!!!,neither,0.03945320844208391,0.33037608806864915,0.630170703489267
Nice Screen!,neither,0.03945320844208391,0.33037608806864915,0.630170703489267
kool,neither,0.03945320844208391,0.33037608806864915,0.630170703489267
oh MAN. look at that glossy colour!,neither,0.0413911720317999,0.3978072743213633,0.5608015536468368
ramaV ramaV,neither,0.03945320844208391,0.33037608806864915,0.630170703489267
Amazing,neither,0.03945320844208391,0.33037608806864915,0.630170703489267
"Trinculo, from The Tempest, most likely.",neither,0.03955496015757171,0.30320836244432475,0.6572366773981035
That is sooo cool!,neither,0.043693926496011976,0.37239177086203457,0.5839143026419535
@seratonia -> ONLY HULK CAPSLOCKS [warning],neither,0.03945320844208391,0.33037608806864915,0.630170703489267
Beautiful work!,neither,0.03945320844208391,0.33037608806864915,0.630170703489267
And that GM screen is very schway!,neither,0.04196604452589491,0.3292532165813173,0.6287807388927878
So simple a design but so great :D,neither,0.03545293454335589,0.3814975967998104,0.5830494686568337
XD,neither,0.03945320844208391,0.33037608806864915,0.630170703489267
Whoah. THat's super cool @teh_spikey,neither,0.03496516654335869,0.3793227153485214,0.5857121181081199
"Cobalt is up there as well, he's just invisible.",neither,0.04216822377590455,0.37664010410306886,0.5811916721210265
I wonder how it is made.,neither,0.04690940072002442,0.32781156163607594,0.6252790376438996
They did such a good job!!,neither,0.03904469818897729,0.3263614428857229,0.6345938589252997
#WhatIsReplacingCallisto6 to go with our #WhatIsCallisto6 hashtag?,neither,0.03503565772544999,0.3682028928155499,0.5967614494590001
What is it?!?!,neither,0.06881357098323829,0.31625989446649344,0.6149265345502681
that sounds VERY cyberpunk,neither,0.035132808803554905,0.377460020363203,0.5874071708332422
GASP,neither,0.03945320844208391,0.33037608806864915,0.630170703489267
WHAT,neither,0.057770773616808734,0.3180719994247239,0.6241572269584672
Sam!,neither,0.03945320844208391,0.33037608806864915,0.630170703489267
I BET IT'S SAM,neither,0.03784114590759689,0.3309305502963581,0.6312283037960451
WHO,offensive_language,0.04159901189299763,0.525362713080101,0.4330382750269014
Sam,neither,0.03945320844208391,0.33037608806864915,0.630170703489267
It's sam!,neither,0.037459284651233826,0.3310618898928993,0.6314788254558669
Sam?,neither,0.03945320844208391,0.33037608806864915,0.630170703489267
Sam,neither,0.03945320844208391,0.33037608806864915,0.630170703489267
"we all bet it's Sam, apparently. lol",neither,0.03323712852395116,0.4394037201651329,0.5273591513109159
SAM,neither,0.03945320844208391,0.33037608806864915,0.630170703489267
samhain,neither,0.03945320844208391,0.33037608806864915,0.630170703489267
oh,neither,0.051363287716059566,0.22255663153133606,0.7260800807526044
huh,neither,0.03945320844208391,0.33037608806864915,0.630170703489267
they really needed to cut to a Last Supper Roleplaying at the Table picture,neither,0.04624851416196711,0.330018887842567,0.623732597995466
It's Gina,neither,0.034373745257138544,0.33212314837979673,0.6335031063630647
ALIZA,neither,0.03945320844208391,0.33037608806864915,0.630170703489267
:O,neither,0.03945320844208391,0.33037608806864915,0.630170703489267
<3333,neither,0.03945320844208391,0.33037608806864915,0.630170703489267
ALIZAAAAAA,neither,0.03945320844208391,0.33037608806864915,0.630170703489267
:o,neither,0.03945320844208391,0.33037608806864915,0.630170703489267
YAY,neither,0.03945320844208391,0.33037608806864915,0.630170703489267
ALIZAAAA,neither,0.03945320844208391,0.33037608806864915,0.630170703489267
Yay!!!!!!,neither,0.03945320844208391,0.33037608806864915,0.630170703489267
go Aliza,neither,0.04276165647058889,0.34190019769565555,0.6153381458337556
ITS ALIZA,neither,0.02700859978372578,0.3346563596412867,0.6383350405749875
GM Aliza HYPE!!!!!!!!,neither,0.03945320844208391,0.33037608806864915,0.630170703489267
Nice,neither,0.03945320844208391,0.33037608806864915,0.630170703489267
Awesome,neither,0.03945320844208391,0.33037608806864915,0.630170703489267
YAY!,neither,0.03945320844208391,0.33037608806864915,0.630170703489267
YAAAAAAAAY ALIZA,neither,0.03945320844208391,0.33037608806864915,0.630170703489267
