text,top_class,hate_speech,offensive_language,neither
I MADE IT! WOO,neither,0.037976528148713294,0.3308839861356039,0.6311394857156828
Has there been any talk of a second season in the works?,neither,0.027375677238002123,0.29202370296461205,0.6806006197973858
"To any elders heeding the wants of their childer, let there be a season 2!",neither,0.031163560190386602,0.30626451349918576,0.6625719263104276
Tremere here!,neither,0.22097653003277068,0.2221615150675793,0.55686195489965
"clan Toreador here, as I was Embraced by the one and only Satine Phoenix",neither,0.06447666955393173,0.3407882406533788,0.5947350897926895
I am Brujah,neither,0.03902346103501681,0.3305238979082658,0.6304526410567174
Yay!!! <3,neither,0.03945320844208391,0.33037608806864915,0.630170703489267
release the bats,neither,0.03863408340199506,0.3154250578227379,0.6459408587752671
Tremere reporting in,neither,0.03945320844208391,0.33037608806864915,0.630170703489267
,neither,0.03945320844208391,0.33037608806864915,0.630170703489267
"I am not a nerd, I am a geek. There is a difference.",neither,0.04298573778489754,0.306668352984599,0.6503459092305035
WOHOO!,neither,0.03945320844208391,0.33037608806864915,0.630170703489267
"@Flight_Devil according to the questionnaire at the beginning of VtM: Bloodlines, I'm a Malkavian",neither,0.04272344244571938,0.32056947259863455,0.636707084955646
or well,neither,0.03945320844208391,0.33037608806864915,0.630170703489267
Brujahaha,neither,0.03945320844208391,0.33037608806864915,0.630170703489267
@wulfa989 ive got a first born I'll add to the sacrifice.,neither,0.03699067159138072,0.35021806264443783,0.6127912657641815
@pulpavenger a lot of people have been calling for it on twitter but no announcement yet,neither,0.044540673306231134,0.41831527290449794,0.5371440537892709
Tremere here,neither,0.22097653003277068,0.2221615150675793,0.55686195489965
yaaas,neither,0.03945320844208391,0.33037608806864915,0.630170703489267
VoHiYo,neither,0.03945320844208391,0.33037608806864915,0.630170703489267
"Good evening, fellow Kindred.",neither,0.038875919390412204,0.33057464424545635,0.6305494363641315
"here we go, Vamily!",neither,0.13156755280784707,0.2765461283225309,0.5918863188696221
Good evening all,neither,0.0407757687943942,0.4132731801052576,0.545951051100348
im actually not sure what clan i am,neither,0.03710129023352512,0.4537869948392273,0.5091117149272476
@ChaosS7v7n You bite the heads off chickens?,neither,0.05397472214762009,0.3562871881285217,0.5897380897238581
"Help G&S make great content! $4.99/month gets you emotes, Minecraft server access, sub-only VODs, and more! Every sub keeps the channel alive! twitch.tv/geekandsundry/subscribe",neither,0.043907990691603095,0.31135964332838284,0.644732365980014
oh shit its a werewolf episode moon2WOW,offensive_language,0.045619800389345044,0.9455194840533989,0.00886071555725606
Gangrel,neither,0.03945320844208391,0.33037608806864915,0.630170703489267
I'm a spooky nerd.,neither,0.03945320844208391,0.33037608806864915,0.630170703489267
I've never actually played this. But I'd probably play a Gangrel,neither,0.018746783327349904,0.36745069230151167,0.6138025243711385
Jasper invisible again,neither,0.03796268566241934,0.3556741495940368,0.6063631647435439
"I am...a Toreador, dear Kindred.",neither,0.039207896461341735,0.33046046210775504,0.6303316414309031
oh Nos!,neither,0.051363287716059566,0.22255663153133606,0.7260800807526044
Aww,neither,0.03945320844208391,0.33037608806864915,0.630170703489267
Awwwwwww Jasper buddy,neither,0.03945320844208391,0.33037608806864915,0.630170703489267
Sad.,neither,0.03945320844208391,0.33037608806864915,0.630170703489267
:(,neither,0.03945320844208391,0.33037608806864915,0.630170703489267
MISS YOU ALEX!!,neither,0.04909851543844896,0.3937991133065706,0.5571023712549804
D'oh!,neither,0.051363287716059566,0.22255663153133606,0.7260800807526044
aww,neither,0.03945320844208391,0.33037608806864915,0.630170703489267
Tremere <3,neither,0.03945320844208391,0.33037608806864915,0.630170703489267
Tremere ftw! Especially now that the Pyramid is broken.,neither,0.04157385766250776,0.34668952448774815,0.6117366178497442
oh shit,offensive_language,0.04652059265363964,0.9534729203614298,6.486984930600159e-06
damn it,offensive_language,0.04002844476305787,0.9453293414076719,0.01464221382927025
<3,neither,0.03945320844208391,0.33037608806864915,0.630170703489267
Aw man ):,neither,0.039648093884563376,0.4141925728482654,0.5461593332671711
JAson??,neither,0.03945320844208391,0.33037608806864915,0.630170703489267
JCM PogChamp,neither,0.03945320844208391,0.33037608806864915,0.630170703489267
yay! JCM!!!,neither,0.03945320844208391,0.33037608806864915,0.630170703489267
"Oh, cool.",neither,0.04720127955179003,0.2578925924460871,0.6949061280021229
Though... that makes it sound like there will be more than 8 mebbe?,neither,0.04549135821289865,0.32387338739288457,0.6306352543942169
AHHHH!,neither,0.03945320844208391,0.33037608806864915,0.630170703489267
Miss him but very glad he's got a great gig going <3,neither,0.03330199835781889,0.36587751807526936,0.6008204835669119
oooh daaang,neither,0.03945320844208391,0.33037608806864915,0.630170703489267
JCM!!!,neither,0.03945320844208391,0.33037608806864915,0.630170703489267
ohh shit JCM!,offensive_language,0.043092033161250716,0.9566871319596485,0.0002208348791006376
Goddammit. Second season with more Jasper please!,neither,0.032731402581353264,0.34750993311362544,0.6197586643050214
We miss you Alex,neither,0.04797541988371025,0.3909026015840266,0.5611219785322631
gandsRage gandsRage gandsRage,neither,0.03945320844208391,0.33037608806864915,0.630170703489267
JCM!,neither,0.03945320844208391,0.33037608806864915,0.630170703489267
Is jasper in a band or somethin,neither,0.04552095953416566,0.3282891102276999,0.6261899302381344
Aw Alex is out? He shall be missed,neither,0.04583960173674152,0.3411564411383751,0.6130039571248834
I just saw him on All Work No Play,neither,0.03369145288933194,0.4373158207775809,0.5289927263330871
Jason?!?!,neither,0.03945320844208391,0.33037608806864915,0.630170703489267
Oh cool! JCM! YEAh!,neither,0.025467188392100545,0.40658610001966317,0.5679467115882362
"Welp, if Jasper's not here that just means they have to give us another season, right?",neither,0.09915788933679809,0.33919107386083047,0.5616510368023715
this core cast is great though,neither,0.04359756569337042,0.3112917648483134,0.6451106694583161
JCM tho.,neither,0.03122409610077646,0.34970859411004623,0.6190673097891772
ah so sad to be missing him with so little left to go!,neither,0.04048764794987691,0.4154405830278953,0.5440717690222278
Awww...this will be god,neither,0.04116020480624989,0.31256549145218315,0.6462743037415669
good,neither,0.037820165765928906,0.33093776632913474,0.6312420679049364
JCM!!!,neither,0.03945320844208391,0.33037608806864915,0.630170703489267
"To be clear, that was hype for Jason, not rage at lack of Alex",neither,0.03654210319564094,0.3510985951259649,0.6123593016783941
@ilikedeathmetal666 alex is a professional creature actor,neither,0.04474505130913026,0.32855598064602876,0.6266989680448409
"You're stealing that screen when the campaign ends, aren't you?",neither,0.060410369243665316,0.4139701813369516,0.525619449419383
JCM cool!,neither,0.03945320844208391,0.33037608806864915,0.630170703489267
can we please have a tremere appear in game so we can see how their blood magic works now? D:,neither,0.03889415043537002,0.33302980589411424,0.6280760436705156
Erika's got a table all to herself now,neither,0.04608540437913784,0.4354215412145945,0.5184930544062678
JCM...this shall be interesting..I will guess Gangrel,neither,0.040517987304736734,0.3197804588285188,0.6397015538667445
@ilikedeathmetal666 hes a professional monster actor,neither,0.03945320844208391,0.33037608806864915,0.630170703489267
@canaahawke no just bats like Ozzy.,neither,0.04433899906719389,0.3864522948725242,0.569208706060282
So cool!,neither,0.03941094976918481,0.4067560025575799,0.5538330476732353
Anyone else seeing any glitchs on the video?,neither,0.040587078440324977,0.2540259548515455,0.7053869667081294
Let's tell a vampire story!,neither,0.026397838427822014,0.35809132939328114,0.6155108321788969
"Annebelle moved on up. Victor might have the Valley, but she's got a whole side of the table, lol",neither,0.02837594330636729,0.4621336926194239,0.5094903640742088
Some red coverings on the lamps would be neat,neither,0.03135501984653714,0.33579529552703785,0.632849684626425
"Yeah its rough.. we all Miss Jasper, but they are getting great guests too!",neither,0.02925062341373202,0.4378178170545724,0.5329315595316957
No glitches here,neither,0.16019924532073013,0.2735997564217923,0.5662009982574777
"@delta_fixxer Nelli G has Blood Sorcery disciplines, and a blood ritual was seen in episode 1",neither,0.03916889332614457,0.3077713817562506,0.6530597249176049
@messerach777 U need to F5,neither,0.05540472761621201,0.3179541454987824,0.6266411268850055
dang I missed some of the beginning,neither,0.03153341464032325,0.3281118841559917,0.6403547012036851
my headphones still haven't recovered from erikas scream last week.,neither,0.03201865379849972,0.3847878095534374,0.583193536648063
Rest if Final Death Nick,neither,0.02639491301164259,0.3710561288843624,0.602548958103995
Yeeee Nellie <3,neither,0.03945320844208391,0.33037608806864915,0.630170703489267
the night returns,neither,0.031020424095518945,0.313441917996196,0.6555376579082851
wonder if nick will show back up as a wraith,neither,0.03228888325268345,0.3625710722090543,0.6051400445382622
Blaine Gang,neither,0.03945320844208391,0.33037608806864915,0.630170703489267
Anyone think that female hunter got turned into a Vampire,neither,0.03545953675929796,0.398184792057253,0.5663556711834491
it didn't update,neither,0.023158091858925128,0.37927707652216675,0.597564831618908
"Shit's gettin real, y'all",offensive_language,0.036105524235887275,0.963787826433794,0.00010664933031878119
cheer200,neither,0.03945320844208391,0.33037608806864915,0.630170703489267
I'm predicting JCM as Bobby Blaine. Just putting that out there now,neither,0.028983027780246976,0.38350254050810834,0.5875144317116447
Very real @dinosaurdice,offensive_language,0.03032119529364792,0.49582443454257047,0.4738543701637816
HYPE,neither,0.03945320844208391,0.33037608806864915,0.630170703489267
She got turned into a dead body,neither,0.03956454579903699,0.44536924373717857,0.5150662104637845
"if you're not seeing show, just keep refreshing",neither,0.05813854426786495,0.35155598379063746,0.5903054719414976
Hope Jasper's back next week. But I'm glad that Alex has some cool stuff lined up!,neither,0.044398697721156205,0.33401292164132634,0.6215883806375175
it's very much on now,neither,0.03115219522015083,0.3470214324611242,0.6218263723187251
"Oh, hi. @geekandsundry",neither,0.04645180976672622,0.26453612080258093,0.689012069430693
Sooo there are toomany loose ends with this? Anyone else thinking season 2?,neither,0.04479147091697526,0.3008458170212649,0.6543627120617598
"@Flight_Devil Didn't they both die? One got killed, other was left in fire since VampButler wouldn't let secretary take it.",neither,0.06082197113238674,0.3073654230040863,0.631812605863527
cheer1 cheer1 cheer1 cheer1,neither,0.03945320844208391,0.33037608806864915,0.630170703489267
"@KitZunekaze @delta_fixxer there was also the Tremere npc in Ep1 as well. Path of Blood is basically now combined with Quietus for alternate powers(big plus imo), and the rituals look the same. Just not as much because the corebook is more new player friendly than say, V20 was.(V20 was scary big imo as a recent convert)",neither,0.026964946417900825,0.36283158713060304,0.6102034664514961
@GalanorBrighteye we feel the same way,neither,0.03929660516528755,0.3241854646518272,0.6365179301828852
She is nothing but ash and dust now,neither,0.04075260886901268,0.39330698360337163,0.5659404075276158
I'm betting he's a Nosferatu to guide them through the underground.,neither,0.056751796506269055,0.3109662247915093,0.6322819787022216
did y'all see on Alex's twitter that he played Count Nosferatu himself on Spongebob of all places? So cool,offensive_language,0.03862548140748345,0.5105724134724615,0.45080210512005486
,neither,0.03945320844208391,0.33037608806864915,0.630170703489267
too many questions and not enough answers we need a season 2,neither,0.037893611954089135,0.30871653353600587,0.653389854509905
@Rohane Congrats!,neither,0.03945320844208391,0.33037608806864915,0.630170703489267
@GeekandSundry <3,neither,0.03945320844208391,0.33037608806864915,0.630170703489267
I never got to play much VTM but this is so cool.,neither,0.04018075708436717,0.4448475137788313,0.5149717291368014
is there anywhere i can watch the older episodes of this???,neither,0.048307362650025415,0.2873438441401082,0.6643487932098664
@stj1mmy Nope. Victor let the secretary chick take the female huntress as a gift.,neither,0.02836721715397034,0.36668766733072017,0.6049451155153094
shame this is running during Alex's busiest time of year,neither,0.043971673134230276,0.3427697995045913,0.6132585273611785
Thank you @TheOnyxPath,neither,0.07325166854587051,0.43632638485078484,0.49042194660334476
need to sub for vods,neither,0.039512013848465255,0.29206743272227453,0.6684205534292602
!sub,neither,0.03945320844208391,0.33037608806864915,0.630170703489267
Help support the #GnSLive twitch channel! $4.99/month gets you exclusive sub-only benefits and helps keep the channel alive! Thanks! twitch.tv/geekandsundry/subscribe or for MOBILE https://secure.twitch.tv/products/geekandsundry/ticket/new,neither,0.047564760200365624,0.28780811278399754,0.6646271270156369
!prime,neither,0.03945320844208391,0.33037608806864915,0.630170703489267
"If you have Amazon Prime or Amazon Prime Video, you can link your account to Twitch , and get Twitch Prime! This gives you one free Twitch subscription, and other cool stuff each month! Link your account at: twitch.amazon.com/prime - How to use the free subscription at: http://bit.ly/HowToSubWithTwitchPrime - REMEMBER: Subscriptions done through Twitch Prime will need to be manually renewed each month!",neither,0.04660741059459432,0.3340380786822325,0.6193545107231732
Sub or alpha sub for vods,neither,0.035647836629401596,0.31135806126472476,0.6529941021058735
Hi @TheOnyxPath,neither,0.03945320844208391,0.33037608806864915,0.630170703489267
!vod,neither,0.03945320844208391,0.33037608806864915,0.630170703489267
VODs are subscriber-only. Subscribe now to unlock access to past videos and highlights at twitch.tv/geekandsundry/videos/all,neither,0.055189305111973244,0.3283360580916387,0.6164746367963879
They shouldn't have killed the Gangrel that knew the location of the Labyrinth,neither,0.035182100190312204,0.3324500399522678,0.6323678598574201
"@Ceturban If you're a G&S or Alpha subscriber, you can watch them VoD. Otherwise G&S's Twitch does reruns through the week.",neither,0.053974009793377874,0.4486497559449753,0.49737623426164684
"@Ceturban VODs are available to subs. I believe it was said episodes will be on Youtube ""eventually""",neither,0.054261787003012776,0.30248628799274746,0.6432519250042398
@cwol101 annoyingly Alex is so good at his job he doesn't really have downtime anymore,neither,0.06692958826940042,0.38006973410904676,0.5530006776215527
"@Flight_Devil Yeah, but Lamb wouldn't let her take her new childe so she was left behind in the fire",offensive_language,0.01732360499949291,0.6603462377238827,0.3223301572766244
"@Flight_Devil I recall that, but I remember since Miranda told the vampire guard to watch them two in the basement, he wouldn't let the secretary take the girl when the place was burning down since he wasn't ""allowed"" and they didn't have time to ask.",neither,0.03378423263325827,0.34902924422232606,0.6171865231444157
Mods on top of it,neither,0.03368380337058033,0.3501972356421079,0.6161189609873119
"@Ceturban Currently VODs, but they're sub-only. It will eventually be on youtube.",neither,0.04575166149499521,0.31533129765553963,0.6389170408494651
who did nelly g kill was it Annabelle sire,neither,0.25277314822133323,0.2826219731164398,0.46460487866222705
yay i am on time tonight!,neither,0.03365367304200549,0.33917230026414746,0.6271740266938471
It was Nick,neither,0.03756037837623735,0.33351666903953825,0.6289229525842244
@palehorn23 Nick the Nosferatu,neither,0.03825742109612947,0.30830648690722096,0.6534360919966495
"@palehorn23 no, her murderer, Nick",offensive_language,0.031140000601316515,0.5253199068440209,0.4435400925546626
"@palehorn23 It was Annabelle's killer when she was kin, Nick",neither,0.03273839998938366,0.4195393777147066,0.5477222222959097
aight thanks guys,neither,0.037346897419962145,0.31539048887837623,0.6472626137016617
Alex is too successful for this game and I'm totally mad at him :3c Really I'm very happy for him,neither,0.036179755855992056,0.281935690412949,0.6818845537310588
"@palehorn23 Nelli killed Nick, a nosferatu",neither,0.03945320844208391,0.33037608806864915,0.630170703489267
"@palehorn23 Nick, the vamp who killed her; Carver was the one who Embraced her",offensive_language,0.027887836838210948,0.6930445513203661,0.27906761184142287
"@GeekandSundry happy for him, sucks for us!",neither,0.05711496314067259,0.28168933921810835,0.6611956976412192
@stj1mmy Hm. I guess I need to go back and confirm that.,neither,0.04094367396005592,0.3337250684559708,0.6253312575839732
Her humanity,offensive_language,0.029140661171388915,0.5926885986396493,0.3781707401889617
UNlife,neither,0.03945320844208391,0.33037608806864915,0.630170703489267
VampMom kicking bird out of nest.,neither,0.0041118300813483746,0.09111802956123437,0.9047701403574172
I'm convinced Nelli G's going to be the only survivor,neither,0.043737851724921596,0.3407626990423456,0.6154994492327328
"@Flight_Devil After the gift was given, Satine said ""Lamb wouldn't let her leave"" and he didn't",neither,0.020608645052933132,0.45942854685603846,0.5199628080910285
is Alex just busier with creature work in Spooktober or is this just coincidence?,neither,0.03586361428410575,0.37360760578571117,0.5905287799301832
"Yarrrgh, you ARE THEM Annabelle",neither,0.12734416410635369,0.3134291751063416,0.5592266607873048
Good evening everyone,neither,0.03308870833616604,0.42926799388711456,0.5376432977767195
Annabelle is so annoyingly idealistic,neither,0.04845312661698214,0.3763011036036642,0.5752457697793536
Hi @the_pale_lord,neither,0.03945320844208391,0.33037608806864915,0.630170703489267
@thedimono Really? Okay.,neither,0.03945320844208391,0.33037608806864915,0.630170703489267
"Hello, @the_pale_lord",neither,0.03945320844208391,0.33037608806864915,0.630170703489267
C'est ls Burjah,neither,0.03945320844208391,0.33037608806864915,0.630170703489267
@HatefulJerk Tears incoming in 3...2...,neither,0.03945320844208391,0.33037608806864915,0.630170703489267
"Annabella is a consentualist, so she likely still has a humanity of 8",neither,0.04523937869004422,0.41865851385256475,0.5361021074573911
Brujah were always suppose to have that annoying idealusm,neither,0.03981564305916636,0.396501132735119,0.5636832242057146
In the end. it´s quite simple... dont hire Alex Ward for a Twitch show around Halloween ^^,neither,0.04172007014371922,0.27488825435321085,0.6833916755030698
Annabelle is still young. She’s still holding on to her last vestiges of her humanity,offensive_language,0.034053405322896316,0.629124752042168,0.3368218426349356
"@hatefuljerk Considering that she's been recently turned, it makes sense.",neither,0.036701834573054884,0.4121318086780054,0.5511663567489395
@shepahotep Really? I fell like Victor is more likely. That dude is all about self preservation.,neither,0.05079758856522403,0.4312110613339614,0.5179913501008145
high humanity new vamp vs pragmatic tory,neither,0.03962603244880717,0.3252458776522076,0.6351280898989854
"Oh, totally. I'm not complaining. I love that about her character",offensive_language,0.0303571333979663,0.5006425786724265,0.46900028792960724
It's the young Brujah that you have to worry about,neither,0.04863175116347702,0.4625612663566171,0.4888069824799059
"@HatefulJerk same. It's the perfect representation of ""personal horror"" that the game is meant for",neither,0.036523198209744506,0.29976548402710124,0.6637113177631543
Isn't Nellie also a diablerist?,neither,0.03945320844208391,0.33037608806864915,0.630170703489267
eventually they learn. Maybe,neither,0.03945320844208391,0.33037608806864915,0.630170703489267
@Hazgarn Yes,neither,0.03945320844208391,0.33037608806864915,0.630170703489267
I think pragmatism is a learnt behaviour of the decades. It shows the grind of time against the soul,neither,0.041661730369602745,0.2991769516157922,0.659161318014605
"anna needs to meet at tzi, might change outlook a bit",neither,0.043285234410902,0.34363694120534594,0.613077824383752
@houseiandi Nah. I think Victor will overreach and maybe let pride get the best of him. Jasper is going to try and reclaim/hold onto his humanity. Annabelle's going to Annabelle. Nelli G will kill her way to an exit and spider climb her way to feed again another day.,neither,0.10586703310207127,0.3606058445538583,0.5335271223440704
They learn or they die.,neither,0.17794981245934352,0.14609713782908337,0.6759530497115732
"yeah, Nelli diablerized her sire's other childe",offensive_language,0.015226034323462404,0.6857634974261346,0.299010468250403
The world is a dog eat dog world. Kill or be killed.,neither,0.19290165029730766,0.2476624527634266,0.5594358969392657
"I mean, I think it makes sense that Anna isn't totally onboard with sucking out people's blood til they die.",neither,0.1000277840728011,0.2660804085251182,0.6338918074020806
allegedly Hazgarn,neither,0.03945320844208391,0.33037608806864915,0.630170703489267
Rhetoric?,neither,0.03945320844208391,0.33037608806864915,0.630170703489267
"Hahah yeah, Meeting the Tzimisce has a way of changing your perception of reality",neither,0.04224568531113362,0.377673120184694,0.5800811945041725
"Annabelle is young in the vampire sense, but she's also VERY young in the human sense too",neither,0.08023621222440193,0.32846088639004045,0.5913029013855576
it's a doggie dog world,neither,0.0382074536510669,0.33080456026611643,0.6309879860828167
Oh Belle <3,neither,0.0450478101092574,0.2772031091301225,0.6777490807606199
I think Annabelle is only 19,neither,0.04639501738350474,0.3210418356101601,0.6325631470063352
"If she were, I'm sure Nellie and the rest would have killed her on the spot.",offensive_language,0.02013518377168773,0.5492395673337529,0.4306252488945592
Abuse? In my vampire relationship? It's more likely than you think,neither,0.040909103986165936,0.40672532496825786,0.5523655710455763
lol,neither,0.020706217963973744,0.4882283491876925,0.4910654328483337
Oh dang this got heavy fast,neither,0.04286225662260891,0.3282563818991119,0.6288813614782792
You mean dog eat dog @akhenatron ?,neither,0.05256752334289849,0.36777029160433966,0.5796621850527618
Belle's treading a dangerous path here,neither,0.069749594785022,0.30436952138988344,0.6258808838250945
"""if your charicter isnt suffering it's not vampire""",neither,0.04026989916769012,0.36724543004782023,0.5924846707844897
Oh shit shes gonna break nelli,offensive_language,0.048973460830986436,0.9474262634458456,0.003600275723167884
Bond?,neither,0.03945320844208391,0.33037608806864915,0.630170703489267
It's we now is it?,neither,0.04560734717181475,0.3314890050058424,0.6229036478223429
Belle zoomed right in on that weak spot,neither,0.03478506851956706,0.37608395063554406,0.5891309808448889
I always knew Chaz played Renegade Kappa,neither,0.038279432006445624,0.36701926765535264,0.5947013003382018
@shepahotep I definitely agree that pride could bite Victor in the ass. And Jasper and Annabelle are almost certainly doomed. I think Nelli's pride could also be her downfall though. That whole scene with whatshisface last week - she couldn't let it go.,offensive_language,0.05496674817192324,0.6927690420131246,0.25226420981495223
@shidareAKI lol yes. that's the joke ;),neither,0.02730634839950861,0.41180725655966915,0.5608863950408223
@darkestargentum character <3,neither,0.03945320844208391,0.33037608806864915,0.630170703489267
"tory treated like a thing before embrace,not uncommon pattern",neither,0.04257478305965042,0.3864434334162104,0.5709817835241392
HAHA pretty funny when @TheOnyxPath starts thinking the game is heavy.,neither,0.03381859464235694,0.37658679964756275,0.5895946057100804
What did I miss?,neither,0.03686804772469507,0.32860615125000875,0.6345258010252961
I just got here,neither,0.1135193759205095,0.3689008550952111,0.5175797689842795
!points SniperWriter,neither,0.03945320844208391,0.33037608806864915,0.630170703489267
"That was an excellent pun, SniperWriter! Here, have some points for that one! You have been awarded 107 points!",neither,0.049980789310414435,0.3817775744187309,0.5682416362708548
Get him Annabelle.,neither,0.03878887475097056,0.34165156457961915,0.6195595606694103
@akhenatron haha okay,neither,0.034012235326379904,0.4227236016504516,0.5432641630231685
Still so green,neither,0.03972393304037665,0.37433813969233626,0.5859379272672871
Again the RP is amazing,neither,0.04540754203912291,0.34380552421730837,0.6107869337435688
*takes a bow*,neither,0.03945320844208391,0.33037608806864915,0.630170703489267
We have a subscriber-only Discord server! Join here: https://discord.gg/geekandsundry (you'll need to sub and link it to your Twitch) and be a part of the fun!...Warning: It can take up to an hour for the server to update and give you access to the channels,neither,0.08464076273808444,0.286394834032893,0.6289644032290227
4Head,neither,0.03945320844208391,0.33037608806864915,0.630170703489267
Belle it’s your world too dear,neither,0.061139518900307756,0.3277681935466026,0.6110922875530896
That necklace tho,neither,0.026288752045317536,0.423178892666035,0.5505323552886474
oh yes she diablerized,neither,0.049797191395580795,0.3813058928748496,0.5688969157295696
Hrm...I wanna know if the four of them are like....a clan now.,neither,0.058069535975056215,0.3306675394040978,0.611262924620846
Or a coven.,neither,0.03945320844208391,0.33037608806864915,0.630170703489267
All of the outfit,neither,0.04030100464029848,0.3950748458515066,0.5646241495081951
"@Flight_Devil ""coterie.""",neither,0.03945320844208391,0.33037608806864915,0.630170703489267
"@azuloit They're driving towards Jasper's hiding place, Annabelle asked Nelli why she killed Nick. Discussion ensued.",neither,0.042937559125575196,0.3376391306197851,0.6194233102546398
@Flight_Devil A Coterie,neither,0.03945320844208391,0.33037608806864915,0.630170703489267
A coterie,neither,0.03945320844208391,0.33037608806864915,0.630170703489267
@Flight_Devil You trying to say Coterie?,neither,0.08288334682657747,0.39529583932427675,0.5218208138491458
