text,top_class,hate_speech,offensive_language,neither
did i miss the layers of fear?,neither,0.03362043830187495,0.3196822785530852,0.6466972831450397
Oh good there late. that is one thing we all can depend on,neither,0.04342964990008244,0.367541283870413,0.5890290662295046
hello Wozzle,neither,0.03945320844208391,0.33037608806864915,0.630170703489267
not yet,neither,0.03736749249345169,0.3382716119106542,0.624360895595894
gandsGameEngine gandsOwlbear gandsGameEngine,neither,0.03945320844208391,0.33037608806864915,0.630170703489267
yay!,neither,0.03945320844208391,0.33037608806864915,0.630170703489267
yaaaaaaaaaas,neither,0.03945320844208391,0.33037608806864915,0.630170703489267
Ooooh. Fancy.,neither,0.03945320844208391,0.33037608806864915,0.630170703489267
first time at the stream!,neither,0.030706890302218896,0.35729084564673463,0.6120022640510465
Someone clip this!,neither,0.039352056379024926,0.3320929025646088,0.6285550410563664
Trish went all out,neither,0.03554930580919992,0.4675211497847333,0.4969295444060669
"I saw the photo Erika posted and my first thought was, ""IS THAT MODERN VAX??""",neither,0.03231918945405374,0.2892952870795538,0.6783855234663924
"Hi Trisha, Adi and Erika!",neither,0.038358606956405694,0.2721397086643902,0.6895016843792041
"""Nobody clip this."" It's like she's never met me.",offensive_language,0.0330056199184544,0.5509333286316171,0.4160610514499284
Hi Skeleton int the back,neither,0.03866439021357523,0.31599020564986996,0.6453454041365548
"Hi Gatrisha, Elvirika and guest",neither,0.03869401354372475,0.29213104977327864,0.6691749366829968
"Holy shit, they got Gamora and Annabelle to host Game Engine!",offensive_language,0.05622151690414776,0.8930776273229354,0.05070085577291693
I love Erika's dress and Trish looks amazing,neither,0.03622618950274466,0.306216396615152,0.6575574138821034
gandsGameEngine shishWW,neither,0.03945320844208391,0.33037608806864915,0.630170703489267
gandsJohnson gandsDick great costumes ladies love Trish brought back her Guardians cos does that mean baby Groot is nearby? shishBB shishBB,offensive_language,0.027825920015035983,0.49444189012411377,0.4777321898608502
@GoofballJosh -> Only those that we deem worthy shall possess the power of the Hyperlink [warning],neither,0.048140585852785724,0.2990817588418225,0.6527776553053918
Wait... Nobody clip this? Oooops,neither,0.03296927774227333,0.45796480261482647,0.5090659196429002
"@Zismarith Right, she should know chat by now :-D",offensive_language,0.05315283769061943,0.5170076488690426,0.42983951344033794
I cliped it but can't put the link lol,neither,0.028366037977333787,0.36959888046266187,0.6020350815600043
!permit @GoofballJosh,neither,0.03945320844208391,0.33037608806864915,0.630170703489267
@cinphoria -> @GoofballJosh has been granted permission to post a link for 60 seconds.,neither,0.03948094283137336,0.31126035666296836,0.6492587005056583
there you go,neither,0.07635189631448289,0.3387246043246177,0.5849234993608994
She's met me. She knows what I do. https://clips.twitch.tv/PrettySillyGiraffePRChase,neither,0.040325228715097354,0.4472617115025179,0.5124130597823846
https://clips.twitch.tv/InexpensiveDependableCroquetteRuleFive,neither,0.03945320844208391,0.33037608806864915,0.630170703489267
:D,neither,0.03945320844208391,0.33037608806864915,0.630170703489267
hehe,neither,0.03945320844208391,0.33037608806864915,0.630170703489267
"Only subs can post links, everyone else has to ask for permission first, @GoofballJosh",neither,0.033094255520929226,0.3624740191745832,0.6044317253044875
hello,neither,0.03945320844208391,0.33037608806864915,0.630170703489267
gandsOwlbear fallzventus,neither,0.03945320844208391,0.33037608806864915,0.630170703489267
"Good to know, thanks @Ossborn",neither,0.04436712497372042,0.3040688473887597,0.6515640276375197
I didn't clip it because I knew other people were gonna do it anyway. :),neither,0.042381322507918526,0.370945679272084,0.5866729982199974
the viewer count atm is 999 @GeekandSundry,neither,0.04461540292718532,0.3165721592287855,0.6388124378440292
Hi @fallzventus,neither,0.03945320844208391,0.33037608806864915,0.630170703489267
just changed dammit :P,neither,0.035176758343014744,0.3505072775738118,0.6143159640831735
but it was fun though,neither,0.034320613903581744,0.3438253749726322,0.6218540111237861
could not reflect before? where you a vampire? is Erica is going to take you back to the coven?,neither,0.07940564916898957,0.3995334430788552,0.5210609077521553
"Download the new Critical Role theme song for Campaign Two! http://itunes.apple.com/album/id1331550250?ls=1&app=itunes Sales of the song support the musician, Jason Charles Miller.",neither,0.04445767596344001,0.2510827790306858,0.7044595450058742
Look at our utterly awesome hosts!,neither,0.04022386731517457,0.34865835753802515,0.6111177751468002
"Help G&S make great content! $4.99/month gets you emotes, Minecraft server access, sub-only VODs, and more! Every sub keeps the channel alive! twitch.tv/geekandsundry/subscribe",neither,0.043907990691603095,0.31135964332838284,0.644732365980014
How long did Trisha's make up take and I want to know where Erika got her dress @shidareAKI,offensive_language,0.035123042249302634,0.4880479792808676,0.47682897846982986
who is Mr. Shankar dressed as?,neither,0.045453237839731486,0.4183993801284566,0.536147382031812
Neo @Deathstar_Taco,neither,0.03945320844208391,0.33037608806864915,0.630170703489267
"well put ""caring about the art not the career""",neither,0.03649735418470279,0.3302289749556468,0.6332736708596505
"k, tyvm @EricaTheStrange",neither,0.03945320844208391,0.33037608806864915,0.630170703489267
@EricaTheStrange she mentioned on Twitter that it's mostly all stuff she already had,offensive_language,0.036528566216333186,0.5980049512112646,0.3654664825724023
lol no idea if he actually is i just said it because he looks like it @Deathstar_Taco,neither,0.033858688776147665,0.42445455268873505,0.5416867585351173
"Whatever Erika and Trish want to do, is FINE",neither,0.05615233314662573,0.2819588430088949,0.6618888238444793
"As for Trish's make up, I imagine a few hours",neither,0.031677480530086156,0.3693955372806408,0.598926982189273
I'll have to look at that tweet @shidareAKI,neither,0.0425607812260481,0.4007338519635351,0.5567053668104167
of exposure to gamma rays? @shidareAKI,neither,0.045162537653100736,0.32702474318383146,0.6278127191630678
Chobot aims the Judgment Cam at Trish.,neither,0.038043058162328336,0.3365965631632458,0.6253603786744258
OH I forgot the time! Everyone looks so amazing <3,neither,0.03692927316151755,0.4044060585344702,0.5586646683040122
"well also potentially that, in any case they all look amazeballs",neither,0.03905657725367498,0.40336140517903335,0.5575820175672916
"As long as the mom is funny and friendly, i will listen to her talk about video games",neither,0.03037617398581987,0.40739546381634323,0.562228362197837
