text,top_class,hate_speech,offensive_language,neither
yay,neither,0.03945320844208391,0.33037608806864915,0.630170703489267
Yay!,neither,0.03945320844208391,0.33037608806864915,0.630170703489267
lol! they are awesome lol,neither,0.044070872084924426,0.39390016806028133,0.5620289598547943
@firstclone Sanity is for the Weak.,neither,0.04007864113585567,0.2897048130718782,0.6702165457922662
blehpHa blehpHa,neither,0.03945320844208391,0.33037608806864915,0.630170703489267
🎃🎃🎃🎃 jcvimBlink jcvimBlink jcvimBlink jcvimBlink,neither,0.03945320844208391,0.33037608806864915,0.630170703489267
I have no idea what this is but I am bored at work. so I will watch,neither,0.04902911928070463,0.3749766567265095,0.575994223992786
lol,neither,0.020706217963973744,0.4882283491876925,0.4910654328483337
LOL,neither,0.020706217963973744,0.4882283491876925,0.4910654328483337
gandsHype gandsHype gandsHype gandsHype gandsFacepalm gandsFacepalm gandsFacepalm gandsFacepalm stefFremen stefFremen stefFremen gandsHappy gandsHappy gandsHappy gandsHappy,neither,0.03945320844208391,0.33037608806864915,0.630170703489267
😂,neither,0.03945320844208391,0.33037608806864915,0.630170703489267
And Al Lewis as Grandpa,neither,0.0406457542359711,0.2676090338132207,0.6917452119508083
@Alexanderhero83 I suppose it can be much more fun without it.,neither,0.03631520187862938,0.3241047576735122,0.6395800404478584
sound,neither,0.03945320844208391,0.33037608806864915,0.630170703489267
there we go,neither,0.04083933629015207,0.27628362646603744,0.6828770372438104
love it,neither,0.030831260484157012,0.3601344986151421,0.609034240900701
that is an epic costume,neither,0.0430626855464619,0.35929129666784326,0.5976460177856947
gandsHype gandsHype,neither,0.03945320844208391,0.33037608806864915,0.630170703489267
the whaaaa jcvimGasp,neither,0.03613032604487659,0.2619290779399786,0.7019405960151449
"Help G&S make great content! $4.99/month gets you emotes, Minecraft server access, sub-only VODs, and more! Every sub keeps the channel alive! twitch.tv/geekandsundry/subscribe",neither,0.043907990691603095,0.31135964332838284,0.644732365980014
lol!,neither,0.020706217963973744,0.4882283491876925,0.4910654328483337
this is extremely good!,neither,0.04746401027559142,0.32928919300196646,0.623246796722442
is Whitney Bowsette?,neither,0.0495192247997867,0.32691392345999004,0.6235668517402233
"Hi Becca, Amy, Whitney, Stef and Gina!",neither,0.03882788631130355,0.299422105481188,0.6617500082075084
I like becca whent green goblin,neither,0.06031485510321125,0.3133453553080896,0.6263397895886991
"At least once more, Ms Hap.",neither,0.040351170051904764,0.3425427182345362,0.617106111713559
i wanna hear becca try to do evanne's gravely voice,neither,0.04708632530484854,0.3262628177012431,0.6266508569939083
https://clips.twitch.tv/ComfortableBlazingTurtleDxCat,neither,0.03945320844208391,0.33037608806864915,0.630170703489267
@shumagorath1 Good choice,neither,0.038646890518034216,0.3306534177769241,0.6306996917050417
Good Morning folks,neither,0.04734014495959342,0.18233554661159462,0.770324308428812
Thanks @Zismarith I didn't get a chance to clip it.,neither,0.029808866159198158,0.35291041026505166,0.6172807235757503
Sanity is best left at the door!,neither,0.043434513840987524,0.3284791172381501,0.6280863689208623
Hi @gunheadx,neither,0.03945320844208391,0.33037608806864915,0.630170703489267
Happy to be of assistance (to my collection of many thousands of clips!),neither,0.039791273856126644,0.3721763771055671,0.5880323490383064
Cave memories,neither,0.03945320844208391,0.33037608806864915,0.630170703489267
i love amy's hat on TOP of the onesie hood,neither,0.07189380596778869,0.3440736498800414,0.5840325441521699
Hey @zismarith,neither,0.03945320844208391,0.33037608806864915,0.630170703489267
@perfectcosima Oohh yeeaahh . . .,neither,0.03945320844208391,0.33037608806864915,0.630170703489267
i actually almost dressed as mr bonejangles lol,neither,0.032177289689009965,0.39752170965246764,0.5703010006585225
:),neither,0.03945320844208391,0.33037608806864915,0.630170703489267
Amy's hood is everything,neither,0.10996787960992893,0.3314444949981285,0.5585876253919425
lol,neither,0.020706217963973744,0.4882283491876925,0.4910654328483337
did whitney remember to start the insanity timer,neither,0.043358707209453014,0.3165632661937226,0.6400780265968243
she did,offensive_language,0.042360109513480314,0.4958935211678997,0.46174636931861995
@Marb04 She said she did,offensive_language,0.04319671136379254,0.5420220218086055,0.41478126682760186
@marb04 probably not,neither,0.035563767528617285,0.36994837277670956,0.5944878596946732
good question @Marb04,neither,0.038603349900201235,0.3306683933919781,0.6307282567078207
"If she stays still, the tree branch in the window behind her makes Amy look like maybe she's gonna cross-class Ranger or Druid.",offensive_language,0.03224564107190414,0.5190839712885948,0.44867038763950096
"All righty, home safe and more or less sound, at least physically....",neither,0.04047116259314838,0.353997803139399,0.6055310342674526
What a Kromy Wizard!,neither,0.04622678436787283,0.32555606078567784,0.6282171548464492
,neither,0.03945320844208391,0.33037608806864915,0.630170703489267
😆,neither,0.03945320844208391,0.33037608806864915,0.630170703489267
@CinderFlame That is good to hear,neither,0.05301528169038195,0.37259881037345577,0.5743859079361622
Mustle Wizard cast Fist,neither,0.03945320844208391,0.33037608806864915,0.630170703489267
the distortion on whitney's mic is creating a cool reverberating demon effect,neither,0.04162650150842949,0.3272624701132276,0.6311110283783429
"I get to have a tooth pulled tomorrow afternoon, and I am sure that my dentist is going to make a Halloween joke about it...",neither,0.035864544723085964,0.44434873805131686,0.5197867172255971
@akhenatron I assumed that it was a thing. #theyknow,neither,0.03462266751102597,0.37083642658969046,0.5945409058992835
@CinderFlame Surely he won't comment on you having a Sweet Tooth.,neither,0.0507800539432745,0.36533335391077865,0.5838865921459468
steebzRage no lemonade kill him,neither,0.3693261094226827,0.20503780796812193,0.4256360826091954
