text,top_class,hate_speech,offensive_language,neither
lol accidentally?,neither,0.03027887083479381,0.3981251484381287,0.5715959807270774
Merry Mirthday,neither,0.03945320844208391,0.33037608806864915,0.630170703489267
happy birthday @ladyamphy !! May the birthday cow shower you with awesomeness,neither,0.040832999780708465,0.35177283030701123,0.6073941699122803
Happy birthday @ladyamphy,neither,0.03945320844208391,0.33037608806864915,0.630170703489267
hi friends :),neither,0.03945320844208391,0.33037608806864915,0.630170703489267
Happy Halloween all,neither,0.041778203197432834,0.4224137973246131,0.5358079994779541
AMPHY!! May the Birthday Cow reign her blessings upon you!,neither,0.042376299736657894,0.46092041342061596,0.49670328684272613
Happy birthday @ladyamphy,neither,0.03945320844208391,0.33037608806864915,0.630170703489267
Fingers crossed for MM as Wonder Woman,neither,0.03330775414889,0.35490744486540304,0.6117848009857069
huzzah!,neither,0.03945320844208391,0.33037608806864915,0.630170703489267
Happy Birthday @ladyamphy,neither,0.03945320844208391,0.33037608806864915,0.630170703489267
@ladyamphy Happy birthday,neither,0.03945320844208391,0.33037608806864915,0.630170703489267
Showtime!,neither,0.03945320844208391,0.33037608806864915,0.630170703489267
"Hey, @g0rmyr !",neither,0.03945320844208391,0.33037608806864915,0.630170703489267
hello hosts and crew!,neither,0.03864789386565313,0.28954271560616884,0.671809390528178
Happy Spoo,neither,0.03945320844208391,0.33037608806864915,0.630170703489267
"I'm not a big fan of the guest, strongly disagree with some of her views, but trying to keep an open mind and just enjoy the show. Sometimes people you disagree with can still provide valuable insight on something you like.",neither,0.04086418454694543,0.4445897486618603,0.5145460667911943
@ravonlocke I was writing something with a friend and we got so into it that we accidentally hit the NaNo limit in like a week.,neither,0.03459370878201884,0.38920010735819777,0.5762061838597833
How do you accidental NaNo?,neither,0.05904940717517289,0.37896005877843036,0.5619905340463967
ky!,neither,0.03945320844208391,0.33037608806864915,0.630170703489267
Woo!!!,neither,0.03945320844208391,0.33037608806864915,0.630170703489267
already great,neither,0.035749027845213055,0.32119591582861706,0.6430550563261699
@ladyamphy happy birthday,neither,0.03945320844208391,0.33037608806864915,0.630170703489267
"Oh, it's a Markeia!",neither,0.04645105364853955,0.23725436791492924,0.7162945784365312
We've got the Key member of the Wednesday Club back!,neither,0.023786453724693787,0.3281243820604411,0.6480891642148651
My friend is getting her first book published in April and her accomplishment is a huge motivator for me to write!,offensive_language,0.02406793512568339,0.5711469158944911,0.40478514897982565
Eeeeeeeeeeee,neither,0.03945320844208391,0.33037608806864915,0.630170703489267
!twc,neither,0.03945320844208391,0.33037608806864915,0.630170703489267
"Here are some handy The Wednesday Club resources! TWC Reddit: reddit.com/r/WednesdayClub/ | Discord: https://discord.gg/6QK9fVB | Wednesday Club Fanclub on Facebook: facebook.com/groups/1945232949091586/ | Send in your thoughts, comic recommendations, questions, and more to Matt, Amy, and Taliesin at thewednesdayclub@geekandsundry.com",neither,0.05001524745118048,0.31503641584425707,0.6349483367045624
BEAST!,neither,0.03945320844208391,0.33037608806864915,0.630170703489267
OMG AMY,neither,0.03945320844208391,0.33037608806864915,0.630170703489267
AAAAAAMAZING,neither,0.03945320844208391,0.33037608806864915,0.630170703489267
Yay! Just like I hoped!,neither,0.04404849605682272,0.3623907968989958,0.5935607070441814
"Oh, I'm also doing NaNoWriMo!",neither,0.045597869249802185,0.2722064013754638,0.6821957293747339
gandsTWC Hi Matt and Amy! Welcome Markeia!,neither,0.03886929529229305,0.3016173779701235,0.6595133267375834
Return of the Kigirumi!,neither,0.038353223192269734,0.3101346756120217,0.6515121011957086
OMG look at theemmm,neither,0.04078065611125233,0.3617014824328717,0.5975178614558759
Happy Spooky Day!,neither,0.03994283806317536,0.31592666473771486,0.6441304971991099
!whodat,neither,0.03945320844208391,0.33037608806864915,0.630170703489267
"Amy Dallen ( twitter.com/enthusiamy ), and Matt Key ( twitter.com/TheMattKey ), with special guest Markeia McCarty ( twitter.com/markeiamccarty ).",neither,0.043314084349967634,0.4385975593747573,0.5180883562752752
Hello Wednesdaisies,neither,0.03945320844208391,0.33037608806864915,0.630170703489267
"HI Matt, Markeia and Amy",neither,0.0388100252782571,0.29846695177565247,0.6627230229460904
"wow, i tuned it RIGHT when it was starting",neither,0.030270944387200446,0.37909469445200117,0.5906343611607985
@Shadowsoflife by getting so into a thing that we wrote 100k in like a week,neither,0.04103833304972876,0.4661014557097074,0.4928602112405639
Fabulous people 😭,neither,0.07728971000316867,0.3260925333264921,0.5966177566703392
Happy Birthday @ladyamphy,neither,0.03945320844208391,0.33037608806864915,0.630170703489267
"Markea Wonder Woman,",neither,0.036683765459568134,0.3773807631521818,0.5859354713882501
Hi @Capefoxalix,neither,0.03945320844208391,0.33037608806864915,0.630170703489267
excited to see Matt in his element :D,neither,0.06434826309666643,0.32852549401572545,0.6071262428876081
Amy with the Hank kigirumi,neither,0.02946932157178661,0.3481906658234952,0.6223400126047182
"Matt should have done the Preacher hair too, lol",neither,0.039686449687919824,0.3969413597147708,0.5633721905973094
Kigurumi!,neither,0.03945320844208391,0.33037608806864915,0.630170703489267
WHAT??,neither,0.057770773616808734,0.3180719994247239,0.6241572269584672
#LetTaliesinSleep,neither,0.03945320844208391,0.33037608806864915,0.630170703489267
everyone looks so cute,neither,0.034816794807599784,0.4513505631461987,0.5138326420462015
drink!,neither,0.03945320844208391,0.33037608806864915,0.630170703489267
"Oh good, I'm glad Tal is going home to sleep.",neither,0.05219920044291739,0.3111290890541677,0.636671710502915
DRINK!,neither,0.03945320844208391,0.33037608806864915,0.630170703489267
Hydrate,neither,0.03945320844208391,0.33037608806864915,0.630170703489267
Yay plane landed!,neither,0.03945320844208391,0.33037608806864915,0.630170703489267
Yay costumes!,neither,0.03945320844208391,0.33037608806864915,0.630170703489267
@phoenixgoth Alright,neither,0.03945320844208391,0.33037608806864915,0.630170703489267
#lettaliesinsleep,neither,0.03945320844208391,0.33037608806864915,0.630170703489267
Hi @chaoticloony !,neither,0.03945320844208391,0.33037608806864915,0.630170703489267
I thought Matt would be Dr Strange.. I want him to one day BE Dr Strange cuz he is Dr Strange of our Universe..,neither,0.04627237147372868,0.3043086390772139,0.6494189894490574
#LetTaliesinSleep,neither,0.03945320844208391,0.33037608806864915,0.630170703489267
#LetTaliesinSleep,neither,0.03945320844208391,0.33037608806864915,0.630170703489267
"If Taliesin shows up, send him home!",neither,0.023458397935969256,0.4213268859809921,0.5552147160830386
"Oh yeah, Hail hydrate for Brittnay!",neither,0.024233110689986025,0.3620976313270245,0.6136692579829895
Sleep Taliesin SLEEP,neither,0.03945320844208391,0.33037608806864915,0.630170703489267
I'm glad Markeia's on the #LetTaliesinSleep train too :3,neither,0.0356800080959352,0.33184667036610443,0.6324733215379604
Happy Birthday @ladyamphy (I may or may not have made a note of that to the cast),neither,0.040778589854649605,0.3235227313187154,0.635698678826635
She looks AMAZING dang,neither,0.04113130197437136,0.4294036451681238,0.5294650528575049
<3,neither,0.03945320844208391,0.33037608806864915,0.630170703489267
!whodat,neither,0.03945320844208391,0.33037608806864915,0.630170703489267
"Amy Dallen ( twitter.com/enthusiamy ), and Matt Key ( twitter.com/TheMattKey ), with special guest Markeia McCarty ( twitter.com/markeiamccarty ).",neither,0.043314084349967634,0.4385975593747573,0.5180883562752752
Taliesin better sleep.,neither,0.03945320844208391,0.33037608806864915,0.630170703489267
@miriamkey Hi MomKey! :D Hope Texas is treating you well!,neither,0.09828625215623567,0.26868241889258015,0.6330313289511842
The true reason Taliesin can't be here is he has to perform several ancient rites to keep the spirits of old in harmony,neither,0.0803000143510109,0.2841148776232951,0.635585108025694
Hey @miriamkey,neither,0.03945320844208391,0.33037608806864915,0.630170703489267
what's Amy's outfit?,neither,0.044500231024616685,0.32674886224513194,0.6287509067302514
#LetTalSleep,neither,0.03945320844208391,0.33037608806864915,0.630170703489267
Amy is super adorable!!!,neither,0.04611195656639827,0.3280858392477901,0.6258022041858116
ban taliesin from the studio until he gets a full 8 hours of sleep,neither,0.0543567722842165,0.30548730696486026,0.6401559207509233
gandsHype gandsHype gandsHype,neither,0.03945320844208391,0.33037608806864915,0.630170703489267
Ahahahaha,neither,0.03945320844208391,0.33037608806864915,0.630170703489267
Markeia looks AWESOME.,neither,0.03945320844208391,0.33037608806864915,0.630170703489267
Awe @danoba thank you,neither,0.057780898325302935,0.39134854824816984,0.5508705534265272
Amy look so soft,neither,0.041029669561862325,0.37037797757406465,0.588592352864073
@fableseason he'd never make it to the studio then :P,neither,0.04424647904802437,0.346970185926859,0.6087833350251166
"Locke and Key without Matt Key last week, and Demonology without Tal this week.",neither,0.03875485068582078,0.2981001583855208,0.6631449909286584
@fableseason So he will never be allowed back,neither,0.042140678735271345,0.3894205838231594,0.5684387374415693
"That's a FANTASTIC Wonder Woman costume, but mad respect for Amy's comfy halloween too",neither,0.032326271317585226,0.35898878374769627,0.6086849449347186
Markeia looks *great*,neither,0.037023260829095454,0.29764712413995575,0.6653296150309488
Yes Matt Key work for us,neither,0.0608166686801798,0.3034026800089007,0.6357806513109194
@tatzelthess -- she's Hank McCoy! The onsie they had made about a year ago?,neither,0.03859120638618016,0.3876841569526953,0.5737246366611246
@tatzelthess its a Hank McCoy/Beast kigurumi,neither,0.03501641668621992,0.33190210420525,0.6330814791085301
I think that's her Beast kigu,offensive_language,0.027288398016382828,0.5909648506058025,0.3817467513778148
"Says you, Key!",neither,0.060287891033124937,0.3882081024219451,0.55150400654493
Hi,neither,0.03945320844208391,0.33037608806864915,0.630170703489267
That look works on Matt. He looks slightly evil.,neither,0.03951106438595282,0.36228881701957755,0.5982001185944696
The first rule of demons is... maybe try stamp collecting instead,neither,0.038911773229387284,0.3208494026580549,0.6402388241125578
"Please talk about The Demon Etrigan, especially the Garth Ennis & John McCrea run",neither,0.026260938106545017,0.33084593164711834,0.6428931302463367
Hi @mfsky,neither,0.03945320844208391,0.33037608806864915,0.630170703489267
"I love that the beast kigu is so BIG on Amy that his ""belt"" is around her thighs.",offensive_language,0.036208686201301125,0.5266622031728768,0.4371291106258221
Uri Gellerian? :P,neither,0.03945320844208391,0.33037608806864915,0.630170703489267
Have You Heard the News of Our Good Lord Dormamu,neither,0.04964025205458314,0.35806390612285033,0.5922958418225667
hey mfsky,neither,0.03945320844208391,0.33037608806864915,0.630170703489267
I'm waiting for an Evangelion deep dive...,neither,0.03488343638365601,0.302187968729673,0.662928594886671
Eva is great,neither,0.04609157410812949,0.3008144628021279,0.6530939630897425
All words to describe the Wednesdaisies at MCM,neither,0.044507326834621844,0.3860475162986056,0.5694451568667726
YAY ETYMOLOGY,neither,0.03945320844208391,0.33037608806864915,0.630170703489267
matt key is the most valid person ever,neither,0.04473903170505685,0.3162699728204259,0.6389909954745173
Why I love Matt Key,neither,0.02768135651408658,0.3556895717208045,0.616629071765109
<--- heard Evangelion and autofilled the Neon Genesis part,neither,0.038336462830110246,0.2921047725755528,0.6695587645943369
Have You Accepted Dormamu as Your Lord and Savior,neither,0.07102684680893068,0.3541345017332384,0.5748386514578309
All hallows eve,neither,0.041840052784810795,0.4247312087343175,0.5334287384808717
"Yes... yes, people do want to get into worshiping demons. Or what Abrahamic cultists consider demons, which were the deities from other religions they disagreed with.",neither,0.04950795205089617,0.3217456697666834,0.6287463781824203
yea it's All Hallows Eve,neither,0.03958394787175972,0.4082851373675953,0.5521309147606451
As someone IN seminary I've always wanted to talk theology in comics with Matt,neither,0.01583972759234055,0.389436424706026,0.5947238477016333
"Come for the comics, stay for the surprise!etymology content",neither,0.03129752552595194,0.29689870565236975,0.6718037688216782
LUL I was just watching the Halloween ep of DC daily with Markeia in that same costume,neither,0.030248427326715666,0.3753403881851005,0.5944111844881838
hallow is something held as holy,neither,0.044473723010309545,0.3570354017351027,0.5984908752545877
hallow is a blessing right?,neither,0.04747796309017542,0.3475786109914438,0.6049434259183807
What about Khorne?,neither,0.04753712308015706,0.3758554328400185,0.5766074440798244
@cinphoria Yeah Etymology,offensive_language,0.013968601452186464,0.5182923869769311,0.4677390115708824
I love how Matt put on his serious professor glasses to professor at us,neither,0.07080826631543749,0.34940654280949385,0.5797851908750686
I suddenly heard Shinji screaming somewhere...,neither,0.03945320844208391,0.33037608806864915,0.630170703489267
"Hail and well met, travellers!",neither,0.03874348589730655,0.29486208949562975,0.6663944246070638
This is like Elseworld Father Key,neither,0.05953427182862876,0.34366023807955354,0.5968054900918178
Hallow is holy or blessed,neither,0.04739178196235057,0.3276456486069575,0.624962569430692
"I play D&D, so i must be a demon worshiper! :)",neither,0.040771774335066846,0.3615225266996834,0.5977056989652498
PANTS THE DEVIL! \o/,neither,0.03852156516727851,0.31331742111689515,0.6481610137158265
"Baal and Asteroth were very worshiped gods, and Ishtar was slandered almost more than anyone else in that book of mythology known as the Bible.",neither,0.03675561327279805,0.31350469122997354,0.6497396954972284
this channel turned into access evangelical television so quickly,neither,0.03937007774741293,0.35622486711353135,0.6044050551390557
Jesus is a trickster cleric,neither,0.05304206855788926,0.32570225594945545,0.6212556754926554
I didn't know the devil wore pants,neither,0.02807961241911281,0.3504128310100152,0.621507556570872
no this is awesome,neither,0.0483071452131201,0.3456944597003363,0.6059983950865436
always pants a devil when given a chance,neither,0.03151136256423251,0.4018539101935336,0.5666347272422338
Jesus pantsed the devil. That is way more interesting than religion usually is,neither,0.04659178222613777,0.34041272719489596,0.6129954905789663
sheriffWOT,neither,0.03945320844208391,0.33037608806864915,0.630170703489267
I read Paradise Lost... e.e;,neither,0.03945320844208391,0.33037608806864915,0.630170703489267
there isn't,neither,0.03936810470589452,0.26929455412895315,0.6913373411651523
I'm here for this theology,neither,0.1189655226784156,0.22564912293348105,0.6553853543881033
omg jesus fanon,neither,0.03945320844208391,0.33037608806864915,0.630170703489267
The Matt Key to Hell?,offensive_language,0.046367379107389625,0.6623148013051176,0.2913178195874929
"since tomorrow is All Saints Day, and today is considered All Hallows Eve, and something hallowed is ""sacred"" I am going to guess that the in question Hallowed thing would be a saint.",neither,0.04852304264520731,0.3506527787328,0.6008241786219926
oh no please don't,neither,0.04491638417790442,0.28603242001315754,0.669051195808938
the fact that Matt's wearing a Preacher outfit makes the conversation all the more entertaining,neither,0.03780404920462554,0.35381583967633945,0.608380111119035
TOPIC: Which superhero/villain would have the MOST EPIC Halloween destination for trick or treaters. Describe their house (or lair) and what tricks or treats they would have ready for their guests.,neither,0.036225563381773455,0.29767803366014295,0.6660964029580836
"Clean Room has demons, right? It's been a while since I read it.",neither,0.03731064174420769,0.34099770020092335,0.6216916580548689
Dani is screaming right now,neither,0.04532034414711583,0.3433434743999394,0.6113361814529449
I'm so totally here for Theological History With Matt Key,neither,0.05013454649738199,0.33934589355745975,0.6105195599451582
i remember how jesus distracted all the demons by giving them fun size candy bars,neither,0.04699225358342718,0.3744531566980968,0.5785545897184761
The Divine Comedy and Paradise Lost have become almost more canon than the actual Bible is about all things hell and Lucifer.,offensive_language,0.04209809836514368,0.4964367812697445,0.4614651203651117
lol John Wick cuz its also Keanu Reeves,neither,0.030004125724334526,0.37139815733729636,0.5985977169383692
Constantine is John Wick.,neither,0.04713860658710522,0.3277327272280137,0.625128666184881
somewhere Dani Car... :P,neither,0.03945320844208391,0.33037608806864915,0.630170703489267
who else has marathoned sabrina already?,neither,0.03937629210414076,0.4130312137957776,0.5475924941000816
!!!,neither,0.03945320844208391,0.33037608806864915,0.630170703489267
Aliza!!!!,neither,0.03945320844208391,0.33037608806864915,0.630170703489267
Constantine is The Doctor but an arse and with magic,neither,0.033584154281535133,0.3190968109293431,0.6473190347891218
Hi,neither,0.03945320844208391,0.33037608806864915,0.630170703489267
Oh my god Aliza,neither,0.030266422441093326,0.38268872444249025,0.5870448531164164
AAAAAAAAHHHHH,neither,0.03945320844208391,0.33037608806864915,0.630170703489267
a soft trash fire,neither,0.04200247557025228,0.13835822573738357,0.8196392986923641
ALIZA,neither,0.03945320844208391,0.33037608806864915,0.630170703489267
I liek that Constantine is now a regular in Legends of Tomorrow,neither,0.04186483947640319,0.3552138671211917,0.6029212934024052
Hi Aliza,neither,0.03945320844208391,0.33037608806864915,0.630170703489267
ALIZA,neither,0.03945320844208391,0.33037608806864915,0.630170703489267
omggggggggggggggg,neither,0.03945320844208391,0.33037608806864915,0.630170703489267
ALIZA <3,neither,0.03945320844208391,0.33037608806864915,0.630170703489267
oh HI,neither,0.04645180976672622,0.26453612080258093,0.689012069430693
Aliza! That's a great costume!,neither,0.0336370774292325,0.3471670442348421,0.6191958783359253
Hi Aliza!,neither,0.03945320844208391,0.33037608806864915,0.630170703489267
That scream,neither,0.034331915392564236,0.38637883177222937,0.5792892528352064
Yay Aliza!,neither,0.03945320844208391,0.33037608806864915,0.630170703489267
OH HI,neither,0.04645180976672622,0.26453612080258093,0.689012069430693
HI ALEEZA,neither,0.03945320844208391,0.33037608806864915,0.630170703489267
aliza!!!!,neither,0.03945320844208391,0.33037608806864915,0.630170703489267
ALIZA,neither,0.03945320844208391,0.33037608806864915,0.630170703489267
Aliza!!! We love yoooou!!!,neither,0.036400064571877555,0.34655286371716637,0.6170470717109561
Hi Aliza!!!,neither,0.03945320844208391,0.33037608806864915,0.630170703489267
AMAZING,neither,0.03945320844208391,0.33037608806864915,0.630170703489267
Hi Aliza,neither,0.03945320844208391,0.33037608806864915,0.630170703489267
Future DM Aliza,neither,0.03945320844208391,0.33037608806864915,0.630170703489267
That's such a good luck on Aliza,neither,0.0325945439326992,0.3819239315216231,0.5854815245456778
The crossbow looks amazing!,neither,0.03870556613278798,0.3167563624824792,0.6445380713847328
Aliza Pearl is Awesome,neither,0.04732197751537738,0.32766965755719646,0.6250083649274261
"She looks so amazing, WOW.",neither,0.040854959985385936,0.45648717682277995,0.502657863191834
is she Lara Croft or Sarah Connor?,neither,0.04592360300331341,0.3851885411186081,0.5688878558780784
"As if the entrance wasn't cool enough, her costume is amazing as well",neither,0.026915362146567284,0.4856527666549109,0.48743187119852177
@Paladin356 yes :P,neither,0.03945320844208391,0.33037608806864915,0.630170703489267
you know how hard it is to get a crossbow that matches your shirt?,offensive_language,0.06819011481916333,0.5208541147019107,0.41095577047892595
"Oh My God, Aliza! You Look AWESOME!!!",neither,0.049005014906573226,0.41623601044169,0.5347589746517368
Happy Halloweeen Aliza!,neither,0.03945320844208391,0.33037608806864915,0.630170703489267
Awww hell yeah,offensive_language,0.02718915810310323,0.7592636943569882,0.2135471475399086
Matt's desk is a tomb confirmed,neither,0.044595935156799694,0.32860726852862626,0.6267967963145741
cinphoria lol,neither,0.020706217963973744,0.4882283491876925,0.4910654328483337
Looking forward to that sooo much,neither,0.03811124590738355,0.3622071710928949,0.5996815829997215
gandsHype gandsHype gandsHype gandsHype,neither,0.03945320844208391,0.33037608806864915,0.630170703489267
We're all Aliza lovers here,neither,0.1240611197186682,0.32725888690504107,0.5486799933762907
I believe in you Aliza!,neither,0.07116565364203557,0.41510669066816713,0.5137276556897973
MATT,neither,0.03945320844208391,0.33037608806864915,0.630170703489267
She looks so good tonight,neither,0.036762558513416733,0.4368849476173189,0.5263524938692643
Hijack it for the plug!,neither,0.03302817816631287,0.29497654591352046,0.6719952759201668
fractured light is a rainbow. PERFECT,neither,0.046515448913415934,0.32794705972726607,0.625537491359318
gandsHype gandsHype,neither,0.03945320844208391,0.33037608806864915,0.630170703489267
i love all of these people,offensive_language,0.11121967353104849,0.587232063364786,0.30154826310416566
Those are some sweet boots,neither,0.08029101622344875,0.23790621669489048,0.6818027670816608
Friend Hijacks are best hijacks,neither,0.07366127497309452,0.26297115163161994,0.6633675733952856
GOOD BOOT CONTENT,neither,0.03888943709386935,0.330569994887375,0.6305405680187556
nice boots,neither,0.03945320844208391,0.33037608806864915,0.630170703489267
Nooooooo Aliza stay!,neither,0.03945320844208391,0.33037608806864915,0.630170703489267
we love friend hijacks here on the Wednesday Club,neither,0.06494461145772083,0.3126169160681247,0.6224384724741544
BYE ALIZA,neither,0.03945320844208391,0.33037608806864915,0.630170703489267
Bye Aliza!,neither,0.03945320844208391,0.33037608806864915,0.630170703489267
Bye Alizaaaa,neither,0.03945320844208391,0.33037608806864915,0.630170703489267
@AromiaFlyce We all do!,neither,0.045229047244085975,0.46729754703967924,0.4874734057162347
Happy Halloween Aliza!,neither,0.03945320844208391,0.33037608806864915,0.630170703489267
GET OVER HERE!,neither,0.11304919706092108,0.2862105519918146,0.6007402509472642
Byyye!,neither,0.03945320844208391,0.33037608806864915,0.630170703489267
"Thanks, Aliza",neither,0.035884468650613,0.3004919205142699,0.6636236108351171
Happy Halloween !,neither,0.03945320844208391,0.33037608806864915,0.630170703489267
We love this place too :3,neither,0.03905372189205485,0.2951178260476543,0.6658284520602907
Bye Aliza Pearl,neither,0.03945320844208391,0.33037608806864915,0.630170703489267
Random Aliza appearances are why I love this show,neither,0.05643668531702694,0.2614203146020313,0.6821430000809418
!TOPIC,neither,0.03945320844208391,0.33037608806864915,0.630170703489267
This is best cutest workplace,neither,0.04671636932066279,0.3215951929287373,0.6316884377505998
TOPIC: looking to all of the kids in comics. when it's time to go trick-r-treating who wears what costume. Who plays the best tricks?,neither,0.041697041013730056,0.4147943040631659,0.543508654923104
this place is so easy to fall in love with,neither,0.04095921562123212,0.36116820167591485,0.597872582702853
Talisan's costume is amazing.,neither,0.047827936261122715,0.32749563514349156,0.6246764285953856
What is Amy Wearing?,neither,0.05364709930141149,0.32352507750355414,0.6228278231950344
TOPIC: The holiday of Halloween has been taken captive by Christmas. Assemble your team of characters to assault Santa's fortress and rescue Halloween from his frozen clutches.,neither,0.06305737190404405,0.31412368456232487,0.622818943533631
Amy Dallen is adorable,neither,0.04718106064976454,0.32771812532910854,0.6251008140211268
I didn't like the TV series,neither,0.03283333531980806,0.3694135898217485,0.5977530748584434
Amy is wearing a Beast onesee.,neither,0.04617848044057793,0.3280629586369674,0.6257585609224546
Amy is Beast,neither,0.047065983391133555,0.3277577056752888,0.6251763109335776
Thanks,neither,0.035884468650613,0.3004919205142699,0.6636236108351171
And extremely adorable of course!,neither,0.038806986319043855,0.29830392714117004,0.662889086539786
like like like like,neither,0.10032665912632961,0.39589500941497124,0.5037783314586992
Is it Beast or Nightcrawler?,neither,0.04700763537705555,0.32777777423291354,0.6252145903900309
I wasn't sure..,offensive_language,0.03241811756104157,0.4948686272178079,0.4727132552211505
Franklin Richards has the best costume. don't know what it'd be but it will be the best,neither,0.038416223848504114,0.2966474705003653,0.6649363056511306
It's Beast.,neither,0.03759134356256886,0.33101646877765023,0.6313921876597809
Constantine is our chaotic bisexual douchebag,neither,0.045798866081877006,0.3281935254223698,0.6260076084957532
That's kinda horcrux-y,neither,0.03365205383098599,0.39398699202070553,0.5723609541483085
"Aliza says thank you for all the nice comments, and that everyone is so sweet.",neither,0.042067558101733786,0.4566197908010308,0.5013126510972353
100% Beast,neither,0.03945320844208391,0.33037608806864915,0.630170703489267
"I've never heard someone in a priest collar use the word ""like"" that many times in a sentence",neither,0.015183606823490035,0.40794512640066594,0.5768712667758441
I feel like the top half of that beast hoodie could work as a bronx from gargoyles one,neither,0.04110938757866049,0.3772762239030711,0.5816143885182684
John Constantine is a timeshare. You heard it here first.,neither,0.106058954662794,0.33289457376471415,0.5610464715724919
Can Markeia come back for Wonder Woman? :D,neither,0.03130761194805721,0.35619224814874767,0.6125001399031951
ooooh I am excite for Wonder Woman Year One!,neither,0.03314701979099299,0.35574793726251075,0.6111050429464963
TOPIC: Halloween specials often have the heroes become children for the special night. What villains would you choose to be turned back into children for a night of trick-or-treating and who are their accompanying guardians?,neither,0.053951191960161154,0.3004642511968541,0.6455845568429849
so is this twitch thing like the vlogbrothers of youtube?,neither,0.05384192633413734,0.36224044344521306,0.5839176302206496
Is Damian a literal deamon child then?,neither,0.04668523374687587,0.3278886629374534,0.6254261033156708
That first year of Wonder Woman is... kinky crayCreep,neither,0.035134908733124,0.3866736485997706,0.5781914426671054
he is Liam Neesons,neither,0.055481864099256185,0.32486309838448474,0.619655037516259
"Ohh, Ted Al'Gul",neither,0.04328331053425135,0.26536925979463055,0.6913474296711182
"@sunlitlake half demon, or a quarter. but yes",neither,0.0370472903486485,0.33746873376077113,0.6254839758905805
"david warner is best ra's, fite me",neither,0.038812556627550725,0.3471548488230288,0.6140325945494205
"""Middle East Adjacent""",neither,0.03945320844208391,0.33037608806864915,0.630170703489267
Like Damian Wayne Kappa,neither,0.047305031668045616,0.3420284728062786,0.6106664955256756
We have a subscriber-only Discord server! Join here: https://discord.gg/geekandsundry (you'll need to sub and link it to your Twitch) and be a part of the fun!...Warning: It can take up to an hour for the server to update and give you access to the channels,neither,0.08464076273808444,0.286394834032893,0.6289644032290227
@AromiaFlyce -- honestly? Just makes me want to protect him more.,neither,0.036431616921505046,0.36340932067263665,0.6001590624058585
Damian is a disaster child,neither,0.04554081549369095,0.32828228085271216,0.6261769036535968
Do not insult my child....,neither,0.029474966537470178,0.411076498102197,0.5594485353603329
Hey guys,neither,0.03929207127355727,0.33311100635304525,0.6275969223733975
Heyo~,neither,0.03945320844208391,0.33037608806864915,0.630170703489267
YES! Best Infant! and his Cow!,neither,0.05623838777138935,0.29732762857900746,0.6464339836496031
I thought you said fife me and was going to make a musical joke ;-),neither,0.049591337728233494,0.3057565647059012,0.6446520975658654
Hi @TheLostGeographer,neither,0.03945320844208391,0.33037608806864915,0.630170703489267
The Mother of Damian,neither,0.03862228362989496,0.3152047342378567,0.6461729821322484
@sunlitlake we can form a barricade <3,neither,0.039590170983322674,0.328051476300078,0.6323583527165993
That wasn't an insult?,neither,0.03601169912226322,0.36583853912293285,0.5981497617548039
He's an interesting child,neither,0.04491196401144393,0.3235355485478113,0.6315524874407448
Hiya!,neither,0.03945320844208391,0.33037608806864915,0.630170703489267
Hi @shidareAKI,neither,0.03945320844208391,0.33037608806864915,0.630170703489267
i think those kids are back shooting off fireworks again,neither,0.07484409685908897,0.26763046183182937,0.6575254413090815
"I've never really considered him Turkish, more Kazakhstan or Armenia or possibly even Northern Afghanistan.",neither,0.026163843683553234,0.3442871309285709,0.6295490253878759
Little Known Fact: Rahz Al'Gul's mom called him Little Ray Ray,neither,0.04135312765383424,0.298129500651218,0.6605173716949476
Hi @phoenixgoth,neither,0.03945320844208391,0.33037608806864915,0.630170703489267
"He's Bedouin, in the current continuity",neither,0.044968574512829644,0.3089796636981843,0.6460517617889862
"you cant be half demon, u are either all or nothing",neither,0.07300915342145577,0.42063267729305126,0.5063581692854929
Dang hoodlums!,neither,0.03945320844208391,0.33037608806864915,0.630170703489267
@shidareAKI Hey Aki,neither,0.03945320844208391,0.33037608806864915,0.630170703489267
@phoenixgoth I was bracing for an insult that never came,neither,0.02918868851764291,0.36878099174790513,0.602030319734452
Hi @TheLostGeographer Hi @shidareAKI,neither,0.03945320844208391,0.33037608806864915,0.630170703489267
how is everyone?,neither,0.04174190257704939,0.4592949296925435,0.49896316773040705
Hi @chaoticloony :),neither,0.03945320844208391,0.33037608806864915,0.630170703489267
Hello @shidareaki,neither,0.03945320844208391,0.33037608806864915,0.630170703489267
"Help G&S make great content! $4.99/month gets you emotes, Minecraft server access, sub-only VODs, and more! Every sub keeps the channel alive! twitch.tv/geekandsundry/subscribe",neither,0.043907990691603095,0.31135964332838284,0.644732365980014
"oh yeah, I remember that comic",neither,0.02312305261574994,0.4433127141457297,0.5335642332385204
