text,top_class,hate_speech,offensive_language,neither
"I voted Yes, because of my morals. I simply couldn't bring myself to say No? But NARRATIVELY I think No will be the most interesting.",neither,0.03525490667241236,0.36345998761389664,0.601285105713691
Is that new art?,neither,0.04849805642231846,0.27345545041713265,0.6780464931605489
@perfectcosima HELLO,neither,0.03945320844208391,0.33037608806864915,0.630170703489267
That ART,neither,0.0344593389074749,0.38495653232369687,0.5805841287688283
So I'm good either way!,neither,0.038791326066764616,0.3849608556915872,0.5762478182416481
"for me, always what is more narrative fullfilling",neither,0.03847549225566093,0.3675255265790122,0.5939989811653268
"This poll is a great way to have a say in things, even if you can't vote in the midterms",neither,0.041139021410402606,0.36631319361726317,0.5925477849723343
It's up to you to decide the future of #Callisto6. VOTE ON MEASURE Z: http://bit.ly/2zgsZYd,neither,0.04780787059451158,0.3086930094707209,0.6434991199347675
i have been mentally designing gear for the team i have ideas for everyone but lacy,neither,0.029736845865149946,0.3589108551941189,0.6113522989407312
"I voted ""turn over control over the entire city to starpilotsix."" It was kind of a write-in.",neither,0.03824050893590259,0.3231402024980251,0.6386192885660724
@philbe63 Why wouldn't I?,neither,0.024355015327663387,0.35293149531285867,0.6227134893594779
@VermillionCrimson maybe Eric will do live news updates in-story during the episode!,neither,0.04320684041324902,0.30594284972300706,0.6508503098637439
Yay!!! <3,neither,0.03945320844208391,0.33037608806864915,0.630170703489267
ART,neither,0.03945320844208391,0.33037608806864915,0.630170703489267
morally the answer is yes but the comic nerd in me sees this as when Lex Luthor became president and I want to see kylen have that other power to a harder struggle on the heros,neither,0.034721180018701635,0.36354974509966675,0.6017290748816316
"Download the new Critical Role theme song for Campaign Two! http://itunes.apple.com/album/id1331550250?ls=1&app=itunes Sales of the song support the musician, Jason Charles Miller.",neither,0.04445767596344001,0.2510827790306858,0.7044595450058742
ARTS,neither,0.03945320844208391,0.33037608806864915,0.630170703489267
from cyberpunk to solarpunk? that sounds awesome,neither,0.04301439662700031,0.349791388132911,0.6071942152400887
@shadowstorm_0 youre very welcome. it was amazing your art tho.,neither,0.06151756570997564,0.329977323484859,0.6085051108051653
TAL,neither,0.03945320844208391,0.33037608806864915,0.630170703489267
TAL!,neither,0.03945320844208391,0.33037608806864915,0.630170703489267
TALISEN,neither,0.03945320844208391,0.33037608806864915,0.630170703489267
TALLLLL <33333,neither,0.03945320844208391,0.33037608806864915,0.630170703489267
OH SHIT TheIlluminati,offensive_language,0.04652059265363964,0.9534729203614298,6.486984930600159e-06
#CyberTal,neither,0.03945320844208391,0.33037608806864915,0.630170703489267
:D,neither,0.03945320844208391,0.33037608806864915,0.630170703489267
Don't play with me y'all! I WANT THAT so BAD,offensive_language,0.020533307207617212,0.5461147239976147,0.433351968794768
TAL'S HAIR IS AMAZING,neither,0.04626773165940133,0.3280322610501456,0.625700007290453
whoa! special guest!,neither,0.06683140838642937,0.31407357804783703,0.6190950135657335
oh hi Taliesen,neither,0.04645180976672622,0.26453612080258093,0.689012069430693
@darkofnate Because they were going to use live people for experiments?,neither,0.02974243755088364,0.38310385013819964,0.5871537123109166
lol,neither,0.020706217963973744,0.4882283491876925,0.4910654328483337
TALIESIN!,neither,0.03945320844208391,0.33037608806864915,0.630170703489267
hello @perfectcosima,neither,0.03945320844208391,0.33037608806864915,0.630170703489267
TAL!,neither,0.03945320844208391,0.33037608806864915,0.630170703489267
Have fun guys. Going off of chat,neither,0.03763606654194823,0.361217728476411,0.601146204981641
#CyberTal,neither,0.03945320844208391,0.33037608806864915,0.630170703489267
A WILD TALIESIN APPEARS,neither,0.03945320844208391,0.33037608806864915,0.630170703489267
I didn't know Tal would be here,neither,0.05548367610404249,0.33590491330698213,0.6086114105889753
critroleGothdad critroleGothdad critroleGothdad critroleGothdad critroleGothdad critroleGothdad critroleGothdad,neither,0.03945320844208391,0.33037608806864915,0.630170703489267
critrolePyramid critrolePyramid critrolePyramid critrolePyramid critrolePyramid critrolePyramid,neither,0.03945320844208391,0.33037608806864915,0.630170703489267
critroleGothdad critroleGothdad critrolePyramid critrolePyramid,neither,0.03945320844208391,0.33037608806864915,0.630170703489267
I met Bernard Cribbins dressed as the master JUST to get to do that,neither,0.040997069866102825,0.38410015992765795,0.5749027702062393
@philbe63 The public doesn't know that...,neither,0.03456370131356916,0.35719086708539177,0.6082454316010389
@lilucath hey luca!!!,neither,0.03945320844208391,0.33037608806864915,0.630170703489267
@sunlitlake It eric Campbell is a Great Gm its going great.,neither,0.036463289615159225,0.3182352701701559,0.6453014402146848
critrolePyramid critrolePyramid BisexualPride,neither,0.03945320844208391,0.33037608806864915,0.630170703489267
Taliesin always has to break the internet with Eric,neither,0.03381376702875824,0.37796607155871986,0.5882201614125218
Can't believe this is the season finale already!,neither,0.04428148431095047,0.32424409109284613,0.6314744245962035
they just uploaded the doctor who episode of Shield now i REALLY wanna watch TBD,neither,0.039559275475139294,0.3693964574603623,0.5910442670644984
"Help G&S make great content! $4.99/month gets you emotes, Minecraft server access, sub-only VODs, and more! Every sub keeps the channel alive! twitch.tv/geekandsundry/subscribe",neither,0.043907990691603095,0.31135964332838284,0.644732365980014
I hope this is the Dr. Who cross-over episode K<appa,neither,0.06825295803596172,0.2808941416944299,0.6508529002696084
#CyberTal Cybertal does wahtever a Cyber Tal does,neither,0.02323016530887112,0.48330235879103245,0.49346747590009643
TwitchUnity,neither,0.03945320844208391,0.33037608806864915,0.630170703489267
It's up to you to decide the future of #Callisto6. VOTE ON MEASURE Z: http://bit.ly/2zgsZYd,neither,0.04780787059451158,0.3086930094707209,0.6434991199347675
"I missed the intro, but Taliesin!",neither,0.035686447284534524,0.32438701531521863,0.639926537400247
Oh SHIT! he did his sides like Erika!,offensive_language,0.09991845633732373,0.8957244144316194,0.0043571292310568745
@sunlitlake LOL,neither,0.020706217963973744,0.4882283491876925,0.4910654328483337
"Four shows for a couple of them, since Sam and Amy were both there while it was Pit Crew, right?",neither,0.0409825596403083,0.2790072972113357,0.680010143148356
YAY!!!!!,neither,0.03945320844208391,0.33037608806864915,0.630170703489267
Hello from San Antonio TX,neither,0.040197905930561974,0.3177366281836018,0.6420654658858362
Yaaaay!,neither,0.03945320844208391,0.33037608806864915,0.630170703489267
@darkofnate I'd be against corporations all the way. Because they are evil most of the time,neither,0.054418072823703714,0.3227841573171933,0.6227977698591031
Did Talisen sleep yet?,neither,0.03945320844208391,0.33037608806864915,0.630170703489267
"@DarkestArgentum I need to catch up on BOTH, I only got a third of a way into SoT due to some real life issues, and haven't seen any TBD yet",neither,0.03326341626473572,0.4389198440262473,0.527816739709017
Tal! <3,neither,0.03945320844208391,0.33037608806864915,0.630170703489267
vieHype,neither,0.03945320844208391,0.33037608806864915,0.630170703489267
we all now what happens when Aliza has chocolate.,neither,0.05357891181017602,0.41331586109928914,0.5331052270905349
I assume Tal is just playing the Master in EVERY Eric game,neither,0.04025440714280566,0.3083913989667145,0.6513541938904799
Taliesin!!!,neither,0.03945320844208391,0.33037608806864915,0.630170703489267
Much love <3,neither,0.029027934468787295,0.35487806353041457,0.6160940020007982
@philbe63 That's your choice,neither,0.07448313496984232,0.37063995682607315,0.5548769082040845
These ads are evil.. I'm getting football and I'm not a fan.. T.T,neither,0.05700046257115512,0.3648929340028756,0.5781066034259693
@highvoltage988 they only put one episode of TBD on youtube,neither,0.03653977359730214,0.3662489006797244,0.5972113257229735
Awwwww,neither,0.03945320844208391,0.33037608806864915,0.630170703489267
!ybge,neither,0.03945320844208391,0.33037608806864915,0.630170703489267
"Get $5 off of: Your Best Game Ever (system-neutral RPG tools & advice with Eric Campbell and Matthew Mercer as consulting experts), the revised Cypher System Rulebook, and genre supplement books! Simply enter the code CALLISTO6 as you check out of the preorder store on yourbestgameever.com",neither,0.04894182485378023,0.32737158663670635,0.6236865885095134
Got Code?,neither,0.037792083645184216,0.39026579405059303,0.5719421223042227
@darkofnate -- it's safer that way. Always assume the worst and you'll be good.,neither,0.044138243062489584,0.3800185936272721,0.5758431633102383
Always remember! No Corp is the best Corp! #Sinless,neither,0.04114837869324997,0.35198663683545933,0.6068649844712908
@DarkestArgentum the VODs are up for twitch subs I think though,neither,0.04829089858830036,0.29518902893236254,0.6565200724793371
XD,neither,0.03945320844208391,0.33037608806864915,0.630170703489267
LIKE ATREYU xD,neither,0.10032665912632961,0.39589500941497124,0.5037783314586992
The one who looks like my Uncle.,neither,0.14225089031245844,0.36999224752851306,0.48775686215902847
@high...welp i see binging in my future,neither,0.029823679652929036,0.44094999071463004,0.529226329632441
Wears a long vest? :P,neither,0.03918287046989193,0.3281123126943268,0.6327048168357812
@darkofnate What would happen if Eric did a one shot for CR?,neither,0.02751152784244536,0.35697159231282016,0.6155168798447345
"Taliesen: Oh, you mean that guy from that show...",neither,0.06944719910092313,0.32259987458919004,0.6079529263098867
Get it GURL!,neither,0.037194114806622366,0.341377142700229,0.6214287424931486
BURN ALIZA,neither,0.04811058060817789,0.1834378884691025,0.7684515309227197
Taliesin is always awesome!,neither,0.046974845129154355,0.3922791336566573,0.5607460212141883
@darkofnate could be Tal as Master and Eric as Game Master/ Dungeon Master are common threads... ramaThink,neither,0.04572221466164752,0.31015909511949796,0.6441186902188545
!points Aliza,neither,0.03945320844208391,0.33037608806864915,0.630170703489267
"That was an excellent pun, Aliza! Here, have some points for that one! You have been awarded 61 points!",neither,0.05003766897837674,0.38201493930407926,0.5679473917175439
Hahahaha,neither,0.03945320844208391,0.33037608806864915,0.630170703489267
We can't wait for Aliza's upcoming stream!,neither,0.035148850935841164,0.30702301981644964,0.6578281292477093
@Shadowsoflife I would lose my mind,neither,0.02732109478323269,0.41415630208036214,0.5585226031364051
ALIZA GM!!,neither,0.03945320844208391,0.33037608806864915,0.630170703489267
gandsLHMercer gandsLHMercer gandsLHMercer gandsLHMercer gandsLHMercer gandsLHMercer gandsLHMercer gandsLHMercer gandsLHMercer gandsLHMercer,neither,0.03945320844208391,0.33037608806864915,0.630170703489267
"Too soft, too pure",neither,0.03902705374889419,0.3376090453872032,0.6233639008639027
I love these dorks. Hey everyone. shidarAKIPiisu,offensive_language,0.03803374093826579,0.4877227557878665,0.4742435032738676
anyone know anythign abotu Everlight?,neither,0.03945320844208391,0.33037608806864915,0.630170703489267
I forgot to vote. Anyone have a link to the poll?,neither,0.04715985307493164,0.3207809923003625,0.632059154624706
@darkofnate Same,neither,0.04148851938089603,0.3488915597363099,0.609619920882794
"speaking of Matt, the McCree focused cinematic released at Blizzcon today was awesome!",neither,0.037655851325612555,0.3232101054155606,0.6391340432588267
I get to hopefully see Matt and Monte Cook next weekend gandsHype gandsHype,neither,0.04236350223552547,0.31560271241348303,0.6420337853509915
Sam is vibrating. They must be excited :),neither,0.047870720169288686,0.31754221308106984,0.6345870667496414
Hi @shidareAKI So do we all!,neither,0.04309393042867723,0.4720231299222675,0.4848829396490554
I can't wait to see Aliza as the GM!,neither,0.04289369728179356,0.338574164049791,0.6185321386684155
I haven't RP'd in years.. I blame being broke and unemployed.. and how peoples are..,neither,0.04839901525329539,0.27675593291984507,0.6748450518268596
@shidareAKI hi Aki!,neither,0.03945320844208391,0.33037608806864915,0.630170703489267
@darkofnate Also Mat has to play then,neither,0.04515147212174403,0.3218211508308172,0.6330273770474388
Hello @shidareAKI,neither,0.03945320844208391,0.33037608806864915,0.630170703489267
Hullo @shidareAKI enjoying the sequel to UnderTale?,neither,0.04456173149923481,0.31270049271179856,0.6427377757889666
"Thank you, Sam :D",neither,0.05928267023472002,0.3959589318032821,0.5447583979619978
@philbe63 Sam excited? Never!!,neither,0.03552375576389056,0.37038700811412933,0.5940892361219801
What is best in life? Combat....and puppers...,neither,0.05008027752517544,0.33759611757391916,0.6123236049009053
EUROPE!,neither,0.03945320844208391,0.33037608806864915,0.630170703489267
DND IN A CASTLE,neither,0.03945320844208391,0.33037608806864915,0.630170703489267
@shidareaki Hello,neither,0.03945320844208391,0.33037608806864915,0.630170703489267
!castlednd,neither,0.03945320844208391,0.33037608806864915,0.630170703489267
"For more information, check out: dndinacastle.com !",neither,0.03331693945898848,0.3131914422051606,0.6534916183358509
is this chat sub only?,neither,0.046843169480186374,0.3292501997123915,0.6239066308074221
I wish I could go!,neither,0.04098454623641282,0.33569402012655797,0.6233214336370292
Nope @complainthat,neither,0.03945320844208391,0.33037608806864915,0.630170703489267
"@complainthat nope, only during Critical Role :)",neither,0.03945320844208391,0.33037608806864915,0.630170703489267
I like how it's coming to my home nation and I STILL can't go T__T,neither,0.04084641038518461,0.3821213052840988,0.5770322843307165
They are doing 3 D&D in a Castle next year,neither,0.058315056450195336,0.3047556429487037,0.636929300601101
It's insanely expensive,neither,0.03761218770134201,0.33100929952250563,0.6313785127761523
"Argh, why can't we have castles on the east US coast!?",neither,0.0503126575673268,0.3415345890241616,0.6081527534085116
Taliesin doesn't need to do D&D in a castle since he actually was born in the middle ages and lived it for real!,neither,0.037531319942811295,0.3416528929467858,0.6208157871104029
@ArisBranwin same though i have several systems i want to run including one free one called And the beat played on wich is a home brew that is very open ended,neither,0.04441556355906547,0.35504785810643413,0.6005365783345005
yay! hype!,neither,0.03945320844208391,0.33037608806864915,0.630170703489267
Is Taliesin playing or did he just appear to bend reality in an effort to vex the cast and crew until they trick him into saying his name backwards?,neither,0.053160692475253575,0.31294257049872937,0.633896737026017
I wish I could too. It’s a pretty expensive trip but I hope that whoever goes has a great time!,neither,0.04918793341715155,0.2924816189466705,0.6583304476361779
danggg,neither,0.03945320844208391,0.33037608806864915,0.630170703489267
@Henchman2121 why not both :3,neither,0.024054908284581792,0.3579208304213377,0.6180242612940805
@Henchman2121 Can't it be both?,neither,0.038480107685391826,0.32986969075843137,0.6316502015561768
tal IS the castle,neither,0.045308987598825234,0.3148920690420593,0.6397989433591155
"@philbe63 Of course, they didn't have D&D back then. He played Pyramids & Pharoahs.",neither,0.031160593852018432,0.36913153469768156,0.5997078714503
That was a GREAT game btw,neither,0.03402529495983085,0.3113748027664114,0.6545999022737576
"One is by Maze Arcana, 1 is Nerdarchy, and 1 is Sam and crew!",neither,0.057336455955404944,0.31868834175641836,0.6239752022881767
y'all should check that out =),offensive_language,0.04540879409842896,0.5432780249760354,0.4113131809255356
V A S T,neither,0.03945320844208391,0.33037608806864915,0.630170703489267
OH YEAH,neither,0.022533380315967178,0.4254575626619046,0.5520090570221282
!caster savingthrowshow,neither,0.03945320844208391,0.33037608806864915,0.630170703489267
You should give savingthrowshow a follow! Check them out here: twitch.tv/savingthrowshow !,neither,0.11039897335229146,0.3617950278714044,0.5278059987763041
yaaaaaaaaaas VAST,neither,0.03945320844208391,0.33037608806864915,0.630170703489267
V A S T,neither,0.03945320844208391,0.33037608806864915,0.630170703489267
@starpilotsix True point..,neither,0.03945320844208391,0.33037608806864915,0.630170703489267
Oooh,neither,0.03945320844208391,0.33037608806864915,0.630170703489267
TEMPTING FATE VAST,neither,0.03945320844208391,0.33037608806864915,0.630170703489267
#TheEyeShinesBright,neither,0.03945320844208391,0.33037608806864915,0.630170703489267
@Henchman2121 if they were gonna Vex the cast it would be Lliam not Tal,neither,0.02611205806645941,0.3717811138408366,0.6021068280927039
VAST space turtles!,neither,0.03945320844208391,0.33037608806864915,0.630170703489267
My excitement is Vast,neither,0.03550601476709705,0.3991532898256902,0.5653406954072128
guaranteed bizonkers is the best,neither,0.045884199685318774,0.30483354442372795,0.6492822558909532
ooooooooooooooooooo,neither,0.03945320844208391,0.33037608806864915,0.630170703489267
"#QUESTION for Taliesin: Is D&D in a castle, better than life as a pyramid?",neither,0.03644978271442427,0.3748890389064673,0.5886611783791085
Loving Tal's poncho,neither,0.03945320844208391,0.33037608806864915,0.630170703489267
!points @darkofnate,neither,0.03945320844208391,0.33037608806864915,0.630170703489267
"That was an excellent pun, @darkofnate! Here, have some points for that one! You have been awarded 22 points!",neither,0.0501979410968782,0.3826816353612848,0.567120423541837
Not Massive @darkofnate ?,neither,0.03786624712752366,0.3363539175352688,0.6257798353372075
"@cinphoria @darkofnate that’s fair. Hopefully they don’t trick him early, so that he can stay for the whole episode.",neither,0.035323280183066665,0.355194239180718,0.6094824806362154
i wish they would release the book for vast,neither,0.034769139590810925,0.2987822288277833,0.6664486315814058
OMG,neither,0.03945320844208391,0.33037608806864915,0.630170703489267
AHHHHH YAY,neither,0.03945320844208391,0.33037608806864915,0.630170703489267
:D,neither,0.03945320844208391,0.33037608806864915,0.630170703489267
O M g,neither,0.03945320844208391,0.33037608806864915,0.630170703489267
The Trevor Project will be receiving many chaotic donation amounts...,neither,0.04015943853398391,0.30189919340389243,0.6579413680621238
Like Gina's,neither,0.10032665912632961,0.39589500941497124,0.5037783314586992
SAM GM PogChamp,neither,0.03945320844208391,0.33037608806864915,0.630170703489267
YAY LASERS AND SAMS,neither,0.03847354642549547,0.27932863474708153,0.682197818827423
I agree with Aliza's noise of excite,neither,0.03132065252267655,0.3578925320908672,0.6107868153864563
OMG,neither,0.03945320844208391,0.33037608806864915,0.630170703489267
LASERS AND SAMS AND FEELINGS,neither,0.037879409440925,0.23454687645737218,0.7275737141017028
I want Talisin to play Rokokokokokokokokoko,neither,0.05098519742364065,0.3178565298471901,0.6311582727291692
visual auditory space theater?,neither,0.03945320844208391,0.33037608806864915,0.630170703489267
THe gina game was delightful and now I need the sam one,neither,0.03652230996217693,0.2696352602458433,0.6938424297919799
!points @darkestargentum,neither,0.03945320844208391,0.33037608806864915,0.630170703489267
Lasers and gina's was so good lasers and sams will also be amazing,neither,0.03887982910591215,0.28570529581477205,0.6754148750793157
We are the Sam,neither,0.0706291495857776,0.2604988444292325,0.66887200598499
Gaaaaaary.....HA HA GARY!,neither,0.03945320844208391,0.33037608806864915,0.630170703489267
gandsHug,neither,0.03945320844208391,0.33037608806864915,0.630170703489267
Sams and Feelings (so just excitement?),neither,0.03456701229346953,0.3516670189344004,0.61376596877213
"Is the Taldore one-shot available anywhere? I've been watching Shield as it comes out on YouTube (which, as a financially paranoid college student, thank you to whoever made that happen) and I've heard it come up a few times.",neither,0.024990535891212258,0.3896521077546936,0.5853573563540941
ooooh that sounds amazing,neither,0.035346433208694863,0.3750897675579955,0.5895637992333097
@darkestargentum !points,neither,0.03945320844208391,0.33037608806864915,0.630170703489267
i saw the lazers and gina's an feelings game where Gina dm'd a game that took place inside her brain inside out style and it was NUTS,neither,0.02995039930025983,0.18395317079430465,0.7860964299054355
"Sam I am, will GM green eggs and ham",neither,0.04029139462930246,0.2762351024042937,0.6834735029664039
"the We are Gina was awesome y'all, so We are Sam will not disappoint either",neither,0.07033919486229716,0.325418115505609,0.6042426896320938
"@Shamash_D It's on Alpha, but you have to really search for it",neither,0.04252242701370473,0.3583592243917579,0.5991183485945373
Gina has to play Roko,neither,0.05065412544946026,0.31427384129994285,0.6350720332505969
OH NO,neither,0.04751210705993949,0.26629718932274826,0.6861907036173122
:o,neither,0.03945320844208391,0.33037608806864915,0.630170703489267
Load that beautiful bean footage!,neither,0.036329196591704645,0.36423671365624116,0.5994340897520543
@seratonia Gina playing roko would kill my soul,neither,0.3307907498362325,0.26978157593440205,0.3994276742293655
so glad I could catch this!!,neither,0.03931445201749844,0.3767620604298254,0.5839234875526762
#iamsam,neither,0.03945320844208391,0.33037608806864915,0.630170703489267
What a moment to join the stream....I must donate. Thank you,neither,0.05748534405690617,0.3354769205816437,0.6070377353614502
OooOoOoOoOoooh!!!,neither,0.03945320844208391,0.33037608806864915,0.630170703489267
ooh pretty,neither,0.03945320844208391,0.33037608806864915,0.630170703489267
teaser,neither,0.03945320844208391,0.33037608806864915,0.630170703489267
Awesome!,neither,0.03945320844208391,0.33037608806864915,0.630170703489267
GM Aliza HYPE!!!!!!!!!,neither,0.03945320844208391,0.33037608806864915,0.630170703489267
OVERLIGHT HYPE,neither,0.03945320844208391,0.33037608806864915,0.630170703489267
An Aliza Teaser,neither,0.040261943038949574,0.3166497513307286,0.6430883056303218
Aliza HYPE,neither,0.03945320844208391,0.33037608806864915,0.630170703489267
Cannot wait!,neither,0.03945320844208391,0.33037608806864915,0.630170703489267
Aliza's gonna rock it! Can't wait!,neither,0.037296615959623455,0.37414287455092915,0.5885605094894474
Going To Be AMAZING,neither,0.04585981341400556,0.36218284122614386,0.5919573453598506
i knew a fractured light makes rainbows,neither,0.03943831724935366,0.33025139113790103,0.6303102916127453
I'm looking forward the the Movie Aliza is doing it's an all improve film,neither,0.044599886370954966,0.32268381682526204,0.632716296803783
Overlight is next week at the same time as Callisto 6,neither,0.041991417396532865,0.39674951196936153,0.5612590706341056
Aliza is one of my faves!,neither,0.03410480258560006,0.44019880561107205,0.5256963918033278
Did anyone clip that? it was so fast,neither,0.03544866149888167,0.3962030572042726,0.5683482812968458
Groovy,neither,0.03945320844208391,0.33037608806864915,0.630170703489267
What is that?,neither,0.06192082320891666,0.3949353930334496,0.5431437837576337
#WhatIsEverlight,neither,0.03945320844208391,0.33037608806864915,0.630170703489267
It's up to you to decide the future of #Callisto6. VOTE ON MEASURE Z: http://bit.ly/2zgsZYd,neither,0.04780787059451158,0.3086930094707209,0.6434991199347675
!overlight,neither,0.03945320844208391,0.33037608806864915,0.630170703489267
Overlife?,neither,0.03945320844208391,0.33037608806864915,0.630170703489267
!clock,neither,0.03945320844208391,0.33037608806864915,0.630170703489267
It is currently Friday 4:10 PM at the Geek & Sundry studio in California.,neither,0.052016040391522675,0.32955547554272563,0.6184284840657517
Vote vote vote vote vote,neither,0.03945320844208391,0.33037608806864915,0.630170703489267
Two hours twenty to poll close,neither,0.0443810519541082,0.3206333789833915,0.6349855690625005
Vote vote vote,neither,0.03945320844208391,0.33037608806864915,0.630170703489267
VOTE ON MEASURE Z: http://bit.ly/2zgsZYd,neither,0.03545282884600328,0.2654472295052474,0.6990999416487493
VoteYea,neither,0.03945320844208391,0.33037608806864915,0.630170703489267
I already voted! No Corp is the best Corp! #Sinless,neither,0.04147201570197879,0.33310415448650577,0.6254238298115153
No in reality go vote please.....,neither,0.03972531407433282,0.34557485691809653,0.6146998290075707
QUESTION: YES OR NO ON Z?,neither,0.03584436868796803,0.35791849398820524,0.6062371373238268
"Yeah, I was tempted to vote multiple times but I'm not full comited to everything",neither,0.04252549241336776,0.39475780417494316,0.5627167034116891
the world needs heroes!,neither,0.03866790635331471,0.316055704979887,0.6452763886667983
Yes!,neither,0.03945320844208391,0.33037608806864915,0.630170703489267
Yes on Z,neither,0.03466307084973851,0.3538210008146397,0.6115159283356217
