text,top_class,hate_speech,offensive_language,neither
Yay!!!,neither,0.03945320844208391,0.33037608806864915,0.630170703489267
Like the rest of he's just trying to find his stride,neither,0.09134892331521123,0.2626659875381497,0.6459850891466392
Yeet,neither,0.03945320844208391,0.33037608806864915,0.630170703489267
Bidet from Minnesota,neither,0.04071751644889743,0.3089174816120565,0.6503650019390461
@Thordin2017 I know right?!,neither,0.03772648452600981,0.3640217083279442,0.598251807146046
Its happening!,neither,0.03309144916294284,0.33256418880705063,0.6343443620300065
Woot!,neither,0.03945320844208391,0.33037608806864915,0.630170703489267
The time has come,neither,0.0355206809835327,0.35998286628077864,0.6044964527356886
dani danLove,neither,0.03945320844208391,0.33037608806864915,0.630170703489267
Bidet from England,neither,0.04071751644889743,0.3089174816120565,0.6503650019390461
fjord better have a good poker face or jester will read him like a book,neither,0.04597189562544607,0.3323115684876831,0.6217165358868708
Bidet from Aarhus Denmark,neither,0.04228451509352876,0.2823214250720796,0.6753940598343917
molly=lavender,neither,0.03945320844208391,0.33037608806864915,0.630170703489267
yesss,neither,0.03945320844208391,0.33037608806864915,0.630170703489267
Hello from Australia!,neither,0.04040683511112239,0.31419055472777996,0.6454026101610977
bidet from british columbia!,neither,0.04080695066346891,0.3073995495860776,0.6517934997504536
"@TerraWraith I was imagining an old book smell, with maybe a toasted nut mixed in",neither,0.03266820558299791,0.35131934606518533,0.6160124483518168
"clove beau, candy jester, sea salt fjord, dirt caleb",neither,0.03945320844208391,0.33037608806864915,0.630170703489267
woo!!,neither,0.03945320844208391,0.33037608806864915,0.630170703489267
moon2CUTE moon2CUTE moon2CUTE,neither,0.03945320844208391,0.33037608806864915,0.630170703489267
Bidet from a fellow texblade,neither,0.040769555981420263,0.3080342349327864,0.6511962090857933
Yaaaay!,neither,0.03945320844208391,0.33037608806864915,0.630170703489267
LETS GET IT! LIKE FJORD DID WITH AVANTIKA,neither,0.03429546822377736,0.4107192416820832,0.5549852900941394
Bidet from Minneapolis!,neither,0.04228451509352876,0.2823214250720796,0.6753940598343917
still waiting for the totaly not made up Return of Mollymauk episode. long may he reign,neither,0.036428180262461564,0.3274057876823381,0.6361660320552004
Dani <3,neither,0.03945320844208391,0.33037608806864915,0.630170703489267
cad's candle would be sandalwood and decay,neither,0.038497682754165666,0.2894649557151292,0.6720373615307051
bidet from cbus oh,neither,0.050416241482135554,0.21698369937451742,0.732600059143347
bidet from new zealand,neither,0.046710622032705686,0.1542697019613409,0.7990196760059534
RECAP!,neither,0.03945320844208391,0.33037608806864915,0.630170703489267
"oo hoo hoo, so ready!!!",neither,0.039424863071851335,0.35414903483596816,0.6064261020921804
"To be fair, the end of the campaign world is possibly one step closer as well. There's bigger issues than a love triangle.",neither,0.04229646659919262,0.3338451323723847,0.6238584010284227
I love Dani's boots,neither,0.03691704658757758,0.3421448465390681,0.6209381068733544
Bidet from Sydney Australia,neither,0.04031924518627951,0.315677184343852,0.6440035704698686
Check,neither,0.03945320844208391,0.33037608806864915,0.630170703489267
Dani <3,neither,0.03945320844208391,0.33037608806864915,0.630170703489267
bidet from NJ,neither,0.04069404815304118,0.30931579984010865,0.6499901520068502
critroleBidet critroleBidet critroleBidet critroleBidet,neither,0.03945320844208391,0.33037608806864915,0.630170703489267
Bidet everyone!,offensive_language,0.02988896790634741,0.4927062106388782,0.4774048214547744
scary,neither,0.03945320844208391,0.33037608806864915,0.630170703489267
Bidet friends,neither,0.03945320844208391,0.33037608806864915,0.630170703489267
Bidet from klahoma,neither,0.04228451509352876,0.2823214250720796,0.6753940598343917
*Oklahoma,neither,0.03945320844208391,0.33037608806864915,0.630170703489267
@crystalbodies bidet from New Zealand indeed,neither,0.04432768018657486,0.21610748977563568,0.7395648300377894
gandsRaid gandsRaid gandsRaid,neither,0.03945320844208391,0.33037608806864915,0.630170703489267
Bidet from the Oregon Coast,neither,0.03956732278204705,0.3001688139091863,0.6602638633087666
Bidet from NJ,neither,0.04069404815304118,0.30931579984010865,0.6499901520068502
bidet from canada!,neither,0.04071751644889743,0.3089174816120565,0.6503650019390461
bidet everyone!!!!!,offensive_language,0.02988896790634741,0.4927062106388782,0.4774048214547744
I need to stop starting things that need to be watched just as CR is starting. 8l,neither,0.044216326985080164,0.4052682493773746,0.5505154236375452
Bidet everyone from Georgia,neither,0.03461311353610859,0.4125251302641893,0.552861756199702
BIDGET from houston!,neither,0.040875471929787875,0.3062365648703896,0.6528879631998226
woot woot! bidet and gluten almonds from Roswell New Mexico!,neither,0.04124616446058832,0.25943320743245,0.6993206281069618
Sydney Critters say Yeet!,neither,0.03945320844208391,0.33037608806864915,0.630170703489267
first time watching since subbed,neither,0.03309789924108388,0.34761534810156297,0.6192867526573532
is this chat where we put the word for the giveaway??,neither,0.040584836697036865,0.26421725415479513,0.695197909148168
Uka'toa...,neither,0.03945320844208391,0.33037608806864915,0.630170703489267
Bidet from Ohio!,neither,0.040754399270683486,0.3082914838698526,0.650954116859464
are those custom mighty nein funko pops????,neither,0.09108048121637237,0.23102570863347377,0.6778938101501539
gandsRaid gandsRaid gandsRaid gandsRaid,neither,0.03945320844208391,0.33037608806864915,0.630170703489267
bidet from colorado <3,neither,0.04066490145509902,0.30981049537100724,0.6495246031738937
lol the blood smiley face,neither,0.03225850471083123,0.36199412493519245,0.6057473703539764
Bidet from QLD Australia,neither,0.04062582848913359,0.31047366557575606,0.6489005059351104
,neither,0.03945320844208391,0.33037608806864915,0.630170703489267
bidet from Dallas,neither,0.04081748366884477,0.3072207769958956,0.6519617393352596
bidet from Louisiana,neither,0.04062582848913359,0.31047366557575606,0.6489005059351104
Who thinks Molly was related to the Pheonix ?,neither,0.04354857442389401,0.3598779757859815,0.5965734497901245
@anth1256 @crystalbodies New Zealand buddies anneYay,neither,0.043556552909997374,0.2274202749167921,0.7290231721732106
wadduo,neither,0.03945320844208391,0.33037608806864915,0.630170703489267
yay!!,neither,0.03945320844208391,0.33037608806864915,0.630170703489267
gandsLHMercer,neither,0.03945320844208391,0.33037608806864915,0.630170703489267
one of the weirdest things matt has done hahahaa,neither,0.03803766704616476,0.34431704949577885,0.6176452834580565
howdy pardners moon2SH,neither,0.03945320844208391,0.33037608806864915,0.630170703489267
Bidet from Florida!!,neither,0.0408948396164547,0.30590784468201904,0.6531973157015263
bidet!,neither,0.03945320844208391,0.33037608806864915,0.630170703489267
Bidet from Wollongong,neither,0.04228451509352876,0.2823214250720796,0.6753940598343917
Yo yo,offensive_language,0.04010381111145228,0.5271105317972344,0.4327856570913131
Hello from Oregon!!,neither,0.04045433588424679,0.3133843426407197,0.6461613214750337
bidet from north Alabama!,neither,0.040454134749990676,0.3133877564139642,0.6461581088360451
bidet from a place too lazy to run pre-show videos apparently,neither,0.055605695300164536,0.24434744670844094,0.7000468579913945
Bidet from Io-way!,neither,0.04063624178208405,0.31295862974420746,0.6464051284737083
Bidet from Washington State ! moon2SH,neither,0.07569869260918143,0.20816383471815325,0.7161374726726654
Bidet from texas!!,neither,0.040937266849991,0.30518774380265185,0.6538749893473571
Sam was filled with anticipation,neither,0.02912949879635318,0.36775938704807887,0.6031111141555678
Bidet from Indiana,neither,0.0408364874901429,0.30689823255244486,0.6522652799574122
Is it thursday yet? Hell yes it is,offensive_language,0.0514900851616998,0.6324999419324412,0.316009972905859
bidet for cle,neither,0.03209595222309819,0.29367401618898725,0.6742300315879145
bidet from ks,neither,0.04228451509352876,0.2823214250720796,0.6753940598343917
is it not on critical role?,neither,0.041124355861207024,0.34432204368131897,0.614553600457474
"Bidet from Atlanta, m'dudes and 'dudettes!",neither,0.03964092400787386,0.27405672758858257,0.6863023484035435
hi hi,neither,0.03945320844208391,0.33037608806864915,0.630170703489267
anyone else think that Liam in the kylo ren suit looks like an older vax?,neither,0.04251910732839923,0.34375063564915914,0.6137302570224415
Beep Beep from Miami,neither,0.04082729608690459,0.3070542346530501,0.6521184692600454
howdy,neither,0.03945320844208391,0.33037608806864915,0.630170703489267
did i make it to the start?,neither,0.04433772432189112,0.3082581898930165,0.6474040857850922
,neither,0.03945320844208391,0.33037608806864915,0.630170703489267
Bidet!,neither,0.03945320844208391,0.33037608806864915,0.630170703489267
Bidet from Long Island NY!,neither,0.04017944379920894,0.3128524409485844,0.6469681152522065
bidet from texas!,neither,0.040937266849991,0.30518774380265185,0.6538749893473571
Bidet from Michigan,neither,0.040769555981420263,0.3080342349327864,0.6511962090857933
danni!,neither,0.03945320844208391,0.33037608806864915,0.630170703489267
bidet from las vegas,neither,0.040400041164603724,0.3143058657309893,0.6452940931044071
@moonlight_and_magic usually that's the criticalrole channel not the geekandsundry one,neither,0.03342039824870186,0.3665937799645236,0.5999858217867745
bidet from Oregon,neither,0.04071751644889743,0.3089174816120565,0.6503650019390461
Bidet from Wichita!,neither,0.04228451509352876,0.2823214250720796,0.6753940598343917
Bidet from Alabama,neither,0.04078317879478948,0.307803020237201,0.6514138009680096
Beep beep everyone,offensive_language,0.02988896790634741,0.4927062106388782,0.4774048214547744
"Beep Beep and Bidet from Spring, Tx!!!! gandsLessthanthree gandsLessthanthree",neither,0.03962759915129754,0.27743169150435204,0.6829407093443505
Bidet from VA,neither,0.04066490145509902,0.30981049537100724,0.6495246031738937
critroleBidet critroleBidet critroleBidet,neither,0.03945320844208391,0.33037608806864915,0.630170703489267
Bidet!!,neither,0.03945320844208391,0.33037608806864915,0.630170703489267
bidet from az,neither,0.04078317879478948,0.307803020237201,0.6514138009680096
Tonight on Critical Role: Travis gets murdered by his loving wife.......,neither,0.048655340260875486,0.3479702678987895,0.603374391840335
Bidet from Scotland!,neither,0.04062582848913359,0.31047366557575606,0.6489005059351104
"oh my goodness, how exciting. This is my first time watching this live!",neither,0.03093968662328202,0.4097850308865019,0.5592752824902162
it begins...,neither,0.037828236809968684,0.3309349903269868,0.6312367728630445
@Sir_VonDaniel It will start in a few.,neither,0.039419410252097505,0.30445629754471365,0.6561242922031888
beep beep and bidet from chicago,neither,0.03968692788310135,0.26288412776704095,0.6974289443498578
Bidet,neither,0.03945320844208391,0.33037608806864915,0.630170703489267
@ItsAllGremlin all of us New Zealands know each other ;),neither,0.08520480924463544,0.30252900471193506,0.6122661860434295
Bidet from Wisconsin,neither,0.04071751644889743,0.3089174816120565,0.6503650019390461
bidet from swift current! working on my jester costume!,neither,0.0308140470567484,0.3847242861938219,0.5844616667494297
BIDET!,neither,0.03945320844208391,0.33037608806864915,0.630170703489267
bidet from the midwest!,neither,0.0395975487247086,0.2929303761973238,0.6674720750779677
Bidet from Vegas!,neither,0.040853311764050625,0.30661268071637476,0.6525340075195746
YAYYYY gandsHype gandsHype gandsHype gandsHype,neither,0.03945320844208391,0.33037608806864915,0.630170703489267
Bidet from nj,neither,0.04069404815304118,0.30931579984010865,0.6499901520068502
bidet from long island NY!,neither,0.04017944379920894,0.3128524409485844,0.6469681152522065
Bidet from Lubbock,neither,0.04228451509352876,0.2823214250720796,0.6753940598343917
Bidet from Panama City!,neither,0.040446538081156815,0.31351669170980073,0.6460367702090424
Bidet from Brazil! o/,neither,0.04079557052152802,0.30759270029461827,0.6516117291838538
Guys...volume...please,neither,0.03934724264648595,0.3321746041686361,0.6284781531848781
Bidet from Kentucky,neither,0.04071751644889743,0.3089174816120565,0.6503650019390461
First time in chat from Saskatchewan!,neither,0.0325703506854546,0.33431764639369743,0.633112002920848
Bidet from St Louis MO,neither,0.040325751892290734,0.3155667485616919,0.6441074995460174
bidet,neither,0.03945320844208391,0.33037608806864915,0.630170703489267
I'm nervous for Travis tonight,neither,0.033217050566779274,0.29335975341481935,0.6734231960184014
Bidet from Vancouver Canada 🇨🇦,neither,0.04071751644889743,0.3089174816120565,0.6503650019390461
Bidet from Metro Detroit! ferociousHype annedroYo Love is Squeeze! nikaHug ferociousHug,neither,0.04352819360826016,0.3253398854443994,0.6311319209473405
kiss!,neither,0.03945320844208391,0.33037608806864915,0.630170703489267
"Bidet from northern Manitoba, Canada!!!! So excited for tonight’s episode!!!",neither,0.034793207211590765,0.3137071647404187,0.6514996280479907
can't wait for gandsTwenty gandsOne gandsNein,neither,0.031580603196057544,0.2829204766060445,0.6854989201978979
gandsLHMercer,neither,0.03945320844208391,0.33037608806864915,0.630170703489267
I hope to see Laura's reaction to last week's... happenings.,neither,0.07689999357934574,0.24667497395626853,0.6764250324643857
@altModeSewingStudio welcome to the live show mah dude!,neither,0.06010803362231122,0.2590284158115441,0.6808635505661448
Bidet from Brisbane supanova,neither,0.04228451509352876,0.2823214250720796,0.6753940598343917
I'm so glad we didn't have a TPK last session,neither,0.028099095483549646,0.40528757398190024,0.5666133305345502
bidet from the UK,neither,0.039613273355342184,0.2892653269430044,0.6711213997016535
i just found out my friend is dead,neither,0.02845565030395971,0.43398436224120734,0.5375599874548331
"I'm from New Zealand, but I've never said a word in the community",neither,0.02133782328436326,0.26572912958548633,0.7129330471301505
the volume is super low @GeekandSundry,neither,0.0453178687951605,0.3148707937342446,0.6398113374705948
critroleHarp critroleHarp,neither,0.03945320844208391,0.33037608806864915,0.630170703489267
sadface about subchat,neither,0.03510642987957868,0.4041522644624374,0.5607413056579837
ayo,neither,0.03945320844208391,0.33037608806864915,0.630170703489267
bidet from kansas,neither,0.04071751644889743,0.3089174816120565,0.6503650019390461
Bidet from Vancouver Island Canada!! 🇨🇦,neither,0.0404404044375207,0.3136207956498399,0.6459387999126394
bidet critters!,neither,0.03945320844208391,0.33037608806864915,0.630170703489267
lord..the countdown just reminds me that I have to get to class eventually,neither,0.03611635751794192,0.38723633999010654,0.5766473024919515
fjord did everything last episode,neither,0.03945320844208391,0.33037608806864915,0.630170703489267
bidet from tennessee,neither,0.04071751644889743,0.3089174816120565,0.6503650019390461
Bidet from Cincinnati Ohio,neither,0.040754399270683486,0.3082914838698526,0.650954116859464
bidet from boston,neither,0.040769555981420263,0.3080342349327864,0.6511962090857933
all those scared for travis say aye aye,neither,0.04963257485130434,0.3081376349462169,0.6422297902024787
then got with another girl same day jester us going to be so mad lol,neither,0.08061937742522408,0.45261055088100555,0.46677007169377027
Bidet from Calgary!,neither,0.04228451509352876,0.2823214250720796,0.6753940598343917
bidet!,neither,0.03945320844208391,0.33037608806864915,0.630170703489267
Fjord is this whole campaign,neither,0.04805725565368535,0.3290434913085242,0.6228992530377904
jester is going to freak the fuck out,offensive_language,0.18281707765297325,0.8157744668409751,0.0014084555060517945
When will we be able to watch the whole show from the other channel?,neither,0.04975747298824432,0.2703832594046724,0.6798592676070834
fjord went from kissing jester to banging ivantika in 1 episode lol,neither,0.03888426372253104,0.3529739776919709,0.6081417585854981
"bidet, kiddos!",neither,0.03945320844208391,0.33037608806864915,0.630170703489267
fjord saved and ruined at the same episode xD,neither,0.038254447474072244,0.31188644128171306,0.6498591112442147
Love love everyone yay 💖,neither,0.030222582250487053,0.43582765502637405,0.533949762723139
Bidet!!,neither,0.03945320844208391,0.33037608806864915,0.630170703489267
Jester likes Fjord too much to kill him. She'll just cast Polymorph to turn him into a dog.,neither,0.19295261650594075,0.35062863685146073,0.4564187466425985
"Hey, bidet from Calgary too!",neither,0.04053611840001478,0.31199627991277823,0.647467601687207
Bidet from São Paulo!,neither,0.04228451509352876,0.2823214250720796,0.6753940598343917
Bidetetetet from Norway,neither,0.04228451509352876,0.2823214250720796,0.6753940598343917
the fit is about to hit the shan,neither,0.05134781212490702,0.31952468142254076,0.6291275064525522
"bidet from Lancaster, CA!!",neither,0.04039749100449293,0.314349148603457,0.6452533603920501
"Bidet from Midtown, Atlanta!",neither,0.04078317879478948,0.307803020237201,0.6514138009680096
Fjord fjucked,neither,0.03945320844208391,0.33037608806864915,0.630170703489267
In The Shape of the Water I heard that a lady boned a fishman... but if you're gonna bone a fishman... why not bone a fish like this man?,neither,0.03773066141267327,0.4241081466806618,0.5381611919066649
Bidet from NY,neither,0.04084513770590474,0.30675141581570226,0.6524034464783931
Recap doesn't help much if Twitch and my TV are at max and I can barely hear it :(,neither,0.03126530977820353,0.34591536032718084,0.6228193298946156
"I’m at a sleep study, and got them to allow me to watch CR lol",neither,0.04658416751495831,0.38781687398883935,0.5655989584962025
Bidet from Arizona,neither,0.04078317879478948,0.307803020237201,0.6514138009680096
Hi,neither,0.03945320844208391,0.33037608806864915,0.630170703489267
@auslad91 bidet fellow queenslander! I hope you're having a great ime at supernova,neither,0.11368175755199844,0.2387179650354295,0.647600277412572
bidet from olds,neither,0.04062582848913359,0.31047366557575606,0.6489005059351104
Bidet from KC!,neither,0.04066490145509902,0.30981049537100724,0.6495246031738937
Oooooh Recap is really good. Never seen it before.,neither,0.037623507023081586,0.40562900396783996,0.5567474890090786
@ScreamingBiird_ Bidet From Saskatoon! I used to live in Calgary!,neither,0.05479656907526999,0.3036809056123457,0.6415225253123844
@poomahji cool that there are a good number of fellow NZers here :),neither,0.09517962530096177,0.2674779990251066,0.6373423756739315
Also bidet from NorCal,neither,0.04106389839533116,0.30303847599623085,0.655897625608438
Bidet from louisiana,neither,0.04062582848913359,0.31047366557575606,0.6489005059351104
"Travis ""I won't let my character be romanced"" Willingham",neither,0.02185028860341385,0.4209269872702822,0.5572227241263039
Bidet from Washington,neither,0.04080695066346891,0.3073995495860776,0.6517934997504536
Fjord... so much with Fjord in one episode,neither,0.02559385349522847,0.4411562276418594,0.5332499188629122
FLUFFERNUTTER!,neither,0.03945320844208391,0.33037608806864915,0.630170703489267
"Thank you, Okashido!",neither,0.07325166854587051,0.43632638485078484,0.49042194660334476
Bidet from Oregon!!!,neither,0.04071751644889743,0.3089174816120565,0.6503650019390461
just waiting for Jesters fury,neither,0.02699126357072954,0.3198156803343417,0.6531930560949288
Bidet from NC,neither,0.04066490145509902,0.30981049537100724,0.6495246031738937
FLUFFERNUTTER!!!,neither,0.03945320844208391,0.33037608806864915,0.630170703489267
BIDET from Bend OREGON!!!!! BEST SHOW EVER!!!,neither,0.05055827502016,0.25623838997406023,0.6932033350057798
FLUFFERNUTTER!,neither,0.03945320844208391,0.33037608806864915,0.630170703489267
soo much action in one episode,neither,0.03586071157888032,0.3555400375669372,0.6085992508541825
"Cant sub, to the channel!",neither,0.0444188956809173,0.31315044905328976,0.6424306552657929
everyone talking abt jester freaking out if she finds out idk about that. i think she might be real sad though :'0,offensive_language,0.02343857184697294,0.5543691553930322,0.4221922727599948
bidet from LA (CA)!,neither,0.04054123032143904,0.31190951726515675,0.6475492524134041
i love that story,neither,0.031061052060388835,0.4018290474191976,0.5671099005204135
Hope Laura is here tonight FlipThis TableHere gandsOwlbear gandsRage LUL,neither,0.14117932139992603,0.18417501229941943,0.6746456663006546
Bidet from Portland at work,neither,0.03971674852455169,0.336243443269637,0.6240398082058114
fluffernutter,neither,0.03945320844208391,0.33037608806864915,0.630170703489267
FLUFFER NUTTER!!!!!!,neither,0.03945320844208391,0.33037608806864915,0.630170703489267
<3 Nott,neither,0.03945320844208391,0.33037608806864915,0.630170703489267
critroleBidet critroleBidet,neither,0.03945320844208391,0.33037608806864915,0.630170703489267
F L U F F E R N U T T E R,neither,0.03945320844208391,0.33037608806864915,0.630170703489267
Bidet from Boston,neither,0.040769555981420263,0.3080342349327864,0.6511962090857933
I'm so excited for what's gonna happen next forsenThink,neither,0.03696555820043313,0.38300844091872666,0.5800260008808401
bidet from Pittsburgh PA USA!,neither,0.04022135297240217,0.31733867069167054,0.6424399763359273
Bidet all,offensive_language,0.046917543854519406,0.6277741405869331,0.3253083155585475
Bidet from NoVA!,neither,0.04228451509352876,0.2823214250720796,0.6753940598343917
Bidet from Kentucky!,neither,0.04071751644889743,0.3089174816120565,0.6503650019390461
bidet from Ohio!,neither,0.040754399270683486,0.3082914838698526,0.650954116859464
Floffernutter was abit of a dud actually...,neither,0.03927741353560142,0.33335978641980385,0.6273628000445947
Bidet from Central CA’n,neither,0.040443545309525104,0.31356748685490254,0.6459889678355725
Flutternuffer!,neither,0.03945320844208391,0.33037608806864915,0.630170703489267
Bidet,neither,0.03945320844208391,0.33037608806864915,0.630170703489267
audio is still quiet,neither,0.04557671979368752,0.3406657375496642,0.6137575426566483
Ey,neither,0.03945320844208391,0.33037608806864915,0.630170703489267
Bidet from Minnesota,neither,0.04071751644889743,0.3089174816120565,0.6503650019390461
Bidet from Minnesota!,neither,0.04071751644889743,0.3089174816120565,0.6503650019390461
bidet!,neither,0.03945320844208391,0.33037608806864915,0.630170703489267
Bidet from vt!!!!,neither,0.04228451509352876,0.2823214250720796,0.6753940598343917
had been forever,neither,0.0390760610523204,0.3367772635491902,0.6241466753984894
Fjord is bout to be in a love triangle,neither,0.0497651610450789,0.44170772840670447,0.5085271105482166
"Evening chat. Bidet from Fort Smith, Arkansas. :D",neither,0.04016438856970791,0.31830550527063667,0.6415301061596554
Fluffernutter is gonna make a return,neither,0.04684184518984627,0.3766931853515929,0.5764649694585608
MercyWing1 bidet from denver MercyWing2,neither,0.04069404815304118,0.30931579984010865,0.6499901520068502
travis will kill fjord off just so he wont get into a relationship,neither,0.21746858486709741,0.27843923339940313,0.5040921817334995
Bidet from Nanaimo,neither,0.04228451509352876,0.2823214250720796,0.6753940598343917
PixelBob,neither,0.03945320844208391,0.33037608806864915,0.630170703489267
* CA!,neither,0.03945320844208391,0.33037608806864915,0.630170703489267
"@MoonElf Fjord is obviously Sea Breeze, Jester is vanilla cupcake, Beau is cinnamon, Nott is green apple, Cadeucus is Strawberry, Caleb is Apple Cider, and Yasha is anger",neither,0.059347320728977054,0.303299458353947,0.637353220917076
gandsFjord,neither,0.03945320844208391,0.33037608806864915,0.630170703489267
There's always something close to fluffernutter,neither,0.04424096806505743,0.33805816471263694,0.6177008672223057
First time watching live!!!,neither,0.03513206370154816,0.3516282956383994,0.6132396406600524
Bidet from martensville,neither,0.04228451509352876,0.2823214250720796,0.6753940598343917
Bidet from KCMO,neither,0.04228451509352876,0.2823214250720796,0.6753940598343917
Bidet and Bip bip from the SwedishCritters!!!,neither,0.038712794713272825,0.19940457003986556,0.7618826352468616
bidet from Las Vegas! everyone got their popcorn for Jester's reaction? hehe,neither,0.033181496604795455,0.3818902300863951,0.5849282733088095
bidet from San Francsico!,neither,0.04082729608690459,0.3070542346530501,0.6521184692600454
hiding in caleb's sphere of protection then lighting the gunpowder of the ship,neither,0.038611101912931364,0.31499580114868575,0.6463930969383829
Bidget From Augusta GA,neither,0.040737273169946825,0.30858215849491494,0.6506805683351382
Bidet from Houston everyone!,neither,0.03410348934323388,0.421174782830433,0.544721727826333
Bidet from The Netherlands(is this how that works?),neither,0.042527804062341835,0.3353071931410169,0.6221650027966412
Bidet from alfred ny,neither,0.04084513770590474,0.30675141581570226,0.6524034464783931
"it won't lemme subscribe just to pay, and not twitch-prime sub",neither,0.038372379092732965,0.3201034585471914,0.6415241623600756
"Bidet from Portland, OR",neither,0.040570124267008914,0.3114191116016469,0.6480107641313441
BiDeT FrOM tHe BaNIsheD priSoN of VECNA,neither,0.03960360123016456,0.2915118832636736,0.6688845155061619
Bidet from NYC!!!! How's everyone doing tonight?,neither,0.03359125503686212,0.3802748614690424,0.5861338834940955
Travis hype,neither,0.03945320844208391,0.33037608806864915,0.630170703489267
goddangit,neither,0.03945320844208391,0.33037608806864915,0.630170703489267
San Diego here!,neither,0.08296389132704327,0.2950742230811123,0.6219618855918443
@OldJericonda lol!,neither,0.020706217963973744,0.4882283491876925,0.4910654328483337
How will Jester react to the midnight fun?,neither,0.04493381848342188,0.2970274152490926,0.6580387662674855
Bidet from Buffalo!,neither,0.04069404815304118,0.30931579984010865,0.6499901520068502
bidet from australia,neither,0.04062582848913359,0.31047366557575606,0.6489005059351104
time to see travis perish!!!,neither,0.043573186518189234,0.34212375193192746,0.6143030615498835
@Vaeldarg would the sphere sink though?,neither,0.03828939346794612,0.313785849939333,0.6479247565927209
"wait... i thought i was caught up, did this episode not go on youtube?",neither,0.037854441199453935,0.31499693762613623,0.6471486211744099
<3 Dani,neither,0.03945320844208391,0.33037608806864915,0.630170703489267
Sup People!!!,neither,0.08072660320791218,0.32550148703642473,0.5937719097556631
Bidet for Brooklyn!,neither,0.03209595222309819,0.29367401618898725,0.6742300315879145
Fjord unleashed a creature alright,neither,0.03945320844208391,0.33037608806864915,0.630170703489267
"bidet from Cape Breton, Nova Scotia",neither,0.04062582848913359,0.31047366557575606,0.6489005059351104
bidet critters,neither,0.03945320844208391,0.33037608806864915,0.630170703489267
dramatic pause,neither,0.03945320844208391,0.33037608806864915,0.630170703489267
"OMG that Mollymauk vs Caleb Rap Battle, PURE FIRE",neither,0.03722289103834616,0.35444565686320467,0.6083314520984492
So excited!!,neither,0.03940839469474773,0.3948270312238364,0.565764574081416
Bidet <3,neither,0.03945320844208391,0.33037608806864915,0.630170703489267
i am so far behind,neither,0.03921452404929743,0.37627661007536795,0.5845088658753346
@Digilog it was on monday,neither,0.03427670084078543,0.35006230148398604,0.6156609976752285
bidet from Michigan,neither,0.040769555981420263,0.3080342349327864,0.6511962090857933
@Digilog It did,neither,0.03679680055061391,0.33128974855371013,0.631913450895676
bidet from the Rocky Mountains,neither,0.03960106348276639,0.2921054363772407,0.6682935001399929
@eyesnevershut -> Only those that we deem worthy shall possess the power of the Hyperlink [warning],neither,0.048140585852785724,0.2990817588418225,0.6527776553053918
"Man, Laura missed Fjord/Jester kiss, Fluffernutter working and Fjord/Avantika",neither,0.03873111600496784,0.34665102613089216,0.61461785786414
can't wait for jester to destroy fjord,neither,0.039807184818219404,0.29489912260433326,0.6652936925774473
!sub,neither,0.03945320844208391,0.33037608806864915,0.630170703489267
Bow chicka wow wow,neither,0.03945320844208391,0.33037608806864915,0.630170703489267
gandsHR gandsHR gandsHR gandsHR gandsHR gandsHR gandsHR gandsHR gandsHR gandsHR gandsHR gandsHR,neither,0.03945320844208391,0.33037608806864915,0.630170703489267
Help support the #GnSLive twitch channel! $4.99/month gets you exclusive sub-only benefits and helps keep the channel alive! Thanks! twitch.tv/geekandsundry/subscribe or for MOBILE https://secure.twitch.tv/products/geekandsundry/ticket/new,neither,0.047564760200365624,0.28780811278399754,0.6646271270156369
Recaps ftw.,neither,0.03945320844208391,0.33037608806864915,0.630170703489267
bidet from argentina :),neither,0.04062582848913359,0.31047366557575606,0.6489005059351104
Bidet from Denmark ! ^_^ gandsHype gandsHype walrusLove,neither,0.04228451509352876,0.2823214250720796,0.6753940598343917
moon2L,neither,0.03945320844208391,0.33037608806864915,0.630170703489267
Whats up with the Volume?,neither,0.027845722985254964,0.3902594491743323,0.5818948278404127
hey hi,neither,0.03945320844208391,0.33037608806864915,0.630170703489267
the youtube version is so quiet,neither,0.04509374474949349,0.35005006571511615,0.6048561895353904
Bidet from Arkansas!,neither,0.04066490145509902,0.30981049537100724,0.6495246031738937
Yay!,neither,0.03945320844208391,0.33037608806864915,0.630170703489267
soooo much innuendo in the recap,neither,0.03541548244272396,0.3176570489916064,0.6469274685656697
Bidet from SIngapore! Hardly have time to watch any more but will always love you all! gandsTWC gandsTWC gandsTWC,neither,0.057256004916955,0.4485631433897659,0.494180851693279
XD,neither,0.03945320844208391,0.33037608806864915,0.630170703489267
@bubbly30218 Caleb would remove it before they'd drowned. And it'd be better than being blown up.,neither,0.03219539480783061,0.3825945999629615,0.585210005229208
"i've been going to work super tired every day for the last three days....but Critical Role is one, so....here I come, tired again, Day 4!",neither,0.0404999666095412,0.3456706387335865,0.6138293946568724
TheIlluminati,neither,0.03945320844208391,0.33037608806864915,0.630170703489267
FJORD IS EVIL IM CALLING IT,neither,0.044996044801701836,0.36046203820356315,0.594541916994735
RIP Travis,neither,0.03945320844208391,0.33037608806864915,0.630170703489267
'I'm gonna go for it' - famous last words,neither,0.03343731954211744,0.3461805670140462,0.6203821134438363
Bidet from Chile!,neither,0.04069404815304118,0.30931579984010865,0.6499901520068502
why would laura do anything,neither,0.027558463168119655,0.34157621437255953,0.6308653224593208
LUL,neither,0.03945320844208391,0.33037608806864915,0.630170703489267
critroleBidet,neither,0.03945320844208391,0.33037608806864915,0.630170703489267
i panicked,neither,0.03945320844208391,0.33037608806864915,0.630170703489267
bidet,neither,0.03945320844208391,0.33037608806864915,0.630170703489267
"Bidet from Historic Natchez,MS!!!",neither,0.040769555981420263,0.3080342349327864,0.6511962090857933
Bidet from Scotland !,neither,0.04062582848913359,0.31047366557575606,0.6489005059351104
brettuSmug brettuSmug brettuSmug,neither,0.03945320844208391,0.33037608806864915,0.630170703489267
artvLEWD,neither,0.03945320844208391,0.33037608806864915,0.630170703489267
Fjord and Aventica shipped on a ship,neither,0.03550392679885072,0.3007949966224139,0.6637010765787354
rip fjord,neither,0.03945320844208391,0.33037608806864915,0.630170703489267
jester plotting avantica's demise,neither,0.03945320844208391,0.33037608806864915,0.630170703489267
RIP ford when jester finds out,neither,0.029503402637160017,0.3781007696411108,0.5923958277217293
Bidet from Fayetteville!,neither,0.04228451509352876,0.2823214250720796,0.6753940598343917
Bidet from Illinois!,neither,0.04069404815304118,0.30931579984010865,0.6499901520068502
"Yep, yep, yep",neither,0.03945320844208391,0.33037608806864915,0.630170703489267
gandsSpoopy,neither,0.03945320844208391,0.33037608806864915,0.630170703489267
hi,neither,0.03945320844208391,0.33037608806864915,0.630170703489267
Bidet from NYC as well!,neither,0.038473342213619366,0.3470069752127718,0.6145196825736088
Is Laura back this session?,neither,0.048105735126454115,0.3290351252108779,0.6228591396626679
I love the Marisha chair thing,neither,0.03587662714261079,0.3274078104979039,0.6367155623594855
Gah.. internet freezes.. argh,neither,0.03945320844208391,0.33037608806864915,0.630170703489267
Bidget Diamond!,neither,0.03945320844208391,0.33037608806864915,0.630170703489267
saejHi Bidet saej07 From France,neither,0.04071751644889743,0.3089174816120565,0.6503650019390461
just a question but when did they change the character icons to reflect their health?,neither,0.03198118493828116,0.3661413443814768,0.6018774706802421
Fjord you filthy playboy,neither,0.05515735631365947,0.3747542372304161,0.5700884064559244
"bidet from harrow, london",neither,0.04069404815304118,0.30931579984010865,0.6499901520068502
Both Versions are quiet any idea why?,neither,0.04547682550674421,0.3110967401360097,0.643426434357246
Bidet from MI!,neither,0.04081748366884477,0.3072207769958956,0.6519617393352596
bidet from Albany,neither,0.04228451509352876,0.2823214250720796,0.6753940598343917
jester stabs fjord in the first 30 seconds,neither,0.032024748812247275,0.31708322122729293,0.6508920299604598
Get amongst it ya fairies,offensive_language,0.02724578151198984,0.528369307646787,0.44438491084122306
"Bidet from AZ, your new swing state",neither,0.10282524051253683,0.17142856404525694,0.7257461954422062
Hi guys,neither,0.03930687933907141,0.3328596748352989,0.6278334458256297
"""Have a good night with your bad decisions""﻿",neither,0.039231379523395594,0.36583558252296194,0.5949330379536424
BIDET! we are all about to witness a murder gandsLHMercer,neither,0.06911556369262897,0.37111467362203815,0.559769762685333
fucking fjord banging avantika lmfaooo,offensive_language,0.10549229494040781,0.8919534655613442,0.0025542394982480615
did they bang?,neither,0.03945320844208391,0.33037608806864915,0.630170703489267
I need to hear lauras reaction,neither,0.04607807029535982,0.3249068220489457,0.6290151076556946
The ol lean in,neither,0.038544967891902454,0.3137570425387036,0.6476979895693941
is this the last session??,neither,0.04658152089610382,0.31323186507945133,0.6401866140244448
Bidet from Saskatoon,neither,0.04228451509352876,0.2823214250720796,0.6753940598343917
Oops sorry nightbot,neither,0.03945320844208391,0.33037608806864915,0.630170703489267
awww no Cad's response on Fjord walking in?,neither,0.036648846642872525,0.3516505391093794,0.6117006142477482
caduces knows,neither,0.03945320844208391,0.33037608806864915,0.630170703489267
Fjord/Jester romance RUINED,neither,0.03945320844208391,0.33037608806864915,0.630170703489267
i want that kiri plush!!,neither,0.032007867239017905,0.4096419018032045,0.5583502309577777
Jester & Fjord interaction is worth the price of admission.,neither,0.04492475933960763,0.3158182297141481,0.6392570109462442
fjord you dirty slut lol,neither,0.04728669159918198,0.45636428428733017,0.49634902411348786
;),neither,0.03945320844208391,0.33037608806864915,0.630170703489267
Bidet,neither,0.03945320844208391,0.33037608806864915,0.630170703489267
I'm finally caught up with C2 and this is my first ever livestream. I'm excited!,neither,0.025174770039051324,0.40930212895164053,0.5655231010093082
Bidet from NJ!,neither,0.04069404815304118,0.30931579984010865,0.6499901520068502
Bidet from Missouri,neither,0.04071751644889743,0.3089174816120565,0.6503650019390461
U already kno laura will go ham on travis tonight in character,neither,0.0370526064311178,0.32310606230840094,0.6398413312604814
Live with your poor decisions fjord,neither,0.05657032914300133,0.35479873706523263,0.588630933791766
THAT TINI KIRIYYYYYYYYYYYY,neither,0.026110925149043836,0.4791292047641166,0.4947598700868395
"Thank you, Dani!!! <3",neither,0.056569537053094594,0.387589590314071,0.5558408726328344
oh they banged,neither,0.04490300812226605,0.27852569153917944,0.6765713003385545
i've never noticed her little kiri plush oHMY GOD,offensive_language,0.015047570605937338,0.507699601175547,0.47725282821851567
"the party being level 7, jester has polymorph and dimension door and caduceus has blight and death ward",neither,0.03589222437943102,0.26998394924060237,0.6941238263799665
@tom_hanks_official they banged,neither,0.03945320844208391,0.33037608806864915,0.630170703489267
sleep well with your bad decisions partnet,neither,0.04789497808229051,0.35789745982870247,0.5942075620890069
@tom_hanks_official Yes,neither,0.03945320844208391,0.33037608806864915,0.630170703489267
@tom_hanks_official ooof yeah,offensive_language,0.013968601452186464,0.5182923869769311,0.4677390115708824
bidet from Murray Utah!,neither,0.04035096305996787,0.3151388492503063,0.6445101876897258
bidet from WI,neither,0.040737273169946825,0.30858215849491494,0.6506805683351382
Fjord is after pirate booty! hahahaha,neither,0.040955971349824316,0.39822477198510203,0.5608192566650736
LAUUURA,neither,0.03945320844208391,0.33037608806864915,0.630170703489267
is this chat the one used for the giveaway?,neither,0.038639307179264684,0.30604148664498515,0.6553192061757501
@tom_hanks_official yes they did,neither,0.03945320844208391,0.33037608806864915,0.630170703489267
RIP fjord,neither,0.03945320844208391,0.33037608806864915,0.630170703489267
"bidet from planet Earth, best 3rd planet in the solar system!",neither,0.03907730994254761,0.30985477760297636,0.651067912454476
GG TUSK LOVE,neither,0.03217296676969875,0.3657703709031763,0.602056662327125
BIDET,neither,0.03945320844208391,0.33037608806864915,0.630170703489267
AAAAAAAA,neither,0.03945320844208391,0.33037608806864915,0.630170703489267
gandsLHMercer gandsLHMercer gandsLHMercer,neither,0.03945320844208391,0.33037608806864915,0.630170703489267
ugh.. and now ads..,neither,0.03871104928866044,0.293076618242546,0.6682123324687936
Bidet,neither,0.03945320844208391,0.33037608806864915,0.630170703489267
I'm still up LET'S DO THIS :D,neither,0.020381406085968917,0.4526590119855037,0.5269595819285273
Dani's Boots are CUTE!,neither,0.06280908939636999,0.2664072546205864,0.6707836559830435
potato person,neither,0.03945320844208391,0.33037608806864915,0.630170703489267
FJORD FJUCKED,neither,0.03945320844208391,0.33037608806864915,0.630170703489267
Oh boy art!,neither,0.04497985674338088,0.27782340447672976,0.6771967387798894
Love ya Dani!,offensive_language,0.02385724872941803,0.583904796482362,0.39223795478822
"Jester senses some fishiness, and it isn't just the yuan-ti",neither,0.02708277688053539,0.31283404278915705,0.6600831803303076
Cad isn't gonna say shit.,offensive_language,0.043166596903918907,0.956392641788044,0.00044076130803718844
critroleBidet critroleBidet critroleBidet,neither,0.03945320844208391,0.33037608806864915,0.630170703489267
