text,top_class,hate_speech,offensive_language,neither
@WOMS i currently have 4 systems i want to run/play in and no group so as cool as this looks i resisted,neither,0.039513526909933566,0.3735021592199065,0.5869843138701599
#ElizaPeril,neither,0.03945320844208391,0.33037608806864915,0.630170703489267
SOOOOOON.,neither,0.03945320844208391,0.33037608806864915,0.630170703489267
"Ah... I was thinking about it too when we found it at Spiel.... just thinking about my pen & paper group, they most likely wont play it, so I didnt buy",neither,0.027853804894035123,0.4320497608171801,0.5400964342887847
"hello everyone, and good luck aliza and players!",neither,0.034017267490521134,0.3500863408909594,0.6158963916185195
@livingbookshelf 9 mins ago,neither,0.03945320844208391,0.33037608806864915,0.630170703489267
I want to see this system at work,neither,0.04497406580588021,0.3464827042560251,0.6085432299380947
Woohoo!!! <3,neither,0.03945320844208391,0.33037608806864915,0.630170703489267
woot!,neither,0.03945320844208391,0.33037608806864915,0.630170703489267
Wooo,neither,0.03945320844208391,0.33037608806864915,0.630170703489267
Er #AlizaPeril,neither,0.03945320844208391,0.33037608806864915,0.630170703489267
"Fracture light, Lets brake some rainbows",neither,0.031962483176963,0.3536920996817829,0.6143454171412541
NOOOOOW.,neither,0.03945320844208391,0.33037608806864915,0.630170703489267
after c6 and LA by night im so excited for this,neither,0.029586342602060067,0.3642002282024339,0.606213429195506
HI ALIZA,neither,0.03945320844208391,0.33037608806864915,0.630170703489267
So excited for this. we love Overlight!,neither,0.030554959817361158,0.35942337913514066,0.6100216610474981
YAAAAAAAAY!!!!!!!,neither,0.03945320844208391,0.33037608806864915,0.630170703489267
#break a leg Aliza,neither,0.03945320844208391,0.33037608806864915,0.630170703489267
woooooo!!!!,neither,0.03945320844208391,0.33037608806864915,0.630170703489267
Overlight Overlight,neither,0.03945320844208391,0.33037608806864915,0.630170703489267
ramaV,neither,0.03945320844208391,0.33037608806864915,0.630170703489267
Yaaaay!!!!,neither,0.03945320844208391,0.33037608806864915,0.630170703489267
Over the overlight,neither,0.0317045798214636,0.3009803449525319,0.6673150752260046
!renegade,neither,0.03945320844208391,0.33037608806864915,0.630170703489267
Check out Overlight and other Renegade Games! https://www.renegadegamestudios.com/overlight/,neither,0.036464652290270454,0.31639864094151127,0.6471367067682182
So much HYPE!!!!!!!!!,neither,0.034963003064470866,0.3848474616662621,0.580189535269267
GayPride,neither,0.03945320844208391,0.33037608806864915,0.630170703489267
Hello Aliza,neither,0.03945320844208391,0.33037608806864915,0.630170703489267
For anyone curious about the how the system works you have a hand of 7 dice 3 attribute and 3 skill dice successes are considered anything 5+. The last die is a spirit die which can trigger effects,neither,0.13481646167815844,0.18064116475875125,0.6845423735630902
Ohhh that's an awesome screen,neither,0.0360960570298663,0.3649542898451247,0.598949653125009
"Help G&S make great content! $4.99/month gets you emotes, Minecraft server access, sub-only VODs, and more! Every sub keeps the channel alive! twitch.tv/geekandsundry/subscribe",neither,0.043907990691603095,0.31135964332838284,0.644732365980014
gandsHype gandsHype gandsHype gandsHype gandsHype,neither,0.03945320844208391,0.33037608806864915,0.630170703489267
3 cheers for Aliza,neither,0.03249517366167782,0.29565414420004343,0.6718506821382788
ramaV ramaV ramaV,neither,0.03945320844208391,0.33037608806864915,0.630170703489267
ramaShield ramaShield ramaShield ramaShield ramaShield ramaShield,neither,0.03945320844208391,0.33037608806864915,0.630170703489267
gandsLessthanthree gandsLessthanthree,neither,0.03945320844208391,0.33037608806864915,0.630170703489267
Cool Dm screen,neither,0.03945320844208391,0.33037608806864915,0.630170703489267
"If there's a monk, there'd better be a Hamanu...",neither,0.023741850345693517,0.30458136783510337,0.6716767818192031
!whodat,neither,0.03945320844208391,0.33037608806864915,0.630170703489267
"GM Aliza Pearl ( twitter.com/AlizaPearl ), with Phillip Jeanmarie ( instagram.com/phillipjeanmarie ), Havana Mahoney ( twitter.com/HavanaRama ), Rachel Seeley ( twitter.com/sunnyseeley ), Josh Dempster ( twitter.com/Hidefininja ).",neither,0.035819028844552465,0.44976572203492543,0.514415249120522
might have to buy that screen,neither,0.04123685036946182,0.37273011644703835,0.5860330331834999
!whodat,neither,0.03945320844208391,0.33037608806864915,0.630170703489267
ramaShield ramaShield ramaShield ramaShield,neither,0.03945320844208391,0.33037608806864915,0.630170703489267
This is so exciting!,neither,0.047912539812521436,0.3759441805335498,0.5761432796539289
Renegade is the company doing the Power rangers tabletop game,neither,0.042695290610511916,0.2869773490407527,0.6703273603487354
CULURZZZZ!!,neither,0.03945320844208391,0.33037608806864915,0.630170703489267
Is this show bridging a gap between Callisto6 season 1 and 2?,neither,0.05835979269434837,0.2371193230078265,0.7045208842978251
"Only 4 players, eh?",neither,0.03945320844208391,0.33037608806864915,0.630170703489267
ramaV ramaV ramaV ramaV,neither,0.03945320844208391,0.33037608806864915,0.630170703489267
ramaV ramaV ramaV ramaV,neither,0.03945320844208391,0.33037608806864915,0.630170703489267
RACHEL!!! ramaO,neither,0.03945320844208391,0.33037608806864915,0.630170703489267
@captaintalon447 yes,neither,0.03945320844208391,0.33037608806864915,0.630170703489267
I only know the Gm that's it,neither,0.03360216667772803,0.3557817093601911,0.6106161239620809
I love her hair!,offensive_language,0.02513992278012551,0.642094385655478,0.33276569156439645
!rbschedule,neither,0.03945320844208391,0.33037608806864915,0.630170703489267
@CaptainTalon447 Yea this will run till the end of the year,neither,0.03897896334758894,0.293787322467416,0.667233714184995
BANYARI <3,neither,0.03945320844208391,0.33037608806864915,0.630170703489267
ramaV ramaV ramaV,neither,0.03945320844208391,0.33037608806864915,0.630170703489267
rama7 rama7,neither,0.03945320844208391,0.33037608806864915,0.630170703489267
"@Orangeitis 5, Amy Vorpahl isn't here tonight.",neither,0.07557768064653902,0.27972796334362343,0.6446943560098375
I thought Amy Vorphal was gonna be on this game?,neither,0.0385575009237012,0.27119114260763555,0.6902513564686632
Waaaait. A monk without a Hamanu???,neither,0.03945320844208391,0.33037608806864915,0.630170703489267
i know some of those words!,neither,0.054390598361722074,0.2677531472737271,0.6778562543645509
<3 mazearcSquee <3,neither,0.03945320844208391,0.33037608806864915,0.630170703489267
rama7 rama7,neither,0.03945320844208391,0.33037608806864915,0.630170703489267
"kickstarted this game for my hubby""s birthday and so glad to see it played somewhere!!",neither,0.0312792300220443,0.3376962081503292,0.6310245618276266
,neither,0.03945320844208391,0.33037608806864915,0.630170703489267
"@seratonia yes, but next week",neither,0.035218702418850396,0.35429675223444185,0.6104845453467077
oh HELLO this intro!?,neither,0.043903986588819235,0.288331981464461,0.6677640319467198
ramaO,neither,0.03945320844208391,0.33037608806864915,0.630170703489267
"@Danoba Thanks, I thought she was in it.",neither,0.040102192865329345,0.2882698763759031,0.6716279307587675
Woah!,neither,0.03945320844208391,0.33037608806864915,0.630170703489267
ramaShield ramaShield ramaShield ramaShield ramaShield ramaShield ramaShield ramaShield ramaShield ramaShield ramaShield ramaShield ramaShield,neither,0.03945320844208391,0.33037608806864915,0.630170703489267
cheer500,neither,0.03945320844208391,0.33037608806864915,0.630170703489267
in the immortal words of Sam I am excited,neither,0.03858339554314052,0.31740611866058527,0.6440104857962742
"Okay, this is pretty",neither,0.04950551179286768,0.3287899865086996,0.6217045016984327
Like really pretty,neither,0.05627832171806914,0.35377162681048324,0.5899500514714475
it is such a vivid game,neither,0.047610545392097824,0.26947890078786524,0.682910553820037
that was beautiful,neither,0.034096346397797,0.38999331632245976,0.5759103372797433
the art is gorgeous,neither,0.04636301999524705,0.31240770679770236,0.6412292732070505
@seratonia why do you have a stapler?,neither,0.04230424741067023,0.4035739433120298,0.5541218092773
Now wondering if they commissioned the same artist for the character art.,neither,0.02575374036306858,0.33003746913337734,0.6442087905035541
@jkoking thank you someone had to say it!,neither,0.06339323007891891,0.38195182661521093,0.5546549433058702
we love this whole game's aesthetic,neither,0.036452682056939655,0.31045128523871957,0.6530960327043407
It was awesome!,neither,0.0375051753645478,0.33361000911879574,0.6288848155166564
"I love colorful shiz, and this has bucketloads of all this eyegasmic bliss~",neither,0.038058569991019836,0.35422821237823826,0.6077132176307419
@jkoking gandsHype,neither,0.03945320844208391,0.33037608806864915,0.630170703489267
My mind was blow,neither,0.027649288826793336,0.4240284154868633,0.5483222956863433
kwanchai moriya is awesome,neither,0.051604876223397336,0.3261965722966076,0.622198551479995
the art ended with a Grass type pikachu,neither,0.030904290912654304,0.34536153591590796,0.6237341731714378
I hope this isn’t a case where the game is all flash and no substance,neither,0.06583203659296942,0.23265570819378834,0.7015122552132423
pretty much,neither,0.03384839909176227,0.33230383901613453,0.6338477618921031
@raemondf you will get a stapler in 3 months,neither,0.05502813716939764,0.357716601479748,0.5872552613508544
Safety tip: Don't futz with the Novapendra.,neither,0.02584000723064365,0.35586333339037546,0.6182966593789808
rythLore,neither,0.03945320844208391,0.33037608806864915,0.630170703489267
Banyari are like eevees mixed with Nopon XD,neither,0.06742719392947931,0.33911833341342895,0.5934544726570917
They're carnivorous.,neither,0.08622719944284905,0.2688219705217552,0.6449508300353959
They will eat folk.,neither,0.05134546629690471,0.30006233346455025,0.648592200238545
"If Jim Henson was like, ""I wanna make my own fantasy rpg... """,neither,0.037986763074286674,0.43620525167815266,0.5258079852475608
ramaSquee,neither,0.03945320844208391,0.33037608806864915,0.630170703489267
@bluelinnet oh okay thank you!,neither,0.06730179868483789,0.3340856620963592,0.5986125392188029
I hope the players are good,neither,0.12173848517530214,0.1580063378977861,0.7202551769269118
@16biteric dark Crystal?,neither,0.03945320844208391,0.33037608806864915,0.630170703489267
@CaptainTalon447 I'm kind of in the same boat.,neither,0.03937547235664719,0.32232839702123517,0.6382961306221175
# vest,neither,0.03945320844208391,0.33037608806864915,0.630170703489267
Hai Eric !,neither,0.03945320844208391,0.33037608806864915,0.630170703489267
That’s my one fear with Overlight. It’s all flash and no substance,neither,0.023127025893086683,0.4771379791983071,0.4997349949086061
Because the Gm is very good,neither,0.04510497915697625,0.31405194489935223,0.6408430759436714
@16bitEric acctually YEA thats a really on the nose description,neither,0.036612205767231606,0.33068954260027655,0.6326982516324918
"@16bitEric I mean, that's Dark Crystal.",neither,0.035938878622067995,0.3685367973667167,0.5955243240112154
Dark Crystal definitely. also stuff like Baten Kaitos\Xenoblade etc.,neither,0.046265403294578906,0.3405668518135029,0.6131677448919183
World of Tiers?,neither,0.03945320844208391,0.33037608806864915,0.630170703489267
"Yeah, Dark Crystal or Labyrinth...",neither,0.025261524478614503,0.4276958889673537,0.5470425865540317
@CaptainTalon447 proof of the pudding is in the eating.,neither,0.044198697609772644,0.3043654517952334,0.651435850594994
vieHmm Fascinating,neither,0.03945320844208391,0.33037608806864915,0.630170703489267
"@16bitEric For a weird reason, I suddenly want Fraggle Rock - The RPG to be a thing :-D",neither,0.03936447492892011,0.2975964363316372,0.6630390887394426
i dont think anyone playing will not add substance.,neither,0.039857624436384194,0.3116627223313524,0.6484796532322634
the banyan are like if Rocket racoon was fused to a mecha made of groot,neither,0.05178866863958676,0.3350577863732327,0.6131535449871804
!whodat,neither,0.03945320844208391,0.33037608806864915,0.630170703489267
"GM Aliza Pearl ( twitter.com/AlizaPearl ), with Phillip Jeanmarie ( instagram.com/phillipjeanmarie ), Havana Mahoney ( twitter.com/HavanaRama ), Rachel Seeley ( twitter.com/sunnyseeley ), Josh Dempster ( twitter.com/Hidefininja ).",neither,0.035819028844552465,0.44976572203492543,0.514415249120522
@Ossborn omg yes!,neither,0.03945320844208391,0.33037608806864915,0.630170703489267
@ossborn im in!,neither,0.03764178632546834,0.39907854637479884,0.5632796672997328
freaking auramel,neither,0.03945320844208391,0.33037608806864915,0.630170703489267
"All the colors are gonna keep reminding me of RWBY, though...",neither,0.04903837525042049,0.3937777271020588,0.5571838976475207
fraggle rpg would be amazing,neither,0.039204916971761525,0.3282969272625936,0.632498155765645
the Neil Gaiman Bad Guy Race,neither,0.2504791687127956,0.0674425515798242,0.6820782797073802
"I'm in love with Fennel already, okie dokie",neither,0.02238036104456385,0.41775556075917475,0.5598640781962614
Fennel is a bulbasaur,neither,0.081172750358939,0.3160268245287109,0.60280042511235
Roll to eat Doozer Construction @akhenatron,neither,0.04844182833527518,0.3251762097758425,0.6263819618888824
@darkofnate let's hope it's less violent than rwby,neither,0.04713235196633515,0.2701179450069731,0.6827497030266917
LUL,neither,0.03945320844208391,0.33037608806864915,0.630170703489267
Did someone write the campaign for this show?,neither,0.04437022876807275,0.24298259185849497,0.7126471793734322
@akhenatron ask Alexandra RPG library if they ever made one they will know of it,neither,0.028701605265840337,0.3663954467752018,0.6049029479589579
Such amazing words Aliza...,neither,0.039700116294910284,0.3261854174280377,0.634114466277052
Mott not Nott. be clear.,neither,0.03835840932173782,0.34150809487031136,0.6201334958079509
<3,neither,0.03945320844208391,0.33037608806864915,0.630170703489267
TwitchUnity,neither,0.03945320844208391,0.33037608806864915,0.630170703489267
<3,neither,0.03945320844208391,0.33037608806864915,0.630170703489267
I love mott,neither,0.03217296676969875,0.3657703709031763,0.602056662327125
mat rather,neither,0.03945320844208391,0.33037608806864915,0.630170703489267
what happened to the show that used to play at this time?,neither,0.061491467938617886,0.3166141864815618,0.6218943455798203
did we skip someone,neither,0.0393076292738727,0.3328469464845472,0.6278454242415801
@terminull Breaking for season2,neither,0.031723821309846634,0.29183057704687526,0.676445601643278
@Terminull It is on break,neither,0.044246468464947376,0.3461186633948109,0.6096348681402417
@Terminull It's on break until jan,neither,0.03594972211327556,0.3421278207681899,0.6219224571185344
@Terminull the season finale was last week for Callisto 6,neither,0.03444890027483019,0.29527238215925783,0.670278717565912
I....kinda feel like the players should have introduced themselves.,neither,0.054339510871294724,0.35888073280179816,0.5867797563269072
@Terminull Between seasons.,neither,0.03945320844208391,0.33037608806864915,0.630170703489267
She's adorable!,neither,0.04147259573104727,0.4479560628147007,0.5105713414542521
It reached a satisfying conclusion for now.,neither,0.03451492949665036,0.3103322292150028,0.6551528412883468
"im holing to love mott, we're allergic to apples here sooo FailFish <3",neither,0.09471959349238197,0.3104219789246063,0.5948584275830117
They did Vermillion,neither,0.03945320844208391,0.33037608806864915,0.630170703489267
okay I love fennel,neither,0.035180336277937194,0.3505398941741784,0.6142797695478843
"ah, I missed last week. thank you!",neither,0.05222433331803922,0.3738047046693545,0.5739709620126062
@VermillionCrimson They did,neither,0.03945320844208391,0.33037608806864915,0.630170703489267
I should clarify. The players should introduce their characters.,neither,0.055428022356535364,0.36616493520908255,0.578407042434382
don't touch the trees X(,neither,0.03860364512630332,0.3148563878496189,0.6465399670240779
"""Let me just taste a little of it.""",neither,0.017168404620722447,0.42109556398123055,0.561736031398047
"""Let me lick the hearthwood.""",neither,0.01675791419981455,0.392978061971798,0.5902640238283875
Rachel is such a great RP'er,neither,0.044272580489825124,0.3053458256947251,0.6503815938154497
Abs Always be Shipping,neither,0.03800650855500426,0.3952703909073543,0.5667231005376416
it may smack you away XD,neither,0.05867816608343313,0.32847361915702195,0.6128482147595449
They hopped into this with no buildup or explanation of all this random shit.....I’m out,offensive_language,0.037450125896085366,0.9457371328998713,0.01681274120404348
:D,neither,0.03945320844208391,0.33037608806864915,0.630170703489267
oh god she has a giant nut lol,neither,0.03859430065927238,0.3972263752586122,0.5641793240821154
Oh No I love Fennel,neither,0.04137140891222849,0.29679813640649744,0.6618304546812741
"@Leigh574 Yep, so is Havana",neither,0.046621650072239826,0.3675478386825613,0.5858305112451988
I like the decision to put colored lights shining down on the players,neither,0.04900250393748582,0.16499852769248757,0.7859989683700267
ok i stan fennel,neither,0.03935517884257045,0.3320399062092607,0.6286049149481688
@chaoticloony OH YEAH,neither,0.022533380315967178,0.4254575626619046,0.5520090570221282
"""I respect it. I will not cut it down or take any part of it.... when you're looking"" Kappa",neither,0.047907612310152586,0.3553679145870701,0.5967244731027774
gosh vana's costume ramaO,neither,0.03945320844208391,0.33037608806864915,0.630170703489267
@SmokeyMcSir they did exsplain in the opeining,neither,0.03812988427405942,0.3058521829541131,0.6560179327718274
@smokeymcsir they posted on gns twitter if you want to looj and come back,neither,0.03663239415606069,0.468671521356504,0.49469608448743546
!whodat,neither,0.03945320844208391,0.33037608806864915,0.630170703489267
"GM Aliza Pearl ( twitter.com/AlizaPearl ), with Phillip Jeanmarie ( instagram.com/phillipjeanmarie ), Havana Mahoney ( twitter.com/HavanaRama ), Rachel Seeley ( twitter.com/sunnyseeley ), Josh Dempster ( twitter.com/Hidefininja ).",neither,0.035819028844552465,0.44976572203492543,0.514415249120522
@misroi a literal overlight,neither,0.03945320844208391,0.33037608806864915,0.630170703489267
I am totally cool with jumping into it like this! They're fun!,neither,0.047389461687787474,0.3475538711098334,0.605056667202379
Overlight contains a _lot_ to unpack.,neither,0.08141052394132535,0.3085008144527792,0.6100886616058954
<3 <3 <3,neither,0.03945320844208391,0.33037608806864915,0.630170703489267
indeed @kynaeus2 ramaO,neither,0.03945320844208391,0.33037608806864915,0.630170703489267
I swear a couple of these are actors I recognize???,neither,0.06642149864268432,0.3455399515414633,0.5880385498158524
"that is a dice bag, just figured it out",neither,0.036483554630580915,0.35138394060710715,0.612132504762312
"It's not the size, Fennel, it's how you use it...",neither,0.020161654240046845,0.43329817226745493,0.5465401734924983
"it is a VERY rich setting, especially considering how new it is.",neither,0.04955779817421764,0.27599614073901135,0.6744460610867711
Can we get names again so I can google them lol,neither,0.04095925697910644,0.41563592390388215,0.5434048191170114
I have no idea what the characters are?,neither,0.06423598208982895,0.29505905084072565,0.6407049670694455
@fuffybutt best sees for rpers ever,neither,0.03314980466058106,0.296579948463849,0.6702702468755699
And it's continent-sized. It's hard to get a satisfying walking tour of one of those.,neither,0.045735338097720436,0.4242756120842983,0.5299890498179812
seed,neither,0.03945320844208391,0.33037608806864915,0.630170703489267
@Thetokenjoker Rachel and Havana have been on the channel many times,neither,0.03641488449457191,0.31399919998540654,0.6495859155200217
!whodat,neither,0.03945320844208391,0.33037608806864915,0.630170703489267
"GM Aliza Pearl ( twitter.com/AlizaPearl ), with Phillip Jeanmarie ( instagram.com/phillipjeanmarie ), Havana Mahoney ( twitter.com/HavanaRama ), Rachel Seeley ( twitter.com/sunnyseeley ), Josh Dempster ( twitter.com/Hidefininja ).",neither,0.035819028844552465,0.44976572203492543,0.514415249120522
!whodat,neither,0.03945320844208391,0.33037608806864915,0.630170703489267
We have a subscriber-only Discord server! Join here: https://discord.gg/geekandsundry (you'll need to sub and link it to your Twitch) and be a part of the fun!...Warning: It can take up to an hour for the server to update and give you access to the channels,neither,0.08464076273808444,0.286394834032893,0.6289644032290227
A 30 second explanation of an entire fantasy word is not explaining this....and they just hopped into the middle of the story that we know nothing about,neither,0.036018114223830354,0.35491212149330253,0.6090697642828671
@16biteric are you still here? hugs,neither,0.18685060654724628,0.28597937079191876,0.5271700226608349
<3 Aliza as Gm already,neither,0.03633810801561089,0.3832474720701806,0.5804144199142084
"y'all we literally just started a brand new show, there's gonna be some introduction and world building so just chill for a few minutesand we'll find out more",neither,0.0367960427297126,0.26605833026431225,0.697145627005975
"@SmokeyMcSir Plenty of stories do that. Too much exposition off the bat doesn't help anything, it's just confusing",neither,0.033022384238449214,0.3559452667672383,0.6110323489943124
"Help G&S make great content! $4.99/month gets you emotes, Minecraft server access, sub-only VODs, and more! Every sub keeps the channel alive! twitch.tv/geekandsundry/subscribe",neither,0.043907990691603095,0.31135964332838284,0.644732365980014
im so excited for this. <3 gandsHug for everyone!,neither,0.02582795874343842,0.42097868137033667,0.5531933598862249
What thing?,neither,0.04936638024861181,0.3234414089957356,0.6271922107556527
I am already loving these characters,neither,0.04538155217975631,0.4029284985901983,0.5516899492300453
XD,neither,0.03945320844208391,0.33037608806864915,0.630170703489267
was she separated from her Hamanu? :__:,offensive_language,0.03420414098144623,0.5606879510967917,0.4051079079217621
Just pay attention and pick up the story and characters as we go. No need to spell everything out.,neither,0.036694627540751715,0.3123272317989732,0.650978140660275
How cuuuuute,neither,0.03945320844208391,0.33037608806864915,0.630170703489267
"So, Fennel is a tree person?",neither,0.04832544133424427,0.3757000076856576,0.5759745509800982
I wanna see art of these characters,neither,0.04676459389721743,0.3886777599114405,0.5645576461913421
"I think she IS the Hamanu, separated from her human.",neither,0.1474889739247215,0.3947683716296197,0.45774265444565876
"yeah, a Banyari",offensive_language,0.013968601452186464,0.5182923869769311,0.4677390115708824
half plant half animal hybrid,neither,0.03945320844208391,0.33037608806864915,0.630170703489267
ramaLurk ramaLurk ramaLurk ramaLurk ramaLurk,neither,0.03945320844208391,0.33037608806864915,0.630170703489267
animal\plant hybrids,neither,0.03945320844208391,0.33037608806864915,0.630170703489267
literally like a grass pokemon,neither,0.048498733336877736,0.3436789092328349,0.6078223574302873
ramaLurk ramaLurk ramaLurk ramaLurk,neither,0.03945320844208391,0.33037608806864915,0.630170703489267
Bulbasaur is the cutest,neither,0.04821859290557782,0.30822268935231695,0.6435587177421052
Anxiety monk! Herbs required.,neither,0.03945320844208391,0.33037608806864915,0.630170703489267
ramaLurk,neither,0.03945320844208391,0.33037608806864915,0.630170703489267
Oh noooo,neither,0.045551730371242716,0.27262385067210176,0.6818244189566555
!rbschedule,neither,0.03945320844208391,0.33037608806864915,0.630170703489267
@bornashes im gonna disagree Turtwig is cutest gras starter,neither,0.04285011249573019,0.37501935989916324,0.5821305276051066
I stand corrected. The hamanu is missing. Those two generally shouldn't be separated.,neither,0.06199512784223355,0.2670512300391802,0.6709536421185863
!who,offensive_language,0.04159901189299763,0.525362713080101,0.4330382750269014
nooooo ;__;,neither,0.03945320844208391,0.33037608806864915,0.630170703489267
Toast.,neither,0.03945320844208391,0.33037608806864915,0.630170703489267
"no rbschedule, we are live, and it won't be finished until after today's live shows :)",neither,0.05554371434287678,0.28254338231290527,0.6619129033442179
oohhhhh okay i was wondering what was up with her,offensive_language,0.02656282125850163,0.5649138700363604,0.40852330870513787
yeah not good,neither,0.017975600182185608,0.47902116327607674,0.5030032365417376
Presumably that's Amy V's character?,neither,0.03591577934227099,0.3687917154582147,0.5952925051995143
the Darkness is Rising,neither,0.04569991862708357,0.3139611528523123,0.6403389285206041
"@flashwavexl lol st johns wart, valerian root and holy basil. t",neither,0.033587328699071696,0.3390810476574136,0.6273316236435147
good guess @darkofnate,neither,0.037761695211769954,0.33941153339727714,0.6228267713909528
"oh, @WOMS do you know when is the critical role rb?",neither,0.051743716810766685,0.3452697936698201,0.6029864895194132
@JohnyRedEyes aiming for 11:40pm pacific,neither,0.03109035129366258,0.2886981820532422,0.6802114666530953
