text,top_class,hate_speech,offensive_language,neither
bzooooooone,neither,0.03945320844208391,0.33037608806864915,0.630170703489267
Hi @mathemagician_ @misssunflower94 @ellzzascharms,neither,0.03945320844208391,0.33037608806864915,0.630170703489267
howdy daisies!,neither,0.03945320844208391,0.33037608806864915,0.630170703489267
Aw look at all the daisies filing in! :D,neither,0.04075890416355271,0.39079267915886134,0.5684484166775858
"im fighting depression monster with a +1 bath, bbiab",neither,0.03187991162160318,0.3748113085704123,0.5933087798079845
Excited to watch them talk about webcomics!,neither,0.04123125799308531,0.35016490048845894,0.6086038415184557
Hellow,neither,0.03945320844208391,0.33037608806864915,0.630170703489267
@AromiaFlyce go you! Self care!,neither,0.06266964645936718,0.3955345354700734,0.5417958180705594
Missed you all last week - I was on the road,neither,0.05003170963433048,0.4245946523599472,0.5253736380057223
Hi @Slippydude,neither,0.03945320844208391,0.33037608806864915,0.630170703489267
aw @AromiaFlyce hope you conquer that depression beast,neither,0.07944506353596642,0.3056076711183414,0.6149472653456921
bidet,neither,0.03945320844208391,0.33037608806864915,0.630170703489267
Bidet,neither,0.03945320844208391,0.33037608806864915,0.630170703489267
Hello Daisies!,neither,0.03945320844208391,0.33037608806864915,0.630170703489267
Bitet,neither,0.03945320844208391,0.33037608806864915,0.630170703489267
this is my first live episode :D unfortunatly i live ion the uk so its 3 am,neither,0.03348934328283737,0.39285527689785266,0.5736553798193099
Hi,neither,0.03945320844208391,0.33037608806864915,0.630170703489267
@ellzzascharms Yay watching live!,neither,0.043907376340158295,0.3288440954799486,0.627248528179893
oooh I hope they talk about Nimona tonight - Nimona is such a great success story of a webcomic blowing up,neither,0.04288947302450604,0.28587606772190555,0.6712344592535884
g'day,neither,0.04062343770405816,0.29560591037067285,0.663770651925269
welcome to live wednesdays @ellzzascharms,neither,0.054501651512802896,0.32323428771034474,0.6222640607768524
Hi everyone coming in,neither,0.033666372887305146,0.42859378987058916,0.5377398372421056
@ellzzascharms Welcome to a land of adorableness and tangents,neither,0.04535914412101173,0.28748220677313285,0.6671586491058554
I love this show <3,neither,0.05833385288354363,0.23792695023094135,0.703739196885515
"Happy Wednesday, daisies!",neither,0.03945320844208391,0.33037608806864915,0.630170703489267
Evening (and such) Wednesdaisies,neither,0.03886278258550537,0.2837489271940847,0.67738829022041
And welcome to the new daisies :),neither,0.04995363957433998,0.17115889856559113,0.7788874618600689
hiiii @cinphoria,neither,0.03945320844208391,0.33037608806864915,0.630170703489267
@misssunflower94 I love Nimona so much. Basically anything Noelle Stevenson touches has my heart,neither,0.029716872908259015,0.40976903869150755,0.5605140884002333
I wonder of they're gonna fo over any good sites. atm I only use webtoons,neither,0.026031298243523033,0.39517115092983396,0.578797550826643
Hi everyone!,neither,0.032490659208996964,0.4485487193596734,0.5189606214313296
Heycindy! !,neither,0.03945320844208391,0.33037608806864915,0.630170703489267
Hi @feathersflight @MissMystic31 @foxbelle @Kris_Paints_Minis,neither,0.03945320844208391,0.33037608806864915,0.630170703489267
krispaLove,neither,0.03945320844208391,0.33037608806864915,0.630170703489267
"Hello, folks",neither,0.03945320844208391,0.33037608806864915,0.630170703489267
Cin not cindy phonw,neither,0.03554889144452836,0.3454295093440936,0.619021599211378
Hi @masked00skull @JeffM0307,neither,0.03945320844208391,0.33037608806864915,0.630170703489267
tsosHi,neither,0.03945320844208391,0.33037608806864915,0.630170703489267
gandsTWC,neither,0.03945320844208391,0.33037608806864915,0.630170703489267
Hi @archmagnance,neither,0.03945320844208391,0.33037608806864915,0.630170703489267
critroleBidet critroleBidet critroleBidet,neither,0.03945320844208391,0.33037608806864915,0.630170703489267
hello wednesdaisies,neither,0.03945320844208391,0.33037608806864915,0.630170703489267
@herladykrow lol amy is kinda adorable dunno about matt tho :P amydCheers amydCheers,neither,0.03554198442694826,0.3856089559495018,0.5788490596235499
<3,neither,0.03945320844208391,0.33037608806864915,0.630170703489267
Hi @bigjohnson3459,neither,0.03945320844208391,0.33037608806864915,0.630170703489267
Hi!,neither,0.03945320844208391,0.33037608806864915,0.630170703489267
"Here are some handy The Wednesday Club resources! TWC Reddit: reddit.com/r/WednesdayClub/ | Discord: https://discord.gg/6QK9fVB | Wednesday Club Fanclub on Facebook: facebook.com/groups/1945232949091586/ | Send in your thoughts, comic recommendations, questions, and more to Matt, Amy, and Taliesin at thewednesdayclub@geekandsundry.com",neither,0.05001524745118048,0.31503641584425707,0.6349483367045624
now I want to call Cin 'cindy' :p,neither,0.049624274917212115,0.3192302924727421,0.6311454326100456
Hi @quidquididest,neither,0.03945320844208391,0.33037608806864915,0.630170703489267
Hi everyone!,neither,0.032490659208996964,0.4485487193596734,0.5189606214313296
hiii,neither,0.03945320844208391,0.33037608806864915,0.630170703489267
Happy Wednesday!,neither,0.03945320844208391,0.33037608806864915,0.630170703489267
sup daisies?,neither,0.03945320844208391,0.33037608806864915,0.630170703489267
Eyooo,neither,0.03945320844208391,0.33037608806864915,0.630170703489267
gandsTWC,neither,0.03945320844208391,0.33037608806864915,0.630170703489267
Want the inside scoop? Join the cast of Critical Role and discuss the most recent episode right here on Talks Machina. Tuesdays 7pm Pacific at twitch.tv/geekandsundry and projectalpha.com,neither,0.04573032993319735,0.22538911733705982,0.7288805527297427
"Evenin', Daisies! Hi from Massachusetts",neither,0.040464185796080035,0.31321716393068794,0.6463186502732321
Hello all the daisies coming in!,neither,0.040169778764134516,0.3857734971857784,0.574056724050087
Here we go!,neither,0.13156755280784707,0.2765461283225309,0.5918863188696221
Yayy!,neither,0.03945320844208391,0.33037608806864915,0.630170703489267
hi to everyone,neither,0.039644680664805816,0.4407142664162929,0.5196410529189013
am i the only one goin through critical role withdrawls?,neither,0.03814915479310174,0.34031625215173994,0.6215345930551583
I'm getting ready to take notes for comics I want to read. :),neither,0.04101132133231981,0.3470453760628959,0.6119433026047842
Huzzah! Hello hosts and crew!,neither,0.03864789386565313,0.28954271560616884,0.671809390528178
Hello darling hosts!,neither,0.03945320844208391,0.33037608806864915,0.630170703489267
good timing,neither,0.03875228192880013,0.33061716883797504,0.6306305492332248
Hi @Nessazorro123 @giljaxon @tatzelthess @GarthMcMurray @MeggieMay328,neither,0.03945320844208391,0.33037608806864915,0.630170703489267
gandsLessthanthree gandsLessthanthree gandsLessthanthree,neither,0.03945320844208391,0.33037608806864915,0.630170703489267
I would really like to see a Wednesday Club Starter Kit crossover where they play the new spectaculars superhero comic book RPG,neither,0.05006484220215772,0.2668551460960643,0.6830800117017781
Ha!,neither,0.03945320844208391,0.33037608806864915,0.630170703489267
Dorks xD <3,neither,0.03945320844208391,0.33037608806864915,0.630170703489267
gandsTWC gandsTWC gandsTWC,neither,0.03945320844208391,0.33037608806864915,0.630170703489267
i love our hosts,neither,0.034979253595854944,0.35153031789663425,0.6134904285075108
lol oh Matt,neither,0.036180583668952035,0.33596718863292524,0.6278522276981227
"gandsTWC Hi Amy, Taliesin, and Matt!",neither,0.0388100252782571,0.29846695177565247,0.6627230229460904
we love you,neither,0.0667431826429772,0.4602730207261189,0.47298379663090395
Poor Matt,neither,0.03945320844208391,0.33037608806864915,0.630170703489267
Coin collecting?,neither,0.03945320844208391,0.33037608806864915,0.630170703489267
"Oh my god, Pedro.",neither,0.033072339562371454,0.3648776779213397,0.6020499825162888
hrpgHeyo @GarthMcMurray I hope you are caught up on sleep by this point,neither,0.12099794411127236,0.3250309446320371,0.5539711112566906
We have the best hosts,neither,0.036356523847320334,0.3156121727962468,0.6480313033564328
Hey Wednesday Club crew!,neither,0.03945320844208391,0.33037608806864915,0.630170703489267
We have a subscriber-only Discord server! Join here: https://discord.gg/geekandsundry (you'll need to sub and link it to your Twitch) and be a part of the fun!...Warning: It can take up to an hour for the server to update and give you access to the channels,neither,0.08464076273808444,0.286394834032893,0.6289644032290227
oooh yes Taliesin QUESTION: how was LosCon!?!,neither,0.039357825650615,0.3319949829691261,0.6286471913802589
PLUSH PEDRO YAY.,neither,0.03945320844208391,0.33037608806864915,0.630170703489267
hey there's that cactus from girls with slingshots,neither,0.020467112852828172,0.4084128856215116,0.5711200015256603
yaaaaaaay webcomic day!,neither,0.04062343770405816,0.29560591037067285,0.663770651925269
very long,neither,0.039157866683316646,0.3279029342046718,0.6329391991120116
I'm wearing the same shirt as Amy! :D,neither,0.03784088756283602,0.3499125031287462,0.6122466093084178
all the megatokyos,offensive_language,0.041785587507551285,0.49387059749283524,0.46434381499961347
What's a con without ridiculous purchases?,neither,0.04312506141823157,0.3277154704516479,0.6291594681301207
"I love Madness, sheer or not!",neither,0.03541647380359983,0.3483169023079053,0.6162666238884947
amydCheers,neither,0.03945320844208391,0.33037608806864915,0.630170703489267
huzzah it is finally Webcomic daaay,neither,0.04901705759977168,0.3270866417872548,0.6238963006129736
xD /archive. yes,neither,0.03945320844208391,0.33037608806864915,0.630170703489267
hoping for some Girl Genius today!,neither,0.025196490005854846,0.348355162278738,0.6264483477154072
@RMutt1917 Ha! I never get enough sleep,neither,0.03536656044598117,0.37519473969598327,0.5894386998580355
"a slash seems likely here, yes :)",neither,0.07060326453168404,0.3037423613568623,0.6256543741114536
# Wednesday Club,neither,0.03945320844208391,0.33037608806864915,0.630170703489267
oh yes I see Nimona on the table!,neither,0.040520215459223276,0.28279491541054347,0.6766848691302333
Hi hosts,neither,0.03945320844208391,0.33037608806864915,0.630170703489267
Megatokyo <3,neither,0.03945320844208391,0.33037608806864915,0.630170703489267
LongComCon,neither,0.03945320844208391,0.33037608806864915,0.630170703489267
aw yiss i see hark a vagrant,neither,0.03945320844208391,0.33037608806864915,0.630170703489267
"Hoping to hear Check, Please !mentioned!!",neither,0.04415878721687896,0.32760092862715134,0.6282402841559697
I would like to reccomend Skin Deep for mythology lovers,neither,0.045868018710617374,0.3136323082972026,0.6404996729921799
"Download the new Critical Role theme song for Campaign Two! http://itunes.apple.com/album/id1331550250?ls=1&app=itunes Sales of the song support the musician, Jason Charles Miller.",neither,0.04445767596344001,0.2510827790306858,0.7044595450058742
internet is where all the things,neither,0.050744277426581816,0.34692639121052826,0.60232933136289
gandsApplaud gandsLessthanthree,neither,0.03945320844208391,0.33037608806864915,0.630170703489267
dinosaur comics,neither,0.03945320844208391,0.33037608806864915,0.630170703489267
@feathersflight have you seen today's Collider Heroes ep? The guest is essentially wearing the same outfit as Amy <3,neither,0.04790634832301792,0.3456168290807926,0.6064768225961896
Hey Daisies! gandsTWC gandsTWC gandsTWC,neither,0.03945320844208391,0.33037608806864915,0.630170703489267
oh man Hark a Vagrant is MY SHIT,offensive_language,0.042547122837499535,0.9573512770091244,0.000101600153376185
achewood,neither,0.03945320844208391,0.33037608806864915,0.630170703489267
*whispers excitedly* Something*Postive??,neither,0.03945320844208391,0.33037608806864915,0.630170703489267
@mommypanda35 It's updating tomorrow!,neither,0.03720222243566936,0.3311503053765747,0.6316474721877559
MegaTokyo!,neither,0.03945320844208391,0.33037608806864915,0.630170703489267
@RMutt1917 That's awesome :D,neither,0.03419525192306799,0.38790559219732307,0.5778991558796089
Good evening everyone!,neither,0.03308870833616604,0.42926799388711456,0.5376432977767195
PVPOnline,neither,0.03945320844208391,0.33037608806864915,0.630170703489267
I haven't read Som*Pos in ages,neither,0.03945320844208391,0.33037608806864915,0.630170703489267
kate beaton is so lovely,neither,0.046551292618861026,0.3672058670996247,0.5862428402815143
@allieboomer Yesssss,neither,0.03945320844208391,0.33037608806864915,0.630170703489267
1998,neither,0.03945320844208391,0.33037608806864915,0.630170703489267
Gunnerkrig Court! So gay! So good!,neither,0.24049256611829137,0.27721727037880006,0.48229016350290854
Hi @phoenixgoth,neither,0.03945320844208391,0.33037608806864915,0.630170703489267
hello every1,neither,0.03945320844208391,0.33037608806864915,0.630170703489267
"but man, I loved it back in the day",neither,0.034948787548473796,0.36630185297189166,0.5987493594796345
Hi everyone!,neither,0.032490659208996964,0.4485487193596734,0.5189606214313296
Patrik the Vampire! Patrik the Vampire is SO GOOD,neither,0.04252025027165955,0.335139673564351,0.6223400761639895
Table Titans!,neither,0.03945320844208391,0.33037608806864915,0.630170703489267
Blindsprings!,neither,0.03945320844208391,0.33037608806864915,0.630170703489267
I wonder if there's any evidence of the webcomic I almost started out there...,neither,0.02668876588192063,0.31341840611432203,0.6598928280037574
oh Taliesin babe I'm too young for that,neither,0.032443278359061634,0.345742738018043,0.6218139836228954
Hi @realtalk66,neither,0.03945320844208391,0.33037608806864915,0.630170703489267
"I do, Taliesin! It was in the computer lab at college",neither,0.03813810009380928,0.33710671814312104,0.6247551817630697
"I forgot I muted, so are we talking web comics?",neither,0.056013435167981504,0.3313918102184895,0.6125947546135291
Order of the Stick!,neither,0.038514003495483735,0.31317523090910665,0.6483107655954097
8BitTheatre that was a Final Fantasy parody.. =D,neither,0.035763598900760175,0.3711555044299589,0.593080896669281
STARGATE was the first movie with a webpage.,neither,0.02304186056913285,0.31473479247007113,0.662223346960796
Questionable Content,neither,0.03945320844208391,0.33037608806864915,0.630170703489267
@mommypanda35 I'm so ready,neither,0.03940999150142386,0.4037259204934871,0.556864088005089
"That's because you were like 300, Taliesin",neither,0.06620784733913805,0.41788818505353204,0.5159039676073298
My first webpage was AOL welcome page,neither,0.02451699111129393,0.41088438319193243,0.5645986256967738
oh man this reminds me I need to start reading Oglaf again,neither,0.04050367762330559,0.38377734273947095,0.5757189796372235
"Help G&S make great content! $4.99/month gets you emotes, Minecraft server access, sub-only VODs, and more! Every sub keeps the channel alive! twitch.tv/geekandsundry/subscribe",neither,0.043907990691603095,0.31135964332838284,0.644732365980014
netscape,neither,0.03945320844208391,0.33037608806864915,0.630170703489267
@chaoticloony :),neither,0.03945320844208391,0.33037608806864915,0.630170703489267
"Pictures of You is amazing as well, if you were in college in the mid 90s too",neither,0.04647652485158454,0.4065168851019759,0.5470065900464396
I'm about to feel so old,neither,0.04543289281012705,0.41110940435755494,0.5434577028323179
Would I be shunned if I say....homestuck?,neither,0.018343003256683314,0.4010468377900284,0.5806101589532882
VG cats was big for me,neither,0.018140594728344433,0.25561724470339925,0.7262421605682564
the first thing i ever saw on the internet was a bbs for local swingers,neither,0.030714039075195675,0.30801861360735794,0.6612673473174464
my top are Mias and Elle and Girl Genius. Both so goood!!,neither,0.039617415867482325,0.36969844350928527,0.5906841406232324
for the nostalgia,neither,0.025530574474639644,0.23858405014631345,0.7358853753790469
"Check, Please!",neither,0.03945320844208391,0.33037608806864915,0.630170703489267
Venus Envy,neither,0.03945320844208391,0.33037608806864915,0.630170703489267
Netscape was my first browser. OOOLD,neither,0.01706500267254937,0.4659196481067862,0.5170153492206644
Mosaic,neither,0.03945320844208391,0.33037608806864915,0.630170703489267
"Is it just me, or does Amy get prettier every freaking nigh that we see her?",offensive_language,0.02351728883784873,0.5486190046287795,0.4278637065333717
I don't remember yesterday. I definitely don't remember when I saw a webpage for the first time,neither,0.026897513463379614,0.34335204160245325,0.6297504449341671
Miss file waa a good one,neither,0.029295105119108808,0.375500934492671,0.5952039603882202
Val and Isaac!!,neither,0.03857111107789432,0.2851340175310554,0.6762948713910502
The devils panties is a great one to read,neither,0.04774613978198445,0.318027369893335,0.6342264903246806
Good old Netscape,neither,0.03839574998808395,0.3307397965213743,0.6308644534905418
'Humon comics' and 'Scandinavia and the World' are my Jam AND my Jelly,neither,0.03566130913837335,0.3242466084415428,0.6400920824200839
"@EmilytheBard Never, its so weird and yet amazing?",neither,0.031157996743451797,0.36589661695394465,0.6029453863026036
@the_peachy_panda YES,neither,0.03945320844208391,0.33037608806864915,0.630170703489267
Something Positive,neither,0.03945320844208391,0.33037608806864915,0.630170703489267
"It was... something related to physics data archiving, but I forget exactly which one. (ooooold)",neither,0.039752484144418794,0.35387944962938966,0.6063680662261915
Netscape Navigator!!! HYPE!!,neither,0.03945320844208391,0.33037608806864915,0.630170703489267
Full on War Games hacker scene,neither,0.052066295858933846,0.33599789775468664,0.6119358063863795
@EmilytheBard Taliesin is literally wearing a Homestuck shirt right now ;) and we never shun people for their comics,neither,0.05235216088529586,0.32275895075026045,0.6248888883644438
Webcomics? Talk about Questionable Content!,neither,0.02148550705771348,0.36457864264787204,0.6139358502944146
"Erma is great also Turn Signals on a Land Raider, for the 40k ppl",neither,0.037072003343485024,0.2958567998908496,0.6670711967656653
I think MissFile is still rolling isn't it?,neither,0.04485057699046844,0.33367406990603893,0.6214753531034927
USENET!,neither,0.03945320844208391,0.33037608806864915,0.630170703489267
"Oh, I had Mosaic.",neither,0.04812417416455936,0.24982714873545567,0.702048677099985
oh man hosts making me feel so damn young,offensive_language,0.04002196524812568,0.8105721325770319,0.14940590217484262
I remember when my dad upgraded our 300 baud modem to a superfast 1200 baud modem for our C-64,neither,0.02955395870806775,0.37623260036620354,0.5942134409257287
"if you enjoy shonen taking the piss out of shonen, read paranatural!",neither,0.031352116567560984,0.4048830394618037,0.5637648439706353
"Gah, I'm late",neither,0.03945320844208391,0.33037608806864915,0.630170703489267
internet explorer was my first browser 😯,neither,0.02179271163718563,0.429442536680966,0.5487647516818484
My first internet was Prodigy. They just gave up when y2k was on the horizon. They decided it wasn't worth it to update lol,neither,0.02283077743575391,0.44183285226160757,0.5353363703026385
Hi everyone!,neither,0.032490659208996964,0.4485487193596734,0.5189606214313296
I still use Usenet.,neither,0.007216102595055143,0.47929085108090386,0.5134930463240409
I mean I had a typing class so I'm not super duper young but still,neither,0.03472190497388789,0.40014692689856224,0.5651311681275499
I still have 5yo me's random writings on floppy discs,neither,0.03028333309904236,0.393323976168861,0.5763926907320966
first CD-ROm i ever used was the adventures of Cosmic Osmo,neither,0.0329572765622008,0.3206861712761007,0.6463565521616985
OH MY GOD ENCARTA,neither,0.030266422441093326,0.38268872444249025,0.5870448531164164
Wait are we doing WEBTOONS?,neither,0.07153327352698922,0.27944781044599043,0.6490189160270203
Girls with Slingshots <3,offensive_language,0.009741425719409322,0.5120074537611994,0.47825112051939117
Oh I wasted so much time on Encarta,neither,0.036795127974476836,0.3573610031832623,0.6058438688422609
YES JESSIE HI JESSIE,neither,0.03945320844208391,0.33037608806864915,0.630170703489267
Oh Encarta <3,neither,0.051363287716059566,0.22255663153133606,0.7260800807526044
"Oh god Encarta, yess",neither,0.04475855912045236,0.27984802460830255,0.6753934162712452
You can just type words and find things?,neither,0.05206695670266335,0.2643713279796137,0.683561715317723
Four years old in 1979 getting babysat by ELIZA.,neither,0.03681871932115684,0.4272819444937653,0.5358993361850779
Stand Still. Stay silent,neither,0.03869378587399744,0.3432654709840467,0.6180407431419559
I had a computer lab with all the colorful imacs,neither,0.03208203360373601,0.3923495955864322,0.5755683708098318
"sorry, I'm excited :P",neither,0.03945320844208391,0.33037608806864915,0.630170703489267
Oh that sweet trivia game Encyclopedia Encarta had on the disc was super cool,neither,0.03736571518630759,0.2994598281264734,0.6631744566872191
ARTHUR,neither,0.03945320844208391,0.33037608806864915,0.630170703489267
Hai,neither,0.03945320844208391,0.33037608806864915,0.630170703489267
so old.,neither,0.039413871956071836,0.41358115084502467,0.5470049771989034
Carmen Sandiego way back when as a PC game..,neither,0.032241701289680916,0.35433836139152,0.6134199373187991
I haven't thought about encarta in forever,neither,0.0410350396729539,0.26318016815225154,0.6957847921747946
Erma is a good one for horror movie fans or Japanese myth fans.,neither,0.04042473661132389,0.3096127768817084,0.6499624865069676
our HS computer class was monochromatic and I played Hack all the time,neither,0.038539145577521416,0.34731351755098516,0.6141473368714935
on a 56k dial up modem,neither,0.03348975159469335,0.40549719700851666,0.5610130513967901
I REMEMBER THAT GAME,neither,0.03386166098200261,0.33041089071272417,0.6357274483052733
My first webcomic was Order of the Stick. Then followed by Dominic Deegan.,neither,0.028831291964223956,0.40190709531155694,0.569261612724219
I remember those!!!,neither,0.0812934567993778,0.22617863857362633,0.692527904626996
"I'd like to recommend an old webcomic I was part of that ended years ago. One artist would do one strip, then hand off to another artist, and so on. Many of the artists went on to draw mainstream print comics for Marvel, DC, etc. It's Wrestling Theatre at Grab Bag Comics",neither,0.052105563571380326,0.3260383879244911,0.6218560485041286
"I do hope they cover Looking for Group, it is a fantastic web comic.",neither,0.06023508120163002,0.24507912160452205,0.694685797193848
I remember,neither,0.03945320844208391,0.33037608806864915,0.630170703489267
"For me the Electronic Home Library blew my mind, a collection of public domain works on a CD",neither,0.0275998996592951,0.36950354389334705,0.602896556447358
I remember when my favourite browser was Netscape >.>,neither,0.02298452068438865,0.4457069188972883,0.5313085604183231
@KBTibbs - what indexers do you use?,offensive_language,0.019553932867428007,0.5265343507299497,0.4539117164026224
5 1/4?,neither,0.03945320844208391,0.33037608806864915,0.630170703489267
@RuzgofDI Hey! :D,neither,0.03945320844208391,0.33037608806864915,0.630170703489267
First time I saw a CD ROM was the Encarta Encyclopedia! Spent like a solid hour listening to bird calls and looking up state flags with classmates,neither,0.01607930650890758,0.16798975355668894,0.8159309399344036
@AppleSeedEnigma I remember those,neither,0.0812934567993778,0.22617863857362633,0.692527904626996
anyone remember the CD ROM the size of vinyl album?,neither,0.03842466861382181,0.31148993474438963,0.6500853966417887
Hi ya,offensive_language,0.023000488431892244,0.6367329060979465,0.3402666054701613
Did anyone in chat read the Neopian Times on Neopets back in the day (or even current day)?,neither,0.03717192485384082,0.314027863231376,0.6488002119147832
*puts LosCon on to-do list*,neither,0.04433421701749826,0.33899491123828823,0.6166708717442135
@NeverwinterFool Yes?,neither,0.03945320844208391,0.33037608806864915,0.630170703489267
Hi @violetcthulhu,neither,0.03945320844208391,0.33037608806864915,0.630170703489267
"""How To Be A Werewolf"" for a semi urban fantasy but mostly slice of life about dealing with anxiety and other things webcomic!",neither,0.031722505931776696,0.35489705199733235,0.613380442070891
Thank god someone does!!,neither,0.025902000685484514,0.45987751884088246,0.5142204804736331
People in silos in Lost... yes,neither,0.0712334355913824,0.3270750667605172,0.6016914976481005
a lit con,neither,0.03945320844208391,0.33037608806864915,0.630170703489267
@japenrose I loved Neopets!,neither,0.03945320844208391,0.33037608806864915,0.630170703489267
"Oh, LosCon, ok",neither,0.04713570804197639,0.2590205851270262,0.6938437068309974
transfer by jeeliebee is amazing,neither,0.047718417953778514,0.3677672933754567,0.5845142886707648
