text,top_class,hate_speech,offensive_language,neither
Happy Wednesday!,neither,0.03945320844208391,0.33037608806864915,0.630170703489267
sup daisies?,neither,0.03945320844208391,0.33037608806864915,0.630170703489267
Eyooo,neither,0.03945320844208391,0.33037608806864915,0.630170703489267
gandsTWC,neither,0.03945320844208391,0.33037608806864915,0.630170703489267
Want the inside scoop? Join the cast of Critical Role and discuss the most recent episode right here on Talks Machina. Tuesdays 7pm Pacific at twitch.tv/geekandsundry and projectalpha.com,neither,0.04573032993319735,0.22538911733705982,0.7288805527297427
"Evenin', Daisies! Hi from Massachusetts",neither,0.040464185796080035,0.31321716393068794,0.6463186502732321
Hello all the daisies coming in!,neither,0.040169778764134516,0.3857734971857784,0.574056724050087
Here we go!,neither,0.13156755280784707,0.2765461283225309,0.5918863188696221
Yayy!,neither,0.03945320844208391,0.33037608806864915,0.630170703489267
hi to everyone,neither,0.039644680664805816,0.4407142664162929,0.5196410529189013
am i the only one goin through critical role withdrawls?,neither,0.03814915479310174,0.34031625215173994,0.6215345930551583
I'm getting ready to take notes for comics I want to read. :),neither,0.04101132133231981,0.3470453760628959,0.6119433026047842
Huzzah! Hello hosts and crew!,neither,0.03864789386565313,0.28954271560616884,0.671809390528178
Hello darling hosts!,neither,0.03945320844208391,0.33037608806864915,0.630170703489267
good timing,neither,0.03875228192880013,0.33061716883797504,0.6306305492332248
Hi @Nessazorro123 @giljaxon @tatzelthess @GarthMcMurray @MeggieMay328,neither,0.03945320844208391,0.33037608806864915,0.630170703489267
gandsLessthanthree gandsLessthanthree gandsLessthanthree,neither,0.03945320844208391,0.33037608806864915,0.630170703489267
I would really like to see a Wednesday Club Starter Kit crossover where they play the new spectaculars superhero comic book RPG,neither,0.05006484220215772,0.2668551460960643,0.6830800117017781
Ha!,neither,0.03945320844208391,0.33037608806864915,0.630170703489267
Dorks xD <3,neither,0.03945320844208391,0.33037608806864915,0.630170703489267
gandsTWC gandsTWC gandsTWC,neither,0.03945320844208391,0.33037608806864915,0.630170703489267
i love our hosts,neither,0.034979253595854944,0.35153031789663425,0.6134904285075108
lol oh Matt,neither,0.036180583668952035,0.33596718863292524,0.6278522276981227
"gandsTWC Hi Amy, Taliesin, and Matt!",neither,0.0388100252782571,0.29846695177565247,0.6627230229460904
we love you,neither,0.0667431826429772,0.4602730207261189,0.47298379663090395
Poor Matt,neither,0.03945320844208391,0.33037608806864915,0.630170703489267
Coin collecting?,neither,0.03945320844208391,0.33037608806864915,0.630170703489267
"Oh my god, Pedro.",neither,0.033072339562371454,0.3648776779213397,0.6020499825162888
hrpgHeyo @GarthMcMurray I hope you are caught up on sleep by this point,neither,0.12099794411127236,0.3250309446320371,0.5539711112566906
We have the best hosts,neither,0.036356523847320334,0.3156121727962468,0.6480313033564328
Hey Wednesday Club crew!,neither,0.03945320844208391,0.33037608806864915,0.630170703489267
We have a subscriber-only Discord server! Join here: https://discord.gg/geekandsundry (you'll need to sub and link it to your Twitch) and be a part of the fun!...Warning: It can take up to an hour for the server to update and give you access to the channels,neither,0.08464076273808444,0.286394834032893,0.6289644032290227
oooh yes Taliesin QUESTION: how was LosCon!?!,neither,0.039357825650615,0.3319949829691261,0.6286471913802589
PLUSH PEDRO YAY.,neither,0.03945320844208391,0.33037608806864915,0.630170703489267
hey there's that cactus from girls with slingshots,neither,0.020467112852828172,0.4084128856215116,0.5711200015256603
yaaaaaaay webcomic day!,neither,0.04062343770405816,0.29560591037067285,0.663770651925269
very long,neither,0.039157866683316646,0.3279029342046718,0.6329391991120116
I'm wearing the same shirt as Amy! :D,neither,0.03784088756283602,0.3499125031287462,0.6122466093084178
all the megatokyos,offensive_language,0.041785587507551285,0.49387059749283524,0.46434381499961347
What's a con without ridiculous purchases?,neither,0.04312506141823157,0.3277154704516479,0.6291594681301207
"I love Madness, sheer or not!",neither,0.03541647380359983,0.3483169023079053,0.6162666238884947
amydCheers,neither,0.03945320844208391,0.33037608806864915,0.630170703489267
huzzah it is finally Webcomic daaay,neither,0.04901705759977168,0.3270866417872548,0.6238963006129736
xD /archive. yes,neither,0.03945320844208391,0.33037608806864915,0.630170703489267
hoping for some Girl Genius today!,neither,0.025196490005854846,0.348355162278738,0.6264483477154072
@RMutt1917 Ha! I never get enough sleep,neither,0.03536656044598117,0.37519473969598327,0.5894386998580355
"a slash seems likely here, yes :)",neither,0.07060326453168404,0.3037423613568623,0.6256543741114536
# Wednesday Club,neither,0.03945320844208391,0.33037608806864915,0.630170703489267
oh yes I see Nimona on the table!,neither,0.040520215459223276,0.28279491541054347,0.6766848691302333
Hi hosts,neither,0.03945320844208391,0.33037608806864915,0.630170703489267
Megatokyo <3,neither,0.03945320844208391,0.33037608806864915,0.630170703489267
LongComCon,neither,0.03945320844208391,0.33037608806864915,0.630170703489267
aw yiss i see hark a vagrant,neither,0.03945320844208391,0.33037608806864915,0.630170703489267
"Hoping to hear Check, Please !mentioned!!",neither,0.04415878721687896,0.32760092862715134,0.6282402841559697
I would like to reccomend Skin Deep for mythology lovers,neither,0.045868018710617374,0.3136323082972026,0.6404996729921799
"Download the new Critical Role theme song for Campaign Two! http://itunes.apple.com/album/id1331550250?ls=1&app=itunes Sales of the song support the musician, Jason Charles Miller.",neither,0.04445767596344001,0.2510827790306858,0.7044595450058742
internet is where all the things,neither,0.050744277426581816,0.34692639121052826,0.60232933136289
gandsApplaud gandsLessthanthree,neither,0.03945320844208391,0.33037608806864915,0.630170703489267
dinosaur comics,neither,0.03945320844208391,0.33037608806864915,0.630170703489267
@feathersflight have you seen today's Collider Heroes ep? The guest is essentially wearing the same outfit as Amy <3,neither,0.04790634832301792,0.3456168290807926,0.6064768225961896
Hey Daisies! gandsTWC gandsTWC gandsTWC,neither,0.03945320844208391,0.33037608806864915,0.630170703489267
oh man Hark a Vagrant is MY SHIT,offensive_language,0.042547122837499535,0.9573512770091244,0.000101600153376185
achewood,neither,0.03945320844208391,0.33037608806864915,0.630170703489267
*whispers excitedly* Something*Postive??,neither,0.03945320844208391,0.33037608806864915,0.630170703489267
@mommypanda35 It's updating tomorrow!,neither,0.03720222243566936,0.3311503053765747,0.6316474721877559
MegaTokyo!,neither,0.03945320844208391,0.33037608806864915,0.630170703489267
@RMutt1917 That's awesome :D,neither,0.03419525192306799,0.38790559219732307,0.5778991558796089
Good evening everyone!,neither,0.03308870833616604,0.42926799388711456,0.5376432977767195
PVPOnline,neither,0.03945320844208391,0.33037608806864915,0.630170703489267
I haven't read Som*Pos in ages,neither,0.03945320844208391,0.33037608806864915,0.630170703489267
kate beaton is so lovely,neither,0.046551292618861026,0.3672058670996247,0.5862428402815143
@allieboomer Yesssss,neither,0.03945320844208391,0.33037608806864915,0.630170703489267
1998,neither,0.03945320844208391,0.33037608806864915,0.630170703489267
Gunnerkrig Court! So gay! So good!,neither,0.24049256611829137,0.27721727037880006,0.48229016350290854
Hi @phoenixgoth,neither,0.03945320844208391,0.33037608806864915,0.630170703489267
hello every1,neither,0.03945320844208391,0.33037608806864915,0.630170703489267
"but man, I loved it back in the day",neither,0.034948787548473796,0.36630185297189166,0.5987493594796345
Hi everyone!,neither,0.032490659208996964,0.4485487193596734,0.5189606214313296
Patrik the Vampire! Patrik the Vampire is SO GOOD,neither,0.04252025027165955,0.335139673564351,0.6223400761639895
Table Titans!,neither,0.03945320844208391,0.33037608806864915,0.630170703489267
Blindsprings!,neither,0.03945320844208391,0.33037608806864915,0.630170703489267
I wonder if there's any evidence of the webcomic I almost started out there...,neither,0.02668876588192063,0.31341840611432203,0.6598928280037574
oh Taliesin babe I'm too young for that,neither,0.032443278359061634,0.345742738018043,0.6218139836228954
Hi @realtalk66,neither,0.03945320844208391,0.33037608806864915,0.630170703489267
"I do, Taliesin! It was in the computer lab at college",neither,0.03813810009380928,0.33710671814312104,0.6247551817630697
"I forgot I muted, so are we talking web comics?",neither,0.056013435167981504,0.3313918102184895,0.6125947546135291
Order of the Stick!,neither,0.038514003495483735,0.31317523090910665,0.6483107655954097
8BitTheatre that was a Final Fantasy parody.. =D,neither,0.035763598900760175,0.3711555044299589,0.593080896669281
STARGATE was the first movie with a webpage.,neither,0.02304186056913285,0.31473479247007113,0.662223346960796
Questionable Content,neither,0.03945320844208391,0.33037608806864915,0.630170703489267
@mommypanda35 I'm so ready,neither,0.03940999150142386,0.4037259204934871,0.556864088005089
"That's because you were like 300, Taliesin",neither,0.06620784733913805,0.41788818505353204,0.5159039676073298
My first webpage was AOL welcome page,neither,0.02451699111129393,0.41088438319193243,0.5645986256967738
oh man this reminds me I need to start reading Oglaf again,neither,0.04050367762330559,0.38377734273947095,0.5757189796372235
"Help G&S make great content! $4.99/month gets you emotes, Minecraft server access, sub-only VODs, and more! Every sub keeps the channel alive! twitch.tv/geekandsundry/subscribe",neither,0.043907990691603095,0.31135964332838284,0.644732365980014
netscape,neither,0.03945320844208391,0.33037608806864915,0.630170703489267
@chaoticloony :),neither,0.03945320844208391,0.33037608806864915,0.630170703489267
"Pictures of You is amazing as well, if you were in college in the mid 90s too",neither,0.04647652485158454,0.4065168851019759,0.5470065900464396
I'm about to feel so old,neither,0.04543289281012705,0.41110940435755494,0.5434577028323179
Would I be shunned if I say....homestuck?,neither,0.018343003256683314,0.4010468377900284,0.5806101589532882
VG cats was big for me,neither,0.018140594728344433,0.25561724470339925,0.7262421605682564
the first thing i ever saw on the internet was a bbs for local swingers,neither,0.030714039075195675,0.30801861360735794,0.6612673473174464
my top are Mias and Elle and Girl Genius. Both so goood!!,neither,0.039617415867482325,0.36969844350928527,0.5906841406232324
for the nostalgia,neither,0.025530574474639644,0.23858405014631345,0.7358853753790469
"Check, Please!",neither,0.03945320844208391,0.33037608806864915,0.630170703489267
Venus Envy,neither,0.03945320844208391,0.33037608806864915,0.630170703489267
Netscape was my first browser. OOOLD,neither,0.01706500267254937,0.4659196481067862,0.5170153492206644
Mosaic,neither,0.03945320844208391,0.33037608806864915,0.630170703489267
"Is it just me, or does Amy get prettier every freaking nigh that we see her?",offensive_language,0.02351728883784873,0.5486190046287795,0.4278637065333717
I don't remember yesterday. I definitely don't remember when I saw a webpage for the first time,neither,0.026897513463379614,0.34335204160245325,0.6297504449341671
Miss file waa a good one,neither,0.029295105119108808,0.375500934492671,0.5952039603882202
Val and Isaac!!,neither,0.03857111107789432,0.2851340175310554,0.6762948713910502
The devils panties is a great one to read,neither,0.04774613978198445,0.318027369893335,0.6342264903246806
Good old Netscape,neither,0.03839574998808395,0.3307397965213743,0.6308644534905418
'Humon comics' and 'Scandinavia and the World' are my Jam AND my Jelly,neither,0.03566130913837335,0.3242466084415428,0.6400920824200839
"@EmilytheBard Never, its so weird and yet amazing?",neither,0.031157996743451797,0.36589661695394465,0.6029453863026036
@the_peachy_panda YES,neither,0.03945320844208391,0.33037608806864915,0.630170703489267
Something Positive,neither,0.03945320844208391,0.33037608806864915,0.630170703489267
"It was... something related to physics data archiving, but I forget exactly which one. (ooooold)",neither,0.039752484144418794,0.35387944962938966,0.6063680662261915
Netscape Navigator!!! HYPE!!,neither,0.03945320844208391,0.33037608806864915,0.630170703489267
Full on War Games hacker scene,neither,0.052066295858933846,0.33599789775468664,0.6119358063863795
@EmilytheBard Taliesin is literally wearing a Homestuck shirt right now ;) and we never shun people for their comics,neither,0.05235216088529586,0.32275895075026045,0.6248888883644438
Webcomics? Talk about Questionable Content!,neither,0.02148550705771348,0.36457864264787204,0.6139358502944146
"Erma is great also Turn Signals on a Land Raider, for the 40k ppl",neither,0.037072003343485024,0.2958567998908496,0.6670711967656653
I think MissFile is still rolling isn't it?,neither,0.04485057699046844,0.33367406990603893,0.6214753531034927
USENET!,neither,0.03945320844208391,0.33037608806864915,0.630170703489267
"Oh, I had Mosaic.",neither,0.04812417416455936,0.24982714873545567,0.702048677099985
oh man hosts making me feel so damn young,offensive_language,0.04002196524812568,0.8105721325770319,0.14940590217484262
I remember when my dad upgraded our 300 baud modem to a superfast 1200 baud modem for our C-64,neither,0.02955395870806775,0.37623260036620354,0.5942134409257287
"if you enjoy shonen taking the piss out of shonen, read paranatural!",neither,0.031352116567560984,0.4048830394618037,0.5637648439706353
"Gah, I'm late",neither,0.03945320844208391,0.33037608806864915,0.630170703489267
internet explorer was my first browser 😯,neither,0.02179271163718563,0.429442536680966,0.5487647516818484
My first internet was Prodigy. They just gave up when y2k was on the horizon. They decided it wasn't worth it to update lol,neither,0.02283077743575391,0.44183285226160757,0.5353363703026385
Hi everyone!,neither,0.032490659208996964,0.4485487193596734,0.5189606214313296
I still use Usenet.,neither,0.007216102595055143,0.47929085108090386,0.5134930463240409
I mean I had a typing class so I'm not super duper young but still,neither,0.03472190497388789,0.40014692689856224,0.5651311681275499
I still have 5yo me's random writings on floppy discs,neither,0.03028333309904236,0.393323976168861,0.5763926907320966
first CD-ROm i ever used was the adventures of Cosmic Osmo,neither,0.0329572765622008,0.3206861712761007,0.6463565521616985
OH MY GOD ENCARTA,neither,0.030266422441093326,0.38268872444249025,0.5870448531164164
Wait are we doing WEBTOONS?,neither,0.07153327352698922,0.27944781044599043,0.6490189160270203
Girls with Slingshots <3,offensive_language,0.009741425719409322,0.5120074537611994,0.47825112051939117
Oh I wasted so much time on Encarta,neither,0.036795127974476836,0.3573610031832623,0.6058438688422609
YES JESSIE HI JESSIE,neither,0.03945320844208391,0.33037608806864915,0.630170703489267
Oh Encarta <3,neither,0.051363287716059566,0.22255663153133606,0.7260800807526044
"Oh god Encarta, yess",neither,0.04475855912045236,0.27984802460830255,0.6753934162712452
You can just type words and find things?,neither,0.05206695670266335,0.2643713279796137,0.683561715317723
Four years old in 1979 getting babysat by ELIZA.,neither,0.03681871932115684,0.4272819444937653,0.5358993361850779
Stand Still. Stay silent,neither,0.03869378587399744,0.3432654709840467,0.6180407431419559
I had a computer lab with all the colorful imacs,neither,0.03208203360373601,0.3923495955864322,0.5755683708098318
"sorry, I'm excited :P",neither,0.03945320844208391,0.33037608806864915,0.630170703489267
Oh that sweet trivia game Encyclopedia Encarta had on the disc was super cool,neither,0.03736571518630759,0.2994598281264734,0.6631744566872191
ARTHUR,neither,0.03945320844208391,0.33037608806864915,0.630170703489267
Hai,neither,0.03945320844208391,0.33037608806864915,0.630170703489267
so old.,neither,0.039413871956071836,0.41358115084502467,0.5470049771989034
Carmen Sandiego way back when as a PC game..,neither,0.032241701289680916,0.35433836139152,0.6134199373187991
I haven't thought about encarta in forever,neither,0.0410350396729539,0.26318016815225154,0.6957847921747946
Erma is a good one for horror movie fans or Japanese myth fans.,neither,0.04042473661132389,0.3096127768817084,0.6499624865069676
our HS computer class was monochromatic and I played Hack all the time,neither,0.038539145577521416,0.34731351755098516,0.6141473368714935
on a 56k dial up modem,neither,0.03348975159469335,0.40549719700851666,0.5610130513967901
I REMEMBER THAT GAME,neither,0.03386166098200261,0.33041089071272417,0.6357274483052733
My first webcomic was Order of the Stick. Then followed by Dominic Deegan.,neither,0.028831291964223956,0.40190709531155694,0.569261612724219
I remember those!!!,neither,0.0812934567993778,0.22617863857362633,0.692527904626996
"I'd like to recommend an old webcomic I was part of that ended years ago. One artist would do one strip, then hand off to another artist, and so on. Many of the artists went on to draw mainstream print comics for Marvel, DC, etc. It's Wrestling Theatre at Grab Bag Comics",neither,0.052105563571380326,0.3260383879244911,0.6218560485041286
"I do hope they cover Looking for Group, it is a fantastic web comic.",neither,0.06023508120163002,0.24507912160452205,0.694685797193848
I remember,neither,0.03945320844208391,0.33037608806864915,0.630170703489267
"For me the Electronic Home Library blew my mind, a collection of public domain works on a CD",neither,0.0275998996592951,0.36950354389334705,0.602896556447358
I remember when my favourite browser was Netscape >.>,neither,0.02298452068438865,0.4457069188972883,0.5313085604183231
@KBTibbs - what indexers do you use?,offensive_language,0.019553932867428007,0.5265343507299497,0.4539117164026224
5 1/4?,neither,0.03945320844208391,0.33037608806864915,0.630170703489267
@RuzgofDI Hey! :D,neither,0.03945320844208391,0.33037608806864915,0.630170703489267
First time I saw a CD ROM was the Encarta Encyclopedia! Spent like a solid hour listening to bird calls and looking up state flags with classmates,neither,0.01607930650890758,0.16798975355668894,0.8159309399344036
@AppleSeedEnigma I remember those,neither,0.0812934567993778,0.22617863857362633,0.692527904626996
anyone remember the CD ROM the size of vinyl album?,neither,0.03842466861382181,0.31148993474438963,0.6500853966417887
Hi ya,offensive_language,0.023000488431892244,0.6367329060979465,0.3402666054701613
Did anyone in chat read the Neopian Times on Neopets back in the day (or even current day)?,neither,0.03717192485384082,0.314027863231376,0.6488002119147832
*puts LosCon on to-do list*,neither,0.04433421701749826,0.33899491123828823,0.6166708717442135
@NeverwinterFool Yes?,neither,0.03945320844208391,0.33037608806864915,0.630170703489267
Hi @violetcthulhu,neither,0.03945320844208391,0.33037608806864915,0.630170703489267
"""How To Be A Werewolf"" for a semi urban fantasy but mostly slice of life about dealing with anxiety and other things webcomic!",neither,0.031722505931776696,0.35489705199733235,0.613380442070891
Thank god someone does!!,neither,0.025902000685484514,0.45987751884088246,0.5142204804736331
People in silos in Lost... yes,neither,0.0712334355913824,0.3270750667605172,0.6016914976481005
a lit con,neither,0.03945320844208391,0.33037608806864915,0.630170703489267
@japenrose I loved Neopets!,neither,0.03945320844208391,0.33037608806864915,0.630170703489267
"Oh, LosCon, ok",neither,0.04713570804197639,0.2590205851270262,0.6938437068309974
transfer by jeeliebee is amazing,neither,0.047718417953778514,0.3677672933754567,0.5845142886707648
"Matt, stop playing with your ring, and what's on your hand?",neither,0.07219394831677745,0.3697756030534162,0.5580304486298063
Taliesin didn't get them - he's just had them forever,neither,0.04656608515085051,0.3743013445209348,0.5791325703282147
"uhoh, Darrell Schweitzer was there? ;)",neither,0.03926369725807649,0.2895699713997603,0.6711663313421633
ooooo,neither,0.03945320844208391,0.33037608806864915,0.630170703489267
"I mean, he's just had them since they were minted",neither,0.05256952301326205,0.3214858826685372,0.6259445943182006
don't know if theres a formal tag to use for recommendations,neither,0.01371938057416232,0.40131598707570665,0.5849646323501312
I heard Addam's Family and you have my full attention,neither,0.0555776448344635,0.40380519103479556,0.5406171641307411
"I remember that Arthur game, Matt. When I was in elementary and I had to look after first graders, I had seen some kids play that game.",neither,0.029016586533306465,0.33942903513612166,0.6315543783305718
Tal and Seanan reportedly had some shenanigans with a live mic at los con,neither,0.030905998634385357,0.3471398959254827,0.621954105440132
"OMG, does the Addams family have a comic?! THEY NEED A COMIC",neither,0.02654415978399631,0.4335525849033663,0.5399032553126373
I love when the hosts give each other gifts,neither,0.029804792708240276,0.3638971777070818,0.6062980295846779
"i discovered webcomics in 2002 with ""Acid Reflux"" sadly no longer on line but once i found one it snowballed at one point i was reading like 30 webcomics",neither,0.03398877693352794,0.40663172177414314,0.5593795012923288
it's so pure,neither,0.0375903082866719,0.39021004109952123,0.572199650613807
so good,neither,0.03814044697628118,0.4245687317089837,0.5372908213147352
"I remember a world, long ago, when LaserDisc was a thing people had...",neither,0.049621227672927516,0.36457921310044555,0.5857995592266269
yeah these totally came out of one of the Pyramid's storage lockers,neither,0.0301519528749192,0.4516204417159893,0.5182276054090915
critrolePyramid critrolePyramid,neither,0.03945320844208391,0.33037608806864915,0.630170703489267
QUESTION: Taliesin & Seanan shenanigans details when?,neither,0.03047925969452852,0.37567083231594844,0.593849907989523
Slippydude: Addams Family began life as a comic,neither,0.034982288690080215,0.4067056379224316,0.5583120733874881
shots fired,neither,0.03945320844208391,0.33037608806864915,0.630170703489267
woooow bookseller lol,neither,0.020706217963973744,0.4882283491876925,0.4910654328483337
....yep,neither,0.03945320844208391,0.33037608806864915,0.630170703489267
that's him,neither,0.032074368704014075,0.4132623846488689,0.5546632466471171
"CHeck out Jonny Crossbones by my friend Les McClaine (The Tick, Archie comics, Jughead, etc.)",neither,0.030315586395101176,0.4086283537142055,0.5610560598906934
I used to go to LosCon. I just wish I still lived there. :P,neither,0.046078367289361974,0.322172073900722,0.6317495588099161
ok im back,neither,0.0382613717485248,0.37415513651771837,0.5875834917337568
"Library lady here: Just read the book. It's there to be read. Minimizing damage is goo,d but... just read it",neither,0.053913135902106,0.312478162911764,0.63360870118613
"@cinphoria That guy sounds like the book version of the guy at Wondercon who told me to ""Git gud"" at Overwatch",neither,0.03969934397926133,0.4236946384681121,0.5366060175526266
i was listening from the bath. How do we suggest our favorite web comics?,neither,0.04007505456476713,0.31555209057113537,0.6443728548640975
wb @AromiaFlyce <3,neither,0.03945320844208391,0.33037608806864915,0.630170703489267
oooooh dat art,neither,0.03945320844208391,0.33037608806864915,0.630170703489267
That is so cool,neither,0.04484023917792395,0.44498222505035095,0.5101775357717251
"I love you, McPedra",offensive_language,0.079837142191777,0.5038574454704381,0.4163054123377849
*McPedro dangi,neither,0.03945320844208391,0.33037608806864915,0.630170703489267
what is it?,neither,0.06881357098323829,0.31625989446649344,0.6149265345502681
tell us Matt,neither,0.08287726804948711,0.3219884665524851,0.5951342653980277
I CAN'T TYPE TODAY,neither,0.03797673168362214,0.29648906103281597,0.665534207283562
@AromiaFlyce just post them in chat.,neither,0.04762388546169741,0.34322107461014734,0.6091550399281555
Taliesin has just broken Matt Key,neither,0.03629020434622895,0.3413176564331875,0.6223921392205836
TALIESIN,neither,0.03945320844208391,0.33037608806864915,0.630170703489267
AW,neither,0.03945320844208391,0.33037608806864915,0.630170703489267
Amazing art,neither,0.03945320844208391,0.33037608806864915,0.630170703489267
wait What?!,neither,0.04877470361900789,0.3238348708445956,0.6273904255363965
How does he do these things,offensive_language,0.03733112604595192,0.5328307458480962,0.4298381281059518
That alliteration! Definitely Stan Lee.,neither,0.03554277108238309,0.3729147119811497,0.5915425169364671
lol,neither,0.020706217963973744,0.4882283491876925,0.4910654328483337
Coming in late did Digger get mentioned yet?,neither,0.03912024501480583,0.33602734639485904,0.6248524085903352
amazing alliteration,neither,0.03945320844208391,0.33037608806864915,0.630170703489267
Taliesin you are best giver of gifts,neither,0.08754128592652366,0.31805482351286885,0.5944038905606076
@ariaflame they haven't started yet,neither,0.03945320844208391,0.33037608806864915,0.630170703489267
should've known it'd be a stan lee with the VV name,neither,0.02119807300391309,0.35550753644366506,0.6232943905524219
"My new favorite Web Comic is called Lore Olympus, and it is a modern retelling of 'The Taking of Persephonie'",neither,0.041389145758592545,0.29279864178824655,0.665812212453161
"@ariaflame Barely started, still doing gifts",neither,0.03880813986571958,0.3413245853043851,0.6198672748298953
"Also, I highly recommend Lore Olympus. I'm a sucker for the Hades/Persephone story",neither,0.03509079590954968,0.30149554531522876,0.6634136587752216
everyone needs a Taliesin in their lives,neither,0.03406603685396156,0.4218104493165927,0.5441235138294458
this is so soft and so pure,neither,0.045213642688347044,0.36840457531316007,0.586381781998493
Ta,neither,0.03945320844208391,0.33037608806864915,0.630170703489267
red page sides.... i remember those,neither,0.058094897241763484,0.2744047088019301,0.6675003939563064
@AromiaFlyce SAME HAT!,neither,0.04060146764164873,0.34083651815432386,0.6185620142040275
"@ariaflame nothing has been mentioned yet, currently on a tangent, like always Kappa",neither,0.04093008449711511,0.40345808572225333,0.5556118297806315
present time is best time,neither,0.04321333578832697,0.35321915233821777,0.6035675118734553
"You're not sorry, Taliesin, don'tlie",neither,0.0959566490572198,0.3569673076270545,0.5470760433157257
Books are addictive!,neither,0.07713431962109496,0.2694654762606152,0.6534002041182898
I love the art style for Lore Olympus,neither,0.03144308293540882,0.3032690644910548,0.6652878525735364
@AromiaFlyce I think I saw some of that on Twitter! It was beautiful,neither,0.0273263678238349,0.4708690443477428,0.5018045878284223
Lit cons are ok Haven't been to one in a long long time though,neither,0.05416966560792229,0.3322964488519683,0.6135338855401096
Lackadaisy is a great webcomic about prohibition era with anthropomorphic cat people,neither,0.050993201802004895,0.35140861578682486,0.5975981824111702
"QUESTION: Could you please hug McPedro for me, pretty please thank you he's a good cactus gandsTWC",neither,0.04970583775942491,0.38183763589103104,0.5684565263495439
"""Taliesin brings in books and startles people"" is what I'm here for :p",neither,0.11929284435730787,0.24268197665474778,0.6380251789879444
OMG Lore Olympus is GORGEOUS,neither,0.048537796641696954,0.32725148160753664,0.6242107217507664
"les normaux, anyone?",neither,0.03945320844208391,0.33037608806864915,0.630170703489267
@GarthMcMurray Similar to Blacksad?,neither,0.048130220539261186,0.32534975247243236,0.6265200269883066
oh yhags spooky,neither,0.04522550427656808,0.27558419280407476,0.6791903029193572
oooh I'll have to check that one out. One of my spinning wheels is named Persephone <3,neither,0.03501211322770299,0.4313955161500268,0.53359237062227
I second the Lackadaisy recommendation!,neither,0.03812459404649665,0.30574984906218505,0.6561255568913182
could you talk to us a little more pretty please,neither,0.07333759489936471,0.3627906639583356,0.5638717411422998
CATS. PROHIBITION CATS,neither,0.04325674390555754,0.14700446052794564,0.8097387955664967
I've been so busy I have a BUNCH of Lore Olympus to catch up on. I'm so excited,offensive_language,0.02561021791717765,0.49367087252774694,0.4807189095550753
@misssunflower94 the best taliesin gift is a taliesin hug :D was soo lucky at mcm to book a photo shoot super late best hug ever! critroleGothdad,neither,0.0510080238399224,0.30171921141050684,0.6472727647495706
!wtfisthis,neither,0.03945320844208391,0.33037608806864915,0.630170703489267
"Welcome to The Wednesday Club where Amy, Taliesin, and Matt talk about comics old and new.",neither,0.03356453638198711,0.24263158377310745,0.7238038798449055
@japenrose Somewhat. Different art style and humorous tone.,neither,0.0389378455189679,0.3051960408685534,0.6558661136124787
"This is a talk show, mostly",neither,0.03978054349921066,0.2603702096903427,0.6998492468104467
Did anyone else read Eat the Roses?,neither,0.0388013533269089,0.318531428750158,0.6426672179229332
!questions,neither,0.03945320844208391,0.33037608806864915,0.630170703489267
"To make it easier to read questions in chat, please preface your questions with the word question in all caps. For example, QUESTION: How are you today?",neither,0.06209713493468228,0.3342013724685751,0.6037014925967426
@AromiaFlyce Lore Olympus is amazing!!! I love how adorkable Hades is,neither,0.05393120043094063,0.3377086764310859,0.6083601231379736
"i think he just takes a visit to his vault and thinks, ""What will blow their minds this week?""",neither,0.06184623007400097,0.29878836593032465,0.6393654039956745
"But I'm also not here I'm out to do homework. Lots of homework. Love you all, and stay sexy @misssunflower94",neither,0.0666728799996608,0.3659867300092597,0.5673403899910794
"@GarthMcMurray Ohh good to know, gonna add it to my list of to reads. Thank you!",neither,0.05001242104120582,0.427772401632623,0.5222151773261713
@feathersflight I think I might have. It's been a long time,neither,0.036671226273529416,0.35172450547545997,0.6116042682510106
@ellzzascharms oh you don't have to tell me - he is best hugs,neither,0.0690407671119643,0.3493185205821824,0.5816407123058532
I now own a thin hard cover novel done by Neil Gaimen called The Monarch of The Glen. I'll send a pic of it on the Twitter's,offensive_language,0.03965263043080202,0.5058650533706904,0.45448231619850754
Oh sweet webcomics,neither,0.046654552924585355,0.26273073470421887,0.6906147123711958
@jessieleaf I'll do what I can ;),neither,0.05023021089111377,0.3174334990888915,0.6323362900199947
@fallzventus Hades is supposed to be the firstmajor nerd. he is the god of lawyers,neither,0.05839136360199656,0.3051364538933319,0.6364721825046716
Lore Olympus?,neither,0.03945320844208391,0.33037608806864915,0.630170703489267
i discovered cucumber quest almost a year ago now and it's wonderful,neither,0.03824222981727556,0.3088168684029544,0.65294090177977
This is always a joy to watch and listen to...at least from my point of view.,neither,0.04591566675423292,0.38190562599825784,0.5721787072475093
@cinphoria by cats do you mean felines or are you using a jazzy way of referring to people?,neither,0.12977724149530534,0.3166310763199558,0.5535916821847388
@jessieleaf Good luck with homework!,neither,0.028994868417882687,0.36511344705902604,0.6058916845230912
WHAT,neither,0.057770773616808734,0.3180719994247239,0.6241572269584672
@misssunflower94 i know right :D,neither,0.03772648452600981,0.3640217083279442,0.598251807146046
Ha! I remember that!,neither,0.03485640019519543,0.38053244532792574,0.5846111544768788
thanks ya'll,offensive_language,0.02192467844110044,0.5770756048963599,0.4009997166625397
"Woww, MySpace.",neither,0.03945320844208391,0.33037608806864915,0.630170703489267
this is magical,neither,0.0492744971941354,0.32883091238994555,0.6218945904159191
@tortugadelmar ...y...es?,neither,0.03945320844208391,0.33037608806864915,0.630170703489267
My MySpace page might still exist.,neither,0.030891897401928048,0.4007443301950518,0.5683637724030202
