text,top_class,hate_speech,offensive_language,neither
gandsLore gandsLore gandsLore gandsLore,neither,0.03945320844208391,0.33037608806864915,0.630170703489267
Yeah the fire wall makes it very hard to make up an excuse,offensive_language,0.026248794116051903,0.525078194938538,0.44867301094541
Expect for Clay.,neither,0.033906215332087555,0.30267046118113355,0.6634233234867789
ah but if its a distractions its between them and the crew they have time and no vision on them to ditch the journal,neither,0.033902466537610414,0.32818394697834524,0.6379135864840444
lol what is lore masters,neither,0.04866970571002882,0.41705268260195194,0.5342776116880192
"Aside from that, the fire wall can easily sink them in seconds or be put out with Avantika's power.",neither,0.036081980793662434,0.3557864564253562,0.6081315627809813
are we down to 3 hours till start time?,neither,0.0658503636557021,0.30776118152152976,0.6263884548227682
Ditching the journal won't help them whatsoever.,neither,0.04849189610468451,0.3132263755055133,0.6382817283898022
At least right now.,neither,0.037441813067202796,0.37936167422743455,0.5831965127053627
The person who cast locate object already knows where its at. They've been made and have to fight or run,neither,0.026222833452091296,0.3335482484341524,0.6402289181137564
hi!!,neither,0.03945320844208391,0.33037608806864915,0.630170703489267
Loremasters is a show where we talk about various lore.,neither,0.03999355366675356,0.25237043959477545,0.7076360067384709
or die,neither,0.34145560930417657,0.06303765329247905,0.5955067374033444
is there critical role tonight??,neither,0.04370240219818948,0.2791832813677417,0.6771143164340689
They should've ditched it with the jewels that night.,neither,0.018559707764219408,0.37530440592424047,0.60613588631154
!wheniscr,neither,0.03945320844208391,0.33037608806864915,0.630170703489267
Yes,neither,0.03945320844208391,0.33037608806864915,0.630170703489267
"gandsMattBlindfold Critical Role is on at 7 PM PST on Thursdays, it is currently 3:57 PM PST on Thursday. There is 3 Hours, 2 Minutes, 16 Seconds until the next episode of Critical Role. This command has been run 1264 times but has probably been asked about way more. gandsNein",neither,0.04099498474409602,0.3445777458309063,0.6144272694249977
thuluHEY gandsClassic,neither,0.03945320844208391,0.33037608806864915,0.630170703489267
Yea sure death is always an option,neither,0.03940852889057445,0.4562659966898628,0.5043254744195627
dope nightbot is back!,neither,0.050570805388261565,0.32655223667475203,0.6228769579369864
!countdown,neither,0.03945320844208391,0.33037608806864915,0.630170703489267
thank you guys :),neither,0.06265379922890613,0.40956682813393597,0.5277793726371579
Yo can't u get a pirate name from the bot?,neither,0.03941735995902545,0.3563754369141859,0.6042072031267888
First stream I get to watch live!,neither,0.046493154206776285,0.33370363405167724,0.6198032117415465
Same @Redemption_Of_Lannercoast,neither,0.04148851938089603,0.3488915597363099,0.609619920882794
Same!,neither,0.04148851938089603,0.3488915597363099,0.609619920882794
same,neither,0.04148851938089603,0.3488915597363099,0.609619920882794
what a great episode to start live viewing!!!,neither,0.050424560263850345,0.3058037358692905,0.6437717038668591
Welcome to the chat! :D,neither,0.045511251949157526,0.30976617680463725,0.6447225712462051
jcvimHi all,offensive_language,0.046917543854519406,0.6277741405869331,0.3253083155585475
Lol yes xD,neither,0.027751076132194283,0.41967691607684227,0.5525720077909634
Hi @Andyinsomnia,neither,0.03945320844208391,0.33037608806864915,0.630170703489267
I just caught up about a month ago. ITS SO HARD TO WAIT FOR NEW EPISODES ON CLIFF HANGERS LIKE THESE,offensive_language,0.0354612120017526,0.5141880946415267,0.4503506933567208
thuluHEY @Andyinsomnia,neither,0.03945320844208391,0.33037608806864915,0.630170703489267
first live episode,neither,0.03623662413047561,0.3314824189118229,0.6322809569577015
Caleb killed me. I wish he wouldn't have done the fire wall!,neither,0.0367294168250702,0.35499445000561797,0.608276133169312
like this last episode might be the most cliff hanger episode ever,neither,0.04412543903435866,0.33225567051728755,0.6236188904483537
"I agree, also good day people ^^",neither,0.06664902311131872,0.31472213822037876,0.6186288386683026
Yep. That's why I *had* to come to this livestream tonight.,neither,0.034335667582173345,0.3655808340968997,0.6000834983209269
Caleb did what anyone that wanted to protect his friends would do,neither,0.06136761475814907,0.34735426952393345,0.5912781157179174
I couldn't bare to wait for Monday.,neither,0.039499637204940714,0.30411800149849755,0.6563823612965618
Hi @nightowl_tbh,neither,0.03945320844208391,0.33037608806864915,0.630170703489267
lol its very possible caleb caused a few character deaths here. matt seems a lot less merciful this campaign,neither,0.047611286545335314,0.3398185880250124,0.6125701254296522
"I know I just feel like it was sort of hasty. Like, they're on an island? Where will they go?",neither,0.0608018826595748,0.32041767665119797,0.6187804406892272
I had to catch up on the YouTube playlist since last time I tried to attend a live stream I fell asleep in the first twenty minutes >(,neither,0.03844553612671963,0.36941538438481114,0.5921390794884692
They will kill everyone and leave with the mystake,neither,0.2637830942888479,0.26143940373936214,0.47477750197179
i'm getting a black screen and no audio either\,neither,0.04864865895235273,0.3486594190317174,0.6026919220159299
anyone else?,neither,0.03945320844208391,0.33037608806864915,0.630170703489267
But to be honest they should have ditched and hid the journal and jewels somewhere else and then retrieved them later if possible.,neither,0.04036718721076445,0.313631044428501,0.6460017683607346
"honestly though, it's not liams fault. they all kinda messed up when they were late and tired. they had this dope plan to go to the plank king with this evidence and then they just didn't lol",neither,0.02659045588785644,0.39791988146407825,0.5754896626480653
Re-start stream?,neither,0.058526365018843604,0.3009423220071879,0.6405313129739685
I'm on the events tab so idk.,neither,0.03660843810547858,0.36079469110643125,0.6025968707880901
"@burritopug Try refreshing, the titlecard is up",neither,0.04580289036044356,0.3769292309684429,0.5772678786711135
Yay!!!,neither,0.03945320844208391,0.33037608806864915,0.630170703489267
gandsDick gandsLore gandsHecBird,neither,0.03945320844208391,0.33037608806864915,0.630170703489267
I know it's just...worrisome? Like even without the spell they could've searched Jester's haversack just as easily.,neither,0.02319918434335043,0.37136961260158063,0.6054312030550689
im so excited for tonights episode,neither,0.03321160010773792,0.3691648861346696,0.5976235137575925
https://twitter.com/HydroSnail,neither,0.038722702202301396,0.4563523929286256,0.504924904869073
"They knew what they were looking for, and/or could've just dumped it upside down.",neither,0.024263293780014985,0.2863807286619493,0.6893559775580357
No idea where things are going to go from here,neither,0.11875089960507539,0.25703497103792833,0.6242141293569964
"Aww, hope he feels better soon!",neither,0.07248747894944954,0.2423156999046443,0.6851968211459062
Yo how do u get the bot to give u a pirate name?,neither,0.043745359929584775,0.3662414637859306,0.5900131762844847
"Lore Me, Sempai!",neither,0.018491955366437673,0.460246435692358,0.5212616089412043
Hope he gets better!,neither,0.09578821967751729,0.20033049131646158,0.7038812890060211
Iah! Iah! Cthulhu fthagn!,neither,0.03945320844208391,0.33037608806864915,0.630170703489267
!piratename,neither,0.03945320844208391,0.33037608806864915,0.630170703489267
nice i was hoping hed say cthulu,neither,0.039337679873287165,0.33233690938666877,0.6283254107400441
"Ahoy there, @steelneko! Yarr name be, Boatswain Gold Dog! Huzzah!",neither,0.03970592383139085,0.3009016383707167,0.6593924377978925
!piratename,neither,0.03945320844208391,0.33037608806864915,0.630170703489267
"Ahoy there, @GracefulGracie! Yarr name be, Quartermaster Land Barrel! Huzzah!",neither,0.03968539066500088,0.30325892736757337,0.6570556819674257
lol thanks @steelneko,neither,0.025686929906610204,0.3825841739419974,0.5917288961513923
!piratename,neither,0.03945320844208391,0.33037608806864915,0.630170703489267
"Ahoy there, @nightowl_tbh! Yarr name be, Captain Sea Rock! Huzzah!",neither,0.03966801165258957,0.3052586187259053,0.655073369621505
!whodat,neither,0.03945320844208391,0.33037608806864915,0.630170703489267
Hector Navarro ( twitter.com/Hectorisfunny ) with guest Joseph Limbaugh ( twitter.com/overdroid ).,neither,0.03318321090639699,0.46364297266393134,0.5031738164296717
is CR after loremasters,neither,0.04813527504324394,0.327389927243115,0.624474797713641
Woo!!!,neither,0.03945320844208391,0.33037608806864915,0.630170703489267
!piratename,neither,0.03945320844208391,0.33037608806864915,0.630170703489267
"Ahoy there, @Redemption_Of_Lannercoast! Yarr name be, Boatswain ~*{RaWr}*~ Smythe! Huzzah!",neither,0.03970498427622888,0.3010093799990337,0.6592856357247375
"@GracefulGracie No prob, Quartermaster. ;)",neither,0.03844597881425784,0.3474714035127187,0.6140826176730235
Want the inside scoop? Join the cast of Critical Role and discuss the most recent episode right here on Talks Machina. Tuesdays 7pm Pacific at twitch.tv/geekandsundry and projectalpha.com,neither,0.04573032993319735,0.22538911733705982,0.7288805527297427
Phnglui mglw nafh Cthulhu r'lyeh wgah'nagl fhtagn.... there goes my early night :-D,neither,0.027233377015309784,0.3419953104869034,0.6307713124977868
Hi Hector and Joseph!,neither,0.03870944257742205,0.292987672328244,0.6683028850943339
hi hector,neither,0.03945320844208391,0.33037608806864915,0.630170703489267
:D,neither,0.03945320844208391,0.33037608806864915,0.630170703489267
e,neither,0.03945320844208391,0.33037608806864915,0.630170703489267
"@burritopug, there is 90 minutes between them. CR starts in 3 hours",neither,0.052449530165949845,0.29976558011067334,0.6477848897233767
"I'll ttyl, i'm hangry and need a shower. It's like 23 degrees F here and I'm freezing. :P",neither,0.0693071706957913,0.27134451886088695,0.6593483104433218
Have any1 played call of cthulhu?,neither,0.03900771542942058,0.33793726713766237,0.6230550174329171
We'll if you're gonna be a cultist you're gonna wanna go whole hog,neither,0.06489044248837973,0.43917718947995515,0.49593236803166507
see u guys shortly!,neither,0.03927212607751134,0.3334495283827585,0.6272783455397302
We have a subscriber-only Discord server! Join here: https://discord.gg/geekandsundry (you'll need to sub and link it to your Twitch) and be a part of the fun!...Warning: It can take up to an hour for the server to update and give you access to the channels,neither,0.08464076273808444,0.286394834032893,0.6289644032290227
Is cthulu the strongest of the great old ones? does he have a relationship with the others?,neither,0.029053373439447156,0.3912916518615367,0.5796549746990161
"@anglus88 Last friday, pen & paper :-D",neither,0.03945320844208391,0.33037608806864915,0.630170703489267
Long ago I used to admin on an online RPG that combined Cthulhu mythos and X-Men.,neither,0.03884624380621721,0.3321861512019943,0.6289676049917884
"Tell us more cool, interesting things about Cthulhu",neither,0.0633437769841217,0.337237175888608,0.5994190471272702
"@anglus88 I have played at a con, and a friend ran a 1920's Cthulhu 1-shot",neither,0.03820368217283541,0.3256387227436324,0.6361575950835322
I joined chat 20 seconds ago and I am already insane....great show!,neither,0.04466915347458746,0.26766384142052185,0.6876670051048905
"Download the new Critical Role theme song for Campaign Two! http://itunes.apple.com/album/id1331550250?ls=1&app=itunes Sales of the song support the musician, Jason Charles Miller.",neither,0.04445767596344001,0.2510827790306858,0.7044595450058742
Hey guys :),neither,0.03929207127355727,0.33311100635304525,0.6275969223733975
"Vote Cthulhu, Why choose the Lesser Evil!",neither,0.03215184427407124,0.32975554764283715,0.6380926080830917
Hi @xMinimay,neither,0.03945320844208391,0.33037608806864915,0.630170703489267
lololol,neither,0.03945320844208391,0.33037608806864915,0.630170703489267
hey Chaotic :) how you hun,neither,0.06509790530820886,0.16496107850974925,0.7699410161820418
thuluLWING thuluGASM thuluRWING,neither,0.03945320844208391,0.33037608806864915,0.630170703489267
@chaoticloony How about on the PS4?,neither,0.03429804974769496,0.35458145789199247,0.6111204923603126
@thedudegrant Insanity is normal on this channel,neither,0.04288821928247266,0.3392932305504254,0.6178185501671019
Could it be in any limbo but a weird one?,neither,0.03579856194876417,0.363703766364151,0.6004976716870849
public domain outside the US uhhh yeah dude our laws don't really apply worldwide XD,neither,0.044770571647032895,0.3790913154072848,0.5761381129456823
"Help G&S make great content! $4.99/month gets you emotes, Minecraft server access, sub-only VODs, and more! Every sub keeps the channel alive! twitch.tv/geekandsundry/subscribe",neither,0.043907990691603095,0.31135964332838284,0.644732365980014
@anglus88 Newest console i have is a Playstation 1,neither,0.044533578807942134,0.33462247827679453,0.6208439429152633
gandsHecBird,neither,0.03945320844208391,0.33037608806864915,0.630170703489267
so nothing going on here?,neither,0.08075695434152264,0.4241034128258188,0.49513963283265855
we're sure he's dead.,neither,0.057354895106334895,0.4366826225585833,0.5059624823350817
@super390 At least on this plane,neither,0.035898655972389844,0.36824143918845686,0.5958599048391534
Or he rests. For the coming hour.,neither,0.037848390224527795,0.28862021556789647,0.6735313942075758
"To paraphrase myself in another twitch chat a few weeks ago ""Lovecraft was the real ancien horror""",neither,0.0602052955351959,0.344858297450333,0.594936407014471
