text,top_class,hate_speech,offensive_language,neither
@chovexani Shhhhh,neither,0.03945320844208391,0.33037608806864915,0.630170703489267
How we doin kids 👋🏻,neither,0.039290730035918264,0.3331337706561305,0.6275754993079512
Erika is too good an actress and her sad face makes me sad,neither,0.033123239976816383,0.44356585774663176,0.5233109022765519
Hello alls,neither,0.03945320844208391,0.33037608806864915,0.630170703489267
MY PORN!,offensive_language,0.019617021193153276,0.5442023944526052,0.43618058435424156
RIP Tumblr,neither,0.03945320844208391,0.33037608806864915,0.630170703489267
bardGrump erika bardGrump,neither,0.03945320844208391,0.33037608806864915,0.630170703489267
resub gandsHype,neither,0.03945320844208391,0.33037608806864915,0.630170703489267
smut corner? o.o,neither,0.03945320844208391,0.33037608806864915,0.630170703489267
:O,neither,0.03945320844208391,0.33037608806864915,0.630170703489267
jcvimGasp OH MY,neither,0.02748693229954249,0.40236076101129065,0.5701523066891669
cherry *snort*,neither,0.03945320844208391,0.33037608806864915,0.630170703489267
lol,neither,0.020706217963973744,0.4882283491876925,0.4910654328483337
Oh Erika *grin*,neither,0.0450478101092574,0.2772031091301225,0.6777490807606199
Tumblr will rename itself to thumbleweedr after december 17th....,neither,0.04388301092407811,0.31508260260569876,0.641034386470223
gandsGameEngine,neither,0.03945320844208391,0.33037608806864915,0.630170703489267
bardGib bardGib bardGib smut,neither,0.03945320844208391,0.33037608806864915,0.630170703489267
!points Ossborn,neither,0.03945320844208391,0.33037608806864915,0.630170703489267
"That was an excellent pun, Ossborn! Here, have some points for that one! You have been awarded 74 points!",neither,0.050805666259642904,0.3851811885541635,0.5640131451861937
"@ossborn Lol, spot on.",neither,0.027204239563811215,0.41642542235676616,0.5563703380794227
Wholesome for us! Lol,neither,0.05659706133959451,0.3460539826130023,0.5973489560474031
Joe Shuster Superman co-creator was a fetish artist on the side.,neither,0.03449916435994291,0.3504374367511669,0.6150633988888903
I’m weeping 😂😂,neither,0.03945320844208391,0.33037608806864915,0.630170703489267
Tumblr flagging a lot of stuff that doesn't make sense to Flag,neither,0.04096369946949789,0.3534197372754371,0.6056165632550651
what happened to good old fashioned fisticuffs? pokeman violence doesn't solve everything!,neither,0.045825462785383,0.32616623877018613,0.628008298444431
"No Game No Life, pokemon version.",neither,0.03549838452210256,0.36190341469929854,0.602598200778599
This was a great lesson in how not to handle an issue from Bethesda,neither,0.04215841889370872,0.30244036242133154,0.6554012186849597
"Crouching Hedgehog, Hidden Plumper",neither,0.03945320844208391,0.33037608806864915,0.630170703489267
Erika is totally Nintendo personified,neither,0.047111087909416025,0.3277421921631566,0.6251467199274274
plumBer even,neither,0.03724325705110317,0.3678847306871324,0.5948720122617644
I could see erika as Nintendo,neither,0.03759496423536874,0.3619153418875371,0.600489693877094
I'd watch Erika's version of that show.,neither,0.05646734189760139,0.29500770533945014,0.6485249527629484
So that's some art there,neither,0.028021979728458726,0.3863798919041069,0.5855981283674344
anthro game consoles wrasslin,neither,0.03826383497213389,0.24674689817812728,0.7149892668497387
EnthusiARMY RAID gandsTWC gandsTWC amydCheers,neither,0.03945320844208391,0.33037608806864915,0.630170703489267
amydCheers amydCheers,neither,0.03945320844208391,0.33037608806864915,0.630170703489267
jcvimHi Amy and the Enthusiarmy,neither,0.03774871432504241,0.2681903135125707,0.6940609721623869
#EnthusiArmy RAID amydFocus,neither,0.03945320844208391,0.33037608806864915,0.630170703489267
amydCheers,neither,0.03945320844208391,0.33037608806864915,0.630170703489267
#EnthusiArmy Raid!,neither,0.03945320844208391,0.33037608806864915,0.630170703489267
It was an inside Hand-job!,neither,0.03446777660622871,0.16994998759877172,0.7955822357949995
I was always suspicious of that hamburger helper hand.,neither,0.03562132938466619,0.39637516234710873,0.568003508268225
amydCheers amydCheers amydCheers,neither,0.03945320844208391,0.33037608806864915,0.630170703489267
#EnthusiArmy RAID! gandsHug s for gandsHug inclined!,neither,0.03455895656823677,0.3059236746123073,0.659517368819456
thuluHEY Enthusiraiders,neither,0.03945320844208391,0.33037608806864915,0.630170703489267
jcvimHi @Ossborn,neither,0.03945320844208391,0.33037608806864915,0.630170703489267
Who let Daryl back in the studio,neither,0.027738976777158125,0.38863604644763133,0.5836249767752105
XD you silly boys,neither,0.060208248701833306,0.3880030848462445,0.5517886664519221
Hahaah,neither,0.03945320844208391,0.33037608806864915,0.630170703489267
I love these two dorks,neither,0.04581743236735304,0.40460426458486676,0.5495783030477802
Darly and Jake gandsHype,neither,0.03847354642549547,0.27932863474708153,0.682197818827423
Good boys,neither,0.038492495874194246,0.3307065211748001,0.6308009829510057
"he's only eating half of that donut, it's no big deal",neither,0.028408474557904864,0.4039934205065364,0.5675981049355587
I cant wait for next weeks Asinine holiday special,neither,0.05255843601630234,0.30897798352907846,0.6384635804546193
"I don't have Jake and Daryl emotes, so the next best thing: gandsJohnson gandsDick",neither,0.0369595725379728,0.33104343190121704,0.6319969955608101
ramaFear ramaFear he are erika s donuts he's going to die,neither,0.2331630738153321,0.15006252911369444,0.6167743970709735
^,neither,0.03945320844208391,0.33037608806864915,0.630170703489267
MindManners evening dear folk,neither,0.04696699478225807,0.3277917523970634,0.6252412528206786
Next Tuesday,neither,0.038592710591819596,0.3449809823080711,0.6164263071001091
