text,top_class,hate_speech,offensive_language,neither
@Fuery42 When did you last use it,offensive_language,0.01356631035223122,0.5249424702535315,0.46149121939423726
is it late,neither,0.04910531728866563,0.32705628523304286,0.6238383974782915
Lore Me Sempai,neither,0.018491955366437673,0.460246435692358,0.5212616089412043
is there cr today?,neither,0.045874210495066424,0.2695087685795841,0.6846170209253495
!critcountdown gandsNein,neither,0.03945320844208391,0.33037608806864915,0.630170703489267
"The new episode of Critical Role starts in 2 Hours, 48 Minutes, 57 Seconds",neither,0.04081372875923252,0.2773395799769118,0.6818466912638557
I so miss Asinine Wisdom,neither,0.032922963017030134,0.376704799133833,0.590372237849137
This is...not a surprise,neither,0.047291788942771945,0.3346734849482692,0.6180347261089589
At the beginning of November. It should be up for renewal for the channel.,neither,0.0347361332432695,0.33785150041397666,0.6274123663427538
LOL,neither,0.020706217963973744,0.4882283491876925,0.4910654328483337
"THURSDAY (All Times Pacific) - LOREMASTERS: 4-5:30pm, | CRITICAL ROLE: 7pm-? Pacific",neither,0.04039067665063594,0.36922389035964376,0.5903854329897203
!clock,neither,0.03945320844208391,0.33037608806864915,0.630170703489267
It is currently Thursday 4:11 PM at the Geek & Sundry studio in California.,neither,0.051673984311604255,0.32958918917802854,0.6187368265103671
PogChamp The return of the Prodigal sons,neither,0.037926876078141485,0.301892886851052,0.6601802370708066
"This is the Asinine Wisdom set, Jake and Daryl live here Ryan, you had to expect them to be here",neither,0.13391638048337165,0.27316318832267034,0.5929204311939581
:D,neither,0.03945320844208391,0.33037608806864915,0.630170703489267
"@Fuery42 Thats weird, i have never had that problem",neither,0.0328072438797328,0.403811248359684,0.5633815077605832
Hehhehehhehehhehehhehehhehhehe,neither,0.03945320844208391,0.33037608806864915,0.630170703489267
Expect them tomorrow during Overlight :P,neither,0.05247449562529547,0.32309636656363633,0.6244291378110682
Haha!,neither,0.03186685585600258,0.45913629025701075,0.5089968538869867
I so love Jake and Daryl!,neither,0.036391839620618954,0.34303858312449403,0.620569577254887
I also love Chatsworth,neither,0.035218944634196295,0.35035017500125626,0.6144308803645475
Yay!!!!,neither,0.03945320844208391,0.33037608806864915,0.630170703489267
Hi Ryan and Kate!,neither,0.03881132371686635,0.29853656076408924,0.6626521155190445
Well.. I know not to watch the 2 idiots,neither,0.048397172033165806,0.3156456567581297,0.6359571712087044
Kate always kills it with her Boots game!,offensive_language,0.025196083174351427,0.4950368772438688,0.47976703958177985
they seem genuine and friendly 12/10 would go watch,neither,0.042607818774053174,0.30405563211694814,0.6533365491089986
"@chaoticloony Yeah, it's honestly not that big of a deal. I just have to make sure I catch the shows live. I'd rather support the Twitch channel rather than the Youtube because of how much more freedom they have with content. Oh well. PJSalt",neither,0.03034123324018605,0.4251900319063933,0.5444687348534207
"@dindin66 If you like CHAOS, then they are worth watching",neither,0.062114519446312834,0.3866603461803786,0.5512251343733087
What is that background sound?,neither,0.04920013296711892,0.36393113089082174,0.5868687361420595
"I am old enough to be Kates father too, so many kids on this channel!",neither,0.041490827975290294,0.36949026833773435,0.5890189036869754
"4X - ""explore, expand, exploit, and exterminate""",neither,0.03877406619239607,0.29652817042778334,0.6646977633798206
Sounds like the mic isn't plugged in all the way,neither,0.047489771675227145,0.3697542261977042,0.5827560021270687
Raaaaiiid!,neither,0.03945320844208391,0.33037608806864915,0.630170703489267
Hey Amy and raiders.,neither,0.03880221334757368,0.29804757833685175,0.6631502083155746
"Hello, Amy and EnthusiArmy! Hugs for the hug-inclined!",neither,0.03520175395486062,0.28312869869369695,0.6816695473514424
amydCheers,neither,0.03945320844208391,0.33037608806864915,0.630170703489267
twitchRaid twitchRaid,neither,0.03945320844208391,0.33037608806864915,0.630170703489267
Hugs for the Hug Inclined$,neither,0.03454421066142405,0.2978767114667817,0.6675790778717943
Greetings @Enthusiamy and Raiders,neither,0.03852460340978638,0.282397176840787,0.6790782197494266
Amy raid!,neither,0.03945320844208391,0.33037608806864915,0.630170703489267
@john_sparks_jr I think it's her coat hitting the mic,neither,0.031355118364116835,0.4706404327633948,0.49800444887248824
Sidequests! Always Sidequests! 70 hours+ into my latest Skyrim replay... havnt been n the mountain yet :-D,neither,0.0330364255987741,0.38707363267951267,0.5798899417217132
"Woo, raiders!!!",neither,0.03945320844208391,0.33037608806864915,0.630170703489267
!whodat,neither,0.03945320844208391,0.33037608806864915,0.630170703489267
"Ryan Green ( twitter.com/HydroSnail ), with guest Kate Elliot ( twitter.com/KatersTweets ).",neither,0.03413454954554933,0.44106193941393546,0.5248035110405153
hello!,neither,0.03945320844208391,0.33037608806864915,0.630170703489267
gandsHug,neither,0.03945320844208391,0.33037608806864915,0.630170703489267
"@aleph_sharp Never turn down a hug, my friend!",neither,0.02766278973446286,0.43070479501386894,0.5416324152516683
4X games are so much fun,neither,0.06008802172494181,0.3310081951493031,0.6089037831257552
exploration,neither,0.03945320844208391,0.33037608806864915,0.630170703489267
Hi @captainsthunder,neither,0.03945320844208391,0.33037608806864915,0.630170703489267
^^ @JustHere4Coffee I think you're right,neither,0.10957327118129298,0.36685679743885247,0.5235699313798546
"@roberttables well, then tinytatoHugs gandsHug",neither,0.03945320844208391,0.33037608806864915,0.630170703489267
Somehow I never knew what 4x actually stood for heh,neither,0.03645712398200318,0.33394461810132675,0.62959825791667
"Help G&S make great content! $4.99/month gets you emotes, Minecraft server access, sub-only VODs, and more! Every sub keeps the channel alive! twitch.tv/geekandsundry/subscribe",neither,0.043907990691603095,0.31135964332838284,0.644732365980014
!whodat,neither,0.03945320844208391,0.33037608806864915,0.630170703489267
"Ryan Green ( twitter.com/HydroSnail ), with guest Kate Elliot ( twitter.com/KatersTweets ).",neither,0.03413454954554933,0.44106193941393546,0.5248035110405153
Explore Expand Exploit Exterminate,neither,0.03945320844208391,0.33037608806864915,0.630170703489267
":D @aleph_sharp Yass, ty!",neither,0.03945320844208391,0.33037608806864915,0.630170703489267
^^,neither,0.03945320844208391,0.33037608806864915,0.630170703489267
Sometimes... we all need some hugs.,neither,0.033404238701030764,0.4064730747496471,0.5601226865493223
"""Just one more turn-ation"" (the ""X"" is silent)",neither,0.042029160214828894,0.34991981424610574,0.6080510255390653
that too @Deathstar_Taco :D,neither,0.03126226639723697,0.423946830183124,0.544790903419639
Civilization is the original major 4X game,neither,0.04525199242100366,0.2791318337068244,0.675616173872172
Oh god Arrival... as a linguist I have to say that was the most amazing misunderstanding/misuse of the Sapir Whorf Hypothesis heh >.>,neither,0.04140032335243548,0.3312358197279878,0.6273638569195765
I was an Age of Empires kid way back,neither,0.03937110793596115,0.33390645950495357,0.6267224325590852
yeah some of the other Spanish students in my college class were starting to dream in the Spanish,neither,0.02796820678738266,0.3582969404803479,0.6137348527322695
"my favourite 4X games are the X games, the early ones anyway. waiting to hear about the new one, x3 left me cold",neither,0.04252813856281674,0.3180615319186791,0.6394103295185043
I enjoy playing Stellaris recently,neither,0.03945320844208391,0.33037608806864915,0.630170703489267
I found Civilization and Warlords on a BBS and have been addicted to 4X games since,neither,0.04018401181526548,0.29751411913643344,0.6623018690483012
Want the inside scoop? Join the cast of Critical Role and discuss the most recent episode right here on Talks Machina. Tuesdays 7pm Pacific at twitch.tv/geekandsundry and projectalpha.com,neither,0.04573032993319735,0.22538911733705982,0.7288805527297427
"Heroes of Might And Magic... .time for bed, I´ll just finish this week.... holy shit, the enemy is in my land! he took a city! I need to get it back... holy, why is the sun rising already?",offensive_language,0.04536277839311253,0.7184801585507247,0.23615706305616282
Later @Ossborn,neither,0.03945320844208391,0.33037608806864915,0.630170703489267
Night Oss,neither,0.031590556074051056,0.3300922858286469,0.638317158097302
Is it bad that I always enjoy what he wears?,neither,0.04562960175056591,0.3987161288112401,0.555654269438194
!dapper,neither,0.03945320844208391,0.33037608806864915,0.630170703489267
"Ryan Green has a unique style all his own. We can't always explain it, but rest assured, he's always going to look dapper AF.",neither,0.06659971876757347,0.40271519875690504,0.5306850824755214
"@chaoticloony LOL, I am not leaving..... this only happens soometimes WHEN I play HOM&M :-D",neither,0.038333046404682464,0.394129290580149,0.5675376630151685
"Social anything also introduces a huge amount of risk and toxicity that we didn't have ""back in the day"" I'll just throw that out there",neither,0.025896743635847867,0.3580802029262178,0.6160230534379343
"I understand @ossborn , I understand",neither,0.03945320844208391,0.33037608806864915,0.630170703489267
"no, no I'd say that was just fine @ArisBranwin",neither,0.03079130457591277,0.4122150179196942,0.5569936775043931
"@Ossborn ok, i know that feeling",neither,0.03527306909992929,0.37623374220410055,0.5884931886959701
iirc the first 4X I played was one of the Spaceward Ho! games (think wild west but in space on the Smack 'n Trash),neither,0.025767150554648507,0.33556600647834417,0.6386668429670074
"@Ossborn Whoops, habit. :D",neither,0.03945320844208391,0.33037608806864915,0.630170703489267
"Yeah... you just saw the ""time for bed"" and muzscle memory did the rest, right? :-D",neither,0.028659265850126008,0.39210045813631816,0.5792402760135558
It's intresting the idea of how talking to a random person it unique and counted weired,neither,0.04047981764678975,0.2977625484263205,0.6617576339268896
"If you find extra letters in my posts, feel free to keep them and use them yourself, whenever needed FailFish",neither,0.029669710933338356,0.3900359556735524,0.5802943333931092
I actually have Master of Magic and the the original Master of Orion installed on my computer,neither,0.031613018751166504,0.34592995609677757,0.6224570251520559
which wizard is your fav @chaoticloony ?,neither,0.07479866810740267,0.3198777692695604,0.6053235626230371
man i had a wow gf too but it never went anywhere,neither,0.03377549166013191,0.4067207949396965,0.5595037134001716
I usually play a fire wizard on Myrrh,neither,0.03724145002951043,0.3409369419699514,0.6218216080005381
Called it,neither,0.03687705213569826,0.3312621463536148,0.6318608015106869
"Pond plus timezones, still a real issue",neither,0.03260060835740982,0.44967123585221563,0.5177281557903746
I met two significant others in Yahoo!Chat 20 years ago... even moved countries for 3 years because of it,neither,0.03631425236374871,0.3201612714765175,0.6435244761597338
"We appreciate your passion, Kate. :D",neither,0.06156193985953252,0.3261353470380436,0.612302713102424
the good ole days of pointless aol instant messenger relationships,neither,0.0384805653657568,0.32016792554221435,0.641351509092029
cool! my fav was S'sssrah or w/e the red/white one on Myrror (isolationistic Planar Seal til I realized I probably should get to Arcanus before I Seal things for a bit),offensive_language,0.1443124429086084,0.5201399211455215,0.33554763594587006
I made some great friends when i played Anarchy Online 14 years ago,neither,0.029480049290523655,0.3490350043992061,0.6214849463102703
"then met three more partners through a humour blog once I moved back... married one of them 13 years ago! (these were sequential, not parallel relationships btw)",neither,0.04776335082206197,0.3537471678801867,0.5984894812977514
@Deathstar_Taco I usually choose his pic to keep from having to deal with him,neither,0.05257687082299187,0.37558881580264686,0.5718343133743613
<3,neither,0.03945320844208391,0.33037608806864915,0.630170703489267
"The good old instant messenger days... I changed my original internet nickname because of ICQ... after receiving dozens (!!!) of friendrequests from India. Then I asked... turns out my nick back then meant ""boy for adult favours"" in India.... Whoops",neither,0.029797124395075487,0.3655780981162306,0.6046247774886939
good to lose? what kinda weaksauce is that... Kappa,neither,0.05181381988630432,0.3528769334383596,0.5953092466753361
@chaoticloony Snake Wizards on a Plane?! We don't need no Fire-casting Snake Wizards on our Fire-casting Plane!,neither,0.037218446175210196,0.3442232304313429,0.6185583233934469
!points @Deathstar_Taco,neither,0.03945320844208391,0.33037608806864915,0.630170703489267
"That was an excellent pun, @Deathstar_Taco! Here, have some points for that one! You have been awarded 17 points!",neither,0.05028957640842011,0.38306140444113307,0.5666490191504467
ICQ... I had a 6-digit number!,neither,0.03945320844208391,0.33037608806864915,0.630170703489267
@Deathstar_Taco + 63 points to that,neither,0.04173950296613907,0.36459635951263214,0.5936641375212287
"I still technically have access to it, but it's not what it used to be",neither,0.04422263037514114,0.3487309762484907,0.6070463933763681
Failure is always an option!,neither,0.04442060827882948,0.36653211556239573,0.5890472761587748
@JustHere4Coffee it took me a while to realize ICQ = i seek you,neither,0.049976855486870364,0.43448238568059017,0.5155407588325395
Hey chat? When will the show start?,neither,0.042349389297860626,0.27542525428620074,0.6822253564159386
"I still identify that ""uh-oh"" noise more with ICQ than Lemmings",neither,0.03319005564793621,0.35751136497977054,0.6092985793722933
!wheniscr,neither,0.03945320844208391,0.33037608806864915,0.630170703489267
"gandsMattBlindfold Critical Role is on at 7 PM PST on Thursdays, it is currently 4:30 PM PST on Thursday. There is 2 Hours, 29 Minutes, 19 Seconds until the next episode of Critical Role. This command has been run 1281 times but has probably been asked about way more. gandsNein",neither,0.040945458894116965,0.34414717573400283,0.6149073653718803
The Guild that Fails together wails together.,neither,0.03610637992664563,0.34837974564252966,0.6155138744308246
"gandsTrinketArmor My parents hated spending money on games for me, so I got into Mmorpgs really late into the fad, finding people was super hard at the time",offensive_language,0.03194143296095888,0.4880419505596369,0.48001661647940413
