text,top_class,hate_speech,offensive_language,neither
did it?,neither,0.03679680055061391,0.33128974855371013,0.631913450895676
Just Cause 4? ... hrm.,neither,0.028881676609689533,0.42110076516491945,0.5500175582253909
wow a million views thats increadible,neither,0.03945320844208391,0.33037608806864915,0.630170703489267
The music is extremely appropriate for today.,neither,0.03908497863507434,0.2848080180131519,0.6761070033517736
the stream should start soon. everyone roll initiative.,neither,0.041647953431784505,0.4046235215529768,0.5537285250152386
Bidet,neither,0.03945320844208391,0.33037608806864915,0.630170703489267
Bidet!,neither,0.03945320844208391,0.33037608806864915,0.630170703489267
bidet?,neither,0.03945320844208391,0.33037608806864915,0.630170703489267
!piratename,neither,0.03945320844208391,0.33037608806864915,0.630170703489267
"Ahoy there, @Dstunna1! Yarr name be, Boatswain Red Tooth! Huzzah!",neither,0.03957580254308871,0.30204829771915076,0.6583758997377606
Might be a little early for that,neither,0.03159853792325693,0.32482362912031254,0.6435778329564303
!piratename,neither,0.03945320844208391,0.33037608806864915,0.630170703489267
@HydroSnail_RyanGreen Hi Ryan,neither,0.03945320844208391,0.33037608806864915,0.630170703489267
"Ahoy there, @Kneecoalwoody! Yarr name be, Gunner Rusty Smythe! Huzzah!",neither,0.039708721863540845,0.30058084839031707,0.6597104297461421
,neither,0.03945320844208391,0.33037608806864915,0.630170703489267
@Rosestar999 Did you not watch the first CR campaign yet? XD,neither,0.04639752428106971,0.3523644003562295,0.6012380753627008
!piratename,neither,0.03945320844208391,0.33037608806864915,0.630170703489267
"Ahoy there, @ericoliveros! Yarr name be, Gunner Sea Bonez! Huzzah!",neither,0.039715136216423565,0.29984583915581076,0.6604390246277657
When is this going live?,neither,0.03898333273572437,0.4128491137363056,0.5481675535279701
Any minute now,neither,0.03945320844208391,0.33037608806864915,0.630170703489267
@DragonFyre342 Anytime now,neither,0.03945320844208391,0.33037608806864915,0.630170703489267
HUZZAH!!!,neither,0.03945320844208391,0.33037608806864915,0.630170703489267
!piratename,neither,0.03945320844208391,0.33037608806864915,0.630170703489267
"Ahoy there, @DragonFyre342! Yarr name be, First Mate Olde ~*{uB3r}*~ H4x0R! Huzzah!",neither,0.03511244845130907,0.3069608541058308,0.65792669744286
!piratename,neither,0.03945320844208391,0.33037608806864915,0.630170703489267
@chaoticloony hey!,neither,0.03945320844208391,0.33037608806864915,0.630170703489267
!clock,neither,0.03945320844208391,0.33037608806864915,0.630170703489267
It is currently Thursday 4:01 PM at the Geek & Sundry studio in California.,neither,0.0510853560815634,0.32964593687365445,0.6192687070447822
hello people!,neither,0.08342635347872217,0.3250217469284455,0.5915518995928324
!piratename,neither,0.03945320844208391,0.33037608806864915,0.630170703489267
"Ahoy there, @baconpancakes9000! Yarr name be, Gunner Tusk Bear! Huzzah!",neither,0.039726231777889386,0.29857567125105955,0.6616980969710512
!thursday,neither,0.03945320844208391,0.33037608806864915,0.630170703489267
"THURSDAY (All Times Pacific) - LOREMASTERS: 4-5:30pm, Ryan Green and a guest go deeper into a fandom than you may have ever thought possible! | CRITICAL ROLE: 7pm-? Pacific | Voice Actors play Dungeons and Dragons 5e!",neither,0.04653776919637756,0.2948298166561512,0.6586324141474712
Hi @Orzyall,neither,0.03945320844208391,0.33037608806864915,0.630170703489267
"Hey, @Orzyall",neither,0.03945320844208391,0.33037608806864915,0.630170703489267
Ah another gunner! Huzzah!!,neither,0.11878833705009247,0.22852621607205384,0.6526854468778536
!piratename,neither,0.03945320844208391,0.33037608806864915,0.630170703489267
"Ahoy there, @vexelghost! Yarr name be, First Mate Rotten Seaking! Huzzah!",neither,0.03441153024824179,0.3029752297772988,0.6626132399744594
How long till crit role?,neither,0.039246024746807134,0.32864115847838204,0.6321128167748109
Woo!!! <3,neither,0.03945320844208391,0.33037608806864915,0.630170703489267
"Lore me, Sempai!",neither,0.018491955366437673,0.460246435692358,0.5212616089412043
We're Live!,neither,0.07702019449600846,0.29035571652515796,0.6326240889788335
!clock,neither,0.03945320844208391,0.33037608806864915,0.630170703489267
It is currently Thursday 4:02 PM at the Geek & Sundry studio in California.,neither,0.05116902727914625,0.32963796927704553,0.6191930034438082
!wheniscr,neither,0.03945320844208391,0.33037608806864915,0.630170703489267
@tassadar40k 3 hours,neither,0.03945320844208391,0.33037608806864915,0.630170703489267
"gandsMattBlindfold Critical Role is on at 7 PM PST on Thursdays, it is currently 4:02 PM PST on Thursday. There is 2 Hours, 57 Minutes, 3 Seconds until the next episode of Critical Role. This command has been run 1285 times but has probably been asked about way more. gandsNein",neither,0.040984306832191765,0.34448505427000053,0.6145306388978078
!piratename,neither,0.03945320844208391,0.33037608806864915,0.630170703489267
"Ahoy there, @Thanedarkone! Yarr name be, Gunner Crusty O'Brien! Huzzah!",neither,0.039673619010998355,0.3046129544479927,0.6557134265410091
ok thanks,neither,0.036679458346100965,0.30877397624175834,0.6545465654121406
amydCheers,neither,0.03945320844208391,0.33037608806864915,0.630170703489267
gandsHappy gandsHappy gandsHappy gandsHappy,neither,0.03945320844208391,0.33037608806864915,0.630170703489267
Welcome Amy and Raiders!,neither,0.038822933363010945,0.2991577467117473,0.6620193199252418
Greeting @Enthusiamy and raiders,neither,0.03852460340978638,0.282397176840787,0.6790782197494266
!clock,neither,0.03945320844208391,0.33037608806864915,0.630170703489267
Why are you playing this game? Just Cause?,neither,0.05640093840273882,0.3524869934104616,0.5911120681867997
It is currently Thursday 4:03 PM at the Geek & Sundry studio in California.,neither,0.05234240336133375,0.32952281131013816,0.6181347853285281
amydCheers amydCheers amydCheers,neither,0.03945320844208391,0.33037608806864915,0.630170703489267
READY THE DEFENSES,neither,0.03801758066652302,0.3036702911560384,0.6583121281774386
I've never watched this show before. Anything I should know?,neither,0.031272197179202633,0.36113041573683907,0.6075973870839583
a Hector ep! coming in with the Enthusiarmy,neither,0.02882224186956438,0.3495020515466431,0.6216757065837927
"""lore""",neither,0.03945320844208391,0.33037608806864915,0.630170703489267
:D,neither,0.03945320844208391,0.33037608806864915,0.630170703489267
Have you ever heard about #FLIIIIIPS?,neither,0.055900435758978864,0.42843757446400593,0.5156619897770152
They are loremasters,neither,0.11748381152333764,0.22608295668333075,0.6564332317933317
!points @starpilotsix,neither,0.03945320844208391,0.33037608806864915,0.630170703489267
"That was an excellent pun, @starpilotsix! Here, have some points for that one! You have been awarded 64 points!",neither,0.050169273600559075,0.38256261623107957,0.5672681101683612
Just Cause has LORE? sterYes,neither,0.03145201480462411,0.3933180030557008,0.5752299821396752
Hey all!,neither,0.04285346742239823,0.46255625023407465,0.49459028234352725
amydCheers amydCheers amydCheers,neither,0.03945320844208391,0.33037608806864915,0.630170703489267
Just Cause has lore? Is it the lore of grappling a guy to a moving helicopter?,neither,0.043184076229390855,0.35108663843778454,0.6057292853328247
Want the inside scoop? Join the cast of Critical Role and discuss the most recent episode right here on Talks Machina. Tuesdays 7pm Pacific at twitch.tv/geekandsundry and projectalpha.com,neither,0.04573032993319735,0.22538911733705982,0.7288805527297427
why are you talking about its lore? *waits...*,neither,0.05402340226457582,0.3709759375235698,0.5750006602118545
QUESTION: Flips? Kappa,neither,0.03945320844208391,0.33037608806864915,0.630170703489267
@Zismarith Yes.,neither,0.03945320844208391,0.33037608806864915,0.630170703489267
"Hey, @Ossborn",neither,0.03945320844208391,0.33037608806864915,0.630170703489267
!questions,neither,0.03945320844208391,0.33037608806864915,0.630170703489267
"To make it easier to read questions in chat, please preface your questions with the word question in all caps. For example, QUESTION: How are you today?",neither,0.06209713493468228,0.3342013724685751,0.6037014925967426
Lol,neither,0.020706217963973744,0.4882283491876925,0.4910654328483337
But is this cause... just?,neither,0.03625005157161514,0.40928961875905134,0.5544603296693336
"Hector, Yall know about FLIPS?",neither,0.036683933600066915,0.37737790936910576,0.5859381570308273
Sucks it nerds. No CR for hours. Kappa,neither,0.03470791275861047,0.3209519512334723,0.6443401360079173
"It does have Lore, I honestly don’t know how much lore they know?",neither,0.025917844282955405,0.4331152108534364,0.5409669448636082
Hi @Ossborn,neither,0.03945320844208391,0.33037608806864915,0.630170703489267
!clock,neither,0.03945320844208391,0.33037608806864915,0.630170703489267
It is currently Thursday 4:04 PM at the Geek & Sundry studio in California.,neither,0.05234240336133375,0.32952281131013816,0.6181347853285281
Suuuuup!,neither,0.03945320844208391,0.33037608806864915,0.630170703489267
@Danoba Okey dokey. Fan. Yeah.,neither,0.02051544533415835,0.4649501753585288,0.5145343793073128
Hey Hector :P,neither,0.03945320844208391,0.33037608806864915,0.630170703489267
tbh I haven't heard of this game - I'm pretty much table bound,neither,0.03664095841123797,0.30687927963411216,0.65647976195465
<3,neither,0.03945320844208391,0.33037608806864915,0.630170703489267
amydCheers amydCheers EnthusiARMY raid! amydCheers amydCheers,neither,0.03945320844208391,0.33037608806864915,0.630170703489267
We have a subscriber-only Discord server! Join here: https://discord.gg/geekandsundry (you'll need to sub and link it to your Twitch) and be a part of the fun!...Warning: It can take up to an hour for the server to update and give you access to the channels,neither,0.08464076273808444,0.286394834032893,0.6289644032290227
Rico Rodriguez!,neither,0.03945320844208391,0.33037608806864915,0.630170703489267
Heheh,neither,0.03945320844208391,0.33037608806864915,0.630170703489267
rrrrrico...suave,neither,0.03945320844208391,0.33037608806864915,0.630170703489267
I actually love the Just Cause games. Pure fun.,neither,0.03243119732591418,0.36545407101508254,0.6021147316590032
"I saw a video today, this game makes a lot of people feel sick, the motion blur effect seems to be responsible for it",neither,0.05128393121265333,0.24730556492280445,0.7014105038645423
I remember when playing Just Cause and other games like this was a show on the channel,neither,0.04035991455335938,0.3302552668227848,0.6293848186238558
"I've heard of the game franchise, but never played it.",neither,0.020040722011921384,0.3154914712649957,0.6644678067230828
"Okay, but I relate when stuff like that happens",neither,0.04769559343103223,0.40591891792508844,0.5463854886438795
"sorry to go off topic, but hector have you seen into the spider-verse yet?",neither,0.04996171221779582,0.35616363512263793,0.5938746526595663
This is already at sassiness level 11+ and I'm very happy,neither,0.04318005223764695,0.3302749622024035,0.6265449855599495
@Ossborn I wonder if there's a button to turn that off?,neither,0.027456192101882184,0.36744013661619584,0.6051036712819219
Hector is already Done,neither,0.04780492500328987,0.3662579096840707,0.5859371653126394
"Download the new Critical Role theme song for Campaign Two! http://itunes.apple.com/album/id1331550250?ls=1&app=itunes Sales of the song support the musician, Jason Charles Miller.",neither,0.04445767596344001,0.2510827790306858,0.7044595450058742
Why's it being destroyed? Just 'Cause. ;),neither,0.022007926527375363,0.4102849127914002,0.5677071606812243
"No idea, @Zismarith",neither,0.03828698463382248,0.35016994969645254,0.6115430656697249
@starpilotsix i s2g :P,neither,0.03945320844208391,0.33037608806864915,0.630170703489267
So I here there are destructible objects in this game. ;),neither,0.10918513395544159,0.23117331889861475,0.6596415471459438
That's a BIG Tower....That's what SHE said,offensive_language,0.025719518903128864,0.5034736646051677,0.4708068164917034
I heard they improved 4 from 3. Apparently 3's engine wasn't well optimized.,neither,0.040185559187199335,0.31794618464089835,0.6418682561719025
I can't tell if Hector is being facetious about the compellingness,neither,0.021956679093837576,0.41812965602022134,0.5599136648859412
"soooo, the accents",neither,0.03862592081621688,0.31527266449149327,0.64610141469229
"Help G&S make great content! $4.99/month gets you emotes, Minecraft server access, sub-only VODs, and more! Every sub keeps the channel alive! twitch.tv/geekandsundry/subscribe",neither,0.043907990691603095,0.31135964332838284,0.644732365980014
QUESTION Where did they find a guy with a voice deeper than batmans?,neither,0.03537148517985183,0.2851169434359918,0.6795115713841564
I wonder what the average salary is for a villains henchman?,neither,0.044101811546504374,0.2926692740561182,0.6632289143973775
QUESTION: hector have you seen into the spider-verse yet?,neither,0.048590942932039256,0.3538463493590087,0.597562707708952
