text,top_class,hate_speech,offensive_language,neither
refr3sh,neither,0.03945320844208391,0.33037608806864915,0.630170703489267
Phew,neither,0.03945320844208391,0.33037608806864915,0.630170703489267
refresh,neither,0.03945320844208391,0.33037608806864915,0.630170703489267
refresh,neither,0.03945320844208391,0.33037608806864915,0.630170703489267
It's back for me,neither,0.02098724245251628,0.3461868878023613,0.6328258697451224
refresh,neither,0.03945320844208391,0.33037608806864915,0.630170703489267
refresh,neither,0.03945320844208391,0.33037608806864915,0.630170703489267
ahhh,neither,0.03945320844208391,0.33037608806864915,0.630170703489267
refresh yall,neither,0.037935930941313145,0.356128247035467,0.6059358220232199
REFRESH,neither,0.03945320844208391,0.33037608806864915,0.630170703489267
just refresh guys its ok,neither,0.031125483515479634,0.35149128821394304,0.6173832282705772
oof,neither,0.03945320844208391,0.33037608806864915,0.630170703489267
It's back! Just hit play!,neither,0.03294695713819568,0.3549719528000352,0.6120810900617691
It's back! It's ok! Refresh!,neither,0.03704102359698286,0.3319217384231663,0.6310372379798509
OH SWEET JESUS PLEASE NO,neither,0.043366849516937346,0.2982281232373881,0.6584050272456744
PLZ NO!!!,neither,0.038362385563973554,0.3488901991310419,0.6127474153049846
You know it's running late if the feed dies lol,neither,0.029106843745142563,0.4264826293294583,0.544410526925399
refresh,neither,0.03945320844208391,0.33037608806864915,0.630170703489267
It fine it’s back already,neither,0.03569033345875875,0.3491743642201362,0.615135302321105
REFRESH!,neither,0.03945320844208391,0.33037608806864915,0.630170703489267
Cowards!,neither,0.03945320844208391,0.33037608806864915,0.630170703489267
ANGRY,neither,0.03945320844208391,0.33037608806864915,0.630170703489267
restart,neither,0.03945320844208391,0.33037608806864915,0.630170703489267
matt has continuously said that it still has lots of health left,neither,0.036748035887231356,0.3525212160317353,0.6107307480810334
refresh,neither,0.03945320844208391,0.33037608806864915,0.630170703489267
refresh,neither,0.03945320844208391,0.33037608806864915,0.630170703489267
we're back,neither,0.0707855877519284,0.2891816921207498,0.6400327201273217
EVERYONE PANIC!!!!!!!!!!!!!!!!,neither,0.033302057094802294,0.43477717965781665,0.5319207632473811
refresh,neither,0.03945320844208391,0.33037608806864915,0.630170703489267
IT'S OK CALM DOWN,neither,0.037977383121128215,0.3317343188009541,0.6302882980779176
FA,neither,0.031921485607245045,0.4582090808061365,0.5098694335866185
what happened,neither,0.04722295797655572,0.3248777811305592,0.6278992608928851
refresh,neither,0.03945320844208391,0.33037608806864915,0.630170703489267
just refresh,neither,0.03446215123834754,0.35403638765649625,0.6115014611051561
RUUUUNNNN,neither,0.03945320844208391,0.33037608806864915,0.630170703489267
"""and millions of voices cried out in terror"" -Obi Wan",neither,0.03649780815311008,0.31655453662430016,0.6469476552225897
REFRESH!,neither,0.03945320844208391,0.33037608806864915,0.630170703489267
REFRESH,neither,0.03945320844208391,0.33037608806864915,0.630170703489267
blindness does nothing to a dragon,neither,0.031081651236390652,0.4527300327049655,0.5161883160586438
thank you,neither,0.07325166854587051,0.43632638485078484,0.49042194660334476
theres the blindsight,neither,0.03825742109612947,0.30830648690722096,0.6534360919966495
blindsight only on adult dragons right?,neither,0.03642979957026628,0.35618445784424063,0.607385742585493
Someone is dying lol,neither,0.03867030423961516,0.38844197147530396,0.572887724285081
"guys, go to the G&S channel to see the vid",neither,0.048609358516759224,0.3067145454149741,0.6446760960682667
refresh it's working,neither,0.038097381841677186,0.3308424190087747,0.6310601991495481
it has blindsight wow,neither,0.038080314217928284,0.32183217909850326,0.6400875066835685
Darn dragon tried to censor it's fate :P,neither,0.04284705582873197,0.32811298293733193,0.6290399612339361
Asdf,neither,0.03945320844208391,0.33037608806864915,0.630170703489267
I want my 3 secs of sub back!,neither,0.028195876424560933,0.4159311749642524,0.5558729486111866
the chat is like my familys reunion when the sweet 16 booked next to us,neither,0.056965506779326415,0.38984783232277326,0.5531866608979004
refresh y'all!,neither,0.041581534396601456,0.41502748495485636,0.5433909806485423
Leave no man behind huh?,neither,0.03877286455155639,0.3998769907790546,0.561350144669389
"That was JESTER""S SPIRIT GOING DEAD",neither,0.034470331720546685,0.3942983538355265,0.5712313144439268
people need to calm the hell down when things mess up,offensive_language,0.05340922770292925,0.6429841969235305,0.3036065753735402
,neither,0.03945320844208391,0.33037608806864915,0.630170703489267
refresh,neither,0.03945320844208391,0.33037608806864915,0.630170703489267
This is stressful :D,neither,0.0492744971941354,0.32883091238994555,0.6218945904159191
Come on Sam.,neither,0.034345377998501334,0.3781065105465565,0.5875481114549421
Jester is legitimately dead like Cad should have stayed for the heal at least. Can't he hold it?,neither,0.05340542776956962,0.3414861887900749,0.6051083834403556
Live nott,neither,0.04891340716200846,0.3271222919257548,0.6239643009122369
OH NO!,neither,0.04751210705993949,0.26629718932274826,0.6861907036173122
D&D Beyond,neither,0.03945320844208391,0.33037608806864915,0.630170703489267
This campaign is all about balls,offensive_language,0.055340463562578636,0.5903440715415699,0.35431546489585153
:( :( :( :( :( :( :( :( :(,neither,0.03945320844208391,0.33037608806864915,0.630170703489267
if Nott dies we riot,neither,0.02502235883561606,0.3779358987182114,0.5970417424461725
Matt hoped the party would learn that “not all battles are winnable.” This seems like one of those times,neither,0.07049558442888815,0.3415061652978282,0.5879982502732837
"Blue dragons need to be able to hunt in clouds and fog, yeah. Blindsight. Also, it could have as much as 224 HP. They weren't going to beat it.",neither,0.03478942165646359,0.38940274001247965,0.5758078383310568
Why would it not attack THE GIANT DRAGON and instead the TINY GOBLIN,neither,0.02999690304454112,0.2989606500817953,0.6710424468736635
"So sleepy, but can’t stop watching.",neither,0.03680119693608952,0.4417274907317166,0.521471312332194
WHat happened to Jester??,neither,0.05760574859169443,0.31930944110771653,0.623084810300589
I wonder what awesome character Laura will come up with :D,neither,0.03283605837467393,0.39443206370814715,0.5727318779171789
i have the fear guys,neither,0.037816731667018544,0.32467586147331495,0.6375074068596664
TableHere ScaredyCat gandsSpoopy,neither,0.03945320844208391,0.33037608806864915,0.630170703489267
Where is Caleb in the initiative?,neither,0.04660902430060473,0.2908853767155669,0.6625055989838282
would of had this if they didn't all run away,neither,0.018992447923847636,0.43991226896833463,0.5410952831078176
refresh refresh refresh refresh refresh refresh refresh refresh refresh refresh,neither,0.03945320844208391,0.33037608806864915,0.630170703489267
DND BEYOND!!!!!!,neither,0.03945320844208391,0.33037608806864915,0.630170703489267
gandsLHMercer,neither,0.03945320844208391,0.33037608806864915,0.630170703489267
@freecactustony No itss not,neither,0.03496017967925336,0.3711856527539219,0.5938541675668247
Is this the rebroadcast or live?,neither,0.05651962202921497,0.3057011485814296,0.6377792293893554
I swear to Bahamut if Jester dies i'm going to freak the fuck out,offensive_language,0.10291380901110808,0.8831411208075092,0.013945070181382711
this battle is absolutely winable...,neither,0.0472885746837685,0.32917499961363944,0.6235364257025919
Still live?,neither,0.04518993418897925,0.3506604034365893,0.6041496623744314
!time,neither,0.036668274527354654,0.377643684699956,0.5856880407726893
@Sukeebell Still live,neither,0.04518993418897925,0.3506604034365893,0.6041496623744314
My God Jester was getting so good if she dies :(,offensive_language,0.018821935129080657,0.5714289149251314,0.40974914994578787
itll be fine.,neither,0.040201001768801384,0.3366380131115117,0.6231609851196869
If JESTER dies we riot.....,neither,0.02502235883561606,0.3779358987182114,0.5970417424461725
Can’t jester blink tp the Disengage into the sphere,neither,0.038346337434582906,0.30273064647402775,0.6589230160913894
Jester will appear 10 feet closer to the exit ... she can make it,neither,0.04375809400198509,0.34928864307055557,0.6069532629274594
NOTT NO,neither,0.036918905254960256,0.37338982715841207,0.5896912675866277
MONKAS,neither,0.03945320844208391,0.33037608806864915,0.630170703489267
https://clips.twitch.tv/BraveShakingPizzaBabyRage,neither,0.03945320844208391,0.33037608806864915,0.630170703489267
LIVE,neither,0.04891340716200846,0.3271222919257548,0.6239643009122369
Why is she dead? She has more then 55 hp,neither,0.03963356187388295,0.4354352734463597,0.5249311646797573
OH NO,neither,0.04751210705993949,0.26629718932274826,0.6861907036173122
"This thing comes in and wrecks Nott and later on when he's like, ""That wretched dragon and it's elemental fucked me up!"" and Beu is like, ""Actually, I summoned the fire elemental...""",offensive_language,0.03926096869191082,0.5018381767661511,0.4589008545419382
oh my god theyre all gonna die,neither,0.138028575699682,0.2815818788840095,0.5803895454163085
wooooow,neither,0.03945320844208391,0.33037608806864915,0.630170703489267
nooooo,neither,0.03945320844208391,0.33037608806864915,0.630170703489267
rip caleb,neither,0.03945320844208391,0.33037608806864915,0.630170703489267
Kamikaze Nott,neither,0.03945320844208391,0.33037608806864915,0.630170703489267
FLUFFER NUTTER,neither,0.03945320844208391,0.33037608806864915,0.630170703489267
Jester is in a different plane,neither,0.04801666221801767,0.3274307236327729,0.6245526141492094
Nott pls,neither,0.03945320844208391,0.33037608806864915,0.630170703489267
oh no,neither,0.04751210705993949,0.26629718932274826,0.6861907036173122
Exploding Arrow on lordy lord,neither,0.037349553313640114,0.34041047418554654,0.6222399725008134
nott good,neither,0.037820165765928906,0.33093776632913474,0.6312420679049364
Fluffernutter till the end...,neither,0.0383956945974843,0.31094113775045307,0.6506631676520626
"""Its bad!""",neither,0.02544806886453537,0.33519309778348183,0.6393588333519827
"Wait, still live?",neither,0.043877760004317035,0.34633757673036125,0.6097846632653217
https://clips.twitch.tv/ObservantHyperHawkStrawBeary,neither,0.03945320844208391,0.33037608806864915,0.630170703489267
Jester is down to 7,neither,0.07440037433404983,0.3153880445956569,0.6102115810702932
gandsLHMercer,neither,0.03945320844208391,0.33037608806864915,0.630170703489267
valeS,neither,0.03945320844208391,0.33037608806864915,0.630170703489267
"Phew! i just about shat myself with that blackout xD another milisecond and i'd have been like ""I would like to RAGE!""",neither,0.0625462448478387,0.35416321139974527,0.583290543752416
"as much as i love these guys, they didnt really fight optimally :( i really wanted them to own this mansion...",neither,0.062223386978797667,0.39657826066916146,0.541198352352041
Nott YES,neither,0.03945320844208391,0.33037608806864915,0.630170703489267
Yo,offensive_language,0.04010381111145228,0.5271105317972344,0.4327856570913131
@lebofkay Yep. They're fighting a dragon,neither,0.053980664363758535,0.30722408071294205,0.6387952549232992
monkaS chat monkaS,neither,0.03945320844208391,0.33037608806864915,0.630170703489267
he should roll percentage to see if he shoots a pepper arrow,neither,0.043738482947207495,0.3779149410795215,0.5783465759732709
"The battle would have been winnable if they had all arrived at the same time and focused on attacking as a team, rather than trying to bail",neither,0.030861992733495658,0.3924718475995059,0.5766661596669985
"If Jester dies, Travis gets divorced",neither,0.027424494446787268,0.3673576635558897,0.6052178419973231
isn't it disadv on melee attack rolls?,neither,0.03597832779702819,0.3420284159376992,0.6219932562652725
What happened to jester? i missed it,neither,0.05047461688665092,0.3230009476253546,0.6265244354879944
If theyd stop jerking off spread out and get on the thing its not even a hard fight,offensive_language,0.0195440870422736,0.5107801399685523,0.46967577298917407
laura is so sure she is gonna die... its all over her face,offensive_language,0.11873104476920432,0.6222229625181379,0.2590459927126577
And the other cleric bailed abandoning them,neither,0.05105522208658698,0.27233588738538705,0.6766088905280259
weird that you'd have a disadvantage shooting up at a target from prone,neither,0.04442322231644554,0.43165960007204557,0.5239171776115088
Jester is the weakest character. I won't be sad if she dies. Maybe Laura will roll a more impressive character next.,neither,0.035365507148093125,0.3740995000938776,0.5905349927580291
should be force,neither,0.05640918470791871,0.3834226178189785,0.5601681974731028
,neither,0.03945320844208391,0.33037608806864915,0.630170703489267
"Man, hope they live. Come on Jester, come on Nott",neither,0.06185092269155952,0.34855771800866836,0.5895913592997722
pepper arrow was already used,neither,0.038603000351460685,0.34480633823282913,0.6165906614157103
210,neither,0.03945320844208391,0.33037608806864915,0.630170703489267
GG Caleb,neither,0.03945320844208391,0.33037608806864915,0.630170703489267
awkward the disadvantge is for being within melee not for being prone,neither,0.030970859015304893,0.32210853169417336,0.6469206092905216
"They rolled earlier to see if he fired the pepper arrow he had, or an explosive arrow. Pepper was used.",neither,0.03789193204996035,0.33990127313102225,0.6222067948190173
time!,neither,0.036668274527354654,0.377643684699956,0.5856880407726893
should def be force but whatevs,neither,0.04789248074755215,0.37839145127290513,0.5737160679795427
this is so fucked,offensive_language,0.05572204556982477,0.8454743392436744,0.09880361518650077
caleb needs to just leave,neither,0.04092838632296175,0.34540490452925926,0.613666709147779
"im just,,,,,,,,,,,,, so incredibly stressed rn",neither,0.0355864506809494,0.4009659322584769,0.5634476170605737
"Winnable maybe, but at what cost?",neither,0.040409739757986014,0.3582420638723189,0.6013481963696952
"@battlesack The dragon is elevated, so he's not within melee",neither,0.04708779258473941,0.34878708049928353,0.6041251269159771
"jester is the best omg, i just tuned in, i hope she's okay! :(",neither,0.06735172116713374,0.29886047735844423,0.6337878014744219
shes actually the second strongest to Yasha,neither,0.04472522752828396,0.31218824159790803,0.643086530873808
@battlesack Nott has Crossbow Expert,neither,0.0398838597670735,0.3230668111731776,0.637049329059749
"@Shimmerz i think the orb is teleporting them to a different part of it, since there werent other doorways it seems. plus the fire ele might kill it after they leave",neither,0.1436730119044396,0.23964437130447677,0.6166826167910836
@battlesack Nott has Crossbow Expert. No disadvantage from being within 5 ft.,neither,0.03674904472019091,0.34119454093140533,0.6220564143484038
gandsOne gandsOne gandsOne gandsOne gandsOne,neither,0.03945320844208391,0.33037608806864915,0.630170703489267
im so scared :'),neither,0.03830946248745979,0.43082291285772667,0.5308676246548136
this is going so bad. just leave,neither,0.03705231981971723,0.42367052792450355,0.5392771522557792
"Really want to know Jesters traveler arc, and Nott is Nott and awesome",neither,0.04970274610809889,0.2675067976679699,0.6827904562239312
:( :( :( :( :( :( :( :( :( :(,neither,0.03945320844208391,0.33037608806864915,0.630170703489267
@battlesack she has crossbow expert. no disadvantage for being in melee,neither,0.03118962016904468,0.397460315560211,0.5713500642707444
MISFIRE,neither,0.03945320844208391,0.33037608806864915,0.630170703489267
So many Nat 1s........,neither,0.03941046282052915,0.37785211031498234,0.5827374268644886
critroleFail,neither,0.03945320844208391,0.33037608806864915,0.630170703489267
Can't jester just disengage and hop in the Orb?,neither,0.034759933925250314,0.2986182429897071,0.6666218230850426
RUUUUN,neither,0.03945320844208391,0.33037608806864915,0.630170703489267
"If Jester doesn't go before Caleb, he won't know she's still there. She might be left alone against the dragon and the elemental.",neither,0.03186849888409894,0.40257015001045676,0.5655613511054441
Ahahahaha misfire.,neither,0.03945320844208391,0.33037608806864915,0.630170703489267
There's no way in hell an amount of gunpowder carried on an arrow would have a 10ft explosion but you do you,offensive_language,0.05229838749947032,0.5682407422415832,0.3794608702589463
oh god that's right1,neither,0.04105296820307846,0.31926469396397306,0.6396823378329485
@Lucius_Warbaby be better at trolling kiddo,neither,0.0390951418556377,0.3599416085103401,0.6009632496340221
@Lucius_Warbaby Would be nice if you had some kind/appropriate things to say about the players,neither,0.03321361926907042,0.3972354267821007,0.5695509539488288
=_=,neither,0.03945320844208391,0.33037608806864915,0.630170703489267
He has the feat so no disadvantage for being close @battlesack,neither,0.034107809380771716,0.3516361780192108,0.6142560126000174
Caleb should have resistance to fire,neither,0.057582624432853995,0.3675034898007215,0.5749138857664243
https://clips.twitch.tv/BraveShakingPizzaBabyRage,neither,0.03945320844208391,0.33037608806864915,0.630170703489267
Oh I'm so stressed.,neither,0.04539154332080206,0.3250337198282362,0.6295747368509617
I can't with this fight,neither,0.02572852976302855,0.3767514919567852,0.5975199782801862
@Lucius_Warbaby yeah don't be a dick,offensive_language,0.03032692737108484,0.9523747235392253,0.017298349089689937
I'm so scared,neither,0.039408851386368314,0.3986148855256441,0.5619762630879874
RUN JESUS,neither,0.03945320844208391,0.33037608806864915,0.630170703489267
*CRIES* JESTER NOTT BE SAFE ;A;,neither,0.03989395420559995,0.33406683634827294,0.626039209446127
Someone is DEF going to get killed by a multiattack,neither,0.05109226506985838,0.3902132428694053,0.5586944920607363
"JEster has 14 health Caleb has 20, and nott has 30",neither,0.03961185292975902,0.2998940359041835,0.6604941111660575
This is so discombobulated,neither,0.057692595345134906,0.4206183136808414,0.5216890909740237
My heart,neither,0.02323080328995969,0.46424929128473386,0.5125199054253063
That's 1 point of piercing damage and 68 points of pepper damage.,neither,0.03728792400581095,0.33072534252542174,0.6319867334687672
"If he takes the attacks of opportunity, it means they don't take them against caleb",neither,0.03749328783598528,0.33323370577713846,0.6292730063868762
good lord this is intense,neither,0.04586123882518388,0.32953059527095135,0.6246081659038648
all of them can safely leave,neither,0.0620617244821107,0.4068727407963543,0.531065534721535
Someone needs to trigger this thing's reaction so JESTER CAN RUN,neither,0.04390129599076472,0.35510299756695324,0.6009957064422822
SLOW,neither,0.03945320844208391,0.33037608806864915,0.630170703489267
And I thought I was sleeping tonight....,neither,0.039335511718905335,0.19532202732213044,0.7653424609589642
JUST RU N,neither,0.02667013123193722,0.39600456006212814,0.5773253087059346
fireball!,neither,0.03945320844208391,0.33037608806864915,0.630170703489267
I show jester at 7. but i could be wrong,neither,0.05086125624309946,0.2902567077640728,0.6588820359928278
Caleb would totally just run,neither,0.03544994481967031,0.3426636607011664,0.6218863944791634
@triplzzz @wtflock1 Not trolling. Not being a dick. I'm just stating an opinion. You guys ok with different opinions right?,offensive_language,0.045606224822758806,0.6802070335376974,0.2741867416395438
they dont know jesters still there D:,neither,0.03842943274743626,0.29894003292891036,0.6626305343236534
"It's blind, so Nott should've had advantage on the attack",neither,0.026602907583787104,0.3641964636680426,0.6092006287481704
cuppCuppFeelsBobMan,neither,0.03945320844208391,0.33037608806864915,0.630170703489267
Hi. The Eastern Time Zone here. By god its late. this is good. why am i still up. hlp pls,neither,0.048248107778964835,0.37718843332962126,0.5745634588914139
Laura is so sad right now,neither,0.047471369240803106,0.3981590277226303,0.5543696030365667
@Lucius_Warbaby Pretty sure you are the only one that thinks that but okay,offensive_language,0.05264261485528289,0.4923495292120738,0.45500785593264337
Playing it smart Caleb,neither,0.03822386628884269,0.3307989152073739,0.6309772185037834
it has blindvision,neither,0.037466634629501894,0.31789117281524343,0.6446421925552547
its got blindsight,neither,0.02733745850738521,0.41868440599226914,0.5539781355003457
dragon has blindsight,neither,0.03994931470047548,0.32195587012958204,0.6380948151699425
"jester,,,,and nott,,,,",neither,0.03763944115734239,0.1918412352459551,0.7705193235967025
@Taperation it has blindsense,neither,0.037466634629501894,0.31789117281524343,0.6446421925552547
RIP NOTT,neither,0.03945320844208391,0.33037608806864915,0.630170703489267
It's in character. It's what Caleb would do.,neither,0.04179597864318413,0.32396903650800896,0.6342349848488069
Nott is so dead,neither,0.05233535667031801,0.3939495700372418,0.5537150732924401
wow,neither,0.03945320844208391,0.33037608806864915,0.630170703489267
aww :'(,neither,0.03945320844208391,0.33037608806864915,0.630170703489267
JESTER!!!!!,neither,0.03945320844208391,0.33037608806864915,0.630170703489267
this is so bad for jester,neither,0.0360859328439067,0.3476742680010243,0.6162397991550689
10 fT,neither,0.03945320844208391,0.33037608806864915,0.630170703489267
I'm so nervous!,neither,0.03940857945358607,0.38636408546123996,0.5742273350851739
"@Taperation it has blindsight, blindess did nothing",neither,0.035327130424231974,0.3741871858537882,0.5904856837219797
TWO DEATHS INCOMING HOLY MOLEY,neither,0.04002234162954135,0.32071641255823624,0.6392612458122224
dimension door?,neither,0.03945320844208391,0.33037608806864915,0.630170703489267
Want the inside scoop? Join the cast of Critical Role and discuss the most recent episode right here on Talks Machina. Tuesdays 7pm Pacific at twitch.tv/geekandsundry and projectalpha.com,neither,0.04573032993319735,0.22538911733705982,0.7288805527297427
Pick up nott,neither,0.04298478175334875,0.28959625871066,0.6674189595359913
"how much health does this dragon have? yikes, it's not considered badly hurt yet right?",neither,0.028599500367161537,0.41519616106510426,0.5562043385677342
Yep. There is honestly no reason for Caleb to wait. Running is the only smart thing for the character.,neither,0.0429546769810466,0.27680213936724896,0.6802431836517044
ruuuuuun,neither,0.03945320844208391,0.33037608806864915,0.630170703489267
@dilithiumcrystalmeth this episode?,neither,0.03932416101137122,0.3325663597548006,0.6281094792338283
OH GOD PLS MERCER gandsLHMercer gandsLHMercer gandsLHMercer gandsLHMercer gandsLHMercer,neither,0.04480920023261498,0.27938410181811024,0.6758066979492748
@fuzzyhalo I have a final tomorrow and i'm east coast. RIP,neither,0.03858068296819531,0.30976789043875474,0.65165142659305
My sweet girls nott and jester :(,neither,0.015247544451632119,0.4661761678002512,0.5185762877481167
oh no,neither,0.04751210705993949,0.26629718932274826,0.6861907036173122
Glad that I did my last final today.,neither,0.027303791216765915,0.40815968641438316,0.5645365223688509
"I think Jester might die,",neither,0.24842122111293855,0.09757809264952438,0.654000686237537
if knot dies calub is never going to forgive himslef,neither,0.03218578794197277,0.4022386263168083,0.565575585741219
Nott should have ran,neither,0.055290578820504886,0.39085814064932506,0.55385128053017
you can tell how much that hurt liam :c BibleThump,neither,0.04479134626991373,0.39690695414113,0.5583016995889561
"He didnt know she was still present, he couldn't have known",neither,0.0459996846047989,0.39415722404086095,0.5598430913543401
,neither,0.03945320844208391,0.33037608806864915,0.630170703489267
and nott and jester were never seen again,neither,0.03371194550959119,0.30753619630478357,0.6587518581856252
Jester!!!!!!,neither,0.03945320844208391,0.33037608806864915,0.630170703489267
omg PLS gandsLHMercer gandsLHMercer gandsLHMercer gandsLHMercer,neither,0.03945320844208391,0.33037608806864915,0.630170703489267
Laura's face is killing me inside.,neither,0.03605615546602349,0.19331782670127282,0.7706260178327038
rip jester ;-;,neither,0.03945320844208391,0.33037608806864915,0.630170703489267
it used its reaction!,neither,0.03237553086530391,0.33281042593847354,0.6348140431962226
"jester can just disengage, she appears ten feet from her last place, she can get there in one move action",offensive_language,0.035672267244895195,0.4952216025516485,0.4691061302034562
Dimension door is 4th lvl spell. She should have misty step.,neither,0.05163029372270687,0.40165676700536235,0.5467129392719308
HE'S DEAD!,neither,0.04842459888147176,0.32729041550802956,0.6242849856104986
oh no is Nott and Jester's detective agency over? was Twiggy really sent to replace them? LUL,neither,0.05489421711819891,0.2868606861866024,0.6582450966951987
jesters dead,neither,0.03945320844208391,0.33037608806864915,0.630170703489267
"they're gonna leave jester to die, I can feel it. oh god please no",neither,0.1727228853130127,0.1718133325220566,0.6554637821649308
gandsLHMercer gandsLHMercer gandsLHMercer gandsLHMercer,neither,0.03945320844208391,0.33037608806864915,0.630170703489267
Its a shame they really could have cut him down pretty easy but instead they wasted a bunch of turns on nonsense,neither,0.03467447949403692,0.4023668431574931,0.5629586773484699
"It's blind, but Nott is in melee. Blindsight doesn't let you know what someone is doing, just where they are.",neither,0.06323053751723844,0.3439908932843761,0.5927785691983855
Can Jester teleport?,neither,0.04033449801857472,0.31541830397308185,0.6442471980083434
this is bad for jester guys,neither,0.03677439687152596,0.2977572366436651,0.6654683664848089
I'm so annoyed why did the leave,neither,0.02931210905044138,0.36682057680472735,0.6038673141448313
This is actually pretty heartbreaking,neither,0.04950551179286768,0.3287899865086996,0.6217045016984327
jester is going to die,neither,0.3390253657967649,0.09824597457596618,0.5627286596272689
"Jester, please live",neither,0.046016486691427556,0.32811867571562114,0.6258648375929512
"Nooo appear on the other side of the elemental and dragon, closer to the crystal",neither,0.03692691040344702,0.31041099045340537,0.6526620991431474
DISENGAGE!!!!,neither,0.03945320844208391,0.33037608806864915,0.630170703489267
IF JESTER DIES I DIE,neither,0.1421109315062836,0.17434156200877748,0.683547506484939
Jester please heal yourdelf a bit,neither,0.03945320844208391,0.33037608806864915,0.630170703489267
fire elemental took its reaction just goooo,neither,0.03240986297830576,0.34630939631042723,0.6212807407112669
Everyone is abandoning jester I feel so bad for Laura,neither,0.031545006974006924,0.4385713750578924,0.5298836179681008
Dimensiondoor,neither,0.03945320844208391,0.33037608806864915,0.630170703489267
dimension door?,neither,0.03945320844208391,0.33037608806864915,0.630170703489267
dimension door?,neither,0.03945320844208391,0.33037608806864915,0.630170703489267
guys...this is how we lost molly...please...rUNN. PLease. please run.,neither,0.04295730333440672,0.33198385767949606,0.6250588389860972
dimention door..,neither,0.03945320844208391,0.33037608806864915,0.630170703489267
she's so screwed!,offensive_language,0.041263354579770546,0.4889815403666663,0.46975510505356305
misty step? d-door?,neither,0.03945320844208391,0.33037608806864915,0.630170703489267
Dimension Door?,neither,0.03945320844208391,0.33037608806864915,0.630170703489267
she has no 4th levels left,neither,0.040172502094737765,0.402477242715144,0.5573502551901182
JESTER!! ;A;!!,neither,0.03945320844208391,0.33037608806864915,0.630170703489267
@BadSkeelz no range for that,neither,0.02888117714210109,0.3577632490136362,0.6133555738442626
"jester used polymorph, she can't dimension door",neither,0.041422337964602506,0.4212479184001946,0.537329743635203
she burned her 4th on poly,offensive_language,0.032228769119085524,0.5562997483644938,0.4114714825164206
Can she paint something?,neither,0.041366519249176885,0.4188254342006801,0.539808046550143
:(,neither,0.03945320844208391,0.33037608806864915,0.630170703489267
D:,neither,0.03945320844208391,0.33037608806864915,0.630170703489267
Fire Elemental already used his reaction. 4th level spell was already used.,neither,0.049355637857059265,0.3494104326865601,0.6012339294563805
MERCER,neither,0.03945320844208391,0.33037608806864915,0.630170703489267
"@Lucius_Warbaby you weren't opining you were being a dick about Laura's choices and saying she should roll someone worthwhile. worthwhile is relative, and Jester is clearly worthwhile",offensive_language,0.08258527960952544,0.6911755144607996,0.22623920592967497
NotLikeThis,neither,0.03945320844208391,0.33037608806864915,0.630170703489267
I feel like Laura doesnt know she can action disengage,neither,0.0503860753087174,0.41451178233098823,0.5351021423602943
FeelsBadMan,neither,0.03945320844208391,0.33037608806864915,0.630170703489267
gg jester,neither,0.03945320844208391,0.33037608806864915,0.630170703489267
she needs to just run,neither,0.042917887712127345,0.4450750982089582,0.5120070140789144
lmao,neither,0.03705015143476208,0.3711622369619404,0.5917876116032975
"she has not dimension door, she already used polymorph",offensive_language,0.04021619165169463,0.48551882276566,0.47426498558264546
gandsSpoopy gandsSpoopy gandsSpoopy gandsSpoopy,neither,0.03945320844208391,0.33037608806864915,0.630170703489267
Pretty sure that's it..,offensive_language,0.028161978501706306,0.5159977364305436,0.45584028506775026
YES HEAL UR SELF ANY HEALTH U CAN LAURA,neither,0.05493185007607125,0.3220881161733377,0.622980033750591
She has no 4th level slots left for dimension door,neither,0.03601991715519094,0.3633130044071355,0.6006670784376736
21 health,neither,0.03945320844208391,0.33037608806864915,0.630170703489267
fuuuuuuuuuuck,neither,0.03945320844208391,0.33037608806864915,0.630170703489267
still on original or rb?,neither,0.03648612409870221,0.35327305691108574,0.6102408189902121
Jester's going to die... NO!,neither,0.28711898739972397,0.12011694629254127,0.5927640663077348
oh my godddd no,neither,0.02794368691868978,0.4133818257042729,0.5586744873770373
omg rip jester D:>,neither,0.03945320844208391,0.33037608806864915,0.630170703489267
If only the party didnt bailed out ....,neither,0.02382222997690953,0.369787072343025,0.6063906976800655
Yikes... Jester. Oh no,neither,0.04751210705993949,0.26629718932274826,0.6861907036173122
"why not pop closer to orb, disengage and run? should be in range of 30",neither,0.0420177754495686,0.32361986583488955,0.6343623587155419
\ouch,neither,0.03945320844208391,0.33037608806864915,0.630170703489267
"Dimension Door is 4th level, she already used her slot on Polymorph",offensive_language,0.03658714483627746,0.5291039914661515,0.43430886369757105
This is why you don't leave people behind,neither,0.08272609560396536,0.38497455050412016,0.5322993538919145
"Guys the dragon is NOT on deaths door, there were a lot of ppl low health, trying to kill the dragon would be stupid. That is how Molly died",neither,0.1783881927213943,0.2190697263254798,0.6025420809531259
The group really makes bad decisions on these long games,neither,0.03968924787220562,0.37155338726651166,0.5887573648612827
"Aw man, this is the third battle that they've just run from. Matt really has scared them so bad of dying with molly. Still love the show though",neither,0.0308832708044152,0.35815604980452376,0.6109606793910609
healing mid-fight is actually a pretty sub-par idea. almost anything is better :(,neither,0.04793967432625384,0.3274572032990767,0.6246031223746695
@ozbian Still live,neither,0.04518993418897925,0.3506604034365893,0.6041496623744314
,neither,0.03945320844208391,0.33037608806864915,0.630170703489267
@ozbian Original live broadcast.,neither,0.043419005062905074,0.32901206875675526,0.6275689261803398
did caleb just leave them to die?,neither,0.18163388999335653,0.17325751206731932,0.6451085979393241
note to self always have dimension door prepared,neither,0.04232705314938983,0.3718603149573765,0.5858126318932335
"If Jester dies, I'm blaming Twiggy",neither,0.024220274342582112,0.37922928306143205,0.5965504425959859
donutoFURMISSILE donutoFURMISSILE donutoFURMISSILE donutoFURMISSILE,neither,0.03945320844208391,0.33037608806864915,0.630170703489267
BLINK!,neither,0.03945320844208391,0.33037608806864915,0.630170703489267
TWIGGY REALLY IS REPLACING JESTER,neither,0.04813703902110344,0.3273893205302409,0.6244736404486557
Yeah when they started running they really put people at risk,neither,0.03533549314212132,0.43804055445907286,0.5266239523988057
NOOO NOT JESTER,neither,0.03781847695119134,0.33653676953918593,0.6256447535096227
how come everytime they have guests someone dies,neither,0.03784351655246185,0.3576967603966095,0.6044597230509288
This is baddddddd,neither,0.06444388513749441,0.32581973129223984,0.6097363835702658
noooooooo,neither,0.03945320844208391,0.33037608806864915,0.630170703489267
im not ready to lose nott,neither,0.0439568632883024,0.36505716545587263,0.590985971255825
why didnt they choose to stay and slay that dragon :(,neither,0.03311794345253072,0.3382921444668566,0.6285899120806127
"These guys really screwed up. Left peacemeil, arrived peacemeil, did everything wrong....All in good fun, but we could lose jester and nott....",neither,0.04046249482903176,0.4142525365308614,0.5452849686401069
Jester BibleThump,neither,0.03945320844208391,0.33037608806864915,0.630170703489267
NotLikeThis,neither,0.03945320844208391,0.33037608806864915,0.630170703489267
they left her,offensive_language,0.02770146698797767,0.6376735419546954,0.33462499105732685
Who is Matt going to kill today?,neither,0.36114905089930716,0.24257438702059606,0.39627656208009676
"yeah, disengage can happen as an action! why not just do that and run????",neither,0.019352175522559887,0.43506091122909485,0.5455869132483452
BLIND,neither,0.03945320844208391,0.33037608806864915,0.630170703489267
gandsNopeNopeNope gandsNopeNopeNope gandsNopeNopeNope,neither,0.03945320844208391,0.33037608806864915,0.630170703489267
if jesters die we RIOT,neither,0.1243295740237108,0.19353597338744952,0.6821344525888395
BibleThump,neither,0.03945320844208391,0.33037608806864915,0.630170703489267
"They could have killed it, but we don't watch these wonderful people for ""perfect"" combat choices.",neither,0.055564630761223185,0.3570241231672691,0.5874112460715076
NotLikeThis,neither,0.03945320844208391,0.33037608806864915,0.630170703489267
thank goodness,neither,0.03901970068836411,0.3377338460143572,0.6232464532972787
holy crap,neither,0.03945320844208391,0.33037608806864915,0.630170703489267
"noooo, jester, live live live",neither,0.04788312694531362,0.32747665253639624,0.6246402205182902
guys holy shit,offensive_language,0.04368866643870304,0.9557787459511417,0.0005325876101553752
jester is gonna dieeee,neither,0.05444827599955481,0.4164456955621218,0.5291060284383236
"Phew, with those positions if he had regained his lightnig breath ....",neither,0.051407792542136725,0.34703231984492533,0.601559887612938
"Oh no, Jester better not die",neither,0.2196959694733238,0.10334172421140786,0.6769623063152684
CLAY SHOULD NOT HAVE RUN,neither,0.04862105544868898,0.375911301029847,0.575467643521464
cad should have stayed there.,neither,0.05152404431641515,0.32871562738570337,0.6197603282978815
you killed jester,neither,0.07278330948118296,0.41892414391217675,0.5082925466066401
NO,neither,0.036918905254960256,0.37338982715841207,0.5896912675866277
Ohnoohnoohnoohno,neither,0.03945320844208391,0.33037608806864915,0.630170703489267
gandsRage gandsRage gandsRage gandsRage,neither,0.03945320844208391,0.33037608806864915,0.630170703489267
jester and nott are gonna die :(,neither,0.3474098234473213,0.06798364671114752,0.5846065298415312
dimension door,neither,0.03945320844208391,0.33037608806864915,0.630170703489267
I mean they shouldn’t have left without jester going first,neither,0.032755440979807336,0.35937011272581393,0.6078744462943787
gandsNopeNopeNope gandsNopeNopeNope gandsNopeNopeNope gandsNopeNopeNope gandsNopeNopeNope gandsNopeNopeNope,neither,0.03945320844208391,0.33037608806864915,0.630170703489267
"Yeah, peeps should have stayed together, unless they were too hurt to fight and only then left",neither,0.037788545808312035,0.377570818819111,0.584640635372577
elemental has been beating the shit out of it,offensive_language,0.04066571551794894,0.9553719424135769,0.0039623420684742495
why the fuck did cad leave,offensive_language,0.12654216146193598,0.8728215780115647,0.0006362605264993772
@wtflock1 if it's relative its an opinion! Sorry my opinion is not like yours. We are different. Are you ok with difference? @Jakai_1 Sure my opinions are often unique. Thank you for the compliment!,neither,0.04974254591726801,0.44068812213806147,0.5095693319446705
Jester is going to get hit and no one there to heal her...,neither,0.043169082108890394,0.4590529997157958,0.49777791817531386
oh no,neither,0.04751210705993949,0.26629718932274826,0.6861907036173122
It’s beaus fault for leaving early and clay,neither,0.03484179432287612,0.26684666340246277,0.6983115422746611
If both tieflings die im gonna be upset,neither,0.1070653475034169,0.27334092596650184,0.6195937265300814
RUN TO THE ORB is it just late and they aren't thinking clearly,neither,0.04329923841871634,0.30660863139847055,0.6500921301828132
Tieflings are cursed! Beware of the curse!,neither,0.055846899268049414,0.28762072883213263,0.6565323718998181
nope,neither,0.03945320844208391,0.33037608806864915,0.630170703489267
PLEASE DONT HIT,neither,0.03945320844208391,0.33037608806864915,0.630170703489267
at this point the elemental has done the most dp to it I'd think it would try to go for it,neither,0.03962123367722863,0.3067852211822857,0.6535935451404856
fire elemental has done the most damage...,neither,0.038483762808927305,0.3222884945870245,0.6392277426040481
omg.......,neither,0.03945320844208391,0.33037608806864915,0.630170703489267
Come on M9 get out of there,neither,0.02960648024501781,0.35661822640361457,0.6137752933513676
you either commit to run or commit to fight,neither,0.05698838287235848,0.35009745574632745,0.5929141613813141
why did they run T-T,neither,0.027089033190998493,0.34820572587660903,0.6247052409323923
the Duece will bring her back dont worry,neither,0.031819624304158835,0.4836449830577455,0.48453539263809564
Jesus people need to chill,neither,0.08105386638681364,0.32022061999422624,0.5987255136189602
She has 6 hp.....,neither,0.04139629265436541,0.4115190362056309,0.5470846711400036
soooooo hard to watch this,offensive_language,0.04106268103242148,0.5240198472364276,0.434917471731151
wht is happening?????,neither,0.04638975465049957,0.32799029174806915,0.6256199536014313
"That is so cool that two characters have Blink, but its so random. Ah well, such is the RNG of the game",neither,0.037226364980923216,0.373323625899709,0.5894500091193677
is he still doing bane?,neither,0.05810282695758667,0.3426619087343069,0.5992352643081065
Wow how long has this session been going for?,neither,0.03411734047371,0.3274663980618507,0.6384162614644393
