text,top_class,hate_speech,offensive_language,neither
i am ready lets go team!,neither,0.03960853617003432,0.34594417300865316,0.6144472908213126
"Bidet from Johannesburg, South Africa. Any SA Critters in chat?",neither,0.04013705215870057,0.31876947550777884,0.6410934723335205
nagPog,neither,0.03945320844208391,0.33037608806864915,0.630170703489267
vid's live,neither,0.04432795846917474,0.32869943799973295,0.6269726035310923
@Firestar43 mvp!,neither,0.03945320844208391,0.33037608806864915,0.630170703489267
!piratename,neither,0.03945320844208391,0.33037608806864915,0.630170703489267
"Ahoy there, @MoriaGlori! Yarr name be, Captain Silver Slaughter! Huzzah!",neither,0.03965842098852106,0.30636398130576076,0.6539775977057181
this is my frist time watching the live stream!!!!,neither,0.03736034883900894,0.3959073529144679,0.5667322982465232
RECAP is on PogChamp,neither,0.04526225336773607,0.34281858054392966,0.6119191660883343
recap!!!!!!,neither,0.03945320844208391,0.33037608806864915,0.630170703489267
Bidet,neither,0.03945320844208391,0.33037608806864915,0.630170703489267
yay,neither,0.03945320844208391,0.33037608806864915,0.630170703489267
Bidet from Las Vegas and MERRY CRITMAS TO ALL!,neither,0.045628694931766196,0.33264798298980525,0.6217233220784287
woooow dani!,neither,0.03945320844208391,0.33037608806864915,0.630170703489267
We're on!,neither,0.06734333114039553,0.3079375621219045,0.6247191067377
Wow @Firestar43,neither,0.03945320844208391,0.33037608806864915,0.630170703489267
Pre-Show time!,neither,0.05491363326043028,0.26934167367568246,0.6757446930638873
bidet from Australia~,neither,0.04062582848913359,0.31047366557575606,0.6489005059351104
first time being able to watch live in a long time <3,neither,0.04001057498481147,0.3682087253024252,0.5917806997127634
dani,neither,0.03945320844208391,0.33037608806864915,0.630170703489267
Yay! Recap is on!!! :D,neither,0.04384069772931456,0.33997505942916567,0.6161842428415198
RECAP,neither,0.03945320844208391,0.33037608806864915,0.630170703489267
licking forwars ti this,neither,0.03936894831632896,0.3318062023041157,0.6288248493795553
came in right when that sub,neither,0.027184963019177295,0.425482625095929,0.5473324118848936
"Bidet from Atlanta, GA",neither,0.04042918616695488,0.31381119897869514,0.6457596148543501
YEESSSS,neither,0.03945320844208391,0.33037608806864915,0.630170703489267
yas dani queen,neither,0.03945320844208391,0.33037608806864915,0.630170703489267
hi everyone,neither,0.032490659208996964,0.4485487193596734,0.5189606214313296
yeye!,neither,0.03945320844208391,0.33037608806864915,0.630170703489267
!piratename,neither,0.03945320844208391,0.33037608806864915,0.630170703489267
ayyy,neither,0.03945320844208391,0.33037608806864915,0.630170703489267
Woo!,neither,0.03945320844208391,0.33037608806864915,0.630170703489267
"Ahoy there, @Luthcoth! Yarr name be, Quartermaster Goth Slaughter! Huzzah!",neither,0.03967507103355314,0.30444583217001553,0.6558790967964313
bidet,neither,0.03945320844208391,0.33037608806864915,0.630170703489267
yeet,neither,0.03945320844208391,0.33037608806864915,0.630170703489267
DANI <3,neither,0.03945320844208391,0.33037608806864915,0.630170703489267
bidet from finland,neither,0.04228451509352876,0.2823214250720796,0.6753940598343917
W00t!,neither,0.03945320844208391,0.33037608806864915,0.630170703489267
bidet from Texas!,neither,0.040937266849991,0.30518774380265185,0.6538749893473571
@nighty_knight welcome back~,neither,0.03945320844208391,0.33037608806864915,0.630170703489267
Bidet from AZ!,neither,0.04078317879478948,0.307803020237201,0.6514138009680096
"this is gonna be a long recap, guys",neither,0.045118198143681516,0.3710335224616285,0.58384827939469
FINALLY MADE IT TO A LIVE STREAM,neither,0.04755795897797702,0.32627554081981136,0.6261665002022117
Queen!,neither,0.03945320844208391,0.33037608806864915,0.630170703489267
"@jr_bob_loblaw The old winter solstice, which we also call jul, is indeed today, but christmas, which we also call Jul, is the 24th.",neither,0.042948645477534464,0.3126400426512428,0.6444113118712226
Dani is a miracle,neither,0.04672191812798832,0.3278760454966043,0.6254020363754073
bidet from Vermahnt,neither,0.04228451509352876,0.2823214250720796,0.6753940598343917
Bidet from georgia!! gandsRaid,neither,0.04066490145509902,0.30981049537100724,0.6495246031738937
bidet from sweden!,neither,0.04228451509352876,0.2823214250720796,0.6753940598343917
Bidet from Texas!,neither,0.040937266849991,0.30518774380265185,0.6538749893473571
IT's DANI,neither,0.037770165237438216,0.33095496380368705,0.6312748709588748
Bidet!,neither,0.03945320844208391,0.33037608806864915,0.630170703489267
greetings and salutations @red_azure,neither,0.03763944115734239,0.1918412352459551,0.7705193235967025
Bidet from Nova Scotia,neither,0.04228451509352876,0.2823214250720796,0.6753940598343917
why recap?,neither,0.027176929150158475,0.34805981031317,0.6247632605366715
,neither,0.03945320844208391,0.33037608806864915,0.630170703489267
So ready!,neither,0.03940999150142386,0.4037259204934871,0.556864088005089
Bidet from Alabama!,neither,0.04078317879478948,0.307803020237201,0.6514138009680096
@kexsis121 good for u!,neither,0.027848183690165142,0.2779192444676379,0.694232571842197
best guest,neither,0.03849321189567543,0.3223372005843162,0.6391695875200085
you ev3r think about dice like its a girl youve had a crush on for years,neither,0.039548328914356584,0.3992067140919764,0.5612449569936669
Twiggy!!!,neither,0.03945320844208391,0.33037608806864915,0.630170703489267
I love her so much,offensive_language,0.022447153254473527,0.6891869603257801,0.28836588641974636
Bidet from norcal yall! Can't wait for them to try to explain the Ball Eater!,neither,0.05154889380706124,0.29556336382583664,0.6528877423671021
I LOVED Deborah's character!,neither,0.03945320844208391,0.33037608806864915,0.630170703489267
@Cirex145 Respect 3 yrs jesus!,neither,0.03945320844208391,0.33037608806864915,0.630170703489267
best guest ever,neither,0.038582477650433815,0.3230847005220935,0.6383328218274728
"@Count_Philip_von_Kruse ah, I see! Thank you for clarifying!",neither,0.04548680046760646,0.3433507545262815,0.6111624450061122
hi everybody,neither,0.03945320844208391,0.33037608806864915,0.630170703489267
"Next time, more Trixie",neither,0.039350381545710404,0.36000449997195555,0.600645118482334
Bidet form Minnesota!,neither,0.03945320844208391,0.33037608806864915,0.630170703489267
I loved seeing Deborah play.,neither,0.03945320844208391,0.33037608806864915,0.630170703489267
Easily my favorite guest.,neither,0.030213271065973425,0.4007442589405285,0.5690424699934981
hello,neither,0.03945320844208391,0.33037608806864915,0.630170703489267
reeeeeeeeeeee,neither,0.03945320844208391,0.33037608806864915,0.630170703489267
bidet,neither,0.03945320844208391,0.33037608806864915,0.630170703489267
So is Twiggy gonna be back this week?,neither,0.04710179896274202,0.4294576073291307,0.5234405937081273
<3,neither,0.03945320844208391,0.33037608806864915,0.630170703489267
Beep beep from Colorado!,neither,0.04066490145509902,0.30981049537100724,0.6495246031738937
bidet everyone!,offensive_language,0.02988896790634741,0.4927062106388782,0.4774048214547744
he,neither,0.057568607992634975,0.3241453714706532,0.6182860205367118
Woo,neither,0.03945320844208391,0.33037608806864915,0.630170703489267
@jr_bob_loblaw We also open presents on the 24th as the 24th is the day christ was born after all. Why open them the day after?,neither,0.03994730789604585,0.3416890510845979,0.6183636410193563
I just love Deborah in general,neither,0.031423453900333624,0.36965127919770036,0.5989252669019661
bidet,neither,0.03945320844208391,0.33037608806864915,0.630170703489267
hello all!,neither,0.04217753453783664,0.43734383323855475,0.5204786322236087
bidet,neither,0.03945320844208391,0.33037608806864915,0.630170703489267
Bidet from UK!,neither,0.04079557052152802,0.30759270029461827,0.6516117291838538
@tassadar40k a mood,neither,0.03945320844208391,0.33037608806864915,0.630170703489267
bidet from ohio,neither,0.040754399270683486,0.3082914838698526,0.650954116859464
@Sercappius nooo she left at the end of the episode last week :(,neither,0.038508555609344096,0.3745895020838363,0.5869019423068197
bidet from colonial williamsburg!,neither,0.04062582848913359,0.31047366557575606,0.6489005059351104
Bidet from Michigan,neither,0.040769555981420263,0.3080342349327864,0.6511962090857933
"Bidet from KC, Missouri",neither,0.040371808140217125,0.31478505383715205,0.6448431380226308
least favourite guest because not shakaste,neither,0.03850316316787823,0.333932394896727,0.6275644419353947
bidet from FL,neither,0.04066490145509902,0.30981049537100724,0.6495246031738937
Bidet,neither,0.03945320844208391,0.33037608806864915,0.630170703489267
bidet critters <3,neither,0.03945320844208391,0.33037608806864915,0.630170703489267
bidet from North Carolina!,neither,0.04040057148408362,0.31429686482539193,0.6453025636905245
bidet,neither,0.03945320844208391,0.33037608806864915,0.630170703489267
"Also, puzzle box = dungeon of the mad mage? :D",neither,0.03857898864634454,0.31439493865463636,0.647026072699019
bidet from utah!,neither,0.04066490145509902,0.30981049537100724,0.6495246031738937
BIDET!,neither,0.03945320844208391,0.33037608806864915,0.630170703489267
bidet ^^,neither,0.03945320844208391,0.33037608806864915,0.630170703489267
"Ms. Woll did a great job last week, big Daredevil fan as well....in which she is excellent",neither,0.033374624681811925,0.3973555670638203,0.5692698082543678
"Bidet, everyone!",offensive_language,0.02988896790634741,0.4927062106388782,0.4774048214547744
sup nerds,neither,0.03945320844208391,0.33037608806864915,0.630170703489267
bidet from KY,neither,0.04062582848913359,0.31047366557575606,0.6489005059351104
I think twiggy was a one time deal,neither,0.03779824106909028,0.37572871836677135,0.5864730405641384
Bidet from BC,neither,0.041095261662497835,0.30250615950080734,0.6563985788366947
@jraschen NicE! xD,neither,0.03945320844208391,0.33037608806864915,0.630170703489267
Bidet from Portland OR,neither,0.040570124267008914,0.3114191116016469,0.6480107641313441
Bidet from Colorado,neither,0.04066490145509902,0.30981049537100724,0.6495246031738937
"Bidet to all, from Norway",neither,0.06243841983008616,0.4378595677035738,0.4997020124663401
Deborah is än excellent DM and olater.,neither,0.04633994383937204,0.29081316083361475,0.6628468953270132
bidet from colorado,neither,0.04066490145509902,0.30981049537100724,0.6495246031738937
Bidet from the rainy big apple,neither,0.023328877317441456,0.3613364497967864,0.6153346728857721
Ball Eater ftw,neither,0.03945320844208391,0.33037608806864915,0.630170703489267
my mom found found my poo cube,neither,0.027263175143812296,0.42635827245953045,0.5463785523966574
"@lucigen Dang, I must have fallen asleep right before that",neither,0.033857529382246405,0.4111926654830988,0.5549498051346549
"Beep beep and Bidet from Spring, Tx!!! gandsLessthanthree gandsLessthanthree critroleBts",neither,0.03962759915129754,0.27743169150435204,0.6829407093443505
asjdas i forgot about the ball eater,neither,0.03745900751730533,0.3390997464239706,0.6234412460587241
@CosmoRen NEEEEEEEEEEEEEEEEEEEEERS,neither,0.03945320844208391,0.33037608806864915,0.630170703489267
"oh yeah, BIDET lovelies",neither,0.022533380315967178,0.4254575626619046,0.5520090570221282
Bidet from Hillsboro OR,neither,0.04147775179570021,0.2960143037206597,0.66250794448364
ball eater lmao,neither,0.038492439272603686,0.34668284828245555,0.6148247124449409
"Bidet from northern Manitoba, Canada!",neither,0.040354386843928725,0.3150807387011266,0.6445648744549448
Bidet from Ontario Canada my friends,neither,0.03155446455222084,0.3821520334149957,0.5862935020327834
"Evening chat, bidet from Fort Smith, Arkansas. :D",neither,0.04016438856970791,0.31830550527063667,0.6415301061596554
Thanks Firestar.,neither,0.035884468650613,0.3004919205142699,0.6636236108351171
This chat is insane lol,neither,0.03874627743377335,0.3780925320029451,0.5831611905632814
bidet from Alabama!,neither,0.04078317879478948,0.307803020237201,0.6514138009680096
Bidet from North Carolina,neither,0.04040057148408362,0.31429686482539193,0.6453025636905245
Bidet From Finland,neither,0.04228451509352876,0.2823214250720796,0.6753940598343917
woot first time watching live,neither,0.036133946722867745,0.3465448113834555,0.6173212418936768
Bidet from France,neither,0.04071751644889743,0.3089174816120565,0.6503650019390461
Bidet from Denver Colorado,neither,0.04036266062233628,0.31494031108870923,0.6446970282889545
Bidet from Colorado!,neither,0.04066490145509902,0.30981049537100724,0.6495246031738937
Bidet from MI,neither,0.04081748366884477,0.3072207769958956,0.6519617393352596
I'm so excited! this is my first live stream!,neither,0.03367412766469727,0.4272036140054257,0.539122258329877
bidet from florida,neither,0.0408948396164547,0.30590784468201904,0.6531973157015263
red robes in cr?,neither,0.03928191280111372,0.3289416804247178,0.6317764067741687
Bidet from Norway!,neither,0.04228451509352876,0.2823214250720796,0.6753940598343917
bidet from new Orleans!,neither,0.04450700662299174,0.21166473641774403,0.7438282569592642
Bidet from Oakland California,neither,0.059040238508175656,0.3075869467554449,0.6333728147363795
Love this show!,neither,0.05833385288354363,0.23792695023094135,0.703739196885515
Bidet from WA state,neither,0.07366744167014133,0.21331243619211163,0.713020122137747
Bidet from Toronto!,neither,0.04066490145509902,0.30981049537100724,0.6495246031738937
Bidet!,neither,0.03945320844208391,0.33037608806864915,0.630170703489267
Deborah is an excellent DM and player.,neither,0.04051521885669958,0.3677287490908924,0.591756032052408
!piratename,neither,0.03945320844208391,0.33037608806864915,0.630170703489267
:D,neither,0.03945320844208391,0.33037608806864915,0.630170703489267
"Ahoy there, @hiraethesoteric! Yarr name be, Sailing Master One Eyed Legs! Huzzah!",neither,0.03913834489518616,0.3252737488226253,0.6355879062821885
Bidetfrom New Yourk!,neither,0.04660400397451208,0.1401930676750457,0.8132029283504423
bidet from new hampshire,neither,0.04402155579737495,0.2236345274837781,0.7323439167188469
@Sercappius haha i know how you feel :D cheers bud!,neither,0.04750670226850601,0.4200567030318418,0.5324365946996522
is it a one shot today?,neither,0.04388922241312547,0.33718664353029904,0.6189241340565755
Bidet from West Virginia,neither,0.040483118966379954,0.3128958186190612,0.646621062414559
*waves from across great lakes* Bidet Canada!,neither,0.03878535812325186,0.3001937447819889,0.6610208970947593
@sharris_nick Welcome to critical role,neither,0.045041538796923415,0.3270939302282134,0.6278645309748633
Bidet from Michigan,neither,0.040769555981420263,0.3080342349327864,0.6511962090857933
Bidet from Iraq!,neither,0.04081748366884477,0.3072207769958956,0.6519617393352596
Bidet from OHIO,neither,0.040754399270683486,0.3082914838698526,0.650954116859464
Beep Beep fellow Critters!,neither,0.03945320844208391,0.33037608806864915,0.630170703489267
!piratename,neither,0.03945320844208391,0.33037608806864915,0.630170703489267
Hey,neither,0.03945320844208391,0.33037608806864915,0.630170703489267
@theartoflenaboo Woo!,neither,0.03945320844208391,0.33037608806864915,0.630170703489267
bidet from Seattle!,neither,0.040754399270683486,0.3082914838698526,0.650954116859464
"Ahoy there, @Sercappius! Yarr name be, Captain Olde Rock! Huzzah!",neither,0.03966229913288019,0.30591685082085995,0.6544208500462599
bidet from chicago,neither,0.04078317879478948,0.307803020237201,0.6514138009680096
"bidet from Thunder Bay, Ontario, Canada!",neither,0.04012397663494333,0.31899140127033704,0.6408846220947197
new ywwk,neither,0.04660400397451208,0.1401930676750457,0.8132029283504423
Bidet from Wisconsin,neither,0.04071751644889743,0.3089174816120565,0.6503650019390461
Bidet from SC,neither,0.040737273169946825,0.30858215849491494,0.6506805683351382
have they started yet?,neither,0.03886706509480692,0.34032447038417935,0.6208084645210137
HSWP Bidet from NJ gandsHug gandsPartyShield,neither,0.04069404815304118,0.30931579984010865,0.6499901520068502
Bidet from Michigan!,neither,0.040769555981420263,0.3080342349327864,0.6511962090857933
@theartoflenaboo Welcome to critical role,neither,0.045041538796923415,0.3270939302282134,0.6278645309748633
!piratename,neither,0.03945320844208391,0.33037608806864915,0.630170703489267
gandsHype gandsHype gandsHype,neither,0.03945320844208391,0.33037608806864915,0.630170703489267
"Ahoy there, @DakotaTheWhale! Yarr name be, Quartermaster Red Bonez! Huzzah!",neither,0.03960471395689259,0.2958579607928043,0.6645373252503032
bidet from Colorado!,neither,0.04066490145509902,0.30981049537100724,0.6495246031738937
"Wow, this chat is FLYING!!!",neither,0.04636458464739238,0.32933016349993666,0.6243052518526708
Bidet from Arkansas,neither,0.04066490145509902,0.30981049537100724,0.6495246031738937
Bidet from New Zealand,neither,0.046710622032705686,0.1542697019613409,0.7990196760059534
Bidet from NY,neither,0.04084513770590474,0.30675141581570226,0.6524034464783931
bidet from north carolina,neither,0.04040057148408362,0.31429686482539193,0.6453025636905245
hello!,neither,0.03945320844208391,0.33037608806864915,0.630170703489267
Bidet from Cincinnati!,neither,0.04228451509352876,0.2823214250720796,0.6753940598343917
Bidet from Brazil!!!!,neither,0.04079557052152802,0.30759270029461827,0.6516117291838538
bidet from Provo Utah!,neither,0.04066490145509902,0.30981049537100724,0.6495246031738937
"Bidet from Austin, Tx",neither,0.0404991143919742,0.31262433450199256,0.6468765511060333
DAB,neither,0.03945320844208391,0.33037608806864915,0.630170703489267
Bidet from Michigan!,neither,0.040769555981420263,0.3080342349327864,0.6511962090857933
!piratename,neither,0.03945320844208391,0.33037608806864915,0.630170703489267
Bidet from Pennsylvania,neither,0.04069404815304118,0.30931579984010865,0.6499901520068502
"@jr_bob_loblaw The christmas tree is originally part of an old Norse pagan ritual for the winter solstice, symbolizing the continuation of life, as the days will once more become longer. Why evergreen? Because it doesn't wither, thus fitting the symbolism of continuing life.",neither,0.03298581620729014,0.3366702107469087,0.630343973045801
Ya boi is sleepy but it,offensive_language,0.029410994285307704,0.539390233460658,0.4311987722540343
Bidet from Illinois!,neither,0.04069404815304118,0.30931579984010865,0.6499901520068502
"Ahoy there, @Bradbaccastreams! Yarr name be, Sailing Master Sea of the Sea! Huzzah!",neither,0.03917945493873749,0.3025154957777695,0.658305049283493
Bidet!,neither,0.03945320844208391,0.33037608806864915,0.630170703489267
PogChamp PogChamp,neither,0.03945320844208391,0.33037608806864915,0.630170703489267
"bidet, everyone, from Missouri! first time watching live gandsHype",neither,0.033021674545914176,0.4059264809234595,0.5610518445306264
"Bidet from NE, CO, and MO",neither,0.03962493948218103,0.2781134959615767,0.6822615645562423
Bidet~,neither,0.03945320844208391,0.33037608806864915,0.630170703489267
Bidet from Maryland!,neither,0.04066490145509902,0.30981049537100724,0.6495246031738937
bidet from utah,neither,0.04066490145509902,0.30981049537100724,0.6495246031738937
"@InfinityFox9 One shot is tomorrow, main series ep tonight",neither,0.041982721392774654,0.3332268557997011,0.6247904228075242
Bidet!,neither,0.03945320844208391,0.33037608806864915,0.630170703489267
!piratename,neither,0.03945320844208391,0.33037608806864915,0.630170703489267
SabaPing stream stopped?,neither,0.03945320844208391,0.33037608806864915,0.630170703489267
"Ahoy there, @Luthcoth! Yarr name be, Sailing Master ~*{RaWr}*~ Dog! Huzzah!",neither,0.03966364600627402,0.3057616136840024,0.6545747403097236
Bidet from canada!,neither,0.04071751644889743,0.3089174816120565,0.6503650019390461
"@dotorokun Recap is on, but not the main game.",neither,0.038311227723421125,0.30521434248744655,0.6564744297891323
Bidet from Indiana,neither,0.0408364874901429,0.30689823255244486,0.6522652799574122
bidet from illinois!,neither,0.04069404815304118,0.30931579984010865,0.6499901520068502
Bidet from Missouri! gandsGandsPoo,neither,0.04071751644889743,0.3089174816120565,0.6503650019390461
Bidet from the great state of Kansas,neither,0.06323746259867555,0.20269137834762316,0.7340711590537012
g'bidet from australia,neither,0.04062582848913359,0.31047366557575606,0.6489005059351104
bidet from Odessa TX,neither,0.04081748366884477,0.3072207769958956,0.6519617393352596
BIDET from MN,neither,0.040737273169946825,0.30858215849491494,0.6506805683351382
Bidet from UTAH! :D,neither,0.04066490145509902,0.30981049537100724,0.6495246031738937
is it a one shot today?,neither,0.04388922241312547,0.33718664353029904,0.6189241340565755
gandsLessthanthree,neither,0.03945320844208391,0.33037608806864915,0.630170703489267
!piratename,neither,0.03945320844208391,0.33037608806864915,0.630170703489267
"Ahoy there, @LuCiGEN! Yarr name be, Captain Rusty Kraken! Huzzah!",neither,0.039681265884508,0.3037331589756091,0.6565855751398829
Bidet also from Michigan (tip of the mitt)!,neither,0.039540731460147055,0.3067679026056201,0.6536913659342327
Bidet from New Zealand!,neither,0.046710622032705686,0.1542697019613409,0.7990196760059534
@sammifed16 Bidet also NC!,neither,0.03945320844208391,0.33037608806864915,0.630170703489267
Bidet from Fort Worth Texas!,neither,0.04059632814105265,0.31097436347246293,0.6484293083864843
Bidet from London!,neither,0.04069404815304118,0.30931579984010865,0.6499901520068502
Bidet from Alberta,neither,0.04062582848913359,0.31047366557575606,0.6489005059351104
Beep beep from VA,neither,0.04066490145509902,0.30981049537100724,0.6495246031738937
Bidet from Finland,neither,0.04228451509352876,0.2823214250720796,0.6753940598343917
!piratename,neither,0.03945320844208391,0.33037608806864915,0.630170703489267
is it streaming yet for everyone else,neither,0.03502449443299268,0.38240941504993287,0.5825660905170744
"Ahoy there, @rippletide! Yarr name be, Quartermaster Sea Legs! Huzzah!",neither,0.039689591835671896,0.30277615306782846,0.6575342550964997
Bidet my fellow michigan critters,neither,0.02904345107110193,0.41070093430058213,0.560255614628316
Bidet from Oklahoma,neither,0.04066490145509902,0.30981049537100724,0.6495246031738937
!piratename,neither,0.03945320844208391,0.33037608806864915,0.630170703489267
critrolePumatt,neither,0.03945320844208391,0.33037608806864915,0.630170703489267
bidet from CO!,neither,0.04181741232017598,0.2902493781769742,0.6679332095028498
Bidet from spanish fork UT,neither,0.043055242929128844,0.26924016226257885,0.6877045948082923
Michael from idaho first time in chat,neither,0.0344589848812021,0.3332057716057905,0.6323352435130074
Welcome @tryherb !,neither,0.03945320844208391,0.33037608806864915,0.630170703489267
"Bidet from Berlin,Germany",neither,0.04036266062233628,0.31494031108870923,0.6446970282889545
when’s that taz critical roll crossover coming,neither,0.03037997082495743,0.39159430072635276,0.5780257284486898
beep beep from Dayton ohio,neither,0.04036750444974338,0.31485809869622855,0.644774396854028
reminds me a little of the mage stronghold from Baldurs gate 2 :D Caleb got himself a home away from home!Q,neither,0.036373836566305336,0.3366484387287422,0.6269777247049525
Refresh your browser if necessary,neither,0.0429794806211778,0.37201446529524246,0.5850060540835798
Bidet from Alabama,neither,0.04078317879478948,0.307803020237201,0.6514138009680096
Bidet friends from Palm Beach FL,neither,0.0401782128976412,0.31807087034698767,0.6417509167553711
!piratename,neither,0.03945320844208391,0.33037608806864915,0.630170703489267
Bidet from Ontario!!!,neither,0.04062582848913359,0.31047366557575606,0.6489005059351104
@TheVeiZ Fellow norweigan! o/,neither,0.03945320844208391,0.33037608806864915,0.630170703489267
"Ahoy there, @RasherBangerF! Yarr name be, Boatswain One Eyed Shark! Huzzah!",neither,0.03911911020932483,0.3249600172192115,0.6359208725714636
Bidet from Kentucky,neither,0.04071751644889743,0.3089174816120565,0.6503650019390461
bidet from illinois!,neither,0.04069404815304118,0.30931579984010865,0.6499901520068502
"@stanleymi Yes, fine here.",neither,0.09975478469628969,0.28428328479777126,0.615961930505939
Bidet from Canada!,neither,0.04071751644889743,0.3089174816120565,0.6503650019390461
hi,neither,0.03945320844208391,0.33037608806864915,0.630170703489267
Bidet from New Mexico!!!,neither,0.04441189881032757,0.21402420332822164,0.7415638978614508
Good morning :D almost 4am here in Sweden,neither,0.10304445437578298,0.16222907986743723,0.7347264657567798
Bidet from Arkadelphia Arkansas,neither,0.04066490145509902,0.30981049537100724,0.6495246031738937
"@stanleymi Yup, it's on!",neither,0.03428887935148759,0.3480037694322798,0.6177073512162327
bidet from pensacola fl!!,neither,0.04066490145509902,0.30981049537100724,0.6495246031738937
bidet from sydney,neither,0.04062582848913359,0.31047366557575606,0.6489005059351104
"Bidet from England, critters!",neither,0.04071751644889743,0.3089174816120565,0.6503650019390461
HolidaySanta HolidaySanta HolidaySanta HolidaySanta critroleDani critroleDani critroleDani HolidayTree HolidayTree HolidayPresent HolidayPresent HolidayLog,neither,0.03945320844208391,0.33037608806864915,0.630170703489267
Michigan critters I love you <3,neither,0.0560835327857883,0.408117653444592,0.5357988137696198
Bidet from Washington D.C.,neither,0.04080695066346891,0.3073995495860776,0.6517934997504536
bidet!,neither,0.03945320844208391,0.33037608806864915,0.630170703489267
bidet from Rancho Cordova!,neither,0.04062582848913359,0.31047366557575606,0.6489005059351104
gandsJohnson gandsDick gandsJohnson gandsDick,neither,0.03945320844208391,0.33037608806864915,0.630170703489267
bidet from New York!,neither,0.044690599332616286,0.20708884905532376,0.7482205516120599
mmm sucked into darkness FeelsAmazingMan,neither,0.03945320844208391,0.33037608806864915,0.630170703489267
"Bidet from Crest Hill, IL",neither,0.04019526399468126,0.3177814687304005,0.6420232672749182
Bidet from Dayton,neither,0.04062582848913359,0.31047366557575606,0.6489005059351104
:/,neither,0.03945320844208391,0.33037608806864915,0.630170703489267
bidet from london!!,neither,0.04069404815304118,0.30931579984010865,0.6499901520068502
"The BOOKS I forgot, cant wait to delve into those",neither,0.06318162809951684,0.26321930283857775,0.6735990690619056
bidet from Los Angeles,neither,0.04078317879478948,0.307803020237201,0.6514138009680096
"bidet from destin, fl!",neither,0.04066490145509902,0.30981049537100724,0.6495246031738937
Bidet from Canada!,neither,0.04071751644889743,0.3089174816120565,0.6503650019390461
Bidet from the Kingdom of Denmark critters :),neither,0.03959124664375639,0.2944180068432123,0.6659907465130314
platyLILB bidet critters,neither,0.03945320844208391,0.33037608806864915,0.630170703489267
Bidet from Pittsburgh!,neither,0.04066490145509902,0.30981049537100724,0.6495246031738937
I clicked open my web page. I heard about a Critical Role.,neither,0.03192773413463374,0.3951785248265092,0.5728937410388572
Bidet from Michigan!,neither,0.040769555981420263,0.3080342349327864,0.6511962090857933
Bidet from MTL!,neither,0.04228451509352876,0.2823214250720796,0.6753940598343917
bidet from fort collins CO,neither,0.04181741232017598,0.2902493781769742,0.6679332095028498
bidet from Connecticut!,neither,0.04062582848913359,0.31047366557575606,0.6489005059351104
gandsWisdom gandsWisdom gandsWisdom,neither,0.03945320844208391,0.33037608806864915,0.630170703489267
Bidet from FL!,neither,0.04066490145509902,0.30981049537100724,0.6495246031738937
Bidet from Anchorage!,neither,0.04228451509352876,0.2823214250720796,0.6753940598343917
bidet from arizona,neither,0.04078317879478948,0.307803020237201,0.6514138009680096
bidet from Canada!,neither,0.04071751644889743,0.3089174816120565,0.6503650019390461
bidet from nz,neither,0.04228451509352876,0.2823214250720796,0.6753940598343917
bidet from Fenix lol,neither,0.027339793863606274,0.40458042622802814,0.5680797799083656
Bidet from New Zealand,neither,0.046710622032705686,0.1542697019613409,0.7990196760059534
!piratename,neither,0.03945320844208391,0.33037608806864915,0.630170703489267
Bidet from AZ,neither,0.04078317879478948,0.307803020237201,0.6514138009680096
"Ahoy there, @Luthcoth! Yarr name be, Quartermaster Pyramid O'Brien! Huzzah!",neither,0.03970498427622888,0.3010093799990337,0.6592856357247375
Bidet from... also Pittsburgh?,neither,0.04048244718769107,0.3129072204566142,0.6466103323556948
so much Michigan! <3,neither,0.035145477450994604,0.38242542571605237,0.582429096832953
"Bidet from northern Manitoba, Canada! <3",neither,0.040354386843928725,0.3150807387011266,0.6445648744549448
"Bidet from Auburn, Washington :)",neither,0.04038525337528278,0.3145568531088204,0.6450578935158968
Bidet from Massachusetts,neither,0.04069404815304118,0.30931579984010865,0.6499901520068502
anybody watching on Xbox one it won't let me watch since the update,neither,0.026555086625713327,0.3856672461181357,0.587777667256151
bidet from michigan!,neither,0.040769555981420263,0.3080342349327864,0.6511962090857933
Bidet from the land of winds,neither,0.03956180601114591,0.30151926633389003,0.6589189276549642
Can someone explain bidet to me,neither,0.03824562902204803,0.36224686840935877,0.5995075025685932
Bidet!!,neither,0.03945320844208391,0.33037608806864915,0.630170703489267
Bidet from Minnesota! gandsTwenty gandsTwenty gandsTwenty gandsLessthanthree gandsLessthanthree gandsLessthanthree,neither,0.04071751644889743,0.3089174816120565,0.6503650019390461
@norse_mistess thanks! next step is to convert all my nerdy ass student friends >:D,offensive_language,0.08798815491843837,0.8481583040917412,0.0638535409898205
bidet from ATX,neither,0.04228451509352876,0.2823214250720796,0.6753940598343917
Bidet from Texas. and merry Festival,neither,0.03959123447476732,0.287007796836517,0.6734009686887157
Beau with the opposite of a play of the game last session,neither,0.03112453060703056,0.30795344496425975,0.6609220244287097
critroleDani SantaHat,neither,0.03945320844208391,0.33037608806864915,0.630170703489267
bidet from california,neither,0.06971251856910227,0.2972619859879888,0.633025495442909
wait what gem does bo have? when did she get it? i must have missed that lmao,neither,0.027536563304832222,0.48576755420421125,0.48669588249095663
So excited!!,neither,0.03940839469474773,0.3948270312238364,0.565764574081416
!bidet,neither,0.03945320844208391,0.33037608806864915,0.630170703489267
"""Bidet"" is a greeting Grog created after mistakenly misunderstanding ""Good Day"" which occurred in C1E60. Critters and those alike now use it as a means to greet each other. You can see the entire scene on YouTube: https://youtu.be/Ok4ZW9cNupc?t=25m6s",neither,0.03963357897765565,0.34561907849140716,0.6147473425309372
Bidget from Reno!,neither,0.04062582848913359,0.31047366557575606,0.6489005059351104
"Bidet from the frozen north , no not that far north , Illinois north.",neither,0.037161023381436814,0.34070969546471064,0.6221292811538526
!piratename,neither,0.03945320844208391,0.33037608806864915,0.630170703489267
bidet from tulsa,neither,0.04228451509352876,0.2823214250720796,0.6753940598343917
I'm READY,neither,0.03945320844208391,0.33037608806864915,0.630170703489267
"Ahoy there, @LarryTheWord! Yarr name be, Quartermaster Sea Shark! Huzzah!",neither,0.039679234913503655,0.3039667488243522,0.6563540162621442
Bidet from Middlesbrough,neither,0.04228451509352876,0.2823214250720796,0.6753940598343917
Bidet from North Carolina!,neither,0.04040057148408362,0.31429686482539193,0.6453025636905245
"@Zifadel It's a joke from the first campaign. Grog thought ""bidet"" was a fancy way of saying hello when he misheard someone say ""good day""",neither,0.0305814035266874,0.2842863203982953,0.6851322760750171
bidet from wisconsin,neither,0.04071751644889743,0.3089174816120565,0.6503650019390461
"@Zifadel Same, I don't get what Bidet refers to here either",neither,0.09095942767608076,0.30547255303788085,0.6035680192860384
!piratename,neither,0.03945320844208391,0.33037608806864915,0.630170703489267
bidet from Oklahoma,neither,0.04066490145509902,0.30981049537100724,0.6495246031738937
"Bidet from Austin, TX",neither,0.0404991143919742,0.31262433450199256,0.6468765511060333
"Ahoy there, @widomauker! Yarr name be, First Mate Gold Slaughter! Huzzah!",neither,0.03536113337050084,0.30836076520204253,0.6562781014274567
@OXXymoron LUL,neither,0.03945320844208391,0.33037608806864915,0.630170703489267
bidet from ontario yaya,neither,0.04031924518627951,0.315677184343852,0.6440035704698686
Bidet from Iowa!,neither,0.04069404815304118,0.30931579984010865,0.6499901520068502
Good evening all from NY,neither,0.041415004488081546,0.3764863836632635,0.5820986118486551
bidet from NY,neither,0.04084513770590474,0.30675141581570226,0.6524034464783931
So excited,neither,0.03940839469474773,0.3948270312238364,0.565764574081416
We need the cast at Planet ComicCon!,neither,0.03785673492341563,0.3372227396478945,0.6249205254286899
i am sooooo ready,neither,0.03925749479552281,0.3304434029662687,0.6302991022382084
!piratename,neither,0.03945320844208391,0.33037608806864915,0.630170703489267
they gotta stop touching shit,offensive_language,0.04393456671546697,0.9542742254973177,0.001791207787215366
"Ahoy there, @seduceusclay! Yarr name be, Boatswain Rusty Slaughter! Huzzah!",neither,0.03967211830117528,0.30478571155422357,0.6555421701446011
So sad we won’t have this for 3 weeks BibleThump BibleThump BibleThump BibleThump,neither,0.03376605570157897,0.3507142294192144,0.6155197148792066
Bidet from Belchertown MA,neither,0.031816597323666866,0.4599893087150652,0.5081940939612679
!piratename,neither,0.03945320844208391,0.33037608806864915,0.630170703489267
bidet from Australia o/,neither,0.04062582848913359,0.31047366557575606,0.6489005059351104
LUL,neither,0.03945320844208391,0.33037608806864915,0.630170703489267
almost missed it,neither,0.03787166319928188,0.3309200540003588,0.6312082828003593
LUL,neither,0.03945320844208391,0.33037608806864915,0.630170703489267
Bidet from Hawaii! My first time tuning in live!,neither,0.02861975562822462,0.3991774368330936,0.5722028075386818
bidet for CT,neither,0.032764864206104964,0.296993156639892,0.670241979154003
where is the link to the g&s discord,neither,0.05600162131750772,0.26180088252730654,0.6821974961551858
Bidet from Germany,neither,0.04069404815304118,0.30931579984010865,0.6499901520068502
"""were running. its bad""",neither,0.030468640769580873,0.31070091644074643,0.6588304427896727
LUL,neither,0.03945320844208391,0.33037608806864915,0.630170703489267
"Well I'll be damned, a fellow Middlesbrough-er!",neither,0.039777000755081074,0.3330874832108652,0.6271355160340537
its bad LUL,neither,0.030719703227540068,0.3333799409920745,0.6359003557803854
Bidet from Georgia~ smkLove,neither,0.04066490145509902,0.30981049537100724,0.6495246031738937
Poor Jester,neither,0.03945320844208391,0.33037608806864915,0.630170703489267
Bidet from Mexico,neither,0.040769555981420263,0.3080342349327864,0.6511962090857933
Its bad!,neither,0.02544806886453537,0.33519309778348183,0.6393588333519827
Bidet Critters!,neither,0.03945320844208391,0.33037608806864915,0.630170703489267
weow so many newyorkers,neither,0.039413129245513115,0.4120595004619746,0.5485273702925123
!piratename,neither,0.03945320844208391,0.33037608806864915,0.630170703489267
"Ahoy there, @JhinPotion! Yarr name be, First Mate ~*{RaWr}*~ Kraken! Huzzah!",neither,0.03511244845130907,0.3069608541058308,0.65792669744286
lmao it's bad,neither,0.030954650905428715,0.36021410560444783,0.6088312434901235
WERE RUNNING IT'S BAD,neither,0.034582817611296134,0.3077117543201666,0.6577054280685373
Bidet from Wisconsin!,neither,0.04071751644889743,0.3089174816120565,0.6503650019390461
!piratename,neither,0.03945320844208391,0.33037608806864915,0.630170703489267
!piratename,neither,0.03945320844208391,0.33037608806864915,0.630170703489267
!piratename,neither,0.03945320844208391,0.33037608806864915,0.630170703489267
bidet from utah!,neither,0.04066490145509902,0.30981049537100724,0.6495246031738937
bidet from SC,neither,0.040737273169946825,0.30858215849491494,0.6506805683351382
Happy holidays and bidet y'all. critroleKeyfish,neither,0.04012381627523948,0.35609477904132986,0.6037814046834307
!piratename,neither,0.03945320844208391,0.33037608806864915,0.630170703489267
Probably the funniest line,neither,0.037535021167749705,0.3338817098538233,0.628583268978427
"Ahoy there, @chenelle265! Yarr name be, Quartermaster Rusty Kraken! Huzzah!",neither,0.039708721863540845,0.30058084839031707,0.6597104297461421
bidet :),neither,0.03945320844208391,0.33037608806864915,0.630170703489267
"critroleGothdad SantaHat ""It's bad""",neither,0.030172086582680988,0.33356829146753275,0.6362596219497861
First live stream im able to watch spent forever catching up on the new campaign <3 so excited,neither,0.04170656007663595,0.3441233894293772,0.6141700504939868
Georgia Critter here!!,neither,0.09607790202741834,0.28656612893178507,0.6173559690407966
Nott came in with the clutch,neither,0.028259900751517034,0.35066065535720653,0.6210794438912765
"@SelmaJunkoff Ooh, welcome to the madness! xD You'll totally have a blast! <3",neither,0.05242132972742987,0.3490295295225449,0.5985491407500253
is it a one shot today?,neither,0.04388922241312547,0.33718664353029904,0.6189241340565755
is this normal episode or Liam's one shot?,neither,0.04398143849930746,0.35016866668737506,0.6058498948133174
Nott was MVP,neither,0.039304618887261764,0.3328980406018178,0.6277973405109205
bidet from toronto!,neither,0.04066490145509902,0.30981049537100724,0.6495246031738937
Fjord better freaking comfort Jester tonight! Just saying!!,neither,0.02768018198874621,0.33077102678355497,0.6415487912276989
!piratename,neither,0.03945320844208391,0.33037608806864915,0.630170703489267
"Ahoy there, @Dreggerboy! Yarr name be, Gunner Barnacle Bear! Huzzah!",neither,0.039726231777889386,0.29857567125105955,0.6616980969710512
Nott the BRAVE,neither,0.038372653207642965,0.3105039192898759,0.6511234275024811
Nott the brave BibleThump,neither,0.038372653207642965,0.3105039192898759,0.6511234275024811
"wERE RUNNING, IS BAD",neither,0.04481720244490689,0.30435727870288526,0.6508255188522079
Bidet from Georgia! <3,neither,0.04066490145509902,0.30981049537100724,0.6495246031738937
normal AF :D,neither,0.03945320844208391,0.33037608806864915,0.630170703489267
TwitchRPG dragoon boi,neither,0.03945320844208391,0.33037608806864915,0.630170703489267
Bidet from MA,neither,0.031816597323666866,0.4599893087150652,0.5081940939612679
"@wyrmisis ""Bidet"" is an inside joke from last campaign. Grog said it instead of ""Good day""",neither,0.039206384558193294,0.18618861414887686,0.7746050012929298
!Piratename,neither,0.03945320844208391,0.33037608806864915,0.630170703489267
"Ahoy there, @grey_seer_thanquol! Yarr name be, Gunner Cabbage ~*{uB3r}*~ H4x0R! Huzzah!",neither,0.03977309094679651,0.2932282128009834,0.6669986962522201
ASHLEY PLEASE COME BACK,neither,0.03800718735599486,0.3549188397138946,0.6070739729301105
Bidet from Missouri. Where’s Larkin?,neither,0.042587184660984885,0.2771843326077225,0.6802284827312925
sam riegel always comes in clutch <3,neither,0.0380069280233125,0.37548331418055697,0.5865097577961306
!piratename,neither,0.03945320844208391,0.33037608806864915,0.630170703489267
