text,top_class,hate_speech,offensive_language,neither
"Aside from ""Welcome Back"", do we know what the show will be about today?",neither,0.05298014534802373,0.2511700561150544,0.6958497985369219
PogChamp,neither,0.03945320844208391,0.33037608806864915,0.630170703489267
@jokerboxer do I have what now? *is intrigued*,neither,0.06195473565374767,0.3314384099518783,0.6066068543943741
I hope Amy is feeling better today,neither,0.07529039928772507,0.22308633710457904,0.7016232636076959
hey yall!,neither,0.0373829100190767,0.36551445535541816,0.5971026346255053
,neither,0.03945320844208391,0.33037608806864915,0.630170703489267
Welcome back daisies!,neither,0.03945320844208391,0.33037608806864915,0.630170703489267
@JustinPSluder 2019 tv and movies,neither,0.038613898993665,0.2876068206696437,0.6737792803366913
hi hi,neither,0.03945320844208391,0.33037608806864915,0.630170703489267
*waves*,neither,0.03945320844208391,0.33037608806864915,0.630170703489267
Timezone Daisies!,neither,0.03945320844208391,0.33037608806864915,0.630170703489267
Hi @sp_acevex,neither,0.03945320844208391,0.33037608806864915,0.630170703489267
@llamacorn_misanthropy It is my favorite Oolong.,neither,0.031373276472988106,0.4439261199496201,0.5247006035773918
!twc,neither,0.03945320844208391,0.33037608806864915,0.630170703489267
"Here are some handy The Wednesday Club resources! TWC Reddit: reddit.com/r/WednesdayClub/ | Discord: https://discord.gg/6QK9fVB | Wednesday Club Fanclub on Facebook: facebook.com/groups/1945232949091586/ | Send in your thoughts, comic recommendations, questions, and more to Matt, Amy, and Taliesin at thewednesdayclub@geekandsundry.com",neither,0.05001524745118048,0.31503641584425707,0.6349483367045624
"@seratonia cool cool, thanks.",neither,0.037627484197638617,0.315087708299552,0.6472848075028093
Good Zone everybody~,neither,0.03875321424753347,0.33061684817081066,0.630629937581656
Let us see if my internet likes this.... usually lives doesn’t work for me somehow xD,neither,0.02565044830621395,0.44172611490948943,0.5326234367842966
Hiiii daisies!,neither,0.03945320844208391,0.33037608806864915,0.630170703489267
welcome to the day of Wednes,neither,0.04710477976731734,0.2902799230113491,0.6626152972213335
How is everyone tonight!,neither,0.03852255987424333,0.41212213443659224,0.5493553056891644
Hi @misssunflower94,neither,0.03945320844208391,0.33037608806864915,0.630170703489267
eyyyyy,neither,0.03945320844208391,0.33037608806864915,0.630170703489267
Hi @misssunflower94 !,neither,0.03945320844208391,0.33037608806864915,0.630170703489267
greetings all😊🕷️🕸️,offensive_language,0.046917543854519406,0.6277741405869331,0.3253083155585475
hello everyone!,neither,0.03269494828970791,0.4450814005079928,0.5222236512022994
hello!!!,neither,0.03945320844208391,0.33037608806864915,0.630170703489267
Hey,neither,0.03945320844208391,0.33037608806864915,0.630170703489267
Hi @kadosho,neither,0.03945320844208391,0.33037608806864915,0.630170703489267
heyooo,neither,0.03945320844208391,0.33037608806864915,0.630170703489267
"hullo Wednesdaisies, missed you all",offensive_language,0.07070061034640265,0.5299392742493825,0.3993601154042148
Bidet!,neither,0.03945320844208391,0.33037608806864915,0.630170703489267
"I'm in cozy pjs and I have hot tea, so I'm doing pretty good",neither,0.03806067055726765,0.3380507716923323,0.6238885577504001
hello,neither,0.03945320844208391,0.33037608806864915,0.630170703489267
Hello!,neither,0.03945320844208391,0.33037608806864915,0.630170703489267
fruitHYPERS novaabHypers mellyHYPERS crayHYPERS,neither,0.03945320844208391,0.33037608806864915,0.630170703489267
"@misssunflower94 little burnt out, but TWC will fix it",neither,0.03335729256380635,0.3365050886405859,0.6301376187956077
Hi!,neither,0.03945320844208391,0.33037608806864915,0.630170703489267
critroleGothdad critrolePyramid critroleBidet,neither,0.03945320844208391,0.33037608806864915,0.630170703489267
Hope everybody had a good holiday,neither,0.07136432400958541,0.22904195193719262,0.699593724053222
Thought we broke twitch for minute,neither,0.03706738020463431,0.23895449736584082,0.7239781224295249
Hi @Im_Sylien @JerseyGirlLis @GreyAngel @kyreglow @CrashTestGremlin,neither,0.03945320844208391,0.33037608806864915,0.630170703489267
"gandsTWC THE WEDNESDAY CLUB: 7-9pm, Amy, Taliesin and Matt talk about comics old and new. gandsTWC",neither,0.030458424154706114,0.25960982438599606,0.7099317514592978
"Wednesday nights are getting a new look at Geek & Sundry! At 9:30pm PT, Weave Society is transforming into TBD RPG. We will still be playing Weave, but also broadening our horizons with some new, exciting, and entertaining RPGs.",neither,0.041880241385004166,0.30236555460749287,0.6557542040075028
"HAPPY NEW YEAR to all you Wednesdaisies - Matt's parents from Fort Worth, Texas !!",neither,0.06103882609939618,0.3318498995261391,0.6071112743744648
it feels like it's been months since we last saw our lovely hosts! been looking forward to this for ages,neither,0.042107757241439885,0.3283006126678031,0.6295916300907571
critroleBts critroleBidet,neither,0.03945320844208391,0.33037608806864915,0.630170703489267
"AWK, I almost forgot about Wednesday club.",neither,0.03839886866853502,0.34827098563331804,0.613330145698147
"The ol’ depression is playing up, so I’m hoping ice cream and TWC will pick me up! 3:00am here.....",neither,0.057260454215463115,0.324495262854011,0.6182442829305258
hi everyone!,neither,0.032490659208996964,0.4485487193596734,0.5189606214313296
@llamacorn_misanthropy i knowwwwww omg im so happy we are back,neither,0.06255769858769691,0.3629554153109158,0.5744868861013872
"Did you hear? Deborah Ann Woll and Geek & Sundry have teamed up for Relics and Rarities, her original and addictive new weekly tabletop RPG series coming February 4th, 2019! Delve into a fantastic world full of mystery, monsters, and murder most foul with Deborah both as DM and storyteller. She’ll be joined by a core cast including Julia Dennis, Tommy Walker, Xander Jeanneret, and Jasmine Bhullar, with surprise celebrity guests stopping in for each installment. Learn more: bit.ly/2rz2o4T",neither,0.03543280056983881,0.3566803101538632,0.6078868892762981
"good to see you all, hope you've been well <3",neither,0.08450964009314366,0.3566536145412192,0.5588367453656371
Happy Wednesday!,neither,0.03945320844208391,0.33037608806864915,0.630170703489267
@sunlitlake that should do it,neither,0.05210077290095004,0.45734126344422116,0.49055796365482873
@miriamkey Happy 2019!,neither,0.03945320844208391,0.33037608806864915,0.630170703489267
Heya everyone,offensive_language,0.02988896790634741,0.4927062106388782,0.4774048214547744
@phoenixgoth hiiii Xiiiiin,neither,0.03945320844208391,0.33037608806864915,0.630170703489267
Happy Wednesday everyone,neither,0.03382422642122506,0.42591460343507254,0.5402611701437023
@sunlitlake hugs! hope you feel better soon,neither,0.09307994265704803,0.266267405581117,0.640652651761835
Hi cats!,neither,0.042914701694710934,0.16780147069397047,0.7892838276113187
Hi Syl <3,neither,0.03945320844208391,0.33037608806864915,0.630170703489267
,neither,0.03945320844208391,0.33037608806864915,0.630170703489267
hi @leigh574,neither,0.03945320844208391,0.33037608806864915,0.630170703489267
I’m hoping to cast this to my tv and watch with my roommate!,neither,0.029452216914401187,0.41602661963191245,0.5545211634536864
hey G,neither,0.03945320844208391,0.33037608806864915,0.630170703489267
This new tablet is stuck in light and everything is white,hate_speech,0.4286251014513793,0.3331759863494981,0.23819891219912268
A very HAPPY & Healthy 2019!!,neither,0.03945320844208391,0.33037608806864915,0.630170703489267
sunlitlake fruitH,neither,0.03945320844208391,0.33037608806864915,0.630170703489267
Hi folks!,neither,0.03945320844208391,0.33037608806864915,0.630170703489267
hey @g0rmyr hey @Leigh574,neither,0.03945320844208391,0.33037608806864915,0.630170703489267
@phoenixgoth <3,neither,0.03945320844208391,0.33037608806864915,0.630170703489267
I'm ready for Coy's deep tangent rants. I love when it's Markei and Coy on,neither,0.024588575638804993,0.33533108605563655,0.6400803383055583
Hi Xiang ^____^,neither,0.03945320844208391,0.33037608806864915,0.630170703489267
First time being able to watch live due to living in sweden. So syked!,neither,0.04485326645353242,0.37967037426368916,0.5754763592827784
hey @tankpunch,neither,0.03945320844208391,0.33037608806864915,0.630170703489267
hey Tank,neither,0.03945320844208391,0.33037608806864915,0.630170703489267
Hi @spiritualsirene @mrbilbo_swaggins @zila_ @quidquididest @RemiRavenheart,neither,0.03945320844208391,0.33037608806864915,0.630170703489267
Want the inside scoop? Join the cast of Critical Role and discuss the most recent episode right here on Talks Machina. Tuesdays 7pm Pacific at twitch.tv/geekandsundry and projectalpha.com,neither,0.04573032993319735,0.22538911733705982,0.7288805527297427
Hi everybody!!!!,neither,0.03945320844208391,0.33037608806864915,0.630170703489267
yaaaaaaaay,neither,0.03945320844208391,0.33037608806864915,0.630170703489267
YEAHHHHHHH We're back!!!!,neither,0.05688970406878991,0.3053853726013683,0.6377249233298419
@sunlitlake *wraps a warm blanket around you quietly*,neither,0.049480357816169156,0.35927391921863855,0.5912457229651924
time to test my ability to watch smth and text at the same time hoo boy,neither,0.03767087946320632,0.41550362388235346,0.5468254966544401
Bidet,neither,0.03945320844208391,0.33037608806864915,0.630170703489267
Hi @CarolineTheGeek,neither,0.03945320844208391,0.33037608806864915,0.630170703489267
"Hey y'all, can anyone gimme a link to the TWC discord? I keep meaning to come check it out",neither,0.04280540806050133,0.37481614312344963,0.582378448816049
Hello @Chix_with_Joystix,neither,0.03945320844208391,0.33037608806864915,0.630170703489267
*Xin wtf autocorrect?.??,offensive_language,0.04266498969986898,0.6087071363431724,0.3486278739569585
Hi @Gerridwynn9,neither,0.03945320844208391,0.33037608806864915,0.630170703489267
Hi Wednedaisies,neither,0.03945320844208391,0.33037608806864915,0.630170703489267
yo,offensive_language,0.04010381111145228,0.5271105317972344,0.4327856570913131
EEE,neither,0.03945320844208391,0.33037608806864915,0.630170703489267
"Suggestion for a show, sister show to Wednesday club. The Weeboo Club, discuss anime and manga, that term is used with love BTW",neither,0.04508397835184298,0.2749220692517104,0.6799939523964467
HOT MIC!,neither,0.03945320844208391,0.33037608806864915,0.630170703489267
LIZ!!!!!!! TwitchUnity Great video w/ Mattkey,neither,0.04324873172397826,0.18186009109736628,0.7748911771786554
Hey everyone! gandsTWC,neither,0.031959242684595296,0.4575682446653829,0.5104725126500218
Hot mics,neither,0.03945320844208391,0.33037608806864915,0.630170703489267
lol,neither,0.020706217963973744,0.4882283491876925,0.4910654328483337
what,neither,0.057770773616808734,0.3180719994247239,0.6241572269584672
hi @im_sylien !,neither,0.03945320844208391,0.33037608806864915,0.630170703489267
O.o,neither,0.03945320844208391,0.33037608806864915,0.630170703489267
lol hery aromia,neither,0.020706217963973744,0.4882283491876925,0.4910654328483337
Hi daisies,neither,0.03945320844208391,0.33037608806864915,0.630170703489267
hello my daisies,neither,0.02484982403832861,0.44861212744889617,0.5265380485127752
yay?,neither,0.03945320844208391,0.33037608806864915,0.630170703489267
Woo Liz! @Chix_with_Joystix Did you get the chance to read any good comics over the break?,neither,0.04787682838938636,0.3387157539597258,0.6134074176508878
the hottest of mics,neither,0.03844687795248065,0.3119098617826864,0.6496432602648329
yaaaay hot mic,neither,0.03945320844208391,0.33037608806864915,0.630170703489267
"slightly warm mics, really :P",neither,0.03945320844208391,0.33037608806864915,0.630170703489267
@Chix_with_Joystix Hi Liz,neither,0.03945320844208391,0.33037608806864915,0.630170703489267
TransgenderPride BisexualPride,neither,0.03945320844208391,0.33037608806864915,0.630170703489267
it is the first day back after a while. they need to remember how to turn the cameras on,neither,0.04359298479091523,0.306971013546973,0.6494360016621118
Yayyyy,neither,0.03945320844208391,0.33037608806864915,0.630170703489267
Good Zone all!,neither,0.04093769894635805,0.42231561726731626,0.5367466837863256
Hi all!,neither,0.0423466876598404,0.4436528871510691,0.5140004251890904
WE BACK,neither,0.039166053543719236,0.33524985610846453,0.6255840903478163
@voltron4200 hi!,neither,0.03945320844208391,0.33037608806864915,0.630170703489267
hey Liz! <3,neither,0.03945320844208391,0.33037608806864915,0.630170703489267
gandsHappy gandsHappy gandsHappy,neither,0.03945320844208391,0.33037608806864915,0.630170703489267
gandsTWC gandsHappy gandsTWC,neither,0.03945320844208391,0.33037608806864915,0.630170703489267
Hi daisies,neither,0.03945320844208391,0.33037608806864915,0.630170703489267
hi @ladyamphy,neither,0.03945320844208391,0.33037608806864915,0.630170703489267
yay!!!,neither,0.03945320844208391,0.33037608806864915,0.630170703489267
huzzah! hello lovely hosts and crew!,neither,0.038787454049388506,0.2972525092842974,0.6639600366663141
@kyreglow gandsTWC gandsTWC gandsTWC gandsTWC gandsTWC gandsTWC gandsTWC gandsTWC gandsTWC gandsTWC,neither,0.03945320844208391,0.33037608806864915,0.630170703489267
hi @ladyamphy !,neither,0.03945320844208391,0.33037608806864915,0.630170703489267
"gandsTWC Hi Taliesin, Amy, and Matt!",neither,0.0388100252782571,0.29846695177565247,0.6627230229460904
Daisies!,neither,0.03945320844208391,0.33037608806864915,0.630170703489267
Horton hears s Key,neither,0.03945320844208391,0.33037608806864915,0.630170703489267
"@llamacorn_misanthropy run, run while you still can. once the discord has you, you never leave!!",neither,0.06895158209298888,0.4374321470196499,0.49361627088736126
Hey Dasies,neither,0.03945320844208391,0.33037608806864915,0.630170703489267
Whooo! 2019!,neither,0.03945320844208391,0.33037608806864915,0.630170703489267
Hel-loooooo!,neither,0.03945320844208391,0.33037608806864915,0.630170703489267
We have a subscriber-only Discord server! Join here: https://discord.gg/geekandsundry (you'll need to sub and link it to your Twitch) and be a part of the fun!...Warning: It can take up to an hour for the server to update and give you access to the channels,neither,0.08464076273808444,0.286394834032893,0.6289644032290227
ayyy,neither,0.03945320844208391,0.33037608806864915,0.630170703489267
Here we go~,neither,0.13156755280784707,0.2765461283225309,0.5918863188696221
Howdy,neither,0.03945320844208391,0.33037608806864915,0.630170703489267
amydCheers,neither,0.03945320844208391,0.33037608806864915,0.630170703489267
2019 daisy time!,neither,0.036668274527354654,0.377643684699956,0.5856880407726893
Evening everyone!,neither,0.033219361956460275,0.4361807319725941,0.5305999060709456
eyyyyy,neither,0.03945320844208391,0.33037608806864915,0.630170703489267
We're never distracted here,neither,0.10085127414135647,0.3064403225582148,0.5927084033004288
im so glad we're back,neither,0.0565586890269002,0.3819825202920755,0.5614587906810242
gandsTWC hi everybody!,neither,0.03945320844208391,0.33037608806864915,0.630170703489267
yay,neither,0.03945320844208391,0.33037608806864915,0.630170703489267
gandsTWC gandsTWC gandsTWC gandsTWC gandsTWC gandsTWC gandsTWC gandsTWC gandsTWC gandsTWC gandsTWC gandsTWC gandsTWC,neither,0.03945320844208391,0.33037608806864915,0.630170703489267
Hullo Daisies!,neither,0.03945320844208391,0.33037608806864915,0.630170703489267
I was moving to a new apartment over the break. so no break for me @japenrose,neither,0.0346561087431972,0.3082381223444634,0.6571057689123394
hey!!!,neither,0.03945320844208391,0.33037608806864915,0.630170703489267
YES!,neither,0.03945320844208391,0.33037608806864915,0.630170703489267
lalala,neither,0.03945320844208391,0.33037608806864915,0.630170703489267
It is!,neither,0.059603583318096655,0.32344545014120724,0.616950966540696
Talks,neither,0.03945320844208391,0.33037608806864915,0.630170703489267
#wewon,neither,0.03945320844208391,0.33037608806864915,0.630170703489267
First live shoooow,neither,0.03503950172450729,0.3318941642020047,0.6330663340734881
"Hell yeah, go TWC!",offensive_language,0.025949411349652337,0.8520450551852069,0.12200553346514065
Yay! Hiiii!,neither,0.03945320844208391,0.33037608806864915,0.630170703489267
How do buttons work after a vacation lol,neither,0.03486781946789137,0.3685140952868761,0.5966180852452325
welcome back TWC🕸️🕷️,neither,0.03945320844208391,0.33037608806864915,0.630170703489267
woohoo,neither,0.03945320844208391,0.33037608806864915,0.630170703489267
Hi @geekmomma3 @herladykrow @kaioraya @JeffM0307 @briscojrandcomet @potatozrule,neither,0.03945320844208391,0.33037608806864915,0.630170703489267
Lookin good y'all!,neither,0.041140894918444984,0.43355069097685606,0.5253084141046989
@Asrathiel2912 lol!,neither,0.020706217963973744,0.4882283491876925,0.4910654328483337
Whoot,neither,0.03945320844208391,0.33037608806864915,0.630170703489267
talks Machina,neither,0.03945320844208391,0.33037608806864915,0.630170703489267
Thanks @Leigh574 I had fun making it.,neither,0.036757713849922595,0.3018277720455292,0.6614145141045483
lol Taliesin's broken by this news,neither,0.03333825529032892,0.42700460542016655,0.5396571392895047
WE RULE THE INTERNET!!!,neither,0.038436092654311416,0.3170064345169331,0.6445574728287556
woop woop mine clownes,neither,0.03945320844208391,0.33037608806864915,0.630170703489267
Was Talks prerec?,neither,0.03928779099768096,0.33318365380529613,0.6275285551970229
Yay TWC!,neither,0.03945320844208391,0.33037608806864915,0.630170703489267
@Chix_with_Joystix Oh I hope the move went smoothly!,neither,0.07193794645924391,0.194288860172538,0.7337731933682181
New Year New Shows New WONDERFUL THINGS <3,neither,0.04514903287340249,0.18392658362637612,0.7709243835002214
talks?,neither,0.03945320844208391,0.33037608806864915,0.630170703489267
"also, hey errybody",neither,0.03945320844208391,0.33037608806864915,0.630170703489267
I just finished episode 114 of the first campaign of Critical Role.......,neither,0.03314884061042714,0.33393380083312085,0.632917358556452
heya y'all,offensive_language,0.046917543854519406,0.6277741405869331,0.3253083155585475
\0/,neither,0.03945320844208391,0.33037608806864915,0.630170703489267
"Download the new Critical Role theme song for Campaign Two! http://itunes.apple.com/album/id1331550250?ls=1&app=itunes Sales of the song support the musician, Jason Charles Miller.",neither,0.04445767596344001,0.2510827790306858,0.7044595450058742
"there was a Because Science, no?",neither,0.038520842504558894,0.30520776309616826,0.6562713943992728
it's my goth dad!,neither,0.0277048676609534,0.41369890724840797,0.5585962250906388
XD,neither,0.03945320844208391,0.33037608806864915,0.630170703489267
Hiatus was the human identity of Ultraman.,neither,0.2599024697910278,0.11999365051175508,0.6201038796972171
OH NO TAL I LOVE YOU,neither,0.05708594833614105,0.35343609843570784,0.5894779532281511
"@Chix_with_Joystix I feel your pain, we moved our entire work office across town....",neither,0.05471253785709119,0.32753029656760635,0.6177571655753024
we're starting off the year well with distractions and Taliesin is immortal jokes :3,neither,0.046756374595529886,0.29799987897969127,0.6552437464247789
noooooo not both of you!!!,neither,0.06379732590401345,0.4127967022825856,0.523405971813401
"bidet, daisies!",neither,0.03945320844208391,0.33037608806864915,0.630170703489267
love that nyquil,neither,0.03273129482786803,0.3870198458359321,0.5802488593361999
Haiyatus found the golden fleece but then a bird ate his liver.,neither,0.01143020980093113,0.13470837781598297,0.853861412383086
awww,neither,0.03945320844208391,0.33037608806864915,0.630170703489267
Amy was also sick yesterday,neither,0.039360137926362566,0.331955737615131,0.6286841244585064
How are our lovely hosts?,neither,0.06619713174492832,0.28421073980484424,0.6495921284502275
When aren't they a little loopy? :D,neither,0.028298697319928116,0.3919592595752995,0.5797420431047724
I think there's a cold going around the US,neither,0.07117410545081289,0.2910395902863645,0.6377863042628227
indeed @cinphoria,neither,0.03945320844208391,0.33037608806864915,0.630170703489267
Talks machina was the first,neither,0.030813613327849796,0.3171975929448401,0.6519887937273101
pffft.,neither,0.03945320844208391,0.33037608806864915,0.630170703489267
Loopy? On TWC?,neither,0.02983740057173753,0.3797445071048369,0.5904180923234256
is that a gray patch on taliesin's beard? someone did point out a grey patch on matt's beard last night,neither,0.03447331506021304,0.35965860731007576,0.6058680776297112
errrr wasnt talks machina live?,neither,0.04371915088714252,0.32890883484443234,0.6273720142684251
Hello everyone,neither,0.03269494828970791,0.4450814005079928,0.5222236512022994
nklk,neither,0.03945320844208391,0.33037608806864915,0.630170703489267
No high like Nyquil high lol,offensive_language,0.03528759881151571,0.49641850997582027,0.46829389121266407
panicBasket,neither,0.03945320844208391,0.33037608806864915,0.630170703489267
@Chix_with_Joystix I can't wait to see how you get Matt back for interrupting you!,neither,0.06197911768667136,0.36680567589953006,0.5712152064137985
"Happy 2019, y'all!",neither,0.04308416662935134,0.47118407029674164,0.48573176307390703
@ShandraVdeG Hopefully not during those big storms that hit your area?,neither,0.05661561139819452,0.3516161196959372,0.5917682689058683
there is a bug going round in general i'm just getting over it,neither,0.03493763234709894,0.37718936799183317,0.5878729996610679
Hope everyone is sleeping,neither,0.08058847220712537,0.3169213444457742,0.6024901833471005
Hi @101deadpool1017,neither,0.03945320844208391,0.33037608806864915,0.630170703489267
Woooooot,neither,0.03945320844208391,0.33037608806864915,0.630170703489267
They Were #1 ;l),neither,0.03999136432264616,0.2931509749841016,0.6668576606932521
Solidarity!,neither,0.03945320844208391,0.33037608806864915,0.630170703489267
I should invest in vitamin C before next week,neither,0.04397954721381557,0.4064894258357819,0.5495310269504025
@Shadowsoflife TM is simulcast here but is an alpha show,neither,0.103093066047873,0.24929075107524665,0.6476161828768805
;),neither,0.03945320844208391,0.33037608806864915,0.630170703489267
(oh AMY you know what Hiatus is since Mines 'n Crafts is on Hiatus),neither,0.07307054316328038,0.3276399208747676,0.5992895359619521
Did we cram in a ton of books since Comixology announced DC on unlimited?,neither,0.03786052151503104,0.3389371778986908,0.6232023005862782
@KBTibbs isnt Because Science a Nerdist show?,neither,0.05242616401814294,0.2657976152003495,0.6817762207815076
"Help G&S make great content! $4.99/month gets you emotes, Minecraft server access, sub-only VODs, and more! Every sub keeps the channel alive! twitch.tv/geekandsundry/subscribe",neither,0.043907990691603095,0.31135964332838284,0.644732365980014
dayquil or nyquil thats the questiom,neither,0.03861475886711223,0.315064148314073,0.6463210928188148
Daily Wednesday perhaps?,neither,0.03945320844208391,0.33037608806864915,0.630170703489267
@ToonEzon Taliesin's 2400 years old so duh,neither,0.039411485045229365,0.3749832513808683,0.5856052635739023
I realized how much gothy clothing I own lol @japenrose,neither,0.04693233724015235,0.36692640756952016,0.5861412551903274
"Taliesin, your shirt is AWESOME!",neither,0.0880997407293723,0.3158571344331275,0.5960431248375003
@Chix_with_Joystix i thought that was on purpose?,neither,0.035868023393023134,0.28590769833803586,0.6782242782689409
TikTok has replaced Vine,neither,0.03981169524591002,0.3242916314317144,0.6358966733223756
We better not have to start please sleep 2k19 hashtag,neither,0.04279327687120032,0.339718694675651,0.6174880284531487
Normal weeks are good,neither,0.06375024598963042,0.2866628750955731,0.6495868789147965
“Mom says it’s MY turn to have the virus!”,neither,0.033093676466548906,0.38540671814633176,0.5814996053871193
@postdataest Thanks,neither,0.035884468650613,0.3004919205142699,0.6636236108351171
"Also, Erika Ishii's for New Year's :P",neither,0.0363665858420343,0.2060072327029581,0.7576261814550077
I received Anne Rice books for Christmas.,neither,0.03812955040109728,0.2668381882214354,0.6950322613774674
what,neither,0.057770773616808734,0.3180719994247239,0.6241572269584672
"@japenrose My area missed most of the storms, we only had one night of ice thankfully",neither,0.02876927905141337,0.38514685509916624,0.5860838658494204
hes jarmioquai,neither,0.03945320844208391,0.33037608806864915,0.630170703489267
Tal is the Machine Elf Emperor,neither,0.04437383061689645,0.3171660994931853,0.6384600698899183
my dear sillies,neither,0.02491628944361842,0.4479826587563781,0.5271010518000034
"well some people did the work to prove that Keanu Reeves was immortal, but I haven't seen that for Tal, although I could believe it",neither,0.04004157492305255,0.35591859723632047,0.6040398278406269
House of M Taliesin XD,neither,0.03945320844208391,0.33037608806864915,0.630170703489267
"Tal, ""Lawnmower Man"" that was deep",neither,0.036118157130198024,0.42004804906112897,0.543833793808673
"Tal, how are you so on point while sick?",neither,0.07052058182962685,0.3745586496343666,0.5549207685360065
QUESTION: Does the overwatch short story Bastet count as comics reading?,neither,0.029914823914431645,0.413869582871541,0.5562155932140274
What Matt really??,neither,0.04565217399472678,0.32595055643958964,0.6283972695656836
@Chix_with_Joystix Well there's never a thing as too much gothy clothing!,neither,0.03235387655656001,0.35763959858490035,0.6100065248585396
"Hay i am a living breathing NPC, not part of Talisiens imagination",neither,0.038575082782602854,0.3332789098973607,0.6281460073200363
ramaCheers amy ramaCheers Taliesin ramaCheers matt missed y'all too,neither,0.04055733240041309,0.38735777214181794,0.5720848954577691
AW,neither,0.03945320844208391,0.33037608806864915,0.630170703489267
awwwww,neither,0.03945320844208391,0.33037608806864915,0.630170703489267
"@cinphoria true, and its only now starting to turn. he must have some fey blood in him",neither,0.03697357074791468,0.3100214548542028,0.6530049743978826
@spiritualsirene yea but vine was better in literally evey way and i say that as someone who has used nither just seen videos from them on other places,neither,0.03783451287348236,0.38136871565696007,0.5807967714695577
HI MATT!!,neither,0.03945320844208391,0.33037608806864915,0.630170703489267
Awwww!!!,neither,0.03945320844208391,0.33037608806864915,0.630170703489267
"Man, I wish I could travel with Matt, Brittany, Matt, and Marisha.",neither,0.033507999261858844,0.35785292453708556,0.6086390762010556
THAT'S SO COOL,neither,0.03370500952970764,0.45829613352409315,0.5079988569461991
awwwww thats cute as heck,neither,0.03932092793423544,0.3326212335114536,0.628057838554311
Matt your family is so cute,neither,0.08085027448404078,0.3311218708650359,0.5880278546509233
dawwwww niece,neither,0.03945320844208391,0.33037608806864915,0.630170703489267
T_T too beautiful,neither,0.03908673363696001,0.3365961219346294,0.6243171444284106
"I wonder how effective the so called ""Thieve's Blend"" of essential oils is at preventing sickness... it sure smells great imho",neither,0.037518926629993433,0.41125597332540975,0.5512251000445968
"If I’m part of Tal’s imagination, then I have some serious questions?",neither,0.025356462406810273,0.3738618855617042,0.6007816520314856
Uncle Strange! crayLove,neither,0.16248839387709021,0.18893586877167984,0.64857573735123
My best friend sent me The Lives of the Mayfair Witches series.,neither,0.02785916938142016,0.3776200172522828,0.594520813366297
lol it was all my old clothes I was getting rid of to make room for more newer gothy clothes @cinphoria,neither,0.02781275189361082,0.32029648819517553,0.6518907599112136
"That sounds so cool, Matt!",neither,0.036050776768969825,0.40492798197374963,0.5590212412572806
@ShandraVdeG Phew! Yeah I feel bad watching all that snow,offensive_language,0.023131452463725354,0.502720256891933,0.47414829064434166
hello Key parentals!,neither,0.03945320844208391,0.33037608806864915,0.630170703489267
Can we encourage her? I would like to encourage this young artist,neither,0.0405829921816137,0.4638733545253052,0.49554365329308103
awwww,neither,0.03945320844208391,0.33037608806864915,0.630170703489267
That's amazing,neither,0.03413659802039229,0.3885612680816893,0.5773021338979183
@Chix_with_Joystix xD nice,neither,0.03945320844208391,0.33037608806864915,0.630170703489267
@herladykrow Nyquil high i'm telling you,neither,0.049902214032808895,0.44787708756738004,0.5022206983998112
Awwww.,neither,0.03945320844208391,0.33037608806864915,0.630170703489267
THAT ID ADORABLE,neither,0.0354510695877376,0.37393018267119144,0.590618747741071
anyone having audio issues?,neither,0.03945320844208391,0.33037608806864915,0.630170703489267
We love you uncle Strange and aunt Squirrel,neither,0.11394482494072951,0.25129489676439304,0.6347602782948776
@Chix_with_Joystix Hello Liz! Hope you had a good break :),neither,0.09721269652559703,0.2620195581092274,0.6407677453651756
Matt is a good Uncle,neither,0.16673451734099332,0.1961518747826672,0.6371136078763393
@raphofgreengables Mine is fine,neither,0.049529233630643855,0.3269104809640973,0.6235602854052589
@misssunflower94 yessss,neither,0.03945320844208391,0.33037608806864915,0.630170703489267
Aw Matt's niece has an awesome future🕷️🕸️,neither,0.03989409361440673,0.3228931160757193,0.637212790309874
Art is one of the few things you wont forget in school,neither,0.054278327712588136,0.366313318921163,0.5794083533662489
Matthew I'm 31 I don't have math classes,neither,0.0391204051568737,0.3360246283660298,0.6248549664770966
Matt you’re so cute,neither,0.08641921787210695,0.3636192940576201,0.549961488070273
oh Matt you precious thing,neither,0.05869631195071173,0.3262448025093736,0.6150588855399146
and today... matt was an uncle to us all,neither,0.1918585880079393,0.2100607307541158,0.598080681237945
That's advice I should give my niece,neither,0.03541104346402549,0.4658472294993624,0.4987417270366121
Sick is going around the country. Had to call in to work tonight because I ache all over.,neither,0.05233880361472329,0.3543368864444617,0.593324309940815
@chix_with_joystix jcvimHi liz happy new years,neither,0.04371719000014062,0.2231665706206148,0.7331162393792446
"thanks, uncle Matt!",neither,0.13474386639598288,0.19376972461678355,0.6714864089872334
i have an art degree and cause i only went for an associates didnt have to take a single math class in college,neither,0.038260859664045584,0.3154920172690019,0.6462471230669525
i love math,neither,0.0357530194640667,0.34774034576800117,0.6165066347679321
i still have math .-.,neither,0.03780040575337094,0.35842846316740246,0.6037711310792268
"You are the coolest uncle ever, Matt Key! <3",neither,0.1656326325457027,0.21775812269606715,0.6166092447582301
math is evil,neither,0.04798607485944976,0.3274412440279862,0.624572681112564
Get her one of those How to Math manga?,neither,0.052557781494639626,0.4653573205166499,0.4820848979887104
Taliesin: Merely A Simple Timelord Enjoying Retirement.,neither,0.03945320844208391,0.33037608806864915,0.630170703489267
"Art requires geometry, which is math....",neither,0.04437034581173005,0.3286848590489311,0.626944795139339
@spiritualsirene I am the opposite of on point while on nyquil. I don't understand you people.,neither,0.061395483094277496,0.36029087739109,0.5783136395146324
MATT! I didn’t need to cry NOW,neither,0.03158346493509864,0.3621042223440764,0.6063123127208249
"for those of you who enjoy the fruits of the vine, struggle is great",neither,0.061480785031748544,0.2943510144143528,0.6441682005538987
AWH!!! Uncle STRANGE and Aunt Squirrel!!,neither,0.10209950008276972,0.21468090681150526,0.6832195931057251
anyone happen to read flatland?,neither,0.04605326933322371,0.3265176423682121,0.6274290882985643
Happy New Years Chatty Fam,neither,0.04298943948218905,0.24225252324955146,0.7147580372682596
lol I saw Amy's devastated face when Matt started talking about getting through Math :P,neither,0.028095479904927112,0.4314417363863456,0.5404627837087274
Math hates me.,neither,0.03215125549439764,0.36995507534940225,0.5978936691562001
im a theatre major and yet,neither,0.0381533296820567,0.32380011176623513,0.6380465585517082
Math was the first thing I got out of the way when I got into college.,neither,0.025674703490130485,0.40486371171248864,0.5694615847973808
theres always flatland,neither,0.03729571126142542,0.39758337726054266,0.5651209114780319
*lurk* :/,neither,0.03945320844208391,0.33037608806864915,0.630170703489267
still all the math,neither,0.039147392810444506,0.40983175285707,0.5510208543324855
Douglas Hofstadter,neither,0.03945320844208391,0.33037608806864915,0.630170703489267
what was this eschel book?,neither,0.045665186324094206,0.3299656889691603,0.6243691247067457
math is ok I guess...,neither,0.04693439641988692,0.33394601508946753,0.6191195884906455
Taliesin I love your shirt,neither,0.07909294859020312,0.33574793761821925,0.5851591137915777
"I absolutely appreciate what math is by default, I just... find it more a means to an end, not always the point.",neither,0.04826692083232716,0.3258319189614585,0.6259011602062142
It’s been 6 minutes!! Already crying???,neither,0.0369747068107168,0.3517827764846427,0.6112425167046405
flatland is hilarious,neither,0.05133238316897197,0.32629029515335767,0.6223773216776702
"Math is great, it lets you tell the future",neither,0.05328062709993631,0.3361400398756169,0.6105793330244468
Basic Math is so very easy,neither,0.045878373149053985,0.3639133861177015,0.5902082407332444
@toonezon I have,neither,0.03788192279475323,0.35704490623261964,0.6050731709726273
"another way is ""Donald in Mathmagic Land""",neither,0.08898379927529078,0.2686618483023491,0.6423543524223602
"I didn't know Tal HAD a mother, I assumed he just appeared in a river somewhere",neither,0.032235153893740175,0.36101536115469257,0.6067494849515673
@seratonia thank. working on mine now,neither,0.03649508370759012,0.3491922216194635,0.6143126946729464
"Its a pretty good book, really",neither,0.033432562135971476,0.33244686441368515,0.6341205734503433
!spoilers Matt,neither,0.03945320844208391,0.33037608806864915,0.630170703489267
"Spoilers suck. Please don't post them in chat for those who haven't experienced this yet. Spoilers will be mercilessly smited, be they real or fake. Spoiling Critical Role during a replay will be met with a four hour timeout. DON'T DO IT",neither,0.05065151578303336,0.35843158501758016,0.5909168991993865
oh man i just started the good place and its great,neither,0.03416141338500872,0.2559100458077048,0.7099285408072864
"Man, I missed them",neither,0.057750536292363604,0.39755823375166033,0.5446912299559761
oooh that Janet. I was confused because I thought Janet Van Dyne,neither,0.03913788636175613,0.30410849350847224,0.6567536201297716
What is with moms and weird books,neither,0.03941669173393178,0.3229886990901471,0.6375946091759211
amydFocus,neither,0.03945320844208391,0.33037608806864915,0.630170703489267
SUCH a great show,neither,0.05502175231354967,0.21267198945008806,0.7323062582363622
All new year's episodes should be as tangential and scattered as possible,neither,0.04805635862518724,0.358994158495485,0.5929494828793277
Aww. Amy is Janet,neither,0.04543315863258575,0.32831930898391654,0.6262475323834978
...? What was name of book again?,neither,0.04248874973656457,0.35663149758731194,0.6008797526761235
Wait there's a podcast!?,neither,0.03936788255648299,0.2677845056072723,0.6928476118362448
The good place is SO GOOD,neither,0.048248910940924025,0.30366881873497653,0.6480822703240995
The Good Place ----- Soooooo Good,neither,0.0400893356206847,0.27415957350303,0.6857510908762854
and on Netflix streaming in the us,neither,0.0639821960567912,0.29342380367861776,0.642594000264591
Stars Kristen Bell and Ted Danson,neither,0.038918738286101165,0.3042052211158151,0.6568760405980837
the good place is incredible!!,neither,0.04907152134103765,0.26177702459574276,0.6891514540632195
yay i made it to live!,neither,0.04921560028000986,0.32546440486890693,0.6253199948510831
Tangents! We've got tangents! Kappa,neither,0.01882473326706495,0.35412996374445266,0.6270453029884823
"The Wednesday Club, aka the Internet is three people",neither,0.06291953347823266,0.30604773729377255,0.6310327292279949
The Good Place is awesome,neither,0.049499566191251815,0.25904861612376,0.6914518176849882
Just watch The Good Place!,neither,0.041829323830180606,0.27654274832759285,0.6816279278422266
Janet's my favorite,neither,0.02862387556951446,0.4143352992145237,0.5570408252159618
@seratonia he is reborn every generation so he has had several,neither,0.053817325979853683,0.3512283494815296,0.5949543245386166
I need to catch up on the good place...,neither,0.04145774272914613,0.3208235067569404,0.6377187505139135
DRINK!,neither,0.03945320844208391,0.33037608806864915,0.630170703489267
