text,top_class,hate_speech,offensive_language,neither
Woooo,neither,0.03945320844208391,0.33037608806864915,0.630170703489267
TBD,neither,0.03945320844208391,0.33037608806864915,0.630170703489267
"every week I will be forever reminded of Finnkoko, but I'm okay with that",neither,0.029212371491623153,0.3752840433043704,0.5955035852040065
Weave the Society alone!,neither,0.038687519571065344,0.3164208066449501,0.6448916737839846
Roll for excitement,neither,0.03377281835192013,0.3020061338962128,0.6642210477518671
PokPikachu,neither,0.03945320844208391,0.33037608806864915,0.630170703489267
:D starting with some good ol' weave!,neither,0.025145791636604065,0.37105801660918075,0.6037961917542152
I have missed all the shenanigans,neither,0.03959845389301615,0.40741517146873907,0.5529863746382447
gandsHug gandsTWC gandsHug,neither,0.03945320844208391,0.33037608806864915,0.630170703489267
The classics.,neither,0.03839939302560993,0.311011251109799,0.6505893558645911
I dunno. TBD rebranding confuses me. ¯\_(ツ)_/¯ oh well.,neither,0.035733005873701644,0.3154665842809967,0.6488004098453016
can we start the new year with dressage please,neither,0.032002466669252154,0.26803677230890477,0.699960761021843
@OrionLightning the ending of the TBD holiday special abotu how things change makes a whole lot more sense now though,neither,0.05456256739540375,0.30054250987575953,0.6448949227288366
*sigh*,neither,0.03945320844208391,0.33037608806864915,0.630170703489267
We'll be Weaving in and out of the game occasionally,neither,0.0354878725276052,0.28347067761357114,0.6810414498588238
Good times.,neither,0.03852205711025432,0.33069635371017075,0.630781589179575
You and your brain will be not so confused after a month or two :P,neither,0.07431644625140384,0.3389043696392913,0.5867791841093049
Hi @MonocleSociety,neither,0.03945320844208391,0.33037608806864915,0.630170703489267
Brain re-allignment TBD,neither,0.06630717311577693,0.29097239269324326,0.6427204341909798
as long as we get a few games with the Sally Ride...,neither,0.02892621689536102,0.39366495956648956,0.5774088235381495
hay @chaoticloony !,neither,0.03945320844208391,0.33037608806864915,0.630170703489267
I can dream,neither,0.03984790636765504,0.32367703419220434,0.6364750594401407
@KBTibbs Eric said the idea of TBD was to chane games all the time weve does that as part of how it works so using that as a base and thehn throwing in other systems as short runs and one shots makes sense,neither,0.03023250696955676,0.4528352236931859,0.5169322693372573
"Dreams are made of nothing, but can turn into something!",neither,0.05199147734997715,0.3330930543365677,0.614915468313455
PokMaskedpika PokMaskedpika,neither,0.03945320844208391,0.33037608806864915,0.630170703489267
Hey all!,neither,0.04285346742239823,0.46255625023407465,0.49459028234352725
Hi @DanManMtn,neither,0.03945320844208391,0.33037608806864915,0.630170703489267
Hello @DanManMtn,neither,0.03945320844208391,0.33037608806864915,0.630170703489267
Daaaannn,neither,0.03945320844208391,0.33037608806864915,0.630170703489267
"Look, we’re still here, and Monocle will always support the cast of weave society and now of TBDRPG",neither,0.09527141515620173,0.26643060281248376,0.6382979820313146
Woo!,neither,0.03945320844208391,0.33037608806864915,0.630170703489267
"@DarkestArgentum Thanks, but that resolves none of the things I'm confused about.",neither,0.03130247586271059,0.36296706962633113,0.6057304545109584
i still dream of a dedicated Gloomies show... Le sigh.,neither,0.04913548084724997,0.28786712978948137,0.6629973893632688
gandsHappy gandsHappy gandsFacepalm gandsFacepalm stefFremen stefFremen,neither,0.03945320844208391,0.33037608806864915,0.630170703489267
Hi GaMy,neither,0.03945320844208391,0.33037608806864915,0.630170703489267
OOF poor Bekka she has Jury duty tomarrow,neither,0.04085684449515324,0.39004773070198673,0.56909542480286
HeyGuys jcvimHi HeyGuys mistwa2Hype,neither,0.03945320844208391,0.33037608806864915,0.630170703489267
Great name,neither,0.03697491134692881,0.2969582793547792,0.666066809298292
LOL,neither,0.020706217963973744,0.4882283491876925,0.4910654328483337
"Hi Whitney, Stef, Amy, Gina and Becca",neither,0.03882788631130355,0.299422105481188,0.6617500082075084
https://www.youtube.com/watch?v=qmELVRYdXJE,neither,0.04349866177839444,0.3289846711595917,0.6275166670620138
"Help G&S make great content! $4.99/month gets you emotes, Minecraft server access, sub-only VODs, and more! Every sub keeps the channel alive! twitch.tv/geekandsundry/subscribe",neither,0.043907990691603095,0.31135964332838284,0.644732365980014
"That's a h#ckin' cool coat, though",neither,0.035890701977684035,0.369068517584813,0.5950407804375031
Wrong video,neither,0.04689381358699715,0.20408960032742118,0.7490165860855816
jcvimLol,neither,0.03945320844208391,0.33037608806864915,0.630170703489267
Isn't that a Roll For Shoes game? :P,neither,0.03153269946370658,0.3081371364243402,0.6603301641119532
Roll to attack with infinite breadsticks.,neither,0.03514256034457462,0.3566049855551567,0.6082524541002687
"You want the stache on or off? ""Off, please."" ....too bad.",neither,0.04433138229114008,0.3589598991871724,0.5967087185216875
jcvimHi jcvimHi jcvimHi,neither,0.03945320844208391,0.33037608806864915,0.630170703489267
"For info about the new schedule, https://www.youtube.com/watch?time_continue=6&v=FWaEoAUOg1k",neither,0.039603951800901226,0.271846428846817,0.6885496193522818
whitney dressed like the creepy guy from polterheist 2,neither,0.04658771660385044,0.3220756089200254,0.6313366744761242
“You’re gonna play a breadstick?” Is the best thing I have Ever heard,neither,0.07411880551776384,0.3611466521411421,0.5647345423410941
love Amy's coat,neither,0.036921556861422684,0.34212340866012425,0.6209550344784531
:) feliciaHeart,neither,0.03945320844208391,0.33037608806864915,0.630170703489267
"I just want Amy to sing more, after seeing her on stream of many eyes. I want a Hellclaw and snakefire album with her and Jason Charles Miller.",neither,0.02880512148157923,0.4677851737517256,0.5034097047666953
@BaneHarlock There are a couple singing videos on Amy's youtube channel from her vlog days,neither,0.04445197805315999,0.3936557344629836,0.5618922874838563
@BaneHarlock a lot of us would love that!,neither,0.06938384936168929,0.3721184449658796,0.5584977056724311
whats the tbd meaning?,neither,0.038576212873967806,0.3143429444595006,0.6470808426665315
@BaneHarlock One of the many reason to watch her Twitch Channel,neither,0.039221304253008064,0.47141425454092084,0.48936444120607103
To Be Determined,neither,0.04804586270980289,0.33009095711807523,0.6218631801721219
@LordGreatwolf To Be Determined,neither,0.04804586270980289,0.33009095711807523,0.6218631801721219
excuse my sillyness xd,neither,0.024223239681379082,0.45459407000256513,0.5211826903160559
I’ve been pestering Jason about it for months,neither,0.018084589604819547,0.32026651981338067,0.6616488905817997
@chaoticloony tnx docLuv,neither,0.03945320844208391,0.33037608806864915,0.630170703489267
Whitney could glue some 'stache tips to twirl...,neither,0.038026046144802504,0.3364930011155661,0.6254809527396314
"@BaneHarlock Sadly, Amy's music video has been removed from Geek and Sundry's Youtube channel. It was real good.",neither,0.037532095157534,0.3139608994577878,0.6485070053846782
so obvious im shamed now,neither,0.03851129530403685,0.41190094470886535,0.5495877599870976
Hello @danmanmtn 🙂,neither,0.03945320844208391,0.33037608806864915,0.630170703489267
docCry chwDerp docFail,neither,0.03945320844208391,0.33037608806864915,0.630170703489267
@LordGreatwolf TBD began when Eric Campbell began a Doctor Who game whose name was literally to be determined. The crew and the viewers really liked it and just ran with it!,neither,0.031627695221427665,0.3349668970045903,0.633405407773982
I love watching all these wonderful people play because its such utter nonsense and for me over on east coast it happens all after midnight so i always watch it very tired and thats honestly the best way to watch this imo lol,neither,0.04749156350040516,0.41244732560971437,0.5400611108898804
Hey @sprinklesthedragoncat,neither,0.03945320844208391,0.33037608806864915,0.630170703489267
this is SUCH a cool setting,neither,0.04705444889704128,0.3255107825564628,0.627434768546496
@zismarith noice noice is already good as i love dr who,neither,0.040638993186207936,0.43628520860508324,0.5230757982087088
kinda makes me think of what Deadlands would be like if you fast forwarded it to the 1930's,neither,0.043189228592346966,0.41712993643687174,0.5396808349707812
Want the inside scoop? Join the cast of Critical Role and discuss the most recent episode right here on Talks Machina. Tuesdays 7pm Pacific at twitch.tv/geekandsundry and projectalpha.com,neither,0.04573032993319735,0.22538911733705982,0.7288805527297427
"Hi @BlackLionoftheStars We are glad you are here, too!",neither,0.19069738702594707,0.24983624495853257,0.5594663680155203
"@Zismarith He's said it was originally supposed to be an anthology series, but they loved Dr. Who too much to switch games until SOT",neither,0.044095113234558656,0.3618541498587929,0.5940507369066486
yeh weave and all the regulars too,neither,0.038789653866662444,0.3445191292041334,0.6166912169292041
Thanks @chaoticloony gandsFacepalm gandsHug,neither,0.035884468650613,0.3004919205142699,0.6636236108351171
@obsequiousdiphthong I *think* I remember that.,neither,0.034827008768470044,0.37640833561752607,0.5887646556140039
"@lordgreatwolf No shame in not knowing, just shame in not asking. No worries. :)",neither,0.035327682202567025,0.35847884634568844,0.6061934714517446
"Right here in Prospect City, with a capital """"G"" which rhymes with ""T"" and that stands for ""Ghost""",neither,0.0381954701460814,0.34498128869203254,0.6168232411618861
i need an amy pond so i can lose my sense and be all hyped xd,neither,0.03328590996052894,0.422329677881796,0.5443844121576752
Today on ghost hunters 😆,neither,0.03592013103288396,0.3228360461803525,0.6412438227867635
!points @JeffM0307,neither,0.03945320844208391,0.33037608806864915,0.630170703489267
"That was an excellent pun, @JeffM0307! Here, have some points for that one! You have been awarded 81 points!",neither,0.049980789310414435,0.3817775744187309,0.5682416362708548
that would be a social faux pas.,neither,0.035949454064473765,0.3651030384409093,0.598947507494617
That was good,neither,0.03189561751333552,0.40456246498461734,0.5635419175020473
@Zismarith he mentioned it during shield of tomorrow at one point,neither,0.0409085432243599,0.3683348182644979,0.5907566385111421
now she's a Death Guard.,neither,0.04080079783373557,0.4111943903500149,0.5480048118162495
So... game up on saving people from death then.,neither,0.05571002411408537,0.3651232853679701,0.5791666905179444
@JeffM0307 here have 76 trompoints for that one,neither,0.06374819091461228,0.3421254033201778,0.59412640576521
It's a new take on Agent Scully ;),neither,0.03891649939172542,0.2730403142591334,0.6880431863491412
"@danmanmtn indeed, dan docHype",neither,0.03945320844208391,0.33037608806864915,0.630170703489267
Everyone loves Becca. https://i.imgur.com/bu7V1b8.gif,neither,0.03508637350862704,0.4044926734204439,0.5604209530709289
@obsequiousdiphthong i was thinking Temprence Brennan from BONES since she started out as a cultural anthropologist,neither,0.03686096500345653,0.4023307740877607,0.5608082609087828
I don't think they let you fake retire.,neither,0.03719238563835986,0.3912069292685731,0.571600685093067
Is this a new episode,neither,0.053729530471613114,0.2282311244112253,0.7180393451171615
@Ffxman Yes,neither,0.03945320844208391,0.33037608806864915,0.630170703489267
yes,neither,0.03945320844208391,0.33037608806864915,0.630170703489267
Yes,neither,0.03945320844208391,0.33037608806864915,0.630170703489267
She can’t miss her stories 😆,offensive_language,0.027407075442223816,0.6226810684132092,0.3499118561445668
Ok thank u wasn’t sure,neither,0.0338069874305262,0.45879124462754733,0.5074017679419264
Lots of $2 bills and Buffalo nickels.,neither,0.03883725596914581,0.2999211452912392,0.661241598739615
Maybe JFK half dollars,neither,0.03945320844208391,0.33037608806864915,0.630170703489267
"Oh, Stef. That's so great",neither,0.03818687221708506,0.3413131222234788,0.6205000055594362
@SprinklesTheDragonCat Now you're making me feel old.,neither,0.06872778476463468,0.3740051398400458,0.5572670753953195
"""I do not grant wishes"" ;)",neither,0.039513024659156494,0.3341334456101784,0.6263535297306652
♥️👍,neither,0.03945320844208391,0.33037608806864915,0.630170703489267
"Stef is playing a robot, Good old Stefatron!",neither,0.045739894431987414,0.32821380847694737,0.6260462970910653
jcvimLol,neither,0.03945320844208391,0.33037608806864915,0.630170703489267
Better get Chobot and Bowser on the case.,neither,0.03465425830144685,0.2975521093377806,0.6677936323607725
Stefenator 3000,neither,0.03945320844208391,0.33037608806864915,0.630170703489267
stefFremen stefFremen,neither,0.03945320844208391,0.33037608806864915,0.630170703489267
Stef saved turnstyles from drowning?,neither,0.040425828541459645,0.3138681866460536,0.6457059848124869
gandsHype gandsHype,neither,0.03945320844208391,0.33037608806864915,0.630170703489267
of course :),neither,0.03945320844208391,0.33037608806864915,0.630170703489267
