text,top_class,hate_speech,offensive_language,neither
just did the warehouse in bloodlines,neither,0.03446015020742413,0.3348329070594249,0.630706942733151
saw into the spiderverse today. best comic based movie ive ever seen,neither,0.03885940800503168,0.28034077111261685,0.6807998208823515
nice Wait music😎,neither,0.03945320844208391,0.33037608806864915,0.630170703489267
Want the inside scoop? Join the cast of Critical Role and discuss the most recent episode right here on Talks Machina. Tuesdays 7pm Pacific at twitch.tv/geekandsundry and projectalpha.com,neither,0.04573032993319735,0.22538911733705982,0.7288805527297427
"I was just watching ""Balloon Parade"", where some parade balloon rental company tried to create a children's movie using their warehouse full of creepy balloons, but then intercut it with parade footage to pad out the length.",neither,0.03785421702459303,0.3475034892083475,0.6146422937670595
@super390 I've heard it was pretty awesome!,neither,0.020217959655695207,0.31581633986918367,0.6639657004751212
@tealthyme right?!,neither,0.03719022913728602,0.3744360956046963,0.5883736752580178
@tealthyme i know right?? sooo gooood,neither,0.038334881141103665,0.35218944774064026,0.6094756711182562
Good zone all!,neither,0.04093769894635805,0.42231561726731626,0.5367466837863256
balloon parade is terrifying,neither,0.045049078167913446,0.32845141186795845,0.6264995099641282
eyyyyyy!,neither,0.03945320844208391,0.33037608806864915,0.630170703489267
@llamacorn_misanthropy It was its own little world and I loved it.,neither,0.048292214385941855,0.30279237140386334,0.6489154142101948
there are on time,neither,0.07052543278824702,0.2553776943019649,0.6740968729097881
This ep is gonna be so interesting,neither,0.045209208038388314,0.40631665397695427,0.5484741379846575
HAI,neither,0.03945320844208391,0.33037608806864915,0.630170703489267
Hello hosts! Hello Guest!,neither,0.03945320844208391,0.33037608806864915,0.630170703489267
THE WEDNESDAY CLUB: 7-9pm Pacific ... tonight - Amy Dallen and Matt Key sit down with Andrea Towers from Marvel Comics' PR department to talk about all the hidden jobs at a comics publisher .,neither,0.031163798019734675,0.34180813935089444,0.6270280626293708
OHAI HOSTS AND CREW AND GUEST!,neither,0.038243633795279085,0.2644733715605098,0.6972829946442112
"Thanks, @EmilytheBard. I hope they talk about Peni since she is somewhat new to the Spider-Verse",neither,0.05301441981784598,0.25588711586002644,0.6910984643221275
Wooo 🥳,neither,0.03945320844208391,0.33037608806864915,0.630170703489267
@darkhalfelf284 the hidden jobs of making comics is the topic,neither,0.043427296057122575,0.3030738335328234,0.6534988704100541
Good job Porter,neither,0.03847136223752934,0.3307137900015447,0.6308148477609259
gandsTWC Hi Amy and Matt! Welcome Andrea!,neither,0.03894394613370778,0.30551134206077074,0.6555447118055214
!clock,neither,0.03945320844208391,0.33037608806864915,0.630170703489267
I really dig Tal's hair tonight.,neither,0.037494960929187415,0.3139779755113239,0.6485270635594887
It is currently Wednesday 6:55 PM at the Geek & Sundry studio in California.,neither,0.05099674081407455,0.32965433924134396,0.6193489199445814
amydCheers,neither,0.03945320844208391,0.33037608806864915,0.630170703489267
AMY HAS LOVELY HAIR,neither,0.039775538304244754,0.3249053090938724,0.6353191526018829
"is this a live show? if so, cool",neither,0.0444961889827904,0.3511722241376568,0.6043315868795527
Oh Amy your hair is so colorful!,neither,0.07608518043259485,0.31759208663472166,0.6063227329326836
"One day they'll do it right Porter and Liz, one day",neither,0.03767608625894442,0.33810658283468326,0.6242173309063723
AMYS HAUR,neither,0.03945320844208391,0.33037608806864915,0.630170703489267
why is Taliesin's hair not blue ?,neither,0.033383463620643324,0.34917319008311376,0.6174433462962429
AMYS HAIR IS AMAZING,neither,0.049167548153793206,0.32703488118489166,0.6237975706613151
Amy just add pink and you'll have Bisexual colors,neither,0.04428056918676264,0.34823136387090736,0.6074880669423302
We have a subscriber-only Discord server! Join here: https://discord.gg/geekandsundry (you'll need to sub and link it to your Twitch) and be a part of the fun!...Warning: It can take up to an hour for the server to update and give you access to the channels,neither,0.08464076273808444,0.286394834032893,0.6289644032290227
Hello Amy and Matt! Welcome to the Wednesday Club Andrea!!,neither,0.04197833954207962,0.29931788091002415,0.6587037795478962
"Yay, blue hair!",neither,0.03945320844208391,0.33037608806864915,0.630170703489267
Welcome Andrea!!,neither,0.03945320844208391,0.33037608806864915,0.630170703489267
amys hair is GOALS,neither,0.04904133099771038,0.3270782930526323,0.6238803759496573
hey yall!,neither,0.0373829100190767,0.36551445535541816,0.5971026346255053
"Hi Amy, Andrea and Matt!",neither,0.03890660764905397,0.3035735459107389,0.6575198464402071
It is POURING,neither,0.04723366793074807,0.32770003127283975,0.6250663007964122
Hello Andrea!,neither,0.03945320844208391,0.33037608806864915,0.630170703489267
Hello all!,neither,0.04217753453783664,0.43734383323855475,0.5204786322236087
Amy's hair looks sooo pretty. 😍,neither,0.03945320844208391,0.33037608806864915,0.630170703489267
truth @emilythebard,neither,0.03945320844208391,0.33037608806864915,0.630170703489267
Raaaain and mudslides,neither,0.03763944115734239,0.1918412352459551,0.7705193235967025
There is a leak in my newly replaced roof,neither,0.0365558966453599,0.3537206927583599,0.6097234105962802
"oh, he's from EAST Texas.",neither,0.05064576647046492,0.26761940079727486,0.6817348327322603
"Rain in California, what a concept. :P",neither,0.06680814584857478,0.31898291457123723,0.614208939580188
"""I grew up with rain"" is so weird like people don't grow up with rain?",neither,0.046665751818662504,0.4456486551608658,0.5076855930204717
^,neither,0.03945320844208391,0.33037608806864915,0.630170703489267
i mean it could be snowing ike it is here,neither,0.08467891253948201,0.2997726248724584,0.6155484625880595
yup,neither,0.03945320844208391,0.33037608806864915,0.630170703489267
@japenrose Ooof. Suckage. I hope it doesn't get too bad over the next couple days until you get it repaired,neither,0.062095040957809655,0.2982703351270904,0.6396346239151
Good Zone Daisies!,neither,0.03861556489324797,0.33066419209574344,0.6307202430110085
wait that andrea towers,neither,0.03653529782642346,0.36197185383121205,0.6014928483423646
Methinks California is in dire need of more rain,neither,0.06758570921338579,0.3118800773237889,0.6205342134628252
