text,top_class,hate_speech,offensive_language,neither
gandsHype gandsHype gandsHype gandsHype,neither,0.03945320844208391,0.33037608806864915,0.630170703489267
"If the only good thing about having bronchitis/possibly pneumonia is that I get to actually watch live, I’ll take it.",neither,0.03626261079416379,0.38760783482368427,0.5761295543821521
wtf was that mega chirp in the audio!?,offensive_language,0.03763907375255691,0.48653965308692504,0.4758212731605179
Epilogues are over. Tonight is ep2 of season 2,neither,0.06929196741040189,0.25920309104258915,0.671504941547009
:O,neither,0.03945320844208391,0.33037608806864915,0.630170703489267
PogChamp,neither,0.03945320844208391,0.33037608806864915,0.630170703489267
screen i sup,neither,0.03945320844208391,0.33037608806864915,0.630170703489267
Well got the popcorn ready.. now give me some sassper masquerade breaching cover ups..,neither,0.029445108793632345,0.3787097242357716,0.591845166970596
And we have music,neither,0.037678037534126456,0.29465660125746546,0.6676653612084081
just in time,neither,0.030301954458447782,0.39891765189907363,0.5707803936424786
hello peeps its 5 am here and im tired af,neither,0.05908351428686969,0.30326537362805484,0.6376511120850754
i am ready to,neither,0.04859018544085653,0.325025619505528,0.6263841950536155
!rbschedule,neither,0.03945320844208391,0.33037608806864915,0.630170703489267
but still here lmao,neither,0.09430168121493446,0.33241021912532714,0.5732880996597383
,neither,0.03945320844208391,0.33037608806864915,0.630170703489267
Hey all,neither,0.04285346742239823,0.46255625023407465,0.49459028234352725
my body is ready.,neither,0.03405984045513004,0.42505863100050806,0.540881528544362
here we go,neither,0.13156755280784707,0.2765461283225309,0.5918863188696221
Want the inside scoop? Join the cast of Critical Role and discuss the most recent episode right here on Talks Machina. Tuesdays 7pm Pacific at twitch.tv/geekandsundry and projectalpha.com,neither,0.04573032993319735,0.22538911733705982,0.7288805527297427
bald,neither,0.03945320844208391,0.33037608806864915,0.630170703489267
gandsHype gandsClassic gandsClassic gandsHype,neither,0.03945320844208391,0.33037608806864915,0.630170703489267
Good evening,neither,0.03869882722860525,0.3306355543605695,0.6306656184108252
Hi @Ossborn,neither,0.03945320844208391,0.33037608806864915,0.630170703489267
evening vamily,neither,0.03945320844208391,0.33037608806864915,0.630170703489267
here we go...,neither,0.13156755280784707,0.2765461283225309,0.5918863188696221
@Drunkenkarniemidget There was an epilogue scene with Chloe at the end of the last episode,neither,0.03193745998637248,0.32097129993429846,0.6470912400793292
Oh YEah!,neither,0.022533380315967178,0.4254575626619046,0.5520090570221282
"cool, here we go",neither,0.10421091375619941,0.2901756184572771,0.6056134677865234
"hellos all, viewing from VT",neither,0.042808078011918105,0.39053103227606023,0.5666608897120217
rooLurk,neither,0.03945320844208391,0.33037608806864915,0.630170703489267
<3,neither,0.03945320844208391,0.33037608806864915,0.630170703489267
Hi all,neither,0.0423466876598404,0.4436528871510691,0.5140004251890904
,neither,0.03945320844208391,0.33037608806864915,0.630170703489267
"@KingdomOfRogue i usually stay away during shows i have no interest in, and fall asleep on projects i want to watch FeelsBadMan",neither,0.043489834017420445,0.3127982161063717,0.643711949876208
"our skin is clear, our crops are watered",neither,0.06095160865579246,0.30024966612507725,0.6387987252191302
#WEKnow,neither,0.03945320844208391,0.33037608806864915,0.630170703489267
#WeKnow about the thing that may or may not be happening on a technical level currently. The crew lives at least 30 seconds in the future and are likely already solving or have solved the problem! Thanks for your concern!,neither,0.04751991085222859,0.298407411164976,0.6540726779827954
Im about to unleash the beast. ive been waiting all week for this,neither,0.037875289814286166,0.3801088392161769,0.582015870969537
here we gooo,neither,0.08830176354822347,0.2939306457236038,0.6177675907281728
awake*,neither,0.03945320844208391,0.33037608806864915,0.630170703489267
"Stream casts ""Blush of Life""",neither,0.03584128040246406,0.39225336901075547,0.5719053505867804
hello vamily!,neither,0.03945320844208391,0.33037608806864915,0.630170703489267
It's pretty quiet,neither,0.03784832737527161,0.3309280802603142,0.6312235923644142
"Aw, I missed Ep. 1",neither,0.03945320844208391,0.33037608806864915,0.630170703489267
i'm ready to hear a vampire story,neither,0.04478977142212993,0.3272381258804523,0.6279721026974177
"Buona notte, vamilia <3",neither,0.03945320844208391,0.33037608806864915,0.630170703489267
Sup,neither,0.03945320844208391,0.33037608806864915,0.630170703489267
Good evening vamily,neither,0.03869882722860525,0.3306355543605695,0.6306656184108252
"nsfw chat filters, lol",neither,0.03254773963500486,0.3799314534516951,0.5875208069133001
mics are way to low,neither,0.08828888333992448,0.26864539297415563,0.6430657236859199
Hi @Mandalorian @megjane42 @MorrisCat63 @erinquotefinder,neither,0.03945320844208391,0.33037608806864915,0.630170703489267
UNDISPUTED.,neither,0.03945320844208391,0.33037608806864915,0.630170703489267
I am loving the sweater vest. Very stylish,neither,0.03871097584776424,0.3193278226383837,0.641961201513852
UNDISPUTABLE,neither,0.03945320844208391,0.33037608806864915,0.630170703489267
YEAAAA,neither,0.03945320844208391,0.33037608806864915,0.630170703489267
yaaaaay Erika is back :D,neither,0.05875706531986774,0.3237366064983911,0.6175063281817412
Audio seems a little quiet,neither,0.039226882290714096,0.33421743352158234,0.6265556841877037
Oy... they're having some audio balancing issues. Hope they fix that shortly.,neither,0.05983688877000534,0.2826448705946804,0.6575182406353143
