text,top_class,hate_speech,offensive_language,neither
channel is live with the title card,neither,0.03871648244307329,0.3423322983920279,0.6189512191648989
thank you. I am very excited and nervous all at the same time,neither,0.04800549279190021,0.4041054680078245,0.5478890392002754
Love the title card,neither,0.03597820719190925,0.32748345884639657,0.6365383339616941
bidet @Shadowsoflife,neither,0.03945320844208391,0.33037608806864915,0.630170703489267
"Titlecard is up.... this is my sign, I´m off for today. Bye all",neither,0.03468909084346371,0.4322875845859397,0.5330233245705965
@sammifed16 Bidet,neither,0.03945320844208391,0.33037608806864915,0.630170703489267
bye @Ossborn have a great time at your party!,neither,0.06021222754340893,0.34385150133324843,0.5959362711233427
bye @Ossborn,neither,0.03945320844208391,0.33037608806864915,0.630170703489267
can't wait for this episode,neither,0.03375626238296443,0.29817383306059303,0.6680699045564427
g'nite @Ossborn,neither,0.03945320844208391,0.33037608806864915,0.630170703489267
bye @Ossborn,neither,0.03945320844208391,0.33037608806864915,0.630170703489267
Later @Ossborn,neither,0.03945320844208391,0.33037608806864915,0.630170703489267
@Ossborn Happy birthday,neither,0.03945320844208391,0.33037608806864915,0.630170703489267
Hello folks,neither,0.03945320844208391,0.33037608806864915,0.630170703489267
Lets see if they start on time today chat!!,neither,0.02377756226874034,0.38419781129628894,0.5920246264349708
Hey folks! :),neither,0.03945320844208391,0.33037608806864915,0.630170703489267
Hi @KBTibbs,neither,0.03945320844208391,0.33037608806864915,0.630170703489267
hey there @KBTibbs,neither,0.039367870622775906,0.26767823129172763,0.6929538980854965
Hey @KBTibbs,neither,0.03945320844208391,0.33037608806864915,0.630170703489267
Also hello,neither,0.03945320844208391,0.33037608806864915,0.630170703489267
Hi @KBTibbs,neither,0.03945320844208391,0.33037608806864915,0.630170703489267
hcjGuys KBTibbs,neither,0.03945320844208391,0.33037608806864915,0.630170703489267
hi all,neither,0.0423466876598404,0.4436528871510691,0.5140004251890904
Hi @Avenger1735,neither,0.03945320844208391,0.33037608806864915,0.630170703489267
Hi,neither,0.03945320844208391,0.33037608806864915,0.630170703489267
Hi @deleyna,neither,0.03945320844208391,0.33037608806864915,0.630170703489267
Hey everyone!,neither,0.031959242684595296,0.4575682446653829,0.5104725126500218
! playing,neither,0.03945320844208391,0.33037608806864915,0.630170703489267
Hi @shadowdemonz123,neither,0.03945320844208391,0.33037608806864915,0.630170703489267
hi yall!,neither,0.037580997573720916,0.3621523925857832,0.600266609840496
Hi @shidareAKI,neither,0.03945320844208391,0.33037608806864915,0.630170703489267
Hi everyone,neither,0.032490659208996964,0.4485487193596734,0.5189606214313296
Wassup nerds?,neither,0.19070039335158287,0.15865812738301607,0.6506414792654011
Hi @katepercy,neither,0.03945320844208391,0.33037608806864915,0.630170703489267
heya Aki hcjGuys,neither,0.03945320844208391,0.33037608806864915,0.630170703489267
Howdy,neither,0.03945320844208391,0.33037608806864915,0.630170703489267
love the new art card,neither,0.03919884219349917,0.24930381984790823,0.7114973379585927
good day chat,neither,0.03928379191215645,0.31405358163446345,0.64666262645338
hi everybody,neither,0.03945320844208391,0.33037608806864915,0.630170703489267
@prettygianttiger you okay?,neither,0.0751303288207532,0.42438111886733415,0.5004885523119126
Hey Aki,neither,0.03945320844208391,0.33037608806864915,0.630170703489267
Let's go let's go,neither,0.01806316484133749,0.39391011985298136,0.5880267153056813
hey all,neither,0.04285346742239823,0.46255625023407465,0.49459028234352725
Sup y'all,neither,0.042007796308410617,0.4310059871578024,0.526986216533787
!callisto6,neither,0.03945320844208391,0.33037608806864915,0.630170703489267
"Callisto 6 takes place in Los Angeles in the year 2119, where a world of cyberpunk is about to be broken by the emergence of superheroes. Powered by the Cypher System, this original RPG is crafted by Eric Campbell and Sam de Leve.",neither,0.04788177314792089,0.323551782053012,0.6285664447990672
Get amongst it,neither,0.03731375550735304,0.3407827829616173,0.6219034615310296
hello everyone!!,neither,0.03269494828970791,0.4450814005079928,0.5222236512022994
Hype,neither,0.03945320844208391,0.33037608806864915,0.630170703489267
"It is now; JAN, 25 2019 7:00pm,-EST 6:00pm,-CST 5:00pm,-MST 4:00pm,-PST 3:00pm,-AKST 2:00pm,-HST JAN, 26 2019 12:00am,-GMT Time for Sam to be excited",neither,0.04041283498566597,0.3277087569047566,0.6318784081095774
Hi @waltb35 @roxess_15 @disco_droids @OrionLightning @DANfan69,neither,0.03945320844208391,0.33037608806864915,0.630170703489267
Hi chaoticloony,neither,0.03945320844208391,0.33037608806864915,0.630170703489267
Hello everyone,neither,0.03269494828970791,0.4450814005079928,0.5222236512022994
Hi everyone!!,neither,0.032490659208996964,0.4485487193596734,0.5189606214313296
Hi y'all!,neither,0.0423466876598404,0.4436528871510691,0.5140004251890904
Hello,neither,0.03945320844208391,0.33037608806864915,0.630170703489267
Welcome super punks!,neither,0.03945320844208391,0.33037608806864915,0.630170703489267
Have anyone saw Eric's Tweeter post. He has no beard. But still looks great,neither,0.0384312039781178,0.3366321169451463,0.624936679076736
"@simsilica Sam is ALWAYS excited, this is just the time they get to share it with us!",neither,0.060322635099631,0.393179060840571,0.5464983040597979
I’m watching on my chrome cast,neither,0.029249235620723263,0.40392990968643266,0.566820854692844
!treasure,neither,0.03945320844208391,0.33037608806864915,0.630170703489267
Is that treasure over there? Loot all the treasure! Don't forget about that chest over there too (Note: that a chest may not always be present but hey it's good to be prepared!),neither,0.035832756203926355,0.3829090283110673,0.5812582154850063
"Evening, Suoer Punks!",neither,0.03945320844208391,0.33037608806864915,0.630170703489267
Hi @sammifed16 @Alexanderhero83 @philosipunk @Broken_Orange_Pekoe @itzzmejoeeyyy,neither,0.03945320844208391,0.33037608806864915,0.630170703489267
!rebrodcast,neither,0.03945320844208391,0.33037608806864915,0.630170703489267
Yep. Eric Smooth-face is his name now,neither,0.06269079384892007,0.32949484516239513,0.6078143609886847
!callisto6,neither,0.03945320844208391,0.33037608806864915,0.630170703489267
"Callisto 6 takes place in Los Angeles in the year 2119, where a world of cyberpunk is about to be broken by the emergence of superheroes. Powered by the Cypher System, this original RPG is crafted by Eric Campbell and Sam de Leve.",neither,0.04788177314792089,0.323551782053012,0.6285664447990672
Hi @JeffM0307,neither,0.03945320844208391,0.33037608806864915,0.630170703489267
*waves*,neither,0.03945320844208391,0.33037608806864915,0.630170703489267
!weather,neither,0.03945320844208391,0.33037608806864915,0.630170703489267
Weather for Los Angeles: Conditions are Sunny with a temperature of 72F (22C). The wind is blowing from the W at 4mph (6km/h) and the current humidity is 23%. At the studio.,neither,0.04507474866390865,0.2880485588722739,0.6668766924638174
@the_best_beast_love no weekend frb schedule until later today,neither,0.0377737068426479,0.3241032693699709,0.6381230237873812
Hail Sixers :),neither,0.03945320844208391,0.33037608806864915,0.630170703489267
I kinda miss the old theme music,neither,0.033759237299143034,0.31995142207539623,0.6462893406254608
Hi @Suedyin,neither,0.03945320844208391,0.33037608806864915,0.630170703489267
hey does any one know if there is a callisto 6 discord?,neither,0.02042449907380697,0.46258432909640107,0.516991171829792
@postdataest thanks!,neither,0.035884468650613,0.3004919205142699,0.6636236108351171
Yeah don’t be surprised by the stranger GMing this week ;),neither,0.027820436051651735,0.4331719111313294,0.5390076528170188
Hey Anna @sunlitlake,neither,0.03945320844208391,0.33037608806864915,0.630170703489267
hi @chaoticloony,neither,0.03945320844208391,0.33037608806864915,0.630170703489267
O_o,neither,0.03945320844208391,0.33037608806864915,0.630170703489267
I'm hoping for art to lead us in this week. I missed that last week.,neither,0.05456251882585709,0.3313881663198307,0.6140493148543124
@shidareaki Lol,neither,0.020706217963973744,0.4882283491876925,0.4910654328483337
"It's tough coming here from the Dr. Who marathon, but it's worth it",neither,0.05635886892199846,0.33193796863891506,0.6117031624390864
!sotdiscord,neither,0.03945320844208391,0.33037608806864915,0.630170703489267
where am i. hiw did i get here,neither,0.09576188877507985,0.2642432370849665,0.6399948741399537
Eric is handsome either way gandsLessthanthree,neither,0.04592022494255646,0.32884159732706947,0.6252381777303739
yay!,neither,0.03945320844208391,0.33037608806864915,0.630170703489267
"Weather for Adelaide, South Australia is about 30 degrees celsius, down from 40 to 45 degrees for the past few days",neither,0.03949666509494883,0.30337278641010773,0.6571305484949435
What time does this actually start this is only my second stream,neither,0.03018206094385334,0.4637323840704145,0.5060855549857322
,neither,0.03945320844208391,0.33037608806864915,0.630170703489267
"Hmmm, do I have time to run downstairs for snacks??? Probably given annoucements.. DON'T SAY ANYTHING EXCITIG",neither,0.03873179297607418,0.3369483121537897,0.6243198948701361
There’s a discord but I don’t remember the command to pull it up.,neither,0.037479494051510284,0.32781079204200475,0.634709713906485
@kieran_the_barbarian https://discord.gg/2BGUPE C6 invite link,neither,0.03945320844208391,0.33037608806864915,0.630170703489267
"Did you hear? Deborah Ann Woll and Geek & Sundry have teamed up for Relics and Rarities, her original and addictive new weekly tabletop RPG series coming February 4th, 2019! Delve into a fantastic world full of mystery, monsters, and murder most foul with Deborah both as DM and storyteller. She’ll be joined by a core cast including Julia Dennis, Tommy Walker, Xander Jeanneret, and Jasmine Bhullar, with surprise celebrity guests stopping in for each installment. Learn more: bit.ly/2rz2o4T",neither,0.03543280056983881,0.3566803101538632,0.6078868892762981
I'm kinda disappointed Eric didn't just give us a half shaved beard...,neither,0.04412420559676164,0.3626014805440304,0.5932743138592079
GHAAA between Critical role last night and watching the shield epilog this afternoon i'm a bit on edge with the feels,neither,0.029096627539592936,0.32131115956124806,0.6495922128991591
additonal C2ep49 rb should be after live shows end roughly 11:40 pm Pacific time @the_best_beast_love,neither,0.048239829972124657,0.3615368813422348,0.5902232886856407
gandsHappy gandsHappy gandsHappy,neither,0.03945320844208391,0.33037608806864915,0.630170703489267
"Life has become a cycle of ceaseless suffering. If your Ex-gf/betrothed offers for you to keep living with them even after they essentially leave you for someone else, just run away. No matter if you still love them, Staying is an nigh unimaginable level of suffering. Learn from my mistakes",neither,0.04328625229190749,0.439028135187929,0.5176856125201634
nachos check,neither,0.03945320844208391,0.33037608806864915,0.630170703489267
@werd6163115 Have you Eric's Tbd rpg?,neither,0.06041062315830491,0.4027315683506159,0.5368578084910792
"@werd6163115 <3 Doctor Who! <3 all of them, but especially Capaldi :)",neither,0.050756116645925484,0.45672347190945495,0.49252041144461967
!auxcrewdiscord,neither,0.03945320844208391,0.33037608806864915,0.630170703489267
@DarkestArgentum I know,neither,0.03945320844208391,0.33037608806864915,0.630170703489267
@darkofnate if he had done that he should have not exsplained,neither,0.03488575468067693,0.45750232108570493,0.5076119242336182
They are late! Rabble Rabble Rabble!,neither,0.07813157933634528,0.2682026924413417,0.6536657282223132
!commands,neither,0.03945320844208391,0.33037608806864915,0.630170703489267
@shidareAKI -> The bot commands for this channel are available at https://beta.nightbot.tv/t/geekandsundry/commands,neither,0.04695462833040224,0.29561718809185006,0.6574281835777477
gandsLessthanthree gandsLessthanthree,neither,0.03945320844208391,0.33037608806864915,0.630170703489267
@DarkestArgentum Maybe some day...,neither,0.029917013782347696,0.3291628096877851,0.6409201765298671
I need to start binging the back half of SoT that I missed when it was premiering now that the finale is uploaded,neither,0.03577527029494049,0.3741748932291435,0.590049836475916
@Shadowsoflife watched th whole epilog episode but once the sally cleared dock i started weaping,neither,0.03706923546007542,0.32656266185576577,0.6363681026841588
Want the inside scoop? Join the cast of Critical Role and discuss the most recent episode right here on Talks Machina. Tuesdays 7pm Pacific at twitch.tv/geekandsundry and projectalpha.com,neither,0.04573032993319735,0.22538911733705982,0.7288805527297427
@cyraeni fashionably late ;),neither,0.03945320844208391,0.33037608806864915,0.630170703489267
@cyraeni That bis the corporate interventions fault,neither,0.03516683500470649,0.353706926940552,0.6111262380547415
Wooooah new art is amazing!!,neither,0.05104236887645162,0.2444796691996386,0.7044779619239098
"@2savagedingos well done for finding the strength to do so- I was in an abusive relationship for many years, and found leaving one of the hardest things I have ever done",neither,0.03592781289436158,0.3196331716121165,0.644439015493522
@highvoltage988 The back half is SO GOOD,neither,0.04664534712059137,0.357890047010285,0.5954646058691236
Also you'd think a klingon would know Angry and Love you are not mutually exlusive emotions,neither,0.08270725648588309,0.3312928379433579,0.5859999055707591
this music rock!!,neither,0.03934271101857963,0.3322515177208126,0.6284057712606078
I have snacks heck yeah!,neither,0.025903445005765333,0.426841279944081,0.5472552750501538
"Can we make it a rule that if they are more then 15 minutes late, they do an extra long stream? :D",neither,0.03876697432617162,0.34591515540570483,0.6153178702681236
We are not robbing a Bank!!!,neither,0.059340312519943116,0.29814400133820995,0.642515686141847
Here we go!!,neither,0.13156755280784707,0.2765461283225309,0.5918863188696221
BABY FACE,neither,0.03945320844208391,0.33037608806864915,0.630170703489267
@DarkestArgentum I was tearing up on that ep,neither,0.032530361478599834,0.413048523573852,0.5544211149475482
We have a subscriber-only Discord server! Join here: https://discord.gg/geekandsundry (you'll need to sub and link it to your Twitch) and be a part of the fun!...Warning: It can take up to an hour for the server to update and give you access to the channels,neither,0.08464076273808444,0.286394834032893,0.6289644032290227
That's not Eric,neither,0.03358551123855501,0.3845978246989514,0.5818166640624937
!callisto6,neither,0.03945320844208391,0.33037608806864915,0.630170703489267
"Callisto 6 takes place in Los Angeles in the year 2119, where a world of cyberpunk is about to be broken by the emergence of superheroes. Powered by the Cypher System, this original RPG is crafted by Eric Campbell and Sam de Leve.",neither,0.04788177314792089,0.323551782053012,0.6285664447990672
Who is that man?,offensive_language,0.04750522827352316,0.5847587168830114,0.3677360548434654
Ok is it me or is the audio mixer person playing with the cross fader,neither,0.03503403619133616,0.35347886385253935,0.6114870999561244
!c6discord,neither,0.03945320844208391,0.33037608806864915,0.630170703489267
Callisto 6 Fan Discord: https://discord.gg/zxt2TeH,neither,0.03945320844208391,0.33037608806864915,0.630170703489267
Who is this newborn that is running this game?,neither,0.047754867461421206,0.3700849792688704,0.5821601532697084
Ooooohhhh . . .,neither,0.03945320844208391,0.33037608806864915,0.630170703489267
"hehe <3 ""The GM Zone"" <3",neither,0.03876437547847256,0.3178473576292723,0.6433882668922551
He shaved and now he’s serious??? Hahaha,neither,0.047162471996826945,0.29791496813679724,0.6549225598663758
No Corp is the best Corp! #Sinless,neither,0.042343542731059794,0.3236097895079817,0.6340466677609585
Mirror Universe Eric is... good? Are we in the bad universe?,neither,0.05282718867954158,0.30027732593396145,0.6468954853864971
Sexy Eric Campbell,neither,0.03945320844208391,0.33037608806864915,0.630170703489267
We did indeed change the command to reflect the change of the show :D,neither,0.05095110715070132,0.2570075179781188,0.6920413748711798
"you say ""bad"" but I say ""fun""",neither,0.04709876054702173,0.38576433440189656,0.5671369050510817
"Argh, I have to leave in a minute.",neither,0.046098174515304895,0.33567501108253345,0.6182268144021615
Eric looks a little different,neither,0.039190658137702165,0.3348322519357008,0.6259770899265971
@kbtibbs I'm pretty certain this is the darkest timeline.,neither,0.044333433696649195,0.31819850455593385,0.6374680617474171
Mirror Universe Eric is confusing,neither,0.044821094529384514,0.3285298258955756,0.6266490795750398
hello everyone...btw do they ever release the songs for the channel in any way?,neither,0.03354070705635997,0.35295683442920844,0.6135024585144316
O.O Baby face Eric...,neither,0.03945320844208391,0.33037608806864915,0.630170703489267
very sexy Eric,neither,0.03945320844208391,0.33037608806864915,0.630170703489267
@Shadowsoflife yea that was great wich i had a group to play that game w it seems like a fun one (though weird cause 1's are good),neither,0.051618353151403715,0.35278072706960534,0.5956009197789911
@misroi Hmmm. I can't argue that,neither,0.03608401784645515,0.3653556613916294,0.5985603207619155
"Download the new Critical Role theme song for Campaign Two! http://itunes.apple.com/album/id1331550250?ls=1&app=itunes Sales of the song support the musician, Jason Charles Miller.",neither,0.04445767596344001,0.2510827790306858,0.7044595450058742
"My dad is vacuuming the house! And even with my headphones on I can just barely hear y'all, Eric :(",neither,0.02327250191082855,0.46003990633578357,0.5166875917533879
"@Suedyin Unfortunately my strength is fading, She entered a ""fb official"" relationship with him a couple days ago. I can't keep up the things I was still doing for her. It's too heart-rending.",offensive_language,0.026110530641868353,0.5020979694602491,0.47179149989788266
"I like aliza pearl’s look, color looks good on her.",offensive_language,0.0390593347867744,0.5165314962490126,0.44440916896421306
how do you spell okey dokey dice properly?,neither,0.052899683584330434,0.36452641325617896,0.5825739031594906
Mirror Amy Dallen is pure Evil,neither,0.04509647736042969,0.3284351091121336,0.6264684135274368
gandsHype vieHype guyjudgeLove selene1Selene1 feliciaHype fmgHYPE franki9Hi franki9Love franki9Love franki9Love franki9Hi franki9Hi franki9Hi,neither,0.03945320844208391,0.33037608806864915,0.630170703489267
@MissMystic31 his electric razor crapped out when he was half done so it was either shave it all or have weird facial hair,neither,0.04319477072924787,0.42046059461585183,0.5363446346549005
,neither,0.03945320844208391,0.33037608806864915,0.630170703489267
Jason Charles Miller is a legitimate Legend :),neither,0.044842685456399176,0.3285223997857103,0.6266349147578905
"Oakie Doakie Dice, IIRC",neither,0.03945320844208391,0.33037608806864915,0.630170703489267
https://www.humblebundle.com/books/numenera-monte-cook-books,neither,0.03945320844208391,0.33037608806864915,0.630170703489267
"@DarkestArgentum It was, It weird watching the same group play two different games",neither,0.03798929442215523,0.3203665945763994,0.6416441110014455
"Help G&S make great content! $4.99/month gets you emotes, Minecraft server access, sub-only VODs, and more! Every sub keeps the channel alive! twitch.tv/geekandsundry/subscribe",neither,0.043907990691603095,0.31135964332838284,0.644732365980014
<3 Numenera <3 !!!!!!!!!!!!!!!!!!!!,neither,0.03945320844208391,0.33037608806864915,0.630170703489267
"I mean, I have a wyrm wood dice tray so who am I to judge?",neither,0.043181698792862266,0.39753503280610314,0.5592832684010347
"Can't stay long, I have some business to take care of, just wanting to pop in and say thank you to @GeekandSundry for all the great content you guys put out, and I will have to catch the Vod later. gandsLessthanthree",neither,0.0503968603390536,0.3231870595769387,0.6264160800840077
!rbschedule,neither,0.03945320844208391,0.33037608806864915,0.630170703489267
Find the rebroadcast schedule for today here: http://bit.ly/ThurRebroadcast,neither,0.05993176898675194,0.16282973960513905,0.7772384914081091
I just shaved too so I must be evil,neither,0.036710572009820766,0.37704919668930786,0.5862402313008713
Okie Doakie doggy daddy,neither,0.03945320844208391,0.33037608806864915,0.630170703489267
Numenera is the BEST!,neither,0.05135998456280659,0.2889087219359037,0.6597312935012896
Numenera is such a fun game,neither,0.04818543724701754,0.27735504867059313,0.6744595140823895
https://clips.twitch.tv/DifferentUnusualHamsterKappa,neither,0.03945320844208391,0.33037608806864915,0.630170703489267
Doodle,neither,0.03945320844208391,0.33037608806864915,0.630170703489267
Mirror me is robbing a Bank,neither,0.03929114272689633,0.3579725399334712,0.6027363173396325
LOL,neither,0.020706217963973744,0.4882283491876925,0.4910654328483337
"and for people who LOVE LORE, the computer game is incredible :)",neither,0.056883810487209384,0.2903437218138975,0.652772467698893
love that gif,neither,0.032400037812249746,0.3899360012273203,0.5776639609604299
@th3madhat the weekend rb schedule will not available until later today,neither,0.03818326563535094,0.29840542129219466,0.6634113130724545
WE GO TOGETHER! (phrase from the Numnara game Sam and the uncommon trust played),neither,0.03887708559036261,0.26026438343449365,0.7008585309751437
"OkieDookie is better. Because, it's me! :P lol :P",neither,0.029048995198627074,0.4353295256983472,0.5356214791030258
"@Danoba Hey, did I hear that people have gotten packages returned from the PO Box? Because it happened to me...",neither,0.04824286672001869,0.3544404653736466,0.5973166679063348
"I was a high tier backer of Tides on KS, it is incredible",neither,0.03909276692018301,0.4009207957972251,0.5599864372825918
Whoa its a shaved Eric..,neither,0.03478549899586559,0.33198152738783265,0.6332329736163016
he looks so diffeent..,neither,0.04758913929125642,0.39390192985855077,0.5585089308501928
The problem with Numenera is I just end up with that Euro-pop song stuck in my head?,neither,0.021782254063232566,0.46276969957121794,0.5154480463655495
PIDIF!,neither,0.03945320844208391,0.33037608806864915,0.630170703489267
@th3madhat next rb of C2ep49 after live shows end for tdayy,neither,0.037695492441258915,0.3177015453841147,0.6446029621746263
He’s our baby faced GM today,neither,0.042314876928518895,0.312312170429291,0.6453729526421902
Okie Dookie have cool DICE but they don't sell in america yet,neither,0.13664626222708012,0.27036476136309573,0.5929889764098242
"@darkofnate Yes, but we have since fixed it.",neither,0.03510451066467508,0.3483889154186515,0.6165065739166734
That or the camera affects got more HD.,neither,0.03672706519428237,0.36915400158417766,0.5941189332215399
"very very heavy RP and lore, although the combat implementation could be improved",neither,0.03871891539958073,0.2996601293441593,0.66162095525626
!mcgshop,neither,0.03945320844208391,0.33037608806864915,0.630170703489267
"Monte Cook Games is giving $5 off anything in the MCG shop, use the coupon code ""measurez"" in the MCG shop at checkout! There are a ton of PDF adventures you can get for less than $5 and play with the free Numenera Rules & Adventure Quickstart or Cypher System Rules Primer. https://www.montecookgames.com/store/",neither,0.03942500733969252,0.32565213622189765,0.6349228564384098
"@DarkestArgentum No, not that.",neither,0.029254544949691232,0.43742947394405385,0.5333159811062548
I feel like someones gonna roll a die at me..,neither,0.1367840536729508,0.26459866140011157,0.5986172849269376
@Danoba So I should try again? Same address?,neither,0.049295005731003774,0.4411287411038251,0.5095762531651712
Did eric give his beard to matt?,neither,0.0630283253129352,0.32868222621964305,0.6082894484674216
"Torment Tides of Numenera is so fabulous and IS a spiritual successor to the best computer RPG game of all time, Planescape Torment",neither,0.05118546767230856,0.3360287656422648,0.6127857666854267
@sunlitlake You sonunva...NOW IT'S IN MY HEAD!!!!! SwiftRage,offensive_language,0.03797381181897371,0.5429391798006509,0.4190870083803753
"Hello, Darcy...and Holly",neither,0.03840264189818727,0.2749437060729204,0.6866536520288923
@Purplebreeze80 Yes,neither,0.03945320844208391,0.33037608806864915,0.630170703489267
@Purplebreeze80 LOL,neither,0.020706217963973744,0.4882283491876925,0.4910654328483337
"but even with its faults, Torment: Tides of Numenera is one of my all time favourites, right up there with Baldur's Gate 2 and Pillars of Eternity",neither,0.021672533188623104,0.46745460104541625,0.5108728657659607
"Eh, I'd argue that Planescape is the best book you'll ever play but the combat is weaksauce.",neither,0.05268636698941877,0.3576380351926475,0.5896755978179337
@chaoticloony So true! Best damn CRPG back in the dark ages.,offensive_language,0.04243205369313757,0.6712439569106893,0.28632398939617326
STOP TEASING,neither,0.0394062498122868,0.4176965707742737,0.5428971794134395
SECRETS,neither,0.03945320844208391,0.33037608806864915,0.630170703489267
SECRETS,neither,0.03945320844208391,0.33037608806864915,0.630170703489267
@chaoticloony so true!,neither,0.03940988895743227,0.40335630922105503,0.5572338018215127
WAVE to the CREW,neither,0.04526002942082363,0.31053308502834737,0.644206885550829
that's a REALLY good Stewie impression WOW,neither,0.03623161710983184,0.36064858486185813,0.6031197980283101
"Late? I’m not late, who’s late? Not me.... gandsNopeNopeNope gandsNopeNopeNope gandsNopeNopeNope",neither,0.03466626368138155,0.38752300872757456,0.5778107275910438
@misroi YES!,neither,0.03945320844208391,0.33037608806864915,0.630170703489267
amydCheers,neither,0.03945320844208391,0.33037608806864915,0.630170703489267
We already know you're Juan Hector :P,neither,0.07411763425337284,0.3629619264395075,0.5629204393071198
critroleBidet,neither,0.03945320844208391,0.33037608806864915,0.630170703489267
#ShipOfSecrets,neither,0.03945320844208391,0.33037608806864915,0.630170703489267
"@darkofnate Yup, we are checking it often as well.",neither,0.05319213322611544,0.3249534012343363,0.6218544655395482
!points Hector,neither,0.03945320844208391,0.33037608806864915,0.630170703489267
"That was an excellent pun, Hector! Here, have some points for that one! You have been awarded 42 points!",neither,0.05003766897837674,0.38201493930407926,0.5679473917175439
Hector LUL gandsHecBird,neither,0.03945320844208391,0.33037608806864915,0.630170703489267
We’re excited!,neither,0.062865246706457,0.29810980075654003,0.639024952537003
"@chiplickin, you're just in time",neither,0.09153724946471586,0.4153456908297264,0.4931170597055579
SO happy to find people who love the game! :),neither,0.07576361228223678,0.29347242537442536,0.6307639623433379
"@Danoba Okay, cool. Thanks.",neither,0.037193355167265046,0.3114523676913883,0.6513542771413466
we're all excited and I just can't hide it,neither,0.048804138717555255,0.343930001693011,0.6072658595894337
Remember that Hector IS the Juan and Only..,neither,0.04154250395270909,0.3166286227965203,0.6418288732507705
@chiplickin you didn't miss mutch other then the fact the gurrent humble bundle is the core books for numinera,neither,0.03408790084588507,0.33215345877160285,0.6337586403825122
