text,top_class,hate_speech,offensive_language,neither
"""dear to us could be Gina too",neither,0.0894611510344636,0.3252025417684086,0.5853363071971278
@Dragonchrome I'm afraid I can't accept points for such low hanging fruit :P,neither,0.036168700197193815,0.3075690618412947,0.6562622379615115
Oh dang. I'm a couple hours late,neither,0.04411231130298126,0.2858001043003453,0.6700875843966736
we in it boys,neither,0.037365817777898706,0.33453757886833385,0.6280966033537674
!permit kbtibbs,neither,0.03945320844208391,0.33037608806864915,0.630170703489267
@postdataest -> kbtibbs has been granted permission to post a link for 60 seconds.,neither,0.03948094283137336,0.31126035666296836,0.6492587005056583
@highvoltage988 there's been a rumour since the one shots that there's something dodgy about Juan. So it could be.,neither,0.03482097125243788,0.3577789099250542,0.607400118822508
title card is up,neither,0.04442771743762511,0.3777735114311223,0.5777987711312527
Good evening all,neither,0.0407757687943942,0.4132731801052576,0.545951051100348
Today's Un-Dad Meme is a 2-for-1 https://twitter.com/KBTibbs/status/1088954584188387328,neither,0.03875700605676042,0.3592198450350308,0.6020231489082086
Vitle Vard!,neither,0.03945320844208391,0.33037608806864915,0.630170703489267
hi everyone,neither,0.032490659208996964,0.4485487193596734,0.5189606214313296
"we have a title screen if you cannot see , please refresh",neither,0.03544063316208381,0.39783518406169477,0.5667241827762215
!discord,neither,0.03945320844208391,0.33037608806864915,0.630170703489267
We have a subscriber-only Discord server! Join here: https://discord.gg/geekandsundry (you'll need to sub and link it to your Twitch) and be a part of the fun!...Warning: It can take up to an hour for the server to update and give you access to the channels,neither,0.08464076273808444,0.286394834032893,0.6289644032290227
Yeah Juan cannot be discounted,neither,0.026052330728049942,0.4270827227523435,0.5468649465196067
PogChamp,neither,0.03945320844208391,0.33037608806864915,0.630170703489267
jcvimHi @violetjoliat,neither,0.03945320844208391,0.33037608806864915,0.630170703489267
"@DarkestArgentum honestly if it's anyone on the C6 cast I'll be pumped. Even if not, the guests here are always amazing so I'm looking forward to whoever it may be",neither,0.04364534214826448,0.3739783459498274,0.5823763119019082
@violetjoliat good evening! teenHEY,neither,0.03869882722860525,0.3306355543605695,0.6306656184108252
Bets on Juan getting possessed by Antonio like the hot dude from the all female ghost busters.,neither,0.040520748960596015,0.42170597491413603,0.5377732761252679
"3 mins, last chance for all the things",neither,0.034908167823255024,0.3439546072459484,0.6211372249307966
OOh just in time,neither,0.03343328943977223,0.3744328848853953,0.5921338256748324
I'd love to see Sam or Gina as one of the Weird Sisters or Eric as the Lasombra or Bonnie as a WS or...,neither,0.03746263283255495,0.37174085575986165,0.5907965114075835
anyone else hoping for another #TempleTantrum tonight?,neither,0.06413431508690948,0.2426552901489215,0.693210394764169
@KingdomOfRogue OMG that's genius!,neither,0.035448031826074165,0.3739638341398996,0.5905881340340263
"first night watching, whats up peeps?",neither,0.02781708722941356,0.3702115254155226,0.6019713873550637
hey @boone_faustus,neither,0.03945320844208391,0.33037608806864915,0.630170703489267
Hello vamily,neither,0.03945320844208391,0.33037608806864915,0.630170703489267
Yeah any of the C6 cast would be amazing in this.,neither,0.027438987504331293,0.3956880998793654,0.5768729126163034
hey vamily!,neither,0.03945320844208391,0.33037608806864915,0.630170703489267
SeemsGood finally friday,neither,0.03945320844208391,0.33037608806864915,0.630170703489267
xD haha yes! Would love a Temple tantrum so I can finish this doodles!,neither,0.034367187104525486,0.41115211049550054,0.5544807023999739
Hey @WinterFaery84,neither,0.03945320844208391,0.33037608806864915,0.630170703489267
the drinks cabinet is unlocked and @Dragonchrome has the keys (because I lost them last week ;p ),neither,0.05068509819972804,0.28203391034775943,0.6672809914525125
Vampire! D:,neither,0.03945320844208391,0.33037608806864915,0.630170703489267
@foxqwil welcome,neither,0.03945320844208391,0.33037608806864915,0.630170703489267
<3 <3 <3 <3,neither,0.03945320844208391,0.33037608806864915,0.630170703489267
!points @HereCreatureComes,neither,0.03945320844208391,0.33037608806864915,0.630170703489267
"That was an excellent pun, @HereCreatureComes! Here, have some points for that one! You have been awarded 30 points!",neither,0.05037983996645441,0.3834344862531679,0.5661856737803777
Welcome to the vamily @foxqwil,neither,0.04828521949961754,0.3017179234363179,0.6499968570640645
:D,neither,0.03945320844208391,0.33037608806864915,0.630170703489267
@boone_faustus That would be awesome,neither,0.03490430551499995,0.375691734795222,0.5894039596897781
"i havent watched any of season 2 yet,",neither,0.039628147502399236,0.3274069156605316,0.6329649368370691
I'm hoping for another sick gamble from Jasper,neither,0.061342836383969125,0.25798698619057636,0.6806701774254545
SPOOPY VAMPIRES,neither,0.03945320844208391,0.33037608806864915,0.630170703489267
@ApproachingZero Heyo,neither,0.03945320844208391,0.33037608806864915,0.630170703489267
Oh man i am not prepared,neither,0.042968745848786016,0.346302315264571,0.6107289388866429
Good evening to the whole Damned Vamily.,neither,0.04340262189238673,0.3147928771954063,0.641804500912207
"Cheers @Suedyin , found your keys, here you gp",neither,0.14439572427919808,0.31857818645743513,0.5370260892633667
It's that time of the week boys and girls! Hello Vamily!,neither,0.024247827181338066,0.3961543456255702,0.5795978271930917
I have my fangs in and I'm ready to go,neither,0.034525709200082765,0.37283533873132396,0.5926389520685933
Greetings to all awakening Cainites,neither,0.049928037112038665,0.41002563141161924,0.5400463314763422
stilljust prolog shit or doineed toplaycatch up?,offensive_language,0.03755648268912939,0.9624379640144596,5.553296410980203e-06
Last ep was really good,neither,0.03877931039611349,0.33238484729271306,0.6288358423111733
"What up, Vamily :D",neither,0.04549209283961305,0.43877665191533993,0.5157312552450469
So excited,neither,0.03940839469474773,0.3948270312238364,0.565764574081416
Grats @bitgod,neither,0.03945320844208391,0.33037608806864915,0.630170703489267
eveneng all,offensive_language,0.046917543854519406,0.6277741405869331,0.3253083155585475
hello vamily from Texas,neither,0.040553695508357114,0.31169795051161153,0.6477483539800314
Hey,neither,0.03945320844208391,0.33037608806864915,0.630170703489267
@CaffeinatedNate This is the third episode of season 2,neither,0.04532187384431646,0.31322431977084814,0.6414538063848353
Hey everyone!!!!,neither,0.031959242684595296,0.4575682446653829,0.5104725126500218
just... **shoves off the roof** Still not over it,neither,0.03163336470645111,0.3486633353416917,0.6197032999518572
Hey Vamily!,neither,0.03945320844208391,0.33037608806864915,0.630170703489267
"Did you hear? Deborah Ann Woll and Geek & Sundry have teamed up for Relics and Rarities, her original and addictive new weekly tabletop RPG series coming February 4th, 2019! Delve into a fantastic world full of mystery, monsters, and murder most foul with Deborah both as DM and storyteller. She’ll be joined by a core cast including Julia Dennis, Tommy Walker, Xander Jeanneret, and Jasmine Bhullar, with surprise celebrity guests stopping in for each installment. Learn more: bit.ly/2rz2o4T",neither,0.03543280056983881,0.3566803101538632,0.6078868892762981
@caffeinatednate lots of catchup,neither,0.03945320844208391,0.33037608806864915,0.630170703489267
hello from WV,neither,0.04044253611397438,0.3135846155371888,0.645972848348837
@sarahbee816 12 successes LUL,neither,0.03945320844208391,0.33037608806864915,0.630170703489267
I am liking the epilogue so far this season with Chloe,neither,0.031642346639600936,0.3705995189921652,0.5977581343682338
including the prologe episodes?,neither,0.03860354647632942,0.3148545430354004,0.6465419104882703
Welcome everyone!!! <3,neither,0.0325188347224673,0.44807050736385123,0.5194106579136816
"""Murder most FOUL"" ayyyy",neither,0.03945320844208391,0.33037608806864915,0.630170703489267
Hello Vamily,neither,0.03945320844208391,0.33037608806864915,0.630170703489267
Is the Vamily ready for the Frenzy tonight?,neither,0.038016949360985784,0.2732473033128059,0.6887357473262083
The human epilogues are indeed A+,neither,0.2513055364666482,0.12570484416718153,0.6229896193661704
@CaffeinatedNate The Epilogue Episodes were part of season 1,neither,0.03918428148208995,0.2978293873338003,0.6629863311841098
jcvimHi to all the Vamily joining us,neither,0.09580697458599302,0.3675672818954318,0.5366257435185752
Hello fellow kindreds :) /,neither,0.03945320844208391,0.33037608806864915,0.630170703489267
here we go,neither,0.13156755280784707,0.2765461283225309,0.5918863188696221
gandsHype gandsHype gandsHype,neither,0.03945320844208391,0.33037608806864915,0.630170703489267
"Good evening Vamily, greetings from Alabama!",neither,0.03980392341655155,0.3150810740590939,0.6451150025243546
Yay!!,neither,0.03945320844208391,0.33037608806864915,0.630170703489267
PogChamp,neither,0.03945320844208391,0.33037608806864915,0.630170703489267
I'm finally able to catch it live,neither,0.04762863282359661,0.3262407886096934,0.62613057856671
@fleshhy I swear they have the weirdest luck... horribly good or horribly bad,neither,0.03497872928899657,0.3252713103571557,0.6397499603538477
Want the inside scoop? Join the cast of Critical Role and discuss the most recent episode right here on Talks Machina. Tuesdays 7pm Pacific at twitch.tv/geekandsundry and projectalpha.com,neither,0.04573032993319735,0.22538911733705982,0.7288805527297427
YAY,neither,0.03945320844208391,0.33037608806864915,0.630170703489267
Woot!!,neither,0.03945320844208391,0.33037608806864915,0.630170703489267
WOO,neither,0.03945320844208391,0.33037608806864915,0.630170703489267
vamp daddy!,neither,0.03945320844208391,0.33037608806864915,0.630170703489267
it is night and hard to see things in the dark,neither,0.03404030442867893,0.4596227748135765,0.5063369207577445
lol watching anarchs not be able to keep their stuff together,neither,0.03760481910393818,0.3706943427065676,0.5917008381894941
critroleBts,neither,0.03945320844208391,0.33037608806864915,0.630170703489267
"Hello, good evening",neither,0.03885282145264129,0.33058258868542556,0.6305645898619331
Good Evening........,neither,0.03869882722860525,0.3306355543605695,0.6306656184108252
"Welcome, Kindred and kine alike, to the Vamily <3",neither,0.04441255167269587,0.2752928299310405,0.6802946183962636
WOOHO,neither,0.03945320844208391,0.33037608806864915,0.630170703489267
:D,neither,0.03945320844208391,0.33037608806864915,0.630170703489267
<3,neither,0.03945320844208391,0.33037608806864915,0.630170703489267
ramaLove,neither,0.03945320844208391,0.33037608806864915,0.630170703489267
"@sarahbee816 No kidding, that last night was a nailbiter",neither,0.029042151572938327,0.38193263429328805,0.5890252141337737
yay!!!,neither,0.03945320844208391,0.33037608806864915,0.630170703489267
<3 Jason Carl <3,neither,0.03945320844208391,0.33037608806864915,0.630170703489267
Whaaa,neither,0.03945320844208391,0.33037608806864915,0.630170703489267
"Jason about to mess me up, again.",neither,0.033643805731003645,0.4426169216842567,0.5237392725847397
Manners critroleGothdad,neither,0.03945320844208391,0.33037608806864915,0.630170703489267
just watched c6 and so stressed!!!,neither,0.03463933923133711,0.3513375783468693,0.6140230824217936
Grats @rafael_fl8,neither,0.03945320844208391,0.33037608806864915,0.630170703489267
<3,neither,0.03945320844208391,0.33037608806864915,0.630170703489267
<3,neither,0.03945320844208391,0.33037608806864915,0.630170703489267
Welcome my Vamily,neither,0.024311295978896617,0.4537481471690659,0.5219405568520374
XD Oh Victor,neither,0.04546305824073122,0.2734269899288309,0.6811099518304378
<3 Alex Ward <3 :),neither,0.03945320844208391,0.33037608806864915,0.630170703489267
Undisputed ! :),neither,0.03945320844208391,0.33037608806864915,0.630170703489267
Not for much longer,neither,0.028329621993830045,0.30494401606382693,0.666726361942343
gandsPartyShield gandsDrink gandsTWC,neither,0.03945320844208391,0.33037608806864915,0.630170703489267
Yes you are Victor!,neither,0.09555947771322836,0.3267737576714505,0.5776667646153212
"""undispited"" ? LUL",neither,0.03945320844208391,0.33037608806864915,0.630170703489267
Aw,neither,0.03945320844208391,0.33037608806864915,0.630170703489267
critroleKeyfish critroleKeyfish,neither,0.03945320844208391,0.33037608806864915,0.630170703489267
I envy and pity the people who have not seen this yet. You've got about 31 hours of awesomeness to catch up on.,neither,0.04077338192728073,0.40540442817024636,0.553822189902473
we miss you Cynthia!,neither,0.05183915647011759,0.41802716761872033,0.530133675911162
!whodat,neither,0.03945320844208391,0.33037608806864915,0.630170703489267
"GM Jason Carl ( twitter.com/vampiresnvino ), with Alex Ward ( twitter.com/AlexWard777 ), Erika Ishii ( twitter.com/erikaishii ), B. Dave Walters ( twitter.com/BDaveWalters ).",neither,0.035595393723480424,0.4659892341278454,0.49841537214867415
Ohh safe travels for Cyn,neither,0.03363716885639515,0.3013307849791861,0.6650320461644187
JIM,neither,0.03945320844208391,0.33037608806864915,0.630170703489267
Ooooh,neither,0.03945320844208391,0.33037608806864915,0.630170703489267
Hello Vamily,neither,0.03945320844208391,0.33037608806864915,0.630170703489267
oh nooo Nelli <3,neither,0.0456283565223502,0.2719307315164877,0.6824409119611621
jcvimKappa jcvimKappa jcvimKappa jcvimKappa,neither,0.03945320844208391,0.33037608806864915,0.630170703489267
Good morning fellow europeans! :),neither,0.04536316970685109,0.2202001168824266,0.7344367134107224
At a dramatically appropriate time,neither,0.03749144507580072,0.3742087772496515,0.5882997776745477
KonCha YEAH JO,neither,0.023144578457473645,0.4440631255406231,0.5327922960019034
<3 @chaoticloony and everyone else in our #Vamily,neither,0.03298656501252961,0.3937386395199772,0.5732747954674932
yea TSA is rough right now,neither,0.04437641180782133,0.3441332360640204,0.6114903521281584
JO PogChamp,neither,0.03945320844208391,0.33037608806864915,0.630170703489267
@katepercy yea hoping vampire is nice and relaxing tonight,neither,0.0419561069513534,0.29461843782978203,0.6634254552188646
We have a subscriber-only Discord server! Join here: https://discord.gg/geekandsundry (you'll need to sub and link it to your Twitch) and be a part of the fun!...Warning: It can take up to an hour for the server to update and give you access to the channels,neither,0.08464076273808444,0.286394834032893,0.6289644032290227
Applause for JCVIM :),neither,0.023896577328981292,0.2538532852897668,0.7222501373812519
Josephine!,neither,0.03945320844208391,0.33037608806864915,0.630170703489267
Wooo Hoo JCVIM!,neither,0.03945320844208391,0.33037608806864915,0.630170703489267
For officially licensed VtM gear (and the awesome GM screen Jason is using) check out http://dogmight.com/vtm and http://bit.ly/v5spellbooktome,neither,0.034506929539736636,0.237927588715498,0.7275654817447653
jcvimHype jcvimHype jcvimHype jcvimHype jcvimHype,neither,0.03945320844208391,0.33037608806864915,0.630170703489267
Nellie is missed!,neither,0.051914894884597704,0.32608994266292834,0.621995162452474
yay!,neither,0.03945320844208391,0.33037608806864915,0.630170703489267
Oh this will be a great guest! Plus she was here last week hehe,neither,0.066362160892256,0.30224079335939047,0.6313970457483535
Good afternoon ma Australians,neither,0.03277693005153734,0.43487324457938603,0.5323498253690766
JCVIM on VtM,neither,0.02983740057173753,0.3797445071048369,0.5904180923234256
"""Dramatically appropriate moment"" -takes a shot-",neither,0.03945320844208391,0.33037608806864915,0.630170703489267
wooo!,neither,0.03945320844208391,0.33037608806864915,0.630170703489267
<3,neither,0.03945320844208391,0.33037608806864915,0.630170703489267
smakH smakBest,neither,0.03945320844208391,0.33037608806864915,0.630170703489267
"Lassie LeClerc herself, JIM",neither,0.03945320844208391,0.33037608806864915,0.630170703489267
Thought so after seeing her host yesterday. Jisephine should be interesting,neither,0.04335010680025185,0.4684410277266303,0.48820886547311776
\o/,neither,0.03945320844208391,0.33037608806864915,0.630170703489267
gandsLessthanthree gandsLessthanthree,neither,0.03945320844208391,0.33037608806864915,0.630170703489267
gandsHype jcvimTeatime,neither,0.03945320844208391,0.33037608806864915,0.630170703489267
Yay! that's us!,neither,0.07923638739772379,0.36639717592277943,0.5543664366794968
JIM,neither,0.03945320844208391,0.33037608806864915,0.630170703489267
In JCVIM i always believe,neither,0.037078557816114896,0.4043488467449335,0.5585725954389517
#LAByNight,neither,0.03945320844208391,0.33037608806864915,0.630170703489267
PogChamp,neither,0.03945320844208391,0.33037608806864915,0.630170703489267
gandsHype,neither,0.03945320844208391,0.33037608806864915,0.630170703489267
Jasper killed the sheriff but he didn't bite the deputy,neither,0.03059855910366855,0.34159385011218474,0.6278075907841466
"minimising chat now, so I can focus...",neither,0.03966944467747306,0.3666541208351027,0.5936764344874242
PogChamp,neither,0.03945320844208391,0.33037608806864915,0.630170703489267
what dis,neither,0.04880634909253281,0.32381376934592754,0.6273798815615398
Oh hell yeah! JVCIM!,offensive_language,0.028276047408607233,0.8202133433553158,0.15151060923607693
PogChamp,neither,0.03945320844208391,0.33037608806864915,0.630170703489267
wat <3,neither,0.03945320844208391,0.33037608806864915,0.630170703489267
Yay Ramona,neither,0.03945320844208391,0.33037608806864915,0.630170703489267
HELL YEAH,offensive_language,0.024014075456083226,0.8806496383571902,0.0953362861867266
<3 Ramona <3,neither,0.03945320844208391,0.33037608806864915,0.630170703489267
Josephine was just talking about having caught up last week and now she's in the show!,neither,0.04211730744435906,0.36102013945559736,0.5968625531000435
PokGengar,neither,0.03945320844208391,0.33037608806864915,0.630170703489267
Oh we are all Vamily,neither,0.10170474399444236,0.2942895889948709,0.6040056670106868
BEX TAYLOR,neither,0.03945320844208391,0.33037608806864915,0.630170703489267
Too quiet,neither,0.03912509320715175,0.33594505991797496,0.6249298468748733
Cute!!,neither,0.04322311181158326,0.266390989224455,0.6903858989639619
I love this so much,neither,0.030554670301820085,0.4160811300226451,0.5533641996755347
"Don't forget to breathe, Josephine... oh wait...",neither,0.04986631158333486,0.2857455349633856,0.6643881534532795
"Download the new Critical Role theme song for Campaign Two! http://itunes.apple.com/album/id1331550250?ls=1&app=itunes Sales of the song support the musician, Jason Charles Miller.",neither,0.04445767596344001,0.2510827790306858,0.7044595450058742
yes i havent missed it,neither,0.0381923932250758,0.33080974023721965,0.6309978665377044
Gift hrpgSub hrpgHyperHype,neither,0.03945320844208391,0.33037608806864915,0.630170703489267
Bex is so cool o.o,neither,0.05258688837002,0.395052413387421,0.5523606982425592
victor has a beard?,neither,0.039814952330671706,0.3242363502029948,0.6359486974663335
This is awesome,neither,0.050512911114032236,0.32860941969445295,0.6208776691915148
"Yasss my vamily, I'm so glad to be a part of it!",neither,0.034152636341439835,0.43415580778655605,0.5316915558720042
"oh man this art, that Nelli is FIERCE",neither,0.046731754997722696,0.3714627226086492,0.5818055223936281
Could they turn up the volume?,neither,0.03646082475274348,0.3592615097632583,0.6042776654839982
Lasombra monkaS,neither,0.03945320844208391,0.33037608806864915,0.630170703489267
very quiet VO,neither,0.03945320844208391,0.33037608806864915,0.630170703489267
!breathe,neither,0.03945320844208391,0.33037608806864915,0.630170703489267
"Breathe super390, don't forget to breathe!",neither,0.04357867593202935,0.3279363062686026,0.6284850177993679
This is nice art/,neither,0.04805725565368535,0.3290434913085242,0.6228992530377904
Lasombra monkaS,neither,0.03945320844208391,0.33037608806864915,0.630170703489267
"""Good thing he is already ugly""",neither,0.19190096348979907,0.15584497087035973,0.6522540656398412
"Bex will voice some of these coming up, this time it didn't work for our schedule this week",neither,0.02635124034788761,0.40787495207971336,0.5657738075723989
aaah! first live ep!,neither,0.03649764166815026,0.3313926430115001,0.6321097153203495
My boy!!,neither,0.021444584624538354,0.48220956225782785,0.49634585311763385
!blink,neither,0.03945320844208391,0.33037608806864915,0.630170703489267
"JCVIM, PLEASE BLINK!",neither,0.03945320844208391,0.33037608806864915,0.630170703489267
"Wait. First Jason imitates Xander, now he's imitating Bex? Why is Jason Carl stealing back all his NPCs?",neither,0.047576591665015065,0.3724431747272959,0.579980233607689
I really wanna draw the decap scene too. What a badass moment!,neither,0.04211985994361156,0.3202669460592964,0.6376131939970922
BOIII,neither,0.03945320844208391,0.33037608806864915,0.630170703489267
@CackleBarnacle Victor looks like Suge Knight At least he does in my head,neither,0.03150302174778806,0.47571397777268126,0.4927830004795306
loved it,neither,0.03750910659539627,0.3310447538416866,0.6314461395629172
DUDE!! I love when G&S does Reading Rainbow for grownups!!!!,neither,0.020305595905672998,0.43718060666137276,0.5425137974329541
<3 <3 <3 <3,neither,0.03945320844208391,0.33037608806864915,0.630170703489267
cool recap,neither,0.03945320844208391,0.33037608806864915,0.630170703489267
so these intros are getting better and I appreciate it,neither,0.06459170042755466,0.41869522924479213,0.5167130703276532
Sheriff got..... retired,neither,0.0383397714418862,0.37035685364019993,0.591303374917914
"Help G&S make great content! $4.99/month gets you emotes, Minecraft server access, sub-only VODs, and more! Every sub keeps the channel alive! twitch.tv/geekandsundry/subscribe",neither,0.043907990691603095,0.31135964332838284,0.644732365980014
Grats @chaoticloony,neither,0.03945320844208391,0.33037608806864915,0.630170703489267
I hope the recap sketches are a recurring thing,neither,0.11042829803995081,0.17442365480697294,0.7151480471530762
Love this intro so much,neither,0.03326023162260421,0.3876025863833219,0.5791371819940739
"""Here's Jasper casually starting a faction war!""",neither,0.06333197599129908,0.3092242787856126,0.6274437452230882
evening Vamily!,neither,0.03945320844208391,0.33037608806864915,0.630170703489267
oh boy ! my boy what did you do ? Keepo,neither,0.051901133896871315,0.3966960311298321,0.5514028349732966
"@GeekandSundry good to hear, love Jason but we could always use more Bex!",neither,0.01926279586574928,0.4354598944191917,0.545277309715059
YESSSSSS,neither,0.03945320844208391,0.33037608806864915,0.630170703489267
"Wait, did Bex draw those?",neither,0.06343038168335476,0.2629935620430164,0.6735760562736288
Cool ibntro,neither,0.03945320844208391,0.33037608806864915,0.630170703489267
< worships at the temple of Jason Carl > ;p,neither,0.03822800257221243,0.3357481777302798,0.6260238196975078
May the Vamily live forever! and ever.. and ever,neither,0.04198456888412182,0.2494720359878953,0.7085433951279829
fricking love that opening no matter how many times I see it,neither,0.03345726161125038,0.37826860078233965,0.58827413760641
"Heh, my first VTM ep. I subbed for this. Hope LABN gets a S3",neither,0.04048324998340206,0.30017260530828654,0.6593441447083114
Hi @wizrddblzrd,neither,0.03945320844208391,0.33037608806864915,0.630170703489267
intro* oops,neither,0.03945320844208391,0.33037608806864915,0.630170703489267
"lol, reading rainbow for grown ups, thats a good line, fist bump",neither,0.02956402913706657,0.3981768856911952,0.5722590851717382
"Okay, so I kind of want the Ramona recap to be a permenant feature.",neither,0.04312653662930081,0.34401363838981464,0.6128598249808844
Hi @wizrddblzrd !,neither,0.03945320844208391,0.33037608806864915,0.630170703489267
Megan the artist for those segments is here: https://twitter.com/MIAnewarcher,neither,0.0984345815421315,0.2914529900491525,0.610112428408716
The Lasombra is Juan. I am calling it!,neither,0.04419342449576604,0.31417679909887736,0.6416297764053565
"@rafael_fl8 I dunno, I'm kinda picturing Common.",neither,0.03945320844208391,0.33037608806864915,0.630170703489267
I like when jasper threw the two runaway drug makers and smashed their heads together and 'accidentally killed them.,neither,0.04428798396784553,0.3065539728912219,0.6491580431409325
@chaoticloony atpHorns,neither,0.03945320844208391,0.33037608806864915,0.630170703489267
Thanks Anon!,neither,0.037328737276664754,0.31258604004565615,0.6500852226776791
also love how both Friday shows are doing an in-universe video recap now,neither,0.0535432890368802,0.26255202568406744,0.6839046852790523
@boone_faustus me too :),neither,0.025456656249999262,0.41690574403459846,0.5576375997154023
"@TheJerseyDriver for her previous summary of Season 1 they used an artist other than Bax, details on the Youtube video",neither,0.032008214773876005,0.37236575364998553,0.5956260315761385
Are we live or is this pre recorded?,neither,0.07110194950639413,0.2955609492028092,0.6333371012907967
"Replaying VtM: bloodline this week, so was nice seeing Abrams, and Strauss and the like",neither,0.044320923717690065,0.30678174762647153,0.6488973286558383
Live,neither,0.04891340716200846,0.3271222919257548,0.6239643009122369
Juan's not suave enough to be Kindred,neither,0.04370850963170367,0.3339332294657546,0.6223582609025416
I love this title sequence!,neither,0.03601575214197084,0.34782701458422194,0.6161572332738072
Could the volume go up a bit?,neither,0.037501824255739565,0.36133206600092466,0.6011661097433357
this is LIVE,neither,0.06264826366348325,0.3248039992423424,0.6125477370941744
@ApproachingZero live :),neither,0.04891340716200846,0.3271222919257548,0.6239643009122369
@ApproachingZero Live,neither,0.04891340716200846,0.3271222919257548,0.6239643009122369
,neither,0.03945320844208391,0.33037608806864915,0.630170703489267
burkeLick burkeMug,neither,0.03945320844208391,0.33037608806864915,0.630170703489267
@WinterFaery84 Give the boy a chance!,neither,0.03850893515958427,0.3130798859873982,0.6484111788530176
Live,neither,0.04891340716200846,0.3271222919257548,0.6239643009122369
"Well, undead",neither,0.03945320844208391,0.33037608806864915,0.630170703489267
Haha got distracted by re2,neither,0.035555021423270244,0.4737809042433222,0.49066407433340753
@chaoticloony @dinosaurdice :),neither,0.03945320844208391,0.33037608806864915,0.630170703489267
Hi @strous1,neither,0.03945320844208391,0.33037608806864915,0.630170703489267
noooo,neither,0.03945320844208391,0.33037608806864915,0.630170703489267
"just got here, no Nelli or is she coming in later?",neither,0.08021260348366024,0.4295637912088314,0.49022360530750836
"LOL, I mean, it's true......",neither,0.029365130352664637,0.39527507757181973,0.5753597920755157
minimising again ;) stay cool my #Vamily,neither,0.026300856948571028,0.4512999594334956,0.5223991836179335
my wifi is so sloooow,neither,0.03405949897294174,0.4769046389190489,0.4890358621080094
"@hopefulninja, no Nellie tonight",neither,0.034371884048130595,0.31976286954468675,0.6458652464071827
@DocoRock 'By accident' is Jaspers preferred kill weapon,neither,0.2552569508430271,0.2655926432702469,0.4791504058867261
@HopefulNinja she could not make it tonight,neither,0.034822484305028704,0.392076361572173,0.5731011541227983
burkeLove burkeLove burkeLove burkeRekt,neither,0.03945320844208391,0.33037608806864915,0.630170703489267
@HopefulNinja she couldn't make it,neither,0.03950793851025588,0.44333946560522597,0.5171525958845181
Thanks for the sub gift,neither,0.03264549114182795,0.28294988304455765,0.6844046258136145
,neither,0.03945320844208391,0.33037608806864915,0.630170703489267
Grats @Shadowner,neither,0.03945320844208391,0.33037608806864915,0.630170703489267
Nice! but sad we won't get episodic wine suggestions from @vampiresandvino,neither,0.037565112482308274,0.3324755516233922,0.6299593358942995
LUL,neither,0.03945320844208391,0.33037608806864915,0.630170703489267
Baby B!,neither,0.03945320844208391,0.33037608806864915,0.630170703489267
monkaS,neither,0.03945320844208391,0.33037608806864915,0.630170703489267
Bad Bhabi B.,neither,0.03134487231026809,0.3331649166770195,0.6354902110127125
Hello everyone,neither,0.03269494828970791,0.4450814005079928,0.5222236512022994
"man, they are really hitting all the right notes. If they play their cards right, I think G&S has the next Critical Role on their hands",neither,0.037676726173527256,0.39145958215879384,0.5708636916676789
baby bat,neither,0.03945320844208391,0.33037608806864915,0.630170703489267
Victor is extracting unpaid labor from Baby B.,neither,0.04688954481307364,0.31382118517790414,0.6392892700090222
Hi @TheTorped0,neither,0.03945320844208391,0.33037608806864915,0.630170703489267
@TheTorped0 gandsOwlbear,neither,0.03945320844208391,0.33037608806864915,0.630170703489267
Baby B will take over the world,neither,0.03694295688769672,0.2929396388470018,0.6701174042653014
What is this about?,neither,0.06160610769336388,0.3630233199330948,0.5753705723735414
!wtfisthis,neither,0.03945320844208391,0.33037608806864915,0.630170703489267
anyone else catch what Erika did towards Alex?,neither,0.04319843848921781,0.32766350608855666,0.6291380554222256
"Led by Storyteller Jason Carl of White Wolf Entertainment, L.A. By Night is a dark tale of personal horror and inhuman conspiracy that sees four vampires doing their best to navigate the macabre affairs and terrifying realities of surviving the L.A. night.",neither,0.11790822065779524,0.4086729631048225,0.47341881623738236
!wtfisthis,neither,0.03945320844208391,0.33037608806864915,0.630170703489267
LUL,neither,0.03945320844208391,0.33037608806864915,0.630170703489267
I like the yellow tint of the lights here.,neither,0.031030787856939985,0.026307486189703876,0.9426617259533561
Ty :),neither,0.03945320844208391,0.33037608806864915,0.630170703489267
Any relation to Cardi B? :P,neither,0.05351827532983312,0.3224049080625812,0.6240768166075855
oh Juan <3,neither,0.04535734983354261,0.27438591475104485,0.6802567354154126
