text,top_class,hate_speech,offensive_language,neither
Tee Bee Deeeeee,neither,0.03945320844208391,0.33037608806864915,0.630170703489267
Hi @gunheadx,neither,0.03945320844208391,0.33037608806864915,0.630170703489267
gandsHug gandsHug gandsHug,neither,0.03945320844208391,0.33037608806864915,0.630170703489267
gandsJohnson gandsDick,neither,0.03945320844208391,0.33037608806864915,0.630170703489267
"@Wolf_Larrysson -> THE EMOTES, THEY`RE TOO MANY [warning]",neither,0.055080314918249766,0.29325628621143124,0.651663398870319
looking forward to tonight's adventure,neither,0.042261271054125436,0.3104622772644467,0.6472764516814278
evening 😊,neither,0.03945320844208391,0.33037608806864915,0.630170703489267
Hi @Wolf_Larrysson,neither,0.03945320844208391,0.33037608806864915,0.630170703489267
hope you all are doing well,neither,0.2003071832482561,0.2639707817269561,0.5357220350247878
critroleAwnp critroleAwnp super excited for the latest edition of Prospect!,neither,0.034943078732857395,0.3005174447228833,0.6645394765442594
gandsDrink,neither,0.03945320844208391,0.33037608806864915,0.630170703489267
Hello everyone,neither,0.03269494828970791,0.4450814005079928,0.5222236512022994
These pieces of music that they use pre-show have lodged themselves into my brain at this point.,neither,0.024119035866004054,0.463090435906445,0.5127905282275509
Hi @7_yoshi,neither,0.03945320844208391,0.33037608806864915,0.630170703489267
@chaoticloony Hiiiii,neither,0.03945320844208391,0.33037608806864915,0.630170703489267
first time watching the game,neither,0.03017982970407583,0.2954774940978894,0.6743426761980348
"hey dudes, how's it going",neither,0.03645651547094835,0.3585091630805246,0.6050343214485271
This is my first episode of tbd rpg what is it exactly,neither,0.03849928198685502,0.39128460310096785,0.5702161149121769
@Wolf_Larrysson Have you caught the VODs?,neither,0.06081335226564928,0.38175085304811496,0.5574357946862356
!wtfisthis,neither,0.03945320844208391,0.33037608806864915,0.630170703489267
"Allow Geek & Sundry to take you by the hand and guide you from game to game in our new programming block, TBD RPG! This show is the space to see every possible sort of Role Playing Game, and the cast is currently playing the Weave RPG!",neither,0.06556019375782646,0.233311417536628,0.7011283887055455
more information at: https://monoclesociety.com/,neither,0.040282569329951536,0.34161890863335853,0.6180985220366899
How is everyone?,neither,0.04174190257704939,0.4592949296925435,0.49896316773040705
gandsTWC gandsTWC gandsTWC,neither,0.03945320844208391,0.33037608806864915,0.630170703489267
gandsHappy gandsHappy gandsHappy gandsHappy gandsHype gandsHype gandsHype gandsHype,neither,0.03945320844208391,0.33037608806864915,0.630170703489267
Hope everyone is doing well :D,neither,0.0800478916739252,0.3171007842526217,0.6028513240734531
Good,neither,0.037820165765928906,0.33093776632913474,0.6312420679049364
Peachy!,neither,0.03945320844208391,0.33037608806864915,0.630170703489267
This is part 4 of a (I presume) 4 part story just so people know,neither,0.05982144851921291,0.3697820006722535,0.5703965508085336
gandsHug gandsHug gandsHug gandsHappy gandsHappy gandsHappy gandsHype gandsHype gandsHype,neither,0.03945320844208391,0.33037608806864915,0.630170703489267
We'ave had a journey,neither,0.03929839886698634,0.33300361057885114,0.6276979905541626
"Yay, it's TBD Society!",neither,0.03812186585524935,0.3308339978337781,0.6310441363109727
"Hi Whitney, Stef, Amy, Gina and Becca",neither,0.03882788631130355,0.299422105481188,0.6617500082075084
@kaisanerd you saw weave society?,neither,0.054333592480054836,0.372546945191722,0.5731194623282232
Woot Amy!,neither,0.03945320844208391,0.33037608806864915,0.630170703489267
Everybody's got ROCKIN' jackets,neither,0.03838036137025059,0.36888942733286645,0.5927302112968829
Hehhehe,neither,0.03945320844208391,0.33037608806864915,0.630170703489267
XD,neither,0.03945320844208391,0.33037608806864915,0.630170703489267
We have a subscriber-only Discord server! Join here: https://discord.gg/geekandsundry (you'll need to sub and link it to your Twitch) and be a part of the fun!...Warning: It can take up to an hour for the server to update and give you access to the channels,neither,0.08464076273808444,0.286394834032893,0.6289644032290227
@tiamatknigth ya,offensive_language,0.017331157930923866,0.7872544665869478,0.19541437548212848
!points Trixie,neither,0.03945320844208391,0.33037608806864915,0.630170703489267
"That was an excellent pun, Trixie! Here, have some points for that one! You have been awarded 23 points!",neither,0.05013159713977728,0.3824060414238869,0.5674623614363358
"Help G&S make great content! $4.99/month gets you emotes, Minecraft server access, sub-only VODs, and more! Every sub keeps the channel alive! twitch.tv/geekandsundry/subscribe",neither,0.043907990691603095,0.31135964332838284,0.644732365980014
"@kaisanerd at this time it is the same, but they will give more opportunity to experiment with other role systems",neither,0.03832868140169434,0.35613684011750224,0.6055344784808034
stefFremen stefFremen stefFremen,neither,0.03945320844208391,0.33037608806864915,0.630170703489267
@tiamatknigth thank you!,neither,0.07325166854587051,0.43632638485078484,0.49042194660334476
Woke Joe!,neither,0.03945320844208391,0.33037608806864915,0.630170703489267
"Platinum card or no, Trixie is a credit to Prospect City, I'm sure",neither,0.04415594935293004,0.41955314338541405,0.5362909072616558
Dr. I-Do,neither,0.04131931927400527,0.3297342469819148,0.6289464337440799
yyaayyy!! Weave Society: RPG is ON! What's good Weave ppl bnans7 oatsSup,neither,0.04520275402402846,0.33446712436020143,0.6203301216157701
"In the words of Becca from last week, ""Never trust a redhead.""",neither,0.03691298311326122,0.33468963313076305,0.6283973837559758
Good callback KB.,neither,0.03875228192880013,0.33061716883797504,0.6306305492332248
I wonder what said zookeeper would have to say about the art-science of domesticating owlbears...,neither,0.04428563237283649,0.3340838291811275,0.621630538446036
Living autopsy on a ghost. Mmhmm.,neither,0.03655996194098168,0.34428080328135013,0.6191592347776681
😱,neither,0.03945320844208391,0.33037608806864915,0.630170703489267
Hello @KBTibbs how are you,neither,0.11107249515052996,0.32544024340169986,0.5634872614477702
🍋 history,neither,0.03945320844208391,0.33037608806864915,0.630170703489267
would that be akin to a mortasection? @Zismarith,neither,0.04343521716158498,0.38836095027869255,0.5682038325597224
@Deathstar_Taco I'm not sure. I can't count that high without taking my socks off.,offensive_language,0.025872707783190122,0.5193856891180499,0.45474160309876
