text,top_class,hate_speech,offensive_language,neither
Given the episode of tonight's title Womack and Womack might be more appropriate :P,neither,0.038347754761233546,0.2843355786665151,0.6773166665722514
techndHey,neither,0.03945320844208391,0.33037608806864915,0.630170703489267
no LA tonight?,neither,0.03565076709730256,0.3214050055626109,0.6429442273400865
both very and not nearly popular enough :P,neither,0.03801135190407156,0.3062098479925749,0.6557788001033535
Title Card is up!,neither,0.04442771743762511,0.3777735114311223,0.5777987711312527
@aquilaguard Really popular with me! <3,neither,0.022405655598929364,0.40985414629234407,0.5677401981087267
its about to start,neither,0.03729488692402889,0.36285564116770713,0.599849471908264
"We have title card if you cannot see, please refresh",neither,0.03544063316208381,0.39783518406169477,0.5667241827762215
@jr_bob_loblaw lol tho. Baron Abrams said to Victor 'no more instabook for you!',neither,0.04154802210317528,0.3908171132077723,0.5676348646890523
"@higgensbiggens Sounds cool, I'll check it out",neither,0.034523134750807566,0.345265831802388,0.6202110334468044
im cooking mac n cheese i shall be ready for tonight!,neither,0.034211929342277375,0.32044755261883573,0.6453405180388868
Damn this episode is called Teardrop? I expect some possible feels,offensive_language,0.04238291211427753,0.6127036544990239,0.3449134333866988
<3,neither,0.03945320844208391,0.33037608806864915,0.630170703489267
"its showing now, ty",neither,0.034234609362508495,0.3321710035941203,0.6335943870433712
<3 #vamily <3,neither,0.03945320844208391,0.33037608806864915,0.630170703489267
"@flashwavexl Oh I haven't seen it yet, and its about time!! hahaha",neither,0.03516434590364094,0.30191366190538876,0.6629219921909703
vampires can't cry tears though. Only blood,neither,0.03963534481499697,0.3272847584822589,0.633079896702744
Evening nerds,neither,0.03945320844208391,0.33037608806864915,0.630170703489267
"or maybe, a Massive Attack...",neither,0.03945320844208391,0.33037608806864915,0.630170703489267
I wonder when/if Becca's character is gonna find out.,neither,0.023713580981433252,0.38627279801879894,0.5900136209997678
this could be a messy episode,neither,0.03977790250370972,0.335265424237612,0.6249566732586783
"Almost show time, oh you pretty things.",neither,0.07595360290744853,0.27559614623101564,0.6484502508615358
after spending a few days binge watching season 1 and catching up on season 2 I am SO EXCITED to be here live lol,neither,0.05496072387709624,0.36396970366760184,0.581069572455302
"either way, buckle up folks",neither,0.036948249635667264,0.38417278516953485,0.578878965194798
@u@ first live one!!! *excited* I binged all the rest instead of #adulting,neither,0.03700986187309037,0.3924673469463444,0.5705227911805653
@Dragonchrome That too,neither,0.03126226639723697,0.423946830183124,0.544790903419639
and...terrified as well heh,neither,0.03740957858286254,0.3258448615665642,0.6367455598505732
Woo,neither,0.03945320844208391,0.33037608806864915,0.630170703489267
<3 <3 <3 <3,neither,0.03945320844208391,0.33037608806864915,0.630170703489267
It's TIME,neither,0.034389982057555904,0.3710596410554468,0.5945503768869974
*cues Bauhaus*,neither,0.03945320844208391,0.33037608806864915,0.630170703489267
,neither,0.03945320844208391,0.33037608806864915,0.630170703489267
"Greetings, Vamily",neither,0.03945320844208391,0.33037608806864915,0.630170703489267
yes i'm very happy. waited all day,neither,0.04120964460609567,0.3733448777623453,0.585445477631559
I'm not ready,neither,0.03741288854270606,0.3380962759290845,0.6244908355282094
@TheOnyxPath SUP NERD,neither,0.03945320844208391,0.33037608806864915,0.630170703489267
"Good evening Vamily,",neither,0.03869882722860525,0.3306355543605695,0.6306656184108252
!whenisvtm,neither,0.03945320844208391,0.33037608806864915,0.630170703489267
"Vampire: The Masquerade - L.A. By Night is on at 8 PM PST on Fridays, it is currently 7:58 PM PST on Friday. There is 1 Minutes, 5 Seconds until the next episode of Vampire: The Masquerade - L.A. By Night.",neither,0.03781173927508428,0.3485606033280767,0.613627657396839
hey vamily!,neither,0.03945320844208391,0.33037608806864915,0.630170703489267
hail @Ossborn :),neither,0.03945320844208391,0.33037608806864915,0.630170703489267
yaaayy!,neither,0.03945320844208391,0.33037608806864915,0.630170703489267
"FYI: We recently announced a new V5 book called ""Cults of the Blood Gods"" which includes fun stuff like the Church of Caine, the Bahari, and the writeup of the Clan of Death: The Hecata",neither,0.0420847049782927,0.2608387786211889,0.6970765164005183
Just in time.,neither,0.030301954458447782,0.39891765189907363,0.5707803936424786
@aquilaguard fairly popular,neither,0.03945320844208391,0.33037608806864915,0.630170703489267
Evening vampies,neither,0.03945320844208391,0.33037608806864915,0.630170703489267
"alright alright, time to get my monster and snack",neither,0.03486263102079915,0.36781204390513,0.5973253250740709
yes,neither,0.03945320844208391,0.33037608806864915,0.630170703489267
Hi everyone.....,neither,0.032490659208996964,0.4485487193596734,0.5189606214313296
nice @TheOnyxPath,neither,0.03945320844208391,0.33037608806864915,0.630170703489267
hey @VisionarySims :),neither,0.03945320844208391,0.33037608806864915,0.630170703489267
"I'm ready, but I'm not ready",neither,0.03562681575832578,0.3427506639061551,0.621622520335519
@superratlord Eyyyyyy,neither,0.03945320844208391,0.33037608806864915,0.630170703489267
"well met, @xdemelza :)",neither,0.03945320844208391,0.33037608806864915,0.630170703489267
"@TheOnyxPath awesome stuff, glad to see v5 growing :D",neither,0.044334611864366526,0.32749962745725003,0.6281657606783834
"Hi hi, waking dead Vamily.",neither,0.03945320844208391,0.33037608806864915,0.630170703489267
"I'm so excited, last few eps have been great",neither,0.037156779971680216,0.3542951849479248,0.6085480350803951
"Good evening, #Vamily!",neither,0.03869882722860525,0.3306355543605695,0.6306656184108252
"Hail, @glshade1 :) <3",neither,0.03945320844208391,0.33037608806864915,0.630170703489267
hiys guy and fellow ventrue,neither,0.03815592785088116,0.2957074224336965,0.6661366497154224
I'm so ready. This is quickly becoming by favorite game,neither,0.044760336456181354,0.3588686887368111,0.5963709748070075
hello all,neither,0.04217753453783664,0.43734383323855475,0.5204786322236087
Good evening all,neither,0.0407757687943942,0.4132731801052576,0.545951051100348
hey @WinterFaery84 :),neither,0.03945320844208391,0.33037608806864915,0.630170703489267
Wine selection for tonight?,neither,0.033066372768252944,0.29249497104333344,0.6744386561884137
Good Evening Vamily!,neither,0.03869882722860525,0.3306355543605695,0.6306656184108252
good evening all,neither,0.0407757687943942,0.4132731801052576,0.545951051100348
@Suedyin indeed!,neither,0.03945320844208391,0.33037608806864915,0.630170703489267
@Miraclesnow Glad to hear it!,neither,0.045452191735252744,0.3264322056505721,0.6281156026141752
Hey @suedyin,neither,0.03945320844208391,0.33037608806864915,0.630170703489267
I am in love with this game. So hyped for tonight.,neither,0.02489476610072953,0.33249492009904985,0.6426103138002207
Hi @Suedyin,neither,0.03945320844208391,0.33037608806864915,0.630170703489267
Hello everyone,neither,0.03269494828970791,0.4450814005079928,0.5222236512022994
fredoHi fredoHi fredoHi,neither,0.03945320844208391,0.33037608806864915,0.630170703489267
has ANT icipation been released yet Kappa,neither,0.03950529955893368,0.3294919658687267,0.6310027345723397
jamHi,neither,0.03945320844208391,0.33037608806864915,0.630170703489267
welcome @Somberlain :),neither,0.03945320844208391,0.33037608806864915,0.630170703489267
"please, can anyone give me a brief summary of last week??",neither,0.034624444938432926,0.3537712691717628,0.6116042858898042
@ApproachingZero the blood of my enemies,neither,0.02880513702002002,0.39102932395736173,0.5801655390226182
gandsOwlbear gandsOwlbear,neither,0.03945320844208391,0.33037608806864915,0.630170703489267
arrghh has felt like such a long week been waiting for vampires,neither,0.04157618419802427,0.31574387148740846,0.6426799443145672
<3 <3 <3,neither,0.03945320844208391,0.33037608806864915,0.630170703489267
Hey @suedyin,neither,0.03945320844208391,0.33037608806864915,0.630170703489267
hey chat ^_^,neither,0.03945320844208391,0.33037608806864915,0.630170703489267
<3 <3,neither,0.03945320844208391,0.33037608806864915,0.630170703489267
first time watching the stream! very excited,neither,0.033237454162711164,0.334189478249069,0.6325730675882199
good evening,neither,0.03869882722860525,0.3306355543605695,0.6306656184108252
HELLO VAMILY,neither,0.03945320844208391,0.33037608806864915,0.630170703489267
"recommended old death rock (""goth"") Bela Lugosi's Dead by Bauhaus",neither,0.04017885687121892,0.35850157827060675,0.6013195648581744
first time catching it live!,neither,0.03438540545832204,0.3497843354927914,0.6158302590488866
!points @fleshhy,neither,0.03945320844208391,0.33037608806864915,0.630170703489267
"well met by moonlight, @WOMS :)",neither,0.04093531763479468,0.3861570677994197,0.5729076145657857
yeet,neither,0.03945320844208391,0.33037608806864915,0.630170703489267
"Did you hear? Deborah Ann Woll and Geek & Sundry have teamed up for Relics and Rarities, her original and addictive new weekly tabletop RPG series coming February 4th, 2019! Delve into a fantastic world full of mystery, monsters, and murder most foul with Deborah both as DM and storyteller. She’ll be joined by a core cast including Julia Dennis, Tommy Walker, Xander Jeanneret, and Jasmine Bhullar, with surprise celebrity guests stopping in for each installment. Learn more: bit.ly/2rz2o4T",neither,0.03543280056983881,0.3566803101538632,0.6078868892762981
@PrincessAnarchy me too!!! :D,neither,0.025456656249999262,0.41690574403459846,0.5576375997154023
here we go!,neither,0.13156755280784707,0.2765461283225309,0.5918863188696221
nice and welcome @smallreproduction,neither,0.038555009657622756,0.2841924800153598,0.6772525103270176
didn't realize it was just on twitch....do we not have to be signed up on projectalpha to watch it?,neither,0.03161947600018267,0.4222625627065883,0.5461179612932291
Been looking forward to this all week!!,neither,0.04635471719962321,0.39280975264909423,0.5608355301512825
@TheOnyxPath - I thought Modiphius was doing V5? Not that I'm complaining,neither,0.037649051049789425,0.28372821606325055,0.67862273288696
"@WiseRatsWife Lots of discussion, Abrams is pissed, war's probably coming",neither,0.04352789929665005,0.34084057185689126,0.6156315288464587
@WiseRatsWife They're might be one at the beginning,neither,0.052347836760439685,0.34177686720069306,0.6058752960388671
"BEfore the show starts, see tonights UN-DAD MEME that I made, because I love you all. https://twitter.com/KBTibbs/status/1091519662389551104",neither,0.04835671750692663,0.4543810435364287,0.4972622389566448
@Suedyin gandsHype gandsLessthanthree,neither,0.03945320844208391,0.33037608806864915,0.630170703489267
fair well n well met,neither,0.03945320844208391,0.33037608806864915,0.630170703489267
@WiseRatsWife Check out the ep 3 recap here https://twitter.com/GeekandSundry/status/1091522270894247936,neither,0.05743339239575893,0.3723136147096675,0.5702529928945737
yay!,neither,0.03945320844208391,0.33037608806864915,0.630170703489267
"oh hey guys, look the icon changed",neither,0.04362585863430489,0.2851880721321276,0.6711860692335676
let's do this!,neither,0.0195438059392097,0.382678239993645,0.5977779540671454
"That was an excellent pun, @fleshhy! Here, have some points for that one! You have been awarded 95 points!",neither,0.0501518845719386,0.3824903729925278,0.5673577424355336
hi,neither,0.03945320844208391,0.33037608806864915,0.630170703489267
oh yeah @dinosaurdice check out Om Advaitic songs too,neither,0.028149625696737506,0.38920513653561495,0.5826452377676475
#IsItFridayYet,neither,0.03945320844208391,0.33037608806864915,0.630170703489267
"wasn't it like the LA by night, it's just the marble vampire now",neither,0.035789137828218257,0.35804296367468313,0.6061678984970987
finally!,neither,0.03945320844208391,0.33037608806864915,0.630170703489267
so keen for R&R too!,neither,0.029298219400017984,0.35759915110929075,0.6131026294906913
"@PrincessAnarchy , welcome! It's a great show with an excellent narrative.",neither,0.0384202626020991,0.28683226064881717,0.6747474767490839
Evening Vamily. :P,neither,0.03945320844208391,0.33037608806864915,0.630170703489267
<3 <3 <3 <3,neither,0.03945320844208391,0.33037608806864915,0.630170703489267
"@smallreproduction if you want to watch it there, then you do",neither,0.06251726462896762,0.4239330294965089,0.5135497058745235
PogChamp,neither,0.03945320844208391,0.33037608806864915,0.630170703489267
Whos ready to meet Baron Threse?!,neither,0.04561676102475724,0.32676566593451206,0.6276175730407307
HI HI VAMILY!!!!!,neither,0.03945320844208391,0.33037608806864915,0.630170703489267
Here we go,neither,0.13156755280784707,0.2765461283225309,0.5918863188696221
Hi @strous1,neither,0.03945320844208391,0.33037608806864915,0.630170703489267
@VisionarySims I'm afraid i'm all out. Pinot Noir.,neither,0.03604557407689295,0.4467808176887288,0.5171736082343784
Good evening!,neither,0.03869882722860525,0.3306355543605695,0.6306656184108252
IT BEGINS!!!! GOOD EVENING!,neither,0.03777006137313897,0.3309549995273823,0.6312749390994787
"@renee_descartes V5 is shepherding the direction of the line. They're releasing their own books, but we're working with them to release our own, too.",neither,0.0888432500662584,0.29999512585987226,0.6111616240738694
yay,neither,0.03945320844208391,0.33037608806864915,0.630170703489267
Hi @fkyealemurs,neither,0.03945320844208391,0.33037608806864915,0.630170703489267
Wooo,neither,0.03945320844208391,0.33037608806864915,0.630170703489267
"OK, submerging to focus :) <3 minimising chat",neither,0.04550042638256263,0.32757541011758884,0.6269241634998486
Let it begin...,neither,0.0225531212913532,0.3659027818397748,0.611544096868872
Want the inside scoop? Join the cast of Critical Role and discuss the most recent episode right here on Talks Machina. Tuesdays 7pm Pacific at twitch.tv/geekandsundry and projectalpha.com,neither,0.04573032993319735,0.22538911733705982,0.7288805527297427
Here we go Vamily,neither,0.13156755280784707,0.2765461283225309,0.5918863188696221
@smallreproduction no I'm not signed up to project alpha,neither,0.04052966779123016,0.37868231924467294,0.5807880129640969
I so look forward to seeing the Vamily Friday nights,neither,0.0447177580826848,0.34615056550827594,0.6091316764090392
Hihi Vamily!!!!,neither,0.03945320844208391,0.33037608806864915,0.630170703489267
jason carl,neither,0.03945320844208391,0.33037608806864915,0.630170703489267
gennaEyes gennaEyes gennaEyes,neither,0.03945320844208391,0.33037608806864915,0.630170703489267
good evening,neither,0.03869882722860525,0.3306355543605695,0.6306656184108252
<3 Jason Carl <3,neither,0.03945320844208391,0.33037608806864915,0.630170703489267
Yes!! Im up to date on the vods! Just never had time to watch the streams till now!,neither,0.03932496632374803,0.4016723424772781,0.5590026911989738
Hey Vamily,neither,0.03945320844208391,0.33037608806864915,0.630170703489267
Hi @Geddees,neither,0.03945320844208391,0.33037608806864915,0.630170703489267
thanks guys,neither,0.03655862387837074,0.3098941200382932,0.6535472560833362
teardropppppp,neither,0.03945320844208391,0.33037608806864915,0.630170703489267
Here we go....!,neither,0.13156755280784707,0.2765461283225309,0.5918863188696221
"@renee_descartes Modiphius is sheparding the direction of the line, I should say",neither,0.05530532225056413,0.3266309727454003,0.6180637050040355
sound,neither,0.03945320844208391,0.33037608806864915,0.630170703489267
@ApproachingZero ...fine I guess,neither,0.038836905904349545,0.33778555982452496,0.6233775342711254
That SUIT,neither,0.03462336300107231,0.3831274915853991,0.5822491454135285
Nice SWEATER Erika!,neither,0.03945320844208391,0.33037608806864915,0.630170703489267
Hi @jaguarldy,neither,0.03945320844208391,0.33037608806864915,0.630170703489267
oh my!,neither,0.02748693229954249,0.40236076101129065,0.5701523066891669
low sound,neither,0.03945320844208391,0.33037608806864915,0.630170703489267
YAY!,neither,0.03945320844208391,0.33037608806864915,0.630170703489267
skelly sweater ahaha awesome,neither,0.03945320844208391,0.33037608806864915,0.630170703489267
oh boy oh boy oh boy,neither,0.04768565599480007,0.25364348607606696,0.698670857929133
lookin sharp,neither,0.03945320844208391,0.33037608806864915,0.630170703489267
!whodat,neither,0.03945320844208391,0.33037608806864915,0.630170703489267
sharp dresse man,offensive_language,0.040018442559345856,0.5018538837344726,0.4581276737061815
"GM Jason Carl ( twitter.com/vampiresnvino ), with Alex Ward ( twitter.com/AlexWard777 ), Erika Ishii ( twitter.com/erikaishii ), Cynthia Marie ( twitter.com/Cyndancer ), B. Dave Walters ( twitter.com/BDaveWalters ).",neither,0.0361075258397544,0.46844942340612794,0.49544305075411776
Jason is an actual Vampire I swear,neither,0.04530634308584228,0.3246890071469046,0.6300046497672531
@jaguarldy hay hay hay!!!!,neither,0.03945320844208391,0.33037608806864915,0.630170703489267
Ooooooh that suit!!,neither,0.03462336300107231,0.3831274915853991,0.5822491454135285
DAMN that Kingpin suit,offensive_language,0.04100069653815858,0.8475924119985878,0.11140689146325354
That suit is fire,neither,0.04323764606724919,0.36824722344640276,0.5885151304863481
Victor is looking sharp!,neither,0.048375502385884984,0.32730730204421127,0.6243171955699038
Yessssss,neither,0.03945320844208391,0.33037608806864915,0.630170703489267
Dammnn Victor's suit is great!,neither,0.044393423563508866,0.3072245369986864,0.6483820394378048
wow,neither,0.03945320844208391,0.33037608806864915,0.630170703489267
WHAT,neither,0.057770773616808734,0.3180719994247239,0.6241572269584672
OMG yes,neither,0.03945320844208391,0.33037608806864915,0.630170703489267
VINCE WHITNEY AND MARK!,neither,0.03886766700965372,0.3015315476387995,0.6596007853515469
The eyeliner be popping,neither,0.03885137265336579,0.3139867960973155,0.6471618312493188
The white suit!,hate_speech,0.643210978971649,0.3317176641958624,0.02507135683248839
whoa,neither,0.03945320844208391,0.33037608806864915,0.630170703489267
SO MANY,neither,0.039413129245513115,0.4120595004619746,0.5485273702925123
yes,neither,0.03945320844208391,0.33037608806864915,0.630170703489267
ALL THE GUESTS,offensive_language,0.041785587507551285,0.49387059749283524,0.46434381499961347
hihi @chaoticloony !!,neither,0.03945320844208391,0.33037608806864915,0.630170703489267
oooo,neither,0.03945320844208391,0.33037608806864915,0.630170703489267
"What madness is going to happen to today, coterie?",neither,0.059754327116537234,0.32251802072461677,0.6177276521588461
OOOO what a great night it will be!!,neither,0.03506032772041147,0.27980857858710023,0.6851310936924883
guest overload,neither,0.03945320844208391,0.33037608806864915,0.630170703489267
MARK MEER IS COMING BACK,neither,0.04573688001174724,0.32821484527429606,0.6260482747139569
Oh shit,offensive_language,0.04652059265363964,0.9534729203614298,6.486984930600159e-06
Ooooh!,neither,0.03945320844208391,0.33037608806864915,0.630170703489267
Oh Victor's looking dapper.,neither,0.04469671154148598,0.2804151033806446,0.6748881850778694
OH SHITZKE!!,neither,0.051363287716059566,0.22255663153133606,0.7260800807526044
HOLY MOLY,neither,0.03945320844208391,0.33037608806864915,0.630170703489267
that suit is niiice,neither,0.04271051609732522,0.3633419646760112,0.5939475192266637
3 guests tonight?!,neither,0.03498084806025125,0.2929251180277183,0.6720940339120305
so many,neither,0.039413129245513115,0.4120595004619746,0.5485273702925123
Mark Meer!,neither,0.03945320844208391,0.33037608806864915,0.630170703489267
wow full boat,neither,0.05862810231828167,0.32378096278831264,0.6175909348934057
Victor looks worried,neither,0.03945320844208391,0.33037608806864915,0.630170703489267
Phew yeah,offensive_language,0.013968601452186464,0.5182923869769311,0.4677390115708824
That top tho 🔥,neither,0.02979905766242183,0.39658151141939924,0.573619430918179
"GREG, CHAZ, *AND* THERESE PogChamp",neither,0.03849532262610919,0.28064596753809684,0.680858709835794
Three guests?,neither,0.03945320844208391,0.33037608806864915,0.630170703489267
That's a lot of people,neither,0.07519272967346043,0.37936525430279644,0.5454420160237432
Oh my!,neither,0.02748693229954249,0.40236076101129065,0.5701523066891669
My man fisk,offensive_language,0.020282109035550354,0.626510835736738,0.35320705522771156
<3 <3 <3 <3,neither,0.03945320844208391,0.33037608806864915,0.630170703489267
yaaas exciting guest list!,neither,0.03945320844208391,0.33037608806864915,0.630170703489267
CHAZ AND THERESE AND THE AGENT!,neither,0.03749890203886063,0.23934196827281795,0.7231591296883213
!!!! 3 guests?,neither,0.03945320844208391,0.33037608806864915,0.630170703489267
hihi @fkyealemurs,neither,0.03945320844208391,0.33037608806864915,0.630170703489267
Oh snap so many guests!!!!,neither,0.04501346853579926,0.32530539079225296,0.6296811406719477
full house,neither,0.06933257165121808,0.32009920492482485,0.6105682234239571
HOLY CRAPOLA,neither,0.03945320844208391,0.33037608806864915,0.630170703489267
MARK MEER IS BACK YES,neither,0.04581994548212225,0.3281862752500168,0.6259937792678608
Holy crap so many people,neither,0.06527236435397624,0.3672058665730775,0.5675217690729462
Did he say Mark Neer??,neither,0.04485564725491028,0.32851794162883124,0.6266264111162584
oooooh 2 guest dudes?,neither,0.03945320844208391,0.33037608806864915,0.630170703489267
That's.... a hell of a lot of guests....,offensive_language,0.038183017440326726,0.7732094395942536,0.1886075429654196
mark is back <3,neither,0.04897984767815588,0.3270994399855818,0.6239207123362623
Oh this shall be gooooooooooood,neither,0.04401113795401443,0.29410112469928573,0.6618877373466998
omg MARK MEER commander shep - LET'S BANG OK,neither,0.030277375122193508,0.3493714714657989,0.6203511534120077
oh god is Chaz the herald?,neither,0.05806055374615919,0.2396668038032623,0.7022726424505784
Royal Rumble,neither,0.03945320844208391,0.33037608806864915,0.630170703489267
SO EXITED,offensive_language,0.039501631330860744,0.48329170807269783,0.4772066605964413
so many dramatic timings!,neither,0.03940990042488986,0.3797278512807944,0.5808622482943158
@bdavewalters lookin fly Mr.Baron sir,neither,0.03945320844208391,0.33037608806864915,0.630170703489267
"Whoa, full table tonight :-D",neither,0.05235974936202582,0.3072544461983889,0.6403858044395851
"guest filled ep, nice",neither,0.03945320844208391,0.33037608806864915,0.630170703489267
"why, this is so metal.",neither,0.03449286573463222,0.3925101809587869,0.5729969533065807
YAAAAAS,neither,0.03945320844208391,0.33037608806864915,0.630170703489267
3 guest stars?,neither,0.03945320844208391,0.33037608806864915,0.630170703489267
man Whitney is a PERFECT therese,neither,0.04714634828155561,0.3853189157920329,0.5675347359264115
thats pretty rad,neither,0.03945320844208391,0.33037608806864915,0.630170703489267
HOW many guests?,neither,0.03945320844208391,0.33037608806864915,0.630170703489267
For officially licensed VtM gear (and the awesome GM screen Jason is using) check out http://dogmight.com/vtm and http://bit.ly/v5spellbooktome,neither,0.034506929539736636,0.237927588715498,0.7275654817447653
Oh shit.....Baron Therese!!,offensive_language,0.04652059265363964,0.9534729203614298,6.486984930600159e-06
HYPEHYPEHYPE,neither,0.03945320844208391,0.33037608806864915,0.630170703489267
Nice Knitted Jumper Annabelle!,neither,0.03945320844208391,0.33037608806864915,0.630170703489267
We have a subscriber-only Discord server! Join here: https://discord.gg/geekandsundry (you'll need to sub and link it to your Twitch) and be a part of the fun!...Warning: It can take up to an hour for the server to update and give you access to the channels,neither,0.08464076273808444,0.286394834032893,0.6289644032290227
Hi @TheOnyxPath,neither,0.03945320844208391,0.33037608806864915,0.630170703489267
We goin to war my Kindred!,neither,0.03355192877900782,0.41359572608067297,0.5528523451403192
hmm,neither,0.03945320844208391,0.33037608806864915,0.630170703489267
Yeah.....lots of special guests,neither,0.04651030087323749,0.4146476574960082,0.5388420416307543
jaspers makeup is on point tonight ey,neither,0.04093199291170266,0.321466916550046,0.6376010905382514
LOTS,neither,0.03945320844208391,0.33037608806864915,0.630170703489267
rad,neither,0.03945320844208391,0.33037608806864915,0.630170703489267
"You get a guest, you get a guest, and you get a guest!... sorry you don't we are out of guests",neither,0.07419102843095157,0.38328429474516673,0.5425246768238817
omg so many guests I'm so excited :),neither,0.0394127858492361,0.41131713247441754,0.5492700816763463
TableHere,neither,0.03945320844208391,0.33037608806864915,0.630170703489267
Oh wow Chaz is so dope,neither,0.053972805833454235,0.3223259822428517,0.623701211923694
Guests are like Voltron. They GET BETTER THE MORE YOU HOOK THEM TOGETHER,neither,0.11410580269340202,0.31467982691175816,0.5712143703948399
So excited for Baron Teresa,neither,0.03181580832259494,0.34544536915846974,0.6227388225189353
Flurry of Guests!,neither,0.03945320844208391,0.33037608806864915,0.630170703489267
"Meer pulling double duty tonight, huh.",neither,0.0377375804841077,0.31600964042803625,0.6462527790878559
Nice water color.,neither,0.0408190594594324,0.32990630927186165,0.6292746312687061
Volume!,neither,0.03945320844208391,0.33037608806864915,0.630170703489267
volume super low,neither,0.03945320844208391,0.33037608806864915,0.630170703489267
Audio is a bit low.,neither,0.046241761306023275,0.32804119344555854,0.6257170452484182
I ship it,neither,0.037770165237438216,0.33095496380368705,0.6312748709588748
Hello vamily!,neither,0.03945320844208391,0.33037608806864915,0.630170703489267
volume good,neither,0.03875228192880013,0.33061716883797504,0.6306305492332248
Eva feliciaHeart,neither,0.03945320844208391,0.33037608806864915,0.630170703489267
Nice! Volumes good,neither,0.03884436259880129,0.330585498073147,0.6305701393280517
There we go.,neither,0.04083933629015207,0.27628362646603744,0.6828770372438104
cute,neither,0.04322311181158326,0.266390989224455,0.6903858989639619
We got it! #WeKnow,neither,0.03664386140200613,0.3794062645528932,0.5839498740451008
does anyone know what truth of blood does in VTM?,neither,0.025562172358390613,0.47953478982855136,0.49490303781305806
un dad,neither,0.03945320844208391,0.33037608806864915,0.630170703489267
Good morning fellow Europeans gandsTWC,neither,0.04536316970685109,0.2202001168824266,0.7344367134107224
"Also, full damn house.",offensive_language,0.06752632890936122,0.7761052030227549,0.15636846806788393
"""undad"" well that's great",neither,0.032518299074553024,0.35122257245218996,0.616259128473257
I want to see Eva again,neither,0.044208598443649,0.35241366375475075,0.6033777378016003
Felt only right I sub during this stream...since it was VTM that helped me discover G&S,neither,0.03275734149802088,0.38160386135760893,0.5856387971443702
snake lady hehehe,neither,0.03945320844208391,0.33037608806864915,0.630170703489267
"@TheJerseyDriver happened last season too, C6 and VtM appearances on the same Friday",neither,0.037145706101070756,0.3083737463000007,0.6544805475989285
Nice drawing of Jo,neither,0.03945320844208391,0.33037608806864915,0.630170703489267
#WeKnow,neither,0.03945320844208391,0.33037608806864915,0.630170703489267
#WeKnow about the thing that may or may not be happening on a technical level currently. The crew lives at least 30 seconds in the future and are likely already solving or have solved the problem! Thanks for your concern!,neither,0.04751991085222859,0.298407411164976,0.6540726779827954
undad LUL,neither,0.03945320844208391,0.33037608806864915,0.630170703489267
we finally get to see Kyoko rooAww,neither,0.046295857393589504,0.33864758357568053,0.6150565590307301
So...wait. Rats can talk now?,neither,0.025199307155561138,0.3704347384895383,0.6043659543549006
"Download the new Critical Role theme song for Campaign Two! http://itunes.apple.com/album/id1331550250?ls=1&app=itunes Sales of the song support the musician, Jason Charles Miller.",neither,0.04445767596344001,0.2510827790306858,0.7044595450058742
Megan the artist for those segments is here: https://twitter.com/MIAnewarcher,neither,0.0984345815421315,0.2914529900491525,0.610112428408716
burkeCleave burkeFury,neither,0.03945320844208391,0.33037608806864915,0.630170703489267
lol,neither,0.020706217963973744,0.4882283491876925,0.4910654328483337
all the accidents,neither,0.04021652899932968,0.38910736912689736,0.5706761018737729
Hello Vamily!,neither,0.03945320844208391,0.33037608806864915,0.630170703489267
aww jasper and eva,neither,0.03884620874949072,0.3003967042503437,0.6607570870001656
@lady_dracona :D,neither,0.03945320844208391,0.33037608806864915,0.630170703489267
I feel like all the vampires ladies want Jasper,neither,0.04747796408953267,0.37602244737899276,0.5764995885314746
Hi @sarahbee816,neither,0.03945320844208391,0.33037608806864915,0.630170703489267
Mr X from RE2 btw,neither,0.04053942273270097,0.3119401967634726,0.6475203805038264
"lol that tiny ""hey babydoll""",neither,0.028472375417644132,0.4263153730269468,0.545212251555409
That Subtle clip of Tal... *shudder*,neither,0.03623772174950819,0.3652432181013042,0.5985190601491877
Oops,neither,0.03945320844208391,0.33037608806864915,0.630170703489267
mad undad,neither,0.03945320844208391,0.33037608806864915,0.630170703489267
HeyGuys,neither,0.03945320844208391,0.33037608806864915,0.630170703489267
@Flight_Devil This is Ramona narrating,neither,0.0484976811701294,0.3289671781834557,0.6225351406464149
O O F,neither,0.03945320844208391,0.33037608806864915,0.630170703489267
First time watching live! :D,neither,0.03513206370154816,0.3516282956383994,0.6132396406600524
love the rat,neither,0.03522969192619734,0.3269397222613407,0.637830585812462
Abrams lost a lot of hair since Bloodlines hehehe,neither,0.03945320844208391,0.33037608806864915,0.630170703489267
Ramona narrating in Jason's voice rooThink,neither,0.03945320844208391,0.33037608806864915,0.630170703489267
"Yep, this is Ramona's journal",neither,0.0451486378788118,0.3295293027731013,0.6253220593480869
Just in time :D,neither,0.030301954458447782,0.39891765189907363,0.5707803936424786
@Alaedrus Welcome and enjoy,neither,0.03860730184226345,0.28722824611601955,0.6741644520417169
Vampire daddy needs to come back.,neither,0.04333935909203548,0.3483520316406963,0.6083086092672683
@Dragonchrome Thanks for letting us know. I've been wondering who the artist was and it looked like Megan's art,neither,0.039044807982971094,0.3101940407571157,0.6507611512599132
@Misanthrope_D right? lol,neither,0.025203731261364645,0.46175640657793826,0.5130398621606972
Ramona sounds a bit Hoarse.,neither,0.03945320844208391,0.33037608806864915,0.630170703489267
love how Jason has adapted his Ramona voice after Bex,neither,0.05354632079157691,0.3363661639143582,0.6100875152940649
Wooo,neither,0.03945320844208391,0.33037608806864915,0.630170703489267
I'm waiting for someone to get eatten by the rat pack,neither,0.03914280125019056,0.33054970947490336,0.6303074892749061
still no Nelli rooCry,neither,0.03621567609551125,0.38532546127612155,0.5784588626283671
Lovin the white suit of Victor,offensive_language,0.4187818776532597,0.4337307733867973,0.1474873489599431
Hi @chaoticloony,neither,0.03945320844208391,0.33037608806864915,0.630170703489267
<3 <3 <3 <3,neither,0.03945320844208391,0.33037608806864915,0.630170703489267
git yer guyliner ready!,neither,0.03945320844208391,0.33037608806864915,0.630170703489267
"Help G&S make great content! $4.99/month gets you emotes, Minecraft server access, sub-only VODs, and more! Every sub keeps the channel alive! twitch.tv/geekandsundry/subscribe",neither,0.043907990691603095,0.31135964332838284,0.644732365980014
"I forgot, what do we call Vampires in this game again?",neither,0.042224495934926484,0.3226301229174,0.6351453811476735
I do love this so much!,neither,0.03282347972682036,0.40655460257853904,0.5606219176946405
busy busy players,neither,0.03945320844208391,0.33037608806864915,0.630170703489267
eskkkeettiiitttt,neither,0.03945320844208391,0.33037608806864915,0.630170703489267
did they announce who the guests are?,neither,0.0632856108978195,0.32992100204323455,0.606793387058946
*on Victor,neither,0.03598177216633989,0.34715204853042375,0.6168661793032364
victor's suit hype,neither,0.03945320844208391,0.33037608806864915,0.630170703489267
"The war was already coming, the coterie just struck the first blow.",neither,0.030849102858359883,0.3278284379988423,0.6413224591427977
I'm guessing all the stress this coterie is causing him is leading to abrham's hairloss,neither,0.05431380862728963,0.35622475225624256,0.5894614391164679
gandsHype gandsHype gandsHype,neither,0.03945320844208391,0.33037608806864915,0.630170703489267
@Flight_Devil Kindred,neither,0.03945320844208391,0.33037608806864915,0.630170703489267
Kindred,neither,0.03945320844208391,0.33037608806864915,0.630170703489267
kindred,neither,0.03945320844208391,0.33037608806864915,0.630170703489267
@Flight_Devil Kindred,neither,0.03945320844208391,0.33037608806864915,0.630170703489267
dealing with this gang can cause even the undead to lose their hair.,neither,0.0339184267991246,0.3681973486706393,0.597884224530236
"White suit, brave choice Mr. Temple.",offensive_language,0.3221983412934224,0.4620093628480635,0.21579229585851398
Best intro on Geek & Sundry,neither,0.03656727560192239,0.33496231542840704,0.6284704089696707
looks like I woke up just in time,neither,0.0406465928526636,0.43388472974853787,0.5254686773987984
hype,neither,0.03945320844208391,0.33037608806864915,0.630170703489267
I just gotta say the actor who plays Victor is so freaking good,neither,0.0394169047621861,0.4087356842561643,0.5518474109816496
It’s bout to be a lot of people,neither,0.07458610250373873,0.41005847007642277,0.5153554274198384
kindred or cainites lol,neither,0.025690367205060717,0.4383438257273442,0.5359658070675951
"@LilyRose28 Vince Caso, Mark Meer and Whitney Moore",neither,0.03893484629712819,0.3050408453944221,0.6560243083084497
"Thank you, Kindred.",neither,0.07325166854587051,0.43632638485078484,0.49042194660334476
though the Anarchs also refer to each other as Lick,neither,0.04184393669220183,0.3396875775031816,0.6184684858046167
OH MAN this is gonna be a giant mess tonight *starts eatting popcorn*,neither,0.04455209013197926,0.3493107529479806,0.6061371569200402
@higgensbiggens hair costs extra to draw Kappa,neither,0.04370416331874601,0.3278636080642838,0.6284322286169703
"@Rats808 Nelli was doing other stuff, but will return at an appropriate time",neither,0.03728275560675633,0.3458671612312626,0.616850083161981
Not everyone can pull off a cream-colored suit. I'd wash out like Eva if I tried it...,neither,0.030434330384743805,0.2699802452211074,0.6995854243941487
Your assistance is most appreciated,neither,0.07226805244298767,0.3206385915725098,0.6070933559845025
Yep... @lilyrose28 several of them,neither,0.052669048386755714,0.3229933514649107,0.6243376001483337
"@Flight_Devil Kindred, Licks, and Children of Caine are all appropriate",neither,0.05778764064726178,0.3155098926221265,0.6267024667306118
omg trying to do two. chats at once is too much,neither,0.04696801347603931,0.337998090926377,0.6150338955975837
"@chaoticloony Thanks! I've watched since last season, but Friday nights ya know? PogChamp",neither,0.01815144941312374,0.4477570411071045,0.5340915094797717
@JeffM0307 thanks. Goshdarnit. Chaz. Ew.,neither,0.03709393233454146,0.3106198136904092,0.6522862539750495
where do I find S2 ep 1-3??,neither,0.04650639441394961,0.21616552731915842,0.737328078266892
City of Angels! :D,neither,0.03945320844208391,0.33037608806864915,0.630170703489267
I mean great character but EW,neither,0.03538796814499435,0.3176493347650086,0.6469626970899971
!vod,neither,0.03945320844208391,0.33037608806864915,0.630170703489267
VODs are subscriber-only. Subscribe now to unlock access to past videos and highlights at twitch.tv/geekandsundry/videos/all,neither,0.055189305111973244,0.3283360580916387,0.6164746367963879
"whew, back in time",neither,0.03762176104004531,0.36146053017808843,0.6009177087818663
popcorn timme,neither,0.03945320844208391,0.33037608806864915,0.630170703489267
White Vic? It'll be pink if hes not careful. Blood and all...,offensive_language,0.22809996736806498,0.5486692919869691,0.22323074064496595
three guests tonight? wow,neither,0.03677478463934868,0.30794731197971315,0.6552779033809382
Is Victor trying to be the Kingpin of the Valley? That white suit seems to say yes.,offensive_language,0.2903454078573115,0.4359843909805243,0.27367020116216423
the white suit on victor is looks great but also that's begging to get bloodstains on it,offensive_language,0.24672053253036827,0.470535482957132,0.28274398451249977
"@austintacious32 best intro, period.",neither,0.03865219754028724,0.3236685259035999,0.6376792765561129
VInce is Nelli's ghoul Whitney is X's Baron Mark is Nelli's Sire,neither,0.05433032844798225,0.325259164299319,0.6204105072526989
@Ronorin on Alpha,neither,0.03592414570432097,0.34743996012679706,0.616635894168882
Victor..l wearing white before White Linen Day.. what would Nellie say?,hate_speech,0.6440935232824109,0.34414876600565875,0.011757710711930446
@Ronorin youtube,neither,0.03945320844208391,0.33037608806864915,0.630170703489267
@Ronorin you'll have to subscribe to geek and sundry,neither,0.0692345922334474,0.33019441737652366,0.6005709903900289
@ronorin subscribe and you can watch the vods on here,neither,0.14606658313114237,0.2641525735481648,0.5897808433206928
@Ronin903468 geekandsundry vods. don;t think they're on youtoob yet.,neither,0.05658510742543407,0.3039524022961198,0.6394624902784461
Hi fellow kindreds :) /,neither,0.03945320844208391,0.33037608806864915,0.630170703489267
I'm gettimg Kingpin off vic,neither,0.03945320844208391,0.33037608806864915,0.630170703489267
That doesn't look white tho,hate_speech,0.5556658194027565,0.41765295285533144,0.02668122774191203
"@Gray_Mask Well, Orange after a few washes",neither,0.03945320844208391,0.33037608806864915,0.630170703489267
"""The very next night"" - Jasper sight = man I need to heaaal",neither,0.037206850208988784,0.3633853548507348,0.5994077949402764
anyone else notice victors suit is on point tonight,neither,0.04072480847382656,0.32237431905132746,0.6369008724748458
Victor's suit is going to have so many red stains tonight,neither,0.04474713342002598,0.35704830856211256,0.5982045580178614
"@Dragonchrome after the last episode of S1 is uploaded, will it continue with S2 or will it wait until the season ends?",neither,0.036771072680686544,0.3085267656229793,0.6547021616963341
@axelobo same thoughts. That suit is going to be wrecked.,neither,0.04624489289707874,0.3785903033425593,0.5751648037603619
Tan/taupe,neither,0.03945320844208391,0.33037608806864915,0.630170703489267
getting some godfather fibs,neither,0.028117201117186647,0.4122222705798333,0.5596605283029802
Every episode Carlos reminds us that our protags are UNDEAD corpses,neither,0.0807267155774038,0.322045067613887,0.5972282168087091
