text,top_class,hate_speech,offensive_language,neither
gandsHype gandsHype gandsHype,neither,0.03945320844208391,0.33037608806864915,0.630170703489267
Hi Lauren!,neither,0.03945320844208391,0.33037608806864915,0.630170703489267
rtuesSalute,neither,0.03945320844208391,0.33037608806864915,0.630170703489267
rtuesLove rtuesLove rtuesLove rtuesLove rtuesLove rtuesLove rtuesLove rtuesLove rtuesLove rtuesLove,neither,0.03945320844208391,0.33037608806864915,0.630170703489267
hey @PaladinHulk !,neither,0.03945320844208391,0.33037608806864915,0.630170703489267
"Hello, Lauren!",neither,0.03945320844208391,0.33037608806864915,0.630170703489267
gandsHype gandsHappy gandsFacepalm stefFremen,neither,0.03945320844208391,0.33037608806864915,0.630170703489267
rtuesLOL rtuesLOL rtuesLOL,neither,0.03945320844208391,0.33037608806864915,0.630170703489267
Lauren! fuck yeah. gonna be an extra fun night.,offensive_language,0.0762604464128352,0.9068318443344614,0.01690770925270333
Hello,neither,0.03945320844208391,0.33037608806864915,0.630170703489267
gameGreet gameGreet gameGreet,neither,0.03945320844208391,0.33037608806864915,0.630170703489267
the decider,neither,0.03843498882663835,0.31168514531390124,0.6498798658594604
ah gloomies,neither,0.03945320844208391,0.33037608806864915,0.630170703489267
rtuesHype rtuesPin rtuesSalute,neither,0.03945320844208391,0.33037608806864915,0.630170703489267
rtuesLove rtuesJudge rtuesLove rtuesJudge,neither,0.03945320844208391,0.33037608806864915,0.630170703489267
jaycHype jaycHype atpHorns atpHorns atpHorns,neither,0.03945320844208391,0.33037608806864915,0.630170703489267
gandsHug gandsHappy,neither,0.03945320844208391,0.33037608806864915,0.630170703489267
rtuesHype rtuesHype rtuesHype rtuesHype,neither,0.03945320844208391,0.33037608806864915,0.630170703489267
bardYell BONESAWS READY,neither,0.03945320844208391,0.33037608806864915,0.630170703489267
"It's so odd seeing Lauren's hair with a ""normal"" colour xD",neither,0.03172786038638359,0.38169296850854295,0.5865791711050734
"Hi Amy, Stef, Lauren, Gina and Becca!",neither,0.03882788631130355,0.299422105481188,0.6617500082075084
YAY! Lauren!,neither,0.03945320844208391,0.33037608806864915,0.630170703489267
!whodat,neither,0.03945320844208391,0.33037608806864915,0.630170703489267
"RandomTuesday ( twitter.com/RandomTuesday) as the Storyteller, with Gina DeVivo ( twitter.com/PocketGina ), Becca Scott ( twitter.com/thebeccascott ), Amy Dallen ( twitter.com/enthusiamy ), and Stef Woodburn ( twitter.com/StefWoodburn ).",neither,0.034993506027102945,0.46761505149436905,0.497391442478528
"Exactly, @Everyclass !",neither,0.03945320844208391,0.33037608806864915,0.630170703489267
pirate lore LUL,neither,0.03945320844208391,0.33037608806864915,0.630170703489267
"Oh, so Becca's ""playing"" chaotic evil. Cool.",neither,0.04419813543945635,0.3259192679613646,0.629882596599179
gandsJester,neither,0.03945320844208391,0.33037608806864915,0.630170703489267
tessPURR GINA took her hair game up a level tonight tessPURR,neither,0.02801576802060917,0.4735088446144123,0.49847538736497843
rtuesSalute rtuesSalute rtuesSalute,neither,0.03945320844208391,0.33037608806864915,0.630170703489267
Amy: Do tell...,neither,0.04094989295652915,0.3298613096327612,0.6291887974107097
Gina is the lead singer of a Flock Of Seagulls cover band :P,neither,0.043198826549151775,0.3201223894399995,0.6366787840108489
rtuesDairy rtuesAir rtuesHype,neither,0.03945320844208391,0.33037608806864915,0.630170703489267
We have a subscriber-only Discord server! Join here: https://discord.gg/geekandsundry (you'll need to sub and link it to your Twitch) and be a part of the fun!...Warning: It can take up to an hour for the server to update and give you access to the channels,neither,0.08464076273808444,0.286394834032893,0.6289644032290227
rtuesHype rtuesDairy rtuesAir rtuesHype rtuesSalute,neither,0.03945320844208391,0.33037608806864915,0.630170703489267
Nice,neither,0.03945320844208391,0.33037608806864915,0.630170703489267
"becca is into facial piercings, defined very very broadly.",neither,0.04416099330569202,0.32875686497574286,0.6270821417185651
"Hey, it’s been a while but I’m back to watch some Weave.... hope everyone is doing great",neither,0.0571143944956927,0.3226244151295029,0.6202611903748044
level 10 hello,neither,0.03945320844208391,0.33037608806864915,0.630170703489267
Hello,neither,0.03945320844208391,0.33037608806864915,0.630170703489267
Isn't 'the Change' what happens later in life? When you get into a teleporter with a fly?,neither,0.04625139499672159,0.4307795705278294,0.522969034475449
"Help G&S make great content! $4.99/month gets you emotes, Minecraft server access, sub-only VODs, and more! Every sub keeps the channel alive! twitch.tv/geekandsundry/subscribe",neither,0.043907990691603095,0.31135964332838284,0.644732365980014
BINGO!,neither,0.03945320844208391,0.33037608806864915,0.630170703489267
Hi @glshade1,neither,0.03945320844208391,0.33037608806864915,0.630170703489267
Lol....oh damn,offensive_language,0.03827663254231354,0.9085611076049325,0.05316225985275399
Hi @chaoticloony,neither,0.03945320844208391,0.33037608806864915,0.630170703489267
relatable...,neither,0.03945320844208391,0.33037608806864915,0.630170703489267
Hi @athren22,neither,0.03945320844208391,0.33037608806864915,0.630170703489267
"Wait, are they playing a Weave version of Champions of The Earth? Or am I seeing things?",neither,0.05074567413801647,0.2992886653416138,0.6499656605203697
I'm also bad at videogames...,neither,0.03412630578787394,0.3642144422435148,0.6016592519686114
woah,neither,0.03945320844208391,0.33037608806864915,0.630170703489267
600$?,neither,0.03945320844208391,0.33037608806864915,0.630170703489267
hi der @PaladinHulk,neither,0.03945320844208391,0.33037608806864915,0.630170703489267
well thats apparently not a lot,neither,0.03825694148472441,0.3348649120552087,0.6268781464600668
Mom's Checkbook: rtuesDairy rtuesPyre rtuesAir,neither,0.03945320844208391,0.33037608806864915,0.630170703489267
i know poeple who spend 30$ a week,neither,0.040003569539036644,0.3881314009719162,0.5718650294890473
hi @SurlyBugbear ! rtuesSalute rtuesLove,neither,0.03945320844208391,0.33037608806864915,0.630170703489267
quick! John Wick Needs Your Help!,neither,0.06010355419277917,0.32465179873529904,0.6152446470719218
PowerUpL rtuesJudge PowerUpR,neither,0.03945320844208391,0.33037608806864915,0.630170703489267
Lauren is such a fabulous GM!,neither,0.04532044499014365,0.3255114614269414,0.6291680935829149
oh lauren,neither,0.04522550427656808,0.27558419280407476,0.6791903029193572
rtuesSalute,neither,0.03945320844208391,0.33037608806864915,0.630170703489267
rtuesDairy rtuesAir,neither,0.03945320844208391,0.33037608806864915,0.630170703489267
"You're not wrong, @chaoticloony",neither,0.10402556882333848,0.3594606482416575,0.5365137829350041
only 600? that is a tuesday for me,neither,0.03213474685762855,0.36559814087455783,0.6022671122678136
rtuesDairy rtuesHype rtuesAir,neither,0.03945320844208391,0.33037608806864915,0.630170703489267
A random Tuesday?,neither,0.03945320844208391,0.33037608806864915,0.630170703489267
Again relatable,neither,0.0358555699129713,0.3914374029960717,0.5727070270909569
monkaS,neither,0.03945320844208391,0.33037608806864915,0.630170703489267
ramaDerp matha magician,neither,0.03945320844208391,0.33037608806864915,0.630170703489267
....,neither,0.03945320844208391,0.33037608806864915,0.630170703489267
how can she have bad taste in men at 12,neither,0.03712142141187558,0.41806718699503714,0.5448113915930872
aren't the men that are with her...,offensive_language,0.03399612924880852,0.5455708902752493,0.4204329804759422
Amy is just awesome again and so surprised :P,neither,0.039524076820120886,0.3661018928926116,0.5943740302872675
like...,neither,0.10032665912632961,0.39589500941497124,0.5037783314586992
Is this too close to the vest for Stef?,neither,0.04767827810319781,0.2848563719825086,0.6674653499142935
Lauren! Yey!,neither,0.03945320844208391,0.33037608806864915,0.630170703489267
oh dear,neither,0.0461327075271576,0.2673899063118408,0.6864773861610016
Random Tuesday!,neither,0.03945320844208391,0.33037608806864915,0.630170703489267
"Nice dog impression, Lauren",neither,0.03945320844208391,0.33037608806864915,0.630170703489267
:-D,neither,0.03945320844208391,0.33037608806864915,0.630170703489267
Tagonists hype!,neither,0.03945320844208391,0.33037608806864915,0.630170703489267
rtuesLOL that lauren ramaDoge,neither,0.0349751205147877,0.3792120518198444,0.5858128276653679
"oh, to be allergic to a dog. WHAT A CRUEL FATE",neither,0.05895731352052327,0.2895405804202432,0.6515021060592334
"Uh, Bailey? Can it be they're following you cause you always smell like pet snacks?",neither,0.07502133473410746,0.4226189936624292,0.5023596716034632
rtuesLOL Lauren has best GM animal sounds,neither,0.03911545602153069,0.3209347698213779,0.6399497741570914
....,neither,0.03945320844208391,0.33037608806864915,0.630170703489267
i love that tagonists are a thing,neither,0.06396935455881327,0.34250181990216416,0.5935288255390225
lauren is alwayas the best at animal sounds,neither,0.04334246650865392,0.3285105291120178,0.6281470043793284
#tagonists,neither,0.03945320844208391,0.33037608806864915,0.630170703489267
"Me too, @Dottn Such a good word",neither,0.031377439313020665,0.3715543394645272,0.5970682212224521
Want the inside scoop? Join the cast of Critical Role and discuss the most recent episode right here on Talks Machina. Tuesdays 7pm Pacific at twitch.tv/geekandsundry and projectalpha.com,neither,0.04573032993319735,0.22538911733705982,0.7288805527297427
I had Mono for like 6 months in 6th grade... it was super rough,neither,0.040388047109148284,0.3226759128186481,0.6369360400722036
i a mmost worried about adweena,neither,0.03716151598021947,0.3692720899872247,0.5935663940325558
what is her mom doing?,offensive_language,0.042905253419608984,0.565323827563698,0.39177091901669303
@chaoticloony is you first name Max??,neither,0.054660176478450256,0.37352132661083914,0.5718184969107105
"Mom stuff, probably",neither,0.03823662074278346,0.3510247563666665,0.61073862289055
why is she still have custody on,neither,0.032785894634642,0.45100270377928775,0.5162114015860704
"Are all the ladies playing 12 yr old boys, minus Steph?",neither,0.05283600531292771,0.33366282235498346,0.6135011723320889
Put it the cigarette lighter,neither,0.037531588792661656,0.31716128525901277,0.6453071259483256
thats a good question,neither,0.03874001104609202,0.33062138935722707,0.6306385995966809
Bailey is a gender-neutral name,neither,0.04467650548264879,0.32857955669896594,0.6267439378183853
*it in,neither,0.03569820204789716,0.33166760695569064,0.6326341909964122
so not sure,offensive_language,0.030905071687733453,0.562376657305448,0.4067182710068185
I missed the setting. Where is?,neither,0.047646268164627525,0.285708002809557,0.6666457290258154
Ralph...Malph,neither,0.03945320844208391,0.33037608806864915,0.630170703489267
Gloomies,neither,0.03945320844208391,0.33037608806864915,0.630170703489267
^^,neither,0.03945320844208391,0.33037608806864915,0.630170703489267
wtf?? poor Richie! the Fonz is gonna getchy'all,offensive_language,0.04812562092691883,0.5966882907257905,0.35518608834729065
@KBTibbs I'm wondering the same,neither,0.039352722993051065,0.3199053861772063,0.6407418908297426
"Aww, I LOVE Gloomies",neither,0.0360053414055849,0.3465167256147498,0.6174779329796654
so... somethign seems wrong with Mikey...,neither,0.03038630183830434,0.3984147907554823,0.5711989074062134
@KBTibbs Mikey's room it seems,neither,0.03825187953092118,0.33078928016885906,0.6309588403002198
#StudiesShow,neither,0.03945320844208391,0.33037608806864915,0.630170703489267
wait is this a playboy?,neither,0.04722729924437674,0.3291853891481259,0.6235873116074973
what is this?,neither,0.07282678549990032,0.31792604547631814,0.6092471690237815
@Critternation3000 apparently,neither,0.03945320844208391,0.33037608806864915,0.630170703489267
