text,top_class,hate_speech,offensive_language,neither
Music,neither,0.03945320844208391,0.33037608806864915,0.630170703489267
we got music!,neither,0.0374774499080009,0.39744219223041133,0.5650803578615878
doogHi doogPaw,neither,0.03945320844208391,0.33037608806864915,0.630170703489267
woo,neither,0.03945320844208391,0.33037608806864915,0.630170703489267
@misssunflower94 Good evening Tangy :),neither,0.03891174665859334,0.3305623216050479,0.6305259317363588
Heya Daisies,neither,0.03945320844208391,0.33037608806864915,0.630170703489267
"Hey, everyone! :D",neither,0.031959242684595296,0.4575682446653829,0.5104725126500218
Hey @Sylien__ <3,neither,0.03945320844208391,0.33037608806864915,0.630170703489267
https://www.youtube.com/watch?v=TqVGmrcS7rI&feature=youtu.be,neither,0.042811491134742835,0.3314272649368064,0.6257612439284508
Hi peoples! gandsTWC gandsTWC,neither,0.03945320844208391,0.33037608806864915,0.630170703489267
"Hello, Wednesdaisies!",neither,0.03945320844208391,0.33037608806864915,0.630170703489267
isn't it like 4 Am where you are?,neither,0.12295912530487121,0.309296568381189,0.5677443063139398
hi @imaladydangit <3,neither,0.03945320844208391,0.33037608806864915,0.630170703489267
Heya everyone,offensive_language,0.02988896790634741,0.4927062106388782,0.4774048214547744
"Hi, @g0rmyr ! <3",neither,0.03945320844208391,0.33037608806864915,0.630170703489267
oh my green screen lol,neither,0.02791585895996154,0.39189839838957985,0.5801857426504586
,neither,0.03945320844208391,0.33037608806864915,0.630170703489267
<3 <3 <3,neither,0.03945320844208391,0.33037608806864915,0.630170703489267
SQUEEE BUDDY! Hi @g0rmyr ! IT'S ALMOST GAME TIME BRO!,neither,0.03710490663181721,0.3139630903568828,0.6489320030112999
"Did you hear? Deborah Ann Woll and Geek & Sundry have teamed up for Relics and Rarities, her original and addictive new weekly tabletop RPG series coming February 4th, 2019! Delve into a fantastic world full of mystery, monsters, and murder most foul with Deborah both as DM and storyteller. She’ll be joined by a core cast including Julia Dennis, Tommy Walker, Xander Jeanneret, and Jasmine Bhullar, with surprise celebrity guests stopping in for each installment. Learn more: bit.ly/2rz2o4T",neither,0.03543280056983881,0.3566803101538632,0.6078868892762981
@aromiaflyce woooo! dnd cleric buddies for life! (or until they die and we roll new characters),neither,0.08926660110522477,0.18321817893100947,0.7275152199637657
*waves*,neither,0.03945320844208391,0.33037608806864915,0.630170703489267
Happy Wednesday!,neither,0.03945320844208391,0.33037608806864915,0.630170703489267
hey @sunlitlake!,neither,0.03945320844208391,0.33037608806864915,0.630170703489267
Zack is here you may start the show now.,neither,0.12964866989307938,0.2384833616015103,0.6318679685054104
Bzone yall!,neither,0.03639464868045676,0.3822878294283694,0.5813175218911739
Everyone excited for Captain Marvel talk!,neither,0.02155852185571018,0.3847345107120595,0.5937069674322304
@sunlitlake eeey team dumb european!,neither,0.03945320844208391,0.33037608806864915,0.630170703489267
Happy Wednesday!,neither,0.03945320844208391,0.33037608806864915,0.630170703489267
Oh heach yes,neither,0.047325668310698794,0.256798057524554,0.6958762741647472
Want the inside scoop? Join the cast of Critical Role and discuss the most recent episode right here on Talks Machina. Tuesdays 7pm Pacific at twitch.tv/geekandsundry and projectalpha.com,neither,0.04573032993319735,0.22538911733705982,0.7288805527297427
"Hey, all",neither,0.04285346742239823,0.46255625023407465,0.49459028234352725
Good evening folks,neither,0.03884767524324281,0.33058435870282027,0.6305679660539368
Whoop Woop! @sylien__,neither,0.03945320844208391,0.33037608806864915,0.630170703489267
"Glad Wednesday Club wasn't cancelled this week, too.",neither,0.03924066309919423,0.3339835372366302,0.6267757996641756
@g0rmyr NO Dont jinx us!! Im a heal bot! I have to keep us alive,neither,0.08913038567893646,0.34742123849763973,0.563448375823424
I love the variety in sub lengths. A few months to multiple years.,neither,0.040952498339395446,0.32628321993669773,0.6327642817239068
"whoops, almost forgot to top up my hydration vessel!",neither,0.03327663071152341,0.43048205196806094,0.5362413173204157
hallo,neither,0.03945320844208391,0.33037608806864915,0.630170703489267
Here we GO,neither,0.13156755280784707,0.2765461283225309,0.5918863188696221
Show!,neither,0.07685697407988158,0.17767316758924298,0.7454698583308754
Hello Daisies! Greetings from Massachusetts,neither,0.04044253611397438,0.3135846155371888,0.645972848348837
gandsTWC,neither,0.03945320844208391,0.33037608806864915,0.630170703489267
Woo!!! <3,neither,0.03945320844208391,0.33037608806864915,0.630170703489267
"katesWave katesWave Hello, y'all. Hope everyone had a great day!",neither,0.060360833715405716,0.34230888361930834,0.5973302826652861
Hellooo Show!,neither,0.07685697407988158,0.17767316758924298,0.7454698583308754
Eeeee,neither,0.03945320844208391,0.33037608806864915,0.630170703489267
"Higher, Further, Faster, MORE",neither,0.040887887117652795,0.32286441695181034,0.6362476959305369
gandsTWC gandsLessthanthree gandsHappy amydCheers gandsHug,neither,0.03945320844208391,0.33037608806864915,0.630170703489267
"@aromiaflyce i leveled up my character in the most fun (ie not that mechanically strong) way possible, so good luck us",neither,0.04341340479454721,0.4324889607596688,0.5240976344457839
So carol,neither,0.039408962504520015,0.38382265604540616,0.5767683814500738
Hel-looooooo!,neither,0.03945320844208391,0.33037608806864915,0.630170703489267
hello lovely hosts and awesome crew!,neither,0.038860518047649284,0.3011542406980542,0.6599852412542965
my left ear D:,neither,0.027808689797404643,0.42149419634477586,0.5506971138578194
"gandsTWC Hi Amy, Taliesin, and Matt!",neither,0.0388100252782571,0.29846695177565247,0.6627230229460904
Hello lovely hosts!! :D,neither,0.03945320844208391,0.33037608806864915,0.630170703489267
HAPPY BIRTHDAY MISTER KEY,neither,0.03945320844208391,0.33037608806864915,0.630170703489267
Hello lovely crew!,neither,0.03945320844208391,0.33037608806864915,0.630170703489267
Heehee,neither,0.03945320844208391,0.33037608806864915,0.630170703489267
YIKES my IPad is at 5%,neither,0.03256103385695892,0.4651175917803972,0.5023213743626439
We have a subscriber-only Discord server! Join here: https://discord.gg/geekandsundry (you'll need to sub and link it to your Twitch) and be a part of the fun!...Warning: It can take up to an hour for the server to update and give you access to the channels,neither,0.08464076273808444,0.286394834032893,0.6289644032290227
"Hi Amy, Taliesin and Matt!",neither,0.0388100252782571,0.29846695177565247,0.6627230229460904
?,neither,0.03945320844208391,0.33037608806864915,0.630170703489267
Merry Birthiversary Matt's dad!,neither,0.03945320844208391,0.33037608806864915,0.630170703489267
Hello lovely lovelies,neither,0.03945320844208391,0.33037608806864915,0.630170703489267
"Happy Birthday, Matt's Dad!!!",neither,0.03945320844208391,0.33037608806864915,0.630170703489267
"Yay, Matt's dad!",neither,0.03945320844208391,0.33037608806864915,0.630170703489267
Happy birthday!,neither,0.03945320844208391,0.33037608806864915,0.630170703489267
Happy birthday!,neither,0.03945320844208391,0.33037608806864915,0.630170703489267
Happy Birthday+1 Mattsdad!,neither,0.03945320844208391,0.33037608806864915,0.630170703489267
Happy Birthday!,neither,0.03945320844208391,0.33037608806864915,0.630170703489267
HAPPY BIRTHDAY PAPA MATT,neither,0.03945320844208391,0.33037608806864915,0.630170703489267
HAPPY BIRTHDAY MR MATT'S DAD,neither,0.03945320844208391,0.33037608806864915,0.630170703489267
Right channel is missing,neither,0.04588045338451441,0.3444681292936927,0.6096514173217928
Matt’s Dad birthday Wooo!!!,neither,0.03945320844208391,0.33037608806864915,0.630170703489267
Happy Birthday Matt's dad! It's my birthday today! <3 Almost birthday twins!,neither,0.03296291143805481,0.3583289722742292,0.608708116287716
Happy Birthday Matt's dad,neither,0.03945320844208391,0.33037608806864915,0.630170703489267
Happy birthday Matt's dad!,neither,0.03945320844208391,0.33037608806864915,0.630170703489267
"Happy Birthday, Matts father",neither,0.03945320844208391,0.33037608806864915,0.630170703489267
"happy birthday, Mister Key!",neither,0.03945320844208391,0.33037608806864915,0.630170703489267
"Aw, looks like they aren't watching",neither,0.04835284964833676,0.3434787689009913,0.6081683814506719
"Happy birthday Key Dad, thanks for giving us Matt!",neither,0.054341754607857395,0.29942341215473783,0.6462348332374048
"Happy Birthday, Mr. Key!",neither,0.03945320844208391,0.33037608806864915,0.630170703489267
Happy birthday Dad Key,neither,0.03945320844208391,0.33037608806864915,0.630170703489267
Ah there the audio fixed,neither,0.038777188587065664,0.28724325630676684,0.6739795551061674
"@g0rmyr I went Heal Boss, so I got us as long as I save ALL MY SPELLS for defense, buffs and heals",neither,0.04216153299248528,0.43379884825568354,0.5240396187518312
Happy Birthday Creator of Matt,neither,0.03945320844208391,0.33037608806864915,0.630170703489267
oh Matt you're adorable,neither,0.0827206833632089,0.2981923159170209,0.6190870007197702
Happy Birthday Papa Key!!,neither,0.03945320844208391,0.33037608806864915,0.630170703489267
Happy Birthday Matt's dad!,neither,0.03945320844208391,0.33037608806864915,0.630170703489267
Aww <3,neither,0.03945320844208391,0.33037608806864915,0.630170703489267
"all my friends call my mom ""mom"" and i love it",neither,0.023555066289335673,0.47161542495908987,0.5048295087515744
I want to be adopted into the Keys,neither,0.04456493063471512,0.31404887727448566,0.6413861920907993
Awww. Xander's Mom.,neither,0.03945320844208391,0.33037608806864915,0.630170703489267
Xander's mom is the best,neither,0.04793356676122731,0.29838543409271095,0.6536809991460618
Relics and Rarities HYPE,neither,0.038422865211103545,0.27621000835571474,0.6853671264331818
Xander is 100% excellence,neither,0.05346295554390151,0.3255574936149395,0.6209795508411591
R&R is so great,neither,0.04851010501787558,0.3504054070502714,0.601084487931853
anyone know if R&R will be on G&S YT anytime soon?,neither,0.027549466881654282,0.3610863477111416,0.611364185407204
"Relics & Rarities, The Love Boat of RPGs! :)",neither,0.03640230836405634,0.32780534910822895,0.6357923425277147
Xander is the goddamn best,neither,0.04662813012089419,0.30241659064489546,0.6509552792342104
omg I would watch that,neither,0.0403685102686341,0.36842108502235815,0.5912104047090077
"@misssunflower94 it was so, so good",neither,0.036896243449275924,0.4443406047227558,0.5187631518279682
You really can't. Like he has so much potential,neither,0.066926018061714,0.415889049092132,0.517184932846154
Xander is amazing,neither,0.051766257226869686,0.3261410659692903,0.62209267680384
no its the xander zone,neither,0.031108627101773707,0.3302467440085447,0.6386446288896817
"""Can't go Wrong with Xander"" the G&S theme",neither,0.030256873594696577,0.347955703267192,0.6217874231381115
hey daisies,neither,0.03945320844208391,0.33037608806864915,0.630170703489267
He is the Bestest,neither,0.07346378834784456,0.28675723632816663,0.6397789753239888
"@kuzumi06 I'm not sure if it'll be soon, but they have said that they will post it",neither,0.022110867275585564,0.4646521480852444,0.5132369846391699
And wonderful and kind and the bestest supportive critter,neither,0.037703159338916534,0.2452323824329526,0.7170644582281308
I hope Xander sees this so he can be a blushmonster,neither,0.08416750047121506,0.2611838159467195,0.6546486835820655
cosplay armor?,neither,0.03945320844208391,0.33037608806864915,0.630170703489267
You can't go wrong with Xander or Bonnie!,neither,0.04422846593882739,0.4366519753801078,0.5191195586810647
what did you need metal for???,neither,0.05287791937643681,0.33349976386322866,0.6136223167603346
Also we did Bohemian Rhapsody together and you can’t just NOT bond after that.,neither,0.0414377575460343,0.3695497414235033,0.5890125010304624
Hi @sp_acevex,neither,0.03945320844208391,0.33037608806864915,0.630170703489267
cake shaped cakes?,neither,0.03945320844208391,0.33037608806864915,0.630170703489267
people don't normally go to metal stores?,neither,0.0663447309936199,0.32818148927347474,0.6054737797329053
"If it has Xander, I watch. That's my life rule",offensive_language,0.01801663429709735,0.49822382813750826,0.48375953756539436
Why Metal? sofieGasp,neither,0.02682476417722479,0.3486465618700777,0.6245286739526974
was it.... Heavy Metal?,neither,0.038093877009369635,0.3326198168681786,0.6292863061224516
Hi @TheLostGeographer,neither,0.03945320844208391,0.33037608806864915,0.630170703489267
"I'm here! Hi, Daisies!",neither,0.11445052500307865,0.2755262172318999,0.6100232577650214
VERY METAL,neither,0.03945320844208391,0.33037608806864915,0.630170703489267
"of course he went metal shopping,",neither,0.04339368793877308,0.32902077647667616,0.6275855355845507
"Oh man, that’s so metal man 🤟",neither,0.04074704380134139,0.470275495880039,0.4889774603186196
metal works,neither,0.03945320844208391,0.33037608806864915,0.630170703489267
"Man, the one thing I miss about high school is metal shop. :D",neither,0.03548164246619984,0.44182024004187537,0.5226981174919247
Deborah Ann Woll PogChamp,neither,0.03945320844208391,0.33037608806864915,0.630170703489267
!twc,neither,0.03945320844208391,0.33037608806864915,0.630170703489267
"Here are some handy The Wednesday Club resources! TWC Reddit: reddit.com/r/WednesdayClub/ | Discord: https://discord.gg/6QK9fVB | Wednesday Club Fanclub on Facebook: facebook.com/groups/1945232949091586/ | Send in your thoughts, comic recommendations, questions, and more to Matt, Amy, and Taliesin at thewednesdayclub@geekandsundry.com",neither,0.05001524745118048,0.31503641584425707,0.6349483367045624
"okay, yeah - that checks out",neither,0.020812643981007146,0.4672073016482751,0.5119800543707177
Magneto?,neither,0.03945320844208391,0.33037608806864915,0.630170703489267
"So when at Taliesin's home, beware of the bowl of metal fruit...",neither,0.03285839246939258,0.38670839851855554,0.5804332090120519
Oh of COURSE it was Bryan Forrest,neither,0.04196207657675918,0.29664915335032815,0.6613887700729126
what is going on???,neither,0.053652426185914176,0.3789212265798947,0.5674263472341913
!wtfisthis,neither,0.03945320844208391,0.33037608806864915,0.630170703489267
"Welcome to The Wednesday Club where Amy, Taliesin, and Matt talk about comics old and new.",neither,0.03356453638198711,0.24263158377310745,0.7238038798449055
It makes sense to some extent because of all the armour,neither,0.03662772754078048,0.38658607942855927,0.5767861930306603
NEAT,neither,0.03945320844208391,0.33037608806864915,0.630170703489267
Nice Job Amy,neither,0.03945320844208391,0.33037608806864915,0.630170703489267
(that was the cutest),neither,0.03437284213535323,0.35976316133967345,0.6058639965249732
Beautiful segue,neither,0.03945320844208391,0.33037608806864915,0.630170703489267
What a sequeway :D,neither,0.057770773616808734,0.3180719994247239,0.6241572269584672
Wait Brian Forest doesn't live in a warehouse full of metal?,neither,0.05201205506973224,0.32605652481992176,0.6219314201103461
oh damn Amy Dallen Queen of the Segue,offensive_language,0.048688470867917194,0.6812622175222453,0.2700493116098375
BOOM!,neither,0.03945320844208391,0.33037608806864915,0.630170703489267
Animation!,neither,0.03945320844208391,0.33037608806864915,0.630170703489267
"Internet Sensation Amy Dallen, everybody!",neither,0.03945320844208391,0.33037608806864915,0.630170703489267
segueway,neither,0.03945320844208391,0.33037608806864915,0.630170703489267
For your consideration: Amy Dallen for...,neither,0.04987789376814522,0.2806407938049492,0.6694813124269056
Eeeeeee,neither,0.03945320844208391,0.33037608806864915,0.630170703489267
oh hell yaeh,offensive_language,0.04851296122505437,0.841912910108526,0.10957412866641962
well that's not mysterious at all...,offensive_language,0.034013793524439895,0.5149478096608088,0.45103839681475133
audio still a little low ( based off of my usual volume settings) :),neither,0.03269444061450584,0.38634173006544614,0.5809638293200481
Yay the Captains Marvel episode!,neither,0.03875079426238743,0.3175957430446798,0.6436534626929329
"Tal, what on earth are you doing?",neither,0.08120328794055838,0.33520049348855396,0.5835962185708876
they should get a little segue trophy and pass it back and forth between them at appropriate times,neither,0.049744107019873966,0.319886539460222,0.6303693535199041
Taliesin is making Goth credit cards,neither,0.046098096094688956,0.3188588365242871,0.6350430673810239
Don’t tease me Tal....,neither,0.03335727566449176,0.3630416407136773,0.6036010836218308
I'm glad we're eventually getting into ti,neither,0.04775006642884388,0.3603100466165602,0.591939886954596
The Segueway should now be retired no one can match Amy's,neither,0.045923296722404895,0.3721870421269135,0.5818896611506816
Taliesin is nothing but fascinating projects,neither,0.04105003981852143,0.3797457215995948,0.5792042385818836
Question: Is Taliesin building a mecha?,neither,0.04790271702720788,0.3274699146089178,0.6246273683638743
Oh Captains my Captains,neither,0.02748693229954249,0.40236076101129065,0.5701523066891669
Merry Marvel Marching Society?,neither,0.03945320844208391,0.33037608806864915,0.630170703489267
That wall behind Tailson Jaffe is an abstract Winnie the Poo bear.,neither,0.04114206510125035,0.33945293346441624,0.6194050014343335
"there's so much, it's simply marvelous",neither,0.035329061371136956,0.3320200953416059,0.6326508432872571
Honorable mention to Marvel Girl?,neither,0.03924128450767042,0.3807690684125636,0.579989647079766
Oh Marvels my Marvels,neither,0.02748693229954249,0.40236076101129065,0.5701523066891669
Humble has a Spawn comic bundle and it is mighty tempting......,neither,0.04288898297467041,0.3017929459553954,0.6553180710699343
Matt's Dad Key REALLY appreciates all your sweet and wonderful HAPPY BIRTHDAY WISHES!!,neither,0.05355529615838653,0.3389940639824014,0.6074506398592121
Tali is 4000 years old LUL,neither,0.04679494003532327,0.32785092991420833,0.6253541300504684
"IDEA: GnS Parents game with Matt Key's parents, Xander's mom, Gina De Vivo's mom, and Sam Riegel's mom play D&D",neither,0.03450931209550623,0.3129201786921971,0.6525705092122968
YEEEEESSS we're finally doing this episode!,neither,0.054563822907818964,0.3095815718189009,0.6358546052732801
"It's that episode! We really think we'll manage to get this into one episode? (They've pre-canceled TBG, right?)",neither,0.0286337157277837,0.36029884681896573,0.6110674374532507
What's a Captain Marvel is a complicated question,neither,0.050662785274616075,0.3249185156773131,0.6244186990480708
It’s a a Marvel a,neither,0.03772653554390317,0.33096997005595963,0.6313034944001372
what IS a captain marvel,neither,0.05266709367880296,0.323980363989293,0.6233525423319041
Captain Marvel's name makes me think of Carvel and now i want ice cream cake,neither,0.035340846692507165,0.32237217228966364,0.6422869810178291
Excited to learn more about Captain Marvel.,neither,0.04417380190332645,0.33945160589277984,0.6163745922038936
You can’t help but Marvel at it all!,neither,0.0501199751582866,0.46990181272694753,0.4799782121147659
What's Marvel's Captain?,neither,0.04457674294114889,0.3266955235211422,0.628727733537709
Thanks for thinking of me (Matt's Dad said...),neither,0.029322740416520162,0.3253854552479208,0.6452918043355591
"The Copyright is just, WACK",neither,0.0422775483210687,0.3333671658593315,0.6243552858195998
his D:,neither,0.14069094616772104,0.3246784056473605,0.5346306481849185
they may need a whole other episode to untangle this,neither,0.04574590410567979,0.3081510854795879,0.6461030104147323
Monica Rambeau is my favorite Captain Marvel!,neither,0.03623406391051374,0.38626033027461154,0.5775056058148746
back then the real super heroes were those that fought in the World Wars! no Kappa,neither,0.04294189376462921,0.35332471502954566,0.6037333912058251
Heroes? Sounds like a fad. Everyone lives those romance comics,neither,0.0549058197109797,0.3583788286744025,0.5867153516146177
@chaoticloony I liked her too,offensive_language,0.02904546100830476,0.5920630453953688,0.37889149359632635
MAD Comics turned this court case into a parody punchout between Superduperman and Capt. Marbles.,neither,0.038908826394286146,0.30737296750018195,0.6537182061055319
@derekleeketchum gandsHug,neither,0.03945320844208391,0.33037608806864915,0.630170703489267
QUESTION: Can I get a crash course of suggested reading for someone completely new to Captain Marvel to binge read before the movie?,neither,0.042856427960458326,0.2814748203251642,0.6756687517143775
TOPIC: A Franchise of your choice is missing a Captain Marvel. What does THEIR Captain Marvel do to make them different from all the rest? What awkward trait do they all share?,neither,0.057681678933948606,0.39348709338627275,0.5488312276797787
so many marvels so many captains,neither,0.039413129245513115,0.4120595004619746,0.5485273702925123
"Destroy characters, then buy them cheap. Rockefeller couldn't have done it better.",neither,0.0453440002611646,0.33863267251084206,0.6160233272279934
Just a dude?,neither,0.03213246713991344,0.36589418750232855,0.6019733453577579
Some dude?,neither,0.027172034650073878,0.3529570458040202,0.619870919545906
Taliesin pat pats already up to 2,neither,0.04162337053300333,0.38440028338580695,0.5739763460811897
Daily Wednesday?,neither,0.03945320844208391,0.33037608806864915,0.630170703489267
KIMOTA!,neither,0.03945320844208391,0.33037608806864915,0.630170703489267
Atomic Backwards,neither,0.03945320844208391,0.33037608806864915,0.630170703489267
"so many marvels, so little time",neither,0.03787757371367825,0.4483139488448696,0.5138084774414523
Hold onto your safety belts. We're experiencing peak Amy!,neither,0.06823413943102671,0.3104468602422493,0.621319000326724
Cimota,neither,0.03945320844208391,0.33037608806864915,0.630170703489267
"Marvel Man, Marvel Man, Does whatever a marvel can",neither,0.033642404685489756,0.42847574513921566,0.5378818501752947
I'm wondering the same @GreyAngel,neither,0.039352722993051065,0.3199053861772063,0.6407418908297426
@halfaringcircus It's a good Amy.,neither,0.037207913893648914,0.3311483478231903,0.6316437382831608
"Free form episode. Just do it free form. Oh no, my comment was just sued out of existence by the TV channel Free Form. Goodbye.",neither,0.03342545336216524,0.37076876257099695,0.5958057840668379
@sunlitlake My GF is a 19th c scholar whose dissertation involves aaaall the different bits of sheet music written based off of an opera and she's using 19th c copyright rulings to draw the line between versions and oh boy is her advisor confused about how any of those rulings work,neither,0.04517820667314832,0.3991255375004552,0.5556962558263964
"British Invasion Writers Make Things Weird is Taliesin's fav thing, I've realized.",neither,0.030089727779239617,0.31953176197749406,0.6503785102432664
British Invasion you say 😎,neither,0.05391967517656158,0.37143287718532103,0.5746474476381174
Hellooo,neither,0.03945320844208391,0.33037608806864915,0.630170703489267
Playing D&D taught me to pay attention to names backwards,neither,0.042655547589559126,0.3499760727323131,0.6073683796781277
Hey @EmilytheBard,neither,0.03945320844208391,0.33037608806864915,0.630170703489267
@sunlitlake you need to invade more often I miss you,neither,0.07782547042172827,0.41448092379008944,0.5076936057881823
"@sunlitlake Which pretty much sums up to us looking at her advisor, shrugging and going ""Dunno. Copyright is weeeeiiird""",offensive_language,0.05641581773038976,0.4873092193169695,0.45627496295264064
,neither,0.03945320844208391,0.33037608806864915,0.630170703489267
"Wow, I just watched all of Erics TBD RPG again, cause of bad brain distraction, and now I hear the Doctors ""I would love to trust you"" all the time when Amy talks 🙈 I definetly watched too much of the fight between her and Tals Character 😅",neither,0.03245469248047928,0.464337112266723,0.5032081952527976
I’m sorry! The ocean is SO BIG @misssunflower94,neither,0.029655362102286698,0.4088877518697511,0.5614568860279623
"Intellectual Property law, It's not a problem!",neither,0.03758855456438941,0.33409606186225976,0.6283153835733508
QUESTION: Who is on first?,neither,0.037060152057051286,0.4134572211308131,0.5494826268121354
:D,neither,0.03945320844208391,0.33037608806864915,0.630170703489267
It should have ended in Alan Moore hurling demonic curses at all the lawyers and making their wigs catch on fire.,neither,0.04248953460092035,0.36922151798676217,0.5882889474123174
"QUESTION: Taliesin, will you dye your beard to match your hair? ;)",neither,0.10990086879270035,0.32606344456922964,0.5640356866380701
That is a lot of thing O__O,neither,0.0441095922440127,0.37608489537765666,0.5798055123783308
@super390 YES,neither,0.03945320844208391,0.33037608806864915,0.630170703489267
"Comics be crazy, yo",offensive_language,0.030230335068176933,0.48991449345482807,0.47985517147699497
@kaioraya yeah all I have heard from people studying Copyright law is that it is the WORST. And Dyson SUCK.,neither,0.06317487161561242,0.4054859040840095,0.5313392243003782
@sunlitlake when will my latent teleportation powers awake?,neither,0.024603335976032304,0.42038163442725357,0.5550150295967142
@super390 PERFECT,neither,0.03945320844208391,0.33037608806864915,0.630170703489267
That is definitely not confusing,neither,0.04162885403350481,0.36975013485275837,0.5886210111137369
@Xynthimero I've watched that episode 4 or 5 times now. Fave,neither,0.02258790852184234,0.3439518719176755,0.6334602195604822
!points @FuffyButt,neither,0.03945320844208391,0.33037608806864915,0.630170703489267
