text,top_class,hate_speech,offensive_language,neither
omg there's an emote now?! gandsC6,neither,0.03971266358169732,0.276014232300317,0.6842731041179858
gandsC6,neither,0.03945320844208391,0.33037608806864915,0.630170703489267
I think she may be reborn as a being of living lightning.,neither,0.03674421847415503,0.4304973976912474,0.5327583838345976
How cruel,neither,0.03945320844208391,0.33037608806864915,0.630170703489267
"yeah just ""something""",neither,0.017170987419216147,0.48582782014933734,0.4970011924314466
@highvoltage988 There are two actually... gandsXP,neither,0.07090040447704316,0.22250180047947504,0.7065977950434817
... no Hopps in title card,neither,0.03865986575367745,0.3438411839503367,0.6174989502959858
That....is definitely an interesting title page...,neither,0.04229000684064147,0.3534315771108849,0.6042784160484737
ouch,neither,0.03945320844208391,0.33037608806864915,0.630170703489267
oh no,neither,0.04751210705993949,0.26629718932274826,0.6861907036173122
OH NO,neither,0.04751210705993949,0.26629718932274826,0.6861907036173122
@Danoba sweet! (now for some Vampire emotes? :P ),neither,0.02809637249397836,0.3161026545261637,0.655800972979858
oh shit!,offensive_language,0.04652059265363964,0.9534729203614298,6.486984930600159e-06
I mean technically she's dead,neither,0.04077290024182836,0.40964194091956274,0.5495851588386089
Wait....,neither,0.03945320844208391,0.33037608806864915,0.630170703489267
Oh,neither,0.051363287716059566,0.22255663153133606,0.7260800807526044
eric said if medvac gets interrupted hopps wont make it so we still have hope for hopps,neither,0.038612811833623605,0.31847339778629585,0.6429137903800806
"That would be the next plan, I just need to know what I'm able to do. @highvoltage988",neither,0.04560357224399752,0.35778594790042867,0.5966104798555737
Oh dear....,neither,0.0461327075271576,0.2673899063118408,0.6864773861610016
I forgot about that.,neither,0.032613838241881236,0.417617414746427,0.5497687470116916
panicBasket panicBasket Hopps? panicBasket panicBasket,neither,0.03945320844208391,0.33037608806864915,0.630170703489267
Where's Aki and the comfort blankets when ya need em?,neither,0.022273611821484827,0.4868782419146281,0.49084814626388706
ramaS,neither,0.03945320844208391,0.33037608806864915,0.630170703489267
that just means he's putting 4 baddies on one single jetsons bot,neither,0.03480180814530892,0.3998882866720343,0.5653099051826567
Made it back in time!,neither,0.03639190408947902,0.35462774336446135,0.6089803525460596
"It's still called ""Callisto 6"" though. It'll be fine.",neither,0.036808801016997156,0.3466116813137462,0.6165795176692567
shes dead,neither,0.03945320844208391,0.33037608806864915,0.630170703489267
I mean the medivac need to work but she dead right now,neither,0.04115042876479255,0.4013875058942808,0.5574620653409267
hopps isn't on the card,neither,0.03550431951641478,0.32740288064312645,0.6370927998404587
Greeting Superpukes,neither,0.03945320844208391,0.33037608806864915,0.630170703489267
"Everybody's feeling relaxed and laid back tonight, right?",neither,0.03677836484768355,0.30328170104356633,0.6599399341087502
Todays mood is STRESS,neither,0.04591669593197074,0.32815299833376377,0.6259303057342654
@Orangeitis that is code name for the energy source though,neither,0.03735817175616688,0.3262551885876598,0.6363866396561734
gah,neither,0.03945320844208391,0.33037608806864915,0.630170703489267
just a chill friday,neither,0.034361975390410214,0.35453507773791776,0.6111029468716721
"Okay, this title card detail is epic fucking storytelling",offensive_language,0.1150561156862542,0.8695550594829481,0.015388824830797579
Are we ready everyone?,neither,0.05867662029889385,0.39673371461255436,0.5445896650885518
this is fine,neither,0.052115553537423503,0.3283153780915982,0.6195690683709782
But I just made Hopps out of LEGO?!,neither,0.029624990900160856,0.37144300779613226,0.5989320013037069
everything's fine,neither,0.03945320844208391,0.33037608806864915,0.630170703489267
I'm actually really excited to see how this episode goes down.,neither,0.04387089016211333,0.32879915579521296,0.6273299540426738
I'm not currently stress eating a bag of chips NOPE,neither,0.04042753389043457,0.3025340470449283,0.657038419064637
!itsfine,neither,0.03945320844208391,0.33037608806864915,0.630170703489267
"We're fine. We're all fine here now, thank you. Uh, how are you?",neither,0.1599940322317317,0.33478147175030576,0.5052244960179626
Totally relaxed...no worries...no fears...,neither,0.03846822149693002,0.34709388713899575,0.6144378913640743
"Hello, fw",neither,0.03945320844208391,0.33037608806864915,0.630170703489267
"noooooooo, but yes. @shidareAKI",neither,0.03615091517094154,0.3402019158907472,0.6236471689383112
@shidareAKI not near enough BibleThump,neither,0.03800133345609785,0.3358377777950444,0.6261608887488578
man Calisto 5 just doesn't have the same ring to it,neither,0.03914016971459003,0.3972426366502645,0.5636171936351454
*fellow cyberpunks.,neither,0.03945320844208391,0.33037608806864915,0.630170703489267
they took Hopps off the,neither,0.03832046667583516,0.3095110174451312,0.6521685158790336
I'm wearing my Callisto 6 Shirt!,neither,0.026987702256172755,0.4288372734517713,0.544175024292056
I'm maybe happier about the prospect of a new Bonnie character than I should be. I mean I learned to like Rue eventually.,neither,0.05954335289962614,0.31561985931766506,0.6248367877827088
oh goodness...,neither,0.04535734983354261,0.27438591475104485,0.6802567354154126
"oof, hopps is missing from the art rn",neither,0.04602761379598641,0.3012199795880973,0.6527524066159164
I'm actually lowkey not okey by this...,neither,0.039229401153731976,0.38240636861504207,0.5783642302312259
,neither,0.03945320844208391,0.33037608806864915,0.630170703489267
Can hopefully stay for the whole episode tonight. It'll probably be pretty boring though. :p,neither,0.03369912883281522,0.30580805652320964,0.6604928146439752
NOooooo!,neither,0.03945320844208391,0.33037608806864915,0.630170703489267
I got my diamond. Did everyone bring their contribution?,neither,0.02819569675069132,0.4729726615451458,0.49883164170416294
@shidareAKI Spare the Dying at a minimum,neither,0.03817175775058156,0.3360051075640175,0.625823134685401
@Sollux_kid8 superpunks not cyberounks,neither,0.03554889144452836,0.3454295093440936,0.619021599211378
@sharkboss1 You're ready to cast it on chat?,neither,0.07117440228238403,0.34907939349627887,0.579746204221337
I bring my blessing of Chaos!,neither,0.03076113715130977,0.3961686199678266,0.5730702428808635
Don't tell me you forgot the comfort blankets Aki!!!!,neither,0.04431711321088834,0.38784124227806166,0.5678416445110499
I just won a mtga game so I'm going to call it a good omen,neither,0.03744029151982647,0.3625045387627311,0.6000551697174424
"yes Aki, be the cleric. save hopps and heal cass",neither,0.03846943019738401,0.28808896801551265,0.6734416017871034
@slippydude I always have that. I cast it last week. We’ll see if it worked.,neither,0.025083097809897606,0.4221968656701137,0.5527200365199887
"I'm normally never in twitch chat, it's nice to see how many names I recognize :D",neither,0.03985036657872798,0.3494176784639782,0.6107319549572938
,neither,0.03945320844208391,0.33037608806864915,0.630170703489267
I got a potion of healing,neither,0.03647430038126521,0.43939739877462697,0.5241283008441079
I bring snacks to offer to the gods to save Hopps!,neither,0.05404342458460134,0.3106338073325997,0.6353227680827989
@shidareAKI There may be many people in chat falling unconscioius,neither,0.06152149016380559,0.28340383902806304,0.6550746708081313
"I'll try to stay around but someone who gets up ridiculously early, I can't promise.",neither,0.04123418389834692,0.38965359033103686,0.5691122257706162
all eyes on medivac,neither,0.04082775022000066,0.42011550982926926,0.53905673995073
i brought blankets,neither,0.03945320844208391,0.33037608806864915,0.630170703489267
@dstunna1 thank you! :),neither,0.07325166854587051,0.43632638485078484,0.49042194660334476
HOOOOOOOOOPPS,neither,0.03945320844208391,0.33037608806864915,0.630170703489267
@perfectcosima Ally I believe in you please be a good sign,neither,0.05102851938749946,0.3675900155106518,0.5813814651018487
Hello Everyone! Do you have your emotional support plushies at hand?,neither,0.09646218672253301,0.42924789786241563,0.47428991541505133
@perfectcosima lets hope it is,neither,0.10086934603237416,0.20728512574485525,0.6918455282227707
I’m first live show of Callisto!!,neither,0.05272858537878593,0.24490905443801173,0.7023623601832023
I'm just excited!!,neither,0.03334593934758337,0.35964920089315733,0.6070048597592593
Also... While this is a Cypher game.... It's ALSO comics.... and very few comic heroes STAY dead so...,neither,0.041411792262820254,0.3128138890596072,0.6457743186775725
#HOPEFORHOPPS,neither,0.03945320844208391,0.33037608806864915,0.630170703489267
Blanket over here please...,neither,0.07843381031443741,0.29693253571485995,0.6246336539707026
I KNOW I will not make it through the entire show.. . been up since 3am EST and not it is 7pm EST... NOPE NOT going to make it ... but we will see,neither,0.044303703273730496,0.30137148995954854,0.654324806766721
Hi @CatsantaHat @sunlitlake,neither,0.03945320844208391,0.33037608806864915,0.630170703489267
~Offers favorite Chew Toy to sacrifice for Hopps~ ;w; <3,neither,0.03946135418483765,0.3083884095530401,0.6521502362621223
"I'm going to be really sad if Hopps is actually dead, but at the same time I really like when games embrace the fact that there are consequences",neither,0.04033068344926142,0.38312464758087844,0.5765446689698602
I’ve got Beacon going so hopefully everyone stays in range.,neither,0.02129042658803646,0.4440593202069231,0.5346502532050404
@Slippydude Tell that to Mar-vell...,neither,0.044257905604441254,0.3971700208964591,0.5585720734990995
@vampirequeen29 welcome! also heavy episode ahead,neither,0.03945320844208391,0.33037608806864915,0.630170703489267
i has a cat @sunlitlake,neither,0.04001163457713787,0.3208981391807034,0.6390902262421586
Did Hopps get killed last week then?,neither,0.03899466559485131,0.3381587568876572,0.6228465775174915
@Goldstaralpha lol go to bed yo,neither,0.038855514042011936,0.47903121843454105,0.482113267523447
It's all going to be fine,neither,0.04609328917566764,0.4465469181487624,0.5073597926755701
forgot to eat today. now I'm faced with the ultimate dilemma..,neither,0.03485470146696867,0.32754158709219006,0.6376037114408412
wait what did i miss last night i missed the last hour,neither,0.03338424593227487,0.31978814594883437,0.6468276081188907
passes @CinderFlame a blanket,neither,0.03945320844208391,0.33037608806864915,0.630170703489267
I mean the chances of hoops dying is really high because both anyone and cats are out for 1 round,neither,0.0483143074691839,0.246116381771273,0.7055693107595431
hopps*,neither,0.03945320844208391,0.33037608806864915,0.630170703489267
@darkofnate I said few....not NONE,neither,0.038078783651367305,0.3355424769125412,0.6263787394360916
"I have pizza, does that count as a support system?",neither,0.04137481898707731,0.45597836302109473,0.502646817991828
,neither,0.03945320844208391,0.33037608806864915,0.630170703489267
,neither,0.03945320844208391,0.33037608806864915,0.630170703489267
@slippydude thanks for the heads up,neither,0.02894212149872932,0.31928721034427343,0.6517706681569972
@Goldstaralpha Hear you. Been up since 12:00 am. PST,neither,0.04836157537904086,0.40874520844027296,0.5428932161806862
"Ugh, just noticed there is no Hopps art! :(",neither,0.04100840464279685,0.32279737718979196,0.6361942181674113
Hopefully something exciting happens this week. Last episode was so uneventful. :P,neither,0.05148440249851496,0.35372584832078713,0.5947897491806978
This late start isn't doing ANYTHING for my anxiety,neither,0.02829464322389821,0.36624259127080827,0.6054627655052935
I'm glad and not glad that I can catch this one live,neither,0.037979978111283084,0.35046137493669427,0.6115586469520226
got my kitten with me for cuddles. bring on the angst,neither,0.015157833491215003,0.4527972420091982,0.5320449244995868
I will @VermillionCrimson ... just not YET,neither,0.03408885267708857,0.33272950824759406,0.6331816390753174
hops is in medivac unit getting treatment and if medivac is interrupted eris said bye bye hopps so protect that damn medivac :P,offensive_language,0.0357780920321999,0.5954141847591772,0.36880772320862293
And I am on the West Coast just don't sleep well.,neither,0.03338785168411243,0.31578107335145317,0.6508310749644343
MADE IT,neither,0.03684238675525566,0.33127406936755094,0.6318835438771935
"Pizza and Cats totally count. I have a Slowpoke, who served me well during SOT",neither,0.036776935599296505,0.2816011947571572,0.6816218696435462
Oh snap I just realized something,neither,0.039738185515962254,0.30627271404515466,0.653989100438883
Tonight we get to see sam try desperately to threaten Campbell just enough to res Hopps,neither,0.04529333583815286,0.3288112898018147,0.6258953743600324
First time I can actually watch live YAYYY but then again ahhhhhh not so yay? I am a bit scared right nowwwwww,neither,0.03606776968627299,0.39417521491956126,0.5697570153941657
Heya! @elizabethjoy77,neither,0.03945320844208391,0.33037608806864915,0.630170703489267
Oh no I got a bad feeling about no Hoops art showing,neither,0.03777346435817752,0.36081426600957506,0.6014122696322475
I'm so happy that i actually get to watch live tonight,neither,0.04692370256602927,0.3765828854526242,0.5764934119813465
I may have to drop out for late family dinner TT_TT,neither,0.0430534087050813,0.30590209292331555,0.6510444983716032
We'll be up in just a moment.,neither,0.03295065904668203,0.4098701886785902,0.5571791522747276
Been looking forward to RPG Friday. Hope everyone is doing well.,neither,0.06978584473643018,0.3227226308982814,0.6074915243652884
"Wazzat, Aki?",neither,0.03945320844208391,0.33037608806864915,0.630170703489267
What @shidareAKI ?,neither,0.057770773616808734,0.3180719994247239,0.6241572269584672
Hugs for the hug included,neither,0.03448043533555893,0.2974545368694846,0.6680650277949564
"Finally here live, to see Hopps' eyes open {:3",neither,0.09380458000022016,0.27103609961426495,0.6351593203855149
I took a nap because there's this and then L.A. by Night...,neither,0.033810660174133186,0.30095380599625043,0.6652355338296162
How is the weather in Japan @shidareAKI ?,neither,0.04578140131181394,0.3137685444029442,0.6404500542852419
She can’t die.,neither,0.35412380680672667,0.12405205532735564,0.5218241378659176
BlessRNG 4 Hopps,neither,0.03945320844208391,0.33037608806864915,0.630170703489267
@shidareAKI Is it that Cass and Anton are both at death's door also....,neither,0.05920799716817495,0.3130125174939502,0.6277794853378748
let's see if I have the new sub badge...,neither,0.019683295967683145,0.320934334857236,0.659382369175081
if they don't have bonnie onscreen even just until they confirm hopps alive i will perish,neither,0.02742201875941513,0.37227691312781913,0.6003010681127658
Why isn’t Hopps in the overlay 😭,neither,0.02466896146394037,0.3288950212501545,0.646436017285905
I missed everything after the break last episode is hopps dead?,neither,0.04411997889648769,0.31779522860513193,0.6380847924983805
"yeah I don't usually get to catch gandsC6 live, it runs right through dinner time, but I rushed a quick meal so I could see tonight",neither,0.03162375953195166,0.410342210549138,0.5580340299189103
#HopeForHopps,neither,0.03945320844208391,0.33037608806864915,0.630170703489267
@flubb2 oh but she will gandsHype,neither,0.04687883442781775,0.361060083213335,0.5920610823588474
@perfectcosima BIG MOOD,neither,0.02201470483416176,0.40388067414108464,0.5741046210247535
Ok I'm here.. I'm wanting to find out what happens to Hopps... oh look theres only 5 characters..,neither,0.1042472739749337,0.23172180902568423,0.6640309169993821
This could be bad..,neither,0.0353619057534243,0.3396464575833169,0.6249916366632589
@Dstunna1 we're gonna find out tonight,neither,0.05198510251327242,0.2562766631282945,0.691738234358433
@Dstunna1 Hopps' true fate is unknown,neither,0.047881744292255245,0.3274771280941854,0.6246411276135593
!rebroadcast,neither,0.03945320844208391,0.33037608806864915,0.630170703489267
oh.. I KNOW I will not be up for LA... probably have to watch both on the Reruns tomorrow or Sun,neither,0.04089097186033273,0.3160740197947047,0.6430350083449625
I'm not ramaPANIC at all,offensive_language,0.0389307286712872,0.527284364978658,0.43378490635005473
why is she possibly dead?,neither,0.03630663238786104,0.4212372650329803,0.5424561025791586
!schedule,neither,0.03945320844208391,0.33037608806864915,0.630170703489267
wait is Anton also real low? @Slippydude aaah I knew HOpps and Cass were bad,neither,0.03674434613536453,0.3693551837454883,0.5939004701191472
If Hopps dies will this turn into Callisto 5?,neither,0.025551471992463146,0.3580797795298168,0.6163687484777202
Oh come on. This wait isn’t fair.,neither,0.0398129059092467,0.3244304765527324,0.6357566175380209
gandsC6 gandsXP,neither,0.03945320844208391,0.33037608806864915,0.630170703489267
"Also, Anton and Cass are almost dead too....",neither,0.061600862648547035,0.2579393182478795,0.6804598191035733
hey @danoba you guys got the 4 year sub badge ready?,neither,0.04814770917188844,0.3815356511798142,0.5703166396482974
I was kinda wondering if Bonnie was taking to weekend off to go LARPing with Xander...,neither,0.029050279734765462,0.3870283550765834,0.5839213651886512
#EmbraceChaos,neither,0.03945320844208391,0.33037608806864915,0.630170703489267
Hello,neither,0.03945320844208391,0.33037608806864915,0.630170703489267
#SaveHopps,neither,0.03945320844208391,0.33037608806864915,0.630170703489267
Can I post my picture of LEGO Hopps and Cobalt?,neither,0.03040863666578891,0.3601268196670289,0.6094645436671822
"even if she does not die, I bet her character will be changed from the experience.. power change etc...",neither,0.0546189712554392,0.4576013810083628,0.48777964773619803
@dstunna1 right now it’s a flatline situation but we don’t know if it’ll stick.,neither,0.02413820019475289,0.3873393955393729,0.5885224042658741
I’m hoping that hoops situation is unknown and that way her art not there,neither,0.033288246720547164,0.43324046649552705,0.5334712867839259
@marimo132 If i remember correctly yes....,neither,0.024394560243988086,0.37855500468041614,0.5970504350755959
Hi @dragonkingnoir,neither,0.03945320844208391,0.33037608806864915,0.630170703489267
"Bravo to who ever dropped Hopps from this pic, but wtf with the feelings man",offensive_language,0.03424444134101315,0.5747948021637971,0.3909607564951899
@UselessRogue Good question.,neither,0.038603349900201235,0.3306683933919781,0.6307282567078207
"""Hey ma, I died yesterday."" ""That's nice dear, got to go, raid tonight.""",neither,0.03565171873513061,0.4199199350614082,0.5444283462034613
My anxiety is building,neither,0.035054708669356616,0.40719446398582754,0.5577508273448158
@lukeatwork I think it would be neat to see her shed her skin and basically become a sentient lightning creature thing.,offensive_language,0.0325586973444897,0.5067280035780416,0.46071329907746866
I just popped my 48 month resub,neither,0.027594023851207124,0.41425149339560163,0.5581544827531912
Hows everyone,neither,0.033302057094802294,0.43477717965781665,0.5319207632473811
@lukeatwork I can see that,neither,0.033392123885153724,0.39410402351247337,0.5725038526023728
@forestfieldforestfield gandsFacepalm,neither,0.03945320844208391,0.33037608806864915,0.630170703489267
@forestfieldforestfield I hate that this made me laugh,neither,0.2075030241400475,0.3156327030626034,0.47686427279734916
"Seriously though, this title card is epic attention to detail",neither,0.048969211573796925,0.3270501648512479,0.6239806235749551
gandsC6 gandsXP 💚 4 Hopps 💚 gandsXP gandsC6,neither,0.03945320844208391,0.33037608806864915,0.630170703489267
"hello, can someone tell me when is the rebroadcast of the CR latest episode?",neither,0.032979350713654945,0.35722197075515816,0.6097986785311869
Also.... Anton and Cass are coughing for their last turn so.... unless they get a new initiative roll.... they in trouble,neither,0.04810901670440637,0.25889163847263325,0.6929993448229603
oh no,neither,0.04751210705993949,0.26629718932274826,0.6861907036173122
I wonder if they will do it like Critical Role and have the dying character not there until we find out if she's revived,neither,0.026420628245409323,0.33865394885428957,0.6349254229003012
was thinking the same vermillion,neither,0.03920399937394698,0.3219588989726967,0.6388371016533563
This wait do they hate us?,neither,0.4062549336267586,0.1822090594586583,0.41153600691458303
@cleroz there was no CR this week,neither,0.038546799172607255,0.3093920822018076,0.6520611186255852
Been looking forward to this all week but I may have to catch the VOD as I am not sure if I will make it all the way through,neither,0.03134360403748243,0.46946597090895753,0.49919042505355987
Not sure I’m ready for this tonight...,neither,0.02695955188042254,0.40713098986572294,0.5659094582538546
love this community so gands much!,neither,0.032869432357908186,0.3915744576991964,0.5755561099428954
Theres no new initiative I think..,neither,0.042112438951974154,0.26285112394829474,0.6950364370997311
gandsXP gandsC6 gandsC6 gandsXP gandsXP gandsC6 gandsC6 gandsXP,neither,0.03945320844208391,0.33037608806864915,0.630170703489267
too much waiting,neither,0.034598495015950526,0.33712613968773275,0.6282753652963168
"Going up now, should see it shortly.",neither,0.046229535270428966,0.4701268466324635,0.48364361809710743
One life defintely on a knife's edge....others waiting for the ship to drop....most of the Six is in definite danger.,neither,0.0428122215830123,0.3437095037664644,0.6134782746505232
,neither,0.03945320844208391,0.33037608806864915,0.630170703489267
Anyone cooking any particularly sumptuous nom noms?,neither,0.03945320844208391,0.33037608806864915,0.630170703489267
why doesn't the cover screen have Hopps in it?,neither,0.028795759182714858,0.3369515384286328,0.6342527023886523
So I'm all paranoid and hoping people don't die.. but if they do.. will the show go on?,neither,0.13056589962509568,0.22380719068316884,0.6456269096917354
I feel ya @djwho,offensive_language,0.02123168413070138,0.6800300307949494,0.29873828507434924
who let me eat chocolate while wearing a white shirt,offensive_language,0.28881195371029866,0.5951868910555169,0.11600115523418437
The waiting is the hardest part,neither,0.044527531238459865,0.30282437668110623,0.652648092080434
@ArisBranwin If there isn't Cass and Anton just lost their last turn and they cant protect thebot or escape,neither,0.02731591445860609,0.30643776505763787,0.666246320483756
I am so not tired. But should be sleeping. It past midnight in UK,neither,0.042815756211362486,0.39243037849012347,0.564753865298514
PROTECC MED BOT,neither,0.03945320844208391,0.33037608806864915,0.630170703489267
how dare you start late... jk,neither,0.052902732676029254,0.3686815993293839,0.5784156679945869
"Despite all the heartbreak, I think it's kinda cool that they've been on the same initiative for 3 weeks now.",neither,0.023422134339800702,0.34857302969235954,0.6280048359678398
Oh crap I forgot about what happened last week until just now,neither,0.04192034092357261,0.3272010382396476,0.6308786208367797
I bolted out of my STA game for this,neither,0.023118801937579227,0.354874450520956,0.6220067475414647
hopps kinda got power trapped into the situation.. she kept taking that intellect damage from not sleeping and then developed a new power that took chunks out of her intellect,neither,0.03230015933940478,0.4316662112423365,0.5360336294182588
I have Mardi Gras donuts that were made..,neither,0.03698126579002679,0.3481494769269209,0.6148692572830523
@perfectcosima was it white chocolate?,hate_speech,0.6363551994105754,0.3438863527611579,0.019758447828266683
@ArisBranwin I'm sure the show would go on,neither,0.04418384376593907,0.38963577213018713,0.5661803841038737
well King Cake donuts.,neither,0.03945320844208391,0.33037608806864915,0.630170703489267
"Dinner just got here, just in time",neither,0.06299311929214102,0.3899365389812526,0.5470703417266063
Thank you for all your hard work @Danoba and others bts,offensive_language,0.060782092409765356,0.5389639350388946,0.40025397255133993
Can I link a picture into chat?,neither,0.03966989925724539,0.32669827941739504,0.6336318213253596
It's almost as if this delayed start somehow BUILDS TENSION,neither,0.023731034083139868,0.40140617624800273,0.5748627896688574
testing testing,neither,0.03945320844208391,0.33037608806864915,0.630170703489267
Now the REAL stress eating begins,neither,0.033561161658075905,0.4067570772918885,0.5596817610500355
@Slippydude NOOPE,neither,0.03945320844208391,0.33037608806864915,0.630170703489267
@die_giant_monster_die I had tortilla soup for dinner,neither,0.034086598611211716,0.30356907467857797,0.6623443267102103
@philbe63 you’re a sub,neither,0.10128053628648877,0.35000820840480185,0.5487112553087093
@djwho Np. That's what I here for.,neither,0.07803235042537021,0.30218364967774136,0.6197839998968884
@perfectcosima there's your problem!,neither,0.08649380274936364,0.26049612989798415,0.6530100673526521
@Liselle129 Sounds super nom.,neither,0.03945320844208391,0.33037608806864915,0.630170703489267
here we go,neither,0.13156755280784707,0.2765461283225309,0.5918863188696221
I just like to acknowledge everyone bts,neither,0.04467953467238285,0.4542706670718369,0.5010497982557802
aaaahhhhhhhhhhhhh,neither,0.03945320844208391,0.33037608806864915,0.630170703489267
eeeeeeuuuuaaaauuhhhhhh,neither,0.03945320844208391,0.33037608806864915,0.630170703489267
hey superpunks,neither,0.03945320844208391,0.33037608806864915,0.630170703489267
HERE WE GO!!,neither,0.13156755280784707,0.2765461283225309,0.5918863188696221
Oh nerves... No time for proper Ramen. Hi Eric! I need Panic Cereal {:.3,neither,0.03772031859209203,0.3064629867973862,0.6558166946105218
the tables turned!,neither,0.038567181197440285,0.3141737044056256,0.6472591143969342
@shidareAKI So I'm allowed?,neither,0.03940834892280069,0.3941640773857597,0.5664275736914396
