text,top_class,hate_speech,offensive_language,neither
gandsHype gandsHype,neither,0.03945320844208391,0.33037608806864915,0.630170703489267
yeah!!!! it's starting soon!!!!!,neither,0.02334002140254423,0.4360106803494645,0.5406492982479914
stream is live!,neither,0.05380992942542735,0.3254381533863863,0.6207519171881862
Good evening vamily how is everyone tonight,neither,0.0379842050090957,0.39167656059984546,0.5703392343910587
"If you're talking images in your head that shouldn't be there, we could be talking about Tzimisce porn...",neither,0.05250191253239517,0.4325110911651807,0.5149869963024242
If its propaganda or the truth who knows for sure it is just a test. @highvoltage988 :),neither,0.02184949091084458,0.45207286783047274,0.5260776412586826
rooScared,neither,0.03945320844208391,0.33037608806864915,0.630170703489267
the ankaran sarcophagus lol,neither,0.030515600098526528,0.3703532686958464,0.599131131205627
@axelobo Somehow i'm reminded of a particular fields of nephilim video,neither,0.04268241195259443,0.2755680769456813,0.6817495111017243
gandsHype gandsHype gandsHype,neither,0.03945320844208391,0.33037608806864915,0.630170703489267
No way Jasper could eat 50 eggs!,neither,0.03897130704910606,0.34022366974426976,0.6208050232066243
It is time for the scary blood drinkers to come out rooScared,neither,0.03837783408247074,0.33770622434782854,0.6239159415697006
": We have title card if you cannot see, please refresh",neither,0.03544063316208381,0.39783518406169477,0.5667241827762215
@Dragonchrome He would Hulk Up right? then connect with a big boot and drop the leg to defeat Chaz,neither,0.032174073675262045,0.37596959754992587,0.5918563287748121
Get your vices while there's still time!,neither,0.06921240521267426,0.32055554449765433,0.6102320502896715
@CinderFlame D:,neither,0.03945320844208391,0.33037608806864915,0.630170703489267
Well now... I'm live for Vampire {:3,neither,0.03782872789561071,0.3035207744716704,0.658650497632719
Something tells me we may get a Vannevar/Victor Fight of some sort with that episode titlle,neither,0.02538194366889739,0.39209059564886345,0.5825274606822392
Hello Vamily!,neither,0.03945320844208391,0.33037608806864915,0.630170703489267
Jasper grabs one of the Rats from the Ratpack and roll a cigarette like Tom&Jerry,neither,0.04311842945752732,0.3087723820750604,0.6481091884674122
3 min D:,neither,0.03945320844208391,0.33037608806864915,0.630170703489267
Grats @dinosaurdice,neither,0.03945320844208391,0.33037608806864915,0.630170703489267
Hello hello!,neither,0.03945320844208391,0.33037608806864915,0.630170703489267
LS By Night means new UNDAD MEME. Check it out. https://twitter.com/KBTibbs/status/1094063691501264897,neither,0.034508433758344524,0.3789995940239364,0.5864919722177191
gandsHype gandsHype gandsHype gandsHype gandsHype gandsHype,neither,0.03945320844208391,0.33037608806864915,0.630170703489267
"@KBTibbs I am confused, eggs? what id I miss?",neither,0.03781424244239343,0.3294183132443972,0.6327674443132094
And lurk mode on. I can't chat and watch. My brain loses focus too quickly and then I miss things. :P,neither,0.03158015858716864,0.3206208799732915,0.6477989614395397
Mood music recommendation; Murder Ballads by Nick Cave <3,neither,0.04021709959598119,0.3599321006839421,0.5998507997200767
"@KingdomOfRogue Someone said he was ""Cool Hand Luke"" in which Luke at 50 eggs as a challenge",neither,0.04040371766967629,0.35531192965957553,0.6042843526707481
@Dragonchrome Thanks :),neither,0.035884468650613,0.3004919205142699,0.6636236108351171
ate*,neither,0.03945320844208391,0.33037608806864915,0.630170703489267
"hey all i missed the ending of last weeks show, what happened?",neither,0.05315182037576215,0.31158296607145836,0.6352652135527795
Wine selection recommendation; Zinfandel.,neither,0.03945320844208391,0.33037608806864915,0.630170703489267
"Jasper can't do that, it's not blood",neither,0.03557126157883118,0.36385303295042126,0.6005757054707476
"@Wrestlegamer he would ""defeat"" Chaz but Chaz , I am sure is never truely defeated",neither,0.03839499225472593,0.45603349718191055,0.5055715105633635
@KBTibbs thank you for the clear up.,neither,0.04304985173466269,0.381472518098063,0.5754776301672744
@geminichild34 If V.Thomas does'nt just dominate him with a blink of an eye and cut his head of something's wrong.,neither,0.02870660489149546,0.4320061777242959,0.5392872173842086
@murtleturtles they'll probably have a short recap at the beginning of this ep,neither,0.03752382797850889,0.35142526219628245,0.6110509098252087
@Dragonchrome Do you think Chaz would stand a chance against The Undertaker?,neither,0.05445272464346431,0.3189632294314805,0.6265840459250552
woot!,neither,0.03945320844208391,0.33037608806864915,0.630170703489267
Grats @postdataest,neither,0.03945320844208391,0.33037608806864915,0.630170703489267
"Wine selection, recommendation: O positive",neither,0.03945320844208391,0.33037608806864915,0.630170703489267
@fleshhy ah perfect!,neither,0.03945320844208391,0.33037608806864915,0.630170703489267
@KBTibbs He could with blush of life,neither,0.02861154397086055,0.43579637709017577,0.5355920789389637
fiiirst,neither,0.03945320844208391,0.33037608806864915,0.630170703489267
reeeee,neither,0.03945320844208391,0.33037608806864915,0.630170703489267
hiya vamily,neither,0.03945320844208391,0.33037608806864915,0.630170703489267
not type o negative?,neither,0.03803840316811596,0.33569638254380596,0.626265214288078
Soon!,neither,0.03945320844208391,0.33037608806864915,0.630170703489267
Chauncey would never let the Undertaker near Chaz.,neither,0.021259582052721895,0.3796711091487038,0.5990693087985743
!rbschedule,neither,0.03945320844208391,0.33037608806864915,0.630170703489267
"Hi and bye @RabidRae , enjoy the show",neither,0.05036671529010018,0.22368568481329743,0.7259475998966025
Hell yea,offensive_language,0.04178788088246488,0.8367652767089439,0.12144684240859135
"Good evening, #Vamily!",neither,0.03869882722860525,0.3306355543605695,0.6306656184108252
@KingdomOfRogue Can Jasper do that?,neither,0.037217028949756537,0.3668987525466154,0.595884218503628
Greetings Vamily,neither,0.03945320844208391,0.33037608806864915,0.630170703489267
@CinderFlame O+ is so...pedestrian,neither,0.04845312661698214,0.3763011036036642,0.5752457697793536
Thomas is like 8th generation too powerful in a 1v1,neither,0.050110529574623745,0.3397995622683197,0.6100899081570565
good evening,neither,0.03869882722860525,0.3306355543605695,0.6306656184108252
Hey everyone!,neither,0.031959242684595296,0.4575682446653829,0.5104725126500218
Wish we'd gotten a VTM emote. Maybe we can't cause it's a copyrighted franchise. Pity though.,neither,0.03769104581408466,0.34766727781390905,0.6146416763720063
Time to bare those fangs,neither,0.06538790174073014,0.28512386559256586,0.6494882326667041
Good evening Vamily! Anyone else excited and hoping to see other barons making an appearance?,neither,0.04258443612713756,0.2984654965360041,0.6589500673368583
"@murtleturtles Recap of episode 4 , for those that missed it https://twitter.com/GeekandSundry/status/1094049629027688448",neither,0.04411322129257931,0.3576131586825775,0.5982736200248433
a vtm campaign. didn't expect this,neither,0.02659508396072769,0.3711129891879456,0.6022919268513266
@Dragonchrome Always do!,neither,0.038756005538676856,0.42516308707365796,0.5360809073876651
Haven’t watched live in a while,neither,0.04339689082938538,0.32901967485572414,0.6275834343148906
<3 <3 <3 <3 <3,neither,0.03945320844208391,0.33037608806864915,0.630170703489267
excited for tonightts story!,neither,0.033204192295171846,0.2991765678536911,0.6676192398511371
HI!,neither,0.03945320844208391,0.33037608806864915,0.630170703489267
also hiya and bye,neither,0.03854010496126124,0.28331532499739187,0.678144570041347
"Greetings, arriving Vamily. Make yourselves comfy; its just about show time.",neither,0.03931852036602682,0.3262972489535779,0.6343842306803954
is everyone ready for the next hype episode?,neither,0.035264897985433225,0.3780258674315042,0.5867092345830626
"@KBTibbs I have no clue, he has a lot of abilities he has slowly been revealing.",neither,0.044651223729262515,0.33617953607385587,0.6191692401968816
@Dragonchrome thanks!,neither,0.035884468650613,0.3004919205142699,0.6636236108351171
^,neither,0.03945320844208391,0.33037608806864915,0.630170703489267
here we go vamily!,neither,0.13156755280784707,0.2765461283225309,0.5918863188696221
Nos and old eat food merit..not uncommon for picky romero-type eater,neither,0.03540939860905615,0.29803826492019875,0.6665523364707451
@Wrestlegamer Chaz would employ the Undertaker,neither,0.036667107462575545,0.2890288706718799,0.6743040218655446
Greg drank the potion for sure right?,neither,0.030147024211627422,0.40627968974070705,0.5635732860476655
Woohoo! Finally here for the beginning of a show!,neither,0.07523303268474284,0.22844648261953207,0.6963204846957252
Hi @higgensbiggens,neither,0.03945320844208391,0.33037608806864915,0.630170703489267
"night is coming, cold and full of darkness",neither,0.05223754320127119,0.2953050699230561,0.6524573868756727
well played @jr_bob_loblaw,neither,0.03945320844208391,0.33037608806864915,0.630170703489267
Want the inside scoop? Join the cast of Critical Role and discuss the most recent episode right here on Talks Machina. Tuesdays 7pm Pacific at twitch.tv/geekandsundry and projectalpha.com,neither,0.04573032993319735,0.22538911733705982,0.7288805527297427
o2o,neither,0.03945320844208391,0.33037608806864915,0.630170703489267
GOOOD EVENIGN VAMILY! How is everyones Blood Pool tonight?,neither,0.04297154914734093,0.31257323183014935,0.6444552190225098
"OK I got a fresh bowl of ""herbs"", snacks and a drink. Let the show begin :D",neither,0.035615958981425985,0.29970337717539547,0.6646806638431787
Greg what did you do?,neither,0.06620409010534004,0.37240875753279046,0.5613871523618695
@flashwavexl we didn't see it,neither,0.021356164507998016,0.38887482214107694,0.589769013350925
"We didn't see Greg drink, did he?",neither,0.03149689212296856,0.3639252905877529,0.6045778172892785
Hi @DarkestArgentum,neither,0.03945320844208391,0.33037608806864915,0.630170703489267
@flashwavexl we don't know,neither,0.03919230288433076,0.33480433629296674,0.6260033608227025
GREGGGGG,neither,0.03945320844208391,0.33037608806864915,0.630170703489267
!point @higgensbiggens,neither,0.03945320844208391,0.33037608806864915,0.630170703489267
greg,neither,0.03945320844208391,0.33037608806864915,0.630170703489267
Hi fellow kindred :) /,neither,0.03945320844208391,0.33037608806864915,0.630170703489267
Grats @higgensbiggens,neither,0.03945320844208391,0.33037608806864915,0.630170703489267
has this one been going for a while?,neither,0.0319025441972254,0.35606797644667226,0.6120294793561023
hi everyone,neither,0.032490659208996964,0.4485487193596734,0.5189606214313296
"@Kings_Blend_420 With your screenname, I'd expect no less",neither,0.049292005367854504,0.36443006197151706,0.5862779326606283
Hey there #Vamily!,neither,0.039367870622775906,0.26767823129172763,0.6929538980854965
Chaz vs The Rock Dwayne Johnson - lol,neither,0.03229146318098022,0.36183888179502294,0.6058696550239969
"@Dragonchrome I'd doubt it cause Undertaker is already the Lord of Darkness, if anything Chaz would bow down to him",neither,0.03327133201286169,0.37059205634349346,0.5961366116436448
Hi @Zh0lvin,neither,0.03945320844208391,0.33037608806864915,0.630170703489267
^,neither,0.03945320844208391,0.33037608806864915,0.630170703489267
@jr_bob_loblaw we did not,neither,0.03727359018654587,0.34169156721811494,0.6210348425953393
Greetings Vamily and Critters :D,neither,0.03763944115734239,0.1918412352459551,0.7705193235967025
good evening,neither,0.03869882722860525,0.3306355543605695,0.6306656184108252
!points @higgensbiggens,neither,0.03945320844208391,0.33037608806864915,0.630170703489267
We have a subscriber-only Discord server! Join here: https://discord.gg/geekandsundry (you'll need to sub and link it to your Twitch) and be a part of the fun!...Warning: It can take up to an hour for the server to update and give you access to the channels,neither,0.08464076273808444,0.286394834032893,0.6289644032290227
VAMPIRES ramaDance ramaDance ramaDance ramaDance,neither,0.03945320844208391,0.33037608806864915,0.630170703489267
"Love that they play live now, but I do miss having Jason in chat for wine nerd talk",neither,0.024088644631246183,0.3490592956793391,0.6268520596894146
"That was an excellent pun, @higgensbiggens! Here, have some points for that one! You have been awarded 13 points!",neither,0.05028957640842011,0.38306140444113307,0.5666490191504467
"I can't remember who recommended Automoton by Talos to me last week, but if you're here, I loved it. \m/",neither,0.06822939781058421,0.4430548633695693,0.4887157388198466
It's time for a d-d-d-d-d-d...,neither,0.026775800420848598,0.3171387375604965,0.6560854620186548
i don't know about the rest of you but after tonights emotinal Callisto gandsC6 i could do with some light hearted vampire intriuge,neither,0.033472647433708716,0.3948422514760182,0.571685101090273
"@Dragonchrome I wonder if we'll have an ""O'Malley's Bar"" moment tonight, if you know the song. ^.^",neither,0.024106334410324167,0.400827950963292,0.5750657146263839
thanks for the points guys!,neither,0.03206260557908733,0.2812862304123895,0.6866511640085232
gandsHype gandsHype gandsHype,neither,0.03945320844208391,0.33037608806864915,0.630170703489267
Hi @skullygirl50 @Sai_Daas @Kings_Blend_420 @superratlord,neither,0.03945320844208391,0.33037608806864915,0.630170703489267
"@hunterdarkwolf The show? Yes, we're in the second season. The first is up on Youtube.",neither,0.054247369878759284,0.275175066620301,0.6705775635009398
Am i the only one seeing Chapster as a West of Loathing character now?,neither,0.03682991996276902,0.3629980615890683,0.6001720184481627
Good Evening,neither,0.03869882722860525,0.3306355543605695,0.6306656184108252
here we go,neither,0.13156755280784707,0.2765461283225309,0.5918863188696221
And Here We Go,neither,0.11988274842159176,0.23034065187642816,0.6497765997019802
Hello Carl,neither,0.03945320844208391,0.33037608806864915,0.630170703489267
WE ARE ON,neither,0.08650426600125942,0.27513970232437945,0.6383560316743611
all the hype <3,neither,0.04038810299713409,0.40115825671428396,0.5584536402885819
Its on,neither,0.024643178838944246,0.35995612139696637,0.6154006997640895
Hey Vamily! Ready for the cluster fuck that is the Ivory Tower taking over LA lol,offensive_language,0.1011566541362076,0.831842184345238,0.06700116151855444
Show time!,neither,0.06421964423691781,0.2395865376180287,0.6961938181450534
KonCha woohoo,neither,0.03945320844208391,0.33037608806864915,0.630170703489267
@songsmith LOL,neither,0.020706217963973744,0.4882283491876925,0.4910654328483337
Here we go,neither,0.13156755280784707,0.2765461283225309,0.5918863188696221
yesyeysyesyesyes,neither,0.03945320844208391,0.33037608806864915,0.630170703489267
"@DarkestArgentum I'd agree with you but ""light hearted"" and ""vampire intrigue"" are diametrically opposed",neither,0.05064770821921821,0.3318458059424998,0.617506485838282
less gooooooo,neither,0.03945320844208391,0.33037608806864915,0.630170703489267
and away we go,neither,0.041400181387631664,0.2566732574829987,0.7019265611293696
Oh gosh. Duel,neither,0.04369364209007989,0.28968734613464187,0.6666190117752782
L.A. By Night is on!,neither,0.0365059604934782,0.4092365600158466,0.5542574794906752
cya chat/vamily gonna watch,neither,0.04420169982994251,0.3782126561345225,0.5775856440355351
duel ? monkaS,neither,0.03945320844208391,0.33037608806864915,0.630170703489267
AHHHHHHHHH,neither,0.03945320844208391,0.33037608806864915,0.630170703489267
cool early in,neither,0.04136140583148082,0.29798899837223364,0.6606495957962856
Duel?!,neither,0.03945320844208391,0.33037608806864915,0.630170703489267
gandsHype gandsHype gandsHype It's SO on.,neither,0.031336593515967626,0.45223885612924536,0.5164245503547872
"Download the new Critical Role theme song for Campaign Two! http://itunes.apple.com/album/id1331550250?ls=1&app=itunes Sales of the song support the musician, Jason Charles Miller.",neither,0.04445767596344001,0.2510827790306858,0.7044595450058742
gandsHype gandsHype gandsHype gandsHype gandsHype gandsHype gandsHype gandsHype gandsHype gandsHype gandsHype gandsHype gandsHype gandsHype gandsHype gandsHype gandsHype gandsHype gandsHype gandsHype gandsHype gandsHype,neither,0.03945320844208391,0.33037608806864915,0.630170703489267
!whodat,neither,0.03945320844208391,0.33037608806864915,0.630170703489267
"GM Jason Carl ( twitter.com/vampiresnvino ), with Alex Ward ( twitter.com/AlexWard777 ), Erika Ishii ( twitter.com/erikaishii ), Cynthia Marie ( twitter.com/Cyndancer ), B. Dave Walters ( twitter.com/BDaveWalters ).",neither,0.0361075258397544,0.46844942340612794,0.49544305075411776
Dual oh boy,neither,0.04768565599480007,0.25364348607606696,0.698670857929133
I'm so excited,neither,0.03940839469474773,0.3948270312238364,0.565764574081416
Hi @CMonster @Austintacious32,neither,0.03945320844208391,0.33037608806864915,0.630170703489267
"~sits~ Good evening, Mr. Carl. Coterie.",neither,0.0390221196281747,0.3305243592795898,0.6304535210922354
No hat or badge....RIOT,neither,0.03884682030496765,0.34066807730244314,0.6204851023925894
YEAH NELLI HERE,neither,0.06910395301113724,0.4379414100769033,0.49295463691195957
thuluHEY Hey Vamily,neither,0.03945320844208391,0.33037608806864915,0.630170703489267
HAR HAR,neither,0.03945320844208391,0.33037608806864915,0.630170703489267
hahaha,neither,0.03945320844208391,0.33037608806864915,0.630170703489267
"D-Did he say ""Doom"" ?!",neither,0.047595892558209285,0.32757544561342733,0.6248286618283635
best game ever made. i have the book and i am looking forward to play it,neither,0.040286880433133054,0.27523016132759465,0.6844829582392723
all hail price victor,neither,0.040781706704725224,0.3845449045761629,0.5746733887191118
I really hope Victor is gonna be lenient towards Nelli after what happened last week.,neither,0.07022747847480637,0.28740280893506354,0.6423697125901302
JIM,neither,0.03945320844208391,0.33037608806864915,0.630170703489267
All the love. <3,neither,0.035205703551871886,0.46329366837393937,0.5015006280741887
"""hold that thought"" LUL",neither,0.03894765212383339,0.2799761956471707,0.6810761522289959
<3 Here we go! <3,neither,0.13156755280784707,0.2765461283225309,0.5918863188696221
Yes Vamily!!!,neither,0.03945320844208391,0.33037608806864915,0.630170703489267
"""At an dramatic appropriate moment"" Muhahahahahaha!",neither,0.0391095547562384,0.3440421920356915,0.6168482532080702
UNDISPUTED rooVV,neither,0.03945320844208391,0.33037608806864915,0.630170703489267
YAY EVA!,neither,0.03945320844208391,0.33037608806864915,0.630170703489267
dual or duel or dual duel?,neither,0.03945320844208391,0.33037608806864915,0.630170703489267
oooooooh,neither,0.03945320844208391,0.33037608806864915,0.630170703489267
IT BEGINS!,neither,0.037828236809968684,0.3309349903269868,0.6312367728630445
PogChamp hello vamily!,neither,0.03945320844208391,0.33037608806864915,0.630170703489267
Is everyone ready?,neither,0.041262036450053476,0.4450965041340042,0.5136414594159423
YAY EVE!,neither,0.03945320844208391,0.33037608806864915,0.630170703489267
EVA!,neither,0.03945320844208391,0.33037608806864915,0.630170703489267
It is SO on. Let's do this.,neither,0.025988897929462757,0.43687052443507157,0.5371405776354656
Eva!!!,neither,0.03945320844208391,0.33037608806864915,0.630170703489267
It’s already episode 5! Wow,neither,0.03709910165052022,0.34811628415305834,0.6147846141964214
Eva on deck yo!,neither,0.03699313854632682,0.4059786450379721,0.5570282164157011
JCVIM HYPE!!!!!,neither,0.03945320844208391,0.33037608806864915,0.630170703489267
PogChamp,neither,0.03945320844208391,0.33037608806864915,0.630170703489267
#whathappenedtoundisputed?,neither,0.03945320844208391,0.33037608806864915,0.630170703489267
yay Jim,neither,0.03945320844208391,0.33037608806864915,0.630170703489267
Josephine! rooHug,neither,0.03945320844208391,0.33037608806864915,0.630170703489267
yay more eva,neither,0.04116976382377735,0.32141120597164613,0.6374190302045766
Yay,neither,0.03945320844208391,0.33037608806864915,0.630170703489267
woo eva,neither,0.03945320844208391,0.33037608806864915,0.630170703489267
!josephine,neither,0.03945320844208391,0.33037608806864915,0.630170703489267
"Lady Josephine, or JCVIM, is the Leader of the Guild of Moderators, actress extraordinaire, hater of peanut butter, Drum Goddess of Rockband, and all around bad ass. She also enjoys tea, cute things and Elcors. twitter.com/JCVIM http://www.imdb.com/name/nm4585727/ http://www.twitch.tv/jcvim",offensive_language,0.06493978901814954,0.5014515619934451,0.4336086489884054
"Baron, Prince...is he going for King of LA now?!",neither,0.04294975840748009,0.3254832250816593,0.6315670165108607
YEEEE,neither,0.03945320844208391,0.33037608806864915,0.630170703489267
YAY JIM,neither,0.03945320844208391,0.33037608806864915,0.630170703489267
"Guess who's back, back, back, JIM is back back back",neither,0.04252764077549292,0.35607325710022797,0.6013991021242792
EVA MY FAVORITE,neither,0.027953047705728755,0.42021694748646315,0.5518300048078082
EVA!!!,neither,0.03945320844208391,0.33037608806864915,0.630170703489267
UNDISPUTED!,neither,0.03945320844208391,0.33037608806864915,0.630170703489267
<3,neither,0.03945320844208391,0.33037608806864915,0.630170703489267
For officially licensed VtM gear (and the awesome GM screen Jason is using) check out http://dogmight.com/vtm and http://bit.ly/v5spellbooktome,neither,0.034506929539736636,0.237927588715498,0.7275654817447653
<3,neither,0.03945320844208391,0.33037608806864915,0.630170703489267
Eva hype!,neither,0.03945320844208391,0.33037608806864915,0.630170703489267
Have we decided on the name for the ship yet? Java? Evsper?,neither,0.03329754769997397,0.31022845908764596,0.6564739932123801
Ugh Jasper is dreamy...I never use that word but he is,neither,0.024657930189045597,0.42972739459188436,0.54561467521907
<3 <3 <3,neither,0.03945320844208391,0.33037608806864915,0.630170703489267
I subbed for this specific show :v,neither,0.045109387668971164,0.2519057536621537,0.7029848586688752
I want YOUR BLOOD JASON,neither,0.06979532336393024,0.3183139330604127,0.611890743575657
no surprise she's torry,neither,0.0401187319330424,0.4528041908286686,0.507077077238289
Hi.... how is everyone,neither,0.04093078730192387,0.4327134885705982,0.526355724127478
disputed lol,neither,0.020706217963973744,0.4882283491876925,0.4910654328483337
o/ Hi Jason!,neither,0.03945320844208391,0.33037608806864915,0.630170703489267
woot that's us!!! <3,neither,0.07451783947907376,0.3637426374031337,0.5617395231177926
jcvimLove jcvimKappa,neither,0.03945320844208391,0.33037608806864915,0.630170703489267
<3,neither,0.03945320844208391,0.33037608806864915,0.630170703489267
jcvimHype jcvimHype jcvimHype jcvimHype jcvimHype jcvimHype jcvimHype,neither,0.03945320844208391,0.33037608806864915,0.630170703489267
GeekandSundry Josie???,neither,0.03945320844208391,0.33037608806864915,0.630170703489267
bleedPurple,neither,0.03945320844208391,0.33037608806864915,0.630170703489267
"Help G&S make great content! $4.99/month gets you emotes, Minecraft server access, sub-only VODs, and more! Every sub keeps the channel alive! twitch.tv/geekandsundry/subscribe",neither,0.043907990691603095,0.31135964332838284,0.644732365980014
disputed prince of LA!,neither,0.03945320844208391,0.33037608806864915,0.630170703489267
KITTEN VAMILY,neither,0.03945320844208391,0.33037608806864915,0.630170703489267
Jaspeva!,neither,0.03945320844208391,0.33037608806864915,0.630170703489267
YAY EVA is here!!,neither,0.09474753874321909,0.29187431595437274,0.6133781453024082
"I protest, no Sheriff's badge on Jasper",neither,0.03722378892687644,0.3472157032220129,0.6155605078511107
the audio seems different this week. Not in a bad way,neither,0.03593990423208641,0.32521121056444313,0.6388488852034705
@Austintacious32 ditto,neither,0.03945320844208391,0.33037608806864915,0.630170703489267
@Sebbovontebbo don't you mean Juant your blood?,neither,0.11178850939951132,0.37182964668229307,0.5163818439181955
someone got a kitten recently and named it Annabelle after our vae Bruja,neither,0.037476296341197916,0.3328050794240408,0.6297186242347613
@Madbearv ME TOO! Not even CR made me do that,neither,0.02650852965164973,0.43078770788854304,0.5427037624598072
Hey @Babrooster,neither,0.03945320844208391,0.33037608806864915,0.630170703489267
LUL jasper,neither,0.03945320844208391,0.33037608806864915,0.630170703489267
Kittens?,neither,0.03945320844208391,0.33037608806864915,0.630170703489267
Kitten Coteire = entire week made for me,neither,0.029912589927940558,0.3366229092892477,0.6334645007828117
"=^,.,^=",neither,0.03945320844208391,0.33037608806864915,0.630170703489267
"Officer LeClairc, formerly of Section <DELETED>",neither,0.03945320844208391,0.33037608806864915,0.630170703489267
ramona,neither,0.03945320844208391,0.33037608806864915,0.630170703489267
happy friday,neither,0.03945320844208391,0.33037608806864915,0.630170703489267
vashFace,neither,0.03945320844208391,0.33037608806864915,0.630170703489267
"Alright, only the second time I've gotten to watch this live!",neither,0.03104904338449653,0.31841102366869595,0.6505399329468076
I love how the Friday shows are doing the in-universe video recaps <3,neither,0.05528796247518734,0.23210415991369848,0.7126078776111141
How handsome Vince looks in this art. Wow,neither,0.03939414639913497,0.3313785250771418,0.6292273285237232
did Greg betrayed ? monkaS,neither,0.03945320844208391,0.33037608806864915,0.630170703489267
Time for flirting,neither,0.03185716787150564,0.3193931301477796,0.6487497019807147
Human Biting Role Play gdqTime gdqTime gdqTime jaycHype jaycHype jaycSyfa jaycS,neither,0.14222903879406631,0.20541601696787964,0.6523549442380542
NotLikeThis i hope so,neither,0.12463897626450345,0.20298967407480611,0.6723713496606905
@Vectorsnc twitter is full of kittens,neither,0.081893600329387,0.4587087678249852,0.4593976318456277
Hw for R&r reuse prehaps,neither,0.03249517366167782,0.29565414420004343,0.6718506821382788
@murtleturtles it’s annoying how hot he is,neither,0.05261837422011161,0.32584798386097635,0.6215336419189121
wooohoo first time seeing this live i caught up last night lol,neither,0.025924126892893473,0.4179900845852867,0.5560857885218199
Megan the artist for those segments is here: https://twitter.com/MIAnewarcher,neither,0.0984345815421315,0.2914529900491525,0.610112428408716
god this art is just so wonderful,neither,0.04164660237307805,0.3815464893377171,0.5768069082892048
killed or took care of...,neither,0.03945320844208391,0.33037608806864915,0.630170703489267
beautiful drawings,neither,0.03945320844208391,0.33037608806864915,0.630170703489267
The audio is lower then usual. Not sure if it will be problematic for the players audio yet.,neither,0.02942894924289062,0.3743775551581977,0.5961934955989117
Ahhh Therese <3,neither,0.03945320844208391,0.33037608806864915,0.630170703489267
hoping for the day that they have The Gentleman Gamer on here playing Lord Camden,neither,0.05057974059312698,0.3070152283479695,0.6424050310589035
Victors conversation about Nelli is gonna be rough,neither,0.044113785149689465,0.39215659057514923,0.5637296242751612
*facepalm* oh my gog is i just call Annabell Vae like Vampire Bae Stake me now!,neither,0.03545456664902264,0.44608202396368224,0.5184634093872952
Beautiful rendition of Baron Therese {:3 <3,neither,0.03945320844208391,0.33037608806864915,0.630170703489267
atpGasm,neither,0.03945320844208391,0.33037608806864915,0.630170703489267
hi,neither,0.03945320844208391,0.33037608806864915,0.630170703489267
court sketch art vibe..very nice,neither,0.03945320844208391,0.33037608806864915,0.630170703489267
she totally saw you Emily lol,offensive_language,0.046083441017401715,0.4894778986631373,0.46443866031946096
@Austintacious32 my poor torchered bb,neither,0.02888926514608709,0.41203256253968606,0.5590781723142269
This seems like a place.,neither,0.055810964148917196,0.291080606682851,0.6531084291682319
"Mr. Undead Santa Monica, conversely, is Richard Nixon.",neither,0.044708603299098364,0.3285685167880242,0.6267228799128775
chaz,neither,0.03945320844208391,0.33037608806864915,0.630170703489267
It's gonna be catharsis when Chaz dies :),neither,0.028243667778374837,0.4304693963216561,0.5412869358999691
chaz chaz,neither,0.03945320844208391,0.33037608806864915,0.630170703489267
it is p quiet..,neither,0.048214865386680295,0.32736255247434415,0.6244225821389756
gotta love these reVAMPS,offensive_language,0.04571656936524972,0.5351282414845429,0.4191551891502075
@fkyealemurs this issue was a thing during Callisto 6 as well,neither,0.0377107771147534,0.35994969507684915,0.6023395278083974
!points @super390,neither,0.03945320844208391,0.33037608806864915,0.630170703489267
"That was an excellent pun, @super390! Here, have some points for that one! You have been awarded 107 points!",neither,0.049980789310414435,0.3817775744187309,0.5682416362708548
jasper needs a cowboy hat now,neither,0.03945320844208391,0.33037608806864915,0.630170703489267
Its not a place. Its a state of mind.,neither,0.05072378881421618,0.22373992659185604,0.7255362845939278
#MissUndeadSantaMonica,neither,0.03945320844208391,0.33037608806864915,0.630170703489267
why does Threse have full color? lol,offensive_language,0.02573478715595526,0.48933898874018106,0.4849262241038636
good recap,neither,0.038712489352510704,0.33063085532967357,0.6306566553178159
Chaz waz epic. GG,neither,0.03945320844208391,0.33037608806864915,0.630170703489267
"... If I cannot have Chaz' Forest Green eyes, then he must perish *n*",neither,0.03321627554270473,0.3250192714062567,0.6417644530510385
My boy LUL,neither,0.028469036537986818,0.41568509585021246,0.5558458676118007
Amazing Ary,neither,0.03945320844208391,0.33037608806864915,0.630170703489267
"Chaz might be my favorite antagonist in a while, so awesome to hate that dude",neither,0.13060342324759047,0.4034861110936046,0.46591046565880495
art*,neither,0.03945320844208391,0.33037608806864915,0.630170703489267
Its as real as I am.,offensive_language,0.02569757984716024,0.4933265066605349,0.48097591349230484
Yes!!!,neither,0.03945320844208391,0.33037608806864915,0.630170703489267
<3 <3 <3 <3 <3,neither,0.03945320844208391,0.33037608806864915,0.630170703489267
Hi,neither,0.03945320844208391,0.33037608806864915,0.630170703489267
aaaaaAaAAaaaa,neither,0.03945320844208391,0.33037608806864915,0.630170703489267
good vs evil maybe @aquilaguard since she's cam siding?,neither,0.039864051692229084,0.38016489322495717,0.5799710550828137
<3 <3 <3 <3 <3 <3,neither,0.03945320844208391,0.33037608806864915,0.630170703489267
PogChamp PogChamp PogChamp PogChamp,neither,0.03945320844208391,0.33037608806864915,0.630170703489267
a kiss of vampire,neither,0.03945320844208391,0.33037608806864915,0.630170703489267
does the volume seem low for anyone else?,neither,0.02687851926863433,0.38705119320005366,0.5860702875313121
Ah yes. The Codery. Preferably in a high level native language like c++,neither,0.04251006065286929,0.37675050158744905,0.5807394377596817
Woot woot!,neither,0.03945320844208391,0.33037608806864915,0.630170703489267
I was hoping for at least a cowboy hat xD LOL,neither,0.030248844319111567,0.36121781203003234,0.6085333436508561
And Chaz is coming back. Hopefully onto Annabelle's fist or Nelli's knife,neither,0.0431299092018447,0.30782535338836886,0.6490447374097865
"epic chaz lol, I love this voice. Sounds so full of himself",neither,0.04298417550334399,0.40017702939566835,0.5568387951009875
<3 <3 <3,neither,0.03945320844208391,0.33037608806864915,0.630170703489267
@highvoltage988 I'm just glad someone still remembers Santa Monica's most notorious resident.,neither,0.036573752862751066,0.34951894607501666,0.6139073010622321
teenHERT,neither,0.03945320844208391,0.33037608806864915,0.630170703489267
"I'm Mature, I promise.",neither,0.03945320844208391,0.33037608806864915,0.630170703489267
Good morning,neither,0.04970930963283925,0.13564577574880146,0.8146449146183593
@ThunderZero Yes I too feel it is low.,neither,0.04551637038559563,0.3323665199621536,0.6221171096522506
enjoy vamily back at the break,neither,0.0377985047992039,0.33773421721598046,0.6244672779848156
Chaz is amazing and jasper is hilarious love it,neither,0.046942068654636286,0.3084423752850077,0.644615556060356
@ThunderZero Yep. Just a smidge.,neither,0.03349706459840338,0.3588819927531807,0.6076209426484159
chaz is almost like handsome jack without the apparent homicidal tendencies,neither,0.05170003899234232,0.32726721087697686,0.6210327501306807
@Gwahir I was thinking more Javascript,neither,0.041737830242690836,0.32034838920530245,0.6379137805520066
^,neither,0.03945320844208391,0.33037608806864915,0.630170703489267
oh boy,neither,0.04768565599480007,0.25364348607606696,0.698670857929133
Yesssss,neither,0.03945320844208391,0.33037608806864915,0.630170703489267
@ThunderZero A little,neither,0.038753252915513146,0.3422561600929139,0.618990586991573
!points Gwahir,neither,0.03945320844208391,0.33037608806864915,0.630170703489267
"That was an excellent pun, Gwahir! Here, have some points for that one! You have been awarded 90 points!",neither,0.05027101861725053,0.3829845772640112,0.5667444041187384
Cat Coterie https://twitter.com/LAbyNight/status/1093749114536263681,neither,0.038895514134309764,0.42056275184307496,0.5405417340226153
hehe,neither,0.03945320844208391,0.33037608806864915,0.630170703489267
love jasper humor,neither,0.0370030631436428,0.3417363189131293,0.6212606179432277
"@fleshhy - Here's another way of looking at it. Chaz does such a good job, I love to want to see him die soon. Like joffery from Game of thrones. .",neither,0.17077433926485733,0.23086684136362196,0.5983588193715207
Where is X ? monkaS,neither,0.06245822111259904,0.2612427577458543,0.6762990211415466
This is the first time I've heard the opening theme on my TV {:3,neither,0.019091983404620694,0.367399062316421,0.6135089542789582
is this good jk i know it is looking forward to it,neither,0.053750707600665935,0.3253999180329389,0.6208493743663953
eeee!,neither,0.03945320844208391,0.33037608806864915,0.630170703489267
"@lady_dracona HI, nice to see ya again!",offensive_language,0.030311402006791496,0.5598243479035436,0.4098642500896648
This song SourPls,neither,0.03854389284817469,0.34580954682188375,0.6156465603299416
Kitty Coterie,neither,0.03945320844208391,0.33037608806864915,0.630170703489267
@super390 you mean turette?,neither,0.08074110716318905,0.43704206053036015,0.4822168323064508
Chaz looked a bit like Yoshikage Kira in that drawing.,neither,0.04453927057501701,0.3778260013295569,0.5776347280954262
same @fkyealemurs,neither,0.04148851938089603,0.3488915597363099,0.609619920882794
omg the kitties <3 <3 <3,neither,0.03799319295305244,0.3031937689918349,0.6588130380551126
@Dragonchrome Ever heard of a wrestler named Gangrel in the WWF?,neither,0.03878165246715222,0.3181671549636715,0.6430511925691763
@fkyealemurs he's a great villain,neither,0.045191142154958744,0.2903263632450124,0.6644824946000287
Caterie,neither,0.03945320844208391,0.33037608806864915,0.630170703489267
<------ atpRtsd4 atpRtsd4 atpRtsd4 atpRtsd2,neither,0.03945320844208391,0.33037608806864915,0.630170703489267
nelli g is a mood,neither,0.051124007078731534,0.3263619652460026,0.6225140276752659
I am filled with Ants-ipation for the events of this episode!,neither,0.02802464061642133,0.32566908083650953,0.6463062785470692
"Thank you, TheDiMono.",neither,0.07325166854587051,0.43632638485078484,0.49042194660334476
"little predators. =^,.,^=",neither,0.038753252915513146,0.3422561600929139,0.618990586991573
Nelli still recovering for sure,neither,0.025298127476117347,0.4666922530484974,0.5080096194753853
This war is great and all... but where my sabot at :3,neither,0.03264940984360464,0.39852336602582794,0.5688272241305675
Good image,neither,0.03867738386797009,0.33064292971559023,0.6306796864164398
"@Wrestlegamer I remember hearing , but after my time",neither,0.026691577998257197,0.42851716167544956,0.5447912603262932
can see it clear as the night,neither,0.02970838015384162,0.3427093554596593,0.627582264386499
@wrestlegamer Gangrel and the Brood!!,neither,0.03677169773327704,0.19072166333761692,0.772506638929106
Nice rain effect,neither,0.03945320844208391,0.33037608806864915,0.630170703489267
nellis hat <3,neither,0.03945320844208391,0.33037608806864915,0.630170703489267
@fkyealemurs They decimated boo,neither,0.03945320844208391,0.33037608806864915,0.630170703489267
can we get more EVA?,neither,0.04091358511468385,0.32743837652930785,0.6316480383560084
poor nelli g,neither,0.03945320844208391,0.33037608806864915,0.630170703489267
