text,top_class,hate_speech,offensive_language,neither
woo,neither,0.03945320844208391,0.33037608806864915,0.630170703489267
:),neither,0.03945320844208391,0.33037608806864915,0.630170703489267
love this music after a long day,neither,0.03696036966245291,0.3287638645900077,0.6342757657475395
also JCVIM HYPE!!!,neither,0.03945320844208391,0.33037608806864915,0.630170703489267
gandsHype gandsHype gandsHype,neither,0.03945320844208391,0.33037608806864915,0.630170703489267
OH GOD THE SET,neither,0.044064049191589655,0.2583830160520673,0.6975529347563431
Ooh! A Steph story! Fun!,neither,0.03945320844208391,0.33037608806864915,0.630170703489267
jcvimHype jcvimHype jcvimHype,neither,0.03945320844208391,0.33037608806864915,0.630170703489267
jcvimHype jcvimHype jcvimHype jcvimHype,neither,0.03945320844208391,0.33037608806864915,0.630170703489267
"Josephine McAdam, twitter.com/JCVIM is an actress http://www.imdb.com/name/nm4585727/ and streams on her own channel http://www.twitch.tv/jcvim",neither,0.04170905445825466,0.3393287130796845,0.6189622324620608
wooo,neither,0.03945320844208391,0.33037608806864915,0.630170703489267
jcvimHype jcvimHype jcvimHype jcvimHype,neither,0.03945320844208391,0.33037608806864915,0.630170703489267
!whodat,neither,0.03945320844208391,0.33037608806864915,0.630170703489267
"Stef Woodburn ( twitter.com/StefWoodburn ) as the Storyteller, with Amy Dallen ( twitter.com/enthusiamy ), Becca Scott ( twitter.com/thebeccascott ), Whitney Moore ( twitter.com/tweetneymoore ), and guest Josephine McAdam ( twitter.com/JCVIM ).",neither,0.03513112485109752,0.463044407176472,0.5018244679724305
it's beautiful all of the leaves and flowers,neither,0.0380934449158615,0.33697134747968066,0.6249352076044579
costummmess <3,neither,0.03945320844208391,0.33037608806864915,0.630170703489267
Josephine is adorbs,neither,0.04912624121044723,0.3270490885368631,0.6238246702526896
"Hi Whitney, Amy, Stef, JCVIM and Becca!",neither,0.03882788631130355,0.299422105481188,0.6617500082075084
omg i didn't even recognize whitney LUL,neither,0.02981103302862011,0.36692098530316025,0.6032679816682196
BloodTrail BloodTrail BloodTrail BloodTrail,neither,0.03945320844208391,0.33037608806864915,0.630170703489267
oh god having someone read out my description scares me haha,neither,0.02767971300719094,0.4205255618216085,0.5517947251712005
hello creator!,neither,0.03945320844208391,0.33037608806864915,0.630170703489267
WEAVEEEE TIME,neither,0.036668274527354654,0.377643684699956,0.5856880407726893
"is JCVIM only here for this week, or for the whole campaign?",neither,0.06393973398758684,0.25985159437273747,0.6762086716396757
it's been nice seeing Josephine so regularly on the channel again,neither,0.03499434052385851,0.3780539158372592,0.5869517436388824
hello :),neither,0.03945320844208391,0.33037608806864915,0.630170703489267
Sounds like uplift R' us,neither,0.12553081732389748,0.3332305645515364,0.5412386181245661
Hi @kapdragon Enjoy it,neither,0.037899927586826095,0.3309103325814018,0.6311897398317721
CupFooty ramaThis CupFooty,neither,0.03945320844208391,0.33037608806864915,0.630170703489267
@derekleeketchum yes it is,neither,0.0504428408951861,0.3265962495318096,0.6229609095730043
I think I know where they got all those vines....,neither,0.06443718250714518,0.33328346455212127,0.6022793529407335
underarm deodorant is now obsolete,neither,0.048246574882389315,0.3273516461247118,0.624401778992899
piboGasm everyone so enchanting,offensive_language,0.031072676226656847,0.5321244904400222,0.4368028333333209
gandsHappy jcvimHype stefFremen,neither,0.03945320844208391,0.33037608806864915,0.630170703489267
"Help G&S make great content! $4.99/month gets you emotes, Minecraft server access, sub-only VODs, and more! Every sub keeps the channel alive! twitch.tv/geekandsundry/subscribe",neither,0.043907990691603095,0.31135964332838284,0.644732365980014
who is the guest?,neither,0.04784334094443856,0.3764072422079282,0.5757494168476331
What I miss?,neither,0.036306666459524344,0.32819641805645544,0.6354969154840202
!whodat,neither,0.03945320844208391,0.33037608806864915,0.630170703489267
"Stef Woodburn ( twitter.com/StefWoodburn ) as the Storyteller, with Amy Dallen ( twitter.com/enthusiamy ), Becca Scott ( twitter.com/thebeccascott ), Whitney Moore ( twitter.com/tweetneymoore ), and guest Josephine McAdam ( twitter.com/JCVIM ).",neither,0.03513112485109752,0.463044407176472,0.5018244679724305
YES!,neither,0.03945320844208391,0.33037608806864915,0.630170703489267
@GeekandSundry rama10 set work,neither,0.03945320844208391,0.33037608806864915,0.630170703489267
Hi @MonocleSociety,neither,0.03945320844208391,0.33037608806864915,0.630170703489267
@MonocleSociety yo,offensive_language,0.04010381111145228,0.5271105317972344,0.4327856570913131
aaaaaaaaaaand it's gone there Kappa,neither,0.03798244085223128,0.2927842526920677,0.669233306455701
"@MonocleSociety nothing yet, just introducing the setting",neither,0.033905670557453936,0.3647300914099753,0.6013642380325707
gandsHR,neither,0.03945320844208391,0.33037608806864915,0.630170703489267
@chaoticloony heyooo!! @kapdragon look at that set!!!,neither,0.035973825370372615,0.40678770970502176,0.5572384649246056
@shidareAKI nice.,neither,0.03945320844208391,0.33037608806864915,0.630170703489267
i know im jazzed :3,neither,0.03784572419691209,0.3913228421783584,0.5708314336247297
PogChamp,neither,0.03945320844208391,0.33037608806864915,0.630170703489267
OF THE CENTURY,neither,0.03842376126403067,0.31147276528102896,0.6501034734549404
So Amy knows she’s at the table with 3 Vampires right?,neither,0.031717489814645554,0.4474174770252509,0.5208650331601035
lol,neither,0.020706217963973744,0.4882283491876925,0.4910654328483337
lucstealia ?,neither,0.03945320844208391,0.33037608806864915,0.630170703489267
wisteria is horribly invasive,neither,0.081172750358939,0.3160268245287109,0.60280042511235
"Well, Becca is debatable @zetasubject",neither,0.04788660084867736,0.3274754577017315,0.6246379414495912
@zetasubject Minor spoilers there bud. ;),neither,0.03938279104276756,0.2918690169084244,0.6687481920488082
sounds lewd,neither,0.03945320844208391,0.33037608806864915,0.630170703489267
