text,top_class,hate_speech,offensive_language,neither
"Yay, first critical role stream, and I'm on time. Still kind of watching their first campaign on youtube, not quite done yet.",neither,0.030487711997620993,0.3466435473133824,0.6228687406889964
We're very hygienic,neither,0.06458293335239937,0.2961093808666199,0.6393076857809806
Bidet from alone-but-content-land,neither,0.037648705986799695,0.32389869486027134,0.638452599152929
happy valentines day people,neither,0.06943861432911697,0.31345427164616246,0.6171071140247205
what is up my lads,neither,0.03712584917146529,0.4607136050164306,0.5021605458121041
gasp,neither,0.03945320844208391,0.33037608806864915,0.630170703489267
heere we go,neither,0.04147345988742768,0.3436210257558678,0.6149055143567045
oh shit,offensive_language,0.04652059265363964,0.9534729203614298,6.486984930600159e-06
bidet from NJ,neither,0.04069404815304118,0.30931579984010865,0.6499901520068502
bidet from new zealand!,neither,0.046710622032705686,0.1542697019613409,0.7990196760059534
What is Bidet?,neither,0.08191733112755817,0.31109320414220176,0.6069894647302402
LIVE,neither,0.04891340716200846,0.3271222919257548,0.6239643009122369
there is an episode today right?,neither,0.04482813066773931,0.28424686673206867,0.6709250026001922
Let's Begin!,neither,0.022944649116739466,0.3671601913572825,0.6098951595259781
BIDET INTENSIFIES,neither,0.03945320844208391,0.33037608806864915,0.630170703489267
Refresh,neither,0.03945320844208391,0.33037608806864915,0.630170703489267
critroleDani,neither,0.03945320844208391,0.33037608806864915,0.630170703489267
malfO1 malfO2,neither,0.03945320844208391,0.33037608806864915,0.630170703489267
@g0rmyr We should get breakfast together.,neither,0.05079653093917307,0.3771970579198203,0.5720064111410066
HELLO BEES,neither,0.03945320844208391,0.33037608806864915,0.630170703489267
Daniii <3,neither,0.03945320844208391,0.33037608806864915,0.630170703489267
Recap is up! :D,neither,0.045475273565137704,0.38726277146109006,0.5672619549737722
OHHH,neither,0.03945320844208391,0.33037608806864915,0.630170703489267
WHEW,neither,0.03945320844208391,0.33037608806864915,0.630170703489267
HERE WE GO BOIIIS,neither,0.13156755280784707,0.2765461283225309,0.5918863188696221
OMG YES,neither,0.03945320844208391,0.33037608806864915,0.630170703489267
AHHHHHH SHEEEEEEET SONNNNNNNN,neither,0.03945320844208391,0.33037608806864915,0.630170703489267
it begins.....,neither,0.037828236809968684,0.3309349903269868,0.6312367728630445
Louder please :),neither,0.03945320844208391,0.33037608806864915,0.630170703489267
Bidet from NC,neither,0.04066490145509902,0.30981049537100724,0.6495246031738937
BIDET!,neither,0.03945320844208391,0.33037608806864915,0.630170703489267
@RaiderTube -> ONLY HULK CAPSLOCKS [warning],neither,0.03945320844208391,0.33037608806864915,0.630170703489267
HIIIIIIIIIIIIII,neither,0.03945320844208391,0.33037608806864915,0.630170703489267
bidet baby!,neither,0.03945320844208391,0.33037608806864915,0.630170703489267
flowers <3,neither,0.03945320844208391,0.33037608806864915,0.630170703489267
I started binge watching the episodes from campaign 1 & 2 in Dec. I have finally caught up,neither,0.03782992871016267,0.34377702366243607,0.6183930476274012
bidet from saskatoon!!,neither,0.04228451509352876,0.2823214250720796,0.6753940598343917
yAS,neither,0.03945320844208391,0.33037608806864915,0.630170703489267
LETS GO!,neither,0.039984317429425154,0.35542799280679366,0.6045876897637812
Bidet from Oklahoma all!,neither,0.042808078011918105,0.39053103227606023,0.5666608897120217
bidet from Scotland <3,neither,0.04062582848913359,0.31047366557575606,0.6489005059351104
!bidet,neither,0.03945320844208391,0.33037608806864915,0.630170703489267
"""Bidet"" is a greeting Grog created after mistakenly misunderstanding ""Good Day"" which occurred in C1E60. Critters and those alike now use it as a means to greet each other. You can see the entire scene on YouTube: https://youtu.be/Ok4ZW9cNupc?t=25m6s",neither,0.03963357897765565,0.34561907849140716,0.6147473425309372
CRITICAL ROLE ROLE,neither,0.03945320844208391,0.33037608806864915,0.630170703489267
"@imaladydangit ooh, I must of missed that or forgot :D tyty",neither,0.037279096467993364,0.34959201204442875,0.613128891487578
<3 <3 <3 <3,neither,0.03945320844208391,0.33037608806864915,0.630170703489267
4 days,neither,0.03945320844208391,0.33037608806864915,0.630170703489267
lets do thisssss,neither,0.04034182917493796,0.34884180974834383,0.6108163610767181
lolololol,neither,0.03945320844208391,0.33037608806864915,0.630170703489267
cheers yall lets get dat husdando!,neither,0.037187175464318316,0.36883658157614996,0.5939762429595317
Hey guys,neither,0.03929207127355727,0.33311100635304525,0.6275969223733975
bless you dani for giving us these recaps,neither,0.09004943920600579,0.385778625126545,0.5241719356674492
Bidet,neither,0.03945320844208391,0.33037608806864915,0.630170703489267
Bidet from Boston,neither,0.040769555981420263,0.3080342349327864,0.6511962090857933
Bidet,neither,0.03945320844208391,0.33037608806864915,0.630170703489267
Let's go!,neither,0.01806316484133749,0.39391011985298136,0.5880267153056813
bidet from Vermont,neither,0.04228451509352876,0.2823214250720796,0.6753940598343917
Bidet from the PNW. ^_^,neither,0.039779025773403386,0.2539611253407979,0.7062598488857987
Bidet!,neither,0.03945320844208391,0.33037608806864915,0.630170703489267
"bidet from Austin, TX",neither,0.0404991143919742,0.31262433450199256,0.6468765511060333
Super cool stream,neither,0.03945320844208391,0.33037608806864915,0.630170703489267
"Also, happy love day or single awareness for all the people in the world.",neither,0.04909766464384765,0.3290329207813236,0.6218694145748287
when do they continue the haunted house campaign?,neither,0.03213337350778958,0.35519519671581457,0.6126714297763959
Bidet from South Dakota!,neither,0.04041079298828133,0.31412337922315653,0.6454658277885622
Bidet from MA,neither,0.031816597323666866,0.4599893087150652,0.5081940939612679
bidet critters,neither,0.03945320844208391,0.33037608806864915,0.630170703489267
PogChamp PogChamp,neither,0.03945320844208391,0.33037608806864915,0.630170703489267
bidet?,neither,0.03945320844208391,0.33037608806864915,0.630170703489267
bidet from Chicago!,neither,0.04078317879478948,0.307803020237201,0.6514138009680096
Bidet from MA!,neither,0.031816597323666866,0.4599893087150652,0.5081940939612679
bidet from hawaii,neither,0.04062582848913359,0.31047366557575606,0.6489005059351104
Oh jeez for a second i thought i missed a part of it but it was just the recap lmao,neither,0.03367596367495447,0.25194852556638425,0.7143755107586612
so wlll someone help a latin guy whit a suscription to watch this amazing show?,neither,0.055706317656681534,0.31382939835411683,0.6304642839892016
Bidet from Mississippi,neither,0.040754399270683486,0.3082914838698526,0.650954116859464
Bidet from 2 miles from the studio in California ;],neither,0.05351737230348666,0.290231110242478,0.6562515174540353
Bidet from NYC!,neither,0.04081748366884477,0.3072207769958956,0.6519617393352596
bidet from Germany,neither,0.04069404815304118,0.30931579984010865,0.6499901520068502
Bidet from Iowa!,neither,0.04069404815304118,0.30931579984010865,0.6499901520068502
all caught up and my first live viewing; super excited!,neither,0.029658441853448642,0.4342116988882842,0.5361298592582672
1 day,neither,0.04062343770405816,0.29560591037067285,0.663770651925269
bidet from quebec !,neither,0.04228451509352876,0.2823214250720796,0.6753940598343917
bidet form argentina,neither,0.03945320844208391,0.33037608806864915,0.630170703489267
bidet from argentina!,neither,0.04062582848913359,0.31047366557575606,0.6489005059351104
bidet also from texas!!!!,neither,0.040634629208914676,0.31032429439302267,0.6490410763980627
oh my,neither,0.02748693229954249,0.40236076101129065,0.5701523066891669
Bidet from florida i was so sad last week cause they didnt have a ep,neither,0.03858862427669076,0.3699869362036107,0.5914244395196985
good job getting caught up,neither,0.03275629510614885,0.442534738895415,0.5247089659984362
Welcome first time live watchers,neither,0.0362227857556099,0.34609872597091934,0.6176784882734707
LOL,neither,0.020706217963973744,0.4882283491876925,0.4910654328483337
@TakeshiKyo Good here.,neither,0.147422743869446,0.25679223234095117,0.5957850237896029
"Oh, this was perfect timing",neither,0.04367473955800687,0.29119635038558583,0.6651289100564074
Bidet from MI,neither,0.04081748366884477,0.3072207769958956,0.6519617393352596
Bidet,neither,0.03945320844208391,0.33037608806864915,0.630170703489267
bidet from the UK <3,neither,0.039613273355342184,0.2892653269430044,0.6711213997016535
Bidet from France!,neither,0.04071751644889743,0.3089174816120565,0.6503650019390461
@TakeshiKyo she's not for me,neither,0.02121748577482747,0.4670888739184771,0.5116936403066953
bidet from sweden,neither,0.04228451509352876,0.2823214250720796,0.6753940598343917
Bidet from Finland,neither,0.04228451509352876,0.2823214250720796,0.6753940598343917
bidet all,offensive_language,0.046917543854519406,0.6277741405869331,0.3253083155585475
Bidet from MIchigan,neither,0.040769555981420263,0.3080342349327864,0.6511962090857933
oof,neither,0.03945320844208391,0.33037608806864915,0.630170703489267
Bidet from OK,neither,0.04104157946423444,0.3034172865047108,0.6555411340310547
do they usually broadcast live on youtube?,neither,0.04158162934964953,0.33867722446160325,0.6197411461887472
hello!!,neither,0.03945320844208391,0.33037608806864915,0.630170703489267
bidet from utah,neither,0.04066490145509902,0.30981049537100724,0.6495246031738937
YES! Heya guys.,neither,0.03929067631203052,0.3331346824907137,0.6275746411972557
I jumped in right at the start of the recap,neither,0.037017266170053305,0.3373615396244326,0.625621194205514
@g0rmyr What are you hoping to happen today in this session?,neither,0.08304612086903852,0.3046705565330772,0.6122833225978842
I haven't see a live show in aaaaaggggggeeeessss,neither,0.060619905143812575,0.2543373341491176,0.6850427607070699
Bidet from Minnesota,neither,0.04071751644889743,0.3089174816120565,0.6503650019390461
Bidet from Norway! :D,neither,0.04228451509352876,0.2823214250720796,0.6753940598343917
hello bees :D how we all doing,neither,0.040771977378973964,0.39181474812930606,0.56741327449172
Bidet from VT!,neither,0.04228451509352876,0.2823214250720796,0.6753940598343917
bidet :),neither,0.03945320844208391,0.33037608806864915,0.630170703489267
Bidet from Florida!,neither,0.0408948396164547,0.30590784468201904,0.6531973157015263
Wut up,neither,0.036202880783224076,0.39718312014176715,0.5666139990750089
bidet from scotland im so tired :D,neither,0.039613837213075695,0.38227892579331424,0.5781072369936101
BIDGET from Houston!,neither,0.040875471929787875,0.3062365648703896,0.6528879631998226
the fey king...,neither,0.03816659329791565,0.30656109810364396,0.6552723085984403
Hello bees,neither,0.03945320844208391,0.33037608806864915,0.630170703489267
from Mississippi,neither,0.040754399270683486,0.3082914838698526,0.650954116859464
Hello bees!,neither,0.03945320844208391,0.33037608806864915,0.630170703489267
hello,neither,0.03945320844208391,0.33037608806864915,0.630170703489267
bidet from wyoming!,neither,0.04069404815304118,0.30931579984010865,0.6499901520068502
Bidet from the watermelon capital of Texas critters,neither,0.03954759513296356,0.30504244495931904,0.6554099599077173
Kobooooooolds!,neither,0.03945320844208391,0.33037608806864915,0.630170703489267
RIP Spurt the Squirt,neither,0.038603023386085594,0.3148447607397522,0.6465522158741622
Bidet from carmichael critters!,neither,0.04228451509352876,0.2823214250720796,0.6753940598343917
Tonight will be episode 51?,neither,0.038444204514737054,0.2865746717014685,0.6749811237837944
@silentinfinity yep,neither,0.03945320844208391,0.33037608806864915,0.630170703489267
I am here!!!!!!,neither,0.13730754398843772,0.2626346527658901,0.600057803245672
evening,neither,0.03945320844208391,0.33037608806864915,0.630170703489267
Ooooo weee,neither,0.03945320844208391,0.33037608806864915,0.630170703489267
"im so excited this will be my first time live, it is 5:49 AM here",neither,0.05544961517048469,0.4053364474029111,0.5392139374266042
the irony of a NSFW filter on twitch of all things,neither,0.038073997409357394,0.37002289031372654,0.5919031122769162
HYYYYYYYYYYYPPPPEEEEEEE,neither,0.03945320844208391,0.33037608806864915,0.630170703489267
Spurt,neither,0.03945320844208391,0.33037608806864915,0.630170703489267
F kobolds,neither,0.03945320844208391,0.33037608806864915,0.630170703489267
So the only show they still have on G&S is Critical Role?,neither,0.05209512805114279,0.32015060918670046,0.6277542627621568
Spurt BibleThump 7,neither,0.03945320844208391,0.33037608806864915,0.630170703489267
Bidet from Houston!,neither,0.040875471929787875,0.3062365648703896,0.6528879631998226
Rip Spurt ;-;,neither,0.03945320844208391,0.33037608806864915,0.630170703489267
gandsCaleb,neither,0.03945320844208391,0.33037608806864915,0.630170703489267
!rebroadcast,neither,0.03945320844208391,0.33037608806864915,0.630170703489267
hello!?,neither,0.03945320844208391,0.33037608806864915,0.630170703489267
Bidet from Nebraska,neither,0.04062582848913359,0.31047366557575606,0.6489005059351104
Hello fello kids,neither,0.03945320844208391,0.33037608806864915,0.630170703489267
Bidet from Maui!!,neither,0.04228451509352876,0.2823214250720796,0.6753940598343917
:D,neither,0.03945320844208391,0.33037608806864915,0.630170703489267
Pog,neither,0.03945320844208391,0.33037608806864915,0.630170703489267
Bidet from Utah,neither,0.04066490145509902,0.30981049537100724,0.6495246031738937
hello bees!,neither,0.03945320844208391,0.33037608806864915,0.630170703489267
House of lies!,neither,0.03945320844208391,0.33037608806864915,0.630170703489267
Woot,neither,0.03945320844208391,0.33037608806864915,0.630170703489267
"bidet, critters and bees <3",neither,0.038441359955864444,0.2773569151883754,0.6842017248557603
Chris is the best,neither,0.04718177413377085,0.3006754080837971,0.6521428177824321
Bidet from Iowa,neither,0.04069404815304118,0.30931579984010865,0.6499901520068502
Bidet from Minnesota,neither,0.04071751644889743,0.3089174816120565,0.6503650019390461
Bidet from Arizona!,neither,0.04078317879478948,0.307803020237201,0.6514138009680096
lmao one of chris' best,neither,0.036696746931446686,0.37099145680855705,0.5923117962599963
Bidet from Scotland,neither,0.04062582848913359,0.31047366557575606,0.6489005059351104
F,neither,0.03945320844208391,0.33037608806864915,0.630170703489267
Yeet guys! This is the first time ive gotten to watch live!,neither,0.04819481560755894,0.32974831463110565,0.6220568697613355
Lol i laughed so hard when chrish got squished,offensive_language,0.02148288862176359,0.6265860074655831,0.3519311039126534
one more month for year 2 baby,neither,0.03492466654662241,0.32231435875114556,0.642760974702232
rip spurt,neither,0.03945320844208391,0.33037608806864915,0.630170703489267
can we get an f for spurt,neither,0.03196369337327632,0.2952333074481162,0.6728029991786075
Bidet from Utah!,neither,0.04066490145509902,0.30981049537100724,0.6495246031738937
"damn, Matt's rocking the beard",offensive_language,0.043416017264002564,0.6741181055920475,0.2824658771439498
dagnz,neither,0.03945320844208391,0.33037608806864915,0.630170703489267
#bestGuestEver,neither,0.03945320844208391,0.33037608806864915,0.630170703489267
:),neither,0.03945320844208391,0.33037608806864915,0.630170703489267
Bidet from boston!,neither,0.040769555981420263,0.3080342349327864,0.6511962090857933
Bag O Wasps,neither,0.0423795148640435,0.28070903103680006,0.6769114540991564
F,neither,0.03945320844208391,0.33037608806864915,0.630170703489267
Hello everyone!!!!!,neither,0.03269494828970791,0.4450814005079928,0.5222236512022994
whew finished cooking just in time!!,neither,0.0347057716943323,0.36478393777732765,0.6005102905283402
Bidet and hello bees from Chicago!,neither,0.03959988682547624,0.28467760490122307,0.6757225082733008
11 DAYS,neither,0.03945320844208391,0.33037608806864915,0.630170703489267
rip skunk,neither,0.03945320844208391,0.33037608806864915,0.630170703489267
f,neither,0.03945320844208391,0.33037608806864915,0.630170703489267
We live lads,neither,0.043823996325729364,0.3313955421409929,0.6247804615332777
Bidet from RI!,neither,0.04069404815304118,0.30931579984010865,0.6499901520068502
1 days,neither,0.03945320844208391,0.33037608806864915,0.630170703489267
11 days LUL,neither,0.03945320844208391,0.33037608806864915,0.630170703489267
Bidet from Oregon,neither,0.04071751644889743,0.3089174816120565,0.6503650019390461
Spurt spurted.,neither,0.03945320844208391,0.33037608806864915,0.630170703489267
11 days,neither,0.03945320844208391,0.33037608806864915,0.630170703489267
critroleNein,neither,0.03945320844208391,0.33037608806864915,0.630170703489267
Bidet from saint louis!,neither,0.04037932620557306,0.31465745264747463,0.6449632211469523
gandsFjord,neither,0.03945320844208391,0.33037608806864915,0.630170703489267
XD,neither,0.03945320844208391,0.33037608806864915,0.630170703489267
Bidet from Ontario!,neither,0.04062582848913359,0.31047366557575606,0.6489005059351104
Bidet from Vancouver BC,neither,0.041095261662497835,0.30250615950080734,0.6563985788366947
ROFL,neither,0.03945320844208391,0.33037608806864915,0.630170703489267
rip Spurt,neither,0.03945320844208391,0.33037608806864915,0.630170703489267
LUL,neither,0.03945320844208391,0.33037608806864915,0.630170703489267
11 days LUL,neither,0.03945320844208391,0.33037608806864915,0.630170703489267
LUL LUL,neither,0.03945320844208391,0.33037608806864915,0.630170703489267
f,neither,0.03945320844208391,0.33037608806864915,0.630170703489267
F,neither,0.03945320844208391,0.33037608806864915,0.630170703489267
oh man I think I died of laughing that night...,neither,0.034761136119218605,0.3664553418761967,0.5987835220045846
Bidet from Oregon!!!!!,neither,0.04071751644889743,0.3089174816120565,0.6503650019390461
well that was accurate LUL,neither,0.036379267012965254,0.3642571005766567,0.599363632410378
@BigJimSlade428 join us in Boston at https://twitter.com/NECritters !,neither,0.0627896024843607,0.41882230549420474,0.5183880920214345
Bidet!,neither,0.03945320844208391,0.33037608806864915,0.630170703489267
Bidet from Florida!!,neither,0.0408948396164547,0.30590784468201904,0.6531973157015263
how could he even know how long a day is,neither,0.049925042983564566,0.32597906004238186,0.6240958969740537
Bidet from Shoreline WA,neither,0.040354386843928725,0.3150807387011266,0.6445648744549448
"he didnt lie, he lived 11 days",neither,0.046931936196992395,0.32780381065216885,0.6252642531508389
Spurt goes the kolbald!,neither,0.03802234168567274,0.30376320369371534,0.658214454620612
monkaS,neither,0.03945320844208391,0.33037608806864915,0.630170703489267
Happy Valentine's Day Critters!,neither,0.039968826230046654,0.31515617697698495,0.6448749967929683
I didn't know much about Mighty Nine with the exception of the animations.,neither,0.02287525944958918,0.37276432753070254,0.6043604130197082
Lol,neither,0.020706217963973744,0.4882283491876925,0.4910654328483337
Bidet yoo,neither,0.03945320844208391,0.33037608806864915,0.630170703489267
Bidet from colorful Colorado!!!,neither,0.04035096305996787,0.3151388492503063,0.6445101876897258
F,neither,0.03945320844208391,0.33037608806864915,0.630170703489267
Bidet bees!,neither,0.03945320844208391,0.33037608806864915,0.630170703489267
rip,neither,0.03945320844208391,0.33037608806864915,0.630170703489267
that foreshadowing,neither,0.026110925149043836,0.4791292047641166,0.4947598700868395
Kobold life expectancy???,neither,0.03238624993753793,0.45143259807257424,0.5161811519898878
Bidet from Nashville!,neither,0.04071751644889743,0.3089174816120565,0.6503650019390461
F,neither,0.03945320844208391,0.33037608806864915,0.630170703489267
I felt bad for that Chris' character T-T,neither,0.029883734993471772,0.3397081686879842,0.6304080963185441
Rip,neither,0.03945320844208391,0.33037608806864915,0.630170703489267
F,neither,0.03945320844208391,0.33037608806864915,0.630170703489267
HI EVERYONE,neither,0.032490659208996964,0.4485487193596734,0.5189606214313296
F,neither,0.03945320844208391,0.33037608806864915,0.630170703489267
Did it start early?,neither,0.039510697747972286,0.3023306938099126,0.6581586084421152
I win,neither,0.03945320844208391,0.33037608806864915,0.630170703489267
F,neither,0.03945320844208391,0.33037608806864915,0.630170703489267
bidet from Tulsa,neither,0.04228451509352876,0.2823214250720796,0.6753940598343917
F,neither,0.03945320844208391,0.33037608806864915,0.630170703489267
F,neither,0.03945320844208391,0.33037608806864915,0.630170703489267
bidet,neither,0.03945320844208391,0.33037608806864915,0.630170703489267
first live!,neither,0.03503950172450729,0.3318941642020047,0.6330663340734881
Bidet,neither,0.03945320844208391,0.33037608806864915,0.630170703489267
F,neither,0.03945320844208391,0.33037608806864915,0.630170703489267
F,neither,0.03945320844208391,0.33037608806864915,0.630170703489267
"Bidet from Slippery Rock, Pennsylvania!",neither,0.04029398481315654,0.31610591880006933,0.6436000963867741
Bidet from Toronto,neither,0.04066490145509902,0.30981049537100724,0.6495246031738937
F,neither,0.03945320844208391,0.33037608806864915,0.630170703489267
Bidet from VanCity,neither,0.04228451509352876,0.2823214250720796,0.6753940598343917
F,neither,0.03945320844208391,0.33037608806864915,0.630170703489267
RIP Spurt,neither,0.03945320844208391,0.33037608806864915,0.630170703489267
F,neither,0.03945320844208391,0.33037608806864915,0.630170703489267
F,neither,0.03945320844208391,0.33037608806864915,0.630170703489267
F,neither,0.03945320844208391,0.33037608806864915,0.630170703489267
yaaay,neither,0.03945320844208391,0.33037608806864915,0.630170703489267
RIP Spurt,neither,0.03945320844208391,0.33037608806864915,0.630170703489267
oops,neither,0.03945320844208391,0.33037608806864915,0.630170703489267
F,neither,0.03945320844208391,0.33037608806864915,0.630170703489267
F,neither,0.03945320844208391,0.33037608806864915,0.630170703489267
F,neither,0.03945320844208391,0.33037608806864915,0.630170703489267
"spurt ""I WIN""",neither,0.03945320844208391,0.33037608806864915,0.630170703489267
F,neither,0.03945320844208391,0.33037608806864915,0.630170703489267
F,neither,0.03945320844208391,0.33037608806864915,0.630170703489267
PepeHands,neither,0.03945320844208391,0.33037608806864915,0.630170703489267
f,neither,0.03945320844208391,0.33037608806864915,0.630170703489267
F,neither,0.03945320844208391,0.33037608806864915,0.630170703489267
f,neither,0.03945320844208391,0.33037608806864915,0.630170703489267
f,neither,0.03945320844208391,0.33037608806864915,0.630170703489267
bidet from baton rouge,neither,0.040334677536117594,0.315415257091876,0.6442500653720065
"bidet from East Lansing, MI!",neither,0.040267914983472916,0.31654839184663425,0.6431836931698928
F for spurt,neither,0.023896577328981292,0.2538532852897668,0.7222501373812519
f,neither,0.03945320844208391,0.33037608806864915,0.630170703489267
F,neither,0.03945320844208391,0.33037608806864915,0.630170703489267
F,neither,0.03945320844208391,0.33037608806864915,0.630170703489267
F,neither,0.03945320844208391,0.33037608806864915,0.630170703489267
F,neither,0.03945320844208391,0.33037608806864915,0.630170703489267
F,neither,0.03945320844208391,0.33037608806864915,0.630170703489267
spurt noooo,neither,0.03945320844208391,0.33037608806864915,0.630170703489267
F for Spurt,neither,0.023896577328981292,0.2538532852897668,0.7222501373812519
F,neither,0.03945320844208391,0.33037608806864915,0.630170703489267
11 DAYS!,neither,0.03945320844208391,0.33037608806864915,0.630170703489267
F,neither,0.03945320844208391,0.33037608806864915,0.630170703489267
F,neither,0.03945320844208391,0.33037608806864915,0.630170703489267
rooD1 rooD2,neither,0.03945320844208391,0.33037608806864915,0.630170703489267
F for spurt,neither,0.023896577328981292,0.2538532852897668,0.7222501373812519
Oh nvm this is new,neither,0.05762744453370598,0.1955146191162045,0.7468579363500896
f,neither,0.03945320844208391,0.33037608806864915,0.630170703489267
F,neither,0.03945320844208391,0.33037608806864915,0.630170703489267
F,neither,0.03945320844208391,0.33037608806864915,0.630170703489267
F,neither,0.03945320844208391,0.33037608806864915,0.630170703489267
F',neither,0.03945320844208391,0.33037608806864915,0.630170703489267
F,neither,0.03945320844208391,0.33037608806864915,0.630170703489267
"also, bidet bees!",neither,0.03945320844208391,0.33037608806864915,0.630170703489267
F,neither,0.03945320844208391,0.33037608806864915,0.630170703489267
I WIIIIIN,neither,0.03945320844208391,0.33037608806864915,0.630170703489267
Bidet everyone!,offensive_language,0.02988896790634741,0.4927062106388782,0.4774048214547744
F,neither,0.03945320844208391,0.33037608806864915,0.630170703489267
well he wasnt wrong he said he lived 11 days and they die at 11 days and he did die,neither,0.15233988653162966,0.16353837318028477,0.6841217402880856
F,neither,0.03945320844208391,0.33037608806864915,0.630170703489267
@heyellayy Bidet from Oregon!,neither,0.04071751644889743,0.3089174816120565,0.6503650019390461
F,neither,0.03945320844208391,0.33037608806864915,0.630170703489267
spurt will be remembered,neither,0.043533480531657086,0.28737302760548816,0.6690934918628548
RIP Cow,neither,0.03945320844208391,0.33037608806864915,0.630170703489267
RIP SPURT,neither,0.03945320844208391,0.33037608806864915,0.630170703489267
"Said it before, I'll say it again... Dani needs her own show.",neither,0.050353170231961716,0.4635495722622138,0.4860972575058245
f,neither,0.03945320844208391,0.33037608806864915,0.630170703489267
F,neither,0.03945320844208391,0.33037608806864915,0.630170703489267
Hey guys,neither,0.03929207127355727,0.33311100635304525,0.6275969223733975
im so f'ing excited you guys,neither,0.052375103563312084,0.44365673080485785,0.50396816563183
F,neither,0.03945320844208391,0.33037608806864915,0.630170703489267
f,neither,0.03945320844208391,0.33037608806864915,0.630170703489267
F,neither,0.03945320844208391,0.33037608806864915,0.630170703489267
F,neither,0.03945320844208391,0.33037608806864915,0.630170703489267
recap time,neither,0.03814432885341907,0.3525911905918181,0.6092644805547629
Bidet from Berlin,neither,0.04066490145509902,0.30981049537100724,0.6495246031738937
F,neither,0.03945320844208391,0.33037608806864915,0.630170703489267
F,neither,0.03945320844208391,0.33037608806864915,0.630170703489267
F,neither,0.03945320844208391,0.33037608806864915,0.630170703489267
"""I win"" - Spurt the Bravest",neither,0.03800837791401139,0.3034905907864531,0.6585010312995355
bidet from vegas,neither,0.040853311764050625,0.30661268071637476,0.6525340075195746
Bidet from South Carolina,neither,0.04043176250036363,0.31376747187705417,0.6458007656225822
F,neither,0.03945320844208391,0.33037608806864915,0.630170703489267
Bidet frens,neither,0.03945320844208391,0.33037608806864915,0.630170703489267
f,neither,0.03945320844208391,0.33037608806864915,0.630170703489267
RIP Spurt,neither,0.03945320844208391,0.33037608806864915,0.630170703489267
F,neither,0.03945320844208391,0.33037608806864915,0.630170703489267
F,neither,0.03945320844208391,0.33037608806864915,0.630170703489267
TearGlove spurt,neither,0.03945320844208391,0.33037608806864915,0.630170703489267
Bidet from NC,neither,0.04066490145509902,0.30981049537100724,0.6495246031738937
F,neither,0.03945320844208391,0.33037608806864915,0.630170703489267
bidet Indiana,neither,0.03945320844208391,0.33037608806864915,0.630170703489267
Bidet from Scotland,neither,0.04062582848913359,0.31047366557575606,0.6489005059351104
RIP Spurt,neither,0.03945320844208391,0.33037608806864915,0.630170703489267
F,neither,0.03945320844208391,0.33037608806864915,0.630170703489267
ayyyy Oregon gang,neither,0.03945320844208391,0.33037608806864915,0.630170703489267
Bidet!,neither,0.03945320844208391,0.33037608806864915,0.630170703489267
Daniiiiiiiiiiiiiii,neither,0.03945320844208391,0.33037608806864915,0.630170703489267
Bidet from Sacramento,neither,0.04062582848913359,0.31047366557575606,0.6489005059351104
first time heeeeeere <3,neither,0.027434522373131622,0.3652521098570289,0.6073133677698395
rooD3 rooD4,neither,0.03945320844208391,0.33037608806864915,0.630170703489267
HI FROM DISCORD,neither,0.04094187055022747,0.3051096069949388,0.6539485224548338
f,neither,0.03945320844208391,0.33037608806864915,0.630170703489267
Hello bees!,neither,0.03945320844208391,0.33037608806864915,0.630170703489267
F,neither,0.03945320844208391,0.33037608806864915,0.630170703489267
F,neither,0.03945320844208391,0.33037608806864915,0.630170703489267
Bidet,neither,0.03945320844208391,0.33037608806864915,0.630170703489267
why do i remember the one that killed Spurt as a female?,neither,0.02576425474669546,0.43280868455978216,0.5414270606935223
Bidet from Charlotte,neither,0.04071751644889743,0.3089174816120565,0.6503650019390461
Nott coming in clutch,neither,0.03945320844208391,0.33037608806864915,0.630170703489267
Bidet,neither,0.03945320844208391,0.33037608806864915,0.630170703489267
First episode I'm watching live. PUMPED!,neither,0.03717363447652212,0.3311601380866436,0.6316662274368344
HeyGuys <3,neither,0.03945320844208391,0.33037608806864915,0.630170703489267
Bidet from NC,neither,0.04066490145509902,0.30981049537100724,0.6495246031738937
I am sure they will true resurrection spurt at some point,neither,0.030843603071604008,0.4292969971067142,0.5398593998216817
Bidet from Salt Lake City!,neither,0.04031822098218303,0.3156945677603287,0.6439872112574881
Bidet from NC,neither,0.04066490145509902,0.30981049537100724,0.6495246031738937
bidet,neither,0.03945320844208391,0.33037608806864915,0.630170703489267
BIDET!!! Still at work but here!!!!,neither,0.0863172277982472,0.3406269476621933,0.5730558245395595
spurt for mvp,neither,0.032394040647179684,0.29515229457236625,0.6724536647804541
CriticalRole channel is down tonight bummer,neither,0.043272033711798934,0.31133608769689913,0.6453918785913019
I need a sub,neither,0.03922200330232074,0.3284400059949073,0.6323379907027721
Bidet,neither,0.03945320844208391,0.33037608806864915,0.630170703489267
Finally Thursday!,neither,0.03945320844208391,0.33037608806864915,0.630170703489267
@heyellayy Beaverton :D,neither,0.03945320844208391,0.33037608806864915,0.630170703489267
bidet from WA,neither,0.04071751644889743,0.3089174816120565,0.6503650019390461
xhorhas time!,neither,0.036668274527354654,0.377643684699956,0.5856880407726893
Bidet,neither,0.03945320844208391,0.33037608806864915,0.630170703489267
I swear if not dies I die,neither,0.11635797754061636,0.20127804769566318,0.6823639747637206
@heyellayy OREGON GANG WHERE WE AT,neither,0.0402579294726488,0.32598183341430514,0.6337602371130461
Bidet Bees from Toronto!!!,neither,0.040408207780639874,0.31416725694368625,0.6454245352756738
ahhhh feels so good to be able to watch cr live once again. woot! even being on vacation wont stop me!!,neither,0.04082938123311914,0.4245453976156407,0.5346252211512401
:) <3,neither,0.03945320844208391,0.33037608806864915,0.630170703489267
Bidet from NorCal,neither,0.04228451509352876,0.2823214250720796,0.6753940598343917
<3,neither,0.03945320844208391,0.33037608806864915,0.630170703489267
Bidet from VA!!!!!!,neither,0.04066490145509902,0.30981049537100724,0.6495246031738937
YO,offensive_language,0.04010381111145228,0.5271105317972344,0.4327856570913131
Bidet bees! critroleBidet,neither,0.03945320844208391,0.33037608806864915,0.630170703489267
18d10!,neither,0.03945320844208391,0.33037608806864915,0.630170703489267
HEY THATS NOW,neither,0.03945320844208391,0.33037608806864915,0.630170703489267
Lot of NC people in here Awesome!,neither,0.10814106655391136,0.2959012841755321,0.5959576492705566
bikeOmg bikeOmg bikeOmg,neither,0.03945320844208391,0.33037608806864915,0.630170703489267
@Chryno1252 Corvallis!,neither,0.03945320844208391,0.33037608806864915,0.630170703489267
That's now!,neither,0.0315399419791559,0.4177955650052496,0.5506644930155946
critroleDani,neither,0.03945320844208391,0.33037608806864915,0.630170703489267
Bidet from Oklahoma,neither,0.04066490145509902,0.30981049537100724,0.6495246031738937
Nott ok,neither,0.03935517884257045,0.3320399062092607,0.6286049149481688
OMG Dani's boots!,neither,0.03945320844208391,0.33037608806864915,0.630170703489267
Hello bees! Bidet and beep beep. gandsGandsVaxSigil,neither,0.03865653362365779,0.2900308535386089,0.6713126128377334
bidet from WV,neither,0.04069404815304118,0.30931579984010865,0.6499901520068502
Is it time?,neither,0.04957552498532811,0.36090464428914903,0.5895198307255228
dayuM i missed this,neither,0.03936088932092021,0.3319429844885043,0.6286961261905755
mcdmTaarna,neither,0.03945320844208391,0.33037608806864915,0.630170703489267
that's now !,neither,0.0315399419791559,0.4177955650052496,0.5506644930155946
hello bees!!!,neither,0.03945320844208391,0.33037608806864915,0.630170703489267
@starlordz6 @heyellayy EYYYY,neither,0.03945320844208391,0.33037608806864915,0.630170703489267
Happy Valentines ya'll,offensive_language,0.026437382914008,0.5612087826403576,0.41235383444563456
Hellos Beeezz,neither,0.03945320844208391,0.33037608806864915,0.630170703489267
Bidet Critters <3 <3 <3,neither,0.03945320844208391,0.33037608806864915,0.630170703489267
"Thank you, Dani!! <3",neither,0.056569537053094594,0.387589590314071,0.5558408726328344
wa here,neither,0.09942143302913084,0.28448859399755033,0.6160899729733189
we need more lava,neither,0.04093615593861115,0.32199164624581644,0.6370721978155724
her leggings *-*,offensive_language,0.02847827049451025,0.6132214068702072,0.35830032263528255
@starlordz6 How many oregonians do we have in here???,neither,0.09100705362012147,0.30147361272637696,0.6075193336535015
bout to go!!!,neither,0.04482559549415904,0.4539348455335965,0.5012395589722445
odd,neither,0.03945320844208391,0.33037608806864915,0.630170703489267
omg dani's leggings are amazing!!! <3 <3 <3,neither,0.057563659254108425,0.29723460545798297,0.6452017352879086
"Hey, that's now!",neither,0.03405554423250078,0.3894677484934033,0.576476707274096
that pun,neither,0.035126807190173845,0.3775266654705279,0.5873465273392982
That's today PogChamp,neither,0.030656857941570866,0.36621840893905105,0.603124733119378
Art montage!!!,neither,0.03945320844208391,0.33037608806864915,0.630170703489267
ART TIME,neither,0.03804240160507918,0.3543211620050669,0.6076364363898539
yay,neither,0.03945320844208391,0.33037608806864915,0.630170703489267
or feb 15th 3am uk time,neither,0.038633597577164565,0.3442870234602383,0.6170793789625971
Bidet from the land of ice and snow,neither,0.0389645782853577,0.27292634265336485,0.6881090790612774
Happy Valentines Day everyone!,neither,0.034502616223371675,0.4094788136028206,0.5560185701738076
Bidet from WI!,neither,0.040737273169946825,0.30858215849491494,0.6506805683351382
Cool,neither,0.03945320844208391,0.33037608806864915,0.630170703489267
I love you all,offensive_language,0.07693210972157016,0.6561782186763016,0.26688967160212834
Bidet from Pittsburgh PA USA!,neither,0.04022135297240217,0.31733867069167054,0.6424399763359273
Bidet from Iowa!,neither,0.04069404815304118,0.30931579984010865,0.6499901520068502
im so ready,neither,0.03825507282807366,0.4360679818410094,0.525676945330917
"I CANNOT WAIT TILL WE GO WAYYYYYY FAR INTO THIS CAMPAIGN, AND CALEB DOES SOME ZETTAFLARE SHIT",offensive_language,0.03827869861838897,0.9025263541984401,0.0591949471831709
ITS THURSDAY,neither,0.032172426933007474,0.33288028269424347,0.634947290372749
Bidet from Florida. no wait. dammit. Portland now,neither,0.039603355521559906,0.3278277002772892,0.6325689442011508
Bidet!,neither,0.03945320844208391,0.33037608806864915,0.630170703489267
18d10,neither,0.03945320844208391,0.33037608806864915,0.630170703489267
Nott feeling so good,neither,0.03859392372995432,0.3890024102044767,0.5724036660655691
guys im so LIT aaAAA,neither,0.038396597289443876,0.4131500340521894,0.5484533686583666
oooooh. Art,neither,0.03945320844208391,0.33037608806864915,0.630170703489267
oh cute,neither,0.05025403025566487,0.21111418279045727,0.7386317869538779
bidet from AZ!,neither,0.04078317879478948,0.307803020237201,0.6514138009680096
Hello Bees <3,neither,0.03945320844208391,0.33037608806864915,0.630170703489267
Hi bees,neither,0.03945320844208391,0.33037608806864915,0.630170703489267
bidet from sweden,neither,0.04228451509352876,0.2823214250720796,0.6753940598343917
bidet,neither,0.03945320844208391,0.33037608806864915,0.630170703489267
Bidet from a salmon farm on the Pacific Ocean!,neither,0.0375090164477059,0.3154019709722468,0.6470890125800473
yay,neither,0.03945320844208391,0.33037608806864915,0.630170703489267
ART,neither,0.03945320844208391,0.33037608806864915,0.630170703489267
"So excited, to bad it's 8:50 here, ill have to go to bed when the break happens",neither,0.08175253695022465,0.34584603763221783,0.5724014254175575
Bidet from Phoenix,neither,0.04066490145509902,0.30981049537100724,0.6495246031738937
Bidet from Chicago!,neither,0.04078317879478948,0.307803020237201,0.6514138009680096
bidet from AZ,neither,0.04078317879478948,0.307803020237201,0.6514138009680096
ART,neither,0.03945320844208391,0.33037608806864915,0.630170703489267
Hello bees and bidet!!! I’ve missed this. I hope they had a wonderful break!,neither,0.038529612722321464,0.2349414275344667,0.7265289597432117
Bidet!,neither,0.03945320844208391,0.33037608806864915,0.630170703489267
Finally Caught up this is my FIRST live episode :D,neither,0.03231301402821674,0.4277384697600817,0.5399485162117017
Welcome to everyone watching live for the first time!,neither,0.032010338094355835,0.38407874081018,0.5839109210954642
Is this the same chat as the one from the Critical Role twitch?,neither,0.041612030155698865,0.3332243095417407,0.6251636603025604
Hi,neither,0.03945320844208391,0.33037608806864915,0.630170703489267
THE CRYSTALS,neither,0.03613032604487659,0.2619290779399786,0.7019405960151449
Yah! Lets Go!!!,neither,0.039841545656043996,0.3486639715584666,0.6114944827854892
Bidet from Pennsylvania,neither,0.04069404815304118,0.30931579984010865,0.6499901520068502
hey guys! VoHiYo,neither,0.03929207127355727,0.33311100635304525,0.6275969223733975
In time for the art /o/,neither,0.031711298297824084,0.3058013524027307,0.6624873492994453
hallo bees,neither,0.03945320844208391,0.33037608806864915,0.630170703489267
i'm so excited,neither,0.03940839469474773,0.3948270312238364,0.565764574081416
Bidet from Homework Land!,neither,0.040485976946563834,0.3128473112366067,0.6466667118168293
"ahhh, the music, the art.. it's really back! \o/",neither,0.037200329599396224,0.3077319347510196,0.6550677356495841
bidet from AZ,neither,0.04078317879478948,0.307803020237201,0.6514138009680096
Bidet from KY! Happy Critical Role Day! <3,neither,0.04049090174924437,0.3085427678571352,0.6509663303936206
Hi!,neither,0.03945320844208391,0.33037608806864915,0.630170703489267
Bidet from NC!,neither,0.04066490145509902,0.30981049537100724,0.6495246031738937
@akrak318 at least 4,neither,0.03823585756874653,0.36735290568172996,0.5944112367495235
Thanks for the art!,neither,0.03158985731523347,0.2757470100193002,0.6926631326654663
Finally caught up and ready to rock!,neither,0.041705055382187134,0.33451171672668,0.6237832278911328
