text,top_class,hate_speech,offensive_language,neither
No sound?,neither,0.03817021587683215,0.3521518202447505,0.6096779638784173
Callisto in 5?,neither,0.03945320844208391,0.33037608806864915,0.630170703489267
!rbschedule,neither,0.03945320844208391,0.33037608806864915,0.630170703489267
Find the rebroadcast schedule for today here: http://bit.ly/ThurRebroadcast,neither,0.05993176898675194,0.16282973960513905,0.7772384914081091
well i eat this next french fry in your honor @VermillionCrimson,neither,0.057660824637354016,0.33440955303706016,0.6079296223255858
bwommmp,neither,0.03945320844208391,0.33037608806864915,0.630170703489267
I have never been to Jack in the Box,neither,0.03991203524549095,0.35869251310888683,0.601395451645622
I did have some in South Carolina once however.,neither,0.03380317556051726,0.3452771372106244,0.6209196872288583
It was alright.,neither,0.0374479858075004,0.33370681599638646,0.6288451981961132
ooh sourdough buns...,neither,0.03945320844208391,0.33037608806864915,0.630170703489267
then i eat this next fry in your honor @sammifed16,neither,0.06022872505558554,0.334752915997995,0.6050183589464194
"evening, Superpunks! I finished making dinner just in time!",neither,0.03601417338476603,0.3499277734344514,0.6140580531807827
Hi @highvoltage988,neither,0.03945320844208391,0.33037608806864915,0.630170703489267
@ZachsMind thank you.... I think,neither,0.06704673069633704,0.40140807070374773,0.5315451985999152
i finished reheating dinner just in time.,neither,0.034425484594366486,0.3668940163175622,0.5986804990880714
@ZachsMind Dinner five!,neither,0.03945320844208391,0.33037608806864915,0.630170703489267
are we all ready for sal's next joke,neither,0.051603733311188324,0.3331408949244343,0.6152553717643774
gandsHype gandsC6 gandsXP,neither,0.03945320844208391,0.33037608806864915,0.630170703489267
I drew Lacy earlier today and I got their outfit totally wrong. We're gonna say it was laundry day.,neither,0.044012173611618396,0.3260271394560156,0.6299606869323661
Howdy from fort worth tx,neither,0.040538671561945475,0.31195294609159274,0.6475083823464618
Hey folks! :),neither,0.03945320844208391,0.33037608806864915,0.630170703489267
lol zach,neither,0.031120645729857982,0.3912535864736078,0.5776257677965343
@abstractism I'm still recovering from Sal giving Anton the raincoat to cover Hopps with,neither,0.03563241316986608,0.33901843378664803,0.6253491530434859
howdy from Dallas!,neither,0.04081748366884477,0.3072207769958956,0.6519617393352596
So...issue #2.5?,neither,0.039408268585317555,0.3917566628364959,0.5688350685781864
Hello hello everyone!,neither,0.03515595620217413,0.4033116735145906,0.5615323702832353
"@zachsmind I mean, they have to have more than one outfit. You're fine.",neither,0.07099699931675092,0.3698581831420043,0.5591448175412447
Hey Folks,neither,0.03945320844208391,0.33037608806864915,0.630170703489267
"""COFFEE?""",neither,0.05312950063699334,0.09825371724258368,0.848616782120423
"yeah I'm never prepared for Sal, he's a cuddly loveable heartbreaker",neither,0.02514922401323175,0.4112923630248225,0.5635584129619458
Dads time?,neither,0.038120684439015874,0.3529924980112446,0.6088868175497395
It's so nice to see Hopps back on the card,neither,0.04031248571094064,0.36244003514642986,0.5972474791426294
Glad to see all six here. Last week I almost panicked when hopps was missing.,neither,0.062027817224805847,0.3776230865824426,0.5603490961927516
https://www.youtube.com/watch?v=76sfk78w5NY,neither,0.04349866177839444,0.3289846711595917,0.6275166670620138
Hello. First Time catching Callisto 6 live,neither,0.03603508205256339,0.34704212689914576,0.6169227910482907
By the way. Have folks seen Kaitlin's animation from last ep?,neither,0.040005521652319694,0.3436981024470714,0.6162963759006089
laundry day,neither,0.04003785217972025,0.3131078070149969,0.6468543408052828
@kaioraya Eh?,neither,0.03945320844208391,0.33037608806864915,0.630170703489267
I put them in a brown leather jacket and green shirt. In hindsight that was a bad idea.,neither,0.04244733052670569,0.3145550360046479,0.6429976334686464
"Yeah, that was bad times with no Hopps art.",neither,0.017426875504339318,0.4756313712626043,0.5069417532330565
So glad to see Hopps back,neither,0.047122545267747014,0.3765756247437543,0.5763018299884988
"@lillydrag0n me too, but they handled that really well I thught",neither,0.0285703995565082,0.40440106348204335,0.5670285369614485
Let us prepare for the FEELS,neither,0.04344650439930672,0.31688188892134334,0.63967160667935
@abstractism omg that takes me back to my early youtube days :D,neither,0.029356032459260318,0.42298255942020013,0.5476614081205394
Fix His Butt!,neither,0.07551312442876369,0.3771394172017035,0.5473474583695328
"""Golf""",neither,0.03945320844208391,0.33037608806864915,0.630170703489267
"Everybody looks good in a leather jacket, though.",neither,0.039000726190327614,0.33053171746387444,0.630467556345798
i wish i knew what this song was called -.-,neither,0.043494660845992,0.33647096988904035,0.6200343692649676
"Hello, all!",neither,0.04217753453783664,0.43734383323855475,0.5204786322236087
"Lacy's motto is clearly ""suns out guns out,"" and every day is sunny.",neither,0.042249678884724216,0.31769605962823355,0.6400542614870423
"""mosty just my legs and my butt and.. and my legs and my butt.""",neither,0.022111949610091223,0.4468062144170206,0.5310818359728882
finaly im in time..,neither,0.036289890651774584,0.4117846543486704,0.5519254549995551
@highvoltage988 haha yeah. I remember all those useless crap from movies and music and youtube vids and memes,neither,0.03828657514249365,0.34892829891740523,0.6127851259401011
lets do this :),neither,0.040148419443759686,0.3496283523875733,0.610223228168667
@VermillionCrimson Kaitlin did an animation from the Fix His Butt scene,neither,0.06266892024472061,0.33029226896566694,0.6070388107896124
,neither,0.03945320844208391,0.33037608806864915,0.630170703489267
Heeeey all!,neither,0.04167083427717469,0.4183849112737958,0.5399442544490295
Wooooo!,neither,0.03945320844208391,0.33037608806864915,0.630170703489267
hi,neither,0.03945320844208391,0.33037608806864915,0.630170703489267
Hey Aki!,neither,0.03945320844208391,0.33037608806864915,0.630170703489267
Hello Superpukes,neither,0.03945320844208391,0.33037608806864915,0.630170703489267
heya Aki!,neither,0.03945320844208391,0.33037608806864915,0.630170703489267
AKIIIIII,neither,0.03945320844208391,0.33037608806864915,0.630170703489267
@starpilotsix I love that it's now a poster behind Eric's desk,neither,0.03444030625946482,0.36539529156166717,0.600164402178868
O hai Aki :D,neither,0.03945320844208391,0.33037608806864915,0.630170703489267
That animation was so good.,neither,0.03263938046007793,0.4625004597669965,0.5048601597729255
hi all,neither,0.0423466876598404,0.4436528871510691,0.5140004251890904
Evening Superpunks,neither,0.03945320844208391,0.33037608806864915,0.630170703489267
Hey Aki,neither,0.03945320844208391,0.33037608806864915,0.630170703489267
hey Aki,neither,0.03945320844208391,0.33037608806864915,0.630170703489267
@shidareaki Hello,neither,0.03945320844208391,0.33037608806864915,0.630170703489267
FIX HIS BUT!!,neither,0.06610432759612281,0.3442990767266171,0.5895965956772602
Hey Aki,neither,0.03945320844208391,0.33037608806864915,0.630170703489267
did i miss a new animation?,neither,0.03495304425012643,0.2244614614205654,0.7405854943293081
Hi @shidareAKI and all the other Supepunks,neither,0.03908519496127337,0.3395194495061071,0.6213953555326196
"does my brain ever remember useful things and info about life? naw, its ghostbusters and robocop and the most pointless stuff in life that gets memorized",neither,0.024217324000580465,0.4233958688045449,0.5523868071948747
Hi @chaoticloony,neither,0.03945320844208391,0.33037608806864915,0.630170703489267
lol,neither,0.020706217963973744,0.4882283491876925,0.4910654328483337
It is so nice to finally catch this live again. It has been so long!,neither,0.047840416711144626,0.39506384785829524,0.5570957354305601
lol my brain is filled with 80's movies trivia,neither,0.02508335504330209,0.446360344081529,0.5285563008751689
HellO!,neither,0.03945320844208391,0.33037608806864915,0.630170703489267
"So, what the team needs after this is some downtime to recoup from almost losing Hopps. What I expect they'll get is an emotional rollercoaster.",neither,0.052283630682749146,0.33549794739304456,0.6122184219242063
love catching it live with my wife :),neither,0.02284873573818951,0.43999408903720144,0.537157175224609
"""Hello! I am Florence! A medical bot! And if you would like, I can be YOUR medical bot!""",neither,0.051138265342321104,0.35335532556277843,0.5955064090949003
Hi,neither,0.03945320844208391,0.33037608806864915,0.630170703489267
We have a subscriber-only Discord server! Join here: https://discord.gg/geekandsundry (you'll need to sub and link it to your Twitch) and be a part of the fun!...Warning: It can take up to an hour for the server to update and give you access to the channels,neither,0.08464076273808444,0.286394834032893,0.6289644032290227
GOOOOOOOD EVINING RAFT CITY!\,neither,0.03945320844208391,0.33037608806864915,0.630170703489267
Hello @slippydude,neither,0.03945320844208391,0.33037608806864915,0.630170703489267
@gogt200 Glad you could rejoin us!,neither,0.12567879368282017,0.36843014237769284,0.5058910639394871
haha love that quote @ZachsMind,neither,0.029137117999262205,0.45292161074527537,0.5179412712554624
So after last week’s emotional episode this week is definitely a hot springs episode right ;),neither,0.042254812725525094,0.3564261082024515,0.6013190790720234
Hi,neither,0.03945320844208391,0.33037608806864915,0.630170703489267
"@misroi they're going home to spend time with their families, what could *possibly* be stressful about that? :D",neither,0.04318635978930679,0.38858769003558447,0.5682259501751087
eeeekkkkkkkkk,neither,0.03945320844208391,0.33037608806864915,0.630170703489267
Hi Eric!,neither,0.03945320844208391,0.33037608806864915,0.630170703489267
gandsC6,neither,0.03945320844208391,0.33037608806864915,0.630170703489267
ah. so that's the discord server information. someone was talking about that on Twitter.,offensive_language,0.031138298828179874,0.4912280840021091,0.47763361716971103
Hello Eric,neither,0.03945320844208391,0.33037608806864915,0.630170703489267
Hi Eric,neither,0.03945320844208391,0.33037608806864915,0.630170703489267
@shidareAKI shopping episode!,neither,0.03945320844208391,0.33037608806864915,0.630170703489267
Eric <3,neither,0.03945320844208391,0.33037608806864915,0.630170703489267
Hey everyone!,neither,0.031959242684595296,0.4575682446653829,0.5104725126500218
hey everyone!,neither,0.031959242684595296,0.4575682446653829,0.5104725126500218
"Download the new Critical Role theme song for Campaign Two! http://itunes.apple.com/album/id1331550250?ls=1&app=itunes Sales of the song support the musician, Jason Charles Miller.",neither,0.04445767596344001,0.2510827790306858,0.7044595450058742
"Oh no, Ohya",neither,0.04751210705993949,0.26629718932274826,0.6861907036173122
Aliza triggered her time ability and now she's the Doctor,offensive_language,0.031158524306424774,0.5264243637495093,0.44241711194406597
She's become a Rat Queen.,neither,0.04063741775823021,0.4020603805540964,0.5573022016876735
"I think this is the first one I have caught live for the whole thing. I started somewhere in the middle of a bunch of Issue 1 eps, and eventually went back and watched them all during the break. Kept missing the new issues b\c of work, so this is exciting.",neither,0.04502957988650033,0.3191097683349112,0.6358606517785885
"Aw shit yall, PARADOX",offensive_language,0.04337195758640055,0.9560694592912995,0.0005585831222998656
stsHello,neither,0.03945320844208391,0.33037608806864915,0.630170703489267
"No time like the present, Aliza!",neither,0.04716717309175993,0.3630699443431899,0.58976288256505
She'll be back... Next week? Two weeks ago? Who knows!,neither,0.041111873338199344,0.43543058116832295,0.5234575454934778
hail fellow Callistites <3,neither,0.03945320844208391,0.33037608806864915,0.630170703489267
Hi Eric! oh no aliza fell thru time!!,neither,0.0391564169076721,0.3594328201968379,0.6014107628954899
oh no Aliza's lost in time somewhere,neither,0.042279300045279876,0.31596715211337983,0.6417535478413404
YAY FANART REEL,neither,0.03945320844208391,0.33037608806864915,0.630170703489267
YAY!!!,neither,0.03945320844208391,0.33037608806864915,0.630170703489267
PogChamp woo art time!,neither,0.0384440119995678,0.3475047854909859,0.6140512025094462
I had a feeling Oya would not be here tonight lol,neither,0.06051573832975715,0.3279901995887087,0.6114940620815342
callisto6fanart@gmail.com,neither,0.03945320844208391,0.33037608806864915,0.630170703489267
YAY ART ART ART,neither,0.03945320844208391,0.33037608806864915,0.630170703489267
Thank you,neither,0.07325166854587051,0.43632638485078484,0.49042194660334476
@super390 Talk about perfect casting,neither,0.019107298535588083,0.37063449235243545,0.6102582091119765
Is Oya her own grampa!?,offensive_language,0.07974980592198064,0.6150861670815405,0.3051640269964788
Art reel hypr,neither,0.03945320844208391,0.33037608806864915,0.630170703489267
woohoo!,neither,0.03945320844208391,0.33037608806864915,0.630170703489267
i need to work on some arttt,neither,0.03301019874150797,0.3581166987126744,0.6088731025458176
"Help G&S make great content! $4.99/month gets you emotes, Minecraft server access, sub-only VODs, and more! Every sub keeps the channel alive! twitch.tv/geekandsundry/subscribe",neither,0.043907990691603095,0.31135964332838284,0.644732365980014
"""FIX HIS BUTT!""",neither,0.07551312442876369,0.3771394172017035,0.5473474583695328
I need a link!,neither,0.039237673486210316,0.32857122609733197,0.6321911004164579
"just watched it, it's amazing",neither,0.03311425308705891,0.3502128160820112,0.6166729308309299
Woot. I made it live. :),neither,0.04217177938155152,0.3294410468608578,0.6283871737575908
will fanart from season 1 also be included in this possible maybe happening big fanart reel?,neither,0.03245138425735267,0.34179734063463746,0.6257512751080099
rtuesLove rtuesSalute,neither,0.03945320844208391,0.33037608806864915,0.630170703489267
<applauds>,neither,0.03945320844208391,0.33037608806864915,0.630170703489267
Moonsrain!,neither,0.03945320844208391,0.33037608806864915,0.630170703489267
yay! auxcrew! mmonryne!,neither,0.03945320844208391,0.33037608806864915,0.630170703489267
The Animatic: https://twitter.com/kkamabr/status/1096234823037972480,neither,0.03798107134293994,0.41251714312318205,0.549501785533878
XD MADE IT!,neither,0.03684238675525566,0.33127406936755094,0.6318835438771935
<3 Moonsrain <3,neither,0.03945320844208391,0.33037608806864915,0.630170703489267
It's SO rad!,neither,0.037879336342691194,0.38030240068653764,0.5818182629707711
inb4 eric pulls a linus,neither,0.03945320844208391,0.33037608806864915,0.630170703489267
Hi folks!,neither,0.03945320844208391,0.33037608806864915,0.630170703489267
@abstractism pfft,neither,0.03945320844208391,0.33037608806864915,0.630170703489267
"""our lives are in your hands and you have butterfingers?""",neither,0.12461097320334558,0.2852998175559018,0.5900892092407527
Hi @MonteCookGames,neither,0.03945320844208391,0.33037608806864915,0.630170703489267
oakiedoakiedice is so fun to say,neither,0.060398967448006706,0.37654427133353696,0.5630567612184563
"Oh, Hey der @MonteCookGames",neither,0.04434680580347627,0.28363356546311086,0.6720196287334128
@MonteCookGames welcome :D <3,neither,0.03945320844208391,0.33037608806864915,0.630170703489267
"hail and welcome, @MonteCookGames :) <3",neither,0.03869598392092991,0.2922406983039919,0.6690633177750782
oh hai monte!,neither,0.051363287716059566,0.22255663153133606,0.7260800807526044
if anton can stretch anypart of his body.......can he stretch his....ears?,neither,0.055458940851944825,0.35497952958095186,0.5895615295671033
Eric you are not suppose to eat the dice,neither,0.07834251611190587,0.31478508922281895,0.6068723946652752
Thank you to our community. You are all exceptional people. <3,neither,0.14421378328965914,0.41027620778767543,0.4455100089226654
:D,neither,0.03945320844208391,0.33037608806864915,0.630170703489267
thankyou to our beloved mods <3,neither,0.05281923455445044,0.3227806337171881,0.6244001317283615
I'm so excited to run Invisible Sun,neither,0.04431989853567796,0.360374979963118,0.5953051215012042
<3,neither,0.03945320844208391,0.33037608806864915,0.630170703489267
"@xxSilentEchoesxx Now I have a mental image of an animated Anton with ""Do your ears hang low"" playing",neither,0.04688506167685076,0.3473497035147024,0.6057652348084469
"hey AKI, how's it going",neither,0.03581843781231709,0.36462834052374654,0.5995532216639363
did i miss something or may sam be out of pencils becouse there was no pancil snap yet if i didnt miss one in callisto6 :),neither,0.02518973600523002,0.35566682969295826,0.6191434343018117
Has anyone shipped MedBot?,neither,0.04002189075040031,0.3207240651539605,0.6392540440956391
Yay @KBTibbs !,neither,0.03945320844208391,0.33037608806864915,0.630170703489267
"You heard here first folks, Oakiedoakie dice are tasty! Eric approves of you chowing down on an octohedron! Do it, it's probably fine! (DISCLAIMER: It is not fine. Don't eat dice.)",neither,0.0762687151034155,0.3439826865816504,0.5797485983149342
I think we need shipping names for MedBot.,neither,0.033673038060324206,0.2931393988223072,0.6731875631173686
?? O.O,neither,0.03945320844208391,0.33037608806864915,0.630170703489267
@sgpch they got given a huge box of pencils earlier in the season so shouldn't be out... yet,neither,0.03651101480166515,0.3746388479130481,0.5888501372852868
Tmw you're typing on your phone while your laptop updates...,neither,0.12943218151482183,0.33143046054426106,0.5391373579409171
@kaioraya thanks for that.. now it is running through my brain too,neither,0.02812102933745643,0.38221644311368613,0.5896625275488575
Coffee Shop AU?,neither,0.049625346617106374,0.15772835607331956,0.792646297309574
oh good,neither,0.04716213370137962,0.24743001978374096,0.7054078465148794
I have seen Cypher system run a Shadowrun campaign!,neither,0.03909919428909284,0.3363846321482247,0.6245161735626825
:D,neither,0.03945320844208391,0.33037608806864915,0.630170703489267
@JustHere4Coffee,neither,0.03945320844208391,0.33037608806864915,0.630170703489267
O'verse?,neither,0.03945320844208391,0.33037608806864915,0.630170703489267
Space Western!,neither,0.03945320844208391,0.33037608806864915,0.630170703489267
