text,top_class,hate_speech,offensive_language,neither
that epilogue last week... my heart is being broken. One. Week. At. A. Time.,neither,0.030809769676261586,0.45360243220669655,0.5155877981170419
yes @abstractism Whitney is Therese,neither,0.04794002262634329,0.3274570835027044,0.6246028938709524
gandsHype gandsHype gandsHype gandsHype,neither,0.03945320844208391,0.33037608806864915,0.630170703489267
Tonight I am the Bat Gremlin,neither,0.03673804929748541,0.30244368927510057,0.6608182614274141
PrimeYouDontSay,neither,0.03945320844208391,0.33037608806864915,0.630170703489267
gandsHype gandsHype gandsHype gandsHype gandsHype gandsHype,neither,0.03945320844208391,0.33037608806864915,0.630170703489267
It's time ! PogChamp,neither,0.034389982057555904,0.3710596410554468,0.5945503768869974
Titlecard is up folks if you cannot see it please refresh,neither,0.037638897635150236,0.43342200314120477,0.528939099223645
gandsHype gandsHype gandsHype,neither,0.03945320844208391,0.33037608806864915,0.630170703489267
turn it up!,neither,0.033537211288718505,0.41360417797694465,0.5528586107343368
Hi @strous1,neither,0.03945320844208391,0.33037608806864915,0.630170703489267
well that new character will either be nines or strauss I think,neither,0.040824300419249615,0.27980454699963464,0.6793711525811157
rooWow Hey Vamily rooHi,neither,0.03945320844208391,0.33037608806864915,0.630170703489267
Evening Vamily!,neither,0.03945320844208391,0.33037608806864915,0.630170703489267
"@Zentt7 -> THE EMOTES, THEY`RE TOO MANY [warning]",neither,0.055080314918249766,0.29325628621143124,0.651663398870319
thankyou for looking after us @Dragonchrome :),neither,0.07571398587076693,0.28953140537912986,0.6347546087501031
what if Whitney ISN'T Therese this week? :P,neither,0.02856546039203177,0.37237072231606744,0.5990638172919008
,neither,0.03945320844208391,0.33037608806864915,0.630170703489267
i wanna see nies,neither,0.03945320844208391,0.33037608806864915,0.630170703489267
hahaha my bad i'll use less emotes,neither,0.01087087397683187,0.4745923905072747,0.5145367355158935
jcvimHi jcvimHi,neither,0.03945320844208391,0.33037608806864915,0.630170703489267
"or maybe someone else, I dunno. /shrug",neither,0.03945320844208391,0.33037608806864915,0.630170703489267
Have they had Abrams guess start yet?,neither,0.038534914460590645,0.3438379796511783,0.6176271058882311
Evening vamily,neither,0.03945320844208391,0.33037608806864915,0.630170703489267
I thought Whitney was Jeanette =p,neither,0.042528062612890716,0.2331459675350103,0.7243259698520991
wooo i made it in early,neither,0.039514688009991,0.2989796662731587,0.6615056457168503
xprinc1Love xprinc1Love xprinc1Love,neither,0.03945320844208391,0.33037608806864915,0.630170703489267
gandsHype,neither,0.03945320844208391,0.33037608806864915,0.630170703489267
Good evening vamily. How is everyone tonight,neither,0.0379842050090957,0.39167656059984546,0.5703392343910587
pretty sure Victor is the highest gen Baron in LA,neither,0.0398113481888904,0.3988328580379877,0.5613557937731221
nines lol,neither,0.020706217963973744,0.4882283491876925,0.4910654328483337
Grats @Ronin903468,neither,0.03945320844208391,0.33037608806864915,0.630170703489267
I'm *dying* to see Whitney's Jeanette,neither,0.045559497763536565,0.32679827151710195,0.6276422307193614
let's go!!!!,neither,0.01806316484133749,0.39391011985298136,0.5880267153056813
,neither,0.03945320844208391,0.33037608806864915,0.630170703489267
me too @highvoltage988,neither,0.025456656249999262,0.41690574403459846,0.5576375997154023
Is everyone ready?,neither,0.041262036450053476,0.4450965041340042,0.5136414594159423
I can tell you this.... .. ... there will be blood.,neither,0.05756300487639177,0.307135336853666,0.6353016582699422
darkest i think it,neither,0.03850711485679801,0.3214836442542087,0.6400092408889934
<3 <3 <3,neither,0.03945320844208391,0.33037608806864915,0.630170703489267
thuluHEY Hey Vamily,neither,0.03945320844208391,0.33037608806864915,0.630170703489267
"@DarkestArgentum he certainly has the most ""Followers"" and ""Friends""! ;)",neither,0.042434438470696084,0.2844740980536823,0.6730914634756215
She was on last week,neither,0.037639908503277114,0.4452086568911085,0.5171514346056143
woo!,neither,0.03945320844208391,0.33037608806864915,0.630170703489267
1 mins to go,neither,0.05032404800640696,0.33034896285454535,0.6193269891390477
"""You've got red on ya.""",offensive_language,0.014960110651339327,0.645883147454101,0.33915674189455963
gandsHype,neither,0.03945320844208391,0.33037608806864915,0.630170703489267
*ready*,neither,0.03945320844208391,0.33037608806864915,0.630170703489267
if what we supsect Fiona might do happens you will be right @jr_bob_loblaw,neither,0.058723103304949696,0.40485552531749375,0.5364213713775565
I'm never ready! xD,neither,0.033807772000178225,0.3883401067704575,0.5778521212293642
bleedPurple,neither,0.03945320844208391,0.33037608806864915,0.630170703489267
@TheDiMono Hell Yeah!,offensive_language,0.024014075456083226,0.8806496383571902,0.0953362861867266
Good evening Vamily,neither,0.03869882722860525,0.3306355543605695,0.6306656184108252
Tonight's Un-Dad Meme raises for the night. See it here: (spoilers for... two? weeks ago) https://twitter.com/KBTibbs/status/1096601928501362689,neither,0.04292802556046378,0.3158605266494235,0.6412114477901126
VAMPIRE TIME,neither,0.03814432885341907,0.3525911905918181,0.6092644805547629
"it is dark, what secrets hide in the night?",neither,0.04122576763605697,0.31455009237443415,0.6442241399895088
Grats @HedgyV,neither,0.03945320844208391,0.33037608806864915,0.630170703489267
Evening all! New to the vamily. Watched 2 Fridays & spent last weekend binging to catch up!,neither,0.04712067645739553,0.3319020710122615,0.6209772525303429
welcome @WinterFaery84 :),neither,0.03945320844208391,0.33037608806864915,0.630170703489267
Hey Vamily!,neither,0.03945320844208391,0.33037608806864915,0.630170703489267
"I caught up just today, so I can't wait for the first episode I get to watch live",neither,0.03483409428260609,0.35603826715395215,0.6091276385634417
<3 <3 <3 <3,neither,0.03945320844208391,0.33037608806864915,0.630170703489267
Want the inside scoop? Join the cast of Critical Role and discuss the most recent episode right here on Talks Machina. Tuesdays 7pm Pacific at twitch.tv/geekandsundry and projectalpha.com,neither,0.04573032993319735,0.22538911733705982,0.7288805527297427
I found out today that my dog doesn't have cancer!,neither,0.02567278955869006,0.4176151380827648,0.5567120723585451
welcome @dorkmasterc :),neither,0.03945320844208391,0.33037608806864915,0.630170703489267
,neither,0.03945320844208391,0.33037608806864915,0.630170703489267
whew just in time PogChamp sandwich at the ready,neither,0.03323790374482353,0.37181542739087486,0.5949466688643016
Thank you @Suedyin,neither,0.07325166854587051,0.43632638485078484,0.49042194660334476
good evening n well met,neither,0.03888444140225989,0.3305717131348,0.6305438454629403
Ugh @KBTibbs :P,neither,0.03945320844208391,0.33037608806864915,0.630170703489267
cool dorkmasterc,neither,0.03945320844208391,0.33037608806864915,0.630170703489267
Good evening Vamily.,neither,0.03869882722860525,0.3306355543605695,0.6306656184108252
pundertaking,neither,0.03945320844208391,0.33037608806864915,0.630170703489267
I like it @KBTibbs,neither,0.06953449037813421,0.37815048807863416,0.5523150215432316
im not ready i never ready when this is on,neither,0.031476567201200255,0.4243615460771895,0.5441618867216101
@VisionarySims Congratulations!,neither,0.03945320844208391,0.33037608806864915,0.630170703489267
"Seats, all you undead! Its nearly show time! \o/",neither,0.06123128293327131,0.3846920979509818,0.5540766191157469
Hey vamily,neither,0.03945320844208391,0.33037608806864915,0.630170703489267
@Ronin903468 You're welcome.,neither,0.10626763448287628,0.35096606821718634,0.5427662972999374
IT'S VAMPIRE TIME,neither,0.036694398018612434,0.35218357757903795,0.6111220244023494
@Korinra watching live is truly special! <3,neither,0.0855781102405518,0.30757779201732005,0.6068440977421283
Here we gooooooo.,neither,0.15579607761817918,0.2572279575342963,0.5869759648475245
@VisionarySims that's awesome! GG,neither,0.03419525192306799,0.38790559219732307,0.5778991558796089
welcome @Mar_Tsutola :),neither,0.03945320844208391,0.33037608806864915,0.630170703489267
@fleshhy thank you!,neither,0.07325166854587051,0.43632638485078484,0.49042194660334476
BloodTrail,neither,0.03945320844208391,0.33037608806864915,0.630170703489267
"@KBTibbs On point, as always",neither,0.032213752579109294,0.44462773244536397,0.5231585149755267
,neither,0.03945320844208391,0.33037608806864915,0.630170703489267
"Good evening, incoming Vamily!",neither,0.03869882722860525,0.3306355543605695,0.6306656184108252
"It's time, it's time, look alive!.. I mean be ready, no need to tempt the beast just for appearances here.",neither,0.05313770108105244,0.32571966293491406,0.6211426359840334
Hi Vamily!,neither,0.03945320844208391,0.33037608806864915,0.630170703489267
sweeet love my vamily,offensive_language,0.016158302851838294,0.5251546595362018,0.45868703761195984
@KBTibbs Points worthy to be sure,neither,0.04004942811228916,0.4402000951306041,0.5197504767571068
Good morning from Sweden to all,neither,0.06587905937895328,0.21724301099879,0.7168779296222568
!schedule,neither,0.03945320844208391,0.33037608806864915,0.630170703489267
We have a subscriber-only Discord server! Join here: https://discord.gg/geekandsundry (you'll need to sub and link it to your Twitch) and be a part of the fun!...Warning: It can take up to an hour for the server to update and give you access to the channels,neither,0.08464076273808444,0.286394834032893,0.6289644032290227
Get ready vamily,neither,0.03862862243925768,0.34437146453459355,0.6169999130261489
Thanks @vagamergirl2378 @dinosaurdice @abstractism,neither,0.035884468650613,0.3004919205142699,0.6636236108351171
hail @jr_bob_loblaw ! :),neither,0.03945320844208391,0.33037608806864915,0.630170703489267
@korinra watching it live is amazing,neither,0.05068028512313739,0.326514581573669,0.6228051333031936
welcome @hunt4viktory :),neither,0.03945320844208391,0.33037608806864915,0.630170703489267
Let's gooo,neither,0.024028385875293705,0.36420730681166985,0.6117643073130364
stream is up,neither,0.045475273565137704,0.38726277146109006,0.5672619549737722
velvety salutions to the vamily,neither,0.06348207243887267,0.2676115413284709,0.6689063862326565
<3 Jason Carl <3,neither,0.03945320844208391,0.33037608806864915,0.630170703489267
And good afternoon from Australia,neither,0.03909325860955369,0.28537034119711574,0.6755364001933306
aYYEEEE here we gooo!!,neither,0.08830176354822347,0.2939306457236038,0.6177675907281728
Here we go! <3,neither,0.13156755280784707,0.2765461283225309,0.5918863188696221
sweeeeet,neither,0.03945320844208391,0.33037608806864915,0.630170703489267
emonHype emonHype emonHype emonHype emonHype emonHype,neither,0.03945320844208391,0.33037608806864915,0.630170703489267
Show time <3,neither,0.06421964423691781,0.2395865376180287,0.6961938181450534
<3 :D <3 :D,neither,0.03945320844208391,0.33037608806864915,0.630170703489267
finished last week's episode about an hour ago. let's do this!,neither,0.030129538376260392,0.36259179975401606,0.6072786618697236
Welcome Vamily!,neither,0.03945320844208391,0.33037608806864915,0.630170703489267
PogChamp,neither,0.03945320844208391,0.33037608806864915,0.630170703489267
:O,neither,0.03945320844208391,0.33037608806864915,0.630170703489267
Can't believe we're already 6 eps in :O,neither,0.05722168457806854,0.3171643097032803,0.6256140057186512
NINES,neither,0.03945320844208391,0.33037608806864915,0.630170703489267
not ominous at all,offensive_language,0.0389307286712872,0.527284364978658,0.43378490635005473
grrrrrrrrrr,neither,0.03945320844208391,0.33037608806864915,0.630170703489267
"Wait, what?",neither,0.04877470361900789,0.3238348708445956,0.6273904255363965
yay! Whitney!,neither,0.03945320844208391,0.33037608806864915,0.630170703489267
and she's back!,neither,0.040070270550555696,0.4011668823026525,0.5587628471467919
"Thanks,, @Dragonchrome .",neither,0.035884468650613,0.3004919205142699,0.6636236108351171
its time :D,neither,0.028403263479439233,0.36615975061363926,0.6054369859069215
PogChamp,neither,0.03945320844208391,0.33037608806864915,0.630170703489267
AHHHHHH,neither,0.03945320844208391,0.33037608806864915,0.630170703489267
"minimising chat, to immerse in their dulcet tones",neither,0.04508792442604565,0.3270673983250969,0.6278446772488574
oh boyyyyyyyyy,neither,0.051363287716059566,0.22255663153133606,0.7260800807526044
Oh shit,offensive_language,0.04652059265363964,0.9534729203614298,6.486984930600159e-06
Good Evening Vamily,neither,0.03869882722860525,0.3306355543605695,0.6306656184108252
NINES,neither,0.03945320844208391,0.33037608806864915,0.630170703489267
PogChamp,neither,0.03945320844208391,0.33037608806864915,0.630170703489267
NINES,neither,0.03945320844208391,0.33037608806864915,0.630170703489267
danS,neither,0.03945320844208391,0.33037608806864915,0.630170703489267
Sweet! Maybe we get to see her sister tonight!,neither,0.03409143428431896,0.46703890919868335,0.4988696565169977
WHAT,neither,0.057770773616808734,0.3180719994247239,0.6241572269584672
NINES!,neither,0.03945320844208391,0.33037608806864915,0.630170703489267
NINES!!!!,neither,0.03945320844208391,0.33037608806864915,0.630170703489267
NINES?!?,neither,0.03945320844208391,0.33037608806864915,0.630170703489267
"oh shit, its nines",offensive_language,0.037175226490852045,0.9627266723323248,9.810117682319639e-05
WHAT,neither,0.057770773616808734,0.3180719994247239,0.6241572269584672
Oh shit!!,offensive_language,0.04652059265363964,0.9534729203614298,6.486984930600159e-06
Woooohooo,neither,0.03945320844208391,0.33037608806864915,0.630170703489267
Oooo Nines!,neither,0.03945320844208391,0.33037608806864915,0.630170703489267
HOOOO,neither,0.03945320844208391,0.33037608806864915,0.630170703489267
9's!!!!!!,neither,0.03945320844208391,0.33037608806864915,0.630170703489267
EYYYYYYY,neither,0.03945320844208391,0.33037608806864915,0.630170703489267
YES!!!,neither,0.03945320844208391,0.33037608806864915,0.630170703489267
I've got my popcorn and cheap chocolate. I am ready!,neither,0.018776922718838147,0.37211613156587975,0.609106945715282
OH FUCK,offensive_language,0.2962656353347589,0.7037309200541659,3.4446110751798387e-06
"Ohhhhhh, boy.",neither,0.03945320844208391,0.33037608806864915,0.630170703489267
OMG,neither,0.03945320844208391,0.33037608806864915,0.630170703489267
Oooooh! Hello Nines =),neither,0.03945320844208391,0.33037608806864915,0.630170703489267
YES its nines!,neither,0.03081425103147696,0.33334742166675413,0.6358383273017689
Luis is a GREAT Nines!,neither,0.05061484561512324,0.2864395912068406,0.6629455631780362
NINES!!!!,neither,0.03945320844208391,0.33037608806864915,0.630170703489267
we get that baron meeting now!!,neither,0.03508079551595352,0.38200179757524644,0.5829174069088001
Oooh,neither,0.03945320844208391,0.33037608806864915,0.630170703489267
Nines!,neither,0.03945320844208391,0.33037608806864915,0.630170703489267
Where are the others?!,neither,0.07201311465350517,0.22649491964308247,0.7014919657034123
WHO ARE THESE PEOPLE WHAT’S HAPPENING,neither,0.13822404745204955,0.404993953087948,0.45678199946000253
!itsfine,neither,0.03945320844208391,0.33037608806864915,0.630170703489267
"We're fine. We're all fine here now, thank you. Uh, how are you?",neither,0.1599940322317317,0.33478147175030576,0.5052244960179626
THIS IS FINE,neither,0.052115553537423503,0.3283153780915982,0.6195690683709782
the meeting of the Barons!!,neither,0.03765085116134615,0.29639191032247303,0.6659572385161808
BARON TIME,neither,0.036668274527354654,0.377643684699956,0.5856880407726893
Everything is fine rooKb,neither,0.04991700743696196,0.32677710777050295,0.623305884792535
the barons,neither,0.03613032604487659,0.2619290779399786,0.7019405960151449
The meeting is happening! AHHH!,neither,0.04455789185468864,0.3167131413752002,0.6387289667701112
WOW,neither,0.03945320844208391,0.33037608806864915,0.630170703489267
Amaaazing. This is already gonna be awesome,neither,0.04536942421944817,0.39475196245694727,0.5598786133236046
He even looks somewhat like Nines,neither,0.05366188388808663,0.3560931155965194,0.590245000515394
!fine,neither,0.03945320844208391,0.33037608806864915,0.630170703489267
I AM SO FUCKING EXCITED,offensive_language,0.10063306185992758,0.898838547480622,0.0005283906594505018
YES,neither,0.03945320844208391,0.33037608806864915,0.630170703489267
"Download the new Critical Role theme song for Campaign Two! http://itunes.apple.com/album/id1331550250?ls=1&app=itunes Sales of the song support the musician, Jason Charles Miller.",neither,0.04445767596344001,0.2510827790306858,0.7044595450058742
That's a great nines!,neither,0.030934395832104004,0.35752750176039405,0.611538102407502
He is a perfect nines!!,neither,0.061266947567869184,0.32287334290114056,0.6158597095309901
holy cow,neither,0.03945320844208391,0.33037608806864915,0.630170703489267
disputed prince of LA,neither,0.03945320844208391,0.33037608806864915,0.630170703489267
!!!!,neither,0.03945320844208391,0.33037608806864915,0.630170703489267
Oooh Baron Meeting Episode tonight,neither,0.037518995501347165,0.31417923792424524,0.6483017665744077
YESSSSSSSSSSSSSSS,neither,0.03945320844208391,0.33037608806864915,0.630170703489267
Baron party!,neither,0.03945320844208391,0.33037608806864915,0.630170703489267
ASH!,neither,0.03945320844208391,0.33037608806864915,0.630170703489267
MercyWing1 feliciaFlush MercyWing2 NINES!,neither,0.03945320844208391,0.33037608806864915,0.630170703489267
The Baron's meeting.,neither,0.038351000110748164,0.310092396174505,0.6515566037147468
"Oh snap, Nines is hot.",neither,0.05431422839276969,0.2763046442413548,0.6693811273658756
!itsfine,neither,0.03945320844208391,0.33037608806864915,0.630170703489267
5 am here in Germany. set my alarm just for this.,neither,0.04626069868320923,0.3567467345956352,0.5969925667211556
"We're fine. We're all fine here now, thank you. Uh, how are you?",neither,0.1599940322317317,0.33478147175030576,0.5052244960179626
!itsfine,neither,0.03945320844208391,0.33037608806864915,0.630170703489267
@VermillionCrimson -> ONLY HULK CAPSLOCKS [warning],neither,0.03945320844208391,0.33037608806864915,0.630170703489267
Nines! Baron of my heart <3,neither,0.0242974335181097,0.45388120368380896,0.5218213627980813
Ash Minnick?,neither,0.03945320844208391,0.33037608806864915,0.630170703489267
PogChamp hey vamily!!!!!,neither,0.03945320844208391,0.33037608806864915,0.630170703489267
#it'sfiiiine,neither,0.034373745257138544,0.33212314837979673,0.6335031063630647
!!!!!!,neither,0.03945320844208391,0.33037608806864915,0.630170703489267
Let's go!,neither,0.01806316484133749,0.39391011985298136,0.5880267153056813
yeeeeesss,neither,0.03945320844208391,0.33037608806864915,0.630170703489267
oh shit Fiona's here tonight NotLikeThis,offensive_language,0.11588218333139998,0.8833094533469049,0.0008083633216950611
hype,neither,0.03945320844208391,0.33037608806864915,0.630170703489267
I can't stop squeeing,neither,0.04004857074446374,0.47196971859358533,0.4879817106619508
oh boy yeah this is going to be...uhhh wow,neither,0.038319094167290714,0.39469804254623975,0.5669828632864696
ahaha,neither,0.03945320844208391,0.33037608806864915,0.630170703489267
God he even sounds like Nines from the game just a bit!!!!!,neither,0.04647696454095466,0.3104970981108425,0.6430259373482029
So looking forward to this,neither,0.0462450004054188,0.3738339998906084,0.5799209997039728
hell yeah,offensive_language,0.024014075456083226,0.8806496383571902,0.0953362861867266
Fiona too!,neither,0.038798963802794226,0.34148032703984427,0.6197207091573615
Oh god Baron meeting,neither,0.04469940618808619,0.28039038493895946,0.6749102088729543
The Barons!,neither,0.03613032604487659,0.2619290779399786,0.7019405960151449
gandsLessthanthree,neither,0.03945320844208391,0.33037608806864915,0.630170703489267
D.A.M. I see what you did there,neither,0.07057372687368293,0.3232712178238467,0.6061550553024704
can someone gimme a season 2 recap so far?,neither,0.039780845822575434,0.35514221146136155,0.605076942716063
Whee!,neither,0.03945320844208391,0.33037608806864915,0.630170703489267
what was his name again?,neither,0.07539593783860361,0.36182746318412695,0.5627765989772694
This is going to be intense,neither,0.05360366363613338,0.3552046869010485,0.591191649462818
yeah ash steebzLove,neither,0.023507678412445245,0.4412251867422846,0.5352671348452701
"Ash? Oh, shit! Everyone is dead.",offensive_language,0.05561891684972289,0.9359096691619353,0.008471413988341751
ramona,neither,0.03945320844208391,0.33037608806864915,0.630170703489267
Perfect actor to play the looks of Nines...can he do the role though...,neither,0.046887585433540144,0.30482457808972685,0.6482878364767329
I love that almost all of last episode was watched by Ramona via rats,neither,0.04029142778575777,0.2744298047302054,0.6852787674840368
"@lildark77 Ausrian here, I'm soooo tired",neither,0.09039180102636356,0.29018040239025433,0.6194277965833821
eyyy its the vamily,neither,0.026706422716135464,0.30199434054308116,0.6712992367407834
Back with dinner *just* in time! ^^,neither,0.024616991547095783,0.40580084420979284,0.5695821642431114
runnnn,neither,0.03945320844208391,0.33037608806864915,0.630170703489267
I must go play Bloodlines asap,neither,0.04143170347747247,0.31950160474956324,0.6390666917729644
"love that Ash is here, don't get me wrong, but Fiona means trouble WutFace",neither,0.05602552471555554,0.37489008325278766,0.5690843920316567
"Ooh, Fiona will be here",neither,0.0963168358342109,0.26736487515055934,0.6363182890152297
Oh Fiona is going to be on...this is going to be definitely bloody tonight,neither,0.05608773886158304,0.3245606639869065,0.6193515971515106
ON ANOTHER NOTE! Im joining a Minds Eye Theater Larp next week :D,neither,0.06466982095261574,0.32098652515069914,0.614343653896685
"Help G&S make great content! $4.99/month gets you emotes, Minecraft server access, sub-only VODs, and more! Every sub keeps the channel alive! twitch.tv/geekandsundry/subscribe",neither,0.043907990691603095,0.31135964332838284,0.644732365980014
So cuuuute..,offensive_language,0.039501631330860744,0.48329170807269783,0.4772066605964413
Same Ramona,neither,0.04039346788432985,0.3389448132743561,0.6206617188413139
JEVA,neither,0.03945320844208391,0.33037608806864915,0.630170703489267
Ramona is 100% going to barf!,neither,0.051557150323464036,0.3480615920221583,0.6003812576543777
Ramona not a fan LUL,neither,0.03847971793102512,0.3340209948811939,0.6274992871877809
LUL,neither,0.03945320844208391,0.33037608806864915,0.630170703489267
asuhhh,neither,0.03945320844208391,0.33037608806864915,0.630170703489267
Gift hrpgSub hrpgHyperHype,neither,0.03945320844208391,0.33037608806864915,0.630170703489267
"Fucking Fiona....oh gods, did she embrace Chloe?!!",offensive_language,0.10721095713873106,0.8834170662915481,0.009371976569720806
@an_imperfect_regicide have fun,neither,0.03861966649650238,0.34452347025629904,0.6168568632471987
betchDERP,neither,0.03945320844208391,0.33037608806864915,0.630170703489267
#Jeva <3,neither,0.03945320844208391,0.33037608806864915,0.630170703489267
Ramona is the real MVP,neither,0.03878704841826984,0.41000506928193264,0.5512078822997974
Oh no I just got spoiled for Drag Race :(,neither,0.19164232871842707,0.0989696651073654,0.7093880061742075
@winterfaery84 we'll find out,neither,0.03876698427261517,0.23878539127769483,0.72244762444969
Ramona will be back soon too. Bex just has a crazy schedule. .,neither,0.03138084172924417,0.3963386595897312,0.5722804986810246
Gotta love Ramona,neither,0.035040743459334146,0.3719111201479145,0.5930481363927514
"Fiona..... looking back at last weeks end video, shit is going to hit the fan tonight...",offensive_language,0.06517797931107656,0.8808261640478036,0.05399585664111978
!whodat,neither,0.03945320844208391,0.33037608806864915,0.630170703489267
"Jason Carl ( twitter.com/vampiresnvino ), B. Dave Walters ( twitter.com/BDaveWalters ), Whitney Moore ( twitter.com/TweetneyMoore ), Luis Carazo ( instagram.com/Luis.Carazo ).",neither,0.038367536318940736,0.43972002746558553,0.5219124362154738
Megan the artist for those segments is here: https://twitter.com/MIAnewarcher,neither,0.0984345815421315,0.2914529900491525,0.610112428408716
Fiona When the walls came down,neither,0.030348067498229773,0.35847943138350113,0.6111725011182692
I still want to see sheriff jasper in chaps,neither,0.04315286688527417,0.33475480613421565,0.6220923269805102
what was the rats name?,neither,0.043656724217510504,0.3133152403876379,0.6430280353948516
"@GeekandSundry That's exciting, thanks for that info",neither,0.029220321400718497,0.3559522493619652,0.6148274292373164
LUL,neither,0.03945320844208391,0.33037608806864915,0.630170703489267
Dom MVR,neither,0.03945320844208391,0.33037608806864915,0.630170703489267
I'm going to make a note of that...,neither,0.040244017948541315,0.3929950482727206,0.5667609337787382
<3 <3 <3 <3,neither,0.03945320844208391,0.33037608806864915,0.630170703489267
Love the recaps!,neither,0.03145119199065299,0.32476063973837394,0.643788168270973
I can't wait to tell this vampire story AAHHH,neither,0.04491636863599785,0.3248384878359432,0.6302451435280589
Ghosts turn into Wraiths..,neither,0.03945320844208391,0.33037608806864915,0.630170703489267
the pic of Jasper looked liek it was collered usign watercolors,neither,0.03571212303603518,0.3599894443015905,0.6042984326623743
esketit,neither,0.03945320844208391,0.33037608806864915,0.630170703489267
he's not wearing vampire shirt,neither,0.042727702197210456,0.3329181569959194,0.6243541408068701
"first live story, whoop",neither,0.03674939997259744,0.331306051786072,0.6319445482413305
\o/,neither,0.03945320844208391,0.33037608806864915,0.630170703489267
Oh this is going to be GREAT,neither,0.058796292795530905,0.2805309626724335,0.6606727445320357
nice,neither,0.03945320844208391,0.33037608806864915,0.630170703489267
@NyteRazor you'll find out why,neither,0.04224395094635472,0.31125983717494105,0.6464962118787042
guys talk to during the break.,neither,0.027463093505479787,0.3195179467736909,0.6530189597208294
Hopefully I don't jinx it by saying that I hope that nothing goes wrong in this meeting.,neither,0.04490916535978912,0.36612338320897675,0.5889674514312342
Let's do this.,neither,0.0195438059392097,0.382678239993645,0.5977779540671454
oh noes!,neither,0.051363287716059566,0.22255663153133606,0.7260800807526044
@DarkestArgentum That's because the artist probably did. She does a lot of her stuff using traditional media,offensive_language,0.025508217355879922,0.5656772669022591,0.4088145157418611
"Jason does a good job with that, and I know Bex is busy, but I miss them doing that recap",neither,0.027116288439709216,0.43466374985822254,0.5382199617020684
The la barons are all awesome,neither,0.06714556694558166,0.3351614559213412,0.5976929771330771
Nines!,neither,0.03945320844208391,0.33037608806864915,0.630170703489267
"@tw1zt84 - which rat, a few were named, right?",neither,0.039012131609412845,0.3282208295625354,0.6327670388280519
@NyteRazor ...oh dear that might be signifigant,neither,0.04103304103960737,0.3263533042892572,0.6326136546711355
I can not be any more excited right now,neither,0.0396927276169073,0.3413308230856823,0.6189764492974104
oh boy,neither,0.04768565599480007,0.25364348607606696,0.698670857929133
"this is gonna be good, haha",neither,0.04171970575044166,0.45685517919982865,0.5014251150497296
teenITSANEMOTEALRIGHT,neither,0.03945320844208391,0.33037608806864915,0.630170703489267
Nines Rodriguez tho!,neither,0.0351186869578656,0.3401262238960065,0.624755089146128
gandsHype gandsHype gandsHype gandsHype gandsHype,neither,0.03945320844208391,0.33037608806864915,0.630170703489267
D:,neither,0.03945320844208391,0.33037608806864915,0.630170703489267
"Hoooo boy, this is gonna be interesting",neither,0.04654051011435777,0.37822752268134285,0.5752319672042994
whos playing nines again?,neither,0.03769299375996422,0.36025152501847935,0.6020554812215564
how many nights until the barons meet?,neither,0.0387231324490485,0.3170826401753979,0.6441942273755535
@dorkmasterc the one she was talking to in the recap,neither,0.04353500753140539,0.3940836838207841,0.5623813086478103
@kaioraya no i like ti i'm always impressed when ppl can use water colors it's just he said ti was all sketches,neither,0.02444754100486081,0.4627893652053289,0.5127630937898102
!whodat,neither,0.03945320844208391,0.33037608806864915,0.630170703489267
"Jason Carl ( twitter.com/vampiresnvino ), B. Dave Walters ( twitter.com/BDaveWalters ), Whitney Moore ( twitter.com/TweetneyMoore ), Luis Carazo ( instagram.com/Luis.Carazo ).",neither,0.038367536318940736,0.43972002746558553,0.5219124362154738
!whodat,neither,0.03945320844208391,0.33037608806864915,0.630170703489267
"Can someone remind me, have we met Nines before? I’m blanking",neither,0.03229934205581094,0.399513694975102,0.5681869629690872
!whodat,neither,0.03945320844208391,0.33037608806864915,0.630170703489267
cit of Angels :D,neither,0.03945320844208391,0.33037608806864915,0.630170703489267
"@darkhalfelf284 C'mon... like Victor said, it'll be fine. *sips coffee in the middle of a burning room*",neither,0.04865665540810721,0.24996789069554495,0.7013754538963478
did I miss the recap?,neither,0.032415980619770225,0.3173134442567153,0.6502705751235145
"@KBTibbs yeah, Jason fills in great for all the NPC/Guest characters, but we need more Bex!",neither,0.0268448469155352,0.38318535084828337,0.5899698022361815
@TheGreenman now,neither,0.03945320844208391,0.33037608806864915,0.630170703489267
is tonight the baron meeting?,neither,0.044156747602438116,0.29205101968852437,0.6637922327090375
I'm excited to see how this goes wrong,neither,0.0451275356055458,0.3283516363281314,0.6265208280663228
get ready for a masterpiece,neither,0.030960318723738906,0.3030788027570523,0.6659608785192088
dun dun.,neither,0.03945320844208391,0.33037608806864915,0.630170703489267
PogChamp,neither,0.03945320844208391,0.33037608806864915,0.630170703489267
Oooooooooo,neither,0.03945320844208391,0.33037608806864915,0.630170703489267
oh rad,neither,0.0450478101092574,0.2772031091301225,0.6777490807606199
nines!,neither,0.03945320844208391,0.33037608806864915,0.630170703489267
PogChamp,neither,0.03945320844208391,0.33037608806864915,0.630170703489267
"tonight is indeed the baron meeting, @VermillionCrimson",neither,0.04301478985160358,0.29881810766294403,0.6581671024854524
Of cooooooooooooooooourse!,neither,0.03945320844208391,0.33037608806864915,0.630170703489267
@VermillionCrimson OOOOOOHHHHH DAMN thanks,offensive_language,0.043022972787563146,0.8784430007889441,0.07853402642349268
ohhhhhhhh,neither,0.03945320844208391,0.33037608806864915,0.630170703489267
Jason is in on it too!,neither,0.042609917471053874,0.34627190738059915,0.611118175148347
Oooo,neither,0.03945320844208391,0.33037608806864915,0.630170703489267
!respect,neither,0.03945320844208391,0.33037608806864915,0.630170703489267
"If you would like to share opinions on our hosts, guests or fellow viewers, please do so in a respectful manner. Don't make them feel uncomfortable.",neither,0.04843323757214918,0.39559142321184637,0.5559753392160044
Oh snap Jason,neither,0.044315313477380366,0.28392408069973685,0.6717606058228828
oooooooooooooooooOOOOOOOO,neither,0.03945320844208391,0.33037608806864915,0.630170703489267
:O,neither,0.03945320844208391,0.33037608806864915,0.630170703489267
monkaS,neither,0.03945320844208391,0.33037608806864915,0.630170703489267
"@Shock_of_Ages not in this game, no, but he's a major lore figure especially in the game Bloodlines",neither,0.03807548086876723,0.2911598287431362,0.6707646903880966
WHAT,neither,0.057770773616808734,0.3180719994247239,0.6241572269584672
omg jason playing abrams,neither,0.03945320844208391,0.33037608806864915,0.630170703489267
JASON IS ABRAMS,neither,0.05044627423290362,0.3265950686495308,0.6229586571175656
AAAAAAA,neither,0.03945320844208391,0.33037608806864915,0.630170703489267
i love all of this,offensive_language,0.03745576454228862,0.48171744081232437,0.48082679464538697
We have not met Nines yet,neither,0.037449719922823074,0.34709794972550245,0.6154523303516746
I never thought I'd say this... but these Vamps are kinda growing on me (like undead barnacles)--Ohhh deer...,neither,0.057332114783513834,0.35631522198366533,0.5863526632328208
Jason is Baron Abrams?!!,neither,0.05044627423290362,0.3265950686495308,0.6229586571175656
"@RJLadyA I'm afraid you came in just after the recap, yes.",neither,0.04590658981013925,0.36467794023839684,0.5894154699514639
oh damn,offensive_language,0.05096471030591599,0.9063512536062347,0.04268403608784929
jason is abrams yes,neither,0.04848457671860173,0.3272697863795207,0.6242456369018775
kill her nines,hate_speech,0.6365922583383768,0.31583265400926347,0.04757508765235972
Whaaaaat???,neither,0.03945320844208391,0.33037608806864915,0.630170703489267
Nines is NOT happy,neither,0.050552929923099,0.3335400329598261,0.615907037117075
hahaha,neither,0.03945320844208391,0.33037608806864915,0.630170703489267
lol jason i love it!,neither,0.027715430896900133,0.40326804226992363,0.5690165268331763
WHAAT :D,neither,0.03945320844208391,0.33037608806864915,0.630170703489267
Oh shit,offensive_language,0.04652059265363964,0.9534729203614298,6.486984930600159e-06
im kinda glad jason is playing him,neither,0.04447265138996925,0.3536302550855967,0.6018970935244341
I knew Carl was going to play Abrams,neither,0.043434034056939956,0.3516848362878312,0.6048811296552289
I love this so much,neither,0.030554670301820085,0.4160811300226451,0.5533641996755347
oooh love this set up,neither,0.03475694972337298,0.38818634437989513,0.577056705896732
seeing Baron Temple with this lineup,neither,0.031093692341917455,0.3596991330037931,0.6092071746542895
"ooooooo he's sitting with them, thats a crazy power shift",neither,0.03551387995155821,0.41849211236839134,0.5459940076800505
omg baron abrams!,neither,0.03945320844208391,0.33037608806864915,0.630170703489267
yesssss :D,neither,0.03945320844208391,0.33037608806864915,0.630170703489267
he/s out of his league,neither,0.06963116285583759,0.34721416380378456,0.5831546733403778
I am the most excited,neither,0.03832062425803341,0.31342395394115175,0.648255421800815
Ok seeing Jason sitting there is super trippy,neither,0.04420579562258634,0.3034063990070987,0.6523878053703149
This is so cool,neither,0.05124439864023613,0.39204888809969735,0.5567067132600664
wow,neither,0.03945320844208391,0.33037608806864915,0.630170703489267
HAHAHAHA Jason is the perfect Abrahams,neither,0.04554589148261409,0.3143265780449553,0.6401275304724308
I am living for this,neither,0.03253506611280599,0.2991015009287379,0.6683634329584562
god jason is just a good showman,neither,0.041170784175472236,0.34437278630025797,0.6144564295242698
is this the barons meeting?,neither,0.04777061545362864,0.31074322379053676,0.6414861607558346
kaypikeDOGGERS so lit,neither,0.039408295112821415,0.3930534737409888,0.5675382311461898
WHaaat,neither,0.03945320844208391,0.33037608806864915,0.630170703489267
i love jason as abrams,neither,0.034291150939166244,0.3815604596169368,0.584148389443897
jason carl as abrams. sweet,neither,0.037846133718171686,0.35765234026425535,0.604501526017573
Jason Carl *truly* playing Abrams is *awesome*,neither,0.044766774152589534,0.32854850916404904,0.6266847166833615
There are two Jasons?! This show has *everythying*!,neither,0.09022075177273624,0.16120556286647067,0.748573685360793
Omg wot. I’m done ryonBye,neither,0.038428845893937295,0.3477621938839174,0.6138089602221454
This meeting is certainly not Baron in personality!,neither,0.04409012549879783,0.333075528783967,0.6228343457172352
I'm sorry. I'm excited,neither,0.03945320844208391,0.33037608806864915,0.630170703489267
My heart is pounding like crazy already.,offensive_language,0.03391487470803455,0.48962352529442593,0.47646159999753956
@RJLadyA yes,neither,0.03945320844208391,0.33037608806864915,0.630170703489267
perfect,neither,0.03945320844208391,0.33037608806864915,0.630170703489267
i gandsTWC this soo much,neither,0.03482742512385591,0.33381310946681475,0.6313594654093293
Scooter problem,neither,0.03945320844208391,0.33037608806864915,0.630170703489267
LUL,neither,0.03945320844208391,0.33037608806864915,0.630170703489267
What clan is Nines??,neither,0.05695871318802003,0.3220019962036093,0.6210392906083706
@jr_bob_loblaw hahaha,neither,0.03945320844208391,0.33037608806864915,0.630170703489267
"It should say ""(Undisputed) Baron Temple""",neither,0.050960899557477395,0.3700050758203876,0.579034024622135
There's only 4 barons?!,neither,0.039368590939436884,0.2588853944359309,0.7017460146246323
Jason as Abrams is always such a pleasure,neither,0.04257888159853156,0.3917199596403567,0.5657011587611117
well this is my favorite,neither,0.03394343420868333,0.42704867624994713,0.5390078895413696
I didn't even notice jason at first lol,neither,0.020724338923512685,0.4278157557601404,0.551459905316347
@tw1zt84 Bruja,neither,0.03945320844208391,0.33037608806864915,0.630170703489267
4 barons in LA proper,neither,0.03945320844208391,0.33037608806864915,0.630170703489267
Whos playing nines,neither,0.03945320844208391,0.33037608806864915,0.630170703489267
@tw1zt84 brujah,neither,0.03945320844208391,0.33037608806864915,0.630170703489267
Nines id Brujah,neither,0.03945320844208391,0.33037608806864915,0.630170703489267
"Tweettweet, and its sister company, Bookface",neither,0.03311917472025193,0.29472475169978707,0.672156073579961
only 4 who matter lul,neither,0.03999701857439636,0.3875073429505551,0.5724956384750487
Everyone has a taste,neither,0.03342232548781394,0.43273591115291477,0.5338417633592714
twwet tweet companies LUL,neither,0.03945320844208391,0.33037608806864915,0.630170703489267
!whodat,neither,0.03945320844208391,0.33037608806864915,0.630170703489267
PogChamp Jason at the table,neither,0.037912314322385406,0.33720251620225106,0.6248851694753634
"Jason Carl ( twitter.com/vampiresnvino ), B. Dave Walters ( twitter.com/BDaveWalters ), Whitney Moore ( twitter.com/TweetneyMoore ), Luis Carazo ( instagram.com/Luis.Carazo ).",neither,0.038367536318940736,0.43972002746558553,0.5219124362154738
Thx!,neither,0.03945320844208391,0.33037608806864915,0.630170703489267
!vtrmclans,neither,0.03945320844208391,0.33037608806864915,0.630170703489267
@tw1zt84 Brujha,neither,0.03945320844208391,0.33037608806864915,0.630170703489267
"we need a Bloodlines sequel ASAP! Baron Temple needs to join Nines, Therese, and Abrams in the digital night!!!",neither,0.03765297153269142,0.301442926207574,0.6609041022597345
here we go,neither,0.13156755280784707,0.2765461283225309,0.5918863188696221
I've been to Culver City.. yay.,neither,0.02348628666268948,0.315515690465353,0.6609980228719575
"Did Abrams just ""Nicholas Cage""",neither,0.03585459934573924,0.34720496293447056,0.6169404377197901
!vtmclans,neither,0.03945320844208391,0.33037608806864915,0.630170703489267
Cheat Sheet for Vampire: The Masquerade - L.A. By Night... Cast: https://pbs.twimg.com/media/Dns7g5eUcAIcykq.jpg:large - Guests: https://pbs.twimg.com/media/DtBlC3PX4AACX2Z.jpg:large,neither,0.035427048192381135,0.328823408360013,0.6357495434476059
