text,top_class,hate_speech,offensive_language,neither
Title card up,neither,0.03687993647926246,0.3823532641845038,0.5807667993362338
music!,neither,0.03945320844208391,0.33037608806864915,0.630170703489267
Title screen!,neither,0.03945320844208391,0.33037608806864915,0.630170703489267
Hello,neither,0.03945320844208391,0.33037608806864915,0.630170703489267
So many daisies in this chain tonight!,neither,0.036755030242529595,0.34867561338654957,0.6145693563709209
AHAH! Refresh and I'm good. So hello to anyone who might have said Hi in that gap xD,neither,0.03981142587409157,0.38519700173178284,0.5749915723941255
try refreshing @sunlitlake,neither,0.03945320844208391,0.33037608806864915,0.630170703489267
gandsTWC gandsTWC gandsTWC,neither,0.03945320844208391,0.33037608806864915,0.630170703489267
HI @cinphoria,neither,0.03945320844208391,0.33037608806864915,0.630170703489267
whoot! music!,neither,0.03945320844208391,0.33037608806864915,0.630170703489267
@misssunflower94 That's how we roll!,neither,0.0347782350022046,0.38249374892616406,0.5827280160716314
gandsTWC gandsTWC gandsTWC gandsTWC gandsTWC gandsTWC gandsTWC,neither,0.03945320844208391,0.33037608806864915,0.630170703489267
gandsTWC gandsTWC gandsTWC gandsTWC gandsTWC gandsTWC,neither,0.03945320844208391,0.33037608806864915,0.630170703489267
O yes - we're Matt's parents!,neither,0.05449928418457268,0.30844853767775376,0.6370521781376735
hello!,neither,0.03945320844208391,0.33037608806864915,0.630170703489267
Critical Role and Talks Machina will be moving to Critical Role's Twitch channel on 02/19/19. For more information please see this link: https://critrole.com/critical-role-talks-machina-broadcast-updates/. All previously aired content will continue to be available in the Geek & Sundry Twitch library and on YouTube. Both shows will continue to be hosted here on Geek & Sundry's Twitch when those episodes are streamed live.,neither,0.05444289053011623,0.2958484475329575,0.6497086619369262
Hey @sunlitlake,neither,0.03945320844208391,0.33037608806864915,0.630170703489267
"daisy chain, oh, i love it.",neither,0.04012384447646643,0.2923817286031261,0.6674944269204074
hello Keys!,neither,0.03945320844208391,0.33037608806864915,0.630170703489267
now we're talking!,neither,0.06445809735426283,0.29625349588264255,0.6392884067630946
Hello Keys! <3,neither,0.03945320844208391,0.33037608806864915,0.630170703489267
oh hi mr and mrs Matt's Parents!,neither,0.04213577227802776,0.2726706087902843,0.6851936189316878
Hi Parents Key,neither,0.03945320844208391,0.33037608806864915,0.630170703489267
critroleBees,neither,0.03945320844208391,0.33037608806864915,0.630170703489267
Hi Matts parents!!,neither,0.03945320844208391,0.33037608806864915,0.630170703489267
gandsTWC gandsHype gandsTWC gandsHype gandsTWC gandsHype,neither,0.03945320844208391,0.33037608806864915,0.630170703489267
Hi Matt's Parents!!,neither,0.03945320844208391,0.33037608806864915,0.630170703489267
Hey Dasies,neither,0.03945320844208391,0.33037608806864915,0.630170703489267
PowerUpL doogLurk PowerUpR,neither,0.03945320844208391,0.33037608806864915,0.630170703489267
"anyone else seeing the 48.6ish million veiws in the veiw counter, ? weird",neither,0.03845103964146251,0.3119884789416924,0.6495604814168452
Hello Key family! <3,neither,0.03945320844208391,0.33037608806864915,0.630170703489267
Hello to all the Keys,neither,0.046679841644933946,0.37604922331272855,0.5772709350423375
hey keys,neither,0.03945320844208391,0.33037608806864915,0.630170703489267
OH NO I need more water for the hydrating!,neither,0.038257815587130435,0.24735185325288725,0.7143903311599823
Hello Parents Key!,neither,0.03945320844208391,0.33037608806864915,0.630170703489267
We all here. In prep I thought we were gonna have an episode on the comic character Daisy Chain but she was only a minor character so I can only assume this is about us,neither,0.07024692468743148,0.37031920210415,0.5594338732084185
i am officially free from a hell week of homework and i am very pumped for tonight\,neither,0.03515891097160133,0.45496255310212796,0.5098785359262707
Hi all!,neither,0.0423466876598404,0.4436528871510691,0.5140004251890904
:O,neither,0.03945320844208391,0.33037608806864915,0.630170703489267
Shoutout to the Key parents for giving us their excellent son!,neither,0.059321371895332584,0.2989681317317363,0.6417104963729311
My Twitch Prime sub was down? Mlpractice I tell you!,neither,0.04062075719037005,0.4227926237140359,0.5365866190955941
Hello hosts!,neither,0.03945320844208391,0.33037608806864915,0.630170703489267
Here we go,neither,0.13156755280784707,0.2765461283225309,0.5918863188696221
oh boy here we go!,neither,0.10773020122224937,0.24143240828191706,0.6508373904958336
Evenin' Daisies! Greetings from Massachusetts!,neither,0.04069404815304118,0.30931579984010865,0.6499901520068502
Want the inside scoop? Join the cast of Critical Role and discuss the most recent episode right here on Talks Machina. Tuesdays 7pm Pacific at twitch.tv/geekandsundry and projectalpha.com,neither,0.04573032993319735,0.22538911733705982,0.7288805527297427
Yay!!!,neither,0.03945320844208391,0.33037608806864915,0.630170703489267
HELLO HOSTS AND CREW!,neither,0.03864789386565313,0.28954271560616884,0.671809390528178
heloo key parents!,neither,0.03945320844208391,0.33037608806864915,0.630170703489267
YAY,neither,0.03945320844208391,0.33037608806864915,0.630170703489267
Yay for quick start!,neither,0.03404257306518745,0.3033497230723789,0.6626077038624337
first time watching wednesday club live!!!,neither,0.03629840986515677,0.34571959050603873,0.6179819996288046
EEEE,neither,0.03945320844208391,0.33037608806864915,0.630170703489267
@aleph_sharp that is total channel views. oddly I am not see is a live viewer count,neither,0.048499989040506786,0.3529424284224421,0.598557582537051
Helllooo hosts! Hello club!,neither,0.03945320844208391,0.33037608806864915,0.630170703489267
Hello TWC!!!,neither,0.03945320844208391,0.33037608806864915,0.630170703489267
!twc,neither,0.03945320844208391,0.33037608806864915,0.630170703489267
"Here are some handy The Wednesday Club resources! TWC Reddit: reddit.com/r/WednesdayClub/ | Discord: https://discord.gg/6QK9fVB | Wednesday Club Fanclub on Facebook: facebook.com/groups/1945232949091586/ | Send in your thoughts, comic recommendations, questions, and more to Matt, Amy, and Taliesin at thewednesdayclub@geekandsundry.com",neither,0.05001524745118048,0.31503641584425707,0.6349483367045624
gandsTWC,neither,0.03945320844208391,0.33037608806864915,0.630170703489267
AWW It'S IN THE TITLE,neither,0.037382226963689535,0.31613002397564893,0.6464877490606615
The gang is here!,neither,0.12131049590080263,0.2592898131058711,0.6193996909933261
Anybody else watched all of season 1 of Umbrella Academy yet? It's kind of amazing.,neither,0.03969317720392302,0.3640163549093966,0.5962904678866804
"gandsTWC Hi Matt, Taliesin, and Amy!",neither,0.0388100252782571,0.29846695177565247,0.6627230229460904
"Hi Matt, Taliesin and Amy!",neither,0.0388100252782571,0.29846695177565247,0.6627230229460904
"He has a kit, of COURSE you do!",neither,0.060992497281662617,0.3604774376070241,0.5785300651113131
gandsTWC gandsHappy gandsHug amydCheers,neither,0.03945320844208391,0.33037608806864915,0.630170703489267
HI!,neither,0.03945320844208391,0.33037608806864915,0.630170703489267
O hai hosts,neither,0.03945320844208391,0.33037608806864915,0.630170703489267
They could definitely be alchemists!,neither,0.03997580224452509,0.33475222128866056,0.6252719764668142
the gold was inside us the whole time,neither,0.06036970375561032,0.18371125511318714,0.7559190411312026
oh boy look at that box of gifts!,neither,0.0410031665363455,0.3417327393306758,0.6172640941329787
I wonder if Amy's seen the news that Seanan McGuire is going to be writing a comic for Lumberjanes. I bet she'd be super excited,neither,0.031634301200393476,0.40312157521178715,0.5652441235878195
HAHAHAH,neither,0.03945320844208391,0.33037608806864915,0.630170703489267
:D :D,neither,0.03945320844208391,0.33037608806864915,0.630170703489267
WE LOVE YOU MATT.,neither,0.054016701715747274,0.4030239041055505,0.5429593941787022
THE THREE OF YOU ARE COMPLETE MAGIC,neither,0.07875882239866364,0.31218484986366135,0.6090563277376749
Hi hosts,neither,0.03945320844208391,0.33037608806864915,0.630170703489267
@BoardtoSeth87 I have and it is,neither,0.04946736333623909,0.27470655588748943,0.6758260807762715
HI MATT KEY,neither,0.03945320844208391,0.33037608806864915,0.630170703489267
HI EVERYDAISY,neither,0.03945320844208391,0.33037608806864915,0.630170703489267
did they say alchemist?,neither,0.03945320844208391,0.33037608806864915,0.630170703489267
Hi hosts!,neither,0.03945320844208391,0.33037608806864915,0.630170703489267
im not sure who has worse adhd Matt or me,neither,0.03478816697047084,0.4335797597144345,0.5316320733150947
heyo cast and crew!!,neither,0.03872961932331879,0.2941011559057502,0.667169224770931
"Yeah, I am almost done with it @BoardtoSeth87 -- it has been very entertaining. Great soundtrack too",neither,0.02379769178737884,0.4005948559215743,0.5756074522910469
Amy's face,neither,0.03945320844208391,0.33037608806864915,0.630170703489267
Perfectly loopy as always,neither,0.0355107026442627,0.4228543515058814,0.5416349458498558
#SiblingCouch,neither,0.03945320844208391,0.33037608806864915,0.630170703489267
Taliesin probably was/is and alchemist in a past life,neither,0.04159702453969153,0.36474599714252354,0.593656978317785
I love you alll,neither,0.05457185420084487,0.40143221089300524,0.5439959349061498
Please be,neither,0.04026931053772768,0.33721002194804983,0.6225206675142225
*an,neither,0.040261943038949574,0.3166497513307286,0.6430883056303218
ooof Tal's wearing the new CR shirt and I WANT IT SO BAD,neither,0.037718263712511475,0.26658359102054396,0.6956981452669445
oh boy we're starting on a... interesting note lol,neither,0.04625981224935072,0.32548925040159504,0.6282509373490544
We have a subscriber-only Discord server! Join here: https://discord.gg/geekandsundry (you'll need to sub and link it to your Twitch) and be a part of the fun!...Warning: It can take up to an hour for the server to update and give you access to the channels,neither,0.08464076273808444,0.286394834032893,0.6289644032290227
Hello everyone!,neither,0.03269494828970791,0.4450814005079928,0.5222236512022994
I enjoy Weird!,neither,0.03945320844208391,0.33037608806864915,0.630170703489267
god i love when you're loopy.,neither,0.06552836275243348,0.43442823819207377,0.5000433990554928
...today?,neither,0.03670833772556013,0.28647033973868863,0.6768213225357513
ahoy crew,neither,0.03945320844208391,0.33037608806864915,0.630170703489267
"""I'm gonna be weird today."" Like that's unusual for Tal?",neither,0.037490499052648854,0.3683811132891013,0.5941283876582498
Hello Key-parents,neither,0.03945320844208391,0.33037608806864915,0.630170703489267
Hi Matt's parents!,neither,0.03945320844208391,0.33037608806864915,0.630170703489267
oooo,neither,0.03945320844208391,0.33037608806864915,0.630170703489267
Bacon socks!,neither,0.03945320844208391,0.33037608806864915,0.630170703489267
gandsTWC gandsTWC gandsTWC gandsTWC gandsTWC,neither,0.03945320844208391,0.33037608806864915,0.630170703489267
those are SOOOO COOL,neither,0.10397751776542433,0.21416724658061803,0.6818552356539577
I wonder if these 3 have been watching Umbrella Academy too.,neither,0.030419167037025574,0.43898153777439247,0.5305992951885821
oh my god bacon socks!,neither,0.03374332792913855,0.3608846751630254,0.6053719969078359
HEh,neither,0.03945320844208391,0.33037608806864915,0.630170703489267
Makin' Bacon!,neither,0.03945320844208391,0.33037608806864915,0.630170703489267
Never apologize for your weirdness!!,neither,0.05733607224128565,0.33158305192924553,0.6110808758294687
those are some good socks,neither,0.08477892634553895,0.22878342481809705,0.686437648836364
Hi guys,neither,0.03930687933907141,0.3328596748352989,0.6278334458256297
Tal is on fire tonight,neither,0.04114739818558864,0.32060383665520675,0.6382487651592046
Hi Key Parents!,neither,0.03945320844208391,0.33037608806864915,0.630170703489267
LOL Bacon sox too fun,neither,0.03289809995506303,0.3792628674930655,0.5878390325518714
"Delicious socks, must not eat...",neither,0.039138526885709964,0.32176679408118436,0.6390946790331057
#BaconWrappedKey,neither,0.03945320844208391,0.33037608806864915,0.630170703489267
Bacon in your socks is usually a problem...,neither,0.0702185558305203,0.3212537517686883,0.6085276924007914
Bacon-wrapped Matt Key,neither,0.03945320844208391,0.33037608806864915,0.630170703489267
Hi Key parents ^_^,neither,0.03945320844208391,0.33037608806864915,0.630170703489267
rofl,neither,0.03945320844208391,0.33037608806864915,0.630170703489267
<3,neither,0.03945320844208391,0.33037608806864915,0.630170703489267
Hey Key-rents! <3,neither,0.03945320844208391,0.33037608806864915,0.630170703489267
Brittany could ;P,neither,0.03945320844208391,0.33037608806864915,0.630170703489267
plz do...plz do a bacon rap,neither,0.04104221881116822,0.3298295545376932,0.6291282266511387
Perfect excuse for the dog to bite your ankles,neither,0.058174744679386166,0.2920010189667605,0.6498242363538532
lol Taliesin is on a roll tonight.. <3 loving every second of it,neither,0.03429149573053302,0.35810892889275525,0.6075995753767117
"@BoardtoSeth87 Honestly I imagine Tal hasn't had time, knowing how intense his schedule is",neither,0.055172782560415565,0.3394795481331194,0.605347669306465
One twitch prime renewal later...,neither,0.03879690618105233,0.35450918622074756,0.6066939075982
Is he though?,neither,0.06337875802375283,0.32214699444702133,0.6144742475292259
"well, you DO know how to top it, but you thought better of it.",neither,0.07271514426150587,0.32665848677225917,0.6006263689662349
"Hi, Key Parents!",neither,0.03945320844208391,0.33037608806864915,0.630170703489267
Hi guys!,neither,0.03930687933907141,0.3328596748352989,0.6278334458256297
"Download the new Critical Role theme song for Campaign Two! http://itunes.apple.com/album/id1331550250?ls=1&app=itunes Sales of the song support the musician, Jason Charles Miller.",neither,0.04445767596344001,0.2510827790306858,0.7044595450058742
And I strongly dislike ads,neither,0.03872042659182083,0.2935947749516954,0.6676847984564838
aw yay it us!,neither,0.07322847279048146,0.3244731823304562,0.6022983448790624
TheIlluminati,neither,0.03945320844208391,0.33037608806864915,0.630170703489267
daisies,neither,0.03945320844208391,0.33037608806864915,0.630170703489267
Probably very true @japenrose,neither,0.038230885630703065,0.3511220961861207,0.6106470181831762
Letters!,neither,0.03945320844208391,0.33037608806864915,0.630170703489267
Oh good it's just wholesome,neither,0.03785951853735398,0.30420180925451273,0.6579386722081333
hi everyone!,neither,0.032490659208996964,0.4485487193596734,0.5189606214313296
Wasn't that the name of the band @Sylien__ and Nick put together?,neither,0.03559602196035203,0.31194710969367273,0.6524568683459753
taliesin what are your socks?,neither,0.15028828784845213,0.2528613892888805,0.5968503228626673
Such a great title,neither,0.03781329188568331,0.3016180679840165,0.6605686401303003
A WHOLE CHAIN O DAISIES,neither,0.03945320844208391,0.33037608806864915,0.630170703489267
omg amy my heart,neither,0.02964224462239173,0.40557232831477447,0.5647854270628339
It’s the BEST name,neither,0.03553649022366398,0.3018659286006137,0.6625975811757223
Amy is top namer.,neither,0.04800595318977013,0.3274344069586562,0.6245596398515738
Amy is the besssst,neither,0.04821859290557782,0.30822268935231695,0.6435587177421052
gandsTWC gandsTWC gandsTWC,neither,0.03945320844208391,0.33037608806864915,0.630170703489267
be careful Googling daisy chain,neither,0.03979091945217701,0.33320403658837616,0.6270050439594469
Just finished DIE #3!!!!,neither,0.1996248530422878,0.13760987919655407,0.6627652677611582
"@sunlitlake We're named ""The Wednesdaisy Chain"" :P",neither,0.05484140763069033,0.29243389187346824,0.6527247004958414
Iron Spike's Delver is looking like it's going to be amazing,neither,0.05547250010188175,0.35659288584797183,0.5879346140501464
enjoy the show everydaisy,neither,0.05770525576931836,0.21904612092559345,0.7232486233050882
Yeah,offensive_language,0.013968601452186464,0.5182923869769311,0.4677390115708824
ive been reading gwenpool and loving it,neither,0.03752174991323254,0.3040738041315392,0.6584044459552282
amy appreciates our love,neither,0.0372416130701448,0.34060686595542944,0.6221515209744258
critroleBidet,neither,0.03945320844208391,0.33037608806864915,0.630170703489267
"Help G&S make great content! $4.99/month gets you emotes, Minecraft server access, sub-only VODs, and more! Every sub keeps the channel alive! twitch.tv/geekandsundry/subscribe",neither,0.043907990691603095,0.31135964332838284,0.644732365980014
Wooo last minute working on things,neither,0.03698147200438391,0.34220747263534007,0.620811055360276
SafeSearch is your friend sometimes,neither,0.09562234852987132,0.3135681395314315,0.5908095119386972
@GarthMcMurray Yeaaaah...I do not recommend googling that phrase without safe search turned on,neither,0.03611780731836733,0.36060362382540456,0.6032785688562281
Umbrella Academy is AWESOME,neither,0.0471859699920646,0.32771643678117074,0.6250975932267647
Hi Daisy’s,neither,0.03945320844208391,0.33037608806864915,0.630170703489267
glad the show is good!,neither,0.06669771647292076,0.22771402792553233,0.7055882556015469
UA is SOOO GOOOOD,neither,0.051842023029317216,0.3261150066355421,0.6220429703351407
Daisy Chain is a SCSI topic idea,neither,0.046014523536593584,0.3281193509345902,0.6258661255288162
It's SO GOOD,neither,0.035870705182989654,0.4140007609501549,0.5501285338668553
Umbrella Academy is so FUN ! ! !,neither,0.047312936178504794,0.37088516778707875,0.5818018960344166
"Right the first time... mean still right the forth time,",neither,0.03154236912186201,0.36595713250027473,0.6025004983778632
I'm starting umbrella academy this weekend. I'm excited,neither,0.039384059344984575,0.3315497287111879,0.6290662119438276
"Is the set tilted, or am I?",neither,0.04743213069960579,0.3094690644304718,0.6430988048699225
Still gotta read it but I am soooo behind on ever book 0__0,neither,0.03332181225763762,0.37214550072017855,0.5945326870221839
Canon,neither,0.03945320844208391,0.33037608806864915,0.630170703489267
Gerard Way is now more well known for UA over MCR,neither,0.0394730309299301,0.30320863418959115,0.6573183348804789
The show is good!,neither,0.07729490729956515,0.19921484585977958,0.7234902468406552
The show is interesting!! The comics are A M A Z I N G,neither,0.0826324276497442,0.21391254240873792,0.7034550299415179
Doom Umbrella Patrol Academy,neither,0.03945320844208391,0.33037608806864915,0.630170703489267
EVERYONE MADE FUN OF ME FOR READING IT AND NOW THEY ALL LOVE THE SHOW AND I HAVE BEEN VINDICATED!!!!!,neither,0.03253387871973072,0.35164630209245595,0.6158198191878134
This makes me feel old....,neither,0.0315941593413268,0.3741578696924998,0.5942479709661733
blessed content,neither,0.03945320844208391,0.33037608806864915,0.630170703489267
Daisychaining is when you plug extension cords into extension cords,neither,0.0456088587938225,0.378214964440637,0.5761761767655406
Doom Patrol and Deadly Class are both amazing,neither,0.054587264653073723,0.27530379621633194,0.6701089391305942
B FRAS!!!!!,neither,0.03945320844208391,0.33037608806864915,0.630170703489267
:D,neither,0.03945320844208391,0.33037608806864915,0.630170703489267
mmmhmmm,neither,0.03945320844208391,0.33037608806864915,0.630170703489267
I'm glad Fraiser is acting in big things again,neither,0.030197750309942643,0.40220362164168194,0.5675986280483755
oh,neither,0.051363287716059566,0.22255663153133606,0.7260800807526044
he's a babe,neither,0.047411426400912324,0.32763889198372853,0.6249496816153592
OH,neither,0.051363287716059566,0.22255663153133606,0.7260800807526044
blessed words,neither,0.03945320844208391,0.33037608806864915,0.630170703489267
WELL.,neither,0.03945320844208391,0.33037608806864915,0.630170703489267
Gerard Way runs TV now.,neither,0.03954496685854252,0.33114446123458496,0.6293105719068725
Tal XD,neither,0.03945320844208391,0.33037608806864915,0.630170703489267
I knew matt had good taste,neither,0.03893425616174489,0.3305545795547272,0.6305111642835278
Was he George of the Jungle or am I confusing people?,neither,0.06168861669216533,0.3178236836565263,0.6204876996513082
Taliesin pls tell us more,neither,0.0815112889340573,0.31352669346580825,0.6049620176001345
I wish to subscribe to this newsletter,neither,0.06096453545636356,0.32060882518518824,0.6184266393584482
lmao thank u for the gay shout out taliesin,neither,0.16881574889011278,0.20285598352301923,0.628328267586868
sweet gay thirs,neither,0.40192633212099504,0.13128900403305238,0.4667846638459525
I like that Brendan Fraser is with Negative Man who is wrapped up like a mummy.,offensive_language,0.0529458782959989,0.5303188231801194,0.4167352985238818
ITS wonderfull,neither,0.02700859978372578,0.3346563596412867,0.6383350405749875
I'm actually finishing watching the last episode of Umbrella Academy again as I'm half paying attention to this.,neither,0.040195296104167735,0.3528425486632946,0.6069621552325377
Amy has her priorities straight,offensive_language,0.03272213227447198,0.49183948929367166,0.4754383784318563
Gas mask???,neither,0.03945320844208391,0.33037608806864915,0.630170703489267
where is DOOM Patrol being shown?,neither,0.04305821199592192,0.32506494964921906,0.6318768383548589
sounds like a good time,neither,0.04989034823489789,0.372436818477542,0.57767283328756
Brendan Fraser is an American treasure,neither,0.0519165701171796,0.2636177447654368,0.6844656851173837
"My dad asked me about Umbrella Academy, I was so happy",neither,0.02638971080868937,0.4634913056647821,0.5101189835265286
@sunlitlake I think he was.,neither,0.04942819910939468,0.3160801691749008,0.6344916317157046
"QUESTION: Taliesin, as a fellow goth i'm sure you are loving the soundtrack to the show?",neither,0.07101832755706781,0.359294818109705,0.5696868543332273
God bless you Taliesin,neither,0.060533056777124054,0.38883846375534703,0.5506284794675289
homoerotic tension you say??,offensive_language,0.09087254262289358,0.45857920991606765,0.4505482474610388
Thank u Taliesin,neither,0.03869991029225249,0.3431615236228004,0.6181385660849471
"Or rather, Bi",neither,0.03945320844208391,0.33037608806864915,0.630170703489267
We’re not kink shaming it’s ok,neither,0.057345714967726724,0.3067551780866057,0.6358991069456676
...what? I need this is my life,neither,0.035773159490282376,0.47847703732163693,0.48574980318808064
What is Doom Patrol on?,neither,0.051317782496920955,0.33722712052489423,0.6114550969781849
Doom Patrol shows BRendan's booty.,neither,0.034906408050150564,0.4075471569232102,0.5575464350266393
Anyone whos never seen Encino Man get on it!,neither,0.03301535912325946,0.4254446792997637,0.5415399615769769
NO you don't!,offensive_language,0.08008652385683417,0.4750057968086313,0.4449076793345345
i know what im doing tomorrow,neither,0.04411925712082735,0.35965717060404695,0.5962235722751258
As a Bi...I need this,neither,0.0371341843881139,0.36527934798744294,0.5975864676244431
TIMOTHY DALTON,neither,0.03945320844208391,0.33037608806864915,0.630170703489267
really step away... okay it's actually pretty noir,neither,0.039419469037001276,0.3124499477198348,0.648130583243164
what,neither,0.057770773616808734,0.3180719994247239,0.6241572269584672
@Jerund DCU,neither,0.03945320844208391,0.33037608806864915,0.630170703489267
MATT BOMER!!!,neither,0.03945320844208391,0.33037608806864915,0.630170703489267
sfgkgeaald,neither,0.03945320844208391,0.33037608806864915,0.630170703489267
It's on the DC special thing,neither,0.0630063114248491,0.31122665639415986,0.625767032180991
what. I need to watch now!,neither,0.06441529696483338,0.31566901852382984,0.6199156845113368
I need to watch Doom Patrol,neither,0.051989487105092345,0.32301676054948236,0.6249937523454253
i really need to watch Doom Patrol,neither,0.051038367901930795,0.3235468490378161,0.625414783060253
lol,neither,0.020706217963973744,0.4882283491876925,0.4910654328483337
I've binged UA,neither,0.007688441738600854,0.2943591995657401,0.6979523586956591
"@Jerund DC Universe, their streaming service",neither,0.03945320844208391,0.33037608806864915,0.630170703489267
Is Doom Patrol on Netflix too??? How did I not know this???,neither,0.041589668570240636,0.34537868891519774,0.6130316425145618
"Bonus Doom Patrol so far is great, and I really enjoyed Umbrella Acadamy",neither,0.041988978521688654,0.31679755044695873,0.6412134710313527
I loved Doom Patrol!,neither,0.03945320844208391,0.33037608806864915,0.630170703489267
Doom Patrol was pretty good too,neither,0.03856395472276252,0.33616946542484244,0.625266579852395
cross the streams!,neither,0.038643709079883945,0.3156046675820328,0.6457516233380832
AWWW!!!!,neither,0.03945320844208391,0.33037608806864915,0.630170703489267
Oh god my internet... why do you hate twitch live?,neither,0.14765464964455655,0.34341806315053774,0.5089272872049057
@emmaleficent It's on DC Universe,neither,0.03561725216185899,0.3432875439132272,0.6210952039249138
"ah man, i feel that.",neither,0.03516175405192517,0.44845801474259106,0.5163802312054837
relatable old people content,neither,0.0709621591351796,0.3271171738951436,0.6019206669696768
note to self: add doom patrol to mah list,neither,0.04725590713477476,0.32583897926637734,0.6269051135988478
That episode was the best,neither,0.03387040337575551,0.3512339740269111,0.6148956225973334
Dangit too many streaming services.,neither,0.039256987687529075,0.33370646636880724,0.6270365459436638
I was an asshole about MCR. I love that stuff now,neither,0.03617020644604466,0.4666290320067027,0.4972007615472525
@jessieleaf HEY FRIEND!,neither,0.03945320844208391,0.33037608806864915,0.630170703489267
hello everyone!,neither,0.03269494828970791,0.4450814005079928,0.5222236512022994
Love that Tal loves Gerard,neither,0.033709409883364995,0.3784727692752428,0.5878178208413922
"No, Tal, you're queer, that's just a crush",offensive_language,0.43232875625767364,0.5030502204460854,0.06462102329624095
Was listen to MCR earily,neither,0.045818297356434334,0.32852540743630526,0.6256562952072604
Umbrella Academy is crazy in the best ways,neither,0.03535063995138884,0.39070110936980856,0.5739482506788027
@darkofnate damn I don’t have that,offensive_language,0.03998838602666962,0.9130312214805982,0.04698039249273212
Man Crush? Or just Crush?,neither,0.036507523019137754,0.3851680115295711,0.5783244654512912
GIFT GIFT GIFT TIME,neither,0.03889988037063765,0.33976750951228624,0.621332610117076
I JUST rewatched that episode it’s great,neither,0.028975565020424563,0.3661050236561654,0.60491941132341
the umbrella academy stuff of late has made me rediscover mcr and im so glad i did,neither,0.034375812917133014,0.3570141410526383,0.6086100460302286
I love listening to his and his brothers appearance on kevin smiths podcast.,neither,0.07234065557643207,0.32059474900751483,0.6070645954160532
AMY DALLEN SEGUE MASTER,neither,0.03945320844208391,0.33037608806864915,0.630170703489267
Who doesn’t taliesin,neither,0.04056235088811894,0.43848121996088407,0.520956429150997
OH MY GOD,neither,0.030266422441093326,0.38268872444249025,0.5870448531164164
"Is just saying ""segue"" a segue?",neither,0.03125543427441235,0.36301002888704087,0.6057345368385467
I THINK I GOT THERE IN TIME,neither,0.0370838737056823,0.34541240669644824,0.6175037195978693
Gerard way even went to visual arts college...DUDE IS SO FREAKING TALENTED WE STAN,neither,0.04789654216726814,0.3643830940627844,0.5877203637699475
That is a pile of boxes next to Amy,neither,0.04611980287066738,0.36166955247507326,0.5922106446542594
"Matchmaker, matchmaker, I’ll bring the veil....",neither,0.03863333429454297,0.315411075404308,0.6459555903011489
There we go,neither,0.04083933629015207,0.27628362646603744,0.6828770372438104
wooo! daily wednesday!,neither,0.03945320844208391,0.33037608806864915,0.630170703489267
Someone gave Amy a Segue Segway?,neither,0.03945320844208391,0.33037608806864915,0.630170703489267
Amy saw Capt. Marvel.,neither,0.03945320844208391,0.33037608806864915,0.630170703489267
Can a bi person have a man crush/girl crush? Or is it just Crush?,neither,0.03730651612175061,0.38905540382662906,0.5736380800516203
s-s-s-segue,neither,0.03945320844208391,0.33037608806864915,0.630170703489267
hi @emmaleficent pls dont kill my character friday,neither,0.202204136488626,0.30616575392765494,0.49163010958371905
oh god deep calming breaths.,neither,0.04542818872334567,0.27374312789560634,0.6808286833810481
my fingers are all tingly.,neither,0.04919464051523787,0.4287802118355624,0.5220251476491997
It's Kauaian water!,neither,0.03718468763101921,0.33115633639996295,0.6316589759690179
*glares at internet for buffering*,neither,0.031235052136809344,0.3228294910259192,0.6459354568372715
HYDRATE,neither,0.03945320844208391,0.33037608806864915,0.630170703489267
stay hydrated,neither,0.03945320844208391,0.33037608806864915,0.630170703489267
Question: Amy Tell us more about the Captain Marvel Movie.,neither,0.0610425248855498,0.30579055675945094,0.6331669183549992
aww his bottle has a pupper on it,neither,0.05666349777407424,0.33868285048031127,0.6046536517456145
"@feathersflight it's just a crush if it's romantic, but if you have a platonic crush, then that's a platonic crush :)",neither,0.02534617974401457,0.42334785968645816,0.5513059605695272
@feathersflight Bis can have both man-crushes and girl-crushes,neither,0.0353962429148653,0.3765702921884197,0.5880334648967149
matt key needs like 5 drink receptacles or he cant life properly,neither,0.04657058664273834,0.3725161226888753,0.5809132906683863
hello peopo,neither,0.03945320844208391,0.33037608806864915,0.630170703489267
I'm glad my contribution to this community is still paying off dividends Kappa,neither,0.03969820324713019,0.38270292573663484,0.5775988710162351
@giljaxon no deaths in battle of the bands unless your own pyrotechnics go horribly wrong,neither,0.0752548073833241,0.31967619668769653,0.6050689959289793
Tal DEFInitely does,neither,0.027534431175006202,0.44141857600377765,0.5310469928212161
I sent one this morning I hope it made it in,neither,0.07144707498680278,0.1677176110851201,0.7608353139280771
:/,neither,0.03945320844208391,0.33037608806864915,0.630170703489267
This is a club,neither,0.05235094180417173,0.32827151427542095,0.6193775439204072
Speak for yourself Matt,neither,0.0342591507816207,0.30442897359324383,0.6613118756251355
@Sylien__ That's a good way to break it down!,neither,0.039873895710693434,0.3688428790060059,0.5912832252833007
We're all clubbers,neither,0.0819676097923513,0.4114296050260601,0.5066027851815886
^,neither,0.03945320844208391,0.33037608806864915,0.630170703489267
"@Sylien__ i've hearda platonic crush is a ""squish""",neither,0.025041532514798372,0.3129928470513344,0.6619656204338672
i'm so happy i'm tuning in to this show for the first time! only 8 minutes in and you are all so nice!!!!,neither,0.07071027856638051,0.3328832917150814,0.5964064297185382
"It's 3am and I'm wearing Cat Ears, this is DEFINETLY a club",neither,0.043077082856467025,0.3033162255251658,0.653606691618367
@Corpsehandler That's a great word,neither,0.032853063969234896,0.3499761630609602,0.6171707729698049
"Corleone, obviously",neither,0.03945320844208391,0.33037608806864915,0.630170703489267
3 am club!,neither,0.03917757438020344,0.3304708912618958,0.6303515343579008
irc,neither,0.03945320844208391,0.33037608806864915,0.630170703489267
god ur so valid @sunlitlake,neither,0.07656200614655732,0.37792659438222553,0.5455113994712171
@Larlarinlalaland Welcome to the Club! <3 <3 <3,neither,0.04619513547076294,0.30771180647729873,0.6460930580519383
@sunlitlake Awesome,neither,0.03945320844208391,0.33037608806864915,0.630170703489267
i wish i had geeky friends to do stuff like this for a living,neither,0.04832513436415843,0.31600257300126555,0.6356722926345761
!twc,neither,0.03945320844208391,0.33037608806864915,0.630170703489267
"Here are some handy The Wednesday Club resources! TWC Reddit: reddit.com/r/WednesdayClub/ | Discord: https://discord.gg/6QK9fVB | Wednesday Club Fanclub on Facebook: facebook.com/groups/1945232949091586/ | Send in your thoughts, comic recommendations, questions, and more to Matt, Amy, and Taliesin at thewednesdayclub@geekandsundry.com",neither,0.05001524745118048,0.31503641584425707,0.6349483367045624
Tal and Amy are the old school internet people,neither,0.07657964622611474,0.2643665216643117,0.6590538321095736
this is a club/cult,neither,0.05235094180417173,0.32827151427542095,0.6193775439204072
Rec.Arts,neither,0.03945320844208391,0.33037608806864915,0.630170703489267
@giljaxon also I’m referring your character exclusively by his full name,neither,0.0965063484429155,0.3459113448684177,0.5575823066886668
"i've been saying it for a couple years now, i have squishes on SO MANY PEOPLE!!",neither,0.025347540218703283,0.34539802538986314,0.6292544343914336
"okay, if this is really an Orson Welles vs Marlon Brando fight, do they get to use their gravitational fields?",neither,0.019737116388488858,0.41401086044454577,0.5662520231669653
thats so true,neither,0.03940845127464975,0.3875651035102654,0.5730264452150847
"rec.arts, I feel old...",neither,0.03945320844208391,0.33037608806864915,0.630170703489267
@misssunflower94 Daisies are definitely a cult.,neither,0.08193114788121642,0.26350199753592396,0.6545668545828597
@sunlitlake thats an aesthetic I can get behind!,neither,0.039509427414298325,0.3294219053903446,0.631068667195357
I feel young,neither,0.03531408124556125,0.4006278788548322,0.5640580398996066
rec.art :D,neither,0.03945320844208391,0.33037608806864915,0.630170703489267
rec.arts still exists!,neither,0.0384701709952264,0.34706079906512094,0.6144690299396526
well then i'm happy to join the club/cult lmao,neither,0.043118972066891144,0.32796230520715264,0.6289187227259561
rec.arts.drwho,neither,0.03945320844208391,0.33037608806864915,0.630170703489267
what is the primary difference between a squish and a crush?,neither,0.04668052197608625,0.2935553350314221,0.6597641429924916
"Rec.arts is older than i am, I think",neither,0.0456001688809704,0.3273431777757468,0.6270566533432828
This is why I like Squirrel Girl...they kept the letters in the graphic novel forms,neither,0.03762496420817913,0.35984025521545343,0.6025347805763674
its 10:09 and i have a 102 degree fever so yea its the best club,neither,0.031943348248102084,0.3280190941429257,0.6400375576089722
I thought Mr. Key was @miriamkey :P,neither,0.042303557772162714,0.24064853043342094,0.7170479117944164
Who wrote this?,neither,0.04012581617764731,0.4129936486688312,0.5468805351535214
(it is not a cult) /poppy.,neither,0.04490214988030454,0.33324347282543454,0.6218543772942609
Hello Mistah Key,neither,0.03945320844208391,0.33037608806864915,0.630170703489267
I've NEVER heard of Rec.arts but I'm excited to learn more,neither,0.02489577223706819,0.34098313267311897,0.6341210950898128
"@RamboCookiePanda friendly vs romantic/sexual, I think",neither,0.039823890513519436,0.3240846459132705,0.6360914635732102
This is the retro-est of letters and I love it,neither,0.04062367090342499,0.2996398901644004,0.6597364389321746
@japenrose we don't know yet?,neither,0.03925899966307333,0.3336723178929836,0.6270686824439432
@emmaleficent yes Brigadier C. Hubert Templeton-Hornblower will never die,neither,0.20626709558890877,0.13414160713830356,0.6595912972727876
Are any of you going to cbg19's Hellfire Club party?,neither,0.0798782840405552,0.3448608124315383,0.5752609035279066
"Please, Zines are a female domain. We thank women for fandom as we know. I mean, HELLO! Marie!±",neither,0.04962393775926839,0.36554677050394047,0.5848292917367911
"@feathersflight oh, makes sense",neither,0.04519501796700163,0.27557465552695504,0.6792303265060434
@misssunflower94 Ahhh wasn't sure if it was mentioned. Thanks Tangy!,neither,0.02500996448690661,0.42576823927265517,0.5492217962404383
