text,top_class,hate_speech,offensive_language,neither
woot & we're live,neither,0.06168852136608462,0.3046498588310336,0.6336616198028818
"!clock .| TBD RPG 9.30-11pm, Hosts jump into one of the many fantastical worlds of the Weave RPG",neither,0.038133804614423145,0.3296753143615451,0.6321908810240316
It is currently Wednesday 9:29 PM at the Geek & Sundry studio in California.,neither,0.05109542599770392,0.3296449797119339,0.619259594290362
"and it's the second day in a row where I get a gut punch, it's been a bad week",neither,0.03606132263379617,0.28428791975609263,0.6796507576101113
Oh woah is the next show starting,neither,0.06194755526404704,0.23180082337445848,0.7062516213614946
Should be,neither,0.07228603383810948,0.4301602019593349,0.49755376420255554
"Now, the attempt to bring the room up.",neither,0.04092022910710975,0.34097351850772395,0.6181062523851664
Unbeweaveable..,neither,0.03945320844208391,0.33037608806864915,0.630170703489267
"@swiftfingers I'm not sure what that's supposed to explain? I mean, I understand you didn't know.",offensive_language,0.03811809887354666,0.49333674828092594,0.46854515284552734
right when I wake up too,neither,0.026258124558655213,0.4573571434642185,0.5163847319771264
!points @ArisBranwin,neither,0.03945320844208391,0.33037608806864915,0.630170703489267
"That was an excellent pun, @ArisBranwin! Here, have some points for that one! You have been awarded 37 points!",neither,0.05003766897837674,0.38201493930407926,0.5679473917175439
I think this is either c6 or game engine bumper.. YAY,neither,0.04472438081150613,0.29491424137525063,0.6603613778132433
I've been having a bad six months and this isn't helping,neither,0.02328850722508348,0.30032475503299966,0.6763867377419168
"Remember that it took the end of other shows that people loved to get The Wednesday Club on, who knows what may be coming next.",neither,0.0502951972884047,0.3802483234433655,0.5694564792682298
"An amazing surprise that won't happen would be them getting a new show called ""But that's a whole different episode"" for all the episodes they never got to do",neither,0.044346085548086854,0.3639947867279562,0.591659127723957
gandsFacepalm gandsHappy gandsHype gandsClassic stefHighFive,neither,0.03945320844208391,0.33037608806864915,0.630170703489267
"weave society, per Amy",neither,0.03945320844208391,0.33037608806864915,0.630170703489267
"This is TBD RPG intro. If anyone here hasn't seen this show before, you're in for a treat!",neither,0.07911462446494587,0.3219177942808831,0.598967581254171
@MeggieMay328 It'll be okay,neither,0.03820682776061281,0.33596513527289745,0.6258280369664897
"@KBTibbs not sure I'm trying to explain anything, I'm still in a bit of a daze after the news",neither,0.03778765488094377,0.4101779601319114,0.5520343849871447
We have a subscriber-only Discord server! Join here: https://discord.gg/geekandsundry (you'll need to sub and link it to your Twitch) and be a part of the fun!...Warning: It can take up to an hour for the server to update and give you access to the channels,neither,0.08464076273808444,0.286394834032893,0.6289644032290227
"I'm waiting for a random show ""Public Domain""",neither,0.045830677785664006,0.2426412092536337,0.7115281129607022
Literaltly the WC was the thing I look forward to ALL day at work,neither,0.04436870841355849,0.3556333116365369,0.5999979799499046
What is this show?? I havent seen it before!,neither,0.06000021996363759,0.3168643314272285,0.623135448609134
kinda like that idea @CrashTestGremlin,neither,0.0461891596679588,0.3920507565012271,0.561760083830814
@chaoticloony Wow. I don't think that's 1) a good tack to take 2) I don't think the cancelling of shows was required at all.,neither,0.04084427977813292,0.3841537372145888,0.5750019830072782
"I mean what happens, not the name haha",neither,0.05734184257818713,0.36966853248947945,0.5729896249323334
!wtfisthis,neither,0.03945320844208391,0.33037608806864915,0.630170703489267
"Allow Geek & Sundry to take you by the hand and guide you from game to game in our new programming block, TBD RPG! This show is the space to see every possible sort of Role Playing Game, and the cast is currently playing the Weave RPG!",neither,0.06556019375782646,0.233311417536628,0.7011283887055455
!wtfisthis,neither,0.03945320844208391,0.33037608806864915,0.630170703489267
So I got home to absolute mayhem,neither,0.044886865865934635,0.4196602687829275,0.5354528653511379
!weave,neither,0.03945320844208391,0.33037608806864915,0.630170703489267
"Weave is a 21st century storytelling platform for everyone. With just two decks of cards and a handful of dice, you and your friends can create adventures in any genre, from sci-fi to high school comedy. When combined with the free companion app, Weave provides all the power you'll need to discover new worlds, imagine amazing characters, and save your stories online in minutes. You can find more information at: https://monoclesociety.com/",neither,0.05518230705223139,0.35254272173036755,0.592274971217401
A bit of goof sounds good atm,neither,0.03894956721464714,0.3305493133815366,0.6305011194038164
"TBD RPG right now is random weave, although sometimes its Tales from the Loop..",neither,0.03961696236013562,0.3219792948354768,0.6384037428043876
Ohhhhh that sounds cool as heck!,neither,0.03552640638414144,0.38135617927164833,0.5831174143442103
"now i need to look the last schow with that in mind, that is stabbing me already in the back",neither,0.030909121253181276,0.4113967565210258,0.557694122225793
Here we go! The perfect end to a perfect da,neither,0.10816591043892378,0.3606630232840259,0.5311710662770505
@Femilie It is!,neither,0.059603583318096655,0.32344545014120724,0.616950966540696
Its been great guys. I will miss all you wednesdaisies out there. wish you the best,neither,0.04560849274818093,0.3745583388152717,0.5798331684365474
"Help G&S make great content! $4.99/month gets you emotes, Minecraft server access, sub-only VODs, and more! Every sub keeps the channel alive! twitch.tv/geekandsundry/subscribe",neither,0.043907990691603095,0.31135964332838284,0.644732365980014
anyway Im going to go process my grief somewhere I won't get told off for it,neither,0.031014082665309313,0.39931843608762085,0.5696674812470698
Y'know... I really like this community.,neither,0.05089025772478322,0.34875020396630396,0.6003595383089129
but first comes weave now :D,neither,0.030436905226775866,0.3414535881424317,0.6281095066307925
...perfect day of RPGs for me!,neither,0.02958205653637662,0.3257585179473891,0.6446594255162343
TearGlove,neither,0.03945320844208391,0.33037608806864915,0.630170703489267
"There will be other comics shows on GNS, and there will be other shows with these hosts. The sun will rise tomorrow.",neither,0.037766959759872355,0.29207830325593126,0.6701547369841963
"I'm actually going through the previous stuff watching The Tales From The Loop stuff! I just got all the books and everything to do a campaign bc of it actually, didn't know it was this show :0",neither,0.036898254202382144,0.3313221147511835,0.6317796310464343
garden party 2 tinytatoBallpit,neither,0.03945320844208391,0.33037608806864915,0.630170703489267
and here we GO !,neither,0.11988274842159176,0.23034065187642816,0.6497765997019802
"Am I too cynical waiting for another shoe to drop? First Critical Role, now the Wednesday Club, what's next?",neither,0.06182384535707976,0.2798706454065901,0.65830550923633
jcvimHi jcvimHi jcvimHi,neither,0.03945320844208391,0.33037608806864915,0.630170703489267
VoHiYo VoHiYo VoHiYo VoHiYo VoHiYo,neither,0.03945320844208391,0.33037608806864915,0.630170703489267
"Hi Whitney, Amy, Stef, Gina and Becca!",neither,0.03882788631130355,0.299422105481188,0.6617500082075084
jcvimHi marb,neither,0.03945320844208391,0.33037608806864915,0.630170703489267
"Dinner awaits, later daisies, see you in the discord",neither,0.050953220636373094,0.3511857684317755,0.5978610109318515
Everyone wish Becca a happy birthday,neither,0.03375856546225466,0.4270290412702481,0.5392123932674973
Hi @Marb04,neither,0.03945320844208391,0.33037608806864915,0.630170703489267
"Hello, Stef, Whitney, Amy, Gina and HAPPY BIRTHDAY BECCA",neither,0.03890419970689599,0.3034479110198446,0.6576478892732595
feliciaOoh feliciaOoh gina,neither,0.03945320844208391,0.33037608806864915,0.630170703489267
@CinderFlame Wait.....theyre canceling Critical Role?,neither,0.03945320844208391,0.33037608806864915,0.630170703489267
At a dramatically appropriate time :P,neither,0.03749144507580072,0.3742087772496515,0.5882997776745477
It is Becca's birthday. She's the best.,neither,0.04604103478805483,0.3903739722730949,0.5635849929388502
Happy Birthday Becca!,neither,0.03945320844208391,0.33037608806864915,0.630170703489267
stsHello,neither,0.03945320844208391,0.33037608806864915,0.630170703489267
whoisthebest,neither,0.03945320844208391,0.33037608806864915,0.630170703489267
Stef is the best! ❤,neither,0.05135998456280659,0.2889087219359037,0.6597312935012896
"Happy Birthday, Becca!",neither,0.03945320844208391,0.33037608806864915,0.630170703489267
"Sorry KBTibbs, Nightbot disagrees Keepo",neither,0.03945320844208391,0.33037608806864915,0.630170703489267
@cinderflame what's the shoe that dropped about critical role,neither,0.038697771372662636,0.3613714961400884,0.599930732487249
ramaThis,neither,0.03945320844208391,0.33037608806864915,0.630170703489267
BECCA HYPE !!!,neither,0.03945320844208391,0.33037608806864915,0.630170703489267
Happy Birthday Becca gandsJester,neither,0.03945320844208391,0.33037608806864915,0.630170703489267
"@CinderFlame Even from the beginning back in 2015, shows came and left. Maybe they ran outta topics, I dunno. But we've lost the comics show before and here we are again.",neither,0.050540750531061884,0.26999346900846805,0.67946578046047
Hello @xrikerred1,neither,0.03945320844208391,0.33037608806864915,0.630170703489267
"If we needed to know, we'd know",neither,0.02947696730990037,0.37353936483410116,0.5969836678559984
"@salvageBar It's now running on the CR Twitch and being hosted here, rather than running here and being hosted there",neither,0.06723158933276814,0.27541021492197726,0.6573581957452547
@TheDiMono Nightbot is a slave to mod politics.,neither,0.054490431636742116,0.3236923965283163,0.6218171718349416
Go BECCA ! It's your birthday!,neither,0.08566251389393784,0.32415510362231253,0.5901823824837495
Ok Critical l Role has left G&S That's been going to happen for a while and it's not going away,neither,0.035219239318507435,0.3325259129563233,0.6322548477251693
go Becca birthday!,neither,0.041300429520331396,0.33679490162050074,0.6219046688591678
"hmm The Ramones... and I was thinking of Beatles ""Kelp""",neither,0.03819191292403196,0.2912235117427918,0.6705845753331763
really is some tatoo ramaO,neither,0.03745743577513498,0.3496718557091288,0.6128707085157363
Check the neck. HUUUGHHHHHH,neither,0.0384288264511744,0.31156859836257383,0.6500025751862517
woooo,neither,0.03945320844208391,0.33037608806864915,0.630170703489267
JIM was great. I miss her.,offensive_language,0.025150118899769366,0.4906326840111563,0.48421719708907435
Not just anybody's kelp!,neither,0.03236517680705921,0.3633532076518716,0.6042816155410692
"Becca was twentysomething when this was recorded. 🤔 Now, on to an even better decade! Happy Birthday! HolidayPresent",neither,0.03460308007713052,0.3763851011517271,0.5890118187711425
"So, how is Stef gonna kill Tulips off? :P",hate_speech,0.4891583517985882,0.235929974679867,0.27491167352154483
JIM has been amazing on LABN as well,neither,0.03590176370589545,0.36530034783624804,0.5987978884578564
wooooo,neither,0.03945320844208391,0.33037608806864915,0.630170703489267
She was great,neither,0.037919617688049786,0.40781947995184653,0.5542609023601036
Hi @MonocleSociety,neither,0.03945320844208391,0.33037608806864915,0.630170703489267
Hello @MonocleSociety,neither,0.03945320844208391,0.33037608806864915,0.630170703489267
I'm glad to see her coming back on more shows,offensive_language,0.03601926901534936,0.49291868822062473,0.4710620427640258
It's getting late. Sympathy for the mods for tomorrow (the change info isn't getting around very well and I think tomorrow is going to be a nightmare for everyone),neither,0.03199603714470211,0.36876916880622274,0.5992347940490752
Hey @MonocleSociety,neither,0.03945320844208391,0.33037608806864915,0.630170703489267
Beeeeeees! :D,neither,0.03945320844208391,0.33037608806864915,0.630170703489267
Josephine is always fabulous!,neither,0.046275062408661735,0.3870897562221651,0.5666351813691731
Greet @MonocleSociety,neither,0.03945320844208391,0.33037608806864915,0.630170703489267
@chaoticloony @JeffM0307 @KBTibbs @PAPerryman HEYOOOOOOOOO,neither,0.03945320844208391,0.33037608806864915,0.630170703489267
See you all later,offensive_language,0.0680118549398834,0.5142030291162956,0.417785115943821
@chaoticloony true that,neither,0.033388572507466706,0.39694385908644536,0.569667568406088
Take care @MeggieMay328,neither,0.03945320844208391,0.33037608806864915,0.630170703489267
Later @MeggieMay328,neither,0.03945320844208391,0.33037608806864915,0.630170703489267
"@MeggieMay328 Sleep well, we all sympathize",neither,0.04085026386848068,0.3952475843113698,0.5639021518201495
the people-sized lake monsters were just not lakey enough,neither,0.05317800516104142,0.32084146605643055,0.625980528782528
take care @MeggieMay328,neither,0.03945320844208391,0.33037608806864915,0.630170703489267
Bye @MeggieMay328,neither,0.03945320844208391,0.33037608806864915,0.630170703489267
OMG the Monocle Society is here.. It's Unbweaveable..,neither,0.09238595494846341,0.27801681010198737,0.6295972349495491
This show is the adult version of having a tea party in the best possible way,neither,0.05055840587225001,0.2690575104677451,0.680384083660005
https://clips.twitch.tv/SmilingElatedThymeWow,neither,0.03945320844208391,0.33037608806864915,0.630170703489267
Lives were like a box of chocolates...,neither,0.050070329798783224,0.32429135969133016,0.6256383105098865
!points @ArisBranwin,neither,0.03945320844208391,0.33037608806864915,0.630170703489267
"That was an excellent pun, @ArisBranwin! Here, have some points for that one! You have been awarded 68 points!",neither,0.050805666259642904,0.3851811885541635,0.5640131451861937
@ArisBranwin ahhhhhh i see what you did there.,neither,0.07057372687368293,0.3232712178238467,0.6061550553024704
"@chaoticloony I was lucky enough to meet her in real life in London a couple of years ago, she's just as fabulous in real life",offensive_language,0.02904677561730873,0.595527672763083,0.37542555161960817
hello!,neither,0.03945320844208391,0.33037608806864915,0.630170703489267
I feel very a-pointed now. =D,neither,0.03945320844208391,0.33037608806864915,0.630170703489267
How much Wonder-Grow did ya'all use to get all that vegetation to grow so fast~ it looks cool (set AND Costumes),offensive_language,0.02315408179266191,0.5483122228924451,0.428533695314893
!points @ArisBranwin,neither,0.03945320844208391,0.33037608806864915,0.630170703489267
"That was an excellent pun, @ArisBranwin! Here, have some points for that one! You have been awarded 30 points!",neither,0.05037983996645441,0.3834344862531679,0.5661856737803777
Now I just need the funds to one day afford weave.. cuz it seems more fun than it should be.,neither,0.044761233146081304,0.35634759548249,0.5988911713714288
gandsHR gandsHR gandsHR gandsHR,neither,0.03945320844208391,0.33037608806864915,0.630170703489267
aaaaaaaaaaaaand GIF'd Kappa,neither,0.03945320844208391,0.33037608806864915,0.630170703489267
"For the record, I totally called it when Whitney said she choose the quality ""smell of corpses""",neither,0.03069445876514408,0.3614274734061512,0.6078780678287048
"i was like ""yep, she'll choose that""",neither,0.04584405842627658,0.4538752507156343,0.5002806908580891
lol,neither,0.020706217963973744,0.4882283491876925,0.4910654328483337
"Post them on social media, Whitney!",neither,0.04709648264732927,0.33464332375782035,0.6182601935948504
"corpse #5, a classic fragrance",neither,0.03945320844208391,0.33037608806864915,0.630170703489267
Critical Role and Talks Machina will be moving to Critical Role's Twitch channel on 02/19/19. For more information please see this link: https://critrole.com/critical-role-talks-machina-broadcast-updates/. All previously aired content will continue to be available in the Geek & Sundry Twitch library and on YouTube. Both shows will continue to be hosted here on Geek & Sundry's Twitch when those episodes are streamed live.,neither,0.05444289053011623,0.2958484475329575,0.6497086619369262
Froderick von Fronkensteen?,neither,0.03945320844208391,0.33037608806864915,0.630170703489267
"much psychic, very precog",neither,0.035862885242271554,0.33161096485349817,0.6325261499042302
Moonfrog Child.. thats my new RPG character..,neither,0.03259346739545528,0.3256185686272291,0.6417879639773155
fermented droppings..... just the idea makes me cringe and giggle in equal measure,neither,0.031963402507912665,0.3324702431523844,0.635566354339703
This and Asinine Wisdom fill up my CHAOS meter so fabulously.,neither,0.030900716125845946,0.41179274574761365,0.5573065381265404
lol,neither,0.020706217963973744,0.4882283491876925,0.4910654328483337
:) a good combo,neither,0.03868733656327734,0.3306395065272872,0.6306731569094355
You need to watch c6 for Sam. as Sam is the embodiment of Chaos.,neither,0.052998737974390746,0.3380436992197755,0.6089575628058339
"good night, all. wednesdaisies, I know I will see you in other streams. party at amy's tomorrow? <3",neither,0.044514309728718816,0.4017097207682669,0.5537759695030142
Theyve done this setting before havent they?,neither,0.03605803502427026,0.3880010416654934,0.5759409233102363
"the style just LOOKS like a beehive, it's not supposed to actually have one inside it! ramaDerp",neither,0.03813411702350675,0.23389601002732663,0.7279698729491666
@nightbot Thank you for sharing that info. Wow.,neither,0.04190368311306893,0.37438819524484473,0.5837081216420863
take care @lemoneaterl,neither,0.03945320844208391,0.33037608806864915,0.630170703489267
Yes this was done at least once before?,neither,0.03528322916776286,0.4087659441710845,0.5559508266611526
"incedentally we can actually rely on both to be chaotic, can't we? @chaoticloony",neither,0.04227277160111325,0.33655461175905016,0.6211726166398366
This week has filled my chaos meter to the brink,neither,0.03535408775617414,0.36785354387959907,0.5967923683642269
A lot of people don't like The Greenery. I am saying people don't like to eat vegetables. FACTS,neither,0.0916080973958406,0.331709081786894,0.5766828208172653
OMG @derekleeketchum I've had that wring for... well... a long time!,neither,0.016843707824863042,0.34076189647703986,0.6423943956980972
Valentine's Day does that to people :P,neither,0.04990737692561187,0.4560958203407838,0.49399680273360436
TBD RPG- where u come for the unstable characters but stay for the murder of children!,neither,0.03051671558610585,0.28407044570418827,0.6854128387097059
@Deathstar_Taco Yes we can! :),neither,0.03962696973750051,0.3274269054045845,0.632946124857915
hello 'poke poke'... hello ? nope. *CHOMP*,neither,0.03945320844208391,0.33037608806864915,0.630170703489267
And I thought MY diet was shit!,offensive_language,0.03637632667186406,0.9606037757914772,0.003019897536658756
Waste not want not Whitney,neither,0.03759775155637539,0.3349691773381616,0.627433071105463
"@ArisBranwin Sam's CHAOS is so fabulous, but the rest need to up their CHAOS factor on the show.",neither,0.0467602310174105,0.33042549414087946,0.62281427484171
@paperryman obviously it's a more common misconception than we gave it credit for Kappa,neither,0.03521605799470031,0.3142173445536852,0.6505665974516144
Please Weave responsibly..,neither,0.03945320844208391,0.33037608806864915,0.630170703489267
Cadeucius Claw would have a field day in here,neither,0.07187525527645391,0.29451760722284964,0.6336071375006965
something tells me this society will either evolve or invent methods to check the biometric ingredients in foodstuffs in the next 100 years or so,neither,0.03827701435331659,0.34580459054619556,0.615918395100488
Clay*,neither,0.03945320844208391,0.33037608806864915,0.630170703489267
Soylent Green is PLants!,neither,0.04880695800944176,0.3021188328338832,0.6490742091566751
#PlantResponsibly,neither,0.03945320844208391,0.33037608806864915,0.630170703489267
We have a subscriber-only Discord server! Join here: https://discord.gg/geekandsundry (you'll need to sub and link it to your Twitch) and be a part of the fun!...Warning: It can take up to an hour for the server to update and give you access to the channels,neither,0.08464076273808444,0.286394834032893,0.6289644032290227
Nice @Deathstar_Taco,neither,0.03945320844208391,0.33037608806864915,0.630170703489267
Gina is really rocking that Poison Ivy-esque look,neither,0.043169536273566546,0.35527663187110786,0.6015538318553256
"If there aren't any humans anymore, what does a man-eating orchid eat?",neither,0.024055480307875497,0.4463041830684921,0.5296403366236324
"yes, Tulips had all of the alcohol",neither,0.04009231361377649,0.3801952395000971,0.5797124468861263
"Help G&S make great content! $4.99/month gets you emotes, Minecraft server access, sub-only VODs, and more! Every sub keeps the channel alive! twitch.tv/geekandsundry/subscribe",neither,0.043907990691603095,0.31135964332838284,0.644732365980014
No child not pinned on the behind,neither,0.03405549653073076,0.3457689177745036,0.6201755856947656
Women ? @akhenatron,offensive_language,0.0640911851985526,0.5366913333972364,0.39921748140421104
Birthday girl Becca... always so Fierce!,neither,0.03286240710261629,0.46095362045444394,0.5061839724429398
"Surprise, Becca struck again.",neither,0.037887447107099646,0.3569511442347944,0.605161408658106
gandsFjord gandsFjord gandsFjord,neither,0.03945320844208391,0.33037608806864915,0.630170703489267
