text,top_class,hate_speech,offensive_language,neither
Thanks,neither,0.035884468650613,0.3004919205142699,0.6636236108351171
it should be ready.. (there's no subscribe for free thing that usually is there),neither,0.04347707483611287,0.3119733806985335,0.6445495444653537
Bonnie is pretty great,neither,0.047550958582058274,0.29578818461373485,0.6566608568042069
Great show once again......Thanks @DarylDaCritter and @jakegbennett,neither,0.046281540555348985,0.23366271814297873,0.7200557413016723
YAY.,neither,0.03945320844208391,0.33037608806864915,0.630170703489267
@jakegbennett ew,neither,0.03945320844208391,0.33037608806864915,0.630170703489267
because I just started campaign 2 im only on episode 13,neither,0.03426553505713193,0.37377171910970214,0.5919627458331659
rooOWO what's this? More awesomeness?,neither,0.04679619704932948,0.31848897385696107,0.6347148290937096
Love the show. Thanks guys!,neither,0.047867057766318576,0.2378648803041214,0.7142680619295599
or 14,neither,0.03945320844208391,0.33037608806864915,0.630170703489267
@Leigh574 thank you,neither,0.07325166854587051,0.43632638485078484,0.49042194660334476
There needs to be much more Asinine Wisdom in the world!,neither,0.04204128957278348,0.28347459850180146,0.6744841119254151
Thanks for hanging out in chat @DarylDaCritter and @jakegbennett THERE I PUT YOU FIRST THIS TIME DARYL ARE YOU HAPPY?,neither,0.05565438470667006,0.29868289129303444,0.6456627240002955
"I need more, I craveeee more asinine wisdom",neither,0.042356798906533974,0.31339427105426854,0.6442489300391975
@DarylDaCritter rama7,neither,0.03945320844208391,0.33037608806864915,0.630170703489267
Nice chatting with everyone,neither,0.022162233199684005,0.4813603343012776,0.49647743249903825
good times,neither,0.03852205711025432,0.33069635371017075,0.630781589179575
Thanks to all who made this madness,neither,0.04474994873192152,0.4224436119563504,0.5328064393117281
Bing Bong,neither,0.03945320844208391,0.33037608806864915,0.630170703489267
everyone enjoy watching my first boy crush paint little things on the internet,neither,0.02576265975379689,0.42971556320216525,0.5445217770440378
@ItsJhust Check the button on the top right of the screen,neither,0.03546051978115304,0.3203566005440481,0.6441828796747988
"Thanks for hanging out with us, @jakegbennett @DarylDaCritter",neither,0.04421305851152123,0.33318983807928954,0.6225971034091893
here's hoping the set survives... expressive persons can literally wreck havoc on sets,neither,0.05696544318431214,0.3089211036733284,0.6341134531423595
Critical Role and Talks Machina will be moving to Critical Role's Twitch channel on 02/19/19. For more information please see this link: https://critrole.com/critical-role-talks-machina-broadcast-updates/. All previously aired content will continue to be available in the Geek & Sundry Twitch library and on YouTube. Both shows will continue to be hosted here on Geek & Sundry's Twitch when those episodes are streamed live.,neither,0.05444289053011623,0.2958484475329575,0.6497086619369262
@zengotdemar watching who live?,neither,0.04600465362919992,0.40878881671500317,0.545206529655797
"I want my autographed copied photo of ""Will @jakegbennett eat it""... so I can get the food together",neither,0.03264922498138415,0.37944084895973657,0.5879099260588794
C O N S U M E,neither,0.03945320844208391,0.33037608806864915,0.630170703489267
"Thanks for watching with us, everybody! We hope to see you all with us next week when we get to share in the glory of my stand up comedy special",neither,0.08437847898589965,0.39231294262832755,0.5233085783857728
@TheDiMono i'm weeping with joy,neither,0.026277238176418336,0.3777273531763983,0.5959954086471833
zo whats next?,neither,0.038787363380771704,0.3416772164762555,0.6195354201429728
Intake of positive comedic energy complete. Next task: intake of calories. Commencing.,neither,0.03907168458802414,0.3368515435699592,0.6240767718420166
@DarylDaCritter Remember to fart. That's what makes it manly.,neither,0.044195530782965675,0.3549308317329135,0.6008736374841207
and that's to all of the folks in chat that makke it extra special,neither,0.05756845901684856,0.3735366382927338,0.5688949026904176
"Stand up comedy special, or roast?",neither,0.059710369385937656,0.35294776953617696,0.5873418610778853
@xcxavier Painter's Guild!,neither,0.03945320844208391,0.33037608806864915,0.630170703489267
@jakegbennett @DarylDaCritter It is always fabulous hanging with you guys!,neither,0.04460672866923721,0.4392546713586081,0.5161385999721547
@TheDiMono way ahead of you,neither,0.059331849866848224,0.3865885664381523,0.5540795836949994
@jakegbennett will there be a tour forthcoming?,neither,0.04127147039544419,0.2622640495068807,0.6964644800976753
!wtfisthis,neither,0.03945320844208391,0.33037608806864915,0.630170703489267
"Miniature figures can help a tabletop gaming session come to life, but painting those miniature figures is an acquired skill. Welcome to the Geek & Sundry Painters Guild! Host Will Friedle is joined by professional guests like to teach you the intricacies and techniques required to paint your own miniatures!",neither,0.09649612238669783,0.28610404247896803,0.617399835134334
We have a subscriber-only Discord server! Join here: https://discord.gg/geekandsundry (you'll need to sub and link it to your Twitch) and be a part of the fun!...Warning: It can take up to an hour for the server to update and give you access to the channels,neither,0.08464076273808444,0.286394834032893,0.6289644032290227
@JeffM0307 I did.. cant click the button :c,neither,0.03874493903591716,0.31748720346058595,0.6437678575034969
sweet i love painters guild,neither,0.035408208655729606,0.34942220599992374,0.6151695853443465
!whodat,neither,0.03945320844208391,0.33037608806864915,0.630170703489267
Will Friedle ( twitter.com/willfriedle ) with guest Matthew Mercer ( twitter.com/matthewmercer )..,neither,0.03391522583399811,0.45098209923533,0.5151026749306721
Enjoy!!! see you all next week,neither,0.05694462197762241,0.46571652805643393,0.4773388499659437
The vanishing beard strikes again! :P,neither,0.0376106255748547,0.3405044452147979,0.6218849292103474
:OO,neither,0.03945320844208391,0.33037608806864915,0.630170703489267
@Deathstar_Taco We're gonna do live Asinine Wisdom shows where I open up with some sets,neither,0.038654138360437025,0.3808589717196663,0.5804868899198966
PogChamp,neither,0.03945320844208391,0.33037608806864915,0.630170703489267
@DarylDaCritter Your threats don't scare me,neither,0.05722084118012223,0.35844542714017047,0.5843337316797073
are they doing critical role tonight?,neither,0.055600208588360366,0.2795699459609607,0.6648298454506789
@ItsJhust Try refreshing your browser,neither,0.10923671116705219,0.3107434872764861,0.5800198015564617
@gaomizuchi yes,neither,0.03945320844208391,0.33037608806864915,0.630170703489267
1 hour,neither,0.03945320844208391,0.33037608806864915,0.630170703489267
"@gaomizuchi yes, in about an hour!",neither,0.03819351596523146,0.35175635693622903,0.6100501270985395
LUL LUL LUL LUL,neither,0.03945320844208391,0.33037608806864915,0.630170703489267
I've seen worse coloring,neither,0.02101974378362862,0.16953871299635892,0.8094415432200124
On the Critical Role channel,neither,0.03664578775518225,0.3281796760782386,0.6351745361665792
that will be LIT AW @jakegbennett take care @DarylDaCritter,neither,0.037854998482233115,0.34737106389087613,0.6147739376268908
@jpcguy89 And hosted here,neither,0.17860832175963984,0.17721879147416902,0.6441728867661912
.....I had never actually seen the infamous first mini of Will Friedle... Now.. I wish that streak had continued.,neither,0.032635333475662706,0.3518709857827007,0.6154936807416366
"Help G&S make great content! $4.99/month gets you emotes, Minecraft server access, sub-only VODs, and more! Every sub keeps the channel alive! twitch.tv/geekandsundry/subscribe",neither,0.043907990691603095,0.31135964332838284,0.644732365980014
LUL I thought it was decent,neither,0.04072680996945811,0.253822127213665,0.705451062816877
I didn't know this was a segment :O,neither,0.026331075708172034,0.3736270054428441,0.600041918848984
shouldn't I be able to see video by now?,neither,0.05125637543359594,0.29252705146897556,0.6562165730974285
@TheDiMono Yep!,neither,0.03945320844208391,0.33037608806864915,0.630170703489267
"I mean, I have too, but my niece is 2 years old, lay off! :p",neither,0.03388609318821552,0.3982458225934989,0.5678680842182856
Night everybody! See you next week!,neither,0.044887826655774114,0.38646862289961476,0.5686435504446111
love the intro song,neither,0.03556570895739587,0.3345616803008671,0.6298726107417371
Night Jake!,neither,0.031053161642441776,0.33005094973461047,0.6388958886229478
"@gaomizuchi Its on the Critical Role channel, but it will also be hosted here",neither,0.05331138636677888,0.30273527222100793,0.6439533414122133
"@dreadpiratethomas if you can't see the video, it may need refreshing",neither,0.038174247830301065,0.29150981598132575,0.6703159361883732
@jakegbennett Later,neither,0.03945320844208391,0.33037608806864915,0.630170703489267
@avilister teenHEY,neither,0.03945320844208391,0.33037608806864915,0.630170703489267
all hail papa bones,neither,0.040764649537937285,0.3838838044367533,0.5753515460253095
@EQWashu travHey,neither,0.03945320844208391,0.33037608806864915,0.630170703489267
gah!! how do I refresh??,neither,0.04058253588874385,0.3299876605737523,0.6294298035375039
@dreadpiratethomas F5,neither,0.03945320844208391,0.33037608806864915,0.630170703489267
farm on my phone!,neither,0.026057809574888558,0.43040958194145884,0.5435326084836527
@dreadpiratethomas what are you on? mobile or browser? Just leave and come back real quick,neither,0.056889180130652486,0.4174075547672834,0.5257032651020642
*I'm* on my phone,neither,0.02071868282469162,0.47913927292059516,0.5001420442547131
mo ile,neither,0.03945320844208391,0.33037608806864915,0.630170703489267
Its all fun and games until someone is bleeding on a mini,neither,0.03875561180235749,0.35397175866600267,0.6072726295316399
cool twin emotes @EQWashu and @Avilister,neither,0.038621850527603564,0.28806184996014944,0.6733162995122471
@dreadpiratethomas Can you go to the URL bar and hit Go again?,neither,0.05398746145265044,0.33932124885740145,0.606691289689948
dammit. mobile,neither,0.03945320844208391,0.33037608806864915,0.630170703489267
"no, I'm on the twitch app on my mobile device",neither,0.029316458551998666,0.3915807933608452,0.5791027480871561
Oh. I don't know then,neither,0.04648937123559981,0.2642011862974318,0.6893094424669686
@dreadpiratethomas Just close the app and open it again,neither,0.03276541289031428,0.3282600296497395,0.6389745574599461
I've only watched live one other time and it just started when I was in the chat...,neither,0.020047183085485053,0.35614004922361986,0.6238127676908951
"@dreadpiratethomas either leave the channel and come back, or just close and repon the app <3 that usually fixes the peskier app bugs",neither,0.03406116672456556,0.3161546985131985,0.649784134762236
Still got about 45 minutes until CR starts. Plenty of time to figure out tech stuff.,neither,0.03806660316807205,0.3827773295525778,0.5791560672793502
Used to love doing this with my mordheim models. I coudn't paint at all but it was fun,neither,0.02644294129892648,0.47285271661641065,0.5007043420846629
Oh no Matt shaved!,neither,0.04325027080668262,0.2991580611153096,0.6575916680780077
@kosmo002 This is pre-recorded from a while ago,neither,0.04605278686729739,0.31656989512673406,0.6373773180059685
"and if you make a boo-boo, try epoxy putty",neither,0.03473001734374161,0.3686580718509597,0.5966119108052987
dammit. still no videp,neither,0.037582174587215786,0.36213241559501474,0.6002854098177696
@kosmo002 Is this live or pre-recorded?,neither,0.04979862527848063,0.3280305336138324,0.6221708411076871
this is a rerun episode. CR is moving to their own channel,neither,0.07301688070498034,0.31878330210868716,0.6081998171863324
Cool,neither,0.03945320844208391,0.33037608806864915,0.630170703489267
prerecorded,neither,0.03945320844208391,0.33037608806864915,0.630170703489267
Oh ok whew @TheDiMono,neither,0.04713570804197639,0.2590205851270262,0.6938437068309974
@Alfox Prerecorded,neither,0.03945320844208391,0.33037608806864915,0.630170703489267
Ultra-Instinct Matt is no more; where's the gruff stuff?,neither,0.0454520336258555,0.302952239632878,0.6515957267412664
is CR on their twitch channel from tonight onward?,neither,0.041307391379994,0.3118040141319187,0.6468885944880873
"@JeffM0307 That's what I thought, thanks!",neither,0.04282493026059109,0.24293191097654743,0.7142431587628614
"To learn more about Critical Role, please head to their site where you can find all of the information: https://critrole.com/critical-role-talks-machina-broadcast-updates/",neither,0.05180098580268587,0.33106106395237256,0.6171379502449417
"@kosmo002 Airing there, hosted here",neither,0.08698758760058935,0.252953266474795,0.6600591459246157
watch in amazement as Matt's bear will reappear in less than an hour!,neither,0.04194586180509895,0.3361049871502903,0.6219491510446108
*beard,neither,0.03945320844208391,0.33037608806864915,0.630170703489267
lul,neither,0.03945320844208391,0.33037608806864915,0.630170703489267
That's what I call a 9oclock shadow,neither,0.04075823821858576,0.36751367049271144,0.5917280912887029
@VileSlanders Premiere broadcast of an Alpha show from about a year ago.,neither,0.047830882801864906,0.28849962501751714,0.663669492180618
@Ronin903468 Close enough,neither,0.03945320844208391,0.33037608806864915,0.630170703489267
did they just say zen,neither,0.03360326567105536,0.35834422463070603,0.6080525096982385
Is this an old episode? Are there new episodes of Painters Guild or is it on Haiatus?,neither,0.06799419919489873,0.22390611681238035,0.7080996839927209
lol,neither,0.020706217963973744,0.4882283491876925,0.4910654328483337
just got here. what are they doing with the x-acto knife?,neither,0.08385073520361676,0.32857069680581436,0.587578567990569
hahahaha,neither,0.03945320844208391,0.33037608806864915,0.630170703489267
that's funny,neither,0.03149023864211704,0.42831011385435813,0.5401996475035248
"Gotcha, just tuning in early for CR",neither,0.032952774105608984,0.30488857805037806,0.662158647844013
@TrainerJodie This is the first ever episode,neither,0.03848391467948108,0.3162601961271053,0.6452558891934137
@trainerjodie this is episode 1,neither,0.050298936780661496,0.3286480543696765,0.621053008849662
@TheDiMono any idea on when new shows are coing out?,neither,0.04500235665287923,0.286516696932164,0.6684809464149567
Lol does Matt never sleep,offensive_language,0.021226025064787817,0.4994735330543807,0.47930044188083154
"@theneoseer Cutting off plastic mold errors, etc.",neither,0.03945320844208391,0.33037608806864915,0.630170703489267
@theneoseer they are cutting off the flashing (visible mold seams),neither,0.05496614216209427,0.28960805860888805,0.6554257992290177
thanks @Alfox !,neither,0.035884468650613,0.3004919205142699,0.6636236108351171
"Oh .. now I feel dumb. It hasn't started yet, has it? at 7 in Arizona, but I think they're an hour behind us.",neither,0.06572447272814529,0.29708550418533625,0.6371900230865185
@Critternation3000 of this or of CR? CR is continuing uninterrupted. This is an Alpha show,neither,0.05553509178831221,0.28997752671213906,0.6544873814995489
LUL,neither,0.03945320844208391,0.33037608806864915,0.630170703489267
Howdy all! I'm so glad that more people now have access to this wonderful show. Hooray for hobby!,neither,0.06392029755819606,0.3509950644134312,0.5850846380283728
@henryalanventure We all know Matt is a demigod and doesn't need sleep.,neither,0.045967918690659144,0.34841189256761934,0.6056201887417215
it wont start till 9 for me,neither,0.027464240092572357,0.3383604744739374,0.6341752854334903
I usually use cuticle scissors or a dremel but I work with things larger than minis jenLUL,neither,0.014964215960982213,0.4241633354316115,0.5608724486074063
LUL,neither,0.03945320844208391,0.33037608806864915,0.630170703489267
I'd watch that episode.,neither,0.041069991843304614,0.3748531491530424,0.584076859003653
I need to go AFK and do some stuff. See you all in about 50 minutes for CR!,neither,0.043379286339323475,0.3738337543635695,0.5827869592971069
@TheDiMono no i mean like to replace TWC and CR and tues seems like the schedule is barren except friday now,neither,0.05723884870966824,0.29985865884714846,0.6429024924431833
@TheDiMono See ya!,offensive_language,0.02052170517863985,0.6984459664727475,0.2810323283486127
@thedimono rooHappy see ya then!,offensive_language,0.022342535730337336,0.6524258447767736,0.325231619492889
"@Critternation3000 CR and Talks will still be hosted here. They're not going anywhere. For TWC, I don't know",neither,0.06931575373120338,0.2703617923120647,0.6603224539567318
@critternation3000 just gotta stay tuned steebzCheese,neither,0.03388589255378492,0.37606029709458827,0.5900538103516269
why isnt CR on youtube yet? where is the stream tonight?!!!,neither,0.0344101517266146,0.3061698609730436,0.6594199873003418
@Vathragmyr Starts in an hour,neither,0.0397603518583151,0.32516306271476414,0.6350765854269207
"To learn more about Critical Role, please head to their site where you can find all of the information: https://critrole.com/critical-role-talks-machina-broadcast-updates/",neither,0.05180098580268587,0.33106106395237256,0.6171379502449417
@Vathragmyr everything is on their channel now too it hink,neither,0.04194742148057135,0.3430714052370511,0.6149811732823776
Whats THIS? Mercer pregaming with some mini painting????,neither,0.026586031907203798,0.3681733197166796,0.6052406483761166
says 48 minutes with the timer ^^,neither,0.02951735175693718,0.3480942338742819,0.6223884143687809
!clock,neither,0.03945320844208391,0.33037608806864915,0.630170703489267
It is currently Thursday 6:12 PM at the Geek & Sundry studio in California.,neither,0.05164904794012704,0.3295916259071137,0.6187593261527593
this awesome,neither,0.039321589708492664,0.33261000147521536,0.628068408816292
"@Flyingchair Okay, I rounded",neither,0.03945320844208391,0.33037608806864915,0.630170703489267
painter's club rerun I believe?,neither,0.03945320844208391,0.33037608806864915,0.630170703489267
I'm going to assume this was season 1?,neither,0.04395305278844565,0.35141082633898557,0.6046361208725688
!wheniscr,neither,0.03945320844208391,0.33037608806864915,0.630170703489267
"gandsMattBlindfold Critical Role is on at 7 PM PST on Thursdays, it is currently 6:12 PM PST on Thursday. There is 47 Minutes, 37 Seconds or 105456 seconds until the next episode of Critical Role. This command has been run 1387 times but has probably been asked about way more. gandsNein",neither,0.040894878607896416,0.3437057203193346,0.615399401072769
Painters Guild..,neither,0.03945320844208391,0.33037608806864915,0.630170703489267
@1midnightr0se the first episode!,neither,0.030520940226387974,0.3141270492142458,0.6553520105593662
my bad. I never watched it before,offensive_language,0.021326826832275787,0.49001298240747604,0.4886601907602482
gotta be a rerun unless Mercer shaved,neither,0.0382035007575461,0.36234991306593795,0.5994465861765159
"@ArisBranwin Season 1, episode 1",neither,0.039723114077417764,0.32579508503945614,0.6344818008831261
"also, no beard on Mercer is a big clue",neither,0.02978679413794741,0.39405111386941777,0.5761620919926348
@Alfox didn't mean it as a correction to you xD just checked it and responded to vath,neither,0.039207021444472565,0.390137321814691,0.5706556567408364
@GeeZeR_FroG It's a rerun,neither,0.034373745257138544,0.33212314837979673,0.6335031063630647
"@1midnightr0se no worries, you can start from the beginning this evening <3",neither,0.0490467386823618,0.34288538508851146,0.6080678762291267
"Haha, it should have said 13 months xD",neither,0.04340141536380903,0.4251098648120131,0.5314887198241779
this looks pretty fun,neither,0.03935298057898995,0.3320772164792325,0.6285698029417774
"@RenericValenway it isn't on this channel anymore, though i think it will be hosted by it.",neither,0.03731931085020753,0.3505760039471291,0.6121046852026633
Do you have to subscribe to watch the new episode that'll be streamed?,neither,0.07304577642828146,0.3119947792801911,0.6149594442915275
"@Flyingchair Oh, I know. I wasn't offended",neither,0.044676173367416895,0.2806035372751058,0.6747202893574773
so is CR here tonight or on their twitch channel?,neither,0.0657249062885951,0.3257321678484065,0.6085429258629984
on theirs,neither,0.03604994862660617,0.3468118372728627,0.617138214100531
"@fullmetal88m it'll be streamed there, hosted here",neither,0.10153585333989719,0.23783223672264875,0.660631909937454
its on their channel,neither,0.031022218179794666,0.3459072858082658,0.6230704960119395
no more GandS cr,neither,0.04051760944816556,0.3349802388460002,0.6245021517058342
