text,top_class,hate_speech,offensive_language,neither
bryandHypeBlue,neither,0.03945320844208391,0.33037608806864915,0.630170703489267
when is part 2? next week?,neither,0.035871364454873524,0.3861854806196283,0.5779431549254982
Yes,neither,0.03945320844208391,0.33037608806864915,0.630170703489267
Yep,neither,0.03945320844208391,0.33037608806864915,0.630170703489267
I'm so glad they decided to stream it over here instead of exclusively on alpha,neither,0.05946147102584653,0.3404757199023791,0.6000628090717743
!time,neither,0.036668274527354654,0.377643684699956,0.5856880407726893
Hey everyone!,neither,0.031959242684595296,0.4575682446653829,0.5104725126500218
Hello @lostthenumbers,neither,0.03945320844208391,0.33037608806864915,0.630170703489267
<3 <3 <3,neither,0.03945320844208391,0.33037608806864915,0.630170703489267
hello,neither,0.03945320844208391,0.33037608806864915,0.630170703489267
Hello!,neither,0.03945320844208391,0.33037608806864915,0.630170703489267
how long till the show starts,neither,0.0510700107827731,0.25213702136849375,0.6967929678487331
Do pumped to se DAW do her thing tonight,neither,0.036795034105620815,0.4426608013801221,0.5205441645142571
F5,neither,0.03945320844208391,0.33037608806864915,0.630170703489267
Hello,neither,0.03945320844208391,0.33037608806864915,0.630170703489267
s o o n,neither,0.03945320844208391,0.33037608806864915,0.630170703489267
So glad they’re streaming R&R now,neither,0.05427531551851221,0.3434236881869218,0.602300996294566
The Schedule looks so sad.,neither,0.03854542865332303,0.3549586801863498,0.6064958911603272
LIVE!!!,neither,0.04891340716200846,0.3271222919257548,0.6239643009122369
Critical Role and Talks Machina will be moving to Critical Role's Twitch channel on 02/19/19. For more information please see this link: https://critrole.com/critical-role-talks-machina-broadcast-updates/. All previously aired content will continue to be available in the Geek & Sundry Twitch library and on YouTube. Both shows will continue to be hosted here on Geek & Sundry's Twitch when those episodes are streamed live.,neither,0.05444289053011623,0.2958484475329575,0.6497086619369262
gandsHype gandsHype gandsHype gandsHype gandsHype gandsHype,neither,0.03945320844208391,0.33037608806864915,0.630170703489267
woo. timing.,neither,0.03945320844208391,0.33037608806864915,0.630170703489267
bryandRaid bryandRaid bryandRaid bryandRaid bryandRaid bryandRaid bryandRaid bryandRaid bryandRaid bryandRaid,neither,0.03945320844208391,0.33037608806864915,0.630170703489267
"@TheUltimateNerd713 -> THE EMOTES, THEY`RE TOO MANY [warning]",neither,0.055080314918249766,0.29325628621143124,0.651663398870319
bryandRaid bryandRaid bryandRaid bryandRaid,neither,0.03945320844208391,0.33037608806864915,0.630170703489267
bryandRaid bryandRaid <3 bryandRaid <3 bryandRaid bryandYeehaw,neither,0.03945320844208391,0.33037608806864915,0.630170703489267
bryandHeart bryandHeart bryandHeart bryandHeart bryandHeart,neither,0.03945320844208391,0.33037608806864915,0.630170703489267
TombRaid TombRaid TombRaid TombRaid TombRaid TombRaid TombRaid TombRaid TombRaid,neither,0.03945320844208391,0.33037608806864915,0.630170703489267
bryandRaid bryandRaid bryandRaid bryandRaid,neither,0.03945320844208391,0.33037608806864915,0.630170703489267
bryandRaid bryandRaid bryandRaid,neither,0.03945320844208391,0.33037608806864915,0.630170703489267
bryandRaid bryandRaid,neither,0.03945320844208391,0.33037608806864915,0.630170703489267
bryandRaid bryandRaid bryandRaid bryandRaid bryandRaid bryandRaid bryandRaid,neither,0.03945320844208391,0.33037608806864915,0.630170703489267
bryandRaid bryandRaid bryandRaid bryandRaid,neither,0.03945320844208391,0.33037608806864915,0.630170703489267
bryandRaid bryandRaid bryandRaid bryandRaid bryandRaid,neither,0.03945320844208391,0.33037608806864915,0.630170703489267
bryandRaid bryandRaid bryandRaid,neither,0.03945320844208391,0.33037608806864915,0.630170703489267
bryandRaid bryandRaid bryandRaid bryandRaid bryandRaid,neither,0.03945320844208391,0.33037608806864915,0.630170703489267
bryandRaid bryandRaid bryandRaid bryandRaid bryandRaid,neither,0.03945320844208391,0.33037608806864915,0.630170703489267
bryandRaid bryandRaid bryandRaid bryandRaid bryandRaid bryandRaid bryandRaid bryandRaid bryandRaid bryandRaid,neither,0.03945320844208391,0.33037608806864915,0.630170703489267
bryandRaid bryandRaid bryandRaid bryandRaid bryandRaid,neither,0.03945320844208391,0.33037608806864915,0.630170703489267
bryandRaid bryandRaid bryandRaid,neither,0.03945320844208391,0.33037608806864915,0.630170703489267
bryandRaid bryandRaid bryandRaid bryandRaid bryandRaid,neither,0.03945320844208391,0.33037608806864915,0.630170703489267
bryandRaid,neither,0.03945320844208391,0.33037608806864915,0.630170703489267
bryandRaid bryandRaid bryandRaid bryandRaid bryandRaid bryandRaid bryandRaid bryandRaid bryandRaid bryandRaid,neither,0.03945320844208391,0.33037608806864915,0.630170703489267
bryandRaid bryandRaid bryandRaid bryandRaid bryandRaid,neither,0.03945320844208391,0.33037608806864915,0.630170703489267
bryandRaid bryandRaid bryandRaid bryandRaid,neither,0.03945320844208391,0.33037608806864915,0.630170703489267
bryandRaid bryandRaid bryandRaid bryandRaid bryandRaid bryandRaid bryandRaid,neither,0.03945320844208391,0.33037608806864915,0.630170703489267
bryandRaid bryandRaid bryandRaid bryandRaid bryandRaid,neither,0.03945320844208391,0.33037608806864915,0.630170703489267
bryandRaid bryandRaid bryandRaid,neither,0.03945320844208391,0.33037608806864915,0.630170703489267
bryandRaid bryandRaid bryandRaid bryandRaid bryandRaid bryandRaid,neither,0.03945320844208391,0.33037608806864915,0.630170703489267
We have a subscriber-only Discord server! Join here: https://discord.gg/geekandsundry (you'll need to sub and link it to your Twitch) and be a part of the fun!...Warning: It can take up to an hour for the server to update and give you access to the channels,neither,0.08464076273808444,0.286394834032893,0.6289644032290227
CONNOR ARMY IS HEREEE,neither,0.0471859699920646,0.32771643678117074,0.6250975932267647
bryandRaid bryandRaid bryandRaid bryandRaid,neither,0.03945320844208391,0.33037608806864915,0.630170703489267
bryandHeart bryandHeart bryandHeart bryandHeart bryandHeart bryandHeart,neither,0.03945320844208391,0.33037608806864915,0.630170703489267
bryandRaid bryandHeart bryandRaid bryandHeart,neither,0.03945320844208391,0.33037608806864915,0.630170703489267
"I'm torn I just found the Loremasters interview with Sam de Leve, but I'd also like to see this and follow the chat until my bedtime. I'm so indecisive.",neither,0.03177869449370412,0.3873112673586399,0.5809100381476561
*gently raids*,neither,0.03945320844208391,0.33037608806864915,0.630170703489267
bryandRaid bryandRaid bryandRaid bryandRaid bryandRaid bryandRaid bryandRaid bryandRaid bryandRaid bryandRaid,neither,0.03945320844208391,0.33037608806864915,0.630170703489267
critroleAshley,neither,0.03945320844208391,0.33037608806864915,0.630170703489267
TombRaid TombRaid TombRaid TombRaid TombRaid TombRaid <3,neither,0.03945320844208391,0.33037608806864915,0.630170703489267
bryandRaid bryandRaid bryandRaid bryandRaid,neither,0.03945320844208391,0.33037608806864915,0.630170703489267
bryandRaid bryandRaid,neither,0.03945320844208391,0.33037608806864915,0.630170703489267
bryandHeart bryandHeart bryandHeart bryandRaid,neither,0.03945320844208391,0.33037608806864915,0.630170703489267
bryandRaid bryandRaid bryandRaid bryandRaid bryandRaid bryandRaid,neither,0.03945320844208391,0.33037608806864915,0.630170703489267
bryandRaid bryandRaid bryandRaid bryandRaid bryandRaid,neither,0.03945320844208391,0.33037608806864915,0.630170703489267
bryandRaid bryandRaid bryandRaid bryandRaid bryandRaid bryandRaid bryandRaid bryandRaid,neither,0.03945320844208391,0.33037608806864915,0.630170703489267
bryandRaid bryandRaid bryandRaid bryandRaid,neither,0.03945320844208391,0.33037608806864915,0.630170703489267
bryandRaid bryandRaid bryandRaid,neither,0.03945320844208391,0.33037608806864915,0.630170703489267
bryandRaid bryandRaid bryandRaid bryandRaid bryandRaid bryandRaid,neither,0.03945320844208391,0.33037608806864915,0.630170703489267
bryandRaid bryandRaid bryandRaid bryandRaid bryandRaid bryandRaid bryandRaid bryandRaid,neither,0.03945320844208391,0.33037608806864915,0.630170703489267
bryandRaid bryandRaid bryandRaid bryandRaid bryandRaid,neither,0.03945320844208391,0.33037608806864915,0.630170703489267
bryandRaid bryandRaid bryandRaid bryandRaid,neither,0.03945320844208391,0.33037608806864915,0.630170703489267
bryandRaid,neither,0.03945320844208391,0.33037608806864915,0.630170703489267
bryandRaid bryandRaid bryandRaid bryandRaid,neither,0.03945320844208391,0.33037608806864915,0.630170703489267
bryandRaid bryandRaid bryandRaid bryandRaid bryandRaid,neither,0.03945320844208391,0.33037608806864915,0.630170703489267
ramaShield ramaShield ramaShield ramaShield ramaShield ramaShield ramaShield ramaShield ramaShield ramaShield ramaShield ramaShield ramaShield,neither,0.03945320844208391,0.33037608806864915,0.630170703489267
bryandRaid bryandRaid bryandRaid,neither,0.03945320844208391,0.33037608806864915,0.630170703489267
LUL,neither,0.03945320844208391,0.33037608806864915,0.630170703489267
That awkward moment when a raid is interrupted by Nightbot. lol,neither,0.03172545160137272,0.4395655593488555,0.5287089890497718
bryandRaid bryandRaid bryandRaid,neither,0.03945320844208391,0.33037608806864915,0.630170703489267
OOF,neither,0.03945320844208391,0.33037608806864915,0.630170703489267
intriguing! :D,neither,0.03945320844208391,0.33037608806864915,0.630170703489267
bryandRaid bryandRaid bryandRaid bryandRaid bryandRaid bryandRaid,neither,0.03945320844208391,0.33037608806864915,0.630170703489267
critroleCaleb critroleFire critroleCaleb critroleFire critroleCaleb critroleFire critroleCaleb critroleFire critroleCaleb critroleFire critroleCaleb critroleFire,neither,0.03945320844208391,0.33037608806864915,0.630170703489267
welcome raiders,neither,0.03945320844208391,0.33037608806864915,0.630170703489267
bryandRaid bryandRaid bryandRaid bryandRaid,neither,0.03945320844208391,0.33037608806864915,0.630170703489267
bryandRaid bryandRaid bryandRaid bryandRaid bryandRaid,neither,0.03945320844208391,0.33037608806864915,0.630170703489267
bryandRaid bryandRaid,neither,0.03945320844208391,0.33037608806864915,0.630170703489267
yesss,neither,0.03945320844208391,0.33037608806864915,0.630170703489267
bryandRaid bryandRaid bryandRaid bryandRaid bryandRaid,neither,0.03945320844208391,0.33037608806864915,0.630170703489267
"Easy on the emotes, folks!",neither,0.03560701129460905,0.3274696361069659,0.6369233525984249
bryandRaid bryandRaid bryandRaid bryandRaid bryandRaid bryandRaid bryandRaid bryandRaid,neither,0.03945320844208391,0.33037608806864915,0.630170703489267
bryandRaid bryandRaid bryandRaid bryandRaid bryandRaid,neither,0.03945320844208391,0.33037608806864915,0.630170703489267
bryandRaid bryandRaid bryandRaid bryandRaid bryandRaid,neither,0.03945320844208391,0.33037608806864915,0.630170703489267
critrolePercy critrolePercy critrolePercy,neither,0.03945320844208391,0.33037608806864915,0.630170703489267
CONNOR ARMY RAID!!! bryandHug bryandArmy bryandRaid CONNOR ARMY RAID!!! bryandHug bryandArmy bryandRaid,neither,0.03945320844208391,0.33037608806864915,0.630170703489267
bryandRaid bryandRaid bryandRaid bryandRaid bryandRaid bryandRaid bryandRaid bryandRaid,neither,0.03945320844208391,0.33037608806864915,0.630170703489267
bryandRaid bryandRaid,neither,0.03945320844208391,0.33037608806864915,0.630170703489267
bryandRaid bryandRaid bryandRaid bryandRaid,neither,0.03945320844208391,0.33037608806864915,0.630170703489267
bryandRaid bryandRaid bryandRaid bryandRaid,neither,0.03945320844208391,0.33037608806864915,0.630170703489267
bryandSuccessMission bryandSuccessMission bryandPositivity bryandPositivity Enjoy the stream!,neither,0.03858500964513598,0.31450768900408865,0.6469073013507753
bryandRaid bryandRaid bryandRaid bryandRaid bryandRaid,neither,0.03945320844208391,0.33037608806864915,0.630170703489267
bryandRaid bryandRaid bryandRaid bryandRaid,neither,0.03945320844208391,0.33037608806864915,0.630170703489267
Why aren’t we raiding someone with little viewers,neither,0.024294664942533982,0.3745045271375602,0.6012008079199057
bryandRaid bryandRaid bryandRaid bryandRaid,neither,0.03945320844208391,0.33037608806864915,0.630170703489267
shioHYPE shioLOVE,neither,0.03945320844208391,0.33037608806864915,0.630170703489267
bryandRaid bryandRaid bryandRaid,neither,0.03945320844208391,0.33037608806864915,0.630170703489267
bryandRaid bryandRaid bryandRaid bryandRaid bryandRaid bryandRaid bryandRaid bryandRaid,neither,0.03945320844208391,0.33037608806864915,0.630170703489267
bryandRaid bryandRaid bryandRaid bryandRaid bryandRaid bryandRaid,neither,0.03945320844208391,0.33037608806864915,0.630170703489267
"@jennaaaaay -> THE EMOTES, THEY`RE TOO MANY [warning]",neither,0.055080314918249766,0.29325628621143124,0.651663398870319
bryandRaid bryandRaid bryandRaid bryandRaid bryandRaid,neither,0.03945320844208391,0.33037608806864915,0.630170703489267
bryandRaid bryandRaid bryandRaid bryandRaid,neither,0.03945320844208391,0.33037608806864915,0.630170703489267
bryandRaid bryandRaid bryandRaid bryandRaid bryandRaid bryandRaid,neither,0.03945320844208391,0.33037608806864915,0.630170703489267
bryandRaid bryandRaid bryandRaid,neither,0.03945320844208391,0.33037608806864915,0.630170703489267
bryandRaid bryandRaid bryandRaid,neither,0.03945320844208391,0.33037608806864915,0.630170703489267
bryandRaid bryandWink bryandTraci bryandRaid,neither,0.03945320844208391,0.33037608806864915,0.630170703489267
bryandRaid bryandRaid,neither,0.03945320844208391,0.33037608806864915,0.630170703489267
Helloooo4,neither,0.03945320844208391,0.33037608806864915,0.630170703489267
bryandRaid bryandRaid bryandRaid,neither,0.03945320844208391,0.33037608806864915,0.630170703489267
bryandRaid bryandRaid bryandRaid bryandRaid bryandRaid,neither,0.03945320844208391,0.33037608806864915,0.630170703489267
bryandRaid bryandRaid bryandRaid,neither,0.03945320844208391,0.33037608806864915,0.630170703489267
Hello bryandCuriosity bryandWave,neither,0.03945320844208391,0.33037608806864915,0.630170703489267
bryandRaid bryandRaid bryandRaid bryandRaid,neither,0.03945320844208391,0.33037608806864915,0.630170703489267
bryandRaid bryandRaid bryandRaid bryandRaid bryandRaid bryandRaid bryandRaid bryandRaid bryandRaid,neither,0.03945320844208391,0.33037608806864915,0.630170703489267
hi connor,neither,0.03945320844208391,0.33037608806864915,0.630170703489267
bryandRaid bryandRaid bryandRaid bryandRaid bryandRaid bryandRaid bryandRaid,neither,0.03945320844208391,0.33037608806864915,0.630170703489267
bryandRaid bryandRaid bryandRaid,neither,0.03945320844208391,0.33037608806864915,0.630170703489267
bryandRaid bryandRaid bryandRaid,neither,0.03945320844208391,0.33037608806864915,0.630170703489267
Welcome Raiders,neither,0.03945320844208391,0.33037608806864915,0.630170703489267
bryandRaid bryandRaid bryandRaid bryandRaid,neither,0.03945320844208391,0.33037608806864915,0.630170703489267
CONNOR ARMY RAID WHOOP,neither,0.03945320844208391,0.33037608806864915,0.630170703489267
bryandHeart,neither,0.03945320844208391,0.33037608806864915,0.630170703489267
this isn’t live right?,neither,0.04333333239373252,0.3509223903819171,0.6057442772243505
bryandRaid bryandRaid,neither,0.03945320844208391,0.33037608806864915,0.630170703489267
We haven't started yet,neither,0.039306043714485296,0.3328738575653317,0.6278200987201831
bryandRaid bryandRaid bryandRaid bryandRaid,neither,0.03945320844208391,0.33037608806864915,0.630170703489267
"2 mins late, I was trying to finish the last episode ramaLul have we missed anything left",neither,0.041996712884279926,0.3268388126511496,0.6311644744645705
bryandRaid bryandRaid bryandRaid,neither,0.03945320844208391,0.33037608806864915,0.630170703489267
bryandRaid bryandRaid bryandRaid bryandRaid,neither,0.03945320844208391,0.33037608806864915,0.630170703489267
bryandRaid bryandRaid,neither,0.03945320844208391,0.33037608806864915,0.630170703489267
CONNOR ARMYYY bryandRaid bryandRaid,neither,0.03945320844208391,0.33037608806864915,0.630170703489267
bryandRaid bryandRaid bryandRaid bryandRaid,neither,0.03945320844208391,0.33037608806864915,0.630170703489267
bryandRaid bryandRaid bryandRaid bryandRaid,neither,0.03945320844208391,0.33037608806864915,0.630170703489267
bryandRaid bryandRaid,neither,0.03945320844208391,0.33037608806864915,0.630170703489267
"@NebulousDream Correct, this is prerecorded",neither,0.04994448465068771,0.32871172086384776,0.6213437944854645
Connor Army!,neither,0.03945320844208391,0.33037608806864915,0.630170703489267
MercyWing1 PinkMercy MercyWing2,neither,0.03945320844208391,0.33037608806864915,0.630170703489267
bryandRaid bryandRaid bryandRaid bryandRaid,neither,0.03945320844208391,0.33037608806864915,0.630170703489267
28 months whoa,neither,0.03945320844208391,0.33037608806864915,0.630170703489267
bryandRaid bryandRaid,neither,0.03945320844208391,0.33037608806864915,0.630170703489267
bryandRaid bryandRaid bryandRaid bryandRaid,neither,0.03945320844208391,0.33037608806864915,0.630170703489267
:D,neither,0.03945320844208391,0.33037608806864915,0.630170703489267
Can't wait! TombRaid TombRaid TombRaid,neither,0.03991073413903658,0.3226106829444422,0.6374785829165213
"Help G&S make great content! $4.99/month gets you emotes, Minecraft server access, sub-only VODs, and more! Every sub keeps the channel alive! twitch.tv/geekandsundry/subscribe",neither,0.043907990691603095,0.31135964332838284,0.644732365980014
"A modest emote raid, hehehehe!! bryandHug bryandArmy bryandRaid",neither,0.03945320844208391,0.33037608806864915,0.630170703489267
bryandRaid,neither,0.03945320844208391,0.33037608806864915,0.630170703489267
bryandRaid bryandRaid,neither,0.03945320844208391,0.33037608806864915,0.630170703489267
lol,neither,0.020706217963973744,0.4882283491876925,0.4910654328483337
bryandRaid bryandRaid bryandRaid,neither,0.03945320844208391,0.33037608806864915,0.630170703489267
!caster BryanDechart,neither,0.03945320844208391,0.33037608806864915,0.630170703489267
You should give BryanDechart a follow! Check them out here: twitch.tv/BryanDechart !,neither,0.11039897335229146,0.3617950278714044,0.5278059987763041
Connor army,neither,0.03945320844208391,0.33037608806864915,0.630170703489267
bryandRaid bryandRaid bryandRaid,neither,0.03945320844208391,0.33037608806864915,0.630170703489267
Dumb,neither,0.03945320844208391,0.33037608806864915,0.630170703489267
bryandRaid bryandRaid bryandRaid bryandRaid,neither,0.03945320844208391,0.33037608806864915,0.630170703489267
"Request: Can we get a ""card"" that includes the name of the guest plus the class and race?",neither,0.13362589090393998,0.13799833825807006,0.7283757708379901
this raid may mean well but I'm thinking I should go back to the Sam de Leve interview instead.,neither,0.04793474131163735,0.3321434245214482,0.6199218341669145
bryandRaid bryandRaid bryandRaid bryandRaid bryandRaid bryandRaid,neither,0.03945320844208391,0.33037608806864915,0.630170703489267
pre recorded,neither,0.03945320844208391,0.33037608806864915,0.630170703489267
bryandRaid bryandRaid bryandRaid,neither,0.03945320844208391,0.33037608806864915,0.630170703489267
bryandRaid bryandRaid bryandRaid bryandRaid,neither,0.03945320844208391,0.33037608806864915,0.630170703489267
bryandRaid bryandRaid,neither,0.03945320844208391,0.33037608806864915,0.630170703489267
😀😀😀,neither,0.03945320844208391,0.33037608806864915,0.630170703489267
bryandRaid bryandRaid bryandRaid bryandRaid,neither,0.03945320844208391,0.33037608806864915,0.630170703489267
bryandRaid bryandRaid bryandRaid bryandRaid bryandRaid bryandRaid,neither,0.03945320844208391,0.33037608806864915,0.630170703489267
rooNom,neither,0.03945320844208391,0.33037608806864915,0.630170703489267
bryandRaid bryandRaid bryandRaid bryandRaid bryandRaid bryandRaid,neither,0.03945320844208391,0.33037608806864915,0.630170703489267
bryandRaid bryandRaid bryandRaid bryandRaid bryandRaid bryandRaid bryandRaid bryandRaid bryandRaid,neither,0.03945320844208391,0.33037608806864915,0.630170703489267
bryandHeart bryandHeart bryandHeart,neither,0.03945320844208391,0.33037608806864915,0.630170703489267
Deborah might be here for part or all of it in chat,neither,0.06493376586015825,0.3312607867904612,0.6038054473493805
"Well raided, Chill on my friends! Enjoy @GeekandSundry ! Shout out to #RelicsAndRarities on Twitter and Project Alpha bryandCelebrate bryandCelebrate bryandCelebrate bryandCelebrate",neither,0.031311075137199704,0.42455158746862737,0.5441373373941728
bryandRaid bryandRaid bryandRaid bryandRaid,neither,0.03945320844208391,0.33037608806864915,0.630170703489267
bryandRaid bryandRaid bryandRaid,neither,0.03945320844208391,0.33037608806864915,0.630170703489267
bryandHeart bryandHeart bryandHeart,neither,0.03945320844208391,0.33037608806864915,0.630170703489267
See you guys I’m gonna draw Bryan bryandLUL bryandLUL bryandHug bryandHeart bryandHug bryandHeart bryandHug,neither,0.05109305189711084,0.40818254095558404,0.5407244071473051
(This is one of my favorite parts of the show),neither,0.04499395262376613,0.3477532515600204,0.6072527958162135
@thedimono good to know! have lots of love and positivity from our community bryandHeart bryandHug,neither,0.04096498744966718,0.30658212027564635,0.6524528922746864
bryandRaid bryandRaid bryandRaid bryandRaid,neither,0.03945320844208391,0.33037608806864915,0.630170703489267
"@BryanDechart Later, Connor",neither,0.03945320844208391,0.33037608806864915,0.630170703489267
bryandHug bryandHeart bryandHug bryandHeart,neither,0.03945320844208391,0.33037608806864915,0.630170703489267
the set is so intricate and greay,neither,0.0477048630965434,0.3104846177981995,0.641810519105257
great,neither,0.03629809395026052,0.28705760395740076,0.6766443020923386
bryandArmy bryandRaid,neither,0.03945320844208391,0.33037608806864915,0.630170703489267
"The waiting, it's the hardest part. :P",neither,0.03695791926721626,0.3052718608082416,0.6577702199245422
wtf is this,offensive_language,0.05875134067276458,0.7027317341486384,0.23851692517859707
!wtfisthis,neither,0.03945320844208391,0.33037608806864915,0.630170703489267
"Set in a mysterious curio shop, creator Deborah Ann Woll brings a unique twist to the world of Dungeons & Dragons with gripping storytelling and arcane objects. Join Woll and a party of special guests each week as they face her puzzles and challenges!",neither,0.040966658740069856,0.36714479561251123,0.5918885456474189
I love this show. missco1Love,neither,0.05833385288354363,0.23792695023094135,0.703739196885515
bryandRaid bryandRaid bryandRaid,neither,0.03945320844208391,0.33037608806864915,0.630170703489267
Wow,neither,0.03945320844208391,0.33037608806864915,0.630170703489267
Did they move Wednesday club?,neither,0.03945320844208391,0.33037608806864915,0.630170703489267
"Amy turned into the girl from Daredevil? Seriously, what happened to TheWednesdayClub?",neither,0.04246522279648644,0.34147540582157465,0.616059371381939
hey court! what up,neither,0.042183965406948416,0.3806690143884626,0.577147020204589
"Hahahaha, I love that that's a nightbot prompt! bryandLUL bryandLUL",neither,0.02882422894650847,0.431870846019694,0.5393049250337976
They are so cute,neither,0.08430333721829844,0.2836801040378475,0.632016558743854
oh Veros,neither,0.051363287716059566,0.22255663153133606,0.7260800807526044
Excellent GM bryandPraise,neither,0.03945320844208391,0.33037608806864915,0.630170703489267
@zer0cypher TWC concluded last week,neither,0.03945320844208391,0.33037608806864915,0.630170703489267
@AquaroseSupahgirl Heya friend! bryandHug,neither,0.03945320844208391,0.33037608806864915,0.630170703489267
Goodbye friends! bryandHug bryandHeart,neither,0.03945320844208391,0.33037608806864915,0.630170703489267
noooooooooooooO!,neither,0.03945320844208391,0.33037608806864915,0.630170703489267
bryandHug bryandHug bryandHug,neither,0.03945320844208391,0.33037608806864915,0.630170703489267
bryandHug bryandHug bryandHug,neither,0.03945320844208391,0.33037608806864915,0.630170703489267
bye @VerdantGirl ! bryandHug,neither,0.03945320844208391,0.33037608806864915,0.630170703489267
lol that's a great prompt,neither,0.023024344108295833,0.42147049413962706,0.5555051617520771
Fill it with beer. LUL,neither,0.030349784554857744,0.3586020984557601,0.6110481169893822
bryandHydrate,neither,0.03945320844208391,0.33037608806864915,0.630170703489267
bryandHug,neither,0.03945320844208391,0.33037608806864915,0.630170703489267
@TheDiMono Concluded? So they finished talking about all the comics?,neither,0.03878952195058661,0.40942023231626373,0.5517902457331497
i love this group of people,neither,0.0685649572905557,0.34328277533304,0.5881522673764044
LUL,neither,0.03945320844208391,0.33037608806864915,0.630170703489267
"And when you're banned for publicly disrespecting the mods and speaking ill of the channel, staying away is easy!",neither,0.04837470940805838,0.2832574326805937,0.668367857911348
@stargazer1977,neither,0.03945320844208391,0.33037608806864915,0.630170703489267
This is awesome.,neither,0.050512911114032236,0.32860941969445295,0.6208776691915148
Daredevil. Was she also on Trueblood or am I thinking of someone else?,neither,0.03825023420361487,0.3934601072000487,0.5682896585963364
Simpatico,neither,0.03945320844208391,0.33037608806864915,0.630170703489267
"This looks fun, haha",neither,0.03501107602274881,0.40577066826657665,0.5592182557106746
She was on Trueblood,offensive_language,0.036625180966057984,0.5288242981096276,0.43455052092431445
yeah she was on Trueblood,offensive_language,0.01885737708119481,0.5849539477780208,0.3961886751407843
what is this show guys?,neither,0.08261646607743112,0.23628128114126054,0.6811022527813084
!lurk,neither,0.03945320844208391,0.33037608806864915,0.630170703489267
"Stef is a slayer, watch ""Lurk, a Fray fan film"" on lootcrates youtube here: https://www.youtube.com/watch?v=2ivPiJBrSIw",neither,0.063761840963411,0.31797094703149087,0.6182672120050983
@ZachsMind She was!,offensive_language,0.04271610209992653,0.537137069479862,0.4201468284202114
it does look fun vid,neither,0.028030535353550885,0.43846504409504217,0.5335044205514068
@zachsmind yep she was on true blood!,neither,0.038046528943573826,0.41542022234232323,0.5465332487141029
i just wanna what is happening,neither,0.04772538667638212,0.34360957292704847,0.6086650403965694
The production quality of this show is amazing.,neither,0.05989086309977974,0.25216683850445337,0.6879422983957668
I wish I could play like this,neither,0.05154075893840679,0.3497016832148368,0.5987575578467564
I also loved her in Daredevil. I'm so sad it's cancelled NotLikeThis,offensive_language,0.03309136287940605,0.48971283816103883,0.47719579895955516
tiny gnome is tiny,neither,0.045112533397969,0.3284295867045645,0.6264578798974665
They are actually playing,neither,0.07103324790352801,0.27747650107853084,0.6514902510179411
"I feel like we've got some catch-up to do to figure out what's going on, hahaha. :)",neither,0.028194960533453196,0.41701622794972243,0.5547888115168242
!whodat,neither,0.03945320844208391,0.33037608806864915,0.630170703489267
"Tommy Walker ( twitter.com/TommyWalker24 ), Jasmine Bhullar ( twitter.com/ThatBronzeGirl ), Julia Dennis ( twitter.com/juliamdennis ), Xander Jeanneret ( twitter.com/Xanderrific ), and Deborah Ann Woll ( twitter.com/DeborahAnnWoll ), with Sam Richardson ( twitter.com/SamRichardson ).",neither,0.03627428759306721,0.46095444720363016,0.5027712652033027
pre recorded i guess,neither,0.039049683071737985,0.33522300991198484,0.6257273070162771
bryandZype bryandZype,neither,0.03945320844208391,0.33037608806864915,0.630170703489267
PowerUpL critroleGothdad PowerUpR,neither,0.03945320844208391,0.33037608806864915,0.630170703489267
@MrCertainly The reasons for ending the show have not been released.,neither,0.041738933684037374,0.25780076397669754,0.7004603023392653
@pillowcatt Agreed. The last season was amazing.,neither,0.03884289241064618,0.3161380102312169,0.645019097358137
Is this show live or edited?,neither,0.06702403925387647,0.262452772737799,0.6705231880083244
"So is this all scripted, or is it on the spot? O:",neither,0.04839376603034931,0.40779080786098537,0.5438154261086652
"@GenoHD Yes, this is prerecorded",neither,0.05308062298782461,0.32813447474430346,0.618784902267872
This intro is amazing,neither,0.046854476549242144,0.32924829992061105,0.6238972235301469
pre recorded content SeemsGood,neither,0.03945320844208391,0.33037608806864915,0.630170703489267
is this LARP,neither,0.06444388513749441,0.32581973129223984,0.6097363835702658
@buddybluejay on the spot.,neither,0.034606120863032906,0.32684726159348954,0.6385466175434776
"@buddybluejay Deborah has a rough plot she anticipates the players following, but everything is improv on the spot",neither,0.039981080143623254,0.36345292326558054,0.5965659965907963
Request: Love seeing the casts' reactions to seeing the set. Can you include those in the future?,neither,0.05890160518660755,0.2954237317033913,0.6456746631100011
Ooo this opening is so cool!,neither,0.04587092413084861,0.36558479830191043,0.5885442775672409
The intro IS amazing! @gabstersdictionary,neither,0.04612009951846733,0.31297311711495013,0.6409067833665825
this is pretty cool,neither,0.04967417542220118,0.3287599918840677,0.6215658326937311
first time watching and this is amazing already,neither,0.03707183093696019,0.3292850166692267,0.6336431523938131
Oooo I love the intro! bryandHeart,neither,0.0354413717117043,0.3270902284448931,0.6374683998434026
One Hour long yes I miss Wednesday Club,neither,0.03416953952266877,0.351929018195923,0.6139014422814083
"Wait, this is pre-recorded? So we're watching a live broadcast of a recorded show....",neither,0.06208909256335807,0.30219938079054326,0.6357115266460986
Oooooh nice set design! bryandOMG,neither,0.03945320844208391,0.33037608806864915,0.630170703489267
bryandHeart,neither,0.03945320844208391,0.33037608806864915,0.630170703489267
"It's prerecorded, but not scripted. This is an actual play show",neither,0.05112697586744501,0.28402891113981593,0.6648441129927392
hey woke up just in time,neither,0.031876545482782334,0.4183428066177086,0.549780647899509
@SilvanCosplay @TheDiMono Okay! That's so cool!,neither,0.03492395427501674,0.43030343240843233,0.5347726133165509
"@buddybluejay DM has ideas, but everything is basically improved on top of that.",neither,0.03801526161726013,0.3656422301395394,0.5963425082432003
@MrCertainly Yep,neither,0.03945320844208391,0.33037608806864915,0.630170703489267
i rolled a critical failure am i still alive,neither,0.03877191467514706,0.33990093686572104,0.621327148459132
!frontpage,neither,0.03945320844208391,0.33037608806864915,0.630170703489267
"We are on the front page, which means we have an influx of new people coming in here. Some are polite, some are not. Please let the mods handle those who are not. Sit back, enjoy the show, and DON'T FEED THE TROLLS.",neither,0.10504481977893397,0.20508308154005317,0.6898720986810128
@mrcertainly yes,neither,0.03945320844208391,0.33037608806864915,0.630170703489267
Wow! That’s an amazing scene!!! How big is this set?,neither,0.030670908363382987,0.3942382128224466,0.5750908788141705
I dig how each episode this part of the set coincides with the setting. Previous series I've followed didn't change the look much from one episode to the next.,neither,0.02307475690772469,0.3380058404622648,0.6389194026300107
@MrCertainly yes this originally aired on Alpha a few weeks ago,neither,0.037845520475160314,0.3386370346481899,0.6235174448766498
@cinphoria ok thanks,neither,0.036679458346100965,0.30877397624175834,0.6545465654121406
"@VidDuality Each 2 part episode is a self contained adventure, but there is an season arc",neither,0.04612427715010271,0.306054744281031,0.6478209785688662
!respect,neither,0.03945320844208391,0.33037608806864915,0.630170703489267
"If you would like to share opinions on our hosts, guests or fellow viewers, please do so in a respectful manner. Don't make them feel uncomfortable.",neither,0.04843323757214918,0.39559142321184637,0.5559753392160044
Praise the mods,neither,0.03831673657550799,0.3094399058884286,0.6522433575360634
@BrightWard the set is amazing it changes every episode too,neither,0.042877696263884865,0.32103607678708507,0.6360862269490302
EWOKS,neither,0.03945320844208391,0.33037608806864915,0.630170703489267
Who's the DM?,neither,0.03889606706172207,0.393457281297995,0.567646651640283
!whodat,neither,0.03945320844208391,0.33037608806864915,0.630170703489267
"Tommy Walker ( twitter.com/TommyWalker24 ), Jasmine Bhullar ( twitter.com/ThatBronzeGirl ), Julia Dennis ( twitter.com/juliamdennis ), Xander Jeanneret ( twitter.com/Xanderrific ), and Deborah Ann Woll ( twitter.com/DeborahAnnWoll ), with Sam Richardson ( twitter.com/SamRichardson ).",neither,0.03627428759306721,0.46095444720363016,0.5027712652033027
this is so well made and AWESOME like holy crap,neither,0.05233582356877101,0.3415179194016705,0.6061462570295585
I'm loving this oshiV,neither,0.039326137841564766,0.33253280778730016,0.628141054371135
gandsHug,neither,0.03945320844208391,0.33037608806864915,0.630170703489267
Deborah Ann Woll,neither,0.03945320844208391,0.33037608806864915,0.630170703489267
@Stack_21 Deborah Ann Woll,neither,0.03945320844208391,0.33037608806864915,0.630170703489267
"I'm happy this is on right now, perfect dinner show",neither,0.054883193089908716,0.2951587793280258,0.6499580275820654
Deborah is the DM,neither,0.05036393004545945,0.30365749623394406,0.6459785737205964
"@chaoticloony Ahh, thank you!! XD So this is a new adventure... but established characters?",neither,0.053322696493230945,0.33818415474593877,0.6084931487608303
mods are lit bryandHeart,neither,0.07893955557340156,0.26718863153946965,0.6538718128871287
@TheDiMono thanks!,neither,0.035884468650613,0.3004919205142699,0.6636236108351171
"She's an excellent DM, at that",neither,0.03687980933075708,0.45047485136834936,0.5126453393008935
@tailsplush welcome and enjoy :),neither,0.03860730184226345,0.28722824611601955,0.6741644520417169
gandsOne gandsOne gandsOne gandsOne gandsOne gandsOne gandsOne gandsOne gandsOne gandsOne gandsOne,neither,0.03945320844208391,0.33037608806864915,0.630170703489267
ouch,neither,0.03945320844208391,0.33037608806864915,0.630170703489267
"Question: The cast & the DM are wearing the same clothes as Ep1, which leads me to believe that this was shot on the same day. How long did it take to change the set dressing?",neither,0.0434577537950272,0.2890165349011855,0.6675257113037874
"@VidDuality Yes, but there is always a guest character",neither,0.04118326875848718,0.34381780880612073,0.6149989224353922
Welcome to the wafflecrew...,neither,0.04828521949961754,0.3017179234363179,0.6499968570640645
critroleFail,neither,0.03945320844208391,0.33037608806864915,0.630170703489267
A great way to be welcomed to DnD :p,neither,0.0478706184199172,0.3100689760448279,0.6420604055352549
@chaoticloony Thanks! :D,neither,0.035884468650613,0.3004919205142699,0.6636236108351171
Welcome! critroleFail,neither,0.03945320844208391,0.33037608806864915,0.630170703489267
Wil Wheaton strikes again,neither,0.03751418692722817,0.3632863436186582,0.5991994694541136
A member of the Library Bards are here,neither,0.11138435506916883,0.24672798358219922,0.6418876613486321
Thanks @swiftfingers 🙂 That’s so cool!,neither,0.032648337734684146,0.4036541343487398,0.563697527916576
"""No one"" LUL",neither,0.037699376704748044,0.37749389482396056,0.5848067284712913
KappaHD,neither,0.03945320844208391,0.33037608806864915,0.630170703489267
haha this is kinda interesting XD,neither,0.04243887973302424,0.39247946258446764,0.5650816576825082
Wait wasn't this episode already aired?,neither,0.03864546622132036,0.3440855815942215,0.6172689521844582
@RemarK_ble This episode was on Alpha previously. First time on Twitch,neither,0.031130918437604602,0.3629139089715241,0.6059551725908713
I remember this,neither,0.039293284496333084,0.3330904147962807,0.6276163007073863
Kill it with fire,hate_speech,0.4400455745202741,0.19831020394005164,0.36164422153967435
It was on Alpha,neither,0.0347467134554568,0.34818730847597223,0.6170659780685709
Serious questions -- which shows are on G&S that are actually live but aren't D&D or board games?,neither,0.06148820705402368,0.3163965341908138,0.6221152587551625
"My D&D friend is going to be VERY happy I am watching this, hahaha. They've been trying to get me into it for a long time... XD",neither,0.023667894097753033,0.3889542770243926,0.5873778288778545
Everything is legit Kappa,neither,0.04599815843049954,0.32812497964500775,0.6258768619244927
yeahhhhhh,neither,0.03945320844208391,0.33037608806864915,0.630170703489267
"I saw this already over at Project Alpha, but these episodes encourage repeat viewing.",neither,0.0391678919176181,0.38933056529954996,0.571501542782832
I love this so much,neither,0.030554670301820085,0.4160811300226451,0.5533641996755347
"it's still on alpha @curthong, they have 3 or 4 episodes left to air",neither,0.03982553103303928,0.35171235851374577,0.6084621104532151
hmmm i wonder why i remember this i dont have Alpha lol,neither,0.027478265461360077,0.3827554426061787,0.5897662919324612
!commands,neither,0.03945320844208391,0.33037608806864915,0.630170703489267
@Henchman2121 -> The bot commands for this channel are available at https://beta.nightbot.tv/t/geekandsundry/commands,neither,0.04695462833040224,0.29561718809185006,0.6574281835777477
Anybody here play D&D?,neither,0.09656956067024368,0.28625850494322835,0.617171934386528
I like this a lot,neither,0.05796212745435299,0.35864335595660995,0.5833945165890371
ye,neither,0.03945320844208391,0.33037608806864915,0.630170703489267
lol,neither,0.020706217963973744,0.4882283491876925,0.4910654328483337
"@MrCertainly there's Wednesday Club, comic books talk show",neither,0.03442022848318452,0.24941166872545797,0.7161681027913575
same,neither,0.04148851938089603,0.3488915597363099,0.609619920882794
I do,neither,0.04358573029058539,0.32895472430567013,0.6274595454037444
That accent bryandPraise,neither,0.03469116754114899,0.3823720002990532,0.5829368321597979
Im leaving cohhD cohhMoney,neither,0.03833429368541044,0.3728110426471635,0.588854663667426
"@Ballthios Nope, that got axed.",neither,0.03294710508062983,0.4421950329165159,0.5248578620028542
Stew was a good fellow,neither,0.03859106721087139,0.33295078405705825,0.6284581487320705
!itsfine,neither,0.03945320844208391,0.33037608806864915,0.630170703489267
"We're fine. We're all fine here now, thank you. Uh, how are you?",neither,0.1599940322317317,0.33478147175030576,0.5052244960179626
@PillowCatt I try to but my last game got ditched by everyone,neither,0.02950459162322038,0.4811426943702378,0.4893527140065418
symfCringe symfCringe symfCringe symfCringe,neither,0.03945320844208391,0.33037608806864915,0.630170703489267
@MrCertainly I think that Because Science is totally live. Most of the rest is live RPG (i.e. D&D),neither,0.051542508516587815,0.3340970443863637,0.6143604470970485
the Wednesday club is pretty good,neither,0.044917464264916496,0.3145428185749003,0.6405397171601832
@Ballthios Wednesday club is done,neither,0.0462014994398157,0.33947110048272483,0.6143274000774595
lrrFINE,neither,0.03945320844208391,0.33037608806864915,0.630170703489267
