text,top_class,hate_speech,offensive_language,neither
@critternation3000 aww shucks!! Love that emote!!,neither,0.03211269273309396,0.3924741596783287,0.5754131475885773
Almost live again,neither,0.0423109492330705,0.3625271831256053,0.5951618676413242
@jamez84 it runs for 2 hours,neither,0.03259342913719997,0.30248172118554734,0.6649248496772527
@Floreli_ most likely,neither,0.03945320844208391,0.33037608806864915,0.630170703489267
@am_i_in_trouble thank YOU!,neither,0.07325166854587051,0.43632638485078484,0.49042194660334476
"As much as I miss being around for Weave, I have a cold and must depart now. Have fun everyone!",neither,0.02545839356246397,0.3949022073192814,0.5796393991182547
Leave it to Weaver,neither,0.04802659004866532,0.32481364487185777,0.6271597650794769
"@TheDiMono Ah, must of read it wrong. I watch every :)",neither,0.043236121372269544,0.3173629780834134,0.6394009005443171
my favorite mount is fluffy,neither,0.03583821066160695,0.3932584925664174,0.5709032967719758
so this is every wednesdaay only?,neither,0.05034659509630921,0.3878040622656434,0.5618493426380473
@thedimono Hope you feel better soon Goos nite,neither,0.09236762691774862,0.26689410987063056,0.6407382632116208
yo,offensive_language,0.04010381111145228,0.5271105317972344,0.4327856570913131
later TheDiMono take care and feel better,neither,0.0387406968084163,0.2947093150655808,0.666549988126003
Good nite lol,neither,0.03052313064677125,0.391645931552696,0.5778309378005326
Does Cynthia Marie do anything else with Legendary?,neither,0.02457512833500281,0.44115328085286004,0.5342715908121372
@CyborgAngel well it rebroadcasts on the night and weekend,neither,0.027738412578905983,0.2911838181446704,0.6810777692764236
Not me to @thedimono,neither,0.03401464625103473,0.41076671548708105,0.5552186382618843
Later @TheDiMono,neither,0.03945320844208391,0.33037608806864915,0.630170703489267
Is Wednesday club gone or just temporary?,neither,0.0414945994253697,0.34457907184212394,0.6139263287325062
Gift hrpgSub hrpgHyperHype,neither,0.03945320844208391,0.33037608806864915,0.630170703489267
Critical Role and Talks Machina will be moving to Critical Role's Twitch channel on 02/19/19. For more information please see this link: https://critrole.com/critical-role-talks-machina-broadcast-updates/. All previously aired content will continue to be available in the Geek & Sundry Twitch library and on YouTube. Both shows will continue to be hosted here on Geek & Sundry's Twitch when those episodes are streamed live.,neither,0.05444289053011623,0.2958484475329575,0.6497086619369262
@Alexanderhero83 taliesin all about that cr channel now,neither,0.03636523854774357,0.438821153375417,0.5248136080768395
@am_i_in_trouble OH!! THANK YOU!! I am much behind in the times!! Haha 😊,neither,0.04658972217353212,0.3728560260985161,0.5805542517279518
@shidareaki How sweet has gandsC6 been this season? I have been digging it.,neither,0.0381787291263429,0.3373479110486224,0.6244733598250346
What country is Taliesin from? He said it doesn't exist anymore,neither,0.05866241433511817,0.31029873595359175,0.6310388497112902
Wednesday club canceled,neither,0.03945320844208391,0.33037608806864915,0.630170703489267
"@Actofmercy Damn,, thanks.",offensive_language,0.043022972787563146,0.8784430007889441,0.07853402642349268
Goodnight all!!,neither,0.04205769333956054,0.43287008382728376,0.5250722228331557
@typebneg who can really say where pyramids come from,neither,0.04180449827042969,0.36742363194956446,0.5907718697800058
The diamond goes well with the die badge,neither,0.10231369137289421,0.1989856363233002,0.6987006723038055
@shidareaki my fingers are cramped but still crossed that you will get to guest on it. :),neither,0.051803726332628655,0.4237657006530521,0.5244305730143192
When is the next show?,neither,0.051869989501740724,0.2905119178360958,0.6576180926621634
@denisepantoja Night,neither,0.02550723072422885,0.32941079269047424,0.6450819765852968
@Qbudz Any minute now,neither,0.03945320844208391,0.33037608806864915,0.630170703489267
xD,neither,0.03945320844208391,0.33037608806864915,0.630170703489267
TBD RPG,neither,0.03945320844208391,0.33037608806864915,0.630170703489267
Later @denisepantoja,neither,0.03945320844208391,0.33037608806864915,0.630170703489267
jcvimHi jcvimHi jcvimHi,neither,0.03945320844208391,0.33037608806864915,0.630170703489267
ohh those eyes,neither,0.06803946873090995,0.22915766333251938,0.7028028679365707
Hi @Marb04,neither,0.03945320844208391,0.33037608806864915,0.630170703489267
"Oh, Stef Those goggles!",neither,0.09888012189391877,0.1532744557607569,0.7478454223453244
"Pyramids were built by aliens. But where is Taliesin from? On one ep of CR, he mentioned it doesn't exist anymore",neither,0.043387908730677494,0.34115069307458,0.6154613981947424
gandsClassic gandsFacepalm gandsHappy stefFremen gandsHype,neither,0.03945320844208391,0.33037608806864915,0.630170703489267
3d world,neither,0.03945320844208391,0.33037608806864915,0.630170703489267
oh man this shit looks awesome,offensive_language,0.048730714213020054,0.9484086943577661,0.0028605914292138728
"Help G&S make great content! $4.99/month gets you emotes, Minecraft server access, sub-only VODs, and more! Every sub keeps the channel alive! twitch.tv/geekandsundry/subscribe",neither,0.043907990691603095,0.31135964332838284,0.644732365980014
!whodat,neither,0.03945320844208391,0.33037608806864915,0.630170703489267
"Stef Woodburn ( twitter.com/StefWoodburn ) as the Storyteller, with Whitney Moore ( twitter.com/tweetneymoore ) as Indigo Moonfrog, Amy Dallen ( twitter.com/enthusiamy ) as Lily Rahd, Becca Scott ( twitter.com/thebeccascott ) as Wisteria, and Gina DeVivo ( twitter.com/pocketgina ) as Vinelope.",neither,0.03387896695929189,0.477641488138192,0.4884795449025161
@typebneg Are you sure he wasn't being sarcastic?,neither,0.07072357417999368,0.46231352298568035,0.4669629028343259
"Hi Whitney, Amy, Stef, Gina and Becca!",neither,0.03882788631130355,0.299422105481188,0.6617500082075084
i thought they'd jumped to a steampunk playset LUL,neither,0.04631893255514263,0.26110003582286495,0.6925810316219925
"I'm glad jealousy can't kill, because I like Becca alive.",neither,0.2979389305467293,0.2311280937403979,0.47093297571287285
theres ya boi!!,offensive_language,0.02635193167031589,0.5629774931076518,0.41067057522203226
Hi Kyle!,neither,0.03945320844208391,0.33037608806864915,0.630170703489267
Hi Kyle!,neither,0.03945320844208391,0.33037608806864915,0.630170703489267
Anyone have green shoes?,neither,0.04000194488214877,0.3144342389043236,0.6455638162135275
"Didn't sound like it. He said he wasn't a US citizen, and something about a country that doesn't exist anymore",neither,0.05701156849535125,0.36515352281812113,0.5778349086865276
gandsApplaud gandsApplaud gandsApplaud gandsApplaud,neither,0.03945320844208391,0.33037608806864915,0.630170703489267
Video?,neither,0.049266163358008055,0.16382463337382713,0.7869092032681648
Nice,neither,0.03945320844208391,0.33037608806864915,0.630170703489267
yooooo,neither,0.03945320844208391,0.33037608806864915,0.630170703489267
"Whoa, haloloens?",neither,0.03945320844208391,0.33037608806864915,0.630170703489267
gina always soo great with the face paint ramaO ramaO,neither,0.02855037179505973,0.3661458681496616,0.6053037600552786
Weave VR,neither,0.03945320844208391,0.33037608806864915,0.630170703489267
Stef is riding a swimming turtle in her mind 24/7,neither,0.03785070787896258,0.46805988655781516,0.4940894055632222
@jeffm0307 WeaveVR?,neither,0.03945320844208391,0.33037608806864915,0.630170703489267
"Not VR, AR",neither,0.03554889144452836,0.3454295093440936,0.619021599211378
I want This in Dnd,neither,0.03959512217774012,0.3279674416092262,0.6324374362130337
the Dinosaur knocked over the dice,neither,0.03544012673433495,0.30475039607749776,0.6598094771881673
that looks cool,neither,0.03461983066581154,0.3831668592487215,0.582213310085467
I love Stef's outfit tonight!,neither,0.03390176958146345,0.3209036528662412,0.6451945775522953
And that's why Superman sent the meteor to kill the dinosaurs,neither,0.18716706325925453,0.23262620539207066,0.5802067313486747
but will there be....dressage?,neither,0.03705639702588112,0.25515701468402807,0.7077865882900909
@MS85Hart Almost certainly.,neither,0.03945320844208391,0.33037608806864915,0.630170703489267
@MS85Hart We hope!,neither,0.1143367046497254,0.15455929680589728,0.7311039985443774
@typebneg Spoilers lol,neither,0.020706217963973744,0.4882283491876925,0.4910654328483337
No horse ballet,neither,0.03870181741111089,0.3431291548385898,0.6181690277502992
Dressage is usually about 50/50.,neither,0.043802252765936744,0.3471041242722988,0.6090936229617645
jcvimHype,neither,0.03945320844208391,0.33037608806864915,0.630170703489267
i am readyyyy,neither,0.03902346103501681,0.3305238979082658,0.6304526410567174
Thank goodness,neither,0.03901970068836411,0.3377338460143572,0.6232464532972787
jcvimHype jcvimHype jcvimHype jcvimHype,neither,0.03945320844208391,0.33037608806864915,0.630170703489267
I’m digging the vine on Stef’s DM screen.,neither,0.036821829461470446,0.32830600323617487,0.6348721673023547
did gina do stef's face paint too? i wonder,neither,0.0404067521335011,0.33354630745791847,0.6260469404085804
"@typebneg I wonder if he was kidding, because IMDB says, he was born in LA.",neither,0.03384712602766527,0.361797916298964,0.6043549576733708
So Wisteria has hysteria?,neither,0.039852117159340165,0.37082303564631774,0.5893248471943421
Is that why Becca plays Bored Games?,neither,0.03270386383849718,0.37490337016841485,0.5923927659930879
possibly @Critternation3000,neither,0.03945320844208391,0.33037608806864915,0.630170703489267
Maybe he was,neither,0.04708120790719759,0.33052785178124805,0.6223909403115543
"There was a four armed dressage session last week, it was epic",neither,0.03849393437577604,0.3092942652503229,0.6522118003739011
!points chaoticloony,neither,0.03945320844208391,0.33037608806864915,0.630170703489267
"That was an excellent pun, chaoticloony! Here, have some points for that one! You have been awarded 74 points!",neither,0.050805666259642904,0.3851811885541635,0.5640131451861937
Nice touch with the glitter,neither,0.030024044963803176,0.3470843842957154,0.6228915707404814
Vinelope 100% Awesome,neither,0.03945320844208391,0.33037608806864915,0.630170703489267
So Wisteria is either Selesnia or Simic. Got it.,neither,0.04535306569250228,0.4329308756963389,0.5217160586111588
sniff the rot,neither,0.03864290436906888,0.3155896562252275,0.6457674394057037
"I know it'd be almost difficult, but I wish Weave were a game available for solo players too...",neither,0.03425517050749763,0.2941863494417433,0.6715584800507589
*almost impossible,neither,0.03945320844208391,0.33037608806864915,0.630170703489267
#SexyRot,neither,0.03945320844208391,0.33037608806864915,0.630170703489267
Wisteria is going to accidentally meet her end from that rot.,offensive_language,0.03896443293724415,0.49334169527129107,0.4676938717914647
"Would Vinelope's son be called, Poi Son?",neither,0.03928884135896069,0.3289996992761073,0.6317114593649319
"Also, she is not robbing a bank. :P",neither,0.045809224525654293,0.39806299537226403,0.5561277801020816
Vinelope is definitely Dimir...,neither,0.05236114259771375,0.3259364576114299,0.6217023997908563
@BookTea Know the feeling.,neither,0.038282486121498205,0.30878604184963176,0.6529314720288701
the question is ppl: It is worth it to get the project alpha suscription?,neither,0.05002460248105606,0.31213488533249945,0.6378405121864443
We are not robbing a Bank,neither,0.059340312519943116,0.29814400133820995,0.642515686141847
hahaha,neither,0.03945320844208391,0.33037608806864915,0.630170703489267
@Zismarith indeed... :(,neither,0.03945320844208391,0.33037608806864915,0.630170703489267
!phrasing,neither,0.03945320844208391,0.33037608806864915,0.630170703489267
Correction...Lily is Dimir,neither,0.05005952611256733,0.3267280890626825,0.6232123848247502
But it's True,neither,0.03291979193430661,0.3452324675391922,0.6218477405265014
@FireBugCol get the free trial and find out for yourself if you enjoy the shows they have,neither,0.030819800701723604,0.29294985897306747,0.6762303403252089
Soylent chocolates,neither,0.03945320844208391,0.33037608806864915,0.630170703489267
happens at every party ive ever been to,neither,0.0609667046049376,0.34257486397764114,0.5964584314174212
I personally do but it's up to everyone,neither,0.03445734664377014,0.4620464797980913,0.5034961735581386
cannibal?! monkaS,neither,0.03945320844208391,0.33037608806864915,0.630170703489267
phrasing,neither,0.03945320844208391,0.33037608806864915,0.630170703489267
hehehheheh,neither,0.03945320844208391,0.33037608806864915,0.630170703489267
