text,top_class,hate_speech,offensive_language,neither
See you guys next time..,neither,0.05534941339898625,0.42249385321931265,0.5221567333817011
GG @DarylDaCritter GG @jakegbennett,neither,0.03945320844208391,0.33037608806864915,0.630170703489267
@TheDiMono I just worry that he's going to get hurt,neither,0.04013447538501432,0.4072312171341318,0.5526343074808537
@DarylDaCritter thanks for the warning ;),neither,0.0316707448744821,0.27629665303484047,0.6920326020906774
I'll miss you... see the holes int he walls as proof.,neither,0.04471335373947927,0.3647057527098919,0.5905808935506289
thanks all!,neither,0.03805994495541979,0.4092431222477849,0.5526969327967953
Thanks again @jakegbennett @DarylDaCritter,neither,0.034506707378298834,0.34819587494090565,0.6172974176807956
!castbingbong @DarylDaCritter,neither,0.03945320844208391,0.33037608806864915,0.630170703489267
"jakegbennett casts gandsBing gandsBong on @@DarylDaCritter, @DarylDaCritter is having a good time!",neither,0.04305367732788904,0.3663154934530779,0.590630829219033
@Danoba this is not what happiness looks like,neither,0.06320801582991335,0.3431597867184767,0.59363219745161
"Thanks for watching, everyone! Painters Guild is starting in like ...now... so stay tuned!",neither,0.040939039560213455,0.39401744103696906,0.5650435194028174
"@jakegbennett @DarylDaCritter Goodnight, you crazy wise guys",neither,0.04125927913314015,0.45895666650967787,0.499784054357182
Who is the guest next week?,neither,0.04520161461326898,0.37720884090015055,0.5775895444865805
Refresh if you don't see the Painter's Guild episode!,neither,0.03391300555303148,0.39727408223867505,0.5688129122082934
B Dave Walters,neither,0.03945320844208391,0.33037608806864915,0.630170703489267
We have a subscriber-only Discord server! Join here: https://discord.gg/geekandsundry (you'll need to sub and link it to your Twitch) and be a part of the fun!...Warning: It can take up to an hour for the server to update and give you access to the channels,neither,0.08464076273808444,0.286394834032893,0.6289644032290227
STOP casting Bing Bong at me,neither,0.03144531793666919,0.4679321593114845,0.5006225227518464
Thanks for hanging out in chat with us @jakegbennett and @DarylDaCritter!,neither,0.04300232964681469,0.3072663906642166,0.6497312796889687
I can imagine getting a prop box but the box is empty and the performer turns the box inside out as the prop they pulled out of the box,neither,0.03323109589164261,0.2702541771160925,0.6965147269922649
@renegadetortoise B.Dave Walters,neither,0.03945320844208391,0.33037608806864915,0.630170703489267
@renegadetortoise B Dave!,neither,0.03945320844208391,0.33037608806864915,0.630170703489267
!castbingbong @DarylDaCritter,neither,0.03945320844208391,0.33037608806864915,0.630170703489267
!castbingbong Chat,neither,0.03945320844208391,0.33037608806864915,0.630170703489267
"jakegbennett casts gandsBing gandsBong on @@DarylDaCritter, @DarylDaCritter is having a good time!",neither,0.04305367732788904,0.3663154934530779,0.590630829219033
See you cats and kittens next week!,neither,0.0562725020764701,0.20040194861944483,0.743325549304085
Nice! Have a good evening guys. Thanks for the show.,neither,0.041801284657484894,0.24651626958144743,0.7116824457610678
"Adios, everybody!",neither,0.03945320844208391,0.33037608806864915,0.630170703489267
"isn't B Dave like 6' 13"" tall?",neither,0.04760785425014357,0.3424499373343276,0.6099422084155288
I always enjoy hanging out with you all :)_,offensive_language,0.037588304553692664,0.5408272402014033,0.4215844552449039
rooHug,neither,0.03945320844208391,0.33037608806864915,0.630170703489267
"Help G&S make great content! $4.99/month gets you emotes, Minecraft server access, sub-only VODs, and more! Every sub keeps the channel alive! twitch.tv/geekandsundry/subscribe",neither,0.043907990691603095,0.31135964332838284,0.644732365980014
@Deathstar_Taco At least!,neither,0.03823585756874653,0.36735290568172996,0.5944112367495235
take care @jakegbennett and @DarylDaCritter,neither,0.03842034255180885,0.2760527554189726,0.6855269020292186
keep up the great work @Danoba and Crew,neither,0.034517056358965674,0.3050212751666571,0.6604616684743772
According to the internet B dave is realy 9' tall..,neither,0.04961186196710578,0.31423468666590837,0.636153451366986
"@Deathstar_Taco I think he's 6'5"", if I remember correctly.",neither,0.02797770768204288,0.3693662645343646,0.6026560277835926
@DnDMusicFactory fantastic name,neither,0.03945320844208391,0.33037608806864915,0.630170703489267
@DnDMusicFactory great name,neither,0.03697491134692881,0.2969582793547792,0.666066809298292
@Deathstar_Taco LIkewise.,neither,0.03945320844208391,0.33037608806864915,0.630170703489267
He's a giant.. and has very good feats and skills.,neither,0.041961089477126214,0.2697362897897714,0.6883026207331024
corastTier1,neither,0.03945320844208391,0.33037608806864915,0.630170703489267
his background in MMA helps too @ArisBranwin,neither,0.05711423596837531,0.335100419096361,0.6077853449352637
i have bin thinking about this asinine wisdom show i just watched and i don't get it,neither,0.041837292220380934,0.3021990269379856,0.6559636808416335
It's why he's in/on everything... and if not why isn't he?,neither,0.01864077620430469,0.36916007388931193,0.6121991499063834
gifs,neither,0.03945320844208391,0.33037608806864915,0.630170703489267
@FuffyButt Then you understood it just fine,neither,0.047950936412610105,0.3968414312891771,0.5552076322982129
gandsHR gandsFacepalm,neither,0.03945320844208391,0.33037608806864915,0.630170703489267
anyone know if critical role is streaming the next episode tonight?,neither,0.03098753066676702,0.3439721571317048,0.6250403122015282
And thus the Bing Bong wins.,neither,0.038262528169561466,0.2893035385711349,0.6724339332593037
!wheniscr,neither,0.03945320844208391,0.33037608806864915,0.630170703489267
"gandsMattBlindfold Critical Role is on at 7 PM PST on Thursdays, it is currently 6:05 PM PST on Thursday. There is 54 Minutes, 2 Seconds or 105841 seconds until the next episode of Critical Role. This command has been run 1394 times but has probably been asked about way more. gandsNein",neither,0.04093513883824799,0.34405724531783877,0.6150076158439132
"Just a little bit of the dragon blue, and cyrilian white... Maybe a little Pratian Blue as well.",offensive_language,0.2157682730978096,0.45704523138680486,0.32718649551538553
yes I believe the next slot is critical role.,neither,0.043290221631682765,0.32646770452895235,0.6302420738393649
It's supposed to.,neither,0.04698280227720914,0.32546510213649943,0.6275520955862913
is this live?,neither,0.06264826366348325,0.3248039992423424,0.6125477370941744
After Painters guild.. which is super short.,neither,0.0465008002796373,0.3279520980641445,0.6255471016562183
http://www.wheniscriticalrole.com/ << @sarahhowe62913,neither,0.0364481805509037,0.2303424311669227,0.7332093882821735
!points @EnigmaticalGaming CoolStoryBob,neither,0.03945320844208391,0.33037608806864915,0.630170703489267
"That was an excellent pun, @EnigmaticalGaming! Here, have some points for that one! You have been awarded 14 points!",neither,0.0502566658879028,0.38292512972585646,0.5668182043862408
Prerecorded but broadcasting to Twitch for the first time,neither,0.02982192959153379,0.3165266924417198,0.6536513779667464
xD,neither,0.03945320844208391,0.33037608806864915,0.630170703489267
the crit role campaign going tonight?,neither,0.03558111487431653,0.3227653986961415,0.641653486429542
http://www.wheniscriticalrole.com/ << @dennydsoach,neither,0.0364481805509037,0.2303424311669227,0.7332093882821735
i think so,neither,0.040564643702812306,0.4056013163067219,0.5538340399904659
"Critical Role is at 7 pm Thursdays Pacific time...CR is now streamed on the Critical Role twitch channel, but this channel will host that stream . @sarahhowe62913",neither,0.040482490599636614,0.3493535973430335,0.6101639120573298
thank you!,neither,0.07325166854587051,0.43632638485078484,0.49042194660334476
I wonder if my patience would be better served if I learned to master robotics and miniaturization and create a mini automated mini painting booth,neither,0.024665095193075776,0.3683013189211613,0.6070335858857628
thank you all!!,offensive_language,0.07461273516989421,0.5710232830204963,0.3543639818096095
Is critical role on at 9 central.?,neither,0.042393425957161,0.3557644162917156,0.6018421577511234
@Shmayba yup top of the hour,neither,0.03867255374770202,0.3161422559763826,0.6451851902759154
yah,neither,0.03945320844208391,0.33037608806864915,0.630170703489267
http://www.wheniscriticalrole.com/ << @Shmayba,neither,0.0364481805509037,0.2303424311669227,0.7332093882821735
You guys are awesome,neither,0.10227769561216918,0.32849716972227017,0.5692251346655607
yeah a ruined a brush earlier this week cleaning something,neither,0.02964416618357357,0.39581941158395195,0.5745364222324745
@Deathstar_Taco geefThink never thought of a mini painting booth,neither,0.03893412389543233,0.2905100946106553,0.6705557814939123
lol,neither,0.020706217963973744,0.4882283491876925,0.4910654328483337
too late,neither,0.039095774028857416,0.33644268289058776,0.6244615430805548
drinking the paints,neither,0.03862196762689919,0.315198831650522,0.6461792007225788
When does CR start?,neither,0.021388967720630144,0.47538899325731604,0.503222039022054
@vitalraiju235 nuuu rooBooli,neither,0.03945320844208391,0.33037608806864915,0.630170703489267
jk,neither,0.03945320844208391,0.33037608806864915,0.630170703489267
@joekuck http://www.wheniscriticalrole.com/,neither,0.0364481805509037,0.2303424311669227,0.7332093882821735
read previous,neither,0.03945320844208391,0.33037608806864915,0.630170703489267
Eat Da Paint rooVV,offensive_language,0.0780715369744139,0.4614370425407645,0.46049142048482156
ily,neither,0.03945320844208391,0.33037608806864915,0.630170703489267
http://www.wheniscriticalrole.com/ <<< @joekuck,neither,0.0364481805509037,0.2303424311669227,0.7332093882821735
on the hour,neither,0.034606120863032906,0.32684726159348954,0.6385466175434776
ty @EQWashu,neither,0.03945320844208391,0.33037608806864915,0.630170703489267
"you get the right tech set up you could program things how you want and hey presto after iteration the ""perfect"" paint job for your minis",neither,0.07222458935329866,0.37099442832668317,0.5567809823200183
drink the paints,neither,0.038598671101684925,0.3147633562887964,0.6466379726095187
*wipes paint off face,neither,0.03945320844208391,0.33037608806864915,0.630170703489267
best show ever? yup,neither,0.053044931653626885,0.25165684994757476,0.6952982183987984
That snowballed,neither,0.026110925149043836,0.4791292047641166,0.4947598700868395
@Skin7bones da crayon not da paint rooC rooVV,offensive_language,0.09252609835303327,0.5075125852300367,0.39996131641693006
Drink the paints XD,neither,0.038598671101684925,0.3147633562887964,0.6466379726095187
,neither,0.03945320844208391,0.33037608806864915,0.630170703489267
peanut butter paint,neither,0.03945320844208391,0.33037608806864915,0.630170703489267
he looks like he could be Tony Stark's brother,neither,0.054519439340794326,0.3400094889416369,0.6054710717175689
!whodat,neither,0.03945320844208391,0.33037608806864915,0.630170703489267
Will Friedle ( twitter.com/willfriedle ) with guest Matthew Mercer ( twitter.com/matthewmercer ).,neither,0.03391522583399811,0.45098209923533,0.5151026749306721
@sarahhowe62913 Will is pretty epic,neither,0.049389154055214615,0.3034011283015923,0.6472097176431929
but drnkking da pants maks u mor smarterr,offensive_language,0.07571734587676007,0.4894949813502351,0.43478767277300473
I am a grown man when I feel like drinking paint I do. It has had no effect on my hippo.,offensive_language,0.028968331666568887,0.4944483371294274,0.47658333120400365
yesterday and today I've been enjoing the fac the entire outdoors is a giant freezer so I got some food dyes and have been freezing some interesting designs,neither,0.025363900893629762,0.32379594268359924,0.650840156422771
@na_yag ....sure,offensive_language,0.030544123004943555,0.5442266193377375,0.42522925765731895
oh damn...spoiler foes i guess...lol,offensive_language,0.041124070866888025,0.7483603944120758,0.2105155347210361
is normal critical role playing today?,neither,0.043913222997660525,0.3129832067296184,0.643103570272721
"Critical Role is at 7 pm Thursdays Pacific time...CR is now streamed on the Critical Role twitch channel, but this channel will host that stream .",neither,0.040482490599636614,0.3493535973430335,0.6101639120573298
http://www.wheniscriticalrole.com/ << @more8899,neither,0.0364481805509037,0.2303424311669227,0.7332093882821735
eventually I'd like to make a stained ice window,neither,0.05421949883468547,0.339318250090192,0.6064622510751226
"never be afraid to waste a little paint to learn how to mix colors, its really worthwhile to get the desired effect you'd like on your piece",neither,0.07328863956525346,0.3689284336822076,0.5577829267525388
oooh. I like that idea,neither,0.045077223325295554,0.38252963554477487,0.5723931411299296
will has amazing skin lol,neither,0.03407230512916722,0.3519743799625005,0.6139533149083324
stained ice,neither,0.03945320844208391,0.33037608806864915,0.630170703489267
"I also recommend swatching, whenever you're working with paints for anything",neither,0.04630625954763445,0.3410846198525953,0.6126091205997701
murca,neither,0.03945320844208391,0.33037608806864915,0.630170703489267
we'll put a happy little maw over here,neither,0.0754173570013963,0.30541623733307705,0.6191664056655267
try mixing a bunch of things together and label what you used and keep it as a reference for later,neither,0.04401633285765806,0.36608243431884696,0.589901232823495
