text,top_class,hate_speech,offensive_language,neither
Matthew Mercer was on fire last night btw... NO SPOILERS,neither,0.032155024508931804,0.3499962800760478,0.6178486954150204
gandsC6 gandsC6 gandsC6,neither,0.03945320844208391,0.33037608806864915,0.630170703489267
he was playing NBA Jam the whole time,neither,0.04168849056070377,0.332760846451317,0.6255506629879793
lol,neither,0.020706217963973744,0.4882283491876925,0.4910654328483337
"Title card is up, refresh if you don't see it",neither,0.037604064764667676,0.43576846493584104,0.5266274702994912
!callisto6 gandsC6,neither,0.03945320844208391,0.33037608806864915,0.630170703489267
"Callisto 6 takes place in Los Angeles in the year 2119, where a world of cyberpunk is about to be broken by the emergence of superheroes. Powered by the Cypher System, this original RPG is crafted by Eric Campbell and Sam de Leve.",neither,0.04788177314792089,0.323551782053012,0.6285664447990672
thanks for the refresh headsup,neither,0.03215458837692553,0.27959254431999475,0.6882528673030798
HYPE,neither,0.03945320844208391,0.33037608806864915,0.630170703489267
gandsC6 is lie,neither,0.05372890563841899,0.32546602118213314,0.620805073179448
LIVE,neither,0.04891340716200846,0.3271222919257548,0.6239643009122369
"What is going to happen to all the Alpha content shows, will Geek and Sundry be continuing them in the future?",neither,0.061367149655171524,0.3180463803335997,0.6205864700112287
Hello folks. :),neither,0.03945320844208391,0.33037608806864915,0.630170703489267
SRY V KEY broke,neither,0.03945320844208391,0.33037608806864915,0.630170703489267
this show makes me want to play shadow run,neither,0.04924003529971301,0.29913521257687375,0.6516247521234132
This week is gonna be good!,neither,0.04677796500475147,0.38513203983885347,0.5680899951563951
Hiya fellow sixers,neither,0.03945320844208391,0.33037608806864915,0.630170703489267
So excited!,neither,0.03940839469474773,0.3948270312238364,0.565764574081416
@lukeatwork I love Shadowrun,neither,0.03217296676969875,0.3657703709031763,0.602056662327125
#Superpunks is the HOUSEBOAT!!,neither,0.06634763790238427,0.27637293114625994,0.6572794309513558
@lukeatwork some of us have been having problems with it this weeks,neither,0.0441966938573414,0.37568397819899096,0.5801193279436676
There are a lot of games that remind me of C6.,neither,0.047140268428690305,0.3252393763873935,0.6276203551839161
hiya folks,neither,0.03945320844208391,0.33037608806864915,0.630170703489267
Alpha content will be moving to twitch.,neither,0.04493858684324133,0.3149866003344477,0.640074812822311
Hey PC,neither,0.03945320844208391,0.33037608806864915,0.630170703489267
Hi @Thewileyone,neither,0.03945320844208391,0.33037608806864915,0.630170703489267
Looking forward to another great episode 👍,neither,0.08060117389600116,0.253661194156445,0.6657376319475539
hello everyone :D,neither,0.03269494828970791,0.4450814005079928,0.5222236512022994
Hi @perfectcosima @KBTibbs,neither,0.03945320844208391,0.33037608806864915,0.630170703489267
I'm talking about the pen and paper RPG system,neither,0.03725040551139838,0.31014372686004743,0.6526058676285542
Hello everyone!,neither,0.03269494828970791,0.4450814005079928,0.5222236512022994
This show make me dream what my game should be. But my player a not really good at role playing.,neither,0.03207185701591097,0.4654370623604569,0.502491080623632
What's up Superpuuuuuunks!!,neither,0.04549209283961305,0.43877665191533993,0.5157312552450469
Got my Cypher rulebook,neither,0.026919474750313314,0.4672195850172793,0.5058609402324075
Hi @lilucath @MonteCookGames,neither,0.03945320844208391,0.33037608806864915,0.630170703489267
"@MonteCookGames hullo, MCG!",neither,0.03945320844208391,0.33037608806864915,0.630170703489267
Hi @ExcessiveWarlock,neither,0.03945320844208391,0.33037608806864915,0.630170703489267
hey superpunks,neither,0.03945320844208391,0.33037608806864915,0.630170703489267
hello!!!,neither,0.03945320844208391,0.33037608806864915,0.630170703489267
@montecookgames hello!!!!,neither,0.03945320844208391,0.33037608806864915,0.630170703489267
Hi everyone!,neither,0.032490659208996964,0.4485487193596734,0.5189606214313296
hiya @MonteCookGames ! which of you lovely folks do we have with us tonight?,neither,0.06354198577252412,0.3686450072234828,0.5678130070039931
4:02 aka late Kappa,neither,0.03945320844208391,0.33037608806864915,0.630170703489267
@MonteCookGames Hi! gandsLessthanthree,neither,0.03945320844208391,0.33037608806864915,0.630170703489267
Hey @MonteCookGames,neither,0.03945320844208391,0.33037608806864915,0.630170703489267
"Hopefully Eric will address this at the top of the show @philbe63 but folks may continue to ask about it throughout the stream. Does the chatbot have a pat answer, or maybe they dont' have one yet?",neither,0.03735877880634876,0.35104554446325564,0.6115956767303955
Hi @montecookgames !! It’s so cool ur in the chat,neither,0.055743745109573375,0.3457980242024205,0.5984582306880062
Hi @kieran_the_barbarian @Broken_Orange_Pekoe,neither,0.03945320844208391,0.33037608806864915,0.630170703489267
@MonteCookGames Howdy Pardners!,neither,0.03945320844208391,0.33037608806864915,0.630170703489267
"Underground, Base Raiders",neither,0.03945320844208391,0.33037608806864915,0.630170703489267
"<3 This is Darcy on the main account, and I get to be behind the set today! Everyone here is the absolute best.",neither,0.06607651760152275,0.31853629753757756,0.6153871848608997
Got my Cypher book in the mail today,neither,0.029743510405254817,0.38925905108556513,0.5809974385091801
are we all gandsHype ?!,neither,0.10629901295492546,0.3812499397304359,0.5124510473146386
RIP Alpha!,neither,0.03945320844208391,0.33037608806864915,0.630170703489267
I saw a jalapeno pepper M&Ms flavor today,neither,0.038458783318939364,0.31523583627951335,0.6463053804015473
evening folks,neither,0.03945320844208391,0.33037608806864915,0.630170703489267
Other folks from MCG are lurking :D,neither,0.06135676532027225,0.27858485624379986,0.660058378435928
"@MonteCookGames and of course, a fond good evening to you &yours this evening",neither,0.05088937736506913,0.329227829427457,0.6198827932074739
"Role Playing skills take time, and the players have to have a comfortable ""Space"" to do it",neither,0.04410047394237135,0.31732480504960964,0.638574721008019
@MonteCookGames that's awesome!!!!,neither,0.03419525192306799,0.38790559219732307,0.5778991558796089
that sounds like a terrible flavor,neither,0.04434174185202805,0.3760831056183994,0.5795751525295726
Hello #BestStreamCleric!,neither,0.03945320844208391,0.33037608806864915,0.630170703489267
Hi @Smokebeard,neither,0.03945320844208391,0.33037608806864915,0.630170703489267
Cybergeneration,neither,0.03945320844208391,0.33037608806864915,0.630170703489267
Wanna play a superhero sooooo bad,neither,0.03682737433307164,0.3312792328279437,0.6318933928389847
@montecookgames critroleBidet,neither,0.03945320844208391,0.33037608806864915,0.630170703489267
@montecookgames that's dope!!,neither,0.03379184532521521,0.39242003170086004,0.5737881229739247
Good evening fellow Superpunks.,neither,0.038875919390412204,0.33057464424545635,0.6305494363641315
https://twitter.com/Philbe63/status/1101568487846301696,neither,0.038839322835287696,0.43150949317999215,0.5296511839847202
@ZachsMind It looks like nightbot doesn't have an answer as !alpha is unchanged.,neither,0.050058939840247604,0.3658044847623322,0.5841365753974201
"Hi @MonteCookGames et all! Thanks for the amazing game, and the support of the show!!",neither,0.06125902758216237,0.22046452897008004,0.7182764434477575
Hi @boone_faustus,neither,0.03945320844208391,0.33037608806864915,0.630170703489267
My food's not here yet and I'm hungryyyyy,neither,0.06296852839542591,0.34250204595425227,0.5945294256503217
haha it is I your All Knowing Interface and friendly chat cleric XD,neither,0.06407056046002003,0.3925390628935148,0.5433903766464652
<3 <3 <3,neither,0.03945320844208391,0.33037608806864915,0.630170703489267
So excite!,neither,0.03940934168832202,0.38195233036853654,0.5786383279431415
Yuzu Shio Ramen; check! Fruit Juice; check! Flower; check! gands,neither,0.03945320844208391,0.33037608806864915,0.630170703489267
@montecookgames does the set look as cool in person as it does on stream?,neither,0.023360873103021002,0.4803265656904654,0.49631256120651357
Evening all.,neither,0.041793358651534496,0.4229818652092969,0.5352247761391685
oh noo erin,neither,0.04374595643939424,0.28920028968624734,0.6670537538743584
The Super Punks are in LEGO form! Eric is the one all the way on the right,neither,0.0512506022306025,0.33766676744645435,0.6110826303229432
"my group has been digging into the cypher system. you guys rock, we're stoked at the game we're putting together. :D @MonteCookGames",neither,0.0527208748659619,0.3392449138628294,0.6080342112712087
"@philbe63 I saw that, it's fantastic!",neither,0.034387319092303976,0.37186101434372504,0.5937516665639709
Akiiiiiiii,neither,0.03945320844208391,0.33037608806864915,0.630170703489267
@seratonia is it soup?,neither,0.047646860339615335,0.3275579154562434,0.6247952242041411
"hey AKI, how's it going",neither,0.03581843781231709,0.36462834052374654,0.5995532216639363
gandsC6 ; pending,neither,0.03945320844208391,0.33037608806864915,0.630170703489267
When does it start?,offensive_language,0.016657143906209267,0.5095962980709364,0.4737465580228543
I will now monologue on all the devious ways I intend to lavish love upon all of you,neither,0.05604714608721706,0.46740384867600365,0.4765490052367792
@shidareAKI Hello friendly chat Cleric!!,neither,0.03945320844208391,0.33037608806864915,0.630170703489267
critroleBidet @shidareaki,neither,0.03945320844208391,0.33037608806864915,0.630170703489267
@shidareAKI hows the move coming?,neither,0.0386586668461819,0.3158835595253246,0.6454577736284934
@DecentAmountOfCheese any moment,neither,0.03945320844208391,0.33037608806864915,0.630170703489267
"@GottaNerdOut That's wonderful to hear, thank you so much!",neither,0.050410569500029125,0.44441636319648314,0.5051730673034877
,neither,0.03945320844208391,0.33037608806864915,0.630170703489267
good evening super punks it's another fine evening here in raft City,neither,0.08292661996830832,0.278513518548057,0.6385598614836346
Hey peeps,neither,0.03945320844208391,0.33037608806864915,0.630170703489267
ahhhhhhhhhhhhhhhhhhhhhhhhhhhhhhhhh,neither,0.03945320844208391,0.33037608806864915,0.630170703489267
I've got fancy mac and cheese,neither,0.021582918824656266,0.3197334234839863,0.6586836576913574
yaaaaaay,neither,0.03945320844208391,0.33037608806864915,0.630170703489267
PENCIL SNAP,neither,0.03945320844208391,0.33037608806864915,0.630170703489267
BORG?!,neither,0.03945320844208391,0.33037608806864915,0.630170703489267
@slippydude it's an emotional suck but I'm making it,neither,0.051432350844869766,0.33178445116052274,0.6167831979946076
NO BORG ERIC,neither,0.03841525844964217,0.3479928082740095,0.6135919332763483
Eric NO,neither,0.03841525844964217,0.3479928082740095,0.6135919332763483
gandsPencil,neither,0.03945320844208391,0.33037608806864915,0.630170703489267
many pencils die...,neither,0.17601609155527073,0.14752107514339283,0.6764628333013364
"Oh, new Luma costume",neither,0.04871093027468015,0.1861563694189324,0.7651327003063875
what did i miss last week?,neither,0.037530397687367156,0.3290775395706292,0.6333920627420035
This show is never Borging!,neither,0.0697319387393861,0.2793566769706364,0.6509113842899776
"I'm putting together a superhero genre game with Cypher, with a setting inspired by ""Dark Angel"".",neither,0.03037341885595192,0.361967150652485,0.607659430491563
@ShidareAKI Yaaay!! (gibs gandsXP & <3 !),neither,0.03945320844208391,0.33037608806864915,0.630170703489267
ERIC?!?!?!,neither,0.03945320844208391,0.33037608806864915,0.630170703489267
Hi @MonteCookGames great to see you here. Silly question time: What are the odds a future book will get published that details the lore of Callisto6 and Superpunks co authored by Eric and Sam so folks can play their own games in this world too (using Cypher System obviously)? Asking for a friend.,neither,0.07195236186950009,0.320262534800301,0.6077851033301989
role playing itake time but seriously after 1 year and half in the same game they should a least use they character name :),neither,0.025615908878580593,0.36116898094916167,0.6132151101722577
Everyone looks as fab as ever!,neither,0.03282520775107202,0.44287055749853904,0.524304234750389
WHY EVEN JOKE ABOUT BORG,neither,0.02562260697624192,0.39305402760447133,0.5813233654192868
:(,neither,0.03945320844208391,0.33037608806864915,0.630170703489267
"oh dang, I missed it",neither,0.04390347087999556,0.27048210856039673,0.6856144205596076
Well I guess with ALpha Going bye bye I can Sub here now.,neither,0.05110688510846401,0.34667847643611477,0.6022146384554212
@shidareAKI just remember that we love you and wish you triumphant success in your adventures!,neither,0.08121975614497791,0.419870467390243,0.4989097764647791
#iamasuperpunk,neither,0.03945320844208391,0.33037608806864915,0.630170703489267
March 2nd for some of us Eric!,neither,0.05083663193427587,0.3154530714963642,0.6337102965693598
@ZachsMind We want that too! I can say no more :-),neither,0.036735153455898215,0.37342125819922795,0.5898435883448738
@slippydude thank you!,neither,0.07325166854587051,0.43632638485078484,0.49042194660334476
twitch didn't start when it started,neither,0.022188723279137013,0.399315013935993,0.57849626278487
Awesome.,neither,0.03945320844208391,0.33037608806864915,0.630170703489267
everyone @shadowstorm0 says hello. shes too tired from adventuring and is part of the vod squat this week :),neither,0.03973131468573079,0.35078141476445807,0.6094872705498112
I'm so clever I forgot to reload the page and was wondering why it hadn't started,neither,0.03453912553853848,0.3306419872841887,0.6348188871772728
March 2nd is my birthday!,neither,0.03549289305343117,0.3993865507825581,0.5651205561640107
ahhhh,neither,0.03945320844208391,0.33037608806864915,0.630170703489267
Darcy in the house,neither,0.03803978903713722,0.3041033750396491,0.6578568359232138
May I wish you a happy early birthday?,neither,0.057172687920841875,0.32613510907871196,0.6166922030004462
Lacy could own the Borg if they showed up,neither,0.03743876308817455,0.3875650416184531,0.5749961952933723
@MonteCookGames bold of eric to assume we're not bothering you now! ;),neither,0.06561858715953123,0.34085479944290464,0.5935266133975642
guesting?!? or just visiting? is he going to pull what Matt pulled with Chris Perkins??,neither,0.04257697538296326,0.3677525116888722,0.5896705129281645
250 dollars,neither,0.03945320844208391,0.33037608806864915,0.630170703489267
Darcy is @DarcyLRoss on TWitter,offensive_language,0.04719109516878175,0.5429234716359427,0.4098854331952756
#Cheers4Darcy!!!,neither,0.03945320844208391,0.33037608806864915,0.630170703489267
You may @shidareAKI,neither,0.07817066169792697,0.37470442420608524,0.5471249140959877
,neither,0.03945320844208391,0.33037608806864915,0.630170703489267
Thanks @KBTibbs I'm still a luddite with the ! commands. Should just experiment but perhaps now's a bad time.,neither,0.028385478064952237,0.3986345127061793,0.5729800092288685
Eric with the shout-out for ya @montecookgames critroleCrit critroleCrit,offensive_language,0.016498644080394333,0.5117120660428055,0.4717892898768002
Awww you all rock!,neither,0.05927576429359115,0.46114795860087354,0.47957627710553524
Congrats Monte Cook Games,neither,0.03945320844208391,0.33037608806864915,0.630170703489267
I can't wait for my black cube!,neither,0.03855798165654763,0.35634670486543935,0.605095313478013
I want to play,neither,0.05098519742364065,0.3178565298471901,0.6311582727291692
who wants to run Invisible Sun for me?!,neither,0.03442483607195888,0.375442457030789,0.5901327068972522
:),neither,0.03945320844208391,0.33037608806864915,0.630170703489267
And when will this be a show????,neither,0.04404650064644663,0.22971816422421304,0.7262353351293404
what kind of seting is it,neither,0.055814216382954536,0.32224321659377125,0.6219425670232743
omg bookheads?!,neither,0.03945320844208391,0.33037608806864915,0.630170703489267
the art is beautiful,neither,0.04697512263271777,0.3110014216400325,0.6420234557272497
It's really fun! I love running Invisible Sun <3,neither,0.03648761944516277,0.34000330618192637,0.6235090743729108
BOOK HEADS,neither,0.03945320844208391,0.33037608806864915,0.630170703489267
I WANT THE BOOKHEADS :o,neither,0.03807622075232764,0.2862433027150141,0.6756804765326583
like a cthulhu thing?,neither,0.050647961789155725,0.34657866657070535,0.602773371640139
Nice!,neither,0.03945320844208391,0.33037608806864915,0.630170703489267
Hello SuperPunks,neither,0.03945320844208391,0.33037608806864915,0.630170703489267
!rebroadcast,neither,0.03945320844208391,0.33037608806864915,0.630170703489267
The art for this game looks amazing,neither,0.03402205642949,0.2691198314967645,0.6968581120737456
Hi @Alexanderhero83,neither,0.03945320844208391,0.33037608806864915,0.630170703489267
LOL,neither,0.020706217963973744,0.4882283491876925,0.4910654328483337
I still hope to see Arcana Unearthed updated for 5E,neither,0.07152907478486906,0.21467697277857034,0.7137939524365606
hello Alexander,neither,0.03945320844208391,0.33037608806864915,0.630170703489267
I would play LSD laden Del Toro RPGs too!!! <3,neither,0.03895758860367782,0.3297970530335195,0.6312453583628027
hello punks!,neither,0.03945320844208391,0.33037608806864915,0.630170703489267
Bonnie Con!,neither,0.03945320844208391,0.33037608806864915,0.630170703489267
Say No More! @MonteCookGames an eye's as good as a wink to a blind bat! etc etc,neither,0.04462092384692733,0.3572898786459838,0.5980891975070889
WOOOOOO,neither,0.03945320844208391,0.33037608806864915,0.630170703489267
YAY!,neither,0.03945320844208391,0.33037608806864915,0.630170703489267
Hi @lemoneaterl,neither,0.03945320844208391,0.33037608806864915,0.630170703489267
Happy Early Birthday @americanchrome,neither,0.04113755935264089,0.3017882573109049,0.6570741833364543
Correct city identified!,neither,0.03945320844208391,0.33037608806864915,0.630170703489267
Dope,neither,0.03945320844208391,0.33037608806864915,0.630170703489267
"welcome to the Midwest , Bonnie!",neither,0.04498230380864389,0.31138874341744216,0.643628952773914
There we go! ^^,neither,0.04083933629015207,0.27628362646603744,0.6828770372438104
hey loony!,neither,0.03945320844208391,0.33037608806864915,0.630170703489267
ok so no X tonight,neither,0.03519526001034973,0.36867441641278853,0.5961303235768618
Bonnie -- thanks for staying to play tonight!,neither,0.03661909785579503,0.279993189158273,0.683387712985932
Xan-dar!,neither,0.03945320844208391,0.33037608806864915,0.630170703489267
"Eric should GM the Invisible Sun game one day soon. I bet you would love that, huh @MonteCookGames?",neither,0.047805938387829004,0.3714206178575676,0.5807734437546034
yay!,neither,0.03945320844208391,0.33037608806864915,0.630170703489267
Thank you very much @shidareAKI,neither,0.0517609983293255,0.3932210226596965,0.5550179790109779
Xandar! The Bar(d)barian!,neither,0.03818333146884059,0.3068836632137256,0.6549330053174338
"That is such a cool idea, Eric!",neither,0.042679595610492865,0.3578722415342472,0.5994481628552599
Who can turn the world on with her smile? Who can take a nothing day and suddenly make it all seem worthwhile? BONNIE,offensive_language,0.027964921826691445,0.5384160464683819,0.43361903170492655
I wonder who will finish that fanart first.,neither,0.031900231851560004,0.4047105613786205,0.5633892067698195
"@Corpsehandler No, But Trisha H!",neither,0.030870742512511318,0.3827350518512924,0.5863942056361963
Muahaha @DarkestArgentum :D,neither,0.03945320844208391,0.33037608806864915,0.630170703489267
!points @Akeluus,neither,0.03945320844208391,0.33037608806864915,0.630170703489267
"That was an excellent pun, @Akeluus! Here, have some points for that one! You have been awarded 26 points!",neither,0.0501518845719386,0.3824903729925278,0.5673577424355336
Fpm,neither,0.03945320844208391,0.33037608806864915,0.630170703489267
Nice!,neither,0.03945320844208391,0.33037608806864915,0.630170703489267
@Corpsehandler Err... on Vampire anyway,neither,0.03723956085080363,0.340946151942936,0.6218142872062604
OH RISK,neither,0.04535734983354261,0.27438591475104485,0.6802567354154126
gasp,neither,0.03945320844208391,0.33037608806864915,0.630170703489267
OHMYGOD YES,neither,0.03945320844208391,0.33037608806864915,0.630170703489267
Oh it had actually started,neither,0.04301766594023937,0.2822334901612651,0.6747488438984955
YAY HECTOR,neither,0.03945320844208391,0.33037608806864915,0.630170703489267
Oh cool :D,neither,0.04720127955179003,0.2578925924460871,0.6949061280021229
HECTOR!,neither,0.03945320844208391,0.33037608806864915,0.630170703489267
AYE!!!!,neither,0.03945320844208391,0.33037608806864915,0.630170703489267
WOOOH,neither,0.03945320844208391,0.33037608806864915,0.630170703489267
Xandar the Barbarian: He Who Would Like To Rage!,neither,0.05714516150635875,0.36663308618202817,0.5762217523116132
yay Hector!,neither,0.03945320844208391,0.33037608806864915,0.630170703489267
WAT?!,neither,0.03945320844208391,0.33037608806864915,0.630170703489267
Oh snap!,neither,0.04610041286253887,0.2676795543969371,0.6862200327405242
oops. i meant don't say the B word. The spirit of Junil may be haunting this chat room and start breaking things.,neither,0.03906332993862295,0.2880596048194179,0.6728770652419592
I WILL BE THERE,neither,0.042012433482780005,0.2328057034933364,0.7251818630238837
@kb and i'm psyched!,neither,0.03857111107789432,0.2851340175310554,0.6762948713910502
Yes Aki!,neither,0.03945320844208391,0.33037608806864915,0.630170703489267
what happened i was in ads,neither,0.04424968849572549,0.32866677162362046,0.627083539880654
"@philbe63 As a Minnesotan, I approve of the MTM reference.",neither,0.037108511829249013,0.3450937185331879,0.617797769637563
If I am in LA by then I will see you there,neither,0.036516558441672745,0.3967111073531164,0.5667723342052108
uhm... it tarted? i ain't seeing it,offensive_language,0.020594464852177738,0.506755280415868,0.4726502547319543
gandsPencil Chat cleansed,neither,0.03945320844208391,0.33037608806864915,0.630170703489267
LOL,neither,0.020706217963973744,0.4882283491876925,0.4910654328483337
that's amazing,neither,0.03413659802039229,0.3885612680816893,0.5773021338979183
LOL!,neither,0.020706217963973744,0.4882283491876925,0.4910654328483337
XD,neither,0.03945320844208391,0.33037608806864915,0.630170703489267
YOU HAVE TO HECTOR!!!,offensive_language,0.1205488280680348,0.4588549949726288,0.4205961769593364
LUL,neither,0.03945320844208391,0.33037608806864915,0.630170703489267
refresh if you do not see C6 gandsC6,neither,0.034112136592769605,0.4300092698703404,0.5358785935368899
do it hector!!!,neither,0.039361844991312706,0.33040751214889547,0.6302306428597919
"If you can't see something start on twitch, either confirm that add ons aren't blocking in your browser, or refresh",neither,0.04464522933408104,0.3922140212071311,0.563140749458788
try refresh @zachsmind,neither,0.03945320844208391,0.33037608806864915,0.630170703489267
"Hector, if you don't, a number of us might be disappointed <w<",neither,0.06133307607594281,0.4075954166211311,0.5310715073029262
"Hector, i'd expect nothing less from you!",neither,0.053251917887418,0.40019109404822095,0.546556988064361
We love Hector and is OS shenanigans,neither,0.04322763425159709,0.3050031882160785,0.6517691775323244
"dang it! How much did I miss? ""Quantum torpedoes""",neither,0.02793470594260701,0.33433782926609157,0.6377274647913015
their smile,neither,0.03945320844208391,0.33037608806864915,0.630170703489267
Aww Sam,neither,0.03945320844208391,0.33037608806864915,0.630170703489267
AW,neither,0.03945320844208391,0.33037608806864915,0.630170703489267
@zachsmind just started,neither,0.032803472495977,0.36242220823605287,0.6047743192679701
A controlled excitement,neither,0.03945320844208391,0.33037608806864915,0.630170703489267
