text,top_class,hate_speech,offensive_language,neither
"Join us for a totally fun and completely casual gaming stream today from 4pm to 6pm PT with Becca Scott, Erika Fermina, Gina DeVivo, Rachel Seely and Whitney Moore!",neither,0.04565745127623505,0.2883349610926806,0.6660075876310844
there we go,neither,0.04083933629015207,0.27628362646603744,0.6828770372438104
gandsHype gandsHype gandsHype,neither,0.03945320844208391,0.33037608806864915,0.630170703489267
BibleThump,neither,0.03945320844208391,0.33037608806864915,0.630170703489267
gandsClassic gandsHype gandsClassic,neither,0.03945320844208391,0.33037608806864915,0.630170703489267
super smash BibleThump,neither,0.03945320844208391,0.33037608806864915,0.630170703489267
moments,neither,0.03945320844208391,0.33037608806864915,0.630170703489267
gandsOne gandsOne gandsOne gandsOne gandsHype,neither,0.03945320844208391,0.33037608806864915,0.630170703489267
Ayy what’s good,neither,0.04474610718311916,0.3262975198134753,0.6289563730034053
gandsClassic gandsFacepalm gandsHype gandsClassic,neither,0.03945320844208391,0.33037608806864915,0.630170703489267
"Gina, that hat",neither,0.03403299134994337,0.3897200552019955,0.5762469534480612
Woohoo!,neither,0.03945320844208391,0.33037608806864915,0.630170703489267
FEED ME! :P,neither,0.02952488787797803,0.38556498485761886,0.5849101272644031
this is perfect,neither,0.05175890132461558,0.3283815141148589,0.6198595845605255
Crab Rave?,neither,0.03945320844208391,0.33037608806864915,0.630170703489267
TwitchUnity TwitchUnity,neither,0.03945320844208391,0.33037608806864915,0.630170703489267
This is exactly what it needs to be.,neither,0.060163473924535166,0.324917839616377,0.6149186864590879
I'm HORRIBLE at smash,neither,0.03867113297569299,0.3541796957978846,0.6071491712264224
"I’m told I should say nice things. Given this group, though, there are FAR too many nice things to say and I’m about to bluescreen!",neither,0.06055132518942615,0.2991654969879668,0.6402831778226071
We have a busted controller which Erika is using,neither,0.041448898381268584,0.3806886545729146,0.5778624470458168
im as good as that pro smash player called Isai :P,neither,0.031086889266475397,0.46382733339031806,0.5050857773432065
@DeLevely Hi Sam!,neither,0.03945320844208391,0.33037608806864915,0.630170703489267
@DeLevely awwwww,neither,0.03945320844208391,0.33037608806864915,0.630170703489267
Hey everyone!,neither,0.031959242684595296,0.4575682446653829,0.5104725126500218
Hi @geekandsundry !,neither,0.03945320844208391,0.33037608806864915,0.630170703489267
Perfect thing to put on in the background while I art,neither,0.04122566452159633,0.32584746626285177,0.632926869215552
Let's go!,neither,0.01806316484133749,0.39391011985298136,0.5880267153056813
Is it supposed to be 720p?,neither,0.05900341521836073,0.3265290674368467,0.6144675173447925
Hey all!! HI Erika and Rachel!!!,neither,0.04001926911756852,0.352194086504679,0.6077866443777526
Resub gandsHype,neither,0.03945320844208391,0.33037608806864915,0.630170703489267
hello,neither,0.03945320844208391,0.33037608806864915,0.630170703489267
Hello all! Happy Fat Tuesday!,neither,0.13096353059729923,0.2794175461812966,0.5896189232214043
Laissez bon temps rouler!,neither,0.03945320844208391,0.33037608806864915,0.630170703489267
"Also, HI Becca!!! jayers1Weareborg jayers1Drone jayers1Redshirt",neither,0.03945320844208391,0.33037608806864915,0.630170703489267
That's a lotta months @EricaTheStrange,neither,0.035529047916845344,0.3730666315324253,0.5914043205507293
thanks for the 4 years as a sub Erica and Marb gandsHype,neither,0.03242711531748379,0.2903414996529452,0.6772313850295709
I know :D @Zismarith,neither,0.03945320844208391,0.33037608806864915,0.630170703489267
GO JIGGLYPUFF!,neither,0.04276165647058889,0.34190019769565555,0.6153381458337556
lol jiggly puff,neither,0.030519324274572414,0.39614728109255143,0.5733333946328761
Erika is So good?,neither,0.05371581062743705,0.4071450768424978,0.5391391125300652
Hi Whitney @GeekandSundry :),neither,0.03945320844208391,0.33037608806864915,0.630170703489267
Is Erika playing Jigglypuff? GO ERIKA!!!,neither,0.05407347812212697,0.33187296703576186,0.6140535548421112
she can roll while facing left,neither,0.04081009180184288,0.3944052321960638,0.5647846760020933
go me :D @Andyinsomnia,neither,0.02717377084609685,0.42154848898196834,0.5512777401719348
Take them down @astylepixie !!,neither,0.061251825757782416,0.3185755338080321,0.6201726404341855
software update streams are always fun times,neither,0.052925534008385705,0.33643132278548055,0.6106431432061339
Resub gandsHype,neither,0.03945320844208391,0.33037608806864915,0.630170703489267
I'd like to see Sam De Leve on TBDRPG at some time,neither,0.04145061834470734,0.3965055913966733,0.5620437902586193
What's this about London and York?,neither,0.04189079567470105,0.3174822759789572,0.6406269283463418
"York is such a cool place, one of my favourite spots to visit",neither,0.0416950461921631,0.3604978645099389,0.597807089297898
Tiny Controller time!,neither,0.03846373187654609,0.3471700877138866,0.6143661804095674
"Yes, more video games, please! <3",neither,0.04614780351188838,0.23852720884074502,0.7153249876473666
:O,neither,0.03945320844208391,0.33037608806864915,0.630170703489267
"That glorious moment, when theinstallation bar moves 1 pixel further right during updates :-D",neither,0.030721895698384277,0.3964037734323214,0.5728743308692943
harryoNom,neither,0.03945320844208391,0.33037608806864915,0.630170703489267
Resub gandsHype,neither,0.03945320844208391,0.33037608806864915,0.630170703489267
Oh yeah we kind of buried the lead here... let me get them on that next game break,neither,0.03757223026630276,0.39258886685386135,0.569838902879836
!wtfisthis,neither,0.03945320844208391,0.33037608806864915,0.630170703489267
"Led by Storyteller Jason Carl of White Wolf Entertainment, L.A. By Night is a dark tale of personal horror and inhuman conspiracy that sees four vampires doing their best to navigate the macabre affairs and terrifying realities of surviving the L.A. night.",neither,0.11790822065779524,0.4086729631048225,0.47341881623738236
