text,top_class,hate_speech,offensive_language,neither
greatly enjoyed... thanks for the fun !,neither,0.03279353664495329,0.2839648532635845,0.6832416100914622
Thank you denisepantoja and debbers500 ! Such fun!,neither,0.05567022480638253,0.3340008556150973,0.6103289195785201
HSWP,neither,0.03945320844208391,0.33037608806864915,0.630170703489267
the PC d&d game was also terribad,neither,0.03807767468401908,0.28235326523038684,0.679569060085594
basicaly a 2.5d shooter,neither,0.03945320844208391,0.33037608806864915,0.630170703489267
this is TBDs new time right?,neither,0.05213852625417451,0.26515998893865067,0.6827014848071747
@denisepantoja Thank you for all the work you have done to make this possible,neither,0.06396616483650898,0.4315408512756638,0.5044929838878272
@sleezyy next shows just as good 👍,neither,0.032216007172855894,0.39457354219913565,0.5732104506280085
hi,neither,0.03945320844208391,0.33037608806864915,0.630170703489267
@tavixx123 Yes.,neither,0.03945320844208391,0.33037608806864915,0.630170703489267
"@tavixx123 Yes, it's starting basically immediately",neither,0.03833720065373347,0.33075993432227235,0.6309028650239941
Hi @king_sammy311,neither,0.03945320844208391,0.33037608806864915,0.630170703489267
Critical Role and Talks Machina will be moving to Critical Role's Twitch channel on 02/19/19. For more information please see this link: https://critrole.com/critical-role-talks-machina-broadcast-updates/. All previously aired content will continue to be available in the Geek & Sundry Twitch library and on YouTube. Both shows will continue to be hosted here on Geek & Sundry's Twitch when those episodes are streamed live.,neither,0.05444289053011623,0.2958484475329575,0.6497086619369262
"Oh, we had a lot of computer-based version of D&D",neither,0.042651368396367545,0.3001872804300936,0.657161351173539
@tavixx123 any min,neither,0.03945320844208391,0.33037608806864915,0.630170703489267
!discord,neither,0.03945320844208391,0.33037608806864915,0.630170703489267
We have a subscriber-only Discord server! Join here: https://discord.gg/geekandsundry (you'll need to sub and link it to your Twitch) and be a part of the fun!...Warning: It can take up to an hour for the server to update and give you access to the channels,neither,0.08464076273808444,0.286394834032893,0.6289644032290227
@chaoticloony agree,neither,0.03945320844208391,0.33037608806864915,0.630170703489267
@debbers500 is the best!,neither,0.05135998456280659,0.2889087219359037,0.6597312935012896
thx to the whole crew @GeekandSundry,neither,0.044303421355988984,0.3135158872493601,0.6421806913946511
What is this? Can someone give Me a basic rundown,neither,0.04462624485805713,0.3577008764170249,0.5976728787249178
"Unfortunately, I have some other things to do, so I can't hang around for it. Have fun everyone!",neither,0.031542646897381725,0.40336979835186615,0.5650875547507521
Neverwinter Nights was good,neither,0.038570736722344894,0.33301203335389806,0.6284172299237569
!weave,neither,0.03945320844208391,0.33037608806864915,0.630170703489267
"Weave is a 21st century storytelling platform for everyone. With just two decks of cards and a handful of dice, you and your friends can create adventures in any genre, from sci-fi to high school comedy. When combined with the free companion app, Weave provides all the power you'll need to discover new worlds, imagine amazing characters, and save your stories online in minutes. You can find more information at: https://monoclesociety.com/",neither,0.05518230705223139,0.35254272173036755,0.592274971217401
"@raostrich The guy playing Rikki character didn't want to play a traditional alchemist, so is a druid with hsi spells as ""potions"".",neither,0.0299414840867988,0.4101549718306332,0.559903544082568
I’m thrilling enough this TBD RPG,neither,0.03930151111648512,0.3329507875825328,0.627747701300982
take care @thedimono,neither,0.03945320844208391,0.33037608806864915,0.630170703489267
"See ya, @TheDiMono !",offensive_language,0.02052170517863985,0.6984459664727475,0.2810323283486127
!wtfisthis,neither,0.03945320844208391,0.33037608806864915,0.630170703489267
"Allow Geek & Sundry to take you by the hand and guide you from game to game in our new programming block, TBD RPG! This show is the space to see every possible sort of Role Playing Game, and the cast is currently playing the Weave RPG!",neither,0.06556019375782646,0.233311417536628,0.7011283887055455
There's two D&D MMOs,neither,0.040245170539028256,0.24891654780917388,0.710838281651798
thanks @thedimono @danoba @critternation3000,neither,0.035884468650613,0.3004919205142699,0.6636236108351171
#TBDRPG tonight at 8pm Pacific for the finale of the month-long THE GARDEN campaign. The squad must prove their innocence in the Sunflower Clan murder and stop the war between the Greenery and the Thorns,neither,0.03483270649599573,0.2813954008527112,0.6837718926512931
@ChainsawGothic Found it! It's was called Dragonstrike,neither,0.036449262316380536,0.33349520805726535,0.630055529626354
Later @TheDiMono,neither,0.03945320844208391,0.33037608806864915,0.630170703489267
the potion bottle flair for the spells is super creative rp,neither,0.03941807326375117,0.28632550508643534,0.6742564216498136
We have a subscriber-only Discord server! Join here: https://discord.gg/geekandsundry (you'll need to sub and link it to your Twitch) and be a part of the fun!...Warning: It can take up to an hour for the server to update and give you access to the channels,neither,0.08464076273808444,0.286394834032893,0.6289644032290227
@tharacus That's it!,neither,0.02686667497728228,0.4382399667381754,0.5348933582845424
!shaggy,neither,0.03945320844208391,0.33037608806864915,0.630170703489267
Matthew Lillard obviously has perfect vision his glasses are just there to stop his eyes from absorbing more power.,neither,0.0854147009341223,0.3013516510270027,0.613233648038875
"Good morning people. I'm gonna take a shower and make a good breakfast. Have a good day^^ *disappears yelling through his house until he reaches the kitchen: ""COFFFFFEEEEEEEEEEEEEEEEEE, I NEEEEDDD YOUUUUUUUU"".*",neither,0.06660750303733004,0.2679325366178538,0.6654599603448161
"D&D had a whole series of games from a computer-game company called SSI, followed by a lot of stuff from Black Isle... and much more.",neither,0.046860282078473696,0.28824236632580513,0.6648973515957212
Hi @anthaliel,neither,0.03945320844208391,0.33037608806864915,0.630170703489267
!shaggy,neither,0.03945320844208391,0.33037608806864915,0.630170703489267
"Yes, Matthew Lillard is that guy from that movie... every movie.",neither,0.042294638357367284,0.32682354726338675,0.630881814379246
@ChainsawGothic I remember those,neither,0.0812934567993778,0.22617863857362633,0.692527904626996
TBD RPG?,neither,0.03945320844208391,0.33037608806864915,0.630170703489267
@ChainsawGothic dont get me wrong ... the black isle stuff was genius,neither,0.044937303939481886,0.340466504076697,0.6145961919838212
@DJPheonyx ancient lore :),neither,0.03945320844208391,0.33037608806864915,0.630170703489267
Icewind Dale ...,neither,0.03945320844208391,0.33037608806864915,0.630170703489267
"Help G&S make great content! $4.99/month gets you emotes, Minecraft server access, sub-only VODs, and more! Every sub keeps the channel alive! twitch.tv/geekandsundry/subscribe",neither,0.043907990691603095,0.31135964332838284,0.644732365980014
@naturalwonders we concur,neither,0.039025862747262004,0.3376292597931679,0.6233448774595702
But the early 90s d&d games that literally had nothing to do with the tabletop game,neither,0.03143206785536983,0.34735930512289453,0.6212086270217356
"Thye Gold Box games are so much fun, i even have Curse of the Azure Bonds installed on my computer",neither,0.038945020225740416,0.38879374619726714,0.5722612335769924
"The gold boxed games on 5.25 in floppies, then later 3.5 in. floppies",neither,0.037186160124652916,0.3285726742201586,0.6342411656551885
new rpg?,neither,0.04660400397451208,0.1401930676750457,0.8132029283504423
Finale of the month-long THE GARDEN campaign. The squad must prove their innocence in the Sunflower Clan murder and stop the war between the Greenery and the Thorns .,neither,0.03728417524383296,0.2866729174423211,0.676042907313846
"there were some bad ones, sure",neither,0.02623731673596914,0.4051406205584922,0.5686220627055385
gandsClassic gandsFacepalm gandsHappy stefFremen gandsTwenty,neither,0.03945320844208391,0.33037608806864915,0.630170703489267
yay danHype,neither,0.03945320844208391,0.33037608806864915,0.630170703489267
VoHiYo HeyGuys,neither,0.03945320844208391,0.33037608806864915,0.630170703489267
"yesssss, this is already awesome",neither,0.04509525016820488,0.3440973700013941,0.6108073798304009
gandsHype gandsHype gandsHype,neither,0.03945320844208391,0.33037608806864915,0.630170703489267
piboAw stef gets better makeup every week,neither,0.03945320844208391,0.33037608806864915,0.630170703489267
yay my favorite chickflick,neither,0.028027272109246052,0.4195618281953364,0.5524108996954176
"Hi Whitney, Amy, Stef, Gina and Becca!",neither,0.03882788631130355,0.299422105481188,0.6617500082075084
wrtf is this,neither,0.06444388513749441,0.32581973129223984,0.6097363835702658
"Oh, wow, it looks like they've branched out into another game",neither,0.050089602149851836,0.22781849366802528,0.722091904182123
!wtfisthis,neither,0.03945320844208391,0.33037608806864915,0.630170703489267
"Allow Geek & Sundry to take you by the hand and guide you from game to game in our new programming block, TBD RPG! This show is the space to see every possible sort of Role Playing Game, and the cast is currently playing the Weave RPG!",neither,0.06556019375782646,0.233311417536628,0.7011283887055455
!points @ChainsawGothic,neither,0.03945320844208391,0.33037608806864915,0.630170703489267
"That was an excellent pun, @ChainsawGothic! Here, have some points for that one! You have been awarded 95 points!",neither,0.0501518845719386,0.3824903729925278,0.5673577424355336
Woo!,neither,0.03945320844208391,0.33037608806864915,0.630170703489267
... /bow,neither,0.03945320844208391,0.33037608806864915,0.630170703489267
I couldn't leaf that pun alone.,neither,0.03676360143822216,0.35946775643322343,0.6037686421285544
Woo!,neither,0.03945320844208391,0.33037608806864915,0.630170703489267
Seems like ... a whole new RPG has bloomed,neither,0.05444522399634201,0.25226011987863556,0.6932946561250225
like wtf is this?,offensive_language,0.08060607153875418,0.7039785220393665,0.2154154064218793
information at: https://monoclesociety.com/,neither,0.03879995198411851,0.3502731494369358,0.6109268985789457
Amazing Game Master <3,neither,0.038811522419358035,0.2913239231296717,0.6698645544509703
!wtfisthis,neither,0.03945320844208391,0.33037608806864915,0.630170703489267
"Allow Geek & Sundry to take you by the hand and guide you from game to game in our new programming block, TBD RPG! This show is the space to see every possible sort of Role Playing Game, and the cast is currently playing the Weave RPG!",neither,0.06556019375782646,0.233311417536628,0.7011283887055455
kaypikeTHANKYOU cliff,neither,0.03945320844208391,0.33037608806864915,0.630170703489267
!frontpage,neither,0.03945320844208391,0.33037608806864915,0.630170703489267
"We are on the front page, which means we have an influx of new people coming in here. Some are polite, some are not. Please let the mods handle those who are not. Sit back, enjoy the show, and DON'T FEED THE TROLLS.",neither,0.10504481977893397,0.20508308154005317,0.6898720986810128
here comes the druggy wanna be shaman ..,neither,0.09661610551976313,0.27226380087449153,0.6311200936057454
oh god haha idk if this is for me but i love the spirit here,neither,0.03953773135349054,0.36612790748965685,0.5943343611568527
tinytatoHeart @denisepantoja you're doing this show now too gg,neither,0.11233406086676392,0.2682857912470936,0.6193801478861425
a cult where most the members are children,neither,0.061084382433203195,0.2551627960757482,0.6837528214910487
danSmile it's not a cult,neither,0.033343388287243585,0.34312202601138486,0.6235345857013717
!wtfisthis,neither,0.03945320844208391,0.33037608806864915,0.630170703489267
"Allow Geek & Sundry to take you by the hand and guide you from game to game in our new programming block, TBD RPG! This show is the space to see every possible sort of Role Playing Game, and the cast is currently playing the Weave RPG!",neither,0.06556019375782646,0.233311417536628,0.7011283887055455
#ItIsACult,neither,0.03945320844208391,0.33037608806864915,0.630170703489267
so many cults and cult adjacent groups on weave lol,neither,0.031009197624512982,0.38367115419445713,0.5853196481810299
top tier weird.... and i LOVE IT,neither,0.03547291892944465,0.30899189407696437,0.655535186993591
@MetalGundam Pieces of real cult in every bite,neither,0.033912107636127335,0.42641010673103324,0.5396777856328394
gandsOwlbear,neither,0.03945320844208391,0.33037608806864915,0.630170703489267
With a curly tail,neither,0.029569367233833337,0.36450081051939826,0.6059298222467684
He lost his pizza,neither,0.07623850261036616,0.32899294091311393,0.5947685564765199
@DarkJesusMN That is why it is my favorite show on the channel,neither,0.03566863256603065,0.37342742432194437,0.5909039431120249
just because lol,neither,0.023019465142635167,0.44652031618512245,0.5304602186722424
almost joker unicorn xD,neither,0.03945320844208391,0.33037608806864915,0.630170703489267
such artistry piboGasm,neither,0.03996051322623136,0.32176580192168136,0.6382736848520874
He's angry because his upstage side is significantly smaller than his downstage side.,neither,0.07345121203400122,0.3746350787887645,0.5519137091772344
🦄,neither,0.03945320844208391,0.33037608806864915,0.630170703489267
I so love the CHAOS these 5 ladies create on this show!,neither,0.05078849228516236,0.3638264966402341,0.5853850110746036
Beengs,neither,0.03945320844208391,0.33037608806864915,0.630170703489267
wait what,neither,0.04877470361900789,0.3238348708445956,0.6273904255363965
who are these people on camera?,offensive_language,0.13504800365352318,0.4405450599582258,0.42440693638825094
"Bees had better be an acceptable substitute, because Lily doesn't have bangs.",neither,0.0395782379866055,0.3343090430881606,0.626112718925234
!whodat,neither,0.03945320844208391,0.33037608806864915,0.630170703489267
"Stef Woodburn ( twitter.com/StefWoodburn ) as the Storyteller, with Whitney Moore ( twitter.com/tweetneymoore ) as Indigo Moonfrog, Amy Dallen ( twitter.com/enthusiamy ) as Lily Rahd, Becca Scott ( twitter.com/thebeccascott ) as Wisteria, and Gina DeVivo ( twitter.com/pocketgina ) as Vinelope.",neither,0.03387896695929189,0.477641488138192,0.4884795449025161
!whodat,neither,0.03945320844208391,0.33037608806864915,0.630170703489267
!whodat,neither,0.03945320844208391,0.33037608806864915,0.630170703489267
i'm so delighted this is happening at a watchable time now,neither,0.04439500100724693,0.4046893303310058,0.5509156686617471
c-c-c-combo,neither,0.03945320844208391,0.33037608806864915,0.630170703489267
"Listen. Strange women lying in ponds distributing swords is no basis for a system of government. Supreme executive power derives from a mandate from the masses, not from some farcical aquatic ceremony.",neither,0.0391474042293566,0.32476131859338914,0.6360912771772542
NOT A CULT,neither,0.03554889144452836,0.3454295093440936,0.619021599211378
timmacLICK,neither,0.03945320844208391,0.33037608806864915,0.630170703489267
this is now asmr show,neither,0.08020421150106063,0.22209515570045193,0.6977006327984875
Thanks for that.... let's just call it ASMR,neither,0.015299727234278113,0.3750755566902322,0.6096247160754896
hehheheheheh,neither,0.03945320844208391,0.33037608806864915,0.630170703489267
what is this? 0.0 d&d?,neither,0.07282678549990032,0.31792604547631814,0.6092471690237815
Wutface,neither,0.03945320844208391,0.33037608806864915,0.630170703489267
Heeeeyy @5horbust,neither,0.03945320844208391,0.33037608806864915,0.630170703489267
lol,neither,0.020706217963973744,0.4882283491876925,0.4910654328483337
Finale of the month-long THE GARDEN campaign. The squad must prove their innocence in the Sunflower Clan murder and stop the war between the Greenery and the Thorns .,neither,0.03728417524383296,0.2866729174423211,0.676042907313846
!weave,neither,0.03945320844208391,0.33037608806864915,0.630170703489267
"Weave is a 21st century storytelling platform for everyone. With just two decks of cards and a handful of dice, you and your friends can create adventures in any genre, from sci-fi to high school comedy. When combined with the free companion app, Weave provides all the power you'll need to discover new worlds, imagine amazing characters, and save your stories online in minutes. You can find more information at: https://monoclesociety.com/",neither,0.05518230705223139,0.35254272173036755,0.592274971217401
I'm new here lol,neither,0.10710309635436745,0.22290740994405556,0.669989493701577
:p,neither,0.03945320844208391,0.33037608806864915,0.630170703489267
hey good evening! @Zismarith,neither,0.03880683112448483,0.3305984068681928,0.6305947620073223
"i.e ""Psychiatric Illnesses as Plants""",neither,0.037207572578484165,0.3684903893165294,0.5943020381049865
!blink,neither,0.03945320844208391,0.33037608806864915,0.630170703489267
"JCVIM, PLEASE BLINK!",neither,0.03945320844208391,0.33037608806864915,0.630170703489267
monkaW,neither,0.03945320844208391,0.33037608806864915,0.630170703489267
bruh why did I stumble myself upon this,neither,0.030155536619129106,0.3445355666505921,0.6253088967302788
"""I've killed. :D"" Hmm. Is that Becca bleeding through?",neither,0.025260384865754576,0.34341644822438383,0.6313231669098617
mamber.,neither,0.03945320844208391,0.33037608806864915,0.630170703489267
what is this dawg,neither,0.059327592414475584,0.322893403305621,0.6177790042799034
hola,neither,0.03945320844208391,0.33037608806864915,0.630170703489267
I dunno what I'm watching,neither,0.04851645101971957,0.3240073214170511,0.6274762275632294
"Using the Weave RPG system ,,,information at: https://monoclesociety.com/",neither,0.03614292359470728,0.3744237986890196,0.5894332777162732
!wtfisthis,neither,0.03945320844208391,0.33037608806864915,0.630170703489267
"Allow Geek & Sundry to take you by the hand and guide you from game to game in our new programming block, TBD RPG! This show is the space to see every possible sort of Role Playing Game, and the cast is currently playing the Weave RPG!",neither,0.06556019375782646,0.233311417536628,0.7011283887055455
Vinelope :D <3,neither,0.03945320844208391,0.33037608806864915,0.630170703489267
what in the tarnation,neither,0.04990743812379952,0.2896602713650894,0.6604322905111111
facts what is this lol,neither,0.04484619544469561,0.3867341600457458,0.5684196445095586
WHAAAAT,neither,0.03945320844208391,0.33037608806864915,0.630170703489267
"Vinelope, you CAD",offensive_language,0.21217306638279385,0.6099082758190073,0.17791865779819876
brooooo whaattt,neither,0.03945320844208391,0.33037608806864915,0.630170703489267
!points Vinelope,neither,0.03945320844208391,0.33037608806864915,0.630170703489267
"That was an excellent pun, Vinelope! Here, have some points for that one! You have been awarded 94 points!",neither,0.05007717625884537,0.38217957336812336,0.5677432503730313
its thissss dawggg,neither,0.03290907704091701,0.33262691494259883,0.6344640080164842
It's Poison Ivy and Harley Quinn.,neither,0.037919002390442824,0.3029962359818291,0.659084761627728
4Head,neither,0.03945320844208391,0.33037608806864915,0.630170703489267
whats going on dawg,neither,0.0352414118089559,0.3698575352876417,0.5949010529034023
please someone tell me what this is,neither,0.04470489177041748,0.3640588209064797,0.5912362873231028
!wtfisthis,neither,0.03945320844208391,0.33037608806864915,0.630170703489267
"Allow Geek & Sundry to take you by the hand and guide you from game to game in our new programming block, TBD RPG! This show is the space to see every possible sort of Role Playing Game, and the cast is currently playing the Weave RPG!",neither,0.06556019375782646,0.233311417536628,0.7011283887055455
im dumby confused,neither,0.038673099359051305,0.3599935633605814,0.6013333372803672
hola,neither,0.03945320844208391,0.33037608806864915,0.630170703489267
Where do I know Wisteria from!?,neither,0.04538461483126942,0.26373101386577175,0.6908843713029589
This is kinda silly but I am having fun,neither,0.04250563667841095,0.33701425851026295,0.6204801048113261
Hi @santiagoqp1,neither,0.03945320844208391,0.33037608806864915,0.630170703489267
inglish,neither,0.03945320844208391,0.33037608806864915,0.630170703489267
ramaLurk,neither,0.03945320844208391,0.33037608806864915,0.630170703489267
Wisteria's bangs lol,neither,0.031120645729857982,0.3912535864736078,0.5776257677965343
@alemonfish game the game?,neither,0.037708079868790476,0.23676202109775632,0.7255298990334532
I'm weirded out but strangely interested and somewhat aroused,neither,0.032894582877858104,0.3188221268669104,0.6482832902552315
@Alemonfish probably from when they were playing Super Smash earlier,neither,0.033283384807696895,0.34897761120615595,0.6177390039861471
spnnish,neither,0.03945320844208391,0.33037608806864915,0.630170703489267
Dungeon Master <3 <3 <3,neither,0.03945320844208391,0.33037608806864915,0.630170703489267
@critternation3000 I’m EVERYWHERE!! Lol,neither,0.02933192955344024,0.40603368949462926,0.5646343809519306
these girls are so cute :),offensive_language,0.060663673372904466,0.5066660698321612,0.43267025679493415
