text,top_class,hate_speech,offensive_language,neither
": tonight at 7pm -- #RelicsandRarities Part 2 of episode 2 --""The Trail of the Hidden Ones"". with guest @SamRichardson",neither,0.03223886003808006,0.3330066489938561,0.6347544909680638
R & Arrrrrrrr!,neither,0.03945320844208391,0.33037608806864915,0.630170703489267
Is everyone ready?,neither,0.041262036450053476,0.4450965041340042,0.5136414594159423
Aye!,neither,0.03945320844208391,0.33037608806864915,0.630170703489267
ready freddy,neither,0.03945320844208391,0.33037608806864915,0.630170703489267
I am always ready for some R&R!,neither,0.024881231434235082,0.3675046176584208,0.607614150907344
,neither,0.03945320844208391,0.33037608806864915,0.630170703489267
SeemsGood,neither,0.03945320844208391,0.33037608806864915,0.630170703489267
I mean Arr!,neither,0.03945320844208391,0.33037608806864915,0.630170703489267
PopCorn,neither,0.03945320844208391,0.33037608806864915,0.630170703489267
critroleScanlan,neither,0.03945320844208391,0.33037608806864915,0.630170703489267
Hi everyone! This is the DM Deb! Let me know if you have any questions!,neither,0.02473694000484727,0.4683636034523833,0.5068994565427694
niceee,neither,0.03945320844208391,0.33037608806864915,0.630170703489267
And here we go,neither,0.11988274842159176,0.23034065187642816,0.6497765997019802
Hello @debbers500,neither,0.03945320844208391,0.33037608806864915,0.630170703489267
Hello again @debbers500 <3,neither,0.037234283857329756,0.36803702920363696,0.5947286869390334
"Hello, DAW!",neither,0.03945320844208391,0.33037608806864915,0.630170703489267
Im so excited,neither,0.03835248773688177,0.42672104618676693,0.5349264660763514
Hi @debbers500 :),neither,0.03945320844208391,0.33037608806864915,0.630170703489267
hi all,neither,0.0423466876598404,0.4436528871510691,0.5140004251890904
Hi debbers500! dayJoy,neither,0.03945320844208391,0.33037608806864915,0.630170703489267
Everyone ready for the show?,neither,0.040140631198138974,0.31949024539691456,0.6403691234049464
hi @Leigh574 <3,neither,0.03945320844208391,0.33037608806864915,0.630170703489267
danHype here we go,neither,0.13156755280784707,0.2765461283225309,0.5918863188696221
Hi @debbers500,neither,0.03945320844208391,0.33037608806864915,0.630170703489267
I love this opening they made! It's exactly the feel I hoped for.,neither,0.032741345677128164,0.3115007393659706,0.6557579149569013
Hi Deb!! Great work!,neither,0.03791763326554963,0.3100604578000847,0.6520219089343657
Hey @g0rmyr <3,neither,0.03945320844208391,0.33037608806864915,0.630170703489267
Hi @debbers500,neither,0.03945320844208391,0.33037608806864915,0.630170703489267
Bidet!!!!,neither,0.03945320844208391,0.33037608806864915,0.630170703489267
oh YEAH perfect timing,neither,0.029145234686214667,0.3844679833486626,0.5863867819651227
gandsTwenty gandsHype gandsOne gandsRage,neither,0.03945320844208391,0.33037608806864915,0.630170703489267
pennyGreenflame pennyGreenflame pennyGreenflame,neither,0.03945320844208391,0.33037608806864915,0.630170703489267
Hi @g0rmyr,neither,0.03945320844208391,0.33037608806864915,0.630170703489267
,neither,0.03945320844208391,0.33037608806864915,0.630170703489267
hi @chaoticloony :),neither,0.03945320844208391,0.33037608806864915,0.630170703489267
@debbers500 Hello and thank you for taking the time to do this.,neither,0.04977175404374049,0.31174611642505407,0.6384821295312053
Right into Combat!!,neither,0.03790985684100748,0.3604575445470537,0.6016325986119387
"Hello @debbers500 rooHi tiny question, who made the intro?",neither,0.03918143778086704,0.36029621853056604,0.6005223436885668
"Tommy Walker ( twitter.com/TommyWalker24 ), Jasmine Bhullar ( twitter.com/ThatBronzeGirl ), Julia Dennis ( twitter.com/juliamdennis ), Xander Jeanneret ( twitter.com/Xanderrific ), DM Deborah Ann Woll ( twitter.com/DeborahAnnWoll ), with Sam Richardson ( twitter.com/SamRichardson ).",neither,0.03648513528329804,0.46947367184872885,0.4940411928679731
Aww I missed the magical dance!,neither,0.03881189342021063,0.318726148727143,0.6424619578526464
R&R wastes no time today,neither,0.03497322700717995,0.34641396217525644,0.6186128108175637
@debbers500 Out of all the episodes weve seen so far whats your fav?,neither,0.05269609767022974,0.39106126499575883,0.5562426373340115
@DNAPhoenix I don't actually know the name but if one of the producers will be able to answer. It's magical!,neither,0.029526753760081428,0.3522010392274652,0.6182722070124534
hi @postdataest,neither,0.03945320844208391,0.33037608806864915,0.630170703489267
did i com in mid stream ?,neither,0.03945320844208391,0.33037608806864915,0.630170703489267
this show is on wednesdays?,neither,0.07653525404030916,0.23379923337735553,0.6896655125823353
"@akaaralynn I love them all, but the most recent 105, holds a really special place in my heart.",neither,0.05382858792696773,0.3736038769600397,0.5725675351129925
hooglYoink,neither,0.03945320844208391,0.33037608806864915,0.630170703489267
Hey @g0rmyr,neither,0.03945320844208391,0.33037608806864915,0.630170703489267
the croupier!,neither,0.03613032604487659,0.2619290779399786,0.7019405960151449
best props,neither,0.03847344575149463,0.3221716814377495,0.6393548728107559
We have a subscriber-only Discord server! Join here: https://discord.gg/geekandsundry (you'll need to sub and link it to your Twitch) and be a part of the fun!...Warning: It can take up to an hour for the server to update and give you access to the channels,neither,0.08464076273808444,0.286394834032893,0.6289644032290227
"@xmattyhartsx Nope, we started right in combat",neither,0.03839564074948966,0.3506321392157575,0.6109722200347528
@xmattyhartsx Part 2 of Episode 2 just started,neither,0.03553338356501366,0.34876443463702783,0.6157021817979585
"@xmattyhartsx Welcome to episode 2, part 2.",neither,0.045559471173191174,0.32679828666131466,0.6276422421654941
"@xmattyhartsx This is the 2nd part of the session, I believe. First part was shown last week",neither,0.038517891093751526,0.31696534213513283,0.6445167667711156
"@xmattyhartsx This is part 2, part 1 was last week",neither,0.0447241731656894,0.3309615712856566,0.6243142555486539
@xmattyhartsx this is part 2 of a two-parter,neither,0.049533059351313934,0.3170951870340996,0.6333717536145865
"Relics and Rarities Part 2 of episode 2 --""The Trail of the Hidden Ones"".",neither,0.03808808850325987,0.2905027861167661,0.6714091253799741
@xmattyhartsx Hi! this is part 2 of episode 2. The VOD for pt 1 is available to subs.,neither,0.04785574772767578,0.3021412799337877,0.6500029723385365
isnt that the chick from the punisher?,neither,0.035495222736645786,0.32327989901364373,0.6412248782497104
critroleHeart critroleHeart,neither,0.03945320844208391,0.33037608806864915,0.630170703489267
DM Deborah Ann Woll ( twitter.com/DeborahAnnWoll ),neither,0.0388827764985332,0.4229966874987211,0.5381205360027457
@XclusivePlaya Yes,neither,0.03945320844208391,0.33037608806864915,0.630170703489267
ooooohhhh,neither,0.03945320844208391,0.33037608806864915,0.630170703489267
yea Karen Page,neither,0.03921884420684919,0.3343538607824968,0.626427295010654
@XclusivePlaya yep! Hit!,neither,0.03945320844208391,0.33037608806864915,0.630170703489267
lol Veros,neither,0.020706217963973744,0.4882283491876925,0.4910654328483337
what the,neither,0.052193750385548,0.28272826532966666,0.6650779842847853
LETS GO,neither,0.039984317429425154,0.35542799280679366,0.6045876897637812
@debbers500 are Deborah jcvimGasp,neither,0.1675493120064283,0.18605165911864094,0.6463990288749307
"Help G&S make great content! $4.99/month gets you emotes, Minecraft server access, sub-only VODs, and more! Every sub keeps the channel alive! twitch.tv/geekandsundry/subscribe",neither,0.043907990691603095,0.31135964332838284,0.644732365980014
Wow. This quality is perfection - this is actually live? lol,neither,0.04681776734790091,0.36121433081516524,0.5919679018369339
I just love Veros so much,neither,0.026050382616184052,0.438527153114116,0.5354224642697
@XclusivePlaya Deborah is also in chat at the moment,neither,0.044671629249972825,0.3341972709482766,0.6211310998017506
"That's the actress from Punisher & Daredevil, yes.",neither,0.03673947034288223,0.3358495602221549,0.6274109694349628
@HanHones This is prerecorded,neither,0.06444388513749441,0.32581973129223984,0.6097363835702658
@TheDiMono ty for info,neither,0.034003921444683796,0.303157162166887,0.6628389163884291
@HanHones we played live but this is edited and broadcast.,neither,0.044771460378382685,0.31006859253188807,0.6451599470897291
"Hi, @debbers500 !",neither,0.03945320844208391,0.33037608806864915,0.630170703489267
monkaS,neither,0.03945320844208391,0.33037608806864915,0.630170703489267
"@debbers500 Much love,many hugs.Love what you do.",neither,0.04865422243985816,0.3842947162656912,0.5670510612944506
My friends are so funny!,neither,0.048933513210789654,0.44885232247288476,0.5022141643163255
LOL,neither,0.020706217963973744,0.4882283491876925,0.4910654328483337
Veros got confused by googly eyes LuL,neither,0.040640281502544305,0.3723008547299766,0.5870588637674791
what a great cast,neither,0.04273643443797252,0.3027664692461287,0.6544970963158988
"""cause hes simple"" xD",neither,0.037664764025714725,0.3607306572824289,0.6016045786918564
This gets very condition heavy. And conditions are hard!,neither,0.04511514165447567,0.42649264478329335,0.5283922135622311
hahaha googly eyes :),neither,0.0410032420470254,0.30406797252743445,0.6549287854255402
Thank you for airing this!!!,neither,0.046422088953904164,0.34691753596274816,0.6066603750833477
@debbers500 thank you for taking the time to hang out with us here in the chat. I've been really enjoying the variety of puzzles that you've worked into the gameplay; it's been great to get to see your players tackle each one,neither,0.054096317803439375,0.34057167561587787,0.6053320065806826
"@HanHones Yup, pre recorded but not much was edited out. So 95% minus crew laughter.",neither,0.03392293864167299,0.36498679773676146,0.6010902636215656
ъ о,neither,0.03945320844208391,0.33037608806864915,0.630170703489267
Umberhulks are tough creatures,neither,0.06460416258319295,0.28651152537656227,0.6488843120402448
"@debbers500 love your acting jcvimLove true blood, marvel Netflix even saw escape room because u were in it, but its so cool to see you're dnd jcvimNerd like us",neither,0.09060088090318986,0.35994427670329004,0.5494548423935202
@debbers500 How much time between each of the sessions?,neither,0.035367150447803024,0.3334710484870495,0.6311618010651473
@g0rmyr thank you! if you haven't seen this ep yet it ends with one of my favorite traps.,offensive_language,0.03092724123697546,0.48711162840120265,0.4819611303618219
@chaoticloony i was just think thats a heck of thing to throw at em so early on,neither,0.039341374034930855,0.37192225564637005,0.5887363703186991
"I'm trying to determine how can I do an ""umber hulk"" in origami... Kinda uncertain... :/",neither,0.04513499143712484,0.3210582956290898,0.6338067129337855
@Koshirro we filmed two a day with a day off in between,neither,0.032081324999771905,0.33031787569714305,0.637600799303085
"All their characters are good, but I really love Tommy's Veros",neither,0.0519696699166963,0.36415093865993897,0.5838793914233648
"@debbers500 that's so great. I've been a few episodes behind, so this is perfect timing to catch up",neither,0.02879717565813277,0.3938897560217445,0.5773130683201227
I am saddened that ProjAlpha is ending. But now I can spend that $4.99 to subscribe to Geek&Sundry!!,neither,0.0444552109061589,0.36990622135126416,0.5856385677425768
I love buff bros so much,neither,0.033935793292932816,0.38025728645685414,0.5858069202502131
Def Jocks Machina material,neither,0.03945320844208391,0.33037608806864915,0.630170703489267
Deborah from daredevil?,neither,0.04062582848913359,0.31047366557575606,0.6489005059351104
gandsLessthanthree @afishkiller,neither,0.03945320844208391,0.33037608806864915,0.630170703489267
@Kahmi_yami Yep,neither,0.03945320844208391,0.33037608806864915,0.630170703489267
@debbers500 do you create every magic item they choose before the adventure or do you take them from D&D sources? rooThink,neither,0.06109486153755875,0.3796425713591584,0.5592625671032829
half h.p. :),neither,0.03945320844208391,0.33037608806864915,0.630170703489267
yea thats her @Kahmi_yami,offensive_language,0.02866183846934193,0.604609333811262,0.3667288277193962
I love all of Rikki's vials and bottles dayJoy,neither,0.037044397498423115,0.3724601179695591,0.5904954845320177
"DM Deborah Ann Woll ( twitter.com/DeborahAnnWoll ) Tommy Walker ( twitter.com/TommyWalker24 ), Jasmine Bhullar ( twitter.com/ThatBronzeGirl ), Julia Dennis ( twitter.com/juliamdennis ), Xander Jeanneret ( twitter.com/Xanderrific ) with Sam Richardson ( twitter.com/SamRichardson ).",neither,0.03648513528329804,0.46947367184872885,0.4940411928679731
"lol, Deborah with the 4e reference; showing she's true legit",neither,0.02775710533470789,0.43549714394621014,0.5367457507190818
"Ooo, the punisher journalist.",neither,0.03866070928482971,0.315921621508949,0.6454176692062213
who is the girl all the way on the left??,neither,0.037271235270244125,0.4548170961161985,0.5079116686135572
"""Bloodied"" is the best thing to come out of 4e",neither,0.04625469806971979,0.3435470275448323,0.6101982743854479
