text,top_class,hate_speech,offensive_language,neither
B. Dave is the best,neither,0.046299579428928865,0.3034728204245657,0.6502276001465054
The dragon refused to come back after this.,neither,0.04234264807185045,0.3364301878864914,0.6212271640416582
Whitney Moore next week!,neither,0.038755226179511465,0.3422226686530535,0.6190221051674349
That was sure a thing,offensive_language,0.029484973941744423,0.5153810316377463,0.4551339944205092
@niceppllolpplthesedays I'm gonna need you to turn it down to about a 6,neither,0.06611837965351254,0.43457769394929663,0.4993039263971908
yay Whitney :D,neither,0.03945320844208391,0.33037608806864915,0.630170703489267
OMG Whitney though... .. she is.. insane.. and I love her,offensive_language,0.03619042160969196,0.5113046875786541,0.45250489081165396
"Soo.... is this next show like BoB Ross, or?",neither,0.06528620282444582,0.2956824084613914,0.6390313887141629
she's awesome and amazing,neither,0.0397691818115961,0.36901083796883544,0.5912199802195685
Love me some Whitney,neither,0.02362301103759293,0.39511678464982813,0.5812602043125789
"Help G&S make great content! $4.99/month gets you emotes, Minecraft server access, sub-only VODs, and more! Every sub keeps the channel alive! twitch.tv/geekandsundry/subscribe",neither,0.043907990691603095,0.31135964332838284,0.644732365980014
whitney Moore... therese?,neither,0.03945320844208391,0.33037608806864915,0.630170703489267
Looking forward to next week!,neither,0.044603022769861236,0.3380041393100763,0.6173928379200625
"Thanks for watching, everyone! Now Painter's Guild",neither,0.028178831912392757,0.3835229498582006,0.5882982182294066
pog,neither,0.03945320844208391,0.33037608806864915,0.630170703489267
MATT,neither,0.03945320844208391,0.33037608806864915,0.630170703489267
cool,neither,0.03945320844208391,0.33037608806864915,0.630170703489267
Getting LA by Night cast member is never a bad thing,neither,0.03319235815156497,0.42048123925127034,0.5463264025971647
"o man, I just thought about it, if you have someone who cans their own stuff, all the cans will be the same and the mind games get worse!",neither,0.04830722005039636,0.3340216166081724,0.6176711633414312
@typebneg yes,neither,0.03945320844208391,0.33037608806864915,0.630170703489267
Thanks for hanging out with us @DarylDaCritter and @jakegbennett and @DarylDaCritter !,neither,0.04358598111420452,0.28050434260460344,0.6759096762811921
Suggestions for future shows are Sam De Leve and Amy Dallen @DarylDaCritter @jakegbennett,neither,0.0479699278575207,0.26800030193798163,0.6840297702044976
Peace out and have a great week everyone. thanks for joining us!!!!!,neither,0.045081567161556264,0.3427032586685186,0.6122151741699252
Thanks so much to all of you Asininers who watched with us this week and to all of you new people: Welcome and we're sorry!,neither,0.12307542564535232,0.3971436206509509,0.4797809537036969
"I am not remotely funny and I'd corpse my way through an episode, but if AW is brought back on, I wanna be a guest XD",neither,0.026925228581395212,0.3890877576105978,0.5839870138080071
o cool,neither,0.03945320844208391,0.33037608806864915,0.630170703489267
Whitney's awesome,neither,0.03945320844208391,0.33037608806864915,0.630170703489267
"Oh, miniatures painting",neither,0.0450478101092574,0.2772031091301225,0.6777490807606199
!wtfisthis,neither,0.03945320844208391,0.33037608806864915,0.630170703489267
"Miniature figures can help a tabletop gaming session come to life, but painting those miniature figures is an acquired skill. Welcome to the Geek & Sundry Painters Guild! Host Will Friedle is joined by professional guests like to teach you the intricacies and techniques required to paint your own miniatures!",neither,0.09649612238669783,0.28610404247896803,0.617399835134334
and Stef Woodburn @DarylDaCritter @jakegbennett,neither,0.03763944115734239,0.1918412352459551,0.7705193235967025
@DarylDaCritter @jakegbennett @ all <3,offensive_language,0.046917543854519406,0.6277741405869331,0.3253083155585475
#PassablePainter,neither,0.03945320844208391,0.33037608806864915,0.630170703489267
#ReBringBackAsinineWisdom,neither,0.03945320844208391,0.33037608806864915,0.630170703489267
@EricaTheStrange We will write those down!,neither,0.06625751352887338,0.24009464388105023,0.6936478425900763
Thanks for hangin out with us @DarylDaCritter 7 @jakegbennett,neither,0.043952404494162156,0.3328923756487945,0.6231552198570435
#Rebringbackasininewisdomagainagain,neither,0.03945320844208391,0.33037608806864915,0.630170703489267
"Are you sure, I mean, are you REAAAAALLLY sure? gandsBing gandsBong",offensive_language,0.10942100591458094,0.5280937467174752,0.3624852473679438
:D,neither,0.03945320844208391,0.33037608806864915,0.630170703489267
"@EricaTheStrange Stef was one of our original guests, actually!",neither,0.03861383327130362,0.35915251934066544,0.6022336473880309
so are all these segments from Alpha?,offensive_language,0.08981390938938401,0.4857888141902916,0.42439727642032443
wash's save lives,neither,0.03945320844208391,0.33037608806864915,0.630170703489267
whoisthebest,neither,0.03945320844208391,0.33037608806864915,0.630170703489267
Stef is the best! â¤,neither,0.05135998456280659,0.2889087219359037,0.6597312935012896
"Oh, Will Friedle did the voice of Terry McGinnis on Batman Beyond, neat",neither,0.04097446195255729,0.2850474104079732,0.6739781276394694
"Thanks so much, everybody! We will see you next week!",neither,0.045997530191570546,0.37690849225367545,0.5770939775547539
I can't remember that,neither,0.03419099862902331,0.38550952193929316,0.5802994794316835
I don't know if Stef could quite handle these guys.. didn't Gina and Amy sort of make her blush?,offensive_language,0.022616356572551493,0.5134954416887184,0.46388820173873024
Thanks for the Asinine Wisdom,neither,0.03215458837692553,0.27959254431999475,0.6882528673030798
@Chovexani She's already been on,offensive_language,0.035790481501553305,0.48656422774083574,0.4776452907576108
:O I missed one?! Well I'mma have to find that,neither,0.04372811343361325,0.3196591987953308,0.636612687771056
is that a Chaos Spawn they are painting?,neither,0.058670130971835995,0.3257406184984124,0.6155892505297514
I need to find that vod @TheDiMono,neither,0.04973634288118142,0.2514073772471482,0.6988562798716703
So says Jake,neither,0.03941014269930167,0.37888529870850546,0.5817045585921929
I didn't know Matt was multi-talented,neither,0.029505731994391736,0.3610222406886743,0.6094720273169341
is this live or a rerun?,neither,0.05891522972578258,0.32576906797958016,0.6153157022946373
"original planned guests maybe, I know Kate Eliiot was on",neither,0.03752407361228845,0.3405234328173076,0.6219524935704038
"This is prerecorded, first time on Twitch",neither,0.035919550919118325,0.36053999299359024,0.6035404560872916
This is from like a year ago,neither,0.06361184741144525,0.32579502323952475,0.6105931293490301
Yeah man.. Matt is a renaissance man,offensive_language,0.03096486398912913,0.5152483294822148,0.4537868065286561
It's a live re-run,neither,0.06697840933808434,0.2950446689699308,0.6379769216919849
She was a guest on one of the test pilots they did on Fridays.,neither,0.03602335188360285,0.3981447954173777,0.5658318526990195
ok thanks,neither,0.036679458346100965,0.30877397624175834,0.6545465654121406
!clock,neither,0.03945320844208391,0.33037608806864915,0.630170703489267
It is currently Thursday 6:06 PM at the Geek & Sundry studio in California.,neither,0.05122739174211879,0.3296323920099,0.6191402162479812
Hmm can I find those on Alpha for now?,neither,0.05205609371460024,0.20157569602871497,0.7463682102566848
"Ah, i think i remember that now @JeffM0307",neither,0.03609862563021322,0.36352825560905355,0.6003731187607332
!schedule,neither,0.03945320844208391,0.33037608806864915,0.630170703489267
"Current Schedule ( as of March 5th, 2019 ): https://i.imgur.com/Zkh2KOy.jpg - more info about shows at: https://geekandsundry.com/twitch/",neither,0.03846941642295492,0.35893869052028365,0.6025918930567613
wash = liquid talent,neither,0.03945320844208391,0.33037608806864915,0.630170703489267
Thank you Nightbot,neither,0.07325166854587051,0.43632638485078484,0.49042194660334476
So i have liquid talent in the shower then :D @BakeTheBean,neither,0.038413947658799866,0.354864271500236,0.6067217808409642
"""Highly Experimental""",neither,0.03945320844208391,0.33037608806864915,0.630170703489267
show starts in an hour?,neither,0.05338852475625246,0.2583186976348102,0.6882927776089374
Stef Woodburn on Asinine Wisdom: https://www.twitch.tv/videos/200327946?collection=NQMYkimWCBWPLQ&filter=collections&sort=time,neither,0.037811534840717066,0.3439661579165427,0.6182223072427403
yes another hour,neither,0.09518085949321406,0.25125481376317305,0.6535643267436129
First I better go get borb meds ... Sweet jebus this always sucks ><,neither,0.03391601287683825,0.37897014652306144,0.5871138406001002
gandsGandsEars gandsGandsEars,neither,0.03945320844208391,0.33037608806864915,0.630170703489267
hii,neither,0.03945320844208391,0.33037608806864915,0.630170703489267
is this live?,neither,0.06264826366348325,0.3248039992423424,0.6125477370941744
This is prerecorded,neither,0.06444388513749441,0.32581973129223984,0.6097363835702658
yes,neither,0.03945320844208391,0.33037608806864915,0.630170703489267
use a mop brush for drybrushing.... makes better/smoother transitions zzzzzzz,neither,0.016896134531969358,0.37432191209297944,0.6087819533750513
no crit role tonight?,neither,0.035904420131612734,0.3218383163945959,0.6422572634737913
In an hour,neither,0.03985402390706364,0.3235732035829346,0.6365727725100018
sweeeeet thanks :),neither,0.035884468650613,0.3004919205142699,0.6636236108351171
Painting Pog,neither,0.03945320844208391,0.33037608806864915,0.630170703489267
I was wondering the same thing @dallas123mn,neither,0.03925422208514891,0.3236744448242135,0.6370713330906377
Wait is that mcree,neither,0.045730457055311834,0.3897314805023997,0.5645380624422884
is this a rerun?,neither,0.06444388513749441,0.32581973129223984,0.6097363835702658
Originally aired on Alpha. First time airing on Twitch.,neither,0.03273270948300463,0.35478943517511113,0.6124778553418843
"Thought it started at 12 my time ._. closing in on 3am now :( aw well, love painters guild so far",neither,0.031212594824578256,0.3798487909073328,0.588938614268089
Live?,neither,0.04891340716200846,0.3271222919257548,0.6239643009122369
gotcha,neither,0.03945320844208391,0.33037608806864915,0.630170703489267
with alpha going away I hope they switch to using the overlay..etc.. from alpha on the twitch stream,neither,0.04601109910189585,0.31142551899188287,0.6425633819062213
MR FEENEY!!!!!!!!!!,neither,0.03945320844208391,0.33037608806864915,0.630170703489267
and thus in the VODs,neither,0.03780203724609976,0.27055030394402735,0.691647658809873
What cameras are they using for the closeups? thanks techies!,neither,0.05145042559360406,0.3012718702430823,0.6472777041633136
I loved Alpha quite a bit.,neither,0.03945320844208391,0.33037608806864915,0.630170703489267
CoolStoryBob,neither,0.03945320844208391,0.33037608806864915,0.630170703489267
CoolStoryBob,neither,0.03945320844208391,0.33037608806864915,0.630170703489267
I was subbed to alpha for a year,neither,0.03940394348171031,0.3065039683117918,0.654092088206498
Lots of good content,neither,0.038892134041579464,0.3305690672833873,0.6305387986750333
Will is the man!!!!,neither,0.05417605941454495,0.357209616850637,0.5886143237348179
"same I basically never bothered with using twitch to watch this content because i preferred alpha. With it going away at the end of this month though, here I am.",neither,0.04313693152737042,0.3885698457444592,0.5682932227281705
"thats very cool, but probably not usable for the VODs right",neither,0.029970303917309565,0.33606224661938006,0.6339674494633104
"Correct, it only works while live",neither,0.04178808906254035,0.3295730155559165,0.6286388953815432
"right, oh well",neither,0.04506296021934007,0.28947747121336403,0.6654595685672959
does anyone know the creature they are painting?,neither,0.04204403900364309,0.38120668885676784,0.576749272139589
When I was much younger I was taught all of this. Matt's doing a fine job explaining everything. :),neither,0.033293746720493525,0.39189885285460524,0.5748074004249012
"Chat, Matt Mercer with or without facial hair?",neither,0.03237394309493143,0.3540472343393125,0.6135788225657561
Yes,neither,0.03945320844208391,0.33037608806864915,0.630170703489267
With!,neither,0.01332993187238274,0.44459218524224076,0.5420778828853765
with for sure,neither,0.015894731873178934,0.4914609198625227,0.49264434826429837
"with, liam too",neither,0.028354111128435805,0.3727773897247287,0.5988684991468354
Without,neither,0.03945320844208391,0.33037608806864915,0.630170703489267
@Bliippy Either,neither,0.03945320844208391,0.33037608806864915,0.630170703489267
absolutely with,neither,0.025588182735835536,0.38064247724776307,0.5937693400164014
