text,top_class,hate_speech,offensive_language,neither
Hi @gryphangirl,neither,0.03945320844208391,0.33037608806864915,0.630170703489267
yaaaaaaaay,neither,0.03945320844208391,0.33037608806864915,0.630170703489267
yay!,neither,0.03945320844208391,0.33037608806864915,0.630170703489267
yay,neither,0.03945320844208391,0.33037608806864915,0.630170703489267
Titlecard is up!,neither,0.053823407769846156,0.4564160934029835,0.48976049882717027
woot!,neither,0.03945320844208391,0.33037608806864915,0.630170703489267
yaya,neither,0.03945320844208391,0.33037608806864915,0.630170703489267
Mark is the special guest today...I think,neither,0.06856352549977913,0.28287831282859144,0.6485581616716294
you guys also hearing the distorted music?,neither,0.052433810150549,0.3556563263432298,0.5919098635062212
"What's up, Superpunks!!!",neither,0.04549209283961305,0.43877665191533993,0.5157312552450469
@deleyna if you wanna get an idea https://www.youtube.com/watch?v=vPzDTfIb0DU,neither,0.03869852364240855,0.3919480922769591,0.5693533840806323
First time i've made it for this show since the premiere lol woo,neither,0.02153347393345404,0.2953130087588886,0.6831535173076574
Do we have a greeting? Is it just 'Hello'?,neither,0.04163482738693676,0.35960567026563983,0.5987595023474235
wrong link https://www.google.com/search?q=grottes+du+tassili&rlz=1C1CHBF_frCH831CH831&source=lnms&tbm=isch&sa=X&ved=0ahUKEwj1kLvI3_PgAhWLE5oKHddeBlUQ_AUIDigB&biw=1536&bih=722#imgrc=G6ntNzTlq_xohM:,neither,0.03945320844208391,0.33037608806864915,0.630170703489267
@digawmlps sounds fine over here.. maybe a lag issue on some connections?,neither,0.0524277838088278,0.3268558444490954,0.6207163717420768
,neither,0.03945320844208391,0.33037608806864915,0.630170703489267
hail Calistite Sixers :),neither,0.03945320844208391,0.33037608806864915,0.630170703489267
Kostchie The Deathless in dah haus! *insert appropriate sound effects and music here*,neither,0.06249298123309673,0.2773735845813489,0.6601334341855543
"@ExcessiveWarlock I keep pushing for ""Namaste, bitches"" but it isn't catching on...",offensive_language,0.01127540686265075,0.9871272592770229,0.0015973338603263172
,neither,0.03945320844208391,0.33037608806864915,0.630170703489267
What up Super Punks!,neither,0.04178454633176496,0.37341565996704734,0.5847997937011877
"thanks qui, just checking.",neither,0.034398852737346164,0.3323762285087012,0.6332249187539525
Looks like I arrived just in time.,neither,0.043037422212270436,0.3802371516723757,0.5767254261153539
gandsC6 gandsC6 gandsC6 gandsC6 gandsC6 gandsC6,neither,0.03945320844208391,0.33037608806864915,0.630170703489267
@deleyna check this link instead the first one was wrong https://www.google.com/search?q=grottes+du+tassili&rlz=1C1CHBF_frCH831CH831&source=lnms&tbm=isch&sa=X&ved=0ahUKEwj1kLvI3_PgAhWLE5oKHddeBlUQ_AUIDigB&biw=1536&bih=722#imgrc=G6ntNzTlq_xohM:,neither,0.036061495935686215,0.3380830713437769,0.6258554327205369
Hi everyone who just came in!!,offensive_language,0.03110074079428825,0.4867046974428462,0.4821945617628655
Hey folks! :),neither,0.03945320844208391,0.33037608806864915,0.630170703489267
"always nice to see you, @swiftfingers :)",neither,0.0692230239788645,0.45437182912492785,0.4764051468962075
gandsC6 gandsXP gandsHype,neither,0.03945320844208391,0.33037608806864915,0.630170703489267
"@cinderflame Oh, I'm down for that, and have zero idea why that's not official.",neither,0.02661678571687551,0.32644773127347926,0.6469354830096453
Heck yes first live show!!!!!,neither,0.04845976398858562,0.27024909920887985,0.6812911368025345
Modding in one and watching in another. Fun!,neither,0.0807973907272824,0.25713582584764616,0.6620667834250714
So when does the Callisto 6 source book come out?,neither,0.021032274674037107,0.48940433095484115,0.48956339437112173
welcome @Celador_Mythica :),neither,0.03945320844208391,0.33037608806864915,0.630170703489267
likewise @Suedyin,neither,0.03945320844208391,0.33037608806864915,0.630170703489267
@adventur3awaits YAAAASSSS,neither,0.03945320844208391,0.33037608806864915,0.630170703489267
HI MrDestructoid,neither,0.03945320844208391,0.33037608806864915,0.630170703489267
@swiftfingers wonderful. So much to see and explore.,neither,0.04045804507071013,0.33035561616693937,0.6291863387623504
Hi,neither,0.03945320844208391,0.33037608806864915,0.630170703489267
"Hello ladies, gentlemen, and non-binary friends",neither,0.03875498060889388,0.2988750860169333,0.6623699333741727
"So, what is the color of Sal's skin? I'm working on making his figure",neither,0.0620576360051169,0.3428721402558633,0.5950702237390197
YEET,neither,0.03945320844208391,0.33037608806864915,0.630170703489267
And here we go......,neither,0.11988274842159176,0.23034065187642816,0.6497765997019802
@Suedyin how are you doing?,neither,0.12999653192473482,0.32352155420731316,0.5464819138679521
Hai o/ <3,neither,0.03945320844208391,0.33037608806864915,0.630170703489267
KOSTCHIE,neither,0.03945320844208391,0.33037608806864915,0.630170703489267
callisto 7 :D,neither,0.03945320844208391,0.33037608806864915,0.630170703489267
Kostchie!,neither,0.03945320844208391,0.33037608806864915,0.630170703489267
Kostchie!,neither,0.03945320844208391,0.33037608806864915,0.630170703489267
OH SHIT...If....if Mark is here.....THEN....VAMPIRE?!?!,offensive_language,0.054219121179022126,0.9256249918160577,0.02015588700492018
hi folks,neither,0.03945320844208391,0.33037608806864915,0.630170703489267
Yay Mark!,neither,0.03945320844208391,0.33037608806864915,0.630170703489267
Callisto 6 Source Book confirmed! (obs HL3 ref),neither,0.03945320844208391,0.33037608806864915,0.630170703489267
Kostchie! Yeah!,offensive_language,0.013968601452186464,0.5182923869769311,0.4677390115708824
@swiftfingers all the better for seeing you! :),neither,0.049991943841931084,0.40351337388737996,0.5464946822706891
KOSTCHIE! <3 <3 <3,neither,0.03945320844208391,0.33037608806864915,0.630170703489267
"@deleyna it's a hard expedition though, at least 2 weeks in the desert",offensive_language,0.031071676650251158,0.4921194806104534,0.47680884273929547
CHAZZZ *shakes fist*,neither,0.03945320844208391,0.33037608806864915,0.630170703489267
YAY,neither,0.03945320844208391,0.33037608806864915,0.630170703489267
Kostchie gandsHype gandsHype,neither,0.03945320844208391,0.33037608806864915,0.630170703489267
Kostchie!!!,neither,0.03945320844208391,0.33037608806864915,0.630170703489267
Howdy do buckaroos!,neither,0.04358573029058539,0.32895472430567013,0.6274595454037444
Oh you know he's gonna be on L.A. by Night....,neither,0.05581596227204402,0.4445061215145869,0.49967791621336904
Hey Aki!,neither,0.03945320844208391,0.33037608806864915,0.630170703489267
MARK IS HERE! That means VAMPIRE,neither,0.07770722315650133,0.3298959212972814,0.5923968555462172
Kostchie is cool af though .. I hope he's not evil. *glower*,neither,0.08161904995444678,0.24199943006242133,0.6763815199831318
I kinda love how they saved NA for last\,neither,0.033273146665481645,0.31802577865935017,0.6487010746751682
I hope their dice business is on a roll,neither,0.0725368308710963,0.2504040354100365,0.6770591337188672
Looks like later tonight Chaz is being hunted down like a dog.,neither,0.05608945643472427,0.35147745757604015,0.5924330859892356
@Suedyin dawwwww,neither,0.03945320844208391,0.33037608806864915,0.630170703489267
<3 @MonteCookGames !!!!!,neither,0.03945320844208391,0.33037608806864915,0.630170703489267
you're making me blush,neither,0.08818156732236207,0.3961508547625519,0.515667577915086
yay Kostchie boo Chaz :-),neither,0.03945320844208391,0.33037608806864915,0.630170703489267
It looks like Eric is holding a resume,neither,0.05484365353887616,0.34120073101388665,0.6039556154472372
Numenera is really fantastic,neither,0.04880187892212354,0.3271606516016458,0.6240374694762306
Kostchie is very obviously chaotic neutral,neither,0.04591833870124384,0.32815243331008054,0.6259292279886755
Numenera is AWESOME for lost civilisation alien archeology,neither,0.040553834757528884,0.30391703458783553,0.6555291306546355
Very evocative,neither,0.03945320844208391,0.33037608806864915,0.630170703489267
@Chovexani I feel like Kostchie is as morally ambiguous and flexible and he is sexually ambiguous and flexible,neither,0.05841108010324031,0.2841932606811711,0.6573956592155886
We have a subscriber-only Discord server! Join here: https://discord.gg/geekandsundry (you'll need to sub and link it to your Twitch) and be a part of the fun!...Warning: It can take up to an hour for the server to update and give you access to the channels,neither,0.08464076273808444,0.286394834032893,0.6289644032290227
"Oooo, Looks so cool.",neither,0.039408396762469954,0.388205476834056,0.572386126403474
and Torment: Numenera is AMAZING if you love RP... not so good for fans of combat,neither,0.03138713048739879,0.39310367653750605,0.5755091929750952
I want that book so hard,offensive_language,0.02929555662688783,0.5873328482046443,0.383371595168468
Oh man oh man I played this in Pathfinder and it was rad,neither,0.04438057604013702,0.3212367502067802,0.6343826737530827
hi chat ily,neither,0.03945320844208391,0.33037608806864915,0.630170703489267
Anyone else just keep seeing the Callisto 6 logo in some of those art pieces?,neither,0.04303505007794165,0.3018688190313311,0.6550961308907272
Baldurs gate was one of the best PC game ever !,neither,0.0372961596720974,0.30961371696678713,0.6530901233611155
but Torment: Numenera is right up there in my top 5 favourite games,neither,0.031702251958699496,0.41166101689640927,0.5566367311448912
Numenera as a system is good - started playing a group - and I'm loving it :),neither,0.041231719489978357,0.32519624499255295,0.6335720355174688
New systems are coooool,neither,0.10951497951660175,0.11121767546018507,0.7792673450232133
@txtPEER so true! it was also my introduction to Nietszche haha,offensive_language,0.03005106014258395,0.49520748858762187,0.4747414512697942
"Help G&S make great content! $4.99/month gets you emotes, Minecraft server access, sub-only VODs, and more! Every sub keeps the channel alive! twitch.tv/geekandsundry/subscribe",neither,0.043907990691603095,0.31135964332838284,0.644732365980014
I loved Numanera from Starter Kit,neither,0.04024908150084375,0.3168680451983244,0.6428828733008319
THEY SENT DANIEL RADCLIFFE?!?,neither,0.03945320844208391,0.33037608806864915,0.630170703489267
!mcnumenera,neither,0.03945320844208391,0.33037608806864915,0.630170703489267
Harry Potter RP!?!,neither,0.03945320844208391,0.33037608806864915,0.630170703489267
*powerslides into the room* did I miss Sam saying they were excited?!,neither,0.030097050746281596,0.3095889929823253,0.6603139562713931
Erika!,neither,0.03945320844208391,0.33037608806864915,0.630170703489267
@misroi no its was Darren Chris,neither,0.03373089697416816,0.3454881520726421,0.6207809509531897
HP gandsTWC,neither,0.03945320844208391,0.33037608806864915,0.630170703489267
WOW!!!!!!! in Scots no less!!!!!!!!!!,neither,0.038534653505234086,0.3459663625843496,0.6154989839104165
ramaThis,neither,0.03945320844208391,0.33037608806864915,0.630170703489267
what?!?!?! soo DOPE,neither,0.04525836782767031,0.3262223342242473,0.6285192979480825
I want to hear Gina do the audiobook.,neither,0.049102688751105746,0.3007012805519589,0.6501960306969354
THIS IS TRUE,neither,0.052226555623309454,0.3282947143461781,0.6194787300305125
o hi mark!,neither,0.03945320844208391,0.33037608806864915,0.630170703489267
"Oh, those Scots-Irish feels",neither,0.06795214698381637,0.22501514591311061,0.707032707103073
@elizabethjoy77 no it's a version of Harry potter written in scotish english,neither,0.03814050223577604,0.33892625907775786,0.622933238686466
haha List of Amazing Things about Mark Meer <3,neither,0.0360197869990843,0.3886502104722907,0.575330002528625
#OhHiMark,neither,0.03945320844208391,0.33037608806864915,0.630170703489267
I guessed before he elaborated @darkestargentum,neither,0.04091201974784932,0.39500119369356457,0.5640867865585862
Hello Best Stream Cleric!!!,neither,0.03864971676633381,0.32364775222190245,0.6377025310117639
is that Chaz???,neither,0.05154613418987003,0.42924314326430335,0.5192107225458266
... that sounds fun,neither,0.03499898126042127,0.3789468119090193,0.5860542068305594
"@deleyna I'm very ecited about this project, although it will likely be pro bono and I won't get anything back from it, being able to visit some of the oldest aged grotos in the tassilli massif and the first to have archeologically been found to have primitive ovens to fry crickets, snakes and scorpions for consumptions is dream come true",neither,0.038351651461615816,0.29826381133864194,0.6633845371997422
@slippydude hiii,neither,0.03945320844208391,0.33037608806864915,0.630170703489267
Yes,neither,0.03945320844208391,0.33037608806864915,0.630170703489267
Itś what happens when you blow up Plastic Man.,offensive_language,0.06330839233512695,0.48612545913423516,0.450566148530638
Glad that I have Amazon Prime,neither,0.03536962871707899,0.37784873812134906,0.5867816331615721
Mark Meeker,neither,0.03945320844208391,0.33037608806864915,0.630170703489267
!whodat,neither,0.03945320844208391,0.33037608806864915,0.630170703489267
"GM Eric Campbell ( twitter.com/16BitEric ), with Aliza Pearl ( twitter.com/AlizaPearl ), Gina DeVivo ( twitter.com/PocketGina ), Sam de Leve ( twitter.com/ChaiKovsky ), Amy Dallen ( twitter.com/enthusiamy ), Hector Navarro ( twitter.com/Hectorisfunny ), Bonnie Gordon ( twitter.com/BonnieBellG ), Mark Meer ( twitter.com/Mark_Meer ).",neither,0.036970363622017,0.47146601468719496,0.4915636216907881
It is the actor who plays Chaz,neither,0.04477972992552722,0.3686476513158211,0.5865726187586516
This show sounds amazing.,neither,0.054523226945822574,0.25773378838901106,0.6877429846651663
Plays a different character in this show,neither,0.05156091950773333,0.2705311697169931,0.6779079107752737
"@DarkestArgentum great to see you! :) yes @elizabethjoy77 Scots is a dialect, somewhere between contemporary English and full-on Gaelic",neither,0.07202806011952441,0.31137577002940886,0.6165961698510668
"Meer, sheesh, I totes thought of a friend of mine with a similar name",neither,0.035209330327321,0.29819095037552706,0.6665997192971519
Opening a pool on odds that Kostchie finally wears Anton as a Super suit!,neither,0.03501621644682106,0.3765231981576221,0.5884605853955569
Can confirm Improvised Generation is amazing and should be seen if you're in LA,neither,0.05936681979752799,0.3674698232758454,0.5731633569266267
IMPROVIZED GENERATION gandsHype gandsHype,neither,0.03945320844208391,0.33037608806864915,0.630170703489267
100% not shocked mark is here cause i knew he was gonna be on LA by Night,neither,0.06017840819715774,0.3858722696392736,0.5539493221635685
@swiftfingers awesome! I love to explore older technology.,neither,0.04170092924753216,0.3363839974644332,0.6219150732880346
"hello chat, cant stay for long, but how's everyone today?",neither,0.02987347299478202,0.36814693406218957,0.6019795929430285
LUL,neither,0.03945320844208391,0.33037608806864915,0.630170703489267
and Tiny Plastic Men sounds like some of the episodes of Supernatural haha,neither,0.03692032681290419,0.3528943316895728,0.610185341497523
@darkestargentum both appearances were announced on Twitter ;),neither,0.0371552295525081,0.4048911588751577,0.5579536115723341
Gina that's adorable,neither,0.0343714251695459,0.38593769553176943,0.5796908792986846
Male shep back on the citadel,neither,0.03533140622801256,0.3272919384881641,0.6373766552838233
<3 @arcticthunderbird happy to see you! :) hope you are well!,neither,0.24027997304865062,0.2333176991329446,0.5264023278184048
"If Amy went to the Citadel Theater, she would never leave :P",neither,0.02887463142994188,0.4236103592413084,0.5475150093287497
We're excited!,neither,0.062865246706457,0.29810980075654003,0.639024952537003
#WereExcited,neither,0.03945320844208391,0.33037608806864915,0.630170703489267
god damnit mark.,neither,0.03945320844208391,0.33037608806864915,0.630170703489267
awwwwww,neither,0.03945320844208391,0.33037608806864915,0.630170703489267
"Sam, are you now or have you ever been......Excited?",neither,0.09615973212623337,0.3776540534771805,0.5261862143965861
@shidareAKI i didn't see the one for C6 but i assumed,neither,0.02166534577536344,0.35979010504956777,0.6185445491750687
I can haz excited?,neither,0.03983948173270908,0.3238200222337824,0.6363404960335085
Amy is amazing <3,neither,0.04736730323487076,0.32765406796382457,0.6249786288013046
@darkestargentum I missed the LAbN one so no worries,neither,0.03720908839901519,0.39070223829459516,0.5720886733063897
I almost missed it!,neither,0.03787166319928188,0.3309200540003588,0.6312082828003593
Amy yet again proving why she is ONE OF the best(tm),neither,0.0349597746028926,0.4033498454447395,0.5616903799523678
Yay! Made it just in time.,neither,0.03310238360882214,0.36846032706387105,0.5984372893273069
I love the mass effect jokes...,neither,0.03653185517987605,0.32790557880601384,0.6355625660141101
gandsC6 gandsC6 gandsC6 gandsC6 gandsC6 gandsC6 gandsC6 gandsC6 gandsC6 gandsC6,neither,0.03945320844208391,0.33037608806864915,0.630170703489267
@arcticthunderbird Same,neither,0.04148851938089603,0.3488915597363099,0.609619920882794
,neither,0.03945320844208391,0.33037608806864915,0.630170703489267
I want this theme as a ringtone,neither,0.03759861167723406,0.3618534352800179,0.600547953042748
"between watching Eric and the Six, sharing in Chat, and misc multitasking, I always miss stuff hehe",neither,0.03438232123458253,0.3122256236866912,0.6533920550787262
@shidareAKI wird i didn't see the c6 one Jason posted a txt mesage from Chaz (ugh) to i assume Nelli,neither,0.034839296908505936,0.3290699775568191,0.6360907255346749
amydCheers,neither,0.03945320844208391,0.33037608806864915,0.630170703489267
"Now, The Markeia Report",neither,0.03838428204146417,0.31072466879621563,0.6508910491623203
"@suedyin I'm well, thank you!",neither,0.06385491881940006,0.40966372203059714,0.5264813591500027
Hello folks,neither,0.03945320844208391,0.33037608806864915,0.630170703489267
oooh TAILS! now I remember!,neither,0.03945320844208391,0.33037608806864915,0.630170703489267
How does this lady know so much about C6?,offensive_language,0.024380962924821246,0.4912596442228981,0.48435939285228075
TAILS gets news coverage?,neither,0.03945320844208391,0.33037608806864915,0.630170703489267
"Oooh, Pyramid logo",neither,0.03945320844208391,0.33037608806864915,0.630170703489267
It’s her superpower,offensive_language,0.02090709161457077,0.7912907001206465,0.1878022082647827
@Celador_Mythica She's a super.,neither,0.04174106595289993,0.46245577073391847,0.4958031633131816
is ALL THIS on the local news? What network is this?,neither,0.05329661484766708,0.36887512660491784,0.577828258547415
Yo .. .Tails needs a good Head Start teacher or something,neither,0.03779033760728162,0.4033321127002895,0.558877549692429
@Celador_Mythica Hakim Sophia is a newscaster in LA,neither,0.051565138739777784,0.32621023983941067,0.6222246214208116
"@deleyna they're just holes dug in the walls of the caves, and they used them to cook what they could catch around, but the paintings in the caves also show that they were doing so, so from an archeological viewpoint it's fascinating, and being able to capture all of that in high resolution, 3d and do a virtual visit out of it would be awesome",neither,0.04685558979733301,0.3396930709171683,0.6134513392854988
ramaFacepalm,neither,0.03945320844208391,0.33037608806864915,0.630170703489267
@ZachsMind Channel 6,neither,0.03945320844208391,0.33037608806864915,0.630170703489267
"That pun, @Chovexani",neither,0.035126807190173845,0.3775266654705279,0.5873465273392982
