text,top_class,hate_speech,offensive_language,neither
danP,neither,0.03945320844208391,0.33037608806864915,0.630170703489267
VoteYea VoteYea VoteYea VoteYea VoteYea,neither,0.03945320844208391,0.33037608806864915,0.630170703489267
Is everyone ready?,neither,0.041262036450053476,0.4450965041340042,0.5136414594159423
Hello Relinquents! Let's get started on Chapter Three: The Ascent of the Angler with the Brigade and special guest Charlie Cox!,neither,0.0122997684708592,0.10598802310164611,0.8817122084274946
yep,neither,0.03945320844208391,0.33037608806864915,0.630170703489267
Hello @debbers500,neither,0.03945320844208391,0.33037608806864915,0.630170703489267
*hands out PopCorn *,neither,0.03511784971783147,0.3470221955292934,0.6178599547528751
i made it!,neither,0.03684238675525566,0.33127406936755094,0.6318835438771935
this is going to kill my phone data but im here,neither,0.32476150898699646,0.289635967453637,0.3856025235593665
let's do this danWOW,neither,0.0195438059392097,0.382678239993645,0.5977779540671454
Hi @debbers500,neither,0.03945320844208391,0.33037608806864915,0.630170703489267
dizzyHype,neither,0.03945320844208391,0.33037608806864915,0.630170703489267
"Hi @debbers500 , love the show!",neither,0.05179971908322054,0.24197919721265448,0.706221083704125
Thanks @Lone_Hobbit,neither,0.035884468650613,0.3004919205142699,0.6636236108351171
awww yeah,neither,0.02287963553190815,0.4461415187654656,0.5309788457026263
Hi @debbers500 KonCha,neither,0.03945320844208391,0.33037608806864915,0.630170703489267
Hello all,neither,0.04217753453783664,0.43734383323855475,0.5204786322236087
Hi @Delthanin,neither,0.03945320844208391,0.33037608806864915,0.630170703489267
Hi @debbers500 welcome back!,neither,0.03945320844208391,0.33037608806864915,0.630170703489267
I'm also pretending to work... 😅,neither,0.04604275246858504,0.32652360723529056,0.6274336402961244
gandsClassic gandsHype gandsClassic,neither,0.03945320844208391,0.33037608806864915,0.630170703489267
@debbers500 thank you so much for the work you put into this series. my GF and I adore it,neither,0.04023221450234736,0.41511288374674404,0.5446549017509085
Dr Akiva is my favorite NPC to play,neither,0.04079542240867051,0.4023196878834944,0.5568848897078351
"kinda surprised I get to watch the ""1st screening"" for once",neither,0.04256808578606326,0.30113573628451656,0.6562961779294202
@Ailias Suck it work! lol PopCorn,neither,0.04812939898906152,0.3913986757966436,0.560471925214295
POG,neither,0.03945320844208391,0.33037608806864915,0.630170703489267
D-D!,neither,0.03945320844208391,0.33037608806864915,0.630170703489267
daredevil PogChamp,neither,0.03945320844208391,0.33037608806864915,0.630170703489267
CHARLIE COX!!!,neither,0.0034369697280743276,0.016818783008949737,0.9797442472629759
Now I miss Daredevil more :(,neither,0.03490633217279701,0.32385643943169734,0.6412372283955058
cohhOMG cohhOMG cohhOMG,neither,0.03945320844208391,0.33037608806864915,0.630170703489267
gandsHype gandsApplaud,neither,0.03945320844208391,0.33037608806864915,0.630170703489267
"Woo, Charlie Cox!",neither,0.006463697027149583,0.039075478133228016,0.9544608248396224
Charlie just looked so scared at this point lol,neither,0.005869487931499868,0.08284189645786019,0.9112886156106399
"Hehhehe, i so love Xanders characters",neither,0.03627610470513541,0.39457621630864126,0.5691476789862233
calla sonsa ve a cocinar,neither,0.007688441738600854,0.2943591995657401,0.6979523586956591
Charlie is such a good sport and really gets into the spirit once it all lands,neither,0.013690184957746626,0.09406026676121318,0.8922495482810401
This ep was lit,neither,0.03926210543982197,0.3336196047561275,0.6271182898040505
I've already watched the entire thing on Alpha but this show is worth multiple viewings,neither,0.03174641688229609,0.2937833890347325,0.6744701940829714
yep third time for me,neither,0.028002605883833936,0.35400734033278347,0.6179900537833826
We have a subscriber-only Discord server! Join here: https://discord.gg/geekandsundry (you'll need to sub and link it to your Twitch) and be a part of the fun!...Warning: It can take up to an hour for the server to update and give you access to the channels,neither,0.08464076273808444,0.286394834032893,0.6289644032290227
what is this show about,neither,0.08490096773244404,0.2584570856574165,0.6566419466101395
is this Daredevil season 4?,neither,0.047272042233938896,0.3254797889741571,0.627248168791904
!wtfisthis,neither,0.03945320844208391,0.33037608806864915,0.630170703489267
"Set in a mysterious curio shop, creator Deborah Ann Woll brings a unique twist to the world of Dungeons & Dragons with gripping storytelling and arcane objects. Join Woll and a party of special guests each week as they face her puzzles and challenges!",neither,0.040966658740069856,0.36714479561251123,0.5918885456474189
i love all of this,offensive_language,0.03745576454228862,0.48171744081232437,0.48082679464538697
Thanks for the multiple views everybody! I'm so glad it holds up.,neither,0.03205078793618324,0.3462178955061297,0.621731316557687
this is so fun!,neither,0.0509741119298704,0.3907781647384256,0.558247723331704
"of course, it had to be a cane lol",neither,0.0365304787192786,0.3883445480284454,0.575124973252276
danLUL,neither,0.03945320844208391,0.33037608806864915,0.630170703489267
"No, Zakkuro is right, this is DD s4, table top edition.",neither,0.04976797871065889,0.3498227389609286,0.6004092823284125
Is this live or prerecorded???,neither,0.05891522972578258,0.32576906797958016,0.6153157022946373
LUL,neither,0.03945320844208391,0.33037608806864915,0.630170703489267
Veros is Veros.,neither,0.081172750358939,0.3160268245287109,0.60280042511235
"Help G&S make great content! $4.99/month gets you emotes, Minecraft server access, sub-only VODs, and more! Every sub keeps the channel alive! twitch.tv/geekandsundry/subscribe",neither,0.043907990691603095,0.31135964332838284,0.644732365980014
Matt and Foggy coukd easily be closet D&Ders,neither,0.03913535396674936,0.3015756321397141,0.6592890138935366
a walking stick LUL,neither,0.03945320844208391,0.33037608806864915,0.630170703489267
"It is usually best to not choose the item, but let the item choose you",neither,0.03995190720266623,0.3473169059474755,0.6127311868498583
@g0ldenlegend Prerecorded,neither,0.03945320844208391,0.33037608806864915,0.630170703489267
"I hope we get more, bring a season 2!",neither,0.07600259752485612,0.22323732751879197,0.700760074956352
did this episode just start,neither,0.03506683037669052,0.35215401745974434,0.6127791521635653
@ Veros? The mind races.,neither,0.038543531571615414,0.31373008045806694,0.6477263879703178
HOLY CRAP CHARLIE COX IS IN HERE?!?!?!,neither,0.018091256281206166,0.049539625455683495,0.9323691182631103
@Critternation3000 Yes,neither,0.03945320844208391,0.33037608806864915,0.630170703489267
@Critternation3000 Yes,neither,0.03945320844208391,0.33037608806864915,0.630170703489267
"@jeffm0307 Ah, thank you.",neither,0.06116923237557951,0.401673632741374,0.5371571348830465
<3 Veros,neither,0.03945320844208391,0.33037608806864915,0.630170703489267
danLUL,neither,0.03945320844208391,0.33037608806864915,0.630170703489267
@Lone_Hobbit seconded Relics & Rarities is so much fun to watch,neither,0.058040037399715035,0.36814554665422106,0.573814415946064
"The items in this adventure, MAKE this adventure! I can't imagine how this would have gone if they'd chosen other trinkets!",neither,0.0314551487219486,0.34708961732054106,0.6214552339575103
danD ooo,neither,0.03945320844208391,0.33037608806864915,0.630170703489267
@debbers500 this great dm makes the adventure,neither,0.03736440902036328,0.30114701380191455,0.6614885771777221
That paper airplane is seriously badass. Don't underestimate the power of being able to see where others cannot,neither,0.04232421050606627,0.3370751541878252,0.6206006353061085
@debbers500 That is so fabulous to hear!,neither,0.04973286970675355,0.4027580647670552,0.5475090655261913
The introduction of Rikki's top hat!,neither,0.03847428948856633,0.31242727762784855,0.6490984328835852
he'S THE DEVIL of HELLS KITCHEN,neither,0.04272172291685366,0.31705612245927656,0.6402221546238699
@debbers500 How many trinkets total were on offer the p[layers for the campaign?,neither,0.03395242098894634,0.29298747553079174,0.6730601034802619
oh no 2 rogues,neither,0.04384654588772911,0.29441982616414436,0.6617336279481266
@Critternation3000 thank you so much,offensive_language,0.054628503582362625,0.47454195832596063,0.47082953809167677
@Ronin903468 there are 20 trinkets,neither,0.0759028861643324,0.21987813099622075,0.704218982839447
woot,neither,0.03945320844208391,0.33037608806864915,0.630170703489267
!respect,neither,0.03945320844208391,0.33037608806864915,0.630170703489267
@Ailias thank you!,neither,0.07325166854587051,0.43632638485078484,0.49042194660334476
"If you would like to share opinions on our hosts, guests or fellow viewers, please do so in a respectful manner. Don't make them feel uncomfortable.",neither,0.04843323757214918,0.39559142321184637,0.5559753392160044
@debbers500 Wow many choices with many potential outcomes based on what was chosen. I love that.,neither,0.03237932955257144,0.37716397794351175,0.5904566925039169
I dont know what this is but I love it,neither,0.04503809657625207,0.34984500472917784,0.6051168986945701
Dang this is what you call production quality!,neither,0.0772318914675949,0.3707386897948274,0.5520294187375778
!wtfisthis,neither,0.03945320844208391,0.33037608806864915,0.630170703489267
"Set in a mysterious curio shop, creator Deborah Ann Woll brings a unique twist to the world of Dungeons & Dragons with gripping storytelling and arcane objects. Join Woll and a party of special guests each week as they face her puzzles and challenges!",neither,0.040966658740069856,0.36714479561251123,0.5918885456474189
I am 100% making this song my ringtone. I get chills every time I listen to it!,neither,0.034222931288263245,0.39366546794618545,0.5721116007655513
is this a fucking intro?,offensive_language,0.12745923564554812,0.8715940825103403,0.0009466818441114645
@debbers500 you have def brought back my desire to play d&d! Time to find a group!,neither,0.050847052126505844,0.3658512316902078,0.5833017161832864
"New ep, new set dressing. Ooo...",neither,0.04371694322504176,0.223173124474916,0.7331099323000423
"the behind the scenes video released today is great, everyone should watch it",neither,0.04925973231366326,0.30888168493447643,0.6418585827518603
I love the sets,neither,0.03535573287644789,0.32702902194732975,0.6376152451762223
this is such a cool concept,neither,0.050210036660126696,0.3235947797376573,0.6261951836022159
the set is beautiful,neither,0.047741927645492614,0.30927581426581174,0.6429822580886956
they changed the set danP,neither,0.038539616395234434,0.3136565734393448,0.6478038101654208
@totalcarb welcome to the show. There are two episodes previous that are saved VOD. Check em' out! I'm the DM,neither,0.07598347338535556,0.23061625379931378,0.6934002728153306
I’m guessing this is prerecorded?,neither,0.048827387017930185,0.3289095995902385,0.6222630133918313
@debbers500 I was a big fan of yours when you were on True Blood. Loved your character on that show. Always thought of her as the underdog vampire.,neither,0.04036582200964287,0.4655246608607518,0.49410951712960544
oh this is nice,neither,0.058329699968328014,0.26542684241940095,0.6762434576122709
"@debbers500 as someone who set his alarm as his favorite song, I don’t recommend that lol",neither,0.05518254382172053,0.4499219988524295,0.4948954573258499
enigmaes1 fren danLove,neither,0.03945320844208391,0.33037608806864915,0.630170703489267
@Glurtch Yes,neither,0.03945320844208391,0.33037608806864915,0.630170703489267
i'm supposed to be watching something else but i saw d&d on the featureds and dang,neither,0.038647391023626375,0.30666437515148637,0.6546882338248873
dang this is nice,neither,0.052711663592554026,0.32820396801094437,0.6190843683965016
@MetalGundam danP danLove,neither,0.03945320844208391,0.33037608806864915,0.630170703489267
@debbers500 i really enjoyed the vid of you're chat with charlie of how u opened his eyes and brought him into dnd,neither,0.023966295801490147,0.11256467768997659,0.8634690265085332
TWIGGY,neither,0.03945320844208391,0.33037608806864915,0.630170703489267
Im actually enjoying this xD,neither,0.0385104092822955,0.3641760372726777,0.5973135534450268
Lol,neither,0.020706217963973744,0.4882283491876925,0.4910654328483337
YouTube had a video about some of the behind the scenes stuff,neither,0.03551161198831211,0.2796988018003029,0.6847895862113851
hey its that one person from that one thing,neither,0.029793636014660802,0.42205008260108157,0.5481562813842575
!whodat,neither,0.03945320844208391,0.33037608806864915,0.630170703489267
"Tommy Walker ( twitter.com/TommyWalker24 ), Jasmine Bhullar ( twitter.com/ThatBronzeGirl ), Julia Dennis ( twitter.com/juliamdennis ), Xander Jeanneret ( twitter.com/Xanderrific ), and Deborah Ann Woll ( twitter.com/DeborahAnnWoll ), with Charlie Cox.",neither,0.022562123865338766,0.31806181367965286,0.6593760624550083
"@debbers500 i can find the Ep 2 part 2, but not Ep 2 part 1",neither,0.038918314007610505,0.2838115325263679,0.6772701534660216
Hi @SirHellsing420,neither,0.03945320844208391,0.33037608806864915,0.630170703489267
