text,top_class,hate_speech,offensive_language,neither
Is the next guest Satan? Because I think he'd have some really interesting answers.,neither,0.04072791660649528,0.33363193291272475,0.62564015048078
"Oh, Xander's also pretty good. Not Satan good, but good.",neither,0.03848888505686835,0.30979262084788656,0.6517184940952452
Two Malkavians in a row?,neither,0.04012825155795375,0.3189188446701901,0.6409529037718561
That guest was a bit Thrashy for my tastes,neither,0.025478727508608055,0.39741469011218605,0.577106582379206
cool,neither,0.03945320844208391,0.33037608806864915,0.630170703489267
So is Alpha dead now?,neither,0.04711766329296084,0.3699465971404502,0.582935739566589
Xander? That should be another awesome episode.,neither,0.09384274144635395,0.334123430526978,0.572033828026668
We have a subscriber-only Discord server! Join here: https://discord.gg/geekandsundry (you'll need to sub and link it to your Twitch) and be a part of the fun!...Warning: It can take up to an hour for the server to update and give you access to the channels,neither,0.08464076273808444,0.286394834032893,0.6289644032290227
Thanks for hanging out with us again @DarylDaCritter and @jakegbennett! See you again next week!,neither,0.04773828076985635,0.3700475542175991,0.5822141650125445
He will another hilariously tough guest to handle.,neither,0.08919152427992014,0.2554277088153181,0.6553807669047617
"Alright, everybody! We will see you next week! Thanks so much for watching with us!",neither,0.05202361351625941,0.36423970706249353,0.583736679421247
Hey!! dont be afraid to balance the audio,neither,0.043449258175536166,0.31949784392811026,0.6370528978963534
@Joesyphh Its your right to be wrong,neither,0.07552238398179241,0.3435713869703305,0.580906229047877
<3 you all,offensive_language,0.11713568322928106,0.7458927592248179,0.1369715575459011
lord_arepa subscribed with Twitch Prime.,neither,0.030186173588972614,0.3621416721941929,0.6076721542168345
@Joesyphh thanks again :*,neither,0.034506707378298834,0.34819587494090565,0.6172974176807956
how did he paint that dime. it looks so real,neither,0.03449225432705928,0.46791387280211744,0.4975938728708233
"gandsLessthanthree RIP Project Alpha, their legacy lives on",neither,0.03772054715575701,0.3386118844470743,0.6236675683971687
@DarylDaCritter <3,neither,0.03945320844208391,0.33037608806864915,0.630170703489267
yes Thanks Y'all Very Much @jakegbennett and @DarylDaCritter and @Danoba and the Awesome Crew,neither,0.034918564967953106,0.27931866455017895,0.6857627704818681
I mailed out my taxes today,neither,0.02412417982405271,0.40599346229598016,0.5698823578799671
DansGame,neither,0.03945320844208391,0.33037608806864915,0.630170703489267
"Help G&S make great content! $4.99/month gets you emotes, Minecraft server access, sub-only VODs, and more! Every sub keeps the channel alive! twitch.tv/geekandsundry/subscribe",neither,0.043907990691603095,0.31135964332838284,0.644732365980014
PogChamp,neither,0.03945320844208391,0.33037608806864915,0.630170703489267
cheer1,neither,0.03945320844208391,0.33037608806864915,0.630170703489267
pepeSHAKE,neither,0.03945320844208391,0.33037608806864915,0.630170703489267
critroleBees,neither,0.03945320844208391,0.33037608806864915,0.630170703489267
"so how do i go about starting over without endind lives ? Aquatic Bat 12203 , location : COLUMBA ,, Bio : MIAMI VICE",neither,0.038459804124434886,0.3650595723723298,0.5964806235032352
lol,neither,0.020706217963973744,0.4882283491876925,0.4910654328483337
"You having a stroke there, vmoorevmoore?",neither,0.05613963047339253,0.3293516312519052,0.6145087382747022
^,neither,0.03945320844208391,0.33037608806864915,0.630170703489267
yes,neither,0.03945320844208391,0.33037608806864915,0.630170703489267
LUL,neither,0.03945320844208391,0.33037608806864915,0.630170703489267
maybe spy codes?,neither,0.03945320844208391,0.33037608806864915,0.630170703489267
We're on the front page!,neither,0.05197348597733386,0.3037545916926709,0.6442719223299951
TheIlluminati TheIlluminati TheIlluminati TheIlluminati TheIlluminati TheIlluminati,neither,0.03945320844208391,0.33037608806864915,0.630170703489267
DUMP AND MOVE,neither,0.038604175915504794,0.2870485303362862,0.6743472937482089
so how 2 not,neither,0.03714845814424285,0.4185032261655398,0.5443483156902171
How far in is this episode?,neither,0.047076431058099916,0.3292109098034003,0.6237126591384997
5 minutes or so,neither,0.03940841351561024,0.3879962520697298,0.57259533441466
88,neither,0.03945320844208391,0.33037608806864915,0.630170703489267
Nice. Thanks ðŸ™ðŸ½,neither,0.03675346094209043,0.30776875008420385,0.6554777889737058
I am so glad I stumbled on this. My husband I have gotten into miniature painting and actully got him how to guides for christmas,neither,0.031583458887243926,0.3853973242810184,0.5830192168317376
Love the stream so far guys keep up the good work,neither,0.034219471215929866,0.38085776852619535,0.5849227602578748
pit pool lol,neither,0.032194263187663066,0.38269835360514665,0.5851073832071902
"i fly white flag , red dot in center",offensive_language,0.3523525200711725,0.45818006457946614,0.1894674153493612
will we get a season 3?,neither,0.04062821894148779,0.31043309336072167,0.6489386876977905
"@xpixl_gamingx Hey, since you are in, they made it or just paint it? How do you shape something like that?",neither,0.07807653750882916,0.40501291951669954,0.5169105429744714
lol,neither,0.020706217963973744,0.4882283491876925,0.4910654328483337
ðŸ˜‚ðŸ˜‚ðŸ˜‚,neither,0.03945320844208391,0.33037608806864915,0.630170703489267
just tryen 2 draw you in,neither,0.05327057732244353,0.4189699226801114,0.5277594999974451
@broer We paint them.,neither,0.056767112058623226,0.3238260323139077,0.6194068556274691
I totally forgot that its Thrusday woot woot!!,neither,0.03445031670828234,0.35270754178006997,0.6128421415116476
@broer they are made of plastic. You dont make the plastic models you buy them then paint them,neither,0.08893031060587368,0.33232745413739945,0.578742235256727
Cissa_kksg subscribed at Tier 1. They've subscribed for 10 months!,neither,0.019835851488809408,0.31342495940271037,0.6667391891084803
"@broer I have a friend who has a 3d printer and prints his opwn, and they look pretty good. But the less expensive the printer, the less detail you get, I've found",neither,0.039226013174964686,0.3219195751842833,0.6388544116407521
@broer some has multiple pieces that you have to glue together,neither,0.04448579891845464,0.39287097699587487,0.5626432240856705
"@xpixl_gamingx @Luke5342 Thanks for answering, I was thinking that was some kind of wood shapping.",neither,0.028557016371631935,0.3372213414554542,0.6342216421729138
what are the painting.. is it a warmahordes model,neither,0.07390704079397369,0.27420496537353006,0.6518879938324962
