text,top_class,hate_speech,offensive_language,neither
banestHYPE banestHYPE banestHYPE,neither,0.03945320844208391,0.33037608806864915,0.630170703489267
Hi,neither,0.03945320844208391,0.33037608806864915,0.630170703489267
!questions for Kyle,neither,0.03401591759631595,0.30321692494509367,0.6627671574585904
"To make it easier to read questions in chat, please preface your questions with the word question in all caps. For example, QUESTION: How are you today?",neither,0.06209713493468228,0.3342013724685751,0.6037014925967426
10000 digita,neither,0.03945320844208391,0.33037608806864915,0.630170703489267
ayeeeeee i just learnd this at school,neither,0.03230667563645308,0.39408477687765536,0.5736085474858917
3.14159,neither,0.03945320844208391,0.33037608806864915,0.630170703489267
5Head,neither,0.03945320844208391,0.33037608806864915,0.630170703489267
Poggers,neither,0.03945320844208391,0.33037608806864915,0.630170703489267
how did i come here,neither,0.0978388383319337,0.3144930813604307,0.5876680803076356
3k viewers wtf?,offensive_language,0.04158722460754813,0.5184751264274868,0.4399376489649649
Pog,neither,0.03945320844208391,0.33037608806864915,0.630170703489267
!wtfisthis,neither,0.03945320844208391,0.33037608806864915,0.630170703489267
"Welcome to Because Science! Nerdist Science Editor Kyle Hill uses real-world math and science concepts to solve, measure, and make sense of pop culture quandaries in comics, video games, movies, and TV.",neither,0.04204804754431583,0.2962058578472651,0.6617460946084192
TOO POGS ACTUALLY,neither,0.03906904253463217,0.33689638611123096,0.6240345713541369
i need to calculate pee,neither,0.045190957426893434,0.32560976922602936,0.6291992733470771
has anyone said pi is exactly 3 yet?,neither,0.0467016401073755,0.3222910995012193,0.6310072603914052
"its on homepage, thats why 3k",neither,0.02397994286332814,0.35703062282183523,0.6189894343148367
How is this practically applicable?,neither,0.04824209183969629,0.3290115488839939,0.6227463592763097
is it scientifically possible to trim party hats in runescape? Kappa,neither,0.04657885509241961,0.32705854870078854,0.6263625962067918
What’s up,neither,0.04549209283961305,0.43877665191533993,0.5157312552450469
*teachers,neither,0.03945320844208391,0.33037608806864915,0.630170703489267
@jaymaloid exactly,neither,0.03945320844208391,0.33037608806864915,0.630170703489267
AOC says the world is ending in 12 years,neither,0.044654592189084366,0.3164762395132498,0.6388691682976657
@captbirdie same thing was said in 1989 lol,neither,0.032189784107960535,0.4001882488159663,0.5676219670760732
climate change deniers LUL,neither,0.03945320844208391,0.33037608806864915,0.630170703489267
"12 years us generous, people are scum im sure we can get that number down too 10 with a little extra effort Kappa",neither,0.0654153613782006,0.4129511414505708,0.5216334971712285
Kappa Kappa Kappa Kappa,neither,0.03945320844208391,0.33037608806864915,0.630170703489267
!rules,neither,0.03945320844208391,0.33037608806864915,0.630170703489267
"1) Please be considerate of the hosts, guests, and your fellow viewers. Not everyone may already know what you know. 2) Racism, gender discrimination, homophobia, transphobia, or any other hatred will not be tolerated 3) Some jokes are not funny...EVER! 4) No spamming or posting of unnecessary links 5) When we dance, you dance 6) Keep it classy!! 7) Respect thy mod.",neither,0.05251684461224693,0.3721149529710746,0.5753682024166786
"That question VERY much depends on the bullet type fired. A 9mm round could be stopped with little issue, while a .50 Cal rifle with the right ammunition can penetrate tanks.",neither,0.028106477386584908,0.3715021841399691,0.600391338473446
5Head,neither,0.03945320844208391,0.33037608806864915,0.630170703489267
hes not hav natural color,neither,0.039456146022997,0.3336172750165422,0.6269265789604608
Chris Hemsworth?,neither,0.03945320844208391,0.33037608806864915,0.630170703489267
!whodat,neither,0.03945320844208391,0.33037608806864915,0.630170703489267
Kyle Hill ( twitter.com/Sci_Phile ),neither,0.038926398775368944,0.4147662855164059,0.5463073157082252
We talking about the Ice wall?,neither,0.037203578218661576,0.3419449156520549,0.6208515061292834
!uptime,neither,0.03945320844208391,0.33037608806864915,0.630170703489267
!on,neither,0.02983740057173753,0.3797445071048369,0.5904180923234256
It doesn't take much ice to stop a bullet if it's me throwing the bullet,neither,0.02688375939061907,0.40231982629750346,0.5707964143118776
yes the battle of ice and fire @dexertomike,neither,0.03822560620691834,0.2878865425494553,0.6738878512436264
Decently thick ;),neither,0.03945320844208391,0.33037608806864915,0.630170703489267
!schedule,neither,0.03945320844208391,0.33037608806864915,0.630170703489267
"Current Schedule ( as of March 12th, 2019 ): https://i.imgur.com/kZVajmv.png - more info about shows at: https://geekandsundry.com/twitch/",neither,0.03848298500599747,0.358548856177984,0.6029681588160186
!clock,neither,0.03945320844208391,0.33037608806864915,0.630170703489267
It is currently Friday 3:10 PM at the Geek & Sundry studio in California.,neither,0.052016040391522675,0.32955547554272563,0.6184284840657517
THICC,neither,0.03945320844208391,0.33037608806864915,0.630170703489267
Crtroller subscribed with Twitch Prime.,neither,0.030186173588972614,0.3621416721941929,0.6076721542168345
Can you help me with my AP Chemistry exam?,neither,0.02794439035193356,0.481984034773753,0.49007157487431335
das,neither,0.03945320844208391,0.33037608806864915,0.630170703489267
somthing faster than light ?,neither,0.03910098766898873,0.3363541938110429,0.6245448185199685
who is asking the question?,neither,0.04718520495895731,0.3730674291908603,0.5797473658501825
A voice in the void,neither,0.03815138957614262,0.30626773717620204,0.6555808732476552
and viewers,neither,0.03857111107789432,0.2851340175310554,0.6762948713910502
!questions,neither,0.03945320844208391,0.33037608806864915,0.630170703489267
"To make it easier to read questions in chat, please preface your questions with the word question in all caps. For example, QUESTION: How are you today?",neither,0.06209713493468228,0.3342013724685751,0.6037014925967426
"Was Ariana Grande right, is God a woman?",neither,0.042647727589065494,0.3684813159233027,0.5888709564876319
who can ask a question?,neither,0.04045137876505522,0.39528760496252585,0.564261016272419
"The questions are curated, and we don't have time to do all of them :)",neither,0.083820470737944,0.31228489915111574,0.6038946301109404
