text,top_class,hate_speech,offensive_language,neither
LMAO,neither,0.03705015143476208,0.3711622369619404,0.5917876116032975
RIGHT AFTER I HIT enter,neither,0.038569311995808556,0.3476243147531107,0.6138063732510809
Bingo!,neither,0.03945320844208391,0.33037608806864915,0.630170703489267
Lol,neither,0.020706217963973744,0.4882283491876925,0.4910654328483337
so perfect timing :D,neither,0.03941215143313366,0.37335790570097727,0.5872299428658891
you brought it to us! thanks @John_Sparks_Jr,neither,0.11552700088653069,0.335187110220018,0.5492858888934513
wonder if amy will be there,neither,0.02626268429909261,0.322420402711232,0.6513169129896753
"I was about to ask if I had the right time, just as they went live",neither,0.027111883103990073,0.4281146042087616,0.5447735126872484
Geekouts subscribed with Twitch Prime. They've subscribed for 27 months! WHAT UP SUPER PUNKS!,neither,0.02194071403706992,0.3457350872695872,0.6323241986933429
Pretty sure Amy is at ECCC,neither,0.04019024570549587,0.46008053622668776,0.4997292180678163
@highvoltage988 HAHAH I bring us... CALLISTO SIX!,neither,0.07063932971129509,0.3247528863727946,0.6046077839159104
Yeah Amy posted a few things from ECCC,neither,0.02956251842428315,0.3717381651534686,0.5986993164222482
I was doing the same thing @TheUltimateTriforce,neither,0.039227825782498574,0.3227740650369839,0.6379981091805175
Amy's at ECC all weekend,neither,0.04035632681278291,0.42296832637976206,0.5366753468074552
"I suspect we will be missing her this episode, but, we HAVE AN EPISODE Lol.",neither,0.030568260331672568,0.4628609098553808,0.5065708298129465
Can we have a relaxing episode tonight please?,neither,0.037236119527856465,0.318956883497957,0.6438069969741866
Cus last night was ROUGH.,neither,0.033235698283992,0.3318853040777708,0.6348789976382372
Wonder if Xander will pop up,neither,0.023119851717584718,0.39014218115493077,0.5867379671274846
bookity101 subscribed with Twitch Prime. They've subscribed for 13 months!,neither,0.018395409525177608,0.3232343455971076,0.6583702448777148
Nope,neither,0.03945320844208391,0.33037608806864915,0.630170703489267
NOPE,neither,0.03945320844208391,0.33037608806864915,0.630170703489267
lol,neither,0.020706217963973744,0.4882283491876925,0.4910654328483337
!whenisc6 gandsC6,neither,0.03945320844208391,0.33037608806864915,0.630170703489267
"Callisto 6 is on at 4 PM Pacific on Fridays, it is currently 4:00 PM Pacific on Friday. There is Now or [Error Connecting To WebProxy Service] seconds until the next episode of Callisto 6.",neither,0.045227174614698995,0.33227906955935066,0.6224937558259502
Vampire: The Masquerade - L.A. By Night is on at 8 pm Pacific - tonight the first of this season's epilogues .,neither,0.03137328013712025,0.34261961061001434,0.6260071092528653
there is NOW LUL,neither,0.04737080908306994,0.2870375692827814,0.6655916216341485
Hello SuperPunks!,neither,0.03945320844208391,0.33037608806864915,0.630170703489267
Critical Role and Talks Machina moved to Critical Role's Twitch channel on 02/19/19. For more information please see this link: https://critrole.com/critical-role-talks-machina-broadcast-updates/. All previously aired content will continue to be available in the Geek & Sundry Twitch library and on YouTube. Both shows will continue to be hosted here on Geek & Sundry's Twitch when those episodes are streamed live.,neither,0.05428901989152002,0.2988094175756187,0.6469015625328612
"Crap, is TAILS in Nightbot???",neither,0.05041669261862849,0.32660524312316275,0.6229780642582088
Hello folks,neither,0.03945320844208391,0.33037608806864915,0.630170703489267
so excited!!!,neither,0.03940839469474773,0.3948270312238364,0.565764574081416
Hello @MonteCookGames,neither,0.03945320844208391,0.33037608806864915,0.630170703489267
"Oh, man. I wanna play in Callisto 6",neither,0.045836553019967634,0.34491090423835874,0.6092525427416736
they got this...i hope......,neither,0.09741164298962313,0.23138872256548296,0.6711996344448939
ERic with the chops! <3,neither,0.029334219467305023,0.34846258058672197,0.622203199945973
YAYA!!!,neither,0.03945320844208391,0.33037608806864915,0.630170703489267
Oh Hector's gone too,neither,0.0459537323866457,0.27238428422148836,0.6816619833918659
Woooooooo yea,neither,0.03908133164861177,0.3366878077749653,0.624230860576423
gandsC6 gandsC6 gandsC6,neither,0.03945320844208391,0.33037608806864915,0.630170703489267
YEAHHH,neither,0.03945320844208391,0.33037608806864915,0.630170703489267
WERE EXCITED!,neither,0.0398410123022278,0.3035745730543177,0.6565844146434545
OH NO,neither,0.04751210705993949,0.26629718932274826,0.6861907036173122
Makes sense Amy and Hector are the comics people of the group,neither,0.07234488535309365,0.26096378902709155,0.6666913256198147
WE ARE EXCITED!,neither,0.07445263836109473,0.2757493766599647,0.6497979849789406
That wasn't a good episode.,neither,0.03499748966083321,0.3725477141505318,0.5924547961886351
SOLID POINT.,neither,0.03945320844208391,0.33037608806864915,0.630170703489267
"wtf is going on, where is everyone!?!",offensive_language,0.04831755396094365,0.6001397177151163,0.35154272832394007
very true!,neither,0.03945320844208391,0.33037608806864915,0.630170703489267
We have a subscriber-only Discord server! Join here: https://discord.gg/geekandsundry (you'll need to sub and link it to your Twitch) and be a part of the fun!...Warning: It can take up to an hour for the server to update and give you access to the channels,neither,0.08464076273808444,0.286394834032893,0.6289644032290227
1st rule about Tuvix.,neither,0.03782443953008872,0.35802054725334265,0.6041550132165687
nightwind21 subscribed at Tier 1. They've subscribed for 12 months!,neither,0.02016097560497243,0.31371466741422877,0.6661243569807987
"BunchesOfLife subscribed at Tier 1. They've subscribed for 4 months, currently on a 3 month streak! I love yall <3",neither,0.02172122457071922,0.3432983680614321,0.6349804073678488
An anonymous user gifted a Tier 1 sub to KBTibbs!,neither,0.04334747332369448,0.32515466318778613,0.6314978634885194
@arcticthunderbird At ECCC,neither,0.037091946445510025,0.40193141593839976,0.5609766376160902
Spoilers! :P,neither,0.03945320844208391,0.33037608806864915,0.630170703489267
Luma and Lacy = Lula,neither,0.03857111107789432,0.2851340175310554,0.6762948713910502
SPOILERS!,neither,0.03945320844208391,0.33037608806864915,0.630170703489267
ECCC and SXSW are this weekend,neither,0.07524050876261212,0.22334829050606644,0.7014112007313215
Gift sub HYPE!,neither,0.03945320844208391,0.33037608806864915,0.630170703489267
hi folksssss <3,neither,0.03945320844208391,0.33037608806864915,0.630170703489267
Hi @perfectcosima,neither,0.03945320844208391,0.33037608806864915,0.630170703489267
"*Just* in time--WUT's GUUD, my gandsC6 Super Punks!? gandsC6 <3",neither,0.028201170218489363,0.417090287669727,0.5547085421117836
I need some glittery gold dice for my shabti,neither,0.023888912766861267,0.3737767908980988,0.60233429633504
OakieDoakie dice.... they're Hunky-dorey!,neither,0.05454564423668323,0.3064226468084175,0.6390317089548992
:o,neither,0.03945320844208391,0.33037608806864915,0.630170703489267
An anonymous user gifted a Tier 1 sub to chaoticloony!,neither,0.04334747332369448,0.32515466318778613,0.6314978634885194
Thanks Anon!,neither,0.037328737276664754,0.31258604004565615,0.6500852226776791
"Man, no Amy for a oya arc ! damn it!!!!!",offensive_language,0.03755941056801124,0.6967203293506491,0.2657202600813398
stsHello,neither,0.03945320844208391,0.33037608806864915,0.630170703489267
@perfectcosima Hey Ally!,neither,0.03945320844208391,0.33037608806864915,0.630170703489267
"@chaoticloony ah, I missed that, thanks!",neither,0.03406615566731295,0.35190120035126454,0.6140326439814224
anyone else feed keep skipping?,neither,0.03945320844208391,0.33037608806864915,0.630170703489267
HYPE,neither,0.03945320844208391,0.33037608806864915,0.630170703489267
Thank you anonymous!,neither,0.057551224062425355,0.3906386164323232,0.5518101595052516
Just got here from CR vod. That was...intense.,neither,0.06092056910032068,0.3696383122556758,0.5694411186440036
those dice are sexy,neither,0.09931664698854668,0.22003045595989235,0.6806528970515608
I already miss Cass and Anton.,neither,0.02925324204737205,0.3057272331167747,0.6650195248358531
So excited for tonight,neither,0.030933360112281538,0.3223542421246248,0.6467123977630935
Have I missed much?,neither,0.034392733298404594,0.34247200157591295,0.6231352651256825
hi all,neither,0.0423466876598404,0.4436528871510691,0.5140004251890904
Wtg @ anon <3,neither,0.03945320844208391,0.33037608806864915,0.630170703489267
"those look like they're made out of solid honey, it's great",neither,0.07402256952063095,0.2675420709490231,0.6584353595303459
Hi @marimo132,neither,0.03945320844208391,0.33037608806864915,0.630170703489267
hello superpunks! it is my first time watching live!,neither,0.0316402974290898,0.4116256219121894,0.5567340806587208
hector is gone too? :(,neither,0.05182638609955397,0.3346761903075135,0.6134974235929327
Welcome!,neither,0.03945320844208391,0.33037608806864915,0.630170703489267
"@LevelUP_NZ No, just announcements",neither,0.028706901431786256,0.40546845799641895,0.5658246405717947
"Sponsor us, PlasticBoxCo!",neither,0.08555812458609885,0.3213561881685585,0.5930856872453426
<3,neither,0.03945320844208391,0.33037608806864915,0.630170703489267
Maybe we can get some Cass backstory now that Amy's not here to deflect it...,neither,0.0570355220504483,0.34744461417440403,0.5955198637751475
Hi @hauntofhan,neither,0.03945320844208391,0.33037608806864915,0.630170703489267
hugs all!!!,neither,0.041950024901896275,0.4288464508721976,0.5292035242259062
!mcgancients,neither,0.03945320844208391,0.33037608806864915,0.630170703489267
Check out Arcana of the Ancients on Kickstarter (through April 12):MyMCG.info/arcana5e,neither,0.03435363023767932,0.339095158722093,0.6265512110402276
how are you doing tonight @MonteCookGames ?,neither,0.09559897495677852,0.29256948516602516,0.6118315398771963
Hi @MonteCookGames,neither,0.03945320844208391,0.33037608806864915,0.630170703489267
ty @JeffM0307,neither,0.03945320844208391,0.33037608806864915,0.630170703489267
"Help G&S make great content! $4.99/month gets you emotes, Minecraft server access, sub-only VODs, and more! Every sub keeps the channel alive! twitch.tv/geekandsundry/subscribe",neither,0.043907990691603095,0.31135964332838284,0.644732365980014
Elbon_Shadowsteel subscribed at Tier 1.,neither,0.03853807016957085,0.358210604756348,0.6032513250740811
Welcome @hauntofhan,neither,0.03945320844208391,0.33037608806864915,0.630170703489267
@perfectcosima Doing great to be HERE!,neither,0.1074903848543743,0.2588686157058846,0.6336409994397411
The monsters manual added to that Kickstarter is epic!,neither,0.04659332124121097,0.34335468414476317,0.6100519946140258
I love all these people! Best way to spend my birthday eve!,offensive_language,0.058749107457062674,0.49577463155465235,0.44547626098828497
Enjoy @hauntofhan :),neither,0.03945320844208391,0.33037608806864915,0.630170703489267
back!,neither,0.03945320844208391,0.33037608806864915,0.630170703489267
Yay new stuuuuuff,neither,0.043697716434837254,0.22368356517679006,0.7326187183883727
Yesssss @GeekandSundry so excited for SO MANY CREATURES,neither,0.03526471340274685,0.36632806768031423,0.5984072189169388
Happy Birthday @Libwritberry,neither,0.03945320844208391,0.33037608806864915,0.630170703489267
those are awesome looking art,neither,0.09029615229127429,0.23211861100913875,0.6775852366995868
How many episodes are left?,neither,0.06217786115355473,0.29010098253874766,0.6477211563076976
"That's *SICK!* Foitin' robutts in D&D, yuusss!!",neither,0.03380167492419746,0.3923098979190571,0.5738884271567455
IHNIWYTA,neither,0.03945320844208391,0.33037608806864915,0.630170703489267
Happy birthday @Libwritberry,neither,0.03945320844208391,0.33037608806864915,0.630170703489267
WOOPS! Forgot about the time change!,neither,0.03600677508960914,0.3596997486740722,0.6042934762363188
Arcana is such a cool concept,neither,0.05115477518599514,0.32101136049955076,0.6278338643144542
Hello SuperPunks,neither,0.03945320844208391,0.33037608806864915,0.630170703489267
I can't wait. I got it as a PDF because being half digital seemed most on brand for it.,neither,0.03010237542008034,0.37291145144682986,0.5969861731330899
it's all choppy for me i so sad.,neither,0.025505747490608036,0.46440935548281187,0.5100848970265801
that book sounds fabulous!,neither,0.0362742241525155,0.3648414857814793,0.5988842900660053
@geekandsundry as it should be,neither,0.05360711017526856,0.45114872916761917,0.49524416065711224
Hey guys! first time live in chat,neither,0.03611455018907576,0.34771325518310714,0.616172194627817
Eric nerding out is always so cute <3,neither,0.04231790848098653,0.4056494943792925,0.5520325971397209
"I wanna put Psionics into my campaign somehow, and make 'em work *well!* ^w^",neither,0.03190037914852472,0.3571440496056525,0.6109555712458229
@DarkestArgentum Thank you soooo much <3,neither,0.05083537550498503,0.388628631050626,0.560535993444389
So how many episodes are left?,neither,0.06133182123875292,0.3292397826696264,0.6094283960916207
@shidareAKI we can play it together!,neither,0.03802691991475106,0.32865838589159885,0.63331469419365
@ataripinko welcome!,neither,0.03945320844208391,0.33037608806864915,0.630170703489267
"@CaptainTalon447 This season, 3",neither,0.03968020580028202,0.3265233504841296,0.6337964437155884
@MonteCookGames @shidareAKI game time?,neither,0.036831986904325216,0.29642753231080715,0.6667404807848678
@geekandsundry I’m in!,neither,0.03945320844208391,0.33037608806864915,0.630170703489267
cereberus85 subscribed at Tier 1. They've subscribed for 14 months!,neither,0.020463746737079205,0.31398483330232535,0.6655514199605954
"3 after tonight I think, last season was 12 episodes",neither,0.03801298306912904,0.3077792308909374,0.6542077860399337
Yes please!,neither,0.03945320844208391,0.33037608806864915,0.630170703489267
is Anika ok? O:,neither,0.054620055933255765,0.326598583035164,0.6187813610315802
Thanks!,neither,0.035884468650613,0.3004919205142699,0.6636236108351171
Matt Mercer is right AD&D psi sucks,neither,0.044027099306044065,0.34067601521859475,0.6152968854753613
Bekka and Ivan was the only episode done so far,neither,0.03735104988531395,0.33133649062844633,0.6313124594862398
Bacca and Ivan,neither,0.03763944115734239,0.1918412352459551,0.7705193235967025
"Been meaning to ask, what is the dice shop that has been sponsoring C6 as of late?",neither,0.046301358471780185,0.35721392017064924,0.5964847213575706
anyone got suggestions on how to cut down choppy video?,neither,0.04516634251635216,0.30359649027345603,0.6512371672101918
Yay Eric!,neither,0.03945320844208391,0.33037608806864915,0.630170703489267
Sam is Right,neither,0.048381212074813586,0.3492760858935829,0.6023427020316036
AGREED SAM,neither,0.03945320844208391,0.33037608806864915,0.630170703489267
oh!,neither,0.051363287716059566,0.22255663153133606,0.7260800807526044
#NiceTryCampbell,neither,0.03945320844208391,0.33037608806864915,0.630170703489267
#NiceTryCampbell,neither,0.03945320844208391,0.33037608806864915,0.630170703489267
I'm so excited for SavingThrow tomorrow,neither,0.03315614448254959,0.3424957997373847,0.6243480557800658
its my birthday tomorrow,neither,0.02325442528104394,0.4226939809417672,0.5540515937771889
,neither,0.03945320844208391,0.33037608806864915,0.630170703489267
I just started playing a 1 on 1 Cypher fantasy game in a Dark Sun style world,neither,0.035415057850474635,0.32614814889208116,0.6384367932574441
WOW,neither,0.03945320844208391,0.33037608806864915,0.630170703489267
"Also these guys are great, I wish I gamed with people this fun",neither,0.07074195924233878,0.3476428571299248,0.5816151836277363
omg yes!!,neither,0.03945320844208391,0.33037608806864915,0.630170703489267
@potterboi111 happy birthday!,neither,0.03945320844208391,0.33037608806864915,0.630170703489267
Tears No Gina,neither,0.038391190278684685,0.34840130794807905,0.6132075017732364
saving throws is a fun channel,neither,0.0453771363708246,0.3283385776086707,0.6262842860205047
@chaoticloony That sounds amazing!,neither,0.035346433208694863,0.3750897675579955,0.5895637992333097
YES,neither,0.03945320844208391,0.33037608806864915,0.630170703489267
"Don't eat dogs for any meal, let alone breakfast",neither,0.026572949920420252,0.33064586966675646,0.6427811804128232
"I will try to get to as much of the STS marathon as I can, but I'm working a lot tomorrow...",neither,0.04026489953735294,0.3496957752375358,0.6100393252251114
"It's awkward to see an abridged cast for this episode, but quite nice to have an Aliza back with us!",neither,0.04954870501200904,0.33191548244848584,0.6185358125395051
did they explain where hector and amy are?,neither,0.05953114931157381,0.24228413972074198,0.6981847109676842
Any announcements about G&S presence at PAX East in a couple of weeks?,neither,0.03788867672867401,0.36378865104897246,0.5983226722223536
@ZachsMind Cons,neither,0.03945320844208391,0.33037608806864915,0.630170703489267
No Hector tonight?,neither,0.034371884048130595,0.31976286954468675,0.6458652464071827
@ZachsMind ECCC,neither,0.03945320844208391,0.33037608806864915,0.630170703489267
"@ZachsMind SXSW and ECCC, respectively",neither,0.03763944115734239,0.1918412352459551,0.7705193235967025
Any of the Mod know if We'er Alive will transfer to Geek & Sundry from Project Alpha?,neither,0.033725999074133275,0.3280578553121748,0.6382161456136918
"@ZachsMind Hector is in NYC, Amy in Seattle for ECCC",neither,0.040354984546990415,0.30756344687048137,0.6520815685825282
"@MonteCookGames It is, the GM is as good as Mercer except with voices",neither,0.037121950629625304,0.38007206742181326,0.5828059819485615
"@ZachsMind By which I mean they're at ECC, not that they're in jail.",neither,0.06035835091873257,0.3679322663109802,0.5717093827702873
They are atcons,neither,0.11748381152333764,0.22608295668333075,0.6564332317933317
@burningheat857 they just announced WonderCon stuff,neither,0.035303152216492,0.34988819803932664,0.6148086497441813
,neither,0.03945320844208391,0.33037608806864915,0.630170703489267
Breakfast Pug = Take mah moneh!! <3,neither,0.03945320844208391,0.33037608806864915,0.630170703489267
"Also, Hello the #BestStreamCleric and all their #Akilytes",neither,0.039146449781631974,0.3379999618154723,0.6228535884028956
