text,top_class,hate_speech,offensive_language,neither
Hey,neither,0.03945320844208391,0.33037608806864915,0.630170703489267
yay,neither,0.03945320844208391,0.33037608806864915,0.630170703489267
Hi,neither,0.03945320844208391,0.33037608806864915,0.630170703489267
jcvimHi all,offensive_language,0.046917543854519406,0.6277741405869331,0.3253083155585475
BibleThump,neither,0.03945320844208391,0.33037608806864915,0.630170703489267
ty,neither,0.03945320844208391,0.33037608806864915,0.630170703489267
MrDestructoid,neither,0.03945320844208391,0.33037608806864915,0.630170703489267
nice mood music,neither,0.03945320844208391,0.33037608806864915,0.630170703489267
HeyGuys HeyGuys w4stedBoy,neither,0.03945320844208391,0.33037608806864915,0.630170703489267
gandsHype gandsHype gandsGameEngine gandsGameEngine gandsClassic gandsClassic,neither,0.03945320844208391,0.33037608806864915,0.630170703489267
yay,neither,0.03945320844208391,0.33037608806864915,0.630170703489267
carbide_sv subscribed with Twitch Prime.,neither,0.030186173588972614,0.3621416721941929,0.6076721542168345
#WhoIsThe4thHost,neither,0.03945320844208391,0.33037608806864915,0.630170703489267
shishHI shishHI shishHI shishHI shishHI,neither,0.03945320844208391,0.33037608806864915,0.630170703489267
gandsGameEngine gandsHype gandsGameEngine,neither,0.03945320844208391,0.33037608806864915,0.630170703489267
JESSSS,neither,0.03945320844208391,0.33037608806864915,0.630170703489267
Jessica!,neither,0.03945320844208391,0.33037608806864915,0.630170703489267
jcvimHi jcvimHi jcvimHi,neither,0.03945320844208391,0.33037608806864915,0.630170703489267
YAYYYYYYYYYYYYYYY,neither,0.03945320844208391,0.33037608806864915,0.630170703489267
Just like ol times on X Play :),neither,0.04155316022587023,0.3783864866545836,0.5800603531195461
"AH. Yeah, that makes sense!",neither,0.023241458990112113,0.4555019608002021,0.5212565802096858
dualatomicc subscribed at Tier 1.,neither,0.03853807016957085,0.358210604756348,0.6032513250740811
HumbleLife,neither,0.03945320844208391,0.33037608806864915,0.630170703489267
"Gkgamerfan subscribed at Tier 1. They've subscribed for 18 months, currently on a 18 month streak! gandsGameEngine shishHI gandsGameEngine",neither,0.024881893315990243,0.3246654986016505,0.6504526080823593
"ryan_witalison subscribed at Tier 1. They've subscribed for 39 months, currently on a 39 month streak! Game Engine time",neither,0.026452771982602867,0.317809821667926,0.6557374063494711
"Paladin356 subscribed at Tier 1. They've subscribed for 49 months, currently on a 49 month streak! Crazy to think that Ive almost been a subscriber for 50 years! HOLY CRAP!",neither,0.02500389775245708,0.36253199885940735,0.6124641033881356
Does Bizarre States still exist in any form?,neither,0.030414955131023852,0.4172172923358355,0.5523677525331406
was Erika turned into a water bottle?,neither,0.03935154114388102,0.3321016474496572,0.6285468114064616
classic Erika,neither,0.03945320844208391,0.33037608806864915,0.630170703489267
"Welcome to Game Engine, where Jess Chobot takes 8 months to finish a game cause she only gets to play one hour a week.",neither,0.04725803964921635,0.334526914890204,0.6182150454605798
yeah it's hand motion controls Kappa,neither,0.028384034047386892,0.39982875757696507,0.5717872083756481
"I believe Erika is out of town, at GDC",neither,0.04175739034009712,0.3677062598485387,0.590536349811364
@Paladin356 it must have been hard watching on DARPANet.,offensive_language,0.028713922368461098,0.5307381955946274,0.44054788203691153
i am only wearing black boots ;P,neither,0.05747345475935806,0.3152161518885169,0.627310393352125
yay Denise,neither,0.03945320844208391,0.33037608806864915,0.630170703489267
gandsHype gandsHype gandsHype gandsHype gandsHype,neither,0.03945320844208391,0.33037608806864915,0.630170703489267
"I am indeed wearing Black Boots, still a foot of snow to walk through around here",neither,0.0790643279348015,0.3065878552215259,0.6143478168436727
mongo,neither,0.03945320844208391,0.33037608806864915,0.630170703489267
HexBlit subscribed at Tier 1. They've subscribed for 6 months!,neither,0.018730042386447116,0.3124437755681934,0.6688261820453595
black boot society,neither,0.05817842449657623,0.31479412071263363,0.6270274547907901
thuluHEY gandsClassic,neither,0.03945320844208391,0.33037608806864915,0.630170703489267
PJSalt,neither,0.03945320844208391,0.33037608806864915,0.630170703489267
HI 5,neither,0.03945320844208391,0.33037608806864915,0.630170703489267
we have game and mic sound,neither,0.03781856877328462,0.27288601074134466,0.6892954204853706
!whodat,neither,0.03945320844208391,0.33037608806864915,0.630170703489267
"Trisha Hershberger ( twitter.com/thatgrltrish ), Khail Anonymous ( twitter.com/khailanonymous ), Denise Pantoja ( twitter.com/denisepantoja ), Jessica Chobot ( twitter.com/JessicaChobot ).",neither,0.03867269087931785,0.46820699116180664,0.4931203179588754
"Wow, quick show :P",neither,0.056832829803537536,0.247013506813164,0.6961536633832985
this is bedlam,neither,0.06444388513749441,0.32581973129223984,0.6097363835702658
DrinkPurple,neither,0.03945320844208391,0.33037608806864915,0.630170703489267
no,neither,0.036918905254960256,0.37338982715841207,0.5896912675866277
gandsGameEngine hey trisha and jessica gandsGameEngine Khalil gandsGameEngine Denise,neither,0.038635257977822975,0.2888260104894574,0.6725387315327197
Hello. Also No.,neither,0.03854081542849209,0.3458617786653231,0.615597405906185
"pro tip, remember to abandon your friends and rely on yourself",neither,0.05992051230124749,0.305467702703984,0.6346117849947686
!whodat,neither,0.03945320844208391,0.33037608806864915,0.630170703489267
"Trisha Hershberger ( twitter.com/thatgrltrish ), Khail Anonymous ( twitter.com/khailanonymous ), Denise Pantoja ( twitter.com/denisepantoja ), Jessica Chobot ( twitter.com/JessicaChobot ).",neither,0.03867269087931785,0.46820699116180664,0.4931203179588754
@x_beloo -> Only those that we deem worthy shall possess the power of the Hyperlink [warning],neither,0.048140585852785724,0.2990817588418225,0.6527776553053918
i complete the town hall worth it. also i kinda had a job for season. summer and fall was farming. winter and spring was minning,neither,0.03550295776786079,0.2804080295869551,0.6840890126451842
to a scorpion a lobster is a mermaid,neither,0.050720651960360796,0.32532477962532474,0.6239545684143144
What is a Saddies Hawkens dance?,neither,0.05996579570658192,0.3206379163086267,0.6193962879847914
