text,top_class,hate_speech,offensive_language,neither
Part 2 hype,neither,0.03945320844208391,0.33037608806864915,0.630170703489267
Let’s do this!!!!!!,neither,0.0195438059392097,0.382678239993645,0.5977779540671454
Yeah yeah hey y’all it’s Tommy!! (Veros),offensive_language,0.019229167829626494,0.520575399013329,0.46019543315704453
Good Evening @dennisjm3,neither,0.03869882722860525,0.3306355543605695,0.6306656184108252
All right relinquents! DAW here. Let's get this party started!,neither,0.05493054929038594,0.4122737992608477,0.5327956514487664
PopCorn,neither,0.03945320844208391,0.33037608806864915,0.630170703489267
"Hello @dennisjm3 , @tommywalker24 and @debbers500",neither,0.03840264189818727,0.2749437060729204,0.6866536520288923
<3,neither,0.03945320844208391,0.33037608806864915,0.630170703489267
@tommywalker24 @dennisjm3 yay! Hi friends!,neither,0.03945320844208391,0.33037608806864915,0.630170703489267
Good Evening @debbers500 thanks for joining us,neither,0.057145048873898846,0.2943298721804321,0.648525078945669
Punny_puck subscribed at Tier 1. They've subscribed for 43 months!,neither,0.020979406489747283,0.31444563234090006,0.6645749611693528
Good evening @postdataest ;),neither,0.03869882722860525,0.3306355543605695,0.6306656184108252
ramaDance ramaDance ramaDance ramaDance R&R,neither,0.03945320844208391,0.33037608806864915,0.630170703489267
Is everyone ready?,neither,0.041262036450053476,0.4450965041340042,0.5136414594159423
secretkittehs subscribed at Tier 1. They've subscribed for 15 months!,neither,0.020219732405937437,0.3137670703181373,0.6660131972759252
DAW! What up Captain @debbers500,neither,0.04272653005861948,0.3904499630131288,0.5668235069282517
Hi @debbers500 @dennisjm3 @tommywalker24 Glad you all could join us,neither,0.0929247911588277,0.4200935887671841,0.48698162007398815
Hi @debbers500 xoxo,neither,0.03945320844208391,0.33037608806864915,0.630170703489267
@debbers500 jcvimHi,neither,0.03945320844208391,0.33037608806864915,0.630170703489267
getting the crew together hello @debbers500 @dennisjm3 @tommywalker24 Thank you for doing this.,neither,0.040716838297231384,0.37772417009974313,0.5815589916030255
Hi @debbers500 welcome back!,neither,0.03945320844208391,0.33037608806864915,0.630170703489267
@ronin903468 you know it!,neither,0.07884298436105816,0.44799117162642127,0.47316584401252054
oh shit @tommywalker24 here too,offensive_language,0.12105844714529439,0.8786678477375683,0.0002737051171371548
I really wish this was in 2 hour blocks,neither,0.03929207633318501,0.333110920477958,0.627597003188857
hey guys,neither,0.03929207127355727,0.33311100635304525,0.6275969223733975
Hi @AtariPinko,neither,0.03945320844208391,0.33037608806864915,0.630170703489267
@critternation3000 yupperss!!!,neither,0.03945320844208391,0.33037608806864915,0.630170703489267
Who's ready for the Veros Hour?,neither,0.033063369797608516,0.34326409620365933,0.623672533998732
Critical Role and Talks Machina moved to Critical Role's Twitch channel on 02/19/19. For more information please see this link: https://critrole.com/critical-role-talks-machina-broadcast-updates/. All previously aired content will continue to be available in the Geek & Sundry Twitch library and on YouTube. Both shows will continue to be hosted here on Geek & Sundry's Twitch when those episodes are streamed live.,neither,0.05428901989152002,0.2988094175756187,0.6469015625328612
Veros Power Hour!,neither,0.03945320844208391,0.33037608806864915,0.630170703489267
PopCorn,neither,0.03945320844208391,0.33037608806864915,0.630170703489267
TypeOWolf subscribed at Tier 1. They've subscribed for 39 months!,neither,0.02109000908695625,0.3145445573895783,0.6643654335234654
veros is a legend,neither,0.05100937113646074,0.3264013938032497,0.6225892350602895
haha! @Lei_Hng_Wei this episode is also a lot of Annabella. You'll be thrilled to have @dennisjm3 here in chat,neither,0.08439711984169967,0.3749487222946143,0.540654157863686
"RELICS AND RARITIES: 7-8:pm, Set in a mysterious curio shop, creator Deborah Ann Woll brings a unique twist to the world of Dungeons & Dragons with gripping storytelling and arcane objects.",neither,0.036315314340552234,0.3057177684534644,0.6579669172059834
here we go!,neither,0.13156755280784707,0.2765461283225309,0.5918863188696221
"LukaNM subscribed at Tier 1. They've subscribed for 13 months, currently on a 13 month streak!",neither,0.024967373727776992,0.3246958822128239,0.6503367440593991
critrolePyramid critrolePyramid critrolePyramid,neither,0.03945320844208391,0.33037608806864915,0.630170703489267
I miss the cast and the show BibleThump,neither,0.04248251280059583,0.21587072229170418,0.7416467649077001
Previously on Relics & Raraties...,neither,0.02983740057173753,0.3797445071048369,0.5904180923234256
I LOVE OUR OPENING SO MUCH!!!! Hellloooo chat!,neither,0.03422920876581326,0.3773923937366073,0.5883783974975794
We have a subscriber-only Discord server! Join here: https://discord.gg/geekandsundry (you'll need to sub and link it to your Twitch) and be a part of the fun!...Warning: It can take up to an hour for the server to update and give you access to the channels,neither,0.08464076273808444,0.286394834032893,0.6289644032290227
letssss gooo,neither,0.03945320844208391,0.33037608806864915,0.630170703489267
I really hope both Charlie Cox and Simone Missick become regular d&d players after this show.,neither,0.02146828466140887,0.05353200241671726,0.9249997129218739
"Yay more Annabella. This show is great, well done you guys",neither,0.06556432998215857,0.29376242100185035,0.6406732490159911
Hi @denisepantoja !! miss you!,neither,0.04930377719070206,0.3951400405679693,0.5555561822413285
@denisepantoja hi!,neither,0.03945320844208391,0.33037608806864915,0.630170703489267
they never get a shout out but that opening graphics were awesome who ever did it,neither,0.030270430985932687,0.4228050016222854,0.546924567391782
katesWave,neither,0.03945320844208391,0.33037608806864915,0.630170703489267
@debbers500 I MISS YOU TOO 😭,neither,0.05126799206431542,0.4182014199255648,0.5305305880101198
Good evening all!,neither,0.0407757687943942,0.4132731801052576,0.545951051100348
"Hiya, @denisepantoja !",neither,0.03945320844208391,0.33037608806864915,0.630170703489267
@denisepantoja hiiiiii!!!,neither,0.03945320844208391,0.33037608806864915,0.630170703489267
Hi @ghosthack159,neither,0.03945320844208391,0.33037608806864915,0.630170703489267
hey everybody did i miss much?,neither,0.03031935943611915,0.33351763757995,0.6361630029839309
Just started,neither,0.032803472495977,0.36242220823605287,0.6047743192679701
"Help G&S make great content! $4.99/month gets you emotes, Minecraft server access, sub-only VODs, and more! Every sub keeps the channel alive! twitch.tv/geekandsundry/subscribe",neither,0.043907990691603095,0.31135964332838284,0.644732365980014
Hi @Myladyfarangis Just started,neither,0.03449972509433435,0.35384959280910877,0.6116506820965569
AH! my home-brew monster!,neither,0.03127579563203757,0.3919200461979938,0.5768041581699686
loving this show Deborah is a great DM,neither,0.05797162937315183,0.24747779238291076,0.6945505782439374
@critternation3000 I totally tweeted about them! Steven Gong was in house graphics and Jason Charles Miller did the opening music! :),neither,0.04377696773528372,0.3146014075132738,0.6416216247514424
Squid2 Squid2 Squid4,neither,0.03945320844208391,0.33037608806864915,0.630170703489267
@denisepantoja hey GURRLLlL,neither,0.03945320844208391,0.33037608806864915,0.630170703489267
We have most of the cast here with us tonight! gandsLessthanthree,neither,0.08703416311392324,0.3060442791688395,0.6069215577172373
@chainsawgothic SUP?!,neither,0.03945320844208391,0.33037608806864915,0.630170703489267
@chainsawgothic hahahaha,neither,0.03945320844208391,0.33037608806864915,0.630170703489267
LUL,neither,0.03945320844208391,0.33037608806864915,0.630170703489267
gandsRage gandsRage gandsRage,neither,0.03945320844208391,0.33037608806864915,0.630170703489267
Squid2 Squid2 Squid4,neither,0.03945320844208391,0.33037608806864915,0.630170703489267
@tommywalker24 hiyyeeee!!,neither,0.03945320844208391,0.33037608806864915,0.630170703489267
pennyWhat Squid2 Squid4,neither,0.03945320844208391,0.33037608806864915,0.630170703489267
@denisepantoja ... /bow,neither,0.03945320844208391,0.33037608806864915,0.630170703489267
@tommywalker24 :),neither,0.03945320844208391,0.33037608806864915,0.630170703489267
brandonundead subscribed with Twitch Prime.,neither,0.030186173588972614,0.3621416721941929,0.6076721542168345
Uchihakite subscribed with Twitch Prime.,neither,0.030186173588972614,0.3621416721941929,0.6076721542168345
@dennisjm3 hollering ditties again,neither,0.03756832131924934,0.36236754170655366,0.6000641369741969
Love it,neither,0.030831260484157012,0.3601344986151421,0.609034240900701
That was hilarious,neither,0.03460885578398839,0.38418014132155204,0.5812110028944595
@dennisjm3 I'm laughing all over again!,neither,0.035987747146443934,0.44395101863402026,0.5200612342195358
@denisepantoja piboHug they killed it,neither,0.037450708129165296,0.3310648397521203,0.6314844521187145
@dennisjm3 GURL!! GURRLLLL,neither,0.03945320844208391,0.33037608806864915,0.630170703489267
I so love the whole cast and crew!,neither,0.03602193823204994,0.3300328259949,0.6339452357730501
@critternation3000 LOVE IT SO MUCH,neither,0.029061835378141367,0.41515850448966984,0.5557796601321887
got here late is this airing now,neither,0.08403789364773125,0.3332990799759527,0.5826630263763162
@chaoticloony we love you back!!!,neither,0.060354237423707366,0.4322245791475193,0.5074211834287733
@chaoticloony we love y’all toooo,neither,0.0381043247337004,0.41772968070962646,0.544165994556673
Turning their arms into... that would be tentaCOOL.,neither,0.036294708760676406,0.3616262536489528,0.6020790375903707
The Angler is a great ship name,neither,0.04409514980737588,0.2934655424395695,0.6624393077530547
!points @ChainsawGothic,neither,0.03945320844208391,0.33037608806864915,0.630170703489267
@debbers500 that was the cutest exchange,neither,0.03556845221056427,0.35253184498283324,0.6118997028066024
"That was an excellent pun, @ChainsawGothic! Here, have some points for that one! You have been awarded 68 points!",neither,0.050805666259642904,0.3851811885541635,0.5640131451861937
... /bow,neither,0.03945320844208391,0.33037608806864915,0.630170703489267
28 from 48!,neither,0.04042374769943318,0.3139035039658076,0.6456727483347593
How many tickles does it take to make an octopus laugh?,neither,0.03154332495267209,0.4276822119003403,0.5407744631469876
Ten tickles,neither,0.03945320844208391,0.33037608806864915,0.630170703489267
@debbers500 hahaha,neither,0.03945320844208391,0.33037608806864915,0.630170703489267
@debbers500 @dennisjm3 is so soothing whether she curses or lifts you up!! 😂,offensive_language,0.06613051185477078,0.5845149348330811,0.349354553312148
!points @debbers500,neither,0.03945320844208391,0.33037608806864915,0.630170703489267
"That was an excellent pun, @debbers500! Here, have some points for that one! You have been awarded 52 points!",neither,0.05007717625884537,0.38217957336812336,0.5677432503730313
Bahahah,neither,0.03945320844208391,0.33037608806864915,0.630170703489267
@dennisjm3 piboOMG all the stars in chat tonight,neither,0.037476287169004675,0.35053697586394894,0.6119867369670464
@chaoticloony love ya too!,offensive_language,0.0199507922353687,0.6645696787044145,0.3154795290602168
the best joke,neither,0.03740706446998095,0.30258363069186256,0.6600093048381566
https://clips.twitch.tv/HedonisticOilyTurtleBleedPurple,neither,0.03945320844208391,0.33037608806864915,0.630170703489267
@debbers500 hehehe,neither,0.03945320844208391,0.33037608806864915,0.630170703489267
@debbers500 Bye Now!,neither,0.03945320844208391,0.33037608806864915,0.630170703489267
I think only squid need ten tickles,neither,0.039729608245509654,0.3220018541975572,0.638268537556933
Thanks for the clip @JeffM0307 perfect!,neither,0.03265105834144491,0.2829880305502986,0.6843609111082566
ndabug subscribed with Twitch Prime. They've subscribed for 10 months!,neither,0.01797585316727558,0.3231136230633543,0.6589105237693702
This is a job for... Mage Hand! pennyDark pennyDark pennyDark,neither,0.040915264715242046,0.298264412759183,0.660820322525575
Yes Irishman,neither,0.03945320844208391,0.33037608806864915,0.630170703489267
Charlie's first big idea!,neither,0.002351579269120605,0.03496643200201922,0.9626819887288602
,neither,0.03945320844208391,0.33037608806864915,0.630170703489267
Haha,neither,0.03186685585600258,0.45913629025701075,0.5089968538869867
on the show,neither,0.05895563148424183,0.20158499952579031,0.7394593689899679
"Oh yeah, 3rd hand.",neither,0.028428819821503564,0.38864838710720045,0.5829227930712959
"Found this show awhile back and LOVE IT! Awesome job all who were involved! And of course especially to the DM for the look into your wonderful mind! Hopefully more episodes in the future. Always a great time when people can come together for storytelling, adventure, and of course trinkets!!!",neither,0.050737131349331326,0.30576746667804217,0.6434954019726266
@debbers500 he’s in it!,neither,0.04756266997920296,0.32758687238178896,0.6248504576390081
