text,top_class,hate_speech,offensive_language,neither
"TBD RPG, get your baskets out it's time to Weave piboRant",neither,0.0699312049892717,0.36223537936763844,0.5678334156430899
gandsHype gandsHype gandsHype,neither,0.03945320844208391,0.33037608806864915,0.630170703489267
!clock,neither,0.03945320844208391,0.33037608806864915,0.630170703489267
It is currently Wednesday 8:27 PM at the Geek & Sundry studio in California.,neither,0.05120539215046886,0.32963449615509355,0.6191601116944376
"TBD RPG 8:30-10:30pm Pacific time , Hosts jump into one of the many fantastical worlds of the Weave RPG.",neither,0.037572354119782304,0.3394165532526808,0.623011092627537
Weave been waiting all day for this,neither,0.03541037359616559,0.3526371135195921,0.6119525128842424
!points @Critternation3000,neither,0.03945320844208391,0.33037608806864915,0.630170703489267
"That was an excellent pun, @Critternation3000! Here, have some points for that one! You have been awarded 56 points!",neither,0.05003766897837674,0.38201493930407926,0.5679473917175439
still can't believe 7.5 million,neither,0.03882245584777024,0.3410816057272494,0.6200959384249803
!points @darkofnate,neither,0.03945320844208391,0.33037608806864915,0.630170703489267
Hey @babykangaD,neither,0.03945320844208391,0.33037608806864915,0.630170703489267
didnt they already do cherry blossom?,neither,0.0397373711668613,0.34505944324127075,0.615203185591868
Wondering when the first underwater basket Weaving show is going to be :),neither,0.04468723429774727,0.319584931223641,0.6357278344786118
is this a replay?,neither,0.0484976811701294,0.3289671781834557,0.6225351406464149
Hi @babykangaD,neither,0.03945320844208391,0.33037608806864915,0.630170703489267
hi @jeffm0307,neither,0.03945320844208391,0.33037608806864915,0.630170703489267
good evening @babykangaD,neither,0.03869882722860525,0.3306355543605695,0.6306656184108252
new gm i think right?,neither,0.04263569213919317,0.25072088507239854,0.7066434227884083
!point @darkofnate,neither,0.03945320844208391,0.33037608806864915,0.630170703489267
They have A's in interstellar basketweaving,neither,0.03844442048570137,0.3474978524152354,0.6140577270990631
!points @darkofnate,neither,0.03945320844208391,0.33037608806864915,0.630170703489267
"That was an excellent pun, @darkofnate! Here, have some points for that one! You have been awarded 97 points!",neither,0.049980789310414435,0.3817775744187309,0.5682416362708548
for cherry blossom anyways,neither,0.03374403434980471,0.3018628121558928,0.6643931534943025
hi @chaoticloony,neither,0.03945320844208391,0.33037608806864915,0.630170703489267
hehe true that @Floreli_,neither,0.03577540148054571,0.3703419202755285,0.5938826782439257
They haven't done Cherry Blossoms for a while,neither,0.0342346932784673,0.31675000297059175,0.6490153037509409
hey @chaoticloony good cheers to you,neither,0.06425668727386566,0.3726122141801047,0.5631310985460296
@babykangaD stsHello havent seen u around in awile,neither,0.03945320844208391,0.33037608806864915,0.630170703489267
Hi @BlackLionoftheStars,neither,0.03945320844208391,0.33037608806864915,0.630170703489267
YAY,neither,0.03945320844208391,0.33037608806864915,0.630170703489267
Gina has an awesome shirt!,neither,0.040134206082645014,0.31881778084610835,0.6410480130712467
@oK_Atom It will be the first one without Lauren GMing,neither,0.03296086076616943,0.3282747047301253,0.6387644345037053
What's the premise of TBD RPG?,neither,0.04970573789856548,0.29029869832725946,0.659995563774175
Hi Kate!,neither,0.03945320844208391,0.33037608806864915,0.630170703489267
CHERRY BLOSSOM!!!!,neither,0.03945320844208391,0.33037608806864915,0.630170703489267
gandsClassic gandsHappy gandsFacepalm gandsTwenty,neither,0.03945320844208391,0.33037608806864915,0.630170703489267
"stsHello Gina, Amy, Whitney, Becca & Stef",neither,0.03945320844208391,0.33037608806864915,0.630170703489267
"Oh, no that's stef!",neither,0.03991214815718678,0.3406988685915034,0.6193889832513098
holy shiz Beck!,neither,0.03945320844208391,0.33037608806864915,0.630170703489267
ramaDance ramaDance ramaDance ramaDance ramaDance,neither,0.03945320844208391,0.33037608806864915,0.630170703489267
lol Becca's hair,neither,0.02779834329208108,0.41926072089737565,0.5529409358105433
OMG THAT BECCA HAIR,neither,0.034675916673113226,0.38254189747725426,0.5827821858496325
"Hi Amy, Whitney, Gina, Becca and Stef!",neither,0.03882788631130355,0.299422105481188,0.6617500082075084
Love the shirt,neither,0.034557700561271866,0.3264798306674017,0.6389624687713265
4!,neither,0.03945320844208391,0.33037608806864915,0.630170703489267
oh,neither,0.051363287716059566,0.22255663153133606,0.7260800807526044
darkofnate ive seen the majesty of Gina's shirt in person,neither,0.038850194086761554,0.3194327438875361,0.6417170620257023
Whitney's back,neither,0.03945320844208391,0.33037608806864915,0.630170703489267
Trees,neither,0.03945320844208391,0.33037608806864915,0.630170703489267
pig knuckles,neither,0.03945320844208391,0.33037608806864915,0.630170703489267
"Oh, I meant his shirt, but Gina's is nice too",neither,0.06974224054802913,0.30173385263050967,0.6285239068214613
Heheh,neither,0.03945320844208391,0.33037608806864915,0.630170703489267
Becca invented dice,neither,0.03945320844208391,0.33037608806864915,0.630170703489267
whitney's a good guesser,neither,0.03872947641674942,0.3306250126993298,0.6306455108839208
"Help G&S make great content! $4.99/month gets you emotes, Minecraft server access, sub-only VODs, and more! Every sub keeps the channel alive! twitch.tv/geekandsundry/subscribe",neither,0.043907990691603095,0.31135964332838284,0.644732365980014
jcvimGasp,neither,0.03945320844208391,0.33037608806864915,0.630170703489267
Rolling the bones,neither,0.03861045018973003,0.3149836190296474,0.6464059307806227
I always thought they were invented by Sir Philip Dice. Serves me right for believing that place mat...,neither,0.03412554084915347,0.3266350654461873,0.6392393937046591
AH Umbrella Academy! *hides from Rumor*,neither,0.040137600693377885,0.3187601654427434,0.6411022338638788
"Don't BREAK them, you know better!",neither,0.08061165409378054,0.3724745193226869,0.5469138265835326
We need a close up shot!,neither,0.03662395549087122,0.3816139074842247,0.581762137024904
is Philip Dice related to Time Apple?,neither,0.05039260567460459,0.339802946577469,0.6098044477479264
"Oh my God, I need those",neither,0.05618286903791986,0.2898579628544349,0.6539591681076451
Obviously,neither,0.03945320844208391,0.33037608806864915,0.630170703489267
Tim even,neither,0.038330169725352636,0.34943698598907796,0.6122328442855695
!points Gina,neither,0.03945320844208391,0.33037608806864915,0.630170703489267
"That was an excellent pun, Gina! Here, have some points for that one! You have been awarded 40 points!",neither,0.05030544106512842,0.38312704900781636,0.5665675099270553
Those just sound cool!,neither,0.06019861960275285,0.2760936571653845,0.6637077232318627
blondi3HYPE blondi3HYPE blondi3HYPE blondi3HYPE,neither,0.03945320844208391,0.33037608806864915,0.630170703489267
wow nice dice :),neither,0.03945320844208391,0.33037608806864915,0.630170703489267
wow the entertainment factor.........................,neither,0.03877039542854527,0.31795882342685033,0.6432707811446043
Hehheheheh,neither,0.03945320844208391,0.33037608806864915,0.630170703489267
We need links in chat ;),neither,0.039164747281973764,0.3313365690470089,0.6294986836710172
"""To Be Determined Friendship"" Necklaces? Nice.",neither,0.04506546915668553,0.33022590785879025,0.6247086229845242
pin_player subscribed with Twitch Prime.,neither,0.030186173588972614,0.3621416721941929,0.6076721542168345
"Those are some fancy, spendy dice.",neither,0.07674409344619137,0.24405993954198682,0.6791959670118217
Those are $100 dice sets! WEW,neither,0.0844204978344059,0.240584018093087,0.6749954840725071
ramaO ramaO i was soo distracted by becca hair i didn't know how piboFab gina's hair is tonight,neither,0.03376949072990259,0.3639942942836039,0.6022362149864935
did...that text bubble just shake,neither,0.029864452892976658,0.4395898883575736,0.5305456587494497
The Japanese sign behind Stef is rotating,neither,0.0457171773725393,0.31392031599463804,0.6403625066328227
is this live,neither,0.06264826366348325,0.3248039992423424,0.6125477370941744
Maybe falling?,neither,0.03945320844208391,0.33037608806864915,0.630170703489267
!whodat,neither,0.03945320844208391,0.33037608806864915,0.630170703489267
"Gina DeVivo ( twitter.com/pocketgina ) as the Story Teller, with Amy Dallen ( twitter.com/enthusiamy ), Stef Woodburn ( twitter.com/StefWoodburn ), Becca Scott ( twitter.com/thebeccascott ), and Whitney Moore ( twitter.com/TweetneyMoore ).",neither,0.03510077889429535,0.4640498374380524,0.5008493836676523
@LordGreatwolf Yes,neither,0.03945320844208391,0.33037608806864915,0.630170703489267
@LordGreatwolf Yes,neither,0.03945320844208391,0.33037608806864915,0.630170703489267
https://clips.twitch.tv/AbstruseFancyPepperoniPeanutButterJellyTime,neither,0.03945320844208391,0.33037608806864915,0.630170703489267
FBCatch FBCatch FBCatch FBCatch FBCatch,neither,0.03945320844208391,0.33037608806864915,0.630170703489267
that was $500 worth of dice they were just given damn lol,offensive_language,0.03371056956885706,0.6581555629649867,0.3081338674661562
"The dialogue bubble stayed motionless, it's the room that's rotating",neither,0.03434032299743974,0.338003221345961,0.6276564556565992
love ginas new hair color also nilaLove nilaLove nilaLove nilaLove,neither,0.04124782898913129,0.26152283352153854,0.6972293374893302
middle schoolers versus Ginormous Monsters and Fierce Mecha antagonists -- bring it on!! :D,neither,0.03604320764101105,0.3121501312823687,0.6518066610766203
@chaoticloony @jeffm0307 tnx gbenCheers,neither,0.03945320844208391,0.33037608806864915,0.630170703489267
!points @Gryphon_oFH,neither,0.03945320844208391,0.33037608806864915,0.630170703489267
"That was an excellent pun, @Gryphon_oFH! Here, have some points for that one! You have been awarded 62 points!",neither,0.05003766897837674,0.38201493930407926,0.5679473917175439
haHAA haHAA haHAA haHAA haHAA haHAA,neither,0.03945320844208391,0.33037608806864915,0.630170703489267
myreetHoliMuyayos myreetHoliMuyayos myreetHoliMuyayos,neither,0.03945320844208391,0.33037608806864915,0.630170703489267
:),neither,0.03945320844208391,0.33037608806864915,0.630170703489267
haHAA,neither,0.03945320844208391,0.33037608806864915,0.630170703489267
@chaoticloony always appreciated heheheh,neither,0.03751644936554431,0.3907177864313819,0.5717657642030739
!respect,neither,0.03945320844208391,0.33037608806864915,0.630170703489267
"If you would like to share opinions on our hosts, guests or fellow viewers, please do so in a respectful manner. Don't make them feel uncomfortable.",neither,0.04843323757214918,0.39559142321184637,0.5559753392160044
what is this??,neither,0.07282678549990032,0.31792604547631814,0.6092471690237815
CorgiDerp,neither,0.03945320844208391,0.33037608806864915,0.630170703489267
!wtfisthis,neither,0.03945320844208391,0.33037608806864915,0.630170703489267
"Allow Geek & Sundry to take you by the hand and guide you from game to game in our new programming block, TBD RPG! This show is the space to see every possible sort of Role Playing Game, and the cast is currently playing the Weave RPG!",neither,0.06556019375782646,0.233311417536628,0.7011283887055455
She has shy down,neither,0.04334775453190499,0.12725348978272386,0.829398755685371
the voice shes doing omg,neither,0.03868984885452025,0.3164641376097057,0.6448460135357741
Critical Role and Talks Machina moved to Critical Role's Twitch channel on 02/19/19. For more information please see this link: https://critrole.com/critical-role-talks-machina-broadcast-updates/. All previously aired content will continue to be available in the Geek & Sundry Twitch library and on YouTube. Both shows will continue to be hosted here on Geek & Sundry's Twitch when those episodes are streamed live.,neither,0.05428901989152002,0.2988094175756187,0.6469015625328612
that's a good hairstyle for an anime prince.,neither,0.033120291521074895,0.33391497758848643,0.6329647308904387
why does she remind me of with that personality?,offensive_language,0.014554081382271666,0.5494575032445406,0.43598841537318783
true,neither,0.03945320844208391,0.33037608806864915,0.630170703489267
😏,neither,0.03945320844208391,0.33037608806864915,0.630170703489267
Hello /,neither,0.03945320844208391,0.33037608806864915,0.630170703489267
Stef is in charge. We are all safe.,neither,0.07650950755397075,0.35021887459700607,0.573271617849023
Jack Harkness,neither,0.03945320844208391,0.33037608806864915,0.630170703489267
ohh lah lah,neither,0.03945320844208391,0.33037608806864915,0.630170703489267
"It's Captain Brannigan from ""Futurama""",neither,0.03897669874021966,0.30864060769064094,0.6523826935691395
