text,top_class,hate_speech,offensive_language,neither
"Thanks for watching, everyone! We're sorry. Stay tuned for Painter's Guild, starting any second now!",neither,0.03713989284325696,0.33459660983988276,0.6282634973168602
Good Lord Xander is somethin' else,neither,0.04593511552129631,0.32814666299235334,0.6259182214863503
And snack cakes!,neither,0.03872042659182083,0.2935947749516954,0.6676847984564838
"@jakegbennett @DarylDaCritter I mean... you say ""Don't come back and scare us."" ...You really should have expected that.",neither,0.0980747338736168,0.4273797229067052,0.4745455432196781
You guys thank you so much! We love you all and will see you next week/ :) <3,offensive_language,0.08821123304999026,0.5407246471324513,0.3710641198175585
"Thanks so much for watching with us, everybody! We will see you back in chat next week!",neither,0.051382973542085514,0.36276425528757084,0.5858527711703436
The TRUE last word right there!,neither,0.03787031866431606,0.2951229397847597,0.6670067415509242
Thanks for the show!,neither,0.0459466895048646,0.18352551271634748,0.7705277977787879
you chaps are always a hoot and 7/4ths @DarylDaCritter and @jakegbennett,neither,0.07875457964494982,0.2992369354571892,0.622008484897861
We have a subscriber-only Discord server! Join here: https://discord.gg/geekandsundry (you'll need to sub and link it to your Twitch) and be a part of the fun!...Warning: It can take up to an hour for the server to update and give you access to the channels,neither,0.08464076273808444,0.286394834032893,0.6289644032290227
thanks again Daryl and Jake TwitchUnity,neither,0.036231160407962794,0.31220727037499196,0.6515615692170453
Thank you guys it was awesome!,neither,0.052461882740114756,0.3856041994153572,0.5619339178445282
thanks for doing this,neither,0.03103117062947863,0.28450530021107173,0.6844635291594496
have a good week @jakegbennett and @DarylDaCritter,neither,0.03710692720051182,0.29251643053921234,0.6703766422602758
@jakegbennett @DarylDaCritter You all have done so very well!,offensive_language,0.05672742065642413,0.5291323955323006,0.4141401838112753
Thanks for hanging out with us @jakegbennett and @DarylDaCritter !,neither,0.04394804584191575,0.3046877154465693,0.6513642387115149
"Bing Bong, everyone!",neither,0.033302057094802294,0.43477717965781665,0.5319207632473811
"Oh, and if you're gonna be at Wondercon this year, COME SEE US!",neither,0.08168160612359013,0.3872702359822219,0.531048157894188
"Help G&S make great content! $4.99/month gets you emotes, Minecraft server access, sub-only VODs, and more! Every sub keeps the channel alive! twitch.tv/geekandsundry/subscribe",neither,0.043907990691603095,0.31135964332838284,0.644732365980014
FeelsPizzaMan subscribed at Tier 1. They've subscribed for 5 months!,neither,0.018730042386447116,0.3124437755681934,0.6688261820453595
!bingbong,neither,0.03945320844208391,0.33037608806864915,0.630170703489267
gandsBing gandsBong We're having a good time! gandsWisdom,neither,0.057508013504863925,0.3231212589038439,0.6193707275912921
I’m happy cr has their own channel but I’m sad cause now I don’t know who to subscribe to,neither,0.059153066470886737,0.37335641578424383,0.5674905177448695
@GingerJSM Do you enjoy other G&S programming?,neither,0.06268976171779712,0.3871771284829562,0.5501331097992467
hermitDangerzone 'n critroleNein Wis mostly3Storm,neither,0.03945320844208391,0.33037608806864915,0.630170703489267
@thedimono I do! But I also like cr,neither,0.04714863891519111,0.3534536884104495,0.5993976726743593
@GingerJSM You could always sub to both,neither,0.06082406097155388,0.42380246246819153,0.5153734765602546
"!commands edit !wtfisthis Miniature figures can help a tabletop gaming session come to life, but painting those miniature figures is an acquired skill. Welcome to the Geek & Sundry Painters Guild! Host Will Friedle is joined by professional guests like to teach you the intricacies and techniques required to paint your own miniatures!",neither,0.0946976767164513,0.2872344781457205,0.6180678451378283
"@shidareAKI -> The command ""!wtfisthis"" has been edited successfully.",neither,0.038833348848055345,0.31701785589488446,0.6441487952570603
Lol it with my grocery budget,neither,0.01938940291708705,0.46378062483564747,0.5168299722472656
!commands edit !whodat Will Friedle ( twitter.com/willfriedle ) with guest Bryan Merlonghi ( twitter.com/BryanMerlonghi ).,neither,0.03417109319788037,0.4447922058161201,0.5210367009859995
"@shidareAKI -> The command ""!whodat"" has been edited successfully.",neither,0.038833348848055345,0.31701785589488446,0.6441487952570603
doesn't dulcolax just allow water to do its thing in digestive systems that are a bit... slower than others?,neither,0.04626579454803781,0.34152963602863573,0.6122045694233265
wheres crit roll ?,neither,0.03945320844208391,0.33037608806864915,0.630170703489267
*not,neither,0.03554889144452836,0.3454295093440936,0.619021599211378
oh Will,neither,0.05075080354443315,0.21007715612807795,0.7391720403274888
"@GingerJSM If you don't mind waiting a few days for the CR stuff on YouTube, sub to G&S. If you don't mind watching rebroadcasts on G&S, sub to CR.",neither,0.035099125612696666,0.38570590484220985,0.5791949695450935
!wheniscr,neither,0.03945320844208391,0.33037608806864915,0.630170703489267
"gandsMattBlindfold Critical Role is on at 7 PM Pacific on Thursdays, it is currently 6:05 PM Pacific on Thursday. There is 54 Minutes, 37 Seconds or 105876 seconds until the next episode of Critical Role. This command has been run 1404 times but has probably been asked about way more. gandsNein",neither,0.040906522111866184,0.34380749674070316,0.6152859811474307
!wheniscr,neither,0.03945320844208391,0.33037608806864915,0.630170703489267
"If the extra $5/mo breaks the bank, then you should probably hold off on subbing to either until you're in a better place financially",neither,0.05885199346339854,0.37198004792192063,0.569167958614681
CR is on at 7,neither,0.04377457767142655,0.3669043073475607,0.5893211149810128
Truuue!,neither,0.03945320844208391,0.33037608806864915,0.630170703489267
"Goofoff109 subscribed at Tier 1. They've subscribed for 40 months, currently on a 40 month streak!",neither,0.024901885104160082,0.3246725974405307,0.6504255174553093
thats so cool wtf,offensive_language,0.0425093002379658,0.6434546906362413,0.31403600912579294
How do I find LA by night here. Just com9ing across fromoject Alpha,neither,0.060928778654143506,0.2890458886485709,0.6500253326972856
hypnoticpsychonaut subscribed with Twitch Prime. They've subscribed for 3 months!,neither,0.017135853092050617,0.3228815153557895,0.6599826315521599
@cthol24601 It's on Friday nights,neither,0.035281093827421464,0.3444684303848915,0.6202504757876871
Is there like a search term to use? I want to catch up on the last one in any case,neither,0.030748439225464292,0.4030678627535493,0.5661836980209863
VODs are available for subs only,neither,0.053229554446186614,0.27000471236317963,0.6767657331906336
"@cthol24601 There's a collection of VODs for the show, but as DiMono said, you need to be subbed.",neither,0.054486904169952964,0.279039005855718,0.666474089974329
"If you sub, you can find last week's video by just scrolling back in the VOD section. If you want something older, I think the mods put together a table of links?",neither,0.043002751199519414,0.3642534982182032,0.5927437505822775
Nope,neither,0.03945320844208391,0.33037608806864915,0.630170703489267
K,neither,0.03945320844208391,0.33037608806864915,0.630170703489267
Poor form to enter a random chat and make a demand like that.,neither,0.04622910501865387,0.33660273004170466,0.6171681649396414
@spicypickle726 aww it does not.,neither,0.024132899830158327,0.46087741753701517,0.5149896826328265
needs more hot pink,neither,0.041246581715208376,0.3210164458104437,0.6377369724743479
!respect,neither,0.03945320844208391,0.33037608806864915,0.630170703489267
"If you would like to share opinions on our hosts, guests or fellow viewers, please do so in a respectful manner. Don't make them feel uncomfortable.",neither,0.04843323757214918,0.39559142321184637,0.5559753392160044
cthol24601 subscribed at Tier 1.,neither,0.03853807016957085,0.358210604756348,0.6032513250740811
Fractaleye subscribed at Tier 1. They've subscribed for 48 months!,neither,0.020717582230876913,0.3142115698976945,0.6650708478714286
hey!,neither,0.03945320844208391,0.33037608806864915,0.630170703489267
hi,neither,0.03945320844208391,0.33037608806864915,0.630170703489267
@regismark7686 I spend around 4-6 hours on some of my basic minis and upwards at 12 hours on my best more complicated ones. It’s about what you love,neither,0.02943732639453063,0.4350503182430101,0.5355123553624591
!frontpage,neither,0.03945320844208391,0.33037608806864915,0.630170703489267
"We are on the front page, which means we have an influx of new people coming in here. Some are polite, some are not. Please let the mods handle those who are not. Sit back, enjoy the show, and DON'T FEED THE TROLLS.",neither,0.10504481977893397,0.20508308154005317,0.6898720986810128
*salutes* ayeaye cap’n,neither,0.03945320844208391,0.33037608806864915,0.630170703489267
Blackout4465 subscribed with Twitch Prime.,neither,0.030186173588972614,0.3621416721941929,0.6076721542168345
Omg Will,neither,0.04160425863394846,0.29386715251904794,0.6645285888470036
Will just can't bait Brian,neither,0.03697488299510119,0.3238147526888683,0.6392103643160305
this used to be on Alpha only?,neither,0.04297145167685015,0.3437406996139776,0.6132878487091723
Yep,neither,0.03945320844208391,0.33037608806864915,0.630170703489267
Will's come such a long way since the early episodes of this show!,neither,0.048944613375407044,0.2568643637123064,0.6941910229122865
"Oh hey, we're at the very front of the front page.",neither,0.05079794306475552,0.2831656186996063,0.6660364382356382
And much farther from the magic marker lol,neither,0.03176021501774511,0.31751728265940143,0.6507225023228534
AngelousShift subscribed with Twitch Prime. They've subscribed for 4 months!,neither,0.017135853092050617,0.3228815153557895,0.6599826315521599
so cool,neither,0.03941094976918481,0.4067560025575799,0.5538330476732353
Scotsman25 subscribed with Twitch Prime.,neither,0.030186173588972614,0.3621416721941929,0.6076721542168345
<3,neither,0.03945320844208391,0.33037608806864915,0.630170703489267
@GeekandSundry sah dude,neither,0.03945320844208391,0.33037608806864915,0.630170703489267
When will Critical Role be live?,neither,0.03612347654053235,0.3517909200501861,0.6120856034092815
!wheniscr,neither,0.03945320844208391,0.33037608806864915,0.630170703489267
"gandsMattBlindfold Critical Role is on at 7 PM Pacific on Thursdays, it is currently 6:20 PM Pacific on Thursday. There is 39 Minutes, 19 Seconds or 104958 seconds until the next episode of Critical Role. This command has been run 1405 times but has probably been asked about way more. gandsNein",neither,0.04089763116723805,0.34372978889433226,0.6153725799384296
"Wait, are these old episodes?",neither,0.07664299682457,0.351231564936305,0.572125438239125
the guy in the blue is hella self conscious and depressed,neither,0.03910594977762817,0.34734021814684185,0.61355383207553
"Good work, Will",neither,0.04050308142179011,0.2973290418261983,0.6621678767520116
@twitchiscool12344543 It's self deprecating humour. He's fine.,neither,0.04260507542152381,0.3292920164836603,0.6281029080948158
jake10684 subscribed at Tier 1. They've subscribed for 44 months!,neither,0.02109000908695625,0.3145445573895783,0.6643654335234654
"@phold89 Yes. Originally on Alpha, first time airing on Twitch",neither,0.03236965606046179,0.35621038820843215,0.611419955731106
"@JeffM0307 Thanks, thought I had seen this one before",neither,0.0366743360479186,0.3145576647672798,0.6487679991848015
"wow, those look pretty great",neither,0.06248459370556207,0.2428212388770172,0.6946941674174207
"Will8176 subscribed at Tier 1. They've subscribed for 47 months, currently on a 47 month streak! :D",neither,0.025584948745989627,0.3249176765872532,0.6494973746667572
I wish I hadn't burned myself out painting by jumping in on a huge model count 40K army back in the early '00s hehe,neither,0.03724808014373982,0.3429850008182833,0.6197669190379768
"Both scream ""Check me out!"" :P",neither,0.029712966355429936,0.379178744209657,0.591108289434913
Bryan is one of my favorite guests that they have on this show,neither,0.039782133498336855,0.4058601761769281,0.5543576903247351
Bryan loves the hell out of painting and it shows,offensive_language,0.03559049117138483,0.545633725928689,0.41877578289992623
"Interesting format, I'm actually a fan of having more of this post-produced content on twitch",neither,0.03889166049889237,0.3330181451987638,0.6280901943023439
They did great work. It sure helps having a good workspace,neither,0.03315349800851564,0.40241929875717336,0.5644272032343108
