text,top_class,hate_speech,offensive_language,neither
!clock,neither,0.03945320844208391,0.33037608806864915,0.630170703489267
It is currently Friday 2:57 PM at the Geek & Sundry studio in California.,neither,0.05257364532538693,0.3294993765834879,0.6179269780911252
TerribleTitles subscribed with Twitch Prime.,neither,0.030186173588972614,0.3621416721941929,0.6076721542168345
!whodat,neither,0.03945320844208391,0.33037608806864915,0.630170703489267
Kyle Hill ( twitter.com/Sci_Phile ).,neither,0.038926398775368944,0.4147662855164059,0.5463073157082252
Is this live?,neither,0.06264826366348325,0.3248039992423424,0.6125477370941744
Wait is this live?,neither,0.05661022345566753,0.32635451868222654,0.617035257862106
!questions,neither,0.03945320844208391,0.33037608806864915,0.630170703489267
"To make it easier to read questions in chat, please preface your questions with the word question in all caps. For example, QUESTION: How are you today?",neither,0.06209713493468228,0.3342013724685751,0.6037014925967426
@AlexIslife42 Yes.,neither,0.03945320844208391,0.33037608806864915,0.630170703489267
Yes,neither,0.03945320844208391,0.33037608806864915,0.630170703489267
!questions,neither,0.03945320844208391,0.33037608806864915,0.630170703489267
"To make it easier to read questions in chat, please preface your questions with the word question in all caps. For example, QUESTION: How are you today?",neither,0.06209713493468228,0.3342013724685751,0.6037014925967426
"Damn, thats crazy",offensive_language,0.034541776608280395,0.8794499096374746,0.08600831375424507
"oh wow, i didnt know they had a twitch ch",neither,0.04264650371437915,0.29951531241570273,0.6578381838699181
is he behind a cristal,neither,0.061059966136833496,0.32294453330653206,0.6159955005566345
crystal*,neither,0.03945320844208391,0.33037608806864915,0.630170703489267
"BECAUSE SCIENCE: Live here on Geek & Sundry twitch 3-pm Fridays , it also has its own YouTube channel .",neither,0.06519118779006079,0.31455822786604704,0.6202505843438922
hi,neither,0.03945320844208391,0.33037608806864915,0.630170703489267
So comic book spider-man could do it.,neither,0.03952364619696617,0.4169737165642564,0.5435026372387775
EstherReng subscribed at Tier 1. They've subscribed for 16 months!,neither,0.020421538009370858,0.3139471505081261,0.6656313114825031
Zurkeil subscribed with Twitch Prime. They've subscribed for 42 months!,neither,0.01898401742097586,0.3234084303717501,0.657607552207274
dang he is good at inversed-writing,neither,0.052038522889572884,0.3490237292849625,0.5989377478254646
what is a dog,neither,0.06268786459757252,0.31941718319121903,0.6178949522112084
OMG YOU GUYS STREAM ON TWITCH!,neither,0.04848698000505262,0.3757707811398409,0.5757422388551064
How does this work? is he just writing on class?,neither,0.032240494081884966,0.4420380853412396,0.5257214205768754
ZOMGWTFBBQ,neither,0.03945320844208391,0.33037608806864915,0.630170703489267
glass*,neither,0.03945320844208391,0.33037608806864915,0.630170703489267
Magic Kyle,neither,0.03945320844208391,0.33037608806864915,0.630170703489267
^,neither,0.03945320844208391,0.33037608806864915,0.630170703489267
in't that a one time use tho,offensive_language,0.009688261129575404,0.5053802882201273,0.48493145065029725
omg hey Kyle,neither,0.03945320844208391,0.33037608806864915,0.630170703489267
your that dude from youtube,neither,0.06886394083827962,0.34612366757372076,0.5850123915879998
i renemebr,neither,0.03945320844208391,0.33037608806864915,0.630170703489267
!QUESTIONS,neither,0.03945320844208391,0.33037608806864915,0.630170703489267
"To make it easier to read questions in chat, please preface your questions with the word question in all caps. For example, QUESTION: How are you today?",neither,0.06209713493468228,0.3342013724685751,0.6037014925967426
mrgore00 subscribed at Tier 1.,neither,0.03853807016957085,0.358210604756348,0.6032513250740811
your videos are actualy really good and fun to watch man,neither,0.10609218550767469,0.2942886537464256,0.5996191607458996
here a follow bud,neither,0.0920787809996021,0.28909690972763435,0.6188243092727636
coande03 subscribed with Twitch Prime.,neither,0.030186173588972614,0.3621416721941929,0.6076721542168345
"BECAUSE SCIENCE: Live here on Geek & Sundry twitch 3-pm Fridays Pacific time , it also has its own YouTube channel .",neither,0.0639988298783534,0.32281104183492143,0.6131901282867253
wait is this even live?,neither,0.05314433325351645,0.3438126198889732,0.6030430468575103
This is live.,neither,0.06264826366348325,0.3248039992423424,0.6125477370941744
!QUESTIONS,neither,0.03945320844208391,0.33037608806864915,0.630170703489267
"To make it easier to read questions in chat, please preface your questions with the word question in all caps. For example, QUESTION: How are you today?",neither,0.06209713493468228,0.3342013724685751,0.6037014925967426
it does not feel live,neither,0.026777402770043708,0.4629244998832299,0.5102980973467263
"Questions are curated from Twitch, YouTube and Alpha.",neither,0.055540695735444415,0.26346393181859185,0.6809953724459638
feels like a video playinbg live,neither,0.06382238919839944,0.2501440504941117,0.6860335603074887
"QUESTION: In today's world, what is the closest compound to adamantium (material of CA's shield)",neither,0.049426142976203666,0.30456666551106326,0.6460071915127331
"Well it very much is live, I'm sitting feet from Kyle.",neither,0.044255067618685445,0.3180108576779604,0.6377340747033542
distance over time = Dream Theater,neither,0.036462564561858396,0.34580471090304865,0.617732724535093
@QUESTION IS THIS CATUALY LIVE?,neither,0.05469603905159263,0.32683408251250107,0.6184698784359063
pls confirm,neither,0.03945320844208391,0.33037608806864915,0.630170703489267
@Danoba Is he glowing IRL like he is on stream?,neither,0.0634937672040088,0.34073404170567984,0.5957721910903112
yes,neither,0.03945320844208391,0.33037608806864915,0.630170703489267
"@Karlisle_Judgement Yup, he is.",neither,0.058237720371728474,0.32391523304093167,0.6178470465873399
I guess it is glass,neither,0.045973778445289895,0.3339772970174898,0.6200489245372204
which means he has to write backwards,neither,0.04886623979557903,0.32121176466709583,0.6299219955373251
or they flip the image,neither,0.03864473380519105,0.3156237820863027,0.6457314841085062
