text,top_class,hate_speech,offensive_language,neither
Got my whiskey,neither,0.026919474750313314,0.4672195850172793,0.5058609402324075
im gud,neither,0.03732396775172632,0.41122202234291466,0.5514540099053589
Doing ok... and you Geekouts,neither,0.06048976263398214,0.33234354804288824,0.6071666893231294
"LilyRose28 subscribed at Tier 1. They've subscribed for 19 months, currently on a 19 month streak!",neither,0.025443063454733482,0.32486637712182354,0.649690559423443
WAIT A SECOND,neither,0.03945320844208391,0.33037608806864915,0.630170703489267
SO0 THERE WAS ANOTHER STREAM,neither,0.08688894278765112,0.22435340058571066,0.6887576566266382
I'm doing great,neither,0.03698432336374985,0.29709254200467194,0.6659231346315783
ty,neither,0.03945320844208391,0.33037608806864915,0.630170703489267
Stream up!,neither,0.03635641562019727,0.3937768671741043,0.5698667172056985
first time beinghere so i dont know much,neither,0.028340645371330606,0.3985639405467071,0.5730954140819623
evening everyone,neither,0.033219361956460275,0.4361807319725941,0.5305999060709456
pingthevile subscribed with Twitch Prime.,neither,0.030186173588972614,0.3621416721941929,0.6076721542168345
I literally spent hours today working on my Amelia Bedelia Earhart* *cause Cass said so.,neither,0.028769493059171987,0.42352232689967245,0.5477081800411556
@GottaNerdOut HeyGuys,neither,0.03945320844208391,0.33037608806864915,0.630170703489267
Hi folks!,neither,0.03945320844208391,0.33037608806864915,0.630170703489267
everyone ready?,neither,0.032145129805963145,0.4544132550890416,0.5134416151049953
roid0219 subscribed at Tier 1. They've subscribed for 39 months!,neither,0.02109000908695625,0.3145445573895783,0.6643654335234654
catseye91 subscribed at Tier 1. They've subscribed for 24 months!,neither,0.020096536573530378,0.31365721238885996,0.6662462510376096
So hype for these Cypher/Superpunks,neither,0.040560946944101874,0.3983229696589095,0.5611160833969886
sweetness!,neither,0.03945320844208391,0.33037608806864915,0.630170703489267
yay!,neither,0.03945320844208391,0.33037608806864915,0.630170703489267
LEGO is a cruel master/mistress,neither,0.04450869389501729,0.32863727479905386,0.6268540313059289
Hi everyone!,neither,0.032490659208996964,0.4485487193596734,0.5189606214313296
Cass spotlight hype!,neither,0.03945320844208391,0.33037608806864915,0.630170703489267
Hello,neither,0.03945320844208391,0.33037608806864915,0.630170703489267
woot,neither,0.03945320844208391,0.33037608806864915,0.630170703489267
do we get the cute nerd again?,neither,0.03932817350157453,0.326041245060891,0.6346305814375345
Ahoy!,neither,0.03945320844208391,0.33037608806864915,0.630170703489267
projWAVE,neither,0.03945320844208391,0.33037608806864915,0.630170703489267
hi guys!!#,neither,0.03930687933907141,0.3328596748352989,0.6278334458256297
"I am soooo ready. I've been running my own superhero Cypher System game, we're only 3 sessions in, but it's a blast.",neither,0.035291906398707176,0.332953176966401,0.6317549166348918
ramaWave ramaWave stsHello,neither,0.03945320844208391,0.33037608806864915,0.630170703489267
@catseye91 hi!,neither,0.03945320844208391,0.33037608806864915,0.630170703489267
is everyone back this week?,neither,0.04080882039853882,0.4327794908604239,0.5264116887410372
What's Xander's character's name again?,neither,0.04281379912079741,0.35635003018827915,0.6008361706909234
got home with ten minutes to spare. made it in here with two minutes to spare. that's cutting it close.,neither,0.0451200510441887,0.37084427478772714,0.5840356741680841
What could POSSIBLY go wrong with the plan they came up with last week... Nooooothi.... well maybe a few Small things ^___^,neither,0.030971271770301758,0.377633733744851,0.5913949944848472
Cobalt,neither,0.03945320844208391,0.33037608806864915,0.630170703489267
Ready for some,neither,0.022979456087788227,0.3094590913754747,0.667561452536737
Oh my gosh @gtroke we're so glad to hear it's going well!,neither,0.04732896942786022,0.3821000569179894,0.5705709736541503
@AtariPinko Cobalt,neither,0.03945320844208391,0.33037608806864915,0.630170703489267
XAnder = cobalt,neither,0.03945320844208391,0.33037608806864915,0.630170703489267
@ataripinko cobalt,neither,0.03945320844208391,0.33037608806864915,0.630170703489267
@perfectcosima Hey Ally!,neither,0.03945320844208391,0.33037608806864915,0.630170703489267
The moon could explode,neither,0.03869278699882201,0.3165187863375785,0.6447884266635994
!clock,neither,0.03945320844208391,0.33037608806864915,0.630170703489267
It is currently Friday 3:58 PM at the Geek & Sundry studio in California.,neither,0.0512567427375408,0.32962958120431557,0.6191136760581436
gandsC6 + Ramen = My Friday <3,neither,0.023985354384000294,0.4568880289508828,0.519126616665117
"Yay, I'm not late for once! XD",neither,0.033405842444469376,0.30916026230291743,0.6574338952526132
Ah....yes thanks @catseye91,neither,0.037216633728862615,0.31164729936919494,0.6511360669019424
@seratonia Hi Erin!!!,neither,0.03945320844208391,0.33037608806864915,0.630170703489267
The gangs steals the Space Shuttle,neither,0.03823166714337356,0.3078128142402827,0.6539555186163438
Thanks @MonteCookGames,neither,0.035884468650613,0.3004919205142699,0.6636236108351171
@AtariPinko No problem,neither,0.03816155161732251,0.3522988753405446,0.6095395730421328
and I mean who doesn't love cobalt's soul?,neither,0.03648839975824346,0.36121562574366983,0.6022959744980867
"stoked to see Xander playing again, aaaa.",neither,0.043481379374661275,0.3535270160242362,0.6029916046011025
i managed to put the sour cream in the fridge but the rest of the groceries will just have to wait until the break,neither,0.040138572156100394,0.29885313145046755,0.661008296393432
@Slippydude Points for that pun,neither,0.03138927777995174,0.3400166734526158,0.6285940487674324
do we have all the cast tonight?,neither,0.038064911460213395,0.3593644133940672,0.6025706751457193
anyone else in Mountain/Central time who rushes an early dinner to not miss any gandsC6 ?,neither,0.03892371737961039,0.36000145577539755,0.601074826844992
gandsC6 + bbq ribs = my Friday night,neither,0.024394444278620316,0.40578905557242245,0.5698165001489572
Hi everybody! First time catching it live in weeks!,neither,0.03572551950953296,0.34445583432935156,0.6198186461611155
@Slippydude Haha,neither,0.03186685585600258,0.45913629025701075,0.5089968538869867
@ZachsMind - No other perishables?,neither,0.03795310656191997,0.35583673192897125,0.6062101615091088
@catseye91 !points?,neither,0.03945320844208391,0.33037608806864915,0.630170703489267
morpheus930 subscribed with Twitch Prime. They've subscribed for 30 months!,neither,0.01818054871583182,0.3231721518884405,0.6586472993957277
i have a working theory that Cobalt is someone else.,neither,0.04196943689643444,0.3673142238322513,0.5907163392713143
cobalt and kobold come from the same german word....the word for goblin..,neither,0.034690871248763244,0.2812978124673501,0.6840113162838867
@Slippydude Nice,neither,0.03945320844208391,0.33037608806864915,0.630170703489267
@Geekouts That is a good Friday night,neither,0.03433451534676798,0.37170012411539133,0.5939653605378407
Yeah I've missed the last few myself,neither,0.015067627181332094,0.385685753439719,0.599246619378949
@highvoltage988 currently cooking but I can multitask,neither,0.03671176263686522,0.3349906055763897,0.6282976317867451
I ordered a LEGO Space Shuttle so I can create the 'heist' scene,neither,0.03902543471651511,0.3436309253432395,0.6173436399402453
"Hi, @JenkHankins",neither,0.03945320844208391,0.33037608806864915,0.630170703489267
HEY SUPER PUNKS,neither,0.03945320844208391,0.33037608806864915,0.630170703489267
Critical Role and Talks Machina moved to Critical Role's Twitch channel on 02/19/19. For more information please see this link: https://critrole.com/critical-role-talks-machina-broadcast-updates/. All previously aired content will continue to be available in the Geek & Sundry Twitch library and on YouTube. Both shows will continue to be hosted here on Geek & Sundry's Twitch when those episodes are streamed live.,neither,0.05428901989152002,0.2988094175756187,0.6469015625328612
morpheus930 converted from a Twitch Prime sub to a Tier 1 sub!,neither,0.043404596088905956,0.3191712663656506,0.6374241375454435
GET gandsHype,neither,0.03779508335914271,0.3585187980877974,0.6036861185530599
@Celador_Mythica nothing that i took out of a cold thingy at the store. mostly just pantry stuff. chips and dip may get eaten during the stream,neither,0.041143492277864256,0.3496695179375937,0.6091869897845421
@celador_mythica I think so as well,neither,0.03745469274812254,0.41905892406578255,0.543486383186095
Cobolts and Cass-icomes?,neither,0.03763944115734239,0.1918412352459551,0.7705193235967025
"Hey, @shidareAKI !",neither,0.03945320844208391,0.33037608806864915,0.630170703489267
HEY AKI!,neither,0.03945320844208391,0.33037608806864915,0.630170703489267
Hi @shidareAKI,neither,0.03945320844208391,0.33037608806864915,0.630170703489267
way too much MD.,neither,0.03583997750128829,0.3362243029121072,0.6279357195866045
@shidareAKI Hi Aki,neither,0.03945320844208391,0.33037608806864915,0.630170703489267
"Hello, super punks!",neither,0.03945320844208391,0.33037608806864915,0.630170703489267
"@shidareAKI Hey Aki! Now that you reminded me that OA is back, I'm halfway through ep 1",neither,0.04291003858141333,0.4215754349579698,0.5355145264606168
"yeah, cant wait. Looking to save up some cash so I can sub to this channel. So many good things to watch here.",neither,0.05283816970304579,0.425379086390579,0.5217827439063754
!points @Slippydude,neither,0.03945320844208391,0.33037608806864915,0.630170703489267
I am notoriously low on snacks,neither,0.03657196530027118,0.34341588761981795,0.6200121470799109
hey gang. can only catch the first part today. so sad!,neither,0.033637757705864225,0.3316150668331562,0.6347471754609796
gandsHype gandsHype gandsHype gandsHype,neither,0.03945320844208391,0.33037608806864915,0.630170703489267
"That was an excellent pun, @Slippydude! Here, have some points for that one! You have been awarded 83 points!",neither,0.05003766897837674,0.38201493930407926,0.5679473917175439
Callisto 6 + coffee + room with out family noises in the background = Heaven,neither,0.03440188944127198,0.24272854516545392,0.722869565393274
Yay Cass backstory ep!,neither,0.03945320844208391,0.33037608806864915,0.630170703489267
G'day lovelies <3,neither,0.04062343770405816,0.29560591037067285,0.663770651925269
Hi @JeffM0307,neither,0.03945320844208391,0.33037608806864915,0.630170703489267
Been a rough day but had this to look forward to!,neither,0.047845729860065765,0.32592320353589027,0.6262310666040439
Hi @HatefulJerk,neither,0.03945320844208391,0.33037608806864915,0.630170703489267
it was on sale. 3 MtnDew six packs for eight bucks,neither,0.03315730630059333,0.32110600380490467,0.645736689894502
"Hello, @JeffM0307 !",neither,0.03945320844208391,0.33037608806864915,0.630170703489267
"but at least I am not falling over, and coffee is on the way.",neither,0.04170444105787538,0.21987856656363866,0.738416992378486
"also, hi everybody!",neither,0.03945320844208391,0.33037608806864915,0.630170703489267
We have a subscriber-only Discord server! Join here: https://discord.gg/geekandsundry (you'll need to sub and link it to your Twitch) and be a part of the fun!...Warning: It can take up to an hour for the server to update and give you access to the channels,neither,0.08464076273808444,0.286394834032893,0.6289644032290227
hi all!,neither,0.0423466876598404,0.4436528871510691,0.5140004251890904
"Just thought I’d let you all know that by this time next week, I’ll be a resident of LA!",neither,0.03514380015232281,0.466098226375099,0.4987579734725781
elokninjasyn subscribed with Twitch Prime.,neither,0.030186173588972614,0.3621416721941929,0.6076721542168345
@deleyna thats what vods are for!,neither,0.07602466992802243,0.22926814179214774,0.6947071882798298
@seratonia GOOD,neither,0.037820165765928906,0.33093776632913474,0.6312420679049364
critroleAshley critroleAshley critroleAshley critroleAshley critroleAshley critroleAshley critroleAshley critroleAshley,neither,0.03945320844208391,0.33037608806864915,0.630170703489267
Aki!!! That's awesome!!!,neither,0.03419525192306799,0.38790559219732307,0.5778991558796089
yay! congrats aki!,neither,0.03945320844208391,0.33037608806864915,0.630170703489267
Gg aki,neither,0.03945320844208391,0.33037608806864915,0.630170703489267
"Sometimes, my Friday is gandsC6 + Lamb Tika Masala. Some kind of meal is always included in the combo. Hope Eliza is back this episode {:3",neither,0.05390888036302726,0.33720622241749243,0.6088848972194804
Yayyy @shidareAKI,neither,0.03945320844208391,0.33037608806864915,0.630170703489267
YAY AKI~,neither,0.03945320844208391,0.33037608806864915,0.630170703489267
Yay Aki! Hope the move goes smoothly! gandsLessthanthree,neither,0.06337496596275301,0.23828697617880296,0.6983380578584439
@shidareAKI By night? or 2119?,neither,0.031053658067270107,0.39489190608482316,0.5740544358479067
@shidareaki that's great!!!,neither,0.030934395832104004,0.35752750176039405,0.611538102407502
nice congrats ! @shidareAKI,neither,0.03945320844208391,0.33037608806864915,0.630170703489267
Awesome Aki!,neither,0.03945320844208391,0.33037608806864915,0.630170703489267
@shidareaki congrats!!!!!,neither,0.03945320844208391,0.33037608806864915,0.630170703489267
"Hi, @AtariPinko & @RJLadyA",neither,0.03945320844208391,0.33037608806864915,0.630170703489267
Welcome Back Aki!,neither,0.03945320844208391,0.33037608806864915,0.630170703489267
gandsC6,neither,0.03945320844208391,0.33037608806864915,0.630170703489267
@imaladydangit hugs!,neither,0.03945320844208391,0.33037608806864915,0.630170703489267
Yay @ShidareAKI!,neither,0.03945320844208391,0.33037608806864915,0.630170703489267
I’m excited!!,neither,0.03945320844208391,0.33037608806864915,0.630170703489267
@slippydude but then I miss y'all,neither,0.029460894948219678,0.4420608148270033,0.528478290224777
@shidareAKI NGL this whole 'Michelle' thing is making me Very uncomfortable but I'm interested to see how it plays out,neither,0.03817065132519893,0.35468737148559437,0.6071419771892068
"Congrats, @shidareAKI",neither,0.03945320844208391,0.33037608806864915,0.630170703489267
"Help G&S make great content! $4.99/month gets you emotes, Minecraft server access, sub-only VODs, and more! Every sub keeps the channel alive! twitch.tv/geekandsundry/subscribe",neither,0.043907990691603095,0.31135964332838284,0.644732365980014
Hello SuperPunk,neither,0.03945320844208391,0.33037608806864915,0.630170703489267
"""Live in California but leave before it makes you too soft."" from the sunscreen song.",neither,0.058071738028375855,0.3820771460166596,0.5598511159549645
gandsC6,neither,0.03945320844208391,0.33037608806864915,0.630170703489267
I have my bag of candy ready to go!,neither,0.037425857607380236,0.3691410252676305,0.5934331171249894
Hi @Alexanderhero83,neither,0.03945320844208391,0.33037608806864915,0.630170703489267
!hug @RJLadyA,neither,0.03945320844208391,0.33037608806864915,0.630170703489267
"I squeed when Elisa mentioned Cafe Bustelo, which is the brand of espresso I use",neither,0.017045136755108832,0.4166472566035163,0.5663076066413749
,neither,0.03945320844208391,0.33037608806864915,0.630170703489267
I hope everyone is here today and no on got the Con Crud.,neither,0.10309658388570526,0.2889971789931532,0.6079062371211416
!callisto6 gandsC6,neither,0.03945320844208391,0.33037608806864915,0.630170703489267
"Callisto 6 takes place in Los Angeles in the year 2119, where a world of cyberpunk is about to be broken by the emergence of superheroes. Powered by the Cypher System, this original RPG is crafted by Eric Campbell and Sam de Leve.",neither,0.04788177314792089,0.323551782053012,0.6285664447990672
whoop whoop...shows starting!,neither,0.03945320844208391,0.33037608806864915,0.630170703489267
gandsC6 gandsC6 gandsC6 gandsC6 gandsC6 gandsC6,neither,0.03945320844208391,0.33037608806864915,0.630170703489267
@deleyna we're in the vods too! <3 but i meant just so that you can catch the rest,neither,0.05135052588025745,0.39793983377565484,0.5507096403440876
SIDEBURNS!,neither,0.03945320844208391,0.33037608806864915,0.630170703489267
Woo!!!,neither,0.03945320844208391,0.33037608806864915,0.630170703489267
woohoo,neither,0.03945320844208391,0.33037608806864915,0.630170703489267
oh no lol.,neither,0.03375245701710422,0.36080648637950946,0.6054410566033864
@seratonia I’m actually super curious about how those conversations went during preproduction,neither,0.05206868517912742,0.3043550097156631,0.6435763051052096
NinjaPenguinAM subscribed with Twitch Prime. They've subscribed for 11 months!,neither,0.01819233148295946,0.323175542712437,0.6586321258046036
lol,neither,0.020706217963973744,0.4882283491876925,0.4910654328483337
Xander cut his hair!!!,neither,0.07465092859088128,0.3319796890082992,0.5933693824008196
"bluelinnet subscribed at Tier 1. They've subscribed for 35 months, currently on a 35 month streak! <3",neither,0.02513289904870787,0.3247549412867261,0.6501121596645659
There's a Xander! <3,neither,0.03938975662112344,0.2339556726221167,0.7266545707567599
we have no Hector?,neither,0.0369319760810116,0.37316798112818317,0.5899000427908053
Oooof,neither,0.03945320844208391,0.33037608806864915,0.630170703489267
Oh no! :D,neither,0.04751210705993949,0.26629718932274826,0.6861907036173122
gandsC6 gandsC6 gandsC6 gandsC6 gandsC6 gandsC6 gandsC6 gandsC6 gandsC6 gandsC6 gandsC6 gandsC6 gandsC6 gandsC6 gandsC6 gandsC6 gandsC6 gandsC6 gandsC6 gandsC6 gandsC6,neither,0.03945320844208391,0.33037608806864915,0.630170703489267
And an Eliza! <3,neither,0.038627742961308296,0.23971367618911896,0.7216585808495728
gandsC6 gandsC6 gandsC6 gandsC6 gandsC6 gandsC6 gandsC6 gandsC6 gandsC6,neither,0.03945320844208391,0.33037608806864915,0.630170703489267
ERIC WAS DRINKING FROM MY MUG,neither,0.03190725469616582,0.3805057217382853,0.5875870235655489
HERO TIME !,neither,0.03806843090552206,0.35387937684549026,0.6080521922489877
Yes Xander Awesome,neither,0.03945320844208391,0.33037608806864915,0.630170703489267
"yay....Xander is here, nice!",neither,0.10314653277596963,0.28711425692299086,0.6097392103010395
nice haircut Xander!,neither,0.03945320844208391,0.33037608806864915,0.630170703489267
i miss eric beard,neither,0.03351064699863541,0.33242000744878664,0.634069345552578
More Callisto Merch please.,neither,0.04123299422944059,0.3210862310571203,0.6376807747134391
gandsC6 gandsC6 gandsC6 gandsC6 gandsC6 gandsC6,neither,0.03945320844208391,0.33037608806864915,0.630170703489267
Eric's chops are glorious!,neither,0.06301760353186057,0.2888467100472843,0.6481356864208551
@seratonia niiiiiiice,neither,0.03945320844208391,0.33037608806864915,0.630170703489267
Yay @MonteCookGames gandsHype,neither,0.03945320844208391,0.33037608806864915,0.630170703489267
Im looking for a nice opaque set of purple dice at the moment,neither,0.03440048603849633,0.33570120676497733,0.6298983071965264
@MonteCookGames - Thank you for your quality games,neither,0.0774030181049922,0.3361153757653699,0.586481606129638
!arcanapromo,neither,0.03945320844208391,0.33037608806864915,0.630170703489267
"ARCANA OF THE ANCIENTS, from writers Monte Cook, Bruce Cordell, and Sean Reynolds, is going to be a hefty, art-filled hardcover book packed with creatures, devices, abilities, and adventures to integrate mysterious high-technology science fantasy into your traditional fantasy 5E game! You can find Arcana of the Ancients on Kickstarter until April 12th, go to MyMCG.info/arcana5e to learn more.",neither,0.05690449119810456,0.304429895740603,0.6386656130612924
"Woo, @MonteCookGames !!",neither,0.03945320844208391,0.33037608806864915,0.630170703489267
gandsC6 gandsC6 gandsC6 gandsC6 gandsC6,neither,0.03945320844208391,0.33037608806864915,0.630170703489267
:o,neither,0.03945320844208391,0.33037608806864915,0.630170703489267
Monte Cook Games has made a fabulous system with Cypher!,neither,0.033096170918412875,0.3482442158293952,0.6186596132521919
"@shidareAKI Seeing as they actively sought out a trans kid actor, I would imagine there was a lot of back and forth about making Ian comfortable (I hope)",neither,0.04805933754336166,0.27812407327391064,0.6738165891827277
Thank yoooou so much folks!,neither,0.03609267569605698,0.37160112907808557,0.5923061952258575
Woah,neither,0.03945320844208391,0.33037608806864915,0.630170703489267
<3,neither,0.03945320844208391,0.33037608806864915,0.630170703489267
"You can find Arcana of the Ancients on Kickstarter until April 12th, go to MyMCG.info/arcana5e to learn more.",neither,0.05971766579830731,0.28990010958050594,0.6503822246211867
djwho subscribed at Tier 1. They've subscribed for 42 months!,neither,0.02109000908695625,0.3145445573895783,0.6643654335234654
that art is so cool,neither,0.04316183235158212,0.4128509565907239,0.5439872110576941
Thank you so much folks!,neither,0.05078054490116427,0.4391200099475718,0.510099445151264
This actually looks like a *fun* module! {:3 <3,neither,0.050479156601090557,0.3481442606095985,0.601376582789311
We love our broken psionics,neither,0.03641663151783135,0.3464626230627208,0.6171207454194478
Our artists rock,neither,0.03945320844208391,0.33037608806864915,0.630170703489267
I want it i hope i had the Money,neither,0.07745867099922839,0.19010244687962274,0.7324388821211488
The art in Numenera is unbelievable,neither,0.04591460000713871,0.31345473597992457,0.6406306640129367
XD,neither,0.03945320844208391,0.33037608806864915,0.630170703489267
That sounds awesome,neither,0.035373284636212046,0.3747921102284513,0.5898346051353366
Jet packs,neither,0.03945320844208391,0.33037608806864915,0.630170703489267
<3 We are soooo jazzed,neither,0.07280606263752223,0.2778216824054384,0.6493722549570393
"You make amazing things, @MonteCookGames ;3 <3",neither,0.058014920292589194,0.3823097157384949,0.5596753639689158
Cybernetic arm halfing rogue =Rocket Raccoon?,neither,0.03945320844208391,0.33037608806864915,0.630170703489267
goblin in a giant mech,neither,0.03945320844208391,0.33037608806864915,0.630170703489267
WonderCon!,neither,0.03945320844208391,0.33037608806864915,0.630170703489267
D&D + Shadowrun = happiness,neither,0.03945320844208391,0.33037608806864915,0.630170703489267
Can you imagine Vax with a jet pack?,neither,0.04139960397178951,0.3927753377216659,0.5658250583065446
ok....well now I have to see that!,neither,0.04132507672682851,0.3766216563169312,0.5820532669562403
"Aww, I wanna go.",neither,0.04074647399948143,0.3348651034222901,0.6243884225782284
X gonna give it to you.,offensive_language,0.07367214204226619,0.4666081971789984,0.4597196607787354
"Vax don't need no jet pack, doh, @ShidareAKI ;3",neither,0.0387505152651413,0.339159307862892,0.6220901768719667
I am so. Excited. So excited.,neither,0.03927777679310834,0.39175469090532916,0.5689675323015624
Xander and Eva are my fave non main cast characters,neither,0.04389980067063468,0.3299111782299587,0.6261890210994066
"well, it's either Walt or it's Gene Autry.",neither,0.037175955880495215,0.3311593396493678,0.6316647044701369
If I hadn't already backed crit role and humblewood...,neither,0.026782231675137814,0.3509733695546628,0.6222443987701993
"@shidareAKI I mean, with the wings he essentially already has one",neither,0.03250193323704729,0.37856712203000814,0.5889309447329447
@rule18,neither,0.03945320844208391,0.33037608806864915,0.630170703489267
hello,neither,0.03945320844208391,0.33037608806864915,0.630170703489267
X and Eva rather*,neither,0.038623819736219894,0.28817432678728555,0.6732018534764946
Hi @AsiansFirst,neither,0.03945320844208391,0.33037608806864915,0.630170703489267
is this just starting?,neither,0.04309331003314192,0.35509070164497347,0.6018159883218847
"X is my favorite, so glad Xander and Jo are joining the live show",neither,0.06363473571157273,0.29695230851232196,0.6394129557761054
@Taothewanderer Yes,neither,0.03945320844208391,0.33037608806864915,0.630170703489267
@akeluus death walkers ward but a jet pack,neither,0.03716487576937302,0.33711396860624626,0.6257211556243808
Will the Vampire show be streamed from WonderCon?,neither,0.0553231572533032,0.21432274647470304,0.7303540962719938
@boone_faustus - Check out Urban Arcana,neither,0.03516957997667885,0.3468148145168375,0.6180156055064837
"I'll be there, can't wait!",neither,0.04012989535802038,0.28091297342424554,0.678957131217734
@chaoticloony r u rule18,neither,0.03945320844208391,0.33037608806864915,0.630170703489267
Yep just starting,neither,0.03486195211672451,0.35205586892193347,0.613082178961342
"good, just in time then",neither,0.03195572324155882,0.3808187222288957,0.5872255545295455
@libwritberry what's humblewood?,neither,0.057770773616808734,0.3180719994247239,0.6241572269584672
Is the Baron of Anaheim going to broadcast on twitch?,neither,0.046443561356068884,0.34374462830080904,0.6098118103431222
@philbe63 it’ll be recorded,neither,0.038433725928745804,0.33490498944420233,0.6266612846270518
Xander rules,neither,0.03945320844208391,0.33037608806864915,0.630170703489267
BloodTrail,neither,0.03945320844208391,0.33037608806864915,0.630170703489267
"It's like, I wanna make a joke but Xander is a DELIGHT",neither,0.05046472895069599,0.34860722733560096,0.600928043713703
