text,top_class,hate_speech,offensive_language,neither
@ErikaIshii Hi Erika,neither,0.03945320844208391,0.33037608806864915,0.630170703489267
woo!!!,neither,0.03945320844208391,0.33037608806864915,0.630170703489267
"Oh look, it's on. Tequila time.",neither,0.04108418059956552,0.30989326898968333,0.6490225504107512
!!!!!!!!!!!!!!!!!!!!!!!!!!,neither,0.03945320844208391,0.33037608806864915,0.630170703489267
"Titlecard is up, if you cannot see, please refresh",neither,0.03846901622632724,0.44620075715803376,0.5153302266156391
Eeeeeey Vam <3,neither,0.03945320844208391,0.33037608806864915,0.630170703489267
whos hyped about bloodlines 2?,neither,0.038069116370285656,0.35386774271953153,0.6080631409101828
Hi @Xynthimero,neither,0.03945320844208391,0.33037608806864915,0.630170703489267
It's show time Vamily!!!,neither,0.05881457392080453,0.247411047753078,0.6937743783261175
Anything interesting last night. I don't think so? I can't seem to remember,neither,0.03882869265746431,0.3483836393328088,0.6127876680097268
live yet?,neither,0.045813176201558704,0.32818860351601215,0.6259982202824292
thank you @Dragonchrome,neither,0.07325166854587051,0.43632638485078484,0.49042194660334476
We have a subscriber-only Discord server! Join here: https://discord.gg/geekandsundry (you'll need to sub and link it to your Twitch) and be a part of the fun!...Warning: It can take up to an hour for the server to update and give you access to the channels,neither,0.08464076273808444,0.286394834032893,0.6289644032290227
I saw @aquilaguard !!,neither,0.03945320844208391,0.33037608806864915,0.630170703489267
here we go Vamily,neither,0.13156755280784707,0.2765461283225309,0.5918863188696221
"well met by moonlight, my Vamily <3",neither,0.028477973425459952,0.4798779960524616,0.49164403052207856
refreshed and can see it now <3,neither,0.03686249283866103,0.2715491920254913,0.6915883151358476
i couldn't watch the stream live and the VOD had soem edits for some strange reasons (no really it did),neither,0.035061350432160285,0.29648417247504266,0.668454477092797
Tonight's episode https://twitter.com/LAbyNight/status/1109123222371393536,neither,0.036835020513716114,0.3894644154501258,0.5737005640361581
hihi @ErikaIshii,neither,0.03945320844208391,0.33037608806864915,0.630170703489267
evening @Suedyin !,neither,0.03945320844208391,0.33037608806864915,0.630170703489267
@ErikaIshii Of course nothing happened there at all ;),neither,0.03781040402773193,0.4058711240560268,0.5563184719162413
@Suedyin Welcome back <3,neither,0.03945320844208391,0.33037608806864915,0.630170703489267
@ErikaIshii Hey Erika! :D,neither,0.03945320844208391,0.33037608806864915,0.630170703489267
Is everyone ready?,neither,0.041262036450053476,0.4450965041340042,0.5136414594159423
hail @Onairic <3,neither,0.03945320844208391,0.33037608806864915,0.630170703489267
Woot woot,neither,0.03945320844208391,0.33037608806864915,0.630170703489267
Here we go,neither,0.13156755280784707,0.2765461283225309,0.5918863188696221
XANDER AGAIN MY BOY,neither,0.023755676369697033,0.477738277753615,0.49850604587668795
"@ErikaIshii nah, I think if the sequel to one of the best PC RPGs of all time was announced we'd have heard something Kappa",neither,0.03258277432354317,0.38455137629832203,0.5828658493781347
HERE WE GO,neither,0.13156755280784707,0.2765461283225309,0.5918863188696221
"Ah, this one again!",neither,0.03635315360135852,0.40126953559190026,0.562377310806741
"thankyou for joining us, @ErikaIshii :)",neither,0.071756121056685,0.2929627158347691,0.6352811631085459
it is time,neither,0.04957552498532811,0.36090464428914903,0.5895198307255228
Previously on L.A. By Night...,neither,0.02733401214558942,0.41859816534963573,0.5540678225047747
gandsHype gandsHype gandsHype gandsClassic gandsClassic gandsClassic,neither,0.03945320844208391,0.33037608806864915,0.630170703489267
"Help G&S make great content! $4.99/month gets you emotes, Minecraft server access, sub-only VODs, and more! Every sub keeps the channel alive! twitch.tv/geekandsundry/subscribe",neither,0.043907990691603095,0.31135964332838284,0.644732365980014
I so love X!,neither,0.03367390017290331,0.4523595543720234,0.5139665454550735
rooHappy rooHappy rooHappy,neither,0.03945320844208391,0.33037608806864915,0.630170703489267
Oh X,neither,0.051363287716059566,0.22255663153133606,0.7260800807526044
bloodlines 2 hype!,neither,0.03945320844208391,0.33037608806864915,0.630170703489267
arcadiacnox subscribed with Twitch Prime.,neither,0.030186173588972614,0.3621416721941929,0.6076721542168345
Hey @ErikaIshii,neither,0.03945320844208391,0.33037608806864915,0.630170703489267
ALL ABOARD THE VAMPIRE HEARSE,neither,0.040268850094874374,0.39281163065459906,0.5669195192505265
Jasper regrets inviting X,neither,0.03945320844208391,0.33037608806864915,0.630170703489267
LUL i haven't seen this yet,neither,0.0393799347936099,0.33161973311223725,0.6290003320941527
what did I miss?,neither,0.03686804772469507,0.32860615125000875,0.6345258010252961
CereynTheBear subscribed at Tier 1. They've subscribed for 42 months!,neither,0.02109000908695625,0.3145445573895783,0.6643654335234654
<3 <3 <3,neither,0.03945320844208391,0.33037608806864915,0.630170703489267
always but he keeps inviting him lol,neither,0.03360184227446948,0.41789819920566534,0.5484999585198653
hello,neither,0.03945320844208391,0.33037608806864915,0.630170703489267
yay!!!!!,neither,0.03945320844208391,0.33037608806864915,0.630170703489267
say it three times!,neither,0.03798538271025976,0.3308809406458568,0.6311336766438834
Vampire Niiiight!!,neither,0.03945320844208391,0.33037608806864915,0.630170703489267
"!commands edit !whodat Alex Ward ( twitter.com/AlexWard777 ), Erika Ishii ( twitter.com/erikaishii ), Cynthia Marie ( twitter.com/Cyndancer ), B. Dave Walters ( twitter.com/BDaveWalters ), and Xander Jeanneret ( twitter.com/Xanderrific ).",neither,0.03843643730571173,0.4532992455442075,0.5082643171500807
"@shidareAKI -> The command ""!whodat"" has been edited successfully.",neither,0.038833348848055345,0.31701785589488446,0.6441487952570603
it just started,neither,0.03155143603949063,0.3607039167599329,0.6077446472005764
Hey guys!,neither,0.03929207127355727,0.33311100635304525,0.6275969223733975
Hi @envyjoe56,neither,0.03945320844208391,0.33037608806864915,0.630170703489267
oh thank goodness just the intro,neither,0.03872926002242019,0.30273832582269,0.6585324141548897
HelnaraSmith subscribed with Twitch Prime. They've subscribed for 4 months!,neither,0.017135853092050617,0.3228815153557895,0.6599826315521599
@Myladyfarangis Just started,neither,0.032803472495977,0.36242220823605287,0.6047743192679701
just started @Myladyfarangis 2 mins in,neither,0.03478644002543987,0.35242874861946316,0.6127848113550969
@Myladyfarangis you missed nothing,neither,0.05617373491663845,0.44363868263005557,0.5001875824533061
and in these orisons be all my sins remembered,offensive_language,0.03690730189470119,0.5402891563200697,0.4228035417852292
@Myladyfarangis nothing yet.,neither,0.03599698295730989,0.3890372545750091,0.574965762467681
Hi @LadeeDanger,neither,0.03945320844208391,0.33037608806864915,0.630170703489267
PowerUpL PowerUpR,neither,0.03945320844208391,0.33037608806864915,0.630170703489267
I kept waitign and waitign for Vampire: The Masquerade to be on..,neither,0.036648537992307204,0.27625190944387135,0.6870995525638215
hello friends,neither,0.03945320844208391,0.33037608806864915,0.630170703489267
I'm here family:),neither,0.11958076832999111,0.27258970034471924,0.6078295313252897
Annabelle should definitely have a Vamily memorial service/party,neither,0.046457088712192195,0.35762234164434936,0.5959205696434585
@chaoticloony hello,neither,0.03945320844208391,0.33037608806864915,0.630170703489267
hail @Myladyfarangis :),neither,0.03945320844208391,0.33037608806864915,0.630170703489267
Hello @LadeeDanger,neither,0.03945320844208391,0.33037608806864915,0.630170703489267
hi @LadeeDanger,neither,0.03945320844208391,0.33037608806864915,0.630170703489267
hiya vamily!!! Bloodlines 2 is gonna be sweet,neither,0.04888395284319612,0.3898469793090823,0.5612690678477216
sssSSSsss,neither,0.03945320844208391,0.33037608806864915,0.630170703489267
Hey @LadeeDanger!,neither,0.03945320844208391,0.33037608806864915,0.630170703489267
Just let it whip..,neither,0.01985335493839649,0.3871716161497081,0.5929750289118954
hhhwiping,neither,0.03945320844208391,0.33037608806864915,0.630170703489267
"wait he said this before, tyhisx doesnt say rerun am confuised!",neither,0.040257538541185064,0.379240113076382,0.580502348382433
Droogie128 subscribed with Twitch Prime.,neither,0.030186173588972614,0.3621416721941929,0.6076721542168345
Hi @superratlord,neither,0.03945320844208391,0.33037608806864915,0.630170703489267
@Suedyin hail!,neither,0.03945320844208391,0.33037608806864915,0.630170703489267
GM X? :D,neither,0.03945320844208391,0.33037608806864915,0.630170703489267
alex LUL,neither,0.03945320844208391,0.33037608806864915,0.630170703489267
okay that part already makes way more sense now,neither,0.03738951718990396,0.3646732012944531,0.5979372815156431
welcome @lolkeeb :),neither,0.03945320844208391,0.33037608806864915,0.630170703489267
Hello Vamily!,neither,0.03945320844208391,0.33037608806864915,0.630170703489267
"black horse, shes on a motorcycle",neither,0.05166713258744141,0.3277773275405762,0.6205555398719824
Is what X is wearing technically a poncho? It's awesome. I want one.,neither,0.054335923544974525,0.3428696856477535,0.602794390807272
Hi @arcadiacnox,neither,0.03945320844208391,0.33037608806864915,0.630170703489267
HI @LadeeDanger,neither,0.03945320844208391,0.33037608806864915,0.630170703489267
is this a rerun??,neither,0.06444388513749441,0.32581973129223984,0.6097363835702658
Victor defends his Social Media in tonight's UN-DAD MEME. https://twitter.com/KBTibbs/status/1109275956206686209,neither,0.047794971511080066,0.3691296585141666,0.5830753699747532
"I gotta admit, I love the beastboy line",neither,0.034463734376965115,0.3549000072275844,0.6106362583954504
XD Do you know Beast Boy,neither,0.05874112010209324,0.37825321035417203,0.5630056695437347
LUL,neither,0.03945320844208391,0.33037608806864915,0.630170703489267
who's excited for Bloodlines 2?!,neither,0.032489389634034076,0.36636793289351494,0.6011426774724509
he said this last tiem i watched..,neither,0.0448289084841051,0.3300828455377849,0.6250882459781101
green wolf is Sycorax,neither,0.04924833886407107,0.3009026954529606,0.6498489656829683
"this is the intro, like what they did in s1 with the epilogues",neither,0.046815534302024994,0.3415344672295474,0.6116499984684276
if you do.. I need intro,neither,0.034746310436976194,0.4307373126660075,0.5345163768970165
and a gangrel is riding with her,offensive_language,0.02480305029818777,0.5524976619444557,0.42269928775735643
@KenJustKen This is a framing sequence that is the same for each episode.,neither,0.04361820896264471,0.3297216261186742,0.6266601649186809
hello everyone :D,neither,0.03269494828970791,0.4450814005079928,0.5222236512022994
"@KenJustKen last seasons epilogues ended with the same video, this seasons epilogues seem to start with the same video ;)",neither,0.03667376847087802,0.27867728878255077,0.6846489427465712
"@KenJustKen this relates to all of the epilogues, so it plays along with each of them",neither,0.043033503387291304,0.4054076075531672,0.5515588890595415
gengrel is a wolf symbol right?,neither,0.04759753270414931,0.3478058022773296,0.604596665018521
!uptime,neither,0.03945320844208391,0.33037608806864915,0.630170703489267
"Ferr0vax subscribed with Twitch Prime. They've subscribed for 7 months, currently on a 7 month streak!",neither,0.020161301589277043,0.3305963852590941,0.6492423131516288
"@KenJustKen Nope, just the opening",neither,0.034216718373812155,0.33508272534531447,0.6307005562808733
hey guys,neither,0.03929207127355727,0.33311100635304525,0.6275969223733975
its the intro for the epilogues,neither,0.02793889359394742,0.2794198392641326,0.6926412671419201
"like the previous epilogues , this won't make complete sense, just yet",neither,0.042624120454921706,0.34645144113776605,0.6109244384073123
"@KenJustKen No, it's just a teaser for the new season",neither,0.030228093707502145,0.23081404591223487,0.738957860380263
Sycorax here I come!,neither,0.13426072272491152,0.30338754888089914,0.5623517283941893
thank you everyone! :),offensive_language,0.05005704696736268,0.5225205948056224,0.4274223582270148
Yep to wolf symbol,neither,0.04616514035747035,0.3264542250641142,0.6273806345784154
"well the same, new video :P",neither,0.04768703453815764,0.14564511768654126,0.8066678477753011
SerenatoMagia subscribed at Tier 1. They've subscribed for 16 months!,neither,0.020421538009370858,0.3139471505081261,0.6656313114825031
"@KenJustKen prerecorded, but first broadcast",neither,0.02912146092209343,0.34325421815314244,0.6276243209247641
who am i seeing ay wondercon? :3,neither,0.03984011761918987,0.3896876888555977,0.5704721935252124
way confusing otherwise ;) phew!,neither,0.03954237426209804,0.3311227511657442,0.6293348745721576
gangrel symbol is a WOLF,neither,0.05026584871334308,0.3266571252592286,0.6230770260274283
tytyty,neither,0.03945320844208391,0.33037608806864915,0.630170703489267
Annabelle's face is getting so serious,neither,0.042064513375574895,0.4161198941816936,0.5418155924427316
@KenJustKen this part will play with all 4 epilogs,neither,0.031215678084552733,0.41971555110643105,0.5490687708090162
Ok the motorcycle is the black horse,neither,0.06026551603729975,0.29147891592784103,0.6482555680348592
welcome @Mauroracingdos :),neither,0.03945320844208391,0.33037608806864915,0.630170703489267
NO!,neither,0.036918905254960256,0.37338982715841207,0.5896912675866277
The Vamily is headed to Wondercon for a LIVE show see the link for details https://twitter.com/GeekandSundry/status/1109155493509881856,neither,0.048452228474347096,0.2978006646747121,0.6537471068509407
gandsHype gandsHype gandsHype,neither,0.03945320844208391,0.33037608806864915,0.630170703489267
the green wolf is Sycorax,neither,0.047935951983817504,0.2862978080922913,0.6657662399238911
Bloodlines 2 has been announced,neither,0.039535818811674575,0.32897397450081095,0.6314902066875144
I am ready for some Vamp stuff!,neither,0.027197995378338488,0.31515483943201217,0.6576471651896493
Evenin'.,neither,0.03945320844208391,0.33037608806864915,0.630170703489267
Yes!,neither,0.03945320844208391,0.33037608806864915,0.630170703489267
"that's okay, I'm gonna have to see this 4 times to even begin to decipher X's dream.",neither,0.04679943192591251,0.38492696136397364,0.5682736067101138
Big ol' Majora's Mask moon.,neither,0.02712164125520145,0.37909751607878084,0.5937808426660177
UncoilingKitten subscribed with Twitch Prime.,neither,0.030186173588972614,0.3621416721941929,0.6076721542168345
New to this. What’s going on?,neither,0.05426601680497796,0.2645740702978389,0.6811599128971831
The moon... could be a malkvian?,neither,0.038930018803209246,0.3161817416026098,0.6448882395941808
hello @Alexander_Monster,neither,0.03945320844208391,0.33037608806864915,0.630170703489267
The moon is Jeanette/Therese,neither,0.049246825553826,0.30599994472827247,0.6447532297179016
Yes!,neither,0.03945320844208391,0.33037608806864915,0.630170703489267
HI @Alexander_Monster,neither,0.03945320844208391,0.33037608806864915,0.630170703489267
@DarkestArgentum and each time we learn a little more,neither,0.039018496837529885,0.31169137007264996,0.6492901330898201
It's Zelda!,neither,0.037828236809968684,0.3309349903269868,0.6312367728630445
I mentioned it last week but The Moon= Clan Malkavian. Two sides of the moon agreeing and disagreeing with Annabelle= Jeanette and Therese,neither,0.0320893323450817,0.3003019960136686,0.6676086716412496
"The clan of the moon say no, and yes.",neither,0.03725371269896154,0.2906669871176443,0.6720793001833941
haha,neither,0.03186685585600258,0.45913629025701075,0.5089968538869867
Tourette!,neither,0.03945320844208391,0.33037608806864915,0.630170703489267
ooh,neither,0.03945320844208391,0.33037608806864915,0.630170703489267
rerun?,neither,0.03945320844208391,0.33037608806864915,0.630170703489267
"To someone who only watches VTM on here, how dangerous are Lasombra?",neither,0.10142865508371034,0.31856511745015104,0.5800062274661386
PhilosophyPlatypus subscribed with Twitch Prime. They've subscribed for 12 months! 1 year down!,neither,0.019325931257957688,0.3235118521295456,0.6571622166124969
@aquilaguard Best guess is Jeanette/Therese,neither,0.0486546076973132,0.32424420697995726,0.6271011853227296
"Cattle and Kine said NO, Kindred said YES",neither,0.0382494326070669,0.31068984491990564,0.6510607224730276
@Onairic definitely,neither,0.03945320844208391,0.33037608806864915,0.630170703489267
if it;s prerecorned (even if first broadcast) why do they have this?? Vampire: The Masquerade - L.A. By Night: Watch the Night #GNSLive,neither,0.015011349973437064,0.4048612581908448,0.5801273918357182
@fkyealemurs bew epilogue,neither,0.03945320844208391,0.33037608806864915,0.630170703489267
Bloodlines 2 takes place in Seattle. was hoping to see the Vamily cameo in it,neither,0.04354150115138379,0.2904549977649421,0.6660035010836742
I missed my favorite show all week,neither,0.042364443009557745,0.4041247267346883,0.5535108302557539
*new,neither,0.04660400397451208,0.1401930676750457,0.8132029283504423
@Onairic OH FUCK YOU'RE RIGHT,offensive_language,0.36177007696413116,0.6381089788230918,0.00012094421277698197
Hey everyone.,neither,0.031959242684595296,0.4575682446653829,0.5104725126500218
is annabelle meeting with Baron Therese?,neither,0.03579216543717158,0.3593988736590448,0.6048089609037836
thankyou @Onairic :),neither,0.03945320844208391,0.33037608806864915,0.630170703489267
No,neither,0.036918905254960256,0.37338982715841207,0.5896912675866277
Yes,neither,0.03945320844208391,0.33037608806864915,0.630170703489267
is this a rerun or new episode of epilouge?,neither,0.052003564950251345,0.23907876505516468,0.7089176699945838
Annabelle freaking out lol,neither,0.03012760783292966,0.3881236698032358,0.5817487223638346
Hi Alex!,neither,0.03945320844208391,0.33037608806864915,0.630170703489267
<3,neither,0.03945320844208391,0.33037608806864915,0.630170703489267
I hope so that will be awesome,neither,0.07458246240556593,0.27931330948127253,0.6461042281131615
@Alexander_Monster Hey Alex! :D,neither,0.03945320844208391,0.33037608806864915,0.630170703489267
@alexander_monster hello there,neither,0.03937036753510788,0.27621722592919734,0.6844124065356949
this is awesome :D,neither,0.050512911114032236,0.32860941969445295,0.6208776691915148
@reaves318 they led the Sabbat. They're very dangerous,neither,0.050933558734104545,0.2994617531287536,0.6496046881371418
@fkyealemurs New epilogue,neither,0.04660400397451208,0.1401930676750457,0.8132029283504423
@fkyealemurs It's a teaser for the new season,neither,0.034100685605659355,0.18294507031796403,0.7829542440763766
"Therese says no, Jeanette says yes.",neither,0.03876109470948749,0.3421230643837178,0.6191158409067948
"@fkyealemurs it's a new episode , but the intro is hte same",neither,0.04441459771625852,0.2613830005326649,0.6942024017510766
hiiii!,neither,0.03945320844208391,0.33037608806864915,0.630170703489267
what the fuck am i watching,offensive_language,0.19940277647848761,0.8000508009637763,0.0005464225577360894
heya @Alexander_Monster glad to have some Sassper here,neither,0.08973854460119536,0.3081604391012665,0.6021010162975381
Plus side to D&D being cancelled = watching live!,neither,0.03963053015920829,0.3702119714774989,0.5901574983632929
@fkyealemurs This is just a prologue for the Epilogues,neither,0.03402695754833578,0.2995398407435851,0.6664332017080792
Hi @Alexander_Monster,neither,0.03945320844208391,0.33037608806864915,0.630170703489267
!wtfisthis,neither,0.03945320844208391,0.33037608806864915,0.630170703489267
its the intro for every epilogue last last season,neither,0.03158735421912395,0.29994059358557434,0.6684720521953017
"Led by Storyteller Jason Carl of White Wolf Entertainment, L.A. By Night is a dark tale of personal horror and inhuman conspiracy that sees four vampires doing their best to navigate the macabre affairs and terrifying realities of surviving the L.A. night.",neither,0.11790822065779524,0.4086729631048225,0.47341881623738236
hey @Alexander_Monster <3,neither,0.03945320844208391,0.33037608806864915,0.630170703489267
@Alexander_Monster hey hope you're having a great night,neither,0.10346113826473391,0.21746644926757683,0.6790724124676892
Birds being barons?,neither,0.0034139983677279736,0.03602648317882049,0.9605595184534516
!wtfisthis,neither,0.03945320844208391,0.33037608806864915,0.630170703489267
!roleplay,neither,0.03945320844208391,0.33037608806864915,0.630170703489267
ty,neither,0.03945320844208391,0.33037608806864915,0.630170703489267
"What you are seeing is a role-playing game played with dice. This is collaborative storytelling where people take on a character, and improvise a story as that character. They will occasionally roll dice to see if they succeed or fail at certain tasks.",neither,0.05531648399294631,0.3446074285664455,0.6000760874406083
XD',neither,0.03945320844208391,0.33037608806864915,0.630170703489267
@fkyealemurs This is just played at the beginning of each epilogue,neither,0.04029825148457201,0.3505169909053342,0.6091847576100938
what is the guy doin the dream called? I saw him an hr or two ago on another show on this stream,neither,0.07174707402102462,0.2554512982158364,0.6728016277631391
"I love having lots of viewers in channel now, but sometimes chat goes so fast this grampa cannae read",neither,0.03645671899836265,0.3633658682815277,0.6001774127201097
o/,neither,0.03945320844208391,0.33037608806864915,0.630170703489267
X does a Malkavian proud,neither,0.02345129552955389,0.48117008987983684,0.49537861459060933
I saw 7 birds,neither,0.005501416721927145,0.039516783344702704,0.9549817999333702
Hey all!,neither,0.04285346742239823,0.46255625023407465,0.49459028234352725
Does anyone remember that from The Secret World,neither,0.027013812355886853,0.43002722696887485,0.5429589606752383
Jasper: How are you still alive?,neither,0.07864143516904999,0.3405814887215437,0.5807770761094062
Hi @kitsune_d20,neither,0.03945320844208391,0.33037608806864915,0.630170703489267
"""we""???",neither,0.039025862747262004,0.3376292597931679,0.6233448774595702
gonna take it there is no new ep tonight,neither,0.04343838582088273,0.26268760195033053,0.6938740122287866
,neither,0.03945320844208391,0.33037608806864915,0.630170703489267
Microtron69 subscribed at Tier 1. They've subscribed for 33 months!,neither,0.021247502842219,0.31468546718044244,0.6640670299773386
I think bad things are afoot.,neither,0.06735411026881932,0.26582669958326094,0.6668191901479198
@KenJustKen Xander's talented,neither,0.03945320844208391,0.33037608806864915,0.630170703489267
Hey everyone .... missed last week....,neither,0.03454624800719406,0.41366001279499387,0.551793739197812
@KenJustKen Xander Jeaneret,neither,0.03945320844208391,0.33037608806864915,0.630170703489267
"@jackiesticado Theres a new epsiode, intro is just the same",neither,0.04467296999551728,0.2687085210257451,0.6866185089787377
"Hey, @glshade1 !",neither,0.03945320844208391,0.33037608806864915,0.630170703489267
"@KenJustKen Xander Jeanneret ( twitter.com/Xanderrific ), also on Callisto 6 & Relics & Rarities",neither,0.036006494115990974,0.45777149105292014,0.506222014831089
@jackiesticado they're doing epilogues,neither,0.06896695241451135,0.2877597501696705,0.6432732974158182
oof,neither,0.03945320844208391,0.33037608806864915,0.630170703489267
"@jackiesticado this is new, the prologue is the same for them all",neither,0.06961979613392635,0.2456119731352343,0.6847682307308393
@KenJustKen Xandaer Jeaneret,neither,0.03945320844208391,0.33037608806864915,0.630170703489267
me too X...,neither,0.025456656249999262,0.41690574403459846,0.5576375997154023
Alex - when are they not?,neither,0.050717819441551355,0.3403143402290243,0.6089678403294243
i see sweet,neither,0.03945320844208391,0.33037608806864915,0.630170703489267
@jackiesticado this is new this is just played at hte beginning of each epilogue,neither,0.04900844267128972,0.2991359198171991,0.6518556375115112
@jackiesticado the 2nd epilogue will start after this,neither,0.03981056746636278,0.29474218258497564,0.6654472499486617
Hey @imaladydangit great to see you,neither,0.06596715979509696,0.34147177817266317,0.5925610620322397
is this the same speech from last week or did i miss stuff?,neither,0.040166741439468454,0.3145082829915331,0.6453249755689985
@Critternation3000 Same,neither,0.04148851938089603,0.3488915597363099,0.609619920882794
wow thats a lot of replies,neither,0.03945320844208391,0.33037608806864915,0.630170703489267
this is season 2 epilogue 2,neither,0.05234882609966877,0.3224861693384666,0.6251650045618645
love to all,offensive_language,0.0510439891578217,0.49889008265708423,0.45006592818509406
same speech,neither,0.040503238950933905,0.3399433067940248,0.6195534542550413
@Alexander_Monster *eyes* Ward?,neither,0.041294903354209295,0.29911771896916706,0.6595873776766238
im trying to catch up where can i watch all the episodes i watched some on youtube im at episode 8 or so,neither,0.03832834635396531,0.44059096975577616,0.5210806838902584
"@glshade1 Victor and Nelly investigated the hollywood cemetary ,learned more about Griffith and talked to Petranella, negotiated with Gary",neither,0.03571974042791183,0.3086014192647697,0.6556788403073184
red head? could it be VV,neither,0.036491845195565586,0.36351299647633234,0.5999951583281019
hail @glshade1 :),neither,0.03945320844208391,0.33037608806864915,0.630170703489267
red haired girl = Chloe.......maybe?,neither,0.03491861644215062,0.3725523514313856,0.5925290321264638
"It is, much like the scene that started the epilogues last season",neither,0.044197845147432704,0.3435419613494697,0.6122601935030978
Tonight’s episode https://twitter.com/LAbyNight/status/1109123222371393536,neither,0.036835020513716114,0.3894644154501258,0.5737005640361581
Did i missed something ?,neither,0.03945320844208391,0.33037608806864915,0.630170703489267
@critternation3000 its the prologue they're gonna show before every epilogue,neither,0.057226625931533215,0.32371351644393165,0.6190598576245352
elokninjasyn subscribed with Twitch Prime. They've subscribed for 2 months!,neither,0.017135853092050617,0.3228815153557895,0.6599826315521599
Ok I think the Redhead is Ellenore,neither,0.046433618062604265,0.3061213478094795,0.6474450341279161
Eva?? Oh nooooooo,neither,0.04389508593666439,0.28781394755653694,0.6682909665067986
"Xander, ah okay thank you kindaalyu @JeffM0307 and @itchstratch abd of course @Dragonchrome and @Suedyin phew!",neither,0.049835188414940744,0.3027041910945448,0.6474606204905144
Did he say red hair?,neither,0.0447460591014537,0.3270996031391848,0.6281543377593616
Cloe or Elle maybe,neither,0.03945320844208391,0.33037608806864915,0.630170703489267
@Swoosh2355 rooVV ?,neither,0.03945320844208391,0.33037608806864915,0.630170703489267
"This part is the same as last week, but following will be different.",neither,0.041947450523065026,0.3391101551968608,0.6189423942800741
Hey @suedyin,neither,0.03945320844208391,0.33037608806864915,0.630170703489267
I believe this is like the last scene from the Epilogues last season,neither,0.05146332408477275,0.30410690249444416,0.6444297734207831
"uh oh, I think jasper is gonna get his heart broken",neither,0.06495904600810878,0.32814821530026544,0.6068927386916257
this episode is going to great,neither,0.050409191727299824,0.3273154593447029,0.6222753489279973
Thank you @onairic,neither,0.07325166854587051,0.43632638485078484,0.49042194660334476
Cheer1,neither,0.03945320844208391,0.33037608806864915,0.630170703489267
Maybe the gargoyles are Suzanne and Vannevar?,neither,0.07706414208928536,0.19847559992083047,0.7244602579898843
welcome @Alexander_Monster and thankyou for joining us! :),neither,0.06394878138413658,0.26965218254390566,0.6663990360719577
@glshade1 np my dude!,neither,0.02816993881713906,0.4183056692476873,0.5535243919351738
Should I be taking notes? XD,neither,0.052419479653301224,0.37111203484038324,0.5764684855063156
"The epilogues always start with the same scene, which won’t make complete sense until you have seen all 4 epilogues",neither,0.039642846282901045,0.43326497020331606,0.5270921835137828
just sayin if im Prince Thomas Im kidnapping VV to hold abrams hostage..,neither,0.029687905466648536,0.4022471860426448,0.5680649084907066
is x the gm im confused,neither,0.045186566675301465,0.34234347772271045,0.612469955601988
perhaps?,neither,0.03945320844208391,0.33037608806864915,0.630170703489267
earlier today his hair was BLUE because he said he needed it that way for soem power he had to phase thigns in.. somethign about space shuttle.,neither,0.05303027790865679,0.33439722757015256,0.6125724945211907
I Love your vampire show! Friday night is vampire night at my house :-),neither,0.04628372237737082,0.34815227597545984,0.6055640016471694
I think Jasper is going to obliterate Fiona after what she did.,neither,0.05652704980769287,0.3978972435963273,0.5455757065959798
hey @Alexander_Monster !,neither,0.03945320844208391,0.33037608806864915,0.630170703489267
@ImALadyDangIt Comprehend Malkavian can be difficult,neither,0.04004520803115531,0.32966284179154487,0.6302919501773
so how are we feeling about bloodlines 2?,neither,0.06420881291503634,0.35939205021215515,0.5763991368728085
Lmao that look Jasper gave Victor,neither,0.037231218418837704,0.37127281720464533,0.591495964376517
Agreed @WinterFaery84,neither,0.03945320844208391,0.33037608806864915,0.630170703489267
Thank you @sumbuh_aertinz!,neither,0.07325166854587051,0.43632638485078484,0.49042194660334476
@Ronin903468 True :D,neither,0.03945320844208391,0.33037608806864915,0.630170703489267
Hi Erika!,neither,0.03945320844208391,0.33037608806864915,0.630170703489267
that crown haberdasher ... totally,neither,0.035768393516201785,0.3704193558423098,0.5938122506414883
I wanna know more about this green wolf LUL,neither,0.040303723914094605,0.32566143823447036,0.634034837851435
@kgn86 It looks amazing!,neither,0.03782444262191723,0.3309362953222425,0.6312392620558402
Hey all.,neither,0.04285346742239823,0.46255625023407465,0.49459028234352725
XD,neither,0.03945320844208391,0.33037608806864915,0.630170703489267
@kgn86 Excited,neither,0.03945320844208391,0.33037608806864915,0.630170703489267
@xCRAZYDEATHx this is a preshow video that will make sense after all 4 epilogues,neither,0.05114746321152376,0.32422527749901864,0.6246272592894576
is X talking about the necklace he used to unlock the crypt,neither,0.0537717269558605,0.31972918668510714,0.6264990863590323
@ErikaIshii You are the best!,neither,0.1359292993209342,0.27582396566158274,0.5882467350174831
Mishoniko subscribed at Tier 1. They've subscribed for 21 months! Vampire hype,neither,0.02314786450095106,0.3163875457812487,0.6604645897178002
"lol nelly like ""who tf is cyclops""",neither,0.04935233392701006,0.45549338659133365,0.4951542794816562
I adore X.,neither,0.03945320844208391,0.33037608806864915,0.630170703489267
who else is going to wonder con just for them?,neither,0.05107422930726213,0.3749266736600184,0.5739990970327193
hiyas @Alexander_Monster,neither,0.03945320844208391,0.33037608806864915,0.630170703489267
gandsOwlbear Mr. Monster,neither,0.03945320844208391,0.33037608806864915,0.630170703489267
"a ""beam web!""",neither,0.03945320844208391,0.33037608806864915,0.630170703489267
npc_404 subscribed at Tier 1. They've subscribed for 39 months!,neither,0.02109000908695625,0.3145445573895783,0.6643654335234654
I love the sass that Xander gets in this intro. Hi @ErikaIshii and @Alexander_Monster and @vampiresnvino!,neither,0.03350105768056301,0.30497098577495335,0.6615279565444837
Good evening @alexander_monster!,neither,0.03869882722860525,0.3306355543605695,0.6306656184108252
and here we go,neither,0.11988274842159176,0.23034065187642816,0.6497765997019802
Heheh,neither,0.03945320844208391,0.33037608806864915,0.630170703489267
@Alexander_Monster Hey there!,neither,0.039367870622775906,0.26767823129172763,0.6929538980854965
Oh X you so crazy,offensive_language,0.05068435256063527,0.5407854445129573,0.40853020292640735
And scene!,neither,0.038441359955864444,0.2773569151883754,0.6842017248557603
"season 2, epilogue 2 folks",neither,0.03973255461283554,0.3256348545155822,0.6346325908715823
I love this intro,neither,0.03628345066429029,0.34642748610713625,0.6172890632285736
The Green wolf who parks her car in harvard yard,neither,0.03457623543680231,0.46404955354746663,0.5013742110157311
Woo!!!,neither,0.03945320844208391,0.33037608806864915,0.630170703489267
"X-Men, the societal outcast metaphor (almost) all vampires can agree on.",neither,0.03820713269911181,0.3683938670092722,0.5933990002916159
X the best worst oracle ever lol,neither,0.031077758236164373,0.3416558813763225,0.627266360387513
Hi @Alexander_Monster,neither,0.03945320844208391,0.33037608806864915,0.630170703489267
Oh crap @aquilaguard you may be right about hte necklace,neither,0.0591507181923403,0.34978709603296076,0.5910621857746989
"Taveria subscribed at Tier 1. They've subscribed for 47 months, currently on a 47 month streak!",neither,0.025584948745989627,0.3249176765872532,0.6494973746667572
"Lol, damn",offensive_language,0.03067543087918512,0.9537261634955213,0.015598405625293478
@erikaishii Hi,neither,0.03945320844208391,0.33037608806864915,0.630170703489267
My favorite thing is Nelli not getting pop cuilture references. It's so pure,neither,0.03243381333380712,0.4555201196560971,0.5120460670100957
"@Chovexani No, X is the normal one!",neither,0.04534497119801557,0.3583634262022863,0.5962916025996982
time for some Baby B epilogue,neither,0.02316782642867077,0.3348540810325119,0.6419780925388173
what did the announcements say about the live show?,neither,0.061165673706079234,0.2546974527427986,0.6841368735511223
X is great fishmalk,neither,0.05061484561512324,0.2864395912068406,0.6629455631780362
and so it begins... 'in our ending is our beginning',neither,0.04248276894850749,0.3304933807983003,0.6270238502531923
"the intro music and visuals and just everything, so well done, sets the mood perfectly every week",neither,0.035484264217032734,0.3140809426347458,0.6504347931482215
Has a 3rd season been announced? ^^,neither,0.03969409018322373,0.3262876962702566,0.6340182135465195
I would do anything to go to Wondercon ;_;,neither,0.058110363599252826,0.31919901503647335,0.6226906213642739
Erika!,neither,0.03945320844208391,0.33037608806864915,0.630170703489267
"Oh sweet, just in time. Did I miss anything fun from the pre-show?",neither,0.04282001674710279,0.2605780650987575,0.6966019181541397
so we going to learn about the snake tonight? lol,neither,0.03338331999707799,0.40414918280433404,0.562467497198588
"ooo, never watched the intro wearing headphones before",neither,0.034633472847453974,0.38012810469200753,0.5852384224605386
what happened to annabelle's gf btw? did we find out?,neither,0.04663261645313134,0.28179380398905096,0.6715735795578177
@VermillionCrimson Nope same intro fro mlast week,neither,0.04006434337494702,0.3359488667495835,0.6239867898754695
@VermillionCrimson just the intro from last week with X's vision,neither,0.029334714273422647,0.34660965826295675,0.6240556274636205
Good evening @erikaishii! How are you doing?,neither,0.08542031484950914,0.3278606605333824,0.5867190246171083
no @amorphbutt,neither,0.036918905254960256,0.37338982715841207,0.5896912675866277
@ErikaIshii How was the Tender party?!?!,neither,0.03853064290457744,0.3173505077129889,0.6441188493824337
@VermillionCrimson Just the same pre video from last week,neither,0.04061272262596563,0.255393836586347,0.7039934407876873
right?? still not decided on pre ordering tho,neither,0.03316525260452978,0.3702361979105393,0.596598549484931
XD @chaoticloony course he is hunny *pat pat* XD .. -boy I know you crazy af so you just proved my point- :p XD,offensive_language,0.04493493529755632,0.4805184306689778,0.47454663403346575
"yes, s3 has been announced, but they're keeping quiet about what it entails",neither,0.04793414616905588,0.33229010401660686,0.6197757498143374
"when will this RERUN next?? I cant stay because a friend wants me to join ehr in 7 Days to Die (my server runs Ravenhearst mod) and well cant, am sad..",neither,0.07033778170047178,0.29180621349330355,0.6378560048062247
@bitgod it is incredible isn't it? <3,neither,0.044050590589686356,0.3287948375323603,0.6271545718779534
I’m hoping we find out these epilogues,neither,0.04859791503546697,0.32305103928677675,0.6283510456777563
or marks group...,neither,0.03945320844208391,0.33037608806864915,0.630170703489267
@geminichild34 I think it was her errings that she used since she forgot to bring her necklace but still point stands,offensive_language,0.03059928416099756,0.6751486289089816,0.2942520869300208
All heard of Announced Vampire Masquerade sequel?,neither,0.04058867630114582,0.37702726176764023,0.5823840619312138
,neither,0.03945320844208391,0.33037608806864915,0.630170703489267
@amorphbutt Sounds like Annabelle didn't sire her but she might show up in one of these epilogues,offensive_language,0.03970484137304134,0.6584844008430334,0.30181075778392524
yup,neither,0.03945320844208391,0.33037608806864915,0.630170703489267
hello Vamily finally home just in time Yay!!,neither,0.03538745758124409,0.35968829820942233,0.6049242442093334
Agreed @aquilaguard,neither,0.03945320844208391,0.33037608806864915,0.630170703489267
SUPER HYPED,neither,0.03945320844208391,0.33037608806864915,0.630170703489267
@KenJustKen probably as first hitng as part of the rebroadcast,neither,0.029834916997869002,0.38700802864326933,0.5831570543588617
@erikaishii is going to die.,neither,0.3390253657967649,0.09824597457596618,0.5627286596272689
