text,top_class,hate_speech,offensive_language,neither
critroleBees,neither,0.03945320844208391,0.33037608806864915,0.630170703489267
gandsTwenty gandsHype gandsClassic,neither,0.03945320844208391,0.33037608806864915,0.630170703489267
thuluHEY gandsClassic gandsHype,neither,0.03945320844208391,0.33037608806864915,0.630170703489267
Hi @Ossborn,neither,0.03945320844208391,0.33037608806864915,0.630170703489267
Hah... Trishs dress is awesome (as usual)!,neither,0.04331075201672541,0.35125865270884715,0.6054305952744274
gandsClassic The WiiU is the only Nintendo console I've never had. gandsTwenty,neither,0.025028687432687297,0.32401863373500633,0.6509526788323065
"Same, there just were not enough games that made it reasonable to buy a WiiU",neither,0.037167738595478825,0.33469320140871056,0.6281390599958107
It's not as long as Super Street Fighter Gold Alpha Turbo 2 Collector's Edition: The Movie.,neither,0.037122302354357865,0.33763111962060516,0.6252465780250369
I only miss Game Engine every other week while i'm at my Pathfinder game!,neither,0.028667419928509238,0.34426380919941235,0.6270687708720785
"At the moment it´s more like Game Together, a subdivision of Game Engine :-D",neither,0.04391253691815378,0.28848749025770953,0.6675999728241366
hey,neither,0.03945320844208391,0.33037608806864915,0.630170703489267
and come E3 we'll have 2 new Switch versions,neither,0.03986560813575437,0.26685072818247896,0.6932836636817665
I´m also wearing glasses for about 2 weeks now.... kind of makes playing the Switch as portable much more enjoyable,neither,0.03375398421060732,0.33321638270162757,0.633029633087765
"I had a Playstation, Nintendo and an N-64. I also had an Atari 2600!",neither,0.03933293449327171,0.3030685404441989,0.6575985250625294
"Ms. ""Several snakes in my jacket pockets""",neither,0.03246562270808365,0.3822784724029135,0.5852559048890029
Hi @AReisC13,neither,0.03945320844208391,0.33037608806864915,0.630170703489267
See these people gonna play a game?,neither,0.08153488457068517,0.4010237229430318,0.517441392486283
Atari 2600 was my very first console too,neither,0.025904939037658278,0.40430268951842224,0.5697923714439194
^,neither,0.03945320844208391,0.33037608806864915,0.630170703489267
"Trisha, but CHAOS is so much more fun!",neither,0.04097069515445265,0.36500489528587216,0.5940244095596753
mine was the TurboGrafx-16 which NOBODY here knows. ...maybe Ossborn,neither,0.058849734985907474,0.39250868813405615,0.5486415768800363
"Does may dad's Pong machine count? It wasn't mine, and I'm not sure if it counts as a console if it only has one game with 3 total sprites.",neither,0.017737413755452243,0.45379537840507667,0.5284672078394711
2600 -> SNES -> PS2 -> Wii - 3DS -> PS4 for me,neither,0.029217372141234613,0.3372607815622338,0.6335218462965316
TurboGrafx-16 -> .... nothing :P,neither,0.036380396320057566,0.3825297291800404,0.581089874499902
Celador_Mythica subscribed at Tier 1.,neither,0.03853807016957085,0.358210604756348,0.6032513250740811
Do you have snakes in your bag?,neither,0.09862943918668302,0.325287594763033,0.576082966050284
gandsJohnson gandsBing gandsWisdom gandsBong gandsDick,neither,0.03945320844208391,0.33037608806864915,0.630170703489267
"@GeekandSundry in 1992, the U.K.'s monarch decided that she should start paying taxes. ... Queen Elizabeth is responsible for income taxes, capital gains taxes, and a council tax for places of residence.",neither,0.03972205033904282,0.33809855466493466,0.6221793949960225
"Well, Cinphoria, I heard that name at least",neither,0.03538941532052318,0.3880008317315177,0.5766097529479591
Morn_80 subscribed at Tier 1. They've subscribed for 44 months!,neither,0.02109000908695625,0.3145445573895783,0.6643654335234654
I am so enjoying this CHAOS!,neither,0.03918208559423384,0.367819619156355,0.5929982952494112
oh dang this is deep lore,neither,0.057181132892162506,0.2688198830133786,0.6739989840944589
shishHI trisha shishHI EK shishHI kahail and Denise,neither,0.03763944115734239,0.1918412352459551,0.7705193235967025
"Who could've known they'd play 8 seconds of game and stop to think about it? That, now, that's chaos theory.",neither,0.02573892545513755,0.3885640686652759,0.5856970058795866
The first time I saw Trisha was on LA by Night. This is character shock.,neither,0.03283258665474289,0.36767377460314515,0.599493638742112
Not according to the Mario Bros movie you can't,neither,0.05984947504608298,0.31681081685698476,0.6233397080969323
boosette ifdeezSquad,neither,0.03945320844208391,0.33037608806864915,0.630170703489267
Hehhehehehheheh,neither,0.03945320844208391,0.33037608806864915,0.630170703489267
"marine animals are weird, man",neither,0.06506557881981781,0.3456279233806891,0.5893064977994931
@mrny2cali the best canon jcvimTbag,neither,0.03652221034163643,0.28968136375604325,0.6737964259023204
play the game,neither,0.037647878890473906,0.2542885265364845,0.7080635945730417
There you go Princess Toadstool is a V,neither,0.07158722048555413,0.3300699748412222,0.5983428046732238
linkette,neither,0.03945320844208391,0.33037608806864915,0.630170703489267
screw the game we need to get to the bottom of this,neither,0.046641555668228106,0.28498938162411935,0.6683690627076525
"And if Princess Peach is a ""fake princess thing"".... does Mario know? Is he just attracted to trans mushrooms or is he in for a surprise someday?",neither,0.03622432783372497,0.376947695292407,0.586827976873868
Only Toadette can use the crown.,neither,0.014058241245979564,0.3995806351637663,0.5863611235902542
I so love the 4 of you together!,neither,0.05425587349289185,0.4432096688899356,0.5025344576171724
this game is so precious and pure,neither,0.04458281814415729,0.29813290294609307,0.6572842789097496
I missed Game Engine so much,neither,0.03575948299399119,0.3317764418242407,0.6324640751817682
Pure happy chaos,neither,0.03945320844208391,0.33037608806864915,0.630170703489267
Erika has the power of Coolness!,neither,0.03886572747583777,0.30313375256001185,0.6580005199641504
Love my Game Engine crew,neither,0.028308323969729512,0.3729538515097341,0.5987378245205364
Chobot? heck yeah,neither,0.023144578457473645,0.4440631255406231,0.5327922960019034
Awesome!,neither,0.03945320844208391,0.33037608806864915,0.630170703489267
yas screm,neither,0.03945320844208391,0.33037608806864915,0.630170703489267
Hi Jessica!,neither,0.03945320844208391,0.33037608806864915,0.630170703489267
"@Chix_with_Joystix Hi, Liz",neither,0.03945320844208391,0.33037608806864915,0.630170703489267
shishHI Hi Jess!,neither,0.03945320844208391,0.33037608806864915,0.630170703489267
Hey ASMRbot!,neither,0.03945320844208391,0.33037608806864915,0.630170703489267
