text,top_class,hate_speech,offensive_language,neither
"Thanks, as always, DAW!",neither,0.03269376477363106,0.41053027160206257,0.5567759636243063
Yeah me,offensive_language,0.011265993403779132,0.5336634839408749,0.4550705226553459
not anymore!,neither,0.03749663408228871,0.3377732371730527,0.6247301287446587
there we go,neither,0.04083933629015207,0.27628362646603744,0.6828770372438104
here we go!!,neither,0.13156755280784707,0.2765461283225309,0.5918863188696221
"!commands edit !wtfisthis Set in a mysterious curio shop, creator Deborah Ann Woll brings a unique twist to the world of Dungeons & Dragons with gripping storytelling and arcane objects. Join Woll and a party of special guests each week as they face her puzzles and challenges!",neither,0.04091938447439273,0.3660848130328391,0.5929958024927683
"@shidareAKI -> The command ""!wtfisthis"" has been edited successfully.",neither,0.038833348848055345,0.31701785589488446,0.6441487952570603
"Refresh, should be seeing a title card.",neither,0.04824835800163903,0.35807146270279533,0.5936801792955656
I have a logo,neither,0.03880155096072525,0.3414364162178106,0.6197620328214641
@debbers500 Hey Deborah,neither,0.03945320844208391,0.33037608806864915,0.630170703489267
Is everyone ready?,neither,0.041262036450053476,0.4450965041340042,0.5136414594159423
I have logo,neither,0.03880155096072525,0.3414364162178106,0.6197620328214641
bleh,neither,0.03945320844208391,0.33037608806864915,0.630170703489267
took me 5 refreshes.,neither,0.028167360180306734,0.3939425468836953,0.577890092935998
"!commands edit !whodat Tommy Walker ( twitter.com/TommyWalker24 ), Jasmine Bhullar ( twitter.com/ThatBronzeGirl ), Julia Dennis ( twitter.com/juliamdennis ), Xander Jeanneret ( twitter.com/Xanderrific ), and Deborah Ann Woll ( twitter.com/DeborahAnnWoll ), with Janina Gavankar ( twitter.com/janina ).",neither,0.036250207828560504,0.4620440801889845,0.501705711982455
"@shidareAKI -> The command ""!whodat"" has been edited successfully.",neither,0.038833348848055345,0.31701785589488446,0.6441487952570603
monkacalp,neither,0.03945320844208391,0.33037608806864915,0.630170703489267
woot,neither,0.03945320844208391,0.33037608806864915,0.630170703489267
Ready 👍🏻,neither,0.03945320844208391,0.33037608806864915,0.630170703489267
"I have one question DAW: Is there significance to the R&R ""Est. 1666"" and if so has that been revealed as of yet?",neither,0.030246920614365826,0.3966811084378155,0.5730719709478187
piboRant BONESAW'S READY,neither,0.03945320844208391,0.33037608806864915,0.630170703489267
"ok so let's review: gutters should be not much smaller than 3/8th inch, unless black on white or was it whit on black, god might read comics, and something else",offensive_language,0.17244620110169595,0.4717560167949536,0.35579778210335056
"Help G&S make great content! $4.99/month gets you emotes, Minecraft server access, sub-only VODs, and more! Every sub keeps the channel alive! twitch.tv/geekandsundry/subscribe",neither,0.043907990691603095,0.31135964332838284,0.644732365980014
@PAPerryman really good question,neither,0.03870349020982912,0.33063395054750283,0.630662559242668
bummer this is only an hour,neither,0.04617136043209795,0.32508678947838926,0.6287418500895128
@TheDiMono always unless it's Asinine Wisdom :P,neither,0.03667758650290419,0.3796146993948037,0.5837077141022922
"oh god, this episode",neither,0.04470866691786531,0.2810136240112267,0.6742777090709079
i literally cancelled plans last min cause i realized R&R was tonight and im sorry but im not gonna miss this,neither,0.031164563434442488,0.37244212486139805,0.5963933117041594
"hi, @debbers500 Even though I'm on vaca, i have to watch!",neither,0.04497751639814183,0.35307316723400123,0.601949316367857
baking again tonight glad to play this in the background while prepping orange chocolate shortbread cookies,neither,0.0398942870749474,0.32540543450111586,0.6347002784239367
Ok it is working now,neither,0.0464278428576485,0.32886815839388894,0.6247039987484626
"@PAPerryman that was G&S set design. They asked if I had a date and since it's a self contained world, I let them choose",neither,0.026081903658807044,0.37018391993380445,0.6037341764073885
Thanks @g0rmyr and great to see you!,neither,0.0594481512344903,0.2793445518364848,0.6612072969290248
"hi, friend <#",neither,0.03945320844208391,0.33037608806864915,0.630170703489267
<3,neither,0.03945320844208391,0.33037608806864915,0.630170703489267
@The1DreamWolf I hope this is relaxing for you,neither,0.10450781132414974,0.22492759428469056,0.6705645943911597
Hype!,neither,0.03945320844208391,0.33037608806864915,0.630170703489267
That's amazing. Thanks!,neither,0.03318068333273713,0.3559788451575265,0.6108404715097363
@Myladyfarangis Those sound delicious,neither,0.06435148546606662,0.2608735903417845,0.674774924192149
@Myladyfarangis knows how to do watch D&D,neither,0.05583816794941759,0.3230071400563602,0.6211546919942221
/sigh i hope they dont recast DD cast,neither,0.07393993942576363,0.22500700216415556,0.7010530584100808
selling off the props tho ;(,neither,0.035430699858547084,0.3239343060003758,0.6406349941410772
@Myladyfarangis Damn they sound nice. I'm hungrty now!,offensive_language,0.04485557667168402,0.7945050839429468,0.1606393393853691
@debbers500 this show gives me chiiiillllsss 😩,neither,0.04642445932499172,0.2905410864195591,0.663034454255449
@paulcallin83 Charlie played matt really well i thought,neither,0.0075640538040653744,0.03046590688282902,0.9619700393131057
Hushrye subscribed at Tier 1. They've subscribed for 2 months!,neither,0.018730042386447116,0.3124437755681934,0.6688261820453595
it would be cool to see the R&R opening by itself as a youtube video,neither,0.0447337659041062,0.3083041677829282,0.6469620663129656
@leffenizgod LEO'S not that handsome,neither,0.03490336124446424,0.37210004225717097,0.5929965964983649
@leffenizgod xander totally looks like leo !! nice one,neither,0.046922195151148906,0.367585643164504,0.585492161684347
omg this is the most epic dnd,neither,0.04448061134783904,0.3178621910350421,0.6376571976171188
hell of a set jez,offensive_language,0.041811341874571264,0.8021077344667442,0.1560809236586844
wasn't this an alpha exclusive show?,neither,0.05062239859113762,0.27202090536126233,0.6773566960476
"@Myladyfarangis ""the gold-pressed latinum falls mainly in the plain... for a price""",neither,0.03537573770947426,0.29814650247125335,0.6664777598192725
did this just start?!,neither,0.03376790025514439,0.3589591588467859,0.6072729408980696
isnt that the actor from punisher show,neither,0.04809688740998716,0.2753158659438745,0.6765872466461382
@mystic__spiral Yes,neither,0.03945320844208391,0.33037608806864915,0.630170703489267
!whodat,neither,0.03945320844208391,0.33037608806864915,0.630170703489267
"Tommy Walker ( twitter.com/TommyWalker24 ), Jasmine Bhullar ( twitter.com/ThatBronzeGirl ), Julia Dennis ( twitter.com/juliamdennis ), Xander Jeanneret ( twitter.com/Xanderrific ), and Deborah Ann Woll ( twitter.com/DeborahAnnWoll ), with Janina Gavankar ( twitter.com/janina ).",neither,0.03621917079189378,0.4634513491737497,0.5003294800343565
Lol @Deathstar_Taco,neither,0.020706217963973744,0.4882283491876925,0.4910654328483337
yup just commenced! @mystic__spiral,neither,0.0336947775755618,0.3578817457407385,0.6084234766836997
Eyyy that woman played Papi. Excited to see how Janina plays.,neither,0.0395994232721554,0.3757768270695765,0.5846237496582681
@trabladorr it was now it not,neither,0.03437356749717866,0.34021581714117655,0.6254106153616449
"Janina, Julia and Tommy have been playing in my home game together since they started playing about 3 years ago",neither,0.03270381385757033,0.3490023808346652,0.6182938053077645
Haha Xander has niow been compared to Leonardo Dicaprio and Bam Mergera LUL,neither,0.04034056180205568,0.34661665457187435,0.6130427836260699
Seems legit,neither,0.03945320844208391,0.33037608806864915,0.630170703489267
@debbers500 That is so cool,neither,0.04484023917792395,0.44498222505035095,0.5101775357717251
Hushrye is gifting 5 Tier 1 Subs to GeekandSundry's community! They've gifted a total of 31 in the channel!,neither,0.03273732137986023,0.3118025413993052,0.6554601372208345
Hushrye gifted a Tier 1 sub to GoatXYZ!,neither,0.04444518673407693,0.32743600166770886,0.6281188115982143
Hushrye gifted a Tier 1 sub to KittyKatCosplay!,neither,0.04444518673407693,0.32743600166770886,0.6281188115982143
Hushrye gifted a Tier 1 sub to Stefizhere!,neither,0.04444518673407693,0.32743600166770886,0.6281188115982143
Hushrye gifted a Tier 1 sub to Kkuehn75!,neither,0.04444518673407693,0.32743600166770886,0.6281188115982143
Hushrye gifted a Tier 1 sub to lemoyne!,neither,0.04444518673407693,0.32743600166770886,0.6281188115982143
tatzelthess subscribed at Tier 1. They've subscribed for 24 months!,neither,0.020096536573530378,0.31365721238885996,0.6662462510376096
@Ronin903468 It depends on the game and the hairstyle/wig :P,neither,0.03517201273840366,0.2714611664921279,0.6933668207694684
is this live?,neither,0.06264826366348325,0.3248039992423424,0.6125477370941744
@Deathstar_Taco sorry bro gotta use the extra cookies for an orange chocolate cheesecake tomorrow (that's all the wit i got),offensive_language,0.020820783218811003,0.5058660074597007,0.4733132093214884
Gift hrpgSub hrpgHyperHype x5,neither,0.03945320844208391,0.33037608806864915,0.630170703489267
@debbers500 do you just create an ability from the top of your head for the special items in the room or is it pre-thought out?,neither,0.07247222392389922,0.27469266337025355,0.6528351127058473
this is prerecorded,neither,0.06444388513749441,0.32581973129223984,0.6097363835702658
cool! Is it actually live? It was prerecorded on alpha,neither,0.04406326971848872,0.33924577744335627,0.6166909528381551
"@picklerick558 Yes, Deborah Ann Woll has been on Punisher and Daredevil and is also in the chat right now.",neither,0.040349784472093704,0.29543007107638647,0.6642201444515198
@debbers500 oh wow i didn't know yall playeed that long together,neither,0.028149634243692108,0.3742526382665938,0.597597727489714
@JeffM0307 Yep,neither,0.03945320844208391,0.33037608806864915,0.630170703489267
Gift Sub gandsHype,neither,0.03945320844208391,0.33037608806864915,0.630170703489267
"deborah was amazing on DD. I""m SO INTERESTED if she's a real DND master",offensive_language,0.024983916630800157,0.5188891833596266,0.4561269000095732
what episode is it on on alpha?,neither,0.044161694701557,0.34702989738836626,0.6088084079100767
@scarabcrow I pre created the 20 available trinkets,neither,0.0388068261926909,0.31863255029874465,0.6425606235085644
its prerecorded they cut to the people before they talk..,neither,0.03788016257647943,0.3721061100708552,0.5900137273526653
bing boop bop,neither,0.03945320844208391,0.33037608806864915,0.630170703489267
@mystic__spiral Spoilers: she is,offensive_language,0.06838151157248105,0.5467478077670651,0.384870680660454
"@trabladorr Still prerecorded. Episode 4, part 1",neither,0.038563236280610785,0.3454812382911074,0.6159555254282819
"@mystic__spiral hi, this is Deborah, and i am indeed real",neither,0.03860359251836421,0.39140966275788114,0.5699867447237545
"Hehheheh, i am already loving this",neither,0.03812224637349259,0.3498178805459867,0.6120598730805207
@debbers500 YOURE FUCKING AWESOME!,offensive_language,0.13215060094807546,0.8668308882850897,0.001018510766834804
"Very much, real",neither,0.027873261947177066,0.4728256141563624,0.4993011238964604
"@mystic__spiral thanks, enjoy the show",neither,0.05154630688437499,0.2232667989760416,0.7251868941395833
@Myladyfarangis fair enough... my your bake be cake(walk),neither,0.04880084939516482,0.38701297035420873,0.5641861802506264
i've always wanted to play DND but never the right circumstances,neither,0.0234836418480117,0.3776160105358528,0.5989003476161355
well thats weird..i was subscribed for like 30seconds there looks like,neither,0.050497571278338205,0.29765976958513163,0.6518426591365303
I love the concept of this show. It's like a TV series in D&D format,neither,0.05640947716155859,0.27979601046116215,0.6637945123772793
"@mystic__spiral keep trying, it's the most magical game",neither,0.037192709808751445,0.28620764156024914,0.6765996486309993
are these celebs actually playing dnd,neither,0.06537436325999295,0.34494256522828043,0.5896830715117266
it's just as difficult as finding a threesome,neither,0.033376045260345946,0.3865425652725708,0.5800813894670833
Im excited t o see Janina play she sounded soo adorable in that bts clip on youtube,neither,0.03616591396841543,0.4190568594320913,0.5447772265994932
"deb's in the chat, its reall guys",neither,0.034872214327449504,0.3223723406878299,0.6427554449847207
@RipperX8 yes they will,neither,0.04145803772247079,0.2963489029929944,0.6621930592845349
"@mystic__spiral I've rolled up like 5 paladins but only played two... and those were one session only as well, it is tough these days to get them up and running but nowadays we got internets and stuff",neither,0.045044586701885166,0.3501526602195445,0.6048027530785705
every magical game is better with Debbers!,neither,0.03520673028394658,0.3240091116733532,0.6407841580427002
internet dnd...interesting.,neither,0.03945320844208391,0.33037608806864915,0.630170703489267
@punknaught2020 aw shucks.,neither,0.03945320844208391,0.33037608806864915,0.630170703489267
such a cool item,neither,0.03967768233175086,0.3265661803308314,0.6337561373374178
Totally a thief training tool!,neither,0.03945320844208391,0.33037608806864915,0.630170703489267
lol,neither,0.020706217963973744,0.4882283491876925,0.4910654328483337
assuming they can pick the lock after locking it :P,neither,0.041110012810477395,0.2578201995221128,0.7010697876674098
The additon of the trinkets is top notch makes every ep varied.,neither,0.04358415562733856,0.3072143656616588,0.6492014787110025
I'm sure the key can open things if you set it to WUMBO.,neither,0.03401155671278316,0.47413034770864704,0.4918580955785699
To the game room!,neither,0.046290796439108085,0.25843807508197747,0.6952711284789145
Daredevil?,neither,0.03945320844208391,0.33037608806864915,0.630170703489267
joined late. is that the imperial from battle front?,neither,0.041817102015295815,0.33316801156419873,0.6250148864205054
lol was wonderiung how they were going to play,neither,0.03640857167137554,0.3839972758212122,0.5795941525074123
sa,neither,0.03945320844208391,0.33037608806864915,0.630170703489267
@punknaught2020 that's what I love too. The games change so much based on what they pick,neither,0.03935916218289723,0.34113752704176137,0.6195033107753414
set design is always super on point,neither,0.04152245324692687,0.3764039815490104,0.5820735652040628
@PanPeklo Yes,neither,0.03945320844208391,0.33037608806864915,0.630170703489267
as long as the thief in training doesn't get locked in their dependence on the key @Ronin903468,neither,0.035327436011109284,0.35577928091828964,0.6088932830706011
"I really like the fact that they have their magical ithem in their hands, that and the room change everytime",neither,0.03891483969489027,0.34686714584511763,0.614218014459992
dayum thats a long table,neither,0.03926754378881658,0.32882135616568803,0.6319111000454954
Karen Paige... >,neither,0.03945320844208391,0.33037608806864915,0.630170703489267
that room is sweet,neither,0.04375019980013214,0.3728963633013159,0.5833534368985519
Hey I know that lady from the television shows!,neither,0.036924244785700305,0.3354503400381213,0.6276254151761785
@nanders that's my best guess too!,neither,0.02330371642436043,0.46169330310554574,0.5150029804700939
hello all,neither,0.04217753453783664,0.43734383323855475,0.5204786322236087
i would be so good at this,neither,0.03730459993656108,0.4144672874703916,0.5482281125930475
It’s so cool,neither,0.037285084615035685,0.4009290718767237,0.5617858435082406
Hi @happytownonthehill,neither,0.03945320844208391,0.33037608806864915,0.630170703489267
hi @shidareaki <3,neither,0.03945320844208391,0.33037608806864915,0.630170703489267
@unight_ :),neither,0.03945320844208391,0.33037608806864915,0.630170703489267
sweetievibe subscribed with Twitch Prime. They've subscribed for 11 months!,neither,0.01819233148295946,0.323175542712437,0.6586321258046036
@g0rmyr new chat room who dis ;(,neither,0.04343236163054246,0.3053599386944411,0.6512076996750163
i love this set,neither,0.035563136888181954,0.350209349286263,0.6142275138255551
;),neither,0.03945320844208391,0.33037608806864915,0.630170703489267
!frontpage,neither,0.03945320844208391,0.33037608806864915,0.630170703489267
"We are on the front page, which means we have an influx of new people coming in here. Some are polite, some are not. Please let the mods handle those who are not. Sit back, enjoy the show, and DON'T FEED THE TROLLS.",neither,0.10504481977893397,0.20508308154005317,0.6898720986810128
this is really cool,neither,0.05051810247891452,0.328608480490784,0.6208734170303014
"holy shit, this is so good!",offensive_language,0.05273550280478176,0.9464237687451966,0.0008407284500215929
freeze frae to solve the puzzle yourself,neither,0.044026522359058455,0.31439835048444464,0.6415751271564968
FeelsBadMan i cant sub yet,neither,0.03945320844208391,0.33037608806864915,0.630170703489267
who is the DM?,neither,0.04968904493911268,0.38554412418613015,0.5647668308747572
"oh I thought this show was gonna be alpha only, looks cool",neither,0.05519864074527592,0.21845076247912845,0.7263505967755957
,neither,0.03945320844208391,0.33037608806864915,0.630170703489267
!whodat,neither,0.03945320844208391,0.33037608806864915,0.630170703489267
"Tommy Walker ( twitter.com/TommyWalker24 ), Jasmine Bhullar ( twitter.com/ThatBronzeGirl ), Julia Dennis ( twitter.com/juliamdennis ), Xander Jeanneret ( twitter.com/Xanderrific ), and Deborah Ann Woll ( twitter.com/DeborahAnnWoll ), with Janina Gavankar ( twitter.com/janina ).",neither,0.03621917079189378,0.4634513491737497,0.5003294800343565
!whodat,neither,0.03945320844208391,0.33037608806864915,0.630170703489267
this is professional production quality,neither,0.046559150932858055,0.3292977604391643,0.6241430886279777
@debbers500 Props for using centimeter,neither,0.032393879064313284,0.3572019373281778,0.610404183607509
@runekiller13 me! welcome! let me know if you have Q's,offensive_language,0.015121618808147644,0.5158727129615349,0.4690056682303174
Deborah Ann Woll is the DM,neither,0.0465883036197532,0.3118870856945272,0.6415246106857196
They went all out for this set y’all,neither,0.03295601651797177,0.4396819449881262,0.5273620384939021
CURSE of the 1!!,neither,0.03837597586870413,0.31056701161180056,0.6510570125194954
i would say this door looks uninteresting and move on hahahah,neither,0.03650043704624995,0.3094984006383102,0.6540011623154399
Whyyyy,neither,0.03945320844208391,0.33037608806864915,0.630170703489267
"GM: ""These look like they can be depressed."" Me: (suppresses smartass comment deliberately misinterpretting)",neither,0.049440199123203354,0.42283491042918525,0.5277248904476113
Welcome to the show with 1!,neither,0.047994270755372805,0.26480400165394713,0.68720172759068
Intelligence: 0,neither,0.03945320844208391,0.33037608806864915,0.630170703489267
gandsOne gandsOne gandsOne gandsOne gandsOne gandsOne gandsOne,neither,0.03945320844208391,0.33037608806864915,0.630170703489267
"omg, how this is always happening",neither,0.044451222355606015,0.37497690625657926,0.5805718713878147
Brain implodes when trying to investigate,neither,0.036014497096042174,0.36732034572776384,0.596665157176194
"considering the high quality content non-Alpha GnS gifted us, I am not surprised how great Alpha content could attain",neither,0.047381436615066795,0.34384470861199956,0.6087738547729338
wyrmwoSad1,neither,0.03945320844208391,0.33037608806864915,0.630170703489267
WRONG PUSH,neither,0.03945320844208391,0.33037608806864915,0.630170703489267
Sanabalis subscribed at Tier 1. They've subscribed for 32 months!,neither,0.020894353282624248,0.31436957840503327,0.6647360683123426
I can't tell if they're faking not understanding what the symbols are ?,neither,0.054421387170935,0.3049989302823479,0.6405796825467169
"@deathstar_taco the production quality at Alpha was second to none, it’s a bummer to lose it",neither,0.04395691914990548,0.33173515494566086,0.6243079259044336
"gonna need woll to put out a tweet lol, dunno if really her, could be a changeling!",offensive_language,0.01907109979694809,0.6004897689817889,0.38043913122126305
Someone must be letting Wil Wheaton sneak on to the set.,neither,0.04233910307803432,0.31684847755875417,0.6408124193632114
WRONG,neither,0.03945320844208391,0.33037608806864915,0.630170703489267
Janina never played before right?,neither,0.031347799089307064,0.4454694536786817,0.5231827472320113
