text,top_class,hate_speech,offensive_language,neither
Invictus13307 subscribed with Twitch Prime. They've subscribed for 8 months!,neither,0.017135853092050617,0.3228815153557895,0.6599826315521599
Thank you anonymous gifter for your generosity!,neither,0.08387793441644192,0.33637771217980555,0.5797443534037524
Ready to see how Minesy is doing this week!,neither,0.05333985939295099,0.32552595487589786,0.6211341857311512
Who *was* that anonymous stranger . . .,neither,0.03650766368720913,0.4218268599145891,0.5416654763982017
Is everyone ready?,neither,0.041262036450053476,0.4450965041340042,0.5136414594159423
Never,neither,0.030459082922392345,0.4239770323623975,0.5455638847152102
YAY!,neither,0.03945320844208391,0.33037608806864915,0.630170703489267
gandsFacepalm gandsFacepalm gandsFacepalm,neither,0.03945320844208391,0.33037608806864915,0.630170703489267
ramaO a tiara,neither,0.03945320844208391,0.33037608806864915,0.630170703489267
OMG ITS HEATHER,neither,0.033871301030118525,0.33229596198935163,0.6338327369805298
gandsHype gandsHype gandsHype gandsHype,neither,0.03945320844208391,0.33037608806864915,0.630170703489267
These folks are True-Goo RPG heroes.,neither,0.07096842532224464,0.34810596077718764,0.5809256139005677
"10 bits they don’t even jump off the rails, they just start 1 mile left of the rails to begin with",neither,0.03305101074997879,0.34987527002716434,0.6170737192228568
Future Girl Reunion!,neither,0.03366268784328948,0.38723579393706964,0.5791015182196411
Future Girl reunion!,neither,0.03366268784328948,0.38723579393706964,0.5791015182196411
Vikiiiinnngg.,neither,0.03945320844208391,0.33037608806864915,0.630170703489267
"Hi Amy, Whitney, Gina, Heather and Stef!",neither,0.03891754084514696,0.30414295886531384,0.6569395002895392
!respect,neither,0.03945320844208391,0.33037608806864915,0.630170703489267
"If you would like to share opinions on our hosts, guests or fellow viewers, please do so in a respectful manner. Don't make them feel uncomfortable.",neither,0.04843323757214918,0.39559142321184637,0.5559753392160044
LUL WHITNEY,neither,0.03945320844208391,0.33037608806864915,0.630170703489267
@livesparke what's a rail? Don't think I've ever seen one,neither,0.024996056541014146,0.3292817603820343,0.6457221830769515
TBD RPG... the G stands for Goo,neither,0.03178485501432406,0.27963361079769017,0.6885815341879857
"check out Future Girl here, http://bit.ly/1U6LQdy",neither,0.053972591417092895,0.2852837149553779,0.6607436936275292
So much Future Girl HYPE!!!!!!,neither,0.03096848032778474,0.42261969844484987,0.5464118212273655
blondi3HYPE blondi3HYPE blondi3HYPE blondi3HYPE,neither,0.03945320844208391,0.33037608806864915,0.630170703489267
"Yay, first time I actually remembered the new start time without missing the first couple minutes.",neither,0.03260818416945632,0.29309229722929625,0.6742995186012475
GOOD JOB gina be safe,neither,0.0392518085088844,0.33465442556572306,0.6260937659253925
The rails are on the Game Engine set. This set is rail-free.,neither,0.05332775641592479,0.27641262057624166,0.6702596230078336
"Help G&S make great content! $4.99/month gets you emotes, Minecraft server access, sub-only VODs, and more! Every sub keeps the channel alive! twitch.tv/geekandsundry/subscribe",neither,0.043907990691603095,0.31135964332838284,0.644732365980014
!Phrasing,neither,0.03945320844208391,0.33037608806864915,0.630170703489267
Danger Zoooooonnnneee!,neither,0.03945320844208391,0.33037608806864915,0.630170703489267
!whodat,neither,0.03945320844208391,0.33037608806864915,0.630170703489267
"Gina DeVivo ( twitter.com/pocketgina ) as the Story Teller, with Amy Dallen ( twitter.com/enthusiamy ) as Roxy Graves, Stef Woodburn ( twitter.com/StefWoodburn ) as Prince Al Ean, Heather Wood ( twitter.com/Heather__Wood ) as Urga, and Whitney Moore ( twitter.com/TweetneyMoore ) as Ice_Girl_93.",neither,0.034968555701717786,0.4570889119257444,0.5079425323725378
It is goo big down!,neither,0.02533175332645994,0.4111430156380861,0.5635252310354539
The goo cup looks suspiciously similar to Stef's tea cup. Taking bets that she accidentally drinks out of the wrong one at some point,neither,0.034345495864090685,0.3984436351823382,0.5672108689535712
"Not true, Whitney",neither,0.038170226404624,0.3351944068097373,0.6266353667856387
LA BY NIGHT cant wait for that on the internets amy,neither,0.028643425233118983,0.3589215209503981,0.6124350538164829
"Puns are LIFE, Puns are LOVE!!!!!",neither,0.104576212373921,0.30400721784138096,0.591416569784698
sandmanHEY5,neither,0.03945320844208391,0.33037608806864915,0.630170703489267
Sometimes a killer pun is sitting right there waiting for you. You gotta take it.,neither,0.0556368985660404,0.3602678823592512,0.5840952190747083
"I gotta start LA by night, I haven’t seen any of it yettt",neither,0.03307897224607048,0.38142702356880864,0.5854940041851209
stefFremen stefFremen,neither,0.03945320844208391,0.33037608806864915,0.630170703489267
Last night I tried ten different puns to get someone to laugh. No pun in ten did.,neither,0.040977174667189135,0.33731251191656575,0.621710313416245
Hmm. Midseason recasting.,neither,0.03945320844208391,0.33037608806864915,0.630170703489267
awesome puns!,neither,0.03945320844208391,0.33037608806864915,0.630170703489267
BANNED. ^,neither,0.03945320844208391,0.33037608806864915,0.630170703489267
https://clips.twitch.tv/InquisitiveMotionlessFrogBCouch,neither,0.03945320844208391,0.33037608806864915,0.630170703489267
!points @TheDiMono,neither,0.03945320844208391,0.33037608806864915,0.630170703489267
"That was an excellent pun, @TheDiMono! Here, have some points for that one! You have been awarded 51 points!",neither,0.050805666259642904,0.3851811885541635,0.5640131451861937
"Good. Bad. When telling a pun, commit to it as if it's your life's porpoise.",neither,0.032508355828179625,0.4355479236326514,0.5319437205391689
"Im confused, so what are they playing?",neither,0.06942875303177179,0.35506513701187553,0.5755061099563527
Sensation!,neither,0.03945320844208391,0.33037608806864915,0.630170703489267
@TheDiMono you are banned from life for 5 minutes,neither,0.0666679103163966,0.3338515501688857,0.5994805395147177
!wtfisthis,neither,0.03945320844208391,0.33037608806864915,0.630170703489267
"Allow Geek & Sundry to take you by the hand and guide you from game to game in our new programming block, TBD RPG! This show is the space to see every possible sort of Role Playing Game, and the cast is currently playing the Weave RPG!",neither,0.06556019375782646,0.233311417536628,0.7011283887055455
!weave,neither,0.03945320844208391,0.33037608806864915,0.630170703489267
gandsFacepalm gandsFacepalm gandsFacepalm,neither,0.03945320844208391,0.33037608806864915,0.630170703489267
"Weave is a 21st century storytelling platform for everyone. With just two decks of cards and a handful of dice, you and your friends can create adventures in any genre, from sci-fi to high school comedy. When combined with the free companion app, Weave provides all the power you'll need to discover new worlds, imagine amazing characters, and save your stories online in minutes. You can find more information at: https://monoclesociety.com/",neither,0.05518230705223139,0.35254272173036755,0.592274971217401
!points @Lei_Hng_Wei,neither,0.03945320844208391,0.33037608806864915,0.630170703489267
whitney's probably anti pun because bridemic is like one long pun,neither,0.04692239012247875,0.3589348937124628,0.5941427161650584
!weave,neither,0.03945320844208391,0.33037608806864915,0.630170703489267
"That was an excellent pun, @Lei_Hng_Wei! Here, have some points for that one! You have been awarded 17 points!",neither,0.05028957640842011,0.38306140444113307,0.5666490191504467
@TheDiMono What punishment,neither,0.045915666119560924,0.3257693565681219,0.6283149773123172
thundercabbage1 subscribed at Tier 1. They've subscribed for 23 months!,neither,0.020825380451553185,0.31430791656949075,0.664866702978956
@KBTibbs It was a real gut punch,neither,0.0322541964978234,0.43776358951287375,0.5299822139893029
Hi there OWLMcCree,neither,0.039369405442012055,0.27395600237499595,0.686674592182992
Weird is the normal on this show!,neither,0.057454302247829075,0.26038028525899776,0.6821654124931733
Hi @gabrielxdesign,neither,0.03945320844208391,0.33037608806864915,0.630170703489267
be one with the goo,neither,0.02162543275648722,0.4199162979477438,0.5584582692957689
Again? The Goo?,neither,0.03482756473532172,0.35773327362649604,0.6074391616381823
"When my jokes don't land, I usually try to go back to the pundamentals.",neither,0.03323473059207189,0.40257686880102905,0.564188400606899
Still goo.,neither,0.03727668703704674,0.36731733658035887,0.5954059763825943
!points @KBTibbs,neither,0.03945320844208391,0.33037608806864915,0.630170703489267
@KBTibbs 20 to life with no chance of punroll,neither,0.03130690930941272,0.42062444735131677,0.5480686433392704
"That was an excellent pun, @KBTibbs! Here, have some points for that one! You have been awarded 48 points!",neither,0.050169273600559075,0.38256261623107957,0.5672681101683612
"@gabrielxdesign Yes, the goo continues",neither,0.038503382960424534,0.3129754021079544,0.6485212149316211
monkaS,neither,0.03945320844208391,0.33037608806864915,0.630170703489267
All Goo all the time.,offensive_language,0.04150134023549581,0.5431329249578116,0.41536573480669253
@TheDiMono !! Look what you've done to @KBTibbs !,neither,0.03672680415120709,0.3590313644281541,0.6042418314206387
"Well, I should begin with ""Goo'd evening!"" then OWLReinhardt",neither,0.03881839851988655,0.38782035373978885,0.5733612477403245
CHAOS rulez!,neither,0.03945320844208391,0.33037608806864915,0.630170703489267
@Zismarith I'm not apologizing,neither,0.03784067986855553,0.3364517609015645,0.6257075592298801
!points @gabrielxdesign,neither,0.03945320844208391,0.33037608806864915,0.630170703489267
"That was an excellent pun, @gabrielxdesign! Here, have some points for that one! You have been awarded 28 points!",neither,0.05013159713977728,0.3824060414238869,0.5674623614363358
Pundertaking is my passion,neither,0.033882632961137304,0.4282613125859576,0.5378560544529051
"Everybody goo surfin', surfin g.o.o. :P",neither,0.03945320844208391,0.33037608806864915,0.630170703489267
"Disappointed they didn't address Ice_Girl_93's goo clone as, Goo_Girl_93.",neither,0.02693476039944084,0.3905548777525259,0.5825103618480332
!points @KBTibbs,neither,0.03945320844208391,0.33037608806864915,0.630170703489267
"That was an excellent pun, @KBTibbs! Here, have some points for that one! You have been awarded 53 points!",neither,0.049980789310414435,0.3817775744187309,0.5682416362708548
fondestgreetings subscribed at Tier 1. They've subscribed for 3 months!,neither,0.018730042386447116,0.3124437755681934,0.6688261820453595
!points @Lei_Hng_Wei,neither,0.03945320844208391,0.33037608806864915,0.630170703489267
"That was an excellent pun, @Lei_Hng_Wei! Here, have some points for that one! You have been awarded 93 points!",neither,0.049980789310414435,0.3817775744187309,0.5682416362708548
we've already got a really Goo show tonight,neither,0.02521956416028485,0.2891427756611235,0.6856376601785916
!points @Critternation3000,neither,0.03945320844208391,0.33037608806864915,0.630170703489267
"That was an excellent pun, @Critternation3000! Here, have some points for that one! You have been awarded 97 points!",neither,0.049980789310414435,0.3817775744187309,0.5682416362708548
CantFoldThis subscribed with Twitch Prime.,neither,0.030186173588972614,0.3621416721941929,0.6076721542168345
SOOO SUCCESS,neither,0.03945320844208391,0.33037608806864915,0.630170703489267
<3 <3 <3,neither,0.03945320844208391,0.33037608806864915,0.630170703489267
Wow,neither,0.03945320844208391,0.33037608806864915,0.630170703489267
hi,neither,0.03945320844208391,0.33037608806864915,0.630170703489267
whoisthebest,neither,0.03945320844208391,0.33037608806864915,0.630170703489267
Stef is the best! ❤,neither,0.05135998456280659,0.2889087219359037,0.6597312935012896
Stef Woodburn rocks!,neither,0.03945320844208391,0.33037608806864915,0.630170703489267
"With 7 successes, that goo lion should last through the NEXT gamr",neither,0.035286777267627474,0.40035777788481974,0.5643554448475527
game*,neither,0.03826383497213389,0.24674689817812728,0.7149892668497387
who says Stef doesn't get along with cats?,neither,0.033425324656010724,0.291374977225448,0.6751996981185413
it's been awhile since whitney played a shy character,neither,0.04015862423980698,0.18346478566998245,0.7763765900902106
Critical Role and Talks Machina moved to Critical Role's Twitch channel on 02/19/19. For more information please see this link: https://critrole.com/critical-role-talks-machina-broadcast-updates/. All previously aired content will continue to be available in the Geek & Sundry Twitch library and on YouTube. Both shows will continue to be hosted here on Geek & Sundry's Twitch when those episodes are streamed live.,neither,0.05428901989152002,0.2988094175756187,0.6469015625328612
I beWeave it!,neither,0.034373745257138544,0.33212314837979673,0.6335031063630647
Weaving you say Gina?,neither,0.058264326221952184,0.3829617249453902,0.5587739488326576
@super390 seattle cat population,neither,0.03945320844208391,0.33037608806864915,0.630170703489267
ResidentSleeper,neither,0.03945320844208391,0.33037608806864915,0.630170703489267
Ice_Girl_93 is Labnormally shy with the Goo!,neither,0.03736015848964178,0.08197674994094323,0.8806630915694149
Got em!,neither,0.037235888655093,0.41074631341732787,0.5520177979275792
!points Stef,neither,0.03945320844208391,0.33037608806864915,0.630170703489267
"That was an excellent pun, Stef! Here, have some points for that one! You have been awarded 103 points!",neither,0.049980789310414435,0.3817775744187309,0.5682416362708548
High ground is tactically sound.,neither,0.0433722606205791,0.40459627254530894,0.552031466834112
