text,top_class,hate_speech,offensive_language,neither
unfortunately LAbN starts too late for me i have work tomorrow. so i don't need that discord server right now anyway,neither,0.029947762030626213,0.39261541558940144,0.5774368223799723
@justinpsluder you are correct. Copy does need to be updated for the year,neither,0.05188365303416409,0.3817757166083654,0.5663406303574704
perfectcosima subscribed at Tier 1. They've subscribed for 14 months!,neither,0.020463746737079205,0.31398483330232535,0.6655514199605954
"super390 subscribed at Tier 1. They've subscribed for 27 months, currently on a 25 month streak!",neither,0.02399564381324711,0.32435543975619757,0.6516489164305552
yay Aki! Glad you're around! Hope the move went smooth!,neither,0.09244396652694034,0.2530742094213256,0.654481824051734
Hi @SoTStats,neither,0.03945320844208391,0.33037608806864915,0.630170703489267
"I have pudding, good ladies, sirs, and enbys!",neither,0.037703391858156965,0.3041423664143667,0.6581542417274764
Stream up!,neither,0.03635641562019727,0.3937768671741043,0.5698667172056985
"Woah, no C6 this week?",neither,0.03856412044564734,0.34546623170295016,0.6159696478514025
Hype!,neither,0.03945320844208391,0.33037608806864915,0.630170703489267
aha ok i think i did that rught,neither,0.036371598454935705,0.3611123187395667,0.6025160828054975
Critical Role and Talks Machina moved to Critical Role's Twitch channel on 02/19/19. For more information please see this link: https://critrole.com/critical-role-talks-machina-broadcast-updates/. All previously aired content will continue to be available in the Geek & Sundry Twitch library and on YouTube. Both shows will continue to be hosted here on Geek & Sundry's Twitch when those episodes are streamed live.,neither,0.05428901989152002,0.2988094175756187,0.6469015625328612
kamabrChathug kamabrChathug kamabrChathug,neither,0.03945320844208391,0.33037608806864915,0.630170703489267
It's on the title card right now,neither,0.034590511853013595,0.3435562548952613,0.6218532332517251
"Refresh, @ExcessiveWarlock",neither,0.03945320844208391,0.33037608806864915,0.630170703489267
check that @JustinPSluder i'm not convinced we'll be in 2020 very long. Time travel and all that. We might be looping back to that alley. Speculation not spoilage. i honestly don't know it's just how i'd do this.,neither,0.034832924563923506,0.40522470161469915,0.5599423738213772
Good (insert appropriate time frame) folks.,neither,0.03835575099969313,0.34252453013434075,0.619119718865966
Hello SuperPunk,neither,0.03945320844208391,0.33037608806864915,0.630170703489267
Refresh if you don't see it.,neither,0.03277806589008819,0.4296889665098736,0.5375329676000382
:),neither,0.03945320844208391,0.33037608806864915,0.630170703489267
<3 <3 <3,neither,0.03945320844208391,0.33037608806864915,0.630170703489267
Hi folks! :D,neither,0.03945320844208391,0.33037608806864915,0.630170703489267
Woot,neither,0.03945320844208391,0.33037608806864915,0.630170703489267
Hello @MonteCookGames,neither,0.03945320844208391,0.33037608806864915,0.630170703489267
"hello from France, Super Punks",neither,0.04017413929962158,0.3181400099366244,0.6416858507637541
Greetings Superpunks,neither,0.03945320844208391,0.33037608806864915,0.630170703489267
oddSetthevibe gandsHype gandsC6 gandsXP,neither,0.03945320844208391,0.33037608806864915,0.630170703489267
hello all.,neither,0.04217753453783664,0.43734383323855475,0.5204786322236087
jcvimHi,neither,0.03945320844208391,0.33037608806864915,0.630170703489267
thuluHEY @MonteCookGames,neither,0.03945320844208391,0.33037608806864915,0.630170703489267
evening @MonteCookGames,neither,0.03945320844208391,0.33037608806864915,0.630170703489267
thanks,neither,0.035884468650613,0.3004919205142699,0.6636236108351171
So excited!,neither,0.03940839469474773,0.3948270312238364,0.565764574081416
We have a subscriber-only Discord server! Join here: https://discord.gg/geekandsundry (you'll need to sub and link it to your Twitch) and be a part of the fun!...Warning: It can take up to an hour for the server to update and give you access to the channels,neither,0.08464076273808444,0.286394834032893,0.6289644032290227
hello super punks! how are we doing?,neither,0.05658972352861066,0.30039374983304806,0.6430165266383414
"We can't believe we're nearing the end of the seaon, eeek!",neither,0.04966416063687498,0.2911950151677192,0.6591408241954058
"Good evening, geeks! Well, it's evening for me",neither,0.03093393913893058,0.3352841828270594,0.63378187803401
Avenger1735 subscribed at Tier 1. They've subscribed for 34 months! Full cast tonight hype??,neither,0.029886585272686526,0.3070513789780597,0.6630620357492537
tiberiusfrench subscribed with Twitch Prime.,neither,0.030186173588972614,0.3621416721941929,0.6076721542168345
anyone else have trouble finding back shows on Twitch? ProjectAlpha wasn't the best searchy thingy but it wasn't as much of a headache as Twitch is for me.,neither,0.03206820861711464,0.3572914396296669,0.6106403517532185
Hello from Sweden!,neither,0.040875471929787875,0.3062365648703896,0.6528879631998226
FortOne gandsTeamNoStream critroleBrian critroleStay critroleTurnt,neither,0.03945320844208391,0.33037608806864915,0.630170703489267
Cross fingers for a season 3.,neither,0.03462853858034537,0.30210344165743974,0.6632680197622148
,neither,0.03945320844208391,0.33037608806864915,0.630170703489267
Hi @MonteCookGames @flamingidiot25 @Jukry @elizabethjoy77 @Geekouts @ken_abides,neither,0.03945320844208391,0.33037608806864915,0.630170703489267
Callisto 6 has a top 5 Ship to me.,neither,0.0385246740896817,0.3560027263880646,0.6054725995222537
Can I just say that I love the fact that @MonteCookGames is in chat for every single episode of this show.,neither,0.038874029952674284,0.32484941313684146,0.6362765569104842
!vodlist @ZachsMind,neither,0.03945320844208391,0.33037608806864915,0.630170703489267
Want to quickly find highlighted episodes of the Twitch shows? Use this link to find a sheet listing episodes of the shows with their links. http://bit.ly/GnSVODList,neither,0.02971044143559742,0.2696434525609633,0.7006461060034392
@starpilotsix Crossing my fingers,neither,0.029083465848382586,0.4103560894018559,0.5605604447497615
"Help G&S make great content! $4.99/month gets you emotes, Minecraft server access, sub-only VODs, and more! Every sub keeps the channel alive! twitch.tv/geekandsundry/subscribe",neither,0.043907990691603095,0.31135964332838284,0.644732365980014
@ZachsMind I noticed they uploaded a bunch of collections but still waiting for acbc,neither,0.03451527053854363,0.3949826145584125,0.5705021149030439
aha and ther eI am,neither,0.038623993944976606,0.2971634166747885,0.6642125893802349
Howdy folks.,neither,0.03945320844208391,0.33037608806864915,0.630170703489267
eeeeekkkkkkk,neither,0.03945320844208391,0.33037608806864915,0.630170703489267
i think i heard a bonnie snort,neither,0.039946824015107546,0.3219981435604467,0.6380550324244457
2120 PogChamp,neither,0.03945320844208391,0.33037608806864915,0.630170703489267
oh wow. thanks @Ossborn,neither,0.042590406079560245,0.25609882248598276,0.7013107714344571
We count ourselves lucky to be here!,neither,0.09592372665744141,0.29493542817035945,0.6091408451721992
Hello Everyone,neither,0.03269494828970791,0.4450814005079928,0.5222236512022994
ramaWave hi superpunks,neither,0.03945320844208391,0.33037608806864915,0.630170703489267
HI HECTOR!!!,neither,0.03945320844208391,0.33037608806864915,0.630170703489267
Hi @Liselle129 @Broken_Orange_Pekoe @MJRinDeWitt @Lei_Hng_Wei @KBTibbs,neither,0.03945320844208391,0.33037608806864915,0.630170703489267
forestfieldforestfield subscribed with Twitch Prime. They've subscribed for 30 months!,neither,0.01818054871583182,0.3231721518884405,0.6586472993957277
I'm so excited to see more graffitipunk,neither,0.04908068217186658,0.3638732072653792,0.5870461105627544
lmaoooo hector,neither,0.03945320844208391,0.33037608806864915,0.630170703489267
Hi @perfectcosima,neither,0.03945320844208391,0.33037608806864915,0.630170703489267
Awww no Aliza,neither,0.038465455673613855,0.34714083037889465,0.6143937139474915
,neither,0.03945320844208391,0.33037608806864915,0.630170703489267
5?,neither,0.03945320844208391,0.33037608806864915,0.630170703489267
#SamPuns,neither,0.03945320844208391,0.33037608806864915,0.630170703489267
"You know what to do, let us know what you think, register your opinion in the chat. For more #SamPuns or just general Sam facts, check them out on Twitter: twitter.com/ChaiKovsky !",neither,0.0798755427415867,0.44361081478174763,0.4765136424766655
hello,neither,0.03945320844208391,0.33037608806864915,0.630170703489267
oh Sam,neither,0.0461327075271576,0.2673899063118408,0.6864773861610016
hi punks!,neither,0.03945320844208391,0.33037608806864915,0.630170703489267
Hi @Hurga,neither,0.03945320844208391,0.33037608806864915,0.630170703489267
AAAAAAAAAAAAAAA,neither,0.03945320844208391,0.33037608806864915,0.630170703489267
More like PencilUltimate,neither,0.0714038965299214,0.3428782749306524,0.5857178285394262
Hi @lemoneaterl,neither,0.03945320844208391,0.33037608806864915,0.630170703489267
Spaaaace!,neither,0.03945320844208391,0.33037608806864915,0.630170703489267
GOOOD EVENING SUPERPUNKS!,neither,0.03945320844208391,0.33037608806864915,0.630170703489267
But yay Xander!,neither,0.0353039498233502,0.3428324126737443,0.6218636375029055
SPACE!!!,neither,0.03945320844208391,0.33037608806864915,0.630170703489267
AHH,neither,0.03945320844208391,0.33037608806864915,0.630170703489267
SPAAAAAACE!,neither,0.03945320844208391,0.33037608806864915,0.630170703489267
Hi @DarkestArgentum,neither,0.03945320844208391,0.33037608806864915,0.630170703489267
TO YOU DIE IN HOME!?!,neither,0.37559131333638435,0.11111362248412025,0.5132950641794954
Hi @MonteCookGames,neither,0.03945320844208391,0.33037608806864915,0.630170703489267
nuqueer missiles launched.,neither,0.03945320844208391,0.33037608806864915,0.630170703489267
...no behind the shield tho. that might explain it.,neither,0.03139990189612383,0.3679434403441977,0.6006566577596785
taking a break from catching up on Shield of Tomorrow to watch Callisto live lol,neither,0.04158815185872822,0.3916156961538284,0.5667961519874434
loony!,neither,0.03945320844208391,0.33037608806864915,0.630170703489267
"Greetings, 5up3rpunk5",neither,0.03945320844208391,0.33037608806864915,0.630170703489267
"Are we *finally* going to steal the Moon, or are we going on another Feels Trip? {:3",neither,0.094939418070196,0.2745513593880265,0.6305092225417774
Space...the usual frontier....,neither,0.03866446523013375,0.3159916032197419,0.6453439315501244
Hey everybodyyyy!,neither,0.03945320844208391,0.33037608806864915,0.630170703489267
Aww. No Oya it seems. A Shame,neither,0.03767849730039379,0.3419801070847367,0.6203413956148695
Hi @Tigie444,neither,0.03945320844208391,0.33037608806864915,0.630170703489267
"If not now, probably sometime this weekend",neither,0.02469911774659087,0.3917080242122104,0.5835928580411988
!vodlist,neither,0.03945320844208391,0.33037608806864915,0.630170703489267
..no oya? i haz a sad nao.,neither,0.038177026920873595,0.3520362190519587,0.6097867540271678
Is it just me or is the video framerate really wonky?,neither,0.04521855396297945,0.28028917097303013,0.6744922750639903
"@ZachsMind they could tottaly do ""live from raft city"" as an after show",neither,0.055303561882328656,0.2811546598259978,0.6635417782916736
"Eric could run a prehistoric, no magic, no tech game and this cast would make their way to space LUL",neither,0.040620459607685906,0.30516502649365324,0.6542145138986608
"Space, space, going to space!",neither,0.041600305622206166,0.3410182509696259,0.6173814434081678
Is @MonteCookGames here?,neither,0.23309924666169,0.22544613742661174,0.5414546159116982
Heya @Celador_Mythica,neither,0.03945320844208391,0.33037608806864915,0.630170703489267
i was trying to find the Behind the Shields on Twitch but no joy thought it was cuz I was stupid but might just not be on Twitch.,neither,0.05911074317631668,0.23918496948460216,0.7017042873390813
"I feel like this okiedokie US launch should be commemorated, we've been hearing abt it so long",neither,0.05307070032555077,0.3812081724898813,0.5657211271845679
"Oh, HE HAS THE CUBE. Soon I shall have mine.",neither,0.045575249644526604,0.28899412530524576,0.6654306250502275
@highvoltage988 LOL the question is how long would it take them,neither,0.046856290986404786,0.34614234239475455,0.6070013666188407
Someday we shall play Invisible Sun with these kids!,neither,0.03701542535972282,0.39505073680400915,0.5679338378362679
Two cringe jokes already. I’m happy,neither,0.039127677115282596,0.3359012042535315,0.6249711186311858
That is so pretty {:3 <3,neither,0.04495171482084668,0.4469679792097139,0.5080803059694394
...did that one guy have a Book for WINGS!?,neither,0.031329365529717816,0.37181199964612377,0.5968586348241584
OMG this art <3,neither,0.0393514555721409,0.3321030998254118,0.6285454446024474
@MonteCookGames Looking forward to it!,neither,0.04505748290179047,0.32668397205134037,0.6282585450468692
"@MonteCookGames Sam, Eric, and Taliesin would be a great and terrifying group",neither,0.03751945010404846,0.27054369549756285,0.6919368543983886
back!,neither,0.03945320844208391,0.33037608806864915,0.630170703489267
Just In Case people had pressing questions that only Monte Cook Games could answer,neither,0.04920004305329985,0.3659241454144083,0.5848758115322917
I hope we get to Watch,neither,0.11427489174427521,0.20232971179843856,0.6833953964572862
Dark Sun was the old D&D setting,neither,0.038697691396627626,0.31973910137808875,0.6415632072252836
I hope they have a season 3,neither,0.08492899963644591,0.2053935250596962,0.7096774753038578
@CarolineTheGeek Absolutely <3,neither,0.03945320844208391,0.33037608806864915,0.630170703489267
I really hope Eric runs a Changeling game too,neither,0.06488598407861226,0.21839194383889932,0.7167220720824883
Gamer_27 subscribed with Twitch Prime. They've subscribed for 13 months!,neither,0.018395409525177608,0.3232343455971076,0.6583702448777148
Black Sun is the criminal syndicate from Shadow of the Empire,neither,0.0586495736366345,0.28336142983002177,0.6579889965333438
That art is pretty!,neither,0.04354635340767989,0.3710616618912892,0.5853919847010309
Invisible Sun artwork is so cool - very surreal,neither,0.04543922518549875,0.361743264530483,0.5928175102840183
could you post all those links?,neither,0.08742134635244715,0.37359862107800096,0.5389800325695518
@SoTStats there was a 4E version of Dark Sun,neither,0.0393015909479149,0.29921245512644146,0.6614859539256436
!invisiblesun,neither,0.03945320844208391,0.33037608806864915,0.630170703489267
"Invisible Sun reprint Black Cubes and new supplements are on preorder now and coming in hot! Invisible Sun is a game of surreal fantasy, magic, and secrets. The Black Cube was designed with the tactile in mind: tokens, props, handouts, a glittering six-fingered hand statue. Preorders for the Black Cube are live now, and for a limited time come with the PDF free! For more information: mymcg.info/invisible",neither,0.05202319681356066,0.24499548339887814,0.7029813197875613
I wonder what kind of inate abilities Bookheads have :3,neither,0.04453142880574008,0.3355261933566336,0.6199423778376264
Black Hole Sun was a song by Soundgarden,neither,0.05648031103627191,0.3619023417823403,0.5816173471813878
those folks with books for heads setting unrealistic expectations of beauty,neither,0.04052883360220593,0.2990824731284316,0.6603886932693624
"FrankieDooSpace subscribed at Tier 1. They've subscribed for 19 months, currently on a 19 month streak! FrankieDooSpace OokieDookie SUB vieHype franki9Hi franki9Love here for #Calisto6 & the community.",neither,0.035003787834717706,0.29812468317630353,0.6668715289889788
hey peeps gandsC6,neither,0.03945320844208391,0.33037608806864915,0.630170703489267
Hi @Gamer_27,neither,0.03945320844208391,0.33037608806864915,0.630170703489267
And Dark Sun is a campaign setting for D&D,neither,0.039949444706912994,0.2834914509899992,0.6765591043030877
"@lemoneaterl yeah I'd like LAbN to expand into the greater World of Darkness, bringing back JCM for the Garou game and Eric running Changeling",neither,0.03406225190094777,0.3245367241394029,0.6414010239596495
DAW is another fabulous GM!,neither,0.09389553372087639,0.2632591670951928,0.6428452991839307
and Eric knows Sam....that is saying a lot,neither,0.035485901215404424,0.33139439025456685,0.6331197085300287
@highvoltage988 that would be amazing,neither,0.03487030481715295,0.37603773224807246,0.5890919629347745
We need Debra and Erika in the same room at the same time,neither,0.0373090447424264,0.32117224873231365,0.6415187065252599
Congealed sunlight!,neither,0.03945320844208391,0.33037608806864915,0.630170703489267
congealed sunlight wearing shoes is such a good way of describing someone,neither,0.044573097118604105,0.3265051898851396,0.6289217129962562
Yea i saw DAW on an old Law and order episode as a junkie and it jsut felt WRONG,neither,0.03582735182346672,0.31398615179292366,0.6501864963836097
Wow,neither,0.03945320844208391,0.33037608806864915,0.630170703489267
accurate,neither,0.03945320844208391,0.33037608806864915,0.630170703489267
This is going a weird place.,neither,0.049514798378621626,0.30391429567916545,0.6465709059422129
"yay, late but I made it",neither,0.03533634106716816,0.33949408361174016,0.6251695753210917
gandsHype gandsHype gandsHype gandsHype,neither,0.03945320844208391,0.33037608806864915,0.630170703489267
Deborah is delight-Woll. ;-),neither,0.0495192247997867,0.32691392345999004,0.6235668517402233
"""congealed sunlight wearing shoes"" love that!",neither,0.03271336786170901,0.3871773883220974,0.5801092438161936
!points @Lei_Hng_Wei,neither,0.03945320844208391,0.33037608806864915,0.630170703489267
"That was an excellent pun, @Lei_Hng_Wei! Here, have some points for that one! You have been awarded 30 points!",neither,0.05037983996645441,0.3834344862531679,0.5661856737803777
"""congeled mexican Sexyness"" someone make Hector a shirt that says that",neither,0.03613752672354331,0.392596386345329,0.5712660869311277
!points @Lei_Hng_Wei,neither,0.03945320844208391,0.33037608806864915,0.630170703489267
WAT??,neither,0.03945320844208391,0.33037608806864915,0.630170703489267
I have seen Shazam and I had SO MUCH FUN,neither,0.03464254272566035,0.3419952989301128,0.6233621583442269
congealed sunlight is a good descriptor for Amy too!,neither,0.03991396143470565,0.304200547188817,0.6558854913764774
Sexy + Mexican = Sexican,neither,0.04379909281591075,0.32888133914934364,0.6273195680347456
"how about ""condensed"" .... might sound a little better",neither,0.03774382280119227,0.3593888235356123,0.6028673536631953
Debra and Sam and Erika re the triforce of happiness and joy it seems :D,neither,0.04685284814644552,0.23968273864648054,0.7134644132070739
I didn't realize just how much I missed hector omg,neither,0.023251111601076586,0.3969934876990793,0.5797554006998442
may have to pop down to ravencon,neither,0.05623291787335698,0.28503741165435315,0.6587296704722897
Amy's smile is a ray of sunlight on a cloudy day!,neither,0.04349970380874224,0.3275165736603793,0.6289837225308783
this whole cast is congealed sunlight in shoes. some might be sunspots in shoes.,neither,0.038987172146411175,0.33964088026341255,0.6213719475901761
Anthios30 subscribed at Tier 1. They've subscribed for 24 months!,neither,0.020096536573530378,0.31365721238885996,0.6662462510376096
hector is legitimately one of my fave players @perfectcosima,neither,0.03553124635081481,0.41031768194505663,0.5541510717041286
snort,neither,0.03945320844208391,0.33037608806864915,0.630170703489267
"1 snort laugh, it counts",neither,0.038331435281574296,0.33076191729813254,0.6309066474202931
Sam threatening shower caps again:),neither,0.03825473002472319,0.35071739459068946,0.6110278753845874
@chaoticloony The sun wishes it was that joyful.,neither,0.0342002034926264,0.3543301708241635,0.6114696256832101
count begins at appearance of Eric,neither,0.03894672279201683,0.3458163587233271,0.6152369184846561
WATCH ALPHA,neither,0.045847159412640344,0.3281769151314005,0.6259759254559591
rip alpha ramaThump ramaLove,neither,0.03945320844208391,0.33037608806864915,0.630170703489267
he's such a generous and thoughtful player,neither,0.038562955745809965,0.3715766481395343,0.5898603961146558
@KBTibbs For sure,neither,0.02401742335574164,0.4711104313852341,0.5048721452590242
@SoTStats they only count when the credits roll,neither,0.031771401574467804,0.3537098423984524,0.61451875602708
#TheEyeShinesBright,neither,0.03945320844208391,0.33037608806864915,0.630170703489267
THANK YOU FOR ALPHA!,neither,0.04733907576824228,0.34705860287089885,0.6056023213608589
#TheEyeShinesBright,neither,0.03945320844208391,0.33037608806864915,0.630170703489267
adore her snorts. does she do that cuz she knows it's cute or can she not help it?,offensive_language,0.02752042467248765,0.6578374483719373,0.314642126955575
*waves*,neither,0.03945320844208391,0.33037608806864915,0.630170703489267
Part of me wants a alpha twitch badge....,neither,0.03490304590130583,0.35440584433459826,0.610691109764096
I tried switching over my Alpha account but I was an hour late! :-P,neither,0.02926816408412657,0.38772851091633703,0.5830033249995364
Hey everybody! We like to dabble in both chats because we love you all,neither,0.06235497187724133,0.43034441622402253,0.5073006118987363
THANK YOU ALPHA (I have in fact just moved over from Alpha),neither,0.042893909112443375,0.3641993475983905,0.5929067432891661
@ZachsMind Probably both!,neither,0.03787455200218327,0.35717000781876745,0.6049554401790493
We are NOT robbing a moon!,neither,0.059611981210043616,0.2977639594572498,0.6426240593327066
Need to catch up on both Sagas of Sundry and We're Alive: Frontier,neither,0.052583739565910795,0.32371473449628047,0.6237015259378088
"powers that be, can we have an alpha comic book twitch collection pleeeease?",neither,0.03774109125724438,0.3531910460385845,0.609067862704171
Amy just welcomed me! I think i may faint,neither,0.032529915122692175,0.3496544896846828,0.617815595192625
Not robbing a moon. ;-),neither,0.038229213907919224,0.33497020836174285,0.626800577730338
Oh right G&S is no longer violating Twitch policy as of today,neither,0.04419193395643082,0.32546572048790284,0.6303423455556664
SAM YOU BEAUTIFUL PERSON YOU!!!!! that was a perfect introduction,neither,0.06367462919672463,0.4453384431905219,0.49098692761275337
Don’t confess to crimes gandsSaxHype,neither,0.04730568069045549,0.3258110358245596,0.6268832834849848
Totally not robbing a moon,neither,0.03841487829538587,0.3342662376511536,0.6273188840534606
We're going to SPAAAAAAAAACE!,neither,0.07876242392454062,0.32433115967320847,0.596906416402251
what's wrong with the music?,neither,0.03153097845779919,0.3493596750377516,0.6191093465044492
I have Alpha for Vast,neither,0.03415282160066413,0.31309702836332326,0.6527501500360126
We are borrowing it then? For an undefined period of time?,neither,0.051470744801634515,0.28152552756767873,0.6670037276306868
woohoo I made it!!,neither,0.03801613068430404,0.33087036500761613,0.6311135043080799
Excited!Sam is EXCITED! TwitchUnity gandsC6,neither,0.044954876751480646,0.32848381205473237,0.626561311193787
"We are not robbing a museum,",neither,0.05795375150998983,0.3001040166471155,0.6419422318428946
"... And I know they can't say, for legal reasons, but we are *totally* stealing the Moon ;3 gandsC6 <3",neither,0.045188656694821076,0.26673071105597984,0.688080632249199
SPAAAAAACE!,neither,0.03945320844208391,0.33037608806864915,0.630170703489267
I'm thinking it's intentional distortion? Eeek!,neither,0.038081229153727754,0.3308479746588517,0.6310707961874205
@ZachsMind reload it's fine,neither,0.03718045079254588,0.33115779364299663,0.6316617555644574
We are not robbing a Markeia,neither,0.06539117144875817,0.28996697251842246,0.6446418560328194
I think I switched my Alpha sub to twitch? But I still don't see it in my account,neither,0.0288247351085786,0.422023814290021,0.5491514506014004
Every episode keeps reminding me I need to get my Cass cosplay together but I keep not working on it and working on other cosplays,neither,0.029308346815856243,0.3827390775303999,0.5879525756537439
Markeia is hiding the moon under that haircut!,neither,0.04148987088123334,0.34609100622557265,0.6124191228931941
Who are you Hakeem Sophia. What is the nature of your existence. Are you god?,neither,0.19271388197514308,0.3324707123357608,0.4748154056890961
Con Crud is the real supervillain,neither,0.0385589074814975,0.4392834111719478,0.5221576813465547
Oh man that intro Markeia,neither,0.040713583943696195,0.3845381284295057,0.5747482876267981
Hydrate! Hygene!,neither,0.03945320844208391,0.33037608806864915,0.630170703489267
"bold topknot choice, hakeem",neither,0.03945320844208391,0.33037608806864915,0.630170703489267
@darkestargentum I thought they were grandfathered because Im pretty sure that rule came into effect after alpha....🥴,neither,0.03591461401870667,0.37707427704370866,0.5870111089375846
"there's so much on Alpha I wanted to see but never could afford to (or squeeze it all into a free trial period). Apparently it's coming to Twitch now, and thanks to Prime sub I may finally be able to catch it all",neither,0.04397855146334386,0.36013189764989895,0.5958895508867573
What's with the coconut hat?,neither,0.03298040283456729,0.3455816766964846,0.6214379204689482
"That's not a topknot, that's a topball!",neither,0.026385726517439416,0.4641860290441035,0.509428244438457
Markeia's hair always looks so great,neither,0.03581907471269744,0.3963543735640301,0.5678265517232726
Could be wrong...,neither,0.04008131285657441,0.33563575356993886,0.6242829335734867
I think she is something like tails or maybe this has all already happened and she is just the narrator @KBTibbs,neither,0.05552733358491697,0.4638398616845061,0.48063280473057685
Markeia is very fashionable.,neither,0.05316448349253936,0.3256601518400187,0.6211753646674419
@VermillionCrimson indeed,neither,0.03945320844208391,0.33037608806864915,0.630170703489267
,neither,0.03945320844208391,0.33037608806864915,0.630170703489267
Cass breaks all the barriers,neither,0.04034846186190782,0.3983977317614947,0.5612538063765975
I think Markeia is growing an extra brain which is how she knows everything that's going on.,neither,0.04440731173099164,0.40816492027431545,0.547427767994693
GINA!,neither,0.03945320844208391,0.33037608806864915,0.630170703489267
,neither,0.03945320844208391,0.33037608806864915,0.630170703489267
gandsFacepalm,neither,0.03945320844208391,0.33037608806864915,0.630170703489267
EXCUSE ME?,neither,0.029243390474319758,0.3872845028060931,0.5834721067195873
