text,top_class,hate_speech,offensive_language,neither
Twitter says nothing about skipping out on GE.,neither,0.03189961554188681,0.4666071345628007,0.5014932498953125
"Oh, well there ya go then.",offensive_language,0.03013376240579847,0.4985617227015042,0.47130451489269737
Titlecard is up,neither,0.053823407769846156,0.4564160934029835,0.48976049882717027
SeemsGood,neither,0.03945320844208391,0.33037608806864915,0.630170703489267
jcvimHi all,offensive_language,0.046917543854519406,0.6277741405869331,0.3253083155585475
hmm. Risk of Rain 1 was fun - not sure about 2 being 3D,neither,0.03231783137994433,0.4351458039813315,0.5325363646387241
!whodat,neither,0.03945320844208391,0.33037608806864915,0.630170703489267
"Erika Ishii ( twitter.com/erikaishii ), Trisha Hershberger ( twitter.com/thatgrltrish ), Khail Anonymous ( twitter.com/khailanonymous ), and Jessica Chobot ( twitter.com/jessicachobot).",neither,0.03835276968375396,0.45343578840492205,0.5082114419113238
yo,offensive_language,0.04010381111145228,0.5271105317972344,0.4327856570913131
First,neither,0.02604892428726219,0.3349864360510187,0.6389646396617191
I'm first boii,neither,0.02604892428726219,0.3349864360510187,0.6389646396617191
"I think I have Risk Of Rain 1 in my ""pile of shame"" in my Stream library...",neither,0.02894616878223649,0.4115635595729311,0.5594902716448324
hello,neither,0.03945320844208391,0.33037608806864915,0.630170703489267
No! I am first!,neither,0.029108803135941854,0.3529627117881695,0.6179284850758886
"Got it gifted on a strteam, played it for 5 minutes",neither,0.03093586592405722,0.3493679417954424,0.6196961922805003
duncRoll1,neither,0.03945320844208391,0.33037608806864915,0.630170703489267
"ryan_witalison subscribed at Tier 1. They've subscribed for 54 months, currently on a 39 month streak!",neither,0.023552108568860905,0.3242039435962109,0.6522439478349282
howdy @RageQuitArenas,neither,0.03945320844208391,0.33037608806864915,0.630170703489267
Lukee first,neither,0.02604892428726219,0.3349864360510187,0.6389646396617191
"I got hooked for like 2-3 days, have like 10 or so hours in it",neither,0.0461073422908473,0.3930913661265643,0.5608012915825885
gandsGameEngine shishHI,neither,0.03945320844208391,0.33037608806864915,0.630170703489267
!humblewood,neither,0.03945320844208391,0.33037608806864915,0.630170703489267
"From the Deck of Many comes Humblewood, an exciting campaign setting for Dungeons & Dragons 5th Edition now live on Kickstarter. Humblewood includes original birdfolk player races (like the crow-like Corvum, or the owl-like Strig), to new monsters, magic items, and even a compelling adventure for 1st to 5th level characters. More information here: https://bit.ly/2UUa9Qh",neither,0.05959678980783048,0.2140183530588735,0.7263848571332961
Yes,neither,0.03945320844208391,0.33037608806864915,0.630170703489267
Kenku but Wol like? I´m already in love with that ^^,neither,0.026397095316974654,0.47314545586680723,0.5004574488162182
Wol? Owl!,neither,0.03945320844208391,0.33037608806864915,0.630170703489267
higgledyjigger subscribed at Tier 1. They've subscribed for 25 months! It's a my silver month anniversary!!,neither,0.02001793120553312,0.358657841072736,0.6213242277217309
smol wol,neither,0.03945320844208391,0.33037608806864915,0.630170703489267
I’m not here,neither,0.15672747980783405,0.25879016340297706,0.584482356789189
smol owol?,neither,0.03945320844208391,0.33037608806864915,0.630170703489267
"But in Life, you dont return to the starting point when you die...",neither,0.15444197274390534,0.3053025861033489,0.5402554411527458
stem is down right now tho...,neither,0.04247113798355764,0.35824818601596425,0.5992806760004781
*steam,neither,0.03945320844208391,0.33037608806864915,0.630170703489267
I haven't even heard of the first Risk of Rain much less Risk of Rain 2,neither,0.034424856062344536,0.33153094749267265,0.6340441964449828
Big tip: DONT DIE 😉p,neither,0.13389198228184948,0.19434553066914254,0.671762487049008
big fan of November Rain,neither,0.02710648895222413,0.37916625819426036,0.5937272528535156
Pro Tip: bring an umbrella,neither,0.03968385867473336,0.3264613516714477,0.633854789653819
"Only played the first Risk Of rain for 5 minutes... 2-3 years ago, so nope, can´t help :-P",neither,0.032590728881105833,0.32703912429043624,0.6403701468284579
"""Not local CoOp"" - facepalm",neither,0.037669622845166034,0.3371076585598575,0.6252227185949765
Hmmm,neither,0.03945320844208391,0.33037608806864915,0.630170703489267
Morn_80 subscribed at Tier 1. They've subscribed for 62 months! 62 months? sure Ill click that button LUL,neither,0.02574050191626436,0.38269723948142625,0.5915622586023094
I may not have played it,neither,0.0376086367186818,0.3201992513517617,0.6421921119295566
oh hey look at that sword @PAPerryman,neither,0.0412402974256694,0.3434372274313446,0.615322475142986
Ain't it purdy?,offensive_language,0.007989805628502353,0.7409054926763416,0.2511047016951561
yep,neither,0.03945320844208391,0.33037608806864915,0.630170703489267
I like your's too!,neither,0.16266094543505066,0.3384926646640866,0.4988463899008626
this game is designed to kill you,hate_speech,0.46484881344869855,0.1713241789055693,0.3638270076457323
why thank you,neither,0.042037819057933905,0.44351449294807255,0.5144476879939935
Its one of those games that is permanent in my computer.,neither,0.04261806808889141,0.38830991054516345,0.569072021365945
Ded,neither,0.03945320844208391,0.33037608806864915,0.630170703489267
,neither,0.03945320844208391,0.33037608806864915,0.630170703489267
Jess got one,neither,0.037252225358095074,0.41052941749617433,0.5522183571457308
Nice new sword @PAPerryman,neither,0.04291870493454722,0.24408394366402686,0.712997351401426
gandsLessthanthree gandsGandsModAlert gandsLessthanthree,neither,0.03945320844208391,0.33037608806864915,0.630170703489267
Pc game. I’m out,neither,0.0343590566127874,0.30395425018569483,0.6616866932015177
get the jcvimLoot to buy the jewellery,neither,0.045563280487403955,0.2970733510480503,0.6573633684645457
mouse is way easier,neither,0.04682842086818975,0.328618651093951,0.6245529280378593
"I have you to thank, Danoba. Hope to be of useful service,",neither,0.09941694293192684,0.2829657956137613,0.617617261454312
I like controller,neither,0.05243838686756891,0.3489271222005886,0.5986344909318426
