text,top_class,hate_speech,offensive_language,neither
ClockworkArchangel13 subscribed with Twitch Prime.,neither,0.030186173588972614,0.3621416721941929,0.6076721542168345
Goozilla here we come!,neither,0.11423757551800723,0.31294809861130973,0.572814325870683
Crossbowbb36 is continuing the Gift Sub they got from GeekandSundry!,neither,0.04534387014731863,0.33709337941832296,0.6175627504343585
gandsGoo2 gandsGoo,neither,0.03945320844208391,0.33037608806864915,0.630170703489267
They've got friendly goo and a city to save. I'm keeping my fingers crossed for a walking Statue of Liberty. lol,neither,0.02192260120411654,0.3665312150545708,0.6115461837413126
"TBD RPG 8:30-10:30pm, Pacific time - Hosts jump into one of the many fantastical worlds of the Weave RPG.",neither,0.037572354119782304,0.3394165532526808,0.623011092627537
!clock gandsGoo gandsGoo2,neither,0.03945320844208391,0.33037608806864915,0.630170703489267
It is currently Wednesday 8:30 PM at the Geek & Sundry studio in California.,neither,0.05148693356662975,0.32960739719545884,0.6189056692379113
I never got my gift sub from Alpha :-(,neither,0.028901844070440556,0.4377488472952671,0.5333493086342924
RIP Alpha,neither,0.03945320844208391,0.33037608806864915,0.630170703489267
"Oh no, try contacting G&S support?",neither,0.06963183989346956,0.29352889612059824,0.6368392639859322
ClockworkArchangel13 converted from a Twitch Prime sub to a Tier 1 sub!,neither,0.043404596088905956,0.3191712663656506,0.6374241375454435
ewwww,neither,0.03945320844208391,0.33037608806864915,0.630170703489267
gandsGoo gandsFacepalm gandsHappy stefFremen gandsGoo2,neither,0.03945320844208391,0.33037608806864915,0.630170703489267
,neither,0.03945320844208391,0.33037608806864915,0.630170703489267
@doranwolfwood We can chat about it via whispers if you would like.,neither,0.04321488613153521,0.23616043931323377,0.720624674555231
"Hi Amy, Whitney, Gina, Becca and Stef",neither,0.03882788631130355,0.299422105481188,0.6617500082075084
I got this GandsAlpha,neither,0.036308635412296675,0.4409647681728332,0.5227265964148701
whitney <3,neither,0.03945320844208391,0.33037608806864915,0.630170703489267
haleofawulf86 subscribed at Tier 1. They've subscribed for 61 months!,neither,0.02109000908695625,0.3145445573895783,0.6643654335234654
!humblewood,neither,0.03945320844208391,0.33037608806864915,0.630170703489267
"From the Deck of Many comes Humblewood, an exciting campaign setting for Dungeons & Dragons 5th Edition now live on Kickstarter. Humblewood includes original birdfolk player races (like the crow-like Corvum, or the owl-like Strig), to new monsters, magic items, and even a compelling adventure for 1st to 5th level characters. More information here: https://bit.ly/2UUa9Qh",neither,0.05959678980783048,0.2140183530588735,0.7263848571332961
gandsHype gandsHype gandsHype,neither,0.03945320844208391,0.33037608806864915,0.630170703489267
Diggin the bow.,neither,0.038618257863057705,0.3151295286444912,0.6462522134924511
FirstClone subscribed at Tier 1. They've subscribed for 23 months!,neither,0.020825380451553185,0.31430791656949075,0.664866702978956
Becca is back,neither,0.05875706531986774,0.3237366064983911,0.6175063281817412
ramaO amy got some new hair,neither,0.03418132485932337,0.30185397918161133,0.6639646959590654
and Gina is gone. *shrug* lol,neither,0.03799555515560226,0.3412417063509473,0.6207627384934504
"Ooo, new goo in a bottle.",neither,0.04272635456201763,0.24904509215143772,0.7082285532865447
SkinnerSweet subscribed with Twitch Prime.,neither,0.030186173588972614,0.3621416721941929,0.6076721542168345
LOL,neither,0.020706217963973744,0.4882283491876925,0.4910654328483337
"Oh right, Goozilla!",neither,0.046546136717205866,0.2792779416222994,0.6741759216604947
XD,neither,0.03945320844208391,0.33037608806864915,0.630170703489267
gogina!,neither,0.03945320844208391,0.33037608806864915,0.630170703489267
it's a ginasaurus,neither,0.034373745257138544,0.33212314837979673,0.6335031063630647
gandsFacepalm gandsFacepalm gandsFacepalm gandsFacepalm gandsFacepalm gandsFacepalm gandsFacepalm gandsFacepalm gandsFacepalm gandsFacepalm gandsFacepalm gandsFacepalm,neither,0.03945320844208391,0.33037608806864915,0.630170703489267
GINAZILLA,neither,0.03945320844208391,0.33037608806864915,0.630170703489267
I see Gina has revealed her true form tonight.,neither,0.03027389986460164,0.4675620530116464,0.502164047123752
Gin-zilla lol,neither,0.03067274384572663,0.3948916229673822,0.5744356331868913
!points Gina,neither,0.03945320844208391,0.33037608806864915,0.630170703489267
"That was an excellent pun, Gina! Here, have some points for that one! You have been awarded 52 points!",neither,0.05007717625884537,0.38217957336812336,0.5677432503730313
Go-Jina!,neither,0.04276165647058889,0.34190019769565555,0.6153381458337556
The Attack of the Onesies (1971),neither,0.03750296805452416,0.29338088492866493,0.6691161470168109
I want to see Murray run a 1-shot!,neither,0.04499023152819661,0.32410016902903943,0.630909599442764
Hey @Zismarith,neither,0.03945320844208391,0.33037608806864915,0.630170703489267
Ice_Girl_91 vs Goozilla: muckbang ASMR?,neither,0.03945320844208391,0.33037608806864915,0.630170703489267
Goodmorning everyone,neither,0.033219361956460275,0.4361807319725941,0.5305999060709456
https://clips.twitch.tv/HumbleNimbleChowderLeeroyJenkins,neither,0.03945320844208391,0.33037608806864915,0.630170703489267
Hi @basboumans,neither,0.03945320844208391,0.33037608806864915,0.630170703489267
what the fuck is this?,offensive_language,0.2970489361552025,0.7029351106598204,1.5953184977101437e-05
gandsApplaud gandsApplaud gandsApplaud gandsApplaud,neither,0.03945320844208391,0.33037608806864915,0.630170703489267
https://clips.twitch.tv/GlutenFreeResoluteQueleaSSSsss,neither,0.03945320844208391,0.33037608806864915,0.630170703489267
information at: https://monoclesociety.com/,neither,0.03879995198411851,0.3502731494369358,0.6109268985789457
this Jreally reminds me of Reptar from the Rugrats,neither,0.03227631006023513,0.3369111810058262,0.6308125089339388
"BD RPG 8:30-10:30pm, Hosts jump into one of the many fantastical worlds of the Weave RPG.",neither,0.03809942387174544,0.32966374323327563,0.6322368328949789
Hey @Danoba,neither,0.03945320844208391,0.33037608806864915,0.630170703489267
!frontpage,neither,0.03945320844208391,0.33037608806864915,0.630170703489267
"We are on the front page, which means we have an influx of new people coming in here. Some are polite, some are not. Please let the mods handle those who are not. Sit back, enjoy the show, and DON'T FEED THE TROLLS.",neither,0.10504481977893397,0.20508308154005317,0.6898720986810128
Hey @SprinklesTheDragonCat,neither,0.03945320844208391,0.33037608806864915,0.630170703489267
LUL,neither,0.03945320844208391,0.33037608806864915,0.630170703489267
whattttt is this,neither,0.06444388513749441,0.32581973129223984,0.6097363835702658
"Whoops, missed the start",neither,0.03867323983810305,0.3161550313409536,0.6451717288209434
!wtfisthis,neither,0.03945320844208391,0.33037608806864915,0.630170703489267
"Allow Geek & Sundry to take you by the hand and guide you from game to game in our new programming block, TBD RPG! This show is the space to see every possible sort of Role Playing Game, and the cast is currently playing the Weave RPG!",neither,0.06556019375782646,0.233311417536628,0.7011283887055455
PogChamp is that Hilary Duff Double PogChamp,neither,0.04219412660890282,0.358416238456059,0.5993896349350382
Was just watching Whitney and Amy on DC Daily,neither,0.0346218799454846,0.3278562771282834,0.637521842926232
sushiThink,neither,0.03945320844208391,0.33037608806864915,0.630170703489267
@Danoba I sent you a couple whispers,neither,0.053672579768390016,0.37076622704348,0.57556119318813
sodaLaugh,neither,0.03945320844208391,0.33037608806864915,0.630170703489267
Urga looks more Becca and less Viking this week...,neither,0.04029453441850393,0.28717787749293666,0.6725275880885593
"@doranwolfwood Thanks, I did see and respond.",neither,0.03707027521303656,0.28120942295475887,0.6817203018322047
Is Minesy the Lion still around?,neither,0.04544660155966397,0.32647008364564617,0.6280833147946897
"That ""Prince Al Ean"" gal is smoking hot! Who is she really?",neither,0.05140523174000825,0.3954834836334438,0.553111284626548
enchanting? enchanting!,neither,0.03945320844208391,0.33037608806864915,0.630170703489267
!whodat,neither,0.03945320844208391,0.33037608806864915,0.630170703489267
"Gina DeVivo ( twitter.com/pocketgina ) as the Story Teller, with Amy Dallen ( twitter.com/enthusiamy ) as Roxy Graves, Stef Woodburn ( twitter.com/StefWoodburn ) as Prince Al Ean, Becca Scott ( twitter.com/thebeccascott ) as Urga, and Whitney Moore ( twitter.com/TweetneyMoore ) as Ice_Girl_93.",neither,0.03490058116935028,0.4591288879517098,0.50597053087894
Becca looks like cave boy band singer. LOL!,neither,0.04050277771671858,0.37828902636262673,0.5812081959206546
Urga got a side cut,neither,0.03154827535751985,0.433485223564003,0.5349665010784771
Critical Role and Talks Machina moved to Critical Role's Twitch channel on 02/19/19. For more information please see this link: https://critrole.com/critical-role-talks-machina-broadcast-updates/. All previously aired content will continue to be available in the Geek & Sundry Twitch library and on YouTube. Both shows will continue to be hosted here on Geek & Sundry's Twitch when those episodes are streamed live.,neither,0.05428901989152002,0.2988094175756187,0.6469015625328612
thanks jeff,neither,0.037181452258443805,0.3113526942653659,0.6514658534761905
"TBD RPG - Wednesdays 8:30-10:30pm, Pacific time Hosts jump into one of the many fantastical worlds of the Weave RPG. system information at: https://monoclesociety.com/",neither,0.03757794694134293,0.3474870437512085,0.6149350093074487
!wtfisthis,neither,0.03945320844208391,0.33037608806864915,0.630170703489267
"Allow Geek & Sundry to take you by the hand and guide you from game to game in our new programming block, TBD RPG! This show is the space to see every possible sort of Role Playing Game, and the cast is currently playing the Weave RPG!",neither,0.06556019375782646,0.233311417536628,0.7011283887055455
AMY has to keep the hair color !!! It's so FUN!!!,neither,0.04342692313629761,0.34156892641239633,0.6150041504513061
"breathe Amy, breathe",neither,0.03945320844208391,0.33037608806864915,0.630170703489267
Goozilla is HYPE,neither,0.05142790244426832,0.3262574416944894,0.6223146558612423
absolutely!,neither,0.03945320844208391,0.33037608806864915,0.630170703489267
What you gonna GOOOOOOOO. When Gooooozilla runs wild on you,offensive_language,0.05878715122048557,0.5081028462756262,0.43311000250388826
Absorbed a video store lol,neither,0.06724070386564479,0.2768058673530191,0.655953428781336
?,neither,0.03945320844208391,0.33037608806864915,0.630170703489267
gandsGoo gandsGoo2 gandsGoo gandsGoo2,neither,0.03945320844208391,0.33037608806864915,0.630170703489267
:(,neither,0.03945320844208391,0.33037608806864915,0.630170703489267
the SIGN LOLOL,neither,0.03857016447320617,0.3142296173269503,0.6472002181998436
Who you gonna call?? GOOBUSTERS!,offensive_language,0.06437963306911625,0.5812535602809248,0.35436680664995895
Urga never gets to do anything,neither,0.04351991844913397,0.368551598063411,0.5879284834874551
!points @Lei_Hng_Wei,neither,0.03945320844208391,0.33037608806864915,0.630170703489267
"That was an excellent pun, @Lei_Hng_Wei! Here, have some points for that one! You have been awarded 88 points!",neither,0.05003766897837674,0.38201493930407926,0.5679473917175439
Sticky fingers? Becca? Nah...,neither,0.03945320844208391,0.33037608806864915,0.630170703489267
@KBTibbs she never gets to act on her Urgas.,offensive_language,0.031065363096182453,0.6716920731235462,0.29724256378027136
"@Lei_Hng_Wei ""When someone asks you if you're an Alien Prince... YOU SAY YES!""",neither,0.059260265248896354,0.4652943623637726,0.47544537238733103
This is already fantastic!,neither,0.04649514435208573,0.34715332962688983,0.6063515260210245
!points @super390,neither,0.03945320844208391,0.33037608806864915,0.630170703489267
"That was an excellent pun, @super390! Here, have some points for that one! You have been awarded 41 points!",neither,0.050805666259642904,0.3851811885541635,0.5640131451861937
Whitney should have sticky fingers. She enjoys playing with that blob of gloop far too much.,neither,0.03464908431039506,0.46538680307262836,0.49996411261697654
why does goozilla look so familiar was she on good mythical morning?,neither,0.027891495217089956,0.43621919389735053,0.5358893108855595
i love them so much #trans,neither,0.044828924423245854,0.37923932678120675,0.5759317487955473
well... it is Whitney :D it's rather on brand,neither,0.04072646553760264,0.3386711437588043,0.6206023907035929
"""I forgot to do that cuz I'm a GooZilla"" That's the first GIF of the night",neither,0.029368418456957115,0.36168362132556253,0.6089479602174804
That Goooood roll Prince Alean,neither,0.03652783330089548,0.36205381154511096,0.6014183551539934
"You ain't wrong, Gryphon.",offensive_language,0.02471835866452506,0.7498789950508478,0.22540264628462708
Becca likes being feared.,neither,0.03968487690734572,0.4453214757422451,0.5149936473504091
Becca did a lot of smiting. That checks out...,neither,0.03249206747114674,0.3813184634463104,0.5861894690825428
"yes and becca, yes and",neither,0.0382233935470433,0.26306426998610316,0.6987123364668535
evening everyone!,neither,0.033219361956460275,0.4361807319725941,0.5305999060709456
We have a subscriber-only Discord server! Join here: https://discord.gg/geekandsundry (you'll need to sub and link it to your Twitch) and be a part of the fun!...Warning: It can take up to an hour for the server to update and give you access to the channels,neither,0.08464076273808444,0.286394834032893,0.6289644032290227
cute crew :),neither,0.04170685318037096,0.29212585531582785,0.6661672915038012
stsHello,neither,0.03945320844208391,0.33037608806864915,0.630170703489267
HEY,neither,0.03945320844208391,0.33037608806864915,0.630170703489267
