text,top_class,hate_speech,offensive_language,neither
anyone in here?,neither,0.11408324210524123,0.275738651242262,0.6101781066524968
tep,neither,0.03945320844208391,0.33037608806864915,0.630170703489267
yep,neither,0.03945320844208391,0.33037608806864915,0.630170703489267
Typoville. Population: Me.,neither,0.0313868601768065,0.37441877101615234,0.5941943688070411
"This is the Void, nobody is here :-P",neither,0.11034931809720858,0.40708775202747094,0.48256292987532046
ramaS,neither,0.03945320844208391,0.33037608806864915,0.630170703489267
QUESTION: How heavy or massive would gargantuan serpents and dragons like Dragonball's Shenron be?,neither,0.044346327584029795,0.31543119103132167,0.6402224813846484
are they still doing because science live?,neither,0.06410900849704078,0.303919347043654,0.6319716444593052
yep,neither,0.03945320844208391,0.33037608806864915,0.630170703489267
!questions for Kyle,neither,0.03401591759631595,0.30321692494509367,0.6627671574585904
"To make it easier to read questions in chat, please preface your questions with the word question in all caps. For example, QUESTION: How are you today?",neither,0.06209713493468228,0.3342013724685751,0.6037014925967426
hi,neither,0.03945320844208391,0.33037608806864915,0.630170703489267
"QUESTION: From an engineering perspective which do you prefer, the pit or the pendulum?",neither,0.04783348673922916,0.3222954357931933,0.6298710774675774
is because science leaving twitch,neither,0.04534274390863957,0.32835040675350324,0.6263068493378572
lol,neither,0.020706217963973744,0.4882283491876925,0.4910654328483337
@potterboi111 Not that I know of.,neither,0.03153806500200125,0.40432666360494623,0.5641352713930526
"@sir_byron -> THE EMOTES, THEY`RE TOO MANY [warning]",neither,0.055080314918249766,0.29325628621143124,0.651663398870319
KappaPride,neither,0.03945320844208391,0.33037608806864915,0.630170703489267
i may have misheard kyle,neither,0.04033654616957332,0.31538354150538744,0.6442799123250391
what do you mean,neither,0.08245657491013737,0.3929748893959136,0.524568535693949
HELLO,neither,0.03945320844208391,0.33037608806864915,0.630170703489267
how hard would you have to punch to restart the universe?,offensive_language,0.05091299880168442,0.5117824752876227,0.43730452591069285
What happens if Saitama punches someone at the speed of light,neither,0.040759829441001566,0.36675578947624354,0.5924843810827549
"Question: with such a re-entry speed into Earth atmosphere, how exotic and explosive would Saitama's body would affect the air?",neither,0.039855608182648466,0.30489501464206564,0.655249377175286
how fast was goku going when we went ultra instinct?,neither,0.03302965299811263,0.37447783048246136,0.592492516519426
MrDestructoid /,neither,0.03945320844208391,0.33037608806864915,0.630170703489267
hello,neither,0.03945320844208391,0.33037608806864915,0.630170703489267
Would he even have *time* to affect the atmosphere?,neither,0.04492974923599397,0.3416583690478364,0.6134118817161696
"As a fellow man with beautiful long blond hair, what hair products do you use?",neither,0.025884676083535046,0.45866077706512354,0.5154545468513413
How fast do you need to slap a whole live chicken to cook it fully,neither,0.06079670984858217,0.34828951569248995,0.5909137744589278
He can read the chat?,neither,0.044142601897932836,0.3083586327362636,0.6474987653658035
Kappa,neither,0.03945320844208391,0.33037608806864915,0.630170703489267
how do I get hair like that?,neither,0.04795788617606638,0.40563555385690886,0.5464065599670247
how could goku take the full force of a spirit ball and survive,neither,0.04836996233989544,0.2972654397541815,0.654364597905923
"QUESTION have you seen the new UltraMan show, and did you like it?",neither,0.10266961227456957,0.23750058029637264,0.6598298074290577
Who invented AC?,neither,0.03998432568862109,0.38629518875129293,0.573720485560086
Become Kyle.,neither,0.03945320844208391,0.33037608806864915,0.630170703489267
@Adamski20012 that's the ever going question,neither,0.03329411315344959,0.3829329321661068,0.5837729546804435
5G,neither,0.03945320844208391,0.33037608806864915,0.630170703489267
@generalsmrdiguz Willis Carrier,neither,0.03945320844208391,0.33037608806864915,0.630170703489267
Kyle said he used different kind of oils to get his hair so glorious once,neither,0.06315617662533866,0.3593146550868364,0.5775291682878249
@swiftfingers well its a good question and i think it needs to be answered,neither,0.03806803786206249,0.2990112118811238,0.6629207502568136
argan oil was one of them,neither,0.05321495349493254,0.3571532433252586,0.5896318031798088
"@merikhhhh Gotta brush your hair a lot and and grow it, after you grow it, the weight should bring it down and you may have to flat iron it",neither,0.07101373321405363,0.3155687920147285,0.6134174747712178
Argan oil is a really great product,neither,0.04419645792147411,0.308011432384175,0.647792109694351
I use it religiously,neither,0.005620116069510938,0.47633468592542133,0.5180451980050678
'start adressing' climate... its too late,neither,0.03437051382576047,0.3355685065074658,0.6300609796667738
here you go,neither,0.2450500199035524,0.32103713363952097,0.43391284645692657
Aaaayyyyyy,neither,0.03945320844208391,0.33037608806864915,0.630170703489267
"I love how this chat and show is half Science goofyness, half hair advices",neither,0.050528066617152534,0.2707277759706449,0.6787441574122025
"""Because Science & Hair""",neither,0.03945320844208391,0.33037608806864915,0.630170703489267
Kyle's hair do look gorgeous though,neither,0.04180067947893082,0.3295686851343787,0.6286306353866905
lol,neither,0.020706217963973744,0.4882283491876925,0.4910654328483337
@Alsanthair but i never brush my hair can i skip that?,neither,0.025539243035818098,0.44558963081905034,0.5288711261451314
and it is science too,neither,0.045339147105408976,0.2906170588284711,0.6640437940661198
I used to have hair like his; I miss it a lot,neither,0.06917744351063349,0.35143964371747016,0.5793829127718962
@merikhhhh yeah then it's called dreads,neither,0.024269100676313278,0.42913123669543085,0.5465996626282559
HAIR SCIENCE,neither,0.03945320844208391,0.33037608806864915,0.630170703489267
"@merikhhhh Nope, my hairs curlyer then his, and brushing it, straighten it out like his, you gotta train it",neither,0.06695612565360858,0.4101708110388333,0.522873063307558
