text,top_class,hate_speech,offensive_language,neither
ready for the gang to fight thier own space ship,neither,0.052441686370738885,0.29923974267842385,0.6483185709508372
well they should grab this story by the tail and get it going,neither,0.043869186083722124,0.3676883883529444,0.5884424255633335
yay,neither,0.03945320844208391,0.33037608806864915,0.630170703489267
@deleyna I don't think so,neither,0.04038119264685507,0.39405117725742167,0.5655676300957233
woooo!,neither,0.03945320844208391,0.33037608806864915,0.630170703489267
woo! gandsC6,neither,0.03945320844208391,0.33037608806864915,0.630170703489267
well no.. lets hope its not the final final..,neither,0.0512224342327574,0.2744202907305881,0.6743572750366544
DO CRIMES,neither,0.04358573029058539,0.32895472430567013,0.6274595454037444
No S3 announcement yet... hopefully we'll know soon because this is episode 12 of the season,neither,0.042516891897423074,0.3279165652479806,0.6295665428545963
B_Dubb_B subscribed with Twitch Prime.,neither,0.030186173588972614,0.3621416721941929,0.6076721542168345
"Hey all, so happy I am able to finally watch live! :D",neither,0.052812175967859545,0.40357078245970723,0.5436170415724334
woo gandsC6 gandsC6 gandsC6,neither,0.03945320844208391,0.33037608806864915,0.630170703489267
Hi @brettschoff,neither,0.03945320844208391,0.33037608806864915,0.630170703489267
sam goes rouge? THAT IS A TAIL I HAVEN'T SEEN,neither,0.041771705617365255,0.35429955288063764,0.6039287415019972
Chaox173 subscribed at Tier 1. They've subscribed for 69 months! Live view for the finale Huzzah,neither,0.024045639271129123,0.29859461619387956,0.6773597445349913
"Quick, snacks!",neither,0.03945320844208391,0.33037608806864915,0.630170703489267
@brettschoff right there with you,neither,0.040951839707067374,0.41670000751998376,0.5423481527729488
So many Tails puns...I love it ^.^,neither,0.0337530268055741,0.41179266906657835,0.5544543041278476
oh and gratz to all the critters out their that broke the finale stretch goal for critical role animated. over 8.8 million raised,neither,0.03629641769948499,0.31684283423584425,0.6468607480646708
"well, this could only happen once in a blue moon.",neither,0.039389882305404154,0.3314508978761519,0.629159219818444
hi folks!,neither,0.03945320844208391,0.33037608806864915,0.630170703489267
gandsC6,neither,0.03945320844208391,0.33037608806864915,0.630170703489267
malkavian6 subscribed at Tier 1.,neither,0.03853807016957085,0.358210604756348,0.6032513250740811
hi fellow Superpunks!,neither,0.03945320844208391,0.33037608806864915,0.630170703489267
Hi @perfectcosima,neither,0.03945320844208391,0.33037608806864915,0.630170703489267
indeed.,neither,0.03945320844208391,0.33037608806864915,0.630170703489267
hey @perfectcosima,neither,0.03945320844208391,0.33037608806864915,0.630170703489267
Hi @NinjaPenguinAM,neither,0.03945320844208391,0.33037608806864915,0.630170703489267
What's up superpunks?,neither,0.04549209283961305,0.43877665191533993,0.5157312552450469
its finale time!,neither,0.03232423574870666,0.35242574317656145,0.6152500210747319
Hey y'all!,neither,0.04285346742239823,0.46255625023407465,0.49459028234352725
Hi superpunks,neither,0.03945320844208391,0.33037608806864915,0.630170703489267
Smokebeard subscribed at Tier 1. They've subscribed for 25 months!,neither,0.020384028715881457,0.31391366831460377,0.6657023029695147
Hello superpunks!!,neither,0.03945320844208391,0.33037608806864915,0.630170703489267
seratonia subscribed with Twitch Prime. They've subscribed for 15 months!,neither,0.018278171923937783,0.3232003157147426,0.6585215123613197
hey @seratonia,neither,0.03945320844208391,0.33037608806864915,0.630170703489267
Kat_Waterflame subscribed at Tier 1. They've subscribed for 49 months!,neither,0.021247502842219,0.31468546718044244,0.6640670299773386
proxHI hello everyone,neither,0.03269494828970791,0.4450814005079928,0.5222236512022994
Hi @seratonia @Hort808 @ariaflame,neither,0.03945320844208391,0.33037608806864915,0.630170703489267
"Finally all caught up, just in time for the finale! First time watching live too.",neither,0.030160484456732382,0.40086010151020857,0.5689794140330591
rawadaneth subscribed at Tier 1. They've subscribed for 32 months!,neither,0.020894353282624248,0.31436957840503327,0.6647360683123426
Hey SuperPunks!,neither,0.03945320844208391,0.33037608806864915,0.630170703489267
are we ready for this,neither,0.06054411996251439,0.24951446178201683,0.6899414182554688
Made it just in time! whoo!!,neither,0.033503150303195776,0.36593002085594467,0.6005668288408595
I'am an excited bag of feels! I'm not ready for the season to end.,neither,0.04001157663639274,0.2699844722652428,0.6900039510983644
hello superpunks,neither,0.03945320844208391,0.33037608806864915,0.630170703489267
Howdy Superpunks!,neither,0.03945320844208391,0.33037608806864915,0.630170703489267
@OrionLightning nope,neither,0.03945320844208391,0.33037608806864915,0.630170703489267
hey superpunks been think about this all day,neither,0.04011648300372831,0.4103741701919628,0.5495093468043089
TheMentalMonk subscribed with Twitch Prime. They've subscribed for 6 months!,neither,0.017135853092050617,0.3228815153557895,0.6599826315521599
Hello everyone! Ready for the madness? Cuz I'm not!,neither,0.030617176494436082,0.373069286942363,0.596313536563201
this is the final one geek and sundry will end up shutting down. losing CR and ending R&R,neither,0.040768514264918336,0.31143162025082705,0.6477998654842547
Go Sam! Go Callisto 6! Show Tails what you're made of!!,neither,0.10104509926156599,0.28244200826316623,0.6165128924752677
gandsOwlbear,neither,0.03945320844208391,0.33037608806864915,0.630170703489267
razdekeyzer subscribed at Tier 1. They've subscribed for 3 months!,neither,0.018730042386447116,0.3124437755681934,0.6688261820453595
gandsC6 gandsC6 gandsC6 gandsC6 gandsC6,neither,0.03945320844208391,0.33037608806864915,0.630170703489267
Hi @Geekouts @nightwind21 @MonteCookGames @youtube123123 @flamingidiot25,neither,0.03945320844208391,0.33037608806864915,0.630170703489267
Wonder what the interim show will be.,neither,0.0647533763994568,0.2109941508277417,0.7242524727728015
What's up Superpuuuuunks!!,neither,0.04549209283961305,0.43877665191533993,0.5157312552450469
Holy crap almost missed it cause I'm dumb and didn't watch the time,neither,0.0303667116790809,0.3511499660422196,0.6184833222786995
#AstroPunks,neither,0.03945320844208391,0.33037608806864915,0.630170703489267
PrydeNPaine subscribed at Tier 1. They've subscribed for 70 months! 5 years! WooHoo!,neither,0.023203839416200585,0.3164376748400735,0.6603584857437258
hello superpunks!,neither,0.03945320844208391,0.33037608806864915,0.630170703489267
WELL TAILS BETTER BE READY BECUASE HE BETTER TURN TAIL AND RUN!,neither,0.04252362716934709,0.30613871950565513,0.6513376533249978
"with Fletcher, I worry they might get seize icks.",neither,0.02816817302917698,0.377135444848927,0.5946963821218961
howdy folks,neither,0.03945320844208391,0.33037608806864915,0.630170703489267
herselight subscribed at Tier 1.,neither,0.03853807016957085,0.358210604756348,0.6032513250740811
BarGamer is continuing the Gift Sub they got from GeekandSundry!,neither,0.04534387014731863,0.33709337941832296,0.6175627504343585
Hiya Superpunks!,neither,0.03945320844208391,0.33037608806864915,0.630170703489267
gandsC6 gandsC6 gandsC6 gandsC6 gandsC6,neither,0.03945320844208391,0.33037608806864915,0.630170703489267
@chaoticloony critroleScanlan,neither,0.03945320844208391,0.33037608806864915,0.630170703489267
hail Callistites :),neither,0.03945320844208391,0.33037608806864915,0.630170703489267
Hi @lildark1 @ExcessiveWarlock @SoTStats @sunlitlake,neither,0.03945320844208391,0.33037608806864915,0.630170703489267
Well I’m not going to be here till the end as I need sleep. But enjoy everyone! Let’s see how long I last!,neither,0.04290620841788217,0.40689824217337317,0.5501955494087446
one month away from my three year badge,neither,0.03273842778936241,0.3818790336971994,0.5853825385134381
gandsC6 is comin,neither,0.051842023029317216,0.3261150066355421,0.6220429703351407
thuluHEY,neither,0.03945320844208391,0.33037608806864915,0.630170703489267
good eve to all Superpunks,neither,0.048574834522574134,0.40685280027969395,0.5445723651977319
"I need more sleep , and for this headache to fade, but I am here",neither,0.06358115037989243,0.26502559486331917,0.6713932547567885
Hello SuperPunk,neither,0.03945320844208391,0.33037608806864915,0.630170703489267
@Geekouts Me too! sooo many feels sooo muc excite for more,neither,0.03325779328227382,0.33169856769933265,0.6350436390183934
gandsC6,neither,0.03945320844208391,0.33037608806864915,0.630170703489267
But tails is a friend? Or not...,neither,0.04300159060214944,0.3446869747899481,0.6123114346079024
gandsC6,neither,0.03945320844208391,0.33037608806864915,0.630170703489267
oh gosh this is just my second liveshow and I'm v i b r a t i n g,neither,0.03530229466471166,0.34173001702705447,0.622967688308234
@ariaflame glad you made it,neither,0.059248684422160074,0.393285544200466,0.5474657713773738
gandsC6 gandsC6,neither,0.03945320844208391,0.33037608806864915,0.630170703489267
I'm just going to be listening while I build a model kit of Jehuty from Zone of the Enders.,neither,0.03977695046735203,0.3379320766464705,0.6222909728861774
Hi @Wolf_Larrysson @Alexanderhero83,neither,0.03945320844208391,0.33037608806864915,0.630170703489267
who here is also not ready for whats about to happen?,neither,0.0745178733023183,0.3400819194797838,0.5854002072178979
still think Tails is fletcher or at least a part ohim,neither,0.045475709136507295,0.35408675657029914,0.6004375342931936
the first ten minutes,neither,0.03211928448735584,0.3172657252661926,0.6506149902464515
"Fed, rested and sticking around as long as I can tonight :)",neither,0.03531184033990674,0.33074808032320396,0.6339400793368895
<3 <3 <3 <3 mcdmMattSquee <3 <3 <3 <3,neither,0.03945320844208391,0.33037608806864915,0.630170703489267
i keep saying lacy is gonna reprogram Tails to operate the base's coffee machine and defeat her two worst enemies at once,neither,0.040853553397661294,0.33926481289485066,0.619881633707488
gandsHappy,neither,0.03945320844208391,0.33037608806864915,0.630170703489267
"Not, but may be an ally",neither,0.03740534760184466,0.32074612689671894,0.6418485255014365
What is Tails foe anyway?,neither,0.053568508083584945,0.3235615090827377,0.6228699828336773
sorry about the headache,neither,0.0371381654243872,0.34061601466083036,0.6222458199147824
@Mulukh I think he's turned into a frenemy,neither,0.046102918735779895,0.3185641252278211,0.635332956036399
hi all! preempting any plot anxiety with chocolate chai tonight.,neither,0.032364378917844376,0.37437665852800994,0.5932589625541457
@mulukh Definitely more there than straight villain,neither,0.04067934386918536,0.28926977761120626,0.6700508785196083
"I would just like you all of you to know, I'm not ready for this",offensive_language,0.08014300800276569,0.4849300528772297,0.43492693912000463
bwrightuk subscribed at Tier 1. They've subscribed for 39 months!,neither,0.02109000908695625,0.3145445573895783,0.6643654335234654
Is there another Vamp epilogue tonight or nah?,neither,0.09693599965023321,0.20576034429811316,0.6973036560516537
I'm feeling a universe reset happening and we'll get alternate versions of everyone,neither,0.03567168264029679,0.3688694912718367,0.5954588260878665
We're buzzing over here wondering what will happen tonight :D,neither,0.09116946094022571,0.2518277514152308,0.6570027876445436
Shoutout to Alpha and the Pillow Fort.,neither,0.04337609422220875,0.2849327033683965,0.6716912024093948
@willowwilt a Psycho killer friend,neither,0.03945320844208391,0.33037608806864915,0.630170703489267
"Tails has sort of attacked Lacy...so yeah, she gets to keep it",neither,0.03276286804777258,0.4597085583311774,0.50752857362105
,neither,0.03945320844208391,0.33037608806864915,0.630170703489267
@VermillionCrimson Yup,neither,0.03945320844208391,0.33037608806864915,0.630170703489267
My body is ready for this. But my mind mind might not be.,neither,0.025511585107487394,0.4178447839370825,0.5566436309554301
did you all hear oya as well?,offensive_language,0.056743788927080256,0.5006748381784795,0.44258137289444033
Hey superpunks- caught up while home sick this week and this is my first time watching live. Y’all are great!,neither,0.04342100420691291,0.38699583307337626,0.5695831627197109
We're gonna miss these zany CypherKids,neither,0.06137996257827296,0.4515500139668069,0.4870700234549201
*waves* hey @Arkatox!,neither,0.03945320844208391,0.33037608806864915,0.630170703489267
Hi @khal_memaybe,neither,0.03945320844208391,0.33037608806864915,0.630170703489267
Hard to believe that a critical miss might end the world,offensive_language,0.030265007716528992,0.4889667414434667,0.4807682508400043
Hi @arkatox,neither,0.03945320844208391,0.33037608806864915,0.630170703489267
AAAAAh!,neither,0.03945320844208391,0.33037608806864915,0.630170703489267
I love men,neither,0.03513009607542622,0.3507869856676756,0.6140829182568981
AAAAAAHHHHHH,neither,0.03945320844208391,0.33037608806864915,0.630170703489267
!nonbinary,neither,0.03945320844208391,0.33037608806864915,0.630170703489267
"Geek and Sundry has many diverse hosts and characters played, including non-binary hosts who are not male or female. The channel currently features Sam de Leve on Callisto 6. They are non-binary and use they/them/their pronouns. For more information on transgender terminology and people who are nonbinary, check out this helpful link: http://translanguageprimer.org/",neither,0.049374344625207504,0.28607672406578233,0.6645489313090103
"catseye91 subscribed at Tier 1. They've subscribed for 44 months, currently on a 24 month streak! Woooo Season 2 finale!",neither,0.025318618752903217,0.3230551348285559,0.6516262464185408
Hi Eric,neither,0.03945320844208391,0.33037608806864915,0.630170703489267
WE NEED A SEASON 3 DAMNIT!!!!!!!!!!,neither,0.039366236763011056,0.32776746841549004,0.6328662948214989
things may get a bit luny,neither,0.04034474826221533,0.31524433058749646,0.6444109211502882
Just prepared a Captain Morgan Black Spiced Rum On The Rocks in celebration of the season finalew :-D,neither,0.04364863340526085,0.3209739773938899,0.6353773892008494
Critical Role and Talks Machina moved to Critical Role's Twitch channel on 02/19/19. For more information please see this link: https://critrole.com/critical-role-talks-machina-broadcast-updates/. All previously aired content will continue to be available in the Geek & Sundry Twitch library and on YouTube. Both shows will continue to be hosted here on Geek & Sundry's Twitch when those episodes are streamed live.,neither,0.05428901989152002,0.2988094175756187,0.6469015625328612
"YAY EVERYONE IS HERE! except Xander, but YAY",neither,0.061130735236403395,0.37242384805941436,0.5664454167041822
We have Oya!,neither,0.038072651762316514,0.3538077378901299,0.6081196103475536
gandsNopeNopeNope gandsNopeNopeNope gandsNopeNopeNope gandsNopeNopeNope gandsNopeNopeNope,neither,0.03945320844208391,0.33037608806864915,0.630170703489267
Totally not gonna die in space.,neither,0.14299813553654545,0.20540948888131302,0.6515923755821414
@JavaBookGeekGirl @ariaflame Hey y'all!,neither,0.04285346742239823,0.46255625023407465,0.49459028234352725
Hello!!!,neither,0.03945320844208391,0.33037608806864915,0.630170703489267
Everything is fine nothing is wrong,neither,0.05173562137635644,0.3621549026895641,0.5861094759340795
"oh no, Sal",neither,0.04384654588772911,0.29441982616414436,0.6617336279481266
Hi @RainOfPeace,neither,0.03945320844208391,0.33037608806864915,0.630170703489267
More Shipping Moments,neither,0.04154712350769068,0.31947720609760566,0.6389756703947036
"I think Tails will be defeated by his archenemy, Heads",neither,0.07128779732408252,0.3504021084797396,0.5783100941961778
MOVE ASIDE BORG WE GOT A TAIL TO TELL!,neither,0.04328317461327945,0.36345238793398577,0.5932644374527348
I was watching the recap. Ended when Lacy rolled a natural one and ... nothing happened. I'm afraid. :),neither,0.03264517760417672,0.3616001858558268,0.6057546365399964
Captain Sal,neither,0.03945320844208391,0.33037608806864915,0.630170703489267
"""... Open the bay doors, T.A.I.L.S.... T.A.I.L.S., open the doors, now.""",neither,0.03858470909027704,0.3145020617813661,0.6469132291283568
All Hail King Sal,neither,0.04076184143783565,0.383774911944166,0.5754632466179984
!points @flamingidiot25,neither,0.03945320844208391,0.33037608806864915,0.630170703489267
"That was an excellent pun, @flamingidiot25! Here, have some points for that one! You have been awarded 92 points!",neither,0.05007717625884537,0.38217957336812336,0.5677432503730313
"Oops, we're front paged",neither,0.05648254966850636,0.30590052591512795,0.6376169244163657
Saw that.,neither,0.03331973661388551,0.3977170722870928,0.5689631910990217
I got Oya,neither,0.035663549208680506,0.47102480100978333,0.4933116497815363
I am a Lacy.,neither,0.039246452605914695,0.33044720088162116,0.6303063465124641
I took the quiz! I got Lacy! <3 NonBinaryPride,neither,0.037810886127037494,0.3517828068398399,0.6104063070331226
I got Lacy.,neither,0.038022615232289246,0.38185919229981474,0.5801181924678961
I'm a Sam,neither,0.03945320844208391,0.33037608806864915,0.630170703489267
I got that I'm a Lacy,neither,0.03411795924545695,0.42168159746659767,0.5442004432879454
Link???,neither,0.03945320844208391,0.33037608806864915,0.630170703489267
Oya,neither,0.03945320844208391,0.33037608806864915,0.630170703489267
I’m a Lacy!,neither,0.03945320844208391,0.33037608806864915,0.630170703489267
We have a subscriber-only Discord server! Join here: https://discord.gg/geekandsundry (you'll need to sub and link it to your Twitch) and be a part of the fun!...Warning: It can take up to an hour for the server to update and give you access to the channels,neither,0.08464076273808444,0.286394834032893,0.6289644032290227
Oya,neither,0.03945320844208391,0.33037608806864915,0.630170703489267
Cuts009 subscribed with Twitch Prime.,neither,0.030186173588972614,0.3621416721941929,0.6076721542168345
I'm a Luma!,neither,0.03945320844208391,0.33037608806864915,0.630170703489267
Got to celebrate S2 with some front page!,neither,0.02857621817606589,0.4024485037803489,0.568975278043585
"I'm a lacy, with the blue glow in the dark set",neither,0.031825608892215126,0.33324676152812327,0.6349276295796616
I got Lacy XD,neither,0.038022615232289246,0.38185919229981474,0.5801181924678961
im a lacy,neither,0.03851573713138852,0.3659471027577181,0.5955371601108934
i got anton,neither,0.035663549208680506,0.47102480100978333,0.4933116497815363
I got Lacy and I loved the dice,neither,0.03736035917124529,0.32189240470451874,0.6407472361242359
I got Lacy,neither,0.038022615232289246,0.38185919229981474,0.5801181924678961
The Order of Oya,neither,0.0382559050668569,0.3082774528669686,0.6534666420661746
Full cast Yaegh! ^w^ <3,neither,0.060057726070225546,0.32328924962376065,0.6166530243060139
I got Lacy,neither,0.038022615232289246,0.38185919229981474,0.5801181924678961
I got Cass!!! And it makes me want to get to actually get a Cass cosplay done,neither,0.03933627153194797,0.3682253735264662,0.5924383549415858
Thank you @Nightbot,neither,0.07325166854587051,0.43632638485078484,0.49042194660334476
oya for me,neither,0.01617243925086924,0.3583234659224788,0.6255040948266518
<3 Every Single One of them <3,neither,0.054560059013694324,0.35682516700180494,0.5886147739845006
I'm Oya!,neither,0.03945320844208391,0.33037608806864915,0.630170703489267
I just got here where can I find this quiz?,neither,0.07572368213242962,0.25245885944464797,0.6718174584229223
"I didnt take the quiz yet, I´m still in awe because of Erics Playlist article :-D",neither,0.03853865861798792,0.32956500379962644,0.6318963375823855
YOU CAN ORDER OAKIE DOKEE DICE VIA AMAZON but it takes some doing to find em,neither,0.04949250137622804,0.1571428080577856,0.7933646905659864
also rooHi,neither,0.03945320844208391,0.33037608806864915,0.630170703489267
"we are team mom, i guess.",neither,0.0646054296530084,0.2933036580176363,0.6420909123293553
I got Lacy lol!,neither,0.030480912967315737,0.4350405991764844,0.5344784878561999
I'm a Lacy,neither,0.03945320844208391,0.33037608806864915,0.630170703489267
Not heard of but been busy,neither,0.03510718332540234,0.3484894971521709,0.6164033195224269
EricaTheStrange subscribed at Tier 1. They've subscribed for 50 months! May the force be with Callisto 6 and may the odds be ever in their favour,neither,0.023538825645973132,0.2893963495653808,0.6870648247886461
what is this quiz?,neither,0.0551706654733445,0.32443832236988007,0.6203910121567755
I'm a Luma!,neither,0.03945320844208391,0.33037608806864915,0.630170703489267
I used to play with a Callimba.,neither,0.0328224041920901,0.3715466597377056,0.5956309360702043
I'm an oya!,neither,0.040261943038949574,0.3166497513307286,0.6430883056303218
I'm one of the many Oyas,neither,0.03696896311140041,0.35163210816464646,0.6113989287239532
mark meer is anton,neither,0.04690607540476405,0.3278127053644783,0.6252812192307576
...also helps to spell it right,neither,0.04265611691101381,0.34214351524907877,0.6152003678399074
I so love all these people!,offensive_language,0.10677865370265695,0.6507422834902453,0.2424790628070978
ack i'm 3 min late what'd i miss!?,neither,0.03763019071007498,0.32914745791394695,0.633222351375978
I’m a lacy!!,neither,0.03945320844208391,0.33037608806864915,0.630170703489267
C6 SEASON 3 PLEASE,neither,0.03976740049757124,0.32504342891110494,0.6351891705913238
(But I got a Lacy on the quiz),neither,0.03327980489853786,0.3700758107153496,0.5966443843861124
!arcanapromo,neither,0.03945320844208391,0.33037608806864915,0.630170703489267
"ARCANA OF THE ANCIENTS, is going to be a hefty, art-filled hardcover book packed with creatures, devices, abilities, and adventures to integrate mysterious high-technology science fantasy into your traditional fantasy 5E game! You can find Arcana of the Ancients on Kickstarter until April 12th. They are funding additional books, Beasts of Flesh & Steel, a book of 5e science-fantasy MONSTERS, Beneath the Monolith, converting the SETTING of Numenera to 5e. Go to MyMCG.info/arcana5e to learn more.",neither,0.06029106010797396,0.3044857631222049,0.6352231767698211
I think I'm Lacy,neither,0.040029577150120565,0.32059360689080313,0.6393768159590764
"54aquasnakes subscribed at Tier 1. They've subscribed for 50 months, currently on a 50 month streak!",neither,0.02474635484649548,0.3246174871155442,0.6506361580379604
https://nerdi.st/2uOGmg5 Quiz Link!,neither,0.03945320844208391,0.33037608806864915,0.630170703489267
<Oya,neither,0.03945320844208391,0.33037608806864915,0.630170703489267
"Help G&S make great content! $4.99/month gets you emotes, Minecraft server access, sub-only VODs, and more! Every sub keeps the channel alive! twitch.tv/geekandsundry/subscribe",neither,0.043907990691603095,0.31135964332838284,0.644732365980014
@ZachsMind Just announcements,neither,0.02667013123193722,0.39600456006212814,0.5773253087059346
I took it twice and got Lacy and Oya,neither,0.03639478544195898,0.30477001685855537,0.6588351976994856
@PAKennyusa YAAAAASSS. I second this!,neither,0.039311602026983375,0.3327795184961995,0.6279088794768171
"I got Lacy, which surprised me not at all",neither,0.03302996269842635,0.46338093522216145,0.5035891020794121
I want That,neither,0.032007867239017905,0.4096419018032045,0.5583502309577777
I'm a Lacy,neither,0.03945320844208391,0.33037608806864915,0.630170703489267
link please!,neither,0.03945320844208391,0.33037608806864915,0.630170703489267
I got lacy btw :D,neither,0.03830798565362679,0.37150667973686885,0.5901853346095043
Yay Numenera goodness coming to 5e :D,neither,0.04504893829751514,0.32708969710055286,0.627861364601932
<3 Numenera and Monte Cook! <3,neither,0.03837832183453001,0.2734032509498944,0.6882184272155757
We're pretty jazzed,neither,0.06708695241117013,0.2932590307433215,0.6396540168455084
gandsTWC Capt Luma,neither,0.03945320844208391,0.33037608806864915,0.630170703489267
it said i am a Oya but i don't drink coffee so i think there is something wrong,neither,0.04823174653874752,0.21891384026194138,0.7328544131993111
"I'm one of three Cass's, lol",neither,0.02980625692859256,0.4321025641627221,0.5380911789086853
I'm Oya!!!,neither,0.03945320844208391,0.33037608806864915,0.630170703489267
@MonteCookGames Hey! Glad to see you!,neither,0.06941334060073917,0.37803900673706825,0.5525476526621926
MyMCG.info/arcana5e,neither,0.03945320844208391,0.33037608806864915,0.630170703489267
swordmage_brimm_stone subscribed at Tier 1. They've subscribed for 5 months!,neither,0.018730042386447116,0.3124437755681934,0.6688261820453595
i was watching Wednesday Club segments on YouTube and totally spaced on this. and I'm like omg wtf am i doing?,neither,0.04143052362357097,0.42218879493379086,0.5363806814426382
@forestfieldforestfield for the quiz or the 5E Numanera,neither,0.03270727090052998,0.27687361355273693,0.6904191155467331
I made it!!,neither,0.03684238675525566,0.33127406936755094,0.6318835438771935
Hey @Arkatox! <3 So happy to be here,neither,0.10919275223288619,0.33204985970267825,0.5587573880644356
I am kickstarting tonight.,neither,0.03561130923811218,0.3005072497226703,0.6638814410392176
My video keeps buffering and I am Upset,neither,0.03326118559175895,0.2895069711177308,0.6772318432905103
Pictures at an Exhibition <3,neither,0.03885075605758903,0.35429864410226114,0.6068505998401498
"surprisingly I didn''t get cass, but my name is cass if that counts",offensive_language,0.013528176545471258,0.4994319181131259,0.4870399053414029
kaitlin is a feels monster,neither,0.047476665852061485,0.32761645314488397,0.6249068810030546
The gallery idea actually sounds way better if it's a website anyone can access,neither,0.029507172689955268,0.34755014154105524,0.6229426857689895
@DarkestArgentum quiz!,neither,0.03945320844208391,0.33037608806864915,0.630170703489267
<3 MCG!!!,neither,0.03945320844208391,0.33037608806864915,0.630170703489267
Kaitlin rules!,neither,0.03945320844208391,0.33037608806864915,0.630170703489267
Those animations are incredible,neither,0.11558916991268313,0.20054414344661678,0.6838666866407002
I did answer the first question to the quiz as punching things..,neither,0.036678365891837296,0.3308241400788757,0.6324974940292871
Ooh that’s cool. I was wondering if I didn’t get one just cause my art was bad!,neither,0.01563187263262921,0.48508118554506047,0.49928694182231037
NO TAILS,neither,0.036918905254960256,0.37338982715841207,0.5896912675866277
Awwww thank you @RainOfPeace! <3 <3 <3,neither,0.056967010988514616,0.3888269633951007,0.5542060256163848
hello superpunks!,neither,0.03945320844208391,0.33037608806864915,0.630170703489267
I just got lacy,neither,0.03352321775713449,0.40029384558266706,0.5661829366601985
@MonteCookGames YOU rule.,neither,0.06637703555667432,0.4035321832267536,0.5300907812165722
"""technical difficulties"" Menas almost all of us got the release form sent right to our spam filter",neither,0.060570581625459884,0.38318841904036216,0.5562409993341779
gojgPride20,neither,0.03945320844208391,0.33037608806864915,0.630170703489267
"Haha, I'm also a Lacy!",neither,0.035738299405613086,0.3934277895575768,0.57083391103681
:BLUSH:,neither,0.03945320844208391,0.33037608806864915,0.630170703489267
tails entitlement,neither,0.03945320844208391,0.33037608806864915,0.630170703489267
"Just caught her Twitch channel the other day for the first time. She got zero art done, and it was great fun.",neither,0.025740393118402604,0.4304623049927502,0.5437973018888472
"brassyMAV3RICK subscribed at Tier 1. They've subscribed for 37 months, currently on a 5 month streak! EEEEEEEEEEEEEEEEEEEE",neither,0.023552108568860905,0.3242039435962109,0.6522439478349282
I think C6 needs at least 6 seasons. It just makes sense,neither,0.03546983833841611,0.35414771295667913,0.6103824487049047
I'm an Oya by the way but I wanted to be a Hopps.,neither,0.04350148989656729,0.362709318081149,0.5937891920222838
Oya fixes everything,neither,0.03945320844208391,0.33037608806864915,0.630170703489267
I didn't know about the quiz.,neither,0.025033191849245337,0.37832640320340194,0.5966404049473528
Eric is a Timelord.... confirmed!,neither,0.046966537634371974,0.32779190963118415,0.6252415527344438
Excellent!,neither,0.03945320844208391,0.33037608806864915,0.630170703489267
@forestfieldforestfield WHICH CALLISTO 6 MEMBER ARE YOU https://geekandsundry.com/quiz-which-member-of-callisto-6-are-you/,neither,0.08485169267216063,0.3275694947091445,0.5875788126186948
VOD panel yesssss,neither,0.03945320844208391,0.33037608806864915,0.630170703489267
Ha ha ha,neither,0.03945320844208391,0.33037608806864915,0.630170703489267
<3 @GeekandSundry and <3 @MonteCookGames :),neither,0.03763944115734239,0.1918412352459551,0.7705193235967025
Yay for VOD!,neither,0.0322289169994526,0.29433324177559567,0.6734378412249518
I'm an Oya,neither,0.040261943038949574,0.3166497513307286,0.6430883056303218
hector omg,neither,0.03945320844208391,0.33037608806864915,0.630170703489267
Is this the last episode ever?,neither,0.046394433763734595,0.31363179008122216,0.6399737761550433
Lacy crew!,neither,0.03945320844208391,0.33037608806864915,0.630170703489267
I'm Lacy!,neither,0.03945320844208391,0.33037608806864915,0.630170703489267
VOD,neither,0.03945320844208391,0.33037608806864915,0.630170703489267
"Oya turned back time, Eric. You can make your WonderCon announcement now ;3",neither,0.08036553569578912,0.3707776342810911,0.5488568300231198
heya @MonteCookGames how are you guys tonight??? slowLove slowLove slowLove slowLove,neither,0.09490670688583067,0.2950391823968034,0.6100541107173659
I'm wearing my C6 shirt for the show live for the first time!,neither,0.02928194030998421,0.2921515797274546,0.6785664799625614
"Seeing how Luma is a shapeshifter, Luma got YOU.",neither,0.07345081158832668,0.44638362614438887,0.48016556226728435
have we news on whats next on tbdrpg in the intrim on fridays,neither,0.03328727610057878,0.3588882125900052,0.6078245113094161
More good stuff between us and @MonteCookGames in the future because they are super amazing,neither,0.07967648164840782,0.2625820710646954,0.6577414472868968
Bonnie so busy!!,neither,0.039408268585317555,0.3917566628364959,0.5688350685781864
Country road Take me home,neither,0.037448021435077646,0.3627569484380939,0.5997950301268283
oh no Xander's not here for the last ep??!,neither,0.06953460698674468,0.24534434839663952,0.6851210446166157
Bless your heart Bonnie,neither,0.07558684239664795,0.32032436508127066,0.6040887925220815
Xander has been depowered,neither,0.03958486941941946,0.32814145767549463,0.6322736729050858
,neither,0.03945320844208391,0.33037608806864915,0.630170703489267
"@Gryphon_oFH We're feeling FEELS already about this season coming to an end, and overwhelmed at how wonderful everybody at @GeekandSundry is! And oh our goodnesses, this community <3",neither,0.05278666908327958,0.2997234948180849,0.6474898360986355
We don’t deserve you Bonnie!,neither,0.07994248863351687,0.39011569574558025,0.5299418156209028
,neither,0.03945320844208391,0.33037608806864915,0.630170703489267
i may have to drive to el paso next weekend,neither,0.043537866439747525,0.4055874409091216,0.550874692651131
greenapple2004 subscribed at Tier 1.,neither,0.03853807016957085,0.358210604756348,0.6032513250740811
don't punch the moon!,neither,0.03857622074908432,0.314343091984741,0.6470806872661747
Yes,neither,0.03945320844208391,0.33037608806864915,0.630170703489267
EXCITED,neither,0.03945320844208391,0.33037608806864915,0.630170703489267
Castrater?,neither,0.03945320844208391,0.33037608806864915,0.630170703489267
can I send mark cofevee?,neither,0.03973552336177106,0.32558446709832906,0.6346800095398998
