text,top_class,hate_speech,offensive_language,neither
!questions,neither,0.03945320844208391,0.33037608806864915,0.630170703489267
"To make it easier to read questions in chat, please preface your questions with the word question in all caps. For example, QUESTION: How are you today?",neither,0.06209713493468228,0.3342013724685751,0.6037014925967426
dk64cubed subscribed at Tier 1.,neither,0.03853807016957085,0.358210604756348,0.6032513250740811
gandsHype gandsHype gandsHype gandsHype,neither,0.03945320844208391,0.33037608806864915,0.630170703489267
I thought it was thursday lmao,neither,0.040077928377331054,0.25295863738657043,0.7069634342360984
Is there a calisto 6 today?,neither,0.05021423360145631,0.2405514909362538,0.7092342754622899
"The_Lanord subscribed at Tier 1. They've subscribed for 62 months, currently on a 2 month streak!",neither,0.023552108568860905,0.3242039435962109,0.6522439478349282
Callisto 6 season has ended,neither,0.040100573750197384,0.3193886093011381,0.6405108169486646
Season finale was last week.,neither,0.039547228008913186,0.3287803306480396,0.6316724413430472
When does it come back?,offensive_language,0.017121413791643784,0.5156405604482862,0.46723802576007006
was there any news about gandsC6 yet?,neither,0.037956786953970784,0.3185301727759678,0.6435130402700615
A new season has yet to be announced,neither,0.048806846026487764,0.25138500653185747,0.6998081474416546
!schedule,neither,0.03945320844208391,0.33037608806864915,0.630170703489267
So we have to wait and see if/when we get one :),neither,0.022669523291480184,0.44022059401519376,0.5371098826933262
!schedule,neither,0.03945320844208391,0.33037608806864915,0.630170703489267
"Current Schedule ( as of April 9th, 2019 ): https://i.imgur.com/JQrsDJD.png - more info about shows at: https://geekandsundry.com/twitch/",neither,0.03847505025408167,0.3587768378942135,0.6027481118517047
thanks much,neither,0.031511789443924514,0.30812976564477307,0.6603584449113025
!wtfisthis,neither,0.03945320844208391,0.33037608806864915,0.630170703489267
"Welcome to Because Science! Nerdist Science Editor Kyle Hill uses real-world math and science concepts to solve, measure, and make sense of pop culture quandaries in comics, video games, movies, and TV.",neither,0.04204804754431583,0.2962058578472651,0.6617460946084192
!questions,neither,0.03945320844208391,0.33037608806864915,0.630170703489267
"To make it easier to read questions in chat, please preface your questions with the word question in all caps. For example, QUESTION: How are you today?",neither,0.06209713493468228,0.3342013724685751,0.6037014925967426
Thanks :),neither,0.035884468650613,0.3004919205142699,0.6636236108351171
QUESTION: How heavy are dragons like Dragonball's Shenron?,neither,0.0634962394266076,0.31080461371800966,0.6256991468553827
Wow KYLE!,neither,0.03945320844208391,0.33037608806864915,0.630170703489267
"Mmmm, eggs~",neither,0.03945320844208391,0.33037608806864915,0.630170703489267
That IS the photo NASA released.,neither,0.042355181073818075,0.352080966937221,0.6055638519889609
"if it isn't, it is indistinguishable from it",neither,0.0270741385064549,0.362076254712794,0.6108496067807511
I wonder how the planet would be different if the magnetic poles were opposite each other across the equator instead of at the north and south,neither,0.030437705724337266,0.31220183071442914,0.6573604635612336
is this their offical channel?,neither,0.048257160961121176,0.3290089393183225,0.6227338997205564
who they?,neither,0.04098763779575865,0.474540906999741,0.48447145520450036
!wtfisthis,neither,0.03945320844208391,0.33037608806864915,0.630170703489267
"Welcome to Because Science! Nerdist Science Editor Kyle Hill uses real-world math and science concepts to solve, measure, and make sense of pop culture quandaries in comics, video games, movies, and TV.",neither,0.04204804754431583,0.2962058578472651,0.6617460946084192
smart,neither,0.03945320844208391,0.33037608806864915,0.630170703489267
i dunno tbh,neither,0.03945320844208391,0.33037608806864915,0.630170703489267
!questions,neither,0.03945320844208391,0.33037608806864915,0.630170703489267
"To make it easier to read questions in chat, please preface your questions with the word question in all caps. For example, QUESTION: How are you today?",neither,0.06209713493468228,0.3342013724685751,0.6037014925967426
because science,neither,0.03945320844208391,0.33037608806864915,0.630170703489267
5Head,neither,0.03945320844208391,0.33037608806864915,0.630170703489267
Dayum CurseLit,neither,0.03945320844208391,0.33037608806864915,0.630170703489267
Pog,neither,0.03945320844208391,0.33037608806864915,0.630170703489267
QUESTION I wonder how the planet would be different if the magnetic poles were opposite each other across the equator instead of at the north and south,neither,0.03069061041296426,0.31269678308739296,0.6566126064996428
omg because science has a twitch?!,neither,0.03974864538341114,0.32536175214534946,0.6348896024712395
i saw this guy do a video on gokus weighted clothes irl,neither,0.03953193913277126,0.2031372720590287,0.7573307888082002
sophiaL,neither,0.03945320844208391,0.33037608806864915,0.630170703489267
QUESTION! does this bring us closer to understand dark mater?,neither,0.05346012386197899,0.4087513167349934,0.5377885594030276
@DimaKTG well there is a live show on this channel every friday at 3pm pacific yeah :),neither,0.040911713119658764,0.3480027087673377,0.6110855781130036
Zeayo subscribed with Twitch Prime.,neither,0.030186173588972614,0.3621416721941929,0.6076721542168345
NateAndNebulas subscribed at Tier 1. They've subscribed for 30 months!,neither,0.020096536573530378,0.31365721238885996,0.6662462510376096
WOW,neither,0.03945320844208391,0.33037608806864915,0.630170703489267
"It is about 30 minutes, Kyle taking questions live after his intro :)",neither,0.05848819845777756,0.34328342047981675,0.5982283810624057
sophiaPog,neither,0.03945320844208391,0.33037608806864915,0.630170703489267
350 TB/day zaqOMG,neither,0.04062343770405816,0.29560591037067285,0.663770651925269
"Questions do get curated, so not guarantee yours is picked :)",neither,0.04435522285934833,0.36666976775022186,0.5889750093904299
"i think this is amazing hahah, twitch has an education side oh shit. PogClap",offensive_language,0.058713732446420294,0.886695172036425,0.054591095517154666
WholeWheat,neither,0.03945320844208391,0.33037608806864915,0.630170703489267
!questions,neither,0.03945320844208391,0.33037608806864915,0.630170703489267
"To make it easier to read questions in chat, please preface your questions with the word question in all caps. For example, QUESTION: How are you today?",neither,0.06209713493468228,0.3342013724685751,0.6037014925967426
nutBlink,neither,0.03945320844208391,0.33037608806864915,0.630170703489267
cmonBruh,neither,0.03945320844208391,0.33037608806864915,0.630170703489267
