text,top_class,hate_speech,offensive_language,neither
zombietommie subscribed with Twitch Prime. They've subscribed for 9 months!,neither,0.017135853092050617,0.3228815153557895,0.6599826315521599
!eyes,neither,0.042704359925646626,0.2751955625633402,0.6821000775110132
WARNING: The content in this broadcast contains intermittent flashing lights and imagery and may not be accessible to viewers who are prone to seizures or have epilepsy. Please watch with caution.,neither,0.04984447574647424,0.30793148315909896,0.6422240410944269
thuluHEY gandsClassic,neither,0.03945320844208391,0.33037608806864915,0.630170703489267
"Please tell me that's a reference to the book, not the movie.",neither,0.03556679304204661,0.337778514942038,0.6266546920159154
i see you warning and i laugh at it!...(suddenly karma,neither,0.047516185177173736,0.3477269334387059,0.6047568813841203
"ryan_witalison subscribed at Tier 1. They've subscribed for 55 months, currently on a 40 month streak! Here's to another Month",neither,0.05698440778324546,0.28115801923750333,0.6618575729792512
shishHI gandsGameEngine gandsHype,neither,0.03945320844208391,0.33037608806864915,0.630170703489267
Hi everyone!,neither,0.032490659208996964,0.4485487193596734,0.5189606214313296
thuluHEY Khail thuluHEY Trish thuluHEY Erika thuluHEY Denise,neither,0.03945320844208391,0.33037608806864915,0.630170703489267
I love Trisha's periodic table of elements pants,neither,0.03727178917898841,0.3404643595013955,0.6222638513196161
News PS5 specs,neither,0.03945320844208391,0.33037608806864915,0.630170703489267
So a scary game.... controllers that can be thrown.... Erika is there.... and you don´t wear protective gear? Fools! :-P,neither,0.048610366467358876,0.32757839780831005,0.6238112357243311
Mandalorian looks cool.,neither,0.03945320844208391,0.33037608806864915,0.630170703489267
"I do not fully trust it... a singleplayer game, no microtransaction..... It´s a trap!?",neither,0.036523980262859086,0.3143889679016845,0.6490870518354563
It's also $69.99 per year,neither,0.0384957387428022,0.3307054058035821,0.6307988554536157
Trish is very retro,neither,0.04756582562924137,0.3275857870090365,0.6248483873617222
All those games have been free *on the internet* for well over ten years... real annoying,neither,0.03970253903785738,0.3824841126659878,0.5778133482961548
"Sure. My friend has a cheap joystick with a bunch of games like Asteroids, Centipede, Galaga, etc",offensive_language,0.03056547149828449,0.541807978419194,0.4276265500825214
"Yes, if I'm able to use the stick on my ps4 or pc as well",neither,0.013942320082401314,0.4589385514893673,0.5271191284282314
Will it be another limited supply? Run out before the normals can buy one,neither,0.05708247529036026,0.32999769558446895,0.6129198291251708
"I can't believe that Erika is busy. It's not like she spends her weekend raising $20,600 for charity or anything.",neither,0.03744110732661527,0.4709829163110728,0.4915759763623118
"I don't need any of those games - how bout they make a NEW Dark Stalkers, that I'd pay for",neither,0.0450774099423798,0.29390606325816965,0.6610165267994506
"There were just 3 or 4 titles in that list Trish read that would be interesting for me, so I dont think I would buy that stick... if it can be used as a controller foe PC or PS4 though",neither,0.02489254036667528,0.39394901700420043,0.5811584426291242
... I would be more interested,neither,0.041160616709985956,0.31860903333677,0.6402303499532441
"Sony over the last few years has mandated Accessibility as its part of the platform, and as a disabled gamer its the main reason why Playstation is my top gaming platform",neither,0.028414938701172118,0.3536030976662703,0.6179819636325576
alrheanoran subscribed at Tier 1. They've subscribed for 38 months!,neither,0.02109000908695625,0.3145445573895783,0.6643654335234654
Some movies are shot in IMAX but some of us don’t have IMAX at home,neither,0.06233750643318079,0.3435055781371852,0.594156915429634
"I would equate it with Anime movies some people like it in original Japanese, some like subtitles with the Japanese audio, and some like it dubbed in English",neither,0.03785174300218741,0.36613419016361953,0.596014066834193
"Historically most movies did compromise for a wider, even younger audience... by censoring swear words so it could air on broadcast television.",neither,0.03556695176487168,0.36218744499667194,0.6022456032384564
"IF they choose to make their art accessible, then that is the art",neither,0.03412606373838773,0.3660694355198685,0.5998045007417437
Microsoft has made a LOT of progress on Accessibility. their Adaptive Controller is incredibly configurable,neither,0.042203121101753636,0.33250246892425783,0.6252944099739886
"as VR matures, though, controllers to some degree will kinda disappear",neither,0.03748057300141795,0.34399724580935637,0.6185221811892256
And ableGamers has published a template now for developers to use based on research/surveys so more gamedevs should be making more accessible games going forward,neither,0.02788329702606609,0.3769011906278493,0.5952155123460845
"""you cheated not only the game but yourself"" meme here",neither,0.0777229378645281,0.30114261650010543,0.6211344456353664
"@stikkbomber on the contrary, controllers would become more advanced",neither,0.03770408519236108,0.3182442015588406,0.6440517132487982
I see the reduced difficulty/story mode as more like removing obstacles for folks to getting to the story. To me it's a bit more like closed captioning at movies. It makes it so groups who would otherwise miss out on the story because they can't access all of it able to access it,neither,0.040387734842195065,0.3957785531142906,0.5638337120435144
hello peopo,neither,0.03945320844208391,0.33037608806864915,0.630170703489267
yo Fuffy,offensive_language,0.04010381111145228,0.5271105317972344,0.4327856570913131
Baka,neither,0.03945320844208391,0.33037608806864915,0.630170703489267
"I'm with Khail, but as long as it doesn't affect the other modes, I'm cool with it",neither,0.023199756713957922,0.4034465938007745,0.5733536494852676
so is Denise a official host now?,neither,0.046397094355881116,0.36645488756662636,0.5871480180774926
"If I read Moby Dick, I can skim the sections that are just extended descriptions of whaling, if I want to. If I watch a horror movie, I can skip the gore by covering my eyes. Most art allows us to experience it in ways that miss the intended effect.",offensive_language,0.038938742664772236,0.5394848771094046,0.42157638022582317
Pustulant subscribed at Tier 1. They've subscribed for 48 months!,neither,0.020717582230876913,0.3142115698976945,0.6650708478714286
"since consoles are basically computers now, there aren't real limits on ""features"" anymore. There will be limits for studios who can't afford to put in all the accessiblity features for each type of disabled consumer",neither,0.04200344690156633,0.3368002820088278,0.6211962710896058
I didn’t pay $60 to play a game that I can’t progress in...,neither,0.030855062962411303,0.3523690252162176,0.6167759118213711
The accessible mode could also bring in younger or inexperienced gamers who could then up the difficulty level once they get better,neither,0.03744442223908,0.3698196179205915,0.5927359598403286
One persons Normal Mode is another persons Hard Mode,neither,0.053316890456283385,0.4144217914576595,0.5322613180860571
if more options help devs sell more games then its good,neither,0.027318362964363723,0.3524637364184587,0.6202179006171776
@sigma682 Same,neither,0.04148851938089603,0.3488915597363099,0.609619920882794
I agree with khail. Not everything needs an easy mode,neither,0.03166543445263243,0.3543074265033896,0.614027139043978
And I beat the Melee Island Swordmaster without using a curse guide :-D,neither,0.03619920172775649,0.33733414180108284,0.6264666564711606
"@Hyperspace_Beast for some game genres, absolutely. for some more ""casual"" games i can see a point where controllers would be almost unnecessary. then again wahdoino, i'm not a game user interface guru developer gawd",neither,0.029365174074281776,0.284972625091764,0.6856622008339543
Video game director cuts.,neither,0.04293010927853346,0.22439669578819302,0.7326731949332737
"Difficulty is not necessary an accessibility thing, if there are other options that allow more players to enjoy the gaming",neither,0.04464072984817756,0.31943766574154897,0.6359216044102735
i watch people better then on the internets,neither,0.06490304969058298,0.32386555363100356,0.6112313966784134
!whodat,neither,0.03945320844208391,0.33037608806864915,0.630170703489267
"Erika Ishii ( twitter.com/erikaishii ), Trisha Hershberger ( twitter.com/thatgrltrish ), Khail Anonymous ( twitter.com/khailanonymous ), and Denise Pantoja ( twitter.com/denisepantoja ).",neither,0.03832886350007319,0.45660919763595653,0.5050619388639702
"Another example... gyms have machines & classes for advanced people, but some stick to treadmills & dumbbells",neither,0.07622562945297284,0.28449716968275174,0.6392772008642755
