text,top_class,hate_speech,offensive_language,neither
gandsHype,neither,0.03945320844208391,0.33037608806864915,0.630170703489267
HeyGuys,neither,0.03945320844208391,0.33037608806864915,0.630170703489267
"Title card up, refresh if you dont see it",neither,0.03305951246082665,0.4370272176963159,0.5299132698428572
"Hey, it's a Trisha! shishHI",neither,0.03703312613422011,0.3312084653486559,0.631758408517124
Should be starting in about 5 minutes.,neither,0.04973395599604813,0.39423408721132414,0.5560319567926277
gandsHype gandsHype gandsHype,neither,0.03945320844208391,0.33037608806864915,0.630170703489267
"@Danoba No prob. Gives me more than enough time to rehearse ""Jenny of Oldstones"".",neither,0.038219466069170316,0.3703827160371648,0.5913978178936649
i r ready,neither,0.03945320844208391,0.33037608806864915,0.630170703489267
dark4326 subscribed with Twitch Prime.,neither,0.030186173588972614,0.3621416721941929,0.6076721542168345
,neither,0.03945320844208391,0.33037608806864915,0.630170703489267
Here's a taste of last week's episode.,neither,0.07587206270943943,0.29995791839189706,0.6241700188986636
hi,neither,0.03945320844208391,0.33037608806864915,0.630170703489267
hello chat,neither,0.03945320844208391,0.33037608806864915,0.630170703489267
:-D,neither,0.03945320844208391,0.33037608806864915,0.630170703489267
jcvimHi everyone coming in,neither,0.032429675246350445,0.4495837763612448,0.5179865483924047
Hi @pttharley . Hello @Geekouts .,neither,0.03945320844208391,0.33037608806864915,0.630170703489267
WELL MET,neither,0.03945320844208391,0.33037608806864915,0.630170703489267
I wish you good fortune in the streams to come,neither,0.05339987910464046,0.3653347555133632,0.5812653653819962
"Help G&S make great content! $4.99/month gets you emotes, Minecraft server access, sub-only VODs, and more! Every sub keeps the channel alive! twitch.tv/geekandsundry/subscribe",neither,0.043907990691603095,0.31135964332838284,0.644732365980014
Last night's episode was SO good,neither,0.03220589348940329,0.37239856199022947,0.5953955445203671
It was indeed.,neither,0.03766299055026313,0.3333434378739184,0.6289935715758185
SO SO good!,neither,0.038585700834522806,0.4595594852174221,0.5018548139480552
@lostthenumbers agreed,neither,0.03945320844208391,0.33037608806864915,0.630170703489267
It was friggin excellent,neither,0.03814627663061507,0.3325322335552081,0.6293214898141768
seemed like a say goodbye episode,neither,0.04752471531163933,0.3423344153606796,0.6101408693276811
"Yeah last night was great, so many good moments",neither,0.023299840823708673,0.41495980498886237,0.5617403541874288
all the characters getting together,neither,0.036251077232025586,0.4365760578294972,0.5271728649384771
I cried,neither,0.03945320844208391,0.33037608806864915,0.630170703489267
marylikeafox subscribed with Twitch Prime. They've subscribed for 23 months!,neither,0.018766382747298516,0.32334345672772463,0.6578901605249768
next week is going to get nasty I'd think,neither,0.05041746854046755,0.35804491026135865,0.5915376211981739
Twice,neither,0.03945320844208391,0.33037608806864915,0.630170703489267
really enjoyed this ep. obsoleted ep 1 for me,neither,0.0326251953207262,0.3351947229493542,0.6321800817299197
"I didn't cry, but during Brienne's big moment, I was cheering like a football fan! <3 <3",neither,0.02579773479859284,0.40535017815444185,0.5688520870469653
the first two episodes seem like they are setting the board up for the rest of the season. Every episode left is over an hour in length. I don't understand the logic of using the crypt as sanctuary (In normal warfare sure but an undead invasion?),neither,0.039309694697901305,0.36404800611909166,0.5966422991830072
@The_TBoyce i was bawling BibleThump,neither,0.039089514555301665,0.336548922492753,0.6243615629519452
"@Bondo___ Yup, it's talking with all the BioWare companions before the final boss fight.",neither,0.029327301743133437,0.41489659719495825,0.5557761010619083
also excited to see Arya's weapon in action,neither,0.04406873444689964,0.32765287461100173,0.6282783909420986
@The_TBoyce lol yep back to the ship one more time,neither,0.037301001821055724,0.38347633801229497,0.5792226601666493
"""A Euron-ary tract infection""...oh Dan... FailFish",neither,0.043786774880235774,0.2888205254819844,0.6673926996377798
The knighting scene made me cry,neither,0.032022813344176226,0.3513638890030627,0.6166132976527611
Hysterical pregnancy is a thing,neither,0.04574362409040909,0.3282125256763904,0.6260438502332005
Yeah the crypts seems like the worst place lol,neither,0.028957460857735234,0.3919644555209775,0.5790780836212873
is arya able to pose as the hound after he dies? cleganebowl but it's her?,neither,0.03997900629421538,0.4570990069146519,0.5029219867911328
@Cyanbw It's a Stark family reunion! :D :(,neither,0.038346931454109036,0.33075658745381153,0.6308964810920794
A lot of people have said the crypt is a poor choice but white walkers have to get fairly close to wight people. like if they are close enough to turn all the dead starks there is pretty much nowhere safe up north left anyway,offensive_language,0.20804788905948302,0.420195200533248,0.37175691040726905
Indeed! @The_TBoyce,neither,0.03945320844208391,0.33037608806864915,0.630170703489267
@Andyinsomnia or melisandre will raise r'hllor zambies?,neither,0.041110800901841285,0.30224241805496604,0.6566467810431926
I *loved* that dragonriding scene. It was a dance of dragons...in more ways than one.,neither,0.03677048369711702,0.37078090300699706,0.5924486132958858
@andyinsomnia that is a good point,neither,0.043619392739897456,0.38043912346011705,0.5759414837999856
Lady mormont is a bad ass,offensive_language,0.13143499278525664,0.8678896455080382,0.0006753617067052258
"@The_TBoyce it didn't do anything for me, but it may just be setting up for dragon jousting. isn't there an old legend about two targs fighting atop dragons?",neither,0.024243405617627587,0.3485859338794448,0.6271706605029276
I'm rewatching episode 2 now,neither,0.03945320844208391,0.33037608806864915,0.630170703489267
So question for chat: how would YOU spend the night before the Battle of Winterfell?,neither,0.03560869866290796,0.3746540540617927,0.5897372472752993
The need to own Jaime is always relevant.,neither,0.06983733101246431,0.34337371521746396,0.5867889537700719
Show is starting in just a minute.,neither,0.05709131929839409,0.27770375359087324,0.6652049271107325
@The_TBoyce probably riding my horse down to Dorne,neither,0.033775856798960696,0.41243691884659844,0.5537872243544408
"Definitely in the main hall, seems the best option. @the_tboyce how about you?",neither,0.0453480134148338,0.34606160685523907,0.608590379729927
"@zenarc Jousting? No, but Daemon Targaryen (""The Rogue Prince"") killed Aemond the Kinslayer and Vhagar while riding Daemon's dragon Caraxes.",neither,0.035922476691210854,0.3045056108143234,0.6595719124944657
"@Geekouts Ideally, spending it with the person I love most in the world. Realistically, probably reading, alone. :D",neither,0.029604509790144114,0.35187987913960744,0.6185156110702483
