text,top_class,hate_speech,offensive_language,neither
greetings ðŸ˜Š,neither,0.03945320844208391,0.33037608806864915,0.630170703489267
hola,neither,0.03945320844208391,0.33037608806864915,0.630170703489267
beep beep,neither,0.03945320844208391,0.33037608806864915,0.630170703489267
omg this music....,neither,0.03933628934335019,0.3323605103086931,0.6283032003479567
thank god,neither,0.03889004343580062,0.3399344679688249,0.6211754885953744
MOR-TAL COM-BAAAAAAT!,neither,0.03945320844208391,0.33037608806864915,0.630170703489267
I just picked up my copy of MK11 today as well,neither,0.02547831100719694,0.4436215168852456,0.5309001721075575
<3,neither,0.03945320844208391,0.33037608806864915,0.630170703489267
shishHI Hi fam,neither,0.03945320844208391,0.33037608806864915,0.630170703489267
Good evening.,neither,0.03869882722860525,0.3306355543605695,0.6306656184108252
but whos the skeleton? LUL,neither,0.035942827148852795,0.3247879924133538,0.6392691804377935
*High Leg Hand Frame ACTION!*,neither,0.03700828205042854,0.3883269141534692,0.5746648037961023
"mmatton subscribed at Tier 1. They've subscribed for 47 months, currently on a 47 month streak! Hello alls",neither,0.02656570421244218,0.32527737661340045,0.6481569191741573
"Hi Trisha, Mela, Erika and Bones!",neither,0.03865039986561582,0.28968446037165835,0.6716651397627258
Hi @mmatton,neither,0.03945320844208391,0.33037608806864915,0.630170703489267
shishHI gandsGameEngine gandsHype,neither,0.03945320844208391,0.33037608806864915,0.630170703489267
Hey chaoticloony,neither,0.03945320844208391,0.33037608806864915,0.630170703489267
"Hello Trisha, Mela, Erika, and Skelly!",neither,0.03840264189818727,0.2749437060729204,0.6866536520288923
PSWii2008 subscribed at Tier 1. They've subscribed for 31 months! Skelly best fighter!,neither,0.02296061125272163,0.3133243331568512,0.6637150555904272
How could you possibly replace Skelly?,neither,0.05283122701386432,0.3684873864831128,0.5786813865030229
erica linbeck is so adorable jcvimLove,neither,0.04680045394084089,0.3684149879714903,0.5847845580876688
Missing the news segments.,neither,0.038504389280833835,0.3129943423588116,0.6485012683603545
Skelly has a bone to pick with you.,neither,0.0555291935282726,0.3268972535888187,0.6175735528829087
@Critternation3000 Yes she is,neither,0.05591854545076004,0.4624739727857224,0.48160748176351764
Does Skelly have social media? :D,neither,0.02612817036558908,0.45835206285501345,0.5155197667793975
!points @BeardtasticYogi,neither,0.03945320844208391,0.33037608806864915,0.630170703489267
"That was an excellent pun, @BeardtasticYogi! Here, have some points for that one! You have been awarded 73 points!",neither,0.050805666259642904,0.3851811885541635,0.5640131451861937
Hey @The_TBoyce !,neither,0.03945320844208391,0.33037608806864915,0.630170703489267
"Woooo! That's awesome, Erika!",neither,0.03419525192306799,0.38790559219732307,0.5778991558796089
Hi @denisepantoja,neither,0.03945320844208391,0.33037608806864915,0.630170703489267
Hey @denisepantoja ! How are things at the office today?,neither,0.05621480584357712,0.2839579719590538,0.6598272221973692
Hey @chaoticloony !!,neither,0.03945320844208391,0.33037608806864915,0.630170703489267
!points Mela,neither,0.03945320844208391,0.33037608806864915,0.630170703489267
"That was an excellent pun, Mela! Here, have some points for that one! You have been awarded 17 points!",neither,0.05028957640842011,0.38306140444113307,0.5666490191504467
jcvimHi erika jcvimHi trisha jcvimHi mela,neither,0.03945320844208391,0.33037608806864915,0.630170703489267
Thanks @PSWii2008 !,neither,0.035884468650613,0.3004919205142699,0.6636236108351171
Hello @denisepantoja,neither,0.03945320844208391,0.33037608806864915,0.630170703489267
We have a subscriber-only Discord server! Join here: https://discord.gg/geekandsundry (you'll need to sub and link it to your Twitch) and be a part of the fun!...Warning: It can take up to an hour for the server to update and give you access to the channels,neither,0.08464076273808444,0.286394834032893,0.6289644032290227
@The_TBoyce purty good!! I keep busy! ;),neither,0.038744804021567686,0.33061974083317625,0.6306354551452561
Hi @JeffM0307 !,neither,0.03945320844208391,0.33037608806864915,0.630170703489267
"Help G&S make great content! $4.99/month gets you emotes, Minecraft server access, sub-only VODs, and more! Every sub keeps the channel alive! twitch.tv/geekandsundry/subscribe",neither,0.043907990691603095,0.31135964332838284,0.644732365980014
"@denisepantoja Busy is good if it's work you love! But don't work *too* hard, even so. <3",offensive_language,0.029944751135043766,0.5650923691268067,0.4049628797381495
"@The_TBoyce I do love it!! I'll try not to work too hard, but it just keeps happening! lol",offensive_language,0.027122935170611068,0.5083639827060611,0.4645130821233278
"guest: the voice of Jade, Mela Lee ( twitter.com/TheMelaLee )",neither,0.03828744184994585,0.3950915248110261,0.566621033339028
gandsHecBird gandsHecBird gandsHecBird gandsHecBird,neither,0.03945320844208391,0.33037608806864915,0.630170703489267
broken back must be the worst,neither,0.04076733585243058,0.2894127751357999,0.6698198890117696
!points Mela's Dad,neither,0.03945320844208391,0.33037608806864915,0.630170703489267
"That was an excellent pun, Mela's! Here, have some points for that one! You have been awarded 31 points!",neither,0.049980789310414435,0.3817775744187309,0.5682416362708548
*tears*,neither,0.03945320844208391,0.33037608806864915,0.630170703489267
Agreed Trisha,neither,0.03945320844208391,0.33037608806864915,0.630170703489267
so were not playing mortal kombat?,neither,0.03871450052650776,0.3496169606710414,0.6116685388024506
SYMBOLISM.... this conversation.... This is the content I log in for <3,neither,0.039700789554051055,0.3007486675475261,0.6595505428984229
wheres the MK?,neither,0.03864290436906888,0.3155896562252275,0.6457674394057037
"This is a good conversation, I can wait for the game. :)",neither,0.039370348482867794,0.2615530880988948,0.6990765634182373
"@Anim3owl They will, but have started with an interview with the guest",neither,0.02517301382134131,0.3594912730117198,0.615335713166939
There are 2 MK characters are talking along with Trish,neither,0.06296378803709342,0.2696782783524004,0.6673579336105062
button mash hype!,neither,0.03945320844208391,0.33037608806864915,0.630170703489267
"Trish, was that before or after the movie?",neither,0.033811862588025314,0.37867826082019806,0.5875098765917767
"Button mashing does look good though, so that's what we want to see tonight. :P",neither,0.03350000396307646,0.4393690925988938,0.5271309034380298
button masher at all times when it comes to fighting games,neither,0.03627304089398251,0.4221538491212328,0.5415731099847848
Lost_Bloodstain subscribed with Twitch Prime. They've subscribed for 2 months!,neither,0.017135853092050617,0.3228815153557895,0.6599826315521599
"Erika, you are everywhere else.",neither,0.10208294181008125,0.3262394330531208,0.5716776251367979
@shidareAKI BUTTON MASHER FOR LYE,neither,0.032394040647179684,0.29515229457236625,0.6724536647804541
"LYFE, dammat, lol",neither,0.03067274384572663,0.3948916229673822,0.5744356331868913
*thumbs up*,offensive_language,0.031680140546704795,0.5091262166492487,0.45919364280404645
@denisepantoja oh heeey whatup!,neither,0.0450478101092574,0.2772031091301225,0.6777490807606199
UselessRogue gifted a Tier 1 sub to chaoticloony! This is their first Gift Sub in the channel!,neither,0.04195154330719636,0.32183428718380125,0.6362141695090024
bardLOL,neither,0.03945320844208391,0.33037608806864915,0.630170703489267
UM,neither,0.03945320844208391,0.33037608806864915,0.630170703489267
Thank you @UselessRogue,neither,0.07325166854587051,0.43632638485078484,0.49042194660334476
She needs some mouth wash for that. :D,neither,0.02658732401931828,0.41345887655097435,0.5599537994297074
"well, bug vore was not what I was expecting??",neither,0.0420944871774775,0.3339567123021022,0.6239488005204201
I don't think I'll ever truly understand Mortal Kombat.,neither,0.03977164164399668,0.32497144558775515,0.6352569127682482
Jade looks SO GOOD in this game,neither,0.03779099069909633,0.3328184517192117,0.629390557581692
love her outfit,offensive_language,0.026935035509371763,0.5944985095744557,0.37856645491617263
@shidareAKI just workin!!! :),neither,0.03407457890027895,0.35597125435319504,0.6099541667465259
@The_TBoyce It's always been about hell verses hell. :D It doesn't need to make sense.,offensive_language,0.042151334868468664,0.7751971931696542,0.1826514719618771
jade looks so different then the mortal kombat i played,neither,0.038830982269671105,0.3472502789537406,0.6139187387765883
"@denisepantoja hahaha well yes, I guess my question had an obvious answer ;)",neither,0.03250611159050808,0.3814814734242751,0.5860124149852168
you're welcome @chaoticloony :),neither,0.10626763448287628,0.35096606821718634,0.5427662972999374
OH,neither,0.051363287716059566,0.22255663153133606,0.7260800807526044
wow,neither,0.03945320844208391,0.33037608806864915,0.630170703489267
I so love the creative moves in the games,neither,0.0361322021925646,0.34716481152602335,0.616702986281412
Oh nice.,neither,0.047157506312557065,0.25827831660427925,0.6945641770831636
!ears,neither,0.03945320844208391,0.33037608806864915,0.630170703489267
gandsGandsEars ð–ð€ð‘ððˆðð†! Incoming LOUD NOISES. Adjust your volume and protect your ears! gandsGandsEars,neither,0.08369346292336456,0.2909372434945657,0.6253692935820697
!eyes,neither,0.042704359925646626,0.2751955625633402,0.6821000775110132
WARNING: The content in this broadcast contains intermittent flashing lights and imagery and may not be accessible to viewers who are prone to seizures or have epilepsy. Please watch with caution.,neither,0.04984447574647424,0.30793148315909896,0.6422240410944269
"I will say, the more recent Mks are not button-mash friendly",neither,0.05462510186052894,0.2765426531970866,0.6688322449423844
All the Ears and Eyes warning for today's episode.,neither,0.03546979320112164,0.28284072661364074,0.6816894801852377
"@shidareAKI hahaha, nah, I COULD have had a more exciting answer!",neither,0.04032104662317664,0.32990853185146596,0.6297704215253576
@denisepantoja well then I will continue to ask in the future :D,neither,0.044901378448025976,0.29721071377099917,0.657887907780975
"Help G&S make great content! $4.99/month gets you emotes, Minecraft server access, sub-only VODs, and more! Every sub keeps the channel alive! twitch.tv/geekandsundry/subscribe",neither,0.043907990691603095,0.31135964332838284,0.644732365980014
"I don't like playing these kinds of games, but i so love watching it!",neither,0.047192684011573956,0.44460091049344297,0.5082064054949831
@shidareAKI I will try to have more exciting things to say1,neither,0.05243911327650161,0.30591614036305687,0.6416447463604414
Reminded me a it of Frodo getting owned that one.,neither,0.02805862274170354,0.45279623481095876,0.5191451424473377
@denisepantoja oh lord no pressure,neither,0.04334809521197418,0.2983776081105364,0.6582742966774894
bardHype bardHype bardHype,neither,0.03945320844208391,0.33037608806864915,0.630170703489267
I remember when I was at a hotel with friends once and my friend brought his Xbox and Mortal Kombat. We just sat watching him do fatalities. We were crying with laughter.... is that a good thing? :D,neither,0.030643289994742775,0.395411215629498,0.5739454943757593
"Erika, the person on your left spent too much time at the gym",neither,0.04915566225907128,0.34418217303300036,0.6066621647079283
"Where's Ryan Green to drop some sweet, sweet lore when you need it?",neither,0.04610021523782885,0.3539495875072901,0.599950197254881
ramaNom ramaNom ramaNom,neither,0.03945320844208391,0.33037608806864915,0.630170703489267
@tea_cake_and_gaming Yes it is!,neither,0.0504428408951861,0.3265962495318096,0.6229609095730043
"""Meat too stringy"" :P",neither,0.03912308665555186,0.33597911633530747,0.6248977970091407
Superb. :),neither,0.03945320844208391,0.33037608806864915,0.630170703489267
mortal kombat is so great. every single character is just so needlessly Extra,neither,0.04388665057001316,0.3691962382599649,0.5869171111700219
I was so used to Mela voicing characters like Tiki and Rachel I got caught off guard when I heard her voice people like Caroline and Jade. Your range is super cool!,neither,0.06755684830616372,0.4368806308477059,0.49556252084613045
@the_tboyce hes at home on his own channel,neither,0.07979388255367265,0.3507146835067151,0.5694914339396123
"@Critternation3000 I know, I was just thinking about his ""Lore of Mortal Kombat"" episode.",neither,0.04925522800492801,0.36178024721377766,0.5889645247812944
"cut scenes in mortal combat wow, in which game did all this start?",neither,0.03981990917426571,0.3440181634971304,0.6161619273286039
"Freaking neatherrealms trying to make mortal combat narrative legit.... It always had this bonkers lore, but nowadays it's actually got stories and stuff...",neither,0.037805835463336684,0.35846860936777836,0.6037255551688849
I am so loving this cut scene,neither,0.03918335317909168,0.3676313806248153,0.593185266196093
MORTAL KOMBAT,neither,0.03945320844208391,0.33037608806864915,0.630170703489267
eldritchedd subscribed with Twitch Prime.,neither,0.030186173588972614,0.3621416721941929,0.6076721542168345
"We believe in you, Erika!",neither,0.06529225319228464,0.40565995740581107,0.5290477894019042
Archwyllt subscribed with Twitch Prime.,neither,0.030186173588972614,0.3621416721941929,0.6076721542168345
OH WOW,neither,0.04699983224225219,0.25967008852857676,0.6933300792291711
tinytatoPotato,neither,0.03945320844208391,0.33037608806864915,0.630170703489267
Jade is giving me serious Kilik vibes....,neither,0.03927776426701846,0.36021219840636787,0.6005100373266138
tinytatoPotato tinytatoHeart tinytatoPotato tinytatoHeart tinytatoPotato,neither,0.03945320844208391,0.33037608806864915,0.630170703489267
gandsHype gandsHype gandsHype,neither,0.03945320844208391,0.33037608806864915,0.630170703489267
Nice one.,neither,0.038104981566877257,0.3798387499096277,0.582056268523495
gandsHype gandsHype gandsHype,neither,0.03945320844208391,0.33037608806864915,0.630170703489267
"""See a dentist!""",neither,0.03945320844208391,0.33037608806864915,0.630170703489267
!whodat,neither,0.03945320844208391,0.33037608806864915,0.630170703489267
"Erika Ishii ( twitter.com/erikaishii ), Trisha Hershberger ( twitter.com/thatgrltrish ), and Skelly, with guest Mela Lee ( twitter.com/TheMelaLee ).",neither,0.03408501659747065,0.45619204118471124,0.5097229422178182
Bloody hell.,offensive_language,0.041700466036394844,0.777977851275323,0.18032168268828208
ouch,neither,0.03945320844208391,0.33037608806864915,0.630170703489267
the engine is amazing,neither,0.045963296948624076,0.31334033123541916,0.6406963718159566
That escalated quickly.,neither,0.03476908919624869,0.38150422245866583,0.5837266883450856
Ouch.,neither,0.03945320844208391,0.33037608806864915,0.630170703489267
"We believe in you, Trisha!",neither,0.06529225319228464,0.40565995740581107,0.5290477894019042
shapeshifter,neither,0.03945320844208391,0.33037608806864915,0.630170703489267
Come on Trisha!!,neither,0.031465329865955356,0.4061586881471455,0.562375981986899
aw man but you get one more round!,neither,0.050501394115731256,0.46520727035263176,0.4842913355316371
Cme on you can have him.,neither,0.05852355108224625,0.4323360077819693,0.5091404411357844
you can do it Trish!,neither,0.0756730639028903,0.41489501303487014,0.5094319230622396
What can go wrong? PopCorn,neither,0.046240628259871124,0.3259989876997518,0.6277603840403772
AncientWisdom22 subscribed with Twitch Prime.,neither,0.030186173588972614,0.3621416721941929,0.6076721542168345
phil lamarr too op,neither,0.03921981956787681,0.3343373063603688,0.6264428740717544
"Trisha threw the first round, to make him overconfident!",neither,0.037547604195852,0.3175152121172547,0.6449371836868932
shishWW shishWW shishWW,neither,0.03945320844208391,0.33037608806864915,0.630170703489267
oh man,neither,0.0497452509521963,0.354443561064239,0.5958111879835646
"Don't tap him, he'll just clean your gut with his giant toothbrush.",neither,0.06167509518040633,0.35863086232742614,0.5796940424921677
frack wow,neither,0.03945320844208391,0.33037608806864915,0.630170703489267
t90Rekt,neither,0.03945320844208391,0.33037608806864915,0.630170703489267
"Both triggers do those cutscene attacks, guys",neither,0.06226482194938623,0.27069081149212326,0.6670443665584906
It's like a contact throw,neither,0.04936136970292953,0.3480942517791886,0.6025443785178819
MASH HIM!!!!!!!!!!!,neither,0.03929865241387931,0.3329993072263727,0.627702040359748
"We believe in you, Trisha! shishWW shishWW shishWW",neither,0.06529225319228464,0.40565995740581107,0.5290477894019042
OH NICE,neither,0.047157506312557065,0.25827831660427925,0.6945641770831636
OMG... Magic pole wall-lean is fantastic :D,neither,0.0441850908624182,0.32874857672097674,0.6270663324166051
shishWW Left trigger Right trigger success!,neither,0.038920818492750656,0.34077228003897786,0.6203069014682714
I love jade's body language in this game,neither,0.03631398684502113,0.30643803352048066,0.6572479796344982
OMG,neither,0.03945320844208391,0.33037608806864915,0.630170703489267
We have a subscriber-only Discord server! Join here: https://discord.gg/geekandsundry (you'll need to sub and link it to your Twitch) and be a part of the fun!...Warning: It can take up to an hour for the server to update and give you access to the channels,neither,0.08464076273808444,0.286394834032893,0.6289644032290227
YES! Well done Trish.,neither,0.038567476236373695,0.34540927517640796,0.6160232485872184
Isn't he in the Walking Dead?,neither,0.04364952220271962,0.31362512245375157,0.6427253553435288
"Help G&S make great content! $4.99/month gets you emotes, Minecraft server access, sub-only VODs, and more! Every sub keeps the channel alive! twitch.tv/geekandsundry/subscribe",neither,0.043907990691603095,0.31135964332838284,0.644732365980014
shishNONO shishRAGE,neither,0.03945320844208391,0.33037608806864915,0.630170703489267
....KILLER frost?,neither,0.03945320844208391,0.33037608806864915,0.630170703489267
;P,neither,0.03945320844208391,0.33037608806864915,0.630170703489267
Can we put money on this? :D,neither,0.03629271898878843,0.3452373296332244,0.6184699513779871
500 Quatloos on the newcomer!,neither,0.03508219270081341,0.32713532555602676,0.6377824817431598
I'll put two cakes and a cup of tea on Skelly.,neither,0.03743626011062603,0.30547389558112004,0.657089844308254
random ftw,neither,0.03945320844208391,0.33037608806864915,0.630170703489267
"Bridge fight, or nothing!",neither,0.037139940146889754,0.36963828818726796,0.5932217716658423
They don't wear those masks just for fashion,neither,0.04676381972123587,0.27463511880259595,0.6786010614761682
Traditional Fighting game First Round: back up and figure out your moves,neither,0.04409909967637587,0.31842867930857544,0.6374722210150487
"this is a button mashing fight, the nest ones",neither,0.04451199466122563,0.31779068805619365,0.6376973172825807
wins,neither,0.03945320844208391,0.33037608806864915,0.630170703489267
Wow.. Kale is looking a bit PALE these days. GET IT.,neither,0.05016707497824485,0.3838435023250362,0.5659894226967189
ouch,neither,0.03945320844208391,0.33037608806864915,0.630170703489267
everything goes straight through the head XD,neither,0.037384189585600545,0.34003223755394724,0.6225835728604522
POP! :D,neither,0.04198645609464157,0.2873802641551968,0.6706332797501617
"Fabulous job, Ladies!",neither,0.039396324276657665,0.33134156081177446,0.6292621149115679
I heard Shang Zhou had to be unlocked using gems,neither,0.041293614225238466,0.3738592938480759,0.5848470919266856
You guys need to cosplay Scarlet and Jade and recreate this match with Nerf weapons. lol,neither,0.038379862125788825,0.3544323265687311,0.6071878113054802
Jade is bae,neither,0.04774802271121307,0.40523027171091003,0.5470217055778768
gandsLore,neither,0.03945320844208391,0.33037608806864915,0.630170703489267
hehehe that was so cute,neither,0.03743000970736406,0.38301519772458936,0.5795547925680467
#Boink,neither,0.03945320844208391,0.33037608806864915,0.630170703489267
she booped her,offensive_language,0.025329860610975745,0.8849219389732185,0.08974820041580579
https://clips.twitch.tv/SingleSmoothBadgerCmonBruh,neither,0.03945320844208391,0.33037608806864915,0.630170703489267
!whodat,neither,0.03945320844208391,0.33037608806864915,0.630170703489267
"Erika Ishii ( twitter.com/erikaishii ), Trisha Hershberger ( twitter.com/thatgrltrish ), and Skelly, with guest Mela Lee ( twitter.com/TheMelaLee ).",neither,0.03408501659747065,0.45619204118471124,0.5097229422178182
I loved Detroit Become HUman. I need to play the other paths.,neither,0.12876052115108128,0.21124244004894568,0.659997038799973
Trisha... when you going to get in to some voice acting?,neither,0.04401384409931389,0.44533759110209653,0.5106485647985896
What's Erika's new main character game?,neither,0.046891166830234275,0.21535320467880992,0.7377556284909559
"Yo guys, anyone heard that they just like removed the twitchtv app from smart tvs .. anyone know why, will they release a new one or ????",neither,0.0366550174176288,0.35034672479180173,0.6129982577905694
Was just looking up video on Frost Punk,neither,0.04688289059358321,0.12595874269609578,0.827158366710321
is smoke a character in this one?,neither,0.04243556875099238,0.41094744910976283,0.5466169821392446
yeah WHEN?!,offensive_language,0.010534578171007893,0.5346334929858014,0.4548319288431908
@Zhept No idea,neither,0.03828698463382248,0.35016994969645254,0.6115430656697249
Thanks for answering that. You should really push for it more. :),neither,0.043668574533973464,0.34430135012759927,0.6120300753384273
I hope babealities and friendships are unlockable dlc.,neither,0.11498536764231693,0.15068196167760567,0.7343326706800775
oh i wish to hear jade-line mixed couple sentences :D,neither,0.04729729336692162,0.2960003806406243,0.6567023259924542
Thanks Jeff ... so anoying .. was a perfect way to relax in the evening watching twitch on tv,neither,0.03953821224794528,0.34022837340371637,0.6202334143483382
well in my opinion voiceover is more really voice-acting since you live a character the same way in a game than in a movie,neither,0.04800590469385906,0.34549978216911825,0.6064943131370227
And now you're both Fire Emblem characters! :D,neither,0.06953560438004032,0.3062170911772817,0.624247304442678
Caltox2 subscribed at Tier 1. They've subscribed for 2 months!,neither,0.018730042386447116,0.3124437755681934,0.6688261820453595
"""its only over when its over"" Mela! :D",neither,0.021929227802907056,0.3720823160751337,0.6059884561219593
omg <3,neither,0.03945320844208391,0.33037608806864915,0.630170703489267
"henchman109 subscribed with Twitch Prime. They've subscribed for 46 months, currently on a 35 month streak!",neither,0.02193598687379882,0.33038998935675934,0.6476740237694418
parents being proud of their kids <3,neither,0.03542391949963648,0.3534508199170558,0.6111252605833077
monkaS,neither,0.03945320844208391,0.33037608806864915,0.630170703489267
wowðŸ˜ƒ,neither,0.03945320844208391,0.33037608806864915,0.630170703489267
Invested and Proud...... I think that's literally everything anyone wants out of their parents.....,neither,0.03437400248420435,0.33556762706313853,0.6300583704526571
Hehheheheh,neither,0.03945320844208391,0.33037608806864915,0.630170703489267
#GetErikaAStarWarsGig for mom,neither,0.030335623521956866,0.2849765142667572,0.684687862211286
I support that idea!,neither,0.06992403696474656,0.362042385264906,0.5680335777703474
tinytatoHeart tinytatoBallpit tinytatoHeart,neither,0.03945320844208391,0.33037608806864915,0.630170703489267
You won't be alone on that! :D,neither,0.04931996624290635,0.4539511673193372,0.49672886643775643
I buy little potatoes... does that count as Erika Merch?,neither,0.027615210098627614,0.45385149299130034,0.5185332969100721
Play the game....or throw a pie or something,neither,0.03840475750645381,0.29056324281365814,0.6710319996798881
Frost OWLORisa,neither,0.03945320844208391,0.33037608806864915,0.630170703489267
sub zeroooo,neither,0.03945320844208391,0.33037608806864915,0.630170703489267
joelhalf subscribed with Twitch Prime. They've subscribed for 2 months!,neither,0.017135853092050617,0.3228815153557895,0.6599826315521599
OWLOrisa,neither,0.03945320844208391,0.33037608806864915,0.630170703489267
wow,neither,0.03945320844208391,0.33037608806864915,0.630170703489267
!ears,neither,0.03945320844208391,0.33037608806864915,0.630170703489267
gandsGandsEars ð–ð€ð‘ððˆðð†! Incoming LOUD NOISES. Adjust your volume and protect your ears! gandsGandsEars,neither,0.08369346292336456,0.2909372434945657,0.6253692935820697
!eyes,neither,0.042704359925646626,0.2751955625633402,0.6821000775110132
WARNING: The content in this broadcast contains intermittent flashing lights and imagery and may not be accessible to viewers who are prone to seizures or have epilepsy. Please watch with caution.,neither,0.04984447574647424,0.30793148315909896,0.6422240410944269
Master kicking student's a$$,neither,0.03945320844208391,0.33037608806864915,0.630170703489267
!whodat,neither,0.03945320844208391,0.33037608806864915,0.630170703489267
"Erika Ishii ( twitter.com/erikaishii ), Trisha Hershberger ( twitter.com/thatgrltrish ), and Skelly ( twitter.com/GNS_Skelly ), with guest Mela Lee ( twitter.com/TheMelaLee ).",neither,0.0350242595457466,0.4627607134727123,0.5022150269815411
"i love that in mortal kombat, everyone talks about fatalities, like half the fight wasn't fatal already",neither,0.036250599213162316,0.42209666555337816,0.5416527352334596
hahaha I love that Skelly has a Twitter,offensive_language,0.03257178125521358,0.49413339906530707,0.47329481967947945
"Wait, Skelly has a twitter account? ðŸ˜‚",neither,0.039191310761115844,0.4383538781002294,0.5224548111386547
who's playing as whom?,neither,0.0380534602045295,0.42163887747260315,0.5403076623228673
pretty sure Trish is Subzero,offensive_language,0.04188898240713644,0.48659336994343777,0.4715176476494257
"@BeardtasticYogi Yup, just had to go find it.",neither,0.04481774508568499,0.2659208176811988,0.6892614372331162
"Oh, that's Jade not Frost",neither,0.039238527776973633,0.327477756743396,0.6332837154796304
I think I'm going to follow Skelly after this. :D,neither,0.04496872088810147,0.34692276798993193,0.6081085111219665
Trish for the new Sub-zero,neither,0.036284571359584024,0.21429488826904877,0.7494205403713672
I am one of the few people without a Twitter,neither,0.060842447459421696,0.4347678033835264,0.5043897491570519
it's not your fault old man <3,neither,0.0669032955608506,0.3904113183288466,0.5426853861103028
It's a slap fight with pillowcases before the fatality @ghosthack159,neither,0.027576786301299207,0.39268762462900075,0.5797355890697001
@chaoticloony Time to get a Twitter just to follow Skelly. :D,offensive_language,0.04534748901063342,0.47816754100709163,0.47648496998227496
Erika's got ideas,neither,0.03788125797547795,0.3870089263451547,0.5751098156793674
"Great, now I want Erika as my GPS voice.",neither,0.026565622271036066,0.40801321216705355,0.5654211655619104
"I just got a new Twitter, first follows were Trisha and Erika.",neither,0.03166798146177601,0.35109877804041073,0.6172332404978133
is it johnny cage / sonyas' child?,neither,0.0446682653970982,0.32858239084224083,0.6267493437606609
TRISH!!!!!!!!!!!,neither,0.03945320844208391,0.33037608806864915,0.630170703489267
there is a skellington :o jealous,neither,0.050072589432005585,0.27451243284522114,0.6754149777227733
congrats @tea_cake_and_gaming,neither,0.03945320844208391,0.33037608806864915,0.630170703489267
They didn't follow me! lol,neither,0.01522673300979979,0.46905869226174723,0.5157145747284531
I wish.,neither,0.03945320844208391,0.33037608806864915,0.630170703489267
GO TRISH!,neither,0.04276165647058889,0.34190019769565555,0.6153381458337556
@drsmileyphd yes she is,neither,0.05591854545076004,0.4624739727857224,0.48160748176351764
"If I opened up my Instagram tomorrow, which I use most, and they followed me. I'd be on a high for months.",neither,0.010540436655123218,0.48933923029628745,0.5001203330485894
did Jonny and Sonya hook up?,neither,0.03570830217351622,0.3402450564012583,0.6240466414252255
"nope Erica was Jade, and got creamed....ice cremed that is B)",neither,0.0403836473018793,0.35845542357415333,0.6011609291239672
"quick, button mash harder!",neither,0.03945320844208391,0.33037608806864915,0.630170703489267
yup many years ago,neither,0.03945320844208391,0.33037608806864915,0.630170703489267
@BeardtasticYogi No! you gotta lean while you button mash,neither,0.060935727101355884,0.4268263879179164,0.5122378849807279
"Tilt the controller, that always helps",neither,0.03526682786161342,0.3819863457414588,0.5827468263969277
"I stay away from Social Media, it's not my type of scene!",neither,0.031971652794660424,0.36244446861461865,0.6055838785907209
"Come on @BeardtasticYogi , you know how to game, yah? hahaha",neither,0.05338734292599289,0.35849456063986246,0.5881180964341447
I was at that panel! Your manicure & chat techniques are A+. <3,neither,0.08571354245054989,0.3384222993266863,0.5758641582227638
@HimuraJubei I don't know how to fighting game though icySHRUG,neither,0.044749181425081226,0.2903549546768593,0.6648958638980595
Do you always bring unicorn farts to your con panels?,neither,0.07916188441731661,0.3868685906000894,0.533969524982594
A lot of these characters have glowing eyes. :D,neither,0.04671845233510086,0.3642243057499931,0.589057241914906
I want glowing eyes.,neither,0.04134857373839716,0.2982067924809577,0.6604446337806452
Trisha wins childhood.,neither,0.03945320844208391,0.33037608806864915,0.630170703489267
"I have my Troll Mage figure from Shadowrun Clix, next to my desk as a guardian!",neither,0.02810744755819389,0.4533893085533186,0.5185032438884875
You can play better when you swear.,offensive_language,0.06316684780074173,0.4886521682711237,0.4481809839281347
"how about ""crispy donuts"" as a substitute swear, Trisha?",neither,0.03725283565260562,0.36772215682147796,0.5950250075259164
When Trisha's child starts running around the playground saying to other kids that they're a hanzo main then something has worked,neither,0.0385829541161299,0.3482394430846526,0.6131776027992175
Trisha's substitute swears are so cool!,neither,0.05837853946703045,0.3294558232090861,0.6121656373238835
It's a lot of a fun consonants,neither,0.037754381136047364,0.3309603926799448,0.6312852261840078
I love the Party Booper!,neither,0.0342619688428707,0.32628642298455424,0.639451608172575
hanzo main? that innocent skeleton doesnt need to hear such awful language,neither,0.04090184741853452,0.3486879238869534,0.6104102286945121
Hehehe,neither,0.03945320844208391,0.33037608806864915,0.630170703489267
"Hmmm, guys... Skelly doesn't look well.",neither,0.04086163754602553,0.331492985607192,0.6276453768467825
boop,neither,0.03945320844208391,0.33037608806864915,0.630170703489267
dont you mean genji main? :-p,neither,0.06020682600369975,0.3879994214070523,0.5517937525892479
wow from a 4 year old?!,neither,0.04058282953812148,0.3112034699927516,0.6482137004691271
skelly had to look away from the violence,neither,0.04835679708653284,0.2777235237488388,0.6739196791646284
oh I'm TERRIBLE at games. I love to play them but I am SO BAD,neither,0.04930294511856102,0.3524514359659288,0.5982456189155102
@ravienl33t True. :D,neither,0.03945320844208391,0.33037608806864915,0.630170703489267
there is a tutorial in mk11 ðŸ˜ƒ,neither,0.055666217223151876,0.25142479407873103,0.692908988698117
I screamed my way through a twenty minute play through of BotW and it was so fun but there was so much screaming because I had no idea what I was doing XD,neither,0.033130354765362476,0.37319024514329807,0.5936794000913395
When is game of thrones talk?,neither,0.022829125935084446,0.3385426721932738,0.6386282018716418
Nice.,neither,0.03945320844208391,0.33037608806864915,0.630170703489267
i would love to see them play dead by daylight,neither,0.05271956458882745,0.35919704615460085,0.5880833892565717
@jareddabooke that was yesterday I'm afraid,neither,0.03551867290984786,0.3739090372707935,0.5905722898193587
!schedule,neither,0.03945320844208391,0.33037608806864915,0.630170703489267
"Current Schedule ( as of April 18th, 2019 ): https://i.imgur.com/uKF8nO9.png - more info about shows at: https://geekandsundry.com/twitch/",neither,0.03848445539674091,0.35850660539789125,0.6030089392053679
That was so OUCH,neither,0.03527093288495887,0.42173127823315837,0.5429977888818828
Is this stage in the bowels of West World?,neither,0.04531550995093186,0.3159847002028771,0.6386997898461909
close enough yogi,neither,0.03945320844208391,0.33037608806864915,0.630170703489267
trisha is a monstah! must stahp her XD,offensive_language,0.03815527999083163,0.5196514890036116,0.44219323100555674
If they press select they can see the fatality menu,neither,0.028083946800625554,0.3508160799217417,0.6210999732776329
should really take a minute to look up those fatalities lol,neither,0.07184202771365272,0.39067267314994203,0.5374852991364053
#MyImmersion :(,neither,0.03945320844208391,0.33037608806864915,0.630170703489267
"The best film adaptation in the Japanese Ace Attorney movie that gets the look perfect, but that's already a story heavy visual novel game.",neither,0.03465557150703569,0.3207445497146429,0.6445998787783215
But... #DoomBoop icyCRY,neither,0.02962635344032169,0.3618162153579155,0.6085574312017628
shidareAKI did you break your blender?,neither,0.12897176697404875,0.37730841626557954,0.49371981676037174
!points @mmatton,neither,0.03945320844208391,0.33037608806864915,0.630170703489267
"That was an excellent pun, @mmatton! Here, have some points for that one! You have been awarded 83 points!",neither,0.05003766897837674,0.38201493930407926,0.5679473917175439
"that being said, an immersion blender is a dream kitchen tool for someone who enjoys cooking as much as I do",neither,0.03305064008914394,0.40662510672545654,0.5603242531853996
I think I've seen them for pretty cheap,neither,0.02523579420076153,0.283085968147552,0.6916782376516865
its good of Skelly not to play and show people up really. very decent of them.,neither,0.07633402626498755,0.2836688403987444,0.639997133336268
Edger Wright?,neither,0.03945320844208391,0.33037608806864915,0.630170703489267
Granted they're cheapies that'll probably break pretty quick :),neither,0.04705120660256301,0.3521736455023828,0.6007751478950543
We care a lot about how equitable and kind Skelly is. They're a good kid.,neither,0.05540396041404997,0.306182506607272,0.6384135329786781
Skelly woke up.,neither,0.03575688698800203,0.4072229314074033,0.5570201816045947
I think Skelly is now too awake.,neither,0.04782861820378542,0.32311647116560444,0.6290549106306101
he's scared stiff,neither,0.044866042238380734,0.32851436631734754,0.6266195914442717
MK: the Musical would be up there with that Buffy episode,neither,0.028368112205826395,0.3725572471513747,0.5990746406427989
lol,neither,0.020706217963973744,0.4882283491876925,0.4910654328483337
MK: the Musikal rather,neither,0.038527431634606,0.3134276860425983,0.6480448823227957
digita63Wings,neither,0.03945320844208391,0.33037608806864915,0.630170703489267
Skelly is scared OWL2019McCree,neither,0.05277562083920861,0.3257938995380304,0.621430479622761
"ðŸŽ¼""Get over here, Sub-Z---eroooo!""",neither,0.0847640494812272,0.3010567239400592,0.6141792265787136
@gabrielxdesign its the loud noises i think,neither,0.03234975861232781,0.304240273501759,0.6634099678859133
Spec Ops: The Line will Mess. You. Up.,neither,0.05071152654629368,0.378495775965979,0.5707926974877273
The Hurt Locker,neither,0.03802969927629693,0.3039067156102446,0.6580635851134585
yogi wins,neither,0.03945320844208391,0.33037608806864915,0.630170703489267
WOAH! I'm Skelly's third follower now on Twitter. :D,neither,0.036999921595623306,0.41876999041750423,0.5442300879868723
wait :o Skelly is on twitter?!,offensive_language,0.044935549471459224,0.49123898810779565,0.463825462420745
Guillermo del Toro would be great to direct a MK movie.,neither,0.04347139003007429,0.2883437767238298,0.668184833246096
GNS_Skelly on Twitter,offensive_language,0.033390295273232805,0.5740518244701122,0.392557880256655
what about a Quentin Tarantino style MK movie like Kill Bill?,neither,0.2767989163578254,0.23279651829555395,0.4904045653466207
@ravienl33t id watch that,neither,0.04120082310599859,0.3781633764740071,0.5806358004199944
PRESS R1 when near an environmental thingy,neither,0.033402759458897174,0.3576318143074681,0.6089654262336346
"Thats what my research suggests, good luck.",neither,0.033669662231766616,0.39395156594985276,0.5723787718183806
R bumper*,neither,0.03945320844208391,0.33037608806864915,0.630170703489267
WOOO,neither,0.03945320844208391,0.33037608806864915,0.630170703489267
"Ladies, don't beat yourselves up about the game!",neither,0.035184938326995555,0.3444215683449036,0.6203934933281008
Epic Death Boop,neither,0.03945320844208391,0.33037608806864915,0.630170703489267
WOW that's a lot of gore,neither,0.036217505467058216,0.36546576457548896,0.5983167299574529
worth,neither,0.03945320844208391,0.33037608806864915,0.630170703489267
Who's Skelly's 4th follower?,neither,0.0400194884125125,0.38964355327354794,0.5703369583139397
WOOOHOoOOO OWL2019DVa,neither,0.03945320844208391,0.33037608806864915,0.630170703489267
Go Trish!,neither,0.04276165647058889,0.34190019769565555,0.6153381458337556
Trish did a thing gandsGameEngine,neither,0.03945320844208391,0.33037608806864915,0.630170703489267
Big Boop!,neither,0.023761835574033704,0.39501580807410414,0.5812223563518623
They store a lot of blood in the mouth.,neither,0.05972911184981362,0.3106564744858871,0.6296144136642992
Well done. :D,neither,0.03835210096346887,0.34906475564227485,0.6125831433942563
That defeat will be hard for her to swallow,offensive_language,0.027042871087531797,0.5910580621386702,0.3818990667737981
brutal,neither,0.03945320844208391,0.33037608806864915,0.630170703489267
whoa nice,neither,0.03945320844208391,0.33037608806864915,0.630170703489267
pow right in the kissa,neither,0.03752744915326267,0.33273011787709605,0.6297424329696413
confusYog,neither,0.03945320844208391,0.33037608806864915,0.630170703489267
"The gore in MK11 has such a visceral, moist sound to it.",neither,0.04259779672032426,0.31036422628253807,0.6470379769971377
!points Mela,neither,0.03945320844208391,0.33037608806864915,0.630170703489267
"That was an excellent pun, Mela! Here, have some points for that one! You have been awarded 23 points!",neither,0.05013159713977728,0.3824060414238869,0.5674623614363358
RB,neither,0.03945320844208391,0.33037608806864915,0.630170703489267
"@ericastrange yeah, it was pretty jaw-dropping",neither,0.02621731338012511,0.4159130353120553,0.5578696513078195
R1 is bumper? Not sure what you playin on. Also that was a good phase through the thrown fire barrel.,neither,0.045251778260298685,0.4380398267640001,0.5167083949757012
!points @ericastrange,neither,0.03945320844208391,0.33037608806864915,0.630170703489267
"That was an excellent pun, @ericastrange! Here, have some points for that one! You have been awarded 11 points!",neither,0.0503749135811233,0.38341414989591843,0.5662109365229583
RB!,neither,0.03945320844208391,0.33037608806864915,0.630170703489267
