text,top_class,hate_speech,offensive_language,neither
thuluHEY gandsClassic,neither,0.03945320844208391,0.33037608806864915,0.630170703489267
Is this an Asinine Wisdom stage play?,neither,0.04601617893355816,0.32520404354465965,0.6287797775217822
Globe Mc Globeface,neither,0.03945320844208391,0.33037608806864915,0.630170703489267
I vote professor globe,neither,0.03945320844208391,0.33037608806864915,0.630170703489267
Shadowstorm_0 subscribed with Twitch Prime. They've subscribed for 45 months!,neither,0.01864293310625289,0.32330691233833436,0.6580501545554128
!whodat,neither,0.03945320844208391,0.33037608806864915,0.630170703489267
"Gail Simone ( twitter.com/GailSimone ), Geoff Thorne ( twitter.com/GeoffThorne ), Marguerite Bennett ( twitter.com/EvilMarguerite ).",neither,0.038703443838410914,0.4608127002842895,0.5004838558772996
"Capes are fun, until you get to close to a plane engine :-P",neither,0.08224275512865585,0.327247470929509,0.5905097739418351
NO CAPES!,neither,0.036918905254960256,0.37338982715841207,0.5896912675866277
"I'll never get that image out of my head, Oss",neither,0.024583450159759757,0.4655932040861144,0.5098233457541259
No capes!,neither,0.036918905254960256,0.37338982715841207,0.5896912675866277
Exactly ^^,neither,0.03945320844208391,0.33037608806864915,0.630170703489267
"I just watched a documentary about the Savoy Hotel, this feels like what it would look like if they made a gaming room.",neither,0.037831285599087924,0.3807992877742964,0.5813694266266157
Danoba plays Fortnite?,neither,0.03945320844208391,0.33037608806864915,0.630170703489267
Im sure theyre mostly going to be pleased that theyve won xD,neither,0.036229524692408456,0.46514073365619163,0.4986297416513999
hi,neither,0.03945320844208391,0.33037608806864915,0.630170703489267
thuluHEY,neither,0.03945320844208391,0.33037608806864915,0.630170703489267
DOnt land in tilted towers?,neither,0.03945320844208391,0.33037608806864915,0.630170703489267
Building is crucial,neither,0.05100937113646074,0.3264013938032497,0.6225892350602895
Materials are your friend,neither,0.17273416912968662,0.23912998241284475,0.5881358484574686
its the worse place to land,neither,0.047175586202917355,0.16378158353728914,0.7890428302597935
Hit the trees and rocks and stuff!!,neither,0.037940896667676055,0.2662852159036662,0.6957738874286579
Parents pay people to teach their kids how to play Fortnite just so you know,neither,0.08926735218938145,0.3182667484876957,0.5924658993229229
"All I know about this game is that my son plays it and it seems to include a lot of shBEEPt talk... I always close all doors between us, when he plays it",neither,0.037387234563328896,0.4414565612482694,0.5211562041884018
spamdeserus subscribed with Twitch Prime. They've subscribed for 12 months!,neither,0.018231540648681904,0.323186843011016,0.6585816163403021
You need to destroy things in the environment to get resources to build,neither,0.06304933889019475,0.34211950294978694,0.5948311581600182
its the world biggest game right now i dont like it but i play it sometimes,neither,0.03609926486578715,0.32236658358287995,0.6415341515513329
Please hit at least one tree with your pickaxe cause you need materials to build haha,neither,0.057133595909356176,0.46282523476979964,0.4800411693208441
lol,neither,0.020706217963973744,0.4882283491876925,0.4910654328483337
Also head to the eye of the storm its a safe place but it also has all the other people,neither,0.05404342302771658,0.3250738686685804,0.6208827083037028
The shbeep sounds like a fun jazz dance @Ossborn,neither,0.046612548898806505,0.32918042874147074,0.6242070223597228
gns plays fortnite crazy,neither,0.027398997561462933,0.4524413892055717,0.5201596132329654
yeah keep an eye on the map go to where the white circle on your map,offensive_language,0.22290208594954333,0.4616306533788164,0.3154672606716402
The white line is the shortest path to the eye of the storm :),offensive_language,0.29398647695157737,0.38347447931497436,0.3225390437334481
"@ericastrange Don´t tell Epic Games, or they steal the idea from you ;-)",neither,0.049961420730325626,0.33590380248657453,0.6141347767830998
follow to white line,hate_speech,0.6433844602168574,0.33300081123448766,0.023614728548655033
YOU TAKE FALL DAMAGE,neither,0.05565831685411194,0.37609015096328763,0.5682515321826005
To late @Ossborn,neither,0.050672113287104505,0.32394611463539263,0.6253817720775029
You also take damage by being in the storm,neither,0.04639078070516621,0.40172041970212674,0.5518887995927071
You're taking damage,neither,0.08208727347375389,0.34557956562532,0.5723331609009261
did yall do the Thanos mode?,neither,0.03863337496652997,0.33735951551310955,0.6240071095203604
Outside the eye,neither,0.048580752954556994,0.30839988658825707,0.643019360457186
"The deadly part isnt the falling, it´s the abrupt stop at the end!",neither,0.036275465893417125,0.34711386684298523,0.6166106672635977
My little brother is really good at this game so I have been forced to learn many a thing about it xD,neither,0.036763310453851596,0.40908955324503976,0.5541471363011087
So they didn't name it the Thanus mode @Critternation3000,neither,0.02610346856879739,0.38905334173637596,0.5848431896948266
English in chat please,neither,0.03945320844208391,0.33037608806864915,0.630170703489267
ку,neither,0.03945320844208391,0.33037608806864915,0.630170703489267
if you want we could play together i could show somewhat of what i know ofthe game,neither,0.046551402089905394,0.31459820215712064,0.638850395752974
hello,neither,0.03945320844208391,0.33037608806864915,0.630170703489267
storm always gets ya,offensive_language,0.02657240807652313,0.5787337129145481,0.3946938790089288
We have a subscriber-only Discord server! Join here: https://discord.gg/geekandsundry (you'll need to sub and link it to your Twitch) and be a part of the fun!...Warning: It can take up to an hour for the server to update and give you access to the channels,neither,0.08464076273808444,0.286394834032893,0.6289644032290227
You have an inventory but you have 5 quick access slots iirc,neither,0.05845242047661712,0.4088489394133869,0.532698640109996
"Help G&S make great content! $4.99/month gets you emotes, Minecraft server access, sub-only VODs, and more! Every sub keeps the channel alive! twitch.tv/geekandsundry/subscribe",neither,0.043907990691603095,0.31135964332838284,0.644732365980014
swtich to the blue liquid and drink it,neither,0.042184981492750226,0.28484597766686875,0.6729690408403811
it gives you shield,neither,0.06229708232028625,0.4022918522366973,0.5354110654430164
Drink the blue one!,neither,0.037575643058980666,0.34631408445115974,0.6161102724898596
https://clips.twitch.tv/DarkCleverHerdLeeroyJenkins,neither,0.03945320844208391,0.33037608806864915,0.630170703489267
whats your username,neither,0.06828270637903569,0.32237181743728,0.6093454761836843
No stream snipping @gravey_boy69,neither,0.038465455673613855,0.34714083037889465,0.6143937139474915
