text,top_class,hate_speech,offensive_language,neither
Danobagain?,neither,0.03945320844208391,0.33037608806864915,0.630170703489267
Only Genova except on twitch,neither,0.03698451065263532,0.34219258631868554,0.6208229030286792
Yes,neither,0.03945320844208391,0.33037608806864915,0.630170703489267
Triage,neither,0.03945320844208391,0.33037608806864915,0.630170703489267
What could go wrong,neither,0.04768547514194281,0.3304324565267715,0.6218820683312858
Awww yeeeah,neither,0.03945320844208391,0.33037608806864915,0.630170703489267
It’s ok. I think they might have camped,neither,0.03795714836198911,0.33184240094332573,0.6302004506946851
"OMGsteveFTW subscribed at Tier 1. They've subscribed for 81 months, currently on a 51 month streak! woohoo!",neither,0.024625078676530777,0.32457470269334976,0.6508002186301195
That was a better round,neither,0.034852461417718916,0.38142370558856903,0.583723832993712
Good job keeping the fire rate up and staying out of the danger zone,neither,0.03442297519365915,0.3271275307617002,0.6384494940446407
You were doing fine. Really,neither,0.057406504740449976,0.35492963161936375,0.5876638636401863
Meh,neither,0.03945320844208391,0.33037608806864915,0.630170703489267
Hey same here.,neither,0.10854418314046621,0.2892136638894156,0.6022421529701183
You guys are putting a lot of pressure on yourselves. Your team wasn’t giving you a lot of support,neither,0.11416657838780352,0.34418470840397036,0.5416487132082262
That is cool,neither,0.04569479237465423,0.3894441067695579,0.564861100855788
They seem to be staying around you more and you are definitely doing better,neither,0.09492718436987954,0.3211930611678057,0.5838797544623147
Thanks I try,neither,0.03667841960137995,0.30714036355833363,0.6561812168402865
#LearnFromMyMistakes,neither,0.03945320844208391,0.33037608806864915,0.630170703489267
I kinda suck at first person shooters so I don’t judge,neither,0.04620537336485548,0.3833212662146342,0.5704733604205104
I’m awful at them,neither,0.05519624005777151,0.3487416095478079,0.5960621503944206
Third person mode all the way,neither,0.04003080065967734,0.3702354103883714,0.5897337889519513
it just occurred to me i haven't played overwatch in like 5 months,neither,0.04123712143015327,0.3889321322189948,0.5698307463508518
>.>,neither,0.03945320844208391,0.33037608806864915,0.630170703489267
I have NEVER played Overwatch,neither,0.03402968119918062,0.3902595108421801,0.5757108079586393
Me neither,neither,0.029745916725130588,0.38422124305356675,0.5860328402213026
I basically can't play First Person games anymore (motion sickness).,neither,0.035016920946982805,0.32896213507539945,0.6360209439776178
7? 7,neither,0.03945320844208391,0.33037608806864915,0.630170703489267
i'm gonna see if this computer can even play overwatch,neither,0.024639986074286302,0.42033691561612757,0.5550230983095862
"Also, hi @darkofnate :)",neither,0.03945320844208391,0.33037608806864915,0.630170703489267
Mirror's Edge made me violently ill,neither,0.033918832582796356,0.3598754938926546,0.606205673524549
Hey Aki,neither,0.03945320844208391,0.33037608806864915,0.630170703489267
"""one little Danoba"" aww",neither,0.03819197347375531,0.3701377873486019,0.5916702391776427
"Also in case people in chat didn’t know, yesterday was Danoba’s birthday!",neither,0.043824120765722605,0.3574973665099143,0.598678512724363
And hey Cin,neither,0.03823530628758278,0.2638960051144801,0.6978686885979372
hey darkofnate,neither,0.03945320844208391,0.33037608806864915,0.630170703489267
"And happy birthday again, Devon.",neither,0.03675391294914879,0.321053046485595,0.6421930405652562
lol even their healers have healers,neither,0.02833386116421911,0.4312782354643191,0.5403879033714618
Rip,neither,0.03945320844208391,0.33037608806864915,0.630170703489267
Playing over watch poorly HA,neither,0.04167152300729971,0.33040124883251154,0.6279272281601888
Obviously. Yeah. It’s an older game so people who still play will likely be more seasoned than most,neither,0.042219036275771456,0.4158031198101958,0.5419778439140328
grimvonhamzel subscribed with Twitch Prime. They've subscribed for 10 months!,neither,0.01797585316727558,0.3231136230633543,0.6589105237693702
"Even though I don't play, it's always fun to watch Overwatch gamers panic and get despair.",neither,0.043685398665060576,0.35125984074145883,0.6050547605934805
it's true,neither,0.037160064422042796,0.331164805450642,0.6316751301273151
"Hey, I’d still say y’all are doing better than I ever could",neither,0.05891914682427165,0.36580512986184116,0.5752757233138872
^^^,neither,0.03945320844208391,0.33037608806864915,0.630170703489267
!mondays,neither,0.03945320844208391,0.33037608806864915,0.630170703489267
"I thought people were overreacting on Twitter, but I just finished watching it, and...yeah...",neither,0.035563231234199966,0.3997408424240695,0.5646959263417306
The cinematography was so frickin stellar though and that cannot be argued,neither,0.034744366080283653,0.3603456499416947,0.6049099839780218
"There's another episode, which could justify everything. Maybe.",neither,0.06686286953308151,0.2591895824685452,0.6739475479983733
I have no words for it.,neither,0.0300634132634747,0.32367909745906903,0.6462574892774563
It’s been amazing,neither,0.0373566658042397,0.3376094521968909,0.6250338819988693
"verdict: this computer can't play overwatch and watch twitch at the same time, at the very least",neither,0.03997633755322733,0.32873714026228273,0.63128652218449
How are you,neither,0.19156335723385254,0.31525141242459664,0.49318523034155076
"I'm thinking of troll sentences to make them say, but they all seem too mean ;)",neither,0.050438111013512706,0.3724565177207312,0.5771053712657561
They’re just frustrated.,neither,0.05264066777762854,0.3225413865147296,0.6248179457076418
Someone had a birthday or something,neither,0.03945320844208391,0.33037608806864915,0.630170703489267
SAving Throw Show's New Pantheon had their second episode and it was more enjoyable than GoT,neither,0.048781614107153176,0.2375647924000202,0.7136535934928268
^ ^ ^,neither,0.03945320844208391,0.33037608806864915,0.630170703489267
That is on Sundays,neither,0.04025716546602649,0.3842579102786754,0.5754849242552982
"Whattup, gang!",neither,0.03945320844208391,0.33037608806864915,0.630170703489267
tries not to be a blushmonster,neither,0.04653514901442542,0.33608441152709234,0.6173804394584822
"Popping in to say hey before I go drink Bud Light and play mini golf, yay Florida!",neither,0.040797333578964215,0.34119062235460046,0.6180120440664353
Condolences on drinking Bud Light...,neither,0.03690225963422636,0.3425958367633827,0.6205019036023909
Huzzah for mini golf,neither,0.03387581456617506,0.3025190465833698,0.6636051388504551
I feel like this is going well...,neither,0.060393746278641504,0.37570029710484154,0.563905956616517
Someone is actually using the ice wall effectively,neither,0.04158585591434098,0.3656880006365192,0.5927261434491399
!points @captainwierdbeard,neither,0.03945320844208391,0.33037608806864915,0.630170703489267
"That was an excellent pun, @captainwierdbeard! Here, have some points for that one! You have been awarded 104 points!",neither,0.050805666259642904,0.3851811885541635,0.5640131451861937
@drivefrew you can do that here!,neither,0.17239217042664817,0.3754100546777188,0.452197774895633
"You’re doing your very best, Sean! Don’t give up.",neither,0.09603576060876792,0.3665869238883715,0.5373773155028606
Good job,neither,0.03847136223752934,0.3307137900015447,0.6308148477609259
Yes!,neither,0.03945320844208391,0.33037608806864915,0.630170703489267
Ha that was great when you tossed the trampoline and blasted him away,neither,0.03757865878323329,0.34645818256581984,0.6159631586509469
gandsApplaud gandsApplaud gandsApplaud,neither,0.03945320844208391,0.33037608806864915,0.630170703489267
No negative consequences,neither,0.03871460216078556,0.34291216427107285,0.6183732335681416
Best,neither,0.03765011267139979,0.31527719622551265,0.6470726911030876
Boom!,neither,0.03945320844208391,0.33037608806864915,0.630170703489267
:),neither,0.03945320844208391,0.33037608806864915,0.630170703489267
You’re not dumb,neither,0.1095765326530751,0.36103424458217487,0.52938922276475
Guys so long as you’re having fun I’m happy to watch you play. Sorry it’s not turning out like you hoped. I’m grateful that you guys are still streaming regardless,neither,0.09871286370197419,0.44144985209706955,0.4598372842009563
Gold stars for effort!!,neither,0.0347042480411284,0.30664830874736015,0.6586474432115114
!castbingbong,neither,0.03945320844208391,0.33037608806864915,0.630170703489267
"shidareAKI casts gandsBing gandsBong on @shidareAKI, shidareAKI is having a good time!",neither,0.04305367732788904,0.3663154934530779,0.590630829219033
I love this game,neither,0.03431127374821411,0.2909962695429634,0.6746924567088225
!castbingbong Sean,neither,0.03945320844208391,0.33037608806864915,0.630170703489267
"shidareAKI casts gandsBing gandsBong on @Sean, Sean is having a good time!",neither,0.04121711338824864,0.34866109686610425,0.6101217897456471
TwitchSings TwitchSings TwitchSings,neither,0.03945320844208391,0.33037608806864915,0.630170703489267
That was,neither,0.030667155429851628,0.4292504569866666,0.5400823875834818
don't stop him now,neither,0.039224694945851006,0.4322969156527979,0.5284783894013511
They’re camping,neither,0.05914777790450416,0.3001116957400899,0.6407405263554059
JUSTICE!,neither,0.03945320844208391,0.33037608806864915,0.630170703489267
love it,neither,0.030831260484157012,0.3601344986151421,0.609034240900701
a good junkrat player never sees the enemy,neither,0.03179085115596095,0.41541825927312864,0.5527908895709104
!whodat,neither,0.03945320844208391,0.33037608806864915,0.630170703489267
Sean Becker ( instagram.com/beckersean ) and Devon Kolb ( twitter.com/ItsDanoba ).,neither,0.03757509933479358,0.38600833881386726,0.5764165618513393
HAPPY BIRTHDAY TO YOU,neither,0.07727199783142767,0.38836520611147435,0.534362796057098
ditto,neither,0.03945320844208391,0.33037608806864915,0.630170703489267
tries to cast !cake on Devon,neither,0.042199768070638466,0.33779466286765,0.6200055690617116
sings,neither,0.03945320844208391,0.33037608806864915,0.630170703489267
happy birthday is public domain now,neither,0.047431025007020906,0.32763215112438193,0.6249368238685973
Happy birthday is public domaaain,neither,0.04807745944438985,0.3274098126787301,0.6245127278768801
unless you're just not allowed to sing because it's you,neither,0.0852158143348756,0.3961785516165851,0.5186056340485393
then i understand,neither,0.03945320844208391,0.33037608806864915,0.630170703489267
You can sing that one all you want,offensive_language,0.07460148860575419,0.5898603147766299,0.3355381966176158
"It always was, technically",neither,0.036126940009297816,0.38942910404907105,0.574443955941631
Aw Sean,neither,0.03945320844208391,0.33037608806864915,0.630170703489267
Happy Spirit Journey Formation Anniversary!,neither,0.03945320844208391,0.33037608806864915,0.630170703489267
"Happy rotation around the sun, happy rotation around the sun, happy rotation dear Devon, happy rotation around the sun!",neither,0.038860344331943915,0.31961974719837327,0.6415199084696828
gandsApplaud gandsApplaud gandsApplaud gandsApplaud gandsApplaud,neither,0.03945320844208391,0.33037608806864915,0.630170703489267
snaps in applause,neither,0.03945320844208391,0.33037608806864915,0.630170703489267
the stream is so laggy,neither,0.047435980013310175,0.3573781462308667,0.5951858737558232
You may need to adjust the stream quality,neither,0.05879914495544797,0.32693493943149726,0.6142659156130549
@genjicoo,neither,0.03945320844208391,0.33037608806864915,0.630170703489267
Or refresh,neither,0.03945320844208391,0.33037608806864915,0.630170703489267
my stream quality is good,neither,0.034986413642683074,0.3998247706167381,0.5651888157405789
