text,top_class,hate_speech,offensive_language,neither
I remember this from the Nerdist days..,neither,0.039499928833663545,0.29400982651002916,0.6664902446563074
gandsHype gandsGameEngine gandsGameEngine gandsGameEngine gandsHype,neither,0.03945320844208391,0.33037608806864915,0.630170703489267
Hi Trisha and Denise,neither,0.038358606956405694,0.2721397086643902,0.6895016843792041
"Ah, surprise!",neither,0.03945320844208391,0.33037608806864915,0.630170703489267
I think I'm seeing a neck under that head.,neither,0.03551866166931991,0.378620770885566,0.5858605674451139
And a butt-ton of rats.,neither,0.042188379088146266,0.3256484673938233,0.6321631535180305
jcvimHi all,offensive_language,0.046917543854519406,0.6277741405869331,0.3253083155585475
Hi @Andyinsomnia,neither,0.03945320844208391,0.33037608806864915,0.630170703489267
and Trish knows if Erika was there playing a spoopy game would mean extra work for the sound engineers & warranty checks on controllers,neither,0.02713494278886917,0.2876669709488848,0.6851980862622461
Geek & Seandry,neither,0.03945320844208391,0.33037608806864915,0.630170703489267
thuluHEY gandsClassic,neither,0.03945320844208391,0.33037608806864915,0.630170703489267
!points @Andyinsomnia,neither,0.03945320844208391,0.33037608806864915,0.630170703489267
"That was an excellent pun, @Andyinsomnia! Here, have some points for that one! You have been awarded 50 points!",neither,0.0503424684208552,0.3832801408358578,0.5663773907432869
Ha! @Andyinsomnia,neither,0.03945320844208391,0.33037608806864915,0.630170703489267
Hi @Ossborn,neither,0.03945320844208391,0.33037608806864915,0.630170703489267
Overwatch free trial all platforms until May 28th,neither,0.04222952718681701,0.36875679388914734,0.5890136789240357
It just FEELS like 30th.,neither,0.04280106353408565,0.36385722296158485,0.5933417135043294
That game actually isnt that spooky... except if you are scared of rats... there a are billions of them ^^,neither,0.06287979964758329,0.3271412947298124,0.6099789056226043
I do kinda miss Joverwatch,neither,0.03318242510872716,0.3325328980075386,0.6342846768837344
Well done dad of war,neither,0.03878151088753666,0.34177654856024453,0.6194419405522189
I haven't played most of the well known games,neither,0.038820720800415,0.31888913766682175,0.6422901415327632
gandsSaxHype gandsApplaud gandsSaxHype,neither,0.03945320844208391,0.33037608806864915,0.630170703489267
I understand that this game can be a Ratastrophy!,neither,0.035383493048518844,0.3301376985846274,0.6344788083668537
"mmatton subscribed at Tier 1. They've subscribed for 48 months, currently on a 48 month streak! Hello alls",neither,0.026453858380611397,0.3252359321303534,0.6483102094890352
Hi @mmatton,neither,0.03945320844208391,0.33037608806864915,0.630170703489267
"Wow, the light source and shadow effects.",neither,0.03831333567989636,0.29123355866968254,0.6704531056504212
Hey chaoticloony,neither,0.03945320844208391,0.33037608806864915,0.630170703489267
"I believe in you, Denise!",neither,0.07116565364203557,0.41510669066816713,0.5137276556897973
Is the game laggy for anyone else? The camera feed seems fine.,neither,0.03915636093095556,0.2720956450951582,0.6887479939738862
"I beleaf in you, you can walk through this woods",neither,0.07200799430325508,0.4137326114826638,0.5142593942140812
"Wow, I think that's the first time my resub has been acknowledged since the dancing for resubs was a thing :D",neither,0.025042687851220973,0.3694728440853216,0.6054844680634575
that is a swol dad. real long lift there,neither,0.03642988186174787,0.4124837197535095,0.5510863983847426
This is lagging so much...doesn't it?,neither,0.041070255122872525,0.3684063355369754,0.5905234093401521
Hello Denise and Trisha!,neither,0.03840264189818727,0.2749437060729204,0.6866536520288923
"So we're still getting to know Amicia, eh?",neither,0.0561732289524443,0.41174165372819,0.5320851173193658
Yay for papas and pup-pups!,neither,0.03394499284520344,0.2740562477473655,0.6919987594074312
stefBelle,neither,0.03945320844208391,0.33037608806864915,0.630170703489267
"""We're *French*! Why do you think we have this OUTRAGEOUS accent?!?""",neither,0.05181996766921143,0.35358041217110986,0.5945996201596787
"Roll a Stealth check, Amicia.",neither,0.03945320844208391,0.33037608806864915,0.630170703489267
!roll 1d20,neither,0.03945320844208391,0.33037608806864915,0.630170703489267
"If nothing else, we get to hang out with fabulous people!",neither,0.03295632807351294,0.4305325543037337,0.5365111176227533
nice frame rate,neither,0.03945320844208391,0.33037608806864915,0.630170703489267
"@chaoticloony Hear, hear!",neither,0.03945320844208391,0.33037608806864915,0.630170703489267
Bringing home the bacon,neither,0.03866221772575111,0.3159497290898592,0.6453880531843897
Wild boar tastes amazing.,neither,0.03945320844208391,0.33037608806864915,0.630170703489267
ArkangelAndrew subscribed at Tier 1. They've subscribed for 45 months!,neither,0.020673836791578106,0.3141724807976407,0.6651536824107812
At least it's not lightning sand,neither,0.03619898423243251,0.35822311914926314,0.6055778966183043
"No wild boar, but the weirdest food I ever had was crocodile goulash",neither,0.03524536078527796,0.3382977726444663,0.6264568665702557
"I got cinghiale while in Tuscany, and it tastes amazing with mozzarella or provolone.",neither,0.03035298157863255,0.35691898633654656,0.612728032084821
jesperlp subscribed at Tier 1. They've subscribed for 76 months!,neither,0.021247502842219,0.31468546718044244,0.6640670299773386
"@Ossborn I love fried alligator! That, and snake: snake quite literally tastes like chicken.",neither,0.04034976129878184,0.3428569851708888,0.6167932535303293
O_o,neither,0.03945320844208391,0.33037608806864915,0.630170703489267
"Wait, what killed the dog?!?!",neither,0.04392596528886797,0.31079984977861125,0.6452741849325206
"Well, that's quite the opening.",neither,0.03545779478761839,0.35204420309922,0.6124980021131616
All dogs go to heave :),neither,0.04831073701466395,0.39347527429581575,0.5582139886895203
BibleThump BibleThump BibleThump BibleThump,neither,0.03945320844208391,0.33037608806864915,0.630170703489267
heaven,neither,0.03945320844208391,0.33037608806864915,0.630170703489267
Thanks for the gut punch. game!,neither,0.033094290873447514,0.2600134735330904,0.706892235593462
"The_TBoyce given the name of the game, I'm gonna guess disease",neither,0.03693846778009745,0.31600812447293686,0.6470534077469656
@mmatton Yikes. :O,neither,0.03945320844208391,0.33037608806864915,0.630170703489267
geefScared,neither,0.03945320844208391,0.33037608806864915,0.630170703489267
To the forest! spethGood,neither,0.04614106775183258,0.3078724812937547,0.6459864509544128
"Aw, lil' Hugo. <3",neither,0.03945320844208391,0.33037608806864915,0.630170703489267
"Yeah, this is gonna be one of those happy rainbow games.",neither,0.044743718263508155,0.41317687979520623,0.5420794019412856
Morn_80 subscribed at Tier 1. They've subscribed for 64 months!,neither,0.020717582230876913,0.3142115698976945,0.6650708478714286
Mooorrrrnnn.,neither,0.03945320844208391,0.33037608806864915,0.630170703489267
jeez 64 months,neither,0.03945320844208391,0.33037608806864915,0.630170703489267
It's going to be as happy as the last three episodes of the first life is strange @Zismarith,neither,0.036711991702512006,0.39064359701256796,0.5726444112849202
well...48 streak plus they added the Alpha months GandsAlpha,neither,0.03896244885844679,0.32149508626680584,0.6395424648747475
The spice must flow!,neither,0.039457192583255536,0.30329766068655645,0.657245146730188
Flesh and Blood is my favorite Plague movie,neither,0.03692798543216888,0.3324895210988646,0.6305824934689667
"I just got here, but is there something going on with the game audio?",neither,0.04959285170970718,0.3406581512701198,0.6097489970201729
Oh wow,neither,0.04699983224225219,0.25967008852857676,0.6933300792291711
they are nobles,neither,0.11748381152333764,0.22608295668333075,0.6564332317933317
"@EricaTheStrange Yeap, I'm seeing that.",neither,0.03374231592893559,0.3929750721100669,0.5732826119609974
@GeekandSundry you may want to warn people in this community how dark and gory this game gets. No offense.,neither,0.06740392649889493,0.29855324111472575,0.6340428323863794
this game goes from 0-100 real quick,neither,0.03402071626457091,0.3776118613546154,0.5883674223808136
I learned about that from the Ella Enchanted book,neither,0.03499720471067085,0.3599857150781472,0.605017080211182
"Loot first, then chat!",neither,0.03188002090986174,0.3329808545340576,0.6351391245560806
welp in in. let's go ladies,neither,0.027663398522705752,0.3610635135487404,0.6112730879285538
"@GeekandSundry I have beaten this game and it is amazing. If the lady with you is a creator of the game, then tell her I love it",neither,0.02946088994305442,0.4179362950301885,0.5526028150267571
the game is fire,neither,0.047784843545222944,0.2621276360438398,0.6900875204109372
sometimes literally,neither,0.03945320844208391,0.33037608806864915,0.630170703489267
thanks for the heads up on this stream,neither,0.029451097382030993,0.3317094549878467,0.6388394476301223
"When we studied the late Middle Ages in AP Euro History, we were taught it was a combination of multiple crises: the Great Famine, the Black Death, the Hundred Years' War, and the War of the Roses, among others.",neither,0.038880097331548076,0.2925199348445923,0.6685999678238597
I will say the game sound is a little low. You may want to turn it up or add subtitles,neither,0.05677579901871768,0.3175824781786549,0.6256417228026274
Uh oh...this guys looks like bad news.,neither,0.04887542322913717,0.3076793846266608,0.643445192144202
i agree matthewory,neither,0.03945320844208391,0.33037608806864915,0.630170703489267
Dad is gone :(,neither,0.05017575502496248,0.3286073409061811,0.6212169040688564
"Well, at least dad won't come back as a zombie.",neither,0.03662695730593052,0.3849429073626384,0.5784301353314311
@BeardtasticYogi u sure? :D,offensive_language,0.030544123004943555,0.5442266193377375,0.42522925765731895
metal gear solid op op,neither,0.03945320844208391,0.33037608806864915,0.630170703489267
Death and famine with death saying hold me beer here's more death with extra death on the side @The_TBoyce,neither,0.034408077877773724,0.3526640374407143,0.6129278846815119
"Roll a REALLY high Stealth check, Amicia! :O",neither,0.036161786463888464,0.40830564018801935,0.5555325733480921
@GeekandSundry can yall turn up the volume double or so?,neither,0.03609143412275131,0.4000150584116939,0.5638935074655547
oh god,neither,0.047523175703714664,0.25506489023357065,0.6974119340627147
with disadvantage @The_TBoyce,neither,0.01332993187238274,0.44459218524224076,0.5420778828853765
"@EricaTheStrange Yeah, that basically sums up 1300 to 1450. :D",neither,0.02813173265634898,0.4581962581409846,0.5136720092026663
Cast invisibility,neither,0.03945320844208391,0.33037608806864915,0.630170703489267
"@GeekandSundry Don't worry, the INT of the soldiers in this game is 6",neither,0.042976090042258455,0.28428660419708,0.6727373057606616
This isnt Harry potter :-P,neither,0.039381827950282056,0.3315876013027656,0.6290305707469523
fudge this is dark,neither,0.0471042566777686,0.32920620926715927,0.623689534055072
@xmarysuex this is just the beginning,neither,0.04162131244161966,0.3344056205398363,0.623973067018544
a welcome to the game :D,neither,0.04596423491215385,0.26107065897107307,0.692965106116773
tyvm,neither,0.03945320844208391,0.33037608806864915,0.630170703489267
@MatthewOry But that means the soldiers know what they're doing! critroleBidet,neither,0.04996968679706039,0.3322351647265221,0.6177951484764175
"Help G&S make great content! $4.99/month gets you emotes, Minecraft server access, sub-only VODs, and more! Every sub keeps the channel alive! twitch.tv/geekandsundry/subscribe",neither,0.043907990691603095,0.31135964332838284,0.644732365980014
This is harry potter but in the time that the witches and wizards still used a vanish spell on their poop @Ossborn,neither,0.03657655449226404,0.3409689298839724,0.6224545156237634
mom mvp,neither,0.03945320844208391,0.33037608806864915,0.630170703489267
Frame rate is a bit better now.,neither,0.04538394537601944,0.3283362356795531,0.6262798189444273
Mom ROCKS!,neither,0.03945320844208391,0.33037608806864915,0.630170703489267
lots of auto saves,neither,0.03945320844208391,0.33037608806864915,0.630170703489267
"Awwww, you found a mom game! <3",neither,0.052310726652506946,0.3290645506321344,0.6186247227153586
Games need more moms.,neither,0.041100075000700016,0.31937316506407637,0.6395267599352237
aw :(,neither,0.03945320844208391,0.33037608806864915,0.630170703489267
vanishing hp poop - solid cut,neither,0.03945320844208391,0.33037608806864915,0.630170703489267
that sounds like a smol,neither,0.04877009536249628,0.4130924705652933,0.5381374340722106
"don't go in the tall grass without your pokemon, or a mom",neither,0.05785318398405106,0.31726088847241274,0.6248859275435362
Mrs Pac is a mom game,neither,0.045284448394567405,0.2951292976986629,0.6595862539067698
"I think this is more of a sister,care taker game, just like Kara in Detroit Become Human",neither,0.13096459603196162,0.21676512413331855,0.6522702798347199
o God. what happens if you just cower and cry?,neither,0.05099013035819475,0.3870878039120815,0.5619220657297237
"@EricaTheStrange Aw, Kara and Alice... <3 <3",neither,0.03871178224509541,0.2931171778953474,0.6681710398595573
Those pre-plague french ninjas.,neither,0.06399315155153613,0.26169505405162846,0.6743117943968354
"Oh, wait: doesn't Kara from ""Detroit: Become Human"" count as a mom?!?",neither,0.11411885633531517,0.21623226795154088,0.669648875713144
Mom was originally a rogue?,neither,0.039361769331899915,0.3319280484055331,0.628710182262567
"mom skills, of course. ain't never met anyone as stealthy as mom",neither,0.024532931557189296,0.4875212085913066,0.487945859851504
"@GeekandSundry I will say at the end of chapter 3 the frame rate may become an issue. Not trying to spoil, just the game gets busy.",neither,0.03921966966853221,0.2898142598195669,0.6709660705119009
2 fps,neither,0.03945320844208391,0.33037608806864915,0.630170703489267
mom has a secret stash of ninja tools she needs to get,neither,0.043815739163687153,0.3751310356254609,0.581053225210852
who randomly hangs up pots and pans outside,neither,0.03753382544754039,0.3769100304107019,0.5855561441417578
>.>,neither,0.03945320844208391,0.33037608806864915,0.630170703489267
that's what i get when i try and play wow :D @BRETT___RIVERBOAT,neither,0.030893909301462675,0.3775995741634362,0.5915065165351011
"So does Hugo really have the bubonic plague, or is it a different disease?",neither,0.03170545106355852,0.44766333945349396,0.5206312094829475
My hands aren't good enough to hold my breathe. :),neither,0.028474141954877994,0.43744038506569033,0.5340854729794315
jcvimHi trisha jcvimHi denise,neither,0.03945320844208391,0.33037608806864915,0.630170703489267
"Yes, cram the child through the hole.",neither,0.03810327870600759,0.3053370857826804,0.656559635511312
Hugo = driving your emotions up and down throughout the game.,neither,0.05791613897947003,0.28569343753038423,0.6563904234901458
They cram them up chimney in a few hundred years so a small hole is nbd @BeardtasticYogi,neither,0.05191272972551147,0.3854359938520204,0.5626512764224681
lol,neither,0.020706217963973744,0.4882283491876925,0.4910654328483337
RUN!,neither,0.03945320844208391,0.33037608806864915,0.630170703489267
which inquisition? i suspect the Spanish one,neither,0.04021261448048105,0.30467749831020174,0.6551098872093173
antiherowolf subscribed at Tier 1. They've subscribed for 9 months!,neither,0.018730042386447116,0.3124437755681934,0.6688261820453595
@FuffyButt surely not,neither,0.03786624712752366,0.3363539175352688,0.6257798353372075
no one expects the Spanish Inquisition,neither,0.03954569557941605,0.31546799230475847,0.6449863121158255
@FuffyButt How could you suspect them? No one suspects the Spanish Inquisition!,neither,0.060518194200081414,0.3422138164355596,0.597267989364359
Is it the Dragon Age Inquisition @FuffyButt,neither,0.04487639710729631,0.31266400811864486,0.6424595947740589
@cinphoria Beat me to it. :D,neither,0.03528468243923446,0.383420382677509,0.5812949348832565
:3,neither,0.03945320844208391,0.33037608806864915,0.630170703489267
@GeekandSundry the pacing on how you learn things in this game is great. Game of thrones could of used their pacing,neither,0.04529208601847283,0.30160712564732856,0.6531007883341986
Just keep the Comfy chair away from me!,neither,0.032625784386495396,0.33174669154751457,0.6356275240659901
for the last season,neither,0.03218597115387103,0.276157227660163,0.6916568011859661
@EricaTheStrange The *best* Inquisition!,neither,0.03652221034163643,0.28968136375604325,0.6737964259023204
are there hulks in this game? kiddo looks little green,neither,0.060573672230745626,0.21257195593246578,0.7268543718367886
@chaoticloony We'd try the Soft Cushions first.,neither,0.03172007894308349,0.31929466308570537,0.6489852579712111
"*climbs through window* ""Peace out, Hugo!""",neither,0.03555055188293589,0.3452943721287568,0.6191550759883073
hulk,neither,0.03945320844208391,0.33037608806864915,0.630170703489267
@The_TBoyce I can barely tolerate that,neither,0.034964671069022325,0.3772344751398107,0.587800853791167
Is Hugo a witch? Does he weigh as much as or less than a duck?,neither,0.033057270714355026,0.44303720336384383,0.5239055259218012
i think hugo has epilepsy,neither,0.04104041688792359,0.3034370184587882,0.6555225646532882
"I think Hugo has the shining, that's what grounds keeper Willie would say.",neither,0.03989900910820167,0.3307430796505232,0.6293579112412752
"I promised Monty Python jokes today, and I deliver on my promises! :D",neither,0.03002194695951379,0.3507289113184327,0.6192491417220536
The world always needs more Monty Python jokes.,neither,0.03872435735832662,0.35469389676967344,0.6065817458719998
juliaWarmup,neither,0.03945320844208391,0.33037608806864915,0.630170703489267
m00se,neither,0.03945320844208391,0.33037608806864915,0.630170703489267
Hehheheh,neither,0.03945320844208391,0.33037608806864915,0.630170703489267
"To paraphrase a popular saying about Dungeon Masters: ""When the Inquisition soldier sees you, it's already too late.""",neither,0.036991018980577516,0.40125768970241926,0.5617512913170033
MOM noooooo,neither,0.03945320844208391,0.33037608806864915,0.630170703489267
just walk forward lol,neither,0.028385429757878142,0.4036170094210034,0.5679975608211185
And THAT is why escort quests never work. Is this a 16 hour long escort?,neither,0.036532985754870975,0.35411815358296067,0.6093488606621684
"Mom probably thought, ""Well, where Hugo, I go.""",neither,0.04391895256312103,0.23658961194749173,0.7194914354893871
ramaRage mom why,neither,0.02375150447155707,0.3540278142191673,0.6222206813092758
They've turned this game into a death simulator,neither,0.02375294658425914,0.292652008657379,0.683595044758362
yes @Zismarith,neither,0.03945320844208391,0.33037608806864915,0.630170703489267
!points @beardtasticyogi,neither,0.03945320844208391,0.33037608806864915,0.630170703489267
At least Pot is legal out there!,neither,0.041211956609077456,0.3263361182109702,0.6324519251799523
shot put the kid,neither,0.03813412718463839,0.3204904850965135,0.6413753877188482
!points @BeardtasticYogi,neither,0.03945320844208391,0.33037608806864915,0.630170703489267
Kid leash?,neither,0.03902959827246226,0.3375658581815755,0.6234045435459622
"That was an excellent pun, @BeardtasticYogi! Here, have some points for that one! You have been awarded 79 points!",neither,0.049980789310414435,0.3817775744187309,0.5682416362708548
LUL,neither,0.03945320844208391,0.33037608806864915,0.630170703489267
@EricaTheStrange Which in turn is why I need my escort missions to involve laser cannons and sword fights.,neither,0.03401694849922969,0.3548503933977977,0.6111326581029727
@GeekandSundry Hugo makes you want to leave him behind every now and then lol,neither,0.04853344932708641,0.36735466603260086,0.5841118846403127
"stop smothering Hugo, he needs to learn how hide from murders",neither,0.05039285895210701,0.3704715067201371,0.5791356343277558
I try to avoid escort missions in Battletech,neither,0.04399098963804277,0.3276977549302338,0.6283112554317235
Anyone tense?,neither,0.03945320844208391,0.33037608806864915,0.630170703489267
@chaoticloony ditto,neither,0.03945320844208391,0.33037608806864915,0.630170703489267
"sings, ""Turn around! Every now and then, I have a little Inquisition trying to hunt me down. Turn around...!""",neither,0.038019366988960426,0.33440724649724785,0.6275733865137918
Another video game escort mission from Hell,neither,0.08094968715994008,0.45656557431459655,0.46248473852546335
i need to get back on my battletech grind,neither,0.031106334817054826,0.4242125495813627,0.5446811156015824
"They've had that in games to, when that happens the person you are escorting runs in front of the bad guys while you are shooting at them @Zismarith",neither,0.06851975117032749,0.3620545558582174,0.5694256929714551
@JeffM0307 thats the whole game lol,neither,0.030277035739594494,0.3256685292360597,0.6440544350243458
"Help G&S make great content! $4.99/month gets you emotes, Minecraft server access, sub-only VODs, and more! Every sub keeps the channel alive! twitch.tv/geekandsundry/subscribe",neither,0.043907990691603095,0.31135964332838284,0.644732365980014
"tessSAD Logan be like ""mom why are the rest of the xmen fighting magneto and I gotta wear this child leash.""",neither,0.046695693661239726,0.3056944559710171,0.6476098503677431
F,neither,0.03945320844208391,0.33037608806864915,0.630170703489267
for respects,neither,0.023896577328981292,0.2538532852897668,0.7222501373812519
"@ericathestrange Oh, yeah of course. I'm thinking WoW.",neither,0.02923620221759487,0.38394145084726955,0.5868223469351356
Super-Scary Armorpants. It's a family name.,neither,0.03823764493664738,0.33079417609856576,0.630968178964787
"Not a dagger in he braid, but she does keep a sword in her stomach.",offensive_language,0.028557574579304256,0.5488783263688658,0.42256409905183
gotta keep sprinting,neither,0.03676010724524009,0.3760850438131444,0.5871548489416156
cant stop sprinting :D,neither,0.0394293664568977,0.4465933920673301,0.5139772414757722
"poor Hugo. he's just a smol, yelly, yell-face",neither,0.03985720649066291,0.3469234913919573,0.6132193021173798
This is giving me some Lone Wolf and Cub vibes!,neither,0.032983349119951634,0.3384084719433693,0.6286081789366791
You cant escape the spanish inquistion,neither,0.05557953841850138,0.3126987154398001,0.6317217461416985
JUST RUN FORWARD LOL,neither,0.02828986260493445,0.4043330979004364,0.5673770394946293
serpentine!,neither,0.03945320844208391,0.33037608806864915,0.630170703489267
hahaha,neither,0.03945320844208391,0.33037608806864915,0.630170703489267
Their chief weapon is spears. Spears and surprise.,neither,0.04458862846500629,0.2998191637322976,0.6555922078026961
We arent the baby stark boy,neither,0.03869220128733067,0.3204098719997971,0.6408979267128724
we aren't rickon stark,neither,0.03930923230489199,0.33281973886457217,0.6278710288305359
"Dodge, dip dive, duck and dodge tessB",neither,0.03902473182512316,0.3096408075183933,0.6513344606564836
we dont need zig zag,neither,0.038975760405256285,0.33197828705101334,0.6290459525437305
That's why they tell you not to overcorrect in Driver's Ed. :D,neither,0.041591446204518066,0.41026352815833905,0.5481450256371428
The black knight works for your insurance company and they think killing them is more profitable then paying out on their policy for hugo's health care,neither,0.0604696507893218,0.2742559104651078,0.6652744387455704
!points @EricaTheStrange,neither,0.03945320844208391,0.33037608806864915,0.630170703489267
"That was an excellent pun, @EricaTheStrange! Here, have some points for that one! You have been awarded 39 points!",neither,0.05003766897837674,0.38201493930407926,0.5679473917175439
Are you not holding sprint?,neither,0.08148233167511335,0.3324172775588685,0.5861003907660182
i never had them catch me its weird.,neither,0.03473815224316843,0.39221817697498956,0.573043670781842
"too real, Erica",neither,0.032172882298509106,0.4587228650879419,0.509104252613549
haha,neither,0.03186685585600258,0.45913629025701075,0.5089968538869867
np sorry for being a bully lol,neither,0.026984950895655026,0.36610987326184463,0.6069051758425003
LUL,neither,0.03945320844208391,0.33037608806864915,0.630170703489267
"""play better"" pushing 2 keys Kappa",neither,0.03945320844208391,0.33037608806864915,0.630170703489267
"she found the sword that has some of mommy, does that count?",neither,0.024334088536310184,0.4838704413239319,0.49179547013975794
Gogogogogo,neither,0.03945320844208391,0.33037608806864915,0.630170703489267
WOW,neither,0.03945320844208391,0.33037608806864915,0.630170703489267
i did play on p,neither,0.03553388698246338,0.3493981524541637,0.6150679605633729
pc*,neither,0.03945320844208391,0.33037608806864915,0.630170703489267
you were at the end,neither,0.05762258278834931,0.3659254762381816,0.5764519409734692
pc is much easier here,neither,0.08197371391465805,0.29766322678136065,0.6203630593039813
i think Mom is still alive. Mom just killed that guy with his own sword,neither,0.05705454387975027,0.38262462234961936,0.5603208337706304
Apparently you weren't holding them hard enough. icySHRUG,offensive_language,0.05197765644860458,0.524199508980383,0.4238228345710123
PC MASTER RACE tessBORKED,neither,0.2702587860658898,0.06715606166109746,0.6625851522730127
Run like your life depends on it!,neither,0.06913451077965446,0.3989831808036076,0.5318823084167379
poor amicia,neither,0.03945320844208391,0.33037608806864915,0.630170703489267
I don't think Jessica Chobot would want to play this game,neither,0.04404734327816579,0.283589251389851,0.6723634053319832
"leave hugo, he is holding you back with his witch powers",neither,0.06970499586778031,0.38212480246248937,0.5481702016697304
Hello,neither,0.03945320844208391,0.33037608806864915,0.630170703489267
Hi @lolosimy,neither,0.03945320844208391,0.33037608806864915,0.630170703489267
looks like you should of made it,offensive_language,0.09898057975513903,0.46251101058322,0.43850840966164106
dont know why you are getting caught,neither,0.06044474968695289,0.41324325978962106,0.526311990523426
Oh yay: rats. :( :(,neither,0.04402330760265456,0.28662444045259217,0.6693522519447533
"they are not rats, they are weird puppies",neither,0.07413313005209135,0.2746614706477422,0.6512053993001664
You can do this Trish!,neither,0.07937963921508262,0.41494822219550853,0.505672138589409
"Go for it, Trisha! Use the PC Force!",neither,0.014891769157266775,0.3708138449730998,0.6142943858696335
game ifdeezHacks,neither,0.03826383497213389,0.24674689817812728,0.7149892668497387
VICTORY!,neither,0.03945320844208391,0.33037608806864915,0.630170703489267
can Sean get on his hands and knees and pretend to be a table,neither,0.05498039342621491,0.29560424338016816,0.6494153631936169
kaypikePRO,neither,0.03945320844208391,0.33037608806864915,0.630170703489267
ok I love this widdle bb's voice acting,neither,0.037176207313500936,0.34226996473989496,0.6205538279466042
omg r they playing it on pc or what?,neither,0.0401446923639727,0.338313451517749,0.6215418561182782
I know the game but early accesses r ready to play at console actually thats why I asked,neither,0.03397940801952014,0.30886335865156184,0.6571572333289181
careful of the chickens. don't hurt them,neither,0.05145054862190606,0.3082558509382887,0.6402936004398053
why? cause I have never seen it drops that much fps,neither,0.022613490835101207,0.428596569299751,0.5487899398651478
Is it an actual child or an adult doing Hugo's voice?,neither,0.043700296456039685,0.3225763418534725,0.6337233616904879
"Is that going to be our name for Hugo from now on? ""Our Little Pumpkin""?",neither,0.03968133806972721,0.3509308897346781,0.6093877721955947
"if it's an adult then they're made of magic, because that little kid lisp is hard to replicate",neither,0.03593808464958076,0.4804582136359943,0.48360370171442496
@ericathestrange typically adults VA kids in games,neither,0.03945320844208391,0.33037608806864915,0.630170703489267
they are,neither,0.11748381152333764,0.22608295668333075,0.6564332317933317
sometimes,neither,0.03945320844208391,0.33037608806864915,0.630170703489267
@MatthewOry -> Only those that we deem worthy shall possess the power of the Hyperlink [warning],neither,0.048140585852785724,0.2990817588418225,0.6527776553053918
can I share link of voice actors video?,neither,0.04325420227274368,0.2658633029589248,0.6908824947683316
!permit @MatthewOry,neither,0.03945320844208391,0.33037608806864915,0.630170703489267
@cinphoria -> @MatthewOry has been granted permission to post a link for 60 seconds.,neither,0.03948094283137336,0.31126035666296836,0.6492587005056583
@cinphoria link perm for imdb link?,neither,0.03582693715326925,0.3122526007636617,0.6519204620830691
:P,neither,0.03945320844208391,0.33037608806864915,0.630170703489267
Depends on how big the actor sometimes.,neither,0.026058263694828138,0.37240441487905485,0.601537321426117
https://www.imdb.com/title/tt7028648/,neither,0.03945320844208391,0.33037608806864915,0.630170703489267
Amicia is played by Charlotte McBurney and Hugo is played by Logan Hannan.,neither,0.04889151895789178,0.3519890337810952,0.5991194472610131
^^^ this is it,neither,0.054689012228839526,0.3284676879129209,0.6168432998582396
"Paladin356 subscribed at Tier 1. They've subscribed for 58 months, currently on a 51 month streak! All my love for G&S",neither,0.018820573200027012,0.3822392812329418,0.5989401455670311
"Hugo is voiced by a ""Logan Hannan"" for whom this is their only credit",neither,0.045040230678121525,0.3343790177258421,0.6205807515960364
Right. Hugo is voiced by an actual child.,neither,0.04540925287117857,0.3691314758708575,0.5854592712579638
"It doesn't say how old Logan is, though.",neither,0.04420894021917713,0.32874037383356064,0.6270506859472621
@GeekandSundry both Amicia and Hugo are first time voice actors.,neither,0.04889786947449772,0.283504683049465,0.6675974474760371
Hi @Paladin356 58 month sub hype,neither,0.03945320844208391,0.33037608806864915,0.630170703489267
pretty amazing for first try,neither,0.028591940735477616,0.305656170983716,0.6657518882808063
oooO! there are youtube videos of the voice actor interviews,neither,0.05320692406045844,0.26902048052135463,0.6777725954181868
Just like Atreus in God Of War.,neither,0.04509041947833505,0.36933727594734544,0.5855723045743194
@cinphoria oh cool link it?,neither,0.043003557160478205,0.28242141684055344,0.6745750259989685
yep! Logan is a kid,neither,0.045690088481991,0.3335479148514388,0.6207619966665703
hey EricaTheStrange,neither,0.03945320844208391,0.33037608806864915,0.630170703489267
I just closed it lol,neither,0.025442495080815492,0.4177773962505052,0.5567801086686794
Hi @Paladin356,neither,0.03945320844208391,0.33037608806864915,0.630170703489267
I just searched for their name,neither,0.027587966649008127,0.3201651306970563,0.6522469026539355
hey chaoticloony,neither,0.03945320844208391,0.33037608806864915,0.630170703489267
>.>,neither,0.03945320844208391,0.33037608806864915,0.630170703489267
Fried Human anyone?,neither,0.18343885173181004,0.17585149667999908,0.6407096515881909
shishNONO,neither,0.03945320844208391,0.33037608806864915,0.630170703489267
Logan Hannan is a cute kid,neither,0.04805093480398122,0.30632924754563595,0.6456198176503829
Chat is here to help and be entertained,neither,0.08967342246542818,0.2705335090439488,0.639793068490623
RUNNN! AND RUNNNNN,neither,0.03763944115734239,0.1918412352459551,0.7705193235967025
"chat can Find Anything, it is known",neither,0.04863775285615594,0.2515612842285523,0.6998009629152917
"Hang on, he thinks people brought the plague rats on purpose?!?!",neither,0.05504456638198773,0.3341270847744183,0.610828348843594
gandsMolly,neither,0.03945320844208391,0.33037608806864915,0.630170703489267
I just tuned in and this is... a thing.,neither,0.041364220832079954,0.31253306266325204,0.646102716504668
that fps drop though,neither,0.04566400851656711,0.3769198553075223,0.5774161361759106
shishNONO shishNONO,neither,0.03945320844208391,0.33037608806864915,0.630170703489267
oh jeez,neither,0.051363287716059566,0.22255663153133606,0.7260800807526044
@darkofnate that was bad timing huh? >.<,neither,0.033456465840523024,0.3684613308229321,0.5980822033365449
lul,neither,0.03945320844208391,0.33037608806864915,0.630170703489267
Angry mobs rarely if ever make sense @The_TBoyce,neither,0.026535391756100844,0.3705453239086384,0.6029192843352607
hahaha,neither,0.03945320844208391,0.33037608806864915,0.630170703489267
Control,neither,0.03945320844208391,0.33037608806864915,0.630170703489267
^^^,neither,0.03945320844208391,0.33037608806864915,0.630170703489267
"@cinphoria I don't know, it could have been even worse earlier?",neither,0.04294591515586123,0.25164569281973415,0.7054083920244046
@EricaTheStrange Fair enough.,neither,0.03945320844208391,0.33037608806864915,0.630170703489267
control is stealth toss @GeekandSundry,neither,0.04783814664321124,0.3274921233248881,0.6246697300319006
shishNONO shishNONO,neither,0.03945320844208391,0.33037608806864915,0.630170703489267
It worked!,neither,0.037538547942619474,0.3310346276123258,0.6314268244450547
Accidental Success!,neither,0.03945320844208391,0.33037608806864915,0.630170703489267
btw @MatthewOry first time actors are always better than a fews. sure experts are better but think of 4-5 times actored and the first one is better,neither,0.04823036395661442,0.37382093437577313,0.5779487016676125
@SenatraGG had no idea. that is cool,neither,0.0422527492443799,0.37983894100303006,0.57790830975259
"Tommy Lee Jones had a good line in the first MIB film ""A person is smart, people are stupid"" @The_TBoyce",neither,0.11991664062214093,0.23666469910563828,0.6434186602722207
"Can we call Hugo a ""Run""t? :)",neither,0.039598249490639906,0.3279143629476805,0.6324873875616797
A couple of strong kids!,neither,0.03945320844208391,0.33037608806864915,0.630170703489267
@GeekandSundry Tab : Switch ammo / Control : Stealth toss / Left click to stand and aim / Right click to throw,neither,0.0439581526579763,0.318538997112069,0.6375028502299547
hope that helps,neither,0.07352745193404456,0.2525117879991361,0.6739607600668193
Can you shoot down that box?,neither,0.0767070314652275,0.3473362115226292,0.5759567570121432
I can imagine Trisha being like this with her lil guy.,offensive_language,0.02757846656115749,0.5652961442033533,0.40712538923548924
you can use other side of box lol,offensive_language,0.01634207393818301,0.5196507392727467,0.4640071867890702
"And get ready to run, I assume.",neither,0.04423307588895005,0.2993556521094929,0.6564112720015571
@t8erstick I'd rather NOT imagine that...,neither,0.03439900680800567,0.37686307090578375,0.5887379222862106
Just sling all the things!,neither,0.034062888482514,0.43456532299202455,0.5313717885254615
Called it! shishNONO shishNONO,neither,0.03687705213569826,0.3312621463536148,0.6318608015106869
Hehhehe,neither,0.03945320844208391,0.33037608806864915,0.630170703489267
xD sugarmuffin,neither,0.03945320844208391,0.33037608806864915,0.630170703489267
is that erica in the background?,neither,0.04200156897329,0.34967994079108855,0.6083184902356213
Hahaha,neither,0.03945320844208391,0.33037608806864915,0.630170703489267
I dont know how everyone can stand that much fps drops and how trisha can plays it but I cant stand it for long,neither,0.028956563639899284,0.363989619315474,0.6070538170446268
"Nicely covered, Trish",neither,0.03945320844208391,0.33037608806864915,0.630170703489267
Step back,neither,0.03945320844208391,0.33037608806864915,0.630170703489267
"73jt subscribed with Twitch Prime. They've subscribed for 73 months, currently on a 45 month streak! Happy to support great shows like Game Engine! gandsGameEngine",neither,0.03533530702511495,0.30818286947778395,0.6564818234971009
Hi @73jt,neither,0.03945320844208391,0.33037608806864915,0.630170703489267
It's probably a capture card-to-stream delay,neither,0.042098868085842296,0.3417890650324684,0.6161120668816892
see the cage,neither,0.03846092136677237,0.3121750626936318,0.6493640159395958
Hi @chaoticloony !,neither,0.03945320844208391,0.33037608806864915,0.630170703489267
stream looks good to me,neither,0.037533156557957775,0.3634030796570286,0.5990637637850135
OHAI TRISH,neither,0.03945320844208391,0.33037608806864915,0.630170703489267
Hi @dayntee :) how are you?,neither,0.1151778833000866,0.32505102427932137,0.5597710924205921
Hi @dayntee,neither,0.03945320844208391,0.33037608806864915,0.630170703489267
HUGO HULK,neither,0.03945320844208391,0.33037608806864915,0.630170703489267
Hey @dayntee,neither,0.03945320844208391,0.33037608806864915,0.630170703489267
alright than its lovely Trish <3,neither,0.03376873269256343,0.3390296995499329,0.6272015677575037
What a strong Tiny Human!,neither,0.1774159612525094,0.18496820151145157,0.637615837236039
Just getting work done @EricaTheStrange,neither,0.029950794214740433,0.438146752749436,0.5319024530358236
Sup @chaoticloony @JeffM0307,neither,0.03945320844208391,0.33037608806864915,0.630170703489267
C,neither,0.03945320844208391,0.33037608806864915,0.630170703489267
C crouch,neither,0.03945320844208391,0.33037608806864915,0.630170703489267
Thank you for taking a break to come chat with us :) @dayntee,neither,0.06544345489850076,0.37820370098731415,0.5563528441141852
my bad for not including it faster haha,neither,0.02207386902601856,0.42218091389390494,0.5557452170800765
"""Quick, let us hunt down these two scared children, rather than help the sick and dying!""",neither,0.04913229377893776,0.3440156110011793,0.6068520952198829
LOL,neither,0.020706217963973744,0.4882283491876925,0.4910654328483337
Scythe,neither,0.03945320844208391,0.33037608806864915,0.630170703489267
A Sickle?,neither,0.03945320844208391,0.33037608806864915,0.630170703489267
hand sickle,neither,0.03945320844208391,0.33037608806864915,0.630170703489267
if it was longer it'd be a scythe,neither,0.0214703263348385,0.3908966875874333,0.5876329860777283
Scythe are the 2-handed ones,neither,0.06428632161471345,0.2699125457790138,0.6658011326062727
yep,neither,0.03945320844208391,0.33037608806864915,0.630170703489267
Sickles are 1-handers,neither,0.1675493120064283,0.18605165911864094,0.6463990288749307
Windowww,neither,0.03945320844208391,0.33037608806864915,0.630170703489267
haha,neither,0.03186685585600258,0.45913629025701075,0.5089968538869867
shishNONO shishNONO,neither,0.03945320844208391,0.33037608806864915,0.630170703489267
hahaha,neither,0.03945320844208391,0.33037608806864915,0.630170703489267
nionnixe subscribed with Twitch Prime. They've subscribed for 2 months!,neither,0.017135853092050617,0.3228815153557895,0.6599826315521599
A sickle was the main weapon when i started my current Pathfinder character,neither,0.02679400931793976,0.401560379248801,0.5716456114332593
Are you panicked yet? LUL,neither,0.0903214959050453,0.3271753907149423,0.5825031133800125
This game is so stressful!,neither,0.046546303353906304,0.3296320127392222,0.6238216839068715
hahaha,neither,0.03945320844208391,0.33037608806864915,0.630170703489267
