text,top_class,hate_speech,offensive_language,neither
@Megaboz Chobot,neither,0.03945320844208391,0.33037608806864915,0.630170703489267
"hi Jess,welcome back !!",neither,0.03945320844208391,0.33037608806864915,0.630170703489267
thuluHEY hrpgHeyo Jess,neither,0.03945320844208391,0.33037608806864915,0.630170703489267
@GeekandSundry HIYA JESS!!! =D,neither,0.03945320844208391,0.33037608806864915,0.630170703489267
"khiggins42 subscribed at Tier 1. They've subscribed for 76 months, currently on a 49 month streak!",neither,0.024625078676530777,0.32457470269334976,0.6508002186301195
being sick just in time for E3 sick lol,neither,0.024528143678651887,0.39144585913097596,0.5840259971903722
Shadow drop!!!,neither,0.049176111488080834,0.32703193586155327,0.6237919526503658
Death Standing yesterday preview on twitch atpHorns calebK klinkSmile doodGood,neither,0.03768092910810222,0.3388033531465653,0.6235157177453324
"Unfortunatelly, that game is released in episodes afaik... I will have to wait until all are released",neither,0.059390025240058666,0.32853416738117525,0.612075807378766
Stranding I meant atpRtsd2,neither,0.03945320844208391,0.33037608806864915,0.630170703489267
"I""m complete opposite and need the Avengers game more than I thought I would",neither,0.04043460651468928,0.21808839107286979,0.7414770024124411
"That´s my point, I do not want to wait for the next episode, I want to play the full game ^^",neither,0.0421172517277687,0.34036843575192605,0.6175143125203053
gandsNopeNopeNope,neither,0.03945320844208391,0.33037608806864915,0.630170703489267
Avengers and Ultimate Alliance 3 coming out soon too will be great,neither,0.036086982000740536,0.2907444184363918,0.6731685995628676
"Opinion: Releasing FFVII episodically aligns more with the demographic most excited and able to afford the title, but have stopped playing JRPGs because they feel they can't commit time to a 200 hour title.",neither,0.03785449783758849,0.3240919077655497,0.6380535943968617
FF7... Ganz oder gar nicht... all or nothing ... but I´m old school ^^,neither,0.03520676120760203,0.45421044576078673,0.5105827930316112
I want to play the remake but I know the story will be exactly the same as the original and that is what imo is the worst part of the game.,neither,0.04595552453529469,0.28042373298031426,0.6736207424843911
Spread that 200 hours over several episodes and you have a string of shorter games that fit the available playtimes of older gamers.,neither,0.039711888090786567,0.3610202839002539,0.5992678280089595
"You need more than 200 for ff7, i spent about 1000 hours playing the original @Eristocracy",neither,0.042880326380315956,0.3387875328920009,0.618332140727683
is this just talking about ff7?,neither,0.04108124019190397,0.3904532764492581,0.568465483358838
The thing at the end of the first disc?,neither,0.03236496563108521,0.3155280422946024,0.6521069920743123
or they actually going to play,neither,0.044441600214663854,0.35399539459819107,0.6015630051871451
fondestgreetings subscribed at Tier 1. They've subscribed for 5 months!,neither,0.018730042386447116,0.3124437755681934,0.6688261820453595
"@EricaTheStrange I think my longest playthrough was 210 hours, but I am not a stat min-maxer.",neither,0.031267980243731265,0.3798568474830829,0.5888751722731858
@EricaTheStrange Yeah... after all those years I still feel like I still have an open bill with Spehiroth... seeing that scene again may be emotionally stressful,neither,0.03728980504967309,0.4338173635841326,0.5288928313661942
@thekaddis patience you must have young padawan. (I think the will start to play any moment),neither,0.05256774319345001,0.35090637884284537,0.5965258779637046
I have beaten 1 through 10 - 2,neither,0.0389985306461288,0.33809315688049824,0.6229083124733731
FF8!!!,neither,0.03945320844208391,0.33037608806864915,0.630170703489267
"I love 8, Jess has amazing taste",neither,0.0375925617025458,0.33521900136669874,0.6271884369307555
"I've finished 1, 4, 7, and Tactics. Got close to the end of 5 & 8 but quit for some reason.",neither,0.019827830296843704,0.30977915734076494,0.6703930123623915
#unpopularopinion lol,neither,0.020706217963973744,0.4882283491876925,0.4910654328483337
IX > VII > VII,neither,0.03945320844208391,0.33037608806864915,0.630170703489267
8 is dope. X is my fav tho. Love me some Auron.,neither,0.026082724238100187,0.4425603830938989,0.5313568926680009
^^ in my opinion.,neither,0.025551460567995316,0.4420154880869384,0.5324330513450664
Time to drawl magic for hours and hours,neither,0.03842204112537454,0.2973750582158409,0.6642029006587845
Sephiroth sealed his own fate when he did that @Ossborn,neither,0.09109173518167245,0.4042040778101225,0.5047041870082051
oh beat 12 too,neither,0.04458056741117027,0.28342308819019674,0.671996344398633
"Yuna, Tidus and whatnot",neither,0.03857111107789432,0.2851340175310554,0.6762948713910502
Lightning was 13 and 13 3,neither,0.03876768751513751,0.3021915938409522,0.6590407186439103
"13 is Lightning, Snow etcetc",neither,0.04809319646918016,0.32740439999427395,0.624502403536546
"12 is Fran, Basche, Penelo",neither,0.047652533756422435,0.3275559641080455,0.624791502135532
Vieras,neither,0.03945320844208391,0.33037608806864915,0.630170703489267
12 is where the combat is live as you run around,neither,0.07193934457288777,0.34474586692062587,0.5833147885064863
My biggest gripe about VIII: I have to equip an extradimensional creature in order to sip a bloody potion.,neither,0.038542094618340746,0.39025588943878514,0.5712020159428741
The combat system for 12 put me off playing the game,neither,0.029756039323305297,0.29135059956047593,0.6788933611162187
9 is the best then 6 then 8 then 10 then 7 then 5,neither,0.04233886959898743,0.3177507860129441,0.6399103443880685
Best Final Fantasy game is Kingdom Hearts 2,neither,0.04333739301015552,0.2988187789348081,0.6578438280550363
Yea starting at 12 I started disliking the way they were taking the Combat system. =/,neither,0.03825297222538855,0.3169803018747686,0.644766725899843
9 and 7 are the top,neither,0.07763475792753059,0.19716505617836036,0.7252001858941091
"Help G&S make great content! $4.99/month gets you emotes, Minecraft server access, sub-only VODs, and more! Every sub keeps the channel alive! twitch.tv/geekandsundry/subscribe",neither,0.043907990691603095,0.31135964332838284,0.644732365980014
"6,8 and 13 are imo the best FF games ever",neither,0.05285703333413806,0.2639554750622715,0.6831874916035906
I loved 10's leveling system,neither,0.03945320844208391,0.33037608806864915,0.630170703489267
"Loved the gambits that let me toss my party in a certain dungeon, overheat my PS2 for a couple of days, and come back max level.",neither,0.018369620008791564,0.42111892915781257,0.5605114508333958
^^ YES. The Sphere Grid is the greatest leveling system of all time.,neither,0.043568672521635064,0.3626274351535057,0.5938038923248592
Kings glaive,neither,0.03945320844208391,0.33037608806864915,0.630170703489267
I love not using 10 leveling system the most in 10 haha,neither,0.03209349081849569,0.4105073439587833,0.557399165222721
you know how you can tell who the hardcore final fantasy fans are? is when they say FF6 is the best FF story,neither,0.07171189677875173,0.37853411466006764,0.5497539885611805
It's one of the best @aurice_heartly,neither,0.03432905824670141,0.3414012067749378,0.6242697349783609
love ff7,neither,0.03217296676969875,0.3657703709031763,0.602056662327125
"FF6 has my second favorite story, but 9 made me cry.",neither,0.02571458659994706,0.4181739462330663,0.5561114671669866
Trying make your previous statement of 6 being the best?,neither,0.05670529250077369,0.32652529725568563,0.6167694102435407
thats a hard sell Aurice,offensive_language,0.030544632191877225,0.5524391275624155,0.41701624024570727
"13 is the best one, fight me",neither,0.03702039384712363,0.36863642367617283,0.5943431824767035
k,neither,0.03945320844208391,0.33037608806864915,0.630170703489267
"jcvimHi Jess, Nate and chat",neither,0.038850152100494084,0.3006057775163617,0.6605440703831443
@elproxy I'd prefer to just amicably disagree with you.,neither,0.04264092673624488,0.4147037846813632,0.5426552885823919
God these FMV's were amazing back in the day. I loved them.,neither,0.05666927764298888,0.33123724236186197,0.6120934799951491
FF6 is the absolute best... but im 36 and i played them from the start,neither,0.04836782344485907,0.29280754075062504,0.6588246358045158
thuluHEY Andyinsomnia,neither,0.03945320844208391,0.33037608806864915,0.630170703489267
i experienced FF6 as in FFIII American,neither,0.04150066324856454,0.29562543657142487,0.6628739001800106
"1,6 and 7 are the best",neither,0.079241670654314,0.18515317744161636,0.7356051519040696
"13 is a solid game, I like 13-2 more tho",neither,0.048801575578679354,0.31139385953565096,0.6398045648856696
critroleBidet,neither,0.03945320844208391,0.33037608806864915,0.630170703489267
hey Jess hows the crow friending going ?,neither,0.04210838461041226,0.1263035233545753,0.8315880920350124
I've played them all as well but I don't share your opinion that 6 is the best.,neither,0.043139230593959514,0.38282072696378394,0.5740400424422567
if you are new to the FF series and play FF6 now... they wouldnt understand how FF6 revolutionized story telling,neither,0.053037479668009646,0.2771055923802479,0.6698569279517425
Everyone suffers from Popeye-ism.,neither,0.03565913356408836,0.3947714404946342,0.5695694259412775
best final boos battles i think 9 takes it. the song dark messenger that plays during the trance Kuja battle is the best,neither,0.03867184455996753,0.3203732771112094,0.6409548783288231
I got stuck half way though 13_2 when i ran out of keys @Andyinsomnia,neither,0.030056101873525972,0.40104348169720616,0.5689004164292678
"That moment in my teenage days when I found out FF3 was actually FF6 and that 2, 3, and 5 were completely skipped over.",neither,0.0242181239286417,0.3898561945478439,0.5859256815235144
I absolutely adored the Esper system in FFVI,neither,0.03856549926700106,0.31414217674673117,0.6472923239862677
I'm a bigger fan of FF2. Thought the characters were really fleshed out and just a compelling story over all,neither,0.03451411020474283,0.2871043576135332,0.6783815321817239
But I can't wait to see the new version when it FINALLY comes out before the year 3000.,neither,0.032242843409686285,0.3355274185821457,0.632229738008168
"I'd say 8, 15, 10, 13-2, 13 is my top 5 ff games",neither,0.03699138991292293,0.37294988940256174,0.5900587206845154
What about eyes on me? @Hipnopotamussus,neither,0.033484765605980314,0.3845980051069301,0.5819172292870894
8 was a good game but I didn't like squall,neither,0.028552582547951306,0.35931514519901275,0.6121322722530359
3 reasons why FF6 is the best. #1: most playable characters in any FF .... #2: has the most summon creatures in any FF ... #3: OPERA,neither,0.03681787536510873,0.31781176132148037,0.6453703633134109
this version on the switch is slower than on console and PC Jessica FYI @GeekandSundry,neither,0.039281202141819,0.32015329130115694,0.6405655065570242
I wonder what this game would have looked like if it was done on the SNES...,neither,0.031054783194823854,0.35776303139785626,0.6111821854073199
Crisis Core,neither,0.03945320844208391,0.33037608806864915,0.630170703489267
great too @ EricaTheStrange,neither,0.03645441791887149,0.3006822815353437,0.6628633005457848
Dirge of Cerberus.,neither,0.03945320844208391,0.33037608806864915,0.630170703489267
I disliked 8s start and the mechanics of the game were poor seeing as you could be the game without leveling once.,neither,0.043922477967014296,0.27209161267017096,0.6839859093628148
dirge of cerbrus,neither,0.03945320844208391,0.33037608806864915,0.630170703489267
Vincent Valentine.,neither,0.03945320844208391,0.33037608806864915,0.630170703489267
^,neither,0.03945320844208391,0.33037608806864915,0.630170703489267
Squall was the best angsty but secretly soft boi,neither,0.03583705179799823,0.32208911627855336,0.6420738319234484
Dirge of Cerberus,neither,0.03945320844208391,0.33037608806864915,0.630170703489267
for ps2,neither,0.023896577328981292,0.2538532852897668,0.7222501373812519
"15 is just to broey for me and i just couldn't get into the game, there was nothing about the game that said you must play this game",neither,0.03682349660612642,0.3153038665936581,0.6478726368002155
"Oh, crap, right Crisis Core was the one with Zack",neither,0.03408983043179529,0.34368711254282913,0.6222230570253755
FFVII: Dirge of Cerberus. It was Vincent and all his coolness.. for what it was.,neither,0.05405834663969088,0.32729543119772764,0.6186462221625816
Mist,neither,0.03945320844208391,0.33037608806864915,0.630170703489267
Zack lol,neither,0.03086375243375458,0.3933351323513132,0.5758011152149323
Greg,neither,0.03945320844208391,0.33037608806864915,0.630170703489267
BComp!,neither,0.03945320844208391,0.33037608806864915,0.630170703489267
Bob,neither,0.03945320844208391,0.33037608806864915,0.630170703489267
Jason,neither,0.03945320844208391,0.33037608806864915,0.630170703489267
No. Not Zack.,neither,0.03715642067818369,0.3509539647885855,0.6118896145332308
Spike McSpikerson,neither,0.03945320844208391,0.33037608806864915,0.630170703489267
"Oh, I thought this was on later. Hi though gandsGoo",neither,0.0433427950554929,0.2289434675763426,0.7277137373681645
@Shinji257 - Probably like Crystalis. Anyone remember that game?!,neither,0.043181559158979796,0.35997402549355645,0.5968444153474637
DansGame,neither,0.03945320844208391,0.33037608806864915,0.630170703489267
Never heard of it...,neither,0.03290128113998575,0.3817668901235797,0.5853318287364345
"should have named him ""1st Class Soldier"" tbh lol",neither,0.04095070701568352,0.39597499146316234,0.5630743015211541
15 is certainly bro-ish but in like a good way . just a nice BROad trip,neither,0.04421636722537324,0.35380788520379897,0.6019757475708278
"I owned this game on PC, PS4 and the switch and yeah this is the slower version Jess @GeekandSundry atpCap calebHa",neither,0.03249660926377234,0.32262355522508185,0.6448798355111458
And now you crashed it.,neither,0.05362466498866871,0.331627193499476,0.6147481415118553
No!!!!!,neither,0.036918905254960256,0.37338982715841207,0.5896912675866277
"Yeah Jess! Awesome game, sorry it froze though...",neither,0.028365754187932184,0.37310002754458665,0.5985342182674812
them frozen boogers,neither,0.058082436708733774,0.3201798975832729,0.6217376657079934
I use to have trouble with everyone's name in these games because I always changed the names lol,offensive_language,0.017686450435977094,0.530988083278105,0.4513254662859179
this is why you dont name him Boogers,neither,0.050262347879758404,0.39984793689508846,0.5498897152251531
There are at least 20 instances in this game where Cloud should've killed someone with his hair.,neither,0.04639406007100955,0.2847354826456709,0.6688704572833196
I love how Barrett gave verbal direction on how to use the directional pad,neither,0.022156732206727436,0.3858043158677694,0.592038951925503
At least the music works.,neither,0.03793203000462263,0.33711080914449415,0.6249571608508833
"Oh, I see the problem... Switch. ;)",neither,0.043310064947770115,0.2697585306397833,0.6869314044124466
try going back to to the home screen,neither,0.04865238609048193,0.3330446590938001,0.6183029548157181
and coming back to the game,neither,0.04488331367812053,0.231457366555212,0.7236593197666675
well that was a good game folks =P,neither,0.034819652723715594,0.331890685727657,0.6332896615486273
those hard ass edges are just too heavy to render,offensive_language,0.14704944070377224,0.8341745076623915,0.01877605163383616
"much frozen, such wow",neither,0.036164577749204514,0.3278550579921224,0.6359803642586731
start over,neither,0.03485124131773612,0.3332084876584518,0.631940271023812
Play it on PC,neither,0.03519021338246249,0.3447891310601146,0.6200206555574228
Play Skyrim,neither,0.03945320844208391,0.33037608806864915,0.630170703489267
backup plan--talk about your crow friend,neither,0.04498736541176361,0.1261164860500229,0.8288961485382135
"""Jess plays ""It's Frozen.""",neither,0.038358445609593735,0.3307526272077518,0.6308889271826544
oh man I miss this game...,neither,0.036390544773955105,0.30000966875111656,0.6635997864749282
How about a Jess Q&A if it freezes again?,neither,0.022446379686027747,0.42136899355291135,0.556184626761061
aurGG atpRtsd2,neither,0.03945320844208391,0.33037608806864915,0.630170703489267
@Koshirro and they are sharp,neither,0.10000771240819942,0.17632324855236745,0.723669039039433
We can just speculate on WTF death stranding is about and what the avengers game is gona be like. both those topics can kill 3 hours easily,neither,0.18681340653367642,0.31428078518569824,0.4989058082806253
"@GeekandSundry You might be sick Jess, but your outfit is on point! =D",neither,0.07506902770682623,0.3707527835960009,0.554178188697173
my switch has never frozen in any game,neither,0.028836575909624323,0.3830056620263864,0.5881577620639892
Grew up in love with this game. I've played through it probably 40 some times throughout the years. Definitely looking forward to the remake.,neither,0.02184810002451824,0.34564880040502677,0.6325030995704549
true tenostark,neither,0.03945320844208391,0.33037608806864915,0.630170703489267
It always is @tenostark,neither,0.047714262258253023,0.41979520625156574,0.5324905314901812
I hope they keep the remake turn based,neither,0.063850833450213,0.2368193115983842,0.6993298549514028
Bada Bing Bada Boom...…..,neither,0.03945320844208391,0.33037608806864915,0.630170703489267
@EricaTheStrange yup =D,neither,0.03945320844208391,0.33037608806864915,0.630170703489267
skelly Dan and Kyle all played last week,neither,0.039891976824050907,0.34739701688883784,0.6127110062871113
"Wait, is that the same Nate from ""Because Science"" with Kyle Hill and his fantastic hair??",neither,0.04605496121722929,0.3356479196159111,0.6182971191668596
@FridayThe13thJasonX Hate to say it but it won't be. The demo already shows that it is real time like FF15 and FF Type-0,neither,0.1013870084006794,0.36838501116750066,0.5302279804318198
"If Jess is ill, it just means she's awake.",neither,0.029051019179940896,0.4331782254988359,0.5377707553212232
"more than likely, it's gonna be like ffxv",neither,0.04866748652125661,0.39208745468515205,0.5592450587935914
@FridayThe13thJasonX hopefully they keep the crossdressing cloud in the game lol,neither,0.03234226573308141,0.3159774167117887,0.6516803175551299
"@FridayThe13thJasonX or at leas the option to keep it turn based, but from what I gathered it's going to be active battle",neither,0.044641942425382185,0.3402559267617893,0.6151021308128286
@oRionRogue Why yes it is.,neither,0.03159277613129281,0.3488273133543112,0.6195799105143959
@Danoba good day good sir,neither,0.038740507417173484,0.31746645449911387,0.6437930380837126
@Danoba I am making Altered Carbon guns today,neither,0.03874411692254577,0.30437431883766775,0.6568815642397865
I thought I recognized that rich background voice,neither,0.038962992714892904,0.28136432726673083,0.6796726800183763
@tenostark Thanks and to you as well. And that sounds like a fun project.,neither,0.055214458459327855,0.34656244855803653,0.5982230929826355
@aurice_heartly That'll be awesome in HD ;),neither,0.03667264849423052,0.3673527859001401,0.5959745656056294
"Ah Mario party, I thought he said murder party on jackbox :D",neither,0.04309449358132244,0.27450508954728003,0.6824004168713975
darker or blond again ?,neither,0.038072277739035085,0.3538140860413388,0.6081136362196261
We have a subscriber-only Discord server! Join here: https://discord.gg/geekandsundry (you'll need to sub and link it to your Twitch) and be a part of the fun!...Warning: It can take up to an hour for the server to update and give you access to the channels,neither,0.08464076273808444,0.286394834032893,0.6289644032290227
"Aeris is cosplay goals though, so is Tifa",neither,0.05251273819130155,0.35962046531718894,0.5878667964915095
I'm getting chills listening to this opening music!,neither,0.040834174400002136,0.3753801369238388,0.5837856886761591
"Help G&S make great content! $4.99/month gets you emotes, Minecraft server access, sub-only VODs, and more! Every sub keeps the channel alive! twitch.tv/geekandsundry/subscribe",neither,0.043907990691603095,0.31135964332838284,0.644732365980014
@oRionRogue Nostalgia abounds!,neither,0.03945320844208391,0.33037608806864915,0.630170703489267
How are you altering the carbon guns ;) @tenostark,neither,0.0798976410624141,0.3117340585205939,0.6083683004169922
@Danoba uh that was weird I just went to send you a message and it went back to the beginning of us meeting on twitch o_O too much scrolling,neither,0.056791018296693516,0.35136459373352297,0.5918443879697836
nostalgia increases!,neither,0.03945320844208391,0.33037608806864915,0.630170703489267
@EricaTheStrange in the best ways possible =P,neither,0.03793641856442884,0.30998555146307893,0.6520780299724922
free potions from bodies if you want them,neither,0.04699096208969527,0.3992111202861587,0.5537979176241461
"@tenostark Yeah, same, messages are probably bugged, the latest one shows up but pushes me back to the top.",neither,0.03527514940091294,0.4212197906597748,0.5435050599393122
I'm kinda waiting on a FFVIII remake.. or them at least getting Squalls leather jacket.,neither,0.04199819506750203,0.3839295249949835,0.5740722799375144
"Square will never give us what we want, we are likely to get Kingdom Hearts 4 before we get FF8 on PS4 or even a remake of it",neither,0.06263259445270743,0.3569924143005998,0.5803749912466928
dragon quest 11 was an amazing resent turn based game,neither,0.03914769036661152,0.3041914308164905,0.6566608788168979
FF8 Remake? calebGasm klinkSmile doodAnime,neither,0.03945320844208391,0.33037608806864915,0.630170703489267
cross them fingers... dont want the spell Freeze cast on the game,neither,0.04363356469200016,0.2928901382322848,0.663476297075715
@Danoba nice trip down memory lane =P,neither,0.03945320844208391,0.33037608806864915,0.630170703489267
that's actually a pretty cool theory,neither,0.03625317787824039,0.36507309835734736,0.5986737237644123
Freeze! Kappa,neither,0.03945320844208391,0.33037608806864915,0.630170703489267
"@tenostark Indeed, indeed.",neither,0.03945320844208391,0.33037608806864915,0.630170703489267
Squall died by the Sorceress at the end of Disk 1,neither,0.038013253664560064,0.36173012526875603,0.600256621066684
That was one of the many game theories.,neither,0.0332753253507872,0.3480556491051589,0.6186690255440538
That's a theory @aurice_heartly,neither,0.03462336300107231,0.3831274915853991,0.5822491454135285
yeah i know lol,offensive_language,0.014019430659011966,0.5303346356127289,0.4556459337282592
Pineapples!!,neither,0.03945320844208391,0.33037608806864915,0.630170703489267
And this is where we get Xenogears..,neither,0.05064245151022096,0.25464146736815174,0.6947160811216273
another theory.... squall didnt die by the sorceress but got seriously brain damaged and dreamed everything else,neither,0.12196668759545733,0.2164421711808565,0.6615911412236861
Laguna is Squalls dad @GeekandSundry,neither,0.05349780000852888,0.3255455090057402,0.6209566909857309
No Freeze! atpRtsd1,neither,0.03838080009002885,0.3485776565658,0.6130415433441712
"If this is a direct port of the original, it could still freeze at any moment. I have 3 memory cards full of FF7 saves because of that.",neither,0.03759147248732917,0.37600430752746994,0.586404219985201
FUN FACT: all of FF8 characters are based and created to look like Real Life Actors/Actresses,neither,0.055381660834659154,0.41209879719892123,0.5325195419664196
Don't worry Jess.. I'll help you lvl in XIV..,neither,0.049738688661166944,0.3599920720698092,0.5902692392690239
I.E. Headmaster Cid is Robin Williams,neither,0.047373237929903174,0.32765202675006394,0.624974735320033
he got slashed across the face with a sword so he can survive getting impaled with an ice spear @aurice_heartly,neither,0.03074271809691762,0.42582310924458167,0.5434341726585007
goiter Jess,neither,0.03945320844208391,0.33037608806864915,0.630170703489267
"Just don´t make a show for the Online Final Fantasy game and then schedule it for the day when they regularly do maintenance... Crowd Control, anyone? :-D",neither,0.033666557678699416,0.2617994690097076,0.7045339733115931
In FF8 that was the first time i saw the word Selfie or maybe I am just sheltered lol :D,neither,0.025470759193519887,0.392813350993655,0.5817158898128251
"WAOW Jess, don't mock Nate for being a disembodied voice",neither,0.03609350259773111,0.13052821666476044,0.8333782807375084
one thing you have to say is the cg from 8 held up so much better then 8 lol,neither,0.04814109863542849,0.4669454542730135,0.48491344709155787
"@GeekandSundry Hey Jess, how's your new Crow friend?! =D",neither,0.06652719412578416,0.07688256304280179,0.856590242831414
7,neither,0.03945320844208391,0.33037608806864915,0.630170703489267
She would only mock him if she invited him to go dancing and he said he couldn't go because he has no body to dance with @Andyinsomnia,neither,0.04118547566127836,0.2688378922369051,0.6899766321018165
!points Erica,neither,0.03945320844208391,0.33037608806864915,0.630170703489267
"That was an excellent pun, Erica! Here, have some points for that one! You have been awarded 28 points!",neither,0.04951540251126823,0.3798204572962056,0.5706641401925262
@FridayThe13thJasonX also it was very easy back in the day to make AMVs from the game cuz when you put the FF8 disks into a pc... you could rip out the CGI videos and save them,neither,0.05162225939315062,0.31194529200100213,0.6364324486058472
Did you guys know about Jess' crow befriending adventure? lol,neither,0.04650808658966572,0.18178250846327632,0.771709404947058
resub gandsHype,neither,0.03945320844208391,0.33037608806864915,0.630170703489267
"Yes, I've seen the instagram videos and she talked about it on Bizzare States @tenostark",neither,0.02262221242621296,0.3673867272702484,0.6099910603035387
"RIP speed run, Jess",neither,0.03945320844208391,0.33037608806864915,0.630170703489267
One day Jess should do Fatal Frame.. because why not..,neither,0.03860131481501428,0.37366716569489644,0.5877315194900892
Crows talk sh*t lol,neither,0.02052297237740102,0.3790577178289627,0.6004193097936363
Is santa just a murder of crows in a red suit?,neither,0.04136760534662757,0.33811154802456866,0.6205208466288037
talk to the girl named Jessie,neither,0.024888460062907108,0.36866246880774217,0.6064490711293506
"IF your watching, go talk to the button person",neither,0.032369629667752,0.35992771416107816,0.6077026561711698
You row changed him which changes his dmg.,neither,0.0709241768940792,0.36443339714661643,0.5646424259593044
Jessie is the NICEST person in this whole game towards Cloud,neither,0.042858860216977025,0.2982651003830029,0.65887603940002
#mydepthpersception the new album by my chemical romance,neither,0.03324123925946275,0.34837615980647013,0.618382600934067
I can't remember who jessie is in this game,neither,0.045905555673318894,0.34034567190516896,0.6137487724215123
the girl from Avalanche @EricaTheStrange,neither,0.03011152486522796,0.3749272020630891,0.594961273071683
in the remake trailer she is the girl with the ponytail,neither,0.11291775513429539,0.4366376387121531,0.4504446061535516
*button*,neither,0.03945320844208391,0.33037608806864915,0.630170703489267
The avengers game that was announced today is what I really want to see at E3,neither,0.04741397557072026,0.31503958809752947,0.6375464363317501
Square Enix with that and the FF7 remake are going to win this I think,neither,0.04554926435451171,0.3271105790810169,0.6273401565644714
*this year,neither,0.0392867373397395,0.33320153713039086,0.6275117255298697
I hope there is a Dragon Age 4 announcement as well as Dragon Age 1 and 2 and the Mass Effect trilogy being announced for PS4 :D,neither,0.04686668501154697,0.2653855134159885,0.6877478015724645
alot of ppl arent happy about Sony not having a press conference... IMO E3 isnt about the press conferences its about the game trailers and the other companies still gonna show playstation game trailers nonetheless,neither,0.03787071771258848,0.30103408166059886,0.6610952006268126
I'd love more DA... one can hope Bioware will come through.,neither,0.10740692291789862,0.34915276714360655,0.5434403099384949
I want more dragon age but I want Bioware to stop with the crunch culture more,neither,0.03641572552355012,0.3677947927228191,0.5957894817536307
ready to blow your moms mind eh? haah,neither,0.06806039241602545,0.32079732953577095,0.6111422780482036
The PS5 will come out before DA4 does @ArisBranwin,offensive_language,0.021116173686073377,0.49124540258354266,0.4876384237303841
are you covering it for Nerdist ?,neither,0.08115308452685839,0.28868689857066415,0.6301600169024775
@Nerdist what do you think has changed more. Comic Con or E3?,neither,0.060995682652860844,0.3411366322734827,0.5978676850736564
The Xbox2 will come out before then at this point.,neither,0.031557549581012936,0.4048932589098523,0.5635491915091346
@Jmarkwith depends... you mean SDCC?,neither,0.058881103242470686,0.38456904317776064,0.5565498535797687
"Last thing I heard about Dragon Age was ""Anthem with Dragons""... Please, don´t!",neither,0.03262187626941458,0.3656000167834934,0.6017781069470921
"2021 is probably a good guess for DA4, around a year into next gen",neither,0.03835503772936239,0.33365127106467835,0.6279936912059593
yeah SDCC,offensive_language,0.013968601452186464,0.5182923869769311,0.4677390115708824
mermanslothwok subscribed with Twitch Prime.,neither,0.030186173588972614,0.3621416721941929,0.6076721542168345
Sub gandsHype gandsLessthanthree,neither,0.03945320844208391,0.33037608806864915,0.630170703489267
@Jmarkwith then i say SDCC... its always changing every year...,neither,0.03346834176287064,0.3752574463710428,0.5912742118660865
I wanted that Fable group RPG that was supposed to come out with the XboX One,neither,0.027865243646083896,0.4323962014734418,0.5397385548804743
i need a bowser's backyard update. need a fable or wild arms!,neither,0.03923667629626437,0.3285628757571084,0.6322004479466271
however this year's SDCC gonna be awesome cuz Spider Man Far From Home is gonna come out about 2 weeks before SDCC,neither,0.03740175594325761,0.4507190571945122,0.5118791868622301
"I wished there was another game beased on the FGables comic books... sadly, The Wolf Among Us was a Telltale title",neither,0.07881699918937432,0.2473239543043531,0.6738590465062726
The fable studio was closed down right? I think it is so unique that it would be hard for a new studio to capture fables feel,neither,0.03623918861230517,0.4113603155986891,0.5524004957890056
they announced that they will be talking about Phase 4 marvel in SDCC 2019,neither,0.037291698617985036,0.3594279806942341,0.6032803206877808
cant wait for Bowsers movie !,neither,0.03539568551403883,0.26202937660344605,0.7025749378825151
Can we get a real life comment from Jess about Bowsers movie?,neither,0.033658099293878335,0.4297817328083917,0.53656016789773
Since we don't have #bizzarrestates,neither,0.03857297512518172,0.3453159446823796,0.6161110801924388
Jess is completely right and what year did it change you dare ask???? Year 2005,neither,0.05211879249736644,0.3361184161630239,0.6117627913396098
missing BS like crazy,neither,0.037642147766025764,0.4400753349358277,0.5222825172981466
Just come to New Orleans Comic Con.. then I can show you around.. show you some haunted stuff... show you Marie LaVeau and Voodoo Queen stuff.. and then Raising Canes..,neither,0.07476257033492208,0.25241215463679045,0.6728252750282875
thats when tv shows started coming out and changing the whole seen,neither,0.03085349608119897,0.33533394526222504,0.6338125586565759
I.E. HEROES,neither,0.03945320844208391,0.33037608806864915,0.630170703489267
scene*,neither,0.03945320844208391,0.33037608806864915,0.630170703489267
E3 has always been a marketing event and not so much intended for general public :P,neither,0.03277342624208448,0.3454601291340013,0.6217664446239143
Also do you think the game companies doing more youtube direct videos like Nintendo has been what's effecting E3 as a whole?,neither,0.05455880167503435,0.3330118795139041,0.6124293188110614
Nintendo will be showcasing basically Pokemon Sword/Shield & Zelda: Link's Awakening,neither,0.04036896135488358,0.32045693927931285,0.6391740993658035
thats all they really have to show to win,neither,0.07059366609465166,0.3234316840423142,0.6059746498630341
I certainly think studios have realised they can do their own thing on twitch and get way more attention than they would at E3 where they are 1 of 100,neither,0.05998216468559605,0.2932968765227452,0.6467209587916588
been thinking of replaying this game on my psone classic,neither,0.027729285135863598,0.380100559236551,0.5921701556275855
"Yeah lots of news coming out these days about the newer games, ahead of E3",neither,0.02992776882817093,0.4457062735372543,0.5243659576345746
Bloodlines 2 announcement was a major thing for several days which in modern internet terms is decades. at E3 it would have barely been heard about,neither,0.03774988292984605,0.3420331525294265,0.6202169645407275
btw Sony is having a press conference just not at E3... they will be having it on their own at a later time,neither,0.04857876840653092,0.36575463451420787,0.5856665970792613
"A lot of it is an announcement to have an announcement. Gameplay trailer or nothing, thanks.",neither,0.1557635786788765,0.35813706368583614,0.4860993576352873
Remember Machine type is weak vs electric,neither,0.04453524581583292,0.328628142375931,0.626836611808236
God damn. Hearing the music brings back all the nostalgia!,offensive_language,0.043655543764621184,0.6896061544524777,0.26673830178290103
Red 13 has the saddest story i think but I don't think Jess will get that far,neither,0.036571241663214245,0.32731306375226,0.6361156945845258
Yeah I remember I died on that fight :P,neither,0.02176520506658142,0.46412936663250165,0.5141054283009169
Not today,neither,0.03496995388777835,0.30198545508763824,0.6630445910245834
@EricaTheStrange use Nanaki :) also he has the best future though,neither,0.01927838018992141,0.378205322250575,0.6025162975595036
i refuse to call Nanaki by that other name for its a slave name,neither,0.034253746617193756,0.3598732012399332,0.605873052142873
started early today?,neither,0.039424573279363245,0.2791695259387273,0.6814059007819095
I saw Godzilla today and it's a great film,neither,0.03604927809436425,0.2752907528098638,0.6886599690957719
Jess Plays start at 1pm Wednesdays @Marb04 :),neither,0.03879803997391134,0.3503311660492038,0.6108707939768849
"@Marb04 Yeah, I got here half an hour ago and they were already started.",neither,0.04721358395948344,0.37467172598901943,0.5781146900514971
DanManMtn subscribed at Tier 1. They've subscribed for 79 months!,neither,0.021247502842219,0.31468546718044244,0.6640670299773386
Make sure to heal..,neither,0.03976605083411918,0.4476476381709526,0.5125863109949284
gandsHype gandsLessthanthree Resub @DanManMtn :D,neither,0.03945320844208391,0.33037608806864915,0.630170703489267
"1pm is regular start time for Jess Plays, the schedule pic is a bit confusing because we only have graphics from 2pm",neither,0.04121450809546661,0.33987832117884914,0.6189071707256842
RE hrpgSub gandsHype,neither,0.10802165902134243,0.2484119200751343,0.6435664209035233
LET THEM FIGHT,neither,0.03297156679601979,0.36390783085737993,0.6031206023466004
@Nemisar Coulda sworn it was 2pm for some reason.,neither,0.028821653502209593,0.31989528315059224,0.6512830633471982
resub gandsHype,neither,0.03945320844208391,0.33037608806864915,0.630170703489267
\o/,neither,0.03945320844208391,0.33037608806864915,0.630170703489267
@Andyinsomnia Oh.,neither,0.051363287716059566,0.22255663153133606,0.7260800807526044
"@Zismarith yeah, Andyinsomnia explained why that might be",neither,0.018280020577317122,0.46323315658849334,0.5184868228341896
@tenostark yes,neither,0.03945320844208391,0.33037608806864915,0.630170703489267
ohh jess... not paying attention to Cloud :),neither,0.04267057662359815,0.33100845535233564,0.6263209680240663
need to enchance! and see the text written on the image :P,neither,0.036800220394114506,0.348293022188531,0.6149067574173545
I miss EVA.,neither,0.03199910168670215,0.3329398971943815,0.6350610011189164
"I was disappointed in Pacific Rime 2, i thought the story was lazy writting",neither,0.0408638497322019,0.25588394211450777,0.7032522081532903
She is gonna kill them lol,hate_speech,0.5241959632451288,0.30358874733624186,0.1722152894186294
did yall see the Rampage movie,neither,0.039366509538417416,0.3065279167096633,0.6541055737519194
ff7 is my jam,neither,0.033558963455606924,0.4341278189808811,0.532313217563512
The mechs in PR2 didn’t feel as satisfying as they were in PR1,neither,0.02773262502050068,0.3766708907260395,0.5955964842534599
gotem. screw defense,neither,0.03945320844208391,0.33037608806864915,0.630170703489267
cohhGG,neither,0.03945320844208391,0.33037608806864915,0.630170703489267
Even after 2 playthroughs I'd still heal the wrong person all the time.,neither,0.037220288220292504,0.38579853183199514,0.5769811799477124
"The mechs in PR 2 were great, just not the story @BaconFantasy",neither,0.03344197302329727,0.295682466230611,0.6708755607460918
amydBookFair ramaV ramaV amydBookFair amydBookFair amydBookFair,neither,0.03945320844208391,0.33037608806864915,0.630170703489267
"Help G&S make great content! $4.99/month gets you emotes, Minecraft server access, sub-only VODs, and more! Every sub keeps the channel alive! twitch.tv/geekandsundry/subscribe",neither,0.043907990691603095,0.31135964332838284,0.644732365980014
10 min is plenty of time... dont stress,neither,0.044018984490189074,0.34164890429751743,0.6143321112122935
plz make sure to save the NICEST person in this game,neither,0.03868595952692152,0.376176524862143,0.5851375156109355
good defense Jess LOL,neither,0.032565079157771265,0.3764186600271054,0.5910162608151233
gandsJessRage gandsJessRage gandsJessRage gandsJessRage,neither,0.03945320844208391,0.33037608806864915,0.630170703489267
I was in junior high when this game came out or about to be....me and my friend played through it over several days.,neither,0.024313174085224917,0.4255760277866375,0.5501107981281376
^ I've been waiting for the opportunity to use those. I knew she'd give me something.,neither,0.01645451819816261,0.3741031490218692,0.6094423327799682
cohhGG,neither,0.03945320844208391,0.33037608806864915,0.630170703489267
Jess you are the best,neither,0.08601931450663577,0.3002102059657305,0.6137704795276337
ty,neither,0.03945320844208391,0.33037608806864915,0.630170703489267
The ladders!,neither,0.03613032604487659,0.2619290779399786,0.7019405960151449
gandsJessRage gandsJessRage,neither,0.03945320844208391,0.33037608806864915,0.630170703489267
you still have plenty of time no worries,neither,0.04836327545661287,0.40887170476696966,0.5427650197764173
time flies,neither,0.03821333703971211,0.3514199415734102,0.6103667213868778
What system is she playing on?,neither,0.051791748529587796,0.4188273713800743,0.5293808800903379
excellentOnion excellentOnion excellentOnion,neither,0.03945320844208391,0.33037608806864915,0.630170703489267
if anything run around from fights,neither,0.026354806101069366,0.35943587134414917,0.6142093225547814
