text,top_class,hate_speech,offensive_language,neither
Board.,neither,0.03945320844208391,0.33037608806864915,0.630170703489267
I'm here to watch people play stuff...,neither,0.159622408917387,0.27536690665832675,0.5650106844242864
I am sitting in front of a computer by myself,neither,0.040155477081998944,0.36291451848436274,0.5969300044336384
;-),neither,0.03945320844208391,0.33037608806864915,0.630170703489267
"@CrimsonBaloosClues Doing ok, and yourself?",neither,0.03857828836009454,0.2893059260209714,0.6721157856189341
"However, I wish I had frends to play Tabletop games with today .",neither,0.034475651352516526,0.33819929799110804,0.6273250506563754
What's up next?,neither,0.042207535347298646,0.4224005337687074,0.5353919308839941
I'm taking care of an elderly relative.. so I can watch stuff instead of participating. t's fun.,neither,0.04262432890459576,0.3474873112021403,0.609888359893264
not bad thanks multi tasking tonight watching this whilst listening to champions league final soccer match,neither,0.03798268423044517,0.31441399789846175,0.647603317871093
!ittdschedule,neither,0.03945320844208391,0.33037608806864915,0.630170703489267
Check out the ITTD 2019 Schedule here in our Megathread! : http://bit.ly/ITTD2019,neither,0.057537833638000586,0.24356437569664796,0.6988977906653515
shadestrid3r subscribed with Twitch Prime. They've subscribed for 2 months!,neither,0.017135853092050617,0.3228815153557895,0.6599826315521599
HAPPY TABLETOP DAY,neither,0.04023417877537722,0.3072658275026805,0.6524999937219423
I am in the same boat FrankieDooSpace,neither,0.03917665261491928,0.321629129925656,0.6391942174594246
Happy Tabletop Day to you!!,neither,0.0843286929558322,0.371425018545726,0.5442462884984417
Oh a little phantom Jason Charles Miller audio there,neither,0.041910318151944057,0.2842391476462223,0.6738505342018336
Happt table top day all!!!,neither,0.04182436183516858,0.3877736063126781,0.5704020318521534
i wish i had friend to play D&D with... or Cypher. My current group quite on me.,neither,0.026486233062966442,0.41826804018062774,0.5552457267564059
*Happy,neither,0.03945320844208391,0.33037608806864915,0.630170703489267
I figure watching people play stuff is just as good and playing. So yay.,neither,0.054939386113228926,0.360357255784668,0.5847033581021032
shishHI,neither,0.03945320844208391,0.33037608806864915,0.630170703489267
Phantom JCM hmmm,neither,0.03945320844208391,0.33037608806864915,0.630170703489267
"""Something eat me"" what´s going on there? ^^",neither,0.03312719952745249,0.36193021432914874,0.6049425861433987
I kept asking but they stopped responding.,neither,0.037162308406583314,0.3371217053531846,0.6257159862402321
"idk if this question got through, but is the cypher system available to buy yet?",neither,0.03352149141369438,0.375028270385449,0.5914502382008565
Happy Table Top Day @everyone critroleHeart critroleBidet critroleCrit,neither,0.03485650065170853,0.40381366438565647,0.5613298349626349
"""Only eat meat"" ... or so I heard.",neither,0.039413974177483185,0.3695243383232644,0.5910616874992525
@sonicsanime44 gandsHug gandsHug gandsHug vieHug vieHug vieHug,neither,0.03945320844208391,0.33037608806864915,0.630170703489267
Maybe Bacon?,neither,0.03945320844208391,0.33037608806864915,0.630170703489267
yes,neither,0.03945320844208391,0.33037608806864915,0.630170703489267
I’m a bad geek. I forgot it was ittd. Found out yesterday. Zero time to plan what to do.,neither,0.04423318912073163,0.3447258540519192,0.6110409568273492
"@Paladin356 Yes , digital and book",neither,0.038786801846865726,0.29721729231716904,0.6639959058359653
ugh my FLGS just has ther regulr magic and keyforge games today no ITTD event,neither,0.028662606774533504,0.36030740598383704,0.6110299872416296
"watching it is a lifeline until I find a group, too.",neither,0.04689124728018177,0.2685363069982889,0.6845724457215293
I just found out it was today less than an hour ago,neither,0.032104523908626954,0.3428106271795372,0.6250848489118358
@Paladin356 i have the digital versoin because i live in the Netherlands,neither,0.04094658852096395,0.31373499498607355,0.6453184164929625
OF COURSE ttd is on a day I’m out on reserve duty! 😫,neither,0.03796757466592797,0.34801045367985034,0.6140219716542218
the comic shop I work at is within walking distance of the game store so after I'm done at work I'm gonna head over and see what they have,neither,0.04991161168429233,0.35278224270471326,0.5973061456109944
"all the FLGS's in my area cater to younger people, so I am SOL in that department",neither,0.047851985274525784,0.4500663869384629,0.5020816277870112
what's next in lineup?,neither,0.044050424782233664,0.3389656637698172,0.6169839114479492
@OmaroWeekly where can i buy it?,neither,0.04031976445306567,0.2838299553265994,0.675850280220335
I work at a newer game store and found out today!,neither,0.05226320666271686,0.2804848312720641,0.6672519620652191
tomorrow night is my first night hosting a game night since moving to a new state and i getting ready to dm my first campaign.. so it’s only fitting that i spend my day watching this stream.,neither,0.028937568745236068,0.3668819045974898,0.6041805266572742
Strip poker,neither,0.03945320844208391,0.33037608806864915,0.630170703489267
!ittdschedule,neither,0.03945320844208391,0.33037608806864915,0.630170703489267
Check out the ITTD 2019 Schedule here in our Megathread! : http://bit.ly/ITTD2019,neither,0.057537833638000586,0.24356437569664796,0.6988977906653515
I kinda miss gaming.. well sometimes. But GnS fills that void.,neither,0.0311588453763905,0.363833109682571,0.6050080449410385
<3 all y'all. I'll be back later as it's my turn to play some D&D with friends (Plus GO Liverpool!),offensive_language,0.02687360399798277,0.517697768594061,0.45542862740795614
Up next is Talismen: Batman Super-Villians Edition,neither,0.04240848585966599,0.3731910501556013,0.5844004639847328
Have fun.,neither,0.03861966649650238,0.34452347025629904,0.6168568632471987
@Paladin356 on the montecookgames website,neither,0.03497611980647288,0.3270698640075055,0.6379540161860215
"Have fun, @PAPerryman",neither,0.03861966649650238,0.34452347025629904,0.6168568632471987
have fun @PAPerryman :D,neither,0.03861966649650238,0.34452347025629904,0.6168568632471987
Later @PAPerryman,neither,0.03945320844208391,0.33037608806864915,0.630170703489267
Hoping to pull together a game of D&orD tonight. Maybe see if I can get some of the TotalPartyChill twitch streamers in a game on roll20. Does roll20 still could as tabletop?,neither,0.02262360763267157,0.3903578957195102,0.5870184966478182
Enjoy @PAPerryman :D,neither,0.03945320844208391,0.33037608806864915,0.630170703489267
<3 VTM LA by night,neither,0.032307800634903655,0.3835321397517601,0.5841600596133362
IVAN!!,neither,0.03945320844208391,0.33037608806864915,0.630170703489267
We have a subscriber-only Discord server! Join here: https://discord.gg/geekandsundry (you'll need to sub and link it to your Twitch) and be a part of the fun!...Warning: It can take up to an hour for the server to update and give you access to the channels,neither,0.08464076273808444,0.286394834032893,0.6289644032290227
Hi Ivan!,neither,0.03945320844208391,0.33037608806864915,0.630170703489267
Ivan = Tabletop,neither,0.03945320844208391,0.33037608806864915,0.630170703489267
A wild Ivan appeared!,neither,0.03945320844208391,0.33037608806864915,0.630170703489267
Look at this sexy bastard. YAY IVAN!,neither,0.040129948156978075,0.3493765392522172,0.6104935125908049
Ivan! rooHappy,neither,0.03945320844208391,0.33037608806864915,0.630170703489267
Hi Ivan,neither,0.03945320844208391,0.33037608806864915,0.630170703489267
"Ohhey, it's Ivan!!",neither,0.034373745257138544,0.33212314837979673,0.6335031063630647
Ivan = fear!,neither,0.03945320844208391,0.33037608806864915,0.630170703489267
And afternoon everyone!,neither,0.032973253080962855,0.3938766533956438,0.5731500935233933
that...is a fantasic tie,neither,0.044407268322661377,0.3786811855950748,0.5769115460822638
Hi @cy0nknight,neither,0.03945320844208391,0.33037608806864915,0.630170703489267
anniYAY,neither,0.03945320844208391,0.33037608806864915,0.630170703489267
Happy #ITTD everyone!,neither,0.03175143156822064,0.46109534165405724,0.507153226777722
when is LA By Night?,neither,0.030227735539545098,0.42391317401658973,0.5458590904438652
@anssetansset 9pm PT,neither,0.03945320844208391,0.33037608806864915,0.630170703489267
Later today - 9 pm PST,neither,0.038058820413180774,0.3089584886917862,0.652982690895033
9pm,neither,0.03945320844208391,0.33037608806864915,0.630170703489267
Ivan's tie looks so cool,neither,0.039412072278728685,0.3735431770181397,0.5870447507031317
"9pm for LA by night, in 9 hour",neither,0.030953370466708582,0.3380285514126731,0.6310180781206183
Rule 1:The Nerds shall inherit the Earth!,neither,0.03827177642888876,0.3085812485603568,0.6531469750107545
Tabletop rules!,neither,0.03945320844208391,0.33037608806864915,0.630170703489267
Is it bad that I want to see people at GnS play Chez Goth one day?,neither,0.06350954596158376,0.37799883753530955,0.5584916165031067
Hi @EL5EWHILE,neither,0.03945320844208391,0.33037608806864915,0.630170703489267
Batmalisman?,neither,0.03945320844208391,0.33037608806864915,0.630170703489267
love that tie Ivan,neither,0.031866835037320365,0.39465206942689035,0.5734810955357894
"Help G&S make great content! $4.99/month gets you emotes, Minecraft server access, sub-only VODs, and more! Every sub keeps the channel alive! twitch.tv/geekandsundry/subscribe",neither,0.043907990691603095,0.31135964332838284,0.644732365980014
"Ahh, Ivan... he's slowly turning into a Manicorn ;P",neither,0.0435477616974863,0.32896778344590966,0.6274844548566041
<3,neither,0.03945320844208391,0.33037608806864915,0.630170703489267
King of z nerds in the house,neither,0.0387001370099147,0.3166554522723618,0.6446444107177236
"Just today, I discovered that a boardgame I really want to own still isnt available on Amazon Germany, although it´s based on a german game... but I found it on Amazon UK, and will buy it as soon as possible.... Shadows In The Forrest, which also was played on Game The Game a while ago.",neither,0.03733771241469379,0.3202139152875695,0.6424483722977367
I'd love to go game.. I R poor...,neither,0.043751635380061896,0.30003896161769616,0.656209403002242
I love hanging out with my G&S family!,neither,0.018232736195154288,0.4603738394311449,0.5213934243737008
Taliesin: Batman is something I could get behind,neither,0.04545260976626803,0.33516655276420704,0.6193808374695249
The 60's are back and they are glorious,neither,0.09327228474336365,0.20422135363844746,0.7025063616181889
i need to talk to my FLGS about setting up a regualr day to demo some of these games,neither,0.02982116676634289,0.4678657772670074,0.5023130559666497
So I just watch people.. so YaY.,neither,0.06526227748425638,0.42085379678285284,0.5138839257328908
"POLL: how many are celebrating Tabletop day, only by streaming tabletop games???",neither,0.05448670166860644,0.32133417619852356,0.6241791221328699
jcvimHi Trish,neither,0.03945320844208391,0.33037608806864915,0.630170703489267
YAY Talisman.,neither,0.03945320844208391,0.33037608806864915,0.630170703489267
WOO!,neither,0.03945320844208391,0.33037608806864915,0.630170703489267
"I already have my tabletop game, no one to play with lol Star Trek Catane",neither,0.023849224854322067,0.44875871637173453,0.5273920587739435
"Hi Markeia, Ross, Trisha and JCM!",neither,0.03863857877654254,0.28901468968773425,0.6723467315357232
!points @Andyinsomnia,neither,0.03945320844208391,0.33037608806864915,0.630170703489267
"That was an excellent pun, @Andyinsomnia! Here, have some points for that one! You have been awarded 81 points!",neither,0.049980789310414435,0.3817775744187309,0.5682416362708548
!theop,neither,0.03945320844208391,0.33037608806864915,0.630170703489267
"Thanks to The Op for sponsoring International Tabletop Day! This year The OP is celebrating 25 Years of business. Making licensed, party and hobby games for 25 years across the globe. Designing and releasing even more fun hobby games with licenses such as Harry Potter, Marvel, Die Hard, Star Wars and recently announced IT. Games from The Op are available in local game stores, Target, Barnes & Noble and even Walmart. Support your local game store! Learn more at www.TheOP.games .",neither,0.06801101266055438,0.2770468452343177,0.6549421421051279
shishHI,neither,0.03945320844208391,0.33037608806864915,0.630170703489267
JCM!!!,neither,0.03945320844208391,0.33037608806864915,0.630170703489267
gandsRage gandsRage,neither,0.03945320844208391,0.33037608806864915,0.630170703489267
back to live,neither,0.058340323770994934,0.3214996526565399,0.6201600235724651
cahlaLove look at all these awesome people playing awesome games,neither,0.065833828371354,0.43467729983483905,0.499488871793807
Will the games playes on ITTD be rebroadcasted?,neither,0.03778836492125159,0.31020066456543494,0.6520109705133136
dnd on sourcefednerd was lit,neither,0.03689006136764272,0.34393714472992276,0.6191727939024344
Everyone just needs to CHILL OUT and enjoy Talisman,neither,0.03241288612581376,0.40359885449990174,0.5639882593742847
I so love the original Talisman game so much that i spent $120 to get the basic set so many years ago when i had money!,neither,0.03212475028528879,0.39878738871802205,0.5690878609966892
jcvimHi whee checking in from Aus. it is sooo eary,neither,0.04621875332683674,0.3126390377745388,0.6411422088986245
"@CeeTeeBee88 thank you for joining us, happy Tabletop Day! gandsLessthanthree",neither,0.08011813061868699,0.32477810367276866,0.5951037657085444
early even. sigh,neither,0.04029571140147882,0.3160766140902037,0.6436276745083175
