text,top_class,hate_speech,offensive_language,neither
Aye,neither,0.03945320844208391,0.33037608806864915,0.630170703489267
It’s me a a Khail,neither,0.020928709296978248,0.4277646322666584,0.5513066584363633
"Hey Khail, you need a VIP Badge.",neither,0.05195518269757582,0.36514548301603444,0.5828993342863897
Hi Khail and Erika!,neither,0.038358606956405694,0.2721397086643902,0.6895016843792041
Hi @PowerfulStream,neither,0.03945320844208391,0.33037608806864915,0.630170703489267
hello PS,neither,0.03945320844208391,0.33037608806864915,0.630170703489267
MrNY2Cali gifted a Tier 1 sub to PowerfulStream! They have given 3 Gift Subs in the channel!,neither,0.041915309440692834,0.32487127186676745,0.6332134186925397
Hi Khail and Erika!,neither,0.038358606956405694,0.2721397086643902,0.6895016843792041
Fear two,neither,0.04023422606307692,0.3171201807468305,0.6426455931900925
Gift hrpgSub hrpgHyperHype feliciaHype,neither,0.03945320844208391,0.33037608806864915,0.630170703489267
Fear itself,neither,0.03945320844208391,0.33037608806864915,0.630170703489267
"@Erika children, spiders, clowns",neither,0.03945320844208391,0.33037608806864915,0.630170703489267
Erika defeated her deepest fear long ago,offensive_language,0.03230798682041543,0.49295482805566243,0.47473718512392227
"Kids, dolls in Clown makeup",neither,0.03945320844208391,0.33037608806864915,0.630170703489267
Children's birthday parties are extra scary because they can have children and clowns.,neither,0.04984811163414196,0.29224160585243153,0.6579102825134264
many great impacts made on the world,neither,0.034535353593531735,0.3058261615743967,0.6596384848320717
clown children,neither,0.03945320844208391,0.33037608806864915,0.630170703489267
Erika introduced me to Cave and i forever grateful for that!,neither,0.03259666716281986,0.33500350523804334,0.6323998275991367
desolation isolation,neither,0.03945320844208391,0.33037608806864915,0.630170703489267
"Help G&S make great content! $4.99/month gets you emotes, Minecraft server access, sub-only VODs, and more! Every sub keeps the channel alive! twitch.tv/geekandsundry/subscribe",neither,0.043907990691603095,0.31135964332838284,0.644732365980014
So Khail has bathaphobia (fear of open water),neither,0.03976940744280772,0.3629439217780499,0.5972866707791423
!ears FOR THE NEXT TWO HOURS,neither,0.03397745227251317,0.29648831963686806,0.6695342280906188
gandsGandsEars 𝐖𝐀𝐑𝐍𝐈𝐍𝐆! Incoming LOUD NOISES. Adjust your volume and protect your ears! gandsGandsEars,neither,0.08369346292336456,0.2909372434945657,0.6253692935820697
in an environment without resources,neither,0.03975706738136134,0.3252188088604715,0.6350241237581673
"Fabulous boots, Erika!",neither,0.03945320844208391,0.33037608806864915,0.630170703489267
I once had an irrational fear about the empty space under my bed... aftzer a certain Capaldi Doctor Who episode.... made a huge(!!) step in and out of my bed for at least a week after that episode :-D,neither,0.027837720128470394,0.4034583719486457,0.5687039079228839
Desolation so Arizona,neither,0.03941354481998374,0.3703638108382725,0.5902226443417438
Has Erika been provided with enough support plushes and possibly a blanket?,neither,0.04822641319399753,0.3216741922789698,0.6300993945270326
poor siri,neither,0.03945320844208391,0.33037608806864915,0.630170703489267
@shidareAKI We have more if needed.,neither,0.023791306086990698,0.38563867345527136,0.5905700204577379
And more support animals.,neither,0.07235751920578204,0.2742507118107912,0.6533917689834269
i am afraid of fake cheese. WHAT ARE YOU,neither,0.08680241799956422,0.32354132463734137,0.5896562573630943
Alive?,neither,0.03945320844208391,0.33037608806864915,0.630170703489267
sensory deprivation,neither,0.03945320844208391,0.33037608806864915,0.630170703489267
Is skelly doing a protecc off camera?,neither,0.048171033374663864,0.3273776283132199,0.6244513383121163
"@Danoba thank goodness. Without support Trish, I wanted to be sure",neither,0.060014988635285246,0.415922808571566,0.5240622027931489
Hey chat!,neither,0.03945320844208391,0.33037608806864915,0.630170703489267
Hi @Geekouts,neither,0.03945320844208391,0.33037608806864915,0.630170703489267
Im scared of neckbeardds with bad hygien,neither,0.02473362698983876,0.4064286112083358,0.5688377618018254
jcvimHi @Geekouts,neither,0.03945320844208391,0.33037608806864915,0.630170703489267
im trying to think of what concept im afraid of,neither,0.04760407132105989,0.3653390463786696,0.5870568823002705
bronzeHYPE kamabrChathug amydBookFair amydCheers jcvimHi,neither,0.03945320844208391,0.33037608806864915,0.630170703489267
clown opera,neither,0.03945320844208391,0.33037608806864915,0.630170703489267
"clowns dont scare me, but sometimes people who cosplay clowns make me uncomfortable",neither,0.04159702400875026,0.3922581682829402,0.5661448077083095
The Gathering is next month :P,neither,0.047128626949992,0.32319692455589366,0.6296744484941144
Why be afraid of situations you may never be in? @Erika @Khail,neither,0.039581139183238495,0.3924600614011861,0.5679587994155754
Doesn't have a problem with the insane or posse part.,neither,0.030561344191478858,0.3518748520205637,0.6175638037879575
Or Faygo,neither,0.03945320844208391,0.33037608806864915,0.630170703489267
Becca is trained in clowning,neither,0.046316608794271324,0.32801544996217336,0.6256679412435553
Ow.,neither,0.03945320844208391,0.33037608806864915,0.630170703489267
what about MIMES,neither,0.04753712308015706,0.3758554328400185,0.5766074440798244
Clowns the vocal mimes,neither,0.038706463405891206,0.31677303678481866,0.6445204998092902
"Waiting in line for hours, getting to the counter and after spending hours getting nowhere you find out your in the wrong line TIMES eternity is my nightmare concept",neither,0.048274118068858604,0.35545079015984704,0.5962750917712942
I am so enjoying this conversation!,neither,0.03916070859829329,0.3710155493653379,0.5898237420363688
"Did Erika recently throw any controllers? If yes, then Khail may need one of those protective helmets that boxers wear in the ring...",neither,0.03764900676454532,0.3367473483538592,0.6256036448815955
i hope this comment gets read,neither,0.0718244832625427,0.23102375693018962,0.6971517598072676
Erika really wants to see the new IT,neither,0.04774061487914461,0.22144634909180763,0.7308130360290478
looking into dark mirrors has always freaked me the fuck out,offensive_language,0.1006031330075409,0.8797327164521466,0.019664150540312477
"so, i knew someone in college who was literally afraid of Parmesean Cheese",neither,0.03975498786281203,0.40234280040933307,0.5579022117278548
it was...bizarre!,neither,0.03775667640564746,0.33318558245552493,0.6290577411388275
What did I join to?,neither,0.054179659319401184,0.32127030837452203,0.624550032306077
There will be IT2 soon right? waah.,neither,0.04027846906730726,0.2833930095279877,0.6763285214047051
Is Game Engine doing e3 this year?,neither,0.04531282323797512,0.2958164877509024,0.6588706890111226
!wtfisthis,neither,0.03945320844208391,0.33037608806864915,0.630170703489267
"Keep your hand on the volume button because Erika and Khail go even deeper on the newly released, first-person psychological horror game “Layers of Fear 2” from Bloober Team ( twitter.com/BlooberTeam ), and Gun ( twitter.com/FearTheGun ).",neither,0.041402905139487925,0.35597308823805285,0.6026240066224592
Buzzclickz i believe so,neither,0.039410295509965804,0.4047617245327211,0.5558279799573133
"I now want to dare her to watch the Whizzo The Clown film, which is 90 excruciating minutes of ""children's movie"" made of some drunken tv host in the '60s when everyone loved clowns.",neither,0.03591739149617605,0.41815704548130966,0.5459255630225144
the game is deeply complex,neither,0.04605890878150021,0.27343455948400147,0.6805065317344984
misterbeanislife subscribed with Twitch Prime. They've subscribed for 2 months!,neither,0.017135853092050617,0.3228815153557895,0.6599826315521599
This is jm,neither,0.0484976811701294,0.3289671781834557,0.6225351406464149
resub gandsHype jcvimHype,neither,0.03945320844208391,0.33037608806864915,0.630170703489267
this is such a creepy game.,neither,0.04685012308337463,0.28536727603409484,0.6677826008825306
Last we knew you were being put through a acting audtion,neither,0.046812732848418886,0.3697806657698136,0.5834066013817676
"The one thing I am really afraid of, since my childhood, are scorpions... I think I told the story why several times now",neither,0.03671483851385364,0.35072985887264035,0.612555302613506
@shidareaki have you heard about actual black mirrors? Jessica Chobot & Andrew Bowser had one for a while.,neither,0.054147996240141126,0.3651790322043003,0.5806729715555584
@Paladin356 i am not sure how i feel about the trailer. did you get much of a look at it too?,offensive_language,0.13102447757495195,0.504262794236211,0.36471272818883704
event horizon style,neither,0.03945320844208391,0.33037608806864915,0.630170703489267
@Geekouts gandsNopeNopeNope,neither,0.03945320844208391,0.33037608806864915,0.630170703489267
YOU GOT THIS KHAIL,offensive_language,0.07992678652273469,0.5679123887647478,0.35216082471251753
Wait what?,neither,0.04877470361900789,0.3238348708445956,0.6273904255363965
I believe in you two!,neither,0.06434587873273255,0.3806395522846997,0.5550145689825677
Just remember to close all the doors so when you get to the dramatic door you have time,offensive_language,0.054686008616555856,0.487778323742732,0.45753566764071213
"@Buzzclickz honestly, i still need to see the first part",neither,0.036947277942074565,0.3271303509853966,0.6359223710725289
my dog would tear those apart,neither,0.04581633508629383,0.33724371471320114,0.616939950200505
Is that lion doing the peoples eyebrow?,neither,0.04135592280243985,0.3451286535449151,0.613515423652645
"Geekouts idk if you've played SH3, but Heather Mason actually has a fear of mirrors, and covers them in her house",neither,0.025342308982523883,0.4395584884289489,0.5350992025885273
CLOSE THEM,neither,0.06143924552555199,0.3184815573550843,0.6200791971193637
no you dont,neither,0.07163080957133519,0.4488974218712902,0.4794717685573746
!eyes,neither,0.042704359925646626,0.2751955625633402,0.6821000775110132
WARNING: The content in this broadcast contains intermittent flashing lights and imagery and may not be accessible to viewers who are prone to seizures or have epilepsy. Please watch with caution.,neither,0.04984447574647424,0.30793148315909896,0.6422240410944269
"no, you have the animals keep an eye on the things you fear",neither,0.06354442163295448,0.38342932953934433,0.553026248827701
!ears,neither,0.03945320844208391,0.33037608806864915,0.630170703489267
gandsGandsEars 𝐖𝐀𝐑𝐍𝐈𝐍𝐆! Incoming LOUD NOISES. Adjust your volume and protect your ears! gandsGandsEars,neither,0.08369346292336456,0.2909372434945657,0.6253692935820697
"@Paladin356 mhm, I here ya, i haven't seen first remake either. Not enough time 'n' all lol.",offensive_language,0.039430670328990496,0.5261397681777394,0.43442956149327017
Oh god it's starting it's starting,neither,0.04087481721673972,0.2979834286981122,0.6611417540851481
here we go y'all,neither,0.12912979272497405,0.3797430331279231,0.49112717414710283
Ahhhhhh,neither,0.03945320844208391,0.33037608806864915,0.630170703489267
@Shadowner Layers Of Fur.,neither,0.03945320844208391,0.33037608806864915,0.630170703489267
actress in a horror game...why am i thinking of Perfect Blue,neither,0.03219059138337068,0.31428644073151646,0.653522967885113
phase 1,neither,0.03945320844208391,0.33037608806864915,0.630170703489267
trashy_hooligans subscribed at Tier 1.,neither,0.03853807016957085,0.358210604756348,0.6032513250740811
this next part is longer,neither,0.04624940350756582,0.3411165589735412,0.612634037518893
what is scary the game sound or the Erika sound,neither,0.04697446931465219,0.28004254572974796,0.6729829849555998
sub gandsHype,neither,0.03945320844208391,0.33037608806864915,0.630170703489267
NOPE,neither,0.03945320844208391,0.33037608806864915,0.630170703489267
it's okay,neither,0.03711923216767489,0.33117884953530674,0.6317019182970184
it looks like you are being chased the someone in a sheet. it was old man Jenkins the hole time,neither,0.06138846089599705,0.37924580870097463,0.5593657304030283
"eww, that sounds like a gross death",neither,0.04387987424060692,0.3719749616469194,0.5841451641124736
it's okay Khail!,neither,0.03711923216767489,0.33117884953530674,0.6317019182970184
FuffyButt old man Leroy Jenkins,neither,0.03973365148685918,0.4377783876491851,0.5224879608639557
!ears,neither,0.03945320844208391,0.33037608806864915,0.630170703489267
I would need a blanket for this game,neither,0.03347159073780429,0.26964661127504286,0.6968817979871529
the wall on your right rises to reveal the door,neither,0.06128703950289205,0.32069541897919984,0.6180175415179081
!ears,neither,0.03945320844208391,0.33037608806864915,0.630170703489267
gandsGandsEars 𝐖𝐀𝐑𝐍𝐈𝐍𝐆! Incoming LOUD NOISES. Adjust your volume and protect your ears! gandsGandsEars,neither,0.08369346292336456,0.2909372434945657,0.6253692935820697
"you only close it when your sister says to i believe, but not all of them",neither,0.07964197580202295,0.44480866848168354,0.4755493557162934
Nope. Would rather deal with the zombies in Days Gone,neither,0.03168872195263235,0.3409367747547141,0.6273745032926535
Khail and Erika are Dying to entertain us!,neither,0.12284112412867734,0.24295933308580522,0.6341995427855175
"I´m going to hate myself for this, but I am switching to headphones now, to not wake up my son next door ^^",neither,0.0944030309179206,0.3630592554638355,0.5425377136182439
you gotta keep this game in the freezer when you're not playing it for sure,neither,0.05066669962019147,0.4543013369672004,0.4950319634126083
maybe use the mokey for when there are scary bits to limit micraphone peaking?,neither,0.022754232240638866,0.34018440069678585,0.6370613670625753
Yeah.... of course I plugged it in during an Erika scream FailFish,neither,0.026696240371429023,0.4092762866706211,0.56402747295795
"erika, just sit there with your eyes closed",neither,0.04788439019504877,0.31249151432867384,0.6396240954762774
"we will get through this level, we will, we will",neither,0.04118242666468694,0.3010267419311298,0.6577908314041832
Well you have a strategy now,neither,0.05476701565593902,0.38446287116586175,0.5607701131781991
!hydrate,neither,0.03945320844208391,0.33037608806864915,0.630170703489267
Hail Hydration! (Drink water!),neither,0.03945320844208391,0.33037608806864915,0.630170703489267
We have a subscriber-only Discord server! Join here: https://discord.gg/geekandsundry (you'll need to sub and link it to your Twitch) and be a part of the fun!...Warning: It can take up to an hour for the server to update and give you access to the channels,neither,0.08464076273808444,0.286394834032893,0.6289644032290227
Oh not,neither,0.046346427493792836,0.25014072102007817,0.7035128514861291
someone please get Erika some water?,neither,0.03107677047725364,0.35301181801696085,0.6159114115057854
On it.,neither,0.029359548185187243,0.36677741506693295,0.6038630367478798
Close all the doors! AAAGH,neither,0.04014068770261194,0.3836868264241795,0.5761724858732086
Thanks @Danoba,neither,0.035884468650613,0.3004919205142699,0.6636236108351171
Although that is a spill hazard.,neither,0.04262936283951524,0.36257571117698223,0.5947949259835026
there are like 7 doors?,neither,0.08882588399210518,0.24728938698787042,0.6638847290200243
Get them a Sippycup,neither,0.07287992213959783,0.3304162728338524,0.5967038050265497
a bottle?,neither,0.03945320844208391,0.33037608806864915,0.630170703489267
"Help G&S make great content! $4.99/month gets you emotes, Minecraft server access, sub-only VODs, and more! Every sub keeps the channel alive! twitch.tv/geekandsundry/subscribe",neither,0.043907990691603095,0.31135964332838284,0.644732365980014
@Danoba can't be any worse that last time,neither,0.04281328833713013,0.2601899072671674,0.6969968043957026
oh yes! we need Game Engine sippy cups hello new merch idea send message,neither,0.042965624520929925,0.24669400797631258,0.7103403675027575
my Siri is a mime,neither,0.03405833540927826,0.4250858047607677,0.5408558598299541
gandsGameEngine gandsGameEngine gandsGameEngine,neither,0.03945320844208391,0.33037608806864915,0.630170703489267
I don't know that you need to close every door?,neither,0.055789943579595686,0.40009174189743096,0.5441183145229733
casts bless on the controller,neither,0.036221758389337624,0.32788237764510025,0.6358958639655622
erika just needs some green tea to soothe the screams,neither,0.03473951288417141,0.3224275363600882,0.6428329507557404
Erika is a interesting cheer leader,neither,0.045919681208928254,0.3281519715601265,0.6259283472309454
GO KHAIL GO,neither,0.04276165647058889,0.34190019769565555,0.6153381458337556
YOu Can Do It!,neither,0.0756730639028903,0.41489501303487014,0.5094319230622396
Also did we get the name of the third guest in the middle?,neither,0.03763795482057238,0.30980989861382074,0.6525521465656069
YOU DID THE THING,neither,0.06319430759370169,0.3710099473776712,0.5657957450286272
checkpoint,neither,0.03945320844208391,0.33037608806864915,0.630170703489267
!breathe,neither,0.03945320844208391,0.33037608806864915,0.630170703489267
"Breathe shidareAKI, don't forget to breathe!",neither,0.04357867593202935,0.3279363062686026,0.6284850177993679
the slow down was for dramatic effect of a racing heartbeat and adrenaline,neither,0.035391682083878676,0.2870049742318718,0.6776033436842495
!breath Erika/Khail,neither,0.03945320844208391,0.33037608806864915,0.630170703489267
look closely at that object,neither,0.03652850965895362,0.39466754499885054,0.568803945342196
!breathe Erika/Khail,neither,0.03945320844208391,0.33037608806864915,0.630170703489267
"Breathe Erika/Khail, don't forget to breathe!",neither,0.04357867593202935,0.3279363062686026,0.6284850177993679
Erika.exe has stopped working,neither,0.03977020517784449,0.32499582616723566,0.6352339686549199
Erika do you need another stuff animal?,neither,0.1123012238617073,0.29686884431691934,0.5908299318213733
@Ossborn throwing controllers is not allowed!!! lol,neither,0.03754404225296883,0.3845254056397535,0.5779305521072776
open the chest,neither,0.038503860687976746,0.31298439371507125,0.6485117455969519
"Gorillba, Tigre, Simbob",neither,0.03945320844208391,0.33037608806864915,0.630170703489267
Is one of the stuffed animals Blondie?,neither,0.044787233879467175,0.3406860791983314,0.6145266869222016
or is that a different chest,neither,0.043098050172550306,0.36696038067467956,0.5899415691527702
siberian tiger,neither,0.03945320844208391,0.33037608806864915,0.630170703489267
Checkers gandsGameEngine,neither,0.03945320844208391,0.33037608806864915,0.630170703489267
!points Khail,neither,0.03945320844208391,0.33037608806864915,0.630170703489267
"That was an excellent pun, Khail! Here, have some points for that one! You have been awarded 16 points!",neither,0.05027101861725053,0.3829845772640112,0.5667444041187384
Lizz Lion ?,neither,0.03945320844208391,0.33037608806864915,0.630170703489267
@denisepantoja We talk about Erika and a scary game.... it is bound to happen :-D,neither,0.032400314604893614,0.2966320967930545,0.670967588602052
she's here to lay crafty to waste,neither,0.08923954860104465,0.35322676282694904,0.5575336885720064
me me,neither,0.018491955366437673,0.460246435692358,0.5212616089412043
hello guys!! yeet i am soo excited!!,neither,0.03925116263089436,0.3316944120579884,0.6290544253111172
Hi @shaunallen1000,neither,0.03945320844208391,0.33037608806864915,0.630170703489267
vasilios5585 subscribed at Tier 1.,neither,0.03853807016957085,0.358210604756348,0.6032513250740811
sub gandsHype,neither,0.03945320844208391,0.33037608806864915,0.630170703489267
that is a male lion.,neither,0.04290166751067051,0.3651351814161266,0.5919631510732029
"Dubs have gotten much better, admittedly",neither,0.035113429066220184,0.34066912862936444,0.6242174423044154
^,neither,0.03945320844208391,0.33037608806864915,0.630170703489267
because translations have gotten better,neither,0.03891896865871242,0.33944353144719536,0.6216374998940923
!rbschedule,neither,0.03945320844208391,0.33037608806864915,0.630170703489267
Find the current rebroadcast schedule here: http://bit.ly/SpecialRebroadcast - It is currently Tuesday 4:22 PM at the Geek & Sundry studio in California.,neither,0.06602798800941884,0.23369627808430854,0.7002757339062726
is the tiger Keyleth's Minxie form recovered from the storage vaults,neither,0.04438403174106261,0.29503927951838366,0.6605766887405536
Heh.,neither,0.03945320844208391,0.33037608806864915,0.630170703489267
chat is DEFINITELY proud of you,neither,0.06305531102576795,0.3676369732781861,0.5693077156960459
also trish may have lost some hearing from erika's amazing screams,neither,0.035502538043789104,0.3184721330926077,0.6460253288636032
Oops! All Spooks! <3 Hello everyoooooone,neither,0.04082804234239541,0.3863378656673713,0.5728340919902333
@laurencupp laaaaaaureeeen,neither,0.03945320844208391,0.33037608806864915,0.630170703489267
Hi @laurencupp,neither,0.03945320844208391,0.33037608806864915,0.630170703489267
We can't even see you behind all of those industrious animal friends,neither,0.07608368584948659,0.3763150927114618,0.5476012214390517
Finally sat down to watch the latest Death Stranding trailer and i'm intrigued but just as confused when i saw the first trailer back in E3 2016.,neither,0.15315563994471362,0.372619685480729,0.47422467457455736
you are going on a hunt with all these endangered animals. we to be sensitive people,offensive_language,0.08872534807987244,0.46757203751489973,0.4437026144052278
he missed it by looking away,neither,0.04554304639661101,0.34900718591814195,0.6054497676852472
!whodat updated,neither,0.03945320844208391,0.33037608806864915,0.630170703489267
"Erika Ishii ( twitter.com/erikaishii ) and Khail Anonymous ( twitter.com/KhailAnonymous ), joined by Mr. Gorillba, Checkers, and, Kimba.",neither,0.03841000632206822,0.418515993368013,0.5430740003099188
Hi @chaoticloony :D,neither,0.03945320844208391,0.33037608806864915,0.630170703489267
How DARE you waste water,neither,0.05433140694066786,0.37254107149821725,0.5731275215611148
@MissNayoung It's a mystery to everyone.,neither,0.03781469827392536,0.46906065741349856,0.49312464431257597
"@cinphoria, what if Erika is the spoopy monster hiding in the toys jcvimGasp",neither,0.03413188939144281,0.33985947555785945,0.6260086350506977
@Zismarith Yeah! Gameplay looks serviceable but the story and characters seem to be the most intriguing part.,neither,0.029974487375794938,0.3607541060139847,0.6092714066102204
fire?,neither,0.03945320844208391,0.33037608806864915,0.630170703489267
help we need Cato,neither,0.03903009339451708,0.33179277088342407,0.6291771357220589
@Andyinsomnia It would be a plot twist we will never expect.,neither,0.036481194979493994,0.3428304365003361,0.62068836852017
@shidareAKI <3 <3,neither,0.03945320844208391,0.33037608806864915,0.630170703489267
Looks like a Hot Party on the ship!,neither,0.044376799556469455,0.33983170958849374,0.6157914908550368
Cato for all boat-related things,neither,0.03545303216032508,0.35840313062852325,0.6061438372111517
"Oh nooo, where’s Trish? ie: Erika’s support system during scary games",neither,0.06075172071367463,0.2800372246276105,0.6592110546587149
"@Hwaigrl666 We have Mr. Gorillba, Checkers, and, Kimba as stand-ins today.",neither,0.03625769486630056,0.3198234334459519,0.6439188716877475
Trish got sent to Seattle,neither,0.04456221375690742,0.37008872944304183,0.5853490568000508
:P,neither,0.03945320844208391,0.33037608806864915,0.630170703489267
from the french for stern la poupe so it is usually the top deck in the stern,neither,0.03868752881666654,0.30763253935959495,0.6536799318237384
!seattle,neither,0.03945320844208391,0.33037608806864915,0.630170703489267
"Seattle. You know, that place where stuff just ""goes"" but don't worry, whatever is there is toooootally safe!",neither,0.05256947829033575,0.32040634594431533,0.627024175765349
check the area for notes,neither,0.034086503882305795,0.29484721580987644,0.6710662803078178
#FactsWithMarhyan,neither,0.03945320844208391,0.33037608806864915,0.630170703489267
@danoba good luck little stuffed friends,neither,0.03868746766283872,0.3347089237680133,0.6266036085691479
Mr Poop is a Crappy name! :),neither,0.045389466033672235,0.3283343368722333,0.6262761970940945
Thanks Marhyan! :),neither,0.035884468650613,0.3004919205142699,0.6636236108351171
"Erika is puzzles, Hhail & Trish is running away & fights",neither,0.05585509494415132,0.30520852551169053,0.6389363795441583
check the couch for loose change,neither,0.03432712707595133,0.29643974904400067,0.6692331238800481
yes,neither,0.03945320844208391,0.33037608806864915,0.630170703489267
Erika is currently 40% Erika and 60% stuffed animals,neither,0.04395585649393172,0.30323286299097785,0.6528112805150905
really ?,neither,0.03945320844208391,0.33037608806864915,0.630170703489267
james or lily,neither,0.03945320844208391,0.33037608806864915,0.630170703489267
i think the character is non-binary,neither,0.04657226442470003,0.3050684034128304,0.6483593321624694
We know Lilly went kind of crazy with all the pirate stuff when they were kids,neither,0.02533503709564587,0.4393809591880997,0.5352840037162545
We have a subscriber-only Discord server! Join here: https://discord.gg/geekandsundry (you'll need to sub and link it to your Twitch) and be a part of the fun!...Warning: It can take up to an hour for the server to update and give you access to the channels,neither,0.08464076273808444,0.286394834032893,0.6289644032290227
I thought this was D & D~~,neither,0.043688818874400286,0.19035755715091868,0.765953623974681
mourning is a very different word to use there,neither,0.024782642682541923,0.3636953444070426,0.6115220129104155
@cinphoria so the usual ratio,neither,0.03834470813113436,0.36036686578158644,0.6012884260872793
"Help G&S make great content! $4.99/month gets you emotes, Minecraft server access, sub-only VODs, and more! Every sub keeps the channel alive! twitch.tv/geekandsundry/subscribe",neither,0.043907990691603095,0.31135964332838284,0.644732365980014
!wtfisthis,neither,0.03945320844208391,0.33037608806864915,0.630170703489267
"Keep your hand on the volume button because Erika and Khail go even deeper on the newly released, first-person psychological horror game “Layers of Fear 2” from Bloober Team ( twitter.com/BlooberTeam ), and Gun ( twitter.com/FearTheGun ).",neither,0.041402905139487925,0.35597308823805285,0.6026240066224592
"honestly, i can't remember if Erika even has a tattoo",neither,0.02609240032836202,0.37482406840999133,0.5990835312616467
golden snitch is popular,neither,0.04601261161350448,0.328120008532613,0.6258673798538825
"Man, I remember looking in our white pages when I was like, 12, and finding a ""J. and L. Potter"" in it, and shaking with excitement and wanting to call the number for several years",neither,0.1261063953812817,0.3930717415965995,0.4808218630221188
Erika can't admit to having a dark mark to stay out of Azkaban,neither,0.04540124891378771,0.33302902831137143,0.6215697227748407
Thank you Khail for that good meme,neither,0.04170681031477585,0.38173694137355757,0.5765562483116666
"oh Erika, idk if its been mentioned or not, but will you be going to GenCon again this year?",neither,0.034928250499644514,0.3964584030264455,0.5686133464739099
Anyone heard anything about the AR Harry Potter game coming out from Niantic?,neither,0.03582671487592925,0.3118999253874775,0.6522733597365933
look where it went,neither,0.0421868985067418,0.29107383467708225,0.666739266816176
Where's last week's Uniwhale?,neither,0.04172061006590393,0.2918923650657231,0.666387024868373
"I hope you will be there, I WILL BE",neither,0.10183319615550894,0.1932451052685911,0.7049216985758999
The Narwhal is too spooped to be on air today.,neither,0.04907737028480218,0.30883031935188643,0.6420923103633114
are stuff animal a kind of manikin ?,neither,0.062178250228916515,0.29010039840152013,0.6477213513695634
"I wanna say it’ll be released in the fall, but that’s just a guess.",neither,0.030628494180189043,0.37409729792508334,0.5952742078947275
RIP Alpha Parties,neither,0.03945320844208391,0.33037608806864915,0.630170703489267
You used your Teleport Item mutation to get it!,neither,0.0838256870512604,0.3599184345913974,0.5562558783573424
I got to meet Erika there last year...and thankfully our energy didn't cause an implosion,neither,0.032389262106495634,0.3448923886539938,0.6227183492395104
"I mean, the Narwhal did see a lot so I don't blame them for wanting to step out today.",neither,0.04291044134903415,0.3187922624874132,0.6382972961635526
That sounds wild to me :D,neither,0.03419998338499912,0.4069740985757093,0.5588259180392916
@shidareAKI i'll have to make sure that I say hi to you,offensive_language,0.05499670048084531,0.5030552105899367,0.44194808892921805
Haven't been to a cigar bar in ages. I'm due for a trip.,neither,0.0392655174901972,0.31292871282624674,0.6478057696835561
"it's not like, _DragonCon_ wild :P",neither,0.049456309235950444,0.35827705306125807,0.5922666377027915
Lol @paladin356,neither,0.020706217963973744,0.4882283491876925,0.4910654328483337
"Gencon is in Indianapolis, its not like that city gets super wild in general",neither,0.04270634925571805,0.36498083932524217,0.5923128114190399
"if you guys haven't seen it, you should check out when Erika and friends played Yeah/No",offensive_language,0.029733700383068797,0.5293398937355013,0.44092640588142995
@Paladin356 yes! please come say hello to me,neither,0.03695371308520792,0.3816829569762158,0.5813633299385762
MrNY2Cali true...but they do have night life stuff,neither,0.02951485673197779,0.39059102154666436,0.5798941217213579
play Cluedo in a british mansion with real spies,neither,0.028059066689820163,0.4349720753077398,0.5369688580024401
@shidareAKI what are your plans for it?,neither,0.11408323016592643,0.23536758364301819,0.6505491861910554
Khail don't admit to crimes on cam,neither,0.042750993658611784,0.33920884219697256,0.6180401641444156
Oh Khail,neither,0.051363287716059566,0.22255663153133606,0.7260800807526044
yes good,neither,0.038450231640392206,0.3307210577828565,0.6308287105767514
the movie posters are part of the collectibles,neither,0.06616633262557774,0.21964964854730532,0.7141840188271169
"@GeekandSundry GenCon got its name from = Geneva Wargames Convention, later known as the Gen Con gaming convention.",neither,0.03451770911172858,0.35579971841775787,0.6096825724705136
Hehhehehehe,neither,0.03945320844208391,0.33037608806864915,0.630170703489267
"@Paladin356 going to a few panels, CR Live, hitting that floor, and meeting as many lovely people as I can!",neither,0.05233534080088492,0.3678036999897898,0.5798609592093253
"hijinks, or shenanigans?",neither,0.03945320844208391,0.33037608806864915,0.630170703489267
Thank you for the full screen on that assisted facepalm,neither,0.05600022541030995,0.3701888080204695,0.5738109665692205
Khail is trying to summon Sax by admitting to crimes,neither,0.07519898255966646,0.3710702912047128,0.5537307262356206
Erika have you seen the musical Something Rotten?,neither,0.05204726576713765,0.36210486638334183,0.5858478678495205
2b:-2b,neither,0.03945320844208391,0.33037608806864915,0.630170703489267
If music be the food of love play on,neither,0.02141139608381628,0.3873669919788109,0.5912216119373729
I’ve obviously been understanding Shakespeare wrong :D,neither,0.024409542644441083,0.3211671766302702,0.6544232807252887
I saw Twelfth Night in the cemetery last year and it's pretty amazing. i had such a huge crush on everybody in the cast,neither,0.033452185642127284,0.303358580781067,0.6631892335768058
"Erika = Geneva Wargames Convention, later known as the Gen Con gaming convention.",neither,0.03772144677057794,0.34110209174597417,0.6211764614834479
no that is twelfth night,neither,0.032397393432440705,0.40450957555482964,0.5630930310127298
"No, it's 12th Night - Orsino being emo",neither,0.029554977113719745,0.3606862793815212,0.6097587435047589
Shakespeare has some great non sequitur one liners,neither,0.031962618375898366,0.3388612905753944,0.6291760910487072
that may be new game plus collectibles,neither,0.040056688191094106,0.23501370942474134,0.7249296023841647
"Khail could admit to a fashion crime, i am sure that will have the same effect and Sax will appear",neither,0.03829835288310466,0.3720654585309535,0.5896361885859417
"""No body puts baby in the corner"" William Shakespeare",neither,0.03833464089133686,0.3288680422267915,0.6327973168818717
https://clips.twitch.tv/CrazyScarySkirretPeteZarollTie,neither,0.03945320844208391,0.33037608806864915,0.630170703489267
"I saw Starlight Express, twice... with roughly 20 years between each play",neither,0.03283606391074879,0.352389222526012,0.6147747135632392
new note on mirror,neither,0.04007226102378805,0.26086027733194617,0.6990674616442658
"@shidareAKI well, i definitely hope that our paths cross. Too bad theres no G&S/Alpha Party meetup this year",neither,0.05125854103122858,0.30260643810656285,0.6461350208622085
@FuffyButt amazing,neither,0.03945320844208391,0.33037608806864915,0.630170703489267
maybe we can arrange a G&S meetup,neither,0.0396212225246363,0.32752445060592067,0.6328543268694432
"The musical that I most regretting not being able to get to NYC fast enough to see was Natasha, Pierre, and the Great Comet of 1812",neither,0.04161532787326113,0.3204939349257215,0.6378907372010173
@Paladin356 maybe the fans should arrange their own meetup? JS...,neither,0.07019745384164332,0.3350058234585696,0.5947967226997871
I need to go to NY just to see Hadestown. MAAAAAN......,neither,0.05143399013420569,0.338174649919172,0.6103913599466223
"""Truly I doth pity thee fool."" -William Shakespeare",neither,0.03945320844208391,0.33037608806864915,0.630170703489267
I most regret. I can English..,neither,0.039688024522688194,0.3263906463596575,0.6339213291176544
It’s about two struggling playwrighter brothers during Shakespeare times and the older brother hates/envy’s Shakespeare and goes to a witch with the desire to know what Shakespeare next musical so he could write it,neither,0.04023234205082775,0.32624127516511103,0.6335263827840611
the Shakespeare in the cemetery people are doing Romeo & Juliet this fall and I look forward to heckling it,neither,0.07162083492482976,0.26957258503428966,0.6588065800408806
@laurencupp Road triiiiiip.,neither,0.03945320844208391,0.33037608806864915,0.630170703489267
i'll look into that,neither,0.03672778651211909,0.3823377755926699,0.5809344378952109
"I go A's to F's, depending on the class",neither,0.04292857588086408,0.32773749604234564,0.6293339280767903
"@shidareAKI we will eventually get Manhole the Musical, thats something",neither,0.039332766772308195,0.31078221242570037,0.6498850208019914
"""I wandered lonely as a cloud. That floats on high o'er vales and hills"" - Billy Shakespeare",neither,0.03322899422065208,0.39451103539542726,0.5722599703839208
"That's not a knife, this is a knife",neither,0.04078566066257289,0.35701808445746896,0.6021962548799581
pushing the limits is something advanced students do when they are bored too,neither,0.05012091475901974,0.3244046185578142,0.6254744666831661
hi EricaTheStrange,neither,0.03945320844208391,0.33037608806864915,0.630170703489267
gandsGandsVaxSigil,neither,0.03945320844208391,0.33037608806864915,0.630170703489267
I'm so excited for Manhole: The Musical,neither,0.03357267806850758,0.3273323296240141,0.6390949923074783
Now Im thinking about the vine with a kid running outside with a knife,neither,0.026348983589188642,0.39677816983653086,0.5768728465742804
"one of my favorite lines in twelfth night is Dost thou think, because thou art virtuous, there shall be no more cakes and ale?",neither,0.034501331176924346,0.3419848252148702,0.6235138436082054
HI @Paladin356,neither,0.03945320844208391,0.33037608806864915,0.630170703489267
"""what do you have?"" ""A KNIFE""",neither,0.06539240472365689,0.3817904199275364,0.5528171753488068
@laurencupp that's exactly where my mind went to xD,neither,0.03283684908112984,0.4090562343831211,0.5581069165357491
"Erika is the living embodiment of ""Thanks, I hate it.""",neither,0.16568380264023724,0.21724706769861768,0.6170691296611451
Damn you Casio Pauhana!!! peachyFire,offensive_language,0.07364223488149953,0.9231738158972554,0.0031839492212450463
@cinphoria :D,neither,0.03945320844208391,0.33037608806864915,0.630170703489267
"@shidareAKI but she's the living embodiment of ""A KNIFE!""",neither,0.03728787269545664,0.38324982126560736,0.5794623060389359
Is Erika getting all the spoops out for when she streams this with Blondie?,offensive_language,0.022217170879168392,0.5141269864146488,0.4636558427061827
"Well me and Erika have something in common, but I had my swiss army knife because I used the magnifying glass to take tests & textbooks & things,",neither,0.03134755579402373,0.3666864438680801,0.6019660003378962
so this is the Bambi sequel,neither,0.04655352958871234,0.35659815911579185,0.5968483112954959
"Leatherman knives were not a problem in my high school, but then i went to high school in hick town arizona.",neither,0.0338090492674233,0.40692783995832066,0.5592631107742561
My grandfather gave me a hunting knife when I was FAR TOO YOUNG so I just hid it amongst my shelf of stuffed animals,neither,0.023343208870756416,0.46647580285835627,0.5101809882708873
"""I'm scared"" and ASMR special with Erika Ishii",neither,0.05643311733198911,0.30860784466734326,0.6349590380006677
you got a leg to stand on,neither,0.06006676316601644,0.43965494382092185,0.5002782930130617
Why there was no one behind Erika to scare her during that video is beyond me,neither,0.03064245111081489,0.4535867666549408,0.5157707822342443
Why was there a deer on this boat,neither,0.029068925071528338,0.32233253541393836,0.6485985395145333
We have a subscriber-only Discord server! Join here: https://discord.gg/geekandsundry (you'll need to sub and link it to your Twitch) and be a part of the fun!...Warning: It can take up to an hour for the server to update and give you access to the channels,neither,0.08464076273808444,0.286394834032893,0.6289644032290227
bambi,neither,0.03945320844208391,0.33037608806864915,0.630170703489267
^^^ xD,neither,0.03945320844208391,0.33037608806864915,0.630170703489267
Bambi,neither,0.03945320844208391,0.33037608806864915,0.630170703489267
A deer represents prey,neither,0.03945320844208391,0.33037608806864915,0.630170703489267
dreamcatcher,neither,0.03945320844208391,0.33037608806864915,0.630170703489267
"Help G&S make great content! $4.99/month gets you emotes, Minecraft server access, sub-only VODs, and more! Every sub keeps the channel alive! twitch.tv/geekandsundry/subscribe",neither,0.043907990691603095,0.31135964332838284,0.644732365980014
windego,neither,0.03945320844208391,0.33037608806864915,0.630170703489267
self portrait,neither,0.03945320844208391,0.33037608806864915,0.630170703489267
"Sigh...if I don’t here any Animal Crossing news this E3, I’m gonna start loosing hope",neither,0.06805953765845228,0.303205072343571,0.6287353899979767
"i just checked, there are 807 pokemon and i only know 151 of them",neither,0.05986967327434132,0.26250290203582,0.6776274246898386
