text,top_class,hate_speech,offensive_language,neither
sevenHYPE sevenHYPE,neither,0.03945320844208391,0.33037608806864915,0.630170703489267
Ivan HYPE!!!!!!!,neither,0.03945320844208391,0.33037608806864915,0.630170703489267
From Overwatch to nothing but Roadhog,neither,0.04143202940296233,0.37340867123843346,0.5851592993586041
Always great to see Ivan,neither,0.04280738728457719,0.35858183174732,0.5986107809681028
Talk about an All Star cast!,neither,0.02608855716948913,0.4095533592918012,0.5643580835387096
Close,neither,0.03945320844208391,0.33037608806864915,0.630170703489267
this is a stellar line up - let the madness (pun intended) ensue!,neither,0.031823966415652494,0.3694014882270928,0.5987745453572546
"Ivan playing the villain, who would of ever guessed that!",neither,0.03547147646814333,0.3961061340219818,0.5684223895098748
Lmao,neither,0.03705015143476208,0.3711622369619404,0.5917876116032975
Hehhehehheh,neither,0.03945320844208391,0.33037608806864915,0.630170703489267
Lol,neither,0.020706217963973744,0.4882283491876925,0.4910654328483337
3 1s in a row? Weighted die,neither,0.20754020281695018,0.1260776688159136,0.6663821283671363
I'm guessing the yellow die are just ones lol,neither,0.05935944790515125,0.025115301856426464,0.9155252502384222
Zerospoon subscribed at Tier 1.,neither,0.03853807016957085,0.358210604756348,0.6032513250740811
Is it the man who voice act Torbjorn ?,neither,0.043945262787659464,0.45882484458141537,0.49722989263092515
@MrYouKnowMe Josh voices Roadhog,neither,0.03945320844208391,0.33037608806864915,0.630170703489267
Teknoslade86 subscribed at Tier 1. They've subscribed for 36 months!,neither,0.021247502842219,0.31468546718044244,0.6640670299773386
Ivan needs to remember to not poke Vamp-Daddy!,neither,0.04883891309422602,0.3280170118362298,0.6231440750695442
MY BAD XD My head was showing me Roadhog and my hands typed the dwarf XD,neither,0.0187983691843848,0.4610294053172514,0.5201722254983637
Keith Silverstein voices Torb,neither,0.03945320844208391,0.33037608806864915,0.630170703489267
That's cool,neither,0.0331105145141573,0.4000689531361105,0.5668205323497322
She don't look into it sevenKEK sevenKEK sevenKEK,neither,0.0418103673694598,0.4422192846561323,0.515970347974408
Why is chat so dead?,neither,0.034852859893108705,0.3873258005436396,0.5778213395632518
I'm too much focus in the game XD I'm starting to like it,neither,0.046605455745460905,0.2989331335023546,0.6544614107521844
we're all engrossed in whats going on haha,neither,0.04696298719581326,0.4588090667007237,0.49422794610346293
I'm a viewbot BEEP BOOP. :),neither,0.03945320844208391,0.33037608806864915,0.630170703489267
sevenKEK sevenKEK,neither,0.03945320844208391,0.33037608806864915,0.630170703489267
"Heal today, kill tomorrow!",neither,0.3056122926659002,0.19289736329537574,0.5014903440387242
Anyone know how many different characters to choose from? Seems like a very simplified version of d&d,neither,0.049278425446458475,0.3269548507880074,0.6237667237655342
What a Dice Dwarf!,neither,0.04431661340419407,0.3268770541276585,0.6288063324681474
!points Jody,neither,0.03945320844208391,0.33037608806864915,0.630170703489267
"That was an excellent pun, Jody! Here, have some points for that one! You have been awarded 64 points!",neither,0.04951302204013613,0.3798103774986228,0.5706766004612411
@bartles009 official site for the game says there are 7 heroes to play,neither,0.05278851237238602,0.23348221647065492,0.713729271156959
"It also sings ""Hooked On A Feeling"" :P",neither,0.03642584542470898,0.340480995361048,0.6230931592142431
Is this Ivan vs Shriners?,neither,0.05118159487615546,0.3284877252513406,0.6203306798725038
Yes,neither,0.03945320844208391,0.33037608806864915,0.630170703489267
1v3,neither,0.03945320844208391,0.33037608806864915,0.630170703489267
When do we get new episodes of game the game?,neither,0.03432136757957254,0.2488424364681541,0.7168361959522733
"I thought it was today, but I guess not",neither,0.03499478899696649,0.24006034329787446,0.724944867705159
Website says Thursdays but schedule says otherwise lol.,neither,0.03356756789618699,0.36511204369089084,0.6013203884129222
"Well, they were putting the new ones here on Wednesday, then Youtube on Thursday. (I think)",neither,0.05890393583779293,0.25598956359793895,0.6851065005642681
Ah gotcha,neither,0.03945320844208391,0.33037608806864915,0.630170703489267
I believe that @ApatrosMiner is right,neither,0.04314885994287081,0.4013722966585052,0.5554788433986239
Also kinda mean to play a game I can't even technically but yet lol,neither,0.03555588941434163,0.34710225595658983,0.6173418546290684
Buy*,neither,0.03945320844208391,0.33037608806864915,0.630170703489267
"Fungeon, where we have Funjuns",neither,0.041286448014319174,0.29926122815378087,0.6594523238318999
!points @JeffM0307,neither,0.03945320844208391,0.33037608806864915,0.630170703489267
"That was an excellent pun, @JeffM0307! Here, have some points for that one! You have been awarded 16 points!",neither,0.05027101861725053,0.3829845772640112,0.5667444041187384
Estimated delivery Jan 2020 BibleThump BibleThump BibleThump,neither,0.03945320844208391,0.33037608806864915,0.630170703489267
Howdy do friends!,neither,0.04181378705841467,0.3295641768367383,0.6286220361048471
Hi @shidareAKI,neither,0.03945320844208391,0.33037608806864915,0.630170703489267
Hey Aki,neither,0.03945320844208391,0.33037608806864915,0.630170703489267
@shidareAKI wassup Friendo!,neither,0.33529425248498695,0.08556156890646638,0.5791441786085466
thuluHEY Aki,neither,0.03945320844208391,0.33037608806864915,0.630170703489267
Good afternoon Aki.,neither,0.038712489352510704,0.33063085532967357,0.6306566553178159
Turns out this video and Ivan's HowToPlay is on the official Valor and Villainy website. Whodathunkit?,neither,0.041363551178871964,0.23059406591206852,0.7280423829090595
Yeah I thought that was cool. But we can't play till at least January,neither,0.027397855083147057,0.38238358084065643,0.5902185640761966
gandsRage,neither,0.03945320844208391,0.33037608806864915,0.630170703489267
I would late pledge the Kickstarter but I don't know if I trust Kickstarter enough lol.,neither,0.022076291036367473,0.39119597854806804,0.5867277304155646
HammerTime HYPE!!!!!,neither,0.03945320844208391,0.33037608806864915,0.630170703489267
SystemicSammy subscribed with Twitch Prime. They've subscribed for 5 months!,neither,0.017135853092050617,0.3228815153557895,0.6599826315521599
another crazy game,neither,0.0766378206928931,0.3256978172937912,0.5976643620133156
"@bartles009 looking at the kickstarter page, you arent really pledging, you're just buying the game. but it makes you feel good for ""pledging"".",neither,0.06412824348946154,0.3534178989527066,0.5824538575578319
Right lol. And i guess if it's under skybound then it should definitly should be coming out. Im just always skeptical of prebuying something I won't get for a year LUL,neither,0.027611076873080155,0.4492751308734753,0.5231137922534446
What does mordak have against dwarfs!,neither,0.029702167080204157,0.45083176496224,0.5194660679575558
Needs to stop getting so short with them,offensive_language,0.0416199969394343,0.501581612995797,0.45679839006476874
!points @bartles009,neither,0.03945320844208391,0.33037608806864915,0.630170703489267
"That was an excellent pun, @bartles009! Here, have some points for that one! You have been awarded 71 points!",neither,0.050805666259642904,0.3851811885541635,0.5640131451861937
Ivan playing board games is always happy making gandsHappy,neither,0.04442829821167848,0.3590797783866694,0.5964919234016522
stsPew stsPew stsPew,neither,0.03945320844208391,0.33037608806864915,0.630170703489267
stsPew stsPew stsPew,neither,0.03945320844208391,0.33037608806864915,0.630170703489267
nice. stop his madness jody,neither,0.058186258473309625,0.38849476705822744,0.5533189744684631
stsPew stsPew,neither,0.03945320844208391,0.33037608806864915,0.630170703489267
Get em Jody!,neither,0.038919787321714194,0.33942963659951497,0.6216505760787708
great spell,neither,0.0372672489693886,0.30109225598275136,0.66164049504786
Wow good spell,neither,0.03876231077142823,0.3306137194591166,0.6306239697694551
"Fabulous job, Jody!",neither,0.03945320844208391,0.33037608806864915,0.630170703489267
‘Tis but a flesh wound,neither,0.035471228815065654,0.3423090993661586,0.6222196718187758
finalaction subscribed with Twitch Prime.,neither,0.030186173588972614,0.3621416721941929,0.6076721542168345
What is chat's opinion on this game... I actually KSed it a while ago. Also KSed Dungeonology,neither,0.044430377873517286,0.3100117712964826,0.6455578508300001
This looks like a fabulously fun game!,neither,0.04984576010736534,0.30242552736916734,0.6477287125234674
"oh, weird! I genuinely cannot remember that last I watched a Game the Game that did NOT have Becca",neither,0.03628500853650457,0.3056075423892454,0.65810744907425
I kinda like it. I'm considering buying it myself,neither,0.044635862539772524,0.342383222823367,0.6129809146368604
!points Josh,neither,0.03945320844208391,0.33037608806864915,0.630170703489267
"That was an excellent pun, Josh! Here, have some points for that one! You have been awarded 89 points!",neither,0.04943297131747571,0.3794710018235939,0.5710960268589304
"I'm thinking ppl I play with won't like it though, anything more complicated than pickup 52 just gets me blank stares when learning new games",neither,0.03167282063841439,0.35781910636353287,0.6105080729980528
!points Josh,neither,0.03945320844208391,0.33037608806864915,0.630170703489267
"That was an excellent pun, Josh! Here, have some points for that one! You have been awarded 58 points!",neither,0.04943297131747571,0.3794710018235939,0.5710960268589304
Yeah most people I play with just want dominoes. I live vicariously through GtG,neither,0.034684111455357644,0.43207151172209474,0.5332443768225477
Yep BibleThump,neither,0.03945320844208391,0.33037608806864915,0.630170703489267
StormyGlormy subscribed with Twitch Prime. They've subscribed for 8 months!,neither,0.017135853092050617,0.3228815153557895,0.6599826315521599
lol,neither,0.020706217963973744,0.4882283491876925,0.4910654328483337
'evening and howdy all,neither,0.04026012590141775,0.3611324446235933,0.598607429474989
Hi @Tripleyew,neither,0.03945320844208391,0.33037608806864915,0.630170703489267
I loved watching the attack!board game segments then it got cancelled...again lmao,neither,0.035797247254941364,0.3485029000346902,0.6156998527103685
noooo. dave,neither,0.03945320844208391,0.33037608806864915,0.630170703489267
Ivan and his Sheeple!,neither,0.06819528128821381,0.28794621556750905,0.6438585031442771
hihi,neither,0.03945320844208391,0.33037608806864915,0.630170703489267
I like ivans meeple necklace and lotr shirt,neither,0.04851316628868692,0.30597152226316865,0.6455153114481443
Hi @DragonGem,neither,0.03945320844208391,0.33037608806864915,0.630170703489267
"Good job Josh - sharpen that hammer... gandsFacepalm , gandsBing gandsBong",neither,0.036567143085438715,0.3574411543837194,0.6059917025308419
RIP Shawn The Sheep,neither,0.03877010955638699,0.3179535310818005,0.6432763593618124
"Do that in the bathroom, Ivan!",neither,0.03588770696163128,0.35715400010555437,0.6069582929328143
"@bartles009 its a ""Madness"" shirt - a show Ivan made on Alpha - soon to be on G&S VOD",neither,0.04456926362682745,0.30238544828784625,0.6530452880853262
casssidy subscribed with Twitch Prime.,neither,0.030186173588972614,0.3621416721941929,0.6076721542168345
Oh it looks like the eye of sauron lmao,neither,0.060449175211542465,0.2971659563568717,0.6423848684315858
@bartles009 I see it now,neither,0.03715022775282394,0.33116818873225273,0.6316815835149233
Ivan high af,neither,0.03485873339336671,0.4392238565006717,0.5259174101059617
"Oh man, Jody hated that jingle ☺",neither,0.040479155468352936,0.3747162627099311,0.584804581821716
Well lookee there Dave is wearing a shirt I made!,neither,0.04533104669003907,0.2971846471891733,0.6574843061207876
"Fabulous job, Ivan!",neither,0.03945320844208391,0.33037608806864915,0.630170703489267
Dave stole @JordanShiveley 's shirt !! gandsRollInish,neither,0.03945320844208391,0.33037608806864915,0.630170703489267
!points Jody,neither,0.03945320844208391,0.33037608806864915,0.630170703489267
"That was an excellent pun, Jody! Here, have some points for that one! You have been awarded 37 points!",neither,0.04940325149505484,0.37934480089605577,0.5712519476088893
That's cool @jordanshiveley,neither,0.0331105145141573,0.4000689531361105,0.5668205323497322
How do the players lose? Do we know?,neither,0.040830564374644246,0.31910835037053864,0.6400610852548171
Mordak has to kill three times after he is revealed,neither,0.3662642452520277,0.19074831882879376,0.4429874359191786
This is so much worse than critical role,neither,0.047922107559623076,0.26986059709806526,0.6822172953423117
How many had he done? 1? I haven't kept count lol,neither,0.03692539119869432,0.37406148864103583,0.5890131201602699
I mean... disagree?,neither,0.03945320844208391,0.33037608806864915,0.630170703489267
@bartles009 at this point he has 2 kills,neither,0.04381045933128257,0.3454204887233831,0.6107690519453344
"Fabulous job, Jody!",neither,0.03945320844208391,0.33037608806864915,0.630170703489267
JODY YES,neither,0.03945320844208391,0.33037608806864915,0.630170703489267
They're so close!,neither,0.06299442400333162,0.34949916104085155,0.5875064149558168
YES!!!!,neither,0.03945320844208391,0.33037608806864915,0.630170703489267
Awwww. you guys leave ol' Mordak alone,neither,0.051455923351685175,0.3665435376053013,0.5820005390430135
That's what he gets for attacking the dwarf so much,neither,0.036330597064717064,0.35169502164564925,0.6119743812896337
"I believe in you, Josh!",neither,0.057539830189940876,0.38106442511864935,0.5613957446914097
10,neither,0.03945320844208391,0.33037608806864915,0.630170703489267
Woooo!,neither,0.03945320844208391,0.33037608806864915,0.630170703489267
mordak down,neither,0.03945320844208391,0.33037608806864915,0.630170703489267
Gj,neither,0.03945320844208391,0.33037608806864915,0.630170703489267
Mordak or MorDEAD!,neither,0.03945320844208391,0.33037608806864915,0.630170703489267
