text,top_class,hate_speech,offensive_language,neither
gandsHype gandsHype gandsHype,neither,0.03945320844208391,0.33037608806864915,0.630170703489267
AMYYYYYYYYYY,neither,0.03945320844208391,0.33037608806864915,0.630170703489267
gandsGoo gandsGoo gandsGoo gandsGoo,neither,0.03945320844208391,0.33037608806864915,0.630170703489267
Avarr!,neither,0.03945320844208391,0.33037608806864915,0.630170703489267
amydBookFair amydBookFair amydBookFair amydBookFair amydBookFair amydBookFair amydBookFair,neither,0.03945320844208391,0.33037608806864915,0.630170703489267
felHype felHype felHype felHype,neither,0.03945320844208391,0.33037608806864915,0.630170703489267
❤️,neither,0.03945320844208391,0.33037608806864915,0.630170703489267
"I loved that show, Avast :P",neither,0.052338175098798644,0.28991476224223245,0.657747062658969
Is that an Aki?,neither,0.04765578694846393,0.3903762306606941,0.561967982390842
"Oh, I'm excited for Amy GMing",neither,0.03819392956523069,0.262086312565787,0.6997197578689823
That's JOE,neither,0.03384493633830058,0.3918252612101655,0.574329802451534
"OMFG, Josephine",neither,0.03945320844208391,0.33037608806864915,0.630170703489267
the crazy eyes were great :D,neither,0.02952360714769563,0.3494665772098096,0.6210098156424947
And Josephine has GONE ALL OUT,neither,0.03528809320783619,0.3761928707778048,0.588519036014359
jcvimHearts TwitchVotes jcvimHearts TwitchVotes,neither,0.03945320844208391,0.33037608806864915,0.630170703489267
AKIIIII,neither,0.03945320844208391,0.33037608806864915,0.630170703489267
"Hi Whitney, Jo, Amy, Gina and Aki",neither,0.03891205253611466,0.3038573317070797,0.6572306157568056
jcvimNerd jcvimNerd jcvimNerd,neither,0.03945320844208391,0.33037608806864915,0.630170703489267
AKIIIII,neither,0.03945320844208391,0.33037608806864915,0.630170703489267
"Josephine McAdam in ""The Mask"" reboot",neither,0.038700220026241045,0.31665699553080995,0.6446427844429491
stolentag subscribed at Tier 1. They've subscribed for 78 months!,neither,0.018730042386447116,0.3124437755681934,0.6688261820453595
yebbadHuzzzah weave time,neither,0.03795617452282284,0.3557846606257096,0.6062591648514676
"54aquasnakes subscribed at Tier 1. They've subscribed for 52 months, currently on a 52 month streak!",neither,0.02578439514257505,0.32499011761355867,0.6492254872438663
WOOOO AKI,neither,0.03945320844208391,0.33037608806864915,0.630170703489267
Mods on all sides of the cameras these days :-),neither,0.04458722483586843,0.4434722424566956,0.511940532707436
lschantz subscribed at Tier 1. They've subscribed for 4 months!,neither,0.018730042386447116,0.3124437755681934,0.6688261820453595
@JeffM0307 Somebody stop 'em!,neither,0.03940908018470574,0.42293659289929203,0.5376543269160023
JJ_Dane subscribed at Tier 1. They've subscribed for 40 months!,neither,0.020319693543343897,0.31385625178005017,0.6658240546766059
"Jo is killing it as always, but with that makeup, it's even better!",neither,0.029286048871926217,0.437348542158606,0.5333654089694677
Amy shining with her Doctor vibe in that jacket.,offensive_language,0.026794838109258964,0.49221775163603854,0.48098741025470254
Spoilers: Gina slapped Daryl,neither,0.03945320844208391,0.33037608806864915,0.630170703489267
"Pretty much, a repeat of last weekend",neither,0.03636139579506186,0.3314395042148919,0.6321990999900464
https://clips.twitch.tv/FineCheerfulWeaselLitty,neither,0.03945320844208391,0.33037608806864915,0.630170703489267
Ten Candles was amazing,neither,0.03935988259085816,0.3319600713250133,0.6286800460841285
Hehhehehe,neither,0.03945320844208391,0.33037608806864915,0.630170703489267
bloojWave,neither,0.03945320844208391,0.33037608806864915,0.630170703489267
Gina slapped Daryl and was still voted most liked,neither,0.038369129260218994,0.3160466536656068,0.6455842170741742
Devivo skillz,neither,0.03945320844208391,0.33037608806864915,0.630170703489267
That 10 Candles was session was 😨😭,neither,0.03663035420640852,0.36194775376305766,0.6014218920305338
@alco_hauls Because who DOESN'T like Gina?,neither,0.055145925814072475,0.43982484014005163,0.5050292340458757
"@alco_hauls I mean, you say that like Slapping Daryl would *hurt* her chances in that regard",offensive_language,0.04243225973148425,0.5165334640404172,0.4410342762280985
@KBTibbs Truly have no idea. Also thank you for clipping the slap. It was appreciated,neither,0.04136290803351616,0.344747581845743,0.6138895101207409
islanderscaper subscribed at Tier 1. They've subscribed for 2 months!,neither,0.018730042386447116,0.3124437755681934,0.6688261820453595
!points Amy,neither,0.03945320844208391,0.33037608806864915,0.630170703489267
"That was an excellent pun, Amy! Here, have some points for that one! You have been awarded 19 points!",neither,0.04954709260624355,0.3799545776896283,0.5704983297041282
Can I have permission to share that clip?,neither,0.0410496468878516,0.36059276183943734,0.5983575912727112
Pirate sheep!!,neither,0.03945320844208391,0.33037608806864915,0.630170703489267
!permit @KBTibbs,neither,0.03945320844208391,0.33037608806864915,0.630170703489267
@JeffM0307 -> @KBTibbs has been granted permission to post a link for 60 seconds.,neither,0.03948094283137336,0.31126035666296836,0.6492587005056583
"Help G&S make great content! $4.99/month gets you emotes, Minecraft server access, sub-only VODs, and more! Every sub keeps the channel alive! twitch.tv/geekandsundry/subscribe",neither,0.043907990691603095,0.31135964332838284,0.644732365980014
https://clips.twitch.tv/DeterminedTsundereTurnipKappaPride,neither,0.03945320844208391,0.33037608806864915,0.630170703489267
It's a solid connect.,neither,0.03818201962181624,0.33081330819506843,0.6310046721831153
"TBD RPG -- TONIGHT. Brace yourselves. Amy Dallen GMs as our intrepid players return to the world of ""Goblins R Jerks!""",neither,0.039806331702393526,0.3263543686982949,0.6338392995993115
@Feor1300 You raise an excellent point. But more so it was Daryl who said he liked her the best still,offensive_language,0.041764525173240565,0.5116371430187936,0.4465983318079659
My favorite.,neither,0.023139606186214773,0.46514787142531494,0.5117125223884703
Goblins are all about that booty 🏴☠️,offensive_language,0.056331014586717354,0.5271801566251876,0.4164888287880951
!points @SprinklesTheDragonCat,neither,0.03945320844208391,0.33037608806864915,0.630170703489267
"That was an excellent pun, @SprinklesTheDragonCat! Here, have some points for that one! You have been awarded 85 points!",neither,0.050107313171023064,0.38230503055647863,0.5675876562724983
"@alco_hauls I mean, I'm not gonna kink shame him...",neither,0.03717271980540217,0.3810546336522979,0.5817726465422999
!points Whitney,neither,0.03945320844208391,0.33037608806864915,0.630170703489267
alittlebittwitchy subscribed with Twitch Prime. They've subscribed for 4 months!,neither,0.017135853092050617,0.3228815153557895,0.6599826315521599
"That was an excellent pun, Whitney! Here, have some points for that one! You have been awarded 40 points!",neither,0.04962614043685502,0.3802885833786577,0.5700852761844872
"Well, there's no precedent for that in live gaming shows.",neither,0.03521004754703964,0.31893491228794546,0.6458550401650149
How longs this been going,neither,0.03683523106805719,0.3748099964823837,0.588354772449559
@Ebonitacocat Just started,neither,0.032803472495977,0.36242220823605287,0.6047743192679701
@Feor1300 Definitely not yucking that yum,neither,0.03289943084139969,0.3911688895906273,0.575931679567973
Thanks @jeffm0307,neither,0.035884468650613,0.3004919205142699,0.6636236108351171
Jim! Stop. You're too good!,neither,0.07809679570677013,0.430577191427117,0.491326012866113
Josephine... omg. Brilliant.,neither,0.03945320844208391,0.33037608806864915,0.630170703489267
Evening All :),neither,0.041793358651534496,0.4229818652092969,0.5352247761391685
jcvimLol,neither,0.03945320844208391,0.33037608806864915,0.630170703489267
Hello @Aquaenus,neither,0.03945320844208391,0.33037608806864915,0.630170703489267
Hi @Aquaenus,neither,0.03945320844208391,0.33037608806864915,0.630170703489267
HeyGuys,neither,0.03945320844208391,0.33037608806864915,0.630170703489267
Mr. Sparky is definitely a character,neither,0.04516910717237362,0.3284101283893222,0.6264207644383041
Jo is always killing it!,neither,0.04331168930355797,0.3752475502189599,0.5814407604774823
Jo is great,neither,0.04557869218621507,0.30268284104521176,0.6517384667685732
Christopher Walken as Mr Sparky,neither,0.03799666917597359,0.3550973606791181,0.6069059701449083
Hhehehhe,neither,0.03945320844208391,0.33037608806864915,0.630170703489267
first roll before they even finished intoductions. nice,neither,0.03123843452271349,0.38963815629566156,0.579123409181625
Wow. Goblins R Disstrustfull,neither,0.03945320844208391,0.33037608806864915,0.630170703489267
Gina's face is us all,neither,0.12927094473545941,0.4012740624785614,0.46945499278597935
and / or,neither,0.03801617891393975,0.24722059694032422,0.7147632241457361
!rebroadcast,neither,0.03945320844208391,0.33037608806864915,0.630170703489267
!schedule,neither,0.03945320844208391,0.33037608806864915,0.630170703489267
There's too much insinuendo between these two.,neither,0.043747224494025634,0.34554933435727586,0.6107034411486985
the channel is still live,neither,0.050485471288229375,0.3247436824604375,0.6247708462513331
I so love all these people,offensive_language,0.10677865370265695,0.6507422834902453,0.2424790628070978
this episode of TBD RPG began at 8:30 pm Pacific time,neither,0.03814614344270695,0.35930566103831685,0.6025481955189761
Kippa Kippa Kippa Kippa,neither,0.03945320844208391,0.33037608806864915,0.630170703489267
!clock,neither,0.03945320844208391,0.33037608806864915,0.630170703489267
It is currently Wednesday 8:41 PM at the Geek & Sundry studio in California.,neither,0.0521166184383263,0.3295454606199628,0.6183379209417109
From the Neighborhood of Make-Believe?,neither,0.039572408293879445,0.2989322060004897,0.6614953857056309
Gina is Selina Kyle,neither,0.0495192247997867,0.32691392345999004,0.6235668517402233
Was the final battle presaged by the Final Countdown?,neither,0.038906882575704634,0.33786339214946026,0.6232297252748351
😆,neither,0.03945320844208391,0.33037608806864915,0.630170703489267
"If Cats the Musical combined with Pirates of penzance, it would be meowmeow",neither,0.024712528278589538,0.28412084588765013,0.6911666258337603
I bet the SS Shiny Objects gets so many moths.,neither,0.03875936576374142,0.3491853227860181,0.6120553114502404
!points @alco_hauls,neither,0.03945320844208391,0.33037608806864915,0.630170703489267
"That was an excellent pun, @alco_hauls! Here, have some points for that one! You have been awarded 69 points!",neither,0.049980789310414435,0.3817775744187309,0.5682416362708548
Some gals have been to Ren Faires!,neither,0.03705498266286056,0.34879092663606653,0.6141540907010729
"Fabulous job and name, Aki!",neither,0.0387151733699285,0.293304702043741,0.6679801245863306
TwitchVotes,neither,0.03945320844208391,0.33037608806864915,0.630170703489267
I want that hat.,neither,0.03495425533895133,0.37767978190305285,0.5873659627579959
how come goblins are always involved with the end times,neither,0.042857507528970974,0.370637085590155,0.586505406880874
gandsCatEars gandsCatEars,neither,0.03945320844208391,0.33037608806864915,0.630170703489267
"@Marb04 Just lucky, I guess",neither,0.0337662571718957,0.361548778430631,0.6046849643974733
@Marb04 Because someone has to eat the surviving cockroaches,neither,0.04455009290449897,0.30828978677080043,0.6471601203247006
That hat is amazing.,neither,0.04335700630012433,0.36934053698941566,0.5873024567104601
Yep!,neither,0.03945320844208391,0.33037608806864915,0.630170703489267
Face tattoos are a strong choice.,neither,0.05949623238086375,0.29419533879694687,0.6463084288221893
What,neither,0.057770773616808734,0.3180719994247239,0.6241572269584672
What's more pirate than a face tattoo,neither,0.04457451128673459,0.3259688544617485,0.629456634251517
Oh yes I get to watch you guys live finally,neither,0.07556663867316256,0.3269887694727591,0.5974445918540784
"You mean, ""What's more pirate than kitty whiskers face tattoo?""",neither,0.05276096796148659,0.3519290735664253,0.595309958472088
Dice tray blinged out.,neither,0.03570608751497672,0.34467706928020253,0.6196168432048207
She’s the captain.,neither,0.03990048419133223,0.41714932362466034,0.5429501921840073
DxCat,neither,0.03945320844208391,0.33037608806864915,0.630170703489267
"Pirate walks into a bar. Bartender says, ""Hey, did you know you have a steering wheel sticking out of you pants? Pirate goes, ""Yaaarr...it's drivin' me nuts!""",neither,0.05074409432395321,0.4047015494473589,0.5445543562286878
Wow,neither,0.03945320844208391,0.33037608806864915,0.630170703489267
!points @Aquaenus,neither,0.03945320844208391,0.33037608806864915,0.630170703489267
"That was an excellent pun, @Aquaenus! Here, have some points for that one! You have been awarded 33 points!",neither,0.049980789310414435,0.3817775744187309,0.5682416362708548
ohhell,neither,0.03945320844208391,0.33037608806864915,0.630170703489267
!whodat,neither,0.03945320844208391,0.33037608806864915,0.630170703489267
"Amy Dallen ( twitter.com/enthusiamy ) as The Storyteller, Gina DeVivo ( twitter.com/PocketGina ) as MeowMeow, Whitney Moore ( twitter.com/TweetneyMoore ) as Spricket, Josephine McAdam ( twitter.com/JCVIM ) as Mr. Sparky, Aki ( twitter.com/MxGiniInABottle ) as Noonia Beezwhacks.",neither,0.03642311218317201,0.47933997485519625,0.4842369129616317
mutiny,neither,0.03945320844208391,0.33037608806864915,0.630170703489267
How do pirates know they're pirates?,neither,0.050689622402159296,0.31321843451503006,0.6360919430828107
"They think, therefore they aaaarrrrrr...",neither,0.039957437427668815,0.32181800625048246,0.6382245563218488
This is like the No-Homers Club.,neither,0.05510036694794426,0.339554427853683,0.6053452051983728
!points @Aquaenus,neither,0.03945320844208391,0.33037608806864915,0.630170703489267
"That was an excellent pun, @Aquaenus! Here, have some points for that one! You have been awarded 14 points!",neither,0.0502566658879028,0.38292512972585646,0.5668182043862408
Always good to be overly prepared,neither,0.042974164195863786,0.3735171959583635,0.5835086398457726
oops,neither,0.03945320844208391,0.33037608806864915,0.630170703489267
Hehhehehhe,neither,0.03945320844208391,0.33037608806864915,0.630170703489267
Oh no!,neither,0.04751210705993949,0.26629718932274826,0.6861907036173122
Shoot your problems away. Like Batman. No wait,neither,0.0941728587154527,0.2802179879959197,0.6256091532886277
How much does it cost for a pirate to get their ear pierced?,neither,0.02890268665973792,0.3902855672417429,0.5808117460985193
WutFace,neither,0.03945320844208391,0.33037608806864915,0.630170703489267
Instant improve.,neither,0.03945320844208391,0.33037608806864915,0.630170703489267
About a buccaneer.,neither,0.03510642987957868,0.4041522644624374,0.5607413056579837
!points @Aquaenus,neither,0.03945320844208391,0.33037608806864915,0.630170703489267
"That was an excellent pun, @Aquaenus! Here, have some points for that one! You have been awarded 12 points!",neither,0.05035850046489168,0.38334637442306396,0.5662951251120445
"the fact that Christopher Walken who himself sounds like he has been struck by lightning , is playing the character of Mr. Sparky is almost too perfect.",neither,0.05086352603229283,0.3799411309851723,0.5691953429825349
gandsCatEars gandsCatEars,neither,0.03945320844208391,0.33037608806864915,0.630170703489267
I was gunna say. an Arrrrrrm and a leg @Aquaenus,neither,0.03892591253671368,0.29331384319024734,0.667760244273039
I'm sure Aqua know what a pirate's favorite letter is.,neither,0.04363099288514562,0.4072077933781597,0.5491612137366947
!points @vexedvalentine,neither,0.03945320844208391,0.33037608806864915,0.630170703489267
"That was an excellent pun, @vexedvalentine! Here, have some points for that one! You have been awarded 73 points!",neither,0.050805666259642904,0.3851811885541635,0.5640131451861937
https://clips.twitch.tv/OddAgilePancakeSmoocherZ,neither,0.03945320844208391,0.33037608806864915,0.630170703489267
"""You mean I don't look like a pretty lady?"" - Whitney ""Ughhhh..."" Everyone else.",neither,0.053937592505418255,0.4398270754122199,0.5062353320823619
Why can't a pirate learn the alphabet?,neither,0.031048141969133185,0.3263265825594998,0.6426252754713669
"Because they spend years at ""C""",neither,0.03868833582944851,0.35365825754181124,0.6076534066287402
@PAPerryman A Pirates true love is the C.,neither,0.04317751962490681,0.32506122126932746,0.6317612591057659
!points @Aquaenus,neither,0.03945320844208391,0.33037608806864915,0.630170703489267
"That was an excellent pun, @Aquaenus! Here, have some points for that one! You have been awarded 63 points!",neither,0.05003766897837674,0.38201493930407926,0.5679473917175439
Yes shrimp your boat ride,neither,0.06250375059233561,0.3239840207798089,0.6135122286278555
!points @KBTibbs,neither,0.03945320844208391,0.33037608806864915,0.630170703489267
"That was an excellent pun, @KBTibbs! Here, have some points for that one! You have been awarded 28 points!",neither,0.05013159713977728,0.3824060414238869,0.5674623614363358
"hahaha jinx, you owe me a coke",neither,0.04542538959265917,0.40598660020812377,0.548588010199217
!points @Aquaenus,neither,0.03945320844208391,0.33037608806864915,0.630170703489267
"That was an excellent pun, @Aquaenus! Here, have some points for that one! You have been awarded 25 points!",neither,0.05028373071273074,0.3830372084526433,0.566679060834626
Mechanic in her inventory? I hope they feed him regularly.,neither,0.0563667413245582,0.4118058681763595,0.5318273904990823
!points @Feor1300,neither,0.03945320844208391,0.33037608806864915,0.630170703489267
"That was an excellent pun, @Feor1300! Here, have some points for that one! You have been awarded 75 points!",neither,0.050107313171023064,0.38230503055647863,0.5675876562724983
"@Feor1300 Ehhh, nano-mechanics probably don't eat too much",neither,0.03532363348874538,0.35051240863935296,0.6141639578719017
I’m sensing a mutanty,neither,0.03945320844208391,0.33037608806864915,0.630170703489267
Why do I feel like this is actually taking place on a holodeck?,neither,0.04479582412193165,0.3232868833081331,0.6319172925699352
Kick the squirrels nuts,neither,0.03870787738317578,0.3167993113406518,0.6444928112761725
Squirrels and pirates and Ginas... sounds familiar,neither,0.03848047835986299,0.279749398796591,0.6817701228435461
It’s their weakness,neither,0.03666433182005529,0.33133531062458266,0.632000357555362
Oh and goblins,neither,0.0472821537881993,0.17189274930043782,0.7808250969113628
!points @captainwierdbeard,neither,0.03945320844208391,0.33037608806864915,0.630170703489267
"That was an excellent pun, @captainwierdbeard! Here, have some points for that one! You have been awarded 17 points!",neither,0.05028957640842011,0.38306140444113307,0.5666490191504467
https://clips.twitch.tv/PluckyLazyJuiceKevinTurtle,neither,0.03945320844208391,0.33037608806864915,0.630170703489267
This is like the weirdest VTM Beast interaction I've ever seen. lol,neither,0.025480560722876036,0.3549363398303334,0.6195830994467905
Captains engage in Socratic dialogue with themselves.,neither,0.02546243114152665,0.3811803851474714,0.593357183711002
Woooo more Aki!,neither,0.044084690295906365,0.306805713525994,0.6491095961780997
Hehhehehehhehe,neither,0.03945320844208391,0.33037608806864915,0.630170703489267
You want thingabobs? I've got twenty - Noonia,neither,0.026691716218197863,0.39023501813556005,0.5830732656462421
"Don't do this at home, kids",neither,0.03998655240849915,0.3565437143974937,0.6034697331940071
Hence the hair.,neither,0.03793482152290453,0.3020491449720566,0.6600160335050389
how's it going. we just started?,neither,0.03204954603210583,0.38217758458498435,0.5857728693829097
An electrical conductor? I think the music sounds better with a manual conductor.,neither,0.03416616838811403,0.33334132523707627,0.6324925063748096
Hehhehehehehhehe,neither,0.03945320844208391,0.33037608806864915,0.630170703489267
Mr. Sparkly has an electric personality,neither,0.039999671512797125,0.321101183603676,0.638899144883527
!points @SprinklesTheDragonCat,neither,0.03945320844208391,0.33037608806864915,0.630170703489267
"That was an excellent pun, @SprinklesTheDragonCat! Here, have some points for that one! You have been awarded 31 points!",neither,0.049980789310414435,0.3817775744187309,0.5682416362708548
GlisteningSweetBabyJesus subscribed at Tier 1. They've subscribed for 33 months!,neither,0.021247502842219,0.31468546718044244,0.6640670299773386
30 minutes in @Lolthsmeat,neither,0.03945320844208391,0.33037608806864915,0.630170703489267
https://clips.twitch.tv/SuspiciousKawaiiDootNotATK,neither,0.03945320844208391,0.33037608806864915,0.630170703489267
Nothing beats CHAOS!,neither,0.03728899788438582,0.3671083893722635,0.5956026127433508
GayPride,neither,0.03945320844208391,0.33037608806864915,0.630170703489267
Varohal subscribed with Twitch Prime. They've subscribed for 3 months!,neither,0.017135853092050617,0.3228815153557895,0.6599826315521599
Hello Beez(whacks)!,neither,0.03945320844208391,0.33037608806864915,0.630170703489267
OdinSlash subscribed with Twitch Prime. They've subscribed for 2 months!,neither,0.017135853092050617,0.3228815153557895,0.6599826315521599
"@chaoticloony Except the Grey Knights, it's kind of their thing.",neither,0.038013761963163854,0.3204863581607614,0.6414998798760747
"@jimersion bugger. thanks. was cooking, but still I'll figure it out lol. as best anyone can...",neither,0.027775314209850015,0.3858186688179699,0.5864060169721802
critroleBees,neither,0.03945320844208391,0.33037608806864915,0.630170703489267
Woo effects!,neither,0.03945320844208391,0.33037608806864915,0.630170703489267
TPK! TPK! lol,neither,0.020706217963973744,0.4882283491876925,0.4910654328483337
great show,neither,0.0583061009839919,0.19644393213921515,0.745249966876793
Quickest episode ever! :P,neither,0.03945320844208391,0.33037608806864915,0.630170703489267
to the plank,neither,0.06348207243887267,0.2676115413284709,0.6689063862326565
"Well, g'night folk",neither,0.03946136173891157,0.32729448797993155,0.6332441502811568
s,neither,0.03945320844208391,0.33037608806864915,0.630170703489267
Shock and say ahhh,neither,0.03877059473154342,0.29633985345045694,0.6648895518179998
Mr Sparky shocked by being shocked when nothing shocks him. Shocking!,neither,0.032564107754967875,0.40114394555451394,0.5662919466905183
Thank you good night 😆,neither,0.04644370907463858,0.399104177363999,0.5544521135613624
spricket sounds like vanellope from wreck it ralph. I love it,neither,0.04300361481377071,0.3386848133951352,0.6183115717910941
NIght Tibbs,neither,0.02550723072422885,0.32941079269047424,0.6450819765852968
Night @KBTibbs,neither,0.02550723072422885,0.32941079269047424,0.6450819765852968
Later @KBTibbs,neither,0.03945320844208391,0.33037608806864915,0.630170703489267
!frontpage,neither,0.03945320844208391,0.33037608806864915,0.630170703489267
"We are on the front page, which means we have an influx of new people coming in here. Some are polite, some are not. Please let the mods handle those who are not. Sit back, enjoy the show, and DON'T FEED THE TROLLS.",neither,0.10504481977893397,0.20508308154005317,0.6898720986810128
Bye @kbtibbs,neither,0.03945320844208391,0.33037608806864915,0.630170703489267
@PAPerryman I'n not acutally leaving. It was a riff on the show ending.,neither,0.044413332590629497,0.28157638423659154,0.6740102831727789
We have a subscriber-only Discord server! Join here: https://discord.gg/geekandsundry (you'll need to sub and link it to your Twitch) and be a part of the fun!...Warning: It can take up to an hour for the server to update and give you access to the channels,neither,0.08464076273808444,0.286394834032893,0.6289644032290227
actually*,neither,0.03945320844208391,0.33037608806864915,0.630170703489267
ah. fooled me.,neither,0.03231773622173525,0.36899139461592567,0.598690869162339
@KBTibbs Sorry :D,neither,0.03945320844208391,0.33037608806864915,0.630170703489267
Yeah? Jingles keys,neither,0.02221615078399603,0.4513737350238501,0.526410114192154
jcvimLol,neither,0.03945320844208391,0.33037608806864915,0.630170703489267
You both have MUCH to atone for. OR something.,neither,0.049182271052520085,0.34534820199386085,0.605469526953619
Like an owl licking a lollipop,neither,0.04875627455125354,0.33903959249185855,0.612204132956888
this is by far some of the best stuff on the interwebs atm,neither,0.0358140271087626,0.34901651563058056,0.6151694572606569
We did the same joke @kbtibbs,neither,0.03920909623383043,0.3238764736785198,0.6369144300876497
"Help G&S make great content! $4.99/month gets you emotes, Minecraft server access, sub-only VODs, and more! Every sub keeps the channel alive! twitch.tv/geekandsundry/subscribe",neither,0.043907990691603095,0.31135964332838284,0.644732365980014
@Lolthsmeat I agree!,neither,0.03945320844208391,0.33037608806864915,0.630170703489267
@SprinklesTheDragonCat That's because I steal all your jokes.,neither,0.06551823022814535,0.4284253431469568,0.5060564266248979
MeowMeow is the purrfect character for Gina.,neither,0.04054139339930208,0.2784822770564186,0.6809763295442793
felSGood,neither,0.03945320844208391,0.33037608806864915,0.630170703489267
fuck is this lmao,offensive_language,0.23614803991408492,0.7638371230047786,1.4837081136517158e-05
!points @A_Room_With_a_Poo,neither,0.03945320844208391,0.33037608806864915,0.630170703489267
"That was an excellent pun, @A_Room_With_a_Poo! Here, have some points for that one! You have been awarded 92 points!",neither,0.05007717625884537,0.38217957336812336,0.5677432503730313
felLul,neither,0.03945320844208391,0.33037608806864915,0.630170703489267
LUL,neither,0.03945320844208391,0.33037608806864915,0.630170703489267
!wtfisthis,neither,0.03945320844208391,0.33037608806864915,0.630170703489267
"Allow Geek & Sundry to take you by the hand and guide you from game to game in our new programming block, TBD RPG! This show is the space to see every possible sort of Role Playing Game, and the cast is currently playing the Weave RPG!",neither,0.06556019375782646,0.233311417536628,0.7011283887055455
critroleMeta,neither,0.03945320844208391,0.33037608806864915,0.630170703489267
"Just because you're immortal, doesn't mean you can't be ripped to shreds, Meowmeow!",neither,0.09357461017673269,0.39454073749308016,0.5118846523301871
Wasn't it Becca who kept trying to use Shark Rodeo on ever roll last time they were playing?,neither,0.023344524445439142,0.4168681022309831,0.5597873733235779
Because I can turn into a shark - Bomb dropped,neither,0.039644582095234235,0.3271279777292521,0.6332274401755136
Bet none of them can swim.,neither,0.05145676413851778,0.3199057747040111,0.6286374611574711
is it a baby shark Kappa,neither,0.04454224440116485,0.328625735241511,0.6268320203573241
jcvimLol,neither,0.03945320844208391,0.33037608806864915,0.630170703489267
LUL,neither,0.03945320844208391,0.33037608806864915,0.630170703489267
As captain of this chat I’m going to panic,neither,0.041280413384290705,0.3711182272005414,0.587601359415168
And just like that their pirate adventure turned into Free Willy. lol,neither,0.03531622577722406,0.37854785606309527,0.5861359181596807
Or Jaws.,neither,0.03945320844208391,0.33037608806864915,0.630170703489267
great to see Jim and Aki on the team too,neither,0.03960530597182077,0.2825334005676975,0.6778612934604816
critroleBrian,neither,0.03945320844208391,0.33037608806864915,0.630170703489267
Shark week on TBD RPG,neither,0.03655999386948239,0.34428064560014204,0.6191593605303756
after this.... have we jumped the shark?,neither,0.038170634483511705,0.32793365685102444,0.633895708665464
^^^^,neither,0.03945320844208391,0.33037608806864915,0.630170703489267
Whitney has the greatest shark face,neither,0.03910577441764003,0.31464835352415377,0.6462458720582063
🦈,neither,0.03945320844208391,0.33037608806864915,0.630170703489267
Shark face who ha ha,neither,0.039853507534800665,0.3735495863836207,0.5865969060815787
That face tho...is shaaaaarcking,neither,0.03888160308963492,0.3921676699213301,0.5689507269890349
Everyone remember where you parked,neither,0.048439560261956935,0.4346038828941037,0.5169565568439395
@aquaenus boo,neither,0.03945320844208391,0.33037608806864915,0.630170703489267
oh jeez,neither,0.051363287716059566,0.22255663153133606,0.7260800807526044
"what, that's like a double pun! :D",neither,0.050270681675426435,0.37676505595283494,0.5729642623717387
:),neither,0.03945320844208391,0.33037608806864915,0.630170703489267
Not their first rodeo,neither,0.028590484356779793,0.34044445379943233,0.6309650618437879
Does Amy mean it's... not Noonia's first Rodeo?,neither,0.022477889681978107,0.44161343819370946,0.5359086721243125
Everyone just abandons the ship because meowmeow wants to ride a shark. Valid.,neither,0.036112042054560166,0.395187967101389,0.5686999908440509
Not her first rodeo,offensive_language,0.019167242992644194,0.6605241260065305,0.3203086310008252
Be careful! Sharks are known for goblin swimmers!,neither,0.055274118820364634,0.26677288615752115,0.6779529950221143
!points @Aquaenus,neither,0.03945320844208391,0.33037608806864915,0.630170703489267
"That was an excellent pun, @Aquaenus! Here, have some points for that one! You have been awarded 99 points!",neither,0.05033894095090745,0.3832655635051359,0.5663954955439566
Damn sorry,offensive_language,0.04417520865589984,0.9063396068002371,0.04948518454386308
shark rodeos are the best rodeos,neither,0.0643370576481914,0.2611429309548252,0.6745200113969835
Occuring at hotel swimming pools for prizes,neither,0.034779077526856834,0.32546681461971705,0.6397541078534261
Did anyone drop the anchor?,neither,0.04653271073245162,0.3139745175614559,0.6394927717060924
rodeos are unethical mmk,neither,0.1675493120064283,0.18605165911864094,0.6463990288749307
@Jimersion Not that i heard of,neither,0.0328670301794878,0.3914802500108517,0.5756527198096604
Unauthorized milk tea.,neither,0.03945320844208391,0.33037608806864915,0.630170703489267
Amy doubts.,neither,0.03945320844208391,0.33037608806864915,0.630170703489267
"Goblins don't consider such factors, alpha.",neither,0.039662542160015135,0.32682314855788636,0.6335143092820986
Spricket is an a-dorsal-able shark!,neither,0.0470092338907555,0.3231208719349363,0.6298698941743083
ummmmm what the hell is goin on here?,offensive_language,0.10962562140351463,0.6456117864278162,0.24476259216866914
!points Jo,neither,0.03945320844208391,0.33037608806864915,0.630170703489267
"That was an excellent pun, Jo! Here, have some points for that one! You have been awarded 80 points!",neither,0.049564361865790586,0.3800276128908386,0.570408025243371
!wtfisthis,neither,0.03945320844208391,0.33037608806864915,0.630170703489267
"Allow Geek & Sundry to take you by the hand and guide you from game to game in our new programming block, TBD RPG! This show is the space to see every possible sort of Role Playing Game, and the cast is currently playing the Weave RPG!",neither,0.06556019375782646,0.233311417536628,0.7011283887055455
5k people watching this? lol,neither,0.05526451584116508,0.37884735641139333,0.5658881277474416
hmm this is a good point,neither,0.04651886324948305,0.32943284928007055,0.6240482874704465
"Spricket, Spricket, Spricket, faster than lightning.",neither,0.0388987477869844,0.3397867324126898,0.6213145198003258
PixelBob vs CoolStoryBob,neither,0.03945320844208391,0.33037608806864915,0.630170703489267
srsly .. peace !,neither,0.03945320844208391,0.33037608806864915,0.630170703489267
WEAVE is going on!!,neither,0.04309118519449226,0.37359471418614487,0.583314100619363
are you kidding this is great LUL,neither,0.0840765502186964,0.3023483439627577,0.6135751058185458
!frontpage,neither,0.03945320844208391,0.33037608806864915,0.630170703489267
"We are on the front page, which means we have an influx of new people coming in here. Some are polite, some are not. Please let the mods handle those who are not. Sit back, enjoy the show, and DON'T FEED THE TROLLS.",neither,0.10504481977893397,0.20508308154005317,0.6898720986810128
I live for seeing trolls smacked down,neither,0.03811329146562543,0.30849008296543806,0.6533966255689365
this is the weirdest thing I've ever seen...nice,neither,0.02417447738925868,0.30213590207701957,0.6736896205337217
boom!,neither,0.03945320844208391,0.33037608806864915,0.630170703489267
fifiFocus fifiFocus fifiFocus fifiFocus fifiFocus fifiFocus fifiFocus fifiFocus fifiFocus fifiFocus,neither,0.03945320844208391,0.33037608806864915,0.630170703489267
I'm surprised Shark Language has all those words.,neither,0.05784489605172291,0.32321810147978625,0.6189370024684908
okay then,neither,0.03945320844208391,0.33037608806864915,0.630170703489267
SMACKDOWN!,neither,0.03945320844208391,0.33037608806864915,0.630170703489267
@JacobDaniel_ Welcome to the madness,neither,0.04498230380864389,0.31138874341744216,0.643628952773914
i want whatever shes on,neither,0.036884214805517825,0.3398564719652197,0.6232593132292623
@JacobDaniel_ That is why it is my favorite show on the channel,neither,0.03566863256603065,0.37342742432194437,0.5909039431120249
that was fast i didnt even read it LUL,neither,0.03528970504129507,0.3704337972870718,0.594276497671633
Wish we had fan artist for the show.,neither,0.04427760641335937,0.24448139484330264,0.7112409987433379
@kbtibbs 400 years... you learn a few things,neither,0.05143472438361189,0.3646743778769614,0.5838908977394267
ummm...what is this lmao,neither,0.05262604736780732,0.3416402970011866,0.6057336556310062
Lady Shark Do do. dodododod,neither,0.04188627078359225,0.32953924635986476,0.6285744828565429
!wtfisthis,neither,0.03945320844208391,0.33037608806864915,0.630170703489267
"Allow Geek & Sundry to take you by the hand and guide you from game to game in our new programming block, TBD RPG! This show is the space to see every possible sort of Role Playing Game, and the cast is currently playing the Weave RPG!",neither,0.06556019375782646,0.233311417536628,0.7011283887055455
SabaPing,neither,0.03945320844208391,0.33037608806864915,0.630170703489267
she is just trying to be funny. @BlimeyWolfe,neither,0.051449078908557565,0.4584745733476626,0.4900763477437797
TBD RPG Using the Weave system -- information at: https://monoclesociety.com/,neither,0.03614292359470728,0.3744237986890196,0.5894332777162732
she is failing.,neither,0.05079781159899508,0.42397672490807375,0.5252254634929312
felLul,neither,0.03945320844208391,0.33037608806864915,0.630170703489267
Whoa! The women are the funniest comedians I’ve ever seen. And they are actresses and actors and actresses typically have scripts so they are funny on their own which is impressive,neither,0.06238369337007757,0.27442299756034827,0.6631933090695742
!respect,neither,0.03945320844208391,0.33037608806864915,0.630170703489267
"If you would like to share opinions on our hosts, guests or fellow viewers, please do so in a respectful manner. Don't make them feel uncomfortable.",neither,0.04843323757214918,0.39559142321184637,0.5559753392160044
marineLEL marineLEL marineLEL marineLEL,neither,0.03945320844208391,0.33037608806864915,0.630170703489267
@FinHT_ReX Give her a chance. Whitney's hilarious.,offensive_language,0.03257692133011603,0.4926501302252783,0.4747729484446055
interpretive swimming. do iit.,neither,0.04109043849331578,0.32981296957786,0.6290965919288242
noonia and mr.sparky anr normal.,neither,0.03881555031456483,0.29876295932799174,0.6624214903574436
and meow meow.,neither,0.038941090941899556,0.30536383841521686,0.6556950706428836
They really aren't,neither,0.03945320844208391,0.33037608806864915,0.630170703489267
what is going on,neither,0.053652426185914176,0.3789212265798947,0.5674263472341913
Girlfriend? Or Gilfriend?,neither,0.03359602085046418,0.42978784753996585,0.5366161316095699
they arent trying to be funny,neither,0.044827070271011966,0.34562320424200377,0.6095497254869842
!wtfisthis,neither,0.03945320844208391,0.33037608806864915,0.630170703489267
"Allow Geek & Sundry to take you by the hand and guide you from game to game in our new programming block, TBD RPG! This show is the space to see every possible sort of Role Playing Game, and the cast is currently playing the Weave RPG!",neither,0.06556019375782646,0.233311417536628,0.7011283887055455
spricket is trying too hard.,offensive_language,0.037774155946299355,0.5607761110725014,0.40144973298119924
@blanchon welcome,neither,0.03945320844208391,0.33037608806864915,0.630170703489267
I meant it as a compliment to their personalities and creativity,neither,0.04075292107119497,0.324607119197331,0.6346399597314739
They Girlfins,neither,0.03945320844208391,0.33037608806864915,0.630170703489267
idk what is happening,neither,0.053043421256011414,0.3238052733838016,0.6231513053601869
silenced133 subscribed at Tier 1. They've subscribed for 4 months!,neither,0.018730042386447116,0.3124437755681934,0.6688261820453595
This is not twitch,neither,0.0463057751887753,0.3342022275064351,0.6194919973047897
!wtfisthis,neither,0.03945320844208391,0.33037608806864915,0.630170703489267
"Allow Geek & Sundry to take you by the hand and guide you from game to game in our new programming block, TBD RPG! This show is the space to see every possible sort of Role Playing Game, and the cast is currently playing the Weave RPG!",neither,0.06556019375782646,0.233311417536628,0.7011283887055455
Trolls are in need of much smacking down...,neither,0.05340074102019512,0.29744207050855287,0.649157188471252
We have a subscriber-only Discord server! Join here: https://discord.gg/geekandsundry (you'll need to sub and link it to your Twitch) and be a part of the fun!...Warning: It can take up to an hour for the server to update and give you access to the channels,neither,0.08464076273808444,0.286394834032893,0.6289644032290227
@BlackMax_ Check your browser. It's totally Twitch,neither,0.06193745680178989,0.3242565385436625,0.6138060046545477
This is a show about people playing a fun and usually not serious campaign,neither,0.07326595322432425,0.27502223177643276,0.6517118149992429
WTG Gina!,neither,0.03945320844208391,0.33037608806864915,0.630170703489267
"It's a make believe goblin world, shinanigans are bound to occur",neither,0.06778776290507631,0.2879585137696955,0.6442537233252282
"Help G&S make great content! $4.99/month gets you emotes, Minecraft server access, sub-only VODs, and more! Every sub keeps the channel alive! twitch.tv/geekandsundry/subscribe",neither,0.043907990691603095,0.31135964332838284,0.644732365980014
Madpianiste subscribed with Twitch Prime.,neither,0.030186173588972614,0.3621416721941929,0.6076721542168345
Hello,neither,0.03945320844208391,0.33037608806864915,0.630170703489267
More that 8 seconds?,neither,0.03693517729252128,0.36923543027171096,0.5938293924357678
!twitchprime,neither,0.03945320844208391,0.33037608806864915,0.630170703489267
"If you have Amazon Prime or Amazon Prime Video, you can link your account to Twitch , and get Twitch Prime! This gives you one free Twitch subscription, and other cool stuff each month! Link your account at: twitch.amazon.com/prime - How to use the free subscription at: http://bit.ly/HowToSubWithTwitchPrime - REMEMBER: Subscriptions done through Twitch Prime will need to be manually renewed each month!",neither,0.04660741059459432,0.3340380786822325,0.6193545107231732
