text,top_class,hate_speech,offensive_language,neither
Well... Jess keeps it spooky by wearing a hyper realistic Dan Casey cosplay :-D,neither,0.03931677925943209,0.35232856998647194,0.6083546507540959
well than dan better also keep it spooky lol,neither,0.03345086245459779,0.37010246716723333,0.5964466703781689
Hi,neither,0.03945320844208391,0.33037608806864915,0.630170703489267
"people getting mad on the internet, say it ain't so",offensive_language,0.03108828727014765,0.5605788058998828,0.4083329068299695
hi Dan,neither,0.03945320844208391,0.33037608806864915,0.630170703489267
Sweet Jess Plays is running the Dan Casey mod! Hi all! Hope you all are having a good day,neither,0.0918531620705776,0.32179455746458385,0.5863522804648386
Oh... I obviously havnt played it long enough to completely miss the release of a new hero...,neither,0.04179781693955597,0.2560240419840758,0.7021781410763682
"When I still played it, I wasmostly D´Va and Sombra... got sick of loot boxes at some point and stoppped",neither,0.027344198313962526,0.36546755818562787,0.6071882435004097
"Sombra, Ana, zaera lol",neither,0.03086375243375458,0.3933351323513132,0.5758011152149323
I do not play enough to have a main :P,neither,0.045135467759205856,0.3389009956517755,0.6159635365890187
Ya I’m bad at spelling cryCry,offensive_language,0.023445831737453744,0.5884778751451732,0.388076293117373
what's up party people. hows your day going?,neither,0.09778094894715694,0.36433097885567084,0.5378880721971722
What's everyone's favorite character?,neither,0.038460687799185364,0.41882888252392286,0.5427104296768916
I based my Shadowrun Decker on Sombra... that should answer your question ^^,neither,0.05416504279372558,0.46554423951352464,0.4802907176927497
Speaking of E-sports stuff I no joke saw a youtube stream on a tournament for Teenage Mutant Ninja Turtles Tournament Fighters,neither,0.03617709161890659,0.32900423228491266,0.6348186760961808
I like to play sombra to shutdown ults lol,neither,0.05415726205701361,0.38664524701705855,0.5591974909259279
"Same, Cyberpunk 2077, but I also hope for a Last Of Us 2 release date",neither,0.08597551930159054,0.24081341328610864,0.6732110674123009
"... But thats PS4, and Sony isnt at E3, iirc",neither,0.03566595201594116,0.32475353733854034,0.6395805106455185
I hope to see an update for Battle Toads,neither,0.06782995955567082,0.21350141171910836,0.7186686287252206
of course also more about Vampire: The Masquerade – Bloodlines 2 !,neither,0.03896243809567738,0.33114532364762206,0.6298922382567007
My favorite part of Overwatch are the animated vignettes they have to push the story and characters forward,neither,0.04586913937908207,0.31669077684852037,0.6374400837723977
Battletoads the arcade game was super stupid fun,neither,0.09564208116079063,0.20608893140434065,0.6982689874348686
"Borderland 3.... I am not good at 1sst person shooters on console, but given that it releases 6 months later on Steam, it looks like I have to get the PS4 version",neither,0.03765232521194786,0.37502014110046433,0.5873275336875878
There's a steam summer sale coming up soon too right?,neither,0.037088666347228294,0.3484212665065433,0.6144900671462283
That sounds like the card for a concert playing at the troubadour,neither,0.03770716675935103,0.34044261034454115,0.6218502228961077
^the names of the other players,neither,0.03796364561760539,0.3026150930506419,0.6594212613317527
SR points? deSeRteur?,neither,0.03945320844208391,0.33037608806864915,0.630170703489267
Even wait a little longer than that for Borderlands 3 for the GOY or Gold edition,neither,0.029939555512804812,0.3289181948294087,0.6411422496577864
I'm playing through Far Cry 4 right now,neither,0.038691871488478524,0.34523622105268514,0.6160719074588364
"That would be an idea, but I love the Borderlands franchise, I just hate the timed exclusivity on Epic.... not sure if I want to wait that long :-P",neither,0.05859915866657593,0.43286683550562954,0.5085340058277944
Is Wednesday Club still a thing?,neither,0.045696622868268665,0.3408485150455447,0.6134548620861867
Their vignettes are awesome and is pretty much the pitch for the show right there,neither,0.06020621020554058,0.19641261314193492,0.7433811766525246
"No, Wednesday stopped a while ago",neither,0.03881429598459621,0.3412200999008588,0.6199656041145452
Wassssuuuup!,neither,0.03945320844208391,0.33037608806864915,0.630170703489267
FeelsBadMan,neither,0.03945320844208391,0.33037608806864915,0.630170703489267
thuluHEY greg1756,neither,0.03945320844208391,0.33037608806864915,0.630170703489267
There's a Wednesdaisy discord where we're still doing Daisy stuff.,neither,0.05548124076491168,0.259285074891672,0.6852336843434162
@ossborn OWLboop,neither,0.03945320844208391,0.33037608806864915,0.630170703489267
PogChamp Ossborn thuluHEY,neither,0.03945320844208391,0.33037608806864915,0.630170703489267
I'm reading through the Abbnett and Lanning Legion run. super good,neither,0.03798233993367484,0.2944446687891333,0.6675729912771919
OWLnerfthis OWLnerfthis,neither,0.03945320844208391,0.33037608806864915,0.630170703489267
"I started reading ""Naomi"", as there was a Comixology sale for the first 3 issues recently.... not a big DC fan, but I thought: "" A newly introduced hero? Why not, lets check her out...""",neither,0.021585713849058847,0.3900637575129934,0.5883505286379478
@Ossborn if you like Naomi check out Young Justice too. Same writer and some new characters,neither,0.034961549681273255,0.3686913743451675,0.5963470759735593
I'm knee deep in the War of the Realms,neither,0.03812242418786761,0.3057078629044448,0.6561697129076877
Ooooh... another #ItsNotACultist thuluNOTACULT thuluHEY,neither,0.1972848274561706,0.17136376144574766,0.6313514110980817
Favorite marvel book right now for me is Fantastic Four. Just happy that they are back and the stories so far are fun,neither,0.051286630063890455,0.3233815761813718,0.6253317937547378
@ossborn what do you think about it?,neither,0.0705126313286528,0.4106230274548501,0.5188643412164972
"So far, I like it, I´m in issue 4 now",neither,0.04773048858107385,0.38794265792690336,0.5643268534920229
Ooof yeah. That's smart. War of the Realms is really issue 1 then anything is fair game,neither,0.03459945553385859,0.3798082170287376,0.5855923274374037
onyxd23 subscribed with Twitch Prime.,neither,0.030186173588972614,0.3621416721941929,0.6076721542168345
SUB HYPE!!,neither,0.03945320844208391,0.33037608806864915,0.630170703489267
Sub gandsHype gandsLessthanthree,neither,0.03945320844208391,0.33037608806864915,0.630170703489267
Dan how would you like to see the X-Men and mutants integrated into the cinematic universe?,neither,0.06033045446358271,0.31168021183166483,0.6279893337047525
peacehand subscribed at Tier 1.,neither,0.03853807016957085,0.358210604756348,0.6032513250740811
Sub gandsHype gandsLessthanthree,neither,0.03945320844208391,0.33037608806864915,0.630170703489267
Radiation? Like from an accident in a particle accelerator? :-D,neither,0.05313970728795959,0.32206764190834025,0.6247926508037002
I like all of this. definitely agreed it should be slowly revealed,neither,0.05912941564968485,0.4365292776745763,0.504341306675739
Star City? ^^,neither,0.03945320844208391,0.33037608806864915,0.630170703489267
House of Mm,neither,0.03945320844208391,0.33037608806864915,0.630170703489267
M? rather,neither,0.03945320844208391,0.33037608806864915,0.630170703489267
they did quicksilver dirty,neither,0.03945320844208391,0.33037608806864915,0.630170703489267
that they did Geekouts,neither,0.03339588230122141,0.3968617674473333,0.5697423502514454
Dan... did you just admit to feeding???? HSWP,neither,0.052523496441670266,0.37605541359791034,0.5714210899604193
"But yeah, Right issues can be a headache... That´s why Scarlet Witch and QWuicksilver, although being part of the MCU never officially were called Mutants",neither,0.023087942086435977,0.4038758592410414,0.5730361986725225
I would love to see a live action series about the Xavier academy on Disney's new platform. they could do some in depth character story telling over several episodes.,neither,0.0376888633841538,0.31322494710132254,0.6490861895145238
Confirmed Dan is GM tier player - signing LA Glads when?,neither,0.03544686544794163,0.3960173311051695,0.5685358034468889
"Fantastic Four is owned by Fox, isn't it?",neither,0.04413406018570896,0.35677730614351266,0.5990886336707785
"Yeah, the F4 finally deserve a good movie",neither,0.0330370125307598,0.36958189664796487,0.5973810908212753
Yesss!!! I'd watch that interview,neither,0.04066304054416848,0.36422913714772703,0.5951078223081046
I'm a Houston fan for my sins #AnteUp,neither,0.026765748283208605,0.37090122248781865,0.6023330292289727
"Not a movie, but I was hoping for a ""Daughters Of The Dragon"" Netflix show, after Misty and Colleen kind of teamed up in Iron Fist season 2... but that was right before the first cancellation announcement",neither,0.03306642097053868,0.32501891316017384,0.6419146658692875
@ossborn yeah that would have been great,neither,0.02057486457589107,0.445008929756331,0.5344162056677778
I know it's crazy but I hope Disney brings back some of the actors instead of recasting,neither,0.040729999469275024,0.33289395880222894,0.626376041728496
"Yeah, but afaik there´s a barring clause of at least 2 years before Disney can do anything with those franchises",neither,0.0306100915299703,0.4034621447359734,0.5659277637340562
xXx_-DanCasey-_xXx twitch stream incoming,neither,0.03945320844208391,0.33037608806864915,0.630170703489267
@Geekouts,neither,0.03945320844208391,0.33037608806864915,0.630170703489267
Yeah I figured those properties would be tied up in rights for a bit,neither,0.03553326657514494,0.3620884463351741,0.6023782870896809
Oh and I also read that the Disney movies will return to Netflix at some point after Disney+ got started... in 2026,neither,0.03798342042919826,0.32629817513407877,0.6357184044367229
"Dan/Everyone, have you seen the new Batman vs Teenage Mutant Ninja Turtles animated movie yet? Is it good?",neither,0.04701109972675594,0.33489757090333383,0.6180913293699103
hey Dan hows your day going?,neither,0.06016848013697803,0.33384181565504156,0.6059897042079805
@ossborn after everyone has adopted their platform lol,neither,0.030935388344225895,0.4282465994532508,0.5408180122025233
Oh man - I played that hardcore parkour map on creative. I was about to break my keyboard,neither,0.03491744098599711,0.41792369681539404,0.5471588621986089
the new issue of V3 the comic came out today for BvsTMNT,neither,0.03253877964464829,0.2211082301866523,0.7463529901686994
Can i reccomend a crosshair i like? Circkle and crosshair... Thickness 2...Lenght 9...Gap 20...And full opacity,neither,0.06486943885064729,0.2694466169453681,0.6656839442039846
Hello btw,neither,0.03945320844208391,0.33037608806864915,0.630170703489267
Wolfman0913 subscribed with Twitch Prime.,neither,0.030186173588972614,0.3621416721941929,0.6076721542168345
Sub gandsHype gandsLessthanthree,neither,0.03945320844208391,0.33037608806864915,0.630170703489267
Woohoo Sub HYYYPE!,neither,0.03945320844208391,0.33037608806864915,0.630170703489267
Thank u,neither,0.03869991029225249,0.3431615236228004,0.6181385660849471
Moira coming in clutch,neither,0.03945320844208391,0.33037608806864915,0.630170703489267
bomb dunked on,neither,0.03671218153603407,0.3435301443061831,0.6197576741577829
hrpgSub gandsHype,neither,0.03945320844208391,0.33037608806864915,0.630170703489267
need a sym to throw a portal on the moving beam and put up some turrets,neither,0.033236374420352315,0.340381978100246,0.6263816474794016
What's everyone's favorite and least favorite e-sports to watch?,neither,0.04590746756066057,0.36357437384617036,0.5905181585931691
Favorite for me is the EVO Street Fighter stuff and least is LOL only really because I have no idea whats going on,neither,0.033162579172494336,0.3596963474038898,0.6071410734236159
Favourite is Dota - least favourite is Madden.,neither,0.047882064137158856,0.32747701808485635,0.6246409177779847
Ahahahaha,neither,0.03945320844208391,0.33037608806864915,0.630170703489267
Least favorite is League Of Legends.... Leastestestest is Fortnite,neither,0.05160049253004306,0.3261980800497691,0.6222014274201879
madden can be pretty boring. whats the main difference between DOTA and LOL? @greg1756,neither,0.03446710820037915,0.3278018623945412,0.6377310294050795
@jmarkwith heroes and DOTA has items,neither,0.03911093458431614,0.2931508595463633,0.6677382058693206
Lmao,neither,0.03705015143476208,0.3711622369619404,0.5917876116032975
ah got yah,neither,0.03807801308046998,0.37984511325361514,0.5820768736659148
Pog,neither,0.03945320844208391,0.33037608806864915,0.630170703489267
ご祝儀,neither,0.03945320844208391,0.33037608806864915,0.630170703489267
oh my bad,neither,0.025678312905443545,0.3895806292648258,0.5847410578297307
gandsLessthanthree,neither,0.03945320844208391,0.33037608806864915,0.630170703489267
meant do u like cs?,neither,0.050515233934235564,0.34381430880346847,0.605670457262296
I have no idea what's happening in this game but it's fun watching it,neither,0.037565524664453544,0.3237543470053897,0.6386801283301567
I went to ESL in Brooklyn last year. Dat shit was hyyype,offensive_language,0.055645841492958245,0.919198327146001,0.025155831361040767
<-- mainly watches ttrpg streams,neither,0.03945320844208391,0.33037608806864915,0.630170703489267
Rocket League was fun.... I theink we even played a game against each other back when Nerdist still was streaming on Twitch on their own channel,neither,0.04083224563873092,0.3449846035478896,0.6141831508133796
it was held in the Barclays Centre - they gave out free wristbands that flashed when the bomb was getting close to time,neither,0.02940537024499201,0.41235719045511626,0.5582374392998917
Do you think there will be enough interest/content to have a traditional TV channel like an ESPN?,neither,0.058653187847353315,0.3227094285256357,0.6186373836270109
^^for E-Sports,neither,0.031473656910728294,0.2905926753462738,0.6779336677429978
ESPN showed the Heroes of the Dorm and Disney XD and ESPN show OWL,neither,0.044342997239062466,0.24798082748378986,0.7076761752771477
Would you subscribe to a multi e-sport streaming service?,neither,0.05404426553161166,0.3522139304168469,0.5937418040515414
"2 or 3 years ago, I basically just watched traditional TV fore the Formula 1 races. Today, I only use my TV for the PS4, Blu Rays or Netflix.... 90% of my entertainment is Twitch",neither,0.02208273278444442,0.38888157543318547,0.5890356917823701
Overwatch seems like total chaos to me. Maybe I'm not used to so many graphical effects.,neither,0.04805097421239843,0.3877603811543112,0.5641886446332903
"I like you, Dan Casey. You's a smart cookie Kappa",neither,0.06993703271534549,0.400751593105104,0.5293113741795505
I saw on twitter somewhere that the total amount of hours for EVERY Doctor Who series combined is like under 400 hours.,neither,0.04046955335408985,0.40291920593784347,0.5566112407080666
"Can it be compared with Team Fortress 2, gameplay wise?",neither,0.03047143719518848,0.35926028144849437,0.610268281356317
"In some way, but you have more variety in characters and abilities",neither,0.041088724057384764,0.34700486340321424,0.6119064125394009
*also increases damaged ;0,neither,0.03945320844208391,0.33037608806864915,0.630170703489267
When I interned at G4 all we played was TF2 and peggle,neither,0.02945713186926623,0.4327552585601503,0.5377876095705835
"alirght cool, so more depth to it",neither,0.04580249062212197,0.35853442137433705,0.595663088003541
25(ish?) characters in Overwatch,neither,0.03945320844208391,0.33037608806864915,0.630170703489267
and counting Oss ;),neither,0.03874774543435278,0.2950951412172348,0.6661571133484124
PEGGLE!!,neither,0.03945320844208391,0.33037608806864915,0.630170703489267
Moira is insta pick,neither,0.053967785842488195,0.24635054966393352,0.6996816644935783
"Yeah, as I said before, I didnt play it long enough to miss at least one new character",neither,0.027902278872114012,0.418222397721452,0.553875323406434
I''m more on Youtube than TV. Not so much on Twitch,neither,0.033603439069815604,0.3784950381724305,0.5879015227577539
Huge Mclarge Huge,neither,0.03945320844208391,0.33037608806864915,0.630170703489267
"(oh had to reload, stream error #2000 )",neither,0.047760482756986945,0.29411732470553764,0.6581221925374754
me too Doinger,neither,0.025456656249999262,0.41690574403459846,0.5576375997154023
me too,neither,0.025456656249999262,0.41690574403459846,0.5576375997154023
"Ah that sucks, sorry folks, twitch be twitchy I guess",neither,0.03698582842634008,0.3627852794379867,0.6002288921356732
Someone is Mei for Meme's,neither,0.040454040207275464,0.30570538352763943,0.6538405762650852
Boss Hog,neither,0.03945320844208391,0.33037608806864915,0.630170703489267
only short hickup,neither,0.03945320844208391,0.33037608806864915,0.630170703489267
2 heroes I can't play are Roadhog and Reaper,neither,0.057193286037924326,0.2648320642089416,0.6779746497531342
"Stream is fine, a few people had a short hiccup",neither,0.06314825003873173,0.3267505055428261,0.6101012444184422
the sodium chloride is rising,neither,0.045423238154642366,0.31461882855569,0.6399579332896677
yassss - preach it guurl,neither,0.03812186585524935,0.3308339978337781,0.6310441363109727
:D,neither,0.03945320844208391,0.33037608806864915,0.630170703489267
I always wonderred if it worth more in such games to be defensive and survive longer. Or be more kind of berserker like and agressive and live with respawning often,neither,0.03438881230060235,0.3378161099506208,0.6277950777487769
!hailhydra,neither,0.03945320844208391,0.33037608806864915,0.630170703489267
Do you like the Anime? I like the Anime ;),neither,0.06447104643306094,0.35445552925244445,0.5810734243144946
"crap, I've forgotten the command",neither,0.016101578929235746,0.2938037151521242,0.6900947059186401
!hydrate,neither,0.03945320844208391,0.33037608806864915,0.630170703489267
Hail Hydration! (Drink water!),neither,0.03945320844208391,0.33037608806864915,0.630170703489267
!hydrate,neither,0.03945320844208391,0.33037608806864915,0.630170703489267
Dan! Have you been watching the newer SAO series?,neither,0.05018837550040094,0.3627521460987368,0.5870594784008624
"Occam, curse you and your razor Kappa",neither,0.07666898958556449,0.32374719533227736,0.5995838150821581
hahahaha yeah I've never managed to finish it.,neither,0.014892403279299726,0.42297371705975106,0.5621338796609491
tried twice,neither,0.03945320844208391,0.33037608806864915,0.630170703489267
I liked Log Horizon better than SAO,neither,0.03913287051291315,0.3358130587420533,0.6250540707450336
Zarya gives me real Stella Von D vibes. She ain't takin' no one's crap!,offensive_language,0.022187875527959054,0.5871126389426448,0.3906994855293962
"Not a big fan of Anime tv shows, but there are some movies I love to watch every once in a while... Princess Mononoke, Howls Moving Castle... basically anything Studio Ghibli",neither,0.038558129475835465,0.3350577796752436,0.626384090848921
Who has been your favorite new character?,neither,0.0704801369664039,0.29924812799471373,0.6302717350388823
One Punch Man Season 1!!!,neither,0.03896065650189466,0.4218879076247138,0.5391514358733915
COWBOY BEEBOP -,neither,0.03945320844208391,0.33037608806864915,0.630170703489267
My Hero Acadamia is great too.,neither,0.033135673667495834,0.3848510645500584,0.5820132617824457
I think I appreciated Log Horizon more than SAO because I related more to the real-life impactions of in-game mechanics since I play WoW,neither,0.038360275974914246,0.3709016436512428,0.5907380803738429
"I saw this the other day, a supposedly ultimate anime recommendation flowchart: https://i.redd.it/hod6fw8pp2231.jpg",neither,0.03841566538738076,0.31482366064877865,0.6467606739638405
I want Medabots reboot,neither,0.03971009941506125,0.3260159778252082,0.6342739227597305
Medabots was awesome. And some good new Digimon,neither,0.03320479725801507,0.22330782991416678,0.7434873728278182
https://nerdist.com/article/the-best-anime-for-beginners-to-watch/,neither,0.042007353982598576,0.2949843298754887,0.6630083161419126
like there's was a story arc about basically a child-slavery ring that would take their experience potions and sell them on the in-game black market,neither,0.05281591310651153,0.30043574159745035,0.6467483452960381
But the anime I usually show people who aren't into anime is One Punch Man,neither,0.06296049581822143,0.36248488566865156,0.5745546185131271
GG,neither,0.03945320844208391,0.33037608806864915,0.630170703489267
It has the perfect mix of humor/characters/animation for me,neither,0.030488141671426498,0.3222106318749066,0.6473012264536668
That's a good basic starter kit anime.,neither,0.0365109946048667,0.357977055143389,0.6055119502517443
I liked 7 deadly sins on netflix,neither,0.03755589778229867,0.33940855314024465,0.6230355490774567
My Hero Academia would also be good for beginners.,neither,0.025585828443431307,0.3723057778596805,0.6021083936968883
Inuyasha,neither,0.03945320844208391,0.33037608806864915,0.630170703489267
Death note is a givin,neither,0.04621735139925877,0.3280495891318258,0.6257330594689153
Toonami was my gateway into anime,neither,0.030637171695167397,0.39804968997504914,0.5713131383297834
Tengen Toppa Gurren Lagann?,neither,0.03945320844208391,0.33037608806864915,0.630170703489267
I will always be a DBZ and Gundam boi,neither,0.038660758133900415,0.323624504650033,0.6377147372160666
"DBZ all day, every day",neither,0.04241575681211299,0.37260319332791614,0.584981049859971
all time best,neither,0.03871317786579229,0.45057977731206367,0.5107070448221439
@Jmarkwith Kenshin back in 99 or later with One Piece?,neither,0.03042996839208402,0.38333277649332037,0.5862372551145957
@Zismarith One Piece is one of my favorites too,neither,0.03449332202917317,0.4417151664528739,0.5237915115179529
One Piece is super funny too,neither,0.04439124099098868,0.3735921209652517,0.5820166380437596
"Heh, too many pieces.",neither,0.039253247160022604,0.3337699528825908,0.6269767999573865
"ok, it's a bit late now in Europe. See you guys",neither,0.04876729119134725,0.36327357149753847,0.5879591373111143
"thanks Spectrum, I totally wanted my home network to drop while I was chatting with chat -_-;;",neither,0.03318208542841487,0.3836068128287162,0.5832111017428689
Cya some other time @doinger55 :),neither,0.027289386099050874,0.37746827202594446,0.5952423418750047
SeemsGood,neither,0.03945320844208391,0.33037608806864915,0.630170703489267
gots ta get back to work catch ya next week. have a good one.,offensive_language,0.03211583648467394,0.507968860350484,0.45991530316484197
"Goodnight, Euro-brethren.",neither,0.03945320844208391,0.33037608806864915,0.630170703489267
laters @jmarkwith,neither,0.03945320844208391,0.33037608806864915,0.630170703489267
Euro Bros. Eu-bros?,neither,0.03945320844208391,0.33037608806864915,0.630170703489267
gandsGoo in gandsHype,neither,0.03945320844208391,0.33037608806864915,0.630170703489267
@derekleeketchum Like it.,neither,0.06953449037813421,0.37815048807863416,0.5523150215432316
@zismarith ty XD,neither,0.03945320844208391,0.33037608806864915,0.630170703489267
!whodat,neither,0.03945320844208391,0.33037608806864915,0.630170703489267
Dan Casey ( twitter.com/dancasey ).,neither,0.038923010521111606,0.41539523721612603,0.5456817522627623
Jess seems different. She get a haircut or something? Kappa,neither,0.039888689792752334,0.382065034912129,0.5780462752951188
Dan is top 3 follow on twitter. Would recommend his trolling again,neither,0.054261226515622665,0.4150882485409307,0.5306505249434467
Mmmm. that's good salt.,neither,0.03580549635975847,0.3647393287915569,0.5994551748486846
Thursday / Friday is my weekend and I'll be playing some competitive Overwatch for sure....and work on my Skyrim mod.,neither,0.023493460547178404,0.4258321767734098,0.5506743626794118
It works!,neither,0.03748292270080534,0.33105375968371464,0.63146331761548
"Looking at my 20 bottle case of beer being halfway empty... and I bought it monday afternoon... yeah, I definitely will also buy some mineral water next time... way to hot in this part of the EU right now",neither,0.026786776463252,0.40516476275860186,0.568048460778146
booksmart is amazing,neither,0.051766257226869686,0.3261410659692903,0.62209267680384
"My 68 yr old dad just watched Captain Marvel. He loved it, said it was better than Endgame. Kept calling Carol Super Woman.",neither,0.03286099493437912,0.3906708476319555,0.5764681574336655
Gail Simone also loved Godzilla. Dan and Gail is a pretty good minority of people to be in,neither,0.05557678308505174,0.3128310673321593,0.6315921495827889
We're all Dan Casey now,neither,0.05501225570030282,0.3644562721435603,0.5805314721561368
"click ""Join voice chat"" :tf:",neither,0.03945320844208391,0.33037608806864915,0.630170703489267
I think there's just a button in the settings for that.,neither,0.028248602352431987,0.305235929393048,0.66651546825452
put voice chat option to autojoin and it should join for the next game ?,neither,0.04320461681880007,0.2803372186183924,0.6764581645628076
I think it's in the settings part rather than in the VC part,neither,0.03754151933191727,0.3100119305242472,0.6524465501438356
is it on PTT?,neither,0.04716140751131578,0.35461070313804294,0.5982278893506413
"I think it was, yes.",neither,0.038130345709373244,0.3220074033467894,0.6398622509438374
oh weird :(,neither,0.046654552924585355,0.26273073470421887,0.6906147123711958
unluckers,neither,0.03945320844208391,0.33037608806864915,0.630170703489267
"I've seen OW drop mic in the middle of a round for no reason lots of times, and I don't even play.",neither,0.028103640201986007,0.2990636902081674,0.6728326695898466
The game knows what is best for you,neither,0.060190550299206384,0.2725466266264344,0.6672628230743592
"Voice chat being broken isn't a bug, it's a feature",neither,0.03580699539410431,0.346881962867168,0.6173110417387276
there's an intermittent bug with voice chat for more than a week now,neither,0.03043652508630766,0.30520373036622334,0.664359744547469
"one of those games lol, go next",neither,0.05207226599251307,0.36044057281261727,0.5874871611948695
but tbh I wouldn't risk playing comp with vc on in gold/plat live on stream Kappa,neither,0.031791121778447756,0.365985710556858,0.6022231676646941
Wings have been clipped haha,neither,0.03464711200907216,0.41194808744905365,0.5534048005418741
kuki is a feeder pogchamp,neither,0.04981691255257763,0.32681153499115395,0.6233715524562684
"4 win, 2 loss, 0 draw for an overall record of 4-2-0",neither,0.035852254776858834,0.30820064707613176,0.6559470981470094
Hey Dan...Hug?,neither,0.03945320844208391,0.33037608806864915,0.630170703489267
!points Dan,neither,0.03945320844208391,0.33037608806864915,0.630170703489267
"That was an excellent pun, Dan! Here, have some points for that one! You have been awarded 15 points!",neither,0.04971642462661295,0.38066911748636456,0.5696144578870226
Niiiiiice.,neither,0.03945320844208391,0.33037608806864915,0.630170703489267
Dan was bitten by a radioactive pun at an early age,neither,0.04068072727694641,0.353702122993322,0.6056171497297317
emongSlam,neither,0.03945320844208391,0.33037608806864915,0.630170703489267
Malik x Dan OWL commentary would be HYPE af,neither,0.03931509429577049,0.32921953798900355,0.631465367715226
clowdmike subscribed with Twitch Prime. They've subscribed for 2 months!,neither,0.017135853092050617,0.3228815153557895,0.6599826315521599
gandsHype gandsLessthanthree Resub,neither,0.03945320844208391,0.33037608806864915,0.630170703489267
lirikSMART,neither,0.03945320844208391,0.33037608806864915,0.630170703489267
"as custa wouldnt say, ""you love to see it""",neither,0.054455989052232576,0.41383843669645426,0.5317055742513132
team needs more coms,neither,0.04164198367546189,0.31899309492498334,0.6393649213995549
"Into the jaws of death, into the mouth of hell. Clumsy 600.",offensive_language,0.039123882140507764,0.5253893245112462,0.43548679334824597
emongUnlucky,neither,0.03945320844208391,0.33037608806864915,0.630170703489267
OWLhighnoon OWLhighnoon,neither,0.03945320844208391,0.33037608806864915,0.630170703489267
taimou needs the ego boost nowadays,neither,0.038812874735688105,0.31874427180249904,0.6424428534618127
I just finished John Green's book.,neither,0.03684945676060934,0.32660457976448026,0.6365459634749104
"DudeBroCool subscribed at Tier 1. They've subscribed for 44 months, currently on a 44 month streak! weeeeeeeeeeee",neither,0.02592531156885413,0.32504152597122205,0.6490331624599239
but I'm on a mega podcast kick myself atm,neither,0.03527780310634985,0.346502943725487,0.6182192531681632
@dudebrocool RESUUB HYPE!!!,neither,0.03945320844208391,0.33037608806864915,0.630170703489267
im just waiting for stage 3 of OWL :((,neither,0.03151230976705496,0.34618211265339704,0.6223055775795481
"If audio books count.... the german Sci Fi novel series ""Perry Rhodan NEO"". Started 3 years ago, when there were 180 books already and am currently in #67",neither,0.030176445703954165,0.3305888816333156,0.6392346726627302
"Hank Green sorry - ""An Absolutely remarkable thing"" and I'm listening to friend of the show Ben Mekler's Mortal Podkast",neither,0.04897845117240042,0.25667527830538944,0.69434627052221
"NEO is a reboot from 2012, the original series started back in the 50s and has way over 4000 issues by now, so NEO may be way easier to catch up ^^",neither,0.04274519129398572,0.33533737943945074,0.6219174292665636
"Not 50s, 60s...",neither,0.0383730725476961,0.3344245252374537,0.6272024022148501
i think a support hero whose ult reduces friendly cooldowns and/or extends opponents cooldowns,neither,0.05676287507935851,0.29571515142691807,0.6475219734937233
would be cool,neither,0.03917095188776474,0.32801250802205817,0.6328165400901771
it's fantastic - he even sung the them tune himself and it's so Mekler xD,neither,0.047801380232660194,0.32603328086649425,0.6261653389008455
"there was talk of Echo taking on other heros abilities, like a ditto kinda cooldown, mightb be broken tho :/",neither,0.03026013169892247,0.3340168265046799,0.6357230417963977
Batiste is a baller backline healer,neither,0.04981691255257763,0.32681153499115395,0.6233715524562684
Moira is my insta pick because I play her as a DPS and everyone get's salty :-D,offensive_language,0.02853722558817596,0.5174542616089439,0.4540085128028801
(it really is Jess),neither,0.04609180904689569,0.3280927689036237,0.6258154220494806
(Don't listen to the mainstream propaganda),neither,0.045205384347034916,0.3107007887499795,0.6440938269029856
Consumer of copious coffee,neither,0.052397748086406314,0.11067346774802442,0.8369287841655693
LMD,neither,0.03945320844208391,0.33037608806864915,0.630170703489267
"Dan sees jess drinking water ""j'accuse!""",neither,0.03945320844208391,0.33037608806864915,0.630170703489267
"When all hope is lost - embrace your Inner Stella Von D and just ""Be F**king Good""",neither,0.07283366615134067,0.31423622203878443,0.6129301118098748
YAAAASSS,neither,0.03945320844208391,0.33037608806864915,0.630170703489267
get the big wigs on it,neither,0.02133219974461724,0.3942609352594271,0.5844068649959557
So what would the Dan Casey Skrull test be ?,neither,0.04231133328772084,0.34526817961773626,0.612420487094543
Or a lack of new Punage,neither,0.04319914512664234,0.2367996528536719,0.7200012020196859
There's nothing tastier than a good spawn camp in comp,neither,0.036909878282816874,0.3365709056451265,0.6265192160720566
kanshiri converted from a Twitch Prime sub to a Tier 1 sub!,neither,0.043404596088905956,0.3191712663656506,0.6374241375454435
SUUUUUB HYPE!,neither,0.03945320844208391,0.33037608806864915,0.630170703489267
sub jcvimHype,neither,0.03945320844208391,0.33037608806864915,0.630170703489267
OWLonfire OWLonfire OWLonfire OWLonfire,neither,0.03945320844208391,0.33037608806864915,0.630170703489267
Pokemon Sword and Shield has satiated me for now but Cyberpunk 2077 is going to be huuuuuge,neither,0.03638224514827586,0.32893254664012245,0.6346852082116018
NotJessDanNotChobotCasey,neither,0.03945320844208391,0.33037608806864915,0.630170703489267
Still waiting on Dragon Quest 11 for Switch.,neither,0.03362112852747316,0.32880143853853483,0.6375774329339919
I JUST WANT FF7 REMAKE ALREADY,neither,0.03466063387904098,0.3622432311663285,0.6030961349546305
wait people still play this game?,neither,0.06599587882226284,0.30316450642106335,0.6308396147566738
in before 6-6 on 2cp,neither,0.029791360447131664,0.44678105278834884,0.5234275867645196
you might be in trouble...,neither,0.05917236839610668,0.38897123424294605,0.5518563973609473
ive never seen someone try set up there in a million hours of playin this game lol,neither,0.03181320944347809,0.3613382878526184,0.6068485027039036
When the whole team does a better job of throwing than you could - feelsbadman,neither,0.031005917419210723,0.46678679562021774,0.5022072869605716
I mostly stick to playing all random in arcade so I can blame my losses on fate,neither,0.03592199557319634,0.4380360756682648,0.5260419287585387
hahahaha,neither,0.03945320844208391,0.33037608806864915,0.630170703489267
Dan is a broken man.,neither,0.04697444289612761,0.38416306945364237,0.5688624876502301
a point taken PogChamp,neither,0.03945320844208391,0.33037608806864915,0.630170703489267
it's snowball time,neither,0.034389982057555904,0.3710596410554468,0.5945503768869974
That shouldn't have worked - but Overwatch decided it should,neither,0.04081590749060476,0.4029595926058702,0.5562244999035251
TM DanCasey Carry,neither,0.03945320844208391,0.33037608806864915,0.630170703489267
oh shit it worked,offensive_language,0.04646598351886768,0.952500091505424,0.0010339249757082996
"I don't know about combinations, but a good push.",neither,0.034101292607016186,0.36719027105528435,0.5987084363376995
the only game you win when u want to lose :/,neither,0.04712960273690708,0.3496474426902876,0.6032229545728053
legggooooo,neither,0.03945320844208391,0.33037608806864915,0.630170703489267
rough on those streets of Cairo,neither,0.05398743485254818,0.2890195494409028,0.6569930157065491
you can dooo ittt,neither,0.05368852249764098,0.3659026683759393,0.5804088091264197
"so.... want to lose every game, then youll win them all",neither,0.05460066616659386,0.36537715666091497,0.5800221771724912
3 mins,neither,0.03945320844208391,0.33037608806864915,0.630170703489267
WE CAN DO IT,neither,0.03957599503471536,0.32725288895829846,0.6331711160069862
!whodat,neither,0.03945320844208391,0.33037608806864915,0.630170703489267
Dan Casey ( twitter.com/dancasey ).,neither,0.038923010521111606,0.41539523721612603,0.5456817522627623
MEEEEEEEMMMEEEEEE'D,neither,0.03945320844208391,0.33037608806864915,0.630170703489267
thuluHEY Dan,neither,0.03945320844208391,0.33037608806864915,0.630170703489267
byyyyyyyyeeeeeee,neither,0.03945320844208391,0.33037608806864915,0.630170703489267
