text,top_class,hate_speech,offensive_language,neither
Definitely needed this.,neither,0.039355708173959066,0.3320309220741509,0.62861336975189
ah @Suedyin how are you! ^^,neither,0.11987057567555856,0.32458764682779695,0.5555417774966445
im so excited. however i fell asleep last week,neither,0.03673383709559863,0.4135907344910946,0.5496754284133069
Grats @grynningisaac,neither,0.03945320844208391,0.33037608806864915,0.630170703489267
good evning,neither,0.037820165765928906,0.33093776632913474,0.6312420679049364
is this a new episode?,neither,0.053729530471613114,0.2282311244112253,0.7180393451171615
YEA,neither,0.03908133164861177,0.3366878077749653,0.624230860576423
Wooo,neither,0.03945320844208391,0.33037608806864915,0.630170703489267
@Helix_Faust Yes,neither,0.03945320844208391,0.33037608806864915,0.630170703489267
"ViktorStagnetti subscribed with Twitch Prime. They've subscribed for 2 months, currently on a 1 month streak! Vamily hype",neither,0.020929544080454266,0.3304979371323299,0.6485725187872158
Wooo!!!!,neither,0.03945320844208391,0.33037608806864915,0.630170703489267
YES YESY ESY,neither,0.03945320844208391,0.33037608806864915,0.630170703489267
yes it is,neither,0.0504428408951861,0.3265962495318096,0.6229609095730043
:),neither,0.03945320844208391,0.33037608806864915,0.630170703489267
hahah,neither,0.03945320844208391,0.33037608806864915,0.630170703489267
If your date is understanding about needing vamp time.... keep them!,neither,0.055254862064105854,0.3823333974990864,0.5624117404368076
sweet.,neither,0.03945320844208391,0.33037608806864915,0.630170703489267
<3 Jason Carl <3,neither,0.03945320844208391,0.33037608806864915,0.630170703489267
So happy to be able to watch this live...,neither,0.06116080237250287,0.35951767663950296,0.5793215209879942
IT BEGINS!,neither,0.037828236809968684,0.3309349903269868,0.6312367728630445
WOO!,neither,0.03945320844208391,0.33037608806864915,0.630170703489267
here we goooooooo,neither,0.15579607761817918,0.2572279575342963,0.5869759648475245
"@Helix_Faust yes, s3e2",neither,0.03945320844208391,0.33037608806864915,0.630170703489267
yay!!!!,neither,0.03945320844208391,0.33037608806864915,0.630170703489267
@KBTibbs Saw that earlier that was a good one,neither,0.032197978935986284,0.42316312566893743,0.5446388953950762
woo!,neither,0.03945320844208391,0.33037608806864915,0.630170703489267
gandsHype gandsLessthanthree Resub,neither,0.03945320844208391,0.33037608806864915,0.630170703489267
Season 3 episode 2!,neither,0.039723114077417764,0.32579508503945614,0.6344818008831261
\o/,neither,0.03945320844208391,0.33037608806864915,0.630170703489267
<3 <3 <3 <3 <3 <3,neither,0.03945320844208391,0.33037608806864915,0.630170703489267
"tommygunangels subscribed at Tier 1. They've subscribed for 23 months, currently on a 21 month streak!",neither,0.024057232359769982,0.3243766792136303,0.6515660884265997
#vamply,neither,0.03945320844208391,0.33037608806864915,0.630170703489267
IT'S TIME :D,neither,0.034389982057555904,0.3710596410554468,0.5945503768869974
"Hello, good evening, and welcome",neither,0.03831002042117786,0.29882479643417353,0.6628651831446486
Grats @ViktorStagnetti,neither,0.03945320844208391,0.33037608806864915,0.630170703489267
YES!,neither,0.03945320844208391,0.33037608806864915,0.630170703489267
Hell yeah Vamily let's go!!!!,offensive_language,0.016190188238996785,0.8276286321302934,0.15618117963070993
EEEEEEEEEEEE!,neither,0.03945320844208391,0.33037608806864915,0.630170703489267
"haha, I love these @KBTibbs",offensive_language,0.040439242131828784,0.572614663427952,0.38694609444021927
"Swoosh2355 subscribed at Tier 1. They've subscribed for 6 months, currently on a 3 month streak!",neither,0.02239512321462605,0.3238220280209259,0.653782848764448
We have a subscriber-only Discord server! Join here: https://discord.gg/geekandsundry (you'll need to sub and link it to your Twitch) and be a part of the fun!...Warning: It can take up to an hour for the server to update and give you access to the channels,neither,0.08464076273808444,0.286394834032893,0.6289644032290227
VoHiYo VoHiYo VoHiYo,neither,0.03945320844208391,0.33037608806864915,0.630170703489267
HYPITY HYPE,neither,0.03945320844208391,0.33037608806864915,0.630170703489267
happy to see you @Onairic and other famililar names :),neither,0.06252971765841261,0.32629668362184594,0.6111735987197414
new hoodie,neither,0.04361047364002771,0.22599520028436243,0.73039432607561
gandsHype,neither,0.03945320844208391,0.33037608806864915,0.630170703489267
Yay,neither,0.03945320844208391,0.33037608806864915,0.630170703489267
jcvimHype jcvimHype jcvimHype,neither,0.03945320844208391,0.33037608806864915,0.630170703489267
jellyjellotv subscribed at Tier 1. They've subscribed for 9 months!,neither,0.018730042386447116,0.3124437755681934,0.6688261820453595
@lschantz Thanks!,neither,0.035884468650613,0.3004919205142699,0.6636236108351171
Hey vamily!,neither,0.03945320844208391,0.33037608806864915,0.630170703489267
Made it in time,neither,0.035968849476774326,0.35806329296300604,0.6059678575602198
*Gasp* Jasper has a new jacket!!!,neither,0.04218865860132561,0.2648507203039905,0.692960621094684
Grats @tommygunangels,neither,0.03945320844208391,0.33037608806864915,0.630170703489267
that lighting on jasper lol,neither,0.02907695768769128,0.4135724126942385,0.5573506296180702
"USAgent88 subscribed at Tier 1. They've subscribed for 4 months, currently on a 4 month streak!",neither,0.02239512321462605,0.3238220280209259,0.653782848764448
"""suntanned""",neither,0.03945320844208391,0.33037608806864915,0.630170703489267
haaaa,neither,0.03945320844208391,0.33037608806864915,0.630170703489267
Grats @Swoosh2355,neither,0.03945320844208391,0.33037608806864915,0.630170703489267
Oooooooooo,neither,0.03945320844208391,0.33037608806864915,0.630170703489267
Jasper threads change,neither,0.03945320844208391,0.33037608806864915,0.630170703489267
YEET,neither,0.03945320844208391,0.33037608806864915,0.630170703489267
@crusaderbro Cheers for that! You got cuttoff at the end. What did the prince do?,neither,0.04356532510235306,0.38023499959346696,0.5761996753041799
yay they're back to their cool hats,neither,0.058546556441974075,0.30638304350716045,0.6350704000508656
"""Noted""",neither,0.03945320844208391,0.33037608806864915,0.630170703489267
:3,neither,0.03945320844208391,0.33037608806864915,0.630170703489267
UNDISPUTED suntan.,neither,0.03945320844208391,0.33037608806864915,0.630170703489267
OHHHH,neither,0.03945320844208391,0.33037608806864915,0.630170703489267
FeelsGoodMan,neither,0.03945320844208391,0.33037608806864915,0.630170703489267
At least Victor isn't crispy like Jasper and Annabelle,neither,0.044058864440160425,0.3290633932893194,0.6268777422705201
!!!,neither,0.03945320844208391,0.33037608806864915,0.630170703489267
YEAHH,neither,0.03945320844208391,0.33037608806864915,0.630170703489267
Nice,neither,0.03945320844208391,0.33037608806864915,0.630170703489267
"I missed last week's, but I've missed the #vamily, so it's time to go in blind. Wee!",neither,0.02738178641696188,0.34811940482292547,0.6244988087601128
Tell that story Jason! !,neither,0.03588470313817995,0.3691347407122194,0.5949805561496005
Grats @USAgent88,neither,0.03945320844208391,0.33037608806864915,0.630170703489267
new guest,neither,0.04341101089575549,0.23125336554662146,0.725335623557623
AHSLFHSOAIFHOSABV EVA,neither,0.03945320844208391,0.33037608806864915,0.630170703489267
EVA!,neither,0.03945320844208391,0.33037608806864915,0.630170703489267
oh yay,neither,0.045695983327835026,0.2713197213800484,0.6829842952921167
yessss!,neither,0.03945320844208391,0.33037608806864915,0.630170703489267
yay Eva!!!!,neither,0.03945320844208391,0.33037608806864915,0.630170703489267
evaaaaaaaaaa,neither,0.03945320844208391,0.33037608806864915,0.630170703489267
JCVIM Pog,neither,0.03945320844208391,0.33037608806864915,0.630170703489267
evaaaa x jasper forever,neither,0.03945320844208391,0.33037608806864915,0.630170703489267
YAY JO,neither,0.03945320844208391,0.33037608806864915,0.630170703489267
Special guests!?! OOooo!!!,neither,0.07376532625072836,0.31039924253253937,0.6158354312167323
TY Dragonchrome,neither,0.03945320844208391,0.33037608806864915,0.630170703489267
"the Tremere, says Hi Vamily. :)",neither,0.03840538996083898,0.31112490033466456,0.6504697097044966
"YEY, Eva is back :D",neither,0.04931279477098135,0.3269849242128695,0.6237022810161491
At a dramatically appropriate time :P,neither,0.03749144507580072,0.3742087772496515,0.5882997776745477
I will make a note,neither,0.04107202025156847,0.302900626899528,0.6560273528489036
2 guests cool!,neither,0.03945320844208391,0.33037608806864915,0.630170703489267
guest!,neither,0.03945320844208391,0.33037608806864915,0.630170703489267
hell yeah eva,offensive_language,0.026865130192639208,0.7737373883554016,0.199397481451959
Eva!!,neither,0.03945320844208391,0.33037608806864915,0.630170703489267
VtM gandsHype !!!,neither,0.03945320844208391,0.33037608806864915,0.630170703489267
gandsAnnabella jcvimHype,neither,0.03945320844208391,0.33037608806864915,0.630170703489267
Eva Hype,neither,0.03945320844208391,0.33037608806864915,0.630170703489267
EVA!!!!!!,neither,0.03945320844208391,0.33037608806864915,0.630170703489267
Eva!!,neither,0.03945320844208391,0.33037608806864915,0.630170703489267
JASPER SHIPP!,neither,0.03945320844208391,0.33037608806864915,0.630170703489267
jcvimTeatime,neither,0.03945320844208391,0.33037608806864915,0.630170703489267
Eva HYPE,neither,0.03945320844208391,0.33037608806864915,0.630170703489267
And now the episode title worries even more,neither,0.038990734750654205,0.2973874584510859,0.6636218067982599
YAYYYYY,neither,0.03945320844208391,0.33037608806864915,0.630170703489267
EVAAAAAA,neither,0.03945320844208391,0.33037608806864915,0.630170703489267
multi-guests PogChamp EVA PogChamp,neither,0.03945320844208391,0.33037608806864915,0.630170703489267
eva gandsHype,neither,0.03945320844208391,0.33037608806864915,0.630170703489267
Eva!!!,neither,0.03945320844208391,0.33037608806864915,0.630170703489267
EVA!!,neither,0.03945320844208391,0.33037608806864915,0.630170703489267
"Victor Temple, now available in original recipe and extra crispy.",neither,0.039036873819107726,0.3102543987177735,0.6507087274631187
Had a felling Jo would be on tonight,neither,0.0355489115109029,0.32262829508737495,0.6418227934017221
For officially licensed VtM gear (and the awesome GM screen Jason is using) check out http://dogmight.com/vtm and http://bit.ly/v5spellbooktome,neither,0.034506929539736636,0.237927588715498,0.7275654817447653
jcvimHi jcvimHi,neither,0.03945320844208391,0.33037608806864915,0.630170703489267
so happy i just finished the first ep of season 3,neither,0.031475002654608175,0.36181477099001813,0.6067102263553736
Oh my god I’m finally watching live,neither,0.036995761467433434,0.3599993801827071,0.6030048583498595
My ship better not sink tonight,neither,0.028570315008703075,0.37742957661077037,0.5940001083805266
xD,neither,0.03945320844208391,0.33037608806864915,0.630170703489267
LOLOL,neither,0.03945320844208391,0.33037608806864915,0.630170703489267
Josephine is like..main cast by now surely,neither,0.05492030172031173,0.37325183049627453,0.5718278677834138
Eva and Chloe! hehe,neither,0.03886842987435678,0.30157176482454734,0.6595598053010958
"Help G&S make great content! $4.99/month gets you emotes, Minecraft server access, sub-only VODs, and more! Every sub keeps the channel alive! twitch.tv/geekandsundry/subscribe",neither,0.043907990691603095,0.31135964332838284,0.644732365980014
now i can watch live,neither,0.05263780210518146,0.3206018855894832,0.6267603123053352
#HelloScreen,neither,0.03945320844208391,0.33037608806864915,0.630170703489267
"Yay, Eva's come back to be mad at Jasper directly ^^",neither,0.0420004665298299,0.35904538658654805,0.598954146883622
Hellos room,neither,0.03945320844208391,0.33037608806864915,0.630170703489267
It’s 4am in uk!!!,neither,0.03766831029911135,0.3309899963875972,0.6313416933132915
Hello Screen,neither,0.03945320844208391,0.33037608806864915,0.630170703489267
EVA!!!! gandsAnnabella jcvimHype jcvimHearts,neither,0.03945320844208391,0.33037608806864915,0.630170703489267
"It's okay Jason, we love that screen as well <3",neither,0.03265824113790943,0.39309741443192225,0.5742443444301683
PogChamp,neither,0.03945320844208391,0.33037608806864915,0.630170703489267
jcvimhi screen,neither,0.03945320844208391,0.33037608806864915,0.630170703489267
Worth it,neither,0.037296453491641644,0.331117894995404,0.6315856515129544
heyyy!,neither,0.03945320844208391,0.33037608806864915,0.630170703489267
Jason! You're saying the quiet parts aloud!,neither,0.05362243851204081,0.33070939132512917,0.61566817016283
"""Hello screen, i love you.""",neither,0.05263325208059421,0.3927507313002071,0.5546160166191986
Hero Forge - Custom Miniatures https://www.heroforge.com/,neither,0.03945320844208391,0.33037608806864915,0.630170703489267
HeroForge.com <---,neither,0.03945320844208391,0.33037608806864915,0.630170703489267
The screen loves you too Jason,neither,0.051384767761793654,0.35597873280398284,0.5926364994342236
ooooh nice,neither,0.03945320844208391,0.33037608806864915,0.630170703489267
:D,neither,0.03945320844208391,0.33037608806864915,0.630170703489267
"Blazedude420 subscribed at Tier 1. They've subscribed for 40 months, currently on a 16 month streak! sup",neither,0.02453753172826271,0.3245439221672238,0.6509185461045135
Wait...who is Josh playing?,neither,0.04730872451199732,0.3850393519357428,0.56765192355226
OMG Eva and Jasper are going to be awkward tonight......Alex said that Eva wasn't talking to Jasper.,neither,0.049549565311119766,0.31465319791719953,0.6357972367716807
#DramaticallyAppropriate,neither,0.03945320844208391,0.33037608806864915,0.630170703489267
So excited for my first time watching live! <3,neither,0.02445631239043245,0.4173117079729426,0.5582319796366249
:-O,neither,0.03945320844208391,0.33037608806864915,0.630170703489267
Jason x Storyteller Screen 5 ever,neither,0.03945320844208391,0.33037608806864915,0.630170703489267
i hope Jasper patches things up with Eva,neither,0.050892776740222655,0.3103099330917953,0.6387972901679823
awww jason is so cute,neither,0.04779318611433382,0.3389671633111061,0.6132396505745602
Season 2 will only be another week or so,neither,0.08306121414271146,0.28432309975237935,0.632615686104909
cant wait for the podcasts!,neither,0.033877398854612786,0.29346351770971363,0.6726590834356735
Now I can listen while working!,neither,0.039712857556445935,0.32596916496773476,0.6343179774758193
bitgod subscribed with Twitch Prime. They've subscribed for 23 months!,neither,0.018766382747298516,0.32334345672772463,0.6578901605249768
"4 people play a campaign of V:TM, run by an actual vampire. Ironic",neither,0.0540245673868571,0.34963881059483254,0.5963366220183105
i missed callisto cause i didnt finish the first ep,neither,0.03319349413142303,0.34127230509164624,0.6255342007769308
LA By Night Twitter https://twitter.com/LAbyNight,offensive_language,0.03442270430577806,0.5236528817287748,0.4419244139654471
"@VermillionCrimson the Prince is a bit desperate because this attack got on the news. of course, it was covered up but still....too violent and too open warfrair is frown in the Cam. Prince might be feeling desperate",neither,0.0390703820759312,0.3463282155055262,0.6146014024185426
Eva has been ghosting Jasper...This should be good,neither,0.048116002565276546,0.3597816078145369,0.5921023896201865
Yay!,neither,0.03945320844208391,0.33037608806864915,0.630170703489267
Meishali subscribed with Twitch Prime. They've subscribed for 3 months!,neither,0.017135853092050617,0.3228815153557895,0.6599826315521599
Grats @bitgod,neither,0.03945320844208391,0.33037608806864915,0.630170703489267
jason x ST screen new ship,neither,0.041952095114055524,0.2687602784195528,0.6892876264663917
"@GeekandSundry s2 will include the live show, yeah?",neither,0.03891986871158272,0.3294967749724926,0.6315833563159248
@Dragonchrome helps that Erika's BF is one of the guys who owns/runs heroforge,neither,0.040756965152496986,0.3991291019667838,0.5601139328807193
Grats @Meishali,neither,0.03945320844208391,0.33037608806864915,0.630170703489267
@highvoltage988 yes yes,neither,0.03945320844208391,0.33037608806864915,0.630170703489267
<3,neither,0.03945320844208391,0.33037608806864915,0.630170703489267
!ittd,neither,0.03945320844208391,0.33037608806864915,0.630170703489267
nice @DarkestArgentum,neither,0.03945320844208391,0.33037608806864915,0.630170703489267
I'm so psyched to finally catch this live,neither,0.050549221773545906,0.36843426538901547,0.5810165128374386
"Happy International Tabletop Day! We'll have 24 hours of gaming content, show premieres, live tabletoppin', and more. For more information please check out our megathread: http://bit.ly/ITTD2019 and share your Tabletop Day adventures with us using #ITTD2019",neither,0.05659949797004169,0.25864837373815686,0.6847521282918014
"Hey, @Dragonchrome !",neither,0.03945320844208391,0.33037608806864915,0.630170703489267
i really need to get on subbing,neither,0.04211061644535923,0.346099935157849,0.6117894483967918
sweet thanks @GeekandSundry <3,neither,0.03688101886252514,0.3088369036874084,0.6542820774500665
woooooooo,neither,0.03945320844208391,0.33037608806864915,0.630170703489267
I still misread and mis-hear Talisman as Taliesin,neither,0.03698789337103105,0.33627362105564934,0.6267384855733196
dammit,neither,0.03945320844208391,0.33037608806864915,0.630170703489267
Ahhhhhh Eva,neither,0.03945320844208391,0.33037608806864915,0.630170703489267
Hi @ImALadyDangIt nice to see you,neither,0.06848539793412306,0.37676883017615787,0.5547457718897191
"if the Prince makes too many mistakes, the Cam will replace him",neither,0.02963734036024215,0.3326348649158469,0.637727794723911
"i want Assine Wisdom, the drinking game oh, thats every episode.",neither,0.04205620123382436,0.2512749897500221,0.7066688090161536
"@GeekandSundry With ITTD & R&R replaying this weekend, when will today's C6 and LABN replay?",neither,0.02493080088996614,0.3315946053574948,0.643474593752539
moon2CUTE moon2CUTE moon2CUTE,neither,0.03945320844208391,0.33037608806864915,0.630170703489267
Microtron69 subscribed at Tier 1. They've subscribed for 35 months!,neither,0.02048699552096877,0.3140055917090471,0.665507412769984
PJSalt <-- Eva to Jasper right now,neither,0.0440115648529228,0.3420176440338196,0.6139707911132576
Wooo Relics and Rarities!!!,neither,0.03763944115734239,0.1918412352459551,0.7705193235967025
this is my first time watching liveee im so hyped,neither,0.029747269362904692,0.4644528696531304,0.5057998609839649
Grats @Microtron69,neither,0.03945320844208391,0.33037608806864915,0.630170703489267
If only it was Taliesen Batman,neither,0.022682388850739237,0.38383728337548284,0.593480327773778
who is this josh person,neither,0.0478435179927994,0.3907652846460963,0.5613911973611043
Carl shilling for Geek and Sundry lol,neither,0.028669931150264037,0.3175633009977805,0.6537667678519554
@KBTibbs at the earliest convenient time,neither,0.036655625042478296,0.3572649721605804,0.6060794027969414
vamily <3,neither,0.03945320844208391,0.33037608806864915,0.630170703489267
#VAMILY :D woo,neither,0.03945320844208391,0.33037608806864915,0.630170703489267
"...okay not gonan like somthing about the way Jason says ""relics and rarities"" really creeps me out",neither,0.03539826343716791,0.35737272688440963,0.6072290096784224
@kaioraya I did that when it was live and got really excited and then was very sad :(,neither,0.0316651100593099,0.3626627841914612,0.6056721057492288
!sub,neither,0.03945320844208391,0.33037608806864915,0.630170703489267
uh oh,neither,0.04643193976314166,0.26471338503087416,0.6888546752059841
Help support the #GnSLive twitch channel! $4.99/month gets you exclusive sub-only benefits and helps keep the channel alive! Thanks! twitch.tv/geekandsundry/subscribe or for MOBILE https://secure.twitch.tv/products/geekandsundry/ticket/new,neither,0.047564760200365624,0.28780811278399754,0.6646271270156369
minimising chat to immerse in Jason's dulcet tones,neither,0.04447020552739102,0.32742161434786604,0.6281081801247429
OH BOY,neither,0.04768565599480007,0.25364348607606696,0.698670857929133
gasp,neither,0.03945320844208391,0.33037608806864915,0.630170703489267
VTM notsaiSqueak,neither,0.03945320844208391,0.33037608806864915,0.630170703489267
Super excited to be at WhedonCon tomorrow! Bringing my Carver cosplay to the Big Bad Ball!,neither,0.02863612286362202,0.4101821569185337,0.5611817202178442
#SecretsHaveAWayofGettingOut,neither,0.03945320844208391,0.33037608806864915,0.630170703489267
JaspEva 4 3ver,neither,0.03945320844208391,0.33037608806864915,0.630170703489267
Taliesin Batman Edition is just the Wednesday Club,neither,0.0407687655942703,0.3316820103390567,0.627549224066673
oooh PogChamp,neither,0.03945320844208391,0.33037608806864915,0.630170703489267
First time watching live.,neither,0.03513206370154816,0.3516282956383994,0.6132396406600524
<-- Can't wait to see Eva bitchslap Jasper :D,neither,0.044752750522116344,0.3238685815885835,0.6313786678893002
oh snap,neither,0.04610041286253887,0.2676795543969371,0.6862200327405242
Well schite,neither,0.03945320844208391,0.33037608806864915,0.630170703489267
rooWow another secrets thing,neither,0.09113226824084285,0.2555680897911974,0.6532996419679596
oh?,neither,0.051363287716059566,0.22255663153133606,0.7260800807526044
PogChamp !!,neither,0.03945320844208391,0.33037608806864915,0.630170703489267
ohhh in the beginning of the show,neither,0.05204054535869519,0.23014283684571551,0.7178166177955893
@bitgod Drinking is indeed a requirement to just watch that show!,neither,0.058832761910436814,0.31515936121702376,0.6260078768725393
Secrets in the dark,neither,0.03859076233567513,0.31461537467694756,0.6467938629873774
!twitchprime,neither,0.03945320844208391,0.33037608806864915,0.630170703489267
"If you have Amazon Prime or Amazon Prime Video, you can link your account to Twitch , and get Twitch Prime! This gives you one free Twitch subscription, and other cool stuff each month! Link your account at: twitch.amazon.com/prime - How to use the free subscription at: http://bit.ly/HowToSubWithTwitchPrime - REMEMBER: Subscriptions done through Twitch Prime will need to be manually renewed each month!",neither,0.04660741059459432,0.3340380786822325,0.6193545107231732
"paladinelmo360 subscribed at Tier 1. They've subscribed for 3 months, currently on a 3 month streak! so happy :)",neither,0.022899712948110648,0.3454569140281794,0.6316433730237099
ooohhhhh,neither,0.03945320844208391,0.33037608806864915,0.630170703489267
ohhhh shittttt,neither,0.03945320844208391,0.33037608806864915,0.630170703489267
YIKES,neither,0.03945320844208391,0.33037608806864915,0.630170703489267
I'M HERE. what is thissss,neither,0.21101012194103425,0.23617088941738243,0.5528189886415834
awesome new recap,neither,0.04275088808506384,0.24841383254932153,0.7088352793656147
oooo boi,neither,0.03945320844208391,0.33037608806864915,0.630170703489267
*Gasp* Cutscene!!!,neither,0.03945320844208391,0.33037608806864915,0.630170703489267
Deb!,neither,0.03945320844208391,0.33037608806864915,0.630170703489267
:o,neither,0.03945320844208391,0.33037608806864915,0.630170703489267
19 raiders from GreatGM have joined!,neither,0.03982634125502858,0.3240430504339343,0.6361306083110371
!!!,neither,0.03945320844208391,0.33037608806864915,0.630170703489267
ohh secrets at the begging!?,neither,0.038200995822015624,0.33587142908105455,0.62592757509693
Ooooh what’s this????,neither,0.05282537120001614,0.3246287851332521,0.6225458436667317
yay new recaps!,neither,0.043697716434837254,0.22368356517679006,0.7326187183883727
I wonder if Josh is Victors son,neither,0.029415325309530647,0.3754914196929271,0.5950932549975423
DEB!!!!,neither,0.03945320844208391,0.33037608806864915,0.630170703489267
OH DAMN,offensive_language,0.05096471030591599,0.9063512536062347,0.04268403608784929
OH,neither,0.051363287716059566,0.22255663153133606,0.7260800807526044
It’s so early for you to hurt us like this,neither,0.1198371958709082,0.3569109906495731,0.5232518134795187
NO WAY,neither,0.03814847073940352,0.35698458620139334,0.6048669430592032
DEB,neither,0.03945320844208391,0.33037608806864915,0.630170703489267
Deb of Night!!,neither,0.032052451057660726,0.33012526338829523,0.6378222855540441
Deb!,neither,0.03945320844208391,0.33037608806864915,0.630170703489267
Heck ya!,offensive_language,0.024930079393134772,0.5931503594547849,0.38191956115208037
deb of night?,neither,0.032052451057660726,0.33012526338829523,0.6378222855540441
its her!!!!!,offensive_language,0.018728730040557223,0.7133311029314419,0.2679401670280009
I want that radio.,neither,0.03512470817796247,0.37585097862270306,0.5890243131993346
Oooooo Cutscene hype!,neither,0.03945320844208391,0.33037608806864915,0.630170703489267
new recaps! \o/,neither,0.04660400397451208,0.1401930676750457,0.8132029283504423
DEB PogChamp,neither,0.03945320844208391,0.33037608806864915,0.630170703489267
"""secrets have a way of getting out"" *sweats*",neither,0.03320493653354959,0.3992703346210634,0.567524728845387
Hey Deb,neither,0.03945320844208391,0.33037608806864915,0.630170703489267
deb!!,neither,0.03945320844208391,0.33037608806864915,0.630170703489267
Hi Deb.,neither,0.03945320844208391,0.33037608806864915,0.630170703489267
Grats @paladinelmo360,neither,0.03945320844208391,0.33037608806864915,0.630170703489267
DEB,neither,0.03945320844208391,0.33037608806864915,0.630170703489267
deb,neither,0.03945320844208391,0.33037608806864915,0.630170703489267
Fallout,neither,0.03945320844208391,0.33037608806864915,0.630170703489267
Deb!!!,neither,0.03945320844208391,0.33037608806864915,0.630170703489267
Yaaaaaasss,neither,0.03945320844208391,0.33037608806864915,0.630170703489267
Oh noes...,neither,0.051363287716059566,0.22255663153133606,0.7260800807526044
deb of night!!!!!,neither,0.032052451057660726,0.33012526338829523,0.6378222855540441
"Not quite Deb of Night, but not far from it",neither,0.031299986315435055,0.3314144496549315,0.6372855640296334
DEB,neither,0.03945320844208391,0.33037608806864915,0.630170703489267
We're starting with this?!,neither,0.04320081743580507,0.3451992402162332,0.6115999423479617
Hi Deb,neither,0.03945320844208391,0.33037608806864915,0.630170703489267
So pleased to have Eva back tonight! gandsAnnabella jcvimHearts,neither,0.041647855083567366,0.3481949242289156,0.6101572206875171
Holy shit it's Deb!!!,offensive_language,0.044709283778657,0.9514027452681239,0.0038879709532192667
its my first time watching live also,neither,0.024061572246636784,0.41654800377500834,0.5593904239783549
Deb for bloodlines 2 or riot!,neither,0.03468155735895032,0.3065351288726407,0.658783313768409
Deb.,neither,0.03945320844208391,0.33037608806864915,0.630170703489267
Deb!!,neither,0.03945320844208391,0.33037608806864915,0.630170703489267
*THE Production value!!!*,neither,0.03825742109612947,0.30830648690722096,0.6534360919966495
Oh my.,neither,0.02748693229954249,0.40236076101129065,0.5701523066891669
gandsHype,neither,0.03945320844208391,0.33037608806864915,0.630170703489267
DEB!!!,neither,0.03945320844208391,0.33037608806864915,0.630170703489267
Deb on fire!,neither,0.03678476550766061,0.34317296728457286,0.6200422672077666
Deb of night lol,neither,0.026396946762015268,0.3815839568843492,0.5920190963536356
Deb lowcoPog,neither,0.03945320844208391,0.33037608806864915,0.630170703489267
THE MINISTRY,neither,0.03613032604487659,0.2619290779399786,0.7019405960151449
"is that the same deb, who is that?",neither,0.046042958440870904,0.43117646236490964,0.5227805791942194
DEB,neither,0.03945320844208391,0.33037608806864915,0.630170703489267
Who is that?,offensive_language,0.04890640013261156,0.5245279313106093,0.4265656685567792
steebzLove,neither,0.03945320844208391,0.33037608806864915,0.630170703489267
RIP majarajah,neither,0.03945320844208391,0.33037608806864915,0.630170703489267
Finally Deb joins!!!!,neither,0.03945320844208391,0.33037608806864915,0.630170703489267
Yeah Debs needs to be in seattle hopefully!,neither,0.030908719059918696,0.4149545055016577,0.5541367754384237
deb by night squee,neither,0.03332736813987637,0.3748074717666414,0.5918651600934821
"Yeah, Ministry.",offensive_language,0.013968601452186464,0.5182923869769311,0.4677390115708824
look at this production value PogChamp,neither,0.040438294185671506,0.357969400302461,0.6015923055118676
Oh no it's conspiracy theory deb!,neither,0.041681716377844055,0.3023820384298213,0.6559362451923346
Oh hi again. It’s Caine...,neither,0.04133244132720236,0.31146838558542334,0.6471991730873743
DEB! DEB! DEB! DEB!,neither,0.03945320844208391,0.33037608806864915,0.630170703489267
All these BL references fill my soul.,offensive_language,0.037914632786821965,0.5209396492048253,0.4411457180083528
Archangel is not Deb... not exactly.,neither,0.04356134403703837,0.33605007366293416,0.6203885823000275
Deb of Night?!?!?!,neither,0.032052451057660726,0.33012526338829523,0.6378222855540441
"Shucks, no more Ramona Art {:3",neither,0.0402935556441462,0.33402403298135247,0.6256824113745013
yo,offensive_language,0.04010381111145228,0.5271105317972344,0.4327856570913131
This is the best recap,neither,0.045636087586421244,0.30687441188335185,0.6474895005302269
gandsBing gandsBong,neither,0.03945320844208391,0.33037608806864915,0.630170703489267
"GM Jason Carl ( twitter.com/vampiresnvino ), with Alex Ward ( twitter.com/AlexWard777 ), Erika Ishii ( twitter.com/erikaishii ), Cynthia Marie ( twitter.com/Cyndancer ), B. Dave Walters ( twitter.com/BDaveWalters )",neither,0.0361075258397544,0.46844942340612794,0.49544305075411776
wow thats on the nose,neither,0.03592394560788413,0.3276796579563938,0.6363963964357221
I'll pout if I want to!!,neither,0.02314289435874959,0.39695769739338177,0.5798994082478687
Dope,neither,0.03945320844208391,0.33037608806864915,0.630170703489267
hahahaha,neither,0.03945320844208391,0.33037608806864915,0.630170703489267
gandsHype gandsHype gandsHype gandsHype,neither,0.03945320844208391,0.33037608806864915,0.630170703489267
"@Akeluus a different story to tell this time, but we love that art",neither,0.035898104411784565,0.38729826587267874,0.5768036297155367
O.O,neither,0.03945320844208391,0.33037608806864915,0.630170703489267
Archangel? Doesn't sound like Garrus,neither,0.05373190932722912,0.3505875539557322,0.5956805367170386
"Stretching that Masquerade a bit thin there, Prince Thomas.",neither,0.03699073409807207,0.32953806720918183,0.6334711986927462
Deb is a VAMPIRE,neither,0.046488290033299406,0.32795640091152495,0.6255553090551756
Crack the tower!,neither,0.03859481075074204,0.3146911341707486,0.6467140550785093
the random taxi Jasper called D:,neither,0.03880916346352984,0.31867572616084144,0.6425151103756288
garrus is quaking,neither,0.081172750358939,0.3160268245287109,0.60280042511235
ramaFear ramaFear ramaFear,neither,0.03945320844208391,0.33037608806864915,0.630170703489267
ohhh... I like Deb,neither,0.05243838686756891,0.3489271222005886,0.5986344909318426
DEB IS A VAMPIRE,neither,0.046488290033299406,0.32795640091152495,0.6255553090551756
nice,neither,0.03945320844208391,0.33037608806864915,0.630170703489267
Markeia? Is she doing the recaps for both #FridaysinLA shows?! PogChamp,neither,0.04063184592490288,0.3543585711638647,0.6050095829112324
nice work crew!!!,neither,0.03945320844208391,0.33037608806864915,0.630170703489267
is it deb confirmed?,neither,0.044918132719682397,0.3284964500121875,0.6265854172681301
Nice!!,neither,0.03945320844208391,0.33037608806864915,0.630170703489267
I wonder if they'll encounter the fey sometimne,neither,0.0205069801120866,0.37279344151716637,0.6066995783707472
anyone recognise the voice? i'm super bad at voice recognition haha,neither,0.03449309228108872,0.37448647434240434,0.5910204333765068
DragnFeathers subscribed at Tier 1. They've subscribed for 4 months!,neither,0.018730042386447116,0.3124437755681934,0.6688261820453595
sometime,neither,0.03945320844208391,0.33037608806864915,0.630170703489267
Now that was an awesome way to recap an episode.,neither,0.041343518058593334,0.3485494406974448,0.6101070412439619
Definitely doesn't sound like Markeia,neither,0.050380236336683024,0.34622233900127497,0.6033974246620419
GARUS got Gender Reassignment :D PogChamp,neither,0.038022615232289246,0.38185919229981474,0.5801181924678961
Roll that INTRO!,neither,0.03578491898488178,0.3702367621391609,0.5939783188759573
Deb is a Malkavian?,neither,0.04912624121044723,0.3270490885368631,0.6238246702526896
Grats @DragnFeathers,neither,0.03945320844208391,0.33037608806864915,0.630170703489267
Nah Archangel is not Deb,neither,0.04581260751537607,0.3324037659962689,0.621783626488355
VAMPIRE gandsHype,neither,0.03945320844208391,0.33037608806864915,0.630170703489267
Yeees,neither,0.03945320844208391,0.33037608806864915,0.630170703489267
So nervouscited!,offensive_language,0.039501631330860744,0.48329170807269783,0.4772066605964413
Was that Becca?,neither,0.030667155429851628,0.4292504569866666,0.5400823875834818
ROLL IT,neither,0.037315536388865894,0.33111133151199085,0.6315731320991433
"Carl is all about ""consquences""",neither,0.04887295293065481,0.43761338754613527,0.5135136595232098
Woo!!!,neither,0.03945320844208391,0.33037608806864915,0.630170703489267
Reminder: Mature Themes.,neither,0.03945320844208391,0.33037608806864915,0.630170703489267
"I surely respect this too, @GeekAndSundry... but the Rat Pack Art was priceless, as was the In-Character recap ^w^",neither,0.03616593823128703,0.3396632150450993,0.6241708467236138
<3 <3,neither,0.03945320844208391,0.33037608806864915,0.630170703489267
pekoe212 subscribed at Tier 1. They've subscribed for 27 months!,neither,0.020673836791578106,0.3141724807976407,0.6651536824107812
did i make it in time?,neither,0.036365169448178566,0.35484425643750694,0.6087905741143144
sounded a bit like Chloe,neither,0.0477659212766655,0.34266917801374414,0.6095649007095904
somedarnguy subscribed with Twitch Prime.,neither,0.030186173588972614,0.3621416721941929,0.6076721542168345
I love how Carl says consquences in a sinister tone,neither,0.03723742033159091,0.3406266726429879,0.6221359070254211
"it sounded like her. if not same character, the same VA",offensive_language,0.02812604634484597,0.5000106000125246,0.4718633536426294
Grats @pekoe212,neither,0.03945320844208391,0.33037608806864915,0.630170703489267
Yes,neither,0.03945320844208391,0.33037608806864915,0.630170703489267
@Gamerprince333 yeah you did,offensive_language,0.0328008398530729,0.5567710843566247,0.41042807579030244
@Sollux_kid8 I do not thnk so,neither,0.0394693087762532,0.3798033745771955,0.5807273166465514
Just starting!,neither,0.03326925679857758,0.3600393730657621,0.6066913701356603
"Heck yes!! 8D Missed last episode, excited to see this one",neither,0.042795712347480655,0.34787449978750296,0.6093297878650165
yes @Gamerprince333,neither,0.03945320844208391,0.33037608806864915,0.630170703489267
Best Vampire Soap Opera so far!,neither,0.03871028791672435,0.3572715405509675,0.6040181715323082
gandsHype gandsHype gandsHype,neither,0.03945320844208391,0.33037608806864915,0.630170703489267
"jason ""i will make a note"" carl",neither,0.04050683039039667,0.312493373871612,0.6469997957379913
"vampire is the best show on this channel, love it",neither,0.04867913503026221,0.2798030860990339,0.6715177788707039
@gamerprince333 Yup,neither,0.03945320844208391,0.33037608806864915,0.630170703489267
Grats @somedarnguy,neither,0.03945320844208391,0.33037608806864915,0.630170703489267
Just in time,neither,0.030301954458447782,0.39891765189907363,0.5707803936424786
"@Akeluus we love it too, but we have reasons to do the recaps as we do, and Archangel has a part to play",neither,0.04114969550086634,0.3337517194311557,0.625098585067978
Damn I love this music. Gets me in the mood to listen,offensive_language,0.03995865861237142,0.6803662932602538,0.27967504812737487
Every action has a consequence. Sometimes positive sometimes negative.,neither,0.03966184103511602,0.32683504847721456,0.6335031104876694
there are hints in the first bloodlines that deb is kindred,neither,0.05540377677266493,0.2799966416022647,0.6645995816250704
Na Deb is Etherite,neither,0.047019906476782496,0.32777355363901883,0.6252065398841988
"@Akeluus the artist Megan still sketches the show a lot, no worries there",neither,0.04672379215989458,0.25201188649219036,0.7012643213479152
@GeekandSundry who's playing our Archangel?,neither,0.0402667222220206,0.41245147816253624,0.5472817996154432
I am so glad D&D got me into all of this beautiful content....thank you,offensive_language,0.04378334873537595,0.5037610854049717,0.4524555658596524
"Hey guys, love you, but I'ma watch now. Take care",neither,0.04388900118869805,0.4588975581597345,0.4972134406515674
Please tell me they leveled up,neither,0.02854459602333357,0.43685222487076303,0.5346031791059035
@highvoltage988 you'll have to guess,neither,0.07304427833567752,0.40523954350626507,0.5217161781580575
<3 @GeekandSundry <3 #TrustInJasonCarl,neither,0.03945320844208391,0.33037608806864915,0.630170703489267
or is taht a surprise to come?,neither,0.054394328191086166,0.3505441409247245,0.5950615308841893
headphones?,neither,0.03945320844208391,0.33037608806864915,0.630170703489267
ooo everyone lookin cutee,neither,0.03400079244535434,0.42291781720499505,0.5430813903496505
"Don't misunderstand, I'm not railing to have the old Ramona Recaps back, just saying I will miss them. I can get into the new style too ;3",neither,0.038901419798780736,0.2743621674395151,0.6867364127617042
Baby B on the playlist,neither,0.03581168001327213,0.32760457998638176,0.636583740000346
"See ya later, @WarpedSpirit",offensive_language,0.023968758406753034,0.6144406023076847,0.36159063928556223
does jasper seem off to anyone else?,neither,0.03312969396848509,0.4188701888330276,0.5480001171984874
awwwwwwwesome beat,neither,0.03945320844208391,0.33037608806864915,0.630170703489267
inb4 these characters/actors are dlcs for bloodlines 2,neither,0.057397768916985614,0.31791125206433196,0.6246909790186824
HAIRika Ishii! gandsHype,neither,0.03945320844208391,0.33037608806864915,0.630170703489267
Beats by Dread,neither,0.04054296193494434,0.37196683949981685,0.5874901985652389
ah shit I missed the recap. Can someone fill me in? ^^;;,offensive_language,0.045045545470861564,0.9257374499368245,0.029217004592313835
What's this song?,neither,0.04690711601039935,0.3378179390609756,0.6152749449286251
"yo i shouldve peed, too late now",neither,0.03934722420039336,0.381557012065815,0.5790957637337916
"Archangel is a secret, but you know what they say about secrets...",neither,0.05933931477834094,0.3867662452038963,0.5538944400177629
"Also, Jasper is in new clothes",neither,0.04635390120182571,0.17717675855695245,0.7764693402412218
what happened with Jasper and Eva?,neither,0.03421263189019225,0.3253033286355788,0.640484039474229
huh annabelle in a white shirt.,hate_speech,0.45733540778453524,0.43441990894827265,0.10824468326719203
kro_t0e subscribed at Tier 1. They've subscribed for 44 months! digging the music,neither,0.023143473758614377,0.30908663961225197,0.6677698866291336
music is a bit loud,neither,0.0473045924223544,0.327675637087891,0.6250197704897545
is this a new episode?,neither,0.053729530471613114,0.2282311244112253,0.7180393451171615
