text,top_class,hate_speech,offensive_language,neither
"teh_spikey subscribed at Tier 1. They've subscribed for 33 months, currently on a 33 month streak!",neither,0.02612277842873045,0.32511386983835716,0.6487633517329124
53 days until gencon y'alllll,neither,0.03945320844208391,0.33037608806864915,0.630170703489267
👋🤗👋 @shidareAKI,neither,0.03945320844208391,0.33037608806864915,0.630170703489267
"janetheunicorn subscribed with Twitch Prime. They've subscribed for 22 months, currently on a 1 month streak!",neither,0.021000053554176952,0.3304896280893721,0.6485103183564509
@perfectcosima I will see you there!,neither,0.067811677934342,0.29391747804432056,0.6382708440213375
Hi @BiblioTeq @arcticthunderbird @KBTibbs,neither,0.03945320844208391,0.33037608806864915,0.630170703489267
Hey Superpunks,neither,0.03945320844208391,0.33037608806864915,0.630170703489267
"@arcticthunderbird have a good one, enjoy the VOD when you get a chance!",neither,0.03935353160376946,0.4344687031074265,0.526177765288804
YAY HERE WE GO,neither,0.09193108922757819,0.2967003663707533,0.6113685444016684
kamabrChathug kamabrChathug2 kamabrChathug kamabrChathug2 kamabrChathug kamabrChathug2 chat hugs,neither,0.03945320844208391,0.33037608806864915,0.630170703489267
So excited!!!,neither,0.03940839469474773,0.3948270312238364,0.565764574081416
kamabrChathug2 kamabrChathug2 kamabrChathug2 kamabrChathug2 kamabrChathug2 kamabrChathug2 kamabrChathug2 kamabrChathug2 kamabrChathug2 kamabrChathug2 kamabrChathug2 kamabrChathug2 kamabrChathug2 kamabrChathug2,neither,0.03945320844208391,0.33037608806864915,0.630170703489267
!whodat,neither,0.03945320844208391,0.33037608806864915,0.630170703489267
"GM Eric Campbell ( twitter.com/16BitEric ), with Aliza Pearl ( twitter.com/AlizaPearl ), Gina DeVivo ( twitter.com/PocketGina ), Sam de Leve ( twitter.com/ChaiKovsky ), Amy Dallen ( twitter.com/enthusiamy ), Hector Navarro ( twitter.com/Hectorisfunny ), Bonnie Gordon ( twitter.com/BonnieBellG ).",neither,0.03673732733147788,0.4718529441656544,0.4914097285028677
@shidareAKI yaYYY!,neither,0.03945320844208391,0.33037608806864915,0.630170703489267
OMG a wild ERIC has appeared!!!!,neither,0.0397331835975904,0.325624179002773,0.6346426373996367
wooo,neither,0.03945320844208391,0.33037608806864915,0.630170703489267
Hi Eric!,neither,0.03945320844208391,0.33037608806864915,0.630170703489267
Yay!,neither,0.03945320844208391,0.33037608806864915,0.630170703489267
LETS GOOOOOOO,neither,0.0381375099945381,0.3527069244228318,0.6091555655826302
YAY the team is all here!,neither,0.09976330395235335,0.33547317274392746,0.5647635233037193
Hi @janetheunicorn ! Pillow Fort Crew Hype!,neither,0.03945320844208391,0.33037608806864915,0.630170703489267
SQUEE,neither,0.03945320844208391,0.33037608806864915,0.630170703489267
"Hi, @chaoticloony !",neither,0.03945320844208391,0.33037608806864915,0.630170703489267
vieHype gandsHype gandsHype gandsHype gandsHype gandsHype,neither,0.03945320844208391,0.33037608806864915,0.630170703489267
wow,neither,0.03945320844208391,0.33037608806864915,0.630170703489267
OH WOW,neither,0.04699983224225219,0.25967008852857676,0.6933300792291711
Nice.,neither,0.03945320844208391,0.33037608806864915,0.630170703489267
We have a subscriber-only Discord server! Join here: https://discord.gg/geekandsundry (you'll need to sub and link it to your Twitch) and be a part of the fun!...Warning: It can take up to an hour for the server to update and give you access to the channels,neither,0.08464076273808444,0.286394834032893,0.6289644032290227
oohh pretty screen,neither,0.03945320844208391,0.33037608806864915,0.630170703489267
They're all back!,neither,0.07432682836616054,0.3946864153772911,0.5309867562565485
OMG that screen PogChamp,neither,0.0351863545101083,0.3768655517422805,0.5879480937476113
NEW SCREEN! *throws celebration pillows*,neither,0.042185739044806186,0.26285087685205594,0.6949633841031378
YEssssss,neither,0.03945320844208391,0.33037608806864915,0.630170703489267
Woooooooooot IM EXCITED,neither,0.03831323557177047,0.373607799890799,0.5880789645374305
everyone is heeere,neither,0.04247846588131601,0.47546766646262095,0.4820538676560631
I wonder if that is laser cut.,neither,0.024224464439228273,0.42797294224917914,0.5478025933115926
"Vampire_Vaxildan subscribed at Tier 1. They've subscribed for 6 months, currently on a 3 month streak! gandsC6 gandsC6 gandsC6 gandsXP gandsXP gandsXP",neither,0.02239512321462605,0.3238220280209259,0.653782848764448
woooooo,neither,0.03945320844208391,0.33037608806864915,0.630170703489267
franki9Love franki9Love franki9Love franki9Love franki9Love franki9Love franki9Love gandsHype gandsHype,neither,0.03945320844208391,0.33037608806864915,0.630170703489267
No Markeia recap or did I miss it?,neither,0.03209380383022412,0.34461348454434515,0.6232927116254309
Is DogMite (sp?) in the house?,neither,0.05120459420270706,0.3019418969433008,0.6468535088539921
What's up folks! I've got home cooked fries and I'm ready to barely survive the vacuum of space!,neither,0.02957028888438249,0.3355492626631205,0.6348804484524969
gandsC6 gandsC6 gandsC6 gandsC6 gandsC6 gandsC6 gandsC6 gandsC6 gandsC6 gandsC6 gandsC6 gandsC6 gandsC6 gandsC6,neither,0.03945320844208391,0.33037608806864915,0.630170703489267
"bvan_on_twitch subscribed at Tier 1. They've subscribed for 4 months, currently on a 4 month streak!",neither,0.02239512321462605,0.3238220280209259,0.653782848764448
!highfive @vampire_vaxildan,neither,0.03945320844208391,0.33037608806864915,0.630170703489267
Kevin_Kelly reaches up and delivers @vampire_vaxildan a crisp high five!,neither,0.03487086915675038,0.3916874527896188,0.5734416780536309
"Help G&S make great content! $4.99/month gets you emotes, Minecraft server access, sub-only VODs, and more! Every sub keeps the channel alive! twitch.tv/geekandsundry/subscribe",neither,0.043907990691603095,0.31135964332838284,0.644732365980014
Hi @Blizardstar1200,neither,0.03945320844208391,0.33037608806864915,0.630170703489267
!ittd,neither,0.03945320844208391,0.33037608806864915,0.630170703489267
"Happy International Tabletop Day! We'll have 24 hours of gaming content, show premieres, live tabletoppin', and more. For more information please check out our megathread: http://bit.ly/ITTD2019 and share your Tabletop Day adventures with us using #ITTD2019",neither,0.05659949797004169,0.25864837373815686,0.6847521282918014
"@DJPheonyx nothing yet, usually would be after the announcements anyway I think",neither,0.037281336808795563,0.3422906211084458,0.6204280420827587
gandsC6 gandsC6 gandsC6 gandsC6 gandsC6 gandsC6 gandsC6 gandsC6,neither,0.03945320844208391,0.33037608806864915,0.630170703489267
Never think you can predict the players!,neither,0.04804091053027584,0.3740050577732393,0.577954031696485
woot,neither,0.03945320844208391,0.33037608806864915,0.630170703489267
gandsC6 gandsC6 gandsC6,neither,0.03945320844208391,0.33037608806864915,0.630170703489267
SO GOOD to see Aliza & Hector back.,neither,0.04737077154075552,0.3838778109884855,0.568751417470759
Heyyyy everybody,neither,0.03945320844208391,0.33037608806864915,0.630170703489267
"me Too, Eric!",neither,0.031134354329803535,0.37919618696314855,0.5896694587070478
Hi @embar325,neither,0.03945320844208391,0.33037608806864915,0.630170703489267
Talisman is a lot of fun but it's a loooong game,neither,0.041518430404796344,0.2976888467170236,0.6607927228781799
hello superpunks!,neither,0.03945320844208391,0.33037608806864915,0.630170703489267
@shidareAKI yes it is!,neither,0.0504428408951861,0.3265962495318096,0.6229609095730043
AW Bored Game was HILARIOUS. And Ten Candles BROKE MY HEART,neither,0.03257197225317215,0.33214177974096926,0.6352862480058585
Hi @gryphangirl,neither,0.03945320844208391,0.33037608806864915,0.630170703489267
10 Candles was Soo hard,offensive_language,0.03229112238920244,0.5027441712046935,0.464964706406104
continues handing out pillows.,neither,0.03573010262245107,0.34458193225944195,0.619687965118107
Ten Candles was /really/ good!,neither,0.03884401677225693,0.33219080333271267,0.6289651798950304
"I love ten candles so much, still need to watch that vod",neither,0.03913900882393391,0.40074715542805106,0.5601138357480152
With the jaws theme.,neither,0.026944008382744425,0.3534443571101971,0.6196116345070584
!itsfine,neither,0.03945320844208391,0.33037608806864915,0.630170703489267
"We're fine. We're all fine here now, thank you. Uh, how are you?",neither,0.1599940322317317,0.33478147175030576,0.5052244960179626
LIES,neither,0.03945320844208391,0.33037608806864915,0.630170703489267
amydCheers amydCheers amydCheers amydCheers drink up -- just let it blur softly AMY,neither,0.024405748917972984,0.4027274020203297,0.5728668490616973
Ten Candles was real good!,neither,0.03338805275833879,0.4279447365445533,0.5386672106971079
"You said it, @highvoltage988",neither,0.07423052643873079,0.4357853592633826,0.48998411429788663
"Sam, like myself, has reached an even higher level of fluff. I'm shaving my head tomorrow so help me",neither,0.03397672892582024,0.4305823041135603,0.5354409669606194
So sounds like Ten Candles was played correctly,neither,0.04574603941051821,0.3693078181706441,0.5849461424188376
ReddishMallard subscribed at Tier 1. They've subscribed for 36 months! Calllistoooooo,neither,0.021247502842219,0.31468546718044244,0.6640670299773386
"@perfectcosima Oooohhh, maaannnn. XD",neither,0.03945320844208391,0.33037608806864915,0.630170703489267
I need to watch 10 candles apparently,neither,0.048951383770557536,0.32472413776318737,0.626324478466255
!sub,neither,0.03945320844208391,0.33037608806864915,0.630170703489267
Help support the #GnSLive twitch channel! $4.99/month gets you exclusive sub-only benefits and helps keep the channel alive! Thanks! twitch.tv/geekandsundry/subscribe or for MOBILE https://secure.twitch.tv/products/geekandsundry/ticket/new,neither,0.047564760200365624,0.28780811278399754,0.6646271270156369
I forgot to make my traditional old fashioned before the show. But I haz cupcake so win,neither,0.03904586651870107,0.3902278105912901,0.5707263228900088
!twitchprime,neither,0.03945320844208391,0.33037608806864915,0.630170703489267
"If you have Amazon Prime or Amazon Prime Video, you can link your account to Twitch , and get Twitch Prime! This gives you one free Twitch subscription, and other cool stuff each month! Link your account at: twitch.amazon.com/prime - How to use the free subscription at: http://bit.ly/HowToSubWithTwitchPrime - REMEMBER: Subscriptions done through Twitch Prime will need to be manually renewed each month!",neither,0.04660741059459432,0.3340380786822325,0.6193545107231732
<--broke.. I wish I could sub.,neither,0.03945320844208391,0.33037608806864915,0.630170703489267
#guilttrip *SUBSCRIBE*,neither,0.03945320844208391,0.33037608806864915,0.630170703489267
Yay! So glad I can watch live tonight.,neither,0.04493598145498338,0.33828428163313534,0.6167797369118811
"so, with ITTD and R&R replaying this weekend, when will this and LA by Night rebroadcast?",neither,0.022916175712072894,0.3767381249367054,0.6003456993512217
That's more like Sean Becker :P,neither,0.048849168332764495,0.38339779577690936,0.5677530358903262
EricaTheStrange subscribed at Tier 1. They've subscribed for 52 months! yay Callisto 6 is back :D,neither,0.02575121343168571,0.31523777939925146,0.6590110071690628
!points Eric,neither,0.03945320844208391,0.33037608806864915,0.630170703489267
"That was an excellent pun, Eric! Here, have some points for that one! You have been awarded 104 points!",neither,0.0501518845719386,0.3824903729925278,0.5673577424355336
Well done Oya,neither,0.03835210096346887,0.34906475564227485,0.6125831433942563
@KBTibbs good question. I'd assume Monday?,neither,0.038916221642975354,0.3305607824527158,0.6305229959043089
InstaRue just jumped out,neither,0.029675654057564334,0.37470071603390637,0.5956236299085294
"doesn't matter how big it is, they'd still find him",neither,0.03310900071320174,0.3201152131321034,0.6467757861546949
"JavaBookGeekGirl subscribed at Tier 1. They've subscribed for 47 months, currently on a 47 month streak! So so glad Callisto 6 is back! :D",neither,0.028488289840106158,0.35738969269902904,0.6141220174608648
!points Hector,neither,0.03945320844208391,0.33037608806864915,0.630170703489267
"That was an excellent pun, Hector! Here, have some points for that one! You have been awarded 98 points!",neither,0.050107313171023064,0.38230503055647863,0.5675876562724983
"Yyyyaaaayy, Hector & Eliza are baaack!! ^o^ gandsC6 <3",neither,0.1675493120064283,0.18605165911864094,0.6463990288749307
BunchesOfLife subscribed at Tier 1. They've subscribed for 6 months! IM HERE FOR SUPER FRIENDS,neither,0.03436175967589146,0.3015347629194201,0.6641034774046886
Yay good job Bonnie and Xander,neither,0.03804133758525346,0.29113119638458257,0.6708274660301641
sweet!,neither,0.03945320844208391,0.33037608806864915,0.630170703489267
I’m not as good as Rue a Security. This I have learned.,neither,0.03504122973892738,0.38730148085151683,0.577657289409556
Xander is not there.,neither,0.05155058590050424,0.26432617988514123,0.6841232342143545
bard game!,neither,0.03826383497213389,0.24674689817812728,0.7149892668497387
bards XD,neither,0.03945320844208391,0.33037608806864915,0.630170703489267
They phased him out.,neither,0.03270702217377105,0.3597401014156239,0.607552876410605
Hi Captain @JavaBookGeekGirl ! Your Commander is back! *salutes*,neither,0.07150791070765196,0.32086685634868195,0.6076252329436662
"Ooo, video game.",neither,0.043554197636078484,0.20358681108253854,0.7528589912813829
Bonnie's necklace!,neither,0.03945320844208391,0.33037608806864915,0.630170703489267
Congratz Xander and Bonnie,neither,0.03763944115734239,0.1918412352459551,0.7705193235967025
"Double the bards, double the fun",neither,0.038233528916725275,0.30784853436825266,0.6539179367150221
An anonymous user gifted a Tier 1 sub to ArisBranwin!,neither,0.04334747332369448,0.32515466318778613,0.6314978634885194
Bonnie's dice necklace,neither,0.03945320844208391,0.33037608806864915,0.630170703489267
"Congrats, Bonnie & Xander!",neither,0.03945320844208391,0.33037608806864915,0.630170703489267
get Trekt! gandsFacepalm,neither,0.03779508335914271,0.3585187980877974,0.6036861185530599
@AnAnonymousGifter Thanks for the gift sub!,neither,0.03264549114182795,0.28294988304455765,0.6844046258136145
is Sam growing their hair out? They look different without the buzz,neither,0.04174457421522318,0.32859254536301014,0.6296628804217665
citizens of what was that?,neither,0.040675996607787875,0.37077175260908113,0.588552250783131
YAY!,neither,0.03945320844208391,0.33037608806864915,0.630170703489267
gandsHype gandsHype gandsHype gandsHype gandsHype,neither,0.03945320844208391,0.33037608806864915,0.630170703489267
@Jeroth42 !!! so good to see you Commander!,neither,0.06376587909297841,0.4205850306850605,0.515649090221961
franki9Love franki9Love franki9Love franki9Love franki9Love franki9Love franki9Love gandsHype gandsHype,neither,0.03945320844208391,0.33037608806864915,0.630170703489267
Gift hrpgSub hrpgHyperHype feliciaHype gandsHype,neither,0.03945320844208391,0.33037608806864915,0.630170703489267
gandsC6 gandsC6 gandsC6 gandsC6 gandsC6 gandsC6 gandsC6 gandsC6,neither,0.03945320844208391,0.33037608806864915,0.630170703489267
my phone just reset and I Was like NOT NOW!!! It's C6 time!!!,neither,0.02928569202137215,0.42587559499733896,0.5448387129812888
"The_Lanord subscribed at Tier 1. They've subscribed for 64 months, currently on a 4 month streak! Hype gandsHype gandsHype gandsHype gandsHype gandsHype gandsHype gandsHype",neither,0.02405966691066547,0.32437751978229207,0.6515628133070426
"Welcome to the AI club, Hopps!",neither,0.04432295767426619,0.3134539554657813,0.6422230868599524
lol,neither,0.020706217963973744,0.4882283491876925,0.4910654328483337
I feel special again.,neither,0.07610553459603117,0.34102567461581085,0.582868790788158
WOW Bonnie,neither,0.03945320844208391,0.33037608806864915,0.630170703489267
nightwind21 subscribed at Tier 1. They've subscribed for 14 months!,neither,0.020463746737079205,0.31398483330232535,0.6655514199605954
vieHype gandsHype gandsHype gandsHype gandsHype gandsHype,neither,0.03945320844208391,0.33037608806864915,0.630170703489267
I LOVE IT!!!!,neither,0.030831260484157012,0.3601344986151421,0.609034240900701
Omg,neither,0.03945320844208391,0.33037608806864915,0.630170703489267
LOL,neither,0.020706217963973744,0.4882283491876925,0.4910654328483337
Perfect,neither,0.03945320844208391,0.33037608806864915,0.630170703489267
XD,neither,0.03945320844208391,0.33037608806864915,0.630170703489267
lmaooo please exit your life,neither,0.056714349726815404,0.417867444274661,0.5254182059985237
<3 Bonnie,neither,0.03945320844208391,0.33037608806864915,0.630170703489267
that's amazing,neither,0.03413659802039229,0.3885612680816893,0.5773021338979183
feels very heart of gold,neither,0.03945320844208391,0.33037608806864915,0.630170703489267
Gotta play that one.,neither,0.031906901485260146,0.45108213230819905,0.5170109662065409
0w0 <3 Bonnie's Dice Necklace! <3 0w0,neither,0.03945320844208391,0.33037608806864915,0.630170703489267
!points Bonnie,neither,0.03945320844208391,0.33037608806864915,0.630170703489267
"That was an excellent pun, Bonnie! Here, have some points for that one! You have been awarded 94 points!",neither,0.05007717625884537,0.38217957336812336,0.5677432503730313
vieLUL vieLUL vieLUL vieLUL vieLUL vieLUL vieLUL vieLUL vieLUL vieLUL vieLUL LUL LUL,neither,0.03945320844208391,0.33037608806864915,0.630170703489267
AI voices yaya,neither,0.03945320844208391,0.33037608806864915,0.630170703489267
Bonnie to play reoot Hal 9000?,neither,0.05362065759299303,0.3223500268611371,0.6240293155458699
bonnie just became a completely different person omg,neither,0.036287866295008374,0.3451168265939511,0.6185953071110405
So... I'll just take that as a ringtone,neither,0.028888986804451323,0.4778396047849986,0.49327140841055017
Ripley Improv gandsHype,neither,0.03945320844208391,0.33037608806864915,0.630170703489267
Can I exit mine? and enter another life?,neither,0.06747081981175079,0.2896127241645383,0.642916456023711
lol,neither,0.020706217963973744,0.4882283491876925,0.4910654328483337
Good to see you too Captain @JavaBookGeekGirl ! Our Tactical Officer @janetheunicorn is in here somewhere...,neither,0.09934718545880304,0.32838528731175287,0.572267527229444
"""Please exit your life."" I love it!",neither,0.0568877677571494,0.3869660232448992,0.5561462089979513
gandsHype,neither,0.03945320844208391,0.33037608806864915,0.630170703489267
"I'm loving Gina's cat ears and rainbow shirt GayPride happy Pride, superpunks!",neither,0.038980048843874245,0.30736712036243913,0.6536528307936866
SAM...,neither,0.03945320844208391,0.33037608806864915,0.630170703489267
gandsHug,neither,0.03945320844208391,0.33037608806864915,0.630170703489267
PrideLionYay,neither,0.03945320844208391,0.33037608806864915,0.630170703489267
!points Sam,neither,0.03945320844208391,0.33037608806864915,0.630170703489267
"That was an excellent pun, Sam! Here, have some points for that one! You have been awarded 42 points!",neither,0.04959758875658654,0.38016803181004144,0.5702343794333722
channels Sam's excitement energy into the shields.,neither,0.03887645464748742,0.3199163392234449,0.6412072061290677
someone needs to harness Sam's energy,neither,0.0450465401095837,0.32709106903282165,0.6278623908575947
DANCE TIME,neither,0.03792659135524287,0.35628676418545685,0.6057866444593004
What up cyberpunks!!!,neither,0.04549209283961305,0.43877665191533993,0.5157312552450469
!serve to here is Officer Tactical .name my heard I,neither,0.07165065977120565,0.3579488621335998,0.5704004780951946
To be Sam is to be EXCITED,neither,0.06168355033929385,0.326690191254279,0.6116262584064271
stripGo stripGo stripGo,neither,0.03945320844208391,0.33037608806864915,0.630170703489267
Hi @ExcessiveWarlock,neither,0.03945320844208391,0.33037608806864915,0.630170703489267
kamabrChathug2 kamabrChathug2 kamabrChathug2 kamabrChathug2 kamabrChathug2 kamabrChathug2 kamabrChathug2 kamabrChathug2 kamabrChathug2 kamabrChathug2,neither,0.03945320844208391,0.33037608806864915,0.630170703489267
xyrith556 subscribed at Tier 1. They've subscribed for 26 months! woot,neither,0.022629269261829166,0.31592300263198236,0.6614477281061883
"Also @JavaBookGeekGirl @janetheunicorn , PILLOW FORT CREW HYPE! AGAIN!",neither,0.03813119582503614,0.3528140923579492,0.6090547118170146
THERE she is.,neither,0.05756010798881999,0.391666766268019,0.5507731257431611
Hakeem!!!,neither,0.03945320844208391,0.33037608806864915,0.630170703489267
@JavaBookGeekGirl gandsLessthanthree,neither,0.03945320844208391,0.33037608806864915,0.630170703489267
"I think when I go to GenCon, im going to make it a point to get the Cypher Core book",neither,0.04200821414621863,0.3744540547021414,0.5835377311516399
Woot! @JavaBookGeekGirl @Jeroth42,neither,0.03945320844208391,0.33037608806864915,0.630170703489267
if they're there,neither,0.03306691570785605,0.3092733750511023,0.6576597092410417
cannot wait for her to be on the show,neither,0.03929296277686465,0.4125010962105663,0.5482059410125689
<3 gandsC6 <3 gandsC6 <3 Sens gandsC6 <3,neither,0.03945320844208391,0.33037608806864915,0.630170703489267
PrydeNPaine subscribed at Tier 2. They've subscribed for 73 months!,neither,0.018730042386447116,0.3124437755681934,0.6688261820453595
Hello SuperPukes,neither,0.03945320844208391,0.33037608806864915,0.630170703489267
hi @orionlightning,neither,0.03945320844208391,0.33037608806864915,0.630170703489267
Hi @Alexanderhero83,neither,0.03945320844208391,0.33037608806864915,0.630170703489267
@shidareAKI Good to see you friend!! gandsLessthanthree,neither,0.07259236410929293,0.38464994262660807,0.5427576932640991
@JavaBookGeekGirl always ALWAYS good to see you,offensive_language,0.057907870147076955,0.47824115682045554,0.46385097303246753
"Such a crack reporter, somehow getting news from the moon during time shenanigans!",neither,0.03669167431679858,0.35987969516217844,0.603428630521023
@Jeroth42 @janetheunicorn I've waited so long to say this: Brace for feels! :D,neither,0.024954557118809388,0.32432464911753345,0.6507207937636572
!itsfine,neither,0.03945320844208391,0.33037608806864915,0.630170703489267
"We're fine. We're all fine here now, thank you. Uh, how are you?",neither,0.1599940322317317,0.33478147175030576,0.5052244960179626
👋 @JavaBookGeekGirl 👋,neither,0.03945320844208391,0.33037608806864915,0.630170703489267
What happens on the moon stays on the moon...no wait...,neither,0.04830010795213419,0.3291628345116571,0.6225370575362086
"wait does the ""radiance"" create the path for a crossover with overlight?",neither,0.02083168761641945,0.402371831689165,0.5767964806944156
she is definitely a super,neither,0.04999647843536555,0.41774479070078363,0.5322587308638509
"Hakeem, who are your sources? How do you keep getting all this info for the News?? {:3",neither,0.08420401964018219,0.4171647539237799,0.4986312264360379
Hey hey @Jimersion!!,neither,0.03945320844208391,0.33037608806864915,0.630170703489267
philbe63 subscribed at Tier 1. They've subscribed for 21 months! Yay Space Super Punks!!!!,neither,0.024937007108427396,0.3179873261266781,0.6570756667648946
the eye shines radiantly,neither,0.04670489561736624,0.3124249648759403,0.6408701395066934
"@JavaBookGeekGirl Ah, it's almost comforting... *runs around reinforcing pillow fort*",neither,0.03856812570634535,0.3306805086074717,0.6307513656861828
@Akeluus That's her power,offensive_language,0.025107658847240602,0.645260749978366,0.3296315911743935
Phon is so cool,neither,0.05258688837002,0.395052413387421,0.5523606982425592
oldschoolboy2k subscribed with Twitch Prime. They've subscribed for 2 months!,neither,0.017135853092050617,0.3228815153557895,0.6599826315521599
Scared to find out how much Earth time has passed.,neither,0.04031814552993993,0.2865874117992973,0.6730944426707628
Summary of last episode: What?!,neither,0.04546166361095693,0.32608188855419223,0.6284564478348508
@shidareAKI I love a villain that you love to hate,hate_speech,0.358135269621798,0.3206102708267009,0.32125445955150117
Hakeem = Hyperdimensional News Anchor {:3,neither,0.03945320844208391,0.33037608806864915,0.630170703489267
and remember the Moon is still a part of Mars,neither,0.04312454621303946,0.3013186841228247,0.6555567696641358
aaa I missed Sam say they're excited! nooo,neither,0.051454760405753475,0.31088474291740537,0.6376604966768412
Phon **nas-ty!**,neither,0.03945320844208391,0.33037608806864915,0.630170703489267
Also acceptable as summary for all of C6.,neither,0.033561259935617316,0.3897032473825515,0.5767354926818312
"@Jeroth42 Good news is, all the wine is still in the cellar and I was able to restock the pillow fort bar this weekend",neither,0.048521111086953256,0.32319278343877256,0.6282861054742741
@highvoltage988 I kind of don't even hate her because her powerset is SO COOL,offensive_language,0.12295093931017012,0.6839125447083978,0.1931365159814321
*emotional support Hufflepuff reporting for duty!!,neither,0.05824839594344935,0.29816786350667246,0.6435837405498782
"B'Zone yall! first time live in like over a year!!! ill be here for like 30 - 40 minutes, enjoy!",neither,0.0622520942469679,0.3358307793552876,0.6019171263977444
ppl 35,neither,0.03945320844208391,0.33037608806864915,0.630170703489267
Bring back the woman from daredevil :(,neither,0.03788874939477607,0.3323875996916827,0.6297236509135413
@JavaBookGeekGirl Woot!,neither,0.03945320844208391,0.33037608806864915,0.630170703489267
i,neither,0.03945320844208391,0.33037608806864915,0.630170703489267
HOPPS FTW,neither,0.03945320844208391,0.33037608806864915,0.630170703489267
"oldschoolboy2k subscribed with Twitch Prime. They've subscribed for 2 months, currently on a 2 month streak!",neither,0.020161301589277043,0.3305963852590941,0.6492423131516288
P.P. 35,neither,0.03945320844208391,0.33037608806864915,0.630170703489267
@shidareaki @chaoticloony hii! hugs,neither,0.03945320844208391,0.33037608806864915,0.630170703489267
i thought it was Fawn,neither,0.041450296232765145,0.1878707519308225,0.7706789518364123
"@JavaBookGeekGirl I'm so used to being the one providing all the snacks in Twitch chat. Now with all the GandsAlpha friends in chat, I gotta make room!",neither,0.03453018372303507,0.4276401268142995,0.5378296894626654
Hopps > Thor,neither,0.03945320844208391,0.33037608806864915,0.630170703489267
@RJLadyA hiiiiii,neither,0.03945320844208391,0.33037608806864915,0.630170703489267
GandsAlpha,neither,0.03945320844208391,0.33037608806864915,0.630170703489267
"runs around handing everyone their pillow, drink, and food of choice.",neither,0.035878517422760846,0.3644371182983519,0.5996843642788873
Jeroth slowly making me obsolete XD,neither,0.032303026825110825,0.3595524223310229,0.6081445508438663
Sail!,neither,0.03945320844208391,0.33037608806864915,0.630170703489267
"@gryphangirl Eric was in chat during ITTD and explained it's Phon, like phonetic, having to do with their sound power set",neither,0.04094006982692756,0.33503511628083743,0.624024813892235
hands out PopCorn,neither,0.03511784971783147,0.3470221955292934,0.6178599547528751
Hi Aki!,neither,0.03945320844208391,0.33037608806864915,0.630170703489267
hands everyone their tea of choice!,neither,0.034935169947594366,0.40705899246101784,0.5580058375913877
GandsAlpha,neither,0.03945320844208391,0.33037608806864915,0.630170703489267
Chat has become so self-sufficient. I'm so proud. XD,neither,0.03970621853935559,0.38971567006692587,0.5705781113937186
hack reality yall,neither,0.0382005908452122,0.3516362777589906,0.6101631313957973
GandsAlpha,neither,0.03945320844208391,0.33037608806864915,0.630170703489267
Lacy Honey Baby,neither,0.03945320844208391,0.33037608806864915,0.630170703489267
"Sorry Phon, in space no one can hear you be a biiiitch",neither,0.05159974662364829,0.4066693610178909,0.5417308923584607
hello everybody!,neither,0.03945320844208391,0.33037608806864915,0.630170703489267
uh ohh moon dust + electronics = not goof,neither,0.03852390249046086,0.3338540545995138,0.6276220429100254
Hello @shidareaki,neither,0.03945320844208391,0.33037608806864915,0.630170703489267
good*,neither,0.037820165765928906,0.33093776632913474,0.6312420679049364
jcvimTeatime,neither,0.03945320844208391,0.33037608806864915,0.630170703489267
Jeroth42 subscribed at Tier 1. They've subscribed for 58 months! Pillow Fort Hype!,neither,0.023461363516185586,0.3166682606750224,0.6598703758087919
Hi @lemoneaterl,neither,0.03945320844208391,0.33037608806864915,0.630170703489267
@Alexanderhero83 hiii,neither,0.03945320844208391,0.33037608806864915,0.630170703489267
MechaLacy,neither,0.03945320844208391,0.33037608806864915,0.630170703489267
Honey Lagrangia Baby,neither,0.03945320844208391,0.33037608806864915,0.630170703489267
Lunar Surface Battle!!,neither,0.03945320844208391,0.33037608806864915,0.630170703489267
"Hello friends, I am so glad you're all here!",neither,0.12900502536748062,0.40268761122850133,0.468307363404018
@shidareaki lol but we still need to give hugs!,neither,0.03424189273579211,0.39366802387748856,0.5720900833867194
thanks for the popcorn and tea! hey @chaoticloony !,neither,0.03314108371979693,0.2627635294794093,0.7040953868007938
LHB: Lacy Honey Baby,neither,0.03945320844208391,0.33037608806864915,0.630170703489267
Akiiiiiiii,neither,0.03945320844208391,0.33037608806864915,0.630170703489267
"@shidareAKI Oo, well there's always room for more snacks - @Jeroth42 is mostly limited to cookies and beverages :D",neither,0.04318320965001277,0.29467915342639184,0.6621376369235954
"Came in late, could someone recap Episode 1 and anything I missed?",neither,0.03896934722050602,0.3068188115277573,0.6542118412517368
@shidareAKI Great job on TBD Wednesday!,neither,0.035286470260491275,0.31943064219794287,0.6452828875415658
Lacey Ba,neither,0.03945320844208391,0.33037608806864915,0.630170703489267
Lacy's powers say hack the planet,neither,0.03887999369398631,0.3199814578646713,0.6411385484413423
"@RJLadyA well, I'm still chat Cleric. As long as Revivify is needed, I am here",neither,0.06777441895477875,0.35431709295702507,0.5779084880881962
"@shidareAKI I miss Alpha chat, but it's great to have such a full pillow fort!",neither,0.04478277547054442,0.319771087637736,0.6354461368917196
@DJPheonyx oh thank you so much!,neither,0.06078725207687755,0.39604718404937905,0.5431655638737435
"Oh hey, I forgot about chat... it's been so long! Hi everyone!",neither,0.03645238108502336,0.40925574486844646,0.5542918740465304
@JavaBookGeekGirl oh we got a FULL SPREAD HERE,neither,0.11693567723307037,0.28501168406614485,0.5980526387007847
All this action scene unfolds in my mind.,neither,0.03135445310704954,0.4623093237831202,0.5063362231098303
Hi @Mulukh,neither,0.03945320844208391,0.33037608806864915,0.630170703489267
she gonna 'splode?,offensive_language,0.040508100709272785,0.588944661724797,0.3705472375659301
I spare no expense for imaginary internet snacks,neither,0.03488741517407733,0.3193690161962265,0.6457435686296963
today's tea is English black.,neither,0.06507822107458214,0.2920738099776327,0.6428479689477851
not being sucked out of a portal is good start!,neither,0.036220873293404614,0.369309006962569,0.5944701197440264
evening @Mulukh :D,neither,0.03945320844208391,0.33037608806864915,0.630170703489267
Well that is Murder,neither,0.04384004937983288,0.3736990359580099,0.5824609146621572
@JavaBookGeekGirl I try to theme my snacks and drinks!,neither,0.03481916658217014,0.3579975641899093,0.6071832692279204
huzzah made it.... well made it to my xbox so i get to watch in comfort now,neither,0.040698428350271064,0.40895476133161973,0.5503468103181093
quietly eats an imaginary cookie,neither,0.03966416407919411,0.3267956203565473,0.6335402155642587
HOLY SHIT,offensive_language,0.04257650662097627,0.9573463282193174,7.716515970639687e-05
@shidareAKI YES! Snack gandsHype,neither,0.03945320844208391,0.33037608806864915,0.630170703489267
~Initiates Doctored Mac 'n Cheese~,neither,0.03945320844208391,0.33037608806864915,0.630170703489267
"@VermillionCrimson time went loopy, Anton and Oya went missing, Phon attacked the moon base, and Lacy portalled themself and Phon into space- typical Campbell Cliffhanger",neither,0.037851268043888255,0.28585405364559996,0.6762946783105118
@RJLadyA I've got some yummy Assam,neither,0.01476551616713619,0.36384387914416744,0.6213906046886964
Yaaass Cass,neither,0.03945320844208391,0.33037608806864915,0.630170703489267
I feel as though a C gandsC6 snack bar with no donuts and funnel cakes is incomplete,neither,0.03576580777199445,0.3499082043809558,0.6143259878470497
We have a subscriber-only Discord server! Join here: https://discord.gg/geekandsundry (you'll need to sub and link it to your Twitch) and be a part of the fun!...Warning: It can take up to an hour for the server to update and give you access to the channels,neither,0.08464076273808444,0.286394834032893,0.6289644032290227
Lacy gonna watch someone asphyxiate?,neither,0.04330701221121569,0.3696004299761241,0.5870925578126603
@jeroth42 I post the pot of tea I've made for everyone to share :),neither,0.022515631926404725,0.35519447152960487,0.6222898965439904
And C6 are basically gods right now yeah?,neither,0.03968834875105415,0.37534482370895816,0.5849668275399876
brutal.,neither,0.03945320844208391,0.33037608806864915,0.630170703489267
#TheraPunches,neither,0.03945320844208391,0.33037608806864915,0.630170703489267
oh booooooooy,neither,0.051363287716059566,0.22255663153133606,0.7260800807526044
Sets up another round of critroleBts nice n easy all ...... nice n easy,neither,0.06047633008121132,0.3555118047760843,0.5840118651427044
@shidareAKI franki9Love franki9Hi vieHi,neither,0.03945320844208391,0.33037608806864915,0.630170703489267
you implode when exposed to space,neither,0.04960305062312989,0.4162120845231533,0.5341848648537167
hey @FrankieDooSpace,neither,0.03945320844208391,0.33037608806864915,0.630170703489267
Happy Donut Day,neither,0.03994283806317536,0.31592666473771486,0.6441304971991099
<3,neither,0.03945320844208391,0.33037608806864915,0.630170703489267
"@shidareAKI funnel cakes, coffee, and chicken feed",neither,0.0448233158551934,0.19936901994460882,0.7558076642001978
"Just a reminder for everyone, there are currently five or six Cass' in this scene",neither,0.0414887650832896,0.33713301126800793,0.6213782236487025
critroleKeyfish,neither,0.03945320844208391,0.33037608806864915,0.630170703489267
"@shidareAKI It's true, I had a funnel cake machine in the pillowfort but we definitely need doughnuts!",neither,0.036436311332853036,0.32775508379463697,0.63580860487251
<3,neither,0.03945320844208391,0.33037608806864915,0.630170703489267
gives donut,neither,0.03945320844208391,0.33037608806864915,0.630170703489267
@RJLadyA Awe-Sam! *helps hand out tea to those who want it*,neither,0.05417360274813065,0.33050459815075095,0.6153217991011184
And there is multiple Cassie's too,neither,0.04485628063818057,0.2703880314768716,0.6847556878849479
"Good call, Cobalt!",neither,0.03834978857227872,0.33075560475985816,0.6308946066678632
"Help G&S make great content! $4.99/month gets you emotes, Minecraft server access, sub-only VODs, and more! Every sub keeps the channel alive! twitch.tv/geekandsundry/subscribe",neither,0.043907990691603095,0.31135964332838284,0.644732365980014
ah yeah I forgot Cass went full Jaime Maddrox,neither,0.03769823768591143,0.40295530546695796,0.5593464568471306
"Time for Lacey Honey to go Hulkbuster on Phon, on the MOOOOON!",neither,0.034170512115475095,0.33140573551019653,0.6344237523743284
Calls in an order for 12 Dozen Donuts -- STAT -->> the drones should be delivering them within 8 minutes!,neither,0.04690690357182543,0.31925980127677805,0.6338332951513965
"If I recall correctly from last season, they basically got super charged with another dose of Callisto 6 and got new god powers right?",neither,0.040529612913295245,0.32110852866162337,0.6383618584250813
@rositalagata I have 65 blends in my tiny apt. And I grow mint for it. so always share tea with me!,neither,0.023700603041539602,0.4139121267509058,0.5623872702075546
To the Moon Phon!!! (You know like in the Honeymooners),neither,0.08050811086392752,0.3501478967629581,0.5693439923731144
@vermillioncrimson yul,neither,0.03945320844208391,0.33037608806864915,0.630170703489267
yup,neither,0.03945320844208391,0.33037608806864915,0.630170703489267
There is very little Lacy *doesn't* know right now,neither,0.043963445498224896,0.31545058167655543,0.6405859728252196
"Get your pokeball ready, Lacy! Gotta catch 'em all!",neither,0.060480751978470866,0.4036794847322478,0.5358397632892815
is schedule still a commandd?,neither,0.047971377754280474,0.3441956049462863,0.6078330172994333
Lacy doesn't kill people. The vacuum of space kills people.,neither,0.2946678037361185,0.22220123427009103,0.4831309619937905
@RJLadyA That is a glorious selection!!!!,neither,0.0436934699612105,0.3723876712986079,0.5839188587401816
@jeroth42 thank you!,neither,0.07325166854587051,0.43632638485078484,0.49042194660334476
Physics doesn't care about your biological needs.,neither,0.061029252037322956,0.3446852887897744,0.5942854591729025
The vacuum of Space.... the Ultimate Equalizer,neither,0.038226070810984274,0.3077054122254702,0.6540685169635454
Now she's thinking with Portals,neither,0.027910414938538346,0.4837677275708703,0.4883218574905915
I'm proud and disappointed at the same time?,neither,0.03731139056315687,0.3257206390064862,0.6369679704303569
The vaccuum of space is possibly the exact opposite of a jail.,neither,0.042824895452361005,0.3111312963636103,0.6460438081840287
#LacDOS,neither,0.03945320844208391,0.33037608806864915,0.630170703489267
!nonbinary,neither,0.03945320844208391,0.33037608806864915,0.630170703489267
"Geek and Sundry has many diverse hosts and characters played, including non-binary hosts who are not men or women. The channel currently features Sam de Leve on Callisto 6. They are non-binary and use they/them/their pronouns. For more information on transgender terminology and people who are nonbinary, check out this helpful link: http://translanguageprimer.org/",neither,0.05202212864253532,0.2870826123157873,0.6608952590416775
"No, thank you for the comforting tea @RJLadyA !",neither,0.045225766345905825,0.34371981688523323,0.6110544167688609
"Oh, Lacy can open portals now. No biggie. 😲😲😲",neither,0.04262727375307465,0.30250803224869727,0.6548646939982282
your mercy will be your undoing,neither,0.117821846723139,0.29122730700501187,0.5909508462718491
Just a refresher course for everyone to watch their pronouns,neither,0.03584672319957589,0.39004072014098107,0.5741125566594429
@Jeroth42 Should I prepare the backup shields with Sam energy?,neither,0.03821166527567392,0.3657530146253578,0.5960353200989682
hack spacetime,neither,0.03945320844208391,0.33037608806864915,0.630170703489267
@rositalagata feel free to whisper or tell me the brands you like so I can try more! the most tea I ever had was 96.,neither,0.052131000970251716,0.37694121735826835,0.5709277816714798
"If your wondering how they eat and breathe and other science facts, just repeat to yourself its superpunks and you should really just relax.",neither,0.047260152153014476,0.3468086543987155,0.6059311934482701
like Flynn hack the planet lacy,neither,0.0465092909354596,0.32919885249330044,0.6242918565712399
