text,top_class,hate_speech,offensive_language,neither
Hi @galaxycleric,neither,0.03945320844208391,0.33037608806864915,0.630170703489267
@galaxycleric good evening!,neither,0.03869882722860525,0.3306355543605695,0.6306656184108252
*sips coffee*,neither,0.048750047344164105,0.17258446908422165,0.7786654835716144
I'M A VAMPIRE,neither,0.03945320844208391,0.33037608806864915,0.630170703489267
I believe in Jasper!,neither,0.03945320844208391,0.33037608806864915,0.630170703489267
I wonder if anybody will play the scourge as a guest.,neither,0.02647562808455623,0.3633963129252282,0.6101280589902156
evening everyone,neither,0.033219361956460275,0.4361807319725941,0.5305999060709456
anyone know the name of this music?,neither,0.0385456146687493,0.31680845964473037,0.6446459256865203
Give us that vampire story!,neither,0.06696937546083212,0.3588333211067759,0.5741973034323918
I'm ready for Moshpit 2: Electric Bugaloo,neither,0.03361731233559158,0.30123194372648976,0.6651507439379187
"HubbyAF subscribed at Tier 1. They've subscribed for 2 months, currently on a 1 month streak! Wooooo",neither,0.02239512321462605,0.3238220280209259,0.653782848764448
Subs gandsHype gandsLessthanthree Resubs!,neither,0.03945320844208391,0.33037608806864915,0.630170703489267
Durandal2100 subscribed with Twitch Prime. They've subscribed for 6 months!,neither,0.017135853092050617,0.3228815153557895,0.6599826315521599
Hello Vamily~!!!,neither,0.03945320844208391,0.33037608806864915,0.630170703489267
@paperryman sup homie?,neither,0.03945320844208391,0.33037608806864915,0.630170703489267
good evening vamily. rep gangrel,neither,0.03888826278174342,0.3305703987871639,0.6305413384310927
show the Lasombra they're messing with the wrong coterie!,neither,0.05386802898015168,0.2511505128192295,0.6949814582006187
I kinda wish they had a smoother transition between the youtube update schedule and the livesteam schedule but here goes watching it I guess?,neither,0.051691498334358085,0.29248739791180023,0.6558211037538416
Grats @ Chips63,neither,0.03945320844208391,0.33037608806864915,0.630170703489267
Everything is going to be fine,neither,0.05445844064154144,0.3546795003393728,0.5908620590190858
good evening everyone.,neither,0.03308870833616604,0.42926799388711456,0.5376432977767195
i dipped out of cr for this hoo boy,neither,0.0329681803051257,0.32227479149791516,0.6447570281969591
Hello Jason!,neither,0.03945320844208391,0.33037608806864915,0.630170703489267
HERE WE GO,neither,0.13156755280784707,0.2765461283225309,0.5918863188696221
AngryPunda subscribed with Twitch Prime. They've subscribed for 5 months!,neither,0.017135853092050617,0.3228815153557895,0.6599826315521599
vamily!,neither,0.03945320844208391,0.33037608806864915,0.630170703489267
and its Live,neither,0.03566633724285578,0.27726407577955864,0.6870695869775856
hiiii,neither,0.03945320844208391,0.33037608806864915,0.630170703489267
Wooo!,neither,0.03945320844208391,0.33037608806864915,0.630170703489267
"oohhh, just ,made it",neither,0.030598463871816552,0.3647224530537287,0.6046790830744548
yesss,neither,0.03945320844208391,0.33037608806864915,0.630170703489267
Yay!!! <3,neither,0.03945320844208391,0.33037608806864915,0.630170703489267
Hi @crustvamp,neither,0.03945320844208391,0.33037608806864915,0.630170703489267
blehpWink,neither,0.03945320844208391,0.33037608806864915,0.630170703489267
wooohooo,neither,0.03945320844208391,0.33037608806864915,0.630170703489267
Woo!,neither,0.03945320844208391,0.33037608806864915,0.630170703489267
Good evening!,neither,0.03869882722860525,0.3306355543605695,0.6306656184108252
jcvimLove Jason,neither,0.03945320844208391,0.33037608806864915,0.630170703489267
yay!!,neither,0.03945320844208391,0.33037608806864915,0.630170703489267
hello good evening and welcome,neither,0.03831002042117786,0.29882479643417353,0.6628651831446486
bryandHypeBlue bryandHypeBlue,neither,0.03945320844208391,0.33037608806864915,0.630170703489267
"Its fine, totally fine. Cool cool cool",neither,0.036454636188744324,0.33140743456791,0.6321379292433457
~Howls~ <3,neither,0.03945320844208391,0.33037608806864915,0.630170703489267
Grats @HubbyAF,neither,0.03945320844208391,0.33037608806864915,0.630170703489267
gandsHype,neither,0.03945320844208391,0.33037608806864915,0.630170703489267
nakkid1AY,neither,0.03945320844208391,0.33037608806864915,0.630170703489267
ello all,offensive_language,0.046917543854519406,0.6277741405869331,0.3253083155585475
Swimming? I thought we were dancing?,neither,0.04197638500948703,0.24153201361493307,0.7164916013755798
Sharks! whooo,neither,0.03945320844208391,0.33037608806864915,0.630170703489267
Hi @YokeThatOneBloke,neither,0.03945320844208391,0.33037608806864915,0.630170703489267
"wwoooohhooooo lets do this, its gonna get wild tonight",neither,0.03218049100973033,0.36588411976541607,0.6019353892248536
Grats @Durandal2100,neither,0.03945320844208391,0.33037608806864915,0.630170703489267
Good morning vamily! (6 am in my part of the world),neither,0.034646978405594914,0.27233848349919776,0.6930145380952073
We have a subscriber-only Discord server! Join here: https://discord.gg/geekandsundry (you'll need to sub and link it to your Twitch) and be a part of the fun!...Warning: It can take up to an hour for the server to update and give you access to the channels,neither,0.08464076273808444,0.286394834032893,0.6289644032290227
oh Jasper lol,neither,0.036428336689972605,0.33548359397001803,0.6280880693400094
Aliza!,neither,0.03945320844208391,0.33037608806864915,0.630170703489267
Grats @AngryPunda,neither,0.03945320844208391,0.33037608806864915,0.630170703489267
oooooh thats a special guest chair,neither,0.06333881360625314,0.31597660499853125,0.6206845813952158
"yeah, alot of people i know just wait for the youtube upload since the gap is so long",neither,0.038982217261656786,0.38324027122165394,0.5777775115166893
yay Aliza's back! <3,neither,0.03945320844208391,0.33037608806864915,0.630170703489267
@happilymacabre I did too,neither,0.03902612666640046,0.3376247803966143,0.6233490929369854
@chaoticloony HI!,neither,0.03945320844208391,0.33037608806864915,0.630170703489267
Lavander is back,neither,0.05875706531986774,0.3237366064983911,0.6175063281817412
!whodat,neither,0.03945320844208391,0.33037608806864915,0.630170703489267
"GM Jason Carl ( twitter.com/vampiresnvino ), with Alex Ward ( twitter.com/AlexWard777 ), Erika Ishii ( twitter.com/erikaishii ), Cynthia Marie ( twitter.com/Cyndancer ), B. Dave Walters ( twitter.com/BDaveWalters ), Aliza Pearl ( twitter.com/AlizaPearl ).",neither,0.03647864301747756,0.4698151594139895,0.4937061975685331
"Victor: ""This is Fiiiiine""",neither,0.0492744971941354,0.32883091238994555,0.6218945904159191
first time live too,neither,0.0345471081581582,0.3580522940348073,0.6074005978070345
JC gave that look,neither,0.03654165207581804,0.38587473113651727,0.5775836167876647
WHo is Josh Summer,neither,0.048001649124519916,0.38958229826917595,0.5624160526063041
Yay I am finally here to watch this live!,neither,0.0931023425265112,0.29596718827854857,0.6109304691949402
Hi @LamiaZenzibar,neither,0.03945320844208391,0.33037608806864915,0.630170703489267
"""I'm Victor Temple, and welcome to Jackass""",neither,0.04334467150883577,0.3007695677885451,0.6558857607026191
woo Aliza!,neither,0.03945320844208391,0.33037608806864915,0.630170703489267
uh oh,neither,0.04643193976314166,0.26471338503087416,0.6888546752059841
oh who is that?,neither,0.05566914497734547,0.4122686975054248,0.5320621575172297
"Durandal2100 subscribed with Twitch Prime. They've subscribed for 6 months, currently on a 6 month streak!",neither,0.020161301589277043,0.3305963852590941,0.6492423131516288
"""Under control"" while Jasper is basically breakdance dueling with a Scourge.",neither,0.03646673872042009,0.3539363603970284,0.6095969008825514
"""under control""",neither,0.03945320844208391,0.33037608806864915,0.630170703489267
DRAMATICALLY appropriate time,neither,0.03821333703971211,0.3514199415734102,0.6103667213868778
jcvimLove nelliBae,neither,0.03945320844208391,0.33037608806864915,0.630170703489267
Victor's son,neither,0.03945320844208391,0.33037608806864915,0.630170703489267
Good evening vamily,neither,0.03869882722860525,0.3306355543605695,0.6306656184108252
This is fine. CurseLit,neither,0.052115553537423503,0.3283153780915982,0.6195690683709782
oh that eyebrow-twitch <3 Storyteller Jason Carl forever!,neither,0.04009912971877051,0.32585543217682184,0.6340454381044075
"Mr. Temple, your club *has* to survive to 2120! ;3",neither,0.07339010897600742,0.3134105582207797,0.613199332803213
Dogmight Deal https://twitter.com/GeekandSundry/status/1138119886058577920,neither,0.03890147282999014,0.419433067928557,0.5416654592414529
#helloscreen,neither,0.03945320844208391,0.33037608806864915,0.630170703489267
Under whose control?,neither,0.03945320844208391,0.33037608806864915,0.630170703489267
Hi @Somberlain,neither,0.03945320844208391,0.33037608806864915,0.630170703489267
@Onairic Lavender.,neither,0.03945320844208391,0.33037608806864915,0.630170703489267
time to see victor show why he is the baron!!!,neither,0.056799861399605744,0.2775619154672301,0.6656382231331642
#DramaticallyAppropriate,neither,0.03945320844208391,0.33037608806864915,0.630170703489267
I am ready for the latest episode of So You Can Think You Can Dance....WITH A LASOMBRA!,neither,0.045474331555780435,0.39234541066380996,0.5621802577804096
Did I miss Arch Angel recap?,neither,0.03398208018327584,0.332257859958736,0.6337600598579881
Aliza is working hard today!,offensive_language,0.03622145985391039,0.5196287189281136,0.4441498212179759
"don't go in the ocean, thats the sharks home",neither,0.03894750903159704,0.3070479429246768,0.6540045480437262
Good evening #vamily,neither,0.03869882722860525,0.3306355543605695,0.6306656184108252
At least they’re not swimming with fire breathing dragons?,neither,0.04025606227623178,0.3522825968038045,0.6074613409199637
"Help G&S make great content! $4.99/month gets you emotes, Minecraft server access, sub-only VODs, and more! Every sub keeps the channel alive! twitch.tv/geekandsundry/subscribe",neither,0.043907990691603095,0.31135964332838284,0.644732365980014
who's josh summer?,neither,0.04007490648461306,0.39486218821181546,0.5650629053035716
@philbe63 Nope.,neither,0.03945320844208391,0.33037608806864915,0.630170703489267
@philbe63 No,neither,0.036918905254960256,0.37338982715841207,0.5896912675866277
#JC and the Screen,neither,0.037566440224866424,0.259705537556556,0.7027280222185776
the real love story of LA By Night; Jason Carl and his storyteller screen,neither,0.04062539125459197,0.3979291218168191,0.561445486928589
Yay!!!,neither,0.03945320844208391,0.33037608806864915,0.630170703489267
That dance last week was so tense,neither,0.03645769979904936,0.3953838270579088,0.5681584731430419
makes a note of that,neither,0.03538733437152213,0.37435721424407564,0.5902554513844023
daniellecd subscribed at Tier 1. They've subscribed for 5 months!,neither,0.018730042386447116,0.3124437755681934,0.6688261820453595
Does X run into the sharks when he goes in the Pacific Ocean?,neither,0.02596684217063797,0.4277782368794439,0.5462549209499182
@faethepagann YES!,neither,0.03945320844208391,0.33037608806864915,0.630170703489267
THANK YOU HeroForge!,neither,0.07325166854587051,0.43632638485078484,0.49042194660334476
woot@!@,neither,0.03945320844208391,0.33037608806864915,0.630170703489267
Woo!,neither,0.03945320844208391,0.33037608806864915,0.630170703489267
@deathandsaints I ship it,neither,0.037770165237438216,0.33095496380368705,0.6312748709588748
"@xo_girlwonder That'd probably be better, Jasper is a champ with fire. :D",neither,0.03382921121228315,0.3937682929266562,0.5724024958610606
hey Vamily rooHi,neither,0.03945320844208391,0.33037608806864915,0.630170703489267
WOO!,neither,0.03945320844208391,0.33037608806864915,0.630170703489267
Aliza's a <3 Beast <3 Love when she's a vamp guest :3,neither,0.030380182408213424,0.4488182987292476,0.520801518862539
bryandLurk,neither,0.03945320844208391,0.33037608806864915,0.630170703489267
Hero Forge - Custom Miniatures https://www.heroforge.com/,neither,0.03945320844208391,0.33037608806864915,0.630170703489267
hello vamily,neither,0.03945320844208391,0.33037608806864915,0.630170703489267
Grats @daniellecd,neither,0.03945320844208391,0.33037608806864915,0.630170703489267
"This is gonna be awesome, I love the cast but im secretly hoping that annane;e gets her arse kicked. No offense Erica Aishii :)",neither,0.03325488993567025,0.4717555640677338,0.4949895459965959
does that include the wondercon episode?,neither,0.02513314710461211,0.45234208407847093,0.522524768816917
he does love his screen,neither,0.04707107860947043,0.46174198590635235,0.4911869354841773
Oh that is so cool!,neither,0.05116192125912746,0.3717688995233999,0.5770691792174726
"Hey, @Rats808",neither,0.03945320844208391,0.33037608806864915,0.630170703489267
HeroForge are the real hero,neither,0.055753181921719144,0.39331455041230534,0.5509322676659755
Hi @oldschoolboy2k,neither,0.03945320844208391,0.33037608806864915,0.630170703489267
Jason Carl really does love his Dramatically Appropriate Moments,neither,0.0405451913257449,0.41558603406856937,0.5438687746056857
"that hate tango was wild last week, I'm so ready for this episode",neither,0.11891699255712013,0.30353944786169124,0.5775435595811886
The love between DM and screen is the ultimate love story! Better than Twilight.,neither,0.03887514321072706,0.3087762576030953,0.6523485991861777
Vampire The Masquerade : L.A. By Night Podcasts! Get them in your ears! Main Podcast Page: http://labynight.geekandsundry.com/ or https://bit.ly/2X0XVWg iTunes: https://apple.co/2ZBOeit Stitcher: https://bit.ly/2KwQC6A Google Play: http://bit.ly/2L5Cq48,neither,0.044727754455725306,0.2792397831683185,0.676032462375956
!vtmpodcast,neither,0.03945320844208391,0.33037608806864915,0.630170703489267
"Hello vampires! You can now find seasons 1 and 2 of Vampire the Masquerade: L.A. By Night in podcast form at the following locations: Geek & Sundry: http://labynight.geekandsundry.com/ | iTunes: https://apple.co/2ZBOeit | Stitcher: https://bit.ly/2KwQC6A | Google Play: http://bit.ly/2L5Cq48 The best way to get this podcast in front of more eyes (or ears) is to rate, review, and subscribe to the podcast on iTunes or whatever podcast app you use.",neither,0.03881992188873987,0.27405757033878075,0.6871225077724794
#secrets,neither,0.03945320844208391,0.33037608806864915,0.630170703489267
"Hi, @oldschoolboy2k",neither,0.03945320844208391,0.33037608806864915,0.630170703489267
More Secrets,neither,0.04166920844275053,0.3188543074992032,0.6394764840580464
No one realizes that Jason Carl goes home and has to make a lot of notes...Metallic note symbols...,neither,0.03962215871322234,0.3482681011939071,0.6121097400928704
here comes the radio,neither,0.08722978529903144,0.2761102333880037,0.6366599813129649
#AllTheSecrets,neither,0.03945320844208391,0.33037608806864915,0.630170703489267
THX @Danoba,neither,0.03945320844208391,0.33037608806864915,0.630170703489267
how's everyone doing today vamily?,neither,0.032176697035418235,0.41194499961914127,0.5558783033454404
queue Archangel...,neither,0.03945320844208391,0.33037608806864915,0.630170703489267
oh.... a pre show secret???? ooooOOOO,neither,0.058172854201237106,0.22291464876665926,0.7189124970321036
"Starting with it, eh?",neither,0.027936129295793383,0.3671412140014418,0.6049226567027647
#SecretsHaveAWayofGettingOut,neither,0.03945320844208391,0.33037608806864915,0.630170703489267
ah the radio,neither,0.03848952472144884,0.31271444365659934,0.6487960316219519
Valkyrie Recap onna RaDiOoOoOo,neither,0.03945320844208391,0.33037608806864915,0.630170703489267
real low...,offensive_language,0.030193053448952182,0.498421419970813,0.47138552658023475
oh man oh man oh man,neither,0.0497452509521963,0.354443561064239,0.5958111879835646
Volume low or just me?,neither,0.029849989354961172,0.3815199781284387,0.5886300325166001
oh boy i have only kept up on youtube im gonna be confused,neither,0.037949916703951175,0.4015020047320249,0.560548078564024
this always reminds me of fallout,neither,0.03253965909830566,0.40310205505047364,0.5643582858512207
so quite,neither,0.03940834821276867,0.3889047143133703,0.5716869374738611
radio!!!,neither,0.03945320844208391,0.33037608806864915,0.630170703489267
volume!,neither,0.03945320844208391,0.33037608806864915,0.630170703489267
reallllllllly quiet,neither,0.03945320844208391,0.33037608806864915,0.630170703489267
much better thank you,neither,0.05318337170341235,0.4002335342375927,0.5465830940589949
Full swing.,neither,0.06204605727096104,0.32260537134770245,0.6153485713813365
secrets? what secrets? ;),neither,0.04302344665705477,0.3277875059888888,0.6291890473540565
Arch Angel the X-men,neither,0.03846873702368721,0.3123225474034087,0.6492087155729042
Who is Arch Angel??? Thoughts?,neither,0.0478156826242702,0.3883673560326868,0.563816961343043
Is the radio for us or for the world?,neither,0.06270394323967697,0.26352595703264187,0.6737700997276811
way better,neither,0.03961441507330302,0.3317260116438402,0.6286595732828569
Ty <3,neither,0.03945320844208391,0.33037608806864915,0.630170703489267
Do y'all think its Sycorax?,neither,0.03611467741868385,0.42256290110025824,0.541322421481058
volume low,neither,0.03945320844208391,0.33037608806864915,0.630170703489267
Might need to up the volume before the youtube verzion,neither,0.037972161284799494,0.3819197819671001,0.5801080567481004
i swear this sounds like the voice Becca uses on Betrayal Legacy,neither,0.043556787885791814,0.33953752540112453,0.6169056867130837
Oo Miranda,neither,0.03945320844208391,0.33037608806864915,0.630170703489267
tho,neither,0.03122409610077646,0.34970859411004623,0.6190673097891772
Miranda gandsLessthanthree gandsLessthanthree,neither,0.03945320844208391,0.33037608806864915,0.630170703489267
and VV,neither,0.03763944115734239,0.1918412352459551,0.7705193235967025
ooooh she said shit... FCC gonna crack down on that,offensive_language,0.040187830913133396,0.9575838822251244,0.0022282868617421576
"@lawofrelativity ""Kindred never changes""",neither,0.03483658531920754,0.37754567126090965,0.5876177434198827
Satine!,neither,0.03945320844208391,0.33037608806864915,0.630170703489267
the club is so hot,neither,0.047709244837362955,0.3582038352829645,0.5940869198796725
@HopefulNinja ramaThink,neither,0.03945320844208391,0.33037608806864915,0.630170703489267
#WhoIsArkAngel,neither,0.03945320844208391,0.33037608806864915,0.630170703489267
uh ohh,neither,0.03945320844208391,0.33037608806864915,0.630170703489267
"@ivanrollit Noooooo, not nearly angry sounding enough. :D",neither,0.038492209319169045,0.3339737846171737,0.6275340060636572
Doesn't Archangel sound like Fiona?,neither,0.05373190932722912,0.3505875539557322,0.5956805367170386
northernshaman2 subscribed at Tier 1. They've subscribed for 9 months!,neither,0.018730042386447116,0.3124437755681934,0.6688261820453595
ooooh the cinematography for that pan-in! <3 tech staff doing an amazing job! <3,neither,0.03377403201708028,0.3248650759009453,0.6413608920819744
"@TheGreenman Well, it's a pirate broadcast, so they're already not happy. XD",neither,0.04767074078762433,0.35576761518589245,0.5965616440264832
Grats @northernshaman2,neither,0.03945320844208391,0.33037608806864915,0.630170703489267
gandsHype gandsLessthanthree Resub,neither,0.03945320844208391,0.33037608806864915,0.630170703489267
Sounds like Deb,neither,0.049913241955852256,0.3455975087995379,0.6044892492446099
OMG putting it all out there.. clans and all?,neither,0.03691909986664985,0.3774427519175592,0.585638148215791
"@DemosthenesHPW the voice sounds VERY familiar, I just can't place itr",neither,0.03789764305224012,0.2939272702683741,0.6681750866793859
Fiona,neither,0.03945320844208391,0.33037608806864915,0.630170703489267
valley tryhards XD,neither,0.03945320844208391,0.33037608806864915,0.630170703489267
deploys Dark Chocolate Sea Salt Milanos~,neither,0.03945320844208391,0.33037608806864915,0.630170703489267
valley try hards lol,neither,0.03174863968014926,0.3862214435493107,0.5820299167705402
this is a huuuge mascarade violations,neither,0.06444388513749441,0.32581973129223984,0.6097363835702658
give those Lasombra a dirt nap,neither,0.061853381777889446,0.2666879738461765,0.671458644375934
Sounds more like Becca,neither,0.05772363949035159,0.3382323358790807,0.6040440246305677
Who even says Cutting a rug anymore!,neither,0.03918253889874879,0.3876708861735812,0.57314657492767
oh this is delicious,neither,0.054553831711309134,0.27681811949078494,0.668628048797906
Sundry times? Perfect for this channel,neither,0.03434681728093211,0.3065312968837765,0.6591218858352914
"@ivanrollit I mean, there's a 99% chance it's someone else who hasn't done this show who is on GnS somewhere else. :D",neither,0.04815161672312118,0.34504091949735016,0.6068074637795288
Valley try hards lol,neither,0.03174863968014926,0.3862214435493107,0.5820299167705402
oh yeah,neither,0.022533380315967178,0.4254575626619046,0.5520090570221282
She sounds like Therese,offensive_language,0.05898965997756349,0.4865007202847776,0.45450961973765885
I pick things up and put them down,neither,0.053147588985006496,0.26262456809809187,0.6842278429169016
#TeamTryHarder,neither,0.03945320844208391,0.33037608806864915,0.630170703489267
I really do think its Chloe,neither,0.035695747450875406,0.32399044491847406,0.6403138076306506
omw,neither,0.03945320844208391,0.33037608806864915,0.630170703489267
Anyone else having trouble with loading. It keeps buffering on me every 5 seconds.,neither,0.026843726466942577,0.38453710121712675,0.5886191723159307
Valley Tryhard Sick Burns,neither,0.03945320844208391,0.33037608806864915,0.630170703489267
All boss fights should happen on a Dance Floor ;3,neither,0.046782979663050624,0.4142164519967298,0.5390005683402196
some crazy stuff about to go down in front of the normies on the dance floor,neither,0.02940310203744676,0.4047577526760354,0.5658391452865179
it could be someone new entirely,neither,0.04169429039247443,0.25565313823589275,0.7026525713716327
Vampire The Masquerade : L.A. By Night recap https://twitter.com/GeekandSundry/status/1142250855523061761,neither,0.03471820103726745,0.4142134140861602,0.5510683848765724
Nice recap! BloodTrail,neither,0.03945320844208391,0.33037608806864915,0.630170703489267
I have a taste for danger. To everyone I stay a stranger,neither,0.035269575803064966,0.38135381724770784,0.5833766069492272
jets,neither,0.03945320844208391,0.33037608806864915,0.630170703489267
"Chloe that's it haha, couldn't remember the character name",neither,0.0332037787795085,0.3905958323599032,0.5762003888605882
sacha vykos!!!!! please!!!,neither,0.03945320844208391,0.33037608806864915,0.630170703489267
"@DemosthenesHPW that's fair, I guess I convinced myself it was someone we had already met in this chronicle",neither,0.0355014708702747,0.3705696127803022,0.593928916349423
I love sharks :),neither,0.03217296676969875,0.3657703709031763,0.602056662327125
But how would Chloe get this information?,neither,0.03624345890225358,0.34089012157080484,0.6228664195269416
I don’t think we know her yet...,offensive_language,0.03053559940495304,0.5552333575225239,0.41423104307252306
isn't shark week soon?? lol,neither,0.03338848910046163,0.3734467869577248,0.5931647239418135
"Chloe would make sense, but I don't think that sounds like Becca? Unless she's better at changing her voice than I give her credit for.",offensive_language,0.030169799868962392,0.5707430234643021,0.3990871766667356
well damn,offensive_language,0.04396049077987067,0.9161106639649945,0.03992884525513471
Sharks... why did it have to be sharks...,neither,0.030926906321425522,0.3615388748129584,0.6075342188656161
She just tipped off the Inquisition if they are listening,neither,0.03649212185101031,0.40375871923931395,0.5597491589096758
Swimming with the Sharks: No Rokea were hurt in the making of this episode ^_^;;;,neither,0.03158938305120386,0.3222305183792582,0.646180098569538
*jaws theme*,neither,0.03945320844208391,0.33037608806864915,0.630170703489267
who's josh summer? the guest he was talking about?,neither,0.04147400529299822,0.3783632515990365,0.5801627431079653
"Cage in the water...Sharks in the water... YOU""RE in the water...",neither,0.05420155160043452,0.312388427877138,0.6334100205224273
Sharks roll with the fishes,neither,0.029036409048195738,0.34906547249148134,0.6218981184603228
"hmm, an emphasis on asking questions, from archangel. Interesting",neither,0.03842599714215823,0.32362508462419015,0.6379489182336516
oh and there's usually a lot of blood,neither,0.042655005977899854,0.22902845778096392,0.7283165362411362
Lets tell a vampire story!,neither,0.03880660863618921,0.341350574265706,0.6198428170981047
INTRO,neither,0.03945320844208391,0.33037608806864915,0.630170703489267
I think Chloe was studying journalism? iirc?,neither,0.0397877747953984,0.3246976239042978,0.6355146013003038
Sharks are friends,neither,0.0925753918967284,0.25116971785359643,0.6562548902496751
We're gonna need a bigger boat,neither,0.052698890758360636,0.3462576627250803,0.6010434465165592
uh oh,neither,0.04643193976314166,0.26471338503087416,0.6888546752059841
Explosions?!,neither,0.03945320844208391,0.33037608806864915,0.630170703489267
I have thalassophobia so no shark love here,neither,0.075352343760402,0.3684209010691805,0.5562267551704174
@ivanrollit I'm hoping Deb got turned at some point. :D,neither,0.03275619219369099,0.3860911280326316,0.5811526797736772
@LamiaZenzibar You should then give her more credit,offensive_language,0.05910106433582649,0.6368090976427904,0.3040898380213832
pumped!,neither,0.03945320844208391,0.33037608806864915,0.630170703489267
And me without my shark repellent. Alas.,neither,0.026020938037369948,0.39083633317539906,0.5831427287872308
xomSweat xomSweat,neither,0.03945320844208391,0.33037608806864915,0.630170703489267
so not going swimming,neither,0.036517713669875336,0.40588162640719716,0.5576006599229275
#Vamily,neither,0.03945320844208391,0.33037608806864915,0.630170703489267
"This theme is the feel good hit of the summer. Sorry, I don't make the rules",neither,0.04193052322205031,0.30378489468019515,0.6542845820977546
well you're only in danger if you're a fish.,neither,0.0779232103106098,0.38343552466784925,0.5386412650215409
"Zhunix subscribed at Tier 1. They've subscribed for 13 months, currently on a 9 month streak!",neither,0.023175970042862076,0.3240775810390259,0.6527464489181122
"Da-dum, da-dum",offensive_language,0.07979592442144831,0.4661630290165912,0.4540410465619605
LETS GO SourPls,neither,0.039984317429425154,0.35542799280679366,0.6045876897637812
@lamiazenzibar that's becca listen with your eyes closed and you can tell.,neither,0.0625364056546611,0.36101807494275473,0.5764455194025842
cordsycords subscribed at Tier 1. They've subscribed for 4 months!,neither,0.018730042386447116,0.3124437755681934,0.6688261820453595
@Suedyin Investigative Journalism at that,neither,0.029541449919944614,0.47273383976678107,0.49772471031327437
"I thought Chloe was ""under wraps""",neither,0.04164083895024976,0.2623071625920471,0.696051998457703
"problem is, we're all the fish in this equation.",neither,0.06732376476804948,0.3346544797990111,0.5980217554329396
gandsHype gandsHype gandsHype,neither,0.03945320844208391,0.33037608806864915,0.630170703489267
Grats @Zhunix,neither,0.03945320844208391,0.33037608806864915,0.630170703489267
Best Vampire Soap Opera so far!,neither,0.03871028791672435,0.3572715405509675,0.6040181715323082
where is all cool j when you need him,offensive_language,0.05658916283033344,0.4730191120518236,0.47039172511784294
gandsHype gandsHype gandsHype gandsHype gandsHype,neither,0.03945320844208391,0.33037608806864915,0.630170703489267
Sharks also can frenzy,neither,0.039718111607519126,0.3258799900090421,0.6344018983834389
I was very salty when GnS was removed from Vrv,neither,0.03207586872505046,0.359018616273415,0.6089055150015344
"Archangel's voice has bits that sound like Fiona, and some that sound like Chole, sooo",neither,0.04086736258299488,0.3769828354849297,0.5821498019320754
it has begun,neither,0.037466634629501894,0.31789117281524343,0.6446421925552547
thanks @HopefulNinja :),neither,0.035884468650613,0.3004919205142699,0.6636236108351171
Looking forward to this!,neither,0.04669064964927085,0.32779555933662563,0.6255137910141034
"@Corpsehandler I mean, some sharks eat other sharks. That lady shark at some aquarium ate a male shark because he kept bumping into her. :D",neither,0.030309383539490264,0.44265457875756253,0.5270360377029472
Oh boy we’re doing this,neither,0.06505033492996172,0.2558558250767419,0.6790938399932963
Archangel makes me even more hype than usual,neither,0.034538967252354155,0.36724315889503845,0.5982178738526074
I love the music they play,neither,0.03536996265527797,0.3270391623855657,0.6375908749591565
I’m so scared,neither,0.039408851386368314,0.3986148855256441,0.5619762630879874
"the Tremere, is in the shadows.",neither,0.04608376739702203,0.29590311176614537,0.6580131208368326
bryandHeart,neither,0.03945320844208391,0.33037608806864915,0.630170703489267
just picture if Godzilla showed up,neither,0.022727284935233273,0.4241268234354849,0.5531458916292817
"She was doing ""research"" for Fiona...",neither,0.03463982579980922,0.37509631129537346,0.5902638629048172
Hey @JCVIM,neither,0.03945320844208391,0.33037608806864915,0.630170703489267
been hooked since season 1,neither,0.03938043334676085,0.3316112713641457,0.6290082952890935
Jasper seems to not talk much about chloe much. I did not see the eva romance coming,neither,0.028352631475967706,0.3420829892959568,0.6295643792280755
I don't think Chloe would have enough information this early into her time as (an inderect) part of Kindred society to make those broadcasts,neither,0.04683035356119707,0.402604334219289,0.550565312219514
So am I @JCVIM,neither,0.03906002514046998,0.41495326532565996,0.54598670953387
Hello @jcvim,neither,0.03945320844208391,0.33037608806864915,0.630170703489267
"come on jasper, just Little fire tonight",neither,0.03140166139134635,0.36056017333900614,0.6080381652696475
@JCVIM jcvimHi,neither,0.03945320844208391,0.33037608806864915,0.630170703489267
hi @JCVIM,neither,0.03945320844208391,0.33037608806864915,0.630170703489267
@jcvim me too,neither,0.025456656249999262,0.41690574403459846,0.5576375997154023
My only archangel is Garrus. :P,neither,0.0312806333877359,0.476101028014937,0.49261833859732723
Nothing bad is going to happen in 3 . . . 2 . . . 1 . . .,neither,0.045700437197288814,0.38914318762293776,0.5651563751797735
hiya vamily,neither,0.03945320844208391,0.33037608806864915,0.630170703489267
I love the grainy VHS film quality of the intro <3,neither,0.03628293755192499,0.3172171527538098,0.6464999096942652
Hi @JCVIM,neither,0.03945320844208391,0.33037608806864915,0.630170703489267
👋 @JCVIM 👋,neither,0.03945320844208391,0.33037608806864915,0.630170703489267
@JCVIM Saaaaaaaaame!,neither,0.03945320844208391,0.33037608806864915,0.630170703489267
😬😬😬,neither,0.03945320844208391,0.33037608806864915,0.630170703489267
@JCVIM I am also scared!,neither,0.03924291654837909,0.3304484170939557,0.6303086663576651
@JCVIM S P O O K E D,neither,0.03945320844208391,0.33037608806864915,0.630170703489267
"Hello, @jcvim",neither,0.03945320844208391,0.33037608806864915,0.630170703489267
"Unless it refers to Shark Tank type sharks, in which case its just a bunch of rich business people",neither,0.049391746077976646,0.39749108567749547,0.5531171682445278
noice,neither,0.03945320844208391,0.33037608806864915,0.630170703489267
Omg I'm so scared >-<,neither,0.039409038997996665,0.38341033954328174,0.5771806214587216
@DemosthenesHPW Indeed,neither,0.03945320844208391,0.33037608806864915,0.630170703489267
"Hi, @kuroiryu009",neither,0.03945320844208391,0.33037608806864915,0.630170703489267
Knees weak,neither,0.03945320844208391,0.33037608806864915,0.630170703489267
@DemosthenesHPW what a show that would make,neither,0.05971432267917697,0.2790662732933274,0.6612194040274958
thanks for taking the time to join us @JCVIM :) you are very welcome!,neither,0.09839381115086147,0.2870551644731275,0.6145510243760111
@JCVIM You're not the only one!,neither,0.09130690729043608,0.37485649701733537,0.5338365956922286
good evening Josephine,neither,0.03869882722860525,0.3306355543605695,0.6306656184108252
Everything bad is going to happen and I am scared,neither,0.04587764826907056,0.3170072640386834,0.637115087692246
i'm SHOOK,neither,0.03945320844208391,0.33037608806864915,0.630170703489267
"Hi @JCVIM We are here, around you, to protect you.",neither,0.19472338746391932,0.31520458791200995,0.49007202462407073
hope this is a radio broadcast only kindred hear,neither,0.07530084285810182,0.2429909600294725,0.6817081971124257
kneels before JCVIM or orders mistress Eva ?,neither,0.03687730811548299,0.3740958391752247,0.5890268527092923
@JCVIM jcvimHi,neither,0.03945320844208391,0.33037608806864915,0.630170703489267
@jcvim gandsHug,neither,0.03945320844208391,0.33037608806864915,0.630170703489267
I <3 Lasombra,neither,0.03945320844208391,0.33037608806864915,0.630170703489267
boots n pants n boots n pants.,neither,0.03945320844208391,0.33037608806864915,0.630170703489267
"hello Vamily, Yay I am here in time!!",neither,0.07404555862061808,0.31560054191132647,0.6103538994680555
how is everyone tonight,neither,0.03852255987424333,0.41212213443659224,0.5493553056891644
My heart...,neither,0.02323080328995969,0.46424929128473386,0.5125199054253063
... 'Bout ta go dowwwwwnnnn <w<,neither,0.03586669590192801,0.4233556915043578,0.540777612593714
"if not, the mascarade's getting violated",neither,0.020650273001589215,0.42628978379749843,0.5530599432009125
PogChamp PogChamp PogChamp PogChamp,neither,0.03945320844208391,0.33037608806864915,0.630170703489267
@poettwist Eva bodyguards!,neither,0.03945320844208391,0.33037608806864915,0.630170703489267
kitsune_d20 subscribed at Tier 1. They've subscribed for 4 months! Hey Vamily!,neither,0.019829869481403507,0.3134196333889051,0.6667504971296914
welcome @RavenWolfe,neither,0.03945320844208391,0.33037608806864915,0.630170703489267
@JCVIM oh hai,neither,0.051363287716059566,0.22255663153133606,0.7260800807526044
DJ DIVA DUB,neither,0.03945320844208391,0.33037608806864915,0.630170703489267
new episode or? sounds a bit like last weeks,neither,0.04968423057126077,0.2780218764292879,0.6722938929994513
Hi @RavenWolfe,neither,0.03945320844208391,0.33037608806864915,0.630170703489267
"Hello, @RavenWolfe",neither,0.03945320844208391,0.33037608806864915,0.630170703489267
"Carrying the metaphor on, some vamps do have to eat flesh too, like that lady in the abandoned hospital in Bloodlines 1.",neither,0.039100940883269944,0.3598342933588032,0.6010647657579269
woooo,neither,0.03945320844208391,0.33037608806864915,0.630170703489267
Grats @kitsune_d20,neither,0.03945320844208391,0.33037608806864915,0.630170703489267
"@JCVIM welcome to the party, everything's fine I'm sure",neither,0.03901149466026196,0.41796345080848823,0.5430250545312497
Hi @kitsune_d20,neither,0.03945320844208391,0.33037608806864915,0.630170703489267
@nifelfang New one,neither,0.04442725503549184,0.22635125630482245,0.7292214886596858
"@nifelfang new indeed, just starts at the same spot",neither,0.038169115670040415,0.2922897923579772,0.6695410919719824
Meet me in the club. It's going down!,neither,0.030160546375531012,0.3741933370192465,0.5956461166052225
Eva still making notes on the behavior of Mr. J,neither,0.036801696400240794,0.329913894685181,0.6332844089145782
it's 11pm where i live and i work at 7am :((,neither,0.042005014578959346,0.29146620951007607,0.6665287759109645
Hate Tango Part Deux,neither,0.21680648774237554,0.23145653504002317,0.5517369772176014
hopefully no fire tonight cryMonka,neither,0.03636564573174372,0.32270258767441823,0.6409317665938381
... Except Jasper...,neither,0.03945320844208391,0.33037608806864915,0.630170703489267
righto! sweet!,neither,0.03945320844208391,0.33037608806864915,0.630170703489267
@jcvim Hi!,neither,0.03945320844208391,0.33037608806864915,0.630170703489267
Oh boy,neither,0.04768565599480007,0.25364348607606696,0.698670857929133
"Nelli, you're not supposed to be dancing, you're supposed to be keeping an eye on Annebelle! :P",neither,0.09718404781977721,0.3477583373230316,0.5550576148571912
Man this DJ is huge,neither,0.04713704941983896,0.3874277239232677,0.5654352266568934
"@nifelfang New episode, but picks up right after the last one.",neither,0.036153028620823834,0.3325556963712647,0.6312912750079115
@jcvim Hi! nice to have you with us :D,neither,0.09211837777786144,0.4053308189708388,0.5025508032512997
hey there @Dragonchrome @chaoticloony @ImALadyDangIt,neither,0.039367870622775906,0.26767823129172763,0.6929538980854965
what episode of season 3 is this?,neither,0.05363651329424208,0.32131022945915066,0.6250532572466072
Try Rogaine?! :P,neither,0.03945320844208391,0.33037608806864915,0.630170703489267
Thank you @Dragonchrome and @chaoticloony how are you both doing tonight?,neither,0.09601737974036138,0.3084360360894766,0.595546584170162
"@nifelfang well where they left off, but you know :P",neither,0.05344593235693903,0.35374031165232206,0.5928137559907389
@verdayne 4,neither,0.03945320844208391,0.33037608806864915,0.630170703489267
lmao,neither,0.03705015143476208,0.3711622369619404,0.5917876116032975
@jcvim Ikr?!,neither,0.03945320844208391,0.33037608806864915,0.630170703489267
@verdayne S3E4,neither,0.03945320844208391,0.33037608806864915,0.630170703489267
"@verdayne 4, I think?",neither,0.04078787600207219,0.3077232963708793,0.6514888276270485
@verdayne episode 4,neither,0.03945320844208391,0.33037608806864915,0.630170703489267
"good @kitsune_d20 , hope you are wel",neither,0.16046447660667684,0.20657470098610867,0.6329608224072145
sees the Vamily gathered.,neither,0.03831673657550799,0.3094399058884286,0.6522433575360634
@verdayne Episode 4.,neither,0.03945320844208391,0.33037608806864915,0.630170703489267
Season 3 Episode 4,neither,0.039723114077417764,0.32579508503945614,0.6344818008831261
a dance of the dead,neither,0.03847345323928512,0.3124115068464595,0.6491150399142555
hey there @JCVIM glad you are here with us,neither,0.19760127358884727,0.2646578872250323,0.5377408391861205
XD,neither,0.03945320844208391,0.33037608806864915,0.630170703489267
"<-- does the goth, lightbulb screw hand dance",neither,0.029285087727434163,0.40940100995615963,0.5613139023164061
Jasper gonna moonwalk again?,neither,0.03677410623622385,0.40296983231724376,0.5602560614465325
"@kitsune_d20 Excited for this, and yourself?",neither,0.03309862060155007,0.26745021596381907,0.6994511634346308
"This is season 3, episode 4",neither,0.048291011596060626,0.32486861999303923,0.6268403684109001
GIRL BACK OFF,neither,0.031014023127788302,0.4142620978975745,0.5547238789746372
oO Thriller Dance?,neither,0.03945320844208391,0.33037608806864915,0.630170703489267
Oooooo Eva not like,neither,0.04738588522515119,0.3483748866670908,0.6042392281077581
What the actual hell Jasper? LOL,offensive_language,0.03802597550462677,0.6612918318787442,0.30068219261662915
thats how Jasper ends dances ... moonwalks his way out,neither,0.050811184966873056,0.34260019598239405,0.6065886190507329
oh boy,neither,0.04768565599480007,0.25364348607606696,0.698670857929133
