text,top_class,hate_speech,offensive_language,neither
@vampiresnvino hi!,neither,0.03945320844208391,0.33037608806864915,0.630170703489267
is this pre recorded?,neither,0.04674684534013354,0.32926636424245603,0.6239867904174105
hoo boy. im only vaguely ready for this,neither,0.034116648714805076,0.33250532016783163,0.6333780311173633
Hey @vampiresnvino very excited for tonight!,neither,0.03278249306374562,0.2908712364042676,0.6763462705319868
LordSauro subscribed with Twitch Prime. They've subscribed for 17 months!,neither,0.018395409525177608,0.3232343455971076,0.6583702448777148
#vamily,neither,0.03945320844208391,0.33037608806864915,0.630170703489267
gandsHype gandsHype gandsHype,neither,0.03945320844208391,0.33037608806864915,0.630170703489267
Imagine how differently all of this would've turned out if Jasper had staked Aurora instead of spitting that poison. This is why I love TTRPGs! @vampiresnvino,neither,0.02021252057354904,0.3984510712114208,0.5813364082150301
"fendorkian subscribed at Tier 1. They've subscribed for 17 months, currently on a 17 month streak!",neither,0.024967373727776992,0.3246958822128239,0.6503367440593991
Vamily I'm scared,neither,0.03945320844208391,0.33037608806864915,0.630170703489267
"riven_hexe subscribed at Tier 1. They've subscribed for 3 months, currently on a 2 month streak! <3",neither,0.02239512321462605,0.3238220280209259,0.653782848764448
Hi @vampiresnvino!,neither,0.03945320844208391,0.33037608806864915,0.630170703489267
First episode I get to watch live...,neither,0.04689635896085063,0.3338663264637465,0.6192373145754029
and we are live,neither,0.08682340911282478,0.22048394477067182,0.6926926461165034
I'm nestled in and ready to cry,neither,0.04624452961675484,0.28201605203077074,0.6717394183524744
andy_lnas subscribed at Tier 1. They've subscribed for 2 months! Fill them with gandsGold Ft. Our Jas-per is on Fireee~,neither,0.026394076125469325,0.33783049696346473,0.6357754269110659
Hello Vamily,neither,0.03945320844208391,0.33037608806864915,0.630170703489267
Wonder if we're gonna get more insane prince tonight.,neither,0.03493019628439022,0.3612280418118598,0.60384176190375
Hey everyone.,neither,0.031959242684595296,0.4575682446653829,0.5104725126500218
@vampiresnvino was this one pre recorded?,neither,0.03854632577853434,0.36007226781950064,0.601381406401965
tmw you live on the other side of the world and stay up until 6 am to catch the livestream,neither,0.04518011269884052,0.3548887029238163,0.5999311843773432
you know a mass effect show might not be too bad,neither,0.05942694405210598,0.3178265601617478,0.6227464957861463
Oh boy....,neither,0.04768565599480007,0.25364348607606696,0.698670857929133
pekoe212 subscribed at Tier 1. They've subscribed for 28 months! yay i'm right on time,neither,0.021543403193187528,0.34444125739510084,0.6340153394117116
Hey @Alexander_Monster,neither,0.03945320844208391,0.33037608806864915,0.630170703489267
I'm here let see what happens ðŸ‘ðŸ‘ðŸ–¤ðŸ¦‡,neither,0.10116985231959248,0.3105095279347169,0.5883206197456906
HopefulNinja subscribed at Tier 1. They've subscribed for 4 months!,neither,0.018730042386447116,0.3124437755681934,0.6688261820453595
what up vamily,neither,0.04549209283961305,0.43877665191533993,0.5157312552450469
We have a subscriber-only Discord server! Join here: https://discord.gg/geekandsundry (you'll need to sub and link it to your Twitch) and be a part of the fun!...Warning: It can take up to an hour for the server to update and give you access to the channels,neither,0.08464076273808444,0.286394834032893,0.6289644032290227
Oh boy!,neither,0.04768565599480007,0.25364348607606696,0.698670857929133
hello hello,neither,0.03945320844208391,0.33037608806864915,0.630170703489267
I have all but CONSUMED the series up til now.,neither,0.03469443353752529,0.43621396518850386,0.5290916012739709
ah,neither,0.03945320844208391,0.33037608806864915,0.630170703489267
hail and welcome @Alexander_Monster <3,neither,0.03869598392092991,0.2922406983039919,0.6690633177750782
hi @Alexander_Monster,neither,0.03945320844208391,0.33037608806864915,0.630170703489267
<3,neither,0.03945320844208391,0.33037608806864915,0.630170703489267
rockson1999 subscribed at Tier 1. They've subscribed for 4 months!,neither,0.018730042386447116,0.3124437755681934,0.6688261820453595
hello all,neither,0.04217753453783664,0.43734383323855475,0.5204786322236087
oooohhh maaaaan,neither,0.03945320844208391,0.33037608806864915,0.630170703489267
@Alexander_Monster rama7,neither,0.03945320844208391,0.33037608806864915,0.630170703489267
@Alexander_Monster hi!,neither,0.03945320844208391,0.33037608806864915,0.630170703489267
@alexander_monster heya Alex,neither,0.03945320844208391,0.33037608806864915,0.630170703489267
@Alexander_Monster Hi Alex,neither,0.03945320844208391,0.33037608806864915,0.630170703489267
What,neither,0.057770773616808734,0.3180719994247239,0.6241572269584672
thuluHEY @vampiresnvino,neither,0.03945320844208391,0.33037608806864915,0.630170703489267
"deviantdanika subscribed at Tier 1. They've subscribed for 2 months, currently on a 2 month streak! gandsHype gandsHype CurseLit bryandHypeBlue bryandHypeBlue",neither,0.02239512321462605,0.3238220280209259,0.653782848764448
HOLY SHIT,offensive_language,0.04257650662097627,0.9573463282193174,7.716515970639687e-05
OMG,neither,0.03945320844208391,0.33037608806864915,0.630170703489267
I MADE IT~! How has everyone been?,neither,0.03267933987865736,0.42570097059561873,0.5416196895257238
wow,neither,0.03945320844208391,0.33037608806864915,0.630170703489267
WHAT,neither,0.057770773616808734,0.3180719994247239,0.6241572269584672
someone hold me,neither,0.030628931929221358,0.3789086552841999,0.5904624127865786
gundammac0311 subscribed at Tier 1. They've subscribed for 16 months! #Labynight is awesome.Jason Carl is a Elder Vampire.,neither,0.03108618387873972,0.3172994464431155,0.6516143696781449
WHAT,neither,0.057770773616808734,0.3180719994247239,0.6241572269584672
Hello @Alexander_Monster !,neither,0.03945320844208391,0.33037608806864915,0.630170703489267
WOOOOOOOW,neither,0.03945320844208391,0.33037608806864915,0.630170703489267
WHAT,neither,0.057770773616808734,0.3180719994247239,0.6241572269584672
THIS IS AMAZING,neither,0.050638740814203484,0.3285866302672563,0.6207746289185402
WHAT,neither,0.057770773616808734,0.3180719994247239,0.6241572269584672
woah......,neither,0.03945320844208391,0.33037608806864915,0.630170703489267
omg,neither,0.03945320844208391,0.33037608806864915,0.630170703489267
LUL LUL,neither,0.03945320844208391,0.33037608806864915,0.630170703489267
HELL,offensive_language,0.04200371988054301,0.9217873149033805,0.03620896521607647
if i dont get my vampirer son i drink my hol city dray,neither,0.01741429390820182,0.4772838192848278,0.5053018868069704
YES,neither,0.03945320844208391,0.33037608806864915,0.630170703489267
woah what,neither,0.04608760383524793,0.32565139261192405,0.6282610035528281
OMG,neither,0.03945320844208391,0.33037608806864915,0.630170703489267
Erika looks like she's loving that wig,neither,0.04572888850766475,0.448086131664922,0.5061849798274133
what,neither,0.057770773616808734,0.3180719994247239,0.6241572269584672
wait WHAT?! PogChamp,neither,0.04877470361900789,0.3238348708445956,0.6273904255363965
oO wow,neither,0.03945320844208391,0.33037608806864915,0.630170703489267
UH WHAT,neither,0.047564115672997474,0.3246470929725195,0.6277887913544832
oh shit,offensive_language,0.04652059265363964,0.9534729203614298,6.486984930600159e-06
aaaaaaaahhhhhhhhhhh,neither,0.03945320844208391,0.33037608806864915,0.630170703489267
WHAAAAAAAAAAAAAAT,neither,0.03945320844208391,0.33037608806864915,0.630170703489267
what in gods name is happening,neither,0.05304479690903154,0.3238046339404759,0.6231505691504926
excuse me,neither,0.029243390474319758,0.3872845028060931,0.5834721067195873
OH WOW LOL,neither,0.03564301741618299,0.3370556887371122,0.6273012938467047
WTF,offensive_language,0.04410695246022759,0.7898861884776351,0.16600685906213722
AYYYYYY,neither,0.03945320844208391,0.33037608806864915,0.630170703489267
WOW,neither,0.03945320844208391,0.33037608806864915,0.630170703489267
"OH MY, I just refreshed the page and omfg",neither,0.029207730154750353,0.32970606586642026,0.6410862039788294
WHAAAT,neither,0.03945320844208391,0.33037608806864915,0.630170703489267
NANI?,neither,0.03945320844208391,0.33037608806864915,0.630170703489267
wait wut?,neither,0.03945320844208391,0.33037608806864915,0.630170703489267
... Huh.,neither,0.03945320844208391,0.33037608806864915,0.630170703489267
uhhhh,neither,0.03945320844208391,0.33037608806864915,0.630170703489267
wow!,neither,0.03945320844208391,0.33037608806864915,0.630170703489267
aw we going back to the thrones,neither,0.04238096781866239,0.3380020900261863,0.6196169421551512
WOOOOOO,neither,0.03945320844208391,0.33037608806864915,0.630170703489267
@OH MY GOD YOU GUYS ARE Ooooooh wow,neither,0.07533853752756725,0.37013316125139933,0.5545283012210335
My Prince!,neither,0.026849424816611563,0.43008745607894866,0.5430631191044397
OH,neither,0.051363287716059566,0.22255663153133606,0.7260800807526044
omg LUL,neither,0.03945320844208391,0.33037608806864915,0.630170703489267
what,neither,0.057770773616808734,0.3180719994247239,0.6241572269584672
MY GOD,neither,0.02182153289546196,0.47835500997776687,0.4998234571267711
GPD,neither,0.03945320844208391,0.33037608806864915,0.630170703489267
:O,neither,0.03945320844208391,0.33037608806864915,0.630170703489267
whaaat?,neither,0.03945320844208391,0.33037608806864915,0.630170703489267
WHAT WHAT WAHT WAHT,neither,0.057770773616808734,0.3180719994247239,0.6241572269584672
Fuck yeah!,offensive_language,0.10370730243492932,0.8962908387340361,1.8588310345579474e-06
WHAT!? PogChamp,neither,0.057770773616808734,0.3180719994247239,0.6241572269584672
HELLO??,neither,0.03945320844208391,0.33037608806864915,0.630170703489267
yay all the lore!,neither,0.04032786046269469,0.39695773529086376,0.5627144042464416
WAT HAPPENED!?????,neither,0.03945320844208391,0.33037608806864915,0.630170703489267
dark ages!? what!?,neither,0.04463450663545318,0.3266552849000702,0.6287102084644766
...okay? neat.,neither,0.03945320844208391,0.33037608806864915,0.630170703489267
My eyes,neither,0.024951038025755018,0.4235973426249735,0.5514516193492714
Wait.... Vampire: Dark Ages???? WOOOOW!!!!,neither,0.03945320844208391,0.33037608806864915,0.630170703489267
OH?,neither,0.051363287716059566,0.22255663153133606,0.7260800807526044
Hmmm,neither,0.03945320844208391,0.33037608806864915,0.630170703489267
What?,neither,0.057770773616808734,0.3180719994247239,0.6241572269584672
wha?,neither,0.03945320844208391,0.33037608806864915,0.630170703489267
Oooooo,neither,0.03945320844208391,0.33037608806864915,0.630170703489267
THRONESSSS,neither,0.03945320844208391,0.33037608806864915,0.630170703489267
OH THIS WILL BE GOOD,neither,0.04748688861629507,0.24570908681668827,0.7068040245670165
yowza!~,neither,0.03945320844208391,0.33037608806864915,0.630170703489267
I LOVE THIS,neither,0.033354624610487035,0.36213039408674813,0.6045149813027648
OMG,neither,0.03945320844208391,0.33037608806864915,0.630170703489267
we're going back in time it seems,neither,0.05026190277033584,0.3488372090233512,0.6009008882063129
HOLY WOW,neither,0.03945320844208391,0.33037608806864915,0.630170703489267
Beautiful costumes,neither,0.03945320844208391,0.33037608806864915,0.630170703489267
what,neither,0.057770773616808734,0.3180719994247239,0.6241572269584672
hahahaha,neither,0.03945320844208391,0.33037608806864915,0.630170703489267
i missed last episode what in the world,neither,0.043050004755043954,0.31433917454198257,0.6426108207029735
*spits out drink* lmao I LOVE IT!!!,neither,0.03198292481661333,0.368938003649378,0.5990790715340086
I'm so into this!,neither,0.03924716654559256,0.4083611728626343,0.5523916605917731
QUE,neither,0.03945320844208391,0.33037608806864915,0.630170703489267
is it on yet? i have a black screen,neither,0.06236237138134492,0.33264215601209046,0.6049954726065645
erika as Marie,neither,0.03704909307814687,0.3711802000357912,0.5917707068860619
WOW,neither,0.03945320844208391,0.33037608806864915,0.630170703489267
This is AWESOME,neither,0.050512911114032236,0.32860941969445295,0.6208776691915148
Erika is SOOO excited right now,neither,0.04591401729596311,0.34453494958852104,0.609551033115516
Become French Royals,neither,0.04946188752325695,0.16050268349018573,0.7900354289865573
THE DARK AGES PogChamp,neither,0.03859884968300712,0.31476669688572767,0.6466344534312654
spoile2Yay spoile2Yay spoile2Yay spoile2Yay spoile2Yay,neither,0.03945320844208391,0.33037608806864915,0.630170703489267
ooh vintage,neither,0.03945320844208391,0.33037608806864915,0.630170703489267
well they are changing the lore already,neither,0.0604138020705013,0.2910748728045073,0.6485113251249913
Going to the past :),neither,0.04466271511893867,0.33975601305135994,0.6155812718297015
I........................,neither,0.03945320844208391,0.33037608806864915,0.630170703489267
well this is n't what i expected to say the least,neither,0.05655358486184626,0.3098955476037315,0.6335508675344222
Waaaaat,neither,0.03945320844208391,0.33037608806864915,0.630170703489267
"Vampire_Vaxildan subscribed at Tier 1. They've subscribed for 7 months, currently on a 4 month streak! you have piqued my thirst",neither,0.02372248753782163,0.3893237556402249,0.5869537568219535
Uh. What is going on?,neither,0.04952618748685233,0.366992201928103,0.5834816105850448
I have chillllls this is gonna be awesome!,neither,0.04646520562845056,0.39067292406837434,0.562861870303175
what??? gandsHype so cool!,neither,0.04761650376399173,0.3904073594270148,0.5619761368089935
was this episode pre-recorded please?,neither,0.03930068949584741,0.33296473262901366,0.6277345778751389
they are delaying Jasper's death,neither,0.06275983582894121,0.28923035204103764,0.6480098121300211
"Help G&S make great content! $4.99/month gets you emotes, Minecraft server access, sub-only VODs, and more! Every sub keeps the channel alive! twitch.tv/geekandsundry/subscribe",neither,0.043907990691603095,0.31135964332838284,0.644732365980014
@YokeThatOneBloke help i need an adult,neither,0.039583029303109044,0.32384240223322136,0.6365745684636696
aLEXANDER AND eRIKA LOOK SO pretty!!!!,neither,0.04021252416596662,0.33201438072233036,0.6277730951117029
"I was a a larp set in thrones setting once, it was...amazing.",neither,0.03847233774430092,0.3330803992880643,0.6284472629676346
@shockvaluecola refresh,neither,0.03945320844208391,0.33037608806864915,0.630170703489267
holy even katybeHype,neither,0.03821979640979653,0.351310309205465,0.6104698943847385
webbyghost subscribed at Tier 1. They've subscribed for 6 months! thanks for being my favorite story and giving me something to look forward to every week!,neither,0.021088839132710004,0.3456760981733539,0.6332350626939363
"what , look at this fancy kindred xomBlush",neither,0.046175029013534805,0.3517233233836546,0.6021016476028106
not dark ages you'r like 500 years ahead,neither,0.05661206920692259,0.3741305401067295,0.569257390686348
tommygunangels subscribed at Tier 1. They've subscribed for 24 months!,neither,0.020096536573530378,0.31365721238885996,0.6662462510376096
wait..... Jason should be dressed in old school too,neither,0.04819309400000771,0.3616898581584933,0.590117047841499
so confused,neither,0.0394086540807396,0.39729109553195247,0.5633002503873079
sometimes Vampires have just a little bit of history,neither,0.035875748838354905,0.353958112935626,0.6101661382260192
The hair is enormous,neither,0.05215061437837823,0.3000573785566972,0.6477920070649246
@faethepagann lol,neither,0.020706217963973744,0.4882283491876925,0.4910654328483337
LOOK do all the fun stuff when part of my ship isn't going to be killed! :3,neither,0.03222370709569946,0.44475737310476254,0.5230189197995379
ANd we're gonna be ROYAAALSS.,neither,0.0620989397911369,0.30825364235703867,0.6296474178518244
!backblaze,neither,0.03945320844208391,0.33037608806864915,0.630170703489267
"Backblaze is unlimited, cloud backup for Macs and PCs! backblaze.com/labynight",neither,0.039806978749560004,0.29065113377875884,0.6695418874716812
PRINCE AND SUSANNE TOO,neither,0.03836246170190314,0.29236315763190285,0.6692743806661939
"Role play, over role play! Yay! :D <3 <3",neither,0.03783328892041489,0.3313559826691705,0.6308107284104146
bryandHeart bryandHeart,neither,0.03945320844208391,0.33037608806864915,0.630170703489267
gaaah a bottle episode :(,neither,0.03945320844208391,0.33037608806864915,0.630170703489267
Computer frtized out who are the other characters?,neither,0.05388375650730342,0.34348715219188786,0.6026290913008087
Yall just love to watch me suffer,neither,0.03531752885654475,0.4041271559406385,0.5605553152028167
I'm here for bryan and amelia,neither,0.07851756762808501,0.22952909462690882,0.6919533377450061
Alex is the Prince!! I love it XD,neither,0.04150706435175427,0.32594672005082953,0.6325462155974163
Filler Arc PogChamp,neither,0.03945320844208391,0.33037608806864915,0.630170703489267
nihilissa77 subscribed at Tier 1. They've subscribed for 2 months!,neither,0.018730042386447116,0.3124437755681934,0.6688261820453595
Hi vamily!,neither,0.03945320844208391,0.33037608806864915,0.630170703489267
@Alexander_Monster random but you need to check your instagram messages I have a concern about your cat,neither,0.08942668358249918,0.37935343163877155,0.5312198847787294
Can we please get a background episode like this on Nines Rodriguez please,neither,0.04326550395372452,0.3520356603146965,0.604698835731579
we got Jebaited,neither,0.036550443665641745,0.42970819808802924,0.533741358246329
FILLER!!!,neither,0.03945320844208391,0.33037608806864915,0.630170703489267
WHAT IS HAPPENING,neither,0.05556313111362946,0.3226410524653571,0.6217958164210133
"If someone doesn't kill someone else with a sword by the end of the night, something went terribly wrong",neither,0.0926868992780052,0.33279308698551285,0.574520013736482
#savesassper,neither,0.03945320844208391,0.33037608806864915,0.630170703489267
lol this is automatically a good episode,neither,0.038220666046449886,0.3768184685427334,0.5849608654108167
"Jason forgot to mention that B. Dave and Cynthia are here too, but they are!",neither,0.10804258506186036,0.2597430089164372,0.6322144060217024
Hello vamily!,neither,0.03945320844208391,0.33037608806864915,0.630170703489267
their going to keep us on edge with the Jasper situation I see...,neither,0.051360757680283156,0.3598893679571065,0.5887498743626104
Hi @StudiousChipmunk,neither,0.03945320844208391,0.33037608806864915,0.630170703489267
Something is wrong... the Story Tellers clothes are WAY to modern :-P,neither,0.06632324993810702,0.21074392841459205,0.7229328216473008
They went full powdered wigs,neither,0.05383431079164015,0.32542976751652347,0.6207359216918363
omg this is awesome @vampiresnvinoðŸ¦‡ðŸ–¤,neither,0.048302573822588145,0.32900107012857943,0.6226963560488324
BACKBLAZE!,neither,0.03945320844208391,0.33037608806864915,0.630170703489267
gandsHype gandsHype gandsHype,neither,0.03945320844208391,0.33037608806864915,0.630170703489267
woo Backblaze! I hope this means we'll get a Yev ad at the break! <3,neither,0.058871696789817435,0.27100605313783516,0.6701222500723475
yayyyy,neither,0.03945320844208391,0.33037608806864915,0.630170703489267
"@Ossborn he's fixed in time, you can't change him",neither,0.05756753088840209,0.3813375274153289,0.5610949416962691
Backblaze must be really old!,neither,0.041113745999302995,0.31614428066568656,0.6427419733350105
#FillThemWithGold?,neither,0.03945320844208391,0.33037608806864915,0.630170703489267
I see tonight everyone is a member of the Whig party.,neither,0.03807860430391779,0.3774971224678279,0.5844242732282543
thankyou @GeekandSundry <3,neither,0.03945320844208391,0.33037608806864915,0.630170703489267
if you havent figured it out tonights episode is a Flashback it was announced on twitter earlyer,neither,0.03412765407642586,0.47426980639274674,0.49160253953082733
YES WHEN,neither,0.02493269452860994,0.40801226130629925,0.5670550441650907
"Backblaze is great, they saved my laptop's data when it exploded literally 2 weeks after I signed up",neither,0.02981824892595488,0.40510043230660214,0.5650813187674428
i never understood teh appeal of powdered wigs,neither,0.036947745673609825,0.35569658502587104,0.6073556693005191
Omg!!!,neither,0.03945320844208391,0.33037608806864915,0.630170703489267
<--- is wondering,neither,0.05100937113646074,0.3264013938032497,0.6225892350602895
@GeekandSundry Presumably they will make their appearance at a dramatically appropriate time,neither,0.03909981957125527,0.34361341249560545,0.6172867679331392
So excited!!,neither,0.03940839469474773,0.3948270312238364,0.565764574081416
#SaveJasper,neither,0.03945320844208391,0.33037608806864915,0.630170703489267
#SaveJasper,neither,0.03945320844208391,0.33037608806864915,0.630170703489267
RageFace Get The Gold!,neither,0.03760247750870835,0.3205845335819552,0.6418129889093365
@cyndancer hiya!,neither,0.03945320844208391,0.33037608806864915,0.630170703489267
"AHHHHHH, I just want to know what happened with Jasper! :O",neither,0.03579647610577407,0.3655850162961066,0.5986185075981194
NO,neither,0.036918905254960256,0.37338982715841207,0.5896912675866277
thankyou @DarkestArgentum <3,neither,0.03945320844208391,0.33037608806864915,0.630170703489267
...........,neither,0.03945320844208391,0.33037608806864915,0.630170703489267
@kaioraya exactly,neither,0.03945320844208391,0.33037608806864915,0.630170703489267
"northernshaman2 subscribed at Tier 1. They've subscribed for 10 months, currently on a 2 month streak!",neither,0.022912196060259616,0.32399019553688413,0.6530976084028562
@cyndancer Hi Cynthia,neither,0.03945320844208391,0.33037608806864915,0.630170703489267
Wh-?!,neither,0.03945320844208391,0.33037608806864915,0.630170703489267
"Come on jason, you got to dress like old school too",neither,0.060956225197731397,0.4405785138687657,0.4984652609335029
Haha,neither,0.03186685585600258,0.45913629025701075,0.5089968538869867
Lol,neither,0.020706217963973744,0.4882283491876925,0.4910654328483337
LUL,neither,0.03945320844208391,0.33037608806864915,0.630170703489267
hahaha,neither,0.03945320844208391,0.33037608806864915,0.630170703489267
I don't have a long view!,neither,0.03867364262642583,0.337699391479554,0.6236269658940202
Hahah!,neither,0.03945320844208391,0.33037608806864915,0.630170703489267
THANK CHRIST,neither,0.03899111210018296,0.33821906896606113,0.6227898189337558
hi @cyndancer,neither,0.03945320844208391,0.33037608806864915,0.630170703489267
lol,neither,0.020706217963973744,0.4882283491876925,0.4910654328483337
THis has to be closer to 1790ish,neither,0.054731667327730056,0.32078905979836153,0.6244792728739084
hahaha,neither,0.03945320844208391,0.33037608806864915,0.630170703489267
I was just reading about brujah tor relations during the reign of terror,neither,0.0355797063128679,0.34881778285300513,0.615602510834127
LOL Thanks Jason,neither,0.02983818187493702,0.36518787910232886,0.6049739390227341
haha yes!,neither,0.03384796638018987,0.425511674375084,0.5406403592447262
:3,neither,0.03945320844208391,0.33037608806864915,0.630170703489267
Hey @cyndancer,neither,0.03945320844208391,0.33037608806864915,0.630170703489267
@cyndancer steebzLove nelli,neither,0.03945320844208391,0.33037608806864915,0.630170703489267
next week,neither,0.03841867567785115,0.34793480899304824,0.6136465153291008
gandsGold gandsGold gandsGold,neither,0.03945320844208391,0.33037608806864915,0.630170703489267
Jasper's fate is critroleFire,neither,0.04912624121044723,0.3270490885368631,0.6238246702526896
jasper traveled back in time to kill vanavar lmao,neither,0.2485798386660273,0.25616112528093726,0.4952590360530354
"""Take the long view... but next week... :P""",neither,0.035473987855346924,0.3337740054130211,0.6307520067316321
amazing,neither,0.03945320844208391,0.33037608806864915,0.630170703489267
Hi everyone!!,neither,0.032490659208996964,0.4485487193596734,0.5189606214313296
Grade A troll!,neither,0.03945320844208391,0.33037608806864915,0.630170703489267
@GeekandSundry You and your Doctor Who Timetravelling logic.... Fixed point in time :-P,neither,0.07246305052247483,0.3828173846544207,0.5447195648231045
I'm happy with lore to be honest,neither,0.034216128881019235,0.3692534535844231,0.5965304175345577
Hello,neither,0.03945320844208391,0.33037608806864915,0.630170703489267
276 raiders from BryanDechart have joined!,neither,0.03988644161266997,0.3230229905153253,0.6370905678720047
bryandThumbsUp,neither,0.03945320844208391,0.33037608806864915,0.630170703489267
@cyndancer Welcome !,neither,0.03945320844208391,0.33037608806864915,0.630170703489267
Hello,neither,0.03945320844208391,0.33037608806864915,0.630170703489267
next week,neither,0.03841867567785115,0.34793480899304824,0.6136465153291008
dont kill my monster boy pleeeeeease,neither,0.30311017043139243,0.2837136358884944,0.4131761936801131
"yes, the LONG view- but some moral positions are timeless",neither,0.04462246411378182,0.3056604366705816,0.6497170992156366
hi,neither,0.03945320844208391,0.33037608806864915,0.630170703489267
about 400 years after Dark Ages,neither,0.038392478543567,0.3483794427309227,0.6132280787255103
Chill Raid!,neither,0.03945320844208391,0.33037608806864915,0.630170703489267
"bryandRaid Hello, everyone!",neither,0.03269494828970791,0.4450814005079928,0.5222236512022994
GENTLE RAID,neither,0.03945320844208391,0.33037608806864915,0.630170703489267
bryandRaid bryandHug bryandRaid bryandHug,neither,0.03945320844208391,0.33037608806864915,0.630170703489267
The ivory tower sees all,neither,0.03992748788764492,0.3680699359298364,0.5920025761825188
Aww poor prince,neither,0.03945320844208391,0.33037608806864915,0.630170703489267
hello!!,neither,0.03945320844208391,0.33037608806864915,0.630170703489267
THE IVORY TOWER SEES ALL,neither,0.03992748788764492,0.3680699359298364,0.5920025761825188
Hello,neither,0.03945320844208391,0.33037608806864915,0.630170703489267
we need Mr. Carl in period dress as well.,neither,0.037935286101175004,0.35326635157259506,0.60879836232623
bryandRaid,neither,0.03945320844208391,0.33037608806864915,0.630170703489267
Best Prince <3,neither,0.03849321189567543,0.3223372005843162,0.6391695875200085
Gentle raid,neither,0.03945320844208391,0.33037608806864915,0.630170703489267
bryandThumbsUp bryandThumbsUp,neither,0.03945320844208391,0.33037608806864915,0.630170703489267
one week is very long,neither,0.046121448439588576,0.3558702586458214,0.59800829291459
gandsGold gandsGold gandsGold gandsGold gandsGold,neither,0.03945320844208391,0.33037608806864915,0.630170703489267
hi,neither,0.03945320844208391,0.33037608806864915,0.630170703489267
ðŸ–¤ðŸŒ¹ðŸ–¤ hello vamily!,neither,0.03945320844208391,0.33037608806864915,0.630170703489267
hello,neither,0.03945320844208391,0.33037608806864915,0.630170703489267
RAID!,neither,0.03945320844208391,0.33037608806864915,0.630170703489267
Hello,neither,0.03945320844208391,0.33037608806864915,0.630170703489267
the ivory tower sees all,neither,0.03992748788764492,0.3680699359298364,0.5920025761825188
hii,neither,0.03945320844208391,0.33037608806864915,0.630170703489267
bryandWave bryandWave bryandWave,neither,0.03945320844208391,0.33037608806864915,0.630170703489267
HELL YEAH HELL YEAH,offensive_language,0.024014075456083226,0.8806496383571902,0.0953362861867266
hello!,neither,0.03945320844208391,0.33037608806864915,0.630170703489267
Heyyy!,neither,0.03945320844208391,0.33037608806864915,0.630170703489267
ahhh can't wait,neither,0.039741712534173926,0.32547942069019975,0.6347788667756263
hello,neither,0.03945320844208391,0.33037608806864915,0.630170703489267
HelloðŸ‘‹,neither,0.03945320844208391,0.33037608806864915,0.630170703489267
Prince id here!!!!!,neither,0.08368912921881902,0.2945870183166076,0.6217238524645734
Hey @cyndancer !,neither,0.03945320844208391,0.33037608806864915,0.630170703489267
mitchiS,neither,0.03945320844208391,0.33037608806864915,0.630170703489267
the Ivory tower sees all!,neither,0.03992748788764492,0.3680699359298364,0.5920025761825188
welcome @cyndancer :),neither,0.03945320844208391,0.33037608806864915,0.630170703489267
bryandHypeBlue bryandHypeBlue,neither,0.03945320844208391,0.33037608806864915,0.630170703489267
Jason has worn that outfit for all his centuries on earth,neither,0.045776846061953876,0.3814090771567104,0.5728140767813358
go to my happy place and hope Jasper pulls through,neither,0.05841209647802242,0.2534098095252375,0.6881780939967401
bryandRaid bryandRaid bryandRaid bryandRaid,neither,0.03945320844208391,0.33037608806864915,0.630170703489267
lore stuff! Lore stuff!! <3,neither,0.03945320844208391,0.33037608806864915,0.630170703489267
"goddamn, I have to wait another WEEK?",neither,0.09006526226215188,0.2707802297439691,0.639154507993879
Madness,neither,0.03945320844208391,0.33037608806864915,0.630170703489267
the ivory tower sees all!,neither,0.03992748788764492,0.3680699359298364,0.5920025761825188
bryandRaid ;w;,neither,0.03945320844208391,0.33037608806864915,0.630170703489267
bryandZype bryandRaid bryandZype bryandRaid,neither,0.03945320844208391,0.33037608806864915,0.630170703489267
gandsGold Golden raiders!,neither,0.03945320844208391,0.33037608806864915,0.630170703489267
the ivory tower sees all bryandIgby,neither,0.03992748788764492,0.3680699359298364,0.5920025761825188
lord,neither,0.03945320844208391,0.33037608806864915,0.630170703489267
Welcome @BryanDechart and Raiders,neither,0.038684903632370565,0.2916231220829233,0.6696919742847062
Where can I watch the story so far?,neither,0.04539000274458929,0.32073303495708555,0.6338769622983252
*gentle raid*,neither,0.03945320844208391,0.33037608806864915,0.630170703489267
Hello,neither,0.03945320844208391,0.33037608806864915,0.630170703489267
Chill raid,neither,0.03945320844208391,0.33037608806864915,0.630170703489267
bryandThumbsUp,neither,0.03945320844208391,0.33037608806864915,0.630170703489267
Backblaze confirmed for french revolution era tech,neither,0.03588938961309322,0.3125645631702541,0.6515460472166527
TombRaid,neither,0.03945320844208391,0.33037608806864915,0.630170703489267
The ivory tower sees all,neither,0.03992748788764492,0.3680699359298364,0.5920025761825188
the ivory tower sees all,neither,0.03992748788764492,0.3680699359298364,0.5920025761825188
I'm glad we are having a resolution to the situation.,neither,0.06254807322928066,0.28549964404456407,0.6519522827261554
Hello. marielCheer,neither,0.03945320844208391,0.33037608806864915,0.630170703489267
bryandRaid,neither,0.03945320844208391,0.33037608806864915,0.630170703489267
bryandRaid bryandRaid bryandRaid bryandRaid,neither,0.03945320844208391,0.33037608806864915,0.630170703489267
hell yeah,offensive_language,0.024014075456083226,0.8806496383571902,0.0953362861867266
bryandRaid bryandRaid bryandRaid,neither,0.03945320844208391,0.33037608806864915,0.630170703489267
hi,neither,0.03945320844208391,0.33037608806864915,0.630170703489267
Hello Connor Army!!,neither,0.03945320844208391,0.33037608806864915,0.630170703489267
Heyyyy Bryan and Amelia!,neither,0.03850868819351477,0.2814481268397341,0.6800431849667511
bryandRaid bryandRaid,neither,0.03945320844208391,0.33037608806864915,0.630170703489267
this is my first time watching this but it seems dope,neither,0.02824389407586286,0.4103735724238475,0.5613825335002897
the ivory tower sees all,neither,0.03992748788764492,0.3680699359298364,0.5920025761825188
oh crap Zelios?!,neither,0.045908644929896054,0.2694026408968615,0.6846887141732424
@piper_shaw I'm not okay,neither,0.037389211900587416,0.33818770384887614,0.6244230842505364
sup,neither,0.03945320844208391,0.33037608806864915,0.630170703489267
Trujah took Jasper into the past to fight Vannevar,neither,0.043645685829528054,0.31562651060327346,0.6407278035671985
the ivory tower sees all,neither,0.03992748788764492,0.3680699359298364,0.5920025761825188
Hi,neither,0.03945320844208391,0.33037608806864915,0.630170703489267
THE IVORY TOWER SEES ALL,neither,0.03992748788764492,0.3680699359298364,0.5920025761825188
OMG :0,neither,0.03945320844208391,0.33037608806864915,0.630170703489267
are they gonna kill Jasper in the Season Finale?,neither,0.2757354741861977,0.22036936261148307,0.5038951632023192
bryandRaid the Ivory Tower sees all,neither,0.03992748788764492,0.3680699359298364,0.5920025761825188
Hello Vamly!,neither,0.03945320844208391,0.33037608806864915,0.630170703489267
"Bryan and Amelia bring so much to the show, I love to hate Vannevar and Suzanne <3",neither,0.17610810310638128,0.17065152921281407,0.6532403676808047
thuluHEY @BryanDechart and Raiders,neither,0.03852460340978638,0.282397176840787,0.6790782197494266
Welcome @BryanDechart and all! Fill the chat with gandsGold gandsGold gandsGold gandsGold gandsGold gandsGold gandsGold,neither,0.03080052340614054,0.36508119729625316,0.6041182792976063
bryandRaid,neither,0.03945320844208391,0.33037608806864915,0.630170703489267
bryandWave hi all,neither,0.0423466876598404,0.4436528871510691,0.5140004251890904
#fillhimwithgold,neither,0.03945320844208391,0.33037608806864915,0.630170703489267
bryandRaid bryandRaid bryandRaid bryandRaid,neither,0.03945320844208391,0.33037608806864915,0.630170703489267
"oh no, what did i miss",neither,0.041678212234464905,0.2915622243563047,0.6667595634092305
bryandRaid bryandRaid,neither,0.03945320844208391,0.33037608806864915,0.630170703489267
@ErikaIshii Hi Erika,neither,0.03945320844208391,0.33037608806864915,0.630170703489267
Hello the Ivory tower is watching!,neither,0.04437915054130466,0.317152969997904,0.6384678794607912
@ErikaIshii how're you??,neither,0.14576002265838042,0.3562307589488177,0.4980092183928018
IM NOT READY,neither,0.036615750487804924,0.38017749597190786,0.5832067535402872
stupid twitch makeing me late,neither,0.10255241187595063,0.2591421512705071,0.6383054368535424
ah so this is a memoriam thing,neither,0.04868904519464915,0.37978451218933634,0.5715264426160145
@ErikaIshii jcvimHi,neither,0.03945320844208391,0.33037608806864915,0.630170703489267
"I tweeted an except earlier from the Vampire 5th Edition writing exercise I'm doing, and Jason dropped a like on it. @vampiresnvino Thank you for brightening my day, sir",neither,0.0394881672469437,0.34316632147660603,0.6173455112764503
Wow!!!,neither,0.03945320844208391,0.33037608806864915,0.630170703489267
bryandRaid bryandRaid bryandRaid,neither,0.03945320844208391,0.33037608806864915,0.630170703489267
bryandZype bryandRaid,neither,0.03945320844208391,0.33037608806864915,0.630170703489267
@erikaishii hello!,neither,0.03945320844208391,0.33037608806864915,0.630170703489267
Wow,neither,0.03945320844208391,0.33037608806864915,0.630170703489267
@primelocust LOL,neither,0.020706217963973744,0.4882283491876925,0.4910654328483337
hello connor army,neither,0.03945320844208391,0.33037608806864915,0.630170703489267
Mages...can't go a day without them,neither,0.05850032408924027,0.3044112546239314,0.6370884212868283
amelia and bryan....hot,neither,0.03863160532195195,0.28861820674123784,0.6727501879368102
WOAH THEY'RE GORGEOUS,neither,0.055376161349325756,0.3052555675700756,0.6393682710805987
Is this episode prerecorded?,neither,0.050298936780661496,0.3286480543696765,0.621053008849662
bryandRaid bryandRaid bryandRaid bryandHypeBlue,neither,0.03945320844208391,0.33037608806864915,0.630170703489267
gandsGold gandsGold,neither,0.03945320844208391,0.33037608806864915,0.630170703489267
#FillHimWithGold,neither,0.03945320844208391,0.33037608806864915,0.630170703489267
fkkddkdksksnsbh,neither,0.03945320844208391,0.33037608806864915,0.630170703489267
gandsGold,neither,0.03945320844208391,0.33037608806864915,0.630170703489267
"megjane42 subscribed at Tier 1. They've subscribed for 38 months, currently on a 38 month streak! I'm an emotionally compromised nerd",neither,0.02722874681854845,0.32352434204591746,0.649246911135534
Ivory tower sees all!,neither,0.040742170565435505,0.3830116625400251,0.5762461668945393
Hello,neither,0.03945320844208391,0.33037608806864915,0.630170703489267
DIe CAmmy SCUM!,neither,0.23362990646130238,0.1107548730483761,0.6556152204903215
gandsGold gandsGold gandsGold,neither,0.03945320844208391,0.33037608806864915,0.630170703489267
Welcome (again) Bryan and Amelia,neither,0.03722579158695042,0.32253932615377334,0.6402348822592763
hello @BryanDechart and raiders!,neither,0.038697980570399054,0.29235173287318544,0.6689502865564155
Glory for the Tower!,neither,0.033705526249040045,0.29232637633385594,0.6739680974171041
bryandRaid bryandRaid bryandRaid bryandHypeBlue,neither,0.03945320844208391,0.33037608806864915,0.630170703489267
I'm so excited to see young Vannevar!,neither,0.04279853507223625,0.4200110853492978,0.537190379578466
time travel arc Pog,neither,0.0385122700834126,0.34634626766873616,0.6151414622478513
Hi everyone :D,neither,0.032490659208996964,0.4485487193596734,0.5189606214313296
go back?,neither,0.04167539859187096,0.3381031195961816,0.6202214818119475
shehshehehwggwgwgw,neither,0.03945320844208391,0.33037608806864915,0.630170703489267
gandsGold,neither,0.03945320844208391,0.33037608806864915,0.630170703489267
welcome @BryanDechart thankyou for yourself and others of the Cast spending time with us <3 awesome acting by yourself!,neither,0.04379892188677862,0.3335152380785851,0.6226858400346363
PowerUpL Squid3 Squid2 PowerUpR,neither,0.03945320844208391,0.33037608806864915,0.630170703489267
gandsGold gandsGold gandsGold,neither,0.03945320844208391,0.33037608806864915,0.630170703489267
gandsGold gandsGold,neither,0.03945320844208391,0.33037608806864915,0.630170703489267
Hi @CaptainTalon447,neither,0.03945320844208391,0.33037608806864915,0.630170703489267
Fill him with Maddness,neither,0.027919742318404366,0.3729870675748256,0.5990931901067702
bryandRaid bryandRaid bryandRaid bryandRaid,neither,0.03945320844208391,0.33037608806864915,0.630170703489267
FILL HIM WITH GOLD,neither,0.029671531143164998,0.3657750682349126,0.6045534006219224
go back?!?!,neither,0.04167539859187096,0.3381031195961816,0.6202214818119475
#FillThemWithGold,neither,0.03945320844208391,0.33037608806864915,0.630170703489267
ahhhh,neither,0.03945320844208391,0.33037608806864915,0.630170703489267
Heyyy Everyone and Chat!,neither,0.03414174392943512,0.3818654485582331,0.5839928075123318
Flashback?,neither,0.03945320844208391,0.33037608806864915,0.630170703489267
\o/,neither,0.03945320844208391,0.33037608806864915,0.630170703489267
time travel?,neither,0.038173762391091964,0.3520916266420968,0.6097346109668113
hi @ErikaIshii,neither,0.03945320844208391,0.33037608806864915,0.630170703489267
GOLD??,neither,0.03945320844208391,0.33037608806864915,0.630170703489267
bryandRaid,neither,0.03945320844208391,0.33037608806864915,0.630170703489267
@erikaishii halloo,neither,0.03945320844208391,0.33037608806864915,0.630170703489267
f i l l h i m w i t h g o l d,neither,0.03945320844208391,0.33037608806864915,0.630170703489267
Does young Vannevar have any GOLD???,neither,0.025486361682947115,0.4799570625898499,0.4945565757272029
Vannevar looking less crazy today,neither,0.02854924756329729,0.40916179291449817,0.5622889595222045
oh no not time travel,neither,0.04104286993213478,0.3203322952189273,0.6386248348489378
Temporis?,neither,0.03945320844208391,0.33037608806864915,0.630170703489267
gandsGold,neither,0.03945320844208391,0.33037608806864915,0.630170703489267
