text,top_class,hate_speech,offensive_language,neither
ramaV ramaV ramaV ramaV,neither,0.03945320844208391,0.33037608806864915,0.630170703489267
ramaV ramaV ramaV ramaV ramaV ramaV ramaV,neither,0.03945320844208391,0.33037608806864915,0.630170703489267
Woohoo! Some awesome Twitch folks in the house today,neither,0.03341998914827555,0.3162241513757225,0.6503558594760019
ramaDance,neither,0.03945320844208391,0.33037608806864915,0.630170703489267
"Ah, I wonder if this is what Vana tweeted about 2 weeks ago.",neither,0.033561256786594044,0.38065620341042594,0.58578253980298
stsPew stsPew stsPew stsPew stsPew stsPew stsHello stsHello stsHello stsHello stsHello stsHello stsVana stsVana stsVana stsVana stsVana stsVana stsVana stsVana stsVana stsVana,neither,0.03945320844208391,0.33037608806864915,0.630170703489267
"bduluth subscribed at Tier 1. They've subscribed for 52 months, currently on a 52 month streak!",neither,0.02578439514257505,0.32499011761355867,0.6492254872438663
an Atelier is an alchemist's workshop,neither,0.04719607373329073,0.31853866470494746,0.6342652615617618
aaand BECCA ! ! gandsGold gandsGold gandsGold gandsGold gandsGold gandsHype gandsHype gandsHype gandsHype gandsHype gandsHype gandsHype gandsHype gandsHype gandsHype,neither,0.03945320844208391,0.33037608806864915,0.630170703489267
Hello art lovers,neither,0.03945320844208391,0.33037608806864915,0.630170703489267
hey @aegtodd,neither,0.03945320844208391,0.33037608806864915,0.630170703489267
it was the Mona Lisa in the Daffodils with the Soupcans?,neither,0.029616700837853397,0.3251684713754422,0.6452148277867044
ramaCheers @ArtfulBadger,neither,0.03945320844208391,0.33037608806864915,0.630170703489267
yay i'm a real artist! vana said so,neither,0.033759291617685684,0.4675657158851906,0.4986749924971237
ramaWave @ArtfulBadger,neither,0.03945320844208391,0.33037608806864915,0.630170703489267
@invert180 ramaDance,neither,0.03945320844208391,0.33037608806864915,0.630170703489267
ramaV ramaV ramaV,neither,0.03945320844208391,0.33037608806864915,0.630170703489267
ramaV @Wraithe42,neither,0.03945320844208391,0.33037608806864915,0.630170703489267
Hi @ArtfulBadger @bduluth @invert180,neither,0.03945320844208391,0.33037608806864915,0.630170703489267
hi @bduluth @Wraithe42 @Nawtyit ramaV,neither,0.03945320844208391,0.33037608806864915,0.630170703489267
All good artists keep their paint in piles,neither,0.0403039112947385,0.3861605068428212,0.5735355818624402
hey @Zenora1911,neither,0.03945320844208391,0.33037608806864915,0.630170703489267
"Oh, hello, @ArtfulBadger @bduluth @invert180 @Nawtyit @Zenora1911",neither,0.04616347283623516,0.2671141167429414,0.6867224104208235
Hi @Wraithe42,neither,0.03945320844208391,0.33037608806864915,0.630170703489267
heyhey @Zenora1911 @Wraithe42 !,neither,0.03945320844208391,0.33037608806864915,0.630170703489267
"mmatton subscribed at Tier 1. They've subscribed for 50 months, currently on a 50 month streak! Hello alls",neither,0.025913040037813174,0.32503704184125165,0.6490499181209352
Hi @mmatton,neither,0.03945320844208391,0.33037608806864915,0.630170703489267
Hey chaoticloony,neither,0.03945320844208391,0.33037608806864915,0.630170703489267
they were all yellow,neither,0.007099838264008595,0.015592882540901399,0.97730727919509
i miised the explaination and im soo confused,neither,0.037187214740197684,0.3084061118044459,0.6544066734553565
same @offtanker1,neither,0.04148851938089603,0.3488915597363099,0.609619920882794
has she not played Persona 5? that's exactly what it means.,neither,0.03953702415908089,0.4073588015386507,0.5531041743022684
whatischarisma subscribed at Tier 1.,neither,0.03853807016957085,0.358210604756348,0.6032513250740811
"Thanks for the sub, @whatischarisma!",neither,0.031417131681781243,0.27457466652234797,0.6940082017958709
Paint that picture Jordan,neither,0.036091612800526814,0.36685247671387494,0.5970559104855983
ramaWave @SprinklesTheDragonCat,neither,0.03945320844208391,0.33037608806864915,0.630170703489267
jcvimHi,neither,0.03945320844208391,0.33037608806864915,0.630170703489267
Hi @SprinklesTheDragonCat,neither,0.03945320844208391,0.33037608806864915,0.630170703489267
ramaWave,neither,0.03945320844208391,0.33037608806864915,0.630170703489267
he is in his yellow stage,neither,0.025224792715752814,0.029175569647285324,0.9455996376369619
hey sprinkles ramaWave,neither,0.03945320844208391,0.33037608806864915,0.630170703489267
His blue stage was depressing,neither,0.05969901589540313,0.3337194865139507,0.6065814975906462
!points @SprinklesTheDragonCat,neither,0.03945320844208391,0.33037608806864915,0.630170703489267
"That was an excellent pun, @SprinklesTheDragonCat! Here, have some points for that one! You have been awarded 39 points!",neither,0.05003766897837674,0.38201493930407926,0.5679473917175439
blondi3LOL,neither,0.03945320844208391,0.33037608806864915,0.630170703489267
hihi dragon414Love dragon414Love dragon414Love,neither,0.03945320844208391,0.33037608806864915,0.630170703489267
Becca is All About the Power!,neither,0.048048245222549,0.42020552940248995,0.5317462253749611
Hi @DragonGem,neither,0.03945320844208391,0.33037608806864915,0.630170703489267
felHi,neither,0.03945320844208391,0.33037608806864915,0.630170703489267
@chaoticloony always and forever,neither,0.03633371800341551,0.3477188271725628,0.6159474548240217
jcvimHi @davidflegel,neither,0.03945320844208391,0.33037608806864915,0.630170703489267
@bduluth hey there!,neither,0.039367870622775906,0.26767823129172763,0.6929538980854965
i wasn't planning on giving becca any money,neither,0.03729936525243399,0.34065475820912283,0.6220458765384432
@davidflegel jcvimHype,neither,0.03945320844208391,0.33037608806864915,0.630170703489267
@SprinklesTheDragonCat hi there,neither,0.039369405442012055,0.27395600237499595,0.686674592182992
Mulldano subscribed at Tier 1. They've subscribed for 43 months!,neither,0.020979406489747283,0.31444563234090006,0.6645749611693528
@FuffyButt the saddest statement ever,neither,0.03870106637626222,0.3166727285848241,0.6446262050389137
"Thanks for the sub, @Mulldano!",neither,0.031417131681781243,0.27457466652234797,0.6940082017958709
Those sisters like to paint the town,neither,0.0783563224658214,0.2677633785288791,0.6538802990052995
"Whenever I see Havana's tattoos I think ""Those are so cool. And also, getting them must have hurt like hell.""",offensive_language,0.08160562705574394,0.5015283039526455,0.4168660689916106
!points @SprinklesTheDragonCat,neither,0.03945320844208391,0.33037608806864915,0.630170703489267
"That was an excellent pun, @SprinklesTheDragonCat! Here, have some points for that one! You have been awarded 102 points!",neither,0.050805666259642904,0.3851811885541635,0.5640131451861937
ramaV,neither,0.03945320844208391,0.33037608806864915,0.630170703489267
#TeamHavana,neither,0.03945320844208391,0.33037608806864915,0.630170703489267
(praying for the time when Becca does a multiple episode Arkham Horror game),neither,0.02350741260150621,0.3935786863769692,0.5829139010215245
#TeamPaintSisters,neither,0.03945320844208391,0.33037608806864915,0.630170703489267
i want beard guy to win,neither,0.045366329828774296,0.3301681430892806,0.6244655270819451
@FuffyButt He is Jordan Pridgen (sp?).,neither,0.059185242005804786,0.3235893369017974,0.6172254210923979
i am not good with names,neither,0.02706891165490744,0.37295751747977196,0.5999735708653207
ramaCheers negaCheers,neither,0.03945320844208391,0.33037608806864915,0.630170703489267
"I always paint my paintings without paint, IN MY MIND!",neither,0.027457276460662483,0.44565589788809284,0.5268868256512447
An empty canvas can be sold. Just call it existing. Guaranteed to be sold,neither,0.04027039749823548,0.3376628330828053,0.6220667694189593
"you need green, just mix the yellow and blue together",neither,0.017985276116541434,0.059483302574879465,0.9225314213085791
ramaLul,neither,0.03945320844208391,0.33037608806864915,0.630170703489267
ramaCheers @satyr739,neither,0.03945320844208391,0.33037608806864915,0.630170703489267
Hey @bduluth,neither,0.03945320844208391,0.33037608806864915,0.630170703489267
Wow! This game can be a pain-t sometimes,neither,0.03935231523279362,0.2967500262285748,0.6638976585386316
"@SprinklesTheDragonCat I recall seeing a story where an ""artist"" made tons of money putting blank canvases in different frames. He said the works were about the absence of color or something.",neither,0.041640040673873134,0.3053921759007145,0.6529677834254125
!points @SprinklesTheDragonCat,neither,0.03945320844208391,0.33037608806864915,0.630170703489267
"That was an excellent pun, @SprinklesTheDragonCat! Here, have some points for that one! You have been awarded 99 points!",neither,0.05033894095090745,0.3832655635051359,0.5663954955439566
"I’m late, what is this chaos?",neither,0.052113434918559846,0.3255802599184919,0.6223063051629483
Told ya @davidflegel jcvimLol,offensive_language,0.02159910373303229,0.6707391571702906,0.30766173909667716
The Painters Studio,neither,0.03830256976187925,0.3091696505564884,0.6525277796816323
"@satyr739 Initially, it was supposed to be a breakdancing competition. But they decided to go ahead and play a board game instead.",neither,0.04340327334008308,0.2963894713633964,0.6602072552965205
Different art schools is the basis?,neither,0.04448297831340573,0.3168971738357568,0.6386198478508376
The guy in the black hat looks like he could possibly break dance well,neither,0.05990236579194522,0.3129903375001448,0.6271072967079099
That's what it looks like,neither,0.05416303983318759,0.40075461541173957,0.545082344755073
@SprinklesTheDragonCat I agree,neither,0.03945320844208391,0.33037608806864915,0.630170703489267
Although breakdancing comp would still be a win,neither,0.038510763484159306,0.3419273595375617,0.6195618769782789
ramaDance,neither,0.03945320844208391,0.33037608806864915,0.630170703489267
Moon > Sun,neither,0.03945320844208391,0.33037608806864915,0.630170703489267
Stop moon us,neither,0.08507690636443176,0.40238951704483594,0.5125335765907322
😆,neither,0.03945320844208391,0.33037608806864915,0.630170703489267
waxMoon waxWalk,neither,0.03945320844208391,0.33037608806864915,0.630170703489267
Havana trying not to swear,neither,0.04402999424733405,0.33123581363189136,0.6247341921207745
🌚’s chat,neither,0.03945320844208391,0.33037608806864915,0.630170703489267
It’s hiiiiigh moon critroleMatt,neither,0.037538547942619474,0.3310346276123258,0.6314268244450547
!points @soundtechi,neither,0.03945320844208391,0.33037608806864915,0.630170703489267
"That was an excellent pun, @soundtechi! Here, have some points for that one! You have been awarded 65 points!",neither,0.0501979410968782,0.3826816353612848,0.567120423541837
ramaLul,neither,0.03945320844208391,0.33037608806864915,0.630170703489267
ever contemplate a stack of wheat,neither,0.03945320844208391,0.33037608806864915,0.630170703489267
I like the colors on Becca’s shirt,neither,0.045737050006855115,0.34222662174361473,0.6120363282495301
Is this Art Catan or have I completely missed the point?,neither,0.04379355296126873,0.32462656137295165,0.6315798856657796
Ha ha Art Catan,neither,0.03945320844208391,0.33037608806864915,0.630170703489267
I choose you!!! Shucksadarn!!!,neither,0.0657576921055031,0.40200484595927277,0.5322374619352241
RitzMitz,neither,0.03945320844208391,0.33037608806864915,0.630170703489267
Catart?,neither,0.03945320844208391,0.33037608806864915,0.630170703489267
it's the final round down,neither,0.03725947453257937,0.31528203841149566,0.647458487055925
!points @Davecom3,neither,0.03945320844208391,0.33037608806864915,0.630170703489267
"That was an excellent pun, @Davecom3! Here, have some points for that one! You have been awarded 37 points!",neither,0.05003766897837674,0.38201493930407926,0.5679473917175439
🎶🎹🎶🎹,neither,0.03945320844208391,0.33037608806864915,0.630170703489267
"this lost will fuel there art, or they will become bitter and take it out on the students",neither,0.03583343022616515,0.2765146417099265,0.6876519280639084
I am glad they are not painting it black,neither,0.07576537368134245,0.2857380136049417,0.6384966127137158
They’re in the end pain.....t,neither,0.055832258078998546,0.2882990241847132,0.6558687177362882
!points @soundtechi,neither,0.03945320844208391,0.33037608806864915,0.630170703489267
"That was an excellent pun, @soundtechi! Here, have some points for that one! You have been awarded 70 points!",neither,0.050169273600559075,0.38256261623107957,0.5672681101683612
Someone is going to wearing cement after this game ramaSavage,neither,0.04837225899843182,0.3166625167782498,0.6349652242233185
123-45-6789,neither,0.03945320844208391,0.33037608806864915,0.630170703489267
The paint is yellow CoolStoryBob,neither,0.010741443252179683,0.017925221767712312,0.971333334980108
"""If I give you 40 pounds of paint, can I have that painting and put my name on it?""",neither,0.02655261359882765,0.43592176132981386,0.5375256250713585
Jordan is the Ferengi Painter,neither,0.04968294745324627,0.30507670167590883,0.645240350870845
ramaWave,neither,0.03945320844208391,0.33037608806864915,0.630170703489267
Thanks I hate it 😆,neither,0.37510809140608564,0.14281558724977436,0.4820763213441399
ramaWave @1uniqueBeast,neither,0.03945320844208391,0.33037608806864915,0.630170703489267
jcvimHi,neither,0.03945320844208391,0.33037608806864915,0.630170703489267
Hey Beetle,neither,0.03945320844208391,0.33037608806864915,0.630170703489267
"Oh hai, @1uniqueBeast !",neither,0.051363287716059566,0.22255663153133606,0.7260800807526044
Take a look inside.....It’s a Woman on her Toilette,neither,0.023330141631006624,0.3264028485940903,0.650267009774903
Hey Wraithe,neither,0.03945320844208391,0.33037608806864915,0.630170703489267
Hi @1uniqueBeast,neither,0.03945320844208391,0.33037608806864915,0.630170703489267
I guess Vana is going paint Jordan in a corner,neither,0.043547259799931945,0.35213459696938215,0.604318143230686
Hi Looney,neither,0.03945320844208391,0.33037608806864915,0.630170703489267
!points @SprinklesTheDragonCat,neither,0.03945320844208391,0.33037608806864915,0.630170703489267
"That was an excellent pun, @SprinklesTheDragonCat! Here, have some points for that one! You have been awarded 98 points!",neither,0.050107313171023064,0.38230503055647863,0.5675876562724983
What's everybody playing these days?,neither,0.056030568401326065,0.40291209943846773,0.5410573321602061
Nobody paint Jordan in a corner,neither,0.03391269520065741,0.4395002637567631,0.5265870410425795
!points @soundtechi,neither,0.03945320844208391,0.33037608806864915,0.630170703489267
blondi3LOL,neither,0.03945320844208391,0.33037608806864915,0.630170703489267
"That was an excellent pun, @soundtechi! Here, have some points for that one! You have been awarded 97 points!",neither,0.049980789310414435,0.3817775744187309,0.5682416362708548
I came across Tesla vs. Edison last week and it was friggin' awesome,neither,0.03805384027369447,0.30784318726334037,0.6541029724629652
watercolors other than yellow?,neither,0.0066830694510498145,0.012422185652187175,0.980894744896763
His patron I bet has something to do with number of meeples on yellow paint.,neither,0.022674733395180228,0.09735913454893937,0.8799661320558805
I played a Candidate for Galactic President. It was fun @drivefrew,neither,0.033997157426300405,0.31001123380233114,0.6559916087713684
Squid1 Squid2 PAINTINGGGG Squid2 Squid4,neither,0.03945320844208391,0.33037608806864915,0.630170703489267
"@SprinklesTheDragonCat Interesting, haven't heard of that one",neither,0.03557793547757988,0.3906391436399579,0.5737829208824622
CupFooty 🎨,neither,0.03945320844208391,0.33037608806864915,0.630170703489267
It is a fairly new game,neither,0.048114178697451604,0.2139795096447678,0.7379063116577805
A kickstarter game,neither,0.03826383497213389,0.24674689817812728,0.7149892668497387
Do you all fight to become President of a galaxy? Cause that sounds fun : ),neither,0.05163058988948837,0.4439181052013839,0.5044513049091277
Becca bought too much paint ramaLul,neither,0.03567335749485099,0.335575924705018,0.6287507178001309
Yes. @drivefrew is a dice/card game,neither,0.04547442671512953,0.294116210851093,0.6604093624337773
Havana WON the game in my heart!,neither,0.029767458014768634,0.3499273027754108,0.6203052392098205
This got dark quick,neither,0.03800770914837485,0.3804148421050206,0.5815774487466046
Cmdrshimsham subscribed with Twitch Prime.,neither,0.030186173588972614,0.3621416721941929,0.6076721542168345
Rigged,neither,0.03945320844208391,0.33037608806864915,0.630170703489267
"they have bin ""silenced""",neither,0.03884513787329114,0.34069663255879,0.6204582295679187
Well so did Michaelangelo,neither,0.03941286794451149,0.3717607064778805,0.588826425577608
rama90,neither,0.03945320844208391,0.33037608806864915,0.630170703489267
