text,top_class,hate_speech,offensive_language,neither
Thank you Devon with your mandated bilingual education :P,neither,0.06516197910633902,0.39660075086092117,0.5382372700327399
no c6 today,neither,0.03582344737894328,0.31780966450636605,0.6463668881146906
No C6 yet. It comes back August 9th,neither,0.03784884458235209,0.340851399884325,0.6212997555333228
more naps,neither,0.044084690295906365,0.306805713525994,0.6491095961780997
i love u guys,neither,0.03479916763326265,0.35468091319130374,0.6105199191754337
We're certainly a fun bunch : ),neither,0.05674081108880884,0.41567562498535815,0.5275835639258328
We do have a good time.,neither,0.03814808184817514,0.3670724222423301,0.5947794959094947
"thank u for talking to me, a big fan",neither,0.021466936547418172,0.39121641564546167,0.5873166478071202
"We appreciate the fandom, it means a lot to us.",neither,0.07607968291946071,0.31026017382958376,0.6136601432509556
@GeekandSundry Is there some sort of resolution issue? It keeps cutting off the outer frame of the game's video.,neither,0.03943647172094146,0.24222965070563637,0.7183338775734223
I think the screen got fitted into the whole canvas area instead of the area within the overlay?,neither,0.03765190279439492,0.3182207897533133,0.6441273074522917
"@GeekandSundry I can't see the captions at ALL during cutscenes, which is incredibly difficult for me, I have issues hearing.",neither,0.03617654195601252,0.3682232499727824,0.5956002080712051
"@John_Sparks_Jr Apologies for clipping the captions, it should improve as we move the overlay around during the show",neither,0.04563884992110281,0.28706991323337633,0.6672912368455209
"@John_Sparks_Jr Unfortunately, we can't adjust it as this is a playback of yesterday's episode but we'll adjust it for the next time we play this game. Or what G&S said.",neither,0.03723439426849995,0.32619304551919576,0.6365725602123042
"Appreciate the note, we'll definitely fix it : )",neither,0.03780676627070428,0.32148278097472904,0.6407104527545667
"@GeekandSundry @Danoba Cool. To be honest, the border just reduces screen use, so, personally, I think it's... unnecessary, if you want any preference.",neither,0.022986683913181885,0.41254300545681666,0.5644703106300014
oh god the eyes,neither,0.04612107310537758,0.22396991000110567,0.7299090168935168
why,neither,0.016768318525353994,0.3685911158159394,0.6146405656587067
"We, of course, had no idea what was being green-screened in at the time.",neither,0.037799073349891577,0.357772883347621,0.6044280433024873
So all of this was a surprise to us after the fact.,neither,0.07739337389779664,0.39795598652273123,0.5246506395794721
@cinphoria cus RanDoM!,neither,0.03945320844208391,0.33037608806864915,0.630170703489267
whhhhy,neither,0.03945320844208391,0.33037608806864915,0.630170703489267
hullo y'all,offensive_language,0.046917543854519406,0.6277741405869331,0.3253083155585475
It's so..........RANdoM,neither,0.03751029189403724,0.3929945696206433,0.5694951384853194
rAnd0M###,neither,0.03945320844208391,0.33037608806864915,0.630170703489267
both watchers and mods,neither,0.038677982518319665,0.2912361502441011,0.6700858672375792
hi @swiftfingers,neither,0.03945320844208391,0.33037608806864915,0.630170703489267
yikes,neither,0.03945320844208391,0.33037608806864915,0.630170703489267
hey TrueSly1 how are you doing?,neither,0.10529011559411568,0.32596268740700945,0.568747196998875
HeyGuys,neither,0.03945320844208391,0.33037608806864915,0.630170703489267
hey Jelas,neither,0.03945320844208391,0.33037608806864915,0.630170703489267
"If you guys or gals, live in Europe as I do, then I either wish for our chat to be good company, or for you to have sweet dreams",neither,0.043558958698731956,0.3749597786137784,0.5814812626874896
Thanks @swiftfingers !,neither,0.035884468650613,0.3004919205142699,0.6636236108351171
GivePLZ <3 @swiftfingers,neither,0.03945320844208391,0.33037608806864915,0.630170703489267
I came from youtube for L.A. by Night and I'm considering subscribition. Could somebody kind enough answer a question or two? I'm a bit lost,neither,0.034120634031959154,0.30452979743450875,0.6613495685335321
thanks back @DriveFrew and @Jelas,neither,0.036246081574959975,0.26002366101857344,0.7037302574064667
@manny_for_president How can we help?,neither,0.03959909610488696,0.32789999369442085,0.6325009102006922
@manny_for_president feel free to ask,neither,0.0473733174612671,0.3257730818300935,0.6268536007086394
1) So apparently there was a special episode at some sort of a festival. Is it possible to watch it at all? Or was it not recorded?,neither,0.05362186275486268,0.37602287780427546,0.5703552594408619
@manny_for_president Do you mean the WonderCon episode?,neither,0.05843984675141634,0.35940466597260423,0.5821554872759795
I... guess?,neither,0.0385523511628718,0.3412196875155456,0.6202279613215826
it might be on youtube,neither,0.035446966540109426,0.3496636789361551,0.6148893545237355
Hmmm. Didn't see it. Oh well,neither,0.02989246187313601,0.3255005155812086,0.6446070225456554
The WonderCon episode should be available as a podcast.,neither,0.04728542297812546,0.3781126233804187,0.5746019536414559
It is NOT on YouTube.,neither,0.041794590348653994,0.3496789473011217,0.6085264623502242
"@cinphoria, thanks a lot",neither,0.03671962536773081,0.30748541534069634,0.6557949592915728
my bad,offensive_language,0.01592830657509433,0.5047156453531186,0.47935604807178706
thanks for the accurate information @cinphoria,neither,0.03323135438168307,0.28697271361366694,0.67979593200465
"np! It should be the last episode in the feed, after the Season 2 episodes",neither,0.0435868382820663,0.32060399362902753,0.6358091680889063
@manny_for_president So far it only exists as a podcast.,neither,0.03565714355445042,0.41728648546729247,0.5470563709782572
http://labynight.geekandsundry.com/,neither,0.03558056210193769,0.1941005909087057,0.7703188469893567
2) Are there any twitch-exclusive videos other than an early access for newer episodes?,neither,0.04752854731670778,0.2654163461478337,0.6870551065354585
"@manny_for_president Yes, certain shows like TBD RPG only live on Twitch.",neither,0.04738889930054481,0.34831062848534144,0.6043004722141138
"@Danoba , wow, thank you so much!",neither,0.0515399946986833,0.4461679007306995,0.5022921045706172
a good postcast is still really a sweet experience imo,neither,0.044102720762434405,0.3393825641224919,0.6165147151150736
ooooo I missed the switch the an aquarium,neither,0.038561038038668526,0.3072013917032317,0.6542375702580997
WASP <3,neither,0.03945320844208391,0.33037608806864915,0.630170703489267
Mech45 subscribed with Twitch Prime. They've subscribed for 14 months! wooo!,neither,0.01847321566222609,0.32325705232198204,0.6582697320157919
@manny_for_president I believe there might be a couple of VODs that aren't on YouTube but everything usually is windowed out.,neither,0.03571970465158852,0.35258331482219213,0.6116969805262193
