text,top_class,hate_speech,offensive_language,neither
A-Team of #GnSFreePlay will try their hand again at #MarvelUltimateAlliance3,neither,0.038494800518779626,0.3549529983110504,0.6065522011701698
"It is ""a"" team for sure",neither,0.03334758477373268,0.4340136656792951,0.5326387495469722
OWL2019200iq,neither,0.03945320844208391,0.33037608806864915,0.630170703489267
Man this level is not very dynamic,neither,0.045815315422396155,0.3931941744716309,0.5609905101059729
yayyyyy!,neither,0.03945320844208391,0.33037608806864915,0.630170703489267
It's always Lauren's fault.,neither,0.03674209002033683,0.37845245669682587,0.5848054532828374
"I made the wise choice, i chose to watch this over CR!",neither,0.04412555341178295,0.3194207966259252,0.6364536499622919
Very wise indeed @chaoticloony,neither,0.03945320844208391,0.33037608806864915,0.630170703489267
:),neither,0.03945320844208391,0.33037608806864915,0.630170703489267
Her father was a cool looking character,offensive_language,0.03223777587374395,0.5010013496822494,0.46676087444400677
Nextwave,neither,0.03945320844208391,0.33037608806864915,0.630170703489267
"I hate the Mindless Ones, they are a pain in Marvel Puzzle Quest!",neither,0.1477571984528515,0.23249017146829892,0.6197526300788495
facts,neither,0.03945320844208391,0.33037608806864915,0.630170703489267
You are trying to Ground them for bad behavior!,neither,0.10024442093272666,0.2837820657588473,0.6159735133084262
!points @chaoticloony,neither,0.03945320844208391,0.33037608806864915,0.630170703489267
"That was an excellent pun, @chaoticloony! Here, have some points for that one! You have been awarded 60 points!",neither,0.05023100486478823,0.38281878165396294,0.5669502134812489
#thebees,neither,0.03945320844208391,0.33037608806864915,0.630170703489267
"If they were full of gas, would they be Fartifacts?",neither,0.03665852890696044,0.34999869924000204,0.6133427718530376
The Mindless Ones,neither,0.03857823229486207,0.3143807720193365,0.6470409956858014
!points @chaoticloony,neither,0.03945320844208391,0.33037608806864915,0.630170703489267
"That was an excellent pun, @chaoticloony! Here, have some points for that one! You have been awarded 106 points!",neither,0.049980789310414435,0.3817775744187309,0.5682416362708548
!points Lauren,neither,0.03945320844208391,0.33037608806864915,0.630170703489267
"That was an excellent pun, Lauren! Here, have some points for that one! You have been awarded 106 points!",neither,0.049355674264943146,0.37914254135657927,0.5715017843784775
"Hawkeye cheats, to save 4/5ths of the universe!",neither,0.04268252835587109,0.31880987373133707,0.6385075979127918
"@lauren, have you read the Matt Fraction run yet LIKE I KEEP TELLING YOU TO?",neither,0.0737840504255483,0.38837628195498575,0.537839667619466
Deadpool hacks whenever he's in a game,neither,0.04314757744284258,0.295822249804434,0.6610301727527234
"""a"" having trouble finding ""a"" - hmm",neither,0.03945320844208391,0.33037608806864915,0.630170703489267
"In the immortal words of Valeria, ""Do you want to live forever?""",neither,0.06650165778467679,0.34288022572923915,0.5906181164860841
Sanity is way overrated!,neither,0.04621736050032499,0.3287688386113493,0.6250138008883258
gandsBubbles gandsMarshmallow,neither,0.03945320844208391,0.33037608806864915,0.630170703489267
Fabulous job!,neither,0.03945320844208391,0.33037608806864915,0.630170703489267
!points Jake,neither,0.03945320844208391,0.33037608806864915,0.630170703489267
"That was an excellent pun, Jake! Here, have some points for that one! You have been awarded 104 points!",neither,0.050169273600559075,0.38256261623107957,0.5672681101683612
I love people Dying to entertain me!,neither,0.05969290923117217,0.36948273601339426,0.5708243547554335
"Channel your Inner Chuck, Jake!",neither,0.05927215070405215,0.32488288245325625,0.6158449668426916
https://clips.twitch.tv/BelovedSlipperyThymeOpieOP,neither,0.03945320844208391,0.33037608806864915,0.630170703489267
Captain Twitch HYPE!!!!!!,neither,0.03945320844208391,0.33037608806864915,0.630170703489267
you and the captn can make it happen?,neither,0.053331118832441696,0.3069448504150373,0.639724030752521
Do The Twitch,neither,0.04001810451091722,0.3125597899097475,0.6474221055793354
"I haven't played the third one yet, are there still team bonuses for picking specific teams like the last two games?",neither,0.05010347755594558,0.28695197422109964,0.6629445482229548
!points Jake,neither,0.03945320844208391,0.33037608806864915,0.630170703489267
"That was an excellent pun, Jake! Here, have some points for that one! You have been awarded 80 points!",neither,0.04967943234059606,0.38051332290458767,0.5698072447548163
!whodat,neither,0.03945320844208391,0.33037608806864915,0.630170703489267
"Lauren Cupp ( twitter.com/spiritedwords ), Devon Kolb ( twitter.com/Danoba ), Jake Bennett ( twitter.com/jakegbennett ), David Palmeri ( twitter.com/BaronOfPost ).",neither,0.03870149722899421,0.4612704701664138,0.500028032604592
I believe in you all!,offensive_language,0.07320328946143649,0.5443251057169932,0.3824716048215704
You don't like Dr Strange Hitting on you?,neither,0.07752582282115125,0.4350979020335183,0.4873762751453304
Dr Strange is trying to Fire you from the team!,neither,0.06310716507334246,0.3303987492488829,0.6064940856777746
Dr Strange is a popular character to use in Marvel Puzzle Quest,neither,0.027611312086988905,0.3784697312689128,0.5939189566440983
YES!!!!!,neither,0.03945320844208391,0.33037608806864915,0.630170703489267
"Hmm, the strea cut out a bit for me, could you please fight him again so I can see?",neither,0.035273811140406584,0.39885682728143357,0.5658693615781598
"second form time, lmao",neither,0.03754665570403973,0.36273526373941084,0.5997180805565494
"Nice work, he is down to about 90% health",neither,0.05376561497942647,0.34274885660388926,0.6034855284166843
Droogie128 subscribed with Twitch Prime. They've subscribed for 9 months!,neither,0.017135853092050617,0.3228815153557895,0.6599826315521599
"Jokes aside, just got to figure out the rhythm",neither,0.0363512067488772,0.3691226609559185,0.5945261322952043
they fightin' dr strange ??,neither,0.03945320844208391,0.33037608806864915,0.630170703489267
Re hrpgSub hrpgHyperHype feliciaHype gandsHype,neither,0.10802165902134243,0.2484119200751343,0.6435664209035233
"They know there's a block/dodge button, yeah?",neither,0.028100132726118318,0.37847140880995506,0.5934284584639267
"@SephHD Yep, but he is controlled by Dormamu",neither,0.048852120980856284,0.37168652668637053,0.5794613523327731
"Lookslike it comes down to ""In fighting"" and ""out fighting"". I mean, calling out when to do the close range, and when to call out to fall back and do range.",neither,0.036040913256330215,0.3292492057628703,0.6347098809807995
