text,top_class,hate_speech,offensive_language,neither
and here is our beloved Mr. Wren,neither,0.10618040753235791,0.24702920137458922,0.6467903910930529
the ads run into the intro lmao give it 30 secs,neither,0.03694433754298317,0.32147346654764103,0.6415821959093758
True fear is gandsDread DREAD,neither,0.046301471775751606,0.32802065627695937,0.625677871947289
...Do the Vampire epilogues start tonight?,neither,0.03773190138135324,0.298302387767754,0.6639657108508927
They do,neither,0.042511451648585996,0.3293242179923481,0.6281643303590658
@mightbeabadidea_ Yes.,neither,0.03945320844208391,0.33037608806864915,0.630170703489267
oooh I forgot this was on! YES!!! YAY!,neither,0.037344528918842684,0.34224774029042926,0.6204077307907281
"@16bitEric @ShidareAki @Delevely If y'all are still here; you are seriously my favorite humans. Hope to see you again soon, continue being Godsdamn amazing! ;3",neither,0.12360578950415835,0.3897486880528047,0.48664552244303694
Sweeeet.,neither,0.03945320844208391,0.33037608806864915,0.630170703489267
"man I really need to catch up on Dread. Until then I should leave, see y'all for LAbN in an hour",neither,0.04368297737122892,0.4370376355001186,0.5192793871286523
such brilliant delivery by this gentleman <3,neither,0.04033041755496535,0.35860665718970425,0.6010629252553303
Night descends after gandsDread shows twice. Top of the hour.,neither,0.03368122666214598,0.31905878766459134,0.6472599856732627
see you then @highvoltage988 :),neither,0.074047995585562,0.42187656869814766,0.5040754357162903
Ah man I miss Dread,neither,0.033791124357134106,0.38580138598981667,0.5804074896530492
Hey everyone!,neither,0.031959242684595296,0.4575682446653829,0.5104725126500218
HI @ItsPazuzu,neither,0.03945320844208391,0.33037608806864915,0.630170703489267
welcome @ItsPazuzu :),neither,0.03945320844208391,0.33037608806864915,0.630170703489267
^^,neither,0.03945320844208391,0.33037608806864915,0.630170703489267
Can't wait for the epilogue tonight,neither,0.030943337945658084,0.2642775379861388,0.7047791240682031
Muwahahaha,neither,0.03945320844208391,0.33037608806864915,0.630170703489267
Good evening all,neither,0.0407757687943942,0.4132731801052576,0.545951051100348
!ears,neither,0.03945320844208391,0.33037608806864915,0.630170703489267
gandsGandsEars ð–ð€ð‘ððˆðð†! Incoming LOUD NOISES. Adjust your volume and protect your ears! gandsGandsEars,neither,0.08369346292336456,0.2909372434945657,0.6253692935820697
Moar Sagas of Sundry Please and Thank you!,neither,0.051845332660087916,0.3368190604387292,0.6113356069011829
this is my first time seeing Dread; I've been really impressed by Ivan van Norman and the actor for Mr Wren at the start- and such a treat to see so many skilled players together <3,neither,0.025846116355439156,0.3475286585315202,0.6266252251130406
welcome @shunkawahumpi :),neither,0.03945320844208391,0.33037608806864915,0.630170703489267
@Suedyin Mr. Wren is Darin de Paul,neither,0.046638406636874456,0.3279047689278682,0.6254568244352573
ahh yes thankyou @DJPheonyx :) I have not seen his work before,neither,0.05245597065607673,0.3882237535585764,0.5593202757853468
@suedyin this is a great show.,neither,0.06988127914729544,0.20881069602413252,0.721308024828572
what the eff am I watching,neither,0.04335767058441517,0.31236123411064576,0.6442810953049389
!wtfisthis,neither,0.03945320844208391,0.33037608806864915,0.630170703489267
"Callisto 6 takes place in Los Angeles in the year 2120, where a world of cyberpunk is about to be broken by the emergence of superheroes. Powered by the Cypher System, this original RPG is crafted by Eric Campbell and Sam de Leve. Synapse is on the loose and the team must act quickly if they are to stop the speedster before he hurts anyone... including himself.",neither,0.04845311206673316,0.3421039258796712,0.6094429620535956
"oops no this is not Callisto 6, that finished earlier lol",neither,0.03491871348611315,0.40676384517207,0.5583174413418169
"@Suedyin You may have heard his voice, since he has done a lot of voiceover work for aniimation and video games.",neither,0.0666725532045942,0.25608215334823986,0.677245293447166
"this is Sagas of Sundry Dread, where the survival horror mechanic uses a Jenga tower",neither,0.044344999004476644,0.3032231056376896,0.6524318953578337
I curse this chat.,neither,0.03936229446520816,0.33191913552280333,0.6287185700119885
!dread,neither,0.03945320844208391,0.33037608806864915,0.630170703489267
hmm nope,neither,0.03945320844208391,0.33037608806864915,0.630170703489267
I feel cursed all of a sudden.,neither,0.040886944968700836,0.3886111864407487,0.5705018685905506
"A group of five friends get together for a summer camping trip. But this isn't an ordinary camping trip - they're going to the same place they went on last year's trip... a trip that involved horror, sorrow, and dread.",neither,0.04083753983389913,0.3143685501650636,0.6447939100010371
gotem,neither,0.03945320844208391,0.33037608806864915,0.630170703489267
"Storyteller Ivan van Norman, and players Amy Vorpahl, Taliesin Jaffe, Amy Dallen, and (exited) Matthew Mercer",neither,0.0386863918456359,0.2917062082518104,0.6696073999025537
Thanks Suedyin :),neither,0.035884468650613,0.3004919205142699,0.6636236108351171
oops and Satine Phoenix,neither,0.03874774543435278,0.2950951412172348,0.6661571133484124
i'm still sad over tanner,neither,0.03611604210419804,0.3448644690695771,0.6190194888262249
"Tonight on #VampireTheMasquerade #LAByNight, it's the first Epilogue of Season 3: ""Set Me Free"" The demands of barony weigh on Victor as he takes advantage of the truce. âš°ï¸ : 8pm Pacific",neither,0.030700739077342817,0.3409884675063587,0.6283107934162986
"so am I @ItsPazuzu but it was so brilliantly executed, such beautiful acting in that moment",neither,0.03441086124148901,0.4129137066004354,0.5526754321580756
so heroic,neither,0.03940934168832202,0.38195233036853654,0.5786383279431415
"Ivan Van Norman ( twitter.com/Hydra_Lord ), Satine Phoenix ( twitter.com/satinephoenix ), Taliesin Jaffe ( twitter.com/executivegoth ), Amy Dallen ( twitter.com/enthusiamy ), and Amy Vorpahl ( twitter.com/vorpahlsword ).",neither,0.03845393071765099,0.4507791631845552,0.510766906097794
"@Suedyin yes! And that ""I love you sat"" OUCH my feels",neither,0.035462391475690934,0.4249680476942031,0.5395695608301059
"""well"" - there you have it",neither,0.05853630465450149,0.3425784209313291,0.5988852744141695
@ItsPazuzu absolutely- and remember him lending his coat to Sat in the first episode?,neither,0.05124344030195937,0.29998284159567873,0.648773718102362
@Suedyin [crying],neither,0.03945320844208391,0.33037608806864915,0.630170703489267
B0sh1 subscribed at Tier 1. They've subscribed for 35 months!,neither,0.02048699552096877,0.3140055917090471,0.665507412769984
gandsHype gandsHype gandsHype,neither,0.03945320844208391,0.33037608806864915,0.630170703489267
great clerks reference,neither,0.0374462170737894,0.30358903599427284,0.6589647469319377
A national treasure,neither,0.03945320844208391,0.33037608806864915,0.630170703489267
"someone hold me, I'm scared",neither,0.03226556448798946,0.36929306845040016,0.5984413670616104
gandsDread,neither,0.03945320844208391,0.33037608806864915,0.630170703489267
