text,top_class,hate_speech,offensive_language,neither
"Help G&S make great content! $4.99/month gets you emotes, Minecraft server access, sub-only VODs, and more! Every sub keeps the channel alive! twitch.tv/geekandsundry/subscribe",neither,0.043907990691603095,0.31135964332838284,0.644732365980014
Hey everyone!,neither,0.031959242684595296,0.4575682446653829,0.5104725126500218
thekilathongol subscribed with Twitch Prime.,neither,0.030186173588972614,0.3621416721941929,0.6076721542168345
"mangle81 subscribed at Tier 1. They've subscribed for 73 months, currently on a 53 month streak!",neither,0.023636627814133785,0.3242326097595808,0.6521307624262854
"Wooo shoulda thought to lower my volume, I knew what was coming up.",neither,0.03928689375269037,0.3481521299151681,0.6125609763321416
gandsRage gandsRage gandsRage gandsRage gandsRage gandsRage gandsRage,neither,0.03945320844208391,0.33037608806864915,0.630170703489267
It's I Took A Freshman Philosophy Course Man,neither,0.038507461528526965,0.37581157073253085,0.5856809677389422
Ahoy,neither,0.03945320844208391,0.33037608806864915,0.630170703489267
hello!,neither,0.03945320844208391,0.33037608806864915,0.630170703489267
stankCL,neither,0.03945320844208391,0.33037608806864915,0.630170703489267
Hay,neither,0.03945320844208391,0.33037608806864915,0.630170703489267
Haay,neither,0.03945320844208391,0.33037608806864915,0.630170703489267
mess with the best.,neither,0.026020683687669362,0.34616793639486293,0.6278113799174676
what's going on lol,neither,0.029938533354501036,0.4527458506180469,0.517315616027452
I don’t know lol,neither,0.027230146784842927,0.4242985519482601,0.5484713012668969
darkempress00 subscribed with Twitch Prime.,neither,0.030186173588972614,0.3621416721941929,0.6076721542168345
Die like the rest.,neither,0.2779449792433081,0.10337484249452783,0.6186801782621641
That dude looks cool,neither,0.03535498240748434,0.3749949901269345,0.5896500274655812
is this an ad,neither,0.04917398837751599,0.3228578518059188,0.6279681598165652
Thanks lol,neither,0.025686929906610204,0.3825841739419974,0.5917288961513923
fyre festival made it to the cyberpocalipse,neither,0.043538186370891775,0.3115482860508907,0.6449135275782175
Nope. It's a show.,neither,0.056638094939951034,0.23857845573424882,0.7047834493258001
LOL,neither,0.020706217963973744,0.4882283491876925,0.4910654328483337
😂😂,neither,0.03945320844208391,0.33037608806864915,0.630170703489267
Hi @noduhlauren babe,neither,0.03945320844208391,0.33037608806864915,0.630170703489267
WTF,offensive_language,0.04410695246022759,0.7898861884776351,0.16600685906213722
it added babe!,neither,0.038025053102578046,0.3308672961788288,0.6311076507185932
LMFAO,neither,0.05470637918084239,0.32512982320825545,0.6201637976109021
Sorry!,neither,0.03945320844208391,0.33037608806864915,0.630170703489267
hey Khail,neither,0.03945320844208391,0.33037608806864915,0.630170703489267
Ninja!!,neither,0.03945320844208391,0.33037608806864915,0.630170703489267
@powerfulstream it’s all good I just had a good laugh,neither,0.03480286943287901,0.4107025003880892,0.5544946301790319
who pooped in my tent,neither,0.03095143061453892,0.4500403367788688,0.5190082326065923
Khail!!,neither,0.03945320844208391,0.33037608806864915,0.630170703489267
Super nice scorpions!!,neither,0.03945320844208391,0.33037608806864915,0.630170703489267
I think abt the conversations in this episode a lot,neither,0.03912815331277966,0.3143736833375213,0.646498163349699
Lol,neither,0.020706217963973744,0.4882283491876925,0.4910654328483337
uhnThonk,neither,0.03945320844208391,0.33037608806864915,0.630170703489267
IS this guy talking about Fyre Fest?,neither,0.044534558443411455,0.3595658593694925,0.595899582187096
Okay lowkey those sunglasses are cool tho.,neither,0.07375870101620657,0.25563281532176313,0.6706084836620302
Lazer Fest bro!,neither,0.03945320844208391,0.33037608806864915,0.630170703489267
sick dope,neither,0.03945320844208391,0.33037608806864915,0.630170703489267
dope sick,neither,0.03945320844208391,0.33037608806864915,0.630170703489267
!whodat,neither,0.03945320844208391,0.33037608806864915,0.630170703489267
"Whitney Moore ( twitter.com/TweetneyMoore ) [she/her], Jason Charles Miller as Bunker Bot ( twitter.com/JasonCMiller ) [he/him], and Khail Anonymous ( twitter.com/KhailAnonymous ) [he/him].",offensive_language,0.03842628112802104,0.5217599121476302,0.4398138067243488
I've seen one (1) spinner.,neither,0.014392210134774439,0.34363672682907553,0.64197106303615
Wish I had that amount of spinners,neither,0.035911990067180634,0.3688335375744444,0.5952544723583749
Huh?,neither,0.03945320844208391,0.33037608806864915,0.630170703489267
Lunch is just a styrofoam container,neither,0.043467587546333085,0.3545410145748253,0.6019913978788416
better call up those youtubers who owes alot of spinners,neither,0.05557976103631852,0.364107591554744,0.5803126474089374
"I have 1,000,000,000,001 spinners",neither,0.03917662998701906,0.3350703462633489,0.6257530237496319
can I have one ?,neither,0.03755338081003546,0.39124821598247794,0.5711984032074867
Khail can we borrow some of your spinners?,neither,0.05864324871834539,0.3350863336641913,0.6062704176174633
spare spinners pls,neither,0.03945320844208391,0.33037608806864915,0.630170703489267
Can I have ur bluetooth speaker one,neither,0.05995911732984931,0.3546044126626264,0.5854364700075242
"Im new here, whats happening?",neither,0.07830300413775104,0.25637831268799455,0.6653186831742545
I'm that friend,neither,0.03330104418011051,0.39792708880300265,0.5687718670168869
!wtfisthis,neither,0.03945320844208391,0.33037608806864915,0.630170703489267
Khail Anonymous visits the bunker to give Whitney the lowdown on post apocalyptic partying.,neither,0.04041086424968488,0.31801395822201783,0.6415751775282973
