text,top_class,hate_speech,offensive_language,neither
aeee,neither,0.03945320844208391,0.33037608806864915,0.630170703489267
thuluHEY bryandWave gandsClassic,neither,0.03945320844208391,0.33037608806864915,0.630170703489267
gandsHype gandsHype gandsHype,neither,0.03945320844208391,0.33037608806864915,0.630170703489267
hello,neither,0.03945320844208391,0.33037608806864915,0.630170703489267
gandsRage gandsHype gandsRage,neither,0.03945320844208391,0.33037608806864915,0.630170703489267
oh no its evil becca,neither,0.03717881934651778,0.29547889662286425,0.6673422840306179
#TeamPaula,neither,0.03945320844208391,0.33037608806864915,0.630170703489267
HI @Ossborn @Leasky2,neither,0.03945320844208391,0.33037608806864915,0.630170703489267
Pepperidge Farms remembers,neither,0.03945320844208391,0.33037608806864915,0.630170703489267
!points @MikeeThePrude,neither,0.03945320844208391,0.33037608806864915,0.630170703489267
"That was an excellent pun, @MikeeThePrude! Here, have some points for that one! You have been awarded 81 points!",neither,0.049980789310414435,0.3817775744187309,0.5682416362708548
that's the becca that chopped wood,neither,0.03289234733202603,0.3827234362720101,0.5843842163959638
thread the needle,neither,0.038372653207642965,0.3105039192898759,0.6511234275024811
it was more of a worm murder,neither,0.039700179133946634,0.32392138117817987,0.6363784396878733
are we drunk yet?,neither,0.06954533299337338,0.28203167440309135,0.6484229926035353
gandsOwlbear,neither,0.03945320844208391,0.33037608806864915,0.630170703489267
you need another 19 old George's and you could win,neither,0.10768927160211582,0.3054016598594415,0.5869090685384427
so george hatches from the egg,neither,0.039505136715203205,0.3390925713780959,0.6214022919067009
The ring bling is strong today feliciaOoh,neither,0.04366084110089932,0.30070733907173125,0.6556318198273694
niké vos meres les putes,neither,0.03945320844208391,0.33037608806864915,0.630170703489267
Becca gandsHR gandsHR gandsHR gandsHR gandsHR gandsHR gandsHR,neither,0.03945320844208391,0.33037608806864915,0.630170703489267
Yay Paula!,neither,0.03945320844208391,0.33037608806864915,0.630170703489267
!whodat,neither,0.03945320844208391,0.33037608806864915,0.630170703489267
"Becca Scott ( twitter.com/thebeccascott ) [she/her], joined by Phillip Correa ( twitter.com/Mphillipcorrea ) [he/him], Paula Deming ( twitter.com/PaulaDeming ) [she/her], Jason Charles Miller ( twitter.com/jasoncmiller ) [he/him].",offensive_language,0.03779061950705971,0.6111520392320942,0.3510573412608461
damniot,neither,0.03945320844208391,0.33037608806864915,0.630170703489267
i missed the stream today,neither,0.037531462401159586,0.29806065069553644,0.664407886903304
how late am i,neither,0.039219368528491595,0.33045651633780365,0.6303241151337047
~25,neither,0.03945320844208391,0.33037608806864915,0.630170703489267
"MetalGod5e subscribed at Tier 1. They've subscribed for 44 months, currently on a 44 month streak!",neither,0.02592531156885413,0.32504152597122205,0.6490331624599239
!whoistat,neither,0.03945320844208391,0.33037608806864915,0.630170703489267
!command,neither,0.03945320844208391,0.33037608806864915,0.630170703489267
!commands,neither,0.03945320844208391,0.33037608806864915,0.630170703489267
@ravensburgermaster -> The bot commands for this channel are available at https://nightbot.tv/t/geekandsundry/commands,neither,0.04793253735837161,0.29180395797886544,0.660263504662763
!whodat,neither,0.03945320844208391,0.33037608806864915,0.630170703489267
"Becca Scott ( twitter.com/thebeccascott ) [she/her], joined by Phillip Correa ( twitter.com/Mphillipcorrea ) [he/him], Paula Deming ( twitter.com/PaulaDeming ) [she/her], Jason Charles Miller ( twitter.com/jasoncmiller ) [he/him].",offensive_language,0.03779061950705971,0.6111520392320942,0.3510573412608461
"I think(?) I saw this game at Gen Con, didn't have a chance to demo it",neither,0.03293794880390081,0.3424149298299513,0.6246471213661479
I believe Becca still has Ivan locked in her dungeon,offensive_language,0.03104830369440724,0.5309364595664426,0.4380152367391502
of coarse IF becca was a murderer,neither,0.02288059863310117,0.38617311556563344,0.5909462858012654
if,neither,0.006725917576924588,0.4780292726816787,0.5152448097413966
Ryreilan subscribed at Tier 1.,neither,0.03853807016957085,0.358210604756348,0.6032513250740811
hrpgSub hrpgHyperHype feliciaHype gandsHype,neither,0.03945320844208391,0.33037608806864915,0.630170703489267
Zombie George will return,neither,0.04054468441069278,0.3118508923560662,0.6476044232332411
that's basically me. all of my plans get destroyed between turns,neither,0.027314210168072527,0.4753024198431825,0.4973833699887449
your first mistake was making a plan,neither,0.055853941536969653,0.31805400840800496,0.6260920500550253
Paula should use her Powers of Hermes in the game,offensive_language,0.01869958028854275,0.5247894398964972,0.4565109798149602
!points @FuffyButt,neither,0.03945320844208391,0.33037608806864915,0.630170703489267
"That was an excellent pun, @FuffyButt! Here, have some points for that one! You have been awarded 26 points!",neither,0.0501518845719386,0.3824903729925278,0.5673577424355336
Merl is more of a support and comic relief,neither,0.08024035332031385,0.2755729730942843,0.6441866735854019
So Becca is saying that this game is a BLAST!,neither,0.04074198065950837,0.3640490543839552,0.5952089649565365
!points Paula,neither,0.03945320844208391,0.33037608806864915,0.630170703489267
"That was an excellent pun, Paula! Here, have some points for that one! You have been awarded 72 points!",neither,0.04954113298467628,0.37992936462808813,0.5705295023872355
"I can´t help it, I keep hearing them say Wyrm, not Worm... Wyrm is a name from the Werewolf: The Apocalypse RPG :-D",neither,0.04887366287780924,0.30003748576103006,0.6510888513611607
is this Tremors,neither,0.06444388513749441,0.32581973129223984,0.6097363835702658
!points Phillip,neither,0.03945320844208391,0.33037608806864915,0.630170703489267
"That was an excellent pun, Phillip! Here, have some points for that one! You have been awarded 53 points!",neither,0.04930875219005408,0.3789427897416738,0.5717484580682722
@UNDEADSAINTSFAN basically,neither,0.03945320844208391,0.33037608806864915,0.630170703489267
!wtfisthis,neither,0.03945320844208391,0.33037608806864915,0.630170703489267
"Can you handle the Terror? On this episode of Game the Game, Becca is joined by Phillip Correa, Paula Deming, and Jason Charles Miller to play Terror Below from Renegade. A government experiment has gone horribly wrong, and now giant mutant worms are running amok across the Nevada desert! This video is made in partnership with Renegade Game Studios. Learn more about Terror Below here: https://www.kickstarter.com/projects/165626423/terror-below?ref=14gx7l",neither,0.054575457248521274,0.2772087111767296,0.6682158315747491
"I´m way to tired already, so sorry if this already was mewntioned, but thios game totally gives me a Tremors vibe",neither,0.02730350329525531,0.39794040314190315,0.5747560935628415
