text,top_class,hate_speech,offensive_language,neither
"!clock ..GAME THE GAME, 4pm - 6pm",neither,0.03809334206665594,0.2643726378004179,0.6975340201329262
It is currently Wednesday 3:59 PM at the Geek & Sundry studio in California.,neither,0.05091654390692305,0.3296619113431817,0.6194215447498952
11 raiders from astylepixie have joined!,neither,0.03984397802792907,0.32374370836950367,0.6364123136025672
I bet Ivan still finds a way to kill them all in the game :-D,neither,0.3031148058402492,0.2285010684302023,0.4683841257295485
@astylepixie HYPE!!!,neither,0.03945320844208391,0.33037608806864915,0.630170703489267
Welcome @astylepixie and Raiders,neither,0.038684903632370565,0.2916231220829233,0.6696919742847062
PIXIE RAID!!,neither,0.03945320844208391,0.33037608806864915,0.630170703489267
@astylepixie hype!!!,neither,0.03945320844208391,0.33037608806864915,0.630170703489267
so how is Ivan killing them all in this game?,neither,0.06240877547008784,0.3841068440416977,0.5534843804882145
gandsClassic gandsShield,neither,0.03945320844208391,0.33037608806864915,0.630170703489267
Yayyyy!!!,neither,0.03945320844208391,0.33037608806864915,0.630170703489267
HI @astylepixie,neither,0.03945320844208391,0.33037608806864915,0.630170703489267
@chaoticloony Stylepixie is Erika playing Cat Lady fyi,neither,0.045697774996897894,0.3282282952820867,0.6260739297210154
Hi @chaoticloony!,neither,0.03945320844208391,0.33037608806864915,0.630170703489267
Oh hello there @astylepixie,neither,0.04496423197175243,0.2293814944764986,0.7256542735517489
Probably knew that.. My bad haha,offensive_language,0.021730197035149328,0.5038194207772174,0.4744503821876331
"@JAyersofBORG I know, but i am used to seeing her with her wings",offensive_language,0.02390330298006923,0.6416686088450763,0.3344280881748545
Aren't we all haha,offensive_language,0.03630112645728008,0.48856241319244187,0.4751364603502781
Hehhehe,neither,0.03945320844208391,0.33037608806864915,0.630170703489267
This game is so fun!!,neither,0.04789244729287775,0.32947416876262137,0.6226333839445009
It looks like fun!,neither,0.050883112541631095,0.35061691519429106,0.5984999722640779
Hi @danoba!!,neither,0.03945320844208391,0.33037608806864915,0.630170703489267
This music is amazing.. haha,neither,0.04260259284774159,0.3954090406428009,0.5619883665094575
@astylepixie is the best! Just sayin! haha (i'm super biased though lul),neither,0.037733177647118185,0.3674322104850196,0.5948346118678621
Hahaha thanks @jayersofborg,neither,0.03685951812766569,0.3086568593018195,0.6544836225705147
"its Ivan, yay",neither,0.032430412133107704,0.3327915497538622,0.6347780381130301
The silliness is rampant!,neither,0.06634763790238427,0.27637293114625994,0.6572794309513558
It's amazing!,neither,0.03744825929378943,0.33106568201889885,0.6314860586873118
I V A N,neither,0.03945320844208391,0.33037608806864915,0.630170703489267
Where's the Catsa card @astylepixie ?! lol,neither,0.03186333551456031,0.33668981677166626,0.6314468477137735
banetou subscribed at Tier 1. They've subscribed for 45 months!,neither,0.020673836791578106,0.3141724807976407,0.6651536824107812
RE hrpgSub hrpgHyperHype feliciaHype gandsHype,neither,0.10802165902134243,0.2484119200751343,0.6435664209035233
hello,neither,0.03945320844208391,0.33037608806864915,0.630170703489267
Hi @sfvd213,neither,0.03945320844208391,0.33037608806864915,0.630170703489267
"@jayersofborg a missed opportunity, frankly haha",neither,0.03565498744063812,0.3948418110301048,0.5695032015292572
damn i really want kfc now,offensive_language,0.04496868133449578,0.76255371770265,0.19247760096285418
I've joined a dungeons and dragons club,neither,0.022555271438237046,0.2895379797502817,0.6879067488114812
The conversations are usually the best part of Game the Game!,neither,0.05020125472859144,0.23473032817392303,0.7150684170974855
@marvinhood same lol,neither,0.028245572402718105,0.4444572659521006,0.5272971616451813
What is even happening right now!?,neither,0.04990234701603969,0.35330363599141157,0.5967940169925487
jayers1Redshirt jayers1Redshirt jayers1Redshirt,neither,0.03945320844208391,0.33037608806864915,0.630170703489267
@sfvd213 That is great to hear!,neither,0.05007922986399996,0.3403035760394625,0.6096171940965377
Ivan can’t keep away from Horror hahaha,neither,0.0416510462537784,0.2930730445045762,0.6652759092416454
@sfvd213 the best type of club!,neither,0.037708389451481396,0.30682039940069494,0.6554712111478236
"no, boneless-skinless is great for stirfry, salad, low fat bbq",neither,0.09105876795745034,0.23680770545943403,0.6721335265831156
I love that name: Levar Purrton,neither,0.03342479394538258,0.38094986835494754,0.58562533769967
right best name,neither,0.037205009536852664,0.3439108645978799,0.6188841258652674
I wonder what Nelli G thinks about how her Thrall is doing in the game.,neither,0.03878320810258685,0.4519443309582721,0.509272460939141
I hope this game wins awards based entirely about the names in this,neither,0.05519810192669187,0.2541128506473171,0.690689047425991
Ivan's expression,neither,0.03945320844208391,0.33037608806864915,0.630170703489267
Sorry not sorry Ivan,neither,0.03823008848220789,0.3349668862603786,0.6268030252574135
ramaBlank,neither,0.03945320844208391,0.33037608806864915,0.630170703489267
"Ivan is always the traitor, even when there is no traitor mechanic",neither,0.039535775748804416,0.3672875308415768,0.5931766934096188
wait how do you win thisgame?,neither,0.06079594650359094,0.382932026072776,0.5562720274236331
interesting how this became a horror game,neither,0.038886862712181475,0.30157073458433237,0.6595424027034863
!wtfisthis,neither,0.03945320844208391,0.33037608806864915,0.630170703489267
"Get your catnip and scratching post ready, because in this episode of Game the Game we're playing Cat Lady from AEG! Ivan Van Norman is joined by Rachel Kimsey, Vince Caso, and Erika Fermina to decide who is the most devoted feline fan. Players must draw cards to collect cats along with food, toys, costumes, and other kitty accessories. Accumulate the most points to be the victorious Cat Lady!This was made in partnership with Alderac Entertainment Group. https://www.alderac.com/cat-lady/",neither,0.05031708393640648,0.27059739490008344,0.6790855211635101
@davecom3 when a game is hosted by Ivan it’s hard for it to NOT become horror haha,offensive_language,0.028584168546346968,0.5017979277834792,0.46961790367017375
