text,top_class,hate_speech,offensive_language,neither
Hey,neither,0.03945320844208391,0.33037608806864915,0.630170703489267
"TUESDAY (All Times Pacific): PATHFINDER: KNIGHTS OF EVERFLAME, 4pm - 7pm | Z3R0-2-H3R0, 7pm - 8pm | G&S FREE PLAY, 8pm - 10:15pm",neither,0.040033621319301375,0.35485843470630535,0.6051079439743933
gandsJohnson gandsClassic gandsDick,neither,0.03945320844208391,0.33037608806864915,0.630170703489267
Hi @postdataest,neither,0.03945320844208391,0.33037608806864915,0.630170703489267
hello all,neither,0.04217753453783664,0.43734383323855475,0.5204786322236087
Hi @Zismarith @Leasky2,neither,0.03945320844208391,0.33037608806864915,0.630170703489267
"Today on #KnightsofEverflame, ""The Darkest Depth"" After finding the Tomb of Kassen in ruins, the party must descend deep into The Darklands in hopes of finding the weapon capable of defeating the hordes of the dead!",neither,0.036819644909508925,0.2917033597787736,0.6714769953117175
"Howdy, folks!",neither,0.03945320844208391,0.33037608806864915,0.630170703489267
Hi @BiblioTeq,neither,0.03945320844208391,0.33037608806864915,0.630170703489267
Howdy y'all,offensive_language,0.046917543854519406,0.6277741405869331,0.3253083155585475
thuluHEY,neither,0.03945320844208391,0.33037608806864915,0.630170703489267
hello all,neither,0.04217753453783664,0.43734383323855475,0.5204786322236087
Hi @TheEmbiggenedBadger,neither,0.03945320844208391,0.33037608806864915,0.630170703489267
Howdy!,neither,0.03945320844208391,0.33037608806864915,0.630170703489267
"Hi, @chaoticloony !",neither,0.03945320844208391,0.33037608806864915,0.630170703489267
Hi @y_asabi @Lonejedi70,neither,0.03945320844208391,0.33037608806864915,0.630170703489267
Missed last week as Charleston was in the path of the Hurricane,neither,0.037162316246744716,0.3328499294309774,0.6299877543222779
How's everybody doing?,neither,0.03945320844208391,0.33037608806864915,0.630170703489267
"y_asabi subscribed at Tier 1. They've subscribed for 2 months, currently on a 2 month streak!",neither,0.02239512321462605,0.3238220280209259,0.653782848764448
good and you,neither,0.07477491329392723,0.3328597187044058,0.592365368001667
yes yes yes I'm so EXCITED!!!!,neither,0.03942221397549489,0.35723562683350024,0.6033421591910048
Re Sub feliciaHype gandsHype,neither,0.06563155843012512,0.2918032579473116,0.6425651836225633
been waiting for this all week!!!,neither,0.034462492625227915,0.3696380865319018,0.5958994208428703
Cylestea subscribed at Tier 1. They've subscribed for 3 months!,neither,0.018730042386447116,0.3124437755681934,0.6688261820453595
Hello !!,neither,0.03945320844208391,0.33037608806864915,0.630170703489267
ahhhh HI,neither,0.03945320844208391,0.33037608806864915,0.630170703489267
made it just in time,neither,0.031060641225712168,0.38162676136525026,0.5873125974090375
RE Sub feliciaHype gandsHype,neither,0.06563155843012512,0.2918032579473116,0.6425651836225633
aaaaaahhh,neither,0.03945320844208391,0.33037608806864915,0.630170703489267
"hello! not caught up yet, and I won't be able to stay, but wanted to at least say hello!",neither,0.041329419551827104,0.35030159956364765,0.6083689808845252
YAY! Here we go!,neither,0.09193108922757819,0.2967003663707533,0.6113685444016684
PrideWingL markseLeshy PrideWingR markseWand,neither,0.03945320844208391,0.33037608806864915,0.630170703489267
Hi @shidareAKI,neither,0.03945320844208391,0.33037608806864915,0.630170703489267
There we goooo,neither,0.03923353622914221,0.29054151763656033,0.6702249461342976
AKI!,neither,0.03945320844208391,0.33037608806864915,0.630170703489267
Hiiiiiii!,neither,0.03945320844208391,0.33037608806864915,0.630170703489267
made it!,neither,0.03684238675525566,0.33127406936755094,0.6318835438771935
"Hi, @shidareAKI !",neither,0.03945320844208391,0.33037608806864915,0.630170703489267
"welcome, to adventure",neither,0.04591327914161451,0.32659708435937923,0.6274896364990064
Lets GOooooo,neither,0.0381375099945381,0.3527069244228318,0.6091555655826302
my Heart!!!,neither,0.02323080328995969,0.46424929128473386,0.5125199054253063
finally get to see one live,neither,0.049491607486491784,0.36359932366803427,0.586909068845474
Hi @shidareAKI,neither,0.03945320844208391,0.33037608806864915,0.630170703489267
Gina I LUV YA!!!!,offensive_language,0.02368706056182823,0.6208332013938993,0.3554797380442725
@NoharTheShark Welcome and enjoy,neither,0.03860730184226345,0.28722824611601955,0.6741644520417169
good evening,neither,0.03869882722860525,0.3306355543605695,0.6306656184108252
Only one more after this!!,neither,0.040477966274702945,0.35755467290404735,0.6019673608212497
Hi @Zaister,neither,0.03945320844208391,0.33037608806864915,0.630170703489267
We have a subscriber-only Discord server! Join here: https://discord.gg/geekandsundry (you'll need to sub and link it to your Twitch) and be a part of the fun!...Warning: It can take up to an hour for the server to update and give you access to the channels,neither,0.08464076273808444,0.286394834032893,0.6289644032290227
:O,neither,0.03945320844208391,0.33037608806864915,0.630170703489267
!ido,neither,0.03945320844208391,0.33037608806864915,0.630170703489267
"We would like to remind everyone that marriage takes communication and work, and is not just about physical appearance. In order to love someone enough to marry them, knowing them in person is important. You can definitely #LessThanThree everyone here classily though, and they will #LessThanThree you back!",neither,0.08160178472055236,0.3814592929677277,0.5369389223117199
"Well, it's still military service, you're just now The Resistance.",neither,0.05900000284174326,0.3557661475554787,0.585233849602778
"Just remember that although many of the hosts of the channel are attractive, there's much more to them than that. For example, Gina is also incredibly creative.",neither,0.050535909855638224,0.30729787141497433,0.6421662187293874
I arrived just in time both to watch most of the episode (I have to hop out early again today) and to be assailed by doggos in need of pets.,neither,0.044506216942586635,0.3400130395757741,0.6154807434816393
to many words,neither,0.04848145842937381,0.3251541690669248,0.6263643725037014
"Help G&S make great content! $4.99/month gets you emotes, Minecraft server access, sub-only VODs, and more! Every sub keeps the channel alive! twitch.tv/geekandsundry/subscribe",neither,0.043907990691603095,0.31135964332838284,0.644732365980014
Hahah!,neither,0.03945320844208391,0.33037608806864915,0.630170703489267
Dead capt and private,neither,0.038611295619940714,0.28745754168880283,0.6739311626912564
Pet the doggos,neither,0.038189321764368164,0.30699900157265414,0.6548116766629778
stefBelle stefBelle,neither,0.03945320844208391,0.33037608806864915,0.630170703489267
did i miss something with all the wedding talk?,neither,0.01748215493675886,0.4060040254512763,0.5765138196119649
t-t,neither,0.03945320844208391,0.33037608806864915,0.630170703489267
Most mayors in RPGs are either fools or crooked,neither,0.054456897527786624,0.3022885185218241,0.6432545839503893
"I have one sitting next to me on the couch right now. He has been having tummy issues, so unfortunately, he's had to fast today and he is a sad pupper.",neither,0.04783419973415445,0.3572583714785334,0.5949074287873121
"i miss Lucky, he was the best of times, he was the worst of times",neither,0.0400928182850066,0.302709964025022,0.6571972176899714
Poor Holgast. T_T,neither,0.03945320844208391,0.33037608806864915,0.630170703489267
T-T poor doggo,neither,0.03945320844208391,0.33037608806864915,0.630170703489267
Smokebeard subscribed at Tier 1. They've subscribed for 31 months!,neither,0.021247502842219,0.31468546718044244,0.6640670299773386
Re Sub feliciaHype gandsHype,neither,0.06563155843012512,0.2918032579473116,0.6425651836225633
hello,neither,0.03945320844208391,0.33037608806864915,0.630170703489267
"@Elfteiroh I know, I feel so awful for him, but he was sick during the morning walk and I didn't wanna take any chances.",neither,0.03261095481621875,0.27020642137384937,0.6971826238099319
John_Sparks_Jr subscribed with Twitch Prime. They've subscribed for 31 months!,neither,0.019114788021552424,0.32344779640759524,0.6574374155708523
Hi @QuinceyForder,neither,0.03945320844208391,0.33037608806864915,0.630170703489267
Re Sub feliciaHype gandsHype,neither,0.06563155843012512,0.2918032579473116,0.6425651836225633
"Yeah, I wasn’t accusing you. :3",offensive_language,0.03319137441873916,0.5409975354462192,0.4258110901350416
"Oh jeez, I totally didn't realize my sub had expired. That would explain why G&S didn't appear for me on Discord anymore.",neither,0.016579947361779358,0.4176770636617623,0.5657429889764584
Ah well.,neither,0.03945320844208391,0.33037608806864915,0.630170703489267
And I miss Aleika... the new owner sends pictures every 2-3 days and each of them makes me happy and sad at the same time! I miss that girl!,neither,0.031681549283257046,0.31147112945263705,0.6568473212641058
Hauled butt to get caught up. Excited to watch live!,neither,0.06005514318925763,0.3959401729916641,0.5440046838190783
"There WAS an episode last week, right?",neither,0.03881692873638686,0.3084796769681259,0.6527033942954873
@Tsarak Welcome,neither,0.03945320844208391,0.33037608806864915,0.630170703489267
@Tsarak thank you so much for joining us today! We're glad to have you here,neither,0.15511574385476154,0.3250840449143446,0.5198002112308938
@TheEmbiggenedBadger there was,neither,0.0391719864997431,0.25722825471909144,0.7035997587811654
Yes,neither,0.03945320844208391,0.33037608806864915,0.630170703489267
Damn and blast,offensive_language,0.044473460568738604,0.8156370305008259,0.13988950893043542
!subtember,neither,0.03945320844208391,0.33037608806864915,0.630170703489267
"If you've been gifted a sub during the month of September, you can continue it for just $1 (that's 80% off! gandsHype )! This only applies to Tier 1 subscriptions, meaning you can turn any Tier of your gifted Sub into a recurring Tier 1 Sub for just $1. For more information, you can visit: http://bit.ly/SUBtember2018",neither,0.03948254922405963,0.334540530571056,0.6259769202048844
I need to get caught up then.,neither,0.04265758565836526,0.38822119691571616,0.5691212174259185
"Ah yay, our Subtember command is out of date",neither,0.04189385592881072,0.3411285645519945,0.6169775795191949
!pi,neither,0.03945320844208391,0.33037608806864915,0.630170703489267
I'll see if I can get that updated for everyone,neither,0.0188228936035422,0.44629840838642953,0.5348786980100283
Here have some delicious Pi: 3.141592653589793,neither,0.07155622660083354,0.31643958191898924,0.6120041914801772
Hurricane Dorian f***ed up our whole project lol,neither,0.033551127444805755,0.3923208377289241,0.5741280348262701
@theembiggenedbadger last week episode was uploaded to YouTube this morning,neither,0.0492353183546021,0.24196738128267514,0.7087973003627227
@TheEmbiggenedBadger The six past episodes are up on Youtube.,neither,0.050671637890883615,0.33203787545241625,0.6172904866567002
Oh awesome. I'll have to set some time aside to watch it. Couldn't watch it today though - had work,neither,0.04615223638316264,0.3118482698307217,0.6419994937861155
Last week was the only one I've missed,neither,0.021048824492920514,0.32873265885224356,0.650218516654836
"TheDarkSwordsman13 subscribed at Tier 1. They've subscribed for 9 months, currently on a 1 month streak!",neither,0.02239512321462605,0.3238220280209259,0.653782848764448
its all fun and games until some one loses a statue,neither,0.031079312494710565,0.3747466719875539,0.5941740155177355
!subtember,neither,0.03945320844208391,0.33037608806864915,0.630170703489267
"Beginning September 3 at 1PM PT through September 24, in partnership with Subway, we’re offering 50% off new Tier 1 subscriptions made on a web browser or our desktop app! Any new Tier 1 subscription (not including gifted subs) on web or desktop app is eligible for this promotion unless you cancel a subscription in that channel after September 3. If you have any active gift subs or Twitch Prime subs, you can also continue your subscriptions for 50% off. https://bit.ly/2MIDigx",neither,0.0464433517643681,0.33720887533800437,0.6163477728976275
RE Sub feliciaHype gandsHype,neither,0.06563155843012512,0.2918032579473116,0.6425651836225633
i can't read that much,neither,0.03107063858470345,0.37576500382134176,0.5931643575939548
"leggings, immediately covered in dog fur, yaaay",neither,0.03945320844208391,0.33037608806864915,0.630170703489267
!points Rachel,neither,0.03945320844208391,0.33037608806864915,0.630170703489267
"That was an excellent pun, Rachel! Here, have some points for that one! You have been awarded 88 points!",neither,0.04943624986721229,0.37948491695782993,0.5710788331749577
"Sarenrae also regularly irks most other gods :D, good-aligned included",neither,0.039018955668576195,0.330525447510381,0.6304555968210428
also potatoes live under ground,neither,0.042718066515565964,0.32925315366514457,0.6280287798192895
HSWP,neither,0.03945320844208391,0.33037608806864915,0.630170703489267
Oh Lord ... Here come the Drow,neither,0.09222651966839969,0.2555532783874783,0.652220201944122
Duergars,neither,0.03945320844208391,0.33037608806864915,0.630170703489267
THE UNDERDARK,neither,0.03613032604487659,0.2619290779399786,0.7019405960151449
Drows... the statue was elvish...,neither,0.038374719481087415,0.31510694919847226,0.6465183313204402
"potato attack, so much starch",neither,0.035796605053293594,0.3739345696926596,0.5902688252540469
dark dwarves and illithids. greeeaaatttt!!!,neither,0.038371335165424646,0.27295701822196117,0.6886716466126143
"And we ain't talkin' the huggy, friendly kind. No Drizzts here.",neither,0.04254108632010584,0.4237854400599665,0.5336734736199277
"There's also the Svirfneblin gnomes. But they didn't turn, they're mostly still gnomish gnomes.",neither,0.03563614545915098,0.3186674139409384,0.6456964405999105
