text,top_class,hate_speech,offensive_language,neither
See y'all next week! (and probably some of you sooner!),neither,0.04260423276501806,0.4181012598172418,0.5392945074177401
Night @blockman73 !,neither,0.02550723072422885,0.32941079269047424,0.6450819765852968
catch you all soon!,offensive_language,0.06443668837023592,0.4928407149960378,0.4427225966337262
night!,neither,0.02550723072422885,0.32941079269047424,0.6450819765852968
@chaoticloony it truly is,neither,0.048275128960911864,0.3273418250677434,0.6243830459713449
gnight all!,offensive_language,0.046917543854519406,0.6277741405869331,0.3253083155585475
night jaded,neither,0.03179705035988285,0.3301073161067416,0.6380956335333754
night @blockman73 !,neither,0.02550723072422885,0.32941079269047424,0.6450819765852968
"On today's #Z3R02H3R0 - ""Pokémon: Let's Go, Eevee!"" Our very own TD extraordinaire and Pokémon enthusiast Holly Pearson will show Denise the ways of Pokémon. Will she have what it takes to catch them all?",neither,0.06203512699796962,0.3185465692640842,0.619418303737946
"Z3R0-2-H3R0, 7pm - 8pm | G&S FREE PLAY, 8pm - 10:15pm",neither,0.03945320844208391,0.33037608806864915,0.630170703489267
"This might explain last night's ""State Of The Sundry""",neither,0.05352908272034937,0.24208629481449132,0.7043846224651593
"postdataest subscribed at Tier 3. They've subscribed for 55 months, currently on a 55 month streak!",neither,0.02592531156885413,0.32504152597122205,0.6490331624599239
We have a subscriber-only Discord server! Join here: https://discord.gg/geekandsundry (you'll need to sub and link it to your Twitch) and be a part of the fun!...Warning: It can take up to an hour for the server to update and give you access to the channels,neither,0.08464076273808444,0.286394834032893,0.6289644032290227
Re Sub feliciaHype gandsHype,neither,0.06563155843012512,0.2918032579473116,0.6425651836225633
"Yeah, Holly!",offensive_language,0.013968601452186464,0.5182923869769311,0.4677390115708824
Hi Holly and Denise!,neither,0.038358606956405694,0.2721397086643902,0.6895016843792041
hrpgHeyo denise hrpgHeyo holly,neither,0.03945320844208391,0.33037608806864915,0.630170703489267
Thanks for the singing and sparklieness. Owe ya one.,neither,0.02261669370250007,0.449987714903821,0.5273955913936789
!subtember,neither,0.03945320844208391,0.33037608806864915,0.630170703489267
"Beginning September 3 at 1PM PT through September 24, in partnership with Subway, Twitch is offering 50% off new Tier 1 subscriptions made on a web browser or their desktop app! Any new Tier 1 subscription (not including gifted subs) on web or desktop app is eligible for this promotion unless you cancel a subscription in that channel after September 3. If you have any active gift subs or Twitch Prime subs, you can also continue your subscriptions for 50% off. bit.ly/TwitchSubtember",neither,0.04482257038486615,0.3408179089410907,0.6143595206740433
!sub,neither,0.03945320844208391,0.33037608806864915,0.630170703489267
Help support the #GnSLive twitch channel! $4.99/month gets you exclusive sub-only benefits and helps keep the channel alive! Thanks! twitch.tv/geekandsundry/subscribe or for MOBILE https://secure.twitch.tv/products/geekandsundry/ticket/new,neither,0.047564760200365624,0.28780811278399754,0.6646271270156369
"welllll, Pokemon Yellow to be exact",neither,0.015514263059701187,0.04828190135635953,0.9362038355839392
WUS HATNIN ON THESE poke's,neither,0.044744859891738105,0.4108100821720063,0.5444450579362555
Pokemon is great as a game but disgustingly horrible as a cartoon,neither,0.03819501778216102,0.3353064581682564,0.6264985240495826
woaaaah,neither,0.03945320844208391,0.33037608806864915,0.630170703489267
Papaw,neither,0.03945320844208391,0.33037608806864915,0.630170703489267
gave birth to them.,neither,0.06389702342738411,0.3171467659979453,0.6189562105746705
They murder,neither,0.03945320844208391,0.33037608806864915,0.630170703489267
POKEMANS murder,neither,0.03945320844208391,0.33037608806864915,0.630170703489267
gandsZero gandsDenise gandsHero,neither,0.03945320844208391,0.33037608806864915,0.630170703489267
Hi @TJRotell,neither,0.03945320844208391,0.33037608806864915,0.630170703489267
What up yall!?! Those ears though... bleedPurple,neither,0.06275048000855085,0.3299634235905394,0.6072860964009097
Friends make great rivals,neither,0.03724721910754442,0.30081128929743145,0.6619414915950241
@chaoticloony heyo! :),neither,0.03945320844208391,0.33037608806864915,0.630170703489267
The cartoon makes me HATE Pikachu with a PASSION!,neither,0.1169864366114662,0.3057352309156645,0.5772783324728694
Hahahaha,neither,0.03945320844208391,0.33037608806864915,0.630170703489267
What? Pikachu in general? or all Pikachus ever?,neither,0.0469466158089028,0.39802173187438095,0.5550316523167164
I'm a Bulbasaur fan myself. Grass starters 5eva.,neither,0.03945320844208391,0.33037608806864915,0.630170703489267
@ApatrosMiner All Pikachu,offensive_language,0.046917543854519406,0.6277741405869331,0.3253083155585475
well thats sad because Raichu was real cool,neither,0.03371053453484411,0.4300030331318367,0.5362864323333192
"Psyduck is my spirit animal. I’ve never connected with a fictional creature in that way before, lol. CoolCat",neither,0.014395296285096264,0.47809778726958785,0.5075069164453159
I can't handle Denise's Evee costume bronzeSAD,neither,0.0397338039485772,0.3256136500275397,0.634652546023883
"@ApatrosMiner I will use a Raichu, when i catch one!",neither,0.01010853157464311,0.47072101221046736,0.5191704562148894
@ThatBronzeGirl Hi Bronze,neither,0.03945320844208391,0.33037608806864915,0.630170703489267
@thatbronzegirl RIGHT!?! bleedPurple gandsDenise bleedPurple,neither,0.03719022913728602,0.3744360956046963,0.5883736752580178
Deevee!,neither,0.03945320844208391,0.33037608806864915,0.630170703489267
"Holly's so excited, its great",neither,0.03158690884712006,0.3489964735219473,0.6194166176309328
@notalwaysweak O.M.G. ScaredyCat,neither,0.03945320844208391,0.33037608806864915,0.630170703489267
Wow Denise really just hit that cute thing in the face with a big metal ball.,neither,0.021857264378833452,0.3953210563358555,0.5828216792853111
!points @notalwaysweak,neither,0.03945320844208391,0.33037608806864915,0.630170703489267
"That was an excellent pun, @notalwaysweak! Here, have some points for that one! You have been awarded 58 points!",neither,0.049980789310414435,0.3817775744187309,0.5682416362708548
:D,neither,0.03945320844208391,0.33037608806864915,0.630170703489267
Hi people,neither,0.08609671943452742,0.32453468451780987,0.5893685960476628
#punlife,neither,0.03945320844208391,0.33037608806864915,0.630170703489267
Hi @kaleigh14,neither,0.03945320844208391,0.33037608806864915,0.630170703489267
"I always thought they remained a little blob of energy, so that space didn't matter to them in there.",neither,0.039182096390707855,0.3502491270666555,0.6105687765426366
Geeks!,neither,0.03945320844208391,0.33037608806864915,0.630170703489267
hi,neither,0.03945320844208391,0.33037608806864915,0.630170703489267
