text,top_class,hate_speech,offensive_language,neither
HII!,neither,0.03945320844208391,0.33037608806864915,0.630170703489267
I’m pump to see how this end,neither,0.04533006200660792,0.3282795520002627,0.6263903859931294
TJ! I's been so long!,neither,0.03887960530691108,0.37520979649861574,0.5859105981944732
Hey,neither,0.03945320844208391,0.33037608806864915,0.630170703489267
@tjrotell bardCool good show,neither,0.0654997509364362,0.2086531944502867,0.7258470546132771
ScaredyCat,neither,0.03945320844208391,0.33037608806864915,0.630170703489267
Too long...,neither,0.03870420165245133,0.33416470024975964,0.6271310980977889
come from Felicia sharing her heart to THIS,offensive_language,0.03588116841740691,0.5235709460842788,0.44054788549831425
finale hype,neither,0.03945320844208391,0.33037608806864915,0.630170703489267
let us see how it all ends,neither,0.05068958533384179,0.41416242342459636,0.5351479912415619
WHO IS READY TO BE VERY SAD,neither,0.05509117024862365,0.38554588182381705,0.5593629479275594
same,neither,0.04148851938089603,0.3488915597363099,0.609619920882794
"All about breaking your hearts tonight,",neither,0.06066663071708716,0.37842348947897136,0.5609098798039416
@geminilightning From one extreme to another :P,neither,0.10217816420599549,0.2653609907363068,0.6324608450576977
The official schedule says 4 hours 45 minutes,neither,0.03889560776182002,0.32026860601702195,0.640835786221158
"@TJRotell hello, thank you for dying for my entertainment",neither,0.03219842404633595,0.3750021194606144,0.5927994564930495
@TJRotell so glad you're in this episode! Even better that you're here to watch with us!,neither,0.18509381517547924,0.3809400500448525,0.4339661347796682
is that for real?,offensive_language,0.026498744845260762,0.4927794104406031,0.4807218447141362
"Were the previous episodes of Ten Candles also branded ""Eclipse"" or is it a new feature? (in which case, what does it mean?)",neither,0.03805420001225232,0.33443619867017244,0.6275096013175752
Eclipse is the Arc,neither,0.04766640742991612,0.3094440240255625,0.6428895685445215
@stephendewey bardYell bonesaw is ready,neither,0.053969607134207245,0.32538323290021937,0.6206471599655734
8PM - 12:30 AM is the time listed :P,neither,0.04356878085082725,0.33072144559399963,0.6257097735551731
As to the meaning... ramaShrug,neither,0.04367981665939605,0.34614071456459733,0.6101794687760067
Thanks so much all!!!! Hope you like the show! :),neither,0.14558271330829767,0.27196564243033283,0.5824516442613695
That's a lot of hours/,neither,0.03522624148169971,0.37642287767041677,0.5883508808478837
I wonder if there be sign off of this,neither,0.025270999394331174,0.3439484174588736,0.6307805831467953
"Ok thanks... I missed the ""eclipse"" part in all episodes I've seen then... oO",neither,0.025566445603923543,0.33596320105733213,0.6384703533387444
"Ok kids, get your predictions in for Why is the World Ending!",neither,0.048939031035786465,0.30804983520794266,0.6430111337562707
I. AM. READY. FOR. THE. FEELS.,neither,0.03309472656022657,0.28941283960566017,0.6774924338341132
your guess on last survivor,neither,0.07509269514399323,0.34300702147690465,0.581900283379102
"Okey dokey, here we gokey.",neither,0.15579607761817918,0.2572279575342963,0.5869759648475245
Mine is Denise,neither,0.05346295554390151,0.3255574936149395,0.6209795508411591
gandsDread,neither,0.03945320844208391,0.33037608806864915,0.630170703489267
the moon is red...,neither,0.047215600415777284,0.30872612619490136,0.6440582733893213
!candlesleft 10,neither,0.03945320844208391,0.33037608806864915,0.630170703489267
gandsCandle gandsCandle gandsCandle gandsCandle gandsCandle gandsCandle gandsCandle gandsCandle gandsCandle gandsCandle remain...,neither,0.03945320844208391,0.33037608806864915,0.630170703489267
Red moon!,neither,0.03925744470198943,0.32873678771281,0.6320057675852006
@geminilightning gonna guess Jake,neither,0.03793783199659532,0.38390538932971563,0.5781567786736891
Oh boy the moon is red,neither,0.05087893370205591,0.2687025195922051,0.6804185467057391
OMG OMG JAKE,neither,0.03945320844208391,0.33037608806864915,0.630170703489267
@geminilightning hoppy ship so it is,neither,0.04462423464143215,0.3646889718451955,0.5906867935133723
bardBlank last four,neither,0.03945320844208391,0.33037608806864915,0.630170703489267
"Wow, made it just in time",neither,0.032430338357331306,0.3727430260320416,0.5948266356106271
gandsDread,neither,0.03945320844208391,0.33037608806864915,0.630170703489267
Redmoon Online,neither,0.03945320844208391,0.33037608806864915,0.630170703489267
lol,neither,0.020706217963973744,0.4882283491876925,0.4910654328483337
"The world is dark, but the moon is red",neither,0.0472836565415127,0.30984999837870186,0.6428663450797855
"Help G&S make great content! $4.99/month gets you emotes, Minecraft server access, sub-only VODs, and more! Every sub keeps the channel alive! twitch.tv/geekandsundry/subscribe",neither,0.043907990691603095,0.31135964332838284,0.644732365980014
Ten Candles = Food Poinsoning,neither,0.03945320844208391,0.33037608806864915,0.630170703489267
Alcuin!,neither,0.03945320844208391,0.33037608806864915,0.630170703489267
omg,neither,0.03945320844208391,0.33037608806864915,0.630170703489267
look at them all happy,neither,0.06212230829272188,0.4382226155238081,0.49965507618347005
Ten Candles: we are worse than food poisoning,neither,0.059356291507049005,0.2296405194449652,0.7110031890479859
Tagline. Did we get that?,neither,0.0333668418692994,0.40263930190170405,0.5639938562289967
moon hail,neither,0.03945320844208391,0.33037608806864915,0.630170703489267
Falling Rocks,neither,0.03945320844208391,0.33037608806864915,0.630170703489267
"If anyone has any questions about the game as we watch, I'll be here at least for a little to answer curious questions! <3",neither,0.04520645118470844,0.33667920498429876,0.6181143438309928
Just call them meteors...,neither,0.053467693794245104,0.35086661346983056,0.5956656927359242
Hiya everyone! Have I missed anything?,neither,0.03339488534931114,0.43320164191636207,0.5334034727343269
Rock Hails: Hails that are worse than rocks(TM),neither,0.05890606573000317,0.24274722319404207,0.6983467110759547
"(like about the rules, not the session)",neither,0.043625755398907604,0.34123641001614496,0.6151378345849473
"@prismaticfaerie nothing yet, except Jake looking forward to dying",neither,0.04182412671926319,0.3547968818344391,0.6033789914462978
heh,neither,0.03945320844208391,0.33037608806864915,0.630170703489267
@highvoltage988 Thanks!,neither,0.035884468650613,0.3004919205142699,0.6636236108351171
"""some sort of fu....""",neither,0.032351193682389416,0.3426532598478873,0.6249955464697233
"@stephendewey oh hey there, Creator!",neither,0.04395028481161878,0.24739248554735324,0.7086572296410278
Prefect term,neither,0.03945320844208391,0.33037608806864915,0.630170703489267
it's literally a death note,neither,0.03817007698573314,0.3308174158152542,0.6310125071990126
@notalwaysweak hey!,neither,0.03945320844208391,0.33037608806864915,0.630170703489267
"@stephendewey thanks for stopping by, and for creating an awesome game!",neither,0.03203058634020064,0.26694220241072897,0.7010272112490703
Pretty much,neither,0.03384839909176227,0.33230383901613453,0.6338477618921031
very thorough note taking,neither,0.03945320844208391,0.33037608806864915,0.630170703489267
@highvoltage988 glad I could make it!,neither,0.03785524530005981,0.33092570086875395,0.6312190538311863
Thanks for such a great game @stephendewey !!! Hi everyone!!!!,neither,0.02969350879787616,0.33196100228881953,0.6383454889133042
!whodat,neither,0.03945320844208391,0.33037608806864915,0.630170703489267
"Storyteller Ivan Van Norman ( twitter.com/Hydra_Lord ), Alcuin Gersh ( twitter.com/Different_Elves ), TJ Rotell ( twitter.com/TJRotell ), Denise Pantoja ( twitter.com/denisepantoja ), and Jake Bennett ( twitter.com/jakegbennett ).",neither,0.038411086626717654,0.4569977061102218,0.5045912072630606
ooh so do we get the aftershow notes tonight after the show?,neither,0.04620656654027094,0.2816829659758552,0.6721104674838737
@denisepantoja HIIII,neither,0.03945320844208391,0.33037608806864915,0.630170703489267
I so want to see that Book of yours Ivan,neither,0.04167364727941259,0.3965911314807804,0.5617352212398069
@denisepantoja made me cry on her previous ep,offensive_language,0.025280686346965387,0.5452906885185647,0.42942862513447
Any word on the length tonight?,neither,0.03339973081246291,0.3072741581104615,0.6593261110770756
@denisepantoja hurray!,neither,0.03945320844208391,0.33037608806864915,0.630170703489267
I don't know if I can take any more brutal deaths but still I can't turn away!,neither,0.029300627853743603,0.350361012648721,0.6203383594975355
Ivan takes notes like I do...,neither,0.0513709244666104,0.3447529407673159,0.6038761347660738
Hellloooo @notalwaysweak !!!,neither,0.03945320844208391,0.33037608806864915,0.630170703489267
@denisepantoja bardWave,neither,0.03945320844208391,0.33037608806864915,0.630170703489267
hi Denise! glad you're here to share in your demise with us!,neither,0.22116564647651846,0.2988041501687446,0.48003020335473684
dont lag right now twitch please ;~;,neither,0.038803809900103896,0.3430541574289126,0.6181420326709836
"@denisepantoja I’m here, ya happy? :p",offensive_language,0.06943928294957069,0.5912385045534936,0.3393222124969357
Awew sorry and thank you @scire 😊,neither,0.05886904388233628,0.34011506340907194,0.6010158927085917
Hello @denisepantoja !,neither,0.03945320844208391,0.33037608806864915,0.630170703489267
Hey @shidareAKI,neither,0.03945320844208391,0.33037608806864915,0.630170703489267
Hi @critternation3000 !!!!,neither,0.03945320844208391,0.33037608806864915,0.630170703489267
"lol that reminds me of when a friend of mine played Oregon Trail at school and just took notes on what happened. It read like ""Bob gets bit by a snake. Suzie gets lost for 3 days. We ford the river and 2 oxen die. Suzie is found. Jim gets measles. Jim dies.""",neither,0.053356327889482275,0.32147999151357004,0.6251636805969476
,neither,0.03945320844208391,0.33037608806864915,0.630170703489267
Thank you @highvoltage988 !!! Thanks everyone for watching!!!!,neither,0.038290639034481246,0.41413010156711366,0.5475792593984051
!virtue,neither,0.03945320844208391,0.33037608806864915,0.630170703489267
,neither,0.03945320844208391,0.33037608806864915,0.630170703489267
,neither,0.03945320844208391,0.33037608806864915,0.630170703489267
Inciting incident is such a good word for it.,neither,0.03900198938118771,0.301782140043471,0.6592158705753413
Hahahahaha hi @shidareaki always happy to have you here!!,neither,0.10070144774995227,0.37779268095184326,0.5215058712982045
gandsTWC,neither,0.03945320844208391,0.33037608806864915,0.630170703489267
Hiyeee @paperryman !!,neither,0.03945320844208391,0.33037608806864915,0.630170703489267
They are producers who do production and produce things,neither,0.07227676459345665,0.3000682773265711,0.6276549580799724
"@denisepantoja your sadness, for that girl...I sobbed",neither,0.0475942689537506,0.38658026438129967,0.5658254666649497
"TJ broke my heart during the ITTD game, I'm looking forward to that happening again",neither,0.03303072506608258,0.3773821294757116,0.5895871454582058
OK! We are all set up at the office! WOOOO!,neither,0.0565748467914081,0.4013887551754702,0.5420363980331215
this is it!,neither,0.054689012228839526,0.3284676879129209,0.6168432998582396
"What's up, everybody?? This is gonna be awful! But in a good way.",neither,0.043622586821749264,0.41023521940808166,0.5461421937701691
"@highvoltage988 its a rough one, lol",neither,0.026329964544284365,0.418514157933973,0.5551558775217427
Yes @darkofnate it is a technical bunch of terms. 😂,neither,0.04768154833595561,0.4468095321303619,0.5055089195336826
bingbong?,neither,0.03945320844208391,0.33037608806864915,0.630170703489267
BARDIC inspirational?,neither,0.03945320844208391,0.33037608806864915,0.630170703489267
@TJRotell you should tweet a viewing party pic,neither,0.060597396453038306,0.45094148336393053,0.488461120183031
lol,neither,0.020706217963973744,0.4882283491876925,0.4910654328483337
Oh @scire I was WEEPING,neither,0.048796590763249374,0.24563331951062012,0.7055700897261306
@jakegbennett bardCool,neither,0.03945320844208391,0.33037608806864915,0.630170703489267
Tentaclicious,neither,0.03945320844208391,0.33037608806864915,0.630170703489267
Hi @TJRotell,neither,0.03945320844208391,0.33037608806864915,0.630170703489267
"@jakegbennett well, heloooo",neither,0.03945320844208391,0.33037608806864915,0.630170703489267
:),neither,0.03945320844208391,0.33037608806864915,0.630170703489267
Hi @jakegbennett,neither,0.03945320844208391,0.33037608806864915,0.630170703489267
oh boy the moon i red,neither,0.0431035635816443,0.26938561133606115,0.6875108250822944
@notalwaysweak good idea!,neither,0.03858929652593002,0.33067322699181595,0.6307374764822541
Does anyone know the estimated legnth tonight?,neither,0.024263016526302188,0.4182498383917374,0.5574871450819605
pragmatic is such a dangerous virtue,neither,0.04619711043818488,0.3248158317483016,0.6289870578135135
TJ-nacious D!,neither,0.03945320844208391,0.33037608806864915,0.630170703489267
And hi @denisepantoja,neither,0.038358606956405694,0.2721397086643902,0.6895016843792041
"Hey, everybody!",neither,0.03945320844208391,0.33037608806864915,0.630170703489267
hEY jAKE!,neither,0.03945320844208391,0.33037608806864915,0.630170703489267
"@denisepantoja I have to admit, that nothing so far in ten candles has hit me so hard",offensive_language,0.03128506069308798,0.5388653719417409,0.4298495673651711
@jakegbennett heeeey buddy,neither,0.03945320844208391,0.33037608806864915,0.630170703489267
HIYEEEEE @djpheonyx !!,neither,0.03945320844208391,0.33037608806864915,0.630170703489267
chapter 10,neither,0.03945320844208391,0.33037608806864915,0.630170703489267
exited but sad to see it end,neither,0.04099292179916955,0.33683359444034383,0.6221734837604865
*scritch scritch scritch*,neither,0.03945320844208391,0.33037608806864915,0.630170703489267
What is even this,neither,0.06160327044205715,0.34480873035074444,0.5935879992071983
@bigsam58 agreed,neither,0.03945320844208391,0.33037608806864915,0.630170703489267
@shidareAKI Hey!!!,neither,0.03945320844208391,0.33037608806864915,0.630170703489267
Apparently just at or over 4.5 hrs @prismaticfaerie !!,neither,0.032958972531714655,0.36837700071167545,0.5986640267566099
!wtfisthis,neither,0.03945320844208391,0.33037608806864915,0.630170703489267
"Tonight on a special after hours G&S Free Play, the crew unwinds and has a relaxing time playing whatever games they want for however long they want, it's going to be a real blast! (Cue explosion transition).",neither,0.04246043853177022,0.3414239936498497,0.61611556781838
Bloodthirsty.... Wouldnt that be a crazy vice for this game? :),neither,0.025883958843824738,0.3897842867719674,0.5843317543842078
Norman is such a good GM,neither,0.04740116985766933,0.3235317901233747,0.6290670400189561
"@prismaticfaerie according to the schedule posted on Discord, this goes to 12:30 Pacific",neither,0.046549694439181916,0.3017594584906022,0.651690847070216
"no, Nightbot",neither,0.036918905254960256,0.37338982715841207,0.5896912675866277
!phrasing,neither,0.03945320844208391,0.33037608806864915,0.630170703489267
Danger Zoooooonnnneee!,neither,0.03945320844208391,0.33037608806864915,0.630170703489267
"@denisepantoja Thanks! Also, HOLY SHIT. Sweet. Can't wait! ^^",offensive_language,0.04838642742582105,0.9373294215197044,0.014284151054474564
wow..smexy,neither,0.03945320844208391,0.33037608806864915,0.630170703489267
Sharpie writing ASMR,neither,0.03945320844208391,0.33037608806864915,0.630170703489267
But it really *is* a satisfying sound.,neither,0.04183207370623121,0.336828221526901,0.6213397047668677
"Jake, stop sniffing sharpies, we need you for thursday",neither,0.04558818842346615,0.4007153679160352,0.5536964436604987
@scire How do you think I get prepped for the show?,neither,0.06877449133376332,0.2406893132406838,0.6905361954255529
JAKE.,neither,0.03945320844208391,0.33037608806864915,0.630170703489267
gandsHR gandsHR gandsHR,neither,0.03945320844208391,0.33037608806864915,0.630170703489267
hahaha,neither,0.03945320844208391,0.33037608806864915,0.630170703489267
"Wow, @jakegbennett , just... wow LOL",neither,0.029736698841963356,0.39366263559097014,0.5766006655670665
"@jakegbennett ok, ok fair",neither,0.03937103961307242,0.3317707075405296,0.628858252846398
oh boy there is so much room for error with that one,neither,0.030598862820789774,0.3488933921630643,0.6205077450161459
"It was one of the most profound moments of my career, seriously @scire It allowed me to access a part of myself that I haven’t been able to before as an actor.",neither,0.03229639977114213,0.42211712121225253,0.5455864790166053
@denisepantoja *hugs if you want them*,neither,0.04697106921149278,0.43102554609458943,0.5220033846939177
what am I watching?,neither,0.046402523336255365,0.3253363894887553,0.6282610871749894
!tencandles,neither,0.03945320844208391,0.33037608806864915,0.630170703489267
"Enter a world of tragedy and despair, led by horror impresario and game master Ivan Van Norman. This captivating series, based on a game of tragic horror, includes a cast of 40 players, all DOOMED, one game master, and zero survivors. Ten Candles was designed by Stephen Dewey and published by Cavalry Games. It is available for sale at cavalrygames.com",neither,0.03816548308923972,0.3177079879082053,0.6441265290025551
!rpg,neither,0.03945320844208391,0.33037608806864915,0.630170703489267
!vice,neither,0.03945320844208391,0.33037608806864915,0.630170703489267
,neither,0.03945320844208391,0.33037608806864915,0.630170703489267
!roleplay,neither,0.03945320844208391,0.33037608806864915,0.630170703489267
"What you are seeing is a role-playing game played with dice. This is collaborative storytelling where people take on a character, and improvise a story as that character. They will occasionally roll dice to see if they succeed or fail at certain tasks.",neither,0.05531648399294631,0.3446074285664455,0.6000760874406083
"I can't wait to see how Alcuin makes the character Metal AF, like all of his characters",neither,0.06690172990649881,0.3644105715655069,0.5686876985279944
"Man, how has no one said ""Melancholic"" yet? It's such a good word",neither,0.03729587164533364,0.4019725141612258,0.5607316141934405
@denisepantoja *hugs if you're hug-inclined*,neither,0.046745209449529423,0.38404502321004924,0.5692097673404213
Brace yerself @jakegbennett,neither,0.03945320844208391,0.33037608806864915,0.630170703489267
I will ALWAYS take them @scire !!,neither,0.0571492095875094,0.35935183525061826,0.5834989551618723
cool,neither,0.03945320844208391,0.33037608806864915,0.630170703489267
I LOVE HUGS @djpheonyx !!,neither,0.035931821726329985,0.34687263741275637,0.6171955408609137
