text,top_class,hate_speech,offensive_language,neither
Abel0th subscribed with Twitch Prime.,neither,0.030186173588972614,0.3621416721941929,0.6076721542168345
Ready for thisa,neither,0.030736901247085696,0.28695379466960164,0.6823093040833126
<3 <3 <3,neither,0.03945320844208391,0.33037608806864915,0.630170703489267
All the kazoos,offensive_language,0.041785587507551285,0.49387059749283524,0.46434381499961347
My butt hit the seat RIGHT at the top of the hour. hello!,neither,0.03246020576106755,0.39700118575565274,0.5705386084832798
"Hello, everyone",neither,0.03269494828970791,0.4450814005079928,0.5222236512022994
is this a debate tournament now? xD,neither,0.04615256841808294,0.3293653059879643,0.6244821255939527
What are the names of your teams?,neither,0.11259520833028146,0.25908588716374625,0.6283189045059723
xD fabulous thank you,neither,0.057284993994263254,0.38981407248984606,0.5529009335158906
Hello and hello and hello again,neither,0.03787445896640046,0.30717934416542925,0.6549461968681703
I miss anything new? or just banter so far,neither,0.033009779100029245,0.31027413885892086,0.6567160820410499
oh bless,neither,0.045951958207603796,0.26901299068181983,0.6850350511105765
just banter,neither,0.02667013123193722,0.39600456006212814,0.5773253087059346
That bird is doing loops,neither,0.004174176189932846,0.09121022929721229,0.9046155945128549
"that... that's totally where I thought that sentence was going, uh huh",neither,0.034869926357049844,0.3437657944168077,0.6213642792261423
I love that the G&S logo on the mic is getting greenscreened out,neither,0.031424399658672046,0.41001793202067405,0.558557668320654
There's a Main street around there,neither,0.03936776245237121,0.2639416655289467,0.6966905720186821
lol,neither,0.020706217963973744,0.4882283491876925,0.4910654328483337
LUL,neither,0.03945320844208391,0.33037608806864915,0.630170703489267
That was some good field reporting,neither,0.02698932004644421,0.39156750394325235,0.5814431760103036
YAAAAAAA!,neither,0.03945320844208391,0.33037608806864915,0.630170703489267
blehpCattype welcome to the show,neither,0.06859252491246151,0.21738667393270159,0.7140208011548369
i wish we had the TOUCHDOWN animation,neither,0.038495132855432566,0.3177935423158095,0.6437113248287579
TOUCHDOWN,neither,0.03945320844208391,0.33037608806864915,0.630170703489267
@Critternation3000 that is the best emote where is it from? cuz that's 100% what it looks like when I type,neither,0.04583205004886205,0.36829264369039516,0.5858753062607427
What's in Denise's cup?,neither,0.04631694019576258,0.3254943834495819,0.6281886763546556
@cinphoria it's @bleph blehpWHY,neither,0.034373745257138544,0.33212314837979673,0.6335031063630647
I appreciate our TDs for wordlessly throwing shade by playing various sequences at inappropriate times,neither,0.03572024651274116,0.35216351668386847,0.6121162368033904
@Critternation3000 nice xD,neither,0.03945320844208391,0.33037608806864915,0.630170703489267
Remember that time everyone left Sean and he got through the schedule in under 10 minutes?,neither,0.03510892201055489,0.40335045331777575,0.5615406246716694
dark times,neither,0.03945320844208391,0.33037608806864915,0.630170703489267
i think they should do full weather reports but not giving a fluck,neither,0.059652048811869515,0.35283567087790235,0.5875122803102281
Woo!,neither,0.03945320844208391,0.33037608806864915,0.630170703489267
!temperature,neither,0.03945320844208391,0.33037608806864915,0.630170703489267
!weather,neither,0.03945320844208391,0.33037608806864915,0.630170703489267
Weather for Los Angeles: Conditions are Fair with a temperature of 73F (23C). The wind is blowing from the SSW at 6mph (10km/h) and the current humidity is 65%. At the studio.,neither,0.04522507184250442,0.28720030838089344,0.6675746197766022
!prime,neither,0.03945320844208391,0.33037608806864915,0.630170703489267
"If you have Amazon Prime or Amazon Prime Video, you can link your account to Twitch , and get Twitch Prime! This gives you one free Twitch subscription, and other cool stuff each month! Link your account at: twitch.amazon.com/prime - How to use the free subscription at: http://bit.ly/HowToSubWithTwitchPrime - REMEMBER: Subscriptions done through Twitch Prime will need to be manually renewed each month!",neither,0.04660741059459432,0.3340380786822325,0.6193545107231732
full earth weather,neither,0.05893217220666788,0.3236763792103887,0.6173914485829435
,neither,0.03945320844208391,0.33037608806864915,0.630170703489267
he really did,neither,0.04753602947582475,0.327596035272517,0.6248679352516582
pandatvOne pandatvTwo,neither,0.03945320844208391,0.33037608806864915,0.630170703489267
"Hello, Random_Internet_Person !",neither,0.03945320844208391,0.33037608806864915,0.630170703489267
smh,neither,0.07477682771337969,0.3182266756154054,0.6069964966712149
VoHiYo,neither,0.03945320844208391,0.33037608806864915,0.630170703489267
"Peeing in a field, legit",neither,0.03945320844208391,0.33037608806864915,0.630170703489267
Wow twitch front page sends me to guy peeing in grass....WTF twitch,neither,0.03954147682848558,0.4430292358327281,0.5174292873387862
"Welcome, new viewers, to... the State of the Sundry, I guess?",neither,0.06776090082411056,0.1856883839386841,0.7465507152372054
goverments version of Santa's list,neither,0.03945320844208391,0.33037608806864915,0.630170703489267
oh no xD,neither,0.04751210705993949,0.26629718932274826,0.6861907036173122
gandsJohnson gandsDick JEFF LEWIS YEAH,neither,0.026019758061765246,0.4219425320751923,0.5520377098630425
i think yall should take phone calls too,neither,0.04859996528184672,0.3778476414423481,0.5735523932758052
@trishahershber will be there @vana @astyleixie also Sean,neither,0.040994786799460024,0.27293787404249853,0.6860673391580415
look at that moon :3,neither,0.03625686638361263,0.4006028572167593,0.5631402763996282
SHAME,neither,0.03945320844208391,0.33037608806864915,0.630170703489267
shaaame xD,neither,0.03945320844208391,0.33037608806864915,0.630170703489267
@cinphoria that's no moon jcvimGasp,neither,0.033871799471650886,0.39750323170459767,0.5686249688237515
!points @Critternation3000 !!!!,neither,0.03945320844208391,0.33037608806864915,0.630170703489267
"That was an excellent pun, @Critternation3000! Here, have some points for that one! You have been awarded 65 points!",neither,0.0501979410968782,0.3826816353612848,0.567120423541837
