text,top_class,hate_speech,offensive_language,neither
gandsHype gandsHype gandsHype ifdeezHacks,neither,0.03945320844208391,0.33037608806864915,0.630170703489267
gandsClassic gandsHype gandsHappy stefFremen amydBookFair gandsFacepalm,neither,0.03945320844208391,0.33037608806864915,0.630170703489267
@AltannetteReality Welcome and enjoy the madness,neither,0.038186161432403776,0.28635862409494767,0.6754552144726486
Hack the planet? *breaks out machette*,neither,0.03548028588886389,0.3304624761918718,0.6340572379192643
good Morning from Germany gandsHype gandsHappy,neither,0.047113903593888,0.1884587531496598,0.7644273432564522
"Drakoniques subscribed at Tier 1. They've subscribed for 4 months, currently on a 4 month streak! HACK THE PLANET!!",neither,0.024024322386469336,0.31774775047232084,0.6582279271412098
Hi @gunheadx,neither,0.03945320844208391,0.33037608806864915,0.630170703489267
"Oh, not that kind of hacking.",neither,0.039210318982035176,0.32709511967582255,0.6336945613421422
ifdeezHacks ifdeezHacks ifdeezHacks ifdeezHacks ifdeezHacks ifdeezHacks,neither,0.03945320844208391,0.33037608806864915,0.630170703489267
*puts machette away*,neither,0.04116453493478154,0.30133041128131877,0.6575050537838998
HACK THE PLANET,neither,0.03860322721998363,0.3148485726699532,0.6465482001100633
Re Sub feliciaHype gandsHype,neither,0.06563155843012512,0.2918032579473116,0.6425651836225633
blondi3HYPE blondi3HYPE blondi3HYPE blondi3HYPE blondi3HYPE blondi3HYPE,neither,0.03945320844208391,0.33037608806864915,0.630170703489267
!points @Feor1300,neither,0.03945320844208391,0.33037608806864915,0.630170703489267
"That was an excellent pun, @Feor1300! Here, have some points for that one! You have been awarded 96 points!",neither,0.050805666259642904,0.3851811885541635,0.5640131451861937
LUL becca,neither,0.03945320844208391,0.33037608806864915,0.630170703489267
cheese strings!,neither,0.03945320844208391,0.33037608806864915,0.630170703489267
!josephine,neither,0.03945320844208391,0.33037608806864915,0.630170703489267
"Lady Josephine, or JCVIM, is the Leader of the Guild of Moderators, actress extraordinaire, hater of peanut butter, Drum Goddess of Rockband, and all around bad ass. She also enjoys tea, cute things and Elcors. twitter.com/JCVIM http://www.imdb.com/name/nm4585727/ http://www.twitch.tv/jcvim",offensive_language,0.06493978901814954,0.5014515619934451,0.4336086489884054
Oh. Josephine. Hair. Yeah.,neither,0.02537832226789948,0.4071412033248529,0.5674804744072477
!stef,neither,0.03945320844208391,0.33037608806864915,0.630170703489267
"Lady Stef is an actress, dancer, singer, and vampire slayer. She geeks out about Dune, Buffy, and French macarons. She aims to be a Mentat Bene Gesserit. She may secretly be a robot, but we love her anyway. twitter.com/stefwoodburn instagram.com/stefwoodburn twitch.tv/stefwoodburn",offensive_language,0.037652114695899484,0.5021334281351705,0.46021445716893006
I haven't had cheese strings in forever,neither,0.03945320844208391,0.33037608806864915,0.630170703489267
"silly??? i'm serious, i subscribe for Serious Content Only",neither,0.03565890312766621,0.31141332961557755,0.6529277672567563
"Hi JCVIM, Amy, Gina, Stef and Becca!",neither,0.03868284165753408,0.29150793163893735,0.6698092267035286
@5horbust surely you can't be serious.,neither,0.05705404256339008,0.3771895213513807,0.5657564360852292
Cyber cheese strings,neither,0.03945320844208391,0.33037608806864915,0.630170703489267
Oh loving the world,neither,0.04368297317037099,0.26411185892945055,0.6922051679001784
Blade or die.,neither,0.18453424224736584,0.1413627706113999,0.6741029871412342
LUL,neither,0.03945320844208391,0.33037608806864915,0.630170703489267
"@Feor1300 i am not even remotely serious, haha. esp. given this is my favorite show on this channel.",neither,0.03893069094261982,0.3849627346176636,0.5761065744397167
"Help G&S make great content! $4.99/month gets you emotes, Minecraft server access, sub-only VODs, and more! Every sub keeps the channel alive! twitch.tv/geekandsundry/subscribe",neither,0.043907990691603095,0.31135964332838284,0.644732365980014
404 cafe? That sounds like a hard place to find.,neither,0.04595220696968408,0.44853556168471687,0.5055122313455991
!points @Feor1300,neither,0.03945320844208391,0.33037608806864915,0.630170703489267
"That was an excellent pun, @Feor1300! Here, have some points for that one! You have been awarded 64 points!",neither,0.050169273600559075,0.38256261623107957,0.5672681101683612
i thought she was gonna say 401 i was like dam they gonna be stuck in traffic for hours,neither,0.04269880560714698,0.3645972078621792,0.5927039865306737
An Email... or did someone use their 1990's beepers?,neither,0.020135678194464015,0.38911198954372944,0.5907523322618066
yes,neither,0.03945320844208391,0.33037608806864915,0.630170703489267
another one,neither,0.14580522163004245,0.25133971661883303,0.6028550617511247
"@KBTibbs emails, they're hackers",neither,0.05416070032594435,0.3069680284053837,0.638871271268672
"When my hair is long enough, I’m wearing my hair like Becca",neither,0.0290658994555026,0.4725233646430502,0.49841073590144713
I mean... RFC 1733 wasn't even written until 1994!,neither,0.038685119959199,0.34341255417441163,0.6179023258663895
# cat /var/spool/mail/zer0cool,neither,0.03945320844208391,0.33037608806864915,0.630170703489267
"what, no bump key?",neither,0.04377613610932707,0.33987519153045537,0.6163486723602176
Hhehehheheh,neither,0.03945320844208391,0.33037608806864915,0.630170703489267
!whenisvtm,neither,0.03945320844208391,0.33037608806864915,0.630170703489267
"Vampire: The Masquerade - L.A. By Night is on at 8 PM Pacific on Fridays, it is currently 8:35 PM Pacific on Wednesday. There is 1 Days, 23 Hours, 24 Minutes, 54 Seconds or 170693 seconds until the next episode of Vampire: The Masquerade - L.A. By Night.",neither,0.0379769153980117,0.3467157429631968,0.6153073416387915
Meat space,neither,0.03945320844208391,0.33037608806864915,0.630170703489267
Is that what they meant Becca?,neither,0.05087948669307524,0.3687506207121753,0.5803698925947495
command not found,neither,0.037445918373966214,0.33796880266229495,0.6245852789637389
@yaroslav13 that output is incorrect. we're in between seasons right now. you can catch up in VODs!,neither,0.0632008649152654,0.40999016586656034,0.5268089692181743
@KBTibbs don't be hating just cause they still gotta put their phone receiver on their modem.,neither,0.06461797384657317,0.3863764721471634,0.5490055540062633
@yaroslav13 VTM has ended for the seson,neither,0.03279714644603312,0.2766988744179653,0.6905039791360016
Thanks! Any news when the new season starts?,neither,0.03314736918997625,0.27679689580587913,0.6900557350041446
gandsOne,neither,0.03945320844208391,0.33037608806864915,0.630170703489267
not as of yet,neither,0.035342108509053484,0.37942662379762915,0.5852312676933172
"@yaroslav13 nothing concrete yet, but soon!",neither,0.03500047343433357,0.3715238236456122,0.5934757029200541
"@Feor1300 Getting ARPA messages, sure. That's been around almost 40 years. But email? Hmmm",neither,0.031256252255202,0.4557535736013637,0.5129901741434343
Gotcha,neither,0.03945320844208391,0.33037608806864915,0.630170703489267
hehhehehe,neither,0.03945320844208391,0.33037608806864915,0.630170703489267
Is Hack the Planet the name of the system tonight?,neither,0.041259751071067614,0.2883868021943747,0.6703534467345578
one-page RPG “Hack the Planet” from @RowanRookDecard ! https://rowanrookanddecard.com/product/hack-the-planet/,neither,0.03880676215026389,0.3226509107238452,0.6385423271258909
It is,neither,0.059603583318096655,0.32344545014120724,0.616950966540696
HACK THE PLANET!,neither,0.03860322721998363,0.3148485726699532,0.6465482001100633
wait. is Gina running a high school setting again?,neither,0.04099850737344037,0.4073158106764049,0.5516856819501547
"Ah, I've heard about her mom",offensive_language,0.015667399475027734,0.5002225727682593,0.4841100277567129
xD,neither,0.03945320844208391,0.33037608806864915,0.630170703489267
!points @Feor1300,neither,0.03945320844208391,0.33037608806864915,0.630170703489267
"That was an excellent pun, @Feor1300! Here, have some points for that one! You have been awarded 109 points!",neither,0.050805666259642904,0.3851811885541635,0.5640131451861937
stacy isnt a hacker name,neither,0.03945320844208391,0.33037608806864915,0.630170703489267
https://clips.twitch.tv/HorribleGiftedCormorantTwitchRPG,neither,0.03945320844208391,0.33037608806864915,0.630170703489267
"It's ""alright""",neither,0.037399315187144885,0.3310825161415354,0.6315181686713197
Stacy’s mom is a hacker LUL,neither,0.04578052555624985,0.3281998335701488,0.6260196408736013
"@Marb_04 Stay-C, maybe?",neither,0.03945320844208391,0.33037608806864915,0.630170703489267
Hhehehhehehe,neither,0.03945320844208391,0.33037608806864915,0.630170703489267
Oh no. a LITERAL DOOR BOSS,neither,0.04381091694968873,0.29470167495603744,0.6614874080942739
@Marb_04 soon to be replaced by Stay-C++,neither,0.04654709632005764,0.3685648486034853,0.5848880550764569
its captain crunch on the intercom,neither,0.03158894797893653,0.3296045274811003,0.638806524539963
st4-c,neither,0.03945320844208391,0.33037608806864915,0.630170703489267
4!,neither,0.03945320844208391,0.33037608806864915,0.630170703489267
Jo is a console cowboy,neither,0.04522188507957094,0.3283919756468744,0.6263861392735547
Wow 4,neither,0.03945320844208391,0.33037608806864915,0.630170703489267
Heck I hack everything and if I can't i'll slice and dice it,neither,0.028474135214810518,0.31423397277762005,0.6572918920075694
Stacy lives on candy mountain!,neither,0.03748896893646,0.33973310276477126,0.6227779282987688
l33t haxxing,neither,0.03945320844208391,0.33037608806864915,0.630170703489267
"It's a Star Trek door, there's a stage hand pulling on a rope to the side.",neither,0.03734303911004604,0.3245766805452232,0.6380802803447307
The best characters in Hackers are Razor and Blade. Send Tweet.,neither,0.05031815182118421,0.27458500610695485,0.6750968420718609
This is going to be amazing,neither,0.055167712516122666,0.35742298152560786,0.5874093059582696
oh no i've made a mistake xD,neither,0.022130212075839102,0.2816774692910421,0.6961923186331188
shes gonna send a cyber nuke over vpn,neither,0.03687454014802388,0.36189877774706675,0.6012266821049095
1337 h4x0rz,neither,0.03945320844208391,0.33037608806864915,0.630170703489267
,neither,0.03945320844208391,0.33037608806864915,0.630170703489267
I love every character Amy plays,neither,0.03733189515678737,0.3401807544036751,0.6224873504395375
Why so I feel like they're about to get jumped by Matthew Lillard...?,neither,0.05327495114121145,0.41561387211923134,0.5311111767395573
I appreciate the fashions.,neither,0.03823936441126825,0.3079604620448533,0.6538001735438785
Thoughts on returning to Weave episode where they sneak out to go see a concert?,neither,0.04431404697121449,0.32732287772588264,0.6283630753029029
"The doublemint tiwns? Hmm, guess not.",neither,0.036758117411175,0.3245249703523007,0.6387169122365243
Sk|_|ll Boiz!,neither,0.03945320844208391,0.33037608806864915,0.630170703489267
The Swins 💀,neither,0.03613032604487659,0.2619290779399786,0.7019405960151449
Nice call back.,neither,0.03945320844208391,0.33037608806864915,0.630170703489267
nothing about the end to end encryption just the canonball,neither,0.03660251849607544,0.3687806887808281,0.5946167927230965
thisjus10 subscribed at Tier 1. They've subscribed for 16 months!,neither,0.020421538009370858,0.3139471505081261,0.6656313114825031
I don't see any slap bracelets.,neither,0.03945320844208391,0.33037608806864915,0.630170703489267
Wow. Generous with the positive reinforcement.,neither,0.03034140477171542,0.34645870075933005,0.6231998944689545
Will Flowers Biting Blood Carrots be playing?,neither,0.04061037225310878,0.31786684194846465,0.6415227857984266
lol,neither,0.020706217963973744,0.4882283491876925,0.4910654328483337
can't stay but jcvimHype jcvimHype for this,neither,0.02895359882999332,0.30236531652869403,0.6686810846413127
Or pogs lol,neither,0.025690367205060717,0.4383438257273442,0.5359658070675951
jcvimHi jcvimBye @thisjus10,neither,0.03945320844208391,0.33037608806864915,0.630170703489267
That’s light,neither,0.03341987880375791,0.39659230126498346,0.5699878199312587
Hello @thisjus10 DxCat,neither,0.03945320844208391,0.33037608806864915,0.630170703489267
Gina's missing a key factor here: is there someone hacking while duct taped to the ceiling?,neither,0.06759700805320809,0.28243267162380103,0.6499703203229908
"No one has said ""phat"" or ""crucial"" yet...",neither,0.03842729578014789,0.36120868462845457,0.6003640195913976
rad,neither,0.03945320844208391,0.33037608806864915,0.630170703489267
in 1995 an average laptop cost $3500. that's almost $6000 adjusted for inflation,neither,0.034562856745586026,0.3329688453519829,0.6324682979024312
jcvimHi jcvimHi jcvimHi,neither,0.03945320844208391,0.33037608806864915,0.630170703489267
hack the gibson!,neither,0.03869305613991593,0.3165237918082594,0.6447831520518246
We need to give them a lingo sheet like they had for Kids on bikes,neither,0.05129849554367036,0.32244570802659,0.6262557964297396
