text,top_class,hate_speech,offensive_language,neither
"Back to the guessing game of who I am, when I'll show up, and the nature of my sudden but inevitable betrayal",neither,0.033454102798097685,0.3602490984159914,0.606296798785911
stsHello @sweeetanj,neither,0.03945320844208391,0.33037608806864915,0.630170703489267
WOOT!,neither,0.03945320844208391,0.33037608806864915,0.630170703489267
ANJALIIIII,neither,0.03945320844208391,0.33037608806864915,0.630170703489267
O HAY @sweeetanj,neither,0.03945320844208391,0.33037608806864915,0.630170703489267
@bdavewalters2 jcvimHi wish you made it to twitchcon tessPURR,neither,0.07280727954073656,0.3880839203419888,0.5391088001172746
OHAYYYYYYY,neither,0.03945320844208391,0.33037608806864915,0.630170703489267
"Curse you, @bdavewalters2",neither,0.06420890616913892,0.39815463276326174,0.5376364610675992
We have a subscriber-only Discord server! Join here: https://discord.gg/geekandsundry (you'll need to sub and link it to your Twitch) and be a part of the fun!...Warning: It can take up to an hour for the server to update and give you access to the channels,neither,0.08464076273808444,0.286394834032893,0.6289644032290227
"I'm just going to get this out of my system now, clear the rampant shipper out of my system at the top of the episode: BANDASHE FOREVERRRR",neither,0.026603752846056487,0.4178287369064738,0.5555675102474698
Look at that young boi hahaha,neither,0.034684465091157475,0.42298409072899984,0.5423314441798427
I'm so ready to see sweet baby Vince,neither,0.044332876008636106,0.36045175612631125,0.5952153678650527
I never got to finish this before alpha closed. I am glad they are finally putting it out there!!,neither,0.04582183742367859,0.36800689530580666,0.5861712672705147
Woo hoo!,neither,0.03945320844208391,0.33037608806864915,0.630170703489267
Hello!,neither,0.03945320844208391,0.33037608806864915,0.630170703489267
Asher Emerson Soft Boi III,neither,0.03945320844208391,0.33037608806864915,0.630170703489267
Youpi and finally ! gandsHype gandsHype gandsHype gandsHype gandsHype gandsHype gandsHype <,neither,0.03835276712019178,0.27176279488973015,0.6898844379900781
"yes, i made it in time",neither,0.036585215102460864,0.35306459020071507,0.6103501946968242
Best consent disclaimer ever <3,neither,0.03810432385440744,0.31908070219434626,0.6428149739512463
All Vince are sweet baby Vince @Different_elves,neither,0.05354209639695166,0.342936813654298,0.6035210899487504
@different_elves tessWAVE really loved your work in this when I first saw it,neither,0.04317340283655499,0.3659828833468912,0.5908437138165539
SO PSYCHED!,offensive_language,0.039501631330860744,0.48329170807269783,0.4772066605964413
"Ooh, I'm psyched!",neither,0.03945320844208391,0.33037608806864915,0.630170703489267
IVAN,neither,0.03945320844208391,0.33037608806864915,0.630170703489267
@sweeetanj Hi! Your character is so great in this!,neither,0.07135989596994419,0.33438744977191154,0.5942526542581443
I miss this intro,neither,0.03266915042029617,0.3342810108209611,0.6330498387587428
How long is this?,neither,0.050644738834922765,0.3259535188059633,0.6234017423591139
IT TOOK TEN YEARS,neither,0.038092443108286904,0.33084411766565625,0.6310634392260569
"Help G&S make great content! $4.99/month gets you emotes, Minecraft server access, sub-only VODs, and more! Every sub keeps the channel alive! twitch.tv/geekandsundry/subscribe",neither,0.043907990691603095,0.31135964332838284,0.644732365980014
"nice, watch this for the first time!",neither,0.030697586717587915,0.31015397441168646,0.6591484388707257
gandsHype gandsHype gandsHype gandsHype gandsHype,neither,0.03945320844208391,0.33037608806864915,0.630170703489267
"Oh man, I missed this too",neither,0.04475936341723983,0.3495111766554364,0.6057294599273239
I hope I'm as cool as Daddy Chops one day,neither,0.05838223669231794,0.31010928112590475,0.6315084821817772
Eeeeeeeeee the terror is returning,neither,0.04821859290557782,0.30822268935231695,0.6435587177421052
"Oh man, memories of coordinating the early watchalongs",neither,0.04476459458776418,0.3024192661248959,0.65281613928734
Hopefully nobody has to be asked to leave the table,neither,0.042755599973789936,0.40757804098860895,0.5496663590376012
THESE BABIES,neither,0.05462198298439057,0.45127224812792455,0.49410576888768487
"Don't we all, @ThatBronzeGirl don't we all.",neither,0.042755974101260856,0.47658951728414134,0.48065450861459785
BB VINCE,neither,0.03945320844208391,0.33037608806864915,0.630170703489267
@bdavewalters2 good thing Vince s character has long awesome run on this show,neither,0.045654509221814556,0.2903113458332604,0.6640341449449251
we had no idea,neither,0.038363720990986165,0.348867533449451,0.6127687455595628
WOOO!!!,neither,0.03945320844208391,0.33037608806864915,0.630170703489267
,neither,0.03945320844208391,0.33037608806864915,0.630170703489267
Hi everyone! *incoherent happy sounds*,neither,0.03414297497412155,0.42050460862498446,0.545352416400894
WE'RE ALL GONNA DIEEEEEEEEEEEEEE,neither,0.0687050763076981,0.46540070765583474,0.46589421603646713
"Oh, my sweet summer children.",neither,0.03362793452851641,0.36156455367686297,0.6048075117946206
Live In the rotted flesh,neither,0.04321011166839262,0.3122743542085435,0.644515534123064
Dat sweet sweet front page action,neither,0.03945320844208391,0.33037608806864915,0.630170703489267
Is this a rerun?,neither,0.06444388513749441,0.32581973129223984,0.6097363835702658
@bdavewalters2 maybe if we grow out our mutton chops?,neither,0.025326039530121323,0.3782563659969158,0.5964175944729628
@xanderrific jcvimHi,neither,0.03945320844208391,0.33037608806864915,0.630170703489267
We're Alive: Frontier - Season 1 episode 1,neither,0.05461937364895262,0.3052707141697832,0.640109912181264
"DoubleclicksLive subscribed at Tier 1. They've subscribed for 19 months, currently on a 13 month streak! amydCheers amydCheers",neither,0.024008057802442816,0.3243597169693116,0.6516322252282456
"look at them, they're all so young :D",offensive_language,0.07594473896554023,0.4773081156419267,0.4467471453925331
JOSHHHHHHH,neither,0.03945320844208391,0.33037608806864915,0.630170703489267
stsHello @Xanderrific @Hydra_Lord,neither,0.03945320844208391,0.33037608806864915,0.630170703489267
HI BOO,neither,0.03945320844208391,0.33037608806864915,0.630170703489267
I love your character @xanderrific ! You are awesome!!,neither,0.13132232025709945,0.3268585464495282,0.5418191332933723
"Hot tip, watch Xander. He has the BEST reaction at about 5 mins in.",neither,0.04377433814548821,0.3401754468715668,0.6160502149829449
Hey y’all,neither,0.04285346742239823,0.46255625023407465,0.49459028234352725
Hello all!,neither,0.04217753453783664,0.43734383323855475,0.5204786322236087
Twitch premiere of an Alpha show @SerNurp,neither,0.049488301655592426,0.2767308814255346,0.6737808169188729
Thank you!!,neither,0.07325166854587051,0.43632638485078484,0.49042194660334476
Omg I so excited,neither,0.039409432833857734,0.38155524175408273,0.5790353254120596
He IS going to ask them to leave the table!,neither,0.07607831733465524,0.3206643659741849,0.6032573166911598
Bunch of cuties!!!!,neither,0.04175986137556195,0.4599909075756697,0.49824923104876845
gandsD6 gandsHighMath gandsHype,neither,0.03945320844208391,0.33037608806864915,0.630170703489267
monkaS,neither,0.03945320844208391,0.33037608806864915,0.630170703489267
"@phoenixgoth where that means always, right?",neither,0.03474874024821766,0.414500670664725,0.5507505890870572
Oh hi Josh!! And HI XANDER,neither,0.042198594324256475,0.27135738866055914,0.6864440170151844
"Ah, nice, thanks @bdavewalters2",neither,0.037238654610116835,0.3118316993937271,0.650929645996156
Absolutely,neither,0.03945320844208391,0.33037608806864915,0.630170703489267
"Hello, everybody!",neither,0.03945320844208391,0.33037608806864915,0.630170703489267
"O HAY @Optimus_Slimed. I saw this live with you, so it fits we're here for the premiere lol",neither,0.06529556002532703,0.3655756807944241,0.5691287591802489
Haiiiiiii,neither,0.03945320844208391,0.33037608806864915,0.630170703489267
WE'RE GETTING THE BAND BACK TOGETHER!,neither,0.0491448583487666,0.3536136805729352,0.5972414610782982
Full beard Ivan is confusing me,neither,0.05529173739414632,0.35415577162993717,0.5905524909759166
I'm so happy right now,neither,0.038181172816370894,0.4101242266851971,0.5516946004984321
the... the chops,neither,0.03760741905385331,0.2955125482250572,0.6668800327210896
goood morning guys,neither,0.04671348167338386,0.20715030353023076,0.7461362147963854
that is such a cool set,neither,0.04358908678927612,0.36500600180976445,0.5914049114009595
Glad to finally catch this!!,neither,0.04575718543675471,0.3281275631185893,0.626115251444656
so well done,neither,0.03835815660469776,0.40800690921490873,0.5536349341803936
"for people who have watch this and dread and ten candle, which one do you guys love the most? since they are all DMed by Ivan too",neither,0.07210264679931769,0.3721608253494742,0.5557365278512082
@gameviewer1995 do not make me choose a favourite baby,neither,0.03415269997492151,0.36196711070702314,0.6038801893180554
@gameviewer1995 this and Madness are a tie for me,neither,0.044949399218558866,0.27498709538519506,0.6800635053962459
they are all my darlings,offensive_language,0.06160202925400986,0.5377556335869348,0.40064233715905545
I would love to have Ivan DM a game!!,neither,0.04118460012053765,0.3037583687677773,0.655057031111685
"""live""",neither,0.04891340716200846,0.3271222919257548,0.6239643009122369
i like his hair style,neither,0.08650546401520243,0.3472777164256053,0.5662168195591921
production value PogChamp,neither,0.03945320844208391,0.33037608806864915,0.630170703489267
ART!,neither,0.03945320844208391,0.33037608806864915,0.630170703489267
Ivan tells the best stories....le sighhhh,neither,0.03817935054060287,0.31332325701821456,0.6484973924411825
wow,neither,0.03945320844208391,0.33037608806864915,0.630170703489267
ART!,neither,0.03945320844208391,0.33037608806864915,0.630170703489267
ART,neither,0.03945320844208391,0.33037608806864915,0.630170703489267
The art is sooo good,neither,0.04542737973858147,0.31321514264174316,0.6413574776196754
wow pretty!,neither,0.03945320844208391,0.33037608806864915,0.630170703489267
Hay all,neither,0.041738381923244985,0.42092048044029723,0.5373411376364577
lol sorry @notalwaysweak,neither,0.027827587126279283,0.4190034846499559,0.5531689282237647
"gorgeous, no human drew that",neither,0.13539491376500312,0.24368506876095106,0.6209200174740457
,neither,0.03945320844208391,0.33037608806864915,0.630170703489267
"""The sun is bright, the birds are singing... It's days like this, that kids like you... Deserve to.."" Kappa Keepo blackj6WUT",neither,0.04754243158651198,0.1788922487884927,0.7735653196249954
O HAY @Xanderrific,neither,0.03945320844208391,0.33037608806864915,0.630170703489267
Artist is the amazing Kent Davis!!,neither,0.04523433811579213,0.315071130172394,0.6396945317118138
"I love all the art so much in this, we're so spoiled!",neither,0.045934542049976164,0.4217644488424962,0.5323010091075278
What up @optimus_slimed !,neither,0.04549209283961305,0.43877665191533993,0.5157312552450469
my hometown! jcvimHearts,offensive_language,0.011017215557639733,0.6062201221254095,0.3827626623169507
2026 is not too far away,neither,0.04783432125133142,0.3123487905559934,0.6398168881926751
I don’t understand which one is Xander,neither,0.04692561465309277,0.35983332841102955,0.5932410569358776
O HAY @bdavewalters2!,neither,0.03945320844208391,0.33037608806864915,0.630170703489267
wait is this the first episode?,neither,0.03851320568880214,0.3166939060242629,0.6447928882869348
!wtfisthis,neither,0.03945320844208391,0.33037608806864915,0.630170703489267
"In the year 2026, a band of survivors meet at the edge of the Mississippi line to embark on a journey into the infected Midwest. Outbreak: Undead from Hunters Entertainment: https://www.huntersentertainment.com/outbreakundead",neither,0.039528722183490884,0.3143739139257997,0.6460973638907093
We're Alive: Frontier - Season 1 episode 1 - first time on Twitch .,neither,0.04204698582482275,0.33420734065712826,0.6237456735180489
Good point @notalwaysweak ...let's try to keep the spoilers at a limit,neither,0.030377453783742476,0.3565630197783246,0.6130595264379329
"opticalust subscribed with Twitch Prime. They've subscribed for 6 months, currently on a 2 month streak!",neither,0.020161301589277043,0.3305963852590941,0.6492423131516288
!whodat,neither,0.03945320844208391,0.33037608806864915,0.630170703489267
"GM Ivan Van Norman ( twitter.com/Hydra_Lord ), Vince Caso ( twitter.com/vincecaso ), Anjali Bhimani ( twitter.com/sweetanj ), Xander Jeanneret ( twitter.com/Xanderrific ), Melanie Stone ( twitter.com/melaniest0ne ), Alcuin Gersh ( twitter.com/Different_Elves ).",neither,0.03866792874047376,0.46938497293847536,0.4919470983210507
"Daww thanks @sweeetanj , this is just as much your story as mine! That's the power of the player!",neither,0.043077469037588266,0.4146756298421654,0.5422469011202462
@DoubleclicksLive I know it's hard without the blue hair,offensive_language,0.030164498193278363,0.5037026274677713,0.46613287433895034
A limit of NONE,neither,0.03945320844208391,0.33037608806864915,0.630170703489267
@doubleclickslive ohai!,neither,0.03945320844208391,0.33037608806864915,0.630170703489267
Neither is the total collapse of civilization @ObsequiousDiphthong,neither,0.046582903274127216,0.31189952394693754,0.6415175727789353
Does Vince know he is baby,neither,0.03670164673107699,0.43245068802401176,0.5308476652449113
Hi Ivan!!!,neither,0.03945320844208391,0.33037608806864915,0.630170703489267
@DoubleclicksLive I know you aren't matching in blue?? Xander who??,neither,0.053924372815997136,0.4287590763331069,0.517316550850896
It is @estyl10 - first few minutes,neither,0.03806008745428604,0.3308552462587551,0.6310846662869588
True story: I STILL have Vince number stored in my phone as Asher Emerson Stearn III,neither,0.031271430341779684,0.4094456644301911,0.559282905228029
O HAY @Hydra_Lord,neither,0.03945320844208391,0.33037608806864915,0.630170703489267
Take a drink for Asher's full name,neither,0.050466806837344266,0.2976842639147831,0.6518489292478726
Vince look so young with his long hair! Lol,neither,0.038997852589880325,0.4560882318137491,0.5049139155963706
"@notalwaysweak not sure, lol",offensive_language,0.023078244051995607,0.5603907250190765,0.4165310309289279
"The true monster is @hydra_lord, who made me dye my hair for this...",neither,0.028746740046154427,0.41071517169491223,0.5605380882589334
@bdavewalters2 awwww,neither,0.03945320844208391,0.33037608806864915,0.630170703489267
Check out the beard on Ivan.,neither,0.032026244977385356,0.34349918964476384,0.6244745653778508
"oh, it's Ivan!",neither,0.04645105364853955,0.23725436791492924,0.7162945784365312
xander35D8,neither,0.03945320844208391,0.33037608806864915,0.630170703489267
Awww Xander nuuu,neither,0.03945320844208391,0.33037608806864915,0.630170703489267
@jesusspicy right,neither,0.03719022913728602,0.3744360956046963,0.5883736752580178
"@gameviewer1995 Order of personal preference, Dread, ten candles, WAF. but thats only becausse i like eldrich type horror more than post apocalyptic/zombie horror. but its a slim margin",neither,0.03875183732656173,0.34239509291822956,0.6188530697552088
AHAHAHAHAHA,neither,0.03945320844208391,0.33037608806864915,0.630170703489267
@Xanderrific it looks so odd when it's not your natural blue,neither,0.046292403967093936,0.3922596558726752,0.5614479401602308
THAT FACE,neither,0.032679346870247435,0.4049235998465656,0.562397053283187
LULW,neither,0.03945320844208391,0.33037608806864915,0.630170703489267
Thank you cast and crew for joining us in chat tonight!,neither,0.06220201919289662,0.3004761941600219,0.6373217866470814
#daddychops,neither,0.03945320844208391,0.33037608806864915,0.630170703489267
"Daddy Chops aka Ivan Van Norman, also now an award winning book writer for the ""The ABCs of D&D"", ""The 123s of D&D"", and a part of the Hunter's Entertainment team.",neither,0.036104578274372835,0.2836654251843363,0.680229996541291
@Xanderrific hahaha,neither,0.03945320844208391,0.33037608806864915,0.630170703489267
@Xanderrific he had to draw out some of your power before he began,neither,0.05614207038782406,0.3760691145682988,0.567788815043877
"Here it comes, watch xander",neither,0.10640181083756986,0.28309948028726345,0.6104987088751668
is that symmetra?,neither,0.05154613418987003,0.42924314326430335,0.5192107225458266
yes,neither,0.03945320844208391,0.33037608806864915,0.630170703489267
Never heard of,neither,0.03419927235812735,0.38422212009541,0.5815786075464625
Never heard of her.,offensive_language,0.02567339059499236,0.6245624369271938,0.34976417247781383
@sweeetanj ;),neither,0.03945320844208391,0.33037608806864915,0.630170703489267
Hahahahah,neither,0.03945320844208391,0.33037608806864915,0.630170703489267
"@Grendelsmater ic, ty for the well explained answer :)",neither,0.03523801235620074,0.30247038776956,0.6622915998742394
@sweeetanj lol,neither,0.020706217963973744,0.4882283491876925,0.4910654328483337
Lolol,neither,0.03945320844208391,0.33037608806864915,0.630170703489267
!Ivan btw chat Ivan is finally adding regular stream on his channel give @hydra_lord a follow and support him if u like,neither,0.06094845917997691,0.34502545418370306,0.59402608663632
"The guy who loves to play games, tell stories, and create fun moments. Also... he is a bit familiar... wasn't he on TV? #chopcrew twitter.com/Hydra_Lord http://www.twitch.tv/hydra_lord",neither,0.04461353353098356,0.3311997830508003,0.624186683418216
I'm feeling so much nostalgia and love right now and I kind of wanna cry.,neither,0.033514854799543116,0.3271699651869131,0.6393151800135438
SHOTS,neither,0.03945320844208391,0.33037608806864915,0.630170703489267
@notalwaysweak -hugs!!!-,neither,0.03945320844208391,0.33037608806864915,0.630170703489267
my cat has hiccups and I can't :(,neither,0.027080610484716522,0.36648932838135884,0.6064300611339245
Awww kitty,neither,0.03945320844208391,0.33037608806864915,0.630170703489267
NOOOOO,neither,0.03945320844208391,0.33037608806864915,0.630170703489267
ScaredyCat,neither,0.03945320844208391,0.33037608806864915,0.630170703489267
It'll live,neither,0.04378442270535237,0.32888638487307137,0.6273291924215763
don't tell Ivan that your cat has hiccups Aki,neither,0.0671827982074764,0.3571674332766327,0.5756497685158909
I'm also still having Bandashe feelings which is hilarious because only one character's been introduced also did I say I was only mentioning that once because I LIED.,neither,0.039974257102785016,0.3638456167474804,0.5961801261497346
"@Xanderrific I remember you asking ""can I have blue hair"", and my only response was 'what did you trade for it 20 years later after hair dye stopped being made?' lol",neither,0.038809678518851094,0.40018295374797663,0.5610073677331722
He will use that against you,neither,0.02179778810459554,0.47445907864298903,0.5037431332524154
@hydra_lord ahahahaha,neither,0.03945320844208391,0.33037608806864915,0.630170703489267
Expired hair dye would probably be bad,neither,0.03631797044859931,0.34346086275724175,0.620221166794159
