text,top_class,hate_speech,offensive_language,neither
Hi everyone! Hi Denise!,neither,0.03494445210718445,0.40690144998826816,0.5581540979045475
Yo yo Yo!,offensive_language,0.04010381111145228,0.5271105317972344,0.4327856570913131
Hi TJ!,neither,0.03945320844208391,0.33037608806864915,0.630170703489267
hey @phoenixgoth !,neither,0.03945320844208391,0.33037608806864915,0.630170703489267
doogEvil,neither,0.03945320844208391,0.33037608806864915,0.630170703489267
gandsZero gandsDenise gandsHero,neither,0.03945320844208391,0.33037608806864915,0.630170703489267
How's everything over there in Burbank? @tjrotell,neither,0.03605857155427056,0.285795216292373,0.6781462121533566
@phoenixgoth Good! how bout you?,offensive_language,0.054309280881021826,0.5132321080945745,0.43245861102440364
Also this is Gross! HAHAHAA,neither,0.04575332932856385,0.32943100405569886,0.6248156666157372
Gore?,neither,0.03945320844208391,0.33037608806864915,0.630170703489267
"I'm a Xander mod, Denise, your screaming is fine",neither,0.08960548035640996,0.3153997967189067,0.5949947229246834
what?,neither,0.057770773616808734,0.3180719994247239,0.6241572269584672
HAHAHAA,neither,0.03945320844208391,0.33037608806864915,0.630170703489267
Well that was quick!,neither,0.03489504751863533,0.3809422980516525,0.5841626544297122
really? Krey gasm isn't allowed... #FeelsBadMan,neither,0.03945320844208391,0.33037608806864915,0.630170703489267
hi,neither,0.03945320844208391,0.33037608806864915,0.630170703489267
Ahahahaha who's slow clapping back there,neither,0.039814175494378254,0.34604314494347554,0.6141426795621462
y u trash,neither,0.04230374604867755,0.016764511774476527,0.9409317421768459
wooooooooooooooooowww hgahahahahaha,neither,0.03945320844208391,0.33037608806864915,0.630170703489267
"kamabrChathug ? Hey, we got further this time!",neither,0.03708621405941794,0.3914328532352618,0.5714809327053203
crushing it,neither,0.037828236809968684,0.3309349903269868,0.6312367728630445
Headshots are your friends lol,neither,0.1290197188097645,0.3236594274645521,0.5473208537256834
progression,neither,0.03945320844208391,0.33037608806864915,0.630170703489267
Not too far to do that and restart,neither,0.04119942329974225,0.3369125238108589,0.6218880528893989
"@phoenixgoth i think Sean, lol",neither,0.03155746031004845,0.38209635417243687,0.5863461855175147
im in my office,neither,0.02631813296674326,0.46425099319051133,0.5094308738427455
I don't think guns count as keys in RE,neither,0.05085103188030624,0.3281151073968996,0.6210338607227942
Ahahaha,neither,0.03945320844208391,0.33037608806864915,0.630170703489267
"mani suck at these games, lol. i am of NO HELP",offensive_language,0.05509353001504679,0.4836190004825652,0.4612874695023881
You need a key😂,neither,0.062015217274012546,0.3908560604011169,0.5471287223248705
"Guns should count as keys, but sometimes games have to force us to do the puzzle instead of blowing it up",neither,0.0652895232724693,0.3802925977218822,0.5544178790056484
yup,neither,0.03945320844208391,0.33037608806864915,0.630170703489267
Its on the wall near the pizza,neither,0.03171560118278984,0.31780826189817274,0.6504761369190374
Hard same. I'm team Fireball-the-door,offensive_language,0.032365215082103216,0.49364305256401647,0.47399173235388026
@tjrotell me too! I'm horrible with jumpscares and i tense up when i get nervous... horror games are not for me!,neither,0.026776965933763074,0.3865161654087042,0.5867068686575327
How long has the stream been going?,neither,0.03741570439969308,0.3368327902622661,0.6257515053380409
You missed an item by the Pizza,neither,0.05191316303262485,0.3829113436115737,0.5651754933558014
@dimensionalcheesecake like 10 mins,neither,0.052480541739450576,0.348981705959485,0.5985377523010643
sweet thanks,neither,0.03688101886252514,0.3088369036874084,0.6542820774500665
cliche?,neither,0.03945320844208391,0.33037608806864915,0.630170703489267
"@phoenixgoth hahahah im just not goof at ""real"" kinda games, lol. i need unlimited ammo! lol",neither,0.025850266499487424,0.4843550926438248,0.4897946408566878
Yes there an arrow icon that indicates an item. P.s the key is on the wall near the pizza,neither,0.03901132115052249,0.31029143132084713,0.6506972475286303
On the wall,neither,0.034701005958982886,0.32690348593750646,0.6383955081035106
@DimensionalCheesecake started at 7,neither,0.03825840163082863,0.36667140052485503,0.5950701978443165
@tjrotell oh god yeah me too. I can only vaguely do hack and slash because i tense when I get scared,neither,0.025997665730006364,0.3879754346421509,0.5860268996278427
Nailed it,neither,0.03772653554390317,0.33096997005595963,0.6313034944001372
@phoenixgoth hahahaha,neither,0.03945320844208391,0.33037608806864915,0.630170703489267
HAHAHAHAHAHA,neither,0.03945320844208391,0.33037608806864915,0.630170703489267
"@TJRotell I'm EST, so it started at 9 for me lol",neither,0.019886026196185624,0.4534142731431476,0.526699700660667
hold shift,neither,0.03945320844208391,0.33037608806864915,0.630170703489267
@DimensionalCheesecake aaaahhhhh i see :),neither,0.03945320844208391,0.33037608806864915,0.630170703489267
ahhhhh lock it behind you!,neither,0.051111222404795945,0.3683400390765912,0.5805487385186128
rip,neither,0.03945320844208391,0.33037608806864915,0.630170703489267
click click click hahaahahah,neither,0.03945320844208391,0.33037608806864915,0.630170703489267
RIP,neither,0.03945320844208391,0.33037608806864915,0.630170703489267
🤣,neither,0.03945320844208391,0.33037608806864915,0.630170703489267
Lol,neither,0.020706217963973744,0.4882283491876925,0.4910654328483337
Zombie D,neither,0.03945320844208391,0.33037608806864915,0.630170703489267
"""RIP"" ... get it? ... heheheheh",neither,0.03699192235571036,0.34238465974046245,0.6206234179038272
