text,top_class,hate_speech,offensive_language,neither
Hello!,neither,0.03945320844208391,0.33037608806864915,0.630170703489267
!spoilers,neither,0.03945320844208391,0.33037608806864915,0.630170703489267
"Spoilers suck. Please don't post them in chat for those who haven't experienced this yet. Spoilers will be mercilessly smited, be they real or fake. Spoiling role play episodes during a replay will be met with a significant timeout. DON'T DO IT",neither,0.050649446968047365,0.3584267892972225,0.5909237637347301
IT'S HAAAAAPPENNNIIIIING,neither,0.034373745257138544,0.33212314837979673,0.6335031063630647
Here we go!,neither,0.13156755280784707,0.2765461283225309,0.5918863188696221
,neither,0.03945320844208391,0.33037608806864915,0.630170703489267
We have a subscriber-only Discord server! Join here: https://discord.gg/geekandsundry (you'll need to sub and link it to your Twitch) and be a part of the fun!...Warning: It can take up to an hour for the server to update and give you access to the channels,neither,0.08464076273808444,0.286394834032893,0.6289644032290227
oh shiz! here we GO!,neither,0.12379188421561257,0.2271918193553985,0.6490162964289888
Hey @Xanderrific,neither,0.03945320844208391,0.33037608806864915,0.630170703489267
Heyo!,neither,0.03945320844208391,0.33037608806864915,0.630170703489267
gandsMarshmallow,neither,0.03945320844208391,0.33037608806864915,0.630170703489267
"Hey all, just wanted to pop in and say hi to everyone, about to head to bed since I gotta get on a plane in a few hours.",neither,0.04299304143028122,0.4191689466934669,0.537838011876252
gandsHype,neither,0.03945320844208391,0.33037608806864915,0.630170703489267
Will I be at a significant disadvantage if I've only seen about half of the first episode?,neither,0.016014822442184277,0.35769004371599444,0.6262951338418211
@xanderrific hi buddy!!!,neither,0.03945320844208391,0.33037608806864915,0.630170703489267
"@notalwaysweak I Run back to get some distance and ready my weapon, what is my weoapon? idk",neither,0.031212493241548626,0.4079371849083479,0.5608503218501034
Enjoy the episode!,neither,0.03852159296637569,0.31331794372293476,0.6481604633106895
@prismaticfaerie Not particularly!,neither,0.03793410507293058,0.33609447229256983,0.6259714226344996
@prismaticfaerie nah you're good,neither,0.102438095923025,0.351381867631507,0.546180036445468
"@prismaticfaerie you should be okay, whisper me if you get confused",offensive_language,0.04952385589565623,0.5323972345018156,0.4180789096025281
@phoenixgoth heyo!,neither,0.03945320844208391,0.33037608806864915,0.630170703489267
"@Alex_redeye hi, safe travels",neither,0.03945320844208391,0.33037608806864915,0.630170703489267
God I was so plush hahaha,neither,0.039264842602675924,0.3846793655182681,0.5760557918790561
"Help G&S make great content! $4.99/month gets you emotes, Minecraft server access, sub-only VODs, and more! Every sub keeps the channel alive! twitch.tv/geekandsundry/subscribe",neither,0.043907990691603095,0.31135964332838284,0.644732365980014
@VinceCaso @phoenixgoth Thanks for the info! ^^,neither,0.03158985731523347,0.2757470100193002,0.6926631326654663
"""Took a baseball bat like a champ""...eh?",neither,0.04650241135140909,0.3409020861377586,0.6125955025108324
@xanderrific good to see you too!,neither,0.07737971044556319,0.39831648902270783,0.5243038005317291
@Xanderrific ...,neither,0.03945320844208391,0.33037608806864915,0.630170703489267
:p,neither,0.03945320844208391,0.33037608806864915,0.630170703489267
I got baseball bat'd hard yo,offensive_language,0.031927052145034836,0.589295359126656,0.37877758872830924
Huehuehuehue,neither,0.03945320844208391,0.33037608806864915,0.630170703489267
oh i haven't seen outbreak rpg before. is this like middle of campaign,neither,0.05216036974039241,0.3481052145995475,0.5997344156600601
@Mysterioso888 Only episode 2!,neither,0.03945320844208391,0.33037608806864915,0.630170703489267
@Mysterioso888 second episode!,neither,0.03945320844208391,0.33037608806864915,0.630170703489267
@Mysterioso888 Second episode,neither,0.03945320844208391,0.33037608806864915,0.630170703489267
Episode 2,neither,0.03945320844208391,0.33037608806864915,0.630170703489267
And the first just got put on YouTube as well,neither,0.026062660563770042,0.37523046876311167,0.5987068706731183
Welcome to the chat where we're all excited and will yell the same information simultaneously.,neither,0.05305671654136635,0.28829447938529223,0.6586488040733414
ARRRTTT,neither,0.03945320844208391,0.33037608806864915,0.630170703489267
is this related to any other campaigns,neither,0.054895874215597926,0.32498372782052526,0.6201203979638767
@Mysterioso888 Nope!,neither,0.03945320844208391,0.33037608806864915,0.630170703489267
"lmao, pretty much @notalwaysweak",neither,0.03349629376790189,0.35356241918491194,0.6129412870471861
"@Mysterioso888 It takes place in the We're Alive universe, but is standalone",neither,0.05527005373133292,0.2723433485964556,0.6723865976722115
I still have no idea how he makes those sounds.,neither,0.06083035798020051,0.3034189902679585,0.6357506517518411
it is associated with the podcast of We're Alive,neither,0.048939669945838885,0.32389427268097015,0.6271660573731909
"@phoenixgoth he apparently practiced a lot in the car, lol",neither,0.035987026459649095,0.3619361985894402,0.6020767749509107
Episode one on Twitch: https://www.twitch.tv/videos/490377513 or on Youtube: https://www.youtube.com/watch?v=1NiLZUmzQNU,neither,0.039027622912824085,0.34821098756795615,0.6127613895192198
"@phoenixgoth Black magic fuckery, pretty much, is my best guess",neither,0.045362544565828736,0.38034620510072886,0.5742912503334423
"ok i have trouble keeping this all straight in my head, i thought this might be related to that other outbreak campaign",neither,0.03630349453266861,0.39275679119140455,0.5709397142759268
Get that raildriver going!!,neither,0.030506333243455315,0.44828006206671733,0.5212136046898274
who is the guy second from the right?,neither,0.04493305766255387,0.35978148786076264,0.5952854544766835
"Yes Jenny, get it GOING! SAVE US!",neither,0.06391852283896374,0.3529688952992518,0.5831125818617844
@snort_cigs that's @VinceCaso,neither,0.026110925149043836,0.4791292047641166,0.4947598700868395
"@vincecaso i must learn his secrets, lol",neither,0.052822447581119765,0.3661434181761498,0.5810341342427304
Sup lads,neither,0.03945320844208391,0.33037608806864915,0.630170703489267
@snort_cigs it me :D,neither,0.020928709296978248,0.4277646322666584,0.5513066584363633
!whodat,neither,0.03945320844208391,0.33037608806864915,0.630170703489267
"GM Ivan Van Norman ( twitter.com/Hydra_Lord ), Vince Caso ( twitter.com/vincecaso ), Anjali Bhimani ( twitter.com/sweeetanj ), Xander Jeanneret ( twitter.com/Xanderrific ), Melanie Stone ( twitter.com/melaniest0ne ), Alcuin Gersh ( twitter.com/Different_Elves ).",neither,0.03866792874047376,0.46938497293847536,0.4919470983210507
I adore Alcuin's costume in this,neither,0.03933484566506597,0.33238501329687653,0.6282801410380575
@VinceCaso Ahh I knew it! thought i recognized you from The Guild XD,neither,0.05539069225859962,0.24953557025064504,0.6950737374907554
Anyone else slonking a blunt?,neither,0.03945320844208391,0.33037608806864915,0.630170703489267
@snort_cigs Haha yeah!! Bladezz is back and on the verge of death LUL,neither,0.027605879456438404,0.41928310778801037,0.5531110127555512
LUL,neither,0.03945320844208391,0.33037608806864915,0.630170703489267
Supermarket Sweep,neither,0.03945320844208391,0.33037608806864915,0.630170703489267
Hahaha,neither,0.03945320844208391,0.33037608806864915,0.630170703489267
!respect,neither,0.03945320844208391,0.33037608806864915,0.630170703489267
"If you would like to share opinions on our hosts, guests or fellow viewers, please do so in a respectful manner. Don't make them feel uncomfortable.",neither,0.04843323757214918,0.39559142321184637,0.5559753392160044
Henchman2121 subscribed at Tier 1. They've subscribed for 25 months! Howdy :),neither,0.020384028715881457,0.31391366831460377,0.6657023029695147
!frontpage,neither,0.03945320844208391,0.33037608806864915,0.630170703489267
"We are on the front page, which means we have an influx of new people coming in here. Some are polite, some are not. Please let the mods handle those who are not. Sit back, enjoy the show, and DON'T FEED THE TROLLS.",neither,0.10504481977893397,0.20508308154005317,0.6898720986810128
"Gosh, this art is incredible",neither,0.045434220439906206,0.32948306168983627,0.6250827178702575
"iDimaBear subscribed with Twitch Prime. They've subscribed for 2 months, currently on a 2 month streak!",neither,0.020161301589277043,0.3305963852590941,0.6492423131516288
is that morgue from freakshow?,neither,0.04454778959420512,0.3516808080848592,0.6037714023209356
"Was about to say, the art makes these scenes all the better",neither,0.0483091523877641,0.41694502444727716,0.5347458231649589
It's beautiful art.,neither,0.037956413433095686,0.3308909045086772,0.6311526820582272
Would love to see an art book of G&S RPG art,neither,0.04123459385231614,0.32960310795564773,0.6291622981920362
NO FUCKING WAY,offensive_language,0.11322479506606906,0.8867497610266576,2.5443907273476924e-05
artoFace artoCity,neither,0.03945320844208391,0.33037608806864915,0.630170703489267
@KaiOrAya YES!,neither,0.03945320844208391,0.33037608806864915,0.630170703489267
Look at that rail driver?!?!?!?!?!,neither,0.03711574451596953,0.381830228737697,0.5810540267463334
Wow,neither,0.03945320844208391,0.33037608806864915,0.630170703489267
Who do we bribe for an art book?,neither,0.03602771268323211,0.35091450195483237,0.6130577853619354
I never noticed before it has 'knock knock' on the sleeper car door.,neither,0.03319552986541733,0.3795722485230182,0.5872322216115645
If the sleeper car's a rockin'....,neither,0.021898202963390217,0.368873629279523,0.6092281677570868
ooo I love Anjali,neither,0.03609969109667712,0.3460607163663087,0.6178395925370141
@notalwaysweak ...then it's probably zombies,neither,0.03704940288956348,0.3495663337592121,0.6133842633512244
The art is done by Kent Bagman,neither,0.04692784190181251,0.36738260777953946,0.585689550318648
"* Davis, I'm sorry, my brain is weird",neither,0.03575385513266701,0.3947534608297818,0.5694926840375512
Braiiiiins...,neither,0.03945320844208391,0.33037608806864915,0.630170703489267
@vincecaso accurate.,neither,0.03945320844208391,0.33037608806864915,0.630170703489267
"Heck with enough warning, I'd totally make the drive down to see a G&S art and set exhibit at a museum",neither,0.032907655486582595,0.3847530895114041,0.5823392550020133
Lefty!,neither,0.03945320844208391,0.33037608806864915,0.630170703489267
I'm a fan of the whiteboard.,neither,0.03819645103055824,0.30713620024679417,0.6546673487226475
@kaioraya same!!!,neither,0.04148851938089603,0.3488915597363099,0.609619920882794
Wait Mel is left-handed??,neither,0.04540837213948287,0.32832783419549416,0.6262637936650229
Need more white board,hate_speech,0.5685540310034592,0.3772193581107,0.05422661088584073
... you're JUST noticing? Lol,offensive_language,0.07901315814715532,0.5011962984610301,0.41979054339181465
Her handwriting is so neat!,offensive_language,0.03736270114645412,0.596307538043241,0.36632976081030494
shoot@evillady(.com),neither,0.06341986080133064,0.25611218681623626,0.6804679523824331
Her handwriting is so good,offensive_language,0.03610266955570609,0.7135125687626562,0.25038476168163776
@phoenixgoth As a lefty I have a bizarre amount of lefty-blindness,neither,0.03776054709766965,0.35910496857745533,0.6031344843248749
@Xanderrific I'd look that website up but I'm afraid to,neither,0.0378093052566565,0.41218333028953136,0.5500073644538122
it would take asher that much time to notice that,neither,0.03307600752336827,0.4015890811215648,0.5653349113550669
"@notalwaysweak me, too",neither,0.025456656249999262,0.41690574403459846,0.5576375997154023
"Awww, that's adorable, my dad is a lefty too @vincecaso",neither,0.03307376086433366,0.4239732181022946,0.5429530210333717
How long ago did this episode start?,neither,0.039205047191686035,0.330127784458768,0.6306671683495461
So am I!,neither,0.03906002514046998,0.41495326532565996,0.54598670953387
@Kinteoka 8pm!,neither,0.03945320844208391,0.33037608806864915,0.630170703489267
More ways Jenny and I (or Mel and I) are sisters.,neither,0.05399558632963994,0.2521680441227608,0.6938363695475993
@Kinteoka About ten minutes,neither,0.037854924266091654,0.35750314172455155,0.6046419340093568
@kinteoka about 11 mins,neither,0.037771575082321304,0.3589177948971704,0.6033106300205084
@Kinteoka You've hardly missed anything,neither,0.028504980070388226,0.347820264556514,0.6236747553730977
@Xanderrific it's someone's blog not updated since 2014 (I had to check),neither,0.04168703103633098,0.33132149075912143,0.6269914782045475
Is this the continuation from the episode they released today on youtube???,neither,0.04128768819400989,0.2919779096519935,0.6667344021539966
We're just here trying to kill infected and RUN FOR OUR LIVES,neither,0.29209980750270265,0.1696692423486945,0.5382309501486029
hey folks! thank you all for joining us tonight!,neither,0.07033387859493874,0.3634585904605079,0.5662075309445533
There's the diorama!,neither,0.038106640263067995,0.21877787562564519,0.7431154841112869
@Kinteoka Yup!,neither,0.03945320844208391,0.33037608806864915,0.630170703489267
