text,top_class,hate_speech,offensive_language,neither
when are they starting?,neither,0.053692332413134834,0.3350526610140729,0.6112550065727922
My money is in Pike,neither,0.0322489405872034,0.458107536893475,0.5096435225193217
"Pike has a 70HP heal at her disposal, don't forget about that one",offensive_language,0.028947748401054876,0.5579318371613989,0.4131204144375461
I reckon Percy will burn his action surge and try to kill Kiki or pike straight away,neither,0.22934414435205683,0.16494604720976846,0.6057098084381747
s'break y'all,neither,0.042670053999343836,0.45571030147753944,0.5016196445231168
@Masterdante94 5AM POWUH,neither,0.03945320844208391,0.33037608806864915,0.630170703489267
#TeamKashaw,neither,0.03945320844208391,0.33037608806864915,0.630170703489267
if Percy does hex first on keyleth game over,neither,0.014457718423374727,0.4418666718943037,0.5436756096823215
Cleric won last time,neither,0.037998652265902357,0.3550637024675746,0.606937645266523
@Picasso2k8 Ther'e's a battle royale tonight :),neither,0.03653083172092954,0.305904481648726,0.6575646866303445
Yay looks like i got back in the nick of time,neither,0.04430241136769044,0.37602930129500073,0.5796682873373089
"yea true, if they all gang up on keyleth because they know shes the strongest....then it will be hard for her to win",offensive_language,0.022010068115653546,0.5887054109779418,0.3892845209064046
Go Keyleth!,neither,0.04276165647058889,0.34190019769565555,0.6153381458337556
if vax can do a sneak attack it will be kind of unfair for one player :p,neither,0.025023346426521386,0.39812219262863663,0.5768544609448419
gandsTrinket,neither,0.03945320844208391,0.33037608806864915,0.630170703489267
marisha go rock elemental,neither,0.041145599748226507,0.3362551626785257,0.6225992375732478
So you all think that pike might actually cast a spell outside of her 3 spell reperatoire?,offensive_language,0.04108846794195135,0.5567540653585732,0.4021574666994755
@Quantumnaught it's episode 13 in escape from the underdark I believe,neither,0.03855638986584025,0.3071140511046891,0.6543295590294708
Sneak attack-if an enemy of the target is within 5 ft,neither,0.03279715108836605,0.346367804228804,0.62083504468283
If it was Girls Vs Boys Girls would win hands down,neither,0.016336862653701722,0.45206104521824897,0.5316020921280493
woot,neither,0.03945320844208391,0.33037608806864915,0.630170703489267
has anyone looked at Fownes Brewery yet?,neither,0.03910949615770394,0.3457408849422084,0.6151496189000877
If they have 7th level spells keyleth will be a problem with her fire spell. But i think percy will be at disadvantage cause he uses his guns. Vax is idk unknown. But Pike is a power house for sure :D She has the highest AC i think,neither,0.034060142808327705,0.47690898169651635,0.489030875495156
Talisan's critical skills will prob mop the floor if loam doesn't dagger dagger dagger every1.,neither,0.03357596864866431,0.33479639229609787,0.6316276390552378
oooo,neither,0.03945320844208391,0.33037608806864915,0.630170703489267
!lootcrate,neither,0.03945320844208391,0.33037608806864915,0.630170703489267
"Head over to http://bit.ly/Lootcrate_CriticalRole and get $3 off any new subscription with the code ""CRITICALROLE""!",neither,0.033129772235055505,0.23106846446568438,0.7358017632992602
And Firefly!,neither,0.03763944115734239,0.1918412352459551,0.7705193235967025
sneak attack still works as long as the creature you are fighting has a hostile creature next to it,neither,0.05547305644318984,0.3562508222445627,0.5882761213122475
Power crate sucked,neither,0.03945320844208391,0.33037608806864915,0.630170703489267
that is flippin awesome,neither,0.044625028035607146,0.38055477549368516,0.5748201964707076
bioshock!,neither,0.03945320844208391,0.33037608806864915,0.630170703489267
Mad delicious spoilers,neither,0.03945320844208391,0.33037608806864915,0.630170703489267
woah ashley\,neither,0.03945320844208391,0.33037608806864915,0.630170703489267
gandsLessthanthree gandsLessthanthree gandsLessthanthree gandsLessthanthree gandsLessthanthree gandsLessthanthree,neither,0.03945320844208391,0.33037608806864915,0.630170703489267
YEEESSSSS!!!!!,neither,0.03945320844208391,0.33037608806864915,0.630170703489267
"@Quantumnaught it's the one before the Throne Room, whichever that is.",neither,0.036550182115693754,0.4017961396863122,0.5616536781979939
<3 matrix,neither,0.03945320844208391,0.33037608806864915,0.630170703489267
this is gonna be Keyleth's battle...no one has her HP or DPS,offensive_language,0.0367219944640311,0.5308041718028239,0.4324738337331449
"I just checked, I ordered the Hoodie's over a month ago, and they haven't arrived yet. :(",neither,0.03499630429848824,0.31384855026440583,0.6511551454371058
...BioShock you say? *subscribes*,offensive_language,0.09087254262289358,0.45857920991606765,0.4505482474610388
#teampike,neither,0.03945320844208391,0.33037608806864915,0.630170703489267
bioshock infinite <3 <3 <3,neither,0.03945320844208391,0.33037608806864915,0.630170703489267
#teampike,neither,0.03945320844208391,0.33037608806864915,0.630170703489267
what was power crate?,neither,0.04645785114124633,0.32788198463435325,0.6256601642244004
Too bad they never made a sequel.,neither,0.033453725025733946,0.3680693765926881,0.5984768983815779
in this battle.. if it is a free for all i believe pike and keyleth are a little OP,neither,0.039679125080400175,0.33515505020982056,0.6251658247097793
If Keyleth goes elephant form she would have 76 hp and still have a second wild shape which could be elephant again,neither,0.03140440085970481,0.3861086347778333,0.582486964362462
sunbeam + earth elemental and she wins,neither,0.03977028729719049,0.369135272599854,0.5910944401029555
still haven't gotten may's box :(,neither,0.03987886074462188,0.32315165763059056,0.6369694816247876
@Caculbert...just depends on if she uses her powers well...I think she'll do well but I'm still sure that percy will have this.,offensive_language,0.023682309559050728,0.591673001460443,0.3846446889805063
My dice ring got cancelled.,neither,0.030296786558583394,0.42685161419390916,0.5428515992475074
Shits about to hit the fan,neither,0.04311486526093956,0.33639382988757077,0.6204913048514896
VOTE for the winner Battle Royal 2 - http://www.strawpoll.me/10319840,neither,0.030380846089622455,0.266635579389954,0.7029835745204235
SO EXCITED,neither,0.03940839469474773,0.3948270312238364,0.565764574081416
#TeamPike,neither,0.03945320844208391,0.33037608806864915,0.630170703489267
Critical Role Battle Royal!!!!!,neither,0.03945320844208391,0.33037608806864915,0.630170703489267
#teampercy,neither,0.03945320844208391,0.33037608806864915,0.630170703489267
I would love to run a campaign around the world of Bioshock!!!,neither,0.04096559893360342,0.32142815438213734,0.6376062466842592
Test your might!,neither,0.07946221886181548,0.3192333830960156,0.6013043980421688
Wait til the 28th to worry about loot crates,neither,0.04308678706624893,0.33634993417739795,0.6205632787563531
"Vax hits super hard, Pike is a power house, keylith has so much hp, and purcey is clever",neither,0.03926403503823856,0.4509262415551812,0.5098097234065804
thank you to all who replied to me,offensive_language,0.06284913585706994,0.541245353186146,0.39590551095678417
gandsSubHype gandsSubHype gandsSubHype gandsSubHype gandsSubHype gandsSubHype gandsSubHype gandsSubHype gandsSubHype gandsSubHype gandsSubHype gandsSubHype gandsSubHype gandsSubHype gandsSubHype gandsSubHype gandsSubHype gandsSubHype gandsSubHype gandsSubHype gandsSubHype gandsSubHype gandsSubHype gandsSubHype gandsSubHype gandsSubHype gandsSubHype gandsSubHype gandsSubHype,neither,0.03945320844208391,0.33037608806864915,0.630170703489267
its a pimp,neither,0.03196048751320558,0.3329531783793232,0.6350863341074714
The Beyonder!,neither,0.03613032604487659,0.2619290779399786,0.7019405960151449
Its the W man!,neither,0.029068728438853057,0.40557055226110017,0.5653607193000468
Leisure Suit Larry?,neither,0.03945320844208391,0.33037608806864915,0.630170703489267
#nomercypercy,neither,0.03945320844208391,0.33037608806864915,0.630170703489267
NEGA-GILMORE,neither,0.03945320844208391,0.33037608806864915,0.630170703489267
Pike asks for Divine Intervention and makes a successful role,neither,0.03466580030655792,0.28161381513388484,0.6837203845595573
Morgan Freeman?,neither,0.03945320844208391,0.33037608806864915,0.630170703489267
I was actually thinking of him!,neither,0.03919209915710414,0.33480779407568834,0.6260001067672076
gandsSubHype,neither,0.03945320844208391,0.33037608806864915,0.630170703489267
Mr. Satan from DragonBall?,neither,0.04026199212037502,0.31664891829084657,0.6430890895887784
YES,neither,0.03945320844208391,0.33037608806864915,0.630170703489267
OMFG BEYONDER,neither,0.03945320844208391,0.33037608806864915,0.630170703489267
"come on keyleth, 2nd time's the charm!",neither,0.03461315741347349,0.363766690423912,0.6016201521626144
LOL,neither,0.020706217963973744,0.4882283491876925,0.4910654328483337
Elvis,neither,0.03945320844208391,0.33037608806864915,0.630170703489267
lol,neither,0.020706217963973744,0.4882283491876925,0.4910654328483337
YES!!!!!!,neither,0.03945320844208391,0.33037608806864915,0.630170703489267
Colonal Sanders?,neither,0.03945320844208391,0.33037608806864915,0.630170703489267
LOL beyonder nice,neither,0.02800779621733344,0.4174226989041296,0.554569504878537
the Beyonder?!?,neither,0.03613032604487659,0.2619290779399786,0.7019405960151449
haha,neither,0.03186685585600258,0.45913629025701075,0.5089968538869867
Hahahaha,neither,0.03945320844208391,0.33037608806864915,0.630170703489267
Secret Wars,neither,0.03945320844208391,0.33037608806864915,0.630170703489267
oh my gosh,neither,0.03236932916326653,0.3691666553057533,0.59846401553098
OMG,neither,0.03945320844208391,0.33037608806864915,0.630170703489267
"The Beyonder, yes! I LOVE IT!",neither,0.03269374637313085,0.3270010276172222,0.6403052260096469
Hahaha awesome,neither,0.03945320844208391,0.33037608806864915,0.630170703489267
god damb you matt,neither,0.05937958767668784,0.3858628059991581,0.554757606324154
I don't get it,neither,0.03577464718498764,0.3485323973554529,0.6156929554595594
NICE.,neither,0.03945320844208391,0.33037608806864915,0.630170703489267
hehe nice,neither,0.03945320844208391,0.33037608806864915,0.630170703489267
Secret Wars!,neither,0.03945320844208391,0.33037608806864915,0.630170703489267
Who gets to be Dr Doom?,neither,0.04775148892016203,0.39765087934641347,0.5545976317334246
"@Anaesor12, That would definitely be interesting",neither,0.03579453293326237,0.36666663841856717,0.5975388286481705
ohh,neither,0.03945320844208391,0.33037608806864915,0.630170703489267
Beautiful,neither,0.03945320844208391,0.33037608806864915,0.630170703489267
lol,neither,0.020706217963973744,0.4882283491876925,0.4910654328483337
THE ULTIMATE CROSSOVER!!!,neither,0.03826739049100925,0.3084973326782542,0.6532352768307366
Well,neither,0.03945320844208391,0.33037608806864915,0.630170703489267
Secret Wars!,neither,0.03945320844208391,0.33037608806864915,0.630170703489267
I love matt more and more everyday lol,neither,0.03375479689641901,0.33511193782928017,0.6311332652743008
OMFG,neither,0.03945320844208391,0.33037608806864915,0.630170703489267
rofl The Beyonder,neither,0.03839939302560993,0.311011251109799,0.6505893558645911
So Vox Machina is in the marvel universe :P,neither,0.04528907203249048,0.3506788184513462,0.6040321095161634
Beyonder ftw!,neither,0.03945320844208391,0.33037608806864915,0.630170703489267
#TeamNotBecca ???,neither,0.03945320844208391,0.33037608806864915,0.630170703489267
Lol,neither,0.020706217963973744,0.4882283491876925,0.4910654328483337
so awesome,neither,0.03940831064796619,0.39344133035444445,0.5671503589975895
OMFG matt,neither,0.03945320844208391,0.33037608806864915,0.630170703489267
RIP VAX,neither,0.03945320844208391,0.33037608806864915,0.630170703489267
Very nice.,neither,0.03945320844208391,0.33037608806864915,0.630170703489267
Percy has this month loot crate t-shirt on tonight,neither,0.03584234837207691,0.3200264840527063,0.6441311675752168
spider man the animated series,neither,0.03881114703141549,0.3626329240615792,0.5985559289070054
Volcano!,neither,0.03945320844208391,0.33037608806864915,0.630170703489267
HOLY SHIT. <3,offensive_language,0.04257650662097627,0.9573463282193174,7.716515970639687e-05
YEES,neither,0.03945320844208391,0.33037608806864915,0.630170703489267
Another nice arena,neither,0.08541604898373913,0.26191076120828205,0.6526731898079788
The Beyonder. That old chestnut. That old tracksuit-wearing chestnut.,neither,0.03539552956366473,0.3622278258728942,0.6023766445634411
Oh my god!!! PogChamp,neither,0.030266422441093326,0.38268872444249025,0.5870448531164164
DAMN,offensive_language,0.042479326866149344,0.9516554255713155,0.005865247562535126
O.O oh poop,neither,0.045811638806079476,0.27027630719149476,0.6839120540024257
*** Dwarven Forge man,offensive_language,0.040018442559345856,0.5018538837344726,0.4581276737061815
Keyleth's dream terrain,neither,0.03945320844208391,0.33037608806864915,0.630170703489267
lavaaaaa,neither,0.03945320844208391,0.33037608806864915,0.630170703489267
Time for some of Keyleth's epic push attacks,neither,0.029294520779151605,0.33208887912348095,0.6386166000973674
It hurts from having to keep from laughing to keep from waking my parents,neither,0.040423992556140376,0.34233168398318625,0.6172443234606733
WOOTTT!!,neither,0.03945320844208391,0.33037608806864915,0.630170703489267
Oh *** that's a dope arena,neither,0.04043495472002119,0.32352342422985364,0.6360416210501251
Fire Elemental FTW,neither,0.03945320844208391,0.33037608806864915,0.630170703489267
Amazing beyonder,neither,0.03945320844208391,0.33037608806864915,0.630170703489267
wooooow,neither,0.03945320844208391,0.33037608806864915,0.630170703489267
dunno what a Beyonder is FeelsBadMan,neither,0.08191733112755817,0.31109320414220176,0.6069894647302402
Watch your foot,neither,0.0894347701757904,0.3156757786525877,0.5948894511716218
LFG Critical Role Battle Royale Death match...,neither,0.03945320844208391,0.33037608806864915,0.630170703489267
Vax might just have a chance,neither,0.03419965143954776,0.36222571929315317,0.603574629267299
I like Matt even more now.,neither,0.05108956987613177,0.3514368712793946,0.5974735588444737
yes,neither,0.03945320844208391,0.33037608806864915,0.630170703489267
divine intervention',neither,0.03945320844208391,0.33037608806864915,0.630170703489267
the aspect ratio is off. i know you guys are probably working on jt,neither,0.07420968981692326,0.33767605390492095,0.5881142562781557
Jump in the lava!,neither,0.03861040544635694,0.3149827826607612,0.6464068118928818
Pre or post retcon beyonder?,neither,0.03945320844208391,0.33037608806864915,0.630170703489267
#TeamPike,neither,0.03945320844208391,0.33037608806864915,0.630170703489267
Vax might be able to pull it off,neither,0.044271637874342976,0.3306804723934606,0.6250478897321965
I love how the dungeon floor is strapped down.,neither,0.04248218943492018,0.32593875443983006,0.6315790561252498
At least the effect is slimming,neither,0.045668139630166464,0.33485465890149413,0.6194772014683394
WARWORLD,neither,0.03945320844208391,0.33037608806864915,0.630170703489267
Keyleth is gonna like kick so much butt! But so could percy! But so could pike! But so could Vax! AHHH,neither,0.04218735312692394,0.458954572991566,0.49885807388151
#TeamNoMercyPercy!,neither,0.03945320844208391,0.33037608806864915,0.630170703489267
Fire elemental or tidal wave,neither,0.03945320844208391,0.33037608806864915,0.630170703489267
That was spectacular,neither,0.030667155429851628,0.4292504569866666,0.5400823875834818
Percy´s Pushing Shot is so OP HERE!,neither,0.07507245902388153,0.3318622362490246,0.5930653047270937
"Haha, this really favors Keyleth.",neither,0.03549283154973282,0.39759401969192043,0.5669131487583468
Give the ol'e Girlfriend the advantage on some easy Fire Elemental,neither,0.029783398175388012,0.37051276484758483,0.5997038369770272
TEAM PIKE!!!!!!!!!!!!,neither,0.03945320844208391,0.33037608806864915,0.630170703489267
how come the camera is skewed?,neither,0.045316907790017624,0.3386801075412405,0.6160029846687419
Lava - Vax's bane. Think he'll loose another foot?,neither,0.07739113950356057,0.2719986125553665,0.650610247941073
Episode: The Floor is Lava,neither,0.04512460486610151,0.3153351115485127,0.639540283585386
does anyone actually have fire resistance rn??,neither,0.028503868110077695,0.4347070576739656,0.5367890742159568
can you get the loot crate ad off the screen so we can see the map better?,neither,0.04616294046185848,0.35200657354849524,0.6018304859896462
Pikes AC of 19 and her +20 to cuteness will win,neither,0.037480966015639966,0.4157357633858614,0.5467832705984988
the aspect ratio NotLikeThis,neither,0.03613032604487659,0.2619290779399786,0.7019405960151449
#TeamPike we need another cleric win!,neither,0.09850777523401584,0.2484445199020706,0.6530477048639136
Is Keyleth the only returning player from the last one?,neither,0.03975785315241609,0.39369280233834825,0.5665493445092357
INB4 Kiki goes fire elemental,neither,0.03945320844208391,0.33037608806864915,0.630170703489267
are we gonna vote on who's gonna win this?,neither,0.052926047767259836,0.42641175033496437,0.5206622018977758
"I know we are past the question session, buuuuut Does anyone else want to know if Matt would allow a supernatural figure, perhaps the Raven Queen, to allow a dead character to appear briefly as a ghost to allow for the finishing of any unfinished business between the dead and the survivors?",neither,0.038628481850042216,0.33418790940151916,0.6271836087484385
"@hawkwinter01, I went through something similar with the store, it took them 3 months to get me my signed CR poster. @GeekandSundry can you help her, and can you PLEASE turn down the chat delay? And the aspect ratio is hurting my eyes.",neither,0.045780039312557745,0.4515526302600861,0.5026673304273563
Does everyone have their popcorn?/,offensive_language,0.024528991193637214,0.5026608409548358,0.4728101678515271
Is taliesin allowed to use the golden snitch for this?,neither,0.021266453599763827,0.36312941914529395,0.6156041272549422
roll for it,neither,0.030146323493638067,0.2924653952065759,0.677388281299786
Love the lava letting,neither,0.03609196752186955,0.3275688505150955,0.636339181963035
NO MERCY PERCY,neither,0.03875797231965237,0.3421760594880079,0.6190659681923398
squishy cam,neither,0.03945320844208391,0.33037608806864915,0.630170703489267
"nice, they are in order",neither,0.06731327006005748,0.28262383583067663,0.6500628941092659
https://en.wikipedia.org/wiki/Beyonder,neither,0.03945320844208391,0.33037608806864915,0.630170703489267
had to watch Ashley wrekt same during the break,neither,0.04849179987669765,0.3197667900330977,0.6317414100902048
Dammit Keyleth.,neither,0.03945320844208391,0.33037608806864915,0.630170703489267
Holy Camera Aspect Ratio Batman!,neither,0.03945320844208391,0.33037608806864915,0.630170703489267
*POPCORN,neither,0.03945320844208391,0.33037608806864915,0.630170703489267
holy potatoes! Thats an awesome map.,neither,0.0396601994364591,0.32686291069065354,0.6334768898728873
Pike's initiative curse continues.,neither,0.03945320844208391,0.33037608806864915,0.630170703489267
No hesitation PogChamp,neither,0.03852177801590115,0.3461848932406789,0.6152933287434199
"@Whisperia21 It could be worse, it least it's fire in the form of Vax's bane instead of Durin's Bane.",neither,0.040915557653786246,0.254992663998445,0.7040917783477687
Tripsteri!!!!,neither,0.03945320844208391,0.33037608806864915,0.630170703489267
DO NOT SEEK DEATH SEEK DESTRUCTION,neither,0.03954449226030739,0.33610961488548075,0.6243458928542119
they should all get rid of pike since she's initiative last,offensive_language,0.05046697836292394,0.48165873839048867,0.4678742832465875
@Geekandsundry can we have the map as main screen for a sec can't see any of the models,neither,0.034737532676879755,0.3184014516172719,0.6468610157058484
"Help G&S make great content! $4.99/month gets you emotes, Minecraft server access, Sub Only Q&As, VODs, and more! Every sub keeps the channel alive! twitch.tv/geekandsundry/subscribe",neither,0.043092924924402844,0.32365565443818894,0.6332514206374082
"Dwarven Forge stuff looks so good, but you definitely pay for it.",neither,0.04095263473471536,0.3792195905315688,0.5798277747337159
"I just want percy to die, so does Taliesan",neither,0.11717024871702456,0.31943782406914417,0.5633919272138314
The first time I get to watch the stream live. So happy I could weep.,neither,0.042362162261808195,0.34987012396253164,0.6077677137756602
"They can't team up on the cleric, too much bad karma",neither,0.02947526774821013,0.3702117523262408,0.6003129799255491
Sweetheart28 !!!!!,neither,0.03945320844208391,0.33037608806864915,0.630170703489267
"Hey, if you're gonna spend a fortune on minis, you might as well go Dwarven Forge too",neither,0.052201548969415146,0.4715386170644698,0.47625983396611504
one shot,neither,0.03818964922003813,0.37673877363909736,0.5850715771408646
"""Percy catches the dagger... as it's already tickling his brain",neither,0.049642711176234526,0.3523612306801819,0.5979960581435835
Rooting for Vax!!!! :D,neither,0.03249517366167782,0.29565414420004343,0.6718506821382788
Glad you could make it @Mazermezar,neither,0.05684144849737198,0.38604292647227917,0.557115625030349
where are they right now?,neither,0.07463545559368288,0.25923507811543456,0.6661294662908827
I cant see them on the board! :(,neither,0.04789986215239139,0.32096298516577343,0.6311371526818352
random thought... Doesn't everyone's hair look particularly attractive tonight??,neither,0.037329348560002557,0.32232255615439465,0.6403480952856029
Congrats @Mazermezar ! Glad you could stay!,neither,0.054182616863768844,0.372140976312254,0.5736764068239772
Attack The Beyonder!,neither,0.038215876222912545,0.3075096453319408,0.6542744784451466
just starting fight for those just tuned in,neither,0.04308845238121053,0.2895332059563412,0.6673783416624484
pike should cast spirit guardians,neither,0.05044721204311252,0.3624613019297928,0.5870914860270945
yay percy!,neither,0.03945320844208391,0.33037608806864915,0.630170703489267
the only Sneak attack he gets.,neither,0.04310079060834536,0.3156372794646228,0.6412619299270319
percy will die in one turn rofl,neither,0.125804254628345,0.19618696170517771,0.6780087836664774
@cryptocorvidology everyone's hair game on point tonight,neither,0.03056255079401619,0.375258472976708,0.5941789762292758
do they have a healing potion each like last time?,neither,0.049220737974230704,0.37102810515899143,0.5797511568667779
welcome mazemezmar!!,neither,0.03945320844208391,0.33037608806864915,0.630170703489267
doesnt vax crit if he's the first to strike,neither,0.02730118619063152,0.35835570709375403,0.6143431067156145
musics a bit high,neither,0.03516876963508856,0.4318353966742322,0.5329958336906793
"Percy will retaliate come his term, percy and vax will totally wasted each other",neither,0.04947765315087615,0.30547284748923204,0.6450494993598919
liam is actually freaking out,neither,0.04184428981608763,0.34091847787877777,0.6172372323051345
"In this situation, you should definitely go after the Beyonder. XD",neither,0.06619387131064311,0.39258765077201757,0.5412184779173393
Any chance of getting a side shot of the layout? Hard to tell which models are who,offensive_language,0.04361460723480392,0.5025278934748741,0.453857499290322
@Geekandsundry Can we get the loot crate ad off the screen so we can see the map and the players better?,neither,0.037349555777116954,0.30443479492827813,0.6582156492946051
I hope they use the dice roller,neither,0.029097067343329147,0.301998601986003,0.6689043306706679
GO PIKE! *POM POMS!*,neither,0.04055179199825355,0.33418779894253775,0.6252604090592085
@Geekandsundry You get Sneak attack 1 per TURN. Not round,neither,0.048602935678939925,0.3705744021270093,0.5808226621940508
Wait I just got here r they doing another battle royal?,neither,0.10640293133032165,0.2964227874799827,0.5971742811896955
Percy's got this,neither,0.03798621936721112,0.3811652978234995,0.5808484828092894
We have a sub Discord! Join here: https://t.co/Of0oLClO2v (you'll need to sub and link it to your Twitch) and be awesome!,neither,0.09041078905206423,0.2930712869599086,0.6165179239880272
"@MrWetTaco, Nope! This is what we got this week!",neither,0.04995031494900232,0.3674606349546188,0.5825890500963788
"I second @Derhawk1, was about to say that.",neither,0.040233694745239655,0.39880792995562087,0.5609583752991395
"Ally with someone, Vax!",neither,0.028863365292306768,0.3672451410657297,0.6038914936419635
pike is going to talk to with sarenrae tonight,neither,0.02549866894233013,0.3671135081049156,0.6073878229527542
"Once per turn, not per round. He could use his reaction. Also no it isn't it's a free action it's how he dagger dagger daggers",neither,0.034739756641095604,0.3692662867926934,0.595993956566211
Can you turn the music down and the players up?,neither,0.04715680705205139,0.3406549649701048,0.6121882279778439
"For reference: Percy is Blue, Kiki is green, Pike is yellow, Vax is purple",neither,0.02845984611419919,0.09312882562582256,0.8784113282599783
stealth vax !,neither,0.03945320844208391,0.33037608806864915,0.630170703489267
hide in the lava!,neither,0.038613273167094134,0.3150363830016344,0.6463503438312714
dagger dagger dagger,neither,0.03945320844208391,0.33037608806864915,0.630170703489267
"@khitey, look at the color of the base... they match the usual character icons",neither,0.03932015611281205,0.31666907794515803,0.6440107659420298
http://www.strawpoll.me/10319840,neither,0.028867018382032292,0.2530144172559002,0.7181185643620676
"Vax is blue, percy is purple.",neither,0.05264494816385466,0.32583884386315887,0.6215162079729865
WHAT!? Low light! That's handicapping Percy!,neither,0.040514512497640105,0.360866199884779,0.5986192876175808
cant you sneak attack twice if you have three attacks and use the second as a feinting strike,neither,0.024760484688492627,0.4380071576155494,0.5372323576959579
Kill percy first round,neither,0.2894697227602092,0.21921488605382572,0.491315391185965
Gotta think Kiki has the upper hand if she plays it right. So much tanking she could do.,offensive_language,0.0276501122998942,0.4877191913878016,0.48463069631230415
are your dongers ready for some pay back for vex? Kappa,neither,0.059666235548846765,0.2644131681733245,0.6759205962778287
Fire elemental all over,neither,0.03783204722973322,0.4295590443051715,0.5326089084650952
"007MANCAN,",neither,0.03945320844208391,0.33037608806864915,0.630170703489267
I always thought he should have to use a bonus action for those boots,neither,0.0378581745831146,0.3232270404207263,0.6389147849961591
i think the music is a little too loud..,neither,0.04579341701133932,0.31410494460877614,0.6401016383798844
Pike for the win,neither,0.030459681658036572,0.27089736810521176,0.6986429502367517
"""I'll use my action to be paralyzed for 1 round""",neither,0.012711563024223787,0.4404340476723969,0.5468543893033794
Wispers,neither,0.03945320844208391,0.33037608806864915,0.630170703489267
whissperss,neither,0.03945320844208391,0.33037608806864915,0.630170703489267
Whispers,neither,0.03945320844208391,0.33037608806864915,0.630170703489267
lol,neither,0.020706217963973744,0.4882283491876925,0.4910654328483337
sweet nothings,neither,0.03945320844208391,0.33037608806864915,0.630170703489267
Shit! I missed another episode,offensive_language,0.09530067147073322,0.9013612533043857,0.0033380752248811066
#secrets,neither,0.03945320844208391,0.33037608806864915,0.630170703489267
colusion!,neither,0.03945320844208391,0.33037608806864915,0.630170703489267
drum roll PogChamp,neither,0.03945320844208391,0.33037608806864915,0.630170703489267
how far into the battle royale are we?,neither,0.0594382478911916,0.2815878608108406,0.6589738912979679
secret secrets are no fun,neither,0.05945769219120749,0.3043985763205737,0.6361437314882188
just started,neither,0.032803472495977,0.36242220823605287,0.6047743192679701
love it!,neither,0.030831260484157012,0.3601344986151421,0.609034240900701
just started,neither,0.032803472495977,0.36242220823605287,0.6047743192679701
1st round,neither,0.03945320844208391,0.33037608806864915,0.630170703489267
liam stop whispering sweet nothings into matts ear,neither,0.03940523986830772,0.3776981561313894,0.5828966040003029
trying to hided lol,neither,0.03652019136351902,0.4096395876092266,0.5538402210272543
"I wish liam would say ""pfffffffff"" in my ear",neither,0.030918438669044895,0.3872277855638409,0.5818537757671142
"Round 1, Vax at top of initiative.",neither,0.03880458773335106,0.35013248135793235,0.6110629309087167
I think he just demention doored,neither,0.04112230233534013,0.347364148401471,0.6115135492631889
first person on first round,neither,0.02727092176559853,0.34459834065897166,0.6281307375754299
Keyleth... Fire Form Activate!,neither,0.03945320844208391,0.33037608806864915,0.630170703489267
"Secrets and lies, and Vax...he was a natural",neither,0.042201194135138814,0.2740092249509437,0.6837895809139175
"tongue in the ears, and its not even past the first turn ends!",neither,0.03004009094441636,0.30452732034959823,0.6654325887059854
Dun Dun DUUUUNNNNNNN,neither,0.03945320844208391,0.33037608806864915,0.630170703489267
XD,neither,0.03945320844208391,0.33037608806864915,0.630170703489267
1st action of 1st round,neither,0.03945320844208391,0.33037608806864915,0.630170703489267
"Whispers, whispers, whispers, whispers, whispers, SEcRETS SECRETS",neither,0.03945320844208391,0.33037608806864915,0.630170703489267
29 fails,neither,0.03945320844208391,0.33037608806864915,0.630170703489267
he rolled a 85,neither,0.044390646536316074,0.32867787669884396,0.62693147676484
"omg, with a 29",neither,0.02864765469878669,0.3680932604732161,0.6032590848279972
getting kinky with the DM's ear +10 to attack,neither,0.03319492783336125,0.38324888296382914,0.5835561892028096
lol,neither,0.020706217963973744,0.4882283491876925,0.4910654328483337
Oh boy XD,neither,0.04768565599480007,0.25364348607606696,0.698670857929133
looks like he walked away,neither,0.05817163179137398,0.3202345019686886,0.6215938662399374
"Sorry, Boo",neither,0.03945320844208391,0.33037608806864915,0.630170703489267
He musta rolled like a 35 or 36.,neither,0.049658726347450916,0.3387118009745157,0.6116294726780334
Vax usually rolls 30s on stealth,neither,0.037280862459664284,0.34074487680469845,0.6219742607356372
and he walks away,neither,0.04594202941990859,0.2618352441959459,0.6922227263841455
Is this a free for all?,neither,0.04281581502775366,0.3733649505436976,0.5838192344285487
musics a little loud,neither,0.03905478677081234,0.3371383436278324,0.6238068696013553
can they lower the music volume a bit @Geekandsundry ? thx,neither,0.039068028594015675,0.31766071595323603,0.6432712554527483
HERE SHE GOES,neither,0.1171815828403933,0.3856466208281785,0.49717179633142816
"Music is a tad too loud, can't hear players that well",neither,0.041776828238006304,0.3540343873815268,0.6041887843804669
YES,neither,0.03945320844208391,0.33037608806864915,0.630170703489267
Yeah music is a bit loud,neither,0.030491067841401466,0.42234548060037186,0.5471634515582267
The music is a hair loud... I'm having a hard time hearing the PC's @GeekandSundry,neither,0.03613380854792449,0.4574488574258625,0.5064173340262131
wouldnt that have been his bonus action which he used to activate the boots?,neither,0.05700710565732231,0.34904399750186765,0.59394889684081
i would just turn into an earth elemental and hide LMAO,neither,0.03487639597854776,0.32155066555116657,0.6435729384702856
I ahve a feeling the first thing Vex would have done was the hunters mark her brother,neither,0.029694617345623616,0.42689614441996665,0.5434092382344098
and staying true to character Vax walks away,neither,0.04447161976133371,0.28360930344317364,0.6719190767954928
"there Vax goes, bending time and space again",neither,0.03664910969357889,0.3062064684933993,0.6571444218130218
Secret secret... I've got a secret! Machine or Mannequin... Secret secret! I've got a secret!,neither,0.027357869633281205,0.3415165617046734,0.6311255686620455
@Rcusick3 LOL,neither,0.020706217963973744,0.4882283491876925,0.4910654328483337
"Here it comes, Earth Elemental Iron Man?",neither,0.07247041486618376,0.3489601584091847,0.5785694267246314
"@Backstabbath93, agreed, the music is too loud",neither,0.04515729407408314,0.31826303303493525,0.6365796728909815
#NoRelaxVax,neither,0.03945320844208391,0.33037608806864915,0.630170703489267
Music's much better,neither,0.034794833034409084,0.3319783169839596,0.6332268499816313
OH YES,neither,0.047325668310698794,0.256798057524554,0.6958762741647472
greenbeard strats,neither,0.03945320844208391,0.33037608806864915,0.630170703489267
Poor Percy,neither,0.03945320844208391,0.33037608806864915,0.630170703489267
The smart move is to let the Cleric win. Aaaaaalways keep the Cleric happy.,neither,0.03532599242078901,0.3160543392574845,0.6486196683217265
Much better.,neither,0.033464116335600605,0.3324360114774959,0.6340998721869036
Percy might not get a turn haha,neither,0.03491566270818584,0.39503632543164324,0.5700480118601708
earth ele,neither,0.03945320844208391,0.33037608806864915,0.630170703489267
whenever i hear this song all i can think of is Sims 4,neither,0.04622301165380005,0.37196778351124465,0.5818092048349552
is that music Jeremy Soule?,neither,0.04307614092888453,0.366757614980192,0.5901662440909236
the music is really positive and heroic given the circumstances,neither,0.04253667980915622,0.28911689224834053,0.6683464279425032
have mercy on percy?,neither,0.03674162989437142,0.348637428598725,0.6146209415069036
thanks for turning down the music,neither,0.03258582395316302,0.28254113204693676,0.6848730439999002
Mics are picking up music so I'm trying to do what I can w/o taking their jams,neither,0.06254373505438676,0.3523671264303535,0.5850891385152597
she is gonna go full hulk-buster,neither,0.06158176022470152,0.41890141234994754,0.5195168274253508
should have fairy fired to reveal Vax!,neither,0.06978510229628598,0.22348287878886455,0.7067320189148495
Earth Elemental would be OP here due to earth glide,neither,0.06843371579235795,0.3058229684486353,0.6257433157590068
percy is going to loose only because he happens to be there,neither,0.07520537322579668,0.3089982593716006,0.6157963674026029
#NoPityKiki,neither,0.03945320844208391,0.33037608806864915,0.630170703489267
Thank you crew!,neither,0.05897985934550316,0.39503371390534275,0.545986426749154
I'm trying to place this music. It's really familiar...,neither,0.0458775176476527,0.2884874728022787,0.6656350095500686
@Wedislikeike #NORELAXVAX,neither,0.03945320844208391,0.33037608806864915,0.630170703489267
poor percy is getting the business,neither,0.041449678237034056,0.36853380214406545,0.5900165196189004
Percy should hex Vax if he ever sees em lol,neither,0.03170957640852913,0.43153517993166807,0.5367552436598029
"guys, they're in a random office, there's only so much they can do from a production standpoint",neither,0.04895811200334905,0.3008309302279031,0.6502109577687479
@Moirafae Pillars of Eternity combat theme,neither,0.03945320844208391,0.33037608806864915,0.630170703489267
she shoots sunny D at him?,neither,0.039772066801408115,0.41743782583687894,0.542790107361713
thanks for fixing the music volume!,neither,0.03372079715382619,0.29034560890390315,0.6759335939422707
"pike, pass you're turn and hopefully no one see's you! I GOT YOU PIKE",offensive_language,0.10102484759801027,0.45287187728922906,0.4461032751127607
go mist form and let them kill eachother,neither,0.2506677023556489,0.22053836162702117,0.5287939360173299
Poor Percy,neither,0.03945320844208391,0.33037608806864915,0.630170703489267
"that sun beam though... it's not a one time zap, it's sustained though?",neither,0.03390339455438992,0.38659920381563095,0.5794974016299791
FIRE ELEMENTAL KEYLETH!,neither,0.03945320844208391,0.33037608806864915,0.630170703489267
Keyleth made a mistake not transforming.,neither,0.03799265984004299,0.3358708766015287,0.6261364635584282
Not blinded by the light,neither,0.03844299990074517,0.3589122536665726,0.6026447464326823
And now Percy is as red as Taliesin after the beach,neither,0.040677308488232686,0.3356002886030006,0.6237224029087668
Percy will die first,neither,0.14616991758898654,0.14486115015315612,0.7089689322578574
420 Praise it! \[T]/,neither,0.03817604166694074,0.3308153642878729,0.6310085940451864
you didn't notice: Taliesin and Liam changed places,neither,0.03736268827539173,0.3592405051476324,0.6033968065769759
Go Earth Elemental,neither,0.04108259336983871,0.3360355996652656,0.6228818069648957
\[T]/,neither,0.03945320844208391,0.33037608806864915,0.630170703489267
#SavePercy,neither,0.03945320844208391,0.33037608806864915,0.630170703489267
"XD that look, lol",neither,0.02474306013511322,0.48216138779765,0.49309555206723676
!uptime,neither,0.03945320844208391,0.33037608806864915,0.630170703489267
