text,top_class,hate_speech,offensive_language,neither
Hey everyone :),neither,0.031959242684595296,0.4575682446653829,0.5104725126500218
Woot woot woot,neither,0.03945320844208391,0.33037608806864915,0.630170703489267
gandsDerp gandsDerp nice,neither,0.03945320844208391,0.33037608806864915,0.630170703489267
Oh.... my.... god.,neither,0.030266422441093326,0.38268872444249025,0.5870448531164164
Oh.,neither,0.051363287716059566,0.22255663153133606,0.7260800807526044
"Help G&S make great content! $4.99/month gets you emotes, Minecraft server access, Sub Only Q&As, VODs, and more! Every sub keeps the channel alive! twitch.tv/geekandsundry/subscribe",neither,0.043092924924402844,0.32365565443818894,0.6332514206374082
"Angry Birds RPG, then! :D",neither,0.007800832965189751,0.06014577534980221,0.9320533916850081
yes,neither,0.03945320844208391,0.33037608806864915,0.630170703489267
!whodat,neither,0.03945320844208391,0.33037608806864915,0.630170703489267
"Bowsephine ( twitter.com/JCVIM ) and Heceye ""One-Liner"" Navarrow ( twitter.com/hectorisfunny ) and Fletchller ( twitter.com/KellerKnoblock ), RPGreen Arrow ( twitter.com/HydroSnail ) and Lucas ( twitter.com/lucaseuspank ) and Dustin (twitter.com/dustinkbutler ).",neither,0.037682162303629974,0.4366800906751406,0.5256377470212295
angry birds <3,neither,0.00640398846832994,0.04748669868512685,0.9461093128465433
Enjoy the Angry Birds RPG!,neither,0.009909773781615084,0.07675992588088547,0.9133303003374995
No tweetin' Wheaton?,neither,0.038402593806060877,0.3482077603276699,0.6133896458662692
What's Ivan's role on TT? Just on one episode?,neither,0.035553471370355576,0.37979902676257304,0.5846475018670714
No tweetin' says Wheaton.,neither,0.03857482114405117,0.34528461292443974,0.6161405659315091
So hyped for this!!!!,neither,0.0330149118127936,0.3442431967660369,0.6227418914211694
no tweetin wheaton,neither,0.038402593806060877,0.3482077603276699,0.6133896458662692
coolwheat,neither,0.03945320844208391,0.33037608806864915,0.630170703489267
"Woo, tabletop!",neither,0.03945320844208391,0.33037608806864915,0.630170703489267
Wheaton don't like Tweetin,neither,0.053262670203833545,0.3499886489964451,0.5967486807997214
Ivan is the producer for season 4,neither,0.041153694341748835,0.2673560205685821,0.6914902850896691
Kung Fury lost FeelsBadMan,neither,0.03945320844208391,0.33037608806864915,0.630170703489267
!votens,neither,0.03945320844208391,0.33037608806864915,0.630170703489267
"Help us all powerful Cha'troom, we need your help! We want you to help choose what the next campaign for No Survivors will be, Head to https://strawpoll.me/7350568 to vote!",neither,0.07357011894292993,0.3627942650030775,0.5636356160539926
"Thanks, Ivan!",neither,0.035884468650613,0.3004919205142699,0.6636236108351171
wheaton lays a beatin if your caught tweetin,neither,0.04220010049657247,0.363067757380667,0.5947321421227605
yesss,neither,0.03945320844208391,0.33037608806864915,0.630170703489267
PUGMIRE,neither,0.03945320844208391,0.33037608806864915,0.630170703489267
YAY,neither,0.03945320844208391,0.33037608806864915,0.630170703489267
yay Pugmire,neither,0.03945320844208391,0.33037608806864915,0.630170703489267
Yeah!,offensive_language,0.013968601452186464,0.5182923869769311,0.4677390115708824
Nice,neither,0.03945320844208391,0.33037608806864915,0.630170703489267
Pugmire â¤ï¸,neither,0.03945320844208391,0.33037608806864915,0.630170703489267
@Geekandsundry which person are you?,neither,0.10626855855873146,0.325876407400986,0.5678550340402826
"Evenin', peeps.",neither,0.03945320844208391,0.33037608806864915,0.630170703489267
For a second I thought .... Crab Truckers....,neither,0.036861961639718464,0.22590420926516172,0.7372338290951198
The days of the ancient future!,neither,0.038064314689604334,0.30458071453691765,0.6573549707734779
Wheatin' don't like no tweetin' yo!,neither,0.0501951475178887,0.43918109922344245,0.5106237532586688
*stares judgementally @uberbaldy * Seems like you were wrong. lol,neither,0.053722447805521635,0.406808633678524,0.5394689185159544
planet of the dogs,neither,0.03853654566497947,0.3135989077264955,0.647864546608525
"Sorry, I couldn't resist",neither,0.03945320844208391,0.33037608806864915,0.630170703489267
@Gregzilla1 I'd love another episode of Crab Truckers!,neither,0.07341417145007399,0.28210928187437767,0.6444765466755482
haha keller,neither,0.035224814546691206,0.40214296770217667,0.5626322177511323
Walter Moers Zamonia world,neither,0.03945320844208391,0.33037608806864915,0.630170703489267
stabs uberbaldy's voodoo doll for TWFXTwinK,neither,0.03433690058107791,0.3048165238243991,0.660846575594523
RalpherZ FrankerZ CorgiDerp OhMyDog,neither,0.03945320844208391,0.33037608806864915,0.630170703489267
^^^,neither,0.03945320844208391,0.33037608806864915,0.630170703489267
lol @ItsPandarr,neither,0.020706217963973744,0.4882283491876925,0.4910654328483337
"But, nope. We're getting Angry Birds. Which is alright :)",neither,0.02144677341774234,0.16593053916397252,0.8126226874182852
A pug shall not commit any actions that might harm a human,neither,0.09685559156594022,0.26591458585990546,0.6372298225741543
DEWEY!!!!!,neither,0.03945320844208391,0.33037608806864915,0.630170703489267
"Hey, Dewey.",neither,0.03945320844208391,0.33037608806864915,0.630170703489267
Ivan's not DMing?,neither,0.03798429109608333,0.3359028173923576,0.626112891511559
Welcom Dewey,neither,0.03945320844208391,0.33037608806864915,0.630170703489267
are future Goblins the descendants of squirrels,neither,0.06176795663190874,0.274961002384326,0.6632710409837652
we are the dewey,neither,0.09751183035214242,0.2203599499860046,0.682128219661853
Hello Dewey,neither,0.03945320844208391,0.33037608806864915,0.630170703489267
dewey oxburger?,neither,0.03945320844208391,0.33037608806864915,0.630170703489267
@Hemo_liadon Dustin on the boards,neither,0.03544871912850776,0.3273670060351998,0.6371842748362925
Snakes on a cruise ship!,neither,0.0373491633247149,0.34041237151234616,0.622238465162939
oh right ivan wb Dewey,neither,0.046546136717205866,0.2792779416222994,0.6741759216604947
Wow baby iffy!,neither,0.03945320844208391,0.33037608806864915,0.630170703489267
oh dear,neither,0.0461327075271576,0.2673899063118408,0.6864773861610016
"!commands edit !whodat Hector (twitter.com/hectorisfunny ), Keller (twitter.com/kellerknoblock ), Dewey (???)",neither,0.038754855748776754,0.4491599952601096,0.5120851489911136
"Davidguy -> The command ""!whodat"" has been edited successfully.",neither,0.038833348848055345,0.31701785589488446,0.6441487952570603
:applause,neither,0.03945320844208391,0.33037608806864915,0.630170703489267
congets iffy,neither,0.03945320844208391,0.33037608806864915,0.630170703489267
@Geekandsundry lucas get in there,neither,0.03889523943544782,0.29726235862425665,0.6638424019402956
are they doing the dogrp thing today or next week???,neither,0.056243800618659336,0.2760250950450076,0.6677311043363331
@Geekandsundry ... thank you :),neither,0.07325166854587051,0.43632638485078484,0.49042194660334476
Congrats iffy,neither,0.03945320844208391,0.33037608806864915,0.630170703489267
Have to repeat it three times Hector,neither,0.04322365255468698,0.3349966875905605,0.6217796598547525
"Born on the Perfect Date. Not too warm, not too cold. Just needs a light jacket",neither,0.034054468041027575,0.3481639365843002,0.6177815953746724
there wasnt enough african prince accent for that to be iffys child,neither,0.037619128471910714,0.31345289018116923,0.6489279813469201
I find that offensive BabyRage,neither,0.039870124859725034,0.2691048936300837,0.6910249815101911
whaaaaaaaaaaaaaaaaaat,neither,0.03945320844208391,0.33037608806864915,0.630170703489267
idk why that geniuenly laughed at hector's impression,neither,0.02819208466378157,0.3905021223263737,0.5813057930098448
Many deaths will occur.,neither,0.0409006518653735,0.30580919564910625,0.6532901524855204
GM Jess,neither,0.03945320844208391,0.33037608806864915,0.630170703489267
WOOT,neither,0.03945320844208391,0.33037608806864915,0.630170703489267
That'll be interesting.,neither,0.035666009828163925,0.3809809239347085,0.5833530662371276
I can't tell what's real and what's jokes :'(,neither,0.041518149871707107,0.38471231241321163,0.5737695377150811
GM Jess,neither,0.03945320844208391,0.33037608806864915,0.630170703489267
jess m,neither,0.03945320844208391,0.33037608806864915,0.630170703489267
"Well, be back in three weeks then. :)",neither,0.039836055466453364,0.33358199976086494,0.6265819447726816
Congrats iffy,neither,0.03945320844208391,0.33037608806864915,0.630170703489267
@Zuzumi88 have to wait 3 more weeks,neither,0.04794801568845648,0.32553435308255213,0.6265176312289913
IS THIS REAL LIFE,offensive_language,0.035748275946466526,0.544845525069692,0.4194061989838414
gandsJesstatorship gandsJesstatorship gandsJesstatorship gandsJesstatorship,neither,0.03945320844208391,0.33037608806864915,0.630170703489267
"oh god, Jess as the GM? Has hell frozen over already? lol",offensive_language,0.03510037319498056,0.5703647654152618,0.39453486138975774
"Pugmire: Three weeks from now. Gotcha. Thanks, Ivan! Good luck with TableTop. Tell Wil Ian says hi. :)",neither,0.033000734732797854,0.33069226882317065,0.6363069964440315
dangit,neither,0.03945320844208391,0.33037608806864915,0.630170703489267
marziLove marziLove marziLove,neither,0.03945320844208391,0.33037608806864915,0.630170703489267
Oh boy,neither,0.04768565599480007,0.25364348607606696,0.698670857929133
Can't wait for Pugmire,neither,0.031580603196057544,0.2829204766060445,0.6854989201978979
"Where's Jess tonight, though?",neither,0.038636271892845415,0.28500543452437066,0.676358293582784
im now both super excited and sad,neither,0.038188921018144514,0.32397627708894705,0.6378348018929084
hype that,neither,0.03425984339659384,0.38718382791023337,0.5785563286931729
oh boy jess as a dm,neither,0.041870327778988276,0.31843229237091375,0.639697379850098
"Thanks for the update, Ivan.",neither,0.031493813482582046,0.2750949005051108,0.6934112860123072
GM Jess sound awesome,neither,0.03945320844208391,0.33037608806864915,0.630170703489267
M & M please,neither,0.03945320844208391,0.33037608806864915,0.630170703489267
I hope Jess torments them with a pink and sugary world.,neither,0.0654448776631458,0.23811851872809403,0.69643660360876
"Where we are going, we don't need any roads.",neither,0.05643529383802128,0.2985479736536269,0.6450167325083519
does anyone else see a dark screen,neither,0.028997413963157477,0.4271966379867004,0.5438059480501423
anyone see blindspot and see ashley say she plays a gnome cleric!,neither,0.039655685891150226,0.3559037698209632,0.6044405442878866
I've been looking at Codenames... might have to tune in tomorrow night.,neither,0.022986003343885068,0.3392400430055554,0.6377739536505594
Any reason the stream title is still Game Together?,neither,0.042951596907299765,0.30173445763174683,0.6553139454609533
Jessica Marzipan will be a GM Kreygasm Let the insanity commence,neither,0.03052519477992049,0.3272893266150099,0.6421854786050696
CNKND was great,neither,0.03651284666800121,0.295851487150842,0.6676356661811568
is pugmire based on 5e?,neither,0.04602348369276723,0.34429234984159357,0.6096841664656392
ivan does that mean you wont be on game the game either????,neither,0.03281713096051307,0.41430293936517837,0.5528799296743084
Can you get Lucas to play with you I think this is kind of game,neither,0.06436588633974562,0.38026775017447845,0.5553663634857761
yo KND is the best,neither,0.048694020710681137,0.3872066159604027,0.5640993633289161
Does Iffy really have a pregnant wife??,neither,0.02832057957838476,0.4365282519656592,0.535151168455956
"@Bobcombe, dustin probably forgot",neither,0.037990711685267686,0.35519847484420913,0.6068108134705232
@Bobcombe You'll need to refresh,neither,0.06440497546267324,0.3695327976527852,0.5660622268845416
I need to catch up on Blindspot.,neither,0.040136370436928165,0.40336622576702047,0.5564974037960514
!wtfisthis,neither,0.03945320844208391,0.33037608806864915,0.630170703489267
"This is Game Together where our hosts Hector and Josephine play games, occasionally with the Chatroom. Today we are playing . . . Holopoint.",neither,0.0483235264749337,0.24896376989808355,0.7027127036269828
"@Amithyst, Yes, it's a sort of simplified 5th Edition",neither,0.03848016704618841,0.33071076162409707,0.6308090713297145
eh? That DND Sector thing was a module.,neither,0.0368196899019097,0.35934354605846547,0.6038367640396248
!Ify,neither,0.03945320844208391,0.33037608806864915,0.630170703489267
hahaha Hector,neither,0.03945320844208391,0.33037608806864915,0.630170703489267
!editcom !wtfisthis Tonight on #NoSurvivors it is time to Chew Bubblegum or kick ass. . . and I'm all out of Bubblegum.,offensive_language,0.08803756762496076,0.7481999617891406,0.16376247058589855
"uberbaldy -> The command ""!wtfisthis"" has been edited successfully.",neither,0.038833348848055345,0.31701785589488446,0.6441487952570603
game is best game,neither,0.0451931703211584,0.25077001889579803,0.7040368107830436
!ears,neither,0.03945320844208391,0.33037608806864915,0.630170703489267
ð–ð€ð‘ððˆðð†! Incoming yelling. Adjust your volume and protect your ears!,neither,0.08284203595543019,0.29156015386427303,0.6255978101802968
Becca was pretty salty,neither,0.039319619691107054,0.3326434378115848,0.6280369424973081
Game the Game is absolutely brilliant.,neither,0.04363222083774089,0.2627320353764007,0.6936357437858585
Keller doesn't know about Game the Game?,neither,0.03716692723034393,0.2838762881605115,0.6789567846091445
Ivan needs to keep Becca under control!,neither,0.04552993254054389,0.32681511217376347,0.6276549552856927
Otisville is wall street-becca,neither,0.04851240263362597,0.32726021577136977,0.6242273815950042
@Louched2 He's just not listening,neither,0.03847590936898096,0.35777108381110756,0.6037530068199115
heyyyy they are streaming? huh. what subshow is this?,neither,0.07743174037568953,0.2869899664554192,0.6355782931688911
Way better than Table Leg Day,neither,0.039567111482010864,0.3255938756783592,0.6348390128396301
Days on top of tables!? WHO MADE THIS TECHNOLOGY AND ARE THEY WIZARDS?,neither,0.05033646371391308,0.32490227498413393,0.6247612613019531
Like in ant man,neither,0.05215593172756163,0.4218940795245952,0.5259499887478432
This reminds me of my fraternity days. Super bro-y,neither,0.026375389096921546,0.4235176631362552,0.5501069477668233
"Thank you, Ivan!",neither,0.07325166854587051,0.43632638485078484,0.49042194660334476
Bye Ivan,neither,0.03945320844208391,0.33037608806864915,0.630170703489267
I can't see anything,neither,0.0398362398562183,0.3238750453384544,0.6362887148053273
@chaoticloony there no controlling the Wurst,neither,0.037833728822250626,0.28717197468371825,0.6749942964940311
"Happy tabletop, Ivan!",neither,0.03945320844208391,0.33037608806864915,0.630170703489267
"See ya, Ivan.",offensive_language,0.02052170517863985,0.6984459664727475,0.2810323283486127
"@xenexis3, This is No Survivors",neither,0.04690775147790762,0.34353677016073847,0.6095554783613539
Where's Ivan going?,neither,0.03983055655587104,0.32397150577757927,0.6361979376665496
Bye Ian,neither,0.03945320844208391,0.33037608806864915,0.630170703489267
ryonScotch cheers Ivan,neither,0.03945320844208391,0.33037608806864915,0.630170703489267
Ivan*,neither,0.03945320844208391,0.33037608806864915,0.630170703489267
Haha Dewey has bubblegum for them,neither,0.04160951975600591,0.35295672277482276,0.6054337574691713
@deweyWithAnIESherwood,neither,0.03945320844208391,0.33037608806864915,0.630170703489267
Now scissor,neither,0.03945320844208391,0.33037608806864915,0.630170703489267
this might just be my favorite game ever,neither,0.026487060674523638,0.38797159529805136,0.585541344027425
This is about to get real sexy,offensive_language,0.044312733601077806,0.4792433820739865,0.47644388432493573
Some comfy boy couch action 4Head,neither,0.03356055973894593,0.34042912950658377,0.6260103107544702
"Thanks for the update, Ivan!",neither,0.031493813482582046,0.2750949005051108,0.6934112860123072
The most relaxed,neither,0.0385318966973125,0.31351158212233415,0.6479565211803535
"@Theonyxpath okie dokie, was thinking of maybe jumping on the kickstarter if its still going, but didnt wanna tll was sure about what it was based on.",neither,0.023789006535500302,0.44790384389546806,0.5283071495690316
"ahh, the new media",neither,0.04191914713581729,0.23173220340466466,0.7263486494595179
Tabletop season 4,neither,0.039871822273691265,0.32327111885122845,0.6368570588750804
I think the tone has been set.,neither,0.03919798298970714,0.30835693219744104,0.6524450848128519
Poor Dewey,neither,0.03945320844208391,0.33037608806864915,0.630170703489267
so pumped,neither,0.03940934168832202,0.38195233036853654,0.5786383279431415
So is Jess not in tonight as well?,neither,0.04045786705210948,0.37175960927968227,0.5877825236682083
im not comfortable,neither,0.03702957824334656,0.3727972673149916,0.5901731544416619
is this sweet super chill hangout time?,neither,0.04428430179808746,0.343565276550515,0.6121504216513975
gandsNopeNopeNope gandsNopeNopeNope gandsNopeNopeNope,neither,0.03945320844208391,0.33037608806864915,0.630170703489267
"!editcom !whodat Dewie Sherwood (twitter.com/DewieSherwood ), Hector Navarro (twitter.com/Hectorisfunny ), Keller (twitter.com/kellerknoblock )",neither,0.03867514250229467,0.46760417940017945,0.49372067809752584
"uberbaldy -> The command ""!whodat"" has been edited successfully.",neither,0.038833348848055345,0.31701785589488446,0.6441487952570603
I should watch no survivor's more often,neither,0.059888910571292406,0.36787709936618795,0.5722339900625197
Part of me thinks Ivan is just leaving cause he is still upset about the She-Bears,neither,0.04147963540221669,0.4269501869634817,0.5315701776343017
!wtfisthis,neither,0.03945320844208391,0.33037608806864915,0.630170703489267
Tonight on #NoSurvivors it is time to Chew Bubblegum or kick ass. . . and I'm all out of Bubblegum.,offensive_language,0.08803756762496076,0.7481999617891406,0.16376247058589855
!whodat,neither,0.03945320844208391,0.33037608806864915,0.630170703489267
"Dewie Sherwood (twitter.com/DewieSherwood ), Hector Navarro (twitter.com/Hectorisfunny ), Keller (twitter.com/kellerknoblock )",neither,0.03867514250229467,0.46760417940017945,0.49372067809752584
Hector and Keller are the BADDEST of dudes!,neither,0.05728193580200714,0.2540128891581033,0.6887051750398895
"Is Ivan leaving? I can;t the stream to load, just keeps buffering",neither,0.04546270228753222,0.32610846389877485,0.628428833813693
How long are they going to stay like that lol,neither,0.06478262067168651,0.4047262055123323,0.5304911738159811
"@Gigglemage thank you. (I am a scrub to twitch, usually watch on youtube.)",neither,0.05436149952302509,0.3644828544644911,0.5811556460124838
"@xenexis3, Well welcome to Live! <3",neither,0.05234215694046021,0.3242231809189723,0.6234346621405676
Anyone?,neither,0.03945320844208391,0.33037608806864915,0.630170703489267
starbursts this week plug,neither,0.03935638486495359,0.3320194368619513,0.6286241782730952
That couch just got real comfy,offensive_language,0.027829856599712145,0.49930200840204275,0.4728681349982451
why are they scissoring?,neither,0.05644701105536504,0.2807024960455108,0.6628504928991241
"@jpcguy89, yes he is. i'm having buffing isusses too.",neither,0.05556203422714839,0.32943292467774055,0.615005041095111
"jpcguy89, Ivan is just filming TableTop stuff this week. He's gone for the evening.",neither,0.04012472936558474,0.31298957797599575,0.6468856926584196
"What'choo callin' ""lame"", commanderfox88?",neither,0.08874721799834158,0.18818016275903407,0.7230726192426243
@Jpcguy89 He wont' be on Nosurvivors for the next 2 weeks because of Table Top filming,neither,0.03626831247508382,0.31901520015030704,0.6447164873746091
@garyviceroy it's what Bros do,neither,0.04604695658983777,0.3256601918707314,0.6282928515394308
@Garyviceroy Because you don't let all that good couch scissoring room go to waste.,neither,0.04039896132975192,0.4695864998063557,0.4900145388638925
"Well I'm gonna take off then, see you guys Thursday for game the game",neither,0.041973175187310495,0.30481864758019867,0.6532081772324908
He will be here on Thursday though,neither,0.0869679529454745,0.2886104072995555,0.6244216397549701
"Oh, but not ""gone""",neither,0.039685179255370635,0.2876935709960004,0.672621249748629
"Hector is correct, Pink is best",neither,0.05357682593748919,0.3188986440384824,0.6275245300240285
Cherry,neither,0.03945320844208391,0.33037608806864915,0.630170703489267
hector is right,neither,0.05541980859000374,0.3611548516377645,0.5834253397722318
Best is Cherry,neither,0.04741031387113422,0.3192559160784741,0.6333337700503916
My wife loves strawberry,neither,0.02969998449434007,0.40508136883852275,0.5652186466671373
def strawberry,neither,0.03945320844208391,0.33037608806864915,0.630170703489267
anybody know what system they are playing?,neither,0.06622030567820208,0.2899531918943313,0.6438265024274666
Hector knows what's up,neither,0.04308349947797877,0.3968366582068026,0.5600798423152187
Who t f likes orange?,neither,0.046751521691121255,0.4657587110527149,0.48748976725616394
Anyone know what the game is on the screen behind the couch?,neither,0.0441415209522901,0.2818911934306891,0.6739672856170208
God I got scared,neither,0.037929749557591874,0.3852406022627416,0.5768296481796665
I like lemon,neither,0.05374066111310745,0.35059868741263056,0.595660651474262
cherry is the best,neither,0.04622110589769788,0.3037276948104658,0.6500511992918362
Screenshot time,neither,0.03821333703971211,0.3514199415734102,0.6103667213868778
Hector got a majorang-ity,neither,0.035663549208680506,0.47102480100978333,0.4933116497815363
pink,neither,0.03945320844208391,0.33037608806864915,0.630170703489267
Cherry is the best,neither,0.04622110589769788,0.3037276948104658,0.6500511992918362
Strawberry starburst is clearly the best,neither,0.04403619975484842,0.31125645582234673,0.6447073444228049
When you are in prime scissor position it's just what you gotta do.,neither,0.06948196995420587,0.42011127115300956,0.5104067588927845
RRRRREEEEEEEDDDDDDDD is the best,neither,0.05135998456280659,0.2889087219359037,0.6597312935012896
Is this a Hector x Keller Rom-Com,neither,0.04658761153602399,0.329293008412886,0.6241193800510899
Pink is best,neither,0.048468296174914285,0.3179494657555017,0.6335822380695841
lemon is the best one,neither,0.04463557024557759,0.33503956985705774,0.6203248598973646
pink,neither,0.03945320844208391,0.33037608806864915,0.630170703489267
all right all right all right,offensive_language,0.041224696353169665,0.5222252300456852,0.43655007360114495
pink then yellow then throw away the rest,neither,0.015953441449571937,0.05894878917921835,0.9250977693712097
KAPOW or NomNom,neither,0.03945320844208391,0.33037608806864915,0.630170703489267
Pink>Red>Orange>Pink again>Yellow. This is fact.,neither,0.02070189840940162,0.10306480000197912,0.8762333015886192
is hector and keller's ship name heller or kelcthor,neither,0.044772973834963724,0.29884113529378065,0.6563858908712558
@drahcirh yes,neither,0.03945320844208391,0.33037608806864915,0.630170703489267
"Pink, red, Yellow, orange...in that order.",neither,0.014130362752900805,0.07037088673293389,0.9154987505141654
@Pinkwhalepjs I'm so on-board.,neither,0.03618623871914867,0.397535377632534,0.5662783836483174
@lark7911 agreed,neither,0.03945320844208391,0.33037608806864915,0.630170703489267
"Hector, please please drop the accent",neither,0.045368348629877805,0.31643604074135906,0.6381956106287632
"No, the lemon flavor starbursts are the worst ones",neither,0.054615399229111315,0.2760808919209624,0.6693037088499262
Red <> Red,neither,0.03912818114834599,0.32765435135670834,0.6332174674949457
lemon starburst are the worst,neither,0.0599236344797171,0.26636278806849434,0.6737135774517885
anybody know what system they are playing?,neither,0.06622030567820208,0.2899531918943313,0.6438265024274666
Cherry the best,neither,0.03762072711904715,0.3055945312469555,0.6567847416339975
#allcolorsofstarburstaregood,neither,0.03945320844208391,0.33037608806864915,0.630170703489267
