text,top_class,hate_speech,offensive_language,neither
they should allow submission of stops that are in smaller areas,neither,0.057167593161462145,0.3465756689723014,0.5962567378662363
yes,neither,0.03945320844208391,0.33037608806864915,0.630170703489267
wonder if amy got a new song to amaze us with tonight,neither,0.04114890197718269,0.3453302377344713,0.6135208602883461
stefHighFive,neither,0.03945320844208391,0.33037608806864915,0.630170703489267
Lol good place in Florida yeah indoors where there's AC,neither,0.026369095030533425,0.35855920559175697,0.6150716993777096
up in north florida?,neither,0.03692342400126927,0.38141754873478967,0.581659027263941
YAY!,neither,0.03945320844208391,0.33037608806864915,0.630170703489267
"@Its_Jez I live in a town of about 12k, if that counts",neither,0.025151099552759373,0.42223689984154006,0.5526120006057006
http://imgur.com/gallery/9G3EhvA <--- all of my friends this week.,neither,0.030117635419913448,0.350348087841249,0.6195342767388375
"Kind of bored, looking for a place to play a D&D campaign T_T",neither,0.041448914810052785,0.2731048729739823,0.685446212215965
Weee! Good dogs!,neither,0.03859261063253452,0.33067208711858426,0.6307353022488812
I'm hopefull that they will open up Pokestop/Gym submissions. They had to stop portal submission due to Too much volume they couldn't sort through and approve them all,neither,0.04624747433462628,0.3932999189199334,0.5604526067454404
Wait where's the bowl?!,neither,0.04037408508618947,0.2821965768590553,0.6774293380547554
YAY TRISHA!!!!!!,neither,0.03945320844208391,0.33037608806864915,0.630170703489267
Its Trisha!,neither,0.02700859978372578,0.3346563596412867,0.6383350405749875
omg that timing! I made it!! gandsCrit,neither,0.035015866852605264,0.36655711984566236,0.5984270133017323
Good dogs!,neither,0.03859261063253452,0.33067208711858426,0.6307353022488812
look at that cast hi all gandsLessthanthree gandsLessthanthree,neither,0.038315067697027666,0.4419510822849703,0.5197338500180021
TRISHA!!,neither,0.03945320844208391,0.33037608806864915,0.630170703489267
Woof,neither,0.03945320844208391,0.33037608806864915,0.630170703489267
Hi Trisha! <3 <3,neither,0.03945320844208391,0.33037608806864915,0.630170703489267
#Teamvalor !!!!!,neither,0.03945320844208391,0.33037608806864915,0.630170703489267
"omg, it's Trisha! From... umm... SourceFed?",neither,0.03907317186832277,0.3130105232680384,0.6479163048636388
"Hello, new player!",neither,0.037388325404988085,0.3403942451618881,0.6222174294331237
"@TheOnyxPath, Ah, well... soon :)",neither,0.03945320844208391,0.33037608806864915,0.630170703489267
#TeamValor,neither,0.03945320844208391,0.33037608806864915,0.630170703489267
TEAM BLUE,neither,0.03945320844208391,0.33037608806864915,0.630170703489267
OMG.. IVAN YOU ARE THE MAN!,neither,0.11558008956628424,0.38911612683249186,0.4953037836012238
tell me she's like a chihuahua or something equally peppy XD,neither,0.04181542835568768,0.4276689608921889,0.5305156107521233
no pokemons here. boooo server issues,neither,0.07634464474162457,0.31041426058442545,0.6132410946739499
#TeamInstinct,neither,0.03945320844208391,0.33037608806864915,0.630170703489267
I see one stop at a time and there are several kms between,neither,0.05353970092282863,0.3424109949508795,0.6040493041262919
#TeamPugmire,neither,0.03945320844208391,0.33037608806864915,0.630170703489267
team nopokemon,neither,0.03945320844208391,0.33037608806864915,0.630170703489267
DABIRDINDANORF,neither,0.03945320844208391,0.33037608806864915,0.630170703489267
"Hector is a bad dog, he is not allowed on the couch anymore",neither,0.04804550546116356,0.3275768260878502,0.6243776684509862
@geekandsundry where's the new bowl I sent?,neither,0.04318314139427653,0.2133011475329115,0.7435157110728121
#TeamMystic,neither,0.03945320844208391,0.33037608806864915,0.630170703489267
#Pugmireforever,neither,0.03945320844208391,0.33037608806864915,0.630170703489267
"no pokemon go, no phone :(",neither,0.03900963523093628,0.3579109493389936,0.60307941543007
OMG ivan abandoned phoenix,neither,0.03945320844208391,0.33037608806864915,0.630170703489267
team no phone,neither,0.03841139765810738,0.3480583359822178,0.6135302663596748
DON'T POKEMON AND DRIVE GUYS!,neither,0.03309031053353773,0.3985171759097639,0.5683925135566983
I dont have Pokémon go becuz its not available in Canada,neither,0.03519017654042282,0.34307479170918864,0.6217350317503886
"Welcome to the pack, Trish!",neither,0.045539495044888384,0.30968037569882284,0.6447801292562888
!whodat,neither,0.03945320844208391,0.33037608806864915,0.630170703489267
"Ivan Van Norman (twitter.com/Hydra_Lord ), Hector Navarro (twitter.com/Hectorisfunny ), Keller (twitter.com/kellerknoblock ), Amy Vorpahl (twitter.com/vorpahlsword ), Jason Charles Miller (twitter.com/jasoncmiller ), and Trisha Hershberger (twitter.com/thatgrltrish )",neither,0.03847069668300693,0.4562553244139483,0.5052739789030449
Omgosh Hector's Shirt ;O,neither,0.03945320844208391,0.33037608806864915,0.630170703489267
Its funny because Trish isn't the biggest fan of animals lol,neither,0.029856152166538117,0.3669020284159833,0.6032418194174786
Jackie sounds cheeky,neither,0.03945320844208391,0.33037608806864915,0.630170703489267
@Ron_Solo_ And so I flung him into the future - where my evil is LAW!!!,neither,0.036171031966861486,0.3564739218140545,0.607355046219084
is she a Beast Master ratter?,neither,0.0486526986263075,0.40716684352714066,0.5441804578465519
woot woot amy,neither,0.03945320844208391,0.33037608806864915,0.630170703489267
"Jack Rat-Terrier (or Jackie, in Trish's case) is one of Pugmire's signature characters.",neither,0.043066752759850994,0.3453120399570196,0.6116212072831295
starting us off!,neither,0.08872016415183621,0.32059968395076516,0.5906801518973988
gandsLessthanthree gandsLessthanthree,neither,0.03945320844208391,0.33037608806864915,0.630170703489267
gandsSubHype gandsLessthanthree Resubs,neither,0.03945320844208391,0.33037608806864915,0.630170703489267
@NavelWarfare *sniffle* my childhood... so happy,neither,0.028534542658047356,0.460152962983353,0.5113124943585995
!ip,neither,0.03945320844208391,0.33037608806864915,0.630170703489267
"Sub Minecraft Server IP: minesncrafts.mcpro.co To be whitelisted, go to http://whitelist.twitchapps.com/geekandsundry , can take up to ten minutes. For more information: bit.ly/sundrycraft",neither,0.04416652415845577,0.27886256795053865,0.6769709078910056
"@Ron_Solo_ Have you heard anything about the remake they were doing? There were rumors around in January, but things have been quiet for a while.",neither,0.039787511051347424,0.3173211303371316,0.6428913586115209
Trisha is adorable ^_^,neither,0.051124007078731534,0.3263619652460026,0.6225140276752659
shortyFAT #Baconwood,neither,0.03945320844208391,0.33037608806864915,0.630170703489267
@TheOnyxPath that is cool.,neither,0.04569479237465423,0.3894441067695579,0.564861100855788
More like.... dogwood. Amirite?,neither,0.05349498093243076,0.3365972662764745,0.6099077527910947
#Baconwood,neither,0.03945320844208391,0.33037608806864915,0.630170703489267
Hector is going to defeat Aku!,neither,0.055102308328951924,0.3521622295512982,0.5927354621197499
They call that hickory,neither,0.03322271353847189,0.3988073921646071,0.5679698942969209
lemme lick that wood,neither,0.036198336951272156,0.3656768119744365,0.5981248510742913
Hey @TheOnyxPath,neither,0.03945320844208391,0.33037608806864915,0.630170703489267
Hector stop playing Pokemon Gp,neither,0.03940214453448409,0.40595315638024926,0.5546446990852666
2lb of bacon on !TreatStream?! i'd be getting that for the stream everyday!!,neither,0.028936303159739902,0.38378050211060416,0.587283194729656
"Hi, @Danoba!",neither,0.03945320844208391,0.33037608806864915,0.630170703489267
Go*,neither,0.04276165647058889,0.34190019769565555,0.6153381458337556
"@NavelWarfare No but omgosh, I am so excited! When they showed Jack with a beard and bloody I was like YESSSS",neither,0.031085791741644477,0.39400066191289335,0.5749135463454622
oh amy gandsHR gandsHR,neither,0.04535734983354261,0.27438591475104485,0.6802567354154126
Trisha!!!,neither,0.03945320844208391,0.33037608806864915,0.630170703489267
I spent $30 on a custom dog bowl and they aren't even using it :(,neither,0.03385394725911345,0.36316232102107404,0.6029837317198126
@Averysdaddy05 wait what?,neither,0.04877470361900789,0.3238348708445956,0.6273904255363965
Trisha looks great! ;D,neither,0.037023260829095454,0.29764712413995575,0.6653296150309488
Nickel708 -> Only those that we deem worthy shall possess the power of the Hyperlink [warning],neither,0.048140585852785724,0.2990817588418225,0.6527776553053918
@Averysdaddy05 We never got it... I woudl TOTALLY use that,offensive_language,0.011935441558961887,0.5028703400302277,0.4851942184108104
gandsSubHype gandsLessthanthree Resub,neither,0.03945320844208391,0.33037608806864915,0.630170703489267
gandsApplaud gandsApplaud gandsApplaud,neither,0.03945320844208391,0.33037608806864915,0.630170703489267
@averysdaddy05 put bacon grease in it,neither,0.03824084566866417,0.33079307522005363,0.6309660791112822
@hydra_lord should have been delivered last week,neither,0.0486510776177357,0.3717422959898716,0.5796066263923927
gandsApplaud OhMyDog gandsApplaud,neither,0.03945320844208391,0.33037608806864915,0.630170703489267
These songs are so good,neither,0.08882577683823087,0.42280239786881024,0.48837182529295897
gandsApplaud gandsApplaud gandsApplaud gandsApplaud,neither,0.03945320844208391,0.33037608806864915,0.630170703489267
@Averysdaddy05 Hi Jason! :D,neither,0.03945320844208391,0.33037608806864915,0.630170703489267
"Huh, did you tweet about that? I saw a tweet RE: something coming in and i've been asking if anything came in",neither,0.028497680577397284,0.3674467254532618,0.6040555939693409
this is awesome,neither,0.050512911114032236,0.32860941969445295,0.6208776691915148
I just assumed the Dice Dungeon was that.,neither,0.03237565883812319,0.3680653849325305,0.5995589562293464
@averysdaddy05 oh u mean the cast sry,neither,0.043326699184113804,0.2695058041637672,0.6871674966521188
OhMyDog Sometimes you gotta OhMyDog,neither,0.06078276197473381,0.4407006501247293,0.4985165879005368
hoooooooooowwll,neither,0.03945320844208391,0.33037608806864915,0.630170703489267
@Critternation3000 Bacon grease might still work Kappa,neither,0.03888261018691362,0.34006062960167105,0.6210567602114153
My dog is looking at me like.... This song.. It speaks to me.,neither,0.03489630463630189,0.4632214415400175,0.5018822538236806
gandsSubHype gandsLessthanthree Resub,neither,0.03945320844208391,0.33037608806864915,0.630170703489267
and my dog is licking the floor...,neither,0.034520930576528525,0.3501317329549647,0.6153473364685068
@Critternation3000 grease will work for the cast as well,neither,0.03452140680897463,0.30700699854075897,0.6584715946502664
I'm gonna miss these songs,neither,0.03983710426909175,0.47212778795841714,0.4880351077724912
pops into chat,neither,0.03945320844208391,0.33037608806864915,0.630170703489267
when does the Pugmire album come out?,neither,0.01804531714159811,0.48785269393838293,0.49410198892001905
@Averysdaddy05 did it have tracking?,neither,0.03754352553528344,0.33977000635132687,0.6226864681133898
these songs are great,neither,0.08092806770287742,0.3165320888602192,0.6025398434369034
hi @Hydra_Lord,neither,0.03945320844208391,0.33037608806864915,0.630170703489267
bikeConcur,neither,0.03945320844208391,0.33037608806864915,0.630170703489267
@GaeaCa Best part of the show.,neither,0.053346539030314145,0.2296386773836028,0.7170147835860832
yup,neither,0.03945320844208391,0.33037608806864915,0.630170703489267
Yeah it said delivered last Tuesday I think @hydra_lord,neither,0.027288422557881564,0.40370771039747416,0.5690038670446441
Sometimes you gotta Be a Bad Dog! SwiftRage,neither,0.05016618465121564,0.41458992368644904,0.5352438916623353
b.a.d. - d.o.g. OhMyDog,neither,0.03945320844208391,0.33037608806864915,0.630170703489267
#BeABadDog,neither,0.03945320844208391,0.33037608806864915,0.630170703489267
ivan is totally sitting there playing POKEMON GO,neither,0.04587197732247328,0.30138146875351224,0.6527465539240145
I would buy this on iTunes,neither,0.03624125803025121,0.3392618347523633,0.6244969072173855
ha,neither,0.03945320844208391,0.33037608806864915,0.630170703489267
Pugmire should totally have an official album with these songs,neither,0.04488207903452316,0.4381548961726788,0.5169630247927981
@gaeaca I really want these as an album,neither,0.046352200408706,0.4253981063382254,0.5282496932530686
AaawWWwooOoooo . . .,neither,0.03945320844208391,0.33037608806864915,0.630170703489267
Thumbs up!!!!,offensive_language,0.031680140546704795,0.5091262166492487,0.45919364280404645
CorgiDerp sbzyManleee,neither,0.03945320844208391,0.33037608806864915,0.630170703489267
You deserve a treat,neither,0.07566147058278727,0.3814017949307802,0.5429367344864325
gandsApplaud gandsApplaud gandsApplaud gandsApplaud gandsApplaud gandsApplaud gandsApplaud,neither,0.03945320844208391,0.33037608806864915,0.630170703489267
<3,neither,0.03945320844208391,0.33037608806864915,0.630170703489267
gandsCrit gandsCrit gandsCrit,neither,0.03945320844208391,0.33037608806864915,0.630170703489267
wow,neither,0.03945320844208391,0.33037608806864915,0.630170703489267
gandsApplaud gandsApplaud gandsApplaud,neither,0.03945320844208391,0.33037608806864915,0.630170703489267
Bad Dog Antony! Bad Dog!! off the couch,neither,0.035238054834880746,0.32227705224908126,0.6424848929160379
I would buy the songs on itunes or whereever,neither,0.03619472343941397,0.3243871863447659,0.6394180902158201
gandsApplaud gandsApplaud gandsApplaud gandsApplaud gandsApplaud,neither,0.03945320844208391,0.33037608806864915,0.630170703489267
good dogs!,neither,0.03859261063253452,0.33067208711858426,0.6307353022488812
they were good dogs,neither,0.03909640359872892,0.30769172744497686,0.6532118689562942
OMG that was amazing!!!!,neither,0.03533260829775017,0.3760041917651197,0.5886631999371301
woot woot woot stefBelle gandsApplaud gandsApplaud gandsApplaud,neither,0.03945320844208391,0.33037608806864915,0.630170703489267
feliciaOoh gandsApplaud gandsApplaud,neither,0.03945320844208391,0.33037608806864915,0.630170703489267
gandsApplaud gandsApplaud gandsApplaud gandsApplaud gandsApplaud,neither,0.03945320844208391,0.33037608806864915,0.630170703489267
gandsApplaud gandsApplaud gandsApplaud,neither,0.03945320844208391,0.33037608806864915,0.630170703489267
I would totally buy that on itunes,neither,0.033980986855360724,0.3684946363668934,0.5975243767777457
Awesome intro!,neither,0.03945320844208391,0.33037608806864915,0.630170703489267
I forgot this was live for like 10 minutes,neither,0.04570742110767311,0.31901407240448176,0.6352785064878451
WOOT!,neither,0.03945320844208391,0.33037608806864915,0.630170703489267
me too @Its_Jez,neither,0.025456656249999262,0.41690574403459846,0.5576375997154023
$$,neither,0.03945320844208391,0.33037608806864915,0.630170703489267
That was awesome!,neither,0.03453191945982305,0.38505160316851694,0.5804164773716599
YES PLEASE,neither,0.03945320844208391,0.33037608806864915,0.630170703489267
put it on bandcamp!,neither,0.03263467534189099,0.35407045712475843,0.6132948675333505
Looking forward to it!,neither,0.04505748290179047,0.32668397205134037,0.6282585450468692
Super impressive!!!,neither,0.03945320844208391,0.33037608806864915,0.630170703489267
Hector will now only sing as a member of the Red Hot Chili Dogs.,neither,0.03852290438394666,0.3262367083847993,0.6352403872312541
You know we would buy it right Ivan? :),neither,0.052451112895253484,0.3954296813612295,0.552119205743517
Amy YOU ARE THE BEST,neither,0.08881643279456586,0.2987084289666294,0.6124751382388047
Totally.,neither,0.03945320844208391,0.33037608806864915,0.630170703489267
awesome trisha is here!!,neither,0.12651808941895842,0.274625267764382,0.5988566428166596
and she is staying,neither,0.04986405201381425,0.3727501596056595,0.5773857883805263
what are they playing?,neither,0.0895779489393266,0.2636531703062261,0.6467688807544474
Which one is Hall and which one is Oates?,neither,0.04777223229297824,0.33976547917418326,0.6124622885328385
The tv is making me want to play Mario,neither,0.04551356316335699,0.33009840592231215,0.6243880309143308
ha,neither,0.03945320844208391,0.33037608806864915,0.630170703489267
simon and garfunkel were oth equally succesful,neither,0.03900033544022571,0.27030966838055914,0.6906899961792152
Ivan we would totally buy that,neither,0.03515500011844078,0.36688962940712366,0.5979553704744356
Pugmire songs ^_^,neither,0.03945320844208391,0.33037608806864915,0.630170703489267
"WHERE'S YOUR PIKACHU, JASON?!?!?",neither,0.0809094672376744,0.2839581198945679,0.6351324128677576
!whodat,neither,0.03945320844208391,0.33037608806864915,0.630170703489267
"Ivan Van Norman (twitter.com/Hydra_Lord ), Hector Navarro (twitter.com/Hectorisfunny ), Keller (twitter.com/kellerknoblock ), Amy Vorpahl (twitter.com/vorpahlsword ), Jason Charles Miller (twitter.com/jasoncmiller ), and Trisha Hershberger (twitter.com/thatgrltrish )",neither,0.03847069668300693,0.4562553244139483,0.5052739789030449
This will be my first episode of Pugmire,neither,0.025281057450431115,0.3965869313403966,0.5781320112091722
Hi @Aisle5,neither,0.03945320844208391,0.33037608806864915,0.630170703489267
They are all great @Aisle5,neither,0.07702522461997424,0.32002594636580334,0.6029488290142224
"Help G&S make great content! $4.99/month gets you emotes, Minecraft server access, Sub Only Q&As, VODs, and more! Every sub keeps the channel alive! twitch.tv/geekandsundry/subscribe",neither,0.043092924924402844,0.32365565443818894,0.6332514206374082
"Welcome, @Aisle5!",neither,0.03945320844208391,0.33037608806864915,0.630170703489267
Someone fill me in on all the details,neither,0.03231980984570792,0.40938340132771944,0.5582967888265726
link?,neither,0.03945320844208391,0.33037608806864915,0.630170703489267
@aisle5 gotta watch the vods it's such a grt campaign,neither,0.04082897857684306,0.33693666477422357,0.6222343566489333
gandsSubHype gandsSubHype gandsSubHype gandsSubHype gandsSubHype gandsSubHype gandsSubHype gandsSubHype gandsSubHype,neither,0.03945320844208391,0.33037608806864915,0.630170703489267
yes link to the vid? =),neither,0.044128350712492194,0.31407281028517997,0.6417988390023279
they are a buncha dogs uplifted into humanoids long after man has left,neither,0.055030719198488134,0.33473382153463704,0.6102354592668748
