text,top_class,hate_speech,offensive_language,neither
@Davidguy you could make bot commands for faq's and save time by only have to type !____,neither,0.04707843096037701,0.3508064875515412,0.6021150814880818
restreeeeeam....,neither,0.03945320844208391,0.33037608806864915,0.630170703489267
"lol, @Davidguy",neither,0.020706217963973744,0.4882283491876925,0.4910654328483337
"Davidguy, lots of macros :p",neither,0.03945320844208391,0.33037608806864915,0.630170703489267
snow is for my dad,neither,0.029561231363774997,0.3785090484902677,0.5919297201459572
and an INTENTIONAL act does not grant anyone protection,neither,0.028798367897867053,0.4036318672886148,0.5675697648135183
perfect timing,neither,0.03945320844208391,0.33037608806864915,0.630170703489267
Watch a second time or play a game... hmmm,neither,0.04207430692244638,0.31268580503900606,0.6452398880385475
@SHORTYDSO Prepare your feelings.,neither,0.07113353138620818,0.3215740328001416,0.6072924358136502
Heya @GilRamirez1 !,neither,0.03945320844208391,0.33037608806864915,0.630170703489267
Absolutely SPICES,neither,0.03945320844208391,0.33037608806864915,0.630170703489267
"@Davidguy preset answers you can just post, would that work or a pinned answer at hte top of the chat is that possible",neither,0.04315749619464793,0.40212566275863126,0.5547168410467208
BeepBeep Gil,neither,0.03945320844208391,0.33037608806864915,0.630170703489267
"why were mods saying that the rebroadcast was up, if they are still editting it??",neither,0.02053558125692022,0.40865365119279173,0.5708107675502879
sooks Gil,neither,0.03945320844208391,0.33037608806864915,0.630170703489267
now i see the schedule,neither,0.038509257312337716,0.31308594723350436,0.648404795454158
is it just about to start,neither,0.04792501771359796,0.380493771255738,0.5715812110306641
"@Spanky166 2 monitors, both at the same time. Win/win",neither,0.038025631400209974,0.35471826514139043,0.6072561034583996
if you refresh there is music,neither,0.040344855470484255,0.3764788169690145,0.5831763275605012
beep beep,neither,0.03945320844208391,0.33037608806864915,0.630170703489267
is it staying on the schedule for anyone else?,neither,0.03685854493940199,0.3070004963813755,0.6561409586792224
"if you're viewing on console, just back out, and reselect the channel",neither,0.03657315694748,0.36776369737245374,0.5956631456800663
Agh!,neither,0.03945320844208391,0.33037608806864915,0.630170703489267
Watched it live. Gonna watch the rebroadcast anyway.,neither,0.04473411007976707,0.35169490626830124,0.6035709836519316
@spanky166 watch again AND play a game!,neither,0.04199508806186053,0.2826139056807698,0.6753910062573697
anyone got some spare spice?,neither,0.032296670527445115,0.37658338224365556,0.5911199472288993
having preset stuff just enables people though,neither,0.061066557567280175,0.3477975373510498,0.5911359050816701
EVERYONE REFRESH. ABOUT TO START!,neither,0.03822845426327162,0.4314333052884712,0.5303382404482572
still banking on that pinned messages,neither,0.03338642131692562,0.38786909947603215,0.5787444792070423
"first half of the show tonight had me balling my eyes out, second half had me screaming at GnS's internet",neither,0.02842034808340315,0.35554515432535466,0.6160344975912422
How do I watch past broadcasts on this new layout. NotLikeThis,neither,0.04674434239036978,0.2590204547880217,0.6942352028216086
i also prefer to do both,neither,0.04684496981178526,0.32638910272569954,0.6267659274625152
Are you in toronto?,neither,0.10173105658542672,0.32626923159633325,0.57199971181824
@chaoticunusual Just the usual. :p,neither,0.033765140169159887,0.3355552698717278,0.6306795899591122
omg..,neither,0.03945320844208391,0.33037608806864915,0.630170703489267
YAY,neither,0.03945320844208391,0.33037608806864915,0.630170703489267
I love how starkly more mature D&D chats are to 99% of twitch chats,neither,0.053043526305722066,0.30958389937986036,0.6373725743144175
that cliffhanger thoaw,neither,0.026110925149043836,0.4791292047641166,0.4947598700868395
aaaaand GO,neither,0.04276165647058889,0.34190019769565555,0.6153381458337556
It's up boys!!!,neither,0.03378377045630225,0.4097204275402105,0.5564958020034871
episode 69 was 2 hrs 54 mintes long the break was at 1 hr 23,neither,0.03837701429010305,0.33515801663193306,0.6264649690779639
yay cr,neither,0.03945320844208391,0.33037608806864915,0.630170703489267
@Poekey click on the logo at the old location,neither,0.035936855961485825,0.33360477803567185,0.6304583660028423
"Seriously, from one grateful critter, thank you for everything you do for us @GeekandSundry",neither,0.07848500028404605,0.3490227946929813,0.5724922050229727
"yes, yay for me, cr!",neither,0.02964006231874914,0.336869192487052,0.6334907451941989
Lol riot games had a lot of troubles tonight too,neither,0.03209195799286184,0.35373163805154195,0.6141764039555961
I see a cleric in the background!,neither,0.03843262416204317,0.31164042901640737,0.6499269468215495
"@Poekey, top left, click videos",neither,0.03945320844208391,0.33037608806864915,0.630170703489267
"@Ravager, glad to have you with us tonight!",neither,0.08693306908088118,0.37604068940997404,0.5370262415091449
you're not counting the drops. brought to you by spectrum. MVGame,neither,0.09191292146360935,0.3989705846090206,0.5091164939273701
"This episode of Critical Role, #69, was roughly 3 hours in length, the break was about 1 hour and 15 minutes after the into",neither,0.03763506359380845,0.3139147310602034,0.6484502053459882
"@Poekey wait, no. VODs are now under the Videos tab",neither,0.054724157839537435,0.29809402698201376,0.6471818151784489
omg..,neither,0.03945320844208391,0.33037608806864915,0.630170703489267
danScare,neither,0.03945320844208391,0.33037608806864915,0.630170703489267
when is it starting?,neither,0.03415357631870541,0.3871798432491981,0.5786665804320965
"@irlcrit, TSM is best Asol bug finder in the world...",neither,0.04385388770426822,0.31192509736320234,0.6442210149325295
"glad to be here, @eurghsireawe",neither,0.12803756114062637,0.27582388600935553,0.5961385528500182
gandsSpoopy gandsSpoopy gandsSpoopy,neither,0.03945320844208391,0.33037608806864915,0.630170703489267
What?!?!,neither,0.057770773616808734,0.3180719994247239,0.6241572269584672
Well wishes to all of you rebroadcast watches!,neither,0.0624030602430013,0.43037456370434335,0.5072223760526554
@derekleeketchum @GeekandSundry X2 - crew is great and I appreciate the job they do,neither,0.04322963717242905,0.2803840131241858,0.6763863497033851
REBROADCAST IS PLAYING NOW... didn't see anyone spam in chat,neither,0.033808722621665115,0.35789739449519387,0.6082938828831409
it's starting now,neither,0.037649205088373446,0.3309965675456509,0.6313542273659756
@ironmann199 rn,neither,0.03945320844208391,0.33037608806864915,0.630170703489267
great endings are how you hype next week,neither,0.07500570586626963,0.313564919360443,0.6114293747732873
refresh yo. it has started,neither,0.0387131657691948,0.38465010629990926,0.5766367279308959
Sam's scary story,neither,0.03945320844208391,0.33037608806864915,0.630170703489267
I don't know if I can watch again.....that was so emotionally draining,neither,0.026577614479823507,0.445760487554105,0.5276618979660715
if you can not see the rebroadcast pause and play of refresh,neither,0.03360931904752265,0.35619119767051677,0.6101994832819605
L,neither,0.03945320844208391,0.33037608806864915,0.630170703489267
lol matt was squicked out,neither,0.027590768888677078,0.4074677024118756,0.5649415286994475
sam lied to me! it wasnt screws and nails at all!,neither,0.0374524754185458,0.38648714932767453,0.5760603752537797
and fear the walk- hahaha just kidding Kappa,neither,0.03559088927691059,0.30826706733858783,0.6561420433845015
or refresh,neither,0.03945320844208391,0.33037608806864915,0.630170703489267
my bad I got distraced when it stared,neither,0.019635346422149386,0.4845337827306424,0.4958308708472082
when did it restat,neither,0.02376033799478171,0.4065924836976659,0.5696471783075524
"console viewers, back out, and re-enter the channel",neither,0.045285043900157244,0.29188225267747236,0.6628327034223703
SPOILER: CRATES ARE FULL OF LOOT,neither,0.1427782581615943,0.24423055002952776,0.6129911918088781
✌🏻,neither,0.03945320844208391,0.33037608806864915,0.630170703489267
just did,neither,0.03169806659078751,0.3681670278934834,0.6001349055157291
just to warn you all. This is a horribly wonderful rollercoaster gandsLessthanthree gandsLessthanthree gandsLessthanthree,neither,0.06561808598439467,0.4454129901850385,0.48896892383056695
"Missed the first half hour of the first, missed the first minute of the rebroadcast",neither,0.029728225136881274,0.3067999268114715,0.6634718480516472
assuming there are many (me being one) :P,neither,0.046151263100646905,0.338945594229994,0.6149031426693592
"@Ravager, join us for CR regularly. we are all quite mad",neither,0.0740128305741315,0.3206363328153704,0.6053508366104982
this is the announcements for the rebroadcast of today's episode,neither,0.038783790502508096,0.2647808374540716,0.6964353720434203
has anyone here watched any Blindspot just because of Ashley?,neither,0.06354245792038905,0.3155704200858058,0.6208871219938051
Yay for the rebroadcast,neither,0.03184983455842003,0.28006249229934593,0.6880876731422341
waited untill everyone already knew the crates were full of loot,neither,0.045931024988039124,0.38236328064661973,0.5717056943653411
We have a subscriber-only Discord server! Join here: https://t.co/Of0oLClO2v (you'll need to sub and link it to your Twitch) and be a part of the fun!,neither,0.09547053438395335,0.28230926502643855,0.6222202005896081
The rebroadcast is being streamed live this time instead of via Twitch playlist just so you guys know,neither,0.05163954044130791,0.25744162354402,0.6909188360146721
Did they finish on time?,neither,0.035538506836270946,0.3632944000318967,0.6011670931318323
:),neither,0.03945320844208391,0.33037608806864915,0.630170703489267
the episode does not start the narrative until after the intro,neither,0.02973553190763571,0.3813249845135929,0.5889394835787712
"@eurghsireawe, oddly, i've lurked here for months, but didn't watch much. i need to change that. heh",neither,0.030232921374892873,0.3356129090532095,0.6341541695718976
"@crthemighty it was close though screws and nails, horror close enough",neither,0.03814709313890284,0.3093585476061324,0.6524943592549647
"@Grampit, yes",neither,0.03945320844208391,0.33037608806864915,0.630170703489267
"...so no one else got their ""Storks"" themed crate? Just me? :P",offensive_language,0.026999898040265147,0.5049609596907116,0.46803914226902316
I hate when I can't watch it live. D:,neither,0.25033620108934246,0.25973587518491265,0.4899279237257449
"Ah, so this s from last week or what then?",neither,0.04470551163124317,0.3502765945919581,0.6050178937767986
@GeekandSundry Do you guys know if the upload on Monday will have the bits that got cut off from the stream or will it be like the first live show and they're gone for good?,neither,0.045006696288755796,0.29857050790337675,0.6564227958078674
Spoilers: I have a cat,neither,0.03865858346677993,0.3438629477054898,0.6174784688277303
so much sweet loot,neither,0.034635255260860344,0.38924528361070215,0.5761194611284375
This is today's episode,neither,0.04674797031319833,0.3050923687308683,0.6481596609559335
"spectrum, you are NOT ruining a rebroadcast",neither,0.09804097343370703,0.33253424140509663,0.5694247851611963
"@Duirgurth no, this is from tonight",neither,0.046328227355624384,0.298439722082654,0.6552320505617216
@grampit yes about 2hrs 54 min,neither,0.037761715924047576,0.35908513054342817,0.6031531535325242
SwiftRage,neither,0.03945320844208391,0.33037608806864915,0.630170703489267
hopefully my connection allows me to watch the rebroadcast,neither,0.03255886089090908,0.40723605344716185,0.5602050856619291
"Help G&S make great content! $4.99/month gets you emotes, Minecraft server access, Sub Only Q&As, VODs, and more! Every sub keeps the channel alive! twitch.tv/geekandsundry/subscribe",neither,0.043092924924402844,0.32365565443818894,0.6332514206374082
this is a rebroadcast of tonights new episode,neither,0.053064587121232264,0.23236339633314257,0.7145720165456252
"@lunartic39, feed her/him well Kappa",offensive_language,0.0321391731584936,0.5035781176588907,0.46428270918261566
"This episode of Critical Role, #69, was roughly 3 hours in length, the break was about 1 hour and 15 minutes after the into",neither,0.03763506359380845,0.3139147310602034,0.6484502053459882
Who is he in a panel with?,neither,0.040517852689329406,0.42047523740095843,0.5390069099097121
its not Fn working. i have tried to refresh it multiple times its starting to piss me off,neither,0.034416857102647254,0.35408317886796475,0.6114999640293879
"@Ravager, i suppose watching CR chat is also pretty entertaining",neither,0.044179509001419766,0.3287504965789337,0.6270699944196465
FrankerZ,neither,0.03945320844208391,0.33037608806864915,0.630170703489267
FrankerZ ?,neither,0.03945320844208391,0.33037608806864915,0.630170703489267
Did this just start?,neither,0.03376790025514439,0.3589591588467859,0.6072729408980696
@lunartic39 Give your cat a scritch from me.,neither,0.0640230730374559,0.34517593232951527,0.5908009946330288
"Hi guys, how far are we into the rebroadcast?",neither,0.05840680940344986,0.28500369150523497,0.6565894990913153
"@eurghsireawe, indeed",neither,0.03945320844208391,0.33037608806864915,0.630170703489267
FrankerZ ?,neither,0.03945320844208391,0.33037608806864915,0.630170703489267
@Ravager I was beginning to think you were just a bot,neither,0.053337921789629324,0.3545101890154065,0.5921518891949642
@postdataest I believe break is at 1:23,neither,0.045792798836457704,0.34879746836996256,0.6054097327935798
"@Czartard, Yeah :3",offensive_language,0.013968601452186464,0.5182923869769311,0.4677390115708824
k,neither,0.03945320844208391,0.33037608806864915,0.630170703489267
"@mrbravo96, hasnt even started the show yet",neither,0.052468179815897915,0.2560468899381843,0.6914849302459177
I thought it was impossible for seeker assun to survive,neither,0.04077933180395287,0.23258265509255077,0.7266380131034964
"The rebroadcast had just started, friends.",neither,0.03395111356142148,0.33535920918934004,0.6306896772492385
hoodies!!!!!! PogChamp PogChamp PogChamp,neither,0.03945320844208391,0.33037608806864915,0.630170703489267
@uberbaldy my normal account is.. well.. half-bot Kappa,neither,0.03664090423852809,0.3790972316364535,0.5842618641250185
"@captainLuppa, Thank you so much, man!",offensive_language,0.05328307810128508,0.5434999242409257,0.40321699765778923
when is the mug shipping?,neither,0.03554192881663526,0.36096263364959513,0.6034954375337697
what is a global moderator? Is it a new position? o.o,neither,0.05649576272711684,0.26670741891479866,0.6767968183580845
"why am i poor, i require this hoodie for my liiiiiiiife",neither,0.020165108926890357,0.383953879673967,0.5958810113991427
is this live?,neither,0.06264826366348325,0.3248039992423424,0.6125477370941744
No prob dude CorgiDerp,neither,0.038589925510095095,0.34502825241341994,0.616381822076485
"im still waiting for the joe mad poster but im looking at the hoodie which i missed last time and im like Kreygasm ""Should I?""",neither,0.0405337177450009,0.37300653523402744,0.5864597470209717
nope rebroadcast,neither,0.03945320844208391,0.33037608806864915,0.630170703489267
@Darth_Itachi a step below Twitch staff,neither,0.03945320844208391,0.33037608806864915,0.630170703489267
"not live, the live version is sub only chat",neither,0.048722989945876205,0.3199661100949109,0.6313108999592129
"@fryguy1013, nope, first rebroadcast",neither,0.030740983072431366,0.3333726218776163,0.6358863950499523
would fear our axe badge bot rulers,neither,0.039107836615597184,0.3274839888587381,0.6334081745256649
no rebroadcast @fryguy1013,neither,0.036918905254960256,0.37338982715841207,0.5896912675866277
"@fryguy1013, it's a rebroadcast that's being streamed live as opposed to using Twitch's playlist thing",neither,0.03646149529088404,0.41614416624625006,0.547394338462866
"not live, its the rerun :)",neither,0.03426392534796565,0.3169312446470302,0.6488048300050042
Their powers span both space and timezones!,neither,0.03890951914734002,0.3037253443143609,0.6573651365382992
:),neither,0.03945320844208391,0.33037608806864915,0.630170703489267
did she think he said something other than he said?,neither,0.04812051429226218,0.3832923630984783,0.5685871226092595
"For serious, that hoodie is all sorts of crazy comfortable",neither,0.031254361666699156,0.4479144282980498,0.5208312100352511
"global moderator has been around since the JTV days, previously called 'admin', as it was, and is, a volunteer position.",neither,0.04066666658744246,0.3191762193451202,0.6401571140674374
"Seriously, I think I noticed you always sitting there in the list in like July. Always there. Always watching. haha",neither,0.04541983327763174,0.405279162180536,0.5493010045418323
"Well, it is live",neither,0.05516557198476267,0.3249718857464245,0.6198625422688127
rerun of today's?,neither,0.03700603717896091,0.29165218099598583,0.6713417818250532
poor? at least you can subscribe to geek and sundary,neither,0.05686495875175891,0.34263242566845725,0.6005026155797838
"This episode of Critical Role, #69, was roughly 3 hours in length, the break was about 1 hour and 15 minutes after the into",neither,0.03763506359380845,0.3139147310602034,0.6484502053459882
@uberbaldy unban the people you wronged.,neither,0.21188858057812435,0.3579119015655011,0.4301995178563745
I like how it froze with no ending and now its the repopplay. Way to go G&S.,neither,0.036187699178015176,0.3384430113270501,0.6253692894949346
yes,neither,0.03945320844208391,0.33037608806864915,0.630170703489267
ModLove,neither,0.03945320844208391,0.33037608806864915,0.630170703489267
"ooo, an actual rebroadcast",neither,0.03974523554323427,0.32541962603212465,0.634835138424641
"@ALK824 yeah, chintzy sounds sorta like a racial slur, and im pretty sure that's what she thought",neither,0.034023975697781796,0.46336433940653843,0.5026116848956798
i would buy the sweat shirt if it was a pull over,neither,0.02435818776925566,0.3553546190440521,0.6202871931866922
okay I should probably study and get to bed night guys,neither,0.044060460558379554,0.34221655431837517,0.6137229851232452
do they vet you for global moderator?,neither,0.046016086706745674,0.3363564312324243,0.6176274820608298
i get to live through this again??? yes!,neither,0.04737925775702517,0.3614259838106616,0.5911947584323132
yes,neither,0.03945320844208391,0.33037608806864915,0.630170703489267
@organicartist Decide if you want to whisper me or talk publicly s,neither,0.024561415498390613,0.42091165041021905,0.5545269340913903
"@Geekstronaut, all you had to do was refresh dude",neither,0.06464524592846185,0.4338878899496585,0.5014668641218798
"@derekleeketchum, but is it 65 bucks comfortable?",neither,0.04154512272711675,0.3360750960911735,0.6223797811817099
ok so i'm going to hide chat since i don't want to get spoiled :),neither,0.04635709328195334,0.3723441299099199,0.5812987768081268
"@Geekstronaut you had to refresh, it definitely had an ending",neither,0.053546698398976134,0.35309273668150093,0.593360564919523
thanks for the info,neither,0.03158985731523347,0.2757470100193002,0.6926631326654663
"just in time, score",neither,0.03320374820641762,0.37619228178981184,0.5906039700037706
such a good intro,neither,0.03905622608884058,0.32647548356792666,0.6344682903432326
That is awesome,neither,0.044625028035607146,0.38055477549368516,0.5748201964707076
wow,neither,0.03945320844208391,0.33037608806864915,0.630170703489267
Still like the intro,neither,0.04869141389362452,0.34426341013623,0.6070451759701454
is there a required number of kpm (kappas per minute) before your join?,neither,0.058976505136271576,0.3357480855832945,0.6052754092804339
I spice during every intro :D,neither,0.03945320844208391,0.33037608806864915,0.630170703489267
Is this the rebroadcast of tonights episode?,neither,0.04806347142661701,0.3101439844067151,0.641792544166668
@iDoooonKnoooow tbh i forgot that's what i paid for it. So...yes? :P,neither,0.034806194276189466,0.3660922196844152,0.5991015860393952
"@Saint_savage, yes",neither,0.03945320844208391,0.33037608806864915,0.630170703489267
Yes @Saint_savage,neither,0.03945320844208391,0.33037608806864915,0.630170703489267
Is it just starting?,neither,0.041307575112954964,0.35397024194877996,0.604722182938265
"@Ravager is ""twitch admin"" no longer a rank?",neither,0.04468571559700838,0.33863795976908956,0.616676324633902
this rebroadcast of today ep?,neither,0.0379383282269112,0.3099973076756599,0.6520643640974289
Which episode replay is this?,neither,0.045763755349592435,0.3294292963653211,0.6248069482850864
yeah re brod,neither,0.0341663093783035,0.45923833413948845,0.5065953564822081
YES,neither,0.03945320844208391,0.33037608806864915,0.630170703489267
twitch has a working html player now?,neither,0.0354927614970167,0.3975952086693358,0.5669120298336474
Made it.,neither,0.03684238675525566,0.33127406936755094,0.6318835438771935
does everyone get html 5 now? I thought that was just in beta,neither,0.02407906635499475,0.46064902018484744,0.5152719134601579
"Geekstronaut, totally did have an ending.. seems you needed to refresh or something ... at least this is the rebroadcast and you can see end again",neither,0.05991258876117948,0.3644157814871231,0.5756716297516974
yea just starting and yes rebroadcast,neither,0.03440309039332942,0.3155165239413123,0.6500803856653583
rerun guys,neither,0.03922184957078739,0.3343028519130907,0.6264752985161218
"it's still a rank, but it is a paid position",neither,0.0397316207268963,0.34614737519801764,0.614121004075086
yes this is episode #69,neither,0.045925743242022546,0.3294027089016638,0.6246715478563136
"sweet, just made it",neither,0.032819238749844666,0.3554892320571578,0.6116915291929975
"Ahh, yes, more tears",neither,0.041000117866597734,0.32228493176579837,0.6367149503676038
do you think they would release a vector graphic of the Critical Role icon so folks can get it silk screened or printed on their own choice of apparel?,neither,0.05172082213179552,0.35311798726101606,0.5951611906071883
S/O to @uberbaldy for explaining to me what was going on mid campaign,neither,0.03901903129565438,0.35471280375641384,0.6062681649479318
"The original match-3 RPG!™ comes to the Multiverse in Magic: The Gathering – Puzzle Quest. Recruit your favorite Planeswalkers, build powerful decks and defeat your enemies in match-3 battles! https://bitly.com/MagicPuzzleQuest_GnS",neither,0.06098917385657317,0.2931136116418438,0.645897214501583
"RIP the recording has the sync issues, switching isnt going to help ...",neither,0.041743096027321014,0.32077267229768147,0.6374842316749976
just started?,neither,0.032803472495977,0.36242220823605287,0.6047743192679701
thanks <3,neither,0.035884468650613,0.3004919205142699,0.6636236108351171
"Wait... this is last week, isn't it? :( :( :(",neither,0.04513179689936232,0.3297963902587821,0.6250718128418556
"@uberbaldy you acted like a whiner in whisper, and i had the decency to talk to you there, you have not admitted you were wrong and so i can take it back here if you'd like.",neither,0.10096162714031648,0.40654999414691456,0.492488378712769
just started ?,neither,0.032803472495977,0.36242220823605287,0.6047743192679701
np @OlSaintLit,neither,0.03945320844208391,0.33037608806864915,0.630170703489267
https://help.twitch.tv/customer/portal/articles/659115-chat-icons-and-emoticons if you need info on different twitch badges,neither,0.035723802599766,0.3555530759059665,0.6087231214942677
This is a rebroadcast of tonight's episode,neither,0.04478979932773865,0.3068439225366521,0.6483662781356093
no its the one that was today,neither,0.026542738740539185,0.3830324079665255,0.5904248532929354
nope tonight,neither,0.03632294821848922,0.3041636919633684,0.6595133598181423
"@uberbaldy you made a rule, punished someone who didn't violate what you had said, and now are pissy that someone is pointing out your own *** stinks too.",neither,0.08950797783455694,0.3894761452702841,0.5210158768951589
how far in,neither,0.03945320844208391,0.33037608806864915,0.630170703489267
approx when is the next rebroadcast?,neither,0.03312233449508598,0.3903453692051482,0.5765322962997658
"@LTman86 ""working"" would be debatable. most people were having sync issues. I turned it off because it was buffering constantly",neither,0.05090938373838012,0.31961386244316775,0.6294767538184521
how long has it been going,neither,0.03637712541340251,0.35478786642113924,0.6088350081654583
5 minutes in?,neither,0.03945320844208391,0.33037608806864915,0.630170703489267
Just started?,neither,0.032803472495977,0.36242220823605287,0.6047743192679701
DAMN sol banned in LOL,offensive_language,0.036196360035103944,0.8421742375699722,0.12162940239492384
Here it goes....,neither,0.10976422465072284,0.27698570732611416,0.613250068023163
@uberbaldy so ban me too,neither,0.03147072741053255,0.4241547027485041,0.5443745698409633
Currently recapping last week,neither,0.03945320844208391,0.33037608806864915,0.630170703489267
sweet!,neither,0.03945320844208391,0.33037608806864915,0.630170703489267
nice !!!,neither,0.03945320844208391,0.33037608806864915,0.630170703489267
just started,neither,0.032803472495977,0.36242220823605287,0.6047743192679701
if you have BTTV you can do /uptime,offensive_language,0.054528424816717755,0.5697650377061811,0.37570653747710103
like 1 min. matt's just doing recap,neither,0.04318997247955715,0.35658140750563816,0.6002286200148048
it'll only work for the first rebroadcst though,neither,0.02726255566206671,0.29398291718412917,0.6787545271538041
"@NL_Stormyknight the sync issues came from twitch, not from the studio. Their recording is find.",neither,0.04564856673846937,0.24453102736583543,0.7098204058956952
counting the intro :P,neither,0.03866070928482971,0.315921621508949,0.6454176692062213
3 hour ep,neither,0.03945320844208391,0.33037608806864915,0.630170703489267
"meanwhile, i'm still plotting how i can get a hoodie",neither,0.038702876774308746,0.3431111746804045,0.6181859485452866
good mormimg from Germany,neither,0.03988636909597692,0.31141498072224194,0.6486986501817811
