text,top_class,hate_speech,offensive_language,neither
"@ZykBRooster to what? I see a chat button, gear wheel, and options menu?",neither,0.04547095988319944,0.3050500016997673,0.6494790384170334
"@pSticky, A lot",neither,0.03945320844208391,0.33037608806864915,0.630170703489267
"Thanks Dragonchrome and ZykBRooster, I did think it sounded familiar, I just suck at recognising/naming stuff :P",neither,0.04449315872920509,0.3223051597146573,0.6332016815561377
"@YAZF done it more than 3 times, same thing...",neither,0.039491396027137575,0.34661361007792824,0.6138949938949342
Good evening HeyGuys,neither,0.03869882722860525,0.3306355543605695,0.6306656184108252
"@pSticky probably as many people as those who ask ""when is critical role?"" during game the game",neither,0.059294244039234695,0.33900885942443004,0.6016968965363353
when does the rebroadcast start,offensive_language,0.016746005304969832,0.49386386460791015,0.4893901300871201
is this the break?,neither,0.05013878243938007,0.30604250909476505,0.6438187084658549
@pSticky everybody every 5 seconds on the 5 seconds :),neither,0.03699781197656003,0.32843394362843115,0.6345682443950088
what is this song...,neither,0.05996683045653229,0.33256274023851656,0.6074704293049512
wishes there was a way to do audio only im so far from thw wifi my bandwith is exta low,neither,0.04082090680187624,0.37622153442255934,0.5829575587755643
prom?,neither,0.03945320844208391,0.33037608806864915,0.630170703489267
"""Link sucks""",neither,0.03945320844208391,0.33037608806864915,0.630170703489267
"@ImMoreAwesomer, soon",neither,0.03945320844208391,0.33037608806864915,0.630170703489267
"This is ""waiting for Sam"" music",neither,0.040557138105422136,0.30385629938849285,0.655586562506085
xoonnstfybvj -> Only those that we deem worthy shall possess the power of the Hyperlink [warning],neither,0.048140585852785724,0.2990817588418225,0.6527776553053918
"""You're going down, you're going down hard""",offensive_language,0.0801907355210142,0.5408224369689506,0.3789868275100352
@taeryth I love spg,neither,0.03217296676969875,0.3657703709031763,0.602056662327125
good morning,neither,0.04970930963283925,0.13564577574880146,0.8146449146183593
do you earn points while watching the rebroadcast?,neither,0.05247687479677904,0.35091062869288697,0.596612496510334
The song WAS NOT Riders on the storm by The Doors but A Link To The Dark Past by djpretzel,neither,0.037951445359026975,0.3544389809346832,0.6076095737062899
"""Gannon Did it!""",neither,0.03679680055061391,0.33128974855371013,0.631913450895676
"@whitetrashix, You could go to mobile quality and just listen to it",neither,0.05572381728826623,0.3424166410403577,0.6018595416713761
@tenthmatrix0 I would try changing from the HTML 5 player to the old player. Hit the options gear in the bottom right of the stream,neither,0.03591977081220344,0.3711578542165838,0.5929223749712128
man so glad i made it for the rebroadcast. my cars starter died and I had to walk 5 miles home. i'm so wrect!!!,neither,0.03217432513870342,0.3972900315651294,0.5705356432961672
@dragonchrome Cool! Do you know when they post it on their website or even on YouTube?,neither,0.03749563979711076,0.412039198166527,0.5504651620363622
twitch doesn't but YouTube red will,neither,0.0378944814391358,0.31871286605657045,0.6433926525042939
rebroadcast starts very soon I remember this,neither,0.03937545681743959,0.3316957360544339,0.6289288071281264
what the crap is this song?,neither,0.05216100972135732,0.3167560253853524,0.6310829648932903
Moo Moo Farms meets the prom?,neither,0.03863206383261136,0.31538736018995056,0.6459805759774381
whitetrashix the app has an audio only mode doesnt it?,neither,0.038487661730331156,0.3137082240772945,0.6478041141923745
Taeryth -> Come on! [stop spamming caps] [warning],neither,0.035904583153075334,0.42094643961653266,0.5431489772303919
whennnnn,neither,0.03945320844208391,0.33037608806864915,0.630170703489267
i think those go upmonday,neither,0.08433831805731262,0.22134846615933418,0.6943132157833531
"@Craveumore, yikes! hope you didn't get stormed on :(",neither,0.0799855419596458,0.3252161644686412,0.594798293571713
rebroadcast time!,neither,0.036668274527354654,0.377643684699956,0.5856880407726893
"@Azsura12, no it doesnt :/",neither,0.03660154503546558,0.34918947010031653,0.6142089848642178
@craveumore glad youre okay,neither,0.04968171522371065,0.3268580355521063,0.6234602492241831
Do we know when it's starting?,neither,0.029675769230393965,0.38178487970706165,0.5885393510625443
has the rebroadcast started or is th is break?,neither,0.05201833981141389,0.30878383774835105,0.6391978224402349
Rebroadcast starts shortly after this song (ffs nightbot) grab your tea and biscuits while you can!,neither,0.06760453328658751,0.3280067478546242,0.6043887188587883
finally subscribed!!,neither,0.03945320844208391,0.33037608806864915,0.630170703489267
The song WAS NOT Riders on the storm by The Doors but A Link To The Past Dark Storm by djpretzel - an homage to the Doors and Zelda,neither,0.03996601835132826,0.32672798207806664,0.6333059995706052
biscuits?,neither,0.03945320844208391,0.33037608806864915,0.630170703489267
"sadly I did, much rain in olympia atea.",neither,0.03536557278219263,0.33178201341308183,0.6328524138047255
hell to the yeah,offensive_language,0.030252034010816595,0.8309658186705082,0.13878214731867508
!wallet,neither,0.03945320844208391,0.33037608806864915,0.630170703489267
episode #70 of Critical Role is now replaying,neither,0.04476887042803933,0.3285477881587959,0.6266833414131647
the mobile app does have audio only,neither,0.02955427443321811,0.41004191904864606,0.5604038065181358
YAYYY,neither,0.03945320844208391,0.33037608806864915,0.630170703489267
YAY,neither,0.03945320844208391,0.33037608806864915,0.630170703489267
"I lied, it starts now",neither,0.03811885589312835,0.33083503309777507,0.6310461110090966
yay,neither,0.03945320844208391,0.33037608806864915,0.630170703489267
YEA,neither,0.03908133164861177,0.3366878077749653,0.624230860576423
"@Milia_Malae, thanks!",neither,0.035884468650613,0.3004919205142699,0.6636236108351171
can I get a BIGBYS HAND,neither,0.039112534669523046,0.3361582110767055,0.6247292542537715
gandsMatt,neither,0.03945320844208391,0.33037608806864915,0.630170703489267
Mic gets fixed,neither,0.03945320844208391,0.33037608806864915,0.630170703489267
The Show has Begun -),neither,0.062412194086941014,0.1907852127684401,0.7468025931446188
VOD hsould be available nowish it goes to geek and sundry's main website Monday Midday and youtube sometime after that but there will be a full replay of today after this so it will come around again,neither,0.04296781506932339,0.31667858083736844,0.6403536040933081
woot,neither,0.03945320844208391,0.33037608806864915,0.630170703489267
rebroadcast and hurricane Mathew coverage on the tv let's go,neither,0.02684358255386886,0.3250954513308722,0.6480609661152589
NO SPOILERS critters pls,neither,0.03841525844964217,0.3479928082740095,0.6135919332763483
^,neither,0.03945320844208391,0.33037608806864915,0.630170703489267
OMGGGGGGGGGGG!!!!!!!!,neither,0.03945320844208391,0.33037608806864915,0.630170703489267
it does I used it earlier STJaws (wasnt really a question more rhetorical),neither,0.02987259055342573,0.40912234426023364,0.5610050651863406
CHVRCHES HYPE,neither,0.03945320844208391,0.33037608806864915,0.630170703489267
can someone tell me how long this episode is? :),neither,0.039252356501554564,0.3553735319966131,0.6053741115018323
4 hours,neither,0.03945320844208391,0.33037608806864915,0.630170703489267
lucky!,neither,0.03945320844208391,0.33037608806864915,0.630170703489267
4 hour ep,neither,0.03945320844208391,0.33037608806864915,0.630170703489267
4 hours,neither,0.03945320844208391,0.33037608806864915,0.630170703489267
what song was that?,neither,0.04044337312870314,0.39124726333160914,0.5683093635396878
Looks like they forgot to turn Matt's mic o-,neither,0.052149849925560564,0.3382405397072244,0.6096096103672152
@STJaws everyone dies cept for gilmore,neither,0.03056539569047099,0.38771610172130455,0.5817185025882244
oh wait the app does. that must be new.,neither,0.03211526920261287,0.3418012838256758,0.6260834469717114
It's worth it to rewatch Matt as Sun Tree,neither,0.04041442054860588,0.3512375349898153,0.6083480444615788
4 hours,neither,0.03945320844208391,0.33037608806864915,0.630170703489267
Jinxed it,neither,0.034373745257138544,0.33212314837979673,0.6335031063630647
@YAZF than you very much...,neither,0.05277139624463514,0.3994798047248648,0.5477487990305
"@Azsura12, never seen the audio only mode",neither,0.03601204101993732,0.34762192265943237,0.6163660363206304
Time 2 bust out the whiskey. Lets get started!!,neither,0.03447351716586852,0.35783153550143465,0.6076949473326968
this episode was just less than 4 hours in length,neither,0.03555519086925546,0.35486533902929007,0.6095794701014544
@tenthmatrix0 did it work?,neither,0.03746413982002806,0.33106021997771423,0.6314756402022577
FailFish,neither,0.03945320844208391,0.33037608806864915,0.630170703489267
"sweet, thanks <3",neither,0.03688101886252514,0.3088369036874084,0.6542820774500665
you just hit the little gear button in the app,neither,0.04446610102291725,0.3535116433073562,0.6020222556697266
"@Malachai75, DansGame",neither,0.03945320844208391,0.33037608806864915,0.630170703489267
gandsSCANLAN gandsLessthanthree gandsSCANLAN gandsCrit,neither,0.03945320844208391,0.33037608806864915,0.630170703489267
gandsSCANLAN Rap gandsSubHype,neither,0.03945320844208391,0.33037608806864915,0.630170703489267
We have a subscriber-only Discord server! Join here: https://t.co/Of0oLClO2v (you'll need to sub and link it to your Twitch) and be a part of the fun!,neither,0.09547053438395335,0.28230926502643855,0.6222202005896081
FailFish,neither,0.03945320844208391,0.33037608806864915,0.630170703489267
yes,neither,0.03945320844208391,0.33037608806864915,0.630170703489267
CoolCat,neither,0.03945320844208391,0.33037608806864915,0.630170703489267
LOL,neither,0.020706217963973744,0.4882283491876925,0.4910654328483337
"cool, just in time",neither,0.03248722872275666,0.3817209120421528,0.5857918592350905
LMAO,neither,0.03705015143476208,0.3711622369619404,0.5917876116032975
oh god,neither,0.047523175703714664,0.25506489023357065,0.6974119340627147
CoolCat,neither,0.03945320844208391,0.33037608806864915,0.630170703489267
Scanlan jam man!!!,neither,0.039639168428322206,0.4115239584302074,0.5488368731414704
HAHAHA,neither,0.03945320844208391,0.33037608806864915,0.630170703489267
cringe fest,neither,0.03945320844208391,0.33037608806864915,0.630170703489267
This is pure genius,neither,0.04717782846381747,0.3291937669354867,0.6236284046006958
he's not even on beat....,neither,0.03944780815764469,0.36807137415649244,0.5924808176858629
NotLikeThis,neither,0.03945320844208391,0.33037608806864915,0.630170703489267
OH GOD,neither,0.047523175703714664,0.25506489023357065,0.6974119340627147
OMG,neither,0.03945320844208391,0.33037608806864915,0.630170703489267
FailFish,neither,0.03945320844208391,0.33037608806864915,0.630170703489267
lol,neither,0.020706217963973744,0.4882283491876925,0.4910654328483337
gandsSCANLAN gandsSCANLAN,neither,0.03945320844208391,0.33037608806864915,0.630170703489267
LOL,neither,0.020706217963973744,0.4882283491876925,0.4910654328483337
Mr. Herriman,neither,0.03945320844208391,0.33037608806864915,0.630170703489267
"He did not say, ""wiggy wiggy.""",neither,0.04160436156760522,0.3320802118125088,0.626315426619886
This hurts so bad...,neither,0.035636372049721164,0.38459531035539396,0.5797683175948849
OMG hahaha,neither,0.03945320844208391,0.33037608806864915,0.630170703489267
lol it gets worse Nightsidez,neither,0.03754615051452072,0.23794324881324952,0.7245106006722297
DansGame,neither,0.03945320844208391,0.33037608806864915,0.630170703489267
Literally the whitest thing I've ever seen,neither,0.02274333346553244,0.3061492862891826,0.6711073802452848
i'm actually dying,neither,0.03945320844208391,0.33037608806864915,0.630170703489267
MORE?!,neither,0.044084690295906365,0.306805713525994,0.6491095961780997
FailFish,neither,0.03945320844208391,0.33037608806864915,0.630170703489267
please don't tell me that...,neither,0.027265711758233033,0.4231628998716401,0.549571388370127
Tailesin's face makes this whole thing worth listening to,neither,0.04422258447616072,0.328584891541746,0.6271925239820931
Lololol,neither,0.03945320844208391,0.33037608806864915,0.630170703489267
lol,neither,0.020706217963973744,0.4882283491876925,0.4910654328483337
LOL,neither,0.020706217963973744,0.4882283491876925,0.4910654328483337
how can people ever be serious around Sam it must be impossible,neither,0.05688251304294129,0.3217691875782023,0.6213482993788564
And thats shot number 1,neither,0.03865514628517338,0.28995257355276405,0.6713922801620626
"Help G&S make great content! $4.99/month gets you emotes, Minecraft server access, Sub Only Q&As, VODs, and more! Every sub keeps the channel alive! twitch.tv/geekandsundry/subscribe",neither,0.043092924924402844,0.32365565443818894,0.6332514206374082
lmao!!!,neither,0.03705015143476208,0.3711622369619404,0.5917876116032975
"""there is more""worst statement of the night",neither,0.04063839919151176,0.26104169841443153,0.6983199023940566
FailFish,neither,0.03945320844208391,0.33037608806864915,0.630170703489267
oh gods.,neither,0.051363287716059566,0.22255663153133606,0.7260800807526044
word to yo motha,neither,0.04620914231212884,0.39487940868865135,0.5589114489992199
wajevvucdlwl -> Only those that we deem worthy shall possess the power of the Hyperlink [warning],neither,0.048140585852785724,0.2990817588418225,0.6527776553053918
stopppp,neither,0.03945320844208391,0.33037608806864915,0.630170703489267
gandsApplaud,neither,0.03945320844208391,0.33037608806864915,0.630170703489267
#solistenupg,neither,0.03945320844208391,0.33037608806864915,0.630170703489267
Kappa //,neither,0.03945320844208391,0.33037608806864915,0.630170703489267
"@YAZF It worked, than you very much",neither,0.04764504748976056,0.3818597840459318,0.5704951684643077
Taliesin's so red lmao,neither,0.03773275351220506,0.41316571282905246,0.5491015336587425
SeemsGood,neither,0.03945320844208391,0.33037608806864915,0.630170703489267
anyone else dieing xD,neither,0.03945320844208391,0.33037608806864915,0.630170703489267
gandsSCANLAN gandsSCANLAN gandsSCANLAN gandsSCANLAN gandsSCANLAN gandsSCANLAN,neither,0.03945320844208391,0.33037608806864915,0.630170703489267
Kappa )/ Kappa //,neither,0.03945320844208391,0.33037608806864915,0.630170703489267
haHAA MingLee,neither,0.03945320844208391,0.33037608806864915,0.630170703489267
Kappa //,neither,0.03945320844208391,0.33037608806864915,0.630170703489267
wow,neither,0.03945320844208391,0.33037608806864915,0.630170703489267
my new ringtone.,neither,0.025163745103557757,0.31842086072039355,0.6564153941760488
Oh my lord that was so horribly good,neither,0.029306590659360976,0.4487648733838623,0.5219285359567767
"Sarenrae's grace, make it stop!",neither,0.038046297117123096,0.4041201340055772,0.5578335688772997
Kappa //,neither,0.03945320844208391,0.33037608806864915,0.630170703489267
yyyeeeeeaaaaahhhh Booooiiiiiiiiiisssssssss!!!!!!!!,neither,0.03945320844208391,0.33037608806864915,0.630170703489267
I'm down with OPP,neither,0.028221820232913114,0.369781061502601,0.6019971182644859
Kappa //,neither,0.03945320844208391,0.33037608806864915,0.630170703489267
Yeah you know me Kappa,offensive_language,0.028977450464858195,0.5067231595254782,0.46429939000966364
nailed it,neither,0.03772653554390317,0.33096997005595963,0.6313034944001372
Dear god,neither,0.03945320844208391,0.33037608806864915,0.630170703489267
You Now Have Inspiration! -),neither,0.05680225318410973,0.3911475375677907,0.5520502092480996
Straight Outta Whiteastone,neither,0.03945320844208391,0.33037608806864915,0.630170703489267
lol oh god DARE class... i remembvevr that,neither,0.0335994884796241,0.3716767842008492,0.5947237273195266
Spice Cube,neither,0.03945320844208391,0.33037608806864915,0.630170703489267
anyone else got low fps?,neither,0.03819680073617541,0.3755336849613488,0.5862695143024758
"oh man, D.A.R.E. classes....",neither,0.04556177536274184,0.3442531376204339,0.6101850870168243
Straight Outa Da Mansion!,neither,0.06525200828801166,0.42367666116279773,0.5110713305491906
Weird Al eat your heart out,neither,0.06591812177827645,0.2712196163821003,0.6628622618396233
"@mayhemtoolkit, OMG that's perfect!",neither,0.03493218985639753,0.3796893914108152,0.5853784187327873
drugs are really excellent?,neither,0.06255571005835402,0.28953501547162364,0.6479092744700222
10 Points to Gryfindor for the D.A.R.E. name drop.,neither,0.04666672035332337,0.289139593862942,0.6641936857837346
wow I remember D.A.R.E.,neither,0.03945320844208391,0.33037608806864915,0.630170703489267
Just got out of work... and thats just what I needed lol,neither,0.027637537574286653,0.4079539939308581,0.5644084684948553
It hurts so guuud,neither,0.03765592092511343,0.387940256276657,0.5744038227982295
@zenithshadowforce no question yo :P,neither,0.038558580428338894,0.43454023175011774,0.5269011878215435
@Craveumore lol same,neither,0.028245572402718105,0.4444572659521006,0.5272971616451813
Straight outta Whitestone,neither,0.03945320844208391,0.33037608806864915,0.630170703489267
"Search SoundCloud for ""Scanlan"" to listen to more Rap by Scanlan -)",neither,0.04584602271519531,0.32626947340997153,0.6278845038748331
D...I won't do drugs.,neither,0.04112212566179482,0.32980207090758584,0.6290758034306193
A...I won't have attitude.,neither,0.03881790053414131,0.34115892128795366,0.6200231781779051
The Spice album,neither,0.03859235044135855,0.31464509580225924,0.6467625537563821
The twins are really twinning it up tonight,neither,0.05307856655868994,0.30012935843136035,0.6467920750099497
OH,neither,0.051363287716059566,0.22255663153133606,0.7260800807526044
:o,neither,0.03945320844208391,0.33037608806864915,0.630170703489267
WHOA,neither,0.03945320844208391,0.33037608806864915,0.630170703489267
R...I will respect myself.,neither,0.041104336380201556,0.3023521378582493,0.6565435257615492
"oh dear, its that time of the year again",neither,0.03286163231557015,0.3522057227441196,0.6149326449403103
Ohsnap,neither,0.03945320844208391,0.33037608806864915,0.630170703489267
@Jjaamm0 try dropping you video quality to medium or low if you are on high,neither,0.0673531423164761,0.4010984021520605,0.5315484555314633
E....I will educate me.,neither,0.028101450162641813,0.36127344043314424,0.6106251094042139
Matt will totally win,neither,0.04064818843998096,0.3100941588550543,0.6492576527049646
i wonder what matt will dress up this year. His Geralt of Rivia last year was insanely good,neither,0.05530208716673488,0.3472965131861695,0.5974013996470956
"Dr Dranzel, Spice Cube and Kiki--motherf**king-Key",neither,0.0389929882179231,0.30802811696850946,0.6529788948135675
did the rebroadcast just start??,neither,0.03278404891136195,0.3366244365827671,0.630591514505871
HOT Geralt,neither,0.03945320844208391,0.33037608806864915,0.630170703489267
Yesss!!!,neither,0.03945320844208391,0.33037608806864915,0.630170703489267
still in the announcements before the opening intro @tellomore,neither,0.03493286305227933,0.3648457253664887,0.600221411581232
yes justr started,neither,0.03945320844208391,0.33037608806864915,0.630170703489267
got here just in time for rebroadcast its my lucky day!!!!,neither,0.04060759690694751,0.4005201233936101,0.5588722796994423
catpoop,neither,0.03945320844208391,0.33037608806864915,0.630170703489267
CoolCat,neither,0.03945320844208391,0.33037608806864915,0.630170703489267
that look into the camera,neither,0.036438153855115486,0.3555351529287963,0.6080266932160883
gbuphgqhtm -> Only those that we deem worthy shall possess the power of the Hyperlink [warning],neither,0.048140585852785724,0.2990817588418225,0.6527776553053918
yea i never buy ultimate edition... 4 days early is meh,neither,0.04222581463578782,0.33945075240593303,0.6183234329582791
awesome caught the start of the rebroadcast. Damn uk time,offensive_language,0.04150218818086191,0.6391927992273927,0.3193050125917453
did the rebroadcast just start?,neither,0.03278404891136195,0.3366244365827671,0.630591514505871
ooh yea I bought masquerada,neither,0.03926955939758634,0.33349309163958657,0.627237348962827
I watched live I'm back to watch the first half again!,neither,0.043785100330540956,0.3375942945446908,0.6186206051247684
its pretty good. amazing voice acting,neither,0.034244384625766136,0.33216764143283534,0.6335879739413984
I don't know if I want to get another jacket or the halo legendary crate,neither,0.05289778640261998,0.31116227809590363,0.6359399355014764
@Firanth What kind of game?,neither,0.04506296571880876,0.278633523217054,0.6763035110641371
"Lobada07, Yep this is the start.",neither,0.0471859874093937,0.3119554646477659,0.6408585479428404
Felicia in Masquerada too,neither,0.038903561522837554,0.33970503075241226,0.6213914077247502
-casually adds that to my wishlist...-,neither,0.03207142254303913,0.4254295186359875,0.5424990588209734
still in the announcements before the opening intro @Lobada07,neither,0.03493286305227933,0.3648457253664887,0.600221411581232
@Dolnor its a bit like Transistor,neither,0.04399184559882904,0.35441277101663343,0.6015953833845374
"sweeet, thanks!",neither,0.035884468650613,0.3004919205142699,0.6636236108351171
@Dolnor but the setting is damn cool,offensive_language,0.04837202285333352,0.7401803414377948,0.21144763570887176
CR didn,neither,0.024919252778660698,0.3760812364573992,0.5989995107639401
you can look it up at steam to see,neither,0.0574784342078651,0.4320028963837744,0.5105186694083604
"Cool, Thanks )",neither,0.0367426274230533,0.3076780315905544,0.6555793409863925
bidet from NJ all,neither,0.042892678050768435,0.39200452750743414,0.5651027944417973
Titanfall will finally have an actual story? Hmmmmm,neither,0.04016286764596399,0.31833131931586556,0.6415058130381704
lul,neither,0.03945320844208391,0.33037608806864915,0.630170703489267
Laura was fooled,neither,0.03930982721592437,0.3328096416717587,0.627880531112317
CR didn't win any of the Streamy awards did they :C,neither,0.0294837303873066,0.347642728117107,0.6228735414955864
its called Masquerada: Songs and Shadows,neither,0.033896813814398734,0.29927784388109485,0.6668253423045065
one of the sconce torches is missing,neither,0.04673679017151587,0.34400109372707754,0.6092621161014066
I'll look it up -),neither,0.03625414359568578,0.40562318145143617,0.558122674952878
I went the entire initial broadcast without noticing this,neither,0.03880156034135491,0.3206812243399323,0.6405172153187129
VOTE,neither,0.03945320844208391,0.33037608806864915,0.630170703489267
@Taeryth It was duct taped last week lol,neither,0.03321407029340528,0.3694426053604109,0.5973433243461838
next year @STJaws,neither,0.03836193217187652,0.34889789437818775,0.6127401734499359
Oh awww its broken,neither,0.03825969519551704,0.2902013001846359,0.6715390046198471
"Vote for Vox Mochina, not Thordak!",neither,0.030835244265121808,0.3003031502720195,0.6688616054628588
if I could I would,neither,0.017838455320038367,0.3964372705073513,0.5857242741726103
"@Dragonchrome, Yes!",neither,0.03945320844208391,0.33037608806864915,0.630170703489267
