text,top_class,hate_speech,offensive_language,neither
Bidet from NZ,neither,0.04228451509352876,0.2823214250720796,0.6753940598343917
gandsSubHype gandsSubHype gandsSubHype,neither,0.03945320844208391,0.33037608806864915,0.630170703489267
BloodTrail,neither,0.03945320844208391,0.33037608806864915,0.630170703489267
Hello from Sunny Tucson,neither,0.04040683511112239,0.31419055472777996,0.6454026101610977
please remember the people in NC dealing with flooding,neither,0.046491459959141106,0.34234736994937015,0.6111611700914887
Bee,neither,0.03945320844208391,0.33037608806864915,0.630170703489267
a stream is eanred,neither,0.04981691255257763,0.32681153499115395,0.6233715524562684
this mix makes this soundtrack far less creepy,neither,0.03933210307401697,0.3322176079750633,0.6284502889509197
bidet from michigan!,neither,0.040769555981420263,0.3080342349327864,0.6511962090857933
Bidet from VA!,neither,0.04066490145509902,0.30981049537100724,0.6495246031738937
Bidet from Rhode Island,neither,0.04039476597904064,0.31439539939713196,0.6452098346238274
Hopefully Percy will hang back,neither,0.040506244014464406,0.31250332620150173,0.646990429784034
first show as a sub!,neither,0.043583294881106086,0.2916236927070352,0.6647930124118587
sam just got here! starting soon!,neither,0.06790911854136607,0.3535582106587804,0.5785326707998534
gandsSubHype,neither,0.03945320844208391,0.33037608806864915,0.630170703489267
Friend me if you're in PA! :D,neither,0.04075763339646709,0.4313125270695554,0.5279298395339775
"I really want to know how the Scanlan drug subplot progresses, so let's get past this dragon thing quickly.",neither,0.03276855663635047,0.36537299146868485,0.6018584518949647
"@virothane I believe you mean: ""Percival Fredericstein von Rolo de Frankenstein de Rolo""",neither,0.04899415107308063,0.357918706059877,0.5930871428670424
ODBBSTRD - yo me tooo,neither,0.03203078569725604,0.4436800095101763,0.5242892047925677
first live stream from Australia. normally watch rebroadcast on youtube,neither,0.03958749787397456,0.32750419212512766,0.6329083100008976
Woot @GeekandSundry,neither,0.03945320844208391,0.33037608806864915,0.630170703489267
*tardiness intensifies*,neither,0.03945320844208391,0.33037608806864915,0.630170703489267
Yay!,neither,0.03945320844208391,0.33037608806864915,0.630170703489267
Bidet from Philadelphia!,neither,0.04066490145509902,0.30981049537100724,0.6495246031738937
YAY,neither,0.03945320844208391,0.33037608806864915,0.630170703489267
gandsDrink gandsDrink gandsDrink,neither,0.03945320844208391,0.33037608806864915,0.630170703489267
gandsTrinket,neither,0.03945320844208391,0.33037608806864915,0.630170703489267
anyone else giving up on Alpha tonight?,neither,0.03367568443215274,0.3581375909131749,0.6081867246546724
oh same,neither,0.04962821857823098,0.26407871113405634,0.6862930702877127
gandsRaid,neither,0.03945320844208391,0.33037608806864915,0.630170703489267
yaaaaaay,neither,0.03945320844208391,0.33037608806864915,0.630170703489267
They're all gonna die.,neither,0.32256111159058376,0.16508539142260029,0.512353496986816
"Biset from Newcastle, New South Wales, Australia.",neither,0.04336123322866499,0.23965161052071662,0.7169871562506184
"Brother, where in South Dakota",neither,0.04090650022104998,0.3057099337902841,0.6533835659886659
Afternoons fellow Aussies <3 <3 <3,neither,0.03945320844208391,0.33037608806864915,0.630170703489267
WOOO,neither,0.03945320844208391,0.33037608806864915,0.630170703489267
GeekandSundry: sam just got here! starting soon!,neither,0.06790911854136607,0.3535582106587804,0.5785326707998534
Yay @GeekandSundry !,neither,0.03945320844208391,0.33037608806864915,0.630170703489267
Of course it was sam,neither,0.037956805869873565,0.3328493483591595,0.6291938457709668
Bidet from Washington,neither,0.04080695066346891,0.3073995495860776,0.6517934997504536
Orlando Critters what's up!!!,neither,0.04223376428746363,0.38157029401084824,0.5761959417016881
im so pumped,neither,0.03851719250527894,0.4113593986686945,0.5501234088260265
thank you @geekandsundry !,neither,0.07325166854587051,0.43632638485078484,0.49042194660334476
gandsSubHype gandsSubHype gandsSubHype gandsSubHype gandsSubHype gandsSubHype,neither,0.03945320844208391,0.33037608806864915,0.630170703489267
Does putting a @ in front of a name ACTUALLY help?,neither,0.02931451883248867,0.4241260734313948,0.5465594077361164
WOOOOOO!!!!!!!!!!!!! gandsSubHype gandsSubHype gandsSubHype gandsSubHype gandsSubHype gandsSubHype gandsSubHype gandsSubHype gandsSubHype gandsSubHype,neither,0.03945320844208391,0.33037608806864915,0.630170703489267
Bidet all,offensive_language,0.046917543854519406,0.6277741405869331,0.3253083155585475
can we please get a countdown clock ?,neither,0.03906155092819975,0.337023538223924,0.6239149108478763
This will be so anticlimactic if they fail the gate scroll',neither,0.028336564989663242,0.3713568977947796,0.6003065372155573
BEEP BEEP,neither,0.03945320844208391,0.33037608806864915,0.630170703489267
Hello everyone!!!!,neither,0.03269494828970791,0.4450814005079928,0.5222236512022994
My body is ready!,neither,0.03405984045513004,0.42505863100050806,0.540881528544362
Aw yiss. Using that one free sub per month from my Prime membership to support my CritRole habit,neither,0.03889016392297006,0.4596789287769749,0.501430907300055
@ProphetSpartan being violated by matt mercer is not that bad,neither,0.035922628258441655,0.4137554797238294,0.5503218920177289
#badnewsbears time,neither,0.036668274527354654,0.377643684699956,0.5856880407726893
gandsSCANLAN gandsSCANLAN gandsSCANLAN gandsSCANLAN gandsSCANLAN,neither,0.03945320844208391,0.33037608806864915,0.630170703489267
sam late again :D,neither,0.037659920969264946,0.36081285658975165,0.6015272224409833
Good evening from Belgium!,neither,0.03989301137825596,0.3111182736896296,0.6489887149321144
@GeekandSundry Thanks for letting us know.,neither,0.06497715421937024,0.2845209212392677,0.6505019245413621
The background music sounds like the forest dungeon from Ocarina of Time,neither,0.044822196055601476,0.31980786906089015,0.6353699348835085
danHappy danKnife,neither,0.03945320844208391,0.33037608806864915,0.630170703489267
Finally!!! gandsSCANLAN gandsSCANLAN gandsSCANLAN,neither,0.03945320844208391,0.33037608806864915,0.630170703489267
bidet from brighton United Kingdom!,neither,0.04035096305996787,0.3151388492503063,0.6445101876897258
Beep beep,neither,0.03945320844208391,0.33037608806864915,0.630170703489267
Hi,neither,0.03945320844208391,0.33037608806864915,0.630170703489267
if Kima dies i'm going to be a sad panda,neither,0.029469145517714908,0.3897547265486635,0.5807761279336217
MESSAGE 55 - STATMENT NOT FOUND,neither,0.03836980460995341,0.33443690399732096,0.6271932913927257
gandsSubHype gandsSubHype gandsSubHype gandsSubHype gandsSubHype,neither,0.03945320844208391,0.33037608806864915,0.630170703489267
"ReMix: The Legend of Zelda: Ocarina of Time ""Prayer""",neither,0.038261265648270114,0.3321747888334179,0.629563945518312
gandsSCANLAN,neither,0.03945320844208391,0.33037608806864915,0.630170703489267
I can say things and somebody can read those things and reply to them and then I can read their replies,neither,0.0576793713184396,0.2445455338208333,0.6977750948607271
Beep Beep from Maryland,neither,0.04066490145509902,0.30981049537100724,0.6495246031738937
first time watching live! So excited!!!,neither,0.03587641250807106,0.38499492490635284,0.5791286625855762
"Keep cool, stay frosty!",neither,0.03945320844208391,0.33037608806864915,0.630170703489267
Bidet from Hawaii,neither,0.04062582848913359,0.31047366557575606,0.6489005059351104
gandsSCANLAN gandsLessthanthree,neither,0.03945320844208391,0.33037608806864915,0.630170703489267
TPK reroll Vax Vex Vix Vox Vux Våx Väx Vöx,neither,0.03945320844208391,0.33037608806864915,0.630170703489267
gandsCrit gandsCrit gandsCrit gandsCrit gandsCrit,neither,0.03945320844208391,0.33037608806864915,0.630170703489267
Bidet from Finland!,neither,0.04228451509352876,0.2823214250720796,0.6753940598343917
"woof, I am getting a lot of lagspikes",neither,0.03568372818384253,0.3917038986782543,0.5726123731379033
Bidet and Beep Beep from australia,neither,0.03965776716412151,0.26988353053137865,0.6904587023044999
Greetings critters,neither,0.03945320844208391,0.33037608806864915,0.630170703489267
any NH peeps in the chat,neither,0.038815916871264435,0.3188004479638515,0.6423836351648841
@GaeaCa Saw what you and the rest of the chathroom did *hugs* <3,neither,0.05365370954896276,0.30211897411753624,0.6442273163335009
gandsSCANLAN gandsSCANLAN,neither,0.03945320844208391,0.33037608806864915,0.630170703489267
Why do I get the feeling this is going to end badly,neither,0.03925468230444961,0.3511355476968799,0.6096097699986704
Raaaaahhhh! Knoxville is here!,neither,0.10824457679916294,0.28430257164552414,0.6074528515553129
I honestly love how everyone greets with Bidet haha,offensive_language,0.022515115109848948,0.4949797366554933,0.48250514823465773
"Bidet from Hamilton, Ontario, Canada",neither,0.040354386843928725,0.3150807387011266,0.6445648744549448
gandsSCANLAN,neither,0.03945320844208391,0.33037608806864915,0.630170703489267
this music contains a GarageBand loop i am calling the authorities,neither,0.03850283984248996,0.3185721433326969,0.6429250168248131
"@Davidguy, ok...I just think that subs should be exempt",neither,0.041973605666600945,0.39817770835686384,0.5598486859765353
Thursday,neither,0.03945320844208391,0.33037608806864915,0.630170703489267
"Did I see someone else from Newie, Australia?",neither,0.040271427595779896,0.3164887736485972,0.6432397987556229
gandsMatt,neither,0.03945320844208391,0.33037608806864915,0.630170703489267
"Greetings from the east coast, NYC",neither,0.039554827797473074,0.30324116759020414,0.6572040046123229
gandsCrit gandsCrit,neither,0.03945320844208391,0.33037608806864915,0.630170703489267
It's time,neither,0.034389982057555904,0.3710596410554468,0.5945503768869974
I hope there is some perc'ahlia development!!,neither,0.07034269134992056,0.20428100187570963,0.7253763067743697
bidet gandsDrink,neither,0.03945320844208391,0.33037608806864915,0.630170703489267
gandsSCANLAN,neither,0.03945320844208391,0.33037608806864915,0.630170703489267
Perc'alia ~ alia the way!,neither,0.037970523186524746,0.30084090982671247,0.6611885669867628
gandsSCANLAN gandsSCANLAN,neither,0.03945320844208391,0.33037608806864915,0.630170703489267
@devilsreflex lucky,neither,0.03945320844208391,0.33037608806864915,0.630170703489267
gandsSCANLAN gandsClassic,neither,0.03945320844208391,0.33037608806864915,0.630170703489267
FYI Sam just arrived so they will start soon,neither,0.037508206333453024,0.35568522869639274,0.6068065649701543
"So tired, been dragon all day",neither,0.04125009123463403,0.42868210839650245,0.5300678003688635
woo wisconsin!,neither,0.03945320844208391,0.33037608806864915,0.630170703489267
Remember fake it till they leave good look and hope the plan works,neither,0.05796737408547881,0.23080754090660607,0.711225085007915
go on guys need that beautiful bard gandsSCANLAN,neither,0.033895282863610834,0.38820118844331564,0.5779035286930735
Hi all so glad to be here,neither,0.10023320642400436,0.40176873679630454,0.4979980567796911
gandsLessthanthree,neither,0.03945320844208391,0.33037608806864915,0.630170703489267
LET THE DRAGON SLAYING COMMENCE,neither,0.027533617693183104,0.34166821487588045,0.6307981674309365
Beast battle in the badlands,neither,0.03861643909132946,0.31509554585419186,0.6462880150544786
Bidet from Alaska,neither,0.04066490145509902,0.30981049537100724,0.6495246031738937
gandsMDK gandsMDK gandsMDK gandsMDK gandsMDK gandsMDK gandsMDK gandsMDK gandsMDK gandsMDK gandsMDK gandsMDK,neither,0.03945320844208391,0.33037608806864915,0.630170703489267
cant take it~~~~ head gonna splode,neither,0.035382885447789156,0.40643040651149154,0.5581867080407195
They are preparing their alts,neither,0.06659173282167086,0.2836473745298902,0.649760892648439
"Hey Critters, and other Okies in the house tonight?",neither,0.03663237441290261,0.2767570503846939,0.6866105752024035
Ossesa said looking into the Abyss is a bad idea so hope it goes ok,neither,0.06502641556061652,0.26969915840806663,0.6652744260313168
I want kaiju fight for realz,neither,0.03180316976140221,0.285507919974983,0.6826889102636149
Canada here!,neither,0.09942143302913084,0.28448859399755033,0.6160899729733189
"Oh no, did I miss fan art?????",neither,0.037092420377253,0.3042241651190546,0.6586834145036923
Bidet,neither,0.03945320844208391,0.33037608806864915,0.630170703489267
@it',neither,0.034373745257138544,0.33212314837979673,0.6335031063630647
@missnavei SAME,neither,0.04148851938089603,0.3488915597363099,0.609619920882794
Beep beep from Illinois!,neither,0.04069404815304118,0.30931579984010865,0.6499901520068502
Anyone else feel like they are waiting in the lobby....,neither,0.06543454623783286,0.29717525680587903,0.6373901969562881
gandsSCANLAN gandsSCANLAN gandsSCANLAN gandsSCANLAN gandsSCANLAN gandsSCANLAN gandsSCANLAN,neither,0.03945320844208391,0.33037608806864915,0.630170703489267
"gandsHR gandsHR Is their HR staple, Its the emote people put in chat usually when something dirty happens",neither,0.05864484379672576,0.3411172116739762,0.600237944529298
"i'm subbed! Thanks, Amazon! :D",neither,0.037328737276664754,0.31258604004565615,0.6500852226776791
Can i get some drinking rules? Gonna need em for this one.,neither,0.028932850243747383,0.37286018329518006,0.5982069664610725
Vox Machina - THE DRAGONPUNCH SAGA,neither,0.03843498882663835,0.31168514531390124,0.6498798658594604
gandsSCANLAN,neither,0.03945320844208391,0.33037608806864915,0.630170703489267
Startttttt pleasssseee TableHere,neither,0.03945320844208391,0.33037608806864915,0.630170703489267
I'll wait as long as I need to. To watch this epic battle of life and death,neither,0.04460311524241369,0.367700357085373,0.5876965276722133
there going to fight a naga,neither,0.04566025007438209,0.3082959234640756,0.6460438264615422
Canada bay bee,neither,0.03945320844208391,0.33037608806864915,0.630170703489267
YAS LOVE THIS SONG,neither,0.036196160130677044,0.35200089632113535,0.6118029435481875
??????????????????????????????,neither,0.03945320844208391,0.33037608806864915,0.630170703489267
SAMS HERE,neither,0.22097653003277068,0.2221615150675793,0.55686195489965
hi from Minnesota,neither,0.04047678480113211,0.313003325934171,0.6465198892646968
"ok. @sandbagger3 I know it was evil. i don't mind this spoiler, but did he at least get to kill a bunch of enemies with ease with it BEFORE they got rid of it?",neither,0.0966906770900241,0.43886505951518817,0.46444426339478767
GeekandSundry: sam just got here! starting soon!,neither,0.06790911854136607,0.3535582106587804,0.5785326707998534
its not started yet right?,neither,0.03180743542794328,0.354843716571416,0.6133488480006407
Well what else would they play music to stab to?,neither,0.052873448655505466,0.3184556496438041,0.6286709017006905
loving all the crowns,neither,0.040365923844421184,0.3996153911151677,0.5600186850404112
suhh dooo,neither,0.03945320844208391,0.33037608806864915,0.630170703489267
gandsSCANLAN,neither,0.03945320844208391,0.33037608806864915,0.630170703489267
gandsMatt gandsSubHype,neither,0.03945320844208391,0.33037608806864915,0.630170703489267
04:00 in the morning. Worth it.,neither,0.04388341508301333,0.20072147890562267,0.7553951060113641
Bidet from Denmark,neither,0.04228451509352876,0.2823214250720796,0.6753940598343917
I don't wanna brag but I hear Virginia critters are pretty much the best <3,neither,0.047610063179938836,0.2942044426094306,0.6581854942106306
BIDET.,neither,0.03945320844208391,0.33037608806864915,0.630170703489267
"@Luap82517, aw, thanks. It was Uberbaldy who arranged it all. <3",neither,0.037226785931083674,0.41288801013607024,0.549885203932846
oh snap,neither,0.04610041286253887,0.2676795543969371,0.6862200327405242
Sydney Australia here,neither,0.07593509618354324,0.2999134958288773,0.6241514079875794
gandsCrit gandsSCANLAN gandsCrit gandsSCANLAN gandsCrit gandsSCANLAN gandsCrit gandsSCANLAN gandsCrit gandsSCANLAN gandsCrit gandsSCANLAN,neither,0.03945320844208391,0.33037608806864915,0.630170703489267
i am @writingapprentic,neither,0.03902346103501681,0.3305238979082658,0.6304526410567174
welcome confused people of twitch who are viewing this cos it's at the top,neither,0.06761379718573082,0.34224269156732884,0.5901435112469404
Why so much buffering?,neither,0.020730925262671607,0.42314222709655874,0.5561268476407697
@davidguy Chat getting slower? thats optimistic..Good luck with that! Great job sofar tho,neither,0.02670894541008499,0.40001976112297005,0.5732712934669448
Buenos noche from tx,neither,0.04081748366884477,0.3072207769958956,0.6519617393352596
I've come to represent Tucson Az,neither,0.023807449499896962,0.3336016159697726,0.6425909345303304
Can someone catch me up on last week? I missed it... mostly plannning?,neither,0.030881164113282514,0.39520577175337485,0.5739130641333425
Critical Role UFC fight night!!!,neither,0.03338138324371944,0.3302075537550188,0.6364110630012618
VA Critters Wooooo! gandsSCANLAN,neither,0.03945320844208391,0.33037608806864915,0.630170703489267
gandsLessthanthree gandsSubHype gandsSubHype gandsSubHype gandsSubHype,neither,0.03945320844208391,0.33037608806864915,0.630170703489267
Anyone remember if they still have the Dragonslayer Longsword?,neither,0.022442597119776062,0.3863460186994034,0.5912113841808204
@GeekandSundry Dragons with a chance of Yenk? :D,neither,0.029693040659083934,0.36402495272615204,0.6062820066147641
Hot damn - you character artists. SO GOOD. <3,offensive_language,0.05611792842878363,0.7775152598071524,0.16636681176406393
Lol and this is the remake of the song in english.,neither,0.03702985918782015,0.3225789894770937,0.6403911513350861
<3 So ready but also not ready for this episode!,neither,0.03272949424715383,0.3479365378910172,0.619333967861829
this song is piff,neither,0.05191067595099181,0.33978125200944165,0.6083080720395666
Oooh I love this song,neither,0.03635512507748867,0.35091846816385214,0.6127264067586592
"@smoughshammer1, drink every time you're too scared to breathe",neither,0.07317875907957336,0.35493423519846945,0.5718870057219573
gandsTeamNoStream,neither,0.03945320844208391,0.33037608806864915,0.630170703489267
Argentina!,neither,0.03945320844208391,0.33037608806864915,0.630170703489267
boquesPANIC boquesPANIC boquesPANIC boquesPANIC,neither,0.03945320844208391,0.33037608806864915,0.630170703489267
can someone tell me what the artist is for this song?,neither,0.03790358249659564,0.32471923212838644,0.6373771853750179
Of course it is Sam's fault...,neither,0.044864085264527655,0.32851503941039384,0.6266208753250785
Beep beep from New Zealand #IsItFridayYet,neither,0.046710622032705686,0.1542697019613409,0.7990196760059534
What is this music? It's beautiful. :o,neither,0.052693367415493055,0.3253044744479937,0.6220021581365132
gandsMatt gandsSubHype gandsMatt gandsSubHype gandsMatt,neither,0.03945320844208391,0.33037608806864915,0.630170703489267
I have my first snack of the night ready!,neither,0.02148051502824816,0.39081947155287877,0.587700013418873
gandsLessthanthree gandsLessthanthree gandsLessthanthree gandsLessthanthree,neither,0.03945320844208391,0.33037608806864915,0.630170703489267
gandsSubHype,neither,0.03945320844208391,0.33037608806864915,0.630170703489267
gandsTrinket gandsTrinket gandsTrinket,neither,0.03945320844208391,0.33037608806864915,0.630170703489267
Song?,neither,0.038601720699969956,0.3448280572582511,0.616570222041779
gandsTrinket,neither,0.03945320844208391,0.33037608806864915,0.630170703489267
Missouri here,neither,0.09942143302913084,0.28448859399755033,0.6160899729733189
orionacabaOBJECTION,neither,0.03945320844208391,0.33037608806864915,0.630170703489267
crown,neither,0.03945320844208391,0.33037608806864915,0.630170703489267
is it Thursday yet,neither,0.04651135664277627,0.32794846724679255,0.6255401761104311
maybe kima will actually see the end of this battle...,neither,0.03973509720352114,0.30219861869915965,0.6580662840973192
hello fellow aussie!,neither,0.03945320844208391,0.33037608806864915,0.630170703489267
This zelda music is dope!,neither,0.04607601164424737,0.3293779525493779,0.6245460358063747
sam is probably having I panic attack,neither,0.044165909246214975,0.34236358278080187,0.6134705079729831
hi,neither,0.03945320844208391,0.33037608806864915,0.630170703489267
Lets do this !,neither,0.040148419443759686,0.3496283523875733,0.610223228168667
VA Critters!!,neither,0.03945320844208391,0.33037608806864915,0.630170703489267
I love this song,neither,0.034725997547388365,0.3621436434349178,0.6031303590176939
gandsAJinSpace gandsAJinSpace gandsAJinSpace,neither,0.03945320844208391,0.33037608806864915,0.630170703489267
Beep Beep all! one dragon or two?,neither,0.04102703818946572,0.424455738253063,0.5345172235574713
gandsSCANLAN gandsSubHype,neither,0.03945320844208391,0.33037608806864915,0.630170703489267
thats Vex ---> <---- thats Vax,neither,0.03945320844208391,0.33037608806864915,0.630170703489267
House party streaming Crit Role on the big screen!,neither,0.027396092639441292,0.3676119432281401,0.6049919641324186
I had a forutune cookie tell me today to expect romance this evening and considering all I'll be doing is watching this I'm guessing it refers to perc'halia,neither,0.04410078521195126,0.3460898147551355,0.6098094000329132
"been soo many critmas, and no one ever thought of sending all of them a simple, working, watch. xD",neither,0.051427776323255465,0.31162090751073745,0.6369513161660072
Vox Machina *** *** Up!!!!!,offensive_language,0.031680140546704795,0.5091262166492487,0.45919364280404645
gandsTrinket gandsTrinket gandsTrinket gandsTrinket gandsTrinket,neither,0.03945320844208391,0.33037608806864915,0.630170703489267
pease hurry,neither,0.03945320844208391,0.33037608806864915,0.630170703489267
Good luck guys!!!,neither,0.038620240994610346,0.3327808202163712,0.6285989387890184
Taking some extra time to set up the dragon-demon fight.,neither,0.0352977432956861,0.36840598892470156,0.5962962677796123
"Everybody, say your prayers to the gods, whether they be Serenrae, Bahamut, or even the meat man, LESGOOOO",neither,0.059823445640868826,0.35000192448373835,0.5901746298753929
SourPls,neither,0.03945320844208391,0.33037608806864915,0.630170703489267
hi from the Windy City!,neither,0.039555328860257026,0.30311701011063147,0.6573276610291114
Welcome all new viewers and new subs! <3,neither,0.04447434273818818,0.23183888651234677,0.723686770749465
gandsCrit gandsCrit,neither,0.03945320844208391,0.33037608806864915,0.630170703489267
gandsMatt gandsMatt gandsMatt,neither,0.03945320844208391,0.33037608806864915,0.630170703489267
Scanlan is going to get eaten,neither,0.05356312814649668,0.36005145888022283,0.5863854129732805
Oh no I have to leave now critrole whyyyy,neither,0.051454335676170276,0.2977299574832588,0.6508157068405709
Bidet from new jersey,neither,0.04458029923653559,0.209841401288464,0.7455782994750004
So the Zelda playlist is offically done?,neither,0.044032179955140104,0.358063643595615,0.5979041764492449
im trying to BIDET here... whats the hold up!!!!!,neither,0.07864998494299813,0.34878081199548056,0.5725692030615214
Can't wait for this!!! Bidet from OKC!,neither,0.03514708364094468,0.28599808313134617,0.6788548332277091
They have a dragonslayer lonsword and one arrow,neither,0.037418024752082314,0.32998944901035365,0.632592526237564
PogChamp,neither,0.03945320844208391,0.33037608806864915,0.630170703489267
danHmm,neither,0.03945320844208391,0.33037608806864915,0.630170703489267
don't worry be happy,neither,0.03997190486552583,0.33471958513869093,0.6253085099957831
what fever dream *** music is this???,neither,0.05123346702607066,0.3259099346166008,0.6228565983573287
What's the song?,neither,0.04591920975186254,0.3118246661693192,0.6422561240788183
"getting from winnipeg, mb",neither,0.0344864965654302,0.4146741507005633,0.5508393527340064
KreyGasm,neither,0.03945320844208391,0.33037608806864915,0.630170703489267
beep beep from wny,neither,0.04228451509352876,0.2823214250720796,0.6753940598343917
The Eggo Must Be ate https://twitter.com/Mobius___Strip/status/786750330159656960,neither,0.03926645411846206,0.3825388728377003,0.5781946730438378
this song <3,neither,0.03854389284817469,0.34580954682188375,0.6156465603299416
music source?,neither,0.03945320844208391,0.33037608806864915,0.630170703489267
Song and artist?,neither,0.038175514437169177,0.2957938907714473,0.6660305947913836
Hello m8!,neither,0.03945320844208391,0.33037608806864915,0.630170703489267
Texas beep beep to you all,offensive_language,0.08628520130080947,0.516812306942592,0.3969024917565986
hello from New Orleans! And our Honeymoon,neither,0.04187730731695246,0.23290372705922,0.7252189656238275
"First night sub! Greetings Critters, from a long hidden Critter!",neither,0.030090213932931695,0.3175253376707076,0.6523844483963608
gandsLessthanthree gandsSubHype gandsSubHype gandsSubHype,neither,0.03945320844208391,0.33037608806864915,0.630170703489267
They should post a playlist,neither,0.05104883829398531,0.3641987361439257,0.584752425562089
I really quite like this song.,neither,0.049309177814001924,0.35447550055879556,0.5962153216272026
"FIRST TIME WATCHING LIVE, SUBBED UP, LET'S DO THIS!",neither,0.025896378759041036,0.40234070183044673,0.5717629194105122
so sam needs to role a 19 or 20 gg,neither,0.04378110736810438,0.35717269457969175,0.5990461980522039
Ooh someone else from Finland! Huomenta!,neither,0.04045296492479223,0.3134076114005825,0.6461394236746253
this song is so fire,neither,0.04766010404372069,0.3855169697805718,0.5668229261757075
!song,neither,0.038601720699969956,0.3448280572582511,0.616570222041779
cohhGShow cohhGShow cohhGShow cohhGShow cohhHi cohhHi cohhHi,neither,0.03945320844208391,0.33037608806864915,0.630170703489267
This music is really cool. Who is it?,neither,0.05416881253475265,0.38435524100270896,0.5614759464625385
"nuh uh, Kima is gonna end up in another hole, lol",neither,0.06377322478910355,0.381002335569324,0.5552244396415724
GivePLZ gandsFail TakeNRG VoteNay,neither,0.03945320844208391,0.33037608806864915,0.630170703489267
!sub to chat during CR live,neither,0.0472840804824083,0.3265815524947018,0.6261343670228899
Salutations from Buffalo Ny,neither,0.04043211762049359,0.3137614445616591,0.6458064378178473
Help support the #GnSLive twitch channel! $4.99/month gets you exclusive sub-only benefits and helps keep the channel alive! Thanks! twitch.tv/geekandsundry/subscribe or for MOBILE https://secure.twitch.tv/products/geekandsundry/ticket/new,neither,0.047564760200365624,0.28780811278399754,0.6646271270156369
minnesota!,neither,0.03945320844208391,0.33037608806864915,0.630170703489267
ditto,neither,0.03945320844208391,0.33037608806864915,0.630170703489267
gandsHR,neither,0.03945320844208391,0.33037608806864915,0.630170703489267
"Scanlan rolls and 1 to use magical device, Yenk reaches thru the gate and pulls Scanlan thru. Yenk eats Scanlan",neither,0.02640442803014747,0.33038571519853704,0.6432098567713155
I WANT BAD NEWS BEARS!,neither,0.036733114688234716,0.3278827099510392,0.635384175360726
!song,neither,0.038601720699969956,0.3448280572582511,0.616570222041779
im not going to be ready bc Percy is still at a -2 for everything!!!!!!!!!,neither,0.041033823831527504,0.3715307481864056,0.5874354279820668
"Demon= dead Dragon, dead dragon, and dead Vox Machina",neither,0.039076193883386456,0.3122294399049154,0.6486943662116981
This music is bizarre,neither,0.04736297708045636,0.32916236557388956,0.6234746573456542
weedHype weedHype weedHype weedHype weedHype weedHype weed1 weed2 weed3 weed4,neither,0.03945320844208391,0.33037608806864915,0.630170703489267
Team Mercer!,neither,0.03945320844208391,0.33037608806864915,0.630170703489267
Hopefully Scanlan accidentally summons a Demogorgon that'd be great.,neither,0.03515563557843404,0.3457031266032032,0.6191412378183627
MiniK,neither,0.03945320844208391,0.33037608806864915,0.630170703489267
SAM gandsSCANLAN hurry pls,neither,0.03945320844208391,0.33037608806864915,0.630170703489267
So tonight is the night huh? The big one!,neither,0.02368755866057272,0.38992441122147564,0.5863880301179516
SourPls SourPls SourPls,neither,0.03945320844208391,0.33037608806864915,0.630170703489267
"someone at my work has a Grog licence plate,i want to shake their hand",neither,0.03559596793306176,0.39092144254402,0.5734825895229182
Lets do this KappaRoss KappaRoss KappaRoss KappaRoss KappaRoss,neither,0.040148419443759686,0.3496283523875733,0.610223228168667
hi,neither,0.03945320844208391,0.33037608806864915,0.630170703489267
is it time for the fridged doom,neither,0.03737650284200976,0.29709673435715805,0.6655267628008322
KNOWING,neither,0.03945320844208391,0.33037608806864915,0.630170703489267
orionacabaREKT,neither,0.03945320844208391,0.33037608806864915,0.630170703489267
yay finally able to sub,neither,0.04436930790327004,0.327479656260752,0.628151035835978
Any OZ macina ausies here ???,neither,0.08931427650943838,0.2908776357225214,0.6198080877680402
gandsSCANLAN gandsCrit,neither,0.03945320844208391,0.33037608806864915,0.630170703489267
"Oh man, I'm terrified for them tonight",neither,0.04689176362868491,0.2887640144910557,0.6643442218802593
gandsSubHype gandsSubHype gandsSubHype gandsSubHype gandsSubHype,neither,0.03945320844208391,0.33037608806864915,0.630170703489267
this battle is gonna go sideways in about .5 seconds,neither,0.04365071070218238,0.38187620569442876,0.5744730836033888
sbfpRichard sbfpRichard sbfpRichard,neither,0.03945320844208391,0.33037608806864915,0.630170703489267
Good Morning fae Scotland!!,neither,0.04638486404299651,0.20072574318086445,0.7528893927761391
Bidet from Pennsylvania,neither,0.04069404815304118,0.30931579984010865,0.6499901520068502
gandsCrit gandsSCANLAN gandsCrit gandsSCANLAN,neither,0.03945320844208391,0.33037608806864915,0.630170703489267
welcome @jettison42,neither,0.03945320844208391,0.33037608806864915,0.630170703489267
DRINKING RULES: 1 shot for every critical role.,neither,0.03567446788646136,0.3114910642590155,0.652834467854523
I really love this community. <3 you all,offensive_language,0.055809639225993815,0.48390540508446056,0.4602849556895456
gandsCrit gandsCrit gandsCrit gandsDrink,neither,0.03945320844208391,0.33037608806864915,0.630170703489267
TableHere FlipThis ScaredyCat,neither,0.03945320844208391,0.33037608806864915,0.630170703489267
FADING MUSIC,neither,0.03945320844208391,0.33037608806864915,0.630170703489267
Nooooo the music,neither,0.03852837495025394,0.3134454124639521,0.6480262125857941
WutFace They're already dead! Kappa,neither,0.05334587605297738,0.32143878835365713,0.6252153355933654
!!,neither,0.03945320844208391,0.33037608806864915,0.630170703489267
i think this song is from persona 3,neither,0.047389164425160724,0.31293051868708266,0.6396803168877567
gandsJesstatorship gandsMDK gandsSubHype,neither,0.03945320844208391,0.33037608806864915,0.630170703489267
I thought Zahra never gave Vex the arrow because it wasn't done and was so expensive?,neither,0.037023894110163345,0.3012063751500702,0.6617697307397664
Tonight is the night Vox Machina die,neither,0.19450893161159025,0.1043378982663773,0.7011531701220324
HI from San Antonio Tx,neither,0.04020702993046606,0.3175817700934872,0.6422111999760468
gandsSubHype gandsSubHype gandsSubHype gandsSubHype gandsSubHype gandsSubHype,neither,0.03945320844208391,0.33037608806864915,0.630170703489267
"SCANLAN NEEDS A 19 to cast Gate. ( DC 10 + spell level ). He rolls 1d20, + 1d10 or 12 for inspiration, + 2 for Jack of all Trades, + 6 for Charisma mod. So odds are yes he will make . Add another D4 for Guidance if anyone has it ( I never see them use it though) and advantage on the roll if they use Enhance Ability",neither,0.024967602841453884,0.3620505561143449,0.6129818410442013
bidet from NYC my friends,neither,0.029076054659352507,0.400644569073113,0.5702793762675346
!song,neither,0.038601720699969956,0.3448280572582511,0.616570222041779
gandsSubHype gandsSubHype gandsSubHype gandsSubHype gandsSubHype,neither,0.03945320844208391,0.33037608806864915,0.630170703489267
!discord,neither,0.03945320844208391,0.33037608806864915,0.630170703489267
And here we go.,neither,0.11988274842159176,0.23034065187642816,0.6497765997019802
We have a subscriber-only Discord server! Join here: https://t.co/Of0oLClO2v (you'll need to sub and link it to your Twitch) and be a part of the fun!,neither,0.09547053438395335,0.28230926502643855,0.6222202005896081
gandsSubHype gandsSubHype gandsSubHype gandsSubHype gandsSubHype gandsSubHype gandsSubHype gandsSubHype,neither,0.03945320844208391,0.33037608806864915,0.630170703489267
What was the song and artist,neither,0.04256385818181926,0.2853491985967981,0.6720869432213827
danW it is time danW,neither,0.04957552498532811,0.36090464428914903,0.5895198307255228
HERE WE GO,neither,0.13156755280784707,0.2765461283225309,0.5918863188696221
HURRY THE *** UUUUUUUUUUUUUP,neither,0.03823936441126825,0.3079604620448533,0.6538001735438785
hype!,neither,0.03945320844208391,0.33037608806864915,0.630170703489267
PogChamp,neither,0.03945320844208391,0.33037608806864915,0.630170703489267
10 minutes late???/ gandsJesstatorship gandsJesstatorship gandsJesstatorship gandsJesstatorship,neither,0.03945320844208391,0.33037608806864915,0.630170703489267
!!!!!!!!,neither,0.03945320844208391,0.33037608806864915,0.630170703489267
gandsSubHype gandsSubHype gandsSubHype gandsSubHype gandsSubHype gandsSubHype gandsSubHype gandsSubHype gandsSubHype,neither,0.03945320844208391,0.33037608806864915,0.630170703489267
gandsFail gandsFail gandsFail gandsFail gandsFail gandsFail gandsFail,neither,0.03945320844208391,0.33037608806864915,0.630170703489267
woooooo!!! here we go,neither,0.13156755280784707,0.2765461283225309,0.5918863188696221
gandsCrit gandsCrit gandsCrit gandsCrit gandsCrit gandsCrit gandsCrit gandsCrit gandsCrit gandsCrit gandsCrit gandsCrit gandsCrit gandsCrit,neither,0.03945320844208391,0.33037608806864915,0.630170703489267
gandsSubHype gandsSubHype gandsSubHype,neither,0.03945320844208391,0.33037608806864915,0.630170703489267
Welcome back all long time viewers and subs! <3,neither,0.03895331475864723,0.3580646855203828,0.6029819997209701
Hello there!,neither,0.03937036753510788,0.27621722592919734,0.6844124065356949
gandsSubHype gandsSubHype,neither,0.03945320844208391,0.33037608806864915,0.630170703489267
gandsLessthanthree gandsLessthanthree gandsLessthanthree gandsLessthanthree,neither,0.03945320844208391,0.33037608806864915,0.630170703489267
Sending positive and lucky vibes to VM! <3,neither,0.04344419174126597,0.30008353062359,0.6564722776351439
"They should play the Yup, Nope song after this",neither,0.046922518441455965,0.34917825623712634,0.6038992253214176
Yay!,neither,0.03945320844208391,0.33037608806864915,0.630170703489267
YES,neither,0.03945320844208391,0.33037608806864915,0.630170703489267
Generations- Jillian Aversa,neither,0.03945320844208391,0.33037608806864915,0.630170703489267
Place bets who will win,neither,0.045776427970190624,0.3161620627049152,0.6380615093248942
gandsSubHype gandsSubHype gandsSubHype gandsSubHype gandsSubHype,neither,0.03945320844208391,0.33037608806864915,0.630170703489267
gandsMatt !,neither,0.03945320844208391,0.33037608806864915,0.630170703489267
TPK time,neither,0.036668274527354654,0.377643684699956,0.5856880407726893
Here we go!,neither,0.13156755280784707,0.2765461283225309,0.5918863188696221
gandsSubHype gandsSubHype gandsSubHype gandsSubHype gandsSubHype gandsSubHype gandsSubHype gandsSubHype gandsRage,neither,0.03945320844208391,0.33037608806864915,0.630170703489267
god damn it!,offensive_language,0.042081593094324174,0.8991410279403755,0.05877737896530027
HELLO,neither,0.03945320844208391,0.33037608806864915,0.630170703489267
WWOOOOOOOTTT!!!!!,neither,0.03945320844208391,0.33037608806864915,0.630170703489267
YES,neither,0.03945320844208391,0.33037608806864915,0.630170703489267
gandsSubHype gandsSubHype gandsSubHype,neither,0.03945320844208391,0.33037608806864915,0.630170703489267
YAY,neither,0.03945320844208391,0.33037608806864915,0.630170703489267
Let's go already getting late in Pa,neither,0.025918533372253003,0.41903509304435776,0.5550463735833894
yaaaaay,neither,0.03945320844208391,0.33037608806864915,0.630170703489267
AND SCENE!,neither,0.038441359955864444,0.2773569151883754,0.6842017248557603
YES,neither,0.03945320844208391,0.33037608806864915,0.630170703489267
Bidet from Indiana!,neither,0.0408364874901429,0.30689823255244486,0.6522652799574122
"Well, that was a fast fight :P",neither,0.035575951388318046,0.37326464037282625,0.5911594082388556
gandsMatt gandsMatt gandsMatt gandsMatt gandsMatt gandsMatt,neither,0.03945320844208391,0.33037608806864915,0.630170703489267
gandsMatt gandsMatt gandsMatt gandsMatt gandsMatt gandsMatt gandsMatt,neither,0.03945320844208391,0.33037608806864915,0.630170703489267
Dragon or Demon use legendary action its a shot.,neither,0.019319219796452375,0.38774567064866045,0.5929351095548873
gandsSubHype gandsSubHype gandsSubHype gandsSubHype gandsSubHype gandsSubHype,neither,0.03945320844208391,0.33037608806864915,0.630170703489267
here we gooooo!!!!!!!!!,neither,0.09154844660801302,0.2919375864367539,0.6165139669552331
"welcome to tonights critical role, where a bunch of us nerdy...",neither,0.07069482404433257,0.3801833326731569,0.5491218432825107
woooooooooo!!!!!,neither,0.03945320844208391,0.33037608806864915,0.630170703489267
gandsCrit gandsCrit gandsCrit gandsCrit gandsCrit gandsCrit,neither,0.03945320844208391,0.33037608806864915,0.630170703489267
AHHHHHHHHHHH gandsSCANLAN gandsSubHype,neither,0.03945320844208391,0.33037608806864915,0.630170703489267
Dat hair doe,neither,0.03945320844208391,0.33037608806864915,0.630170703489267
ayooooo,neither,0.03945320844208391,0.33037608806864915,0.630170703489267
YEEEESS,neither,0.03945320844208391,0.33037608806864915,0.630170703489267
Wooot!,neither,0.03945320844208391,0.33037608806864915,0.630170703489267
gandsSubHype gandsSubHype gandsSubHype gandsMatt gandsMatt gandsCrit gandsCrit gandsCrit gandsCrit gandsCrit gandsCrit,neither,0.03945320844208391,0.33037608806864915,0.630170703489267
Welcome everyone... sit back relax and enjoy the show <3,neither,0.04341775657680716,0.3152991287175779,0.6412831147056149
Here we go!,neither,0.13156755280784707,0.2765461283225309,0.5918863188696221
WHOOHOOO,neither,0.03945320844208391,0.33037608806864915,0.630170703489267
Woooooooo!,neither,0.03945320844208391,0.33037608806864915,0.630170703489267
!!!!!!!!!!!!!!!!!!!!,neither,0.03945320844208391,0.33037608806864915,0.630170703489267
@stoppthattickles I see i'm not the only duck :P weedSmurf,neither,0.03716933546035172,0.3184948243997961,0.6443358401398521
let's GO,neither,0.01806316484133749,0.39391011985298136,0.5880267153056813
gandsMatt gandsMatt gandsMatt gandsMatt gandsMatt gandsMatt gandsMatt gandsMatt,neither,0.03945320844208391,0.33037608806864915,0.630170703489267
"If you guys don;t know the singer, it's Jilian Aversa. Check her out on youtube",offensive_language,0.025227274703526655,0.5483079779624187,0.4264647473340547
WAZUP,neither,0.03945320844208391,0.33037608806864915,0.630170703489267
gandsMatt,neither,0.03945320844208391,0.33037608806864915,0.630170703489267
gandsSubHype gandsSubHype gandsSubHype gandsSubHype,neither,0.03945320844208391,0.33037608806864915,0.630170703489267
