text,top_class,hate_speech,offensive_language,neither
Notre Dame! checking in,neither,0.03945320844208391,0.33037608806864915,0.630170703489267
Bidet from Gibraltar @ 4AM!,neither,0.04228451509352876,0.2823214250720796,0.6753940598343917
Missouri say hello! Bess Kness!,neither,0.03945320844208391,0.33037608806864915,0.630170703489267
spice?,neither,0.03945320844208391,0.33037608806864915,0.630170703489267
bidet and bees knees chat,neither,0.03879123336972208,0.29745644138519606,0.6637523252450819
"marisha and matt are in the desert, aren't they?",neither,0.056486850213334674,0.25675642149096606,0.6867567282956992
you mean script kiddie corp? they wouldn't know a hack if it was stapled to their forehead,neither,0.038625796064227114,0.3823596932938155,0.5790145106419574
Kappa im detecting low KPM in this chat Kappa lets raise our KPM Kappa,neither,0.038848532598490464,0.3468872743528998,0.6142641930486097
hello,neither,0.03945320844208391,0.33037608806864915,0.630170703489267
"Greetings, from Livermore CA cirHappy",neither,0.04084513770590474,0.30675141581570226,0.6524034464783931
this is the first time i will get to see this live. normally i have to wait for rebroadcast im excited ^.^,neither,0.044130488825175174,0.32641613056048846,0.6294533806143364
vid stuck on loading for anyone else?,neither,0.0330695231797616,0.3177906076066029,0.6491398692136355
"ssshhhh, it's starting! (I think...)",neither,0.03831269903681953,0.31962282344540033,0.6420644775177802
Miami typeHype typeHype,neither,0.03945320844208391,0.33037608806864915,0.630170703489267
Bidet from Chileeeeee,neither,0.04228451509352876,0.2823214250720796,0.6753940598343917
Bleepbleep fellow critters,neither,0.03945320844208391,0.33037608806864915,0.630170703489267
Coffee and tost here - about that time of the day ;),neither,0.08325877296618064,0.17596442911573795,0.7407767979180815
@Themetalb33rnerd be pleased,neither,0.04002562477733436,0.33516942876397554,0.6248049464586901
gandsSCANLAN spice CiGrip,neither,0.03945320844208391,0.33037608806864915,0.630170703489267
potato,neither,0.03945320844208391,0.33037608806864915,0.630170703489267
"bidet from Lexington,KY",neither,0.04062582848913359,0.31047366557575606,0.6489005059351104
Hopefully the guest is Troy Baker,neither,0.04409403462008671,0.31785981862116536,0.6380461467587478
its 4 am right now and im f*ng wasted,neither,0.03355227976982884,0.3384622154250438,0.6279855048051274
Anyone going to SacAnime this weekend????,neither,0.044408575757183974,0.3558870981877447,0.5997043260550712
gandsSubHype gandsSubHype,neither,0.03945320844208391,0.33037608806864915,0.630170703489267
Toledo checking in.,neither,0.03945320844208391,0.33037608806864915,0.630170703489267
Spice,neither,0.03945320844208391,0.33037608806864915,0.630170703489267
"Bidet from Portland, OR!",neither,0.040570124267008914,0.3114191116016469,0.6480107641313441
I wish I didn't live on the east coast. :( And or have to work tomorrow.,neither,0.03338009962809568,0.3331568907763327,0.6334630095955716
LATE,neither,0.03945320844208391,0.33037608806864915,0.630170703489267
bidet from portugal,neither,0.04062582848913359,0.31047366557575606,0.6489005059351104
"hello from mobile, al",neither,0.0439415831025312,0.25419665635641514,0.7018617605410536
gandsSCANLAN,neither,0.03945320844208391,0.33037608806864915,0.630170703489267
USAF frontand CENTER!,neither,0.03945320844208391,0.33037608806864915,0.630170703489267
BIDET frrm Los Angeles,neither,0.03945320844208391,0.33037608806864915,0.630170703489267
almost time wooooooooh,neither,0.03781171612478011,0.35823649664687146,0.6039517872283484
Bidet Critters,neither,0.03945320844208391,0.33037608806864915,0.630170703489267
Bixley return confirmed...,neither,0.03945320844208391,0.33037608806864915,0.630170703489267
Bidet from California!!,neither,0.06971251856910227,0.2972619859879888,0.633025495442909
@The_bw_trekkie yes and talesin,neither,0.0382233935470433,0.26306426998610316,0.6987123364668535
"@fabstan Matt, Marisha, & Taliesin",neither,0.03945320844208391,0.33037608806864915,0.630170703489267
sUP,neither,0.03945320844208391,0.33037608806864915,0.630170703489267
Hi Bib,neither,0.03945320844208391,0.33037608806864915,0.630170703489267
"Bidet and Bee's Knees, from Maryland",neither,0.03958943722540806,0.28749613025418885,0.6729144325204031
Have fun finding ya fruit,offensive_language,0.027697169032868344,0.534850789215709,0.43745204175142277
Bidet from the middle of a hurricane in FL,neither,0.039547061649774506,0.30517598999832385,0.6552769483519016
bidet from kansas,neither,0.04071751644889743,0.3089174816120565,0.6503650019390461
spice?,neither,0.03945320844208391,0.33037608806864915,0.630170703489267
do you spice,neither,0.06340458516664035,0.38876294420848057,0.5478324706248792
Bidet from Australia. gandsSCANLAN,neither,0.04062582848913359,0.31047366557575606,0.6489005059351104
spicespice?,neither,0.03945320844208391,0.33037608806864915,0.630170703489267
MINNNNNNESOTA,neither,0.03945320844208391,0.33037608806864915,0.630170703489267
bidet from Dragon Con,neither,0.04046314923430155,0.3132347570892794,0.646302093676419
Kappa,neither,0.03945320844208391,0.33037608806864915,0.630170703489267
"Bidet from Nashua, nh",neither,0.04066490145509902,0.30981049537100724,0.6495246031738937
gandsSCANLAN gandsSCANLAN gandsSCANLAN Do you spice? gandsSCANLAN gandsSCANLAN gandsSCANLAN,neither,0.06340458516664035,0.38876294420848057,0.5478324706248792
"I got tipped at my ob with 5 $1 coins....I know it's legit currency, but i'll feel weird paying someone with them....",neither,0.026660055983792244,0.4397125399456772,0.5336274040705306
"Bidet good sirs. Tell me, do you spice?",neither,0.046957308320350805,0.41426572837337866,0.5387769633062706
hey @Meg_TheDreamer gandsTrinket,neither,0.03945320844208391,0.33037608806864915,0.630170703489267
Matt and Marisha are probably waist deep in a hug pile at burning man lol,neither,0.04477761576260537,0.366891796061737,0.5883305881756576
"Before chat goes sub-only: Hi everyone and good luck, Liam!!",neither,0.033837802130527346,0.39532853568254456,0.5708336621869281
come on liam,neither,0.035059577441318844,0.37126508228692573,0.5936753402717555
"Good morning, afternoon, evening critters",neither,0.04532992501642785,0.22083085936894825,0.7338392156146238
@ishman223 yes @dadthegeekblog,neither,0.03945320844208391,0.33037608806864915,0.630170703489267
First time I am watching this live... really should more often,neither,0.0456552494606594,0.3642457944950859,0.5900989560442548
Bidet from Colorado,neither,0.04066490145509902,0.30981049537100724,0.6495246031738937
Cleveland logging on,neither,0.03693409664223222,0.34243967534874975,0.6206262280090181
Bidet to all those across the pond.,neither,0.08599381946399429,0.29808447845327374,0.615921702082732
About ready to spice as we speak.,neither,0.04148221685287843,0.3757388461229029,0.5827789370242187
Spice?,neither,0.03945320844208391,0.33037608806864915,0.630170703489267
Hi everyone from the great state of NY,neither,0.05358049275787017,0.29439582642345796,0.652023680818672
lobosHi bidet bidet,neither,0.03945320844208391,0.33037608806864915,0.630170703489267
"bidet, from fort worth",neither,0.04097097592422819,0.30461561283917343,0.6544134112365985
BIDET,neither,0.03945320844208391,0.33037608806864915,0.630170703489267
"Bidet from Vladivostok, Russia you guys!",neither,0.057683862554665226,0.36133703568588854,0.5809791017594463
bidet from washington!!,neither,0.04080695066346891,0.3073995495860776,0.6517934997504536
"I'm trying to read the new introductory adventure (A Great Upheaval) from Storm King's Thunder to get ready to run it. so much for that, CritRole is on!",neither,0.043750331275791955,0.29482503955064354,0.6614246291735645
Salutations from Sweden. :-P,neither,0.04228451509352876,0.2823214250720796,0.6753940598343917
Bidet from northern Idaho!,neither,0.040334677536117594,0.315415257091876,0.6442500653720065
spice?,neither,0.03945320844208391,0.33037608806864915,0.630170703489267
I love seeing all of these Pittsburghers!,offensive_language,0.05006430656914,0.5583015469128635,0.3916341465179964
bidet from montreal Canada,neither,0.040354386843928725,0.3150807387011266,0.6445648744549448
Spice?,neither,0.03945320844208391,0.33037608806864915,0.630170703489267
beep beep from Los Angeles!,neither,0.04078317879478948,0.307803020237201,0.6514138009680096
bidet,neither,0.03945320844208391,0.33037608806864915,0.630170703489267
spice?,neither,0.03945320844208391,0.33037608806864915,0.630170703489267
Bidet from Tucson,neither,0.04228451509352876,0.2823214250720796,0.6753940598343917
dab 420,neither,0.03945320844208391,0.33037608806864915,0.630170703489267
BIDET!,neither,0.03945320844208391,0.33037608806864915,0.630170703489267
Bidet from Kansas,neither,0.04071751644889743,0.3089174816120565,0.6503650019390461
Greetings and salutations from the tip of Hermine RN,neither,0.03890640182379674,0.26361461665215435,0.6974789815240489
"Work at 6 am, *** it",neither,0.03644812153549648,0.36182143271905587,0.6017304457454477
BIDET CRITTERS,neither,0.03945320844208391,0.33037608806864915,0.630170703489267
Idaho hype PogChamp,neither,0.03945320844208391,0.33037608806864915,0.630170703489267
late!,neither,0.03945320844208391,0.33037608806864915,0.630170703489267
Bidet from North Backalacky!,neither,0.04079557052152802,0.30759270029461827,0.6516117291838538
North Carolina here!,neither,0.08038409546573187,0.29682502561331575,0.6227908789209524
Hello from Massachusetts,neither,0.04044253611397438,0.3135846155371888,0.645972848348837
bidet from SPAIN,neither,0.04228451509352876,0.2823214250720796,0.6753940598343917
Anyone in here Spice?,neither,0.0852180862796133,0.29356679559198773,0.621215118128399
Bidet,neither,0.03945320844208391,0.33037608806864915,0.630170703489267
Bide from Swedenn,neither,0.04228451509352876,0.2823214250720796,0.6753940598343917
Bidet from KU,neither,0.04228451509352876,0.2823214250720796,0.6753940598343917
Good luck crew and cast!,neither,0.03836658264658865,0.30042887819747427,0.661204539155937
bidet from Kansas City!,neither,0.04050054910234117,0.3125999837227694,0.6468994671748894
is Liam DMing today?,neither,0.04447371838769344,0.3110542112311539,0.6444720703811527
COUNT DOWN,neither,0.03945320844208391,0.33037608806864915,0.630170703489267
piss blossom,neither,0.03945320844208391,0.33037608806864915,0.630170703489267
"best of luck to liam, you're gonna rock it!",neither,0.06798245597419594,0.36469741600677724,0.5673201280190268
gandsSubHype gandsSubHype gandsSubHype,neither,0.03945320844208391,0.33037608806864915,0.630170703489267
Is it time yet??,neither,0.0464984732515364,0.35260555564950163,0.600895971098962
bidet,neither,0.03945320844208391,0.33037608806864915,0.630170703489267
you spice??,neither,0.06371933836109143,0.39692838513161777,0.5393522765072908
How do I see a list of emotes,neither,0.04093825794207688,0.32986531144776193,0.6291964306101612
"Hey guys, excited for heisty goodness!",neither,0.03469340301242944,0.3084853742804245,0.6568212227071462
You Spice?,neither,0.06371933836109143,0.39692838513161777,0.5393522765072908
"Darn, yawning already",neither,0.03836747278472294,0.3488038557183366,0.6128286714969405
gandsSCANLAN Spice up your life,neither,0.06318574111571838,0.4356543389573352,0.5011599199269464
poo hehe,neither,0.03945320844208391,0.33037608806864915,0.630170703489267
bees knees,neither,0.03945320844208391,0.33037608806864915,0.630170703489267
@Fafnir1623 @ishman223,neither,0.03945320844208391,0.33037608806864915,0.630170703489267
BIDET FROM YINZER COUNTRY,neither,0.04979190678303578,0.3016904622274047,0.6485176309895596
"harro from brooklyn, new york :-)",neither,0.04362932325666552,0.2331823983362803,0.7231882784070541
*psssst* spice it?,neither,0.03766131712739339,0.3309924016600271,0.6313462812125794
Do you guys spice?,neither,0.059125938787975896,0.3816496758380806,0.5592243853739434
Bidet from Auburn!!,neither,0.04062582848913359,0.31047366557575606,0.6489005059351104
BIdet from Washington DC,neither,0.040481371650474204,0.3129254751301128,0.646593153219413
Bidet Buffalo ny,neither,0.03945320844208391,0.33037608806864915,0.630170703489267
bidet,neither,0.03945320844208391,0.33037608806864915,0.630170703489267
Ay,neither,0.03945320844208391,0.33037608806864915,0.630170703489267
!discord,neither,0.03945320844208391,0.33037608806864915,0.630170703489267
@vos Yup.,neither,0.03945320844208391,0.33037608806864915,0.630170703489267
We have a sub Discord! Join here: https://t.co/Of0oLClO2v (you'll need to sub and link it to your Twitch) and be awesome!,neither,0.09041078905206423,0.2930712869599086,0.6165179239880272
I want Liam to incorporate SPice,neither,0.04532849794267282,0.323733863101757,0.6309376389555702
bidet from cleveland ohio,neither,0.040441658194854284,0.3135995161158431,0.6459588256893026
"Bidet from South St. Paul, Minnesota.",neither,0.040209181005033005,0.31754526074422873,0.6422455582507383
The Spice Must Flow!,neither,0.039457192583255536,0.30329766068655645,0.657245146730188
"So question for the channel, I'm in the process of binge watching Crit Role (up to ep 29 now) would you recommend watching now with potential spoilers or wait and catch up then join the live streams? thoughts?",neither,0.038303784029982024,0.3578420270422541,0.6038541889277638
"ooo the cowboys are losing, poor travis",neither,0.05376140220796462,0.29237398880866045,0.653864608983375
Bidet!!!!!,neither,0.03945320844208391,0.33037608806864915,0.630170703489267
Anyone here watching from UVM?,neither,0.09367890349648131,0.2710152350373796,0.6353058614661391
"SPICES HERE, GET UR SPICES!!",neither,0.20658591259931813,0.25560527761394014,0.5378088097867416
gandsSubHype gandsSubHype gandsSubHype gandsSubHype gandsSubHype,neither,0.03945320844208391,0.33037608806864915,0.630170703489267
Natural 20 spice it?,neither,0.03823226988983491,0.3307960248236405,0.6309717052865246
gandsRaid,neither,0.03945320844208391,0.33037608806864915,0.630170703489267
hey boops,neither,0.03945320844208391,0.33037608806864915,0.630170703489267
"football season, time to deal with split focus thursdays for a while",neither,0.03285870028574435,0.339974172828363,0.6271671268858927
Bidet from Springfield IL,neither,0.040334677536117594,0.315415257091876,0.6442500653720065
I'm currently watching D&D with around 8K people. This is always the best.,neither,0.052367322176718266,0.3760311311054568,0.5716015467178249
Bees Knees everyone!,neither,0.034124161923857865,0.4208239151861078,0.5450519228900343
bidet from MN,neither,0.040737273169946825,0.30858215849491494,0.6506805683351382
Spice up your life!,neither,0.06318574111571838,0.4356543389573352,0.5011599199269464
You guys cool? Do you spice? Cause I'm not a guard or anything.,neither,0.06024729638291159,0.41722207923354643,0.522530624383542
Click on the little smiley face in the side of the chat box for emotes,neither,0.031059976172446768,0.32001163597064036,0.6489283878569128
Bidet for Spice,neither,0.032394040647179684,0.29515229457236625,0.6724536647804541
"Bees knees, spice for everybody!",neither,0.03503906443382401,0.308318808087752,0.656642127478424
Bidet Criters,neither,0.03945320844208391,0.33037608806864915,0.630170703489267
"Bidet from Melbourne, Australia! We need a spice emoji.",neither,0.03995088593629975,0.3187430963444492,0.6413060177192512
gandsSubHype for Liam!!! gandsCrit gandsCrit,neither,0.03296554473014691,0.29799019813725613,0.669044257132597
do you spice?,neither,0.06340458516664035,0.38876294420848057,0.5478324706248792
Greetings from Sector 2814,neither,0.04062582848913359,0.31047366557575606,0.6489005059351104
bidet from columbus ohio,neither,0.040417606421261354,0.3140077374838422,0.6455746560948964
PISS BLOSSOM,neither,0.03945320844208391,0.33037608806864915,0.630170703489267
bidet from rainy Vancouver BC,neither,0.041095261662497835,0.30250615950080734,0.6563985788366947
hi,neither,0.03945320844208391,0.33037608806864915,0.630170703489267
bidet from atx,neither,0.04228451509352876,0.2823214250720796,0.6753940598343917
Bidet from Minneapolins MN US,neither,0.08580769525984974,0.30317658610203796,0.6110157186381123
@Knightleynz no spoilers tonight becasue it is a one shot,neither,0.0412805827062554,0.34941453268678574,0.6093048846069589
really excited to see what Liam thought up for this one,neither,0.04280593259550468,0.2932064424459294,0.6639876249585658
Bidet,neither,0.03945320844208391,0.33037608806864915,0.630170703489267
@Knightleynz This is a good week to watch because this is just going to be a one-shot.,neither,0.05908961774240112,0.37399267223317106,0.5669177100244278
Bidet from Aus!,neither,0.04228451509352876,0.2823214250720796,0.6753940598343917
woòot,neither,0.03945320844208391,0.33037608806864915,0.630170703489267
Bidet from Finland,neither,0.04228451509352876,0.2823214250720796,0.6753940598343917
bidet peeps!,neither,0.03945320844208391,0.33037608806864915,0.630170703489267
"bidet from WBL, MN via Tulsa, OK",neither,0.0438782815441859,0.11586280096282052,0.8402589174929935
Bidet from NSW Australia!!!!,neither,0.04062582848913359,0.31047366557575606,0.6489005059351104
"Be pleased; Mods, chat, and crew.",neither,0.03913337000514835,0.30137967078661526,0.6594869592082365
6 months woo,neither,0.03945320844208391,0.33037608806864915,0.630170703489267
A Stream is Earned!,neither,0.04690607540476405,0.3278127053644783,0.6252812192307576
A spice is earned,neither,0.047073324402479154,0.3277551807648605,0.6251714948326603
carpe DM liam!,neither,0.03945320844208391,0.33037608806864915,0.630170703489267
"BTW, Again, we love you G&S Crew!",neither,0.04795893013661575,0.40983640145050876,0.5422046684128755
do you spice??,neither,0.06340458516664035,0.38876294420848057,0.5478324706248792
@Storm_along *** Goblin?,neither,0.03945320844208391,0.33037608806864915,0.630170703489267
Bidet from Doctor Ordered Bed Rest in AZ!,neither,0.04015222755897366,0.31851190936050594,0.6413358630805205
bidet from wny!,neither,0.04228451509352876,0.2823214250720796,0.6753940598343917
bees knees bethlehem pa,neither,0.03945320844208391,0.33037608806864915,0.630170703489267
"where in Northern Idaho, Zer0kun?",neither,0.04096724325425501,0.30467896599011046,0.6543537907556345
Bidet,neither,0.03945320844208391,0.33037608806864915,0.630170703489267
@Knightleynz No! Resist the temptation. Catch up and then join us.,neither,0.0571589573583121,0.3309238956981641,0.6119171469435238
First time watching live as a subscriber. So Proud to be a part of this awesome community. How's everyone doing tonight?,neither,0.03522451921889542,0.41472001415414544,0.550055466626959
"So this is going to be canon, right?",neither,0.05535972562366981,0.4318618729537422,0.5127784014225881
"bees knees and bidet, critters",neither,0.038673224184354885,0.2909695555718145,0.6703572202438307
Bidet from Burlington VT,neither,0.04228451509352876,0.2823214250720796,0.6753940598343917
gandsMatt now we need a Liam one lol,neither,0.03205221768297625,0.4042395035342444,0.5637082787827793
HELLO from Houstom,neither,0.040875471929787875,0.3062365648703896,0.6528879631998226
"I've got to get done work done, so I'll mostly be listening and half-watching tonight. should be good though! gandsLessthanthree",neither,0.031559415740394614,0.362941114245314,0.6054994700142915
"bidet from prestonsburg, ky",neither,0.04062582848913359,0.31047366557575606,0.6489005059351104
Beep bleep,neither,0.03945320844208391,0.33037608806864915,0.630170703489267
Sweet! I'm going to hang in here then!,neither,0.08735258782918572,0.3162269569486266,0.5964204552221876
"Help G&S make great content! $4.99/month gets you emotes, Minecraft server access, Sub Only Q&As, VODs, and more! Every sub keeps the channel alive! twitch.tv/geekandsundry/subscribe",neither,0.043092924924402844,0.32365565443818894,0.6332514206374082
is the song a ff7 remix,neither,0.04661873020989371,0.31845157749933656,0.6349296922907697
Bidet to you all from Cincinnati OH,neither,0.11253790462051816,0.4175656994858334,0.46989639589364857
"bidet from Lexington,KY",neither,0.04062582848913359,0.31047366557575606,0.6489005059351104
Do you spice?,neither,0.06340458516664035,0.38876294420848057,0.5478324706248792
Has it started yet?,neither,0.03835165097085306,0.32355061781166217,0.6380977312174848
@Aldjeron i drove thru WBL today :O,neither,0.03807155955856517,0.30916048799911827,0.6527679524423166
"@Knightleynz this ep is not the main storyline, so youre good tonight",neither,0.04767926090597448,0.33290652898128176,0.6194142101127438
Bidet from DC!!!,neither,0.0408364874901429,0.30689823255244486,0.6522652799574122
@cutestcorgi Sandpoint Idaho,neither,0.03945320844208391,0.33037608806864915,0.630170703489267
Trying to get ark scorching earth to download while I wait for the amazing Liam to start,neither,0.045806340659293614,0.3054914030761269,0.6487022562645796
gandsSubHype gandsSubHype gandsSubHype,neither,0.03945320844208391,0.33037608806864915,0.630170703489267
Bidet from Seattle,neither,0.040754399270683486,0.3082914838698526,0.650954116859464
bidey,neither,0.03945320844208391,0.33037608806864915,0.630170703489267
Good luck Liam!,neither,0.03888079582056422,0.33057296701751543,0.6305462371619204
painting warhammer minis while i wate for this to start,neither,0.03944572103797732,0.3035702161749904,0.6569840627870323
spice is life. Spice up your life,neither,0.05380352335326668,0.4162351015203148,0.5299613751264186
Moin.,neither,0.03945320844208391,0.33037608806864915,0.630170703489267
Bidet from Mizzou,neither,0.04228451509352876,0.2823214250720796,0.6753940598343917
Bees knees everyone!,neither,0.034124161923857865,0.4208239151861078,0.5450519228900343
Heyo Everyone!,offensive_language,0.02988896790634741,0.4927062106388782,0.4774048214547744
Bidet from London - and let the Spice flow!,neither,0.028482031605473607,0.3015978309665891,0.6699201374279372
Spicey,neither,0.03945320844208391,0.33037608806864915,0.630170703489267
bidet from central NY!,neither,0.040443545309525104,0.31356748685490254,0.6459889678355725
Woo I forgot all about the one shot!!!,neither,0.038016297914707,0.41453943977152774,0.5474442623137652
gandsSCANLAN,neither,0.03945320844208391,0.33037608806864915,0.630170703489267
Be please < Bidet!,neither,0.04026931053772768,0.33721002194804983,0.6225206675142225
Bidet,neither,0.03945320844208391,0.33037608806864915,0.630170703489267
Live stream <3,neither,0.04443433771173839,0.328662849300131,0.6269028129881306
"Bidet, everyone!!!",offensive_language,0.02988896790634741,0.4927062106388782,0.4774048214547744
Bidet sir. Do you spice?,neither,0.057165203454457414,0.37461269575322753,0.568222100792315
Bidet from Edmonton! WHASSAP CRITTERS!!!! gandsSubHype gandsSubHype gandsSubHype,neither,0.04228451509352876,0.2823214250720796,0.6753940598343917
"Yay, another adventure from Lian! :D",neither,0.07906803891889091,0.25690531027442,0.6640266508066891
bees knees from Toledo!,neither,0.040477971317663786,0.312983187652067,0.6465388410302692
The spice must flow!,neither,0.039457192583255536,0.30329766068655645,0.657245146730188
Bidet from portland,neither,0.04066490145509902,0.30981049537100724,0.6495246031738937
BIDET TO YOU ALL,offensive_language,0.1465191337486792,0.6650830858525114,0.18839778039880933
"again the insanity of the brain of O'Brien. giggle, cant wait.",neither,0.03745731479265326,0.3297791704909586,0.6327635147163883
"Evening all, and bidet from the MidWest",neither,0.04005827493526884,0.32218207961965006,0.6377596454450811
Bidet from Florence Ky!,neither,0.04031924518627951,0.315677184343852,0.6440035704698686
BEE'S KNEES!,neither,0.03945320844208391,0.33037608806864915,0.630170703489267
Bidet from Canada,neither,0.04071751644889743,0.3089174816120565,0.6503650019390461
Music is guut,neither,0.054344339306900274,0.32525434532246067,0.620401315370639
"oh hey for the first time in a long time, I don't have to work tomorrow!! This is even more exciting than before!",neither,0.03843544538030802,0.34280610789771593,0.6187584467219761
gandsSubHype gandsSubHype,neither,0.03945320844208391,0.33037608806864915,0.630170703489267
"Bidet, Critter Fam!! <3",neither,0.03945320844208391,0.33037608806864915,0.630170703489267
Welcome @Dakotafromga gandsHooman,neither,0.03945320844208391,0.33037608806864915,0.630170703489267
@knightleynz I couldn't help but binge the old between the new until I'd seen everything,neither,0.038440322742290235,0.25958516352629313,0.7019745137314166
Bee pee from New York!,neither,0.04302172453835486,0.24778400033776582,0.7091942751238793
Bidet from Toledo Ohio,neither,0.040754399270683486,0.3082914838698526,0.650954116859464
Thursday needs thing to live!,neither,0.05003089631989208,0.3252930764506518,0.624676027229456
"my girl looks good in pajamas, i look at her , like id sleep with that.",offensive_language,0.023165628706962486,0.5909225608658911,0.3859118104271464
BIDET all you AWESOME Nerds!,neither,0.05880397103959584,0.45820137971767244,0.4829946492427317
spice? do you spice? spice?,neither,0.04700429728655156,0.3500073050159784,0.6029883976974699
Bidet!,neither,0.03945320844208391,0.33037608806864915,0.630170703489267
@Dakotafromga Congrats! My first time live was last week! It's bittersweet to catch up. I get to watch live but now I got no more episodes to watch ;-;,neither,0.042984052198362065,0.4121279968956261,0.5448879509060117
"Bidet, bees' knees.",neither,0.03945320844208391,0.33037608806864915,0.630170703489267
#BreakingBidet,neither,0.03945320844208391,0.33037608806864915,0.630170703489267
I hope Liam is as much of an edgelord DM as his is a player,neither,0.07967031578631657,0.35212551138782777,0.5682041728258557
"from now on i'm gonna tell people im from Critter, Oklahoma... bet they will think its a real town",neither,0.04462784520018694,0.4114486394964123,0.5439235153034009
Watching while next a hurricane. Yay florida! ppbTilt ppbTilt ppbTilt,neither,0.03894667772262175,0.3389732363177595,0.6220800859596187
"bidet from nacogdoches, texas",neither,0.040937266849991,0.30518774380265185,0.6538749893473571
"Bidet from Asheville, NC!",neither,0.04066490145509902,0.30981049537100724,0.6495246031738937
Bidet from Pennsylvania,neither,0.04069404815304118,0.30931579984010865,0.6499901520068502
"I think you meant ""bees knees""",neither,0.05342025858200107,0.36099485467306086,0.585584886744938
You can get spice in the mines on Kessel,neither,0.04867352574297547,0.368018700061111,0.5833077741959135
Bidet From Spokane,neither,0.04228451509352876,0.2823214250720796,0.6753940598343917
bidet from London Ontario,neither,0.04034574383703774,0.31522743308451706,0.6444268230784452
Bidet from a bus,neither,0.040875471929787875,0.3062365648703896,0.6528879631998226
hmm too bad i'm like 6 episodes behind with no real time to play catch up,neither,0.03316309510637098,0.47875452308161254,0.4880823818120164
bidet from missouri!,neither,0.04071751644889743,0.3089174816120565,0.6503650019390461
bidet fam,neither,0.03945320844208391,0.33037608806864915,0.630170703489267
May the Schwartz be with you all.,offensive_language,0.0470518162431762,0.5042293572041793,0.4487188265526445
Bidet from NC y'all,neither,0.042808078011918105,0.39053103227606023,0.5666608897120217
Bidet from Appalachian hills!,neither,0.04069404815304118,0.30931579984010865,0.6499901520068502
Good news everybody! It's Thursday!,neither,0.03766813504085679,0.33099005666694753,0.6313418082921957
"bidet from vancouver bc - good luck, Liam!",neither,0.039769583693444216,0.31659928393921993,0.6436311323673358
TGIT!,neither,0.03945320844208391,0.33037608806864915,0.630170703489267
lol I need Thursdays to live,neither,0.041613500936471697,0.3744173014864635,0.5839691975770648
TBTacoLeft TBCheesePull TBCheesePull TBTacoRight,neither,0.03945320844208391,0.33037608806864915,0.630170703489267
I really hope this session has some humor I need my mood lightened.,neither,0.04442139723389704,0.31625049404938776,0.6393281087167152
gandsSubHype gandsSubHype gandsSubHype gandsSubHype gandsSubHype,neither,0.03945320844208391,0.33037608806864915,0.630170703489267
"I completely forgot where ""less than 3"" came from",neither,0.04121318356722409,0.3005047170259552,0.6582820994068207
Allll the PA CRITTERS let me see the 1s in chat,neither,0.02491255847656417,0.35454439016118233,0.6205430513622535
Bee's Knees from KCMO,neither,0.04045712835854078,0.31333694706417314,0.646205924577286
BIDET,neither,0.03945320844208391,0.33037608806864915,0.630170703489267
Do you spice?,neither,0.06340458516664035,0.38876294420848057,0.5478324706248792
"bidet from Toledo ohio, bees knees",neither,0.04029188758412557,0.31614151425005643,0.6435665981658181
Soooo close,neither,0.03945320844208391,0.33037608806864915,0.630170703489267
can't wait to start tonight,neither,0.043812672763942344,0.29904611599008807,0.6571412112459696
@rahzeil just start over again 😀,neither,0.02964952066326712,0.3906964389348761,0.5796540404018566
@Rahzeil That's when you start back from episode 1 and do it all over again. I've done that twice now...,neither,0.022730132497615258,0.4404104537974413,0.5368594137049435
"Bees' knees from Denver, CO",neither,0.04026013430867707,0.3166804502038629,0.64305941548746
bees knees from Texas. Go Cowboys!,neither,0.041043069605868926,0.3205603762066233,0.6383965541875078
"Bidet from Melbourne, Australia",neither,0.04062582848913359,0.31047366557575606,0.6489005059351104
how would you like to do this,neither,0.10152486725114275,0.39826324013121056,0.5002118926176466
Only two of us from CT? How sad,neither,0.06894898411388833,0.30484207678548697,0.6262089391006246
"Is it Thursday yet? YES, YES IT IS!",neither,0.04832262433269554,0.32732548923145804,0.6243518864358464
bidet from Colorado,neither,0.04066490145509902,0.30981049537100724,0.6495246031738937
He who controls teh spice controls the Universe!,neither,0.04184375233837077,0.3518621079116783,0.6062941397499508
"Bidet from Pullman, Wa",neither,0.04071751644889743,0.3089174816120565,0.6503650019390461
"I hope we get another q&a after this oneshot, like last time",neither,0.1543443493771666,0.20450609692689328,0.64114955369594
"watching this chat stream is like looking into the abyss and it screamming back ""BIDET!""",neither,0.04970813926564196,0.30239789369827946,0.6478939670360786
Bidet from IA,neither,0.04228451509352876,0.2823214250720796,0.6753940598343917
"Be pleased, everyone!",neither,0.03378172455735469,0.43688889498352323,0.529329380459122
1?,neither,0.03945320844208391,0.33037608806864915,0.630170703489267
used to be from kcmo,neither,0.05147575831732406,0.30543117721544805,0.643093064467228
Bidet from Iowa!,neither,0.04069404815304118,0.30931579984010865,0.6499901520068502
oh yeah its not the main story tonight its liams game,neither,0.02326985846846694,0.3285591692340232,0.6481709722975099
"Bidet, from Culpeper VA",neither,0.04066490145509902,0.30981049537100724,0.6495246031738937
@lucasblackstone ct here,neither,0.09607790202741834,0.28656612893178507,0.6173559690407966
SPICE!!!!!!!,neither,0.03945320844208391,0.33037608806864915,0.630170703489267
where do you guys get this music from?,neither,0.06000948690760472,0.3376549872887568,0.6023355258036385
Binged all of CR in a month and a half and have been missing having new episodes this past week,neither,0.04066359906136135,0.2856922719883388,0.6736441289502999
"Bidet from Yorktown, VA",neither,0.04066490145509902,0.30981049537100724,0.6495246031738937
"First time watching live after watching the backlogged episodes- tried to watch last week, but had to finish the ep from two weeks ago while the newest ep was airing D:",neither,0.042413070432858385,0.31350577641210803,0.6440811531550334
Bees knees from Virginia,neither,0.040302658651168596,0.31595870113209135,0.6437386402167401
OK c i forgot we met in Oklahoma I used to spice with Trina she from Arizona,neither,0.03770354153845211,0.38031100529758055,0.5819854531639672
gandsSCANLAN asks for spice gets them into trouble with gandsBrooklynCop of course he will roll a gandsCrit and talk hi way out,neither,0.028781226403039314,0.3097255625465697,0.661493211050391
"Bidet from Santa Fe, NM",neither,0.040371808140217125,0.31478505383715205,0.6448431380226308
So are we having fun yet?,neither,0.06408693799097677,0.3315001139173249,0.6044129480916983
"I got some pretty crappy news from the doctor today, so I seriously need this right now",neither,0.03307553866128246,0.3641386368283195,0.602785824510398
i should get up and put on vlithes but staying naked watching CR also sounds good,neither,0.03947580183333891,0.37243552998526186,0.5880886681813992
Is it the day before Friday yet?!,neither,0.041314754131676915,0.35795180915941877,0.6007334367089042
Lots of Toledo critters! my old home,neither,0.02901246361572382,0.41096819243383553,0.5600193439504405
beep beep,neither,0.03945320844208391,0.33037608806864915,0.630170703489267
"bee's knees and bidet from Lawrence, KS",neither,0.03959095893642549,0.28708256609328286,0.6733264749702916
so I missed the ep last week...who from the gang is coming up here for PAX this weekend?,neither,0.05920557715159292,0.3481814791824798,0.5926129436659272
Do y'all spice?,neither,0.043323588353382236,0.41496233461080356,0.5417140770358141
"Bidet from Oregon, all1",neither,0.04071751644889743,0.3089174816120565,0.6503650019390461
In What Manner Do You Want To Kill Him? time!,neither,0.368973765206789,0.24417095573670064,0.3868552790565104
Super excited for tonights One Shot!!,neither,0.03365942464384787,0.3306594831038733,0.635681092252279
bidet from vancouver,neither,0.04228451509352876,0.2823214250720796,0.6753940598343917
spice?,neither,0.03945320844208391,0.33037608806864915,0.630170703489267
"pleased be you all, from Atlanta",neither,0.058562010082187435,0.4323464442984752,0.5090915456193374
"Run, worm sign!",neither,0.03945320844208391,0.33037608806864915,0.630170703489267
Anyone here spice!?,neither,0.08710771530436573,0.2923184674639299,0.6205738172317042
"Hey, r u guys cool? Do you spice?",neither,0.0545226230181136,0.3703890635191316,0.5750883134627548
B please,neither,0.03945320844208391,0.33037608806864915,0.630170703489267
@cutestcorgi welcome to the live crew!,neither,0.04953393666488449,0.31042006530999794,0.6400459980251176
woo London ON REPRESENT. Bidet bitches!,offensive_language,0.010640740150411923,0.9889710324949776,0.0003882273546104
Ello chat 4Head,neither,0.03945320844208391,0.33037608806864915,0.630170703489267
bidet from Alabama gulf coast gandsLessthanthree,neither,0.04023717507484091,0.3170701283208882,0.642692696604271
do u spice?,neither,0.041192042780988224,0.3297780232042037,0.6290299340148081
The CritRole hype is reall!!!!!!!,neither,0.04589280673839416,0.3135059911643215,0.6406012020972844
It's Liam',neither,0.037828236809968684,0.3309349903269868,0.6312367728630445
Will Spice get me out of bed rest?,neither,0.031605909301899875,0.3607841148370347,0.6076099758610655
Bidet from New Jersey!,neither,0.04458029923653559,0.209841401288464,0.7455782994750004
Canada clocking in at gandsLessthanthree,neither,0.03853837985415718,0.3582012279800243,0.6032603921658185
what time is it where you guys are?,neither,0.12312393267837343,0.30422528655082526,0.5726507807708013
Any other Louisianians?,neither,0.03945320844208391,0.33037608806864915,0.630170703489267
@Robertegblack @Angelcorps3 lol thats actually not a bad idea. I just got my girl to start watching it too so I'm sure I can catch up to her xD,offensive_language,0.022723017661432053,0.6423734144389807,0.3349035678995873
"I feel that, if Grog's assorted wisdom and observations were put into a booklet, people would buy that. And it should be titled ""And Ale"" because that's what really matters. :)",neither,0.04119799328551444,0.3575926799531165,0.601209326761369
Bidet from AZ,neither,0.04078317879478948,0.307803020237201,0.6514138009680096
Bidet from Lawrence KS,neither,0.04069404815304118,0.30931579984010865,0.6499901520068502
@12athena speak for yourself - it's already Friday here. Amd I work later today... :D,neither,0.05738965041765162,0.28798816964073626,0.6546221799416121
Bidet from Pennsylvania,neither,0.04069404815304118,0.30931579984010865,0.6499901520068502
Something tells me it Sept 1st with the rolling screens of Sub and Resub <3 it,neither,0.02790353797197908,0.34134149406645936,0.6307549679615616
Bidet everyone!,offensive_language,0.02988896790634741,0.4927062106388782,0.4774048214547744
"Oh good, I'm not late!",neither,0.04290259982530356,0.28067363390900024,0.6764237662656963
:O?,neither,0.03945320844208391,0.33037608806864915,0.630170703489267
U spice??,neither,0.03945320844208391,0.33037608806864915,0.630170703489267
We have a sub Discord! Join here: https://t.co/Of0oLClO2v (you'll need to sub and link it to your Twitch) and be awesome!,neither,0.09041078905206423,0.2930712869599086,0.6165179239880272
Hey!,neither,0.03945320844208391,0.33037608806864915,0.630170703489267
Lets do this,neither,0.040148419443759686,0.3496283523875733,0.610223228168667
hype,neither,0.03945320844208391,0.33037608806864915,0.630170703489267
It's starting!!!!!!!!!,neither,0.037399315187144885,0.3310825161415354,0.6315181686713197
Bidet,neither,0.03945320844208391,0.33037608806864915,0.630170703489267
Beep beep,neither,0.03945320844208391,0.33037608806864915,0.630170703489267
gandsTrinket gandsTrinket gandsTrinket gandsTrinket,neither,0.03945320844208391,0.33037608806864915,0.630170703489267
gandsSubHype gandsSubHype gandsSubHype gandsSubHype gandsSubHype gandsSubHype gandsSubHype,neither,0.03945320844208391,0.33037608806864915,0.630170703489267
gandsSubHype gandsSubHype gandsSubHype gandsSubHype,neither,0.03945320844208391,0.33037608806864915,0.630170703489267
...,neither,0.03945320844208391,0.33037608806864915,0.630170703489267
And here we go.,neither,0.11988274842159176,0.23034065187642816,0.6497765997019802
bidet from the hospital!,neither,0.03960626869327106,0.29088984701269366,0.6695038842940353
Bidet!,neither,0.03945320844208391,0.33037608806864915,0.630170703489267
gandsSubHype gandsSubHype gandsSubHype gandsSubHype,neither,0.03945320844208391,0.33037608806864915,0.630170703489267
OH LETS GO,neither,0.04644179249291809,0.2910714862226406,0.6624867212844413
aaaaaawwwww yeaaaaahhhh,neither,0.03945320844208391,0.33037608806864915,0.630170703489267
hey Chat!,neither,0.03945320844208391,0.33037608806864915,0.630170703489267
oh music's going off,neither,0.04329769321775696,0.3064968578633355,0.6502054489189076
gandsSubHype gandsSubHype gandsSubHype gandsSubHype gandsSubHype,neither,0.03945320844208391,0.33037608806864915,0.630170703489267
gandsApplaud gandsApplaud gandsApplaud gandsApplaud gandsApplaud gandsApplaud gandsApplaud gandsApplaud gandsApplaud gandsApplaud,neither,0.03945320844208391,0.33037608806864915,0.630170703489267
\o/ \o/ \o/,neither,0.03945320844208391,0.33037608806864915,0.630170703489267
Bidet. May you all roll a natural billion.,neither,0.05587612789007991,0.40948738730913453,0.5346364848007855
bidet from Austin Texas! gandsSubHype tessB tessHUG tessB tessHUG tessB tessHUG tessB tessHUG tessB tessHUG gandsLessthanthree,neither,0.04055041785557119,0.31175358083338084,0.6476960013110479
@klusterphunk best of luck to you *tips hat*,neither,0.05735633333491686,0.3548645491939402,0.5877791174711429
gandsSCANLAN gandsSubHype gandsSCANLAN,neither,0.03945320844208391,0.33037608806864915,0.630170703489267
Its starting?!,neither,0.0318254011087983,0.33299964078826727,0.6351749581029343
