text,top_class,hate_speech,offensive_language,neither
I have class at 7:45 am but i'm here anyway!,neither,0.06595509178649869,0.334423343291213,0.5996215649222885
@perrydice I agree!,neither,0.03945320844208391,0.33037608806864915,0.630170703489267
YOU SPICIN?,offensive_language,0.21217306638279385,0.6099082758190073,0.17791865779819876
Beep beep! Bidet from Texas.,neither,0.040937266849991,0.30518774380265185,0.6538749893473571
i can finally chattttt,neither,0.0398576968841806,0.3235108635755535,0.6366314395402659
Ohio Side Chat FTW.,neither,0.03569976800814978,0.35702629014775994,0.6072739418440902
Lucasssss,neither,0.03945320844208391,0.33037608806864915,0.630170703489267
gandsSubHype gandsSubHype gandsSubHype gandsTrinket gandsSubHype gandsSubHype,neither,0.03945320844208391,0.33037608806864915,0.630170703489267
greetings,neither,0.03945320844208391,0.33037608806864915,0.630170703489267
Lucas :(,neither,0.03945320844208391,0.33037608806864915,0.630170703489267
so this is just late?,neither,0.042817747475879284,0.4076688841861614,0.5495133683379593
Yep,neither,0.03945320844208391,0.33037608806864915,0.630170703489267
Bidet from Vegas,neither,0.040853311764050625,0.30661268071637476,0.6525340075195746
hype,neither,0.03945320844208391,0.33037608806864915,0.630170703489267
gandsAJinSpace gandsAJinSpace gandsSCANLAN gandsSCANLAN gandsSCANLAN,neither,0.03945320844208391,0.33037608806864915,0.630170703489267
@scanlans1stborn Who's larken? Maybe we should ask Kima,neither,0.05396938383005425,0.4500652142890541,0.49596540188089167
Lucas is leaving. selF,neither,0.04610868972566376,0.32808696286412165,0.6258043474102145
Dragonfight & chill,neither,0.03945320844208391,0.33037608806864915,0.630170703489267
personally i hope they visit tibs and say they avenged him or something along those lines,neither,0.07295567570022994,0.21324588258917823,0.7137984417105918
#givegrogwhisper gandsDrink gandsDrink gandsDrink,neither,0.03945320844208391,0.33037608806864915,0.630170703489267
gandsMatt gandsMatt gandsMatt gandsMatt gandsMatt gandsMatt gandsMatt gandsMatt gandsMatt gandsMatt gandsMatt gandsMatt,neither,0.03945320844208391,0.33037608806864915,0.630170703489267
I'm so stoked!!!!!,neither,0.039408962504520015,0.38382265604540616,0.5767683814500738
Ow 0_0 my eyes...,neither,0.03195404538992119,0.3736991038565055,0.5943468507535733
4,neither,0.03945320844208391,0.33037608806864915,0.630170703489267
"have matt mercer give the address, and pretend to be a mind flayer",neither,0.042610042602653594,0.29952401435383225,0.6578659430435141
Wait.... Larken is a dragon??????,neither,0.048790970395715894,0.32716440354409443,0.6240446260601896
spice?,neither,0.03945320844208391,0.33037608806864915,0.630170703489267
"tyfallen924, the fight took how many rounds? There wasn't enough time for them to get there.",neither,0.0455978779163537,0.27215926136877416,0.6822428607148721
the Ravenites were plotting there attack on Vox Machina.,neither,0.036878481992656066,0.28052418601477835,0.6825973319925657
i hope they all just go evil after killing thordak and watch the world burn. would be a nice nihilistic twist,neither,0.062054093299669995,0.23292492146592655,0.7050209852344034
spice spice,neither,0.03945320844208391,0.33037608806864915,0.630170703489267
STANDBY - GOODNESS INCOMING,neither,0.03945320844208391,0.33037608806864915,0.630170703489267
gandsNopeNopeNope spice up your life,neither,0.06318574111571838,0.4356543389573352,0.5011599199269464
OH,neither,0.051363287716059566,0.22255663153133606,0.7260800807526044
Welcome back all long time viewers and subs! <3,neither,0.03895331475864723,0.3580646855203828,0.6029819997209701
CHROMA CONCLAVE 2016,neither,0.03945320844208391,0.33037608806864915,0.630170703489267
Proper funeral for Tiberius would be looting his body.,neither,0.049605009070180846,0.3116320091773781,0.638762981752441
gandsSCANLAN gandsSCANLAN gandsSCANLAN gandsSCANLAN gandsSCANLAN gandsSCANLAN gandsSCANLAN,neither,0.03945320844208391,0.33037608806864915,0.630170703489267
a nesquik is stirred...,neither,0.081172750358939,0.3160268245287109,0.60280042511235
spice? you got some?,neither,0.0447929156671412,0.460186925379946,0.49502015895291285
Cleveland vs the world,neither,0.038635093968978074,0.3154439194681214,0.6459209865629006
woooooooo watching live for the first time like... ever,neither,0.03790097243969813,0.32088461640909494,0.6412144111512069
Hey guys Larkin's here,neither,0.10273540065029599,0.28458341499272294,0.6126811843569812
The music makes me want to fight something green and pixelated.,neither,0.03826071912726945,0.2936311193169253,0.6681081615558052
Best of luck Lucas!!,neither,0.038694997090539945,0.324026923827164,0.6372780790822961
anyone else can't login to projectalpha?,neither,0.047840657954335626,0.32031718312737945,0.631842158918285
you got any spice o.o,neither,0.05597458156146999,0.43546023453033034,0.5085651839081997
Lucas is moving to Alaska,neither,0.05095391165817971,0.3252230602368752,0.6238230281049452
sam got 2 full bags of allspice FeelsBadMan,neither,0.05498416695712302,0.36368334465301544,0.5813324883898616
the spice must flow,neither,0.039457192583255536,0.30329766068655645,0.657245146730188
and GONE!,neither,0.038029777355105245,0.26249059793277674,0.699479624712118
You cannot stop the progress of the spice!,neither,0.04903183562014561,0.3917349862012055,0.5592331781786488
<3 lucas!,neither,0.03945320844208391,0.33037608806864915,0.630170703489267
IO,neither,0.03945320844208391,0.33037608806864915,0.630170703489267
when does this show kick off???,neither,0.02879472821289466,0.4293503895571336,0.5418548822299718
Scanlan *** late again,neither,0.03712367796572132,0.36991429984260715,0.5929620221916716
gandsFail gandsFail,neither,0.03945320844208391,0.33037608806864915,0.630170703489267
<--- Ready to get this party started,neither,0.04518750292847472,0.3364047675266755,0.6184077295448498
Any Aussies hook me up with a whisper would love to meet other aussie critters!!,neither,0.028387467365995667,0.41204000835402693,0.5595725242799774
gandsSubHype gandsSubHype gandsSubHype gandsSubHype,neither,0.03945320844208391,0.33037608806864915,0.630170703489267
GivePLZ TBTacoLeft TBCheesePull TBTacoRight TakeNRG,neither,0.03945320844208391,0.33037608806864915,0.630170703489267
O-H,neither,0.03945320844208391,0.33037608806864915,0.630170703489267
Hello Citter ... Hello GaeaCa ...Is it Thursday yet ?,neither,0.04345693575625253,0.3289990226519782,0.6275440415917692
GROG!!,neither,0.03945320844208391,0.33037608806864915,0.630170703489267
Welcomes all new viewers and subs! <3,neither,0.042998289747962826,0.2771746474816854,0.6798270627703518
Welcome Zed!,neither,0.03945320844208391,0.33037608806864915,0.630170703489267
My vice is SPICE,neither,0.03513363453606889,0.4057854400007863,0.5590809254631448
bidet from mobile in California!! Happy Thursday! gandsSubHype,neither,0.053757999821262906,0.3131529090708441,0.6330890911078931
What Larkin was the green dragon?! Wtf,offensive_language,0.046748382927496404,0.4897169744257125,0.463534642646791
is it just starting,neither,0.041307575112954964,0.35397024194877996,0.604722182938265
Best wishes Lucas,neither,0.03870476168369465,0.3241086912730935,0.637186547043212
Just thought of the perfect gift for some friends,neither,0.028215269617048386,0.2510368661326827,0.7207478642502688
"spice is best spice in all mother russia, not really.",neither,0.043103282581574254,0.3622166300429155,0.5946800873755101
"wew lad, +22k viewers and climbing?",neither,0.038864064530276785,0.30134151230869216,0.6597944231610311
HOW LONG TILL GO TIME?,neither,0.039223533902248316,0.3518201824121153,0.6089562836856363
gandsSCANLAN Butts out for Scanlan gandsSCANLAN,neither,0.02865663773064347,0.31561667153437045,0.655726690734986
gandsFail Got Spice?,neither,0.03788125797547795,0.3870089263451547,0.5751098156793674
!wallet,neither,0.03945320844208391,0.33037608806864915,0.630170703489267
gandsSCANLAN u spice? gandsSCANLANgandsSCANLAN any1 spice? gandsSCANLAN,neither,0.03945320844208391,0.33037608806864915,0.630170703489267
Bidet from Sacramento!,neither,0.04062582848913359,0.31047366557575606,0.6489005059351104
Hi @Luap82517 and @Elbuort :),neither,0.038358606956405694,0.2721397086643902,0.6895016843792041
Who is taking over as game manager at GnS or is it unannounced,neither,0.044891797381295666,0.3799286537662001,0.5751795488525041
Hello,neither,0.03945320844208391,0.33037608806864915,0.630170703489267
Hey @gaeaca lrrAWESOME,neither,0.03945320844208391,0.33037608806864915,0.630170703489267
SourPls SourPls,neither,0.03945320844208391,0.33037608806864915,0.630170703489267
3,neither,0.03945320844208391,0.33037608806864915,0.630170703489267
Let's get this show on the road gandsMatt,neither,0.0321214666057893,0.2960400552852147,0.6718384781089961
yes Whew thought I missed 10 mins Than you LA traffic LOL,neither,0.045260861086698564,0.33357776019896096,0.6211613787143404
Thoughts on thoragal not taking a cut if the hiorde,neither,0.022445979917793825,0.3760427561139828,0.6015112639682233
gandsSubHype gandsSubHype gandsSubHype gandsSubHype gandsSubHype gandsSubHype gandsSubHype gandsSubHype gandsSubHype gandsSubHype gandsSubHype,neither,0.03945320844208391,0.33037608806864915,0.630170703489267
lots of Ohio Critters,neither,0.03945320844208391,0.33037608806864915,0.630170703489267
Bidet from Phoenix gandsSCANLAN,neither,0.04066490145509902,0.30981049537100724,0.6495246031738937
"pie, or cake?",neither,0.03945320844208391,0.33037608806864915,0.630170703489267
gandsSCANLAN gandsSCANLAN gandsSCANLAN,neither,0.03945320844208391,0.33037608806864915,0.630170703489267
:(,neither,0.03945320844208391,0.33037608806864915,0.630170703489267
YOU SPICE gandsSCANLAN,neither,0.06371933836109143,0.39692838513161777,0.5393522765072908
so excited,neither,0.03940839469474773,0.3948270312238364,0.565764574081416
#WheresLairkin,neither,0.03945320844208391,0.33037608806864915,0.630170703489267
Welcome to the Critterverse all first-time-livers. Enjoy the chaos.,neither,0.037577166069218626,0.36562952823355077,0.5967933056972305
WE NEED GO TIME,neither,0.03901171517134153,0.3622822250257123,0.5987060598029462
MADE IT YES,neither,0.037538222326361226,0.33103473960668833,0.6314270380669504
Hi @pyromorph,neither,0.03945320844208391,0.33037608806864915,0.630170703489267
"@zedxzeta Once you start, you can't stop.",offensive_language,0.08474910567150051,0.5381114269575085,0.3771394673709912
@grog_strongjaw I would like to rage!,neither,0.059469071796770086,0.33594055101469567,0.6045903771885341
22k oh gosh,neither,0.04522550427656808,0.27558419280407476,0.6791903029193572
"Critical Role, Destroying sleep since '15",neither,0.03945320844208391,0.33037608806864915,0.630170703489267
gandsSCANLAN gandsTrinket gandsSCANLAN gandsTrinket gandsSCANLAN gandsTrinket,neither,0.03945320844208391,0.33037608806864915,0.630170703489267
gandsOwl,neither,0.03945320844208391,0.33037608806864915,0.630170703489267
GO DRAGONS!!!,neither,0.040810256146617326,0.3350871100120312,0.6241026338413515
gandsMatt gandsMatt gandsMatt gandsMatt gandsMatt gandsMatt gandsMatt gandsMatt gandsMatt gandsMatt gandsMatt gandsAJinSpace gandsDrink gandsSCANLAN gandsTrinket gandsRage gandsCrit SeemsGood,neither,0.03945320844208391,0.33037608806864915,0.630170703489267
...Ordering Chinese hella late. Watch him show up in the middle of an important scene.,neither,0.04462990487639701,0.3545205732195046,0.6008495219040985
gandsMatt gandsMatt,neither,0.03945320844208391,0.33037608806864915,0.630170703489267
do you even spice bro...,neither,0.056127931124216615,0.39064793906510675,0.5532241298106766
bidet from washington dc gandsSCANLAN,neither,0.040481371650474204,0.3129254751301128,0.646593153219413
cake,neither,0.03945320844208391,0.33037608806864915,0.630170703489267
Guys guess what? It's THURSDAY!,neither,0.04250680868921438,0.3342446528315212,0.6232485384792643
As always the stream shall start as soon as everyone is there and they are ready,neither,0.04624463336434836,0.3821455794989345,0.5716097871367172
Larken was Raishon?! WAAAAAAAAATT?!?!?!,neither,0.039089514555301665,0.336548922492753,0.6243615629519452
tackle snugs @GaeaCa,neither,0.03945320844208391,0.33037608806864915,0.630170703489267
I spice ;3,neither,0.03945320844208391,0.33037608806864915,0.630170703489267
OH MY SO MUCH OHIO,neither,0.02985654987548168,0.41186414747674766,0.5582793026477707
"Hey, do you critters... spice?",neither,0.0591229222729784,0.3791283602998266,0.561748717427195
song is dope,neither,0.048891526989916265,0.3358725808649338,0.61523589214515
Yes! First live show!,neither,0.05128401523405492,0.25326266369703326,0.6954533210689119
I WANT MY PREORDERED HOODIE NAO,neither,0.027475740376381452,0.4221831510553996,0.550341108568219
You will be missed here Lucas. Thank you for everything you did gandsCrit gandsRaid,neither,0.11314934080822746,0.3600529271099649,0.5267977320818076
gandsSubHype gandsMatt,neither,0.03945320844208391,0.33037608806864915,0.630170703489267
Hello,neither,0.03945320844208391,0.33037608806864915,0.630170703489267
gandsCrit gandsCrit gandsCrit gandsCrit,neither,0.03945320844208391,0.33037608806864915,0.630170703489267
so how about that presidential debate?,neither,0.03385864223954788,0.44515029207232965,0.5209910656881225
"There's one of two ways this episode will go. It'll either be TOTAL downer with the funeral for Tiberius, or one of the lighearted, blow off some steam after the boss fight episodes.",neither,0.029963312264285516,0.31857259073091254,0.6514640970048019
ssshhhh..... follow me I got the spice,neither,0.030752346556060593,0.3937212406025845,0.5755264128413549
Lets ROLL!,neither,0.038525344943611824,0.3461243531684893,0.615350301887899
gandsTrinket gandsDrink gandsSCANLAN gandsAJinSpace gandsSubHype gandsApplaud gandsSubHype gandsSubHype gandsSubHype gandsSubHype gandsSubHype gandsSubHype gandsSubHype gandsSubHype gandsSubHype gandsSubHype gandsSubHype gandsSubHype gandsSubHype gandsSubHype gandsSubHype gandsSubHype gandsSubHype gandsSubHype gandsSubHype gandsSubHype gandsSubHype gandsSubHype gandsSubHype gandsSubHype gandsSubHype gandsSubHype gandsSubHype,neither,0.03945320844208391,0.33037608806864915,0.630170703489267
I don't know how you all keep up with chat. This is intense.,offensive_language,0.04634012276307509,0.48732822948926363,0.46633164774766134
"More than 22,000 nerds tuning in tonight. Gosh.",neither,0.03859954378085089,0.31530706293423016,0.646093393284919
HERE WE GO gandsSubHype gandsSubHype gandsSubHype gandsSubHype gandsSubHype gandsSubHype gandsSubHype,neither,0.13156755280784707,0.2765461283225309,0.5918863188696221
gandsSubHype gandsSubHype gandsSubHype gandsSubHype gandsSubHype gandsSubHype gandsSubHype gandsSubHype gandsSubHype gandsSubHype gandsSubHype gandsSubHype,neither,0.03945320844208391,0.33037608806864915,0.630170703489267
meatman cometh,neither,0.03945320844208391,0.33037608806864915,0.630170703489267
"ohio critters, Assemble!!",neither,0.03945320844208391,0.33037608806864915,0.630170703489267
Vox Machina is spending too much time on the hooka spicin',neither,0.038051213237897105,0.34705107614956926,0.6148977106125336
HYPE,neither,0.03945320844208391,0.33037608806864915,0.630170703489267
💉🔮,neither,0.03945320844208391,0.33037608806864915,0.630170703489267
WHAT,neither,0.057770773616808734,0.3180719994247239,0.6241572269584672
"i know i complain about the tech issues, but i know that lucas and the crew do their best. lucas will be missed",neither,0.036171332523738636,0.3221632485226541,0.6416654189536073
It's whiskey time!,neither,0.03682596088607628,0.3511237695171135,0.6120502695968103
I've rewatched the episodes at least four times which given my busy schedule is crazy.... I had to do a little spice to get through them all gandsSCANLAN,neither,0.03199018502000813,0.42423692564542853,0.5437728893345632
gandsSubHype gandsSubHype gandsSubHype,neither,0.03945320844208391,0.33037608806864915,0.630170703489267
gandsSubHype gandsSubHype gandsSubHype gandsSubHype gandsSubHype,neither,0.03945320844208391,0.33037608806864915,0.630170703489267
2,neither,0.03945320844208391,0.33037608806864915,0.630170703489267
Yup. Ohio is the home of nerds!!!!,neither,0.04442745449331433,0.3170338593500996,0.6385386861565862
good thing i didn't spend much on that spice cause that would just be silly,neither,0.022236104715678644,0.43171671874690926,0.5460471765374121
Hey guys. Is it just starting or is it a break?,neither,0.04508095070573895,0.34346673436631,0.6114523149279509
it has begun,neither,0.037466634629501894,0.31789117281524343,0.6446421925552547
@anne9660 Ohio = best state,neither,0.06971916306965985,0.22616386312113368,0.7041169738092063
o.o,neither,0.03945320844208391,0.33037608806864915,0.630170703489267
MY BODY IS READY,neither,0.03405984045513004,0.42505863100050806,0.540881528544362
ay masquerade,neither,0.03945320844208391,0.33037608806864915,0.630170703489267
gandsSubHype gandsSubHype gandsSubHype gandsSubHype gandsSubHype gandsSubHype gandsSubHype gandsSubHype gandsSubHype gandsRaid gandsSubHype gandsRaid,neither,0.03945320844208391,0.33037608806864915,0.630170703489267
It's Thursday!!!,neither,0.03752336384949593,0.3310398501182267,0.6314367860322773
If the Critical Role cast ever comes to Texas for a live game (like for SXSW Interactive) it will be mass hysteria.,neither,0.0338487561398985,0.29938226150536157,0.66676898235474
What the?,neither,0.052193750385548,0.28272826532966666,0.6650779842847853
is the VM story going to be over after they ae done with the cinder king? ;_;,neither,0.03651570411265751,0.3567473131175952,0.6067369827697471
Wow I'm never able to watch live,neither,0.05030887564557152,0.3567034546939748,0.5929876696604537
OH,neither,0.051363287716059566,0.22255663153133606,0.7260800807526044
what the,neither,0.052193750385548,0.28272826532966666,0.6650779842847853
The hoodie did look great,neither,0.03868406554284305,0.2948467953152962,0.6664691391418608
???,neither,0.03945320844208391,0.33037608806864915,0.630170703489267
"oh yeah, saw this earlier",neither,0.028602561421513673,0.38855450566714367,0.5828429329113426
?,neither,0.03945320844208391,0.33037608806864915,0.630170703489267
!wallet,neither,0.03945320844208391,0.33037608806864915,0.630170703489267
wat?,neither,0.03945320844208391,0.33037608806864915,0.630170703489267
WTF?,offensive_language,0.04410695246022759,0.7898861884776351,0.16600685906213722
what do heck is this,neither,0.055888276561221695,0.3242258866561569,0.6198858367826213
gandsSubHype gandsSubHype gandsSubHype gandsSubHype gandsSubHype gandsSubHype,neither,0.03945320844208391,0.33037608806864915,0.630170703489267
commercial time,neither,0.038054792643257965,0.35411085374914036,0.6078343536076017
gandsSubHype gandsSubHype gandsSubHype gandsSubHype gandsSubHype gandsSubHype gandsSubHype gandsSubHype gandsSubHype gandsSubHype,neither,0.03945320844208391,0.33037608806864915,0.630170703489267
Woah,neither,0.03945320844208391,0.33037608806864915,0.630170703489267
gandsSubHype gandsSubHype gandsSubHype gandsSubHype,neither,0.03945320844208391,0.33037608806864915,0.630170703489267
gandsDrink,neither,0.03945320844208391,0.33037608806864915,0.630170703489267
gandsSubHype gandsSubHype gandsSubHype gandsSubHype gandsSubHype,neither,0.03945320844208391,0.33037608806864915,0.630170703489267
gandsSubHype gandsSubHype gandsSubHype,neither,0.03945320844208391,0.33037608806864915,0.630170703489267
"No, not this cringy thing again",neither,0.03497599264104207,0.38799279374527335,0.5770312136136846
creepy,neither,0.03945320844208391,0.33037608806864915,0.630170703489267
love this video!!!!,neither,0.0425901238970288,0.21928832753208116,0.7381215485708901
What the,neither,0.052193750385548,0.28272826532966666,0.6650779842847853
idk what this is but HYPE,neither,0.049286129141923735,0.3346315258358372,0.6160823450222391
HOLY *** THINGS ARE HAPPENING,neither,0.06072766897522738,0.2922979648974603,0.6469743661273124
d,neither,0.03945320844208391,0.33037608806864915,0.630170703489267
gandsSubHype gandsSubHype gandsSubHype gandsSubHype gandsSubHype,neither,0.03945320844208391,0.33037608806864915,0.630170703489267
Of course,neither,0.03945320844208391,0.33037608806864915,0.630170703489267
do you spice?,neither,0.06340458516664035,0.38876294420848057,0.5478324706248792
DC represent,neither,0.03945320844208391,0.33037608806864915,0.630170703489267
HEELZ YEAH,offensive_language,0.013968601452186464,0.5182923869769311,0.4677390115708824
God I wish this game was good :(,neither,0.03798057330720025,0.2935704303187312,0.6684489963740685
how many do we have from md,neither,0.04089858272466927,0.3249111731459047,0.6341902441294262
@Cagedorange64 welcome!,neither,0.03945320844208391,0.33037608806864915,0.630170703489267
just saw this on youtube,neither,0.03215164365268894,0.36741812825311293,0.6004302280941982
Wat is it,neither,0.04901705759977168,0.3270866417872548,0.6238963006129736
woo gandsSCANLAN,neither,0.03945320844208391,0.33037608806864915,0.630170703489267
gandsSCANLAN THE MEAT MAN COMETH gandsSCANLAN,neither,0.03869115772328134,0.36866941033296635,0.5926394319437523
man they are late tonight,neither,0.06225968018963082,0.31941938748786247,0.6183209323225067
????,neither,0.03945320844208391,0.33037608806864915,0.630170703489267
wtf,offensive_language,0.04410695246022759,0.7898861884776351,0.16600685906213722
gandsSubHype gandsSubHype gandsSubHype,neither,0.03945320844208391,0.33037608806864915,0.630170703489267
wtf is this shit????,offensive_language,0.054798476160771284,0.9451874913837446,1.4032455484039687e-05
asif they havent been a bit behind before,neither,0.03641763691953709,0.38189765901665285,0.58168470406381
"Oh, this is good",neither,0.05960726798070032,0.2583108580218715,0.6820818739974281
gandsSubHype gandsSubHype gandsSubHype,neither,0.03945320844208391,0.33037608806864915,0.630170703489267
cool ad,neither,0.03945320844208391,0.33037608806864915,0.630170703489267
Weird CR intro tonight,neither,0.03747266992301181,0.31379131349547745,0.6487360165815107
gandsSubHype gandsSubHype gandsSubHype gandsSubHype,neither,0.03945320844208391,0.33037608806864915,0.630170703489267
this is how an add should be,neither,0.0631556327784603,0.3641170375917635,0.5727273296297761
gandsMatt gandsMatt gandsMatt gandsMatt gandsMatt gandsSubHype gandsSubHype gandsSubHype gandsSubHype gandsSubHype gandsSubHype gandsLessthanthree gandsLessthanthree gandsLessthanthree gandsLessthanthree gandsLessthanthree gandsLessthanthree gandsLessthanthree,neither,0.03945320844208391,0.33037608806864915,0.630170703489267
gandsFail gandsFail gandsFail gandsFail,neither,0.03945320844208391,0.33037608806864915,0.630170703489267
masquarada,neither,0.03945320844208391,0.33037608806864915,0.630170703489267
gandsSubHype gandsSubHype gandsSubHype gandsSubHype gandsSubHype gandsSubHype gandsSubHype gandsSubHype gandsSubHype,neither,0.03945320844208391,0.33037608806864915,0.630170703489267
Masquerada,neither,0.03945320844208391,0.33037608806864915,0.630170703489267
gandsSubHype gandsSubHype gandsSubHype gandsSubHype gandsSubHype,neither,0.03945320844208391,0.33037608806864915,0.630170703489267
Oh my!,neither,0.02748693229954249,0.40236076101129065,0.5701523066891669
gandsSubHype gandsSubHype gandsSubHype gandsSubHype gandsSubHype gandsSubHype gandsSubHype gandsSubHype,neither,0.03945320844208391,0.33037608806864915,0.630170703489267
?,neither,0.03945320844208391,0.33037608806864915,0.630170703489267
dishonored 2?,neither,0.03945320844208391,0.33037608806864915,0.630170703489267
gandsSubHype gandsSubHype gandsSubHype gandsSubHype gandsSubHype gandsSubHype gandsSubHype gandsSubHype gandsSubHype gandsSubHype gandsSubHype gandsSubHype gandsSubHype,neither,0.03945320844208391,0.33037608806864915,0.630170703489267
What is tis?!?!?!?,neither,0.08191733112755817,0.31109320414220176,0.6069894647302402
IS THIS FOR MASQUERADA,neither,0.043071059752893444,0.2758449064956992,0.6810840337514072
"Being from the US, and a complete lightweight when it comes to staying up late, I would like to say to those who are up at ungodly hours, I applaud you!",neither,0.09700275201700574,0.3723502832699658,0.5306469647130284
this week on critrole: ballroom dancing,neither,0.03717217842677336,0.3421700727876141,0.6206577487856126
Hahaha product placement.....neeew sponsors,neither,0.03945320844208391,0.33037608806864915,0.630170703489267
i still have no idea what this game is,neither,0.04925254336388838,0.3220588702801941,0.6286885863559176
gandsSubHype,neither,0.03945320844208391,0.33037608806864915,0.630170703489267
I'm scared,neither,0.03945320844208391,0.33037608806864915,0.630170703489267
wat dat,neither,0.03945320844208391,0.33037608806864915,0.630170703489267
those masks look so nice!,neither,0.0631028401908613,0.3058298597574522,0.6310673000516864
wait what is this...,neither,0.060967451917420916,0.32228617766816964,0.6167463704144095
"Bidet from Phoenix, if anyone is interested in my D&D groups charity stream Saturday tweet me@Just_SaraH",neither,0.026683980971925866,0.403150261752721,0.5701657572753531
Masquerade!,neither,0.03945320844208391,0.33037608806864915,0.630170703489267
matts commercial hype,neither,0.03945320844208391,0.33037608806864915,0.630170703489267
Ooh Masquerada,neither,0.03945320844208391,0.33037608806864915,0.630170703489267
commercials?,neither,0.03945320844208391,0.33037608806864915,0.630170703489267
just in time gandsSCANLAN,neither,0.030301954458447782,0.39891765189907363,0.5707803936424786
gandsSubHype gandsSubHype gandsSubHype gandsSubHype gandsSubHype,neither,0.03945320844208391,0.33037608806864915,0.630170703489267
Dafuq is this?,neither,0.04907462259199723,0.3288661739393127,0.6220592034686901
Masquerada!,neither,0.03945320844208391,0.33037608806864915,0.630170703489267
dubbya tee eff?,neither,0.03945320844208391,0.33037608806864915,0.630170703489267
YAAAAAAAAS,neither,0.03945320844208391,0.33037608806864915,0.630170703489267
"So, what is this a commercial for?",neither,0.04633762996678419,0.33716079985748887,0.6165015701757269
don't worry. It's a commercial with Matt Mercer :),neither,0.03016007071166488,0.35925472015838716,0.610585209129948
gandsSubHype gandsSubHype gandsSubHype gandsSubHype gandsSubHype gandsSubHype gandsSubHype gandsSubHype gandsSubHype gandsSubHype gandsSubHype gandsSubHype gandsSubHype gandsSubHype gandsSubHype gandsSubHype gandsSubHype gandsSubHype,neither,0.03945320844208391,0.33037608806864915,0.630170703489267
Yes! I saw this today on the YouTube.,neither,0.03521178015850789,0.311543786823278,0.6532444330182141
those hoodies are f@#$king expensive,neither,0.08292178387175042,0.24282616081606134,0.6742520553121882
Ahh m,neither,0.03945320844208391,0.33037608806864915,0.630170703489267
gandsHype,neither,0.03945320844208391,0.33037608806864915,0.630170703489267
HYPE???,neither,0.03945320844208391,0.33037608806864915,0.630170703489267
WUT,neither,0.03945320844208391,0.33037608806864915,0.630170703489267
wtf lmao,offensive_language,0.04198062151017625,0.7126855476534997,0.24533383083632399
Masquerada,neither,0.03945320844208391,0.33037608806864915,0.630170703489267
!wallet,neither,0.03945320844208391,0.33037608806864915,0.630170703489267
get'im Mercer,neither,0.03676774816536868,0.4105523854841491,0.552679866350482
WHOA MATT,neither,0.03945320844208391,0.33037608806864915,0.630170703489267
oh hai,neither,0.051363287716059566,0.22255663153133606,0.7260800807526044
Oh it's the game trailer,neither,0.26057147178902784,0.23862605776171703,0.5008024704492551
Wtf?,offensive_language,0.04410695246022759,0.7898861884776351,0.16600685906213722
OH *** MATT,neither,0.0456283565223502,0.2719307315164877,0.6824409119611621
Masquerada commercial?,neither,0.03945320844208391,0.33037608806864915,0.630170703489267
@GeekandSundrypls bring back setup cam i like watching you guys set up and the cast wandering around],neither,0.05086915523820585,0.35879579200978146,0.5903350527520127
gandsLessthanthree gandsLessthanthree gandsLessthanthree gandsMatt,neither,0.03945320844208391,0.33037608806864915,0.630170703489267
Hi matt,neither,0.03945320844208391,0.33037608806864915,0.630170703489267
MATT,neither,0.03945320844208391,0.33037608806864915,0.630170703489267
What the WutFace,neither,0.052193750385548,0.28272826532966666,0.6650779842847853
wuuuuuuuuuuut,neither,0.03945320844208391,0.33037608806864915,0.630170703489267
MATT!,neither,0.03945320844208391,0.33037608806864915,0.630170703489267
this is awesome,neither,0.050512911114032236,0.32860941969445295,0.6208776691915148
What?,neither,0.057770773616808734,0.3180719994247239,0.6241572269584672
No thanks ResidentSleeper,neither,0.035164368710469435,0.32577916295050513,0.6390564683390255
"Lol, what",neither,0.03348641322023753,0.43558119648426563,0.5309323902954968
one of us,neither,0.11121653609102863,0.3609560450326342,0.5278274188763372
PogChamp,neither,0.03945320844208391,0.33037608806864915,0.630170703489267
????,neither,0.03945320844208391,0.33037608806864915,0.630170703489267
WOOOOT,neither,0.03945320844208391,0.33037608806864915,0.630170703489267
wut?,neither,0.03945320844208391,0.33037608806864915,0.630170703489267
finally subscribed,neither,0.03945320844208391,0.33037608806864915,0.630170703489267
what the what is this,neither,0.06654709794375427,0.2984037134717772,0.6350491885844685
w-wtf is this?! :O,offensive_language,0.05875134067276458,0.7027317341486384,0.23851692517859707
Masquerada!!,neither,0.03945320844208391,0.33037608806864915,0.630170703489267
Masquerada trailer,hate_speech,0.4360266273846343,0.3250643451946187,0.2389090274207469
lol,neither,0.020706217963973744,0.4882283491876925,0.4910654328483337
masquerada,neither,0.03945320844208391,0.33037608806864915,0.630170703489267
gandsMatt gandsMatt gandsMatt gandsLessthanthree,neither,0.03945320844208391,0.33037608806864915,0.630170703489267
what the *** is happening right now,neither,0.05058084718731296,0.3260626501122907,0.6233565027003964
wut!?,neither,0.03945320844208391,0.33037608806864915,0.630170703489267
This is Matt Maercer's Game teaser Video for his upcoming RPG,neither,0.06221947867794692,0.22128101767606934,0.7164995036459837
its masqurade a new game,neither,0.034426760108551537,0.17405355560321226,0.7915196842882363
Super excited for this game!!!!!!!!,neither,0.033684310515331224,0.2708331154467332,0.6954825740379355
OH hi matt,neither,0.04445058242241131,0.28267721804984886,0.6728721995277398
love this video,neither,0.0425901238970288,0.21928832753208116,0.7381215485708901
EY MERCER,neither,0.03945320844208391,0.33037608806864915,0.630170703489267
wut,neither,0.03945320844208391,0.33037608806864915,0.630170703489267
WutFace,neither,0.03945320844208391,0.33037608806864915,0.630170703489267
Lol my computer crashed last time I tried to watch this ad so let's hope that it doesn't happen again,neither,0.03633633074374914,0.42064194523846005,0.5430217240177908
"Beep Beep from Iowa folks! Also, I am currently playing this game, Masquerada. Pretty good so far!",neither,0.039067974692373726,0.3220577198073411,0.6388743055002851
whaaaaaaaaa,neither,0.03945320844208391,0.33037608806864915,0.630170703489267
"the new game, it looks fun :)",neither,0.03975314799961899,0.1975379340101484,0.7627089179902327
what,neither,0.057770773616808734,0.3180719994247239,0.6241572269584672
what,neither,0.057770773616808734,0.3180719994247239,0.6241572269584672
Masque of the red death,neither,0.03858222371902165,0.3157920674591538,0.6456257088218246
gandsMatt gandsMatt gandsMatt gandsMatt gandsMatt gandsMatt gandsMatt gandsMatt gandsMatt gandsMatt gandsMatt,neither,0.03945320844208391,0.33037608806864915,0.630170703489267
it's a game on Steam,neither,0.03484644787230743,0.3032728347411383,0.6618807173865542
deIlluminati spice deIlluminati,neither,0.03945320844208391,0.33037608806864915,0.630170703489267
ResidentSleeper,neither,0.03945320844208391,0.33037608806864915,0.630170703489267
wait what,neither,0.04877470361900789,0.3238348708445956,0.6273904255363965
WOT,neither,0.03945320844208391,0.33037608806864915,0.630170703489267
Masquerada!!,neither,0.03945320844208391,0.33037608806864915,0.630170703489267
Matt!!!,neither,0.03945320844208391,0.33037608806864915,0.630170703489267
"Oh, I saw this trailer on YouTube! This looks awesome! I already bought the game, and loving it so far!",neither,0.10062642219907661,0.31492560249305657,0.5844479753078669
New Lady GaGa video,neither,0.04687299435181567,0.17739459624324094,0.7757324094049434
gandsLessthanthree gandsLessthanthree gandsLessthanthree gandsLessthanthree,neither,0.03945320844208391,0.33037608806864915,0.630170703489267
LOL,neither,0.020706217963973744,0.4882283491876925,0.4910654328483337
This looks pretty cool,neither,0.039351741362384604,0.33209824921912295,0.6285500094184925
what is happening?!,neither,0.05556313111362946,0.3226410524653571,0.6217958164210133
gandsSubHype,neither,0.03945320844208391,0.33037608806864915,0.630170703489267
Wow,neither,0.03945320844208391,0.33037608806864915,0.630170703489267
WAT,neither,0.03945320844208391,0.33037608806864915,0.630170703489267
OH DAMN,offensive_language,0.05096471030591599,0.9063512536062347,0.04268403608784929
I didn't expect that to happen,neither,0.027940844648285758,0.40438120808317296,0.5676779472685413
matt lookin so good,neither,0.03879682876034265,0.3741838880043182,0.587019283235339
"Omg, Masquerada?! :D I haven't played it yet!! <3",neither,0.03823774375303186,0.3307941421110798,0.6309681141358884
Briarwoods?,neither,0.03945320844208391,0.33037608806864915,0.630170703489267
gandsSubHype gandsSubHype gandsSubHype gandsSubHype gandsSubHype gandsSubHype gandsSubHype gandsSubHype gandsSubHype gandsSubHype gandsSubHype gandsSubHype gandsSubHype gandsSubHype gandsSubHype,neither,0.03945320844208391,0.33037608806864915,0.630170703489267
Thare he is,neither,0.0817087036342036,0.3158424856208871,0.6024488107449093
maquerada!,neither,0.03945320844208391,0.33037608806864915,0.630170703489267
has anyone tried this game?,neither,0.03907377698322461,0.285788756279932,0.6751374667368434
New inro,neither,0.04660400397451208,0.1401930676750457,0.8132029283504423
1,neither,0.03945320844208391,0.33037608806864915,0.630170703489267
new assassins creed,neither,0.043301118494078285,0.23413499177287803,0.7225638897330438
what is HAPPENING,neither,0.05556313111362946,0.3226410524653571,0.6217958164210133
gandsMatt,neither,0.03945320844208391,0.33037608806864915,0.630170703489267
gandsSubHype gandsSubHype gandsSubHype gandsSubHype,neither,0.03945320844208391,0.33037608806864915,0.630170703489267
laggy again,neither,0.0358555699129713,0.3914374029960717,0.5727070270909569
...OMG. IT'S A MERCER. IT'S DEF A MERCER.,neither,0.03666241839017931,0.33133596874085847,0.6320016128689622
WAT,neither,0.03945320844208391,0.33037608806864915,0.630170703489267
Carpe DM,neither,0.03945320844208391,0.33037608806864915,0.630170703489267
what is... what? That looks.... OMG,neither,0.05484020030294412,0.35797422800554357,0.5871855716915123
WAT,neither,0.03945320844208391,0.33037608806864915,0.630170703489267
wow what,neither,0.04840825057292334,0.32407970387965335,0.6275120455474233
oh my,neither,0.02748693229954249,0.40236076101129065,0.5701523066891669
wut,neither,0.03945320844208391,0.33037608806864915,0.630170703489267
lol wtf,offensive_language,0.031162530387327435,0.7876633485558594,0.181174121056813
LMAO,neither,0.03705015143476208,0.3711622369619404,0.5917876116032975
wooo matt,neither,0.03945320844208391,0.33037608806864915,0.630170703489267
what?,neither,0.057770773616808734,0.3180719994247239,0.6241572269584672
its matt,neither,0.03249885153445373,0.3327680103054093,0.6347331381601369
@GaeaCa Just had my 13th month sub with G&S,neither,0.02271349910935491,0.430110343780269,0.547176157110376
lmao,neither,0.03705015143476208,0.3711622369619404,0.5917876116032975
lol,neither,0.020706217963973744,0.4882283491876925,0.4910654328483337
lol,neither,0.020706217963973744,0.4882283491876925,0.4910654328483337
LMAO,neither,0.03705015143476208,0.3711622369619404,0.5917876116032975
Nailed it.,neither,0.03772653554390317,0.33096997005595963,0.6313034944001372
lol,neither,0.020706217963973744,0.4882283491876925,0.4910654328483337
HYPE,neither,0.03945320844208391,0.33037608806864915,0.630170703489267
MASQUERADA,neither,0.03945320844208391,0.33037608806864915,0.630170703489267
What?,neither,0.057770773616808734,0.3180719994247239,0.6241572269584672
wut,neither,0.03945320844208391,0.33037608806864915,0.630170703489267
love this,neither,0.033354624610487035,0.36213039408674813,0.6045149813027648
?,neither,0.03945320844208391,0.33037608806864915,0.630170703489267
HA HA HA!,neither,0.03945320844208391,0.33037608806864915,0.630170703489267
wtf is this and why do i like it so much?,offensive_language,0.04172583684214277,0.5851292122646153,0.37314495089324196
"""hahahahaha""",neither,0.03945320844208391,0.33037608806864915,0.630170703489267
oops,neither,0.03945320844208391,0.33037608806864915,0.630170703489267
LUL,neither,0.03945320844208391,0.33037608806864915,0.630170703489267
o,neither,0.03945320844208391,0.33037608806864915,0.630170703489267
Masquerada?,neither,0.03945320844208391,0.33037608806864915,0.630170703489267
gandsMatt gandsMatt gandsMatt gandsMatt gandsMatt gandsMatt gandsMatt gandsMatt gandsMatt gandsMatt gandsMatt gandsMatt gandsMatt,neither,0.03945320844208391,0.33037608806864915,0.630170703489267
thats the briarwoods?,neither,0.03789374402134487,0.3012401038347924,0.6608661521438627
SO COOL,neither,0.03941094976918481,0.4067560025575799,0.5538330476732353
OMG,neither,0.03945320844208391,0.33037608806864915,0.630170703489267
WTF?,offensive_language,0.04410695246022759,0.7898861884776351,0.16600685906213722
LOL,neither,0.020706217963973744,0.4882283491876925,0.4910654328483337
glowy red stuff is never good battleblock told me that,neither,0.03255266902308639,0.42208232655710787,0.5453650044198058
HUH,neither,0.03945320844208391,0.33037608806864915,0.630170703489267
WutFace,neither,0.03945320844208391,0.33037608806864915,0.630170703489267
Cool!!!,neither,0.03945320844208391,0.33037608806864915,0.630170703489267
welcome to critical role...,neither,0.045041538796923415,0.3270939302282134,0.6278645309748633
Masquerada!,neither,0.03945320844208391,0.33037608806864915,0.630170703489267
lol,neither,0.020706217963973744,0.4882283491876925,0.4910654328483337
the heck is this?,neither,0.04741167734877569,0.31148493655533577,0.6411033860958886
Whoops,neither,0.03945320844208391,0.33037608806864915,0.630170703489267
o__O?,neither,0.03945320844208391,0.33037608806864915,0.630170703489267
Whoops!,neither,0.03945320844208391,0.33037608806864915,0.630170703489267
MY IMMERSION! NotLikeThis,offensive_language,0.011017215557639733,0.6062201221254095,0.3827626623169507
WHAT,neither,0.057770773616808734,0.3180719994247239,0.6241572269584672
MATT!?,neither,0.03945320844208391,0.33037608806864915,0.630170703489267
Orgy time,neither,0.036668274527354654,0.377643684699956,0.5856880407726893
hot diggity damn,offensive_language,0.04414822580799034,0.9076884177634573,0.04816335642855226
The hell?,offensive_language,0.04151009946191217,0.8943668927155267,0.06412300782256102
Masquerada??,neither,0.03945320844208391,0.33037608806864915,0.630170703489267
LUL,neither,0.03945320844208391,0.33037608806864915,0.630170703489267
Hahaha,neither,0.03945320844208391,0.33037608806864915,0.630170703489267
lol,neither,0.020706217963973744,0.4882283491876925,0.4910654328483337
