text,top_class,hate_speech,offensive_language,neither
No sound?,neither,0.03817021587683215,0.3521518202447505,0.6096779638784173
Is it peanut butter jelly time?,neither,0.04315067164597731,0.34264670350743465,0.614202624846588
Take your time gandsSubHype,neither,0.09227119047653476,0.34390147336395116,0.5638273361595141
stands by,neither,0.040997436992881636,0.388379612529118,0.5706229504780004
Bidet from Las Vegas!,neither,0.040400041164603724,0.3143058657309893,0.6452940931044071
"I can do Zelda-songs in my head, no worries!",neither,0.03165705286545016,0.407257695936388,0.5610852511981618
texas critters in dfw area in force,neither,0.03945320844208391,0.33037608806864915,0.630170703489267
What are these coins?,neither,0.09586027745059549,0.3488670363553648,0.5552726861940398
sings zelda songs in head,neither,0.038261678190052655,0.35059946609178205,0.6111388557181654
any sasatoons,neither,0.03945320844208391,0.33037608806864915,0.630170703489267
Hello from Tucson..........It's raining,neither,0.039111059982790936,0.31473319495499,0.6461557450622192
curious...did twitch change their format?,neither,0.03945320844208391,0.33037608806864915,0.630170703489267
yay 2 am in the uk always worth it for critrole,neither,0.03267973334475626,0.33618070719178883,0.6311395594634548
bidet,neither,0.03945320844208391,0.33037608806864915,0.630170703489267
CONFIRMED ASHLEY IS THERE,neither,0.04619551801343845,0.2928071708202449,0.6609973111663167
!coins,neither,0.03945320844208391,0.33037608806864915,0.630170703489267
SOON IT BEGINS!!!!,neither,0.03809493593249637,0.3308432602691006,0.6310618037984029
"Bidet from King of Prussia, Pa",neither,0.0404245408304093,0.31389004246323604,0.6456854167063547
@front_ranger How are things in the People's Republic?,neither,0.12441519839980561,0.2522631715693635,0.6233216300308309
gandsDrink gandsDrink,neither,0.03945320844208391,0.33037608806864915,0.630170703489267
Hype Hype Hype,neither,0.03945320844208391,0.33037608806864915,0.630170703489267
gandsDrink gandsTrinket,neither,0.03945320844208391,0.33037608806864915,0.630170703489267
!wallet,neither,0.03945320844208391,0.33037608806864915,0.630170703489267
!wallet,neither,0.03945320844208391,0.33037608806864915,0.630170703489267
frostisaurus has 1480 coins,neither,0.03989735448983053,0.32283777050957063,0.6372648750005988
alexanderae254 has 461 coins,neither,0.03989735448983053,0.32283777050957063,0.6372648750005988
The silence is deafening,neither,0.048842954861225404,0.3068651713511544,0.6442918737876201
@GeekandSundry I will!,neither,0.043037463317419186,0.2695419286743809,0.6874206080081999
and it went silent!!!,neither,0.037303950065075475,0.2918350052383556,0.6708610446965689
!wallet,neither,0.03945320844208391,0.33037608806864915,0.630170703489267
psychopathiclol has 1304 coins,neither,0.03989735448983053,0.32283777050957063,0.6372648750005988
BIDET from Ontario,neither,0.04062582848913359,0.31047366557575606,0.6489005059351104
!wallet,neither,0.03945320844208391,0.33037608806864915,0.630170703489267
!wallet,neither,0.03945320844208391,0.33037608806864915,0.630170703489267
cmander7688 has 1002 coins,neither,0.03989735448983053,0.32283777050957063,0.6372648750005988
!wallet,neither,0.03945320844208391,0.33037608806864915,0.630170703489267
skinnydude03 has 473 coins,neither,0.03989735448983053,0.32283777050957063,0.6372648750005988
matooska has 1010 coins,neither,0.03989735448983053,0.32283777050957063,0.6372648750005988
will do gands,neither,0.0450026630396543,0.28390237408752217,0.6710949628728236
I believe @GeekandSundry is trying to tell us something lol,neither,0.08161814992845154,0.36253758514905826,0.5558442649224903
I don't want to sing I want to watch the show!,neither,0.06964025677725116,0.2481291950793716,0.6822305481433774
wallet!,neither,0.03945320844208391,0.33037608806864915,0.630170703489267
gandsSubHype gandsSubHype gandsSubHype gandsSubHype,neither,0.03945320844208391,0.33037608806864915,0.630170703489267
@GeekandSundry DO DO DOOO DOO DOO DO DO DOOO,neither,0.041669095410633544,0.3296139429293329,0.6287169616600337
"This is a very cool map, ty tons to whomever put it together",neither,0.046989181194879166,0.32773632017189386,0.625274498633227
!wallet,neither,0.03945320844208391,0.33037608806864915,0.630170703489267
massgenicism has 1923 coins,neither,0.03989735448983053,0.32283777050957063,0.6372648750005988
!walllet,neither,0.03945320844208391,0.33037608806864915,0.630170703489267
they must be starting soon,neither,0.04075032420451978,0.31920808688938035,0.6400415889061
Bidet from Panama City Florida,neither,0.04030662224285133,0.31589142863708536,0.6438019491200633
Looking for Larking in Philadelphia! Bidet all.,neither,0.03489165562470421,0.36252837155885903,0.6025799728164367
Ashley's here??,neither,0.0979213125458446,0.2854165492562083,0.6166621381979471
gandsSCANLAN gandsSCANLAN gandsSCANLAN gandsSCANLAN gandsSCANLAN gandsSCANLAN gandsSCANLAN gandsSCANLAN gandsSCANLAN gandsSCANLAN gandsSCANLAN,neither,0.03945320844208391,0.33037608806864915,0.630170703489267
^ < > ^ < >,neither,0.03945320844208391,0.33037608806864915,0.630170703489267
@shadowrain1001 I did philly ftw,neither,0.03945320844208391,0.33037608806864915,0.630170703489267
I love the Sun and Geekdry spam,neither,0.03558692681554695,0.2932079435255359,0.6712051296589173
LA LA LA LALALALALAAAAA LA LA LA LALAAAA,neither,0.03945320844208391,0.33037608806864915,0.630170703489267
STOON !!!,neither,0.03945320844208391,0.33037608806864915,0.630170703489267
!wallet,neither,0.03945320844208391,0.33037608806864915,0.630170703489267
i wanna be the very best,neither,0.03805394197430508,0.30934952627236767,0.6525965317533274
admiralrasmussen has 1289 coins,neither,0.03989735448983053,0.32283777050957063,0.6372648750005988
!wallwt,neither,0.03945320844208391,0.33037608806864915,0.630170703489267
!wallet,neither,0.03945320844208391,0.33037608806864915,0.630170703489267
"I've got Skyrim music playing the background, I'm good",neither,0.022800130395459778,0.33599929832642284,0.6412005712781174
prce6 has 1318 coins,neither,0.03989735448983053,0.32283777050957063,0.6372648750005988
Can you show the costumes again?,neither,0.0699873798178317,0.30727813431467993,0.6227344858674884
Ball sweat,neither,0.03945320844208391,0.33037608806864915,0.630170703489267
"@8BitCook, hell yeah, vegas buddies o/",offensive_language,0.028295908482194574,0.7094942984599436,0.26220979305786174
gandsSubHype gandsSubHype gandsSubHype gandsSubHype gandsSubHype gandsSubHype gandsSubHype gandsSubHype gandsSubHype gandsSubHype gandsSubHype gandsSubHype gandsSubHype gandsSubHype gandsSubHype gandsSubHype gandsSubHype,neither,0.03945320844208391,0.33037608806864915,0.630170703489267
Bidet from Cali,neither,0.04079557052152802,0.30759270029461827,0.6516117291838538
ASHLEY HYPE,neither,0.03945320844208391,0.33037608806864915,0.630170703489267
yay d and d at work!,neither,0.037846849200809295,0.3132931469485138,0.648860003850677
"DO DA DO DA DO DOOOOOOOO! ""You found a piece of the Trifoce!""",offensive_language,0.10825654243260575,0.4976148739271035,0.3941285836402908
Why is everyone saying Bidet? DansGame,neither,0.02184349720939639,0.4565264463017188,0.5216300564888849
A stream is earned!,neither,0.04690607540476405,0.3278127053644783,0.6252812192307576
Spice?,neither,0.03945320844208391,0.33037608806864915,0.630170703489267
!wallet,neither,0.03945320844208391,0.33037608806864915,0.630170703489267
derriklest has 1030 coins,neither,0.03989735448983053,0.32283777050957063,0.6372648750005988
!coins,neither,0.03945320844208391,0.33037608806864915,0.630170703489267
this silence is gandsSpoopy,neither,0.049720289556762595,0.3287517743397576,0.6215279361034798
Let there be Spice,neither,0.0249932185529788,0.3222187262418299,0.6527880552051913
!wallet,neither,0.03945320844208391,0.33037608806864915,0.630170703489267
abreaction has 773 coins,neither,0.03989735448983053,0.32283777050957063,0.6372648750005988
!wallet,neither,0.03945320844208391,0.33037608806864915,0.630170703489267
unacceptable_conditions has 620 coins,neither,0.03989735448983053,0.32283777050957063,0.6372648750005988
CR will start as soon as they are ready,neither,0.05287128470422634,0.32991947339879074,0.6172092418969828
!wallet,neither,0.03945320844208391,0.33037608806864915,0.630170703489267
Can we do a live countdown in anyway?,neither,0.045633050953464226,0.32629301315362447,0.6280739358929112
soupalot has 2284 coins,neither,0.03989735448983053,0.32283777050957063,0.6372648750005988
!wallet,neither,0.03945320844208391,0.33037608806864915,0.630170703489267
"Link, fill up your hearts, so you can shoot, your sword with poweeerrrrr",neither,0.09591116981164192,0.3860070940279755,0.5180817361603826
g4ryo4k has 608 coins,neither,0.03989735448983053,0.32283777050957063,0.6372648750005988
!wallet,neither,0.03945320844208391,0.33037608806864915,0.630170703489267
PUSH DA BUTTON!,neither,0.07112748572342828,0.44157825933436157,0.4872942549422102
Subscriber Smilyzee : where ish in Maine I'm moveing DownEast,neither,0.041058456643653984,0.30313083672403274,0.6558107066323133
lvlanagment has 2097 coins,neither,0.03989735448983053,0.32283777050957063,0.6372648750005988
"The music stopped, is all.",neither,0.04894477670358088,0.38156561865589406,0.5694896046405251
!wallet,neither,0.03945320844208391,0.33037608806864915,0.630170703489267
stapler12 has 1732 coins,neither,0.03989735448983053,0.32283777050957063,0.6372648750005988
!wallet ?,neither,0.03945320844208391,0.33037608806864915,0.630170703489267
fredmctaker has 934 coins,neither,0.03978108663330774,0.3248111394696886,0.6354077738970038
"BIDET from Austin, Texas",neither,0.04055041785557119,0.31175358083338084,0.6476960013110479
whips out ocarina to play zelda's lullaby,neither,0.040932322681735675,0.3404502944318708,0.6186173828863936
"Hey G&S there's no sound, I don't think anyone has reported this yet",neither,0.039398191745618046,0.3031911967600443,0.6574106114943377
!wallet,neither,0.03945320844208391,0.33037608806864915,0.630170703489267
coastalpredator has 320 coins,neither,0.03989735448983053,0.32283777050957063,0.6372648750005988
Why can't your play Skyrim songs anymore?,neither,0.04925682487329555,0.33348339466199445,0.61725978046471
!wallet,neither,0.03945320844208391,0.33037608806864915,0.630170703489267
zenako2 has 1845 coins,neither,0.03989735448983053,0.32283777050957063,0.6372648750005988
!wallet,neither,0.03945320844208391,0.33037608806864915,0.630170703489267
!wallet,neither,0.03945320844208391,0.33037608806864915,0.630170703489267
always late tisk tisk jk kiss kiss,neither,0.038671445396703426,0.3548260310432527,0.606502523560044
@GeekandSundry thanks for the advice I sang the zelda theme in my head and it made me feel much calmer :},neither,0.024509689234150006,0.34718940027739265,0.6283009104884574
!wallet,neither,0.03945320844208391,0.33037608806864915,0.630170703489267
Can we gag Revlobot? @gaeaca @geekandsundry,neither,0.039583264068168186,0.3281687046758619,0.6322480312559701
@jack_dupp where in Ontario are you Bideting from?,neither,0.09291615668814508,0.27957615666482405,0.6275076866470308
"@OldGuyBeeye, You didnt miss anything, it was all post-battle decompression antics, and some shopping.",neither,0.038102761683398136,0.38151448332543725,0.5803827549911647
Ashley? gandsAJinSpace gandsAJinSpace gandsAJinSpace gandsAJinSpace gandsAJinSpace,neither,0.03945320844208391,0.33037608806864915,0.630170703489267
drowbard has 4875 coins,neither,0.03989735448983053,0.32283777050957063,0.6372648750005988
mario1144 has 3701 coins,neither,0.03989735448983053,0.32283777050957063,0.6372648750005988
PIKE!!!,neither,0.03945320844208391,0.33037608806864915,0.630170703489267
!wallet,neither,0.03945320844208391,0.33037608806864915,0.630170703489267
Bidet from Indiana!,neither,0.0408364874901429,0.30689823255244486,0.6522652799574122
running late today!,neither,0.03796325282790236,0.30743841290691176,0.6545983342651859
lasersoup has 1394 coins,neither,0.03989735448983053,0.32283777050957063,0.6372648750005988
!wallet,neither,0.03945320844208391,0.33037608806864915,0.630170703489267
#GoTRINKETGo,neither,0.03945320844208391,0.33037608806864915,0.630170703489267
trfessler has 1242 coins,neither,0.03989735448983053,0.32283777050957063,0.6372648750005988
Spice?,neither,0.03945320844208391,0.33037608806864915,0.630170703489267
jedijane26 has 1063 coins,neither,0.03989735448983053,0.32283777050957063,0.6372648750005988
let out the MONSTAAAA,neither,0.013520448632382285,0.3815141149041929,0.6049654364634247
"In the morning, we Daxio!",neither,0.04777174379092151,0.13692989205486655,0.815298364154212
!wallet,neither,0.03945320844208391,0.33037608806864915,0.630170703489267
ebrithil726 has 1194 coins,neither,0.03989735448983053,0.32283777050957063,0.6372648750005988
!walley,neither,0.03945320844208391,0.33037608806864915,0.630170703489267
I pull out my triple stacker bbq beef bacon & cheese and i ..burger burger burger,neither,0.0333010600306914,0.3525055217618428,0.6141934182074656
hello fellow critters,neither,0.03945320844208391,0.33037608806864915,0.630170703489267
!wallet,neither,0.03945320844208391,0.33037608806864915,0.630170703489267
!wallet,neither,0.03945320844208391,0.33037608806864915,0.630170703489267
edello has 545 coins,neither,0.03989735448983053,0.32283777050957063,0.6372648750005988
!wallet,neither,0.03945320844208391,0.33037608806864915,0.630170703489267
do du la do du la do du do du do dah. do dah doda la do la,neither,0.04146711431715777,0.32968341348934393,0.6288494721934984
How do you want to do this?!,neither,0.0724665425468521,0.3707944698763297,0.5567389875768183
MY BODY IS READY,neither,0.03405984045513004,0.42505863100050806,0.540881528544362
@GeekandSundry any word on how much longer till it starts?,neither,0.03410418855245754,0.34075358267033734,0.625142228777205
thordak needs to die.,neither,0.29984380991212484,0.08782125957527212,0.6123349305126031
be pleased from england,neither,0.04077708518736608,0.31804296553836,0.6411799492742741
!coins,neither,0.03945320844208391,0.33037608806864915,0.630170703489267
"@Zaaroc_, i believe that is about to happen",neither,0.04887802737853307,0.38974549612134574,0.5613764765001213
gandsCrit,neither,0.03945320844208391,0.33037608806864915,0.630170703489267
Ashley HYPE!,neither,0.03945320844208391,0.33037608806864915,0.630170703489267
Bidet is the international Greeting on Critical Role,neither,0.04247172457501101,0.32619167503041685,0.6313366003945721
I cry,neither,0.03945320844208391,0.33037608806864915,0.630170703489267
got some spice ready for this episode *wink* *wink*,neither,0.032108054520538276,0.34400172226937814,0.6238902232100837
Hello everybody,neither,0.03945320844208391,0.33037608806864915,0.630170703489267
Hello darkness my old friend,neither,0.030542896259675757,0.39798472633747956,0.5714723774028446
Watch Ashley not be on. Again.,neither,0.03915317118288312,0.37426240103215697,0.5865844277849599
gandsMatt,neither,0.03945320844208391,0.33037608806864915,0.630170703489267
8008,neither,0.03945320844208391,0.33037608806864915,0.630170703489267
!wallet,neither,0.03945320844208391,0.33037608806864915,0.630170703489267
Bidet from Tamworth Australia!,neither,0.04062582848913359,0.31047366557575606,0.6489005059351104
get hype,neither,0.038748607996866635,0.3423349964846169,0.6189163955185166
!wallet,neither,0.03945320844208391,0.33037608806864915,0.630170703489267
gandsSubHype gandsSubHype gandsSubHype,neither,0.03945320844208391,0.33037608806864915,0.630170703489267
thegatesoflogic has 257 coins,neither,0.03989735448983053,0.32283777050957063,0.6372648750005988
spice?,neither,0.03945320844208391,0.33037608806864915,0.630170703489267
!wallet,neither,0.03945320844208391,0.33037608806864915,0.630170703489267
gandsAJinSpace gandsAJinSpace gandsAJinSpace gandsAJinSpace gandsAJinSpace gandsAJinSpace,neither,0.03945320844208391,0.33037608806864915,0.630170703489267
I bet its Sam delaying things lol :P,neither,0.02826634446588961,0.3801436816592243,0.5915899738748861
Bidet from Chicago!!,neither,0.04078317879478948,0.307803020237201,0.6514138009680096
cooool74 has 1262 coins,neither,0.03989735448983053,0.32283777050957063,0.6372648750005988
Bidget from Fort Daxio!,neither,0.04228451509352876,0.2823214250720796,0.6753940598343917
DO...YOU...SPPPIIICCCEEEE?!,offensive_language,0.10565712907148682,0.4682446482801005,0.42609822264841263
!wallet,neither,0.03945320844208391,0.33037608806864915,0.630170703489267
!wallet,neither,0.03945320844208391,0.33037608806864915,0.630170703489267
gandsSubHype gandsSubHype gandsSubHype gandsSubHype gandsSubHype gandsSubHype gandsSCANLAN gandsSCANLAN,neither,0.03945320844208391,0.33037608806864915,0.630170703489267
bidet!,neither,0.03945320844208391,0.33037608806864915,0.630170703489267
gandsCrit gandsCrit gandsCrit gandsCrit gandsCrit gandsCrit gandsCrit gandsCrit gandsCrit gandsFail gandsFail gandsFail gandsFail gandsFail gandsFail gandsFail gandsFail gandsFail,neither,0.03945320844208391,0.33037608806864915,0.630170703489267
vendeta44 has 992 coins,neither,0.03989735448983053,0.32283777050957063,0.6372648750005988
!wallet,neither,0.03945320844208391,0.33037608806864915,0.630170703489267
lesintouchables has 1498 coins,neither,0.03989735448983053,0.32283777050957063,0.6372648750005988
itsdopi has 1493 coins,neither,0.03989735448983053,0.32283777050957063,0.6372648750005988
Bidet!!\,neither,0.03945320844208391,0.33037608806864915,0.630170703489267
!wallet,neither,0.03945320844208391,0.33037608806864915,0.630170703489267
!wallet,neither,0.03945320844208391,0.33037608806864915,0.630170703489267
gandsSubHype,neither,0.03945320844208391,0.33037608806864915,0.630170703489267
azabriel has 1635 coins,neither,0.03989735448983053,0.32283777050957063,0.6372648750005988
"Evening chat. Bidet from Fort Smith, Arkansas. :D",neither,0.04016438856970791,0.31830550527063667,0.6415301061596554
luckydaydreamer has 1547 coins,neither,0.03989735448983053,0.32283777050957063,0.6372648750005988
@geekandsundry should i have tea or coffee?,neither,0.06324020396276282,0.21350881919842474,0.7232509768388123
darksmurf67 has 975 coins,neither,0.03989735448983053,0.32283777050957063,0.6372648750005988
Logan from Arizona,neither,0.04037735807595538,0.31469085694349574,0.6449317849805489
!wallet,neither,0.03945320844208391,0.33037608806864915,0.630170703489267
bob_says_hello has 9027 coins,neither,0.03989735448983053,0.32283777050957063,0.6372648750005988
mick4state has 1428 coins,neither,0.03989735448983053,0.32283777050957063,0.6372648750005988
GOING LIVE IN A FEW SECONDS WE'RE LOCKING THINGS DOWN AND FINDING THE DRAGONS!,neither,0.049762043700796045,0.2998988015818915,0.6503391547173124
gandsRage gandsRage gandsRage gandsRage gandsRage gandsRage gandsRage gandsRage gandsRage,neither,0.03945320844208391,0.33037608806864915,0.630170703489267
!wallet,neither,0.03945320844208391,0.33037608806864915,0.630170703489267
What do you use the coins for?,neither,0.021143340794003766,0.40434188963047174,0.5745147695755245
winter0222 has 1667 coins,neither,0.03989735448983053,0.32283777050957063,0.6372648750005988
!wallet,neither,0.03945320844208391,0.33037608806864915,0.630170703489267
Go Grog rage!!!,neither,0.040843730837388084,0.3352036459309789,0.6239526232316331
well that's a weird bug... I was hearing cobalstreak while on this stream?,neither,0.035414150517907916,0.3652286747323728,0.5993571747497193
@jt_jag That means their about to start.,neither,0.04030494223415557,0.39337552826856564,0.5663195294972787
spice,neither,0.03945320844208391,0.33037608806864915,0.630170703489267
sauvrag has 1579 coins,neither,0.03989735448983053,0.32283777050957063,0.6372648750005988
"if we have Pike, do Cinder King tonight!",neither,0.02280679423860342,0.36782499541540453,0.6093682103459921
!wallet,neither,0.03945320844208391,0.33037608806864915,0.630170703489267
!waller,neither,0.03945320844208391,0.33037608806864915,0.630170703489267
gandsSubHype gandsSubHype gandsSubHype gandsSubHype,neither,0.03945320844208391,0.33037608806864915,0.630170703489267
!nightwallet,neither,0.03945320844208391,0.33037608806864915,0.630170703489267
Bidet from Boston,neither,0.040769555981420263,0.3080342349327864,0.6511962090857933
@MindfulWrath WOOT! Represent!,neither,0.03945320844208391,0.33037608806864915,0.630170703489267
gandsSubHype gandsSubHype gandsSubHype gandsSubHype,neither,0.03945320844208391,0.33037608806864915,0.630170703489267
!wallet,neither,0.03945320844208391,0.33037608806864915,0.630170703489267
fracking gnomes....always late,neither,0.03709179292139458,0.40393610261906987,0.5589721044595356
raelmic has 1369 coins,neither,0.03989735448983053,0.32283777050957063,0.6372648750005988
hellkite_imp has 4852 coins,neither,0.03989735448983053,0.32283777050957063,0.6372648750005988
!wallet,neither,0.03945320844208391,0.33037608806864915,0.630170703489267
!wallet,neither,0.03945320844208391,0.33037608806864915,0.630170703489267
!whodat,neither,0.03945320844208391,0.33037608806864915,0.630170703489267
"Matt (twitter.com/matthewmercer ), Liam (twitter.com/VoiceOfOBrien ), Laura (twitter.com/LauraBaileyVO ), Travis (twitter.com/WillingBlam ), Taliesin (twitter.com/executivegoth ), Marisha (twitter.com/Marisha_Ray ), Ashley (twitter.com/TheVulcanSalute ), and Sam (twitter.com/samriegel )",neither,0.038497284057339126,0.4631245699676006,0.49837814597506036
gandsSubHype gandsSubHype gandsSubHype gandsSubHype,neither,0.03945320844208391,0.33037608806864915,0.630170703489267
!wallet,neither,0.03945320844208391,0.33037608806864915,0.630170703489267
lambdalegend has 154 coins,neither,0.03989735448983053,0.32283777050957063,0.6372648750005988
Silence is golden... except in this case,neither,0.04499589830084559,0.3295538980201838,0.6254502036789704
PogChamp,neither,0.03945320844208391,0.33037608806864915,0.630170703489267
got spice?,neither,0.03788125797547795,0.3870089263451547,0.5751098156793674
Hello!,neither,0.03945320844208391,0.33037608806864915,0.630170703489267
!wallet,neither,0.03945320844208391,0.33037608806864915,0.630170703489267
Notice the sheep pasture where the builder is on the picture? Already boosted.,neither,0.041416704100997195,0.29884151408514437,0.6597417818138586
dobby104 has 937 coins,neither,0.03989735448983053,0.32283777050957063,0.6372648750005988
cgoodhand1 has 1448 coins,neither,0.03989735448983053,0.32283777050957063,0.6372648750005988
BIDET!,neither,0.03945320844208391,0.33037608806864915,0.630170703489267
According to twitter Ashley is here,neither,0.0952436219606536,0.3801185781280084,0.524637799911338
!wallet,neither,0.03945320844208391,0.33037608806864915,0.630170703489267
gandsTrinket gandsTrinket,neither,0.03945320844208391,0.33037608806864915,0.630170703489267
Be pleased Spice BrotherHood gandsSCANLAN gandsSCANLAN gandsSCANLAN,neither,0.03978461916932069,0.3331512788308707,0.6270641019998087
megawar_98 has 1992 coins,neither,0.03989735448983053,0.32283777050957063,0.6372648750005988
Hey guys!!!,neither,0.03929207127355727,0.33311100635304525,0.6275969223733975
can we turn off revlobot maybe,neither,0.03957877266343163,0.3282449355358736,0.6321762918006949
gandsSubHype gandsSubHype gandsSubHype,neither,0.03945320844208391,0.33037608806864915,0.630170703489267
!wallet,neither,0.03945320844208391,0.33037608806864915,0.630170703489267
daedalus051 has 1022 coins,neither,0.03989735448983053,0.32283777050957063,0.6372648750005988
did sam get into the spice?,neither,0.03832796753180762,0.3243541605790951,0.6373178718890973
!wallet,neither,0.03945320844208391,0.33037608806864915,0.630170703489267
spice?,neither,0.03945320844208391,0.33037608806864915,0.630170703489267
Hello,neither,0.03945320844208391,0.33037608806864915,0.630170703489267
ASK LARKIN WHERE THE DRAGONS ARE,neither,0.06423015844948933,0.24640458720408992,0.6893652543464207
"London UK Critter asking ""Is it Thursday yet?"" ""Yes its' friday...""",neither,0.03927437318048993,0.33043759771571,0.6302880291038001
This excitement is almost physically painful,neither,0.04462809605590361,0.32961273040946887,0.6257591735346274
get yer spice on,neither,0.036495316554898946,0.3502416082639859,0.6132630751811151
Ashley is confirmed to be here tonight!,neither,0.0881324203847416,0.2821196444193001,0.6297479351959583
gandsSubHype gandsSubHype gandsSubHype gandsSubHype gandsSubHype,neither,0.03945320844208391,0.33037608806864915,0.630170703489267
finding dragons? PogChamp,neither,0.03945320844208391,0.33037608806864915,0.630170703489267
Let's get started in here!!,neither,0.059449063217387146,0.336576286597039,0.603974650185574
spaz31 has 484 coins,neither,0.03989735448983053,0.32283777050957063,0.6372648750005988
!wallet,neither,0.03945320844208391,0.33037608806864915,0.630170703489267
!wallet,neither,0.03945320844208391,0.33037608806864915,0.630170703489267
IT'S THURSDAY!!!!!,neither,0.03752336384949593,0.3310398501182267,0.6314367860322773
gandsSubHype gandsSubHype,neither,0.03945320844208391,0.33037608806864915,0.630170703489267
!wallet,neither,0.03945320844208391,0.33037608806864915,0.630170703489267
acercade has 1634 coins,neither,0.03989735448983053,0.32283777050957063,0.6372648750005988
Hype!,neither,0.03945320844208391,0.33037608806864915,0.630170703489267
IF YOU WANT TO SEE YOUR WALLET SCROLL DOWN AND CLICK THE LINK PLEASE,neither,0.053964273184435266,0.34323495243018265,0.6028007743853822
!wallet,neither,0.03945320844208391,0.33037608806864915,0.630170703489267
horay,neither,0.03945320844208391,0.33037608806864915,0.630170703489267
gandsAJinSpace gandsLessthanthree gandsAJinSpace gandsLessthanthree gandsAJinSpace gandsLessthanthree,neither,0.03945320844208391,0.33037608806864915,0.630170703489267
"@manwich32 it was a joke, as they repeated there was no sound 50 times",neither,0.03661454712844369,0.336724563213719,0.6266608896578374
Hyyyype,neither,0.03945320844208391,0.33037608806864915,0.630170703489267
ww,neither,0.03945320844208391,0.33037608806864915,0.630170703489267
Coins are used for making Thordak stronger,neither,0.051787255806557644,0.26876631232169,0.6794464318717524
Bidet!,neither,0.03945320844208391,0.33037608806864915,0.630170703489267
DRAGONS!!! oops!!,neither,0.03945320844208391,0.33037608806864915,0.630170703489267
Bidet from Osaka! No work today so I can tune in~ yay,neither,0.03866617314553686,0.33876076649042636,0.6225730603640368
waffleb051 has 995 coins,neither,0.03989735448983053,0.32283777050957063,0.6372648750005988
navorag has 652 coins,neither,0.03989735448983053,0.32283777050957063,0.6372648750005988
thehunterhunting has 1484 coins,neither,0.03989735448983053,0.32283777050957063,0.6372648750005988
Beep beep,neither,0.03945320844208391,0.33037608806864915,0.630170703489267
!wallet,neither,0.03945320844208391,0.33037608806864915,0.630170703489267
gandsUshnux gandsUshnux gandsUshnux,neither,0.03945320844208391,0.33037608806864915,0.630170703489267
supergimpoman has 1521 coins,neither,0.03989735448983053,0.32283777050957063,0.6372648750005988
Do they still do critmas?,neither,0.04170769123035129,0.34622356689567757,0.6120687418739711
Go Cubs!,neither,0.040870718720491604,0.33529760941023345,0.6238316718692749
I'm panicking! It is 7:08 and no Critical Role,neither,0.0422785112799813,0.31315506356714623,0.6445664251528724
Hey chat. Joining you til the first break. Stoopid doctor's appointments during Crit Roll. The rest of the world is so inconvenient.,neither,0.044554733878300785,0.34597281690896886,0.6094724492127304
!wallet,neither,0.03945320844208391,0.33037608806864915,0.630170703489267
!wallet,neither,0.03945320844208391,0.33037608806864915,0.630170703489267
Bidet from Toronto!,neither,0.04066490145509902,0.30981049537100724,0.6495246031738937
gandsDrink gandsDrink gandsDrink gandsDrink gandsDrink gandsDrink gandsDrink,neither,0.03945320844208391,0.33037608806864915,0.630170703489267
But we cant find LArkin!,neither,0.04007755269150111,0.23605437202783297,0.7238680752806659
!wallet,neither,0.03945320844208391,0.33037608806864915,0.630170703489267
is it bad that i'm sitting here with a bag of full size candy bars left over from halloween to watch this?,neither,0.07060497493909867,0.31302788082167154,0.6163671442392299
Come on!,neither,0.031465329865955356,0.4061586881471455,0.562375981986899
PogChamp,neither,0.03945320844208391,0.33037608806864915,0.630170703489267
Wheres Larkin?,neither,0.03945320844208391,0.33037608806864915,0.630170703489267
God where will this story go tonight. Pretty sure mercers gonna advance the story more than last week,neither,0.0371367091798174,0.37188991207346506,0.5909733787467175
bidet from Washington STATE,neither,0.07569869260918143,0.20816383471815325,0.7161374726726654
no s,neither,0.036918905254960256,0.37338982715841207,0.5896912675866277
gandsSubHype,neither,0.03945320844208391,0.33037608806864915,0.630170703489267
WOOOOO!!!!!!!!!!!,neither,0.03945320844208391,0.33037608806864915,0.630170703489267
!wallet,neither,0.03945320844208391,0.33037608806864915,0.630170703489267
woooo,neither,0.03945320844208391,0.33037608806864915,0.630170703489267
Wasssaappp,neither,0.03945320844208391,0.33037608806864915,0.630170703489267
yay,neither,0.03945320844208391,0.33037608806864915,0.630170703489267
!wallet,neither,0.03945320844208391,0.33037608806864915,0.630170703489267
HELLO MATT! First time watching live!,neither,0.036369130860180364,0.3453655298017331,0.6182653393380866
gandsSubHype gandsSubHype gandsSubHype gandsSubHype gandsSubHype gandsSubHype gandsSubHype,neither,0.03945320844208391,0.33037608806864915,0.630170703489267
yessssssssssssssss,neither,0.03945320844208391,0.33037608806864915,0.630170703489267
gandsSCANLAN gandsSCANLAN gandsSCANLAN gandsSCANLAN gandsSCANLAN gandsSCANLAN gandsSCANLAN gandsSCANLAN gandsSCANLAN gandsSCANLAN gandsSCANLAN,neither,0.03945320844208391,0.33037608806864915,0.630170703489267
Bidet!,neither,0.03945320844208391,0.33037608806864915,0.630170703489267
!wallet,neither,0.03945320844208391,0.33037608806864915,0.630170703489267
gandsFail gandsFail gandsFail,neither,0.03945320844208391,0.33037608806864915,0.630170703489267
GREETINGS,neither,0.03945320844208391,0.33037608806864915,0.630170703489267
"Hi, Matt.",neither,0.03945320844208391,0.33037608806864915,0.630170703489267
!wallet,neither,0.03945320844208391,0.33037608806864915,0.630170703489267
yessss,neither,0.03945320844208391,0.33037608806864915,0.630170703489267
#IsItFridayYet,neither,0.03945320844208391,0.33037608806864915,0.630170703489267
"Bidet, Beep Beep, Be pleased from London England :)",neither,0.04055213636524158,0.3201131846400915,0.6393346789946671
gandsCrit gandsCrit gandsCrit,neither,0.03945320844208391,0.33037608806864915,0.630170703489267
@geekandsundry Where is the dragon wrangler?!,neither,0.050287968114179855,0.27307364254677546,0.6766383893390447
Guys what ever happened to Larkin?,neither,0.052384319494862705,0.3241620649154109,0.6234536155897263
WE'RE GONNA DIE,neither,0.30858814185508954,0.11437628318612615,0.5770355749587844
Shenanangins!!!!!!,neither,0.03945320844208391,0.33037608806864915,0.630170703489267
psst.. spice...,neither,0.03945320844208391,0.33037608806864915,0.630170703489267
gandsSubHype gandsSubHype gandsSubHype gandsSubHype gandsSubHype,neither,0.03945320844208391,0.33037608806864915,0.630170703489267
Yayyyyy!,neither,0.03945320844208391,0.33037608806864915,0.630170703489267
Oh Hello!!!,neither,0.04616347283623516,0.2671141167429414,0.6867224104208235
YAYYY,neither,0.03945320844208391,0.33037608806864915,0.630170703489267
gandsDrink gandsDrink gandsDrink gandsDrink,neither,0.03945320844208391,0.33037608806864915,0.630170703489267
Yep @Visroth pretty much,neither,0.03536745977241961,0.33178136439061373,0.6328511758369667
WOOOHOOOOOO,neither,0.03945320844208391,0.33037608806864915,0.630170703489267
WOOO,neither,0.03945320844208391,0.33037608806864915,0.630170703489267
Beep beep from Massachusetts,neither,0.04069404815304118,0.30931579984010865,0.6499901520068502
Yo,offensive_language,0.04010381111145228,0.5271105317972344,0.4327856570913131
gandsCrit gandsCrit gandsCrit,neither,0.03945320844208391,0.33037608806864915,0.630170703489267
LETS GOOOOOOOOOOO,neither,0.0381375099945381,0.3527069244228318,0.6091555655826302
NOICE,neither,0.03945320844208391,0.33037608806864915,0.630170703489267
Hooray!!!,neither,0.03945320844208391,0.33037608806864915,0.630170703489267
Bidet you beautiful people and a shout out to all the ugly ones as well :-),neither,0.18100957693797293,0.25046748752084835,0.5685229355411787
spice up,neither,0.036246535815807876,0.39621201326739247,0.5675414509167998
yeeeeeee,neither,0.03945320844208391,0.33037608806864915,0.630170703489267
yaay,neither,0.03945320844208391,0.33037608806864915,0.630170703489267
Yeah!!!!!,offensive_language,0.013968601452186464,0.5182923869769311,0.4677390115708824
gandsSubHype gandsSubHype gandsSubHype gandsSubHype gandsSubHype gandsSubHype gandsSubHype gandsSubHype gandsSubHype gandsSubHype gandsSubHype,neither,0.03945320844208391,0.33037608806864915,0.630170703489267
IT BEGINS!,neither,0.037828236809968684,0.3309349903269868,0.6312367728630445
ON TIME START?,neither,0.03393482302215144,0.377271014186284,0.5887941627915647
!wallet,neither,0.03945320844208391,0.33037608806864915,0.630170703489267
yeah,offensive_language,0.013968601452186464,0.5182923869769311,0.4677390115708824
gandsSubHype gandsSubHype gandsSubHype gandsSubHype gandsSubHype gandsSubHype gandsSubHype gandsSubHype gandsSubHype gandsCrit gandsCrit gandsCrit gandsCrit gandsCrit gandsCrit gandsCrit gandsCrit,neither,0.03945320844208391,0.33037608806864915,0.630170703489267
Hi,neither,0.03945320844208391,0.33037608806864915,0.630170703489267
FeelsAmazingMan,neither,0.03945320844208391,0.33037608806864915,0.630170703489267
YEAH PogChamp,offensive_language,0.013968601452186464,0.5182923869769311,0.4677390115708824
Woot!,neither,0.03945320844208391,0.33037608806864915,0.630170703489267
gandsCrit gandsCrit gandsCrit gandsCrit,neither,0.03945320844208391,0.33037608806864915,0.630170703489267
gandsSCANLAN,neither,0.03945320844208391,0.33037608806864915,0.630170703489267
gandsFail gandsFail gandsFail gandsFail gandsFail gandsFail gandsFail gandsFail,neither,0.03945320844208391,0.33037608806864915,0.630170703489267
woot!,neither,0.03945320844208391,0.33037608806864915,0.630170703489267
Nobody did anything?!,neither,0.03172606118595925,0.4830537885726389,0.48522015024140175
bidet from Columbus Ohio,neither,0.040417606421261354,0.3140077374838422,0.6455746560948964
gandsSubHype gandsSubHype gandsSubHype gandsSubHype gandsSubHype gandsSubHype,neither,0.03945320844208391,0.33037608806864915,0.630170703489267
gandsSubHype gandsSubHype gandsSubHype gandsSubHype gandsSubHype gandsSubHype gandsSubHype gandsSubHype gandsSubHype gandsSubHype gandsSubHype gandsSubHype gandsSubHype gandsSubHype gandsSubHype gandsSubHype gandsSubHype gandsSubHype gandsSubHype gandsSubHype gandsSubHype gandsSubHype gandsSubHype gandsSubHype gandsSubHype gandsSubHype gandsSubHype gandsSubHype gandsSubHype,neither,0.03945320844208391,0.33037608806864915,0.630170703489267
gandsSubHype gandsSubHype gandsSubHype gandsSubHype gandsSubHype gandsSubHype gandsSubHype gandsSubHype gandsSubHype gandsSubHype gandsSubHype gandsSubHype gandsSubHype,neither,0.03945320844208391,0.33037608806864915,0.630170703489267
Wow- they're starting pretty early tonight,neither,0.0516725340727143,0.27328072513392715,0.6750467407933586
yes... you defenitely want to lock down those ladders... last thing you want is for a ladder to fall out while finding the dragons.,neither,0.07720706159075767,0.3094713894974698,0.6133215489117724
gandsSubHype gandsSubHype gandsSubHype gandsSubHype gandsSubHype gandsSubHype gandsSubHype,neither,0.03945320844208391,0.33037608806864915,0.630170703489267
YES,neither,0.03945320844208391,0.33037608806864915,0.630170703489267
gandsSubHype gandsSubHype gandsSubHype,neither,0.03945320844208391,0.33037608806864915,0.630170703489267
hello,neither,0.03945320844208391,0.33037608806864915,0.630170703489267
its happening *warm hugs yall*,neither,0.03418202489506765,0.34935773383309965,0.6164602412718327
Yaaaaaaaay,neither,0.03945320844208391,0.33037608806864915,0.630170703489267
I just gave the strangest squeek,neither,0.03185295919191489,0.33769616566151567,0.6304508751465693
YAS QUEEN,neither,0.03945320844208391,0.33037608806864915,0.630170703489267
gandsClassic gandsClassic gandsClassic gandsClassic gandsClassic gandsClassic gandsClassic gandsClassic gandsClassic gandsClassic gandsClassic gandsClassic gandsClassic,neither,0.03945320844208391,0.33037608806864915,0.630170703489267
Here we gooooo,neither,0.09154844660801302,0.2919375864367539,0.6165139669552331
Matt's hair grows fast,neither,0.03945320844208391,0.33037608806864915,0.630170703489267
gandsFail,neither,0.03945320844208391,0.33037608806864915,0.630170703489267
NOBODY DID ANYTHING!,neither,0.03172606118595925,0.4830537885726389,0.48522015024140175
Noooooooooooooooooooooooo!,neither,0.03945320844208391,0.33037608806864915,0.630170703489267
gandsDrink,neither,0.03945320844208391,0.33037608806864915,0.630170703489267
@ChaoticIntake Welcome!,neither,0.03945320844208391,0.33037608806864915,0.630170703489267
Do what now?!,neither,0.05153570816051752,0.32290856788974115,0.6255557239497413
gandsSubHype gandsSubHype gandsSubHype gandsSubHype gandsSubHype gandsSubHype gandsSubHype gandsSubHype gandsSubHype,neither,0.03945320844208391,0.33037608806864915,0.630170703489267
gandsSubHype gandsSubHype gandsSubHype gandsSubHype gandsSubHype gandsSubHype gandsSubHype gandsSubHype gandsSubHype gandsSubHype,neither,0.03945320844208391,0.33037608806864915,0.630170703489267
gandsSubHype gandsSubHype gandsSubHype gandsSubHype,neither,0.03945320844208391,0.33037608806864915,0.630170703489267
"do it now, quick",neither,0.03940348653801545,0.3303931897114862,0.6302033237504985
yay,neither,0.03945320844208391,0.33037608806864915,0.630170703489267
It's the Mercer,neither,0.03324079787543189,0.28729122359747633,0.6794679785270917
WOOOHOOOOOOO!!!!!!,neither,0.03945320844208391,0.33037608806864915,0.630170703489267
YESSSSSSSS!! I'm so happy,neither,0.039411241327623095,0.3756196686157012,0.5849690900566757
!wallet,neither,0.03945320844208391,0.33037608806864915,0.630170703489267
gandsSubHype gandsSubHype gandsSubHype gandsSubHype gandsSubHype gandsSubHype gandsSubHype gandsSubHype gandsSubHype gandsSubHype gandsSubHype gandsSubHype gandsSubHype gandsSubHype,neither,0.03945320844208391,0.33037608806864915,0.630170703489267
SILENCE ! ITS STARTS,neither,0.03384821057577412,0.3323039038554274,0.6338478855687985
gandsMatt gandsMatt gandsMatt gandsMatt gandsMatt,neither,0.03945320844208391,0.33037608806864915,0.630170703489267
YAY!!!!,neither,0.03945320844208391,0.33037608806864915,0.630170703489267
hyyyyyyyyyppppppppeeeeeeeeeeee,neither,0.03945320844208391,0.33037608806864915,0.630170703489267
AND WE BEGIN,neither,0.0384052246429667,0.28792765754222,0.6736671178148133
I already miss victor costume,neither,0.03333514787952387,0.3463878319448493,0.6202770201756269
going full screen,neither,0.05844111360378589,0.35168747891086405,0.5898714074853499
"may serenray's light shine on me, when the raven queens handes grappel my mortal soul!!!!",neither,0.025196093787878043,0.4030994542329688,0.5717044519791532
non sub chat twitch.tv/cirttersdnd,neither,0.03945320844208391,0.33037608806864915,0.630170703489267
gandsFail gandsFail gandsFail gandsFail gandsFail gandsFail gandsFail gandsFail,neither,0.03945320844208391,0.33037608806864915,0.630170703489267
